Year Range,Year (30y start),Month,Pr (mm),Tasmax (degC),Tasmin (degC),Tave (degC)
1950-1979,1950,1,129.52049384148444,5.354285493333333,-6.127022866666667,-0.3863686798
1950-1979,1950,2,150.83708002270305,6.7359688066666665,-5.199779456666667,0.7680946896666667
1950-1979,1950,3,122.58183100338834,8.935848963333333,-4.16590009,2.3849744863333333
1950-1979,1950,4,73.10416817938516,13.15519145,-1.9756217963333333,5.589784873333333
1950-1979,1950,5,44.063529521027945,18.602237483333333,1.6098091626666666,10.106023323333334
1950-1979,1950,6,28.22159639281164,23.794125233333332,5.509941476666667,14.652033249999999
1950-1979,1950,7,7.670641470938283,28.889970533333333,8.571994056666666,18.730982133333335
1950-1979,1950,8,9.370106767205511,28.1725383,7.57725827,17.874898366666667
1950-1979,1950,9,22.543547497012323,24.588285766666665,5.065977503333333,14.827131683333333
1950-1979,1950,10,44.6784026253524,17.793917883333332,0.7291229473333334,9.261520416666666
1950-1979,1950,11,118.81783592160552,9.709130316666666,-3.6062273966666667,3.0514514569999998
1950-1979,1950,12,132.9439984995375,5.068955753333333,-6.163095916666666,-0.5470700603333333
1951-1980,1951,1,129.9584392746748,5.167931186666666,-6.2653039999999995,-0.5486864031333333
1951-1980,1951,2,152.76606761818542,6.704846306666667,-5.210164969999999,0.7473406776666667
1951-1980,1951,3,122.18918063442423,9.06257803,-4.073668276666667,2.4944549163333334
1951-1980,1951,4,69.20795052954126,13.295544583333333,-1.8978373863333333,5.698853639999999
1951-1980,1951,5,43.445248141765454,18.580886816666666,1.5920443893333334,10.08646559
1951-1980,1951,6,27.321049325766822,23.73220416666667,5.45796625,14.59508515
1951-1980,1951,7,8.498134680478886,28.8445228,8.560664723333334,18.7025936
1951-1980,1951,8,12.03491407659253,28.061974366666668,7.527776393333332,17.7948755
1951-1980,1951,9,22.86451991258659,24.4079877,4.964741636666667,14.686364716666667
1951-1980,1951,10,44.22853614756462,17.707343883333333,0.660686435,9.184015116666666
1951-1980,1951,11,117.48854822284855,9.70151975,-3.6688432366666666,3.016338263666667
1951-1980,1951,12,132.47779686014826,5.0005696366666665,-6.22776006,-0.6135951923333334
1952-1981,1952,1,133.87482128589764,5.167542403333333,-6.215613483333333,-0.5240355364666667
1952-1981,1952,2,155.45270232160323,6.7184054699999995,-5.121793243333333,0.7983061253333333
1952-1981,1952,3,118.00840391501178,9.102095563333334,-4.044199453333333,2.528948096333333
1952-1981,1952,4,72.01861145321364,13.147976916666666,-1.9251292096666668,5.6114238966666665
1952-1981,1952,5,43.616309270328365,18.628792716666666,1.651745456,10.14026909
1952-1981,1952,6,25.557726631156136,23.891088000000003,5.5030438933333325,14.697065916666666
1952-1981,1952,7,7.853631017927423,28.94174716666667,8.561305753333333,18.751526333333334
1952-1981,1952,8,12.038614792648726,28.149443466666664,7.616127576666667,17.882785633333334
1952-1981,1952,9,22.10557977048246,24.23531823333333,4.858310073333333,14.54681415
1952-1981,1952,10,45.10028877126989,17.67602038333333,0.6519095029333334,9.163964916666666
1952-1981,1952,11,117.63894544246517,9.804379006666666,-3.5601448999999996,3.122117065
1952-1981,1952,12,136.3349935879621,5.053609193333333,-6.15933763,-0.5528642023333333
1953-1982,1953,1,131.49214933265407,5.459832793333334,-5.964735543333333,-0.2524513698
1953-1982,1953,2,149.7972423023958,6.958336493333333,-5.00160314,0.9783666886666667
1953-1982,1953,3,117.39589883906491,9.310831896666667,-3.9166378533333335,2.6970970663333333
1953-1982,1953,4,72.67331155776063,13.177902116666667,-1.9236238543333333,5.62713916
1953-1982,1953,5,41.176425342449,18.76063505,1.7230726406666668,10.241853823333335
1953-1982,1953,6,25.32879621717145,23.858582000000002,5.459428036666667,14.65900495
1953-1982,1953,7,7.8396116928375985,28.9821617,8.578981853333334,18.780571666666667
1953-1982,1953,8,11.991651514506309,28.1560528,7.637587496666667,17.896820233333333
1953-1982,1953,9,23.40556031687925,24.17864893333333,4.8978052,14.538227083333334
1953-1982,1953,10,45.10977261972784,17.66709785,0.6337697896,9.150433816666666
1953-1982,1953,11,117.19265839646161,9.622329706666667,-3.6698396399999997,2.9762450449999998
1953-1982,1953,12,139.9539451160867,5.048409856666667,-6.118440173333334,-0.5350151423333334
1954-1983,1954,1,132.52395680628044,5.586140193333334,-5.7970245233333335,-0.10544216313333331
1954-1983,1954,2,154.20707669615814,7.055371593333334,-4.907626676666666,1.0738724753333335
1954-1983,1954,3,116.24281136289991,9.434757130000001,-3.9146867566666668,2.7600352330000004
1954-1983,1954,4,73.35672496695133,13.167845633333334,-1.8876709933333333,5.64008734
1954-1983,1954,5,40.731411609191284,18.943484650000002,1.8458735973333333,10.394679123333333
1954-1983,1954,6,25.050527871283,23.9787844,5.487586816666666,14.73318555
1954-1983,1954,7,7.785615403876918,29.078372100000003,8.638037386666667,18.858204666666666
1954-1983,1954,8,13.790190512217379,28.115010166666664,7.64823175,17.881621
1954-1983,1954,9,23.58223722338221,23.9996819,4.768680166666667,14.384181049999999
1954-1983,1954,10,45.84987220646669,17.566556416666668,0.5657131827333333,9.066134793333333
1954-1983,1954,11,107.27302507538565,9.723439386666666,-3.6797714766666667,3.021833968333333
1954-1983,1954,12,134.3063734699424,5.026062390000001,-6.241584076666667,-0.6077608322
1955-1984,1955,1,141.62829833250632,5.642812473333334,-5.68972032,-0.02345391646666665
1955-1984,1955,2,152.07763763883025,7.267469346666667,-4.761523803333334,1.2529727936666668
1955-1984,1955,3,122.05506938982279,9.542385183333332,-3.77651958,2.882932843
1955-1984,1955,4,74.8659862789218,13.163451933333334,-1.8724602726666668,5.64549585
1955-1984,1955,5,42.02974095738894,18.81302678333333,1.8076783673333334,10.31035259
1955-1984,1955,6,24.90580482111845,23.948185833333334,5.48292676,14.715556249999999
1955-1984,1955,7,6.820863539505121,28.974734666666667,8.618968286666666,18.796851333333333
1955-1984,1955,8,14.07086296988216,28.06217666666667,7.639651,17.850913866666666
1955-1984,1955,9,27.094973574683824,23.790861099999997,4.680597206666667,14.235729183333332
1955-1984,1955,10,47.885003410477566,17.37795805,0.48581302639999996,8.93188551
1955-1984,1955,11,106.83469792197904,9.723062886666666,-3.6349301699999996,3.0440663716666667
1955-1984,1955,12,139.37350032112792,4.945670969999999,-6.225903746666666,-0.6401163788666667
1956-1985,1956,1,144.78125299467527,5.677106319999999,-5.660857206666666,0.008124559200000008
1956-1985,1956,2,150.16788784600186,7.162126346666667,-4.892905023333333,1.1346106770000002
1956-1985,1956,3,120.37858516016496,9.540350183333334,-3.82280257,2.8587738396666666
1956-1985,1956,4,74.14846287334265,13.236360600000001,-1.8461981459999999,5.695081233333334
1956-1985,1956,5,42.31158153452974,18.85819325,1.8231358406666667,10.340664556666667
1956-1985,1956,6,25.48725644952558,23.965970900000002,5.521597076666667,14.743783916666667
1956-1985,1956,7,6.97564377342998,28.94989466666667,8.58544959,18.767672
1956-1985,1956,8,14.09711209779288,28.047893666666667,7.63001635,17.83895503333333
1956-1985,1956,9,27.341716438778327,23.714228366666664,4.652800573333334,14.183514449999999
1956-1985,1956,10,49.53937605027214,17.176466950000002,0.43148203306666666,8.803974476666667
1956-1985,1956,11,108.63559343779433,9.534748513333334,-3.640524296666667,2.9471121216666663
1956-1985,1956,12,142.42110376496655,4.8734941633333335,-6.2522349466666665,-0.6893703832
1957-1986,1957,1,149.18583731203404,5.637500406666666,-5.626888593333334,0.005305905866666675
1957-1986,1957,2,146.3521528549954,7.27558078,-4.826341613333333,1.2246196036666668
1957-1986,1957,3,123.40060907420903,9.560581116666667,-3.7336258300000003,2.913477679666667
1957-1986,1957,4,72.20023918095718,13.228183666666666,-1.808501816,5.709840933333334
1957-1986,1957,5,41.66990529370733,19.01864135,1.9300498073333332,10.474345576666668
1957-1986,1957,6,25.490740748054638,23.9248227,5.4771405799999995,14.700981583333334
1957-1986,1957,7,7.29819052142746,28.958955133333333,8.656453133333335,18.807704
1957-1986,1957,8,13.157085905754387,28.042448666666665,7.62230775,17.832378233333333
1957-1986,1957,9,26.588999180667326,23.632905400000002,4.616541253333334,14.124723283333333
1957-1986,1957,10,50.56737972385472,17.071620383333332,0.42118187306666666,8.746401109999999
1957-1986,1957,11,112.77411963486891,9.32017568,-3.711033043333333,2.8045713316666667
1957-1986,1957,12,136.55482215751226,4.95861001,-6.210516803333333,-0.6259533832
1958-1987,1958,1,158.403800636802,5.466682895333333,-5.650410926666667,-0.0918640341333333
1958-1987,1958,2,142.09610868997706,7.2720057266666664,-4.894773046666667,1.1886163603333333
1958-1987,1958,3,118.11678334783977,9.55191484,-3.8861371166666667,2.832888896333333
1958-1987,1958,4,69.96936723499388,13.3575709,-1.7695294259999998,5.7940207333333325
1958-1987,1958,5,41.80851980781152,18.989550216666665,1.9677913473333333,10.478670776666666
1958-1987,1958,6,25.755766181276464,23.851763933333334,5.422310846666666,14.637037383333334
1958-1987,1958,7,6.7358303700845035,29.152014666666666,8.790548833333332,18.971281666666666
1958-1987,1958,8,13.03427311367834,28.114317200000002,7.72863527,17.921476266666666
1958-1987,1958,9,26.621494734187948,23.73462346666667,4.72746753,14.23104545
1958-1987,1958,10,54.279444784630265,17.157632783333334,0.5803515109333334,8.868992143333333
1958-1987,1958,11,112.74113308055617,9.246356313333333,-3.7729963166666662,2.7366800049999997
1958-1987,1958,12,139.5310927554763,4.90036456,-6.24036359,-0.6699994932000001
1959-1988,1959,1,157.3606115075986,5.425510908666666,-5.720778139999999,-0.1476336341333333
1959-1988,1959,2,133.84639474980162,7.353328446666667,-4.93530217,1.2090131571666667
1959-1988,1959,3,113.63917912325714,9.675992573333334,-3.8677320633333334,2.9041302863333334
1959-1988,1959,4,70.83796110733455,13.413461933333334,-1.6962874793333333,5.858587223333333
1959-1988,1959,5,41.105443399117014,19.00063745,2.029866224,10.51525181
1959-1988,1959,6,25.663005008714833,23.816993500000002,5.4679507166666665,14.64247215
1959-1988,1959,7,7.552730820154795,29.0667874,8.782676666666667,18.924731933333337
1959-1988,1959,8,13.496286984766616,27.930610100000003,7.633274003333333,17.781942066666666
1959-1988,1959,9,26.69983427101972,23.828835466666664,4.81249494,14.320665183333334
1959-1988,1959,10,53.90563181600476,17.196579816666667,0.6412059342666667,8.918892876666666
1959-1988,1959,11,113.2029510887097,9.109961879999998,-3.83736134,2.636300271666667
1959-1988,1959,12,140.59317022133501,4.84449968,-6.262156256666667,-0.7088282628666666
1960-1989,1960,1,157.72858713722692,5.361342492,-5.81457014,-0.2266138508
1960-1989,1960,2,132.04612523203264,7.36306143,-4.906700853333334,1.2281803023333333
1960-1989,1960,3,116.74639131577364,9.397430640000001,-4.033678853333333,2.6818759096666667
1960-1989,1960,4,70.6755552296868,13.349836066666667,-1.7122270793333334,5.818804490000001
1960-1989,1960,5,41.27927856481188,19.037510750000003,2.077193024,10.557351876666667
1960-1989,1960,6,23.907094541013173,23.766952933333336,5.464418083333333,14.615685516666668
1960-1989,1960,7,8.092605752613155,28.927598,8.718411766666666,18.823004766666667
1960-1989,1960,8,14.110059315306199,27.969820733333332,7.685259869999999,17.82754033333333
1960-1989,1960,9,26.65932880290824,23.7373002,4.781970970000001,14.259635616666666
1960-1989,1960,10,55.50245738967461,17.205337233333335,0.6362627809333333,8.920799996666666
1960-1989,1960,11,113.87344440118825,9.062618346666666,-3.8962004766666665,2.583208941666667
1960-1989,1960,12,148.926722018778,4.899283463333333,-6.152170626666666,-0.6264435568666666
1961-1990,1961,1,155.9820845218248,5.573868652,-5.671813963333333,-0.04897268079999999
1961-1990,1961,2,130.670625212248,7.52188223,-4.751917723333333,1.3849822656666668
1961-1990,1961,3,114.01857395645179,9.566685106666666,-3.9874062166666664,2.789639453
1961-1990,1961,4,71.52334896633442,13.344968099999999,-1.7169925126666667,5.81398779
1961-1990,1961,5,41.87715342365413,19.177245550000002,2.1935716773333334,10.685408576666667
1961-1990,1961,6,24.77521897907336,23.65353886666667,5.383749206666667,14.518644083333333
1961-1990,1961,7,7.8190780597082625,29.081133766666667,8.817481246666667,18.949307433333335
1961-1990,1961,8,14.10450468545676,28.0144834,7.742005303333333,17.878244333333335
1961-1990,1961,9,26.579452366491115,23.542433133333336,4.66547917,14.103956183333333
1961-1990,1961,10,54.27527711273307,17.185260133333333,0.5663014522666666,8.875780796666668
1961-1990,1961,11,115.97152715765688,8.94412638,-3.9046432766666666,2.5197415583333336
1961-1990,1961,12,148.98147727061598,5.0069209033333335,-6.073086493333333,-0.5330827668666667
1962-1991,1962,1,158.53737060252755,5.684950832,-5.545147296666667,0.06990174586666668
1962-1991,1962,2,130.88840179062802,7.71115231,-4.542545473333333,1.584303419
1962-1991,1962,3,113.31805823582785,9.700013906666667,-3.9305290166666667,2.8847424476666665
1962-1991,1962,4,69.8405425995369,13.472196433333332,-1.6451628826666667,5.9135167766666665
1962-1991,1962,5,44.79985257962332,19.055236116666666,2.162439381,10.608837726666668
1962-1991,1962,6,25.483697686773198,23.705315366666664,5.45062574,14.577970616666667
1962-1991,1962,7,7.379788924571771,29.110852233333333,8.86051218,18.985682100000002
1962-1991,1962,8,13.678562276626264,28.045742,7.775809136666667,17.910775566666665
1962-1991,1962,9,26.079400332659585,23.639874666666667,4.74237235,14.191123516666666
1962-1991,1962,10,53.143641241517365,17.473399166666663,0.7456835122666666,9.10954133
1962-1991,1962,11,114.63768256794852,8.962125313333333,-3.9371837766666666,2.512470776333333
1962-1991,1962,12,151.52709706648568,5.004804786666667,-6.136981526666667,-0.5660883402
1963-1992,1963,1,164.8759402989759,5.677414135333334,-5.5012204166666665,0.0880968358666667
1963-1992,1963,2,130.50928439032563,7.646165553333334,-4.593569066666666,1.5262982456666667
1963-1992,1963,3,114.99146344129014,9.503118893333333,-3.98389663,2.7596111176666667
1963-1992,1963,4,70.44101532351971,13.3075783,-1.7751309853333335,5.766223666666666
1963-1992,1963,5,44.5692474734293,19.00546758333333,2.1335571075999997,10.569512316666668
1963-1992,1963,6,25.341398776536984,23.562233900000003,5.376759483333333,14.46949675
1963-1992,1963,7,7.399227880099878,29.087014466666666,8.86120378,18.974109033333335
1963-1992,1963,8,13.512571349275543,28.105722266666664,7.871336836666667,17.988529500000002
1963-1992,1963,9,24.668488912207906,23.689090866666668,4.82443384,14.25676235
1963-1992,1963,10,51.8259006960355,17.653483133333335,0.8509946122666666,9.252238883333332
1963-1992,1963,11,113.29256549061022,8.910221680000001,-3.991989993333333,2.4591158563333333
1963-1992,1963,12,149.8993057577327,5.169724543333333,-6.003562713333333,-0.4169190535333333
1964-1993,1964,1,158.26229072247855,5.823804515333333,-5.502995173333333,0.16040465253333336
1964-1993,1964,2,122.87069828636763,7.855149203333334,-4.43368372,1.7107327490000002
1964-1993,1964,3,115.69226104612554,9.612727776666667,-3.8966257866666667,2.8580509876666667
1964-1993,1964,4,69.45190005922663,13.508494233333332,-1.604505417,5.9519944166666665
1964-1993,1964,5,43.2337071058658,18.8773424,2.0377092142666666,10.457525783333333
1964-1993,1964,6,23.83370261116327,23.518860366666665,5.273241333333333,14.396050883333334
1964-1993,1964,7,7.380925287796632,29.0977631,8.855289096666667,18.976525966666667
1964-1993,1964,8,13.521369668262958,28.0885078,7.859381003333334,17.973944333333336
1964-1993,1964,9,24.58383844013649,23.81216603333333,4.890029073333333,14.351097549999999
1964-1993,1964,10,51.735548807956086,17.789423,0.8345456156,9.311984316666667
1964-1993,1964,11,110.80648355903834,9.075960696666668,-3.9410508466666667,2.5674549463333336
1964-1993,1964,12,144.9337330111809,5.329831723333333,-5.9657193133333335,-0.3179437688666667
1965-1994,1965,1,158.4236088809652,5.839828561999999,-5.50512446,0.1673520325333334
1965-1994,1965,2,120.90205431154227,7.91881818,-4.396721510000001,1.7610483436666666
1965-1994,1965,3,118.88274501113791,9.698829886666665,-3.8288822000000002,2.93497384
1965-1994,1965,4,68.04592882072664,13.571646333333332,-1.6335991303333335,5.969023616666666
1965-1994,1965,5,44.039512066194455,18.940566233333335,2.0950481009333335,10.517807150000001
1965-1994,1965,6,24.033249315899077,23.421607633333334,5.194817146666667,14.308212416666667
1965-1994,1965,7,6.996518796094367,29.189906399999998,8.95652243,19.0732143
1965-1994,1965,8,13.257185124889789,28.178926166666667,7.941901856666666,18.060413966666665
1965-1994,1965,9,22.58941495315283,23.9347081,4.898175393333333,14.416441716666666
1965-1994,1965,10,49.656931390743985,17.959609699999998,0.8907158989333334,9.425162783333333
1965-1994,1965,11,109.0594646017326,9.25306153,-3.902668183333333,2.6751966830000002
1965-1994,1965,12,148.77940517136307,5.207315316666667,-6.039168226666666,-0.41592642886666664
1966-1995,1966,1,160.83156196186204,5.815030582,-5.55202776,0.1315013958666667
1966-1995,1966,2,120.32916414886326,7.7908498,-4.551737133333333,1.6195563503333332
1966-1995,1966,3,118.3661641978315,9.520966320000001,-3.9921423533333336,2.7644119766666666
1966-1995,1966,4,69.36338675165696,13.463951666666667,-1.721636258,5.871157716666667
1966-1995,1966,5,42.13558077278496,19.020947550000002,2.1861623076,10.603554916666667
1966-1995,1966,6,24.55620638760924,23.491276766666665,5.2477219999999996,14.369499450000001
1966-1995,1966,7,6.9146790293861455,29.200406033333334,8.960582030000001,19.080493933333333
1966-1995,1966,8,12.866917940516364,28.246341466666667,8.018824866666668,18.132583133333334
1966-1995,1966,9,22.694913298026616,23.814735166666665,4.8283809,14.321557983333332
1966-1995,1966,10,52.59414634225813,17.760852033333332,0.8492643879333334,9.305058183333333
1966-1995,1966,11,106.87075038961011,9.319437429999999,-3.92079327,2.6993220829999998
1966-1995,1966,12,145.78234820910723,5.437870916666666,-5.9098868399999995,-0.23600794886666668
1967-1996,1967,1,157.78818741808203,5.839933515333333,-5.553008443333334,0.14346251253333336
1967-1996,1967,2,124.45749424857311,7.736152713333333,-4.530302923333333,1.6029249136666666
1967-1996,1967,3,119.69650862346076,9.659712636666667,-3.9244488233333334,2.8676318899999997
1967-1996,1967,4,67.047412368145,13.545696133333333,-1.640371702,5.952662236666667
1967-1996,1967,5,43.998497828990146,18.90048465,2.139427190933333,10.519955933333334
1967-1996,1967,6,24.17479851895279,23.712847033333333,5.403653360000001,14.558250283333333
1967-1996,1967,7,7.41567484110611,29.175407733333333,9.000840563333332,19.088124033333333
1967-1996,1967,8,11.15138812303866,28.303868266666665,8.036792933333334,18.1703306
1967-1996,1967,9,21.507835361670384,23.909372933333334,4.8999240833333335,14.40464845
1967-1996,1967,10,52.007911220684555,17.8249807,0.9055117432666667,9.36524625
1967-1996,1967,11,111.78006157456745,9.314212596666666,-3.8594088466666667,2.7274018763333334
1967-1996,1967,12,144.78319634193585,5.426415493333334,-5.939259006666666,-0.25642174653333333
1968-1997,1968,1,161.51781149931884,5.723829548666667,-5.661600893333333,0.03111430586666671
1968-1997,1968,2,115.02166893498249,7.711253276666667,-4.64611842,1.5325674491333332
1968-1997,1968,3,113.52566070046873,9.636421203333333,-4.009088226666667,2.8136664733333334
1968-1997,1968,4,70.59032607876125,13.420867366666666,-1.7151614553333334,5.8528529633333335
1968-1997,1968,5,43.93771534984252,19.02216265,2.2478050856,10.634983866666666
1968-1997,1968,6,23.839260474484718,23.784166766666665,5.471976993333333,14.628071949999999
1968-1997,1968,7,7.2996021256264045,29.21029963333333,9.062559296666667,19.1364293
1968-1997,1968,8,11.793862359754497,28.271479833333334,8.0233995,18.147439666666667
1968-1997,1968,9,21.291688162816016,23.783011066666667,4.813411149999999,14.298211083333333
1968-1997,1968,10,53.18611830245598,17.778251633333333,0.8965580479333333,9.33740487
1968-1997,1968,11,120.03910303295028,9.20625958,-3.8378704133333335,2.684194583
1968-1997,1968,12,143.89429689264088,5.36899586,-5.97799872,-0.3045014298666667
1969-1998,1969,1,159.10900112351496,5.703666408666667,-5.7725358133333335,-0.03443472079999997
1969-1998,1969,2,116.01541106006312,7.67594303,-4.742751003333334,1.4665960281333335
1969-1998,1969,3,112.17025967709036,9.908983659999999,-3.7477182900000003,3.0806326900000003
1969-1998,1969,4,70.67007841633007,13.559696233333334,-1.5914888653333332,5.9841036800000005
1969-1998,1969,5,43.06530450598249,19.085555916666667,2.2661716022666667,10.675863733333333
1969-1998,1969,6,23.429419612240658,23.94698053333333,5.596106393333333,14.771543549999999
1969-1998,1969,7,8.030398106098996,29.052657133333334,9.053772396666666,19.053214633333333
1969-1998,1969,8,12.015850664563493,28.1822846,7.969263366666667,18.075773966666667
1969-1998,1969,9,20.993474091742055,23.913679833333333,4.845917356666666,14.379798616666667
1969-1998,1969,10,52.93793469040799,17.905180299999998,0.9815483659333334,9.443364336666667
1969-1998,1969,11,120.52358544385842,9.18927838,-3.7818175266666665,2.703730409666667
1969-1998,1969,12,144.21836131533684,5.056693960333333,-6.194846053333333,-0.5690760365333334
1970-1999,1970,1,166.54000165628923,5.626462932,-5.77333408,-0.07343558746666666
1970-1999,1970,2,106.74602906208897,7.75078173,-4.751393996666667,1.4996938748
1970-1999,1970,3,108.7867308460119,9.925100193333332,-3.7546521766666667,3.0852240099999997
1970-1999,1970,4,70.17684184565357,13.5889092,-1.5773620953333334,6.005773556666667
1970-1999,1970,5,49.630582978912194,18.89502398333333,2.1899560206,10.542489999999999
1970-1999,1970,6,23.47783106661172,24.00353243333333,5.614082313333333,14.808807483333334
1970-1999,1970,7,8.188669910291216,29.0530601,9.083394296666667,19.068227033333336
1970-1999,1970,8,12.041930397595774,28.263764733333335,8.028872833333333,18.14631873333333
1970-1999,1970,9,19.10219355366085,24.106918399999998,4.91576049,14.511339483333334
1970-1999,1970,10,52.91842687807267,17.9894673,1.0400568702666666,9.514762103333334
1970-1999,1970,11,117.34542190125346,9.246102646666666,-3.73906314,2.7535197363333332
1970-1999,1970,12,147.2936813503561,5.1669545569999995,-6.07491592,-0.45398066653333335
1971-2000,1971,1,158.7230274153538,5.6129072220000005,-5.85245748,-0.11977515079999998
1971-2000,1971,2,102.17247373537751,7.635039969999999,-4.919165063333334,1.3579374581333332
1971-2000,1971,3,113.69348417944701,9.849640493333334,-3.7925237633333335,3.0285583666666667
1971-2000,1971,4,69.15822216009296,13.656404666666667,-1.5206275953333335,6.067888543333334
1971-2000,1971,5,50.03566991472169,18.981119850000002,2.263307843933333,10.622213866666668
1971-2000,1971,6,23.14508937729243,24.1856566,5.732050846666667,14.958853816666666
1971-2000,1971,7,8.648100742173485,29.074245299999998,9.17262613,19.123435500000003
1971-2000,1971,8,12.287987021534585,28.258042633333332,8.070094886666666,18.164068699999998
1971-2000,1971,9,21.141791220577982,24.1134986,4.9453734266666665,14.529436083333334
1971-2000,1971,10,52.93310305234563,18.144726866666666,1.1457489636,9.645237916666668
1971-2000,1971,11,116.40863844328946,9.07017423,-3.8975269100000003,2.5863236296666665
1971-2000,1971,12,146.20899906712606,5.230298773666666,-5.993419103333333,-0.3815601582
1972-2001,1972,1,163.1406191051831,5.331972588666667,-5.995698593333333,-0.3318630241333333
1972-2001,1972,2,101.65421893900351,7.647274636666666,-4.912322283333333,1.3674761814666667
1972-2001,1972,3,115.72462950644314,9.92490686,-3.6971870066666668,3.1138599466666665
1972-2001,1972,4,68.38594140950292,13.763764900000002,-1.48534623,6.139209363333333
1972-2001,1972,5,50.5665588371652,19.060702983333332,2.3034187172666667,10.682060833333333
1972-2001,1972,6,22.55722816308183,24.205031833333333,5.721842836666666,14.963437416666666
1972-2001,1972,7,9.408763691456745,29.0576789,9.189354263333334,19.123516366666667
1972-2001,1972,8,12.168143741854893,28.2711331,8.084031486666667,18.1775822
1972-2001,1972,9,20.519984275405214,24.309147733333337,5.083659726666667,14.696403816666667
1972-2001,1972,10,53.15028009809924,18.042066766666668,1.1046720402666668,9.573369416666667
1972-2001,1972,11,114.19916550940545,9.210533696666666,-3.83662494,2.6869543496666664
1972-2001,1972,12,151.99346295346092,5.2867867503333335,-5.86116385,-0.28718854153333334
1973-2002,1973,1,166.8527486585967,5.392658492,-5.91291194,-0.26012674413333337
1973-2002,1973,2,98.22852813637017,7.67077337,-4.910750893333333,1.3800112394666668
1973-2002,1973,3,112.7295787006521,9.96412426,-3.74983544,3.1071444366666667
1973-2002,1973,4,66.9725455309192,13.875889,-1.3950785724666666,6.2404052299999995
1973-2002,1973,5,51.476767963192174,19.021746416666666,2.3188714439333333,10.670308933333333
1973-2002,1973,6,23.67693292660842,24.217670866666666,5.73833537,14.978003183333334
1973-2002,1973,7,10.165938133840438,29.076302966666667,9.231298663333332,19.15380053333333
1973-2002,1973,8,12.362796739292182,28.198182733333333,8.061081703333334,18.129632133333335
1973-2002,1973,9,19.952258784365416,24.34058866666667,5.101632713333333,14.721110750000001
1973-2002,1973,10,49.07990934021117,18.040375333333333,1.0549956702666667,9.54768555
1973-2002,1973,11,117.57632125398052,9.21957531,-3.8560183933333336,2.6817784246666667
1973-2002,1973,12,156.51901704630708,5.369877673666666,-5.755613593333334,-0.19286795153333333
1974-2003,1974,1,161.99225342041672,5.495658718666666,-5.871653646666667,-0.18799748813333336
1974-2003,1974,2,101.83815991949321,7.793863546666667,-4.755344306666667,1.5192596174666666
1974-2003,1974,3,110.72187297206287,10.200865593333333,-3.5859901996666665,3.3074377433333333
1974-2003,1974,4,66.13239122454702,13.876327066666667,-1.4134520491333333,6.231437529999999
1974-2003,1974,5,52.507889959621735,19.06359155,2.3563734806,10.709982516666665
1974-2003,1974,6,21.90326575486212,24.226830600000003,5.724890406666666,14.975860583333334
1974-2003,1974,7,9.988758136948693,29.06906946666667,9.203739163333333,19.136404000000002
1974-2003,1974,8,12.1341649424287,28.379445233333335,8.20807775,18.293761433333334
1974-2003,1974,9,20.11983399610093,24.310295333333332,5.115350983333333,14.712823233333333
1974-2003,1974,10,47.98135349703414,18.22150816666667,1.1868819102666668,9.704195050000001
1974-2003,1974,11,115.64902165740732,9.28852881,-3.8210673166666664,2.7337307146666663
1974-2003,1974,12,157.76980209658635,5.394039363666667,-5.711850066666667,-0.15890535153333338
1975-2004,1975,1,167.04812949505327,5.4113476186666665,-5.888148599999999,-0.2384005114666667
1975-2004,1975,2,103.53216408173351,7.88943987,-4.644872216666667,1.6222838308
1975-2004,1975,3,110.22185626171989,10.324219059999999,-3.5545796596666666,3.3848197366666666
1975-2004,1975,4,67.56746865190142,13.978079083333334,-1.3564317458,6.310823693333333
1975-2004,1975,5,51.1221006383763,19.111148816666667,2.3624511772666663,10.736799966666666
1975-2004,1975,6,21.7451480496381,24.37347833333333,5.82516932,15.09932395
1975-2004,1975,7,9.987547118162048,29.174403299999998,9.316886863333334,19.245644799999997
1975-2004,1975,8,12.13223915737313,28.37978036666667,8.2454537,18.312616966666667
1975-2004,1975,9,24.746501085799423,24.3213435,5.165153383333333,14.7432485
1975-2004,1975,10,53.253320700281044,18.108575433333332,1.2538372236000002,9.681206316666668
1975-2004,1975,11,104.11961390439791,9.43118149,-3.78470836,2.8232365280000002
1975-2004,1975,12,156.3866852396801,5.376313553666666,-5.7905417,-0.2071140782
1976-2005,1976,1,161.1933693028514,5.493709462,-5.944201570000001,-0.22524607633333332
1976-2005,1976,2,103.54265593440162,7.940864936666667,-4.658970803333333,1.6409470774666666
1976-2005,1976,3,107.20007467880573,10.514457926666667,-3.452700136333333,3.5308789199999997
1976-2005,1976,4,66.0075028871007,14.101576583333333,-1.3089509691333334,6.39631282
1976-2005,1976,5,50.911741815080326,19.036531683333333,2.3530888072666665,10.694810216666667
1976-2005,1976,6,25.641844093967677,24.210328133333334,5.780796553333333,14.99556245
1976-2005,1976,7,9.899166108081408,29.273624233333333,9.39133773,19.332480733333334
1976-2005,1976,8,11.88891057299816,28.406288,8.263563133333333,18.334925466666668
1976-2005,1976,9,24.685578465356375,24.420882366666667,5.261546476666667,14.841214466666665
1976-2005,1976,10,52.21608121906624,18.223312933333332,1.3087661639333334,9.766039516666666
1976-2005,1976,11,100.75565849793735,9.59835556,-3.6538069516666667,2.9722742646666664
1976-2005,1976,12,154.64929941265666,5.443308353666667,-5.716215866666667,-0.13645376353333338
1977-2006,1977,1,159.48266269291935,5.448342235333333,-6.051246403333334,-0.30145211633333335
1977-2006,1977,2,103.14459626293062,7.855978803333333,-4.723875493333334,1.5660516774666666
1977-2006,1977,3,107.59620938472591,10.37265866,-3.511289726333333,3.4306845066666667
1977-2006,1977,4,64.8683969393873,14.06169465,-1.3339723424666665,6.363861170000001
1977-2006,1977,5,51.52772738651765,18.989328383333334,2.305117807266667,10.647223083333333
1977-2006,1977,6,24.58505647425123,24.246450066666668,5.762673896666667,15.004562083333333
1977-2006,1977,7,10.61271349014582,29.30785116666667,9.460330696666666,19.384090733333334
1977-2006,1977,8,13.198755450439842,28.3190999,8.259161833333334,18.2891308
1977-2006,1977,9,25.86683357686362,24.32591196666667,5.220141186666667,14.773026633333332
1977-2006,1977,10,53.29613594520917,18.428130333333335,1.4676833959333335,9.947906846666665
1977-2006,1977,11,98.20654542465496,9.586432826666668,-3.688806055,2.9488133480000003
1977-2006,1977,12,161.23177344170594,5.499757397,-5.617991173333333,-0.059116894866666686
1978-2007,1978,1,161.76270993369596,5.456392048666667,-5.981894226666666,-0.26275112
1978-2007,1978,2,100.00942837117553,7.78287677,-4.76361185,1.5096324808000001
1978-2007,1978,3,107.03138652210299,10.380937933333334,-3.563672089666667,3.4086329566666667
1978-2007,1978,4,62.4478253317928,14.123574450000001,-1.3070545956666666,6.408259946666666
1978-2007,1978,5,51.78383964175646,18.933738716666667,2.269451167266667,10.601594916666667
1978-2007,1978,6,24.112321871175904,24.377478433333334,5.856089216666667,15.116783916666666
1978-2007,1978,7,10.967735907981071,29.276367433333334,9.449611896666665,19.3629895
1978-2007,1978,8,11.885337969583402,28.444627566666668,8.364375643333334,18.404501466666666
1978-2007,1978,9,24.08911486870751,24.3242312,5.209556076666667,14.766893733333331
1978-2007,1978,10,57.26611418668919,18.383385333333333,1.4873812959333332,9.935383296666666
1978-2007,1978,11,100.04672525987161,9.625707093333334,-3.6232895816666666,3.001208708
1978-2007,1978,12,166.04333198648246,5.5772921570000005,-5.488393593333333,0.04444927593333332
1979-2008,1979,1,161.45303852218132,5.408799395333333,-6.021233706666666,-0.306217187
1979-2008,1979,2,100.27842724080352,7.7131722033333325,-4.808220840000001,1.4524756961333334
1979-2008,1979,3,113.82419843764829,10.35840505,-3.500694789666667,3.42885516
1979-2008,1979,4,65.34606933019266,14.064236783333333,-1.3321766756666666,6.366030056666667
1979-2008,1979,5,53.77851007568929,18.925881516666667,2.2544094815999998,10.590145466666666
1979-2008,1979,6,24.746423947861064,24.332911666666668,5.77894163,15.055926716666667
1979-2008,1979,7,11.256018507179295,29.27055173333333,9.479536063333335,19.375043766666668
1979-2008,1979,8,12.133833586888697,28.521706,8.431338186666666,18.47652203333333
1979-2008,1979,9,24.024862663521663,24.3764019,5.275553436666667,14.825977766666666
1979-2008,1979,10,57.96411499282161,18.462458233333333,1.5498648959333332,10.006161530000002
1979-2008,1979,11,107.86321869906376,9.47967046,-3.626800041666667,2.926435168
1979-2008,1979,12,171.7727682087734,5.544553713666667,-5.43993709,0.05230830259999997
1980-2009,1980,1,149.35715595959184,5.474166188666667,-6.006192293333333,-0.2660130826666667
1980-2009,1980,2,99.4801394265933,7.6548241033333335,-4.814418703333333,1.4202027028
1980-2009,1980,3,111.37758025032193,10.386442316666667,-3.521453583,3.43249441
1980-2009,1980,4,63.88240260946407,14.105321516666667,-1.3255506156666668,6.389885456666666
1980-2009,1980,5,50.50487502295612,19.123417416666666,2.3264253229333334,10.724921323333332
1980-2009,1980,6,24.45518221452507,24.357123100000003,5.762009663333333,15.05956645
1980-2009,1980,7,11.105145300314627,29.476474833333334,9.61538243,19.545928566666667
1980-2009,1980,8,10.870751162269583,28.553407166666666,8.476725186666666,18.515066133333335
1980-2009,1980,9,22.159659449626414,24.5779293,5.426165890000001,15.002047699999999
1980-2009,1980,10,59.61823102982682,18.3234179,1.4858529366,9.904635386666666
1980-2009,1980,11,104.68787380051153,9.38444876,-3.6897323716666666,2.8473581546666664
1980-2009,1980,12,172.94706539180652,5.578573997,-5.398282946666667,0.0901455139333333
1981-2010,1981,1,148.7390923441367,5.659445572,-5.855001646666667,-0.09777806599999998
1981-2010,1981,2,95.2944321541383,7.7905535200000005,-4.718431296666666,1.5360611214666666
1981-2010,1981,3,110.73151652334258,10.426156083333334,-3.514185019666667,3.455985566666667
1981-2010,1981,4,64.32858274538196,14.054832150000001,-1.3966996323333334,6.32906627
1981-2010,1981,5,50.953237955925616,19.173825216666668,2.3761388529333334,10.774981989999999
1981-2010,1981,6,25.125402459676504,24.38674273333333,5.818476013333334,15.102609416666667
1981-2010,1981,7,10.585874916170875,29.400357766666666,9.54498682,19.472672266666667
1981-2010,1981,8,7.896546170491376,28.716393566666667,8.544369253333334,18.630381366666665
1981-2010,1981,9,21.7837483191038,24.765615866666668,5.533482496666666,15.149549266666666
1981-2010,1981,10,59.38061832141836,18.395611799999998,1.518930782266667,9.957271286666666
1981-2010,1981,11,104.78088087084997,9.455884093333333,-3.5870159883333335,2.9344340146666665
1981-2010,1981,12,169.75925528295102,5.709390823666666,-5.262192046666667,0.2235993839333333
1982-2011,1982,1,145.03283523362055,5.7875084653333335,-5.775887549999999,0.005810427333333316
1982-2011,1982,2,88.71449216287698,7.896421313333334,-4.729751956666666,1.5833346914666666
1982-2011,1982,3,106.50429786355207,10.539743783333334,-3.492606623,3.5235686166666667
1982-2011,1982,4,63.31128951561194,14.11540155,-1.371432899,6.371984336666667
1982-2011,1982,5,51.246820900544485,19.12527821666667,2.3319872329333333,10.728632690000001
1982-2011,1982,6,25.183860406977256,24.1991075,5.677320313333333,14.938213916666665
1982-2011,1982,7,10.645707298468535,29.4827804,9.624935709999999,19.553857966666666
1982-2011,1982,8,8.418623591852175,28.521606566666666,8.409922286666667,18.46576436666667
1982-2011,1982,9,21.398737067055993,24.840328133333333,5.587523616666667,15.213925933333334
1982-2011,1982,10,54.661066306393515,18.650074433333334,1.6377501443333335,10.143912286666668
1982-2011,1982,11,103.9969498785374,9.508935760000002,-3.591031768333333,2.9589519613333333
1982-2011,1982,12,163.14942630851672,5.818156200333333,-5.1908477799999995,0.31365420393333326
1983-2012,1983,1,153.53851007875136,5.719052542,-5.77194699,-0.02644725266666669
1983-2012,1983,2,95.21834302249893,7.861470846666666,-4.665912469999999,1.5977792014666667
1983-2012,1983,3,108.43441804885288,10.483832683333333,-3.5164237063333332,3.4837045166666667
1983-2012,1983,4,62.268438348162974,14.138639683333334,-1.3460588542666667,6.39629043
1983-2012,1983,5,53.70699836487905,19.088690250000003,2.311780246266667,10.70023519
1983-2012,1983,6,25.19062854920836,24.27988483333333,5.73589254,15.007888716666665
1983-2012,1983,7,10.404472065853195,29.575100333333335,9.689222576666667,19.632161333333332
1983-2012,1983,8,9.523696638623997,28.50586666666667,8.427691953333333,18.46677933333333
1983-2012,1983,9,20.33580712586802,24.9536982,5.636364173333334,15.295031233333333
1983-2012,1983,10,57.993626869256225,18.652056166666668,1.6939279943333332,10.172992053333333
1983-2012,1983,11,104.17187106910131,9.495769773333334,-3.6228047183333336,2.9364824954333333
1983-2012,1983,12,157.18623891239363,5.858718910333334,-5.220710746666667,0.31900407393333335
1984-2013,1984,1,155.478873285923,5.560332162,-5.883496943333333,-0.16158241933333337
1984-2013,1984,2,91.46516276103524,7.624122783333333,-4.861406613333333,1.3813580814666666
1984-2013,1984,3,111.78936929112923,10.173538483333335,-3.660455943,3.2565412893333336
1984-2013,1984,4,62.85889563508826,14.0527136,-1.4185610752666666,6.317076283333334
1984-2013,1984,5,53.25796800225963,19.10887335,2.3464340896,10.727653656666666
1984-2013,1984,6,24.752305106545673,24.346502733333335,5.832250116666667,15.089376416666665
1984-2013,1984,7,10.345162096001994,29.596097,9.719938743333334,19.658017766666667
1984-2013,1984,8,7.949763455700341,28.595645666666666,8.502443086666666,18.549044433333332
1984-2013,1984,9,21.470594100491248,25.084846966666664,5.783602456666667,15.4342248
1984-2013,1984,10,57.61939616350423,18.889033733333335,1.8710928276666665,10.380063276666668
1984-2013,1984,11,105.58696254737532,9.622446206666666,-3.5325235083333335,3.0449613187666666
1984-2013,1984,12,160.26425048378175,5.795511977,-5.195544616666667,0.29998367546666665
1985-2014,1985,1,149.21115970669902,5.4383567453333335,-6.011940346666666,-0.2867918389666667
1985-2014,1985,2,88.80973895600754,7.627929016666667,-4.900569783333333,1.3636796014666668
1985-2014,1985,3,105.1797212643371,10.252660716666666,-3.663773063,3.294443856
1985-2014,1985,4,62.27527268684563,13.999555133333333,-1.4326109539333334,6.283472106666666
1985-2014,1985,5,53.82499268611571,19.13916191666667,2.3285232429333336,10.733842523333333
1985-2014,1985,6,24.23795000798791,24.5277151,5.94577014,15.236742616666668
1985-2014,1985,7,9.585345867759596,29.693710666666668,9.728778076666666,19.711244333333337
1985-2014,1985,8,7.66556957815322,28.775182766666667,8.635992803333332,18.7055878
1985-2014,1985,9,20.034138094679765,25.148329466666667,5.85149384,15.499911733333333
1985-2014,1985,10,57.982311855242514,18.935019466666667,1.9003078593333333,10.417663659999999
1985-2014,1985,11,103.49073340377599,9.53470454,-3.5920760216666667,2.9713142354333333
1985-2014,1985,12,157.77493165066662,5.930329880333333,-5.097342046666666,0.4164939154666667
1986-2015,1986,1,147.6713533176332,5.478539942,-5.94259586,-0.23202799796666668
1986-2015,1986,2,88.74464375127431,7.708799083333333,-4.83757692,1.4356110681333334
1986-2015,1986,3,112.02459704201071,10.125280473333333,-3.678534363,3.223373082666667
1986-2015,1986,4,61.6807507064633,14.070832433333333,-1.3966387349333333,6.3370968733333335
1986-2015,1986,5,53.74118703396888,19.225220783333334,2.4042748796000004,10.814747756666666
1986-2015,1986,6,24.266726671661043,24.510015533333334,5.900767323333333,15.20539145
1986-2015,1986,7,9.426921401735928,29.85143833333333,9.87848009,19.864959166666665
1986-2015,1986,8,7.715130515266184,28.804900866666667,8.675133686666667,18.740017299999998
1986-2015,1986,9,19.68321962590691,25.321963533333335,5.9596739266666665,15.640818866666667
1986-2015,1986,10,56.40385017680422,19.003142,1.8646738493333332,10.43390791
1986-2015,1986,11,106.12820518405442,9.654001529999999,-3.5129187416666667,3.070541378766667
1986-2015,1986,12,150.9393436638667,5.861562830333333,-5.192868036666667,0.33434739646666667
1987-2016,1987,1,144.41128937172758,5.441228548666667,-6.03812484,-0.29844818463333334
1987-2016,1987,2,91.61059983792025,7.648046933333333,-4.87123917,1.3884038644666667
1987-2016,1987,3,107.39894916354372,10.182199573333333,-3.733486763,3.2243564326666667
1987-2016,1987,4,60.599593061470884,14.2527918,-1.3049060349333332,6.473942906666666
1987-2016,1987,5,54.8697513963096,19.238854383333333,2.4264757962666668,10.832665023333334
1987-2016,1987,6,23.559587261349105,24.69360203333333,6.02942564,15.361513833333333
1987-2016,1987,7,9.322940277756555,29.981314666666666,9.95040199,19.965858333333337
1987-2016,1987,8,7.714187579900561,28.856166066666667,8.752023686666666,18.80409493333333
1987-2016,1987,9,19.718816123710834,25.382812533333333,6.022144460000001,15.702478633333333
1987-2016,1987,10,54.98425705786641,19.0562967,1.8499117426666667,10.453104193333333
1987-2016,1987,11,106.434420615918,9.816478996666666,-3.419997615,3.1982406687666667
1987-2016,1987,12,153.5533337277094,5.843645830333333,-5.17784127,0.33290227313333337
1988-2017,1988,1,136.97877013092182,5.701627206666667,-5.849700783333334,-0.07403681796666667
1988-2017,1988,2,87.91545127675703,7.585735753333333,-4.936290376666666,1.3247226678
1988-2017,1988,3,103.92594114041019,10.30728805,-3.609321416333333,3.3489833493333334
1988-2017,1988,4,61.51436164403353,14.221320166666667,-1.2908586016,6.465230816666666
1988-2017,1988,5,55.878350326335536,19.241460583333332,2.4145025129333333,10.82798149
1988-2017,1988,6,23.792315941227525,24.729189,6.10678104,15.417985066666667
1988-2017,1988,7,9.458040769264594,29.8333984,9.84491399,19.839156166666665
1988-2017,1988,8,7.636478350040082,28.8552251,8.71874332,18.78698423333333
1988-2017,1988,9,18.467589327622186,25.361016099999997,5.964381296666667,15.662698833333334
1988-2017,1988,10,50.63780253549711,19.030256766666664,1.7115879683333333,10.370922326666667
1988-2017,1988,11,109.71007618979401,9.94187873,-3.2789721083333334,3.3314532921
1988-2017,1988,12,147.10664551278964,5.923056727,-5.117260083333333,0.40289831513333335
1989-2018,1989,1,137.4305674675871,5.557716788,-5.970428916666666,-0.20635609463333335
1989-2018,1989,2,90.22307575729864,7.497260986666666,-4.97801266,1.2596241366333334
1989-2018,1989,3,106.21912434622261,10.07714674,-3.7306814029999997,3.1732327093333335
1989-2018,1989,4,58.55193644616976,14.308810766666666,-1.2606945116000001,6.52405815
1989-2018,1989,5,56.27677531013152,19.31474555,2.453303056266667,10.884024256666667
1989-2018,1989,6,23.166288532767517,24.887855100000003,6.19238645,15.5401208
1989-2018,1989,7,8.572991883462672,29.940104966666663,9.87785329,19.9089791
1989-2018,1989,8,7.711227995109801,28.952444133333334,8.774602486666668,18.863523333333333
1989-2018,1989,9,18.268538155910104,25.447224333333335,6.006476706666667,15.726850666666667
1989-2018,1989,10,48.4913942643184,19.11092173333333,1.655290835,10.38310626
1989-2018,1989,11,108.214388211491,10.030759996666665,-3.220220558333333,3.4052697021
1989-2018,1989,12,147.22517970102993,6.075082127,-5.0457189499999995,0.5146815818
1990-2019,1990,1,141.2951510145,5.801871704666667,-5.718903979999999,0.041483848699999964
1990-2019,1990,2,88.66417521470726,7.481851436666667,-5.019107263333334,1.2313720597999998
1990-2019,1990,3,104.1023878990906,10.330535873333334,-3.5582607796666665,3.386137586
1990-2019,1990,4,61.374656174261354,14.311194033333333,-1.2656676716,6.5227632
1990-2019,1990,5,55.930949006976455,19.553389916666667,2.6298672229333335,11.091628523333332
1990-2019,1990,6,22.945540148358425,24.998491433333335,6.2558705833333335,15.627181033333333
1990-2019,1990,7,7.506164343558726,30.09107756666667,9.947746756666668,20.019412166666665
1990-2019,1990,8,7.016711390470271,29.006938166666668,8.806804586666667,18.9068714
1990-2019,1990,9,17.57705808038434,25.609106866666664,6.068638216666667,15.838872633333333
1990-2019,1990,10,45.99742704599164,19.2316103,1.7649659483333333,10.498288126666667
1990-2019,1990,11,109.38714416581843,10.180954796666667,-3.0833071750000003,3.5488237954333335
1990-2019,1990,12,138.79585272645983,6.032019010333333,-5.137287893333333,0.4473655578666667
1991-2020,1991,1,149.4797510784273,5.606264604666666,-5.7682694366666665,-0.08100242963333336
1991-2020,1991,2,87.67037569458493,7.53123717,-5.0896553,1.2207909131333332
1991-2020,1991,3,108.6394593110315,10.112074473333333,-3.697866636333333,3.207103966
1991-2020,1991,4,61.85931623632646,14.401003533333332,-1.2392608649333332,6.580871343333333
1991-2020,1991,5,55.6494981449187,19.51499835,2.6137995229333333,11.064398923333334
1991-2020,1991,6,23.017145503155373,25.063295566666667,6.31055193,15.686923766666666
1991-2020,1991,7,7.745693239446899,30.0702978,9.94152559,20.005911633333334
1991-2020,1991,8,6.9884934988534475,29.06883626666667,8.83153162,18.950183966666668
1991-2020,1991,9,17.496365649263105,25.7318173,6.144494993333334,15.938156233333334
1991-2020,1991,10,48.27383389963838,19.130097799999998,1.7737251886666667,10.451911480000001
1991-2020,1991,11,107.70112827328951,10.40651623,-2.9524500716666666,3.7270330587666667
1991-2020,1991,12,146.3382087266476,5.989608503666667,-5.071024066666666,0.45929221786666663
1992-2021,1992,1,139.8851185560132,5.7130500946666665,-5.729038393333334,-0.00799416630000002
1992-2021,1992,2,87.66123956871166,7.490487403333333,-5.116682583333333,1.1869024031333335
1992-2021,1992,3,104.24243113205881,10.107335673333333,-3.758584836333333,3.1743754593333335
1992-2021,1992,4,59.67464549448669,14.508914933333333,-1.1886373449333334,6.6601388
1992-2021,1992,5,54.35876469087863,19.598296816666668,2.6831408426,11.140718806666666
1992-2021,1992,6,24.444047666213155,25.116662666666667,6.400685496666667,15.7586741
1992-2021,1992,7,8.295519529300224,30.07247703333333,9.989293089999999,20.030885
1992-2021,1992,8,7.037742516191544,28.973317333333334,8.764455393333332,18.8688864
1992-2021,1992,9,21.56871925123693,25.652860566666668,6.093114580000001,15.872987666666667
1992-2021,1992,10,53.74954376663216,18.987236433333333,1.7305182686666667,10.358877346666667
1992-2021,1992,11,108.38346445384506,10.55432151,-2.8435156516666664,3.8554029141
1992-2021,1992,12,141.85178587472856,6.200163460333333,-4.887909326666667,0.6561270545333333
1993-2022,1993,1,133.74539512311657,5.799718534666667,-5.67890584,0.060406335699999966
1993-2022,1993,2,98.81381266062499,7.360855136666667,-5.10389607,1.1284795264666665
1993-2022,1993,3,103.38154080386833,10.31385232,-3.6416341919999997,3.3361091126666667
1993-2022,1993,4,58.38856723063178,14.8361867,-0.9722213349333334,6.931982676666666
1993-2022,1993,5,54.09074112620672,19.888549450000003,2.8739931993333334,11.381271283333332
1993-2022,1993,6,25.04026942455591,25.0898472,6.39021567,15.740031466666666
1993-2022,1993,7,8.801178533522995,30.023377866666667,10.000637756666666,20.012007666666666
1993-2022,1993,8,9.745646790402187,28.877425233333334,8.70237266,18.789899
1993-2022,1993,9,22.86838730253992,25.538279766666665,5.999912246666667,15.7690961
1993-2022,1993,10,54.012044751289594,18.926913366666668,1.7044351743033335,10.315674246666667
1993-2022,1993,11,111.08825277093452,10.559742643333333,-2.791593385,3.8840746174333334
1993-2022,1993,12,140.73294439091998,6.286508513666666,-4.825584383333333,0.7304620478666666
1994-2023,1994,1,147.52552764129507,5.814985668,-5.5038759,0.1555548690333333
1994-2023,1994,2,99.84956218038126,7.468371303333333,-5.014572994333333,1.2268991531333333
1994-2023,1994,3,101.79577324191065,10.324410836666667,-3.6503452019999996,3.337032856
1994-2023,1994,4,58.3955721567959,14.815986433333334,-1.0404098066,6.88778832
1994-2023,1994,5,53.756741684978806,20.040814933333333,2.9251830893333333,11.482998983333335
1994-2023,1994,6,25.636189727865567,25.085103566666664,6.41473497,15.749919333333333
1994-2023,1994,7,9.327698663999923,30.009077133333335,10.029546156666667,20.019311466666668
1994-2023,1994,8,9.729784561298304,28.975348333333333,8.767257093333335,18.871302800000002
1994-2023,1994,9,22.89057437472317,25.4828798,5.948905756666666,15.7158929
1994-2023,1994,10,55.8046350899185,18.844489233333334,1.7213487143033332,10.28291898
1994-2023,1994,11,117.6515292511843,10.329040443333334,-2.821510068333333,3.753765170766667
1994-2023,1994,12,150.95335925240025,6.279801713666667,-4.68387453,0.7979635831999999
1995-2024,1995,1,148.34588745166008,5.845022911333333,-5.408759253333333,0.21813181569999998
1995-2024,1995,2,100.9207995481199,7.4561512033333335,-4.955808284333333,1.2501714518
1995-2024,1995,3,99.03549260672735,10.264123956666667,-3.650743058666667,3.306690486
1995-2024,1995,4,63.41962521410088,14.646769866666666,-1.0505041266000001,6.798132886666666
1995-2024,1995,5,54.129835684905956,19.923037933333333,2.839267544666667,11.381152683333333
1995-2024,1995,6,25.68942646165234,25.118039166666666,6.4898944033333335,15.803966833333334
1995-2024,1995,7,8.785941324742886,30.080716399999996,10.052627256666666,20.066671733333333
1995-2024,1995,8,9.737359108641316,29.079331000000003,8.828384493333335,18.953857833333334
1995-2024,1995,9,23.319655557099463,25.543156866666667,6.060411233333334,15.801784166666668
1995-2024,1995,10,59.60667615283396,18.6696652,1.6998549643033334,10.184760113333335
1995-2024,1995,11,117.82768973654395,10.102165743333334,-2.906893285,3.597636217433333
1995-2024,1995,12,141.6134397722901,6.384406720333333,-4.722438273333333,0.8309842142
1996-2025,1996,1,144.22546237792093,5.9116975080000005,-5.406446453333333,0.2526255167
1996-2025,1996,2,102.06550715884164,7.557338383333333,-4.873064551,1.3421369051333334
1996-2025,1996,3,101.21337879665238,10.309429223333332,-3.5611365586666666,3.374146356
1996-2025,1996,4,61.854332407831336,14.8210491,-0.9518009832666667,6.934624086666667
1996-2025,1996,5,52.36348411346316,20.136195333333333,2.9433031880000002,11.539749216666667
1996-2025,1996,6,25.34896658146111,25.112441666666665,6.527235426666667,15.819838566666666
1996-2025,1996,7,8.959066845196459,30.0965268,10.129677756666666,20.11310213333333
1996-2025,1996,8,9.738537514690067,29.108347766666668,8.839208393333333,18.973778133333333
1996-2025,1996,9,23.50295912175123,25.7042504,6.185302266666667,15.944776433333335
1996-2025,1996,10,56.72870884395525,18.848840433333333,1.7689601364033334,10.308900313333334
1996-2025,1996,11,115.84669336009782,10.133574143333334,-2.8296316683333336,3.6519712407666662
1996-2025,1996,12,139.31215483087263,6.332225970333334,-4.74856391,0.7918310375333333
1997-2026,1997,1,145.5936097740315,5.766026518,-5.527923463333334,0.11905151669999997
1997-2026,1997,2,107.54040605103816,7.508771703333333,-4.885012950999999,1.3118793702666667
1997-2026,1997,3,103.54182233211638,10.094863453333334,-3.5921648886666664,3.251349314
1997-2026,1997,4,62.88965698292203,14.8085101,-0.9576828802666667,6.925413653333334
1997-2026,1997,5,50.06238055857316,20.3111426,3.0067098913333337,11.658926150000001
1997-2026,1997,6,25.85549566302978,24.90659456666667,6.344143093333333,15.625368833333333
1997-2026,1997,7,8.44535620325696,30.218863266666666,10.183321656666667,20.201092333333335
1997-2026,1997,8,9.746723398971723,29.185023533333332,8.885334006666666,19.0351788
1997-2026,1997,9,23.099816914809697,25.934079466666667,6.335567866666667,16.134823766666667
1997-2026,1997,10,56.70246846191653,18.902188333333335,1.7748654997366666,10.338526913333334
1997-2026,1997,11,114.42983776831971,10.25992181,-2.8531633816666666,3.7033792241
1997-2026,1997,12,145.88131750807955,6.367147003666667,-4.668528623333333,0.8493092018666667
1998-2027,1998,1,148.2383537435859,5.950722951333333,-5.3088291,0.3209469200333333
1998-2027,1998,2,111.28702968423072,7.65060365,-4.693865744333333,1.4783689481333333
1998-2027,1998,3,112.53439787800939,10.109150786666667,-3.4841199153333333,3.312515474
1998-2027,1998,4,66.34741528583767,14.644120666666668,-1.0158849636,6.814117893333333
1998-2027,1998,5,51.951581457086036,20.321200266666665,3.034500978,11.677850516666666
1998-2027,1998,6,27.932939510506152,24.7351679,6.225174513333333,15.4801712
1998-2027,1998,7,8.388588015703677,30.368196366666666,10.28672159,20.3274589
1998-2027,1998,8,9.039063941340913,29.3099739,8.981075973333333,19.145525000000003
1998-2027,1998,9,23.79270920946675,25.949265766666667,6.347330843333334,16.1482984
1998-2027,1998,10,54.809692180387216,18.986668033333334,1.7966901775366668,10.391679093333332
1998-2027,1998,11,105.54839793210297,10.485695726666668,-2.8217763083333334,3.8319597207666667
1998-2027,1998,12,142.96209506489907,6.493466303666667,-4.612520046666666,0.9404731385333333
1999-2028,1999,1,149.2300803642121,5.9708364813333334,-5.2031389,0.38384878669999994
1999-2028,1999,2,108.28653489186263,7.891318563333333,-4.436596664333334,1.7273609414666666
1999-2028,1999,3,112.25566633160365,10.20470192,-3.4317242953333333,3.3864888239999997
1999-2028,1999,4,68.64860427764928,14.6768328,-0.9669265402666667,6.854953193333333
1999-2028,1999,5,52.08532816031969,20.229815066666667,3.006549904666667,11.618182416666667
1999-2028,1999,6,28.99781449381949,24.4919409,6.072699846666667,15.2823203
1999-2028,1999,7,7.98732511334778,30.5039741,10.348236823333334,20.426105433333337
1999-2028,1999,8,8.83415243191444,29.48600563333333,9.09089284,19.2884493
1999-2028,1999,9,23.81740658810568,26.054794,6.474182823333334,16.264488433333334
1999-2028,1999,10,54.725576942217295,19.030496366666668,1.8176986842033334,10.424097493333333
1999-2028,1999,11,100.85254838711792,10.692150193333333,-2.806345935,3.9429021474333337
1999-2028,1999,12,150.69915725158424,6.8026576033333335,-4.245527256666667,1.2785651718666666
2000-2029,2000,1,150.88871703138517,5.9658478913333335,-5.142793459999999,0.41152721336666664
2000-2029,2000,2,110.45996835210954,7.777052343333334,-4.474902881,1.6510747281333333
2000-2029,2000,3,113.74830286374208,10.006102636666666,-3.5690556853333333,3.2185234940000003
2000-2029,2000,4,72.9564254704113,14.613357733333334,-0.9464601436,6.83344886
2000-2029,2000,5,46.561123206451235,20.33506123333333,3.042379173,11.688720116666667
2000-2029,2000,6,29.0110898546434,24.533443466666665,6.08779388,15.310618566666667
2000-2029,2000,7,7.609099694388606,30.621188033333333,10.395912223333333,20.508550133333333
2000-2029,2000,8,8.649157160249377,29.542310666666665,9.156270323333333,19.349290566666664
2000-2029,2000,9,24.223637087229445,26.1031956,6.56342153,16.333308566666666
2000-2029,2000,10,54.34865570797289,19.200310866666666,1.98787897087,10.59409486
2000-2029,2000,11,101.09256856364048,10.599301160000001,-2.892589205,3.8533559974333333
2000-2029,2000,12,158.88137133821192,6.719303096666667,-4.250242,1.2345305441999999
2001-2030,2001,1,155.5515647939373,6.140002011333333,-4.939317853333334,0.6003420800333333
2001-2030,2001,2,111.11953061389717,7.859686776666666,-4.401783297666666,1.7289517414666666
2001-2030,2001,3,106.66690083354841,10.33287897,-3.4226616153333334,3.4551087073333333
2001-2030,2001,4,71.12504547818021,14.664345433333333,-0.9620376136000001,6.85115396
2001-2030,2001,5,45.34229955561007,20.4006811,3.0732562063333333,11.736968583333333
2001-2030,2001,6,30.148573036428328,24.383678966666665,6.016500346666666,15.200089566666666
2001-2030,2001,7,7.198720420532678,30.656657633333335,10.38531479,20.520986233333335
2001-2030,2001,8,9.29346093618796,29.579990433333332,9.210939556666666,19.395465100000003
2001-2030,2001,9,23.50951323448157,26.15211833333333,6.630941006666666,16.3915297
2001-2030,2001,10,56.47246497875286,19.130611533333333,2.0283694875366667,10.579490493333333
2001-2030,2001,11,102.00559246204526,10.703857476666666,-2.7413360816666668,3.9812607141000003
2001-2030,2001,12,157.21234872393777,6.910750216666667,-4.1355139366666664,1.3876181292
2002-2031,2002,1,153.1789276132726,6.190396801333334,-4.9620418399999995,0.6141774777
2002-2031,2002,2,111.56696203847146,7.906672076666666,-4.325632961,1.7905195614666667
2002-2031,2002,3,111.78960075549064,10.17137807,-3.4976932153333333,3.3368424439999997
2002-2031,2002,4,72.90645658797546,14.604884633333334,-0.9634304322666668,6.820727126666667
2002-2031,2002,5,46.57748697541734,20.1966711,2.953652019666667,11.575161516666666
2002-2031,2002,6,29.790709829393887,24.60755076666667,6.161999113333334,15.384774866666667
2002-2031,2002,7,6.76493500930501,30.778555233333336,10.481385390000002,20.629970366666665
2002-2031,2002,8,9.025264220066626,29.6675898,9.284271456666666,19.475930733333332
2002-2031,2002,9,23.600025895974373,26.1677355,6.625475073333333,16.396605333333333
2002-2031,2002,10,56.0542802623996,19.372543766666663,2.1540606642033335,10.763302193333335
2002-2031,2002,11,108.23288826355514,10.616620676666667,-2.7011679893333334,3.9577263607666664
2002-2031,2002,12,159.76846528846508,6.989691786666667,-4.039993136666666,1.4748493125333333
2003-2032,2003,1,150.93623040781503,6.308959811333334,-4.8680924333333335,0.7204336743666667
2003-2032,2003,2,115.19432993238304,8.111499743333333,-4.145219157666667,1.9831402901333335
2003-2032,2003,3,112.27984608092883,10.30033797,-3.3882998819999997,3.4560190373333333
2003-2032,2003,4,73.12299993753098,14.532045333333334,-0.9928878344666666,6.769578783333333
2003-2032,2003,5,47.97836758559838,20.126287133333335,2.9509691096666666,11.538628066666666
2003-2032,2003,6,28.655120996170766,24.630765166666666,6.188331456666666,15.40954825
2003-2032,2003,7,5.9923345764178615,30.866374333333333,10.536645756666667,20.701510133333333
2003-2032,2003,8,9.891324758197824,29.72747946666667,9.355898106666666,19.541688833333335
2003-2032,2003,9,23.97171655550829,26.2676636,6.727543996666667,16.497603866666665
2003-2032,2003,10,56.076725163128664,19.56193013333333,2.326680897536667,10.94430546
2003-2032,2003,11,103.05873164147683,10.798857196666667,-2.5808683426666668,4.108994437433333
2003-2032,2003,12,154.42052584592838,7.07806584,-4.043606183333333,1.5172298058666667
2004-2033,2004,1,159.12657992877672,6.1757060479999994,-4.939589016666667,0.6180585010333334
2004-2033,2004,2,114.52134113536651,8.076531343333333,-4.133869757666667,1.9713307901333332
2004-2033,2004,3,118.51999365559868,9.990054503333333,-3.5364823123333333,3.226786070666667
2004-2033,2004,4,73.78207249309904,14.607117133333333,-0.9255168051333335,6.840800216666667
2004-2033,2004,5,44.97445718154237,20.329128966666666,3.0343197263333335,11.6817243
2004-2033,2004,6,28.071631469861817,24.7558059,6.25564387,15.505724816666666
2004-2033,2004,7,6.1038877420707225,30.857742233333333,10.539231656666667,20.6984871
2004-2033,2004,8,9.89201315260194,29.7018172,9.337454673333333,19.519635966666666
2004-2033,2004,9,23.79851503074645,26.45933343333333,6.854632573333333,16.656983066666665
2004-2033,2004,10,53.2775371816222,19.571630833333334,2.28604588087,10.928838326666666
2004-2033,2004,11,102.92272155427804,10.82216193,-2.634857796,4.0936520741
2004-2033,2004,12,155.39940247167937,7.10891594,-4.07419053,1.5173626958666666
2005-2034,2005,1,151.07271785162519,6.288922848,-4.934623743333333,0.6771495377
2005-2034,2005,2,119.52400168794087,8.12727681,-4.009492168666666,2.0588923101333334
2005-2034,2005,3,119.44938697255238,10.004839703333333,-3.488918275666667,3.257960687333333
2005-2034,2005,4,70.39001338273566,14.628547266666667,-0.9281079518,6.850219703333334
2005-2034,2005,5,44.18142864936965,20.3734976,3.0878422963333336,11.7306699
2005-2034,2005,6,28.27058414963312,24.6580037,6.212056826666666,15.435030116666667
2005-2034,2005,7,6.113238473839986,30.828327233333333,10.541786190000002,20.685056866666667
2005-2034,2005,8,10.289506703323262,29.754126066666668,9.39082209,19.572474166666666
2005-2034,2005,9,19.061335681788748,26.454099233333334,6.805696999999999,16.6298982
2005-2034,2005,10,52.31885330980193,19.588581666666666,2.2543039875366664,10.921442826666667
2005-2034,2005,11,103.90754859437502,10.79053243,-2.6604766393333334,4.0650279074333335
2005-2034,2005,12,152.30969314771627,7.341333226666666,-3.89024733,1.7255429425333333
2006-2035,2006,1,157.07662108146712,6.380335747999999,-4.7581642466666665,0.8110857477
2006-2035,2006,2,122.53731887993608,8.027825143333333,-3.9812290619999997,2.023298030133333
2006-2035,2006,3,123.2046819675336,9.836827503333334,-3.570312109,3.1332576873333333
2006-2035,2006,4,68.48255582449158,14.7109616,-0.8938162584666667,6.908572736666667
2006-2035,2006,5,44.802880822185095,20.391840866666666,3.104763019666667,11.7483019
2006-2035,2006,6,24.453325526338304,24.799468933333333,6.232087703333334,15.515778183333333
2006-2035,2006,7,6.077750962408104,30.864113966666665,10.56222599,20.7131701
2006-2035,2006,8,10.28795383048149,29.82968676666667,9.473254323333332,19.65147066666667
2006-2035,2006,9,19.378968772736677,26.4656,6.816046733333334,16.640823433333335
2006-2035,2006,10,51.29965883293566,19.8005347,2.37972862087,11.090131626666667
2006-2035,2006,11,102.4881738032836,10.83385288,-2.6990099143333333,4.067421500766667
2006-2035,2006,12,153.98098585208209,7.4724576266666665,-3.7781327166666667,1.8471624425333333
2007-2036,2007,1,154.92001332302016,6.399756858,-4.714170263333333,0.8427932977
2007-2036,2007,2,130.09060555065759,8.034074409999999,-3.903304255333333,2.0653850701333334
2007-2036,2007,3,128.19334239834973,9.918930036666666,-3.488674322333333,3.215127837333333
2007-2036,2007,4,68.88332131121665,14.852632566666667,-0.8423541718,7.005139259999999
2007-2036,2007,5,44.96693211125548,20.526289666666667,3.182700633,11.854495100000001
2007-2036,2007,6,24.986720568671746,24.796480566666666,6.241122226666667,15.518801283333334
2007-2036,2007,7,5.363302031597475,30.908007133333335,10.575776356666667,20.741891833333334
2007-2036,2007,8,9.663751419276775,29.976704633333334,9.58777319,19.782239033333333
2007-2036,2007,9,18.193598362010487,26.5610286,6.860189756666667,16.710609233333333
2007-2036,2007,10,51.5856576299731,19.820208233333332,2.396363417536667,11.10828581
2007-2036,2007,11,102.07860717264866,10.822291479999999,-2.7120272176666664,4.055132150766666
2007-2036,2007,12,142.08241033507574,7.568791783333333,-3.78421843,1.8922866638666667
2008-2037,2008,1,152.6415405123473,6.410885394666667,-4.763307626666667,0.8237888867
2008-2037,2008,2,136.36980122962785,8.0374218,-3.8454649086666666,2.0959784401333335
2008-2037,2008,3,129.73763925035578,9.930463763333334,-3.483478939,3.2234923906666664
2008-2037,2008,4,69.28559157608008,14.660770633333334,-1.0001510406,6.830309850000001
2008-2037,2008,5,47.3278890220731,20.4869907,3.224411689666667,11.855701166666668
2008-2037,2008,6,27.329895611305975,24.65707796666667,6.1596114733333325,15.40834465
2008-2037,2008,7,5.068516220928665,30.9119308,10.584114956666667,20.748023
2008-2037,2008,8,9.845758274108283,29.969656433333334,9.557079723333334,19.763368266666664
2008-2037,2008,9,18.341308680139477,26.6166757,6.9041237,16.76039976666667
2008-2037,2008,10,47.04928620621163,19.91193003333333,2.3563204492033334,11.134125243333333
2008-2037,2008,11,99.62169709933109,10.876541479999998,-2.719723551,4.0784090041
2008-2037,2008,12,137.74813525883474,7.679617449999999,-3.743840233333333,1.9678885997333333
2009-2038,2009,1,161.33069527800143,6.491450831333333,-4.61164728,0.9399017750333333
2009-2038,2009,2,133.56466248442234,8.235217,-3.764766242,2.235225381466667
2009-2038,2009,3,120.92610525480158,10.118480613333332,-3.5015841056666663,3.3084482406666664
2009-2038,2009,4,68.00909465077324,14.805670966666666,-0.9169409172666667,6.9443650833333335
2009-2038,2009,5,46.31153313209156,20.61124523333333,3.3120362153333334,11.961640716666667
2009-2038,2009,6,26.058259021643266,24.8215882,6.280251393333333,15.550919716666666
2009-2038,2009,7,4.769648920196224,30.984636833333333,10.602784289999999,20.793710666666666
2009-2038,2009,8,9.59726265680299,30.036143,9.630464856666666,19.833304033333334
2009-2038,2009,9,19.632024927330722,26.607952566666665,6.903738606666667,16.755845633333333
2009-2038,2009,10,44.87171613298385,19.851711466666664,2.300949332536667,11.07633041
2009-2038,2009,11,94.1970208966743,11.00561268,-2.6701427843333336,4.1677349941
2009-2038,2009,12,137.44800253899243,7.737636126666667,-3.7228055466666663,2.0074152797333333
2010-2039,2010,1,167.87257645892657,6.676204748,-4.488274276666667,1.0939652317
2010-2039,2010,2,136.07564007225048,8.342429316666665,-3.677188612,2.3326203648
2010-2039,2010,3,120.1908555966852,10.215237613333333,-3.482671422333333,3.366283070666667
2010-2039,2010,4,68.07763023529513,14.782365800000001,-0.9506666706,6.915849616666667
2010-2039,2010,5,49.02447309073988,20.610500633333334,3.352662438666667,11.981581516666667
2010-2039,2010,6,27.807649642327977,24.850925833333335,6.36276115,15.606843416666667
2010-2039,2010,7,6.1203786582286,30.88995553333333,10.62745999,20.7587078
2010-2039,2010,8,9.897713879439197,30.0013965,9.611656790000001,19.806526766666664
2010-2039,2010,9,20.003381088684655,26.585325066666666,6.894298376666667,16.73981176666667
2010-2039,2010,10,44.94142941656847,19.9096386,2.37199571187,11.140817153333334
2010-2039,2010,11,92.25552585839952,10.96842003,-2.6707021143333334,4.148859007433333
2010-2039,2010,12,134.85796693137542,7.829159000000001,-3.7111468066666666,2.0590060964
2011-2040,2011,1,167.07020187304232,6.666788451333333,-4.492921533333333,1.0869334583666665
2011-2040,2011,2,135.73391588913776,8.48614,-3.5961649723333333,2.4449875181333334
2011-2040,2011,3,122.38203154373367,10.215052179999999,-3.472397699,3.3713272373333334
2011-2040,2011,4,68.10865554310487,14.760091,-0.9521189539333333,6.90398607
2011-2040,2011,5,49.11186433785021,20.55709243333333,3.3223473119999998,11.93971985
2011-2040,2011,6,27.9503280493515,24.938364033333336,6.411575193333333,15.674969516666666
2011-2040,2011,7,5.808763522253546,31.091745633333336,10.801605933333333,20.946675799999998
2011-2040,2011,8,9.898856753936055,30.03993876666667,9.662650289999998,19.851294666666668
2011-2040,2011,9,20.05980205897954,26.64665643333333,6.9542462800000004,16.800451433333333
2011-2040,2011,10,46.30163233167575,19.8748691,2.39792207187,11.136395586666668
2011-2040,2011,11,92.96164821283851,10.93374453,-2.6682561643333336,4.132744240766667
2011-2040,2011,12,134.0442752997196,7.934197706666667,-3.639695873333333,2.1472509130666664
2012-2041,2012,1,158.51911463103204,6.770675674666666,-4.49417971,1.1382479817
2012-2041,2012,2,137.40124829216944,8.590430966666666,-3.488233077333333,2.551098941466667
2012-2041,2012,3,125.52533256863924,10.198870613333334,-3.462852372333333,3.3680091140000004
2012-2041,2012,4,67.37532735656161,14.8185953,-0.9005113472666667,6.959042036666667
2012-2041,2012,5,47.91702951930344,20.516848466666666,3.2828129453333332,11.899830683333333
2012-2041,2012,6,27.989674035154636,25.003818466666665,6.47801226,15.740915283333333
2012-2041,2012,7,5.746721026107872,31.189579733333336,10.9105073,21.050043633333335
2012-2041,2012,8,9.373731715413438,30.229912666666667,9.82384319,20.026878099999998
2012-2041,2012,9,19.64870652291108,26.830243033333332,7.0984548966666665,16.964349066666667
2012-2041,2012,10,45.90192730115689,20.016629899999998,2.51370435187,11.265167120000001
2012-2041,2012,11,96.49168625960782,11.011647513333333,-2.545488121,4.2330797441
2012-2041,2012,12,134.64782374882262,7.766100896666667,-3.751275816666667,2.0074125364
2013-2042,2013,1,149.28337619217243,6.672371784666667,-4.606461876666667,1.0329549557
2013-2042,2013,2,131.69264443220115,8.5314182,-3.5760202873333333,2.4776989614666665
2013-2042,2013,3,122.6527224996731,10.13927388,-3.530401189,3.3044363473333336
2013-2042,2013,4,70.33741721867509,14.754247366666668,-0.911631299,6.921308103333333
2013-2042,2013,5,46.400755171025565,20.628245333333332,3.3903091753333334,12.00927725
2013-2042,2013,6,27.538870704685905,25.236175533333334,6.67111477,15.95364505
2013-2042,2013,7,5.74879252551246,31.125810133333335,10.873493333333332,20.999651866666667
2013-2042,2013,8,8.623177316873948,30.2904357,9.877584689999999,20.0840103
2013-2042,2013,9,19.14782519253379,26.926030033333333,7.174055409999999,17.0500428
2013-2042,2013,10,44.567859476397324,19.973928766666667,2.46280389187,11.21836632
2013-2042,2013,11,96.10081650332705,11.137905499999999,-2.4273877476666663,4.355258930000001
2013-2042,2013,12,135.806436328813,7.7782228899999994,-3.6651179233333333,2.0565524830666666
2014-2043,2014,1,154.18573269747426,6.748886618,-4.51628941,1.1162986057
2014-2043,2014,2,134.37771586403935,8.814941096666667,-3.326150334,2.7443953981333333
2014-2043,2014,3,125.15548558396787,10.297226346666667,-3.3742684389999997,3.4614789513333335
2014-2043,2014,4,70.72050159612975,14.759206500000001,-0.897988229,6.930609203333334
2014-2043,2014,5,47.79244140401068,20.61287636666667,3.402662442,12.007769416666667
2014-2043,2014,6,27.695415728212016,25.185702499999998,6.62927417,15.907488283333333
2014-2043,2014,7,6.25739218837256,31.09595823333333,10.915022200000001,21.0054903
2014-2043,2014,8,8.394411533961561,30.339405566666667,9.897845389999999,20.118625566666665
2014-2043,2014,9,17.89048832771182,27.016023233333332,7.19172086,17.103872133333333
2014-2043,2014,10,43.5822602308105,20.111358466666665,2.56338907187,11.337373719999999
2014-2043,2014,11,96.01318924851715,11.1029861,-2.4529485810000002,4.325018816666667
2014-2043,2014,12,133.9895247109544,7.8081362033333335,-3.68975195,2.0591921264
2015-2044,2015,1,153.8090096180447,6.780491211333333,-4.465131263333333,1.1576799753333333
2015-2044,2015,2,133.71637146978279,8.835271596666667,-3.3226580406666666,2.756306798133333
2015-2044,2015,3,125.28411701778383,10.232683446666666,-3.4274151756666664,3.402634118
2015-2044,2015,4,72.38071854264824,14.7306142,-0.9439471956666666,6.893333569999999
2015-2044,2015,5,46.518552396207745,20.659625600000002,3.4216369553333332,12.040631283333333
2015-2044,2015,6,27.87320709615925,25.151020333333335,6.615445136666667,15.883232716666667
2015-2044,2015,7,6.212429018924736,31.210330533333334,11.027298533333333,21.1188146
2015-2044,2015,8,8.395324905209513,30.3470774,9.934555289999999,20.140816500000003
2015-2044,2015,9,16.140044797489548,27.121140633333333,7.219812903333334,17.170476866666668
2015-2044,2015,10,41.509553905214155,20.3256515,2.68549042987,11.50557092
2015-2044,2015,11,94.30596152968694,11.340188399999999,-2.3706393243333332,4.484774586666666
2015-2044,2015,12,140.6651413578294,7.683832003333333,-3.7546802266666663,1.9645758830666666
2016-2045,2016,1,159.24301959840466,6.5849016979999995,-4.61315465,0.9858735286666666
2016-2045,2016,2,137.3860524095513,8.89034193,-3.22011759,2.8351121981333334
2016-2045,2016,3,120.13897785924877,10.55885039,-3.2305478536666663,3.664151238
2016-2045,2016,4,72.62300877677153,14.631176,-1.0160312980000001,6.807572416666667
2016-2045,2016,5,49.71034781435139,20.624112500000003,3.3913224486666667,12.007717483333332
2016-2045,2016,6,27.44270987104403,25.1626708,6.64404767,15.903359216666667
2016-2045,2016,7,6.198674232639726,31.140575866666666,10.9700976,21.055336766666663
2016-2045,2016,8,8.31921420425478,30.502445299999998,10.09133909,20.296892266666667
2016-2045,2016,9,17.974953695115506,26.96789546666667,7.167580693333333,17.067738133333332
2016-2045,2016,10,41.56285991419523,20.3273263,2.7271893465366666,11.52725777
2016-2045,2016,11,95.22593733213907,11.166811813333334,-2.4644383176666667,4.351186787666666
2016-2045,2016,12,143.433634550405,7.871258803333333,-3.545842073333333,2.1627083664
2017-2046,2017,1,158.10924497520315,6.887748924666667,-4.325465095,1.281141922
2017-2046,2017,2,137.2418076496909,9.141133246666667,-3.039820005,3.0506566518
2017-2046,2017,3,121.68521602844372,10.702453856666667,-3.1429105803333335,3.779771594666667
2017-2046,2017,4,74.0009428680988,14.534899066666666,-1.0990674200000001,6.717915883333333
2017-2046,2017,5,48.56804718448902,20.736893066666667,3.4544015286666667,12.095647316666666
2017-2046,2017,6,27.844948278942056,25.164292166666666,6.676421636666666,15.920356883333334
2017-2046,2017,7,7.168982794989076,30.954421500000002,10.9234454,20.9389335
2017-2046,2017,8,11.062127076637271,30.3030725,9.99819839,20.150635533333332
2017-2046,2017,9,18.090612301824315,26.888410766666667,7.105949903333333,16.9971804
2017-2046,2017,10,42.69397821072121,20.257901466666667,2.7218903265366667,11.489895853333334
2017-2046,2017,11,92.67841471700974,11.17980708,-2.4568702743333333,4.361468454333333
2017-2046,2017,12,143.84045073199437,8.041124270000001,-3.4774248266666663,2.2818497264
2018-2047,2018,1,156.52390062474004,6.823000701333333,-4.459347718333333,1.1818264953333333
2018-2047,2018,2,141.32939083912905,9.226371363333334,-2.972665151666667,3.1268531384666667
2018-2047,2018,3,126.39891075371398,10.77798479,-3.0847024536666665,3.846641108
2018-2047,2018,4,74.30083387820034,14.583128133333334,-1.0556228333333333,6.763752706666667
2018-2047,2018,5,47.19092439882547,20.8427132,3.5234088686666665,12.18306105
2018-2047,2018,6,28.393459444087977,25.1084456,6.62322557,15.865835516666666
2018-2047,2018,7,7.171787003611647,30.9813489,10.974117,20.977733033333333
2018-2047,2018,8,10.855860966670248,30.331493766666664,10.031556256666667,20.181525099999998
2018-2047,2018,9,18.048235440942054,27.063544033333336,7.24713165,17.155337933333332
2018-2047,2018,10,44.336518922032,20.40022863333333,2.8385594642033336,11.619393986666667
2018-2047,2018,11,90.79158920291616,11.267894713333334,-2.4233652786666666,4.422264764333334
2018-2047,2018,12,144.48690680180954,8.0503847,-3.4224602933333332,2.3139622044
2019-2048,2019,1,163.063741989834,7.015919363333333,-4.206087018333333,1.4049161826666667
2019-2048,2019,2,144.48181722890155,9.483704163333334,-2.6961423865333334,3.3937809218
2019-2048,2019,3,128.16496869337823,11.012163666666668,-2.941605780333333,4.035278881333333
2019-2048,2019,4,73.6432980139823,14.7252241,-0.9980036113333333,6.863610306666667
2019-2048,2019,5,45.67271398302682,21.02023236666667,3.594251702,12.307242050000001
2019-2048,2019,6,29.786670189512048,25.06616573333333,6.65045497,15.858310316666666
2019-2048,2019,7,7.811285942049126,30.965553666666665,11.022128966666665,20.993841433333333
2019-2048,2019,8,11.968811820524065,30.358337300000002,10.072297523333333,20.215317466666665
2019-2048,2019,9,18.041683582771135,27.073806366666666,7.262283066666667,17.1680448
2019-2048,2019,10,44.59843318176062,20.553609533333333,2.9726512142033332,11.76313027
2019-2048,2019,11,93.62618507244834,11.23079738,-2.4332855720000004,4.398755954333334
2019-2048,2019,12,152.89373270895925,8.0460925,-3.3349317866666666,2.3555803510666666
2020-2049,2020,1,155.62223690178965,7.0987104966666665,-4.190673495,1.454018506
2020-2049,2020,2,144.16680346821715,9.735407063333334,-2.5098622732,3.6127724318000003
2020-2049,2020,3,133.22141109987203,11.029707,-2.9118607536666663,4.058923048
2020-2049,2020,4,72.0427278217066,14.806409066666667,-0.9663660046666666,6.920021583333334
2020-2049,2020,5,46.67180715468672,20.7534319,3.3858927519999997,12.06966235
2020-2049,2020,6,31.391132932000243,25.0612967,6.710456583333333,15.885876616666668
2020-2049,2020,7,7.887441824951253,31.0252954,11.082161000000001,21.0537283
2020-2049,2020,8,12.870589173551123,30.346685933333333,10.09084629,20.218766133333336
2020-2049,2020,9,18.629490648891476,27.1631299,7.3707929,17.266961566666666
2020-2049,2020,10,48.5648085581226,20.464461533333335,2.93349899087,11.698980136666668
2020-2049,2020,11,88.41697845202066,11.398466713333333,-2.407967964,4.495249421
2020-2049,2020,12,158.88699310939353,8.129287866666667,-3.21080304,2.459242405
2021-2050,2021,1,150.44335169067335,7.3750536633333335,-4.031960400333333,1.6715466276666666
2021-2050,2021,2,141.00337919809962,9.861143796666665,-2.4329592132,3.7140923184666668
2021-2050,2021,3,135.72914527045953,11.187280866666667,-2.789837630333333,4.198721544666666
2021-2050,2021,4,71.51364385498765,14.850941616666667,-0.903223826,6.973858973333334
2021-2050,2021,5,46.71755675274654,20.806060600000002,3.4161015986666663,12.111081116666666
2021-2050,2021,6,31.75885390662267,25.036039833333334,6.724991026666667,15.880515383333334
2021-2050,2021,7,8.003760888164845,31.035263566666668,11.122842266666668,21.079053066666667
2021-2050,2021,8,13.79332128084969,30.32189256666667,10.10061839,20.2112555
2021-2050,2021,9,19.140769867332928,27.194141533333333,7.416537056666667,17.305339466666666
2021-2050,2021,10,47.50612475186337,20.623982899999998,3.04741356587,11.835698116666666
2021-2050,2021,11,96.09725888234387,11.280168346666667,-2.4155230673333334,4.432322687666667
2021-2050,2021,12,157.3079945280268,8.128625656666667,-3.2051648866666667,2.461730375
2022-2051,2022,1,155.1489395097408,7.3429027966666665,-4.070148333666666,1.636377231
2022-2051,2022,2,138.3746007934709,10.036024163333334,-2.3604904998666667,3.8377668484666665
2022-2051,2022,3,142.20685392525922,11.198832466666666,-2.7037430136666667,4.247544654666666
2022-2051,2022,4,72.08634351530964,14.773325250000001,-0.9450646826666667,6.914130366666667
2022-2051,2022,5,44.89330445942126,20.906849533333332,3.4399211320000003,12.17338535
2022-2051,2022,6,29.41847400527195,25.05134083333333,6.656329459999999,15.853835083333333
2022-2051,2022,7,8.010451705611189,31.136860433333332,11.1993038,21.1680823
2022-2051,2022,8,13.73512452916674,30.490694333333334,10.224941916666667,20.357818166666668
2022-2051,2022,9,15.393322015580566,27.322181133333334,7.53013213,17.4261568
2022-2051,2022,10,45.532441579911556,20.578038366666664,3.028834649203333,11.803436383333333
2022-2051,2022,11,101.62544238625158,11.226297413333333,-2.3651359540000003,4.430580771
2022-2051,2022,12,162.08971053747138,8.031061723333334,-3.218996113333333,2.406032805
2023-2052,2023,1,151.70967591115266,7.474032196666667,-4.037026957,1.7185026256666667
2023-2052,2023,2,131.01973703620428,10.290507819999998,-2.201796079866667,4.044355888466667
2023-2052,2023,3,141.45838822475582,11.0846201,-2.832412001333333,4.126103981333333
2023-2052,2023,4,73.98422020289296,14.592298016666666,-1.0276640596666666,6.782317066666667
2023-2052,2023,5,45.18499757513678,20.723664233333334,3.329105722,12.026385016666666
2023-2052,2023,6,28.886191459279853,25.3205269,6.848315053333334,16.08442095
2023-2052,2023,7,7.597814511244257,31.210540499999997,11.267413900000001,21.238977466666665
2023-2052,2023,8,12.268781449519679,30.559247366666668,10.28047085,20.419859166666665
2023-2052,2023,9,15.365668720760015,27.4690243,7.625721530000001,17.54737306666667
2023-2052,2023,10,45.520384921874864,20.603902966666666,3.0618288368999997,11.832865783333334
2023-2052,2023,11,106.12430613850769,11.159241546666667,-2.368696737333333,4.395272447666667
2023-2052,2023,12,165.15960560230047,7.929701023333334,-3.20067812,2.3645114549999997
2024-2053,2024,1,141.25402704360866,7.492937763333333,-4.047209590333334,1.7228640923333332
2024-2053,2024,2,136.4787390451507,10.355206253333334,-2.1489771222000003,4.103114578466667
2024-2053,2024,3,138.06497126351374,11.179344783333333,-2.8107918279999997,4.184276414666667
2024-2053,2024,4,76.84589460588924,14.51501135,-1.0597049396666667,6.7276532766666675
2024-2053,2024,5,44.86076739774942,20.9053254,3.476956565333333,12.191141016666668
2024-2053,2024,6,30.52733659058244,25.231590999999998,6.84143817,16.036514583333332
2024-2053,2024,7,7.085388648592263,31.283054566666667,11.305250366666666,21.29415273333333
2024-2053,2024,8,12.996190979329288,30.479845133333335,10.255827716666666,20.3678365
2024-2053,2024,9,15.34346454062828,27.5779724,7.757859286666667,17.667915933333333
2024-2053,2024,10,44.084851085524754,20.80452293333333,3.2363876602333335,12.02045515
2024-2053,2024,11,109.48319205441018,11.267004179999999,-2.254974886,4.506014691
2024-2053,2024,12,161.18638533682767,7.895758636666667,-3.1838325366666664,2.3559630549999997
2025-2054,2025,1,145.34597693863938,7.554241206666666,-3.9061212703333337,1.8240599756666667
2025-2054,2025,2,137.21814011885323,10.47478202,-2.0679378188666666,4.203422115133333
2025-2054,2025,3,140.04061576565755,11.28547873,-2.7638380946666667,4.2608202613333335
2025-2054,2025,4,75.0210084936508,14.674540383333333,-0.9965286696666666,6.83900591
2025-2054,2025,5,44.45076036664593,21.0329765,3.5800861999999998,12.306531383333333
2025-2054,2025,6,30.982811185031174,25.2140877,6.842090493333333,16.028089116666667
2025-2054,2025,7,7.283732785303454,31.171350166666667,11.2516421,21.211496366666665
2025-2054,2025,8,12.982956621449715,30.468587966666668,10.261431583333332,20.365009833333332
2025-2054,2025,9,15.2397459515806,27.5965324,7.770744476666667,17.683638533333333
2025-2054,2025,10,40.56488749462763,20.856104066666667,3.1500511535666664,12.003077450000001
2025-2054,2025,11,108.26949232415778,11.370144246666666,-2.250910706,4.5596168210000005
2025-2054,2025,12,165.2181777898588,7.951306146666667,-3.02133066,2.464987754
2026-2055,2026,1,157.802415857972,7.5522918033333335,-3.7987579536666667,1.876766928
2026-2055,2026,2,138.8511695796628,10.634685469999999,-1.8774197653666667,4.3786328618
2026-2055,2026,3,141.45771850556096,11.408685796666667,-2.7142736746666665,4.347206021333333
2026-2055,2026,4,74.58065098207679,14.626322883333334,-1.0254606996666666,6.800431143333333
2026-2055,2026,5,44.322949928419554,21.0922527,3.6308778333333334,12.361565283333334
2026-2055,2026,6,30.809707996112866,25.335284933333334,6.869743933333334,16.102514483333334
2026-2055,2026,7,7.110970886265733,31.348752533333332,11.339166933333333,21.343960033333335
2026-2055,2026,8,12.98442829431546,30.5058033,10.30806565,20.4069345
2026-2055,2026,9,15.017859961054466,27.556532699999998,7.753959443333333,17.6552462
2026-2055,2026,10,41.203461596852705,20.983441333333335,3.2837026314666664,12.133571816666667
2026-2055,2026,11,107.777929746751,11.444417713333333,-2.2339274393333333,4.605245170999999
2026-2055,2026,12,168.38212432212228,7.79832953,-3.0903316,2.353998974
2027-2056,2027,1,161.1083032518244,7.553205559999999,-3.7107148536666665,1.92124536
2027-2056,2027,2,130.6029780519355,10.893623403333333,-1.7059733410333335,4.59382504
2027-2056,2027,3,141.25643436741802,11.57508055,-2.647074521333333,4.4640029766666665
2027-2056,2027,4,72.80552269999616,14.692439116666666,-1.0266480521333332,6.832895543333334
2027-2056,2027,5,44.5940514724081,21.078515566666667,3.6046174733333336,12.341566550000001
2027-2056,2027,6,31.88424843257893,25.435145766666665,6.940289223333333,16.18771755
2027-2056,2027,7,7.129093328036636,31.405260633333334,11.398976000000001,21.402118599999998
2027-2056,2027,8,12.970352824033178,30.6322363,10.437498216666667,20.534867233333333
2027-2056,2027,9,15.569142503518545,27.51598243333333,7.71761921,17.61680093333333
2027-2056,2027,10,41.20003426208591,20.9404042,3.2739659514666664,12.107184883333334
2027-2056,2027,11,106.54589699084933,11.422374846666665,-2.185483936,4.6184454876666665
2027-2056,2027,12,160.909132622122,7.737825276666667,-3.1161610666666664,2.3108321106666665
2028-2057,2028,1,154.90165891218618,7.463531326666667,-3.854967877,1.8042817266666666
2028-2057,2028,2,129.655495834973,10.657864819999999,-1.9130256110333335,4.372419613333333
2028-2057,2028,3,131.6783550612748,11.60803305,-2.6659718046666665,4.4710305833333335
2028-2057,2028,4,68.52374948408328,14.734310666666666,-1.0385584788,6.8478761100000005
2028-2057,2028,5,44.92186813250123,21.131530033333334,3.609213023333333,12.370371583333334
2028-2057,2028,6,30.403141055744115,25.4347654,6.90052373,16.167644616666667
2028-2057,2028,7,7.182168547480137,31.395948733333334,11.431639733333332,21.413794499999998
2028-2057,2028,8,13.313183351769057,30.5353855,10.390095816666667,20.462740633333333
2028-2057,2028,9,15.720654464486831,27.63154493333333,7.812804133333333,17.722174666666668
2028-2057,2028,10,44.447711159120864,20.9011025,3.286659001,12.093880583333334
2028-2057,2028,11,111.72723194263394,11.35486068,-2.138541736,4.608159511
2028-2057,2028,12,161.54179124606964,7.681610910000001,-3.1139468166666666,2.2838320573333335
2029-2058,2029,1,154.3252753765709,7.693652216666667,-3.6694100636666667,2.0121210666666665
2029-2058,2029,2,134.8162609030147,10.655241453333334,-1.8692732423666667,4.392984126666667
2029-2058,2029,3,135.561067386292,11.480733283333334,-2.7249185946666667,4.377907316666667
2029-2058,2029,4,67.94401356301633,14.7470971,-1.0311646721333334,6.85796621
2029-2058,2029,5,45.89082984792923,21.1809127,3.6835714,12.432242083333334
2029-2058,2029,6,29.276833717774515,25.625263033333333,6.998209663333333,16.31173641666667
2029-2058,2029,7,6.890982387939661,31.477576566666666,11.492818233333333,21.485197633333332
2029-2058,2029,8,14.49615734304079,30.485328266666667,10.38550215,20.435415133333333
2029-2058,2029,9,15.693189872528508,27.834830933333333,7.981733879999999,17.908282566666667
2029-2058,2029,10,44.396560821492244,21.020879033333333,3.380575951,12.200727383333334
2029-2058,2029,11,112.3135242660084,11.292818546666666,-2.151412829333333,4.570702901000001
2029-2058,2029,12,155.38651638980167,7.770658376666666,-3.109480093333333,2.3305891573333333
2030-2059,2030,1,145.39621418890155,7.8965221833333334,-3.5793914536666667,2.1585653466666668
2030-2059,2030,2,132.94200669935924,10.68592954,-1.8815898823666666,4.402169846666666
2030-2059,2030,3,140.54695779699009,11.617982666666668,-2.563742918,4.5271198466666664
2030-2059,2030,4,65.19092662412929,14.909781400000002,-0.9370160688,6.986382643333333
2030-2059,2030,5,45.90960907660815,21.07270906666667,3.621454488,12.347081816666668
2030-2059,2030,6,28.23300931266774,25.639804566666665,7.0334677433333335,16.336636216666665
2030-2059,2030,7,6.785031868219255,31.536246766666668,11.543991233333333,21.540119233333332
2030-2059,2030,8,14.722623443372957,30.484740433333332,10.393745666666666,20.439242999999998
2030-2059,2030,9,15.47324931737622,27.961502600000003,8.09773049,18.029616700000002
2030-2059,2030,10,44.63801397729885,20.875790199999997,3.2844226643333334,12.08010635
2030-2059,2030,11,111.40978786736561,11.455578446666667,-2.043727452666667,4.705925551000001
2030-2059,2030,12,144.86050177295394,7.97392286,-3.0671525933333332,2.4533851416666663
2031-2060,2031,1,147.07464990315154,7.926867283333333,-3.536844487,2.19501138
2031-2060,2031,2,139.47755879842674,10.702337443333333,-1.7666874490333333,4.467825013333334
2031-2060,2031,3,142.10352081264574,11.395380166666666,-2.6603938213333334,4.367493123333333
2031-2060,2031,4,64.97669224390566,14.962385566666667,-0.8848942021333333,7.038745676666666
2031-2060,2031,5,45.84831473284149,21.170294166666668,3.6488414113333336,12.409567816666668
2031-2060,2031,6,27.67534322199919,25.704624566666666,7.022041776666667,16.363333216666668
2031-2060,2031,7,6.770856251113244,31.631720266666665,11.634118933333333,21.6329199
2031-2060,2031,8,15.666598842359969,30.522315699999996,10.460299833333332,20.491307666666668
2031-2060,2031,9,14.138735991520491,27.956432099999997,8.063184023333333,18.00980816666667
2031-2060,2031,10,42.48848614431914,21.05732353333333,3.350084871,12.203704083333333
2031-2060,2031,11,111.70186077608614,11.405772846666668,-2.0876891926666667,4.659041880999999
2031-2060,2031,12,148.76610213398826,7.908092693333333,-3.0121152933333333,2.4479887083333334
2032-2061,2032,1,151.48202251717558,8.014991093333332,-3.3947492169999998,2.310120925666667
2032-2061,2032,2,142.40552700592127,10.823757876666667,-1.6759433390333334,4.57390728
2032-2061,2032,3,136.17703268258902,11.5837448,-2.5787720813333332,4.50248632
2032-2061,2032,4,62.96448527446453,15.055959033333332,-0.8474543548,7.104252310000001
2032-2061,2032,5,44.90171890759565,21.32104663333333,3.759909978,12.54047835
2032-2061,2032,6,26.966472486523852,25.6613565,6.976247676666666,16.31880208333333
2032-2061,2032,7,6.485675141248901,31.648788033333336,11.66206195,21.6554252
2032-2061,2032,8,15.698304828750162,30.566194266666667,10.528570133333334,20.547382066666668
2032-2061,2032,9,13.970040566783506,27.856451433333334,8.013474223333334,17.934962933333335
2032-2061,2032,10,44.71618323129015,20.932629466666665,3.3053036243333334,12.118966416666666
2032-2061,2032,11,107.57878073845818,11.351223246666667,-2.1953229683333335,4.577950181
2032-2061,2032,12,140.17548387243608,7.871654246666667,-3.086826123333333,2.3924140683333333
2033-2062,2033,1,155.0944569945889,8.004352726666667,-3.378062057,2.313145329
2033-2062,2033,2,138.8860104828517,10.802565210000001,-1.7452150490333334,4.528675106666666
2033-2062,2033,3,140.23634877369122,11.538680833333334,-2.5594112913333333,4.489634753333333
2033-2062,2033,4,62.33065677015151,15.2566034,-0.7050857568000001,7.2757587866666675
2033-2062,2033,5,42.80140139343605,21.451432366666666,3.794765618,12.623099033333334
2033-2062,2033,6,26.693037134352856,25.80317493333333,7.073735683333333,16.4384553
2033-2062,2033,7,6.470414051981941,31.739898,11.720208716666667,21.730053566666665
2033-2062,2033,8,14.721376281810794,30.639066366666665,10.579048266666666,20.6090572
2033-2062,2033,9,13.141740938578888,28.007176166666667,8.124563866666668,18.065870099999998
2033-2062,2033,10,45.4892962803765,20.7067304,3.1530353743333333,11.929882783333333
2033-2062,2033,11,107.69899794007041,11.387637813333333,-2.201064705,4.593286601
2033-2062,2033,12,137.9884942648267,7.862922046666667,-3.0964575366666667,2.3832322649999997
2034-2063,2034,1,146.0306685641816,8.234117013333334,-3.2807768736666665,2.4766700756666666
2034-2063,2034,2,136.8322458594811,10.973400693333334,-1.6567319350333334,4.658334409999999
2034-2063,2034,3,137.4007376698364,11.758575350000001,-2.4023831446666666,4.678096086666667
2034-2063,2034,4,61.54315435307073,15.280404366666666,-0.6888987228,7.295752786666667
2034-2063,2034,5,43.094165742640115,21.361745499999998,3.7844080079999998,12.573076799999999
2034-2063,2034,6,28.001798751182196,25.5697207,6.886783333333333,16.228252033333334
2034-2063,2034,7,6.280952060843437,31.909707733333335,11.849990716666667,21.8798494
2034-2063,2034,8,15.28961081721767,30.632916366666667,10.613852133333333,20.623384166666664
2034-2063,2034,9,13.16934625269076,27.939457166666667,8.103713066666666,18.0215852
2034-2063,2034,10,48.34099330338036,20.864681,3.322408291,12.093544516666666
2034-2063,2034,11,116.12839286392321,11.439849346666668,-2.0007391583333334,4.719555147666667
2034-2063,2034,12,138.16443438259384,7.951645396666667,-2.9782646198666667,2.486690391666667
2035-2064,2035,1,156.18192748400665,8.090221596666668,-3.2741666069999997,2.408027499
2035-2064,2035,2,134.06272446111888,11.030445526666666,-1.6608059313666668,4.68481982
2035-2064,2035,3,137.74041082962776,11.70589525,-2.4500617213333333,4.627916753333333
2035-2064,2035,4,61.492300834713305,15.184373666666666,-0.7735969961333333,7.205388306666666
2035-2064,2035,5,43.22651369821599,21.526087866666668,3.8992405746666665,12.712664266666668
2035-2064,2035,6,27.955520549796073,25.681426466666668,6.9737461099999996,16.327586333333333
2035-2064,2035,7,7.678607360416504,31.923422833333333,11.875004333333333,21.899213733333333
2035-2064,2035,8,16.74286767296591,30.605227533333334,10.615147766666666,20.61018753333333
2035-2064,2035,9,12.665581432603284,27.964789033333332,8.123449803333333,18.0441195
2035-2064,2035,10,43.970833800199415,21.134529566666668,3.4944402776666665,12.31448475
2035-2064,2035,11,118.63415148330138,11.477896246666667,-1.9499116716666667,4.7639923343333335
2035-2064,2035,12,142.2683959852679,7.834030786666667,-3.0506728698666667,2.3916789656666664
2036-2065,2036,1,150.06796669300192,8.156095696666666,-3.2631021636666664,2.4464967656666667
2036-2065,2036,2,132.9329278050003,11.084540426666667,-1.6133908913666668,4.735574776666667
2036-2065,2036,3,135.26712230473208,11.86705375,-2.3291826413333334,4.76893552
2036-2065,2036,4,61.877331299902124,15.137574833333334,-0.7357622004666666,7.200906286666667
2036-2065,2036,5,42.710090379390145,21.4864745,3.8652098980000003,12.675842233333332
2036-2065,2036,6,28.11266004166112,25.746132333333332,7.041809533333334,16.393970966666668
2036-2065,2036,7,7.707346216350912,31.939498099999998,11.925297516666665,21.932397966666667
2036-2065,2036,8,16.772166180105174,30.6313268,10.6617674,20.646546933333333
2036-2065,2036,9,12.50322839810479,27.939450733333334,8.124933386666667,18.032192133333336
2036-2065,2036,10,44.39651092841341,21.11073843333333,3.5280398776666666,12.319388983333333
2036-2065,2036,11,121.29648312405116,11.47572448,-1.8773087023333335,4.799207934333333
2036-2065,2036,12,139.45897546236935,7.780625086666666,-3.0804359831999997,2.350094562333333
2037-2066,2037,1,146.69976830682035,8.2656696,-3.141904900333333,2.5618823523333334
2037-2066,2037,2,124.96869038130411,11.125245426666668,-1.6378053046999999,4.743720056666667
2037-2066,2037,3,134.20239126118497,11.839213066666668,-2.342248448,4.748482273333334
2037-2066,2037,4,63.767882576419,15.03956,-0.7492184238,7.145170763333334
2037-2066,2037,5,41.02980838918091,21.702211966666667,3.9885440146666666,12.845378033333333
2037-2066,2037,6,27.043280227774925,26.058405233333335,7.269320023333333,16.6638627
2037-2066,2037,7,8.894056414051697,31.910711833333334,12.0067301,21.958721099999998
2037-2066,2037,8,16.407026609735443,30.628413966666663,10.682941099999999,20.655677366666666
2037-2066,2037,9,14.4640417624669,27.939919233333335,8.187165986666667,18.063542733333335
2037-2066,2037,10,43.19264989605441,20.924610966666666,3.436208784333333,12.1804097
2037-2066,2037,11,121.03492459810694,11.51528038,-1.883989129,4.815645671
2037-2066,2037,12,147.8777665245426,7.6003676533333335,-3.1528744165333333,2.223746629
2038-2067,2038,1,146.95539935048484,8.358312483333334,-3.0258525203333333,2.6662299866666666
2038-2067,2038,2,117.54418290159256,11.359263803333333,-1.4944812110333332,4.932391296666666
2038-2067,2038,3,130.80002278868324,12.065357333333333,-2.2002510100333335,4.932553126666666
2038-2067,2038,4,63.891305046310116,15.228983333333334,-0.6143626371333333,7.307310330000001
2038-2067,2038,5,39.138594293709644,21.872992166666666,4.046316368,12.9596543
2038-2067,2038,6,25.40906175613922,26.300457333333334,7.476451123333333,16.888454266666667
2038-2067,2038,7,8.921101987528358,32.020621866666666,12.1247904,22.072706233333335
2038-2067,2038,8,16.06355491984469,30.78767356666667,10.884048,20.835860633333333
2038-2067,2038,9,16.211362881789434,27.936477433333334,8.22776917,18.082123433333333
2038-2067,2038,10,43.36147991693495,21.039306,3.5570547326666664,12.298180166666667
2038-2067,2038,11,121.32182894331662,11.512309713333334,-1.863219509,4.824545137666666
2038-2067,2038,12,150.80988331933935,7.68413182,-3.0677670131999997,2.3081824056666664
2039-2068,2039,1,146.00704532525302,8.3820412,-3.0279901236666666,2.6770255433333334
2039-2068,2039,2,121.00819749021899,11.139866156666667,-1.5941220210333333,4.772872060666667
2039-2068,2039,3,132.3414898054491,12.026656716666668,-2.2002060200333333,4.913225303333333
2039-2068,2039,4,61.78543606667011,15.315099566666667,-0.5814205571333333,7.3668394966666675
2039-2068,2039,5,37.944759088844506,21.9020589,4.081312741333333,12.991685866666666
2039-2068,2039,6,26.45444335546447,26.230592933333334,7.455649589999999,16.8431213
2039-2068,2039,7,9.047484926024543,32.06521446666667,12.1819872,22.123600933333332
2039-2068,2039,8,16.19918781683274,30.8494128,10.956266983333334,20.9028398
2039-2068,2039,9,15.50861353958847,28.007836633333334,8.34765328,18.177745133333335
2039-2068,2039,10,45.05479971757655,21.114310933333336,3.657076486,12.385693533333333
2039-2068,2039,11,117.70176442337522,11.672384946666666,-1.8277751483333333,4.9223049376666665
2039-2068,2039,12,155.83412685054,7.772375286666667,-2.9696457753333334,2.4013647689999997
2040-2069,2040,1,152.65408473470524,8.3661975,-2.9741648290000002,2.696016326666667
2040-2069,2040,2,124.27560802766662,11.161203073333333,-1.5789077587000002,4.791147627333333
2040-2069,2040,3,136.98683992294886,11.899123750000001,-2.1935244633666664,4.85279959
2040-2069,2040,4,63.201855947660185,15.347133433333333,-0.4910828204666666,7.428025303333333
2040-2069,2040,5,36.84933983288106,21.819856266666665,4.028380374666667,12.9241184
2040-2069,2040,6,26.686417399108045,26.102664366666666,7.404334250000001,16.753499333333334
2040-2069,2040,7,7.991091976473821,32.095294233333334,12.181546566666666,22.13842053333333
2040-2069,2040,8,15.59546779852376,31.036125833333333,11.083160349999998,21.059643
2040-2069,2040,9,15.11509012841377,28.196362033333333,8.47908829,18.33772533333333
2040-2069,2040,10,43.75956754787583,21.2071168,3.6924175126666663,12.449766983333335
2040-2069,2040,11,119.80862481907292,11.789552363333334,-1.7514259583333334,5.019063237666667
2040-2069,2040,12,160.79977754888694,7.822896986666667,-2.861437842,2.4807295756666665
2041-2070,2041,1,150.28974141428043,8.48776022,-2.893117392333333,2.797321396666667
2041-2070,2041,2,126.22144947987164,11.03402284,-1.6350371983666667,4.699492787333333
2041-2070,2041,3,137.55531567805014,11.81077695,-2.1829492423666665,4.81391379
2041-2070,2041,4,64.10614165862877,15.3822034,-0.4241655238,7.479018936666667
2041-2070,2041,5,37.42363671141765,21.826714799999998,4.019608984666666,12.923161966666667
2041-2070,2041,6,25.832151300215052,26.330922866666665,7.576259283333333,16.9535911
2041-2070,2041,7,8.180859727907393,32.14215536666667,12.225145233333334,22.183650433333334
2041-2070,2041,8,15.612557319011412,31.139664166666666,11.180522716666667,21.160093333333336
2041-2070,2041,9,15.037525064007637,28.331242333333332,8.610008473333332,18.47062556666667
2041-2070,2041,10,42.669847597150515,21.392101633333333,3.8416741059999997,12.616887716666668
2041-2070,2041,11,119.75466450289066,11.899068696666665,-1.6432526383333335,5.127908051
2041-2070,2041,12,160.94700384783812,7.820289036666667,-2.8617928886666664,2.479248075666667
2042-2071,2042,1,158.516967932834,8.404834343333333,-2.8475705023333333,2.7786319
2042-2071,2042,2,127.49652507246381,10.957821740000002,-1.7008959666999999,4.628462867333334
2042-2071,2042,3,133.74835472417274,11.953815683333334,-2.1472724757,4.903271536666667
2042-2071,2042,4,63.11815728775547,15.526492433333335,-0.3665609158,7.579965736666667
2042-2071,2042,5,36.89833098916263,21.9587776,4.088672704666667,13.0237252
2042-2071,2042,6,25.850482756335033,26.494262166666665,7.700015816666666,17.097139033333335
2042-2071,2042,7,8.251162178871697,32.11598683333333,12.234970299999999,22.175478633333334
2042-2071,2042,8,16.930137017056467,31.101641766666667,11.222182183333333,21.161911866666667
2042-2071,2042,9,15.308124951600341,28.3402315,8.619490123333332,18.479860966666667
2042-2071,2042,10,41.744410290527405,21.505480033333335,3.9341121726666666,12.719795983333334
2042-2071,2042,11,114.62548432363997,11.96847678,-1.710135365,5.129170744333334
2042-2071,2042,12,157.93968838214397,7.89858368,-2.8352312486666666,2.531676219
2043-2072,2043,1,156.11719015803035,8.585432323333333,-2.7474764523333333,2.9189779093333335
2043-2072,2043,2,129.7791570309611,11.186338506666667,-1.5529433433666666,4.816697570666666
2043-2072,2043,3,134.06362512336995,12.11610265,-2.0408376647,5.037632436666667
2043-2072,2043,4,59.571018638443824,15.7156588,-0.2836422508,7.716008236666667
2043-2072,2043,5,36.391581388929445,21.997292599999998,4.125487054666666,13.0613899
2043-2072,2043,6,24.598587095865174,26.5897633,7.76389635,17.176829866666665
2043-2072,2043,7,8.322735653384765,32.17003113333333,12.300912833333333,22.235472033333334
2043-2072,2043,8,16.836812354289254,31.13834316666667,11.297943550000001,21.2181433
2043-2072,2043,9,15.563282321066755,28.4531041,8.747608033333334,18.600356266666665
2043-2072,2043,10,40.46226121073327,21.781101166666666,4.185703422666666,12.983402183333334
2043-2072,2043,11,111.92601814019898,12.042157746666668,-1.7418350883333333,5.150161357666667
2043-2072,2043,12,162.5729772905849,7.833338096666667,-2.9226829886666663,2.4553275556666665
2044-2073,2044,1,151.57121627966117,8.734505536666667,-2.6370578690000004,3.048723816
2044-2073,2044,2,125.44565154165568,11.280011173333333,-1.5282973547,4.875856894
2044-2073,2044,3,127.69763713507581,12.213589216666666,-2.0846317247,5.0644786900000005
2044-2073,2044,4,56.61851751972786,15.9401965,-0.18925747746666666,7.87546947
2044-2073,2044,5,34.599727769246805,22.148884666666667,4.211093444666667,13.179989133333333
2044-2073,2044,6,25.828388735172577,26.501926933333333,7.73472796,17.118327466666667
2044-2073,2044,7,8.140000074077578,32.2806747,12.397148,22.338911433333333
2044-2073,2044,8,17.180961166302488,31.1364053,11.33465635,21.235530766666667
2044-2073,2044,9,15.499455687923257,28.424615866666667,8.7535149,18.5890655
2044-2073,2044,10,41.53049833848425,21.629770333333333,4.085271816,12.857520983333334
2044-2073,2044,11,110.43024564889332,12.047238779999999,-1.7339652683333333,5.156636771
2044-2073,2044,12,163.15862258932555,8.09772785,-2.6792949286666663,2.709216447333333
2045-2074,2045,1,156.6863221997265,8.785513893333333,-2.599396949,3.093058446
2045-2074,2045,2,128.0529097771952,11.25320874,-1.4942586013666668,4.879475060666667
2045-2074,2045,3,127.18208174014778,12.197719933333333,-2.0638937513666664,5.0669130466666665
2045-2074,2045,4,55.87067577477267,15.990054233333332,-0.1446059274666667,7.9227241133333335
2045-2074,2045,5,35.41858075637367,22.2345159,4.315610201333333,13.27506315
2045-2074,2045,6,25.668220180385035,26.5768142,7.795656826666667,17.186235500000002
2045-2074,2045,7,8.250065449338328,32.27506923333333,12.4204588,22.34776413333333
2045-2074,2045,8,17.2073649421429,31.282498166666667,11.465861083333333,21.374179533333333
2045-2074,2045,9,15.199175508594118,28.589572466666667,8.880456066666666,18.735014433333333
2045-2074,2045,10,40.5386717970402,21.707541433333333,4.147692229333333,12.927616783333333
2045-2074,2045,11,115.43951810002436,11.86705428,-1.8063137616666667,5.030370274333333
2045-2074,2045,12,154.45958663159703,8.190908133333332,-2.664632892,2.7631376006666666
2046-2075,2046,1,148.9648098993261,9.242623396666666,-2.2908660726666668,3.4758786326666664
2046-2075,2046,2,123.34316309585653,11.239825406666666,-1.5348965653666666,4.852464410666667
2046-2075,2046,3,129.1940491950053,11.980966866666668,-2.184481423366667,4.898242693333333
2046-2075,2046,4,55.31152564806736,16.071710333333336,-0.06990356746666669,8.000903346666666
2046-2075,2046,5,33.49607202118553,22.171000566666667,4.331709191333333,13.25135495
2046-2075,2046,6,24.956462293635607,26.866093133333333,8.053849793333333,17.459971433333333
2046-2075,2046,7,8.248111447956509,32.32597296666667,12.4718511,22.398912166666666
2046-2075,2046,8,17.208540639265905,31.326440066666667,11.517989683333333,21.42221483333333
2046-2075,2046,9,16.503301166224475,28.717161766666667,8.980947676666666,18.8490549
2046-2075,2046,10,40.58482410095907,21.866878333333332,4.305608772666667,13.086243516666666
2046-2075,2046,11,113.35129011104704,12.114536766666667,-1.6172481883333334,5.248644296666667
2046-2075,2046,12,150.3055121567419,8.281811633333334,-2.637974368666667,2.821918607333333
2047-2076,2047,1,156.51210941802756,9.123084063333332,-2.336211661,3.3934361726666666
2047-2076,2047,2,123.07854616785458,11.12384104,-1.5652466270333332,4.779297190666667
2047-2076,2047,3,131.83693842920556,11.935688666666666,-2.1630229000333334,4.88633286
2047-2076,2047,4,54.69956779988485,16.079377733333335,-0.05881346680000002,8.010282113333334
2047-2076,2047,5,34.272258062025685,22.169568,4.3634729446666665,13.26652055
2047-2076,2047,6,25.17785394846576,26.7709012,7.96776636,17.3693338
2047-2076,2047,7,7.066302830137787,32.6596376,12.663620666666667,22.6616292
2047-2076,2047,8,15.483393849612662,31.5339272,11.65021705,21.592072033333334
2047-2076,2047,9,15.820078816722042,29.071123033333333,9.2487264,19.159924866666664
2047-2076,2047,10,43.19826859712099,21.92989053333333,4.392632659333333,13.16126155
2047-2076,2047,11,116.34654464613915,12.0019207,-1.629682405,5.186119146666667
2047-2076,2047,12,145.65621285958525,8.258721146666666,-2.596373162,2.831173960666667
2048-2077,2048,1,157.4370055082228,9.276787406666667,-2.1182075643333333,3.5792898993333333
2048-2077,2048,2,120.19224271945923,11.238770156666668,-1.4803243837000002,4.8792228673333335
2048-2077,2048,3,128.91969209455232,11.942057799999999,-2.1724474933666666,4.884805143333334
2048-2077,2048,4,52.712082172666754,16.1909593,0.03616130319999999,8.11356028
2048-2077,2048,5,36.08293533316241,22.04210853333333,4.279042484666666,13.160575583333333
2048-2077,2048,6,24.292504731006787,26.8693409,8.029173759999999,17.449257366666664
2048-2077,2048,7,7.735277651244588,32.78062526666667,12.782117466666667,22.7813714
2048-2077,2048,8,16.595408783327006,31.513667533333333,11.668745183333334,21.5912063
2048-2077,2048,9,16.05332124251841,29.046221,9.279707266666666,19.1629643
2048-2077,2048,10,40.203133919612846,21.950708566666666,4.4005404493333335,13.175624483333333
2048-2077,2048,11,116.71505304098187,11.972186966666667,-1.6144189756666667,5.178883996666667
2048-2077,2048,12,150.85886736693917,8.25899687,-2.6111549419999998,2.8239209339999998
2049-2078,2049,1,157.0430318785139,9.491390406666666,-1.9370957621333331,3.7771472953333336
2049-2078,2049,2,126.11222613383991,11.13317994,-1.5011963598333333,4.815991774
2049-2078,2049,3,135.5267266556348,11.860745000000001,-2.1551800167,4.8527824766666665
2049-2078,2049,4,52.643288060866915,16.037373066666667,-0.032557528800000006,8.002407756666667
2049-2078,2049,5,36.465107996199386,22.006412066666666,4.293079751333334,13.149746016666667
2049-2078,2049,6,23.569771249516183,26.8805493,7.98958241,17.435065866666665
2049-2078,2049,7,6.815833371904153,32.935437033333336,12.843615766666666,22.889526366666665
2049-2078,2049,8,14.951036038986603,31.634430533333333,11.775506283333334,21.7049684
2049-2078,2049,9,17.916208978887383,29.103131766666667,9.38480015,19.2439661
2049-2078,2049,10,43.8308284869019,21.729931633333333,4.317591882666666,13.023761733333334
2049-2078,2049,11,115.62874924044904,12.0717739,-1.560546782,5.25561354
2049-2078,2049,12,144.73208833983398,8.268511103333333,-2.616380995333333,2.826065034
2050-2079,2050,1,159.0294744071187,9.269704840000001,-2.0630465321333333,3.6033291286666667
2050-2079,2050,2,125.20270009909203,11.035423206666668,-1.5368578331666667,4.7492826673333335
2050-2079,2050,3,133.4717378727351,11.895133333333332,-2.1217808403666667,4.886676253333333
2050-2079,2050,4,53.12559285236116,16.0314862,-0.005207215466666678,8.013139483333333
2050-2079,2050,5,36.062572361556626,22.059243533333333,4.312302934666667,13.18577335
2050-2079,2050,6,22.62614968641988,27.0679505,8.06321273,17.565581666666667
2050-2079,2050,7,7.198799287845372,32.92654903333333,12.838424433333333,22.882486733333334
2050-2079,2050,8,13.97566002444957,31.819886933333333,11.93313075,21.876508833333332
2050-2079,2050,9,17.443815831932465,29.09657556666667,9.37248655,19.234531133333334
2050-2079,2050,10,40.88371591419819,21.9656655,4.495929916,13.230797666666666
2050-2079,2050,11,121.61119967362394,11.9243879,-1.5659661249999999,5.179210876666667
2050-2079,2050,12,144.05665489309334,8.216090403333332,-2.6909916086666663,2.7625493773333334
2051-2080,2051,1,166.67393074937135,9.088328606666666,-2.1714682301333332,3.4584301686666667
2051-2080,2051,2,125.54457266811525,10.802300386666667,-1.7023502865,4.5499750363333336
2051-2080,2051,3,129.6111829232594,11.856687466666667,-2.096015930366667,4.880335773333333
2051-2080,2051,4,54.50476338019533,16.032404483333334,0.023188082533333324,8.027796283333334
2051-2080,2051,5,36.0868728631252,22.118646899999998,4.3694350680000005,13.24404105
2051-2080,2051,6,21.484987307961774,27.215016,8.144484573333333,17.679750333333335
2051-2080,2051,7,6.956409845234262,33.0599116,12.956174533333332,23.008043033333333
2051-2080,2051,8,13.047903077478242,32.0104813,12.094959883333333,22.05272066666667
2051-2080,2051,9,16.011091583961655,29.325620833333335,9.533384083333335,19.429502533333334
2051-2080,2051,10,39.27470777759651,22.132214400000002,4.595176016,13.363695166666668
2051-2080,2051,11,114.21390890063826,12.035734600000001,-1.5736170283333335,5.231058776666667
2051-2080,2051,12,145.22825114580817,8.15391588,-2.736263768666667,2.7088260330000002
2052-2081,2052,1,161.7623399800769,8.903955546666667,-2.3323382734666667,3.2858086186666666
2052-2081,2052,2,133.2361158721903,10.59288984,-1.7403338965000001,4.426277959666667
2052-2081,2052,3,130.91764453907888,11.729861246666667,-2.1481527803666665,4.790854245666667
2052-2081,2052,4,54.23373166298633,16.088695216666668,0.0728486392,8.080771956666666
2052-2081,2052,5,36.16645982051156,22.223490799999997,4.4371186546666666,13.330304816666667
2052-2081,2052,6,23.09217308753006,27.278877033333334,8.230747006666666,17.754812066666666
2052-2081,2052,7,6.527269818945692,33.036570766666664,12.942819766666666,22.989695166666667
2052-2081,2052,8,13.048120800933697,32.0402705,12.16369475,22.101982666666668
2052-2081,2052,9,16.264028621896657,29.4049958,9.603292943333335,19.504144433333334
2052-2081,2052,10,35.947241943619765,22.335365233333334,4.735440902666666,13.535403033333333
2052-2081,2052,11,108.19347722418844,11.930864866666667,-1.7151061383333333,5.107879356666667
2052-2081,2052,12,143.73281821471073,8.22102248,-2.6721981186666666,2.7744121463333333
2053-2082,2053,1,167.21344977476897,8.986368913333333,-2.201633531466667,3.392367652
2053-2082,2053,2,137.47178742195902,10.629485773333332,-1.6500633365000001,4.489711209666667
2053-2082,2053,3,136.33505047351437,11.796802913333332,-2.0517184403666664,4.8725422290000004
2053-2082,2053,4,54.00444094100407,16.12952665,0.10058719619999998,8.115056956666667
2053-2082,2053,5,35.300026008331336,22.471491866666668,4.595457574666667,13.533474783333334
2053-2082,2053,6,22.97358667248698,27.190637633333335,8.179371606666667,17.685004633333335
2053-2082,2053,7,6.41285846781789,33.18748633333333,13.036130516666667,23.111808333333332
2053-2082,2053,8,12.221548454504507,32.12512026666666,12.247333583333333,22.186226966666666
2053-2082,2053,9,14.842349685960963,29.5164875,9.700002743333334,19.60824523333333
2053-2082,2053,10,36.29474084191011,22.4322651,4.791357822666667,13.611811399999999
2053-2082,2053,11,102.27154954056459,12.14490515,-1.6450061616666667,5.249949483333333
2053-2082,2053,12,152.222044052143,8.294143146666666,-2.6247823086666666,2.834680383
2054-2083,2054,1,168.05259231371986,8.99726388,-2.1756902831333336,3.410786762
2054-2083,2054,2,131.22945306573425,10.597079939999999,-1.6922735168333332,4.452403196333334
2054-2083,2054,3,142.35313552451788,11.708462379999999,-2.0230291117,4.842716629
2054-2083,2054,4,53.77653588182281,16.279815016666667,0.23039432619999997,8.255104696666667
2054-2083,2054,5,35.81336391547986,22.362329233333334,4.5412343213333335,13.451781816666665
2054-2083,2054,6,20.669762356793814,27.675288733333332,8.511244673333334,18.09326666666667
2054-2083,2054,7,6.405093787925577,33.2888814,13.13770305,23.213292133333333
2054-2083,2054,8,11.478076322949265,32.34349726666667,12.443535916666667,22.393516666666663
2054-2083,2054,9,14.864456128040407,29.659803366666665,9.797357376666668,19.728580533333336
2054-2083,2054,10,35.54605737595278,22.4838911,4.737226039333334,13.610558533333334
2054-2083,2054,11,94.53054014904795,12.210061416666667,-1.6349125409999998,5.287574413333333
2054-2083,2054,12,149.56275121290437,8.354882583333334,-2.6233700253333336,2.8657562396666667
2055-2084,2055,1,161.18934999452316,9.169339346666668,-2.1619395754666666,3.503699842
2055-2084,2055,2,137.81886405591166,10.513038506666668,-1.6896096201666666,4.411714426333333
2055-2084,2055,3,136.13750024635343,11.942136546666665,-1.9212686833666666,5.010433915666667
2055-2084,2055,4,51.23352005244324,16.395938216666668,0.2880725762,8.34200543
2055-2084,2055,5,36.25634080877525,22.4188683,4.583181917999999,13.501025183333333
2055-2084,2055,6,21.36586271997631,27.701550566666665,8.553715083333334,18.127632766666668
2055-2084,2055,7,9.726463777964561,33.451122133333335,13.35052945,23.4008257
2055-2084,2055,8,15.10104902156628,32.17778933333333,12.400522416666666,22.289156
2055-2084,2055,9,14.590696955186493,29.69818713333333,9.823460743333333,19.760824099999997
2055-2084,2055,10,35.89161314299493,22.621907833333335,4.901237446,13.761572633333333
2055-2084,2055,11,99.2195385305567,12.170780016666667,-1.5467216976666667,5.312029133333334
2055-2084,2055,12,150.14546696581158,8.222234783333333,-2.7186283253333334,2.751803182333333
2056-2085,2056,1,154.264647306207,9.09325802,-2.2804439188,3.4064070086666667
2056-2085,2056,2,137.2225496641403,10.521262323333334,-1.6750093590000001,4.423126476333334
2056-2085,2056,3,133.32487480753315,12.021925013333334,-1.9040528033666666,5.058936092333334
2056-2085,2056,4,53.85661842515517,16.281039333333332,0.24265639619999999,8.261847896666668
2056-2085,2056,5,37.65270235285424,22.3113052,4.519841778,13.415573583333334
2056-2085,2056,6,21.690929052740454,27.757944366666667,8.666376663333333,18.212160433333334
2056-2085,2056,7,9.720349805574442,33.48869436666667,13.414279050000001,23.4514866
2056-2085,2056,8,15.27485004578495,32.20077966666667,12.434338466666667,22.317559266666667
2056-2085,2056,9,14.526023664106875,29.927373,9.986424309999999,19.956898833333334
2056-2085,2056,10,35.702916815917696,22.742118100000003,5.003292712666666,13.872705400000001
2056-2085,2056,11,104.45830965057034,12.199993883333333,-1.5183812123333333,5.340806316666667
2056-2085,2056,12,151.78362202336584,8.36736925,-2.5963866786666667,2.885491239
2057-2086,2057,1,151.44232779341564,9.384126353333333,-2.098460435466667,3.64283291
2057-2086,2057,2,145.0722924388152,10.404887656666666,-1.7489056833333334,4.327990966333333
2057-2086,2057,3,129.79247495293137,12.137696913333334,-1.8684490233666666,5.134623929
2057-2086,2057,4,57.19605310267405,16.134288266666665,0.20251152966666666,8.16839994
2057-2086,2057,5,37.63222649436741,22.34831236666667,4.576019338,13.462165950000001
2057-2086,2057,6,20.511203553663822,27.82538933333333,8.767043873333334,18.2962165
2057-2086,2057,7,10.626907590943228,33.501939533333335,13.463152583333335,23.482545966666667
2057-2086,2057,8,15.707927859310878,32.206864333333336,12.4925186,22.349691733333334
2057-2086,2057,9,14.691644746757365,29.978244633333336,10.103018543333333,20.040631800000003
2057-2086,2057,10,35.48200276609334,22.9213444,5.134135222666667,14.027739833333333
2057-2086,2057,11,104.13546539803656,12.226241616666666,-1.5263600756666666,5.34994075
2057-2086,2057,12,147.5746866434269,8.528412303333333,-2.575404212,2.9765039923333334
2058-2087,2058,1,160.22703286637378,9.418731086666666,-2.001755085466667,3.7084879566666666
2058-2087,2058,2,141.64081246431817,10.72792974,-1.4932750423333334,4.617327329666667
2058-2087,2058,3,127.928796502668,12.296977046666665,-1.7828160767,5.2570804823333335
2058-2087,2058,4,54.310395174961386,16.494440283333333,0.42109190299999993,8.457766106666666
2058-2087,2058,5,36.00449126730953,22.425468833333333,4.624514664666666,13.524991816666667
2058-2087,2058,6,19.746149656738755,28.003809633333333,8.91272278,18.458266133333332
2058-2087,2058,7,11.109334054176545,33.54105593333333,13.538808883333333,23.539932333333336
2058-2087,2058,8,15.384434611664052,32.33670836666667,12.611421233333335,22.474065033333332
2058-2087,2058,9,14.443645127300716,29.9988067,10.111158406666668,20.05498276666667
2058-2087,2058,10,33.62422579981122,23.094772466666665,5.31533792,14.205055183333334
2058-2087,2058,11,100.08674826194927,12.289227149999999,-1.5254584156666666,5.381884336666667
2058-2087,2058,12,149.37027061044103,8.642785036666668,-2.528893722,3.0569456023333337
2059-2088,2059,1,168.1724750588472,9.38870017,-1.9993081354666666,3.69469599
2059-2088,2059,2,143.585382532791,10.78954644,-1.4196072443333334,4.684969549666667
2059-2088,2059,3,131.49101292728065,12.287523279999998,-1.7208199900333334,5.283351649
2059-2088,2059,4,54.46213603343775,16.427635016666667,0.37581750966666666,8.401726273333333
2059-2088,2059,5,36.32284970345463,22.557335333333334,4.686217178000001,13.621776350000001
2059-2088,2059,6,20.20239146973069,28.006583799999998,8.928416413333334,18.467500066666666
2059-2088,2059,7,11.16245219163086,33.600025433333336,13.60749885,23.603762066666665
2059-2088,2059,8,14.396200414413357,32.469803666666664,12.731929866666666,22.600867033333333
2059-2088,2059,9,14.606097868854047,29.955973133333334,10.107227173333333,20.0316004
2059-2088,2059,10,33.65601143658815,23.1206629,5.35625737,14.238460083333333
2059-2088,2059,11,100.40639790099205,12.50297095,-1.3544358556666665,5.5742675366666665
2059-2088,2059,12,150.967364567313,8.528799170000001,-2.570888545333333,2.978955259
2060-2089,2060,1,172.6555048526085,9.335244153333333,-1.9893044674666667,3.672969823333333
2060-2089,2060,2,148.26374282955467,10.931497873333335,-1.2777745494000001,4.826861616333333
2060-2089,2060,3,133.27366193147614,12.36263778,-1.6665974433666666,5.348020165666667
2060-2089,2060,4,52.85666283512288,16.55396495,0.3972453396666667,8.475605173333333
2060-2089,2060,5,36.86052699323911,22.6675738,4.78716172,13.72736785
2060-2089,2060,6,20.49863965388699,28.140039066666667,9.044882066666668,18.592460533333334
2060-2089,2060,7,11.198192308635605,33.670620766666666,13.689336416666666,23.679978466666668
2060-2089,2060,8,15.700503244147116,32.487228433333335,12.791463166666666,22.639346
2060-2089,2060,9,14.379184191997798,29.932473966666667,10.108629406666667,20.020551933333333
2060-2089,2060,10,33.88703209075309,23.066903833333335,5.302432623333333,14.18466815
2060-2089,2060,11,104.03925675684727,12.350754083333333,-1.3568958556666668,5.49692909
2060-2089,2060,12,153.34184138383256,8.45620087,-2.565413255333333,2.945393759
2061-2090,2061,1,166.60080428369028,9.309445686666667,-2.0583213074666666,3.6255621700000003
2061-2090,2061,2,140.38209742601288,11.08551572,-1.2234321027333332,4.931041769666667
2061-2090,2061,3,134.20653886062004,12.515365746666667,-1.5461867000333334,5.484589539
2061-2090,2061,4,53.66293426247602,16.66701288333333,0.46810722299999996,8.567560073333334
2061-2090,2061,5,38.86843580032319,22.631776433333336,4.7988184799999996,13.715297516666668
2061-2090,2061,6,20.61589857160099,28.120034133333334,9.04089601,18.580465033333333
2061-2090,2061,7,11.100299398288717,33.79277776666667,13.752879016666666,23.7728282
2061-2090,2061,8,13.848452551239701,32.653673266666665,12.886190833333334,22.769932266666668
2061-2090,2061,9,14.36696855746542,30.180322933333333,10.299661173333334,20.239992266666665
2061-2090,2061,10,34.37647459380062,23.2622347,5.449642936666667,14.355938783333333
2061-2090,2061,11,104.24002386168861,12.443694516666666,-1.3352082456666667,5.554243116666667
2061-2090,2061,12,156.56297752960418,8.510813603333334,-2.5206993218666667,2.9950570923333335
2062-2091,2062,1,165.17876853643332,9.429251186666667,-2.0011637781333333,3.714043676666667
2062-2091,2062,2,141.51910612469322,11.016718753333333,-1.2963118227333335,4.860203436333333
2062-2091,2062,3,138.68111828538537,12.539457546666666,-1.4836776715,5.5278899390000005
2062-2091,2062,4,56.09833323303371,16.51555415,0.4050034656666667,8.460278839999999
2062-2091,2062,5,38.93249874826131,22.6001825,4.781423246666666,13.690802916666666
2062-2091,2062,6,20.637199326919795,28.245900366666667,9.145717243333333,18.69580876666667
2062-2091,2062,7,11.084301722272196,33.882587,13.817531866666666,23.8500593
2062-2091,2062,8,13.926881114259835,32.685653,12.937781033333332,22.811717333333334
2062-2091,2062,9,15.31793620968289,30.2856676,10.419866073333333,20.352767033333336
2062-2091,2062,10,31.3968467317312,23.396331966666665,5.542546026666667,14.469438983333333
2062-2091,2062,11,102.83446782615846,12.764132483333333,-1.120017629,5.8220574166666665
2062-2091,2062,12,163.84543635527234,8.673073903333334,-2.3815259252,3.1457739323333334
2063-2092,2063,1,164.44574058572707,9.446343353333333,-1.9505907904666666,3.747876253333333
2063-2092,2063,2,141.68028444370842,11.137327486666667,-1.1249825460666665,5.006172436333333
2063-2092,2063,3,134.1277620993823,12.727394046666666,-1.3660877881666667,5.680653139
2063-2092,2063,4,57.14734043851502,16.335522016666665,0.30439429233333326,8.319958206666666
2063-2092,2063,5,39.03965969595269,22.589536233333334,4.80242814,13.695982216666666
2063-2092,2063,6,21.139188828771218,28.233489000000002,9.182235126666667,18.707862
2063-2092,2063,7,11.771702990006528,33.80513486666667,13.8237915,23.8144631
2063-2092,2063,8,13.866442542038694,32.75187856666667,13.023988566666667,22.8879339
2063-2092,2063,9,15.01821715028103,30.241527599999998,10.396955073333334,20.319241499999997
2063-2092,2063,10,30.648284494646877,23.657816266666668,5.730002776666667,14.693909516666668
2063-2092,2063,11,102.11838480946516,12.786218183333334,-1.1323683523333332,5.82692489
2063-2092,2063,12,167.22289508988666,8.67337927,-2.388774978533333,3.1423020956666665
2064-2093,2064,1,173.65903558256142,9.402205953333333,-1.8331036044666666,3.7845511366666664
2064-2093,2064,2,146.67036225083896,11.159093003333334,-1.0718755334,5.0436086929999995
2064-2093,2064,3,132.4288459741046,12.706953796666665,-1.4040385898333334,5.651457605666667
2064-2093,2064,4,57.75597121121971,16.285839383333332,0.2955903883333333,8.290714906666667
2064-2093,2064,5,38.392984538962544,22.679287633333335,4.823824973333333,13.751556316666667
2064-2093,2064,6,19.771506915938193,28.619939166666665,9.482601543333335,19.0512703
2064-2093,2064,7,11.748686277965719,33.9440182,13.937050933333333,23.94053446666667
2064-2093,2064,8,13.357653319545552,32.908845666666664,13.1552712,23.03205876666667
2064-2093,2064,9,14.98965878974896,30.36256846666667,10.519766440000001,20.441167633333336
2064-2093,2064,10,28.445868435407714,23.57742023333333,5.65997451,14.618697416666667
2064-2093,2064,11,92.402852327419,12.88377535,-1.2092112556666665,5.837282013333334
2064-2093,2064,12,171.86841855457158,8.537826306666666,-2.432116312,3.0528549456666667
2065-2094,2065,1,170.58261140226801,9.46889228,-1.7822240578,3.84333408
2065-2094,2065,2,147.2963323106502,11.192350636666667,-1.0062720994,5.093039239666666
2065-2094,2065,3,131.61271378998308,12.78036323,-1.3126643401666667,5.733849439
2065-2094,2065,4,58.39914584245104,16.406864916666667,0.4051975783333333,8.40603128
2065-2094,2065,5,38.44790984952191,22.716598533333336,4.817852953333333,13.767225783333334
2065-2094,2065,6,19.91278895843119,28.56657016666667,9.45722621,19.011898166666665
2065-2094,2065,7,10.341667131074631,34.02917966666667,13.976143383333334,24.002661466666666
2065-2094,2065,8,11.71033937146456,33.02178583333333,13.265132733333333,23.143459633333336
2065-2094,2065,9,15.002082700456151,30.5507652,10.70232712,20.626546299999998
2065-2094,2065,10,29.391609766404724,23.666251933333335,5.702924743333333,14.684588383333333
2065-2094,2065,11,98.05541645937713,12.938428283333334,-1.1409471823333335,5.898740513333333
2065-2094,2065,12,168.9904770820082,8.77360055,-2.2774923206666666,3.2480540683333334
2066-2095,2066,1,174.00312538219475,9.401904546666666,-1.7979940178,3.80195523
2066-2095,2066,2,145.99641110670484,11.223504603333334,-1.0363699860666666,5.093567273000001
2066-2095,2066,3,133.8893457552908,12.719202463333334,-1.3147164229666666,5.702243039
2066-2095,2066,4,61.56871174599571,16.403356416666664,0.43841324266666665,8.420884853333332
2066-2095,2066,5,37.8419245273802,22.87694133333333,4.9009154200000005,13.888928416666666
2066-2095,2066,6,19.53336888735658,28.680266066666665,9.542603376666667,19.111434733333333
2066-2095,2066,7,10.314393064614253,34.069978500000005,14.012641666666667,24.041310033333332
2066-2095,2066,8,11.714214922427802,33.1176948,13.349438966666666,23.2335673
2066-2095,2066,9,14.779770556879859,30.7388381,10.849597403333332,20.7942179
2066-2095,2066,10,29.955437749547066,23.7380271,5.758849793333334,14.74843855
2066-2095,2066,11,97.46634986643382,12.96322115,-1.1472623316666666,5.9079793700000005
2066-2095,2066,12,176.41233878624502,8.746247516666667,-2.2000252355666663,3.2731110850000005
2067-2096,2067,1,173.7825658859592,9.38133316,-1.8193366211333335,3.7809982300000002
2067-2096,2067,2,152.83986482961888,11.22108087,-0.9876197527333334,5.116730523
2067-2096,2067,3,132.69503754931043,12.81221418,-1.2330141483000001,5.789600052333333
2067-2096,2067,4,58.86777771052797,16.533340383333332,0.5454200293333334,8.53938022
2067-2096,2067,5,38.4789891962568,22.707617433333333,4.803205353333333,13.755411416666668
2067-2096,2067,6,19.637300425604014,28.624571,9.52437891,19.0744749
2067-2096,2067,7,9.151381483895596,34.19742526666666,14.026969916666667,24.112197600000002
2067-2096,2067,8,11.428973873164603,33.32283416666667,13.523433133333333,23.423134033333334
2067-2096,2067,9,12.818957192517749,30.958731166666666,10.979305503333334,20.969018433333336
2067-2096,2067,10,27.40564605584714,24.133591833333334,6.005860463333334,15.0697262
2067-2096,2067,11,103.72390081567453,12.941869283333334,-1.0439207983333332,5.948974213333333
2067-2096,2067,12,174.51484708589098,8.91005704,-2.026034252233333,3.4420113383333333
2068-2097,2068,1,178.55105786048492,9.494770560000001,-1.7169202844666667,3.8889250966666666
2068-2097,2068,2,160.11545149811226,11.064182803333333,-1.0466701364,5.008756296333333
2068-2097,2068,3,130.95875120812494,12.873746713333333,-1.2201953936,5.826775702333333
2068-2097,2068,4,57.87706664038972,16.497344083333335,0.49681580266666664,8.497079953333333
2068-2097,2068,5,38.045613185281546,22.805381366666666,4.9092289000000005,13.85730515
2068-2097,2068,6,19.733176384747082,28.628345066666668,9.51434931,19.0713471
2068-2097,2068,7,9.081723647457872,34.3210788,14.116831816666666,24.218955333333334
2068-2097,2068,8,11.428671234985995,33.32981826666666,13.5316402,23.430729633333332
2068-2097,2068,9,11.106711654869805,31.0658158,11.086963786666667,21.0763899
2068-2097,2068,10,27.50706208791743,24.0765526,5.9941207,15.0353367
2068-2097,2068,11,100.78638450938092,12.999278716666668,-1.0510304116666667,5.974124113333334
2068-2097,2068,12,172.899509943608,8.977260773333334,-2.0120217522333332,3.482619461666667
2069-2098,2069,1,174.76611856453164,9.695277659999999,-1.5651957244666665,4.06504094
2069-2098,2069,2,158.5630187074503,11.259410116666666,-0.9149015297333334,5.172254255666667
2069-2098,2069,3,128.8470065161175,12.974835896666667,-1.1370029359333331,5.918916525666666
2069-2098,2069,4,58.896976039922684,16.451739416666666,0.4801339351333333,8.465936686666668
2069-2098,2069,5,39.14389466273635,22.823217666666665,4.933428783333333,13.87832325
2069-2098,2069,6,19.23864885505726,28.7550344,9.620206043333333,19.187620133333333
2069-2098,2069,7,8.872212313112326,34.49715473333333,14.270556983333334,24.3838559
2069-2098,2069,8,11.353986633213163,33.39468566666667,13.611941949999999,23.503314233333334
2069-2098,2069,9,10.503862773824563,31.287230366666666,11.230492053333334,21.2588613
2069-2098,2069,10,25.34217861046823,24.1644332,5.992557103333334,15.078495199999999
2069-2098,2069,11,101.31773208665922,12.88695705,-1.116458829,5.885249063333333
2069-2098,2069,12,165.05674157169494,8.905466273333333,-2.114387333433333,3.3955394083333332
2070-2099,2070,1,166.6486537451759,9.499372693333333,-1.7606328024666666,3.8693699316666668
2070-2099,2070,2,161.0345163977574,11.07634693,-0.9948486687333333,5.040749109
2070-2099,2070,3,127.7658937285697,12.942679463333333,-1.1911432559333333,5.875768159000001
2070-2099,2070,4,55.71108623730492,16.54320795,0.5014035718,8.522305766666667
2070-2099,2070,5,37.5529914899755,23.075897633333334,5.102605376666667,14.089251516666668
2070-2099,2070,6,17.383418783274358,29.003960833333334,9.748395226666666,19.376177966666667
2070-2099,2070,7,8.555645569100102,34.76640136666666,14.471111983333333,24.618756700000002
2070-2099,2070,8,12.981424973054883,33.4133256,13.69369045,23.5535084
2070-2099,2070,9,10.518844689529802,31.28565486666667,11.278372486666665,21.2820138
2070-2099,2070,10,24.360954659174865,24.402333933333335,6.190196536666666,15.296265283333334
2070-2099,2070,11,102.35803108320383,13.06747515,-0.9811042689999999,6.043185396666667
2070-2099,2070,12,170.2250072412823,8.828654306666666,-2.1327350901,3.3479595483333333
2071-2100,2071,1,166.67529103475349,9.499403910000002,-1.7318001691333333,3.883801875
2071-2100,2071,2,163.258813246517,11.151264563333333,-0.9095838954000001,5.120840315666666
2071-2100,2071,3,126.54978790372658,13.05696033,-1.1337165926,5.961621925666666
2071-2100,2071,4,54.94643140112257,16.58443228333333,0.5240073651333333,8.554219833333333
2071-2100,2071,5,37.103637120500615,23.11647533333333,5.153373196666666,14.134924283333334
2071-2100,2071,6,17.184898218684722,29.13710306666667,9.868358760000001,19.502730866666663
2071-2100,2071,7,9.452150221631756,34.78247303333333,14.508190016666667,24.645331533333334
2071-2100,2071,8,13.004147916865625,33.454794166666666,13.757500416666666,23.60614766666667
2071-2100,2071,9,10.752755833980478,31.399765233333333,11.389967786666666,21.3948666
2071-2100,2071,10,26.12586041784817,24.4669508,6.298759759999999,15.382855283333333
2071-2100,2071,11,100.3812177261127,13.116136283333333,-0.9506973823333332,6.082719383333333
2071-2100,2071,12,179.95806608398158,8.730283883333334,-2.171505843433333,3.2793889616666667
