index,member_id,Year,Month,Day,Pr (mm),Tasmax (degC),Tasmin (degC),Year
0,r3i1p1f1,1950,01,01,0.0,15.240787,-0.70715296,1950
1,r3i1p1f1,1950,01,02,0.0,14.638831,0.19004123,1950
2,r3i1p1f1,1950,01,03,0.0,12.312532,-0.8940269,1950
3,r3i1p1f1,1950,01,04,0.050831646168310395,9.971563,0.10391384,1950
4,r3i1p1f1,1950,01,05,4.8378629968379085,9.210477,-0.93647915,1950
5,r3i1p1f1,1950,01,06,65.0536300957595,11.27134,1.8220321,1950
6,r3i1p1f1,1950,01,07,105.11915368567172,12.060792,4.7798634,1950
7,r3i1p1f1,1950,01,08,42.96771299682165,10.370319,4.6840925,1950
8,r3i1p1f1,1950,01,09,24.6688760369771,7.937186,1.9189577,1950
9,r3i1p1f1,1950,01,10,44.21423857443427,5.6685047,-0.40245986,1950
10,r3i1p1f1,1950,01,11,43.531439991324746,8.53034,2.637984,1950
11,r3i1p1f1,1950,01,12,0.0,12.798964,-1.3296288,1950
12,r3i1p1f1,1950,01,13,0.0,12.765091,0.65915745,1950
13,r3i1p1f1,1950,01,14,7.472380483829367,7.053078,-1.2755268,1950
14,r3i1p1f1,1950,01,15,0.0,6.2022476,-6.1413984,1950
15,r3i1p1f1,1950,01,16,0.0,9.287077,-2.7496283,1950
16,r3i1p1f1,1950,01,17,0.0,11.386794,-1.9811802,1950
17,r3i1p1f1,1950,01,18,2.473951821785273,8.304938,2.1153817,1950
18,r3i1p1f1,1950,01,19,4.13477746915305,4.910229,-2.2481153,1950
19,r3i1p1f1,1950,01,20,0.0,7.6646595,-4.435012,1950
20,r3i1p1f1,1950,01,21,0.0,6.9664445,-3.376185,1950
21,r3i1p1f1,1950,01,22,20.983988167656783,4.425351,-5.139956,1950
22,r3i1p1f1,1950,01,23,28.123822189119988,5.3216405,0.24112105,1950
23,r3i1p1f1,1950,01,24,90.8391546408989,5.7782884,1.8782507,1950
24,r3i1p1f1,1950,01,25,43.75550200868594,8.594663,2.0077374,1950
25,r3i1p1f1,1950,01,26,0.0,12.002878,-0.28552717,1950
26,r3i1p1f1,1950,01,27,0.0,15.147667,0.59074515,1950
27,r3i1p1f1,1950,01,28,0.0,15.580506,3.4219892,1950
28,r3i1p1f1,1950,01,29,0.0,16.240341,2.0455768,1950
29,r3i1p1f1,1950,01,30,0.0,16.932022,2.3826988,1950
30,r3i1p1f1,1950,01,31,0.0,16.740398,2.7489834,1950
31,r3i1p1f1,1950,02,01,0.0,15.573381,6.3504663,1950
32,r3i1p1f1,1950,02,02,0.0,18.50679,4.062759,1950
33,r3i1p1f1,1950,02,03,0.0,18.332458,4.650061,1950
34,r3i1p1f1,1950,02,04,0.0,16.8635,6.767817,1950
35,r3i1p1f1,1950,02,05,13.164588225711332,14.229936,2.2489905,1950
36,r3i1p1f1,1950,02,06,0.0,16.31312,2.9384327,1950
37,r3i1p1f1,1950,02,07,60.03396502254825,12.5310135,0.049418904,1950
38,r3i1p1f1,1950,02,08,34.32295937458739,4.7568097,0.28361818,1950
39,r3i1p1f1,1950,02,09,27.560909126738185,7.130802,0.48479286,1950
40,r3i1p1f1,1950,02,10,40.48638430326,7.424989,1.7910126,1950
41,r3i1p1f1,1950,02,11,11.805946125164873,5.5169196,-5.090398,1950
42,r3i1p1f1,1950,02,12,6.029539649209351,4.125302,-5.3648243,1950
43,r3i1p1f1,1950,02,13,21.420750915881637,3.2626882,-5.82802,1950
44,r3i1p1f1,1950,02,14,7.022810437391806,0.85152775,-7.8777566,1950
45,r3i1p1f1,1950,02,15,0.0,2.0272613,-12.986215,1950
46,r3i1p1f1,1950,02,16,0.30198343217642487,2.0201435,-9.149544,1950
47,r3i1p1f1,1950,02,17,21.687358422940108,2.9105783,-6.415967,1950
48,r3i1p1f1,1950,02,18,3.3260536732038752,5.58134,-5.8648868,1950
49,r3i1p1f1,1950,02,19,0.0,6.347874,-2.9975145,1950
50,r3i1p1f1,1950,02,20,0.0,4.4186406,-9.188076,1950
51,r3i1p1f1,1950,02,21,0.0,4.183372,-7.4774933,1950
52,r3i1p1f1,1950,02,22,0.0,4.9773116,-9.212586,1950
53,r3i1p1f1,1950,02,23,0.0,7.486551,-7.5553813,1950
54,r3i1p1f1,1950,02,24,0.0,10.084926,-2.366041,1950
55,r3i1p1f1,1950,02,25,0.0,13.580828,-1.577925,1950
56,r3i1p1f1,1950,02,26,0.0,13.274023,3.076149,1950
57,r3i1p1f1,1950,02,27,0.0,16.035881,2.8849027,1950
58,r3i1p1f1,1950,02,28,1.1390395241745097,15.154783,4.38911,1950
59,r3i1p1f1,1950,03,01,0.0,15.038115,5.175733,1950
60,r3i1p1f1,1950,03,02,0.0,16.617205,1.1862609,1950
61,r3i1p1f1,1950,03,03,0.0,15.87973,3.2027926,1950
62,r3i1p1f1,1950,03,04,0.34943197736682025,13.540138,1.7481563,1950
63,r3i1p1f1,1950,03,05,2.9009707496458614,10.207656,0.33935678,1950
64,r3i1p1f1,1950,03,06,2.508674688732227,7.215295,0.42386514,1950
65,r3i1p1f1,1950,03,07,8.180551564452655,4.1907783,-1.0770066,1950
66,r3i1p1f1,1950,03,08,13.927120902793066,3.464169,-3.26992,1950
67,r3i1p1f1,1950,03,09,6.53031151665154,3.3049664,-3.039398,1950
68,r3i1p1f1,1950,03,10,0.016953217403313733,8.467231,-4.6301584,1950
69,r3i1p1f1,1950,03,11,0.0,9.804836,-4.310229,1950
70,r3i1p1f1,1950,03,12,0.0,12.610548,-2.3285687,1950
71,r3i1p1f1,1950,03,13,0.0,14.419003,-0.13367318,1950
72,r3i1p1f1,1950,03,14,0.0,15.38064,0.32304242,1950
73,r3i1p1f1,1950,03,15,0.0,17.0732,2.7240021,1950
74,r3i1p1f1,1950,03,16,0.0,18.763931,3.2470982,1950
75,r3i1p1f1,1950,03,17,0.0,19.17028,4.454661,1950
76,r3i1p1f1,1950,03,18,4.910109520470111,15.569244,2.9608326,1950
77,r3i1p1f1,1950,03,19,0.29175123841253625,13.09541,2.219027,1950
78,r3i1p1f1,1950,03,20,0.0,16.004314,0.8794767,1950
79,r3i1p1f1,1950,03,21,0.0,15.996791,2.3551695,1950
80,r3i1p1f1,1950,03,22,0.0,18.105175,1.4323955,1950
81,r3i1p1f1,1950,03,23,0.0,19.250616,3.817314,1950
82,r3i1p1f1,1950,03,24,0.0,21.283998,4.357077,1950
83,r3i1p1f1,1950,03,25,0.0,21.292553,5.3205237,1950
84,r3i1p1f1,1950,03,26,0.35925691114052344,20.033583,8.039228,1950
85,r3i1p1f1,1950,03,27,0.25331450466948907,20.5106,5.7882447,1950
86,r3i1p1f1,1950,03,28,0.0,22.510313,5.9043064,1950
87,r3i1p1f1,1950,03,29,0.0,22.090956,8.628963,1950
88,r3i1p1f1,1950,03,30,0.0,20.345528,4.037997,1950
89,r3i1p1f1,1950,03,31,22.62114445727907,15.477189,1.501408,1950
90,r3i1p1f1,1950,04,01,4.438471568956677,6.3337517,-5.486104,1950
91,r3i1p1f1,1950,04,02,0.0,11.130591,-2.6462727,1950
92,r3i1p1f1,1950,04,03,4.1874907547791835,7.423282,-3.2127764,1950
93,r3i1p1f1,1950,04,04,13.24265873133156,3.1085203,-2.301678,1950
94,r3i1p1f1,1950,04,05,0.6002303946603972,5.2397156,-5.5819817,1950
95,r3i1p1f1,1950,04,06,47.68141407127443,2.71996,-3.324639,1950
96,r3i1p1f1,1950,04,07,2.3610221407579957,1.6630222,-10.4516115,1950
97,r3i1p1f1,1950,04,08,0.01343968536897783,5.9713626,-6.177247,1950
98,r3i1p1f1,1950,04,09,0.0,9.804066,-7.2850475,1950
99,r3i1p1f1,1950,04,10,0.0,13.80112,-1.5634477,1950
100,r3i1p1f1,1950,04,11,0.0,15.470865,0.072009645,1950
101,r3i1p1f1,1950,04,12,0.0,17.827288,2.0471144,1950
102,r3i1p1f1,1950,04,13,2.7862138109508363,13.672646,1.7675583,1950
103,r3i1p1f1,1950,04,14,0.1613714744483954,13.425069,0.19904724,1950
104,r3i1p1f1,1950,04,15,0.0,16.534822,4.2751718,1950
105,r3i1p1f1,1950,04,16,0.0,18.385862,2.1234148,1950
106,r3i1p1f1,1950,04,17,0.0,17.08426,5.4776597,1950
107,r3i1p1f1,1950,04,18,8.936122336002116,13.237081,1.8357815,1950
108,r3i1p1f1,1950,04,19,0.0,12.191855,-2.8083076,1950
109,r3i1p1f1,1950,04,20,0.6419111717581185,11.700532,1.0437202,1950
110,r3i1p1f1,1950,04,21,0.0,15.996294,0.7737127,1950
111,r3i1p1f1,1950,04,22,0.0,17.174639,3.3415995,1950
112,r3i1p1f1,1950,04,23,0.1909422150770536,22.307219,5.1679134,1950
113,r3i1p1f1,1950,04,24,6.327679762877156,17.341698,1.8298987,1950
114,r3i1p1f1,1950,04,25,3.7054331717579196,13.883636,5.023745,1950
115,r3i1p1f1,1950,04,26,4.0244541328559675,15.042095,0.9367846,1950
116,r3i1p1f1,1950,04,27,8.061371540718124,12.725314,0.7546906,1950
117,r3i1p1f1,1950,04,28,4.2291269186343445,14.807411,3.5692866,1950
118,r3i1p1f1,1950,04,29,0.0,19.095572,4.554098,1950
119,r3i1p1f1,1950,04,30,0.0,18.698675,5.993923,1950
120,r3i1p1f1,1950,05,01,16.628024480795784,13.263923,1.0758612,1950
121,r3i1p1f1,1950,05,02,13.932408586659125,9.730775,1.9129863,1950
122,r3i1p1f1,1950,05,03,12.477522372041436,9.283245,0.9301467,1950
123,r3i1p1f1,1950,05,04,11.310674939886667,9.625605,-0.35353813,1950
124,r3i1p1f1,1950,05,05,18.597535144746008,7.0738835,-2.3975255,1950
125,r3i1p1f1,1950,05,06,1.26531105507686,8.235929,-4.6767936,1950
126,r3i1p1f1,1950,05,07,0.0,9.846639,-2.6276531,1950
127,r3i1p1f1,1950,05,08,5.505034083953912,6.2022862,-4.004185,1950
128,r3i1p1f1,1950,05,09,0.0,9.984656,-3.5973208,1950
129,r3i1p1f1,1950,05,10,0.0,15.300347,-0.9760179,1950
130,r3i1p1f1,1950,05,11,2.627668784024488,13.748555,0.4692894,1950
131,r3i1p1f1,1950,05,12,0.1430643894644546,14.27982,2.347417,1950
132,r3i1p1f1,1950,05,13,0.0,18.563976,2.7304592,1950
133,r3i1p1f1,1950,05,14,0.07799525559867586,17.362307,5.2861166,1950
134,r3i1p1f1,1950,05,15,0.0,15.438726,1.3924164,1950
135,r3i1p1f1,1950,05,16,0.0,13.988795,0.974479,1950
136,r3i1p1f1,1950,05,17,0.0,15.034648,2.179069,1950
137,r3i1p1f1,1950,05,18,0.0,16.739138,3.1465666,1950
138,r3i1p1f1,1950,05,19,0.0,21.192438,4.138009,1950
139,r3i1p1f1,1950,05,20,0.0,22.422222,6.345972,1950
140,r3i1p1f1,1950,05,21,0.0,22.868166,8.237653,1950
141,r3i1p1f1,1950,05,22,0.0,25.164614,9.569608,1950
142,r3i1p1f1,1950,05,23,2.4196724487027446,25.414474,9.309719,1950
143,r3i1p1f1,1950,05,24,1.4036291113083472,25.982605,10.815927,1950
144,r3i1p1f1,1950,05,25,17.484112541263272,16.245733,4.957716,1950
145,r3i1p1f1,1950,05,26,12.894091059455317,12.731751,5.0594788,1950
146,r3i1p1f1,1950,05,27,0.00409109043893726,18.053574,3.320805,1950
147,r3i1p1f1,1950,05,28,2.300977893939585,14.532776,4.0884604,1950
148,r3i1p1f1,1950,05,29,0.026061977596806462,17.221273,3.037383,1950
149,r3i1p1f1,1950,05,30,0.024900011454806907,20.955208,5.665668,1950
150,r3i1p1f1,1950,05,31,0.00024803670576626534,19.469378,6.466611,1950
151,r3i1p1f1,1950,06,01,0.0,19.436197,4.606819,1950
152,r3i1p1f1,1950,06,02,0.0,23.638893,6.0333347,1950
153,r3i1p1f1,1950,06,03,0.0,26.050558,7.338007,1950
154,r3i1p1f1,1950,06,04,0.0,25.488182,11.531357,1950
155,r3i1p1f1,1950,06,05,0.0,27.994272,9.114737,1950
156,r3i1p1f1,1950,06,06,0.0,30.118656,11.842694,1950
157,r3i1p1f1,1950,06,07,0.0,30.545492,15.741367,1950
158,r3i1p1f1,1950,06,08,0.0,30.146883,15.260135,1950
159,r3i1p1f1,1950,06,09,0.0,28.25771,13.010453,1950
160,r3i1p1f1,1950,06,10,0.0,27.525703,12.543318,1950
161,r3i1p1f1,1950,06,11,0.0,28.154396,12.419979,1950
162,r3i1p1f1,1950,06,12,0.0,27.95269,14.449081,1950
163,r3i1p1f1,1950,06,13,0.014097919895567955,26.774464,11.348129,1950
164,r3i1p1f1,1950,06,14,1.4145995555353645,23.235214,8.733805,1950
165,r3i1p1f1,1950,06,15,0.0,23.92367,9.231055,1950
166,r3i1p1f1,1950,06,16,0.0,23.11846,8.692463,1950
167,r3i1p1f1,1950,06,17,0.0,21.833538,6.900566,1950
168,r3i1p1f1,1950,06,18,0.007007470029700352,18.941902,6.772397,1950
169,r3i1p1f1,1950,06,19,1.069270869591396,23.850403,7.836611,1950
170,r3i1p1f1,1950,06,20,0.0,25.97149,10.421535,1950
171,r3i1p1f1,1950,06,21,0.0,27.004135,12.834425,1950
172,r3i1p1f1,1950,06,22,0.20135421593869596,29.912996,13.423545,1950
173,r3i1p1f1,1950,06,23,0.022910929003142212,31.075306,14.476868,1950
174,r3i1p1f1,1950,06,24,5.150439376302529,30.7099,14.575314,1950
175,r3i1p1f1,1950,06,25,0.0034970510138296767,25.851345,11.552072,1950
176,r3i1p1f1,1950,06,26,0.937098044031652,21.479391,7.433644,1950
177,r3i1p1f1,1950,06,27,4.124585416368638,12.655608,1.778602,1950
178,r3i1p1f1,1950,06,28,0.0,14.557958,1.109673,1950
179,r3i1p1f1,1950,06,29,0.0,16.972445,3.701512,1950
180,r3i1p1f1,1950,06,30,0.0,22.61359,3.9973881,1950
181,r3i1p1f1,1950,07,01,0.0,26.642548,7.7941003,1950
182,r3i1p1f1,1950,07,02,0.0,28.277012,10.669484,1950
183,r3i1p1f1,1950,07,03,0.0,27.860973,10.439253,1950
184,r3i1p1f1,1950,07,04,0.0,27.21854,11.350626,1950
185,r3i1p1f1,1950,07,05,0.0,26.939423,9.997017,1950
186,r3i1p1f1,1950,07,06,0.0,26.576088,10.364254,1950
187,r3i1p1f1,1950,07,07,0.0,25.46081,10.23911,1950
188,r3i1p1f1,1950,07,08,0.0,26.928335,10.403459,1950
189,r3i1p1f1,1950,07,09,0.0,27.500305,11.73843,1950
190,r3i1p1f1,1950,07,10,0.0,29.297953,12.786246,1950
191,r3i1p1f1,1950,07,11,0.0,33.13608,14.129385,1950
192,r3i1p1f1,1950,07,12,0.0,34.01312,15.732275,1950
193,r3i1p1f1,1950,07,13,0.0,33.362717,16.371376,1950
194,r3i1p1f1,1950,07,14,0.0,33.025764,16.202055,1950
195,r3i1p1f1,1950,07,15,0.0,33.34255,15.958895,1950
196,r3i1p1f1,1950,07,16,0.0,35.199364,16.540726,1950
197,r3i1p1f1,1950,07,17,0.0,35.2322,17.892292,1950
198,r3i1p1f1,1950,07,18,0.0,34.675575,16.93371,1950
199,r3i1p1f1,1950,07,19,0.0,33.732323,16.84738,1950
200,r3i1p1f1,1950,07,20,0.0,30.839638,14.489898,1950
201,r3i1p1f1,1950,07,21,0.0,31.972305,13.699104,1950
202,r3i1p1f1,1950,07,22,0.0,32.1609,14.32763,1950
203,r3i1p1f1,1950,07,23,0.0,31.316984,14.93181,1950
204,r3i1p1f1,1950,07,24,0.0,29.843792,14.797069,1950
205,r3i1p1f1,1950,07,25,0.0,28.12389,12.83933,1950
206,r3i1p1f1,1950,07,26,0.0,29.253092,12.409728,1950
207,r3i1p1f1,1950,07,27,0.0,32.61294,13.926446,1950
208,r3i1p1f1,1950,07,28,0.0,33.182304,16.191006,1950
209,r3i1p1f1,1950,07,29,0.0,32.364544,14.892387,1950
210,r3i1p1f1,1950,07,30,0.0,30.638824,12.3284855,1950
211,r3i1p1f1,1950,07,31,0.0,29.998959,13.497605,1950
212,r3i1p1f1,1950,08,01,0.0,29.64077,13.467548,1950
213,r3i1p1f1,1950,08,02,0.020505851180611278,28.710129,12.888449,1950
214,r3i1p1f1,1950,08,03,0.0003032370314988504,27.731567,11.905841,1950
215,r3i1p1f1,1950,08,04,0.024296655197088655,27.819595,11.658742,1950
216,r3i1p1f1,1950,08,05,0.0,27.209198,11.008833,1950
217,r3i1p1f1,1950,08,06,0.0,26.239157,9.562566,1950
218,r3i1p1f1,1950,08,07,0.0016189273753154435,25.160095,9.901114,1950
219,r3i1p1f1,1950,08,08,0.0,27.745487,9.152873,1950
220,r3i1p1f1,1950,08,09,0.0,30.479965,12.097132,1950
221,r3i1p1f1,1950,08,10,0.0,32.876026,14.906487,1950
222,r3i1p1f1,1950,08,11,0.0,32.951794,15.540354,1950
223,r3i1p1f1,1950,08,12,0.0,30.984447,14.1466465,1950
224,r3i1p1f1,1950,08,13,0.0,31.479755,12.925449,1950
225,r3i1p1f1,1950,08,14,0.0,31.293896,14.306825,1950
226,r3i1p1f1,1950,08,15,0.0,26.92579,10.162646,1950
227,r3i1p1f1,1950,08,16,0.0,24.224213,8.476164,1950
228,r3i1p1f1,1950,08,17,0.0,23.068325,7.1794963,1950
229,r3i1p1f1,1950,08,18,0.0,23.818607,7.9731693,1950
230,r3i1p1f1,1950,08,19,0.0,25.212717,7.9387345,1950
231,r3i1p1f1,1950,08,20,0.0,25.977701,8.499524,1950
232,r3i1p1f1,1950,08,21,0.0,25.648764,8.821623,1950
233,r3i1p1f1,1950,08,22,0.0,24.802116,8.338116,1950
234,r3i1p1f1,1950,08,23,0.0,25.141722,7.9974585,1950
235,r3i1p1f1,1950,08,24,0.0,25.52177,8.610345,1950
236,r3i1p1f1,1950,08,25,0.0,28.008375,10.656607,1950
237,r3i1p1f1,1950,08,26,0.0,32.33203,13.70073,1950
238,r3i1p1f1,1950,08,27,0.0,31.565775,14.886667,1950
239,r3i1p1f1,1950,08,28,0.0,27.715963,13.665418,1950
240,r3i1p1f1,1950,08,29,0.0,25.628216,11.263765,1950
241,r3i1p1f1,1950,08,30,0.0,28.250664,9.21243,1950
242,r3i1p1f1,1950,08,31,0.0,30.265612,10.778301,1950
243,r3i1p1f1,1950,09,01,0.0,29.369389,12.926076,1950
244,r3i1p1f1,1950,09,02,0.0,28.613033,11.901247,1950
245,r3i1p1f1,1950,09,03,0.0,27.395948,12.67607,1950
246,r3i1p1f1,1950,09,04,0.0,25.892403,10.483314,1950
247,r3i1p1f1,1950,09,05,0.0,23.085169,8.617551,1950
248,r3i1p1f1,1950,09,06,0.0,24.698875,7.672929,1950
249,r3i1p1f1,1950,09,07,0.0,26.59721,8.880284,1950
250,r3i1p1f1,1950,09,08,0.0,25.996916,9.831121,1950
251,r3i1p1f1,1950,09,09,0.0,24.217876,8.500223,1950
252,r3i1p1f1,1950,09,10,0.0,21.68515,5.447411,1950
253,r3i1p1f1,1950,09,11,0.0,22.96307,4.1150193,1950
254,r3i1p1f1,1950,09,12,0.0,24.852575,7.991644,1950
255,r3i1p1f1,1950,09,13,0.0,25.565311,10.11619,1950
256,r3i1p1f1,1950,09,14,0.0,25.957363,9.549356,1950
257,r3i1p1f1,1950,09,15,3.4787174960671874,26.563097,11.620941,1950
258,r3i1p1f1,1950,09,16,0.0,24.986452,8.645085,1950
259,r3i1p1f1,1950,09,17,0.0,27.373203,10.846724,1950
260,r3i1p1f1,1950,09,18,0.0,29.298584,11.187644,1950
261,r3i1p1f1,1950,09,19,0.0,28.295044,10.953504,1950
262,r3i1p1f1,1950,09,20,0.0,27.38016,10.665063,1950
263,r3i1p1f1,1950,09,21,0.0,25.96863,8.758717,1950
264,r3i1p1f1,1950,09,22,0.0,27.755468,10.482649,1950
265,r3i1p1f1,1950,09,23,0.0,27.444948,10.116656,1950
266,r3i1p1f1,1950,09,24,0.0,26.637182,10.090466,1950
267,r3i1p1f1,1950,09,25,0.0,25.374285,8.226872,1950
268,r3i1p1f1,1950,09,26,0.0,25.082169,7.246171,1950
269,r3i1p1f1,1950,09,27,0.0,25.746258,7.8299866,1950
270,r3i1p1f1,1950,09,28,0.0,24.761429,9.009629,1950
271,r3i1p1f1,1950,09,29,0.0,25.737715,9.275247,1950
272,r3i1p1f1,1950,09,30,0.0,28.465603,11.556857,1950
273,r3i1p1f1,1950,10,01,0.0,31.286812,13.882549,1950
274,r3i1p1f1,1950,10,02,0.0,30.092735,14.359148,1950
275,r3i1p1f1,1950,10,03,0.0,29.070162,13.576821,1950
276,r3i1p1f1,1950,10,04,0.0,29.35473,11.180119,1950
277,r3i1p1f1,1950,10,05,0.0,29.219297,12.36216,1950
278,r3i1p1f1,1950,10,06,0.0,27.804955,13.991931,1950
279,r3i1p1f1,1950,10,07,0.0,25.168924,9.954412,1950
280,r3i1p1f1,1950,10,08,25.047468086459528,23.28487,8.5161915,1950
281,r3i1p1f1,1950,10,09,30.35140431265494,6.3579674,0.7032571,1950
282,r3i1p1f1,1950,10,10,4.703811241473121,9.764822,2.9260468,1950
283,r3i1p1f1,1950,10,11,0.0,18.885897,3.3532743,1950
284,r3i1p1f1,1950,10,12,0.0,22.348303,7.1454897,1950
285,r3i1p1f1,1950,10,13,0.0,22.851173,7.0408998,1950
286,r3i1p1f1,1950,10,14,0.0,21.803118,6.967494,1950
287,r3i1p1f1,1950,10,15,0.0,20.55658,7.584947,1950
288,r3i1p1f1,1950,10,16,0.0,20.15351,4.52303,1950
289,r3i1p1f1,1950,10,17,0.0,18.813005,2.8457706,1950
290,r3i1p1f1,1950,10,18,0.0,21.114252,2.9713879,1950
291,r3i1p1f1,1950,10,19,0.0,21.114729,3.8786895,1950
292,r3i1p1f1,1950,10,20,0.0,20.891653,4.5063143,1950
293,r3i1p1f1,1950,10,21,0.0,19.693638,4.888539,1950
294,r3i1p1f1,1950,10,22,0.0,21.234669,5.711462,1950
295,r3i1p1f1,1950,10,23,0.0,20.906733,6.001637,1950
296,r3i1p1f1,1950,10,24,0.13431922146226402,19.905317,5.0765734,1950
297,r3i1p1f1,1950,10,25,0.0,17.379345,3.425093,1950
298,r3i1p1f1,1950,10,26,0.0,19.581696,3.311254,1950
299,r3i1p1f1,1950,10,27,0.0,20.56092,4.12226,1950
300,r3i1p1f1,1950,10,28,0.0,19.696007,4.33875,1950
301,r3i1p1f1,1950,10,29,0.0,18.647724,4.4758,1950
302,r3i1p1f1,1950,10,30,0.0,17.227047,4.336144,1950
303,r3i1p1f1,1950,10,31,0.0,13.738948,-0.25123844,1950
304,r3i1p1f1,1950,11,01,0.0,15.760874,1.0584185,1950
305,r3i1p1f1,1950,11,02,0.0,19.185913,1.3945261,1950
306,r3i1p1f1,1950,11,03,0.0,18.383991,3.3874786,1950
307,r3i1p1f1,1950,11,04,0.0,13.484898,2.197431,1950
308,r3i1p1f1,1950,11,05,0.0,17.619278,2.6076896,1950
309,r3i1p1f1,1950,11,06,0.0,19.721802,4.7335052,1950
310,r3i1p1f1,1950,11,07,0.0,23.663515,6.1192846,1950
311,r3i1p1f1,1950,11,08,0.0,26.374462,6.644213,1950
312,r3i1p1f1,1950,11,09,0.0,22.727747,9.081966,1950
313,r3i1p1f1,1950,11,10,6.726219046016157,20.263458,9.297222,1950
314,r3i1p1f1,1950,11,11,8.054730066367867,8.158666,3.1661122,1950
315,r3i1p1f1,1950,11,12,0.0,14.889751,1.0372983,1950
316,r3i1p1f1,1950,11,13,0.0,17.738756,3.9688647,1950
317,r3i1p1f1,1950,11,14,0.0,18.370956,3.7672536,1950
318,r3i1p1f1,1950,11,15,0.0,19.892391,5.027999,1950
319,r3i1p1f1,1950,11,16,0.0,18.542694,4.5243053,1950
320,r3i1p1f1,1950,11,17,0.0,18.160841,2.315834,1950
321,r3i1p1f1,1950,11,18,0.0,16.059977,1.1915226,1950
322,r3i1p1f1,1950,11,19,0.0,13.411306,1.7232411,1950
323,r3i1p1f1,1950,11,20,0.0,14.317842,2.1940424,1950
324,r3i1p1f1,1950,11,21,0.0,13.5527315,0.8833238,1950
325,r3i1p1f1,1950,11,22,0.0,13.142765,0.8855504,1950
326,r3i1p1f1,1950,11,23,0.0,11.239067,3.3112335,1950
327,r3i1p1f1,1950,11,24,0.122919832287344,11.340379,0.57670486,1950
328,r3i1p1f1,1950,11,25,0.0,10.683582,0.16446362,1950
329,r3i1p1f1,1950,11,26,0.0,14.181946,1.5694706,1950
330,r3i1p1f1,1950,11,27,0.0,17.048483,1.6472042,1950
331,r3i1p1f1,1950,11,28,0.0,16.589699,1.2331053,1950
332,r3i1p1f1,1950,11,29,0.0,13.826067,-1.5797848,1950
333,r3i1p1f1,1950,11,30,0.0,11.397864,0.32158366,1950
334,r3i1p1f1,1950,12,01,0.0,11.627159,1.0806116,1950
335,r3i1p1f1,1950,12,02,0.0,16.548689,3.271523,1950
336,r3i1p1f1,1950,12,03,0.0,17.145432,3.988108,1950
337,r3i1p1f1,1950,12,04,0.0,17.020561,3.0552714,1950
338,r3i1p1f1,1950,12,05,0.0,16.32498,3.1773033,1950
339,r3i1p1f1,1950,12,06,23.731857992855733,10.248932,2.2811155,1950
340,r3i1p1f1,1950,12,07,7.001946881140803,4.7641516,-3.6283977,1950
341,r3i1p1f1,1950,12,08,0.0,10.828932,-2.8064816,1950
342,r3i1p1f1,1950,12,09,18.306389872572925,6.509934,-3.7141085,1950
343,r3i1p1f1,1950,12,10,0.011917885000768461,5.1059227,-9.797619,1950
344,r3i1p1f1,1950,12,11,21.759287204201286,-0.5476365,-4.992013,1950
345,r3i1p1f1,1950,12,12,26.807299062707706,-0.5583719,-5.75932,1950
346,r3i1p1f1,1950,12,13,0.00012597893625130192,2.0263715,-10.266321,1950
347,r3i1p1f1,1950,12,14,32.75216848001276,-0.73055726,-10.2301,1950
348,r3i1p1f1,1950,12,15,9.933206994671645,2.4504254,-3.689895,1950
349,r3i1p1f1,1950,12,16,30.565819864185823,2.6945949,-2.6143298,1950
350,r3i1p1f1,1950,12,17,57.42891959257816,4.0048428,-1.7539294,1950
351,r3i1p1f1,1950,12,18,44.25898852365974,5.939475,-1.165643,1950
352,r3i1p1f1,1950,12,19,4.258014256782572,3.4547722,-2.5242152,1950
353,r3i1p1f1,1950,12,20,0.9009087877960777,7.954156,0.29417762,1950
354,r3i1p1f1,1950,12,21,0.4602424311183552,7.082208,-1.0665962,1950
355,r3i1p1f1,1950,12,22,18.034971759066377,6.1555266,-1.3734348,1950
356,r3i1p1f1,1950,12,23,11.783966458231015,7.9662223,-0.34203032,1950
357,r3i1p1f1,1950,12,24,0.0,11.120687,-2.2421055,1950
358,r3i1p1f1,1950,12,25,0.0,2.077794,-9.408891,1950
359,r3i1p1f1,1950,12,26,0.0,1.3211653,-10.056283,1950
360,r3i1p1f1,1950,12,27,0.0,4.20026,-7.978769,1950
361,r3i1p1f1,1950,12,28,0.0,6.661449,-7.072573,1950
362,r3i1p1f1,1950,12,29,0.0,4.7389407,-7.917574,1950
363,r3i1p1f1,1950,12,30,0.0,4.3708816,-8.854854,1950
364,r3i1p1f1,1950,12,31,0.0,6.497182,-7.5672545,1950
365,r3i1p1f1,1951,01,01,0.0,6.6377907,-6.6405096,1951
366,r3i1p1f1,1951,01,02,1.212215155675566,0.9304676,-5.586641,1951
367,r3i1p1f1,1951,01,03,0.14795995344971552,3.5754733,-10.741987,1951
368,r3i1p1f1,1951,01,04,5.688135202983272,-0.18587501,-12.116276,1951
369,r3i1p1f1,1951,01,05,31.118725122589815,0.011126483,-5.2042627,1951
370,r3i1p1f1,1951,01,06,0.355903817303203,0.1659443,-8.966889,1951
371,r3i1p1f1,1951,01,07,0.0,-0.3492346,-11.7668495,1951
372,r3i1p1f1,1951,01,08,0.0,1.4340962,-13.067855,1951
373,r3i1p1f1,1951,01,09,0.0,0.8834687,-11.377731,1951
374,r3i1p1f1,1951,01,10,4.719079427626352,0.6202801,-9.040697,1951
375,r3i1p1f1,1951,01,11,36.05256594815537,4.6132627,-4.031727,1951
376,r3i1p1f1,1951,01,12,9.84164562496038,4.7223744,-0.56709117,1951
377,r3i1p1f1,1951,01,13,11.459762861896275,4.154716,-0.841478,1951
378,r3i1p1f1,1951,01,14,0.0,8.118143,-6.3483853,1951
379,r3i1p1f1,1951,01,15,0.0,8.449102,-4.4468718,1951
380,r3i1p1f1,1951,01,16,0.0,12.760171,-2.3123958,1951
381,r3i1p1f1,1951,01,17,0.0,13.1108675,1.1122901,1951
382,r3i1p1f1,1951,01,18,0.0,14.045742,0.09805518,1951
383,r3i1p1f1,1951,01,19,0.0,12.456664,-1.6202276,1951
384,r3i1p1f1,1951,01,20,0.0,11.118712,-0.71523523,1951
385,r3i1p1f1,1951,01,21,0.0,14.766594,-0.044075534,1951
386,r3i1p1f1,1951,01,22,0.0,13.605124,2.0656922,1951
387,r3i1p1f1,1951,01,23,0.0,12.658138,0.86837214,1951
388,r3i1p1f1,1951,01,24,0.0,12.898978,-0.0105170235,1951
389,r3i1p1f1,1951,01,25,0.0,12.836297,-1.6813468,1951
390,r3i1p1f1,1951,01,26,0.0,11.257849,-1.4131231,1951
391,r3i1p1f1,1951,01,27,0.0,11.957799,-0.61667925,1951
392,r3i1p1f1,1951,01,28,0.0,10.225245,-1.4993438,1951
393,r3i1p1f1,1951,01,29,29.30005724039419,4.1525106,0.6012721,1951
394,r3i1p1f1,1951,01,30,0.05158627119798391,10.901785,-0.4134132,1951
395,r3i1p1f1,1951,01,31,0.0,10.863856,-0.5214375,1951
396,r3i1p1f1,1951,02,01,0.0,10.771181,-1.8219479,1951
397,r3i1p1f1,1951,02,02,0.0,8.627292,0.9612862,1951
398,r3i1p1f1,1951,02,03,0.0,10.399039,-3.0503871,1951
399,r3i1p1f1,1951,02,04,0.0,10.022529,-2.9257836,1951
400,r3i1p1f1,1951,02,05,0.0,10.718239,-2.7141714,1951
401,r3i1p1f1,1951,02,06,0.0,10.263068,-3.26513,1951
402,r3i1p1f1,1951,02,07,0.0,12.3607855,-2.1336658,1951
403,r3i1p1f1,1951,02,08,0.0,13.574015,0.489711,1951
404,r3i1p1f1,1951,02,09,0.0,13.288132,0.35220456,1951
405,r3i1p1f1,1951,02,10,0.0,16.05583,0.9987308,1951
406,r3i1p1f1,1951,02,11,0.0,17.267216,1.5640427,1951
407,r3i1p1f1,1951,02,12,0.0,17.515299,1.6695504,1951
408,r3i1p1f1,1951,02,13,0.0,16.506647,2.3118632,1951
409,r3i1p1f1,1951,02,14,0.7258285135130312,11.783005,-0.7205616,1951
410,r3i1p1f1,1951,02,15,0.0,7.7868204,-4.7367578,1951
411,r3i1p1f1,1951,02,16,0.0,8.856753,-4.3331943,1951
412,r3i1p1f1,1951,02,17,0.0,11.735552,-1.6946987,1951
413,r3i1p1f1,1951,02,18,0.0,13.534532,-0.37090108,1951
414,r3i1p1f1,1951,02,19,0.0,12.163188,1.7120366,1951
415,r3i1p1f1,1951,02,20,0.1197211152477968,13.360885,2.0108893,1951
416,r3i1p1f1,1951,02,21,0.0,14.615234,2.1136382,1951
417,r3i1p1f1,1951,02,22,0.0,15.89387,2.4050598,1951
418,r3i1p1f1,1951,02,23,0.0,17.195904,3.0670052,1951
419,r3i1p1f1,1951,02,24,0.14785270317301374,16.037607,3.9778957,1951
420,r3i1p1f1,1951,02,25,0.0,14.804399,1.8036653,1951
421,r3i1p1f1,1951,02,26,0.0,13.447119,0.32965913,1951
422,r3i1p1f1,1951,02,27,0.660042683557549,9.985797,1.2671895,1951
423,r3i1p1f1,1951,02,28,0.0,11.183043,0.6301571,1951
424,r3i1p1f1,1951,03,01,0.0,13.689728,-0.5853444,1951
425,r3i1p1f1,1951,03,02,0.0,13.449701,0.91293424,1951
426,r3i1p1f1,1951,03,03,0.004497621404497247,11.963087,-1.0894156,1951
427,r3i1p1f1,1951,03,04,0.0,11.903844,-1.3527268,1951
428,r3i1p1f1,1951,03,05,1.9383204804494438,7.1843286,0.36157525,1951
429,r3i1p1f1,1951,03,06,10.06211821529034,3.634673,-2.2805033,1951
430,r3i1p1f1,1951,03,07,0.0,11.585121,-2.503386,1951
431,r3i1p1f1,1951,03,08,0.0,11.50102,-1.650093,1951
432,r3i1p1f1,1951,03,09,13.453769142200288,7.537452,0.714484,1951
433,r3i1p1f1,1951,03,10,35.13357062382918,2.874482,-1.085701,1951
434,r3i1p1f1,1951,03,11,3.215801225240667,5.1683607,-3.059356,1951
435,r3i1p1f1,1951,03,12,0.005728773478614657,9.915195,-4.1689773,1951
436,r3i1p1f1,1951,03,13,0.0,12.39678,-2.2168639,1951
437,r3i1p1f1,1951,03,14,0.0,13.331443,-1.0990494,1951
438,r3i1p1f1,1951,03,15,0.0,16.235748,1.990893,1951
439,r3i1p1f1,1951,03,16,0.0,17.016714,4.256816,1951
440,r3i1p1f1,1951,03,17,0.0,16.115824,5.87513,1951
441,r3i1p1f1,1951,03,18,44.219883658776155,10.218988,3.3230624,1951
442,r3i1p1f1,1951,03,19,6.640209214866014,9.759834,-2.8256483,1951
443,r3i1p1f1,1951,03,20,0.0,12.948601,0.5472246,1951
444,r3i1p1f1,1951,03,21,0.0,11.077406,1.106667,1951
445,r3i1p1f1,1951,03,22,0.6175449603879793,8.707639,-1.5422605,1951
446,r3i1p1f1,1951,03,23,0.9875562975618155,8.278547,-3.1959064,1951
447,r3i1p1f1,1951,03,24,1.2325640138633869,8.130205,-3.249152,1951
448,r3i1p1f1,1951,03,25,47.038249083255465,4.8773055,-0.22412145,1951
449,r3i1p1f1,1951,03,26,17.50288550055733,4.8325973,-0.36013913,1951
450,r3i1p1f1,1951,03,27,0.029305102476715354,11.784943,-4.080815,1951
451,r3i1p1f1,1951,03,28,7.1507951782366845,8.976218,-0.74841756,1951
452,r3i1p1f1,1951,03,29,0.0,15.535178,-0.9704458,1951
453,r3i1p1f1,1951,03,30,0.0,14.931982,-0.06173712,1951
454,r3i1p1f1,1951,03,31,6.262661851149843,7.4744453,-4.4184504,1951
455,r3i1p1f1,1951,04,01,0.09166836940781459,7.4539056,-5.5992465,1951
456,r3i1p1f1,1951,04,02,0.0,8.516523,-1.707627,1951
457,r3i1p1f1,1951,04,03,0.0,13.488413,-1.0363696,1951
458,r3i1p1f1,1951,04,04,0.0,17.327995,2.0646198,1951
459,r3i1p1f1,1951,04,05,0.0,17.136648,2.6583307,1951
460,r3i1p1f1,1951,04,06,0.0,18.502804,3.6383278,1951
461,r3i1p1f1,1951,04,07,0.0,19.103098,2.6495492,1951
462,r3i1p1f1,1951,04,08,0.0,17.084723,4.158162,1951
463,r3i1p1f1,1951,04,09,33.49135792814195,9.122873,-1.2606595,1951
464,r3i1p1f1,1951,04,10,4.83896569325895,1.7311094,-5.9600224,1951
465,r3i1p1f1,1951,04,11,0.15196048495310702,7.086562,-3.2403853,1951
466,r3i1p1f1,1951,04,12,0.0,10.286033,-4.5674043,1951
467,r3i1p1f1,1951,04,13,0.0,13.480777,-1.6889914,1951
468,r3i1p1f1,1951,04,14,0.0,15.549439,0.5784807,1951
469,r3i1p1f1,1951,04,15,0.0,15.471854,2.7309918,1951
470,r3i1p1f1,1951,04,16,0.0,17.528719,2.7147207,1951
471,r3i1p1f1,1951,04,17,0.0,17.570171,3.2397246,1951
472,r3i1p1f1,1951,04,18,1.3874219568127668,14.721049,1.5074236,1951
473,r3i1p1f1,1951,04,19,57.04291848171698,3.155659,-3.1972556,1951
474,r3i1p1f1,1951,04,20,4.205587246159618,1.5690649,-6.8965607,1951
475,r3i1p1f1,1951,04,21,0.0,8.61898,-8.045003,1951
476,r3i1p1f1,1951,04,22,0.0,9.729137,-5.018549,1951
477,r3i1p1f1,1951,04,23,0.0,12.994469,-1.0365188,1951
478,r3i1p1f1,1951,04,24,9.786528967455716,9.232185,-0.07166652,1951
479,r3i1p1f1,1951,04,25,25.465663336217403,5.300462,-0.41437617,1951
480,r3i1p1f1,1951,04,26,0.18453419244523453,11.973231,-0.9193088,1951
481,r3i1p1f1,1951,04,27,0.0,17.238285,2.5805054,1951
482,r3i1p1f1,1951,04,28,0.0,20.268028,2.7588334,1951
483,r3i1p1f1,1951,04,29,0.0,21.176315,4.821976,1951
484,r3i1p1f1,1951,04,30,0.0,22.369875,6.5608916,1951
485,r3i1p1f1,1951,05,01,0.0,23.2591,7.3109055,1951
486,r3i1p1f1,1951,05,02,0.0,22.70179,8.454253,1951
487,r3i1p1f1,1951,05,03,0.0,18.47038,6.5802894,1951
488,r3i1p1f1,1951,05,04,0.0,15.023839,4.4601784,1951
489,r3i1p1f1,1951,05,05,0.0,14.59198,2.7554998,1951
490,r3i1p1f1,1951,05,06,0.40494711689749047,14.010546,5.487531,1951
491,r3i1p1f1,1951,05,07,0.0,21.131666,3.4368834,1951
492,r3i1p1f1,1951,05,08,0.0,24.810085,6.3177843,1951
493,r3i1p1f1,1951,05,09,0.0,23.612394,10.172347,1951
494,r3i1p1f1,1951,05,10,0.0,17.015362,1.962028,1951
495,r3i1p1f1,1951,05,11,0.0,17.659239,2.7866066,1951
496,r3i1p1f1,1951,05,12,0.0,19.85156,3.8862252,1951
497,r3i1p1f1,1951,05,13,0.0,22.767668,6.172013,1951
498,r3i1p1f1,1951,05,14,0.0,23.54507,8.826321,1951
499,r3i1p1f1,1951,05,15,0.0,25.012123,9.155875,1951
500,r3i1p1f1,1951,05,16,0.0,28.833626,10.594285,1951
501,r3i1p1f1,1951,05,17,0.0,28.93563,12.389561,1951
502,r3i1p1f1,1951,05,18,0.0,27.867,11.381305,1951
503,r3i1p1f1,1951,05,19,5.082823052745018,20.760727,6.1681066,1951
504,r3i1p1f1,1951,05,20,6.422389452697979,20.029022,5.2523375,1951
505,r3i1p1f1,1951,05,21,6.497701063084318,20.446203,7.388547,1951
506,r3i1p1f1,1951,05,22,0.6545960519839642,21.635847,7.0888066,1951
507,r3i1p1f1,1951,05,23,0.0004304487926052197,24.164085,10.269124,1951
508,r3i1p1f1,1951,05,24,0.0,23.25799,8.611462,1951
509,r3i1p1f1,1951,05,25,0.0,24.64272,8.548923,1951
510,r3i1p1f1,1951,05,26,0.0,23.578144,9.924787,1951
511,r3i1p1f1,1951,05,27,0.0,20.796452,7.8967175,1951
512,r3i1p1f1,1951,05,28,0.0,16.912638,4.801992,1951
513,r3i1p1f1,1951,05,29,0.0,20.025414,5.964341,1951
514,r3i1p1f1,1951,05,30,0.0,24.276545,7.98401,1951
515,r3i1p1f1,1951,05,31,0.0,24.125885,10.273898,1951
516,r3i1p1f1,1951,06,01,0.016081702980093388,21.879387,7.30825,1951
517,r3i1p1f1,1951,06,02,0.0,19.211174,4.775879,1951
518,r3i1p1f1,1951,06,03,0.0,19.092642,4.478201,1951
519,r3i1p1f1,1951,06,04,0.0,19.713976,3.794514,1951
520,r3i1p1f1,1951,06,05,0.0,22.287518,5.264928,1951
521,r3i1p1f1,1951,06,06,0.0,22.298393,6.4875264,1951
522,r3i1p1f1,1951,06,07,0.0,21.776146,8.823571,1951
523,r3i1p1f1,1951,06,08,0.0,23.61956,8.69197,1951
524,r3i1p1f1,1951,06,09,0.0,26.76874,9.128314,1951
525,r3i1p1f1,1951,06,10,0.0,29.577795,11.534943,1951
526,r3i1p1f1,1951,06,11,0.0,31.111572,12.73872,1951
527,r3i1p1f1,1951,06,12,0.0,30.673592,15.182445,1951
528,r3i1p1f1,1951,06,13,0.0,26.513397,12.993002,1951
529,r3i1p1f1,1951,06,14,0.0,25.481724,11.219973,1951
530,r3i1p1f1,1951,06,15,0.0,23.550295,8.667955,1951
531,r3i1p1f1,1951,06,16,0.0,25.44488,7.3435645,1951
532,r3i1p1f1,1951,06,17,0.0,24.968513,11.256893,1951
533,r3i1p1f1,1951,06,18,0.0,23.392086,7.2050753,1951
534,r3i1p1f1,1951,06,19,0.0,22.88814,6.35593,1951
535,r3i1p1f1,1951,06,20,0.0,28.142666,10.355604,1951
536,r3i1p1f1,1951,06,21,0.0,31.447601,13.8677845,1951
537,r3i1p1f1,1951,06,22,0.0,32.61322,16.104666,1951
538,r3i1p1f1,1951,06,23,0.0,31.761826,15.309837,1951
539,r3i1p1f1,1951,06,24,0.0,29.088041,13.010095,1951
540,r3i1p1f1,1951,06,25,0.0,25.689875,9.451811,1951
541,r3i1p1f1,1951,06,26,0.0,23.961905,7.101799,1951
542,r3i1p1f1,1951,06,27,0.0,23.5571,9.01742,1951
543,r3i1p1f1,1951,06,28,0.0,22.506525,7.89221,1951
544,r3i1p1f1,1951,06,29,0.0,26.802711,8.761194,1951
545,r3i1p1f1,1951,06,30,0.0,27.368889,11.472807,1951
546,r3i1p1f1,1951,07,01,0.0,26.863132,10.895633,1951
547,r3i1p1f1,1951,07,02,0.0,27.386278,9.000552,1951
548,r3i1p1f1,1951,07,03,0.0,26.371756,10.300579,1951
549,r3i1p1f1,1951,07,04,0.05855208851004902,22.907026,9.562012,1951
550,r3i1p1f1,1951,07,05,0.0,25.01165,8.447021,1951
551,r3i1p1f1,1951,07,06,3.7277929576368094,29.03559,12.502379,1951
552,r3i1p1f1,1951,07,07,1.7729138855908164,25.55257,13.164477,1951
553,r3i1p1f1,1951,07,08,0.9446490425800317,17.755882,10.528102,1951
554,r3i1p1f1,1951,07,09,0.0,21.937672,7.382264,1951
555,r3i1p1f1,1951,07,10,0.0,24.969112,9.646824,1951
556,r3i1p1f1,1951,07,11,0.0,24.50563,9.164008,1951
557,r3i1p1f1,1951,07,12,0.0,23.566671,9.48577,1951
558,r3i1p1f1,1951,07,13,0.0,21.90187,8.710502,1951
559,r3i1p1f1,1951,07,14,1.0111556919965599,23.728504,11.915136,1951
560,r3i1p1f1,1951,07,15,0.0,24.820858,7.9126434,1951
561,r3i1p1f1,1951,07,16,0.0,25.225527,9.586274,1951
562,r3i1p1f1,1951,07,17,0.0,26.86285,9.705766,1951
563,r3i1p1f1,1951,07,18,0.0,26.549582,10.918967,1951
564,r3i1p1f1,1951,07,19,0.0,24.12798,9.128883,1951
565,r3i1p1f1,1951,07,20,0.0,28.234776,9.86722,1951
566,r3i1p1f1,1951,07,21,0.0,31.05512,12.548554,1951
567,r3i1p1f1,1951,07,22,0.0,31.54725,14.807845,1951
568,r3i1p1f1,1951,07,23,0.0,32.215992,15.18833,1951
569,r3i1p1f1,1951,07,24,0.0,32.795536,16.745153,1951
570,r3i1p1f1,1951,07,25,0.06049625578606011,32.747425,18.776747,1951
571,r3i1p1f1,1951,07,26,0.0,30.66474,14.81976,1951
572,r3i1p1f1,1951,07,27,0.0,31.441326,15.894629,1951
573,r3i1p1f1,1951,07,28,0.0,31.245815,14.348014,1951
574,r3i1p1f1,1951,07,29,0.0,30.564846,14.307567,1951
575,r3i1p1f1,1951,07,30,0.21945648875675702,30.380512,13.561512,1951
576,r3i1p1f1,1951,07,31,0.0,28.283718,15.425453,1951
577,r3i1p1f1,1951,08,01,0.0,28.270826,12.586831,1951
578,r3i1p1f1,1951,08,02,0.0,31.119995,12.390752,1951
579,r3i1p1f1,1951,08,03,0.0,30.733198,13.572637,1951
580,r3i1p1f1,1951,08,04,0.0,29.419994,11.978645,1951
581,r3i1p1f1,1951,08,05,0.0,28.49278,12.09677,1951
582,r3i1p1f1,1951,08,06,0.0,29.60755,11.663764,1951
583,r3i1p1f1,1951,08,07,0.0,29.825209,12.2459755,1951
584,r3i1p1f1,1951,08,08,0.0,29.12865,13.085442,1951
585,r3i1p1f1,1951,08,09,0.0,27.410908,11.032716,1951
586,r3i1p1f1,1951,08,10,0.0,26.233755,10.23833,1951
587,r3i1p1f1,1951,08,11,0.0,24.30032,7.5809994,1951
588,r3i1p1f1,1951,08,12,0.0,27.706383,10.015124,1951
589,r3i1p1f1,1951,08,13,0.0,31.166513,11.859798,1951
590,r3i1p1f1,1951,08,14,0.0,30.946383,15.020431,1951
591,r3i1p1f1,1951,08,15,0.0,30.751017,15.676561,1951
592,r3i1p1f1,1951,08,16,0.003965615331636448,30.524134,15.574754,1951
593,r3i1p1f1,1951,08,17,0.027701065961369557,32.695965,14.051053,1951
594,r3i1p1f1,1951,08,18,0.0711401725359457,32.91979,15.713574,1951
595,r3i1p1f1,1951,08,19,0.0,32.41809,17.127924,1951
596,r3i1p1f1,1951,08,20,0.04910450048842713,30.99802,15.934295,1951
597,r3i1p1f1,1951,08,21,0.0,26.598944,14.809236,1951
598,r3i1p1f1,1951,08,22,0.02744853619859848,26.597122,13.25399,1951
599,r3i1p1f1,1951,08,23,0.0,30.603058,14.355311,1951
600,r3i1p1f1,1951,08,24,0.0,34.995403,17.424837,1951
601,r3i1p1f1,1951,08,25,0.20354480825756727,34.285183,18.43047,1951
602,r3i1p1f1,1951,08,26,1.691970335090637,29.846085,17.420364,1951
603,r3i1p1f1,1951,08,27,0.04557429714814613,27.652498,15.839559,1951
604,r3i1p1f1,1951,08,28,0.0,28.066502,13.288145,1951
605,r3i1p1f1,1951,08,29,0.0,27.585526,12.218209,1951
606,r3i1p1f1,1951,08,30,0.0,27.248432,11.827966,1951
607,r3i1p1f1,1951,08,31,0.0,31.025215,12.079754,1951
608,r3i1p1f1,1951,09,01,0.0,30.948448,14.32605,1951
609,r3i1p1f1,1951,09,02,0.0,31.761007,14.500325,1951
610,r3i1p1f1,1951,09,03,0.0,31.604212,14.535415,1951
611,r3i1p1f1,1951,09,04,0.0,31.195555,14.684156,1951
612,r3i1p1f1,1951,09,05,0.0,30.600344,14.236502,1951
613,r3i1p1f1,1951,09,06,0.0,31.292078,13.332745,1951
614,r3i1p1f1,1951,09,07,0.0,32.699883,14.168751,1951
615,r3i1p1f1,1951,09,08,0.0,31.810743,14.5906925,1951
616,r3i1p1f1,1951,09,09,0.0,29.207619,14.351015,1951
617,r3i1p1f1,1951,09,10,0.0,26.193113,11.209867,1951
618,r3i1p1f1,1951,09,11,0.0,23.676432,7.742329,1951
619,r3i1p1f1,1951,09,12,0.0,25.229088,8.470055,1951
620,r3i1p1f1,1951,09,13,0.0,24.418615,9.065009,1951
621,r3i1p1f1,1951,09,14,0.0,23.986845,10.241611,1951
622,r3i1p1f1,1951,09,15,0.0,23.235685,7.44396,1951
623,r3i1p1f1,1951,09,16,0.0,22.505398,7.469343,1951
624,r3i1p1f1,1951,09,17,0.0,22.047009,7.7270103,1951
625,r3i1p1f1,1951,09,18,0.0,18.890358,4.083272,1951
626,r3i1p1f1,1951,09,19,0.0,19.233713,3.6203437,1951
627,r3i1p1f1,1951,09,20,0.0,22.67093,5.3664546,1951
628,r3i1p1f1,1951,09,21,0.0,25.797163,8.704536,1951
629,r3i1p1f1,1951,09,22,0.0,25.316505,9.704287,1951
630,r3i1p1f1,1951,09,23,0.0,24.307024,10.318887,1951
631,r3i1p1f1,1951,09,24,0.0,23.848513,7.333129,1951
632,r3i1p1f1,1951,09,25,0.0,25.673372,7.276644,1951
633,r3i1p1f1,1951,09,26,0.0,27.103283,10.256927,1951
634,r3i1p1f1,1951,09,27,0.0,30.1209,11.37542,1951
635,r3i1p1f1,1951,09,28,0.0,30.100376,11.156463,1951
636,r3i1p1f1,1951,09,29,0.0,29.480556,11.8243,1951
637,r3i1p1f1,1951,09,30,0.0,29.257977,12.3729925,1951
638,r3i1p1f1,1951,10,01,0.0,29.107464,11.406235,1951
639,r3i1p1f1,1951,10,02,0.0,28.045462,12.629612,1951
640,r3i1p1f1,1951,10,03,0.0,27.832096,11.561502,1951
641,r3i1p1f1,1951,10,04,0.0,26.848864,11.644898,1951
642,r3i1p1f1,1951,10,05,0.0,24.65157,8.871999,1951
643,r3i1p1f1,1951,10,06,0.0,18.518122,5.0563765,1951
644,r3i1p1f1,1951,10,07,0.0,19.05648,4.556771,1951
645,r3i1p1f1,1951,10,08,0.0,20.258501,4.2999496,1951
646,r3i1p1f1,1951,10,09,0.0,19.747456,6.141755,1951
647,r3i1p1f1,1951,10,10,0.0,18.992386,4.448931,1951
648,r3i1p1f1,1951,10,11,0.0,19.326527,3.2432284,1951
649,r3i1p1f1,1951,10,12,0.0,20.12596,3.6227603,1951
650,r3i1p1f1,1951,10,13,0.0,22.658747,5.1479015,1951
651,r3i1p1f1,1951,10,14,0.0,24.976444,7.3288245,1951
652,r3i1p1f1,1951,10,15,0.0,25.92993,8.488559,1951
653,r3i1p1f1,1951,10,16,0.0,26.452124,8.440869,1951
654,r3i1p1f1,1951,10,17,0.0,27.850756,8.372965,1951
655,r3i1p1f1,1951,10,18,0.0,28.019054,10.083742,1951
656,r3i1p1f1,1951,10,19,0.0,28.13796,10.688399,1951
657,r3i1p1f1,1951,10,20,0.0,28.648092,10.84736,1951
658,r3i1p1f1,1951,10,21,0.0,28.776236,11.811379,1951
659,r3i1p1f1,1951,10,22,0.0,28.51749,9.861789,1951
660,r3i1p1f1,1951,10,23,0.0,29.115202,10.61433,1951
661,r3i1p1f1,1951,10,24,0.0,28.337967,12.394017,1951
662,r3i1p1f1,1951,10,25,0.0,25.242401,10.765406,1951
663,r3i1p1f1,1951,10,26,2.7320218446555757,25.414694,12.03244,1951
664,r3i1p1f1,1951,10,27,6.042925679694714,12.350357,1.9151325,1951
665,r3i1p1f1,1951,10,28,0.0,17.105019,3.2551913,1951
666,r3i1p1f1,1951,10,29,0.5684335424073077,16.034216,4.8448334,1951
667,r3i1p1f1,1951,10,30,0.32286138678165643,13.003432,1.3797672,1951
668,r3i1p1f1,1951,10,31,0.0,18.353374,2.8108077,1951
669,r3i1p1f1,1951,11,01,0.0,21.463356,4.7226152,1951
670,r3i1p1f1,1951,11,02,0.0,20.38262,6.9327884,1951
671,r3i1p1f1,1951,11,03,4.784627603121886e-05,15.786347,4.253517,1951
672,r3i1p1f1,1951,11,04,0.0,14.854764,2.1295898,1951
673,r3i1p1f1,1951,11,05,0.0,13.956901,1.2221702,1951
674,r3i1p1f1,1951,11,06,0.0,16.069893,1.7120163,1951
675,r3i1p1f1,1951,11,07,0.0,18.20501,2.9928825,1951
676,r3i1p1f1,1951,11,08,0.0,21.811409,4.8925037,1951
677,r3i1p1f1,1951,11,09,0.0,19.639538,7.9105225,1951
678,r3i1p1f1,1951,11,10,0.0,20.171698,4.471926,1951
679,r3i1p1f1,1951,11,11,0.0,20.283894,4.84193,1951
680,r3i1p1f1,1951,11,12,0.0,17.416933,4.0279984,1951
681,r3i1p1f1,1951,11,13,8.199874457970605,12.563265,0.4392005,1951
682,r3i1p1f1,1951,11,14,27.49363504178626,1.8607672,-4.8036914,1951
683,r3i1p1f1,1951,11,15,64.64946283713768,4.7709093,-0.8179637,1951
684,r3i1p1f1,1951,11,16,0.3317100093945077,6.652751,-2.3055532,1951
685,r3i1p1f1,1951,11,17,0.0,12.338649,-3.133983,1951
686,r3i1p1f1,1951,11,18,0.0,11.61742,2.7931619,1951
687,r3i1p1f1,1951,11,19,11.122543715847362,8.515041,0.5019926,1951
688,r3i1p1f1,1951,11,20,0.0,9.695264,-2.6705272,1951
689,r3i1p1f1,1951,11,21,0.0,14.543968,-1.8318374,1951
690,r3i1p1f1,1951,11,22,0.0,14.76465,3.3378336,1951
691,r3i1p1f1,1951,11,23,0.0,13.420824,4.360688,1951
692,r3i1p1f1,1951,11,24,0.16729929938216964,12.610671,2.7206795,1951
693,r3i1p1f1,1951,11,25,69.52242491962879,9.392738,3.2302985,1951
694,r3i1p1f1,1951,11,26,0.3659781675148559,10.49758,-0.770978,1951
695,r3i1p1f1,1951,11,27,0.0,10.074032,1.0606192,1951
696,r3i1p1f1,1951,11,28,48.52643202451107,6.828873,0.9729414,1951
697,r3i1p1f1,1951,11,29,11.599770503112508,7.819968,-0.022836132,1951
698,r3i1p1f1,1951,11,30,7.800749471904342,7.5826316,-0.4023002,1951
699,r3i1p1f1,1951,12,01,44.2166794238514,4.4992065,-1.2853655,1951
700,r3i1p1f1,1951,12,02,0.0,2.4481976,-4.1621633,1951
701,r3i1p1f1,1951,12,03,0.0,9.020442,-4.0518823,1951
702,r3i1p1f1,1951,12,04,0.0,11.245337,-2.620762,1951
703,r3i1p1f1,1951,12,05,0.0,13.605308,1.9122671,1951
704,r3i1p1f1,1951,12,06,0.05733861685975602,11.178066,4.6392756,1951
705,r3i1p1f1,1951,12,07,4.698008052793356,6.8259664,-2.8636703,1951
706,r3i1p1f1,1951,12,08,0.0,11.971216,-1.6858044,1951
707,r3i1p1f1,1951,12,09,0.0,15.574324,0.7335366,1951
708,r3i1p1f1,1951,12,10,0.0,16.002512,1.588361,1951
709,r3i1p1f1,1951,12,11,1.3517029032204606,14.570725,4.0137863,1951
710,r3i1p1f1,1951,12,12,1.6561464993604826,7.0293374,-2.421717,1951
711,r3i1p1f1,1951,12,13,14.106704876758158,9.4298315,2.0831282,1951
712,r3i1p1f1,1951,12,14,49.729171145315235,7.9435706,1.0633626,1951
713,r3i1p1f1,1951,12,15,0.0,11.238648,3.1479971,1951
714,r3i1p1f1,1951,12,16,0.0,12.761453,2.0758808,1951
715,r3i1p1f1,1951,12,17,6.207817320491334,8.252711,2.781373,1951
716,r3i1p1f1,1951,12,18,1.5716168732691778,5.909511,-2.760025,1951
717,r3i1p1f1,1951,12,19,0.0,6.754136,-7.1540875,1951
718,r3i1p1f1,1951,12,20,1.596499196526374,1.463178,-7.0697374,1951
719,r3i1p1f1,1951,12,21,0.0,2.9286165,-8.99247,1951
720,r3i1p1f1,1951,12,22,0.0,2.5221117,-8.622751,1951
721,r3i1p1f1,1951,12,23,0.0,7.093781,-5.511235,1951
722,r3i1p1f1,1951,12,24,0.0,7.740649,-5.800808,1951
723,r3i1p1f1,1951,12,25,0.0,6.68163,-5.9521327,1951
724,r3i1p1f1,1951,12,26,0.0,8.14025,-3.1429296,1951
725,r3i1p1f1,1951,12,27,0.0,11.869883,-1.4381322,1951
726,r3i1p1f1,1951,12,28,0.0,15.896445,1.5242347,1951
727,r3i1p1f1,1951,12,29,0.0,19.082806,2.816691,1951
728,r3i1p1f1,1951,12,30,0.0,17.289242,4.562688,1951
729,r3i1p1f1,1951,12,31,0.0,15.6915865,3.6456618,1951
730,r3i1p1f1,1952,01,01,0.0,13.532284,1.5597901,1952
731,r3i1p1f1,1952,01,02,0.0,14.387184,1.5779943,1952
732,r3i1p1f1,1952,01,03,0.0,17.654974,1.7010751,1952
733,r3i1p1f1,1952,01,04,0.0,17.860582,3.1060674,1952
734,r3i1p1f1,1952,01,05,0.0,17.300875,5.181846,1952
735,r3i1p1f1,1952,01,06,0.0,14.41525,6.2598257,1952
736,r3i1p1f1,1952,01,07,0.0,14.576525,2.531585,1952
737,r3i1p1f1,1952,01,08,0.0,16.084805,3.5682817,1952
738,r3i1p1f1,1952,01,09,0.0,18.43768,4.5480604,1952
739,r3i1p1f1,1952,01,10,0.0,17.912209,1.9006121,1952
740,r3i1p1f1,1952,01,11,0.0,17.367508,3.6673503,1952
741,r3i1p1f1,1952,01,12,0.0,16.027334,3.9896863,1952
742,r3i1p1f1,1952,01,13,0.0,14.5628395,2.6956306,1952
743,r3i1p1f1,1952,01,14,0.0,14.291006,2.7535517,1952
744,r3i1p1f1,1952,01,15,0.0,15.235205,1.8695323,1952
745,r3i1p1f1,1952,01,16,0.0,15.91493,4.39233,1952
746,r3i1p1f1,1952,01,17,0.0,16.402151,4.1259174,1952
747,r3i1p1f1,1952,01,18,0.0370772155675743,14.87216,3.5747235,1952
748,r3i1p1f1,1952,01,19,0.0,12.626171,1.9869899,1952
749,r3i1p1f1,1952,01,20,0.5491071043683118,12.3238,-0.17795104,1952
750,r3i1p1f1,1952,01,21,0.0,11.560947,0.7875335,1952
751,r3i1p1f1,1952,01,22,5.364219251695383,5.2036743,-7.075227,1952
752,r3i1p1f1,1952,01,23,0.0,7.985028,-4.493482,1952
753,r3i1p1f1,1952,01,24,0.0,9.634226,-3.1276045,1952
754,r3i1p1f1,1952,01,25,0.0,11.35342,-1.6625953,1952
755,r3i1p1f1,1952,01,26,0.2829902703524567,8.259908,-2.1476915,1952
756,r3i1p1f1,1952,01,27,0.0,9.576857,-1.6218426,1952
757,r3i1p1f1,1952,01,28,1.1365720091577571,8.442816,0.061216954,1952
758,r3i1p1f1,1952,01,29,40.998009250401275,5.590251,-3.7294784,1952
759,r3i1p1f1,1952,01,30,11.464456877920862,-1.1045313,-10.961604,1952
760,r3i1p1f1,1952,01,31,3.4443334233066323,-2.3704886,-8.536424,1952
761,r3i1p1f1,1952,02,01,0.0,0.23191325,-14.613379,1952
762,r3i1p1f1,1952,02,02,10.283580966336702,0.6418089,-9.494388,1952
763,r3i1p1f1,1952,02,03,0.0,2.8902173,-13.21377,1952
764,r3i1p1f1,1952,02,04,0.0,3.2381465,-8.937538,1952
765,r3i1p1f1,1952,02,05,4.524436753203382,-0.42442468,-6.447221,1952
766,r3i1p1f1,1952,02,06,0.0,1.1225102,-14.867582,1952
767,r3i1p1f1,1952,02,07,0.2799954861601643,0.04775168,-16.498224,1952
768,r3i1p1f1,1952,02,08,36.394798997054366,0.20475635,-7.4374633,1952
769,r3i1p1f1,1952,02,09,0.0,6.133948,-4.5307207,1952
770,r3i1p1f1,1952,02,10,41.23159259508707,7.386114,-0.8836904,1952
771,r3i1p1f1,1952,02,11,23.621423521667328,6.5164647,2.0262082,1952
772,r3i1p1f1,1952,02,12,0.01200123607352572,10.661971,-1.058847,1952
773,r3i1p1f1,1952,02,13,1.0587612715378207,10.154847,0.72463447,1952
774,r3i1p1f1,1952,02,14,0.0,13.166313,-0.506774,1952
775,r3i1p1f1,1952,02,15,0.0,12.938415,4.303232,1952
776,r3i1p1f1,1952,02,16,0.0,16.943142,1.7887875,1952
777,r3i1p1f1,1952,02,17,0.0,16.809938,3.0727828,1952
778,r3i1p1f1,1952,02,18,0.00553571949958017,15.897456,4.7852836,1952
779,r3i1p1f1,1952,02,19,0.0,15.709702,3.607695,1952
780,r3i1p1f1,1952,02,20,0.0,15.444783,3.6126006,1952
781,r3i1p1f1,1952,02,21,7.654423124308539,11.556471,2.9127543,1952
782,r3i1p1f1,1952,02,22,0.0,13.99621,0.75963223,1952
783,r3i1p1f1,1952,02,23,0.0,15.166834,0.74998343,1952
784,r3i1p1f1,1952,02,24,0.0,15.704912,1.642098,1952
785,r3i1p1f1,1952,02,25,0.0,15.267231,1.9738941,1952
786,r3i1p1f1,1952,02,26,0.0,17.476309,0.79447347,1952
787,r3i1p1f1,1952,02,27,0.0,15.847014,2.0344853,1952
788,r3i1p1f1,1952,02,28,0.0,11.394491,0.6024349,1952
789,r3i1p1f1,1952,02,29,0.0,6.778539,-4.5439987,1952
790,r3i1p1f1,1952,03,01,0.0,7.9968324,-6.686493,1952
791,r3i1p1f1,1952,03,02,0.0,10.189538,-5.5375605,1952
792,r3i1p1f1,1952,03,03,0.0,9.534748,-1.5210847,1952
793,r3i1p1f1,1952,03,04,1.3906208783737384,8.812836,-3.3213606,1952
794,r3i1p1f1,1952,03,05,0.0,11.216984,-3.6607306,1952
795,r3i1p1f1,1952,03,06,0.0,12.995881,-1.6549973,1952
796,r3i1p1f1,1952,03,07,0.0,11.803628,0.6896798,1952
797,r3i1p1f1,1952,03,08,0.0,15.770704,0.64741856,1952
798,r3i1p1f1,1952,03,09,0.13162735506883014,15.119453,5.0631833,1952
799,r3i1p1f1,1952,03,10,1.8232952944680092,16.137032,0.9463089,1952
800,r3i1p1f1,1952,03,11,0.0,18.447912,4.0720816,1952
801,r3i1p1f1,1952,03,12,0.1552868146207306,16.454931,4.231451,1952
802,r3i1p1f1,1952,03,13,0.0,16.950615,2.3062203,1952
803,r3i1p1f1,1952,03,14,0.0,16.188248,3.6032965,1952
804,r3i1p1f1,1952,03,15,0.0,18.17253,3.352643,1952
805,r3i1p1f1,1952,03,16,0.0,21.991583,4.703256,1952
806,r3i1p1f1,1952,03,17,0.0,21.435434,6.8208637,1952
807,r3i1p1f1,1952,03,18,6.518309045120412,8.903774,-1.404398,1952
808,r3i1p1f1,1952,03,19,0.0,13.183582,-0.82337415,1952
809,r3i1p1f1,1952,03,20,0.0,15.7812605,1.2008756,1952
810,r3i1p1f1,1952,03,21,0.26632241593018224,14.806885,2.2623274,1952
811,r3i1p1f1,1952,03,22,3.4468283477747863,13.937559,0.27269062,1952
812,r3i1p1f1,1952,03,23,1.6553999901301915,11.560037,4.233667,1952
813,r3i1p1f1,1952,03,24,3.988427444940163,11.719055,1.8751249,1952
814,r3i1p1f1,1952,03,25,0.0,15.096602,2.6277828,1952
815,r3i1p1f1,1952,03,26,1.1733179091702608,12.764108,-2.9701204,1952
816,r3i1p1f1,1952,03,27,2.5531701170716827,9.041838,-2.898572,1952
817,r3i1p1f1,1952,03,28,15.710949058963084,5.8749094,-1.2882582,1952
818,r3i1p1f1,1952,03,29,42.07296202351388,3.0170388,-2.9462905,1952
819,r3i1p1f1,1952,03,30,11.550311527312978,7.5473423,0.61470187,1952
820,r3i1p1f1,1952,03,31,0.0,15.925169,-0.6557642,1952
821,r3i1p1f1,1952,04,01,0.0,16.346478,-0.17564192,1952
822,r3i1p1f1,1952,04,02,0.0,17.531988,5.9141016,1952
823,r3i1p1f1,1952,04,03,0.0,21.498043,6.7467933,1952
824,r3i1p1f1,1952,04,04,14.266802698961998,16.614038,5.461749,1952
825,r3i1p1f1,1952,04,05,32.75131086671823,12.923383,3.7110617,1952
826,r3i1p1f1,1952,04,06,2.0386155449255297,13.722074,6.3009787,1952
827,r3i1p1f1,1952,04,07,35.48027746820528,10.278254,-0.92170286,1952
828,r3i1p1f1,1952,04,08,12.716184461513828,8.437181,-1.7490008,1952
829,r3i1p1f1,1952,04,09,5.252388632288785,14.786593,0.56929827,1952
830,r3i1p1f1,1952,04,10,28.07326989101344,12.848958,2.477177,1952
831,r3i1p1f1,1952,04,11,5.203682293588492,7.3561254,1.9472682,1952
832,r3i1p1f1,1952,04,12,8.988008837485197,5.5131025,-1.2066804,1952
833,r3i1p1f1,1952,04,13,0.0,17.662466,2.442674,1952
834,r3i1p1f1,1952,04,14,0.0,20.23541,2.4497485,1952
835,r3i1p1f1,1952,04,15,3.2200938292111174,15.571153,2.7311978,1952
836,r3i1p1f1,1952,04,16,0.0,15.799727,1.9234498,1952
837,r3i1p1f1,1952,04,17,0.0,19.331694,2.6959069,1952
838,r3i1p1f1,1952,04,18,0.0,21.388573,5.2642717,1952
839,r3i1p1f1,1952,04,19,0.0,21.163635,5.1952085,1952
840,r3i1p1f1,1952,04,20,0.0,22.35643,5.291991,1952
841,r3i1p1f1,1952,04,21,0.09283961607204554,18.897238,5.798239,1952
842,r3i1p1f1,1952,04,22,0.0,13.809947,2.1508703,1952
843,r3i1p1f1,1952,04,23,0.31293327698030654,14.577391,1.0892929,1952
844,r3i1p1f1,1952,04,24,4.654193822505859,13.916121,1.1892191,1952
845,r3i1p1f1,1952,04,25,0.0,22.751337,3.6413343,1952
846,r3i1p1f1,1952,04,26,0.0,23.190678,7.1714716,1952
847,r3i1p1f1,1952,04,27,0.0,22.67413,8.476981,1952
848,r3i1p1f1,1952,04,28,0.6224612822782212,19.70106,7.096827,1952
849,r3i1p1f1,1952,04,29,15.989890458111308,11.713365,4.4654193,1952
850,r3i1p1f1,1952,04,30,0.0,18.95244,2.9750245,1952
851,r3i1p1f1,1952,05,01,0.0,23.834335,6.282301,1952
852,r3i1p1f1,1952,05,02,0.0,26.683912,9.20994,1952
853,r3i1p1f1,1952,05,03,0.0,26.197773,10.8059025,1952
854,r3i1p1f1,1952,05,04,0.0,27.339087,10.886432,1952
855,r3i1p1f1,1952,05,05,0.0,26.3693,11.889905,1952
856,r3i1p1f1,1952,05,06,0.0,20.885351,7.942224,1952
857,r3i1p1f1,1952,05,07,1.8993924558009512,19.470337,5.340886,1952
858,r3i1p1f1,1952,05,08,0.10385878191108962,18.203415,7.6581626,1952
859,r3i1p1f1,1952,05,09,0.0,20.188192,5.2670503,1952
860,r3i1p1f1,1952,05,10,0.0,20.781742,5.840035,1952
861,r3i1p1f1,1952,05,11,0.0,22.036324,7.5283823,1952
862,r3i1p1f1,1952,05,12,0.0,21.016195,8.03578,1952
863,r3i1p1f1,1952,05,13,4.839601098042055,16.155865,2.0932927,1952
864,r3i1p1f1,1952,05,14,19.610416382171312,11.751873,2.496328,1952
865,r3i1p1f1,1952,05,15,20.372327567096555,6.1119757,-1.5314404,1952
866,r3i1p1f1,1952,05,16,0.0,15.146951,-1.6192237,1952
867,r3i1p1f1,1952,05,17,0.0,16.841322,2.9379857,1952
868,r3i1p1f1,1952,05,18,0.0,21.321808,5.033361,1952
869,r3i1p1f1,1952,05,19,0.0,24.073252,7.2456746,1952
870,r3i1p1f1,1952,05,20,0.0,25.116308,9.432676,1952
871,r3i1p1f1,1952,05,21,0.0,25.250729,9.283436,1952
872,r3i1p1f1,1952,05,22,0.0,23.65478,7.9225907,1952
873,r3i1p1f1,1952,05,23,0.4044710916404208,20.25729,6.679952,1952
874,r3i1p1f1,1952,05,24,0.12342862265588912,13.924582,2.3942857,1952
875,r3i1p1f1,1952,05,25,4.229665263540626,13.637749,2.7799509,1952
876,r3i1p1f1,1952,05,26,3.888089749211519,16.61362,3.8375385,1952
877,r3i1p1f1,1952,05,27,1.6415032972489778,15.395198,3.4755673,1952
878,r3i1p1f1,1952,05,28,1.2466085421405488,15.754169,0.5062329,1952
879,r3i1p1f1,1952,05,29,3.590935248978081,15.321371,2.5112534,1952
880,r3i1p1f1,1952,05,30,4.746954070833453,17.387306,4.801648,1952
881,r3i1p1f1,1952,05,31,0.18601887828768476,20.42044,5.6938515,1952
882,r3i1p1f1,1952,06,01,0.0,19.438845,5.1015787,1952
883,r3i1p1f1,1952,06,02,0.0,19.554214,5.9313874,1952
884,r3i1p1f1,1952,06,03,0.0,20.227541,6.703037,1952
885,r3i1p1f1,1952,06,04,0.0,24.836754,6.264764,1952
886,r3i1p1f1,1952,06,05,0.0,27.522593,8.93036,1952
887,r3i1p1f1,1952,06,06,0.0,27.362764,10.77201,1952
888,r3i1p1f1,1952,06,07,0.0,25.929258,12.00356,1952
889,r3i1p1f1,1952,06,08,0.0,24.478086,9.537403,1952
890,r3i1p1f1,1952,06,09,2.0798962655949014,21.362392,7.603229,1952
891,r3i1p1f1,1952,06,10,0.7096862553704628,15.892152,3.3610404,1952
892,r3i1p1f1,1952,06,11,0.0,21.353724,3.8771517,1952
893,r3i1p1f1,1952,06,12,0.0,23.741423,6.635663,1952
894,r3i1p1f1,1952,06,13,0.0,23.653831,7.3508973,1952
895,r3i1p1f1,1952,06,14,0.0,22.952694,7.3927426,1952
896,r3i1p1f1,1952,06,15,0.0,19.395739,6.0182796,1952
897,r3i1p1f1,1952,06,16,0.0,22.59747,6.311522,1952
898,r3i1p1f1,1952,06,17,0.0,23.973211,8.866034,1952
899,r3i1p1f1,1952,06,18,0.0,22.371792,8.340215,1952
900,r3i1p1f1,1952,06,19,0.0,23.472843,6.557392,1952
901,r3i1p1f1,1952,06,20,0.0,25.103302,8.721812,1952
902,r3i1p1f1,1952,06,21,0.0,25.061497,10.444589,1952
903,r3i1p1f1,1952,06,22,0.0,28.403467,10.024542,1952
904,r3i1p1f1,1952,06,23,0.0,31.089993,12.907221,1952
905,r3i1p1f1,1952,06,24,0.0,30.059704,13.39176,1952
906,r3i1p1f1,1952,06,25,0.0,26.568634,11.225378,1952
907,r3i1p1f1,1952,06,26,0.0,28.984013,11.248609,1952
908,r3i1p1f1,1952,06,27,0.0,30.086784,13.420707,1952
909,r3i1p1f1,1952,06,28,0.0,28.526012,14.485394,1952
910,r3i1p1f1,1952,06,29,0.0,29.658838,13.884294,1952
911,r3i1p1f1,1952,06,30,0.0,29.174034,12.708069,1952
912,r3i1p1f1,1952,07,01,0.0,28.149797,11.500707,1952
913,r3i1p1f1,1952,07,02,0.0,30.907045,13.17139,1952
914,r3i1p1f1,1952,07,03,0.0,31.662361,15.306367,1952
915,r3i1p1f1,1952,07,04,0.0,32.751293,15.673251,1952
916,r3i1p1f1,1952,07,05,0.16356367743451541,33.331276,16.462803,1952
917,r3i1p1f1,1952,07,06,0.7094521185775337,32.07022,16.58378,1952
918,r3i1p1f1,1952,07,07,0.0,27.4922,15.164208,1952
919,r3i1p1f1,1952,07,08,0.0,27.946957,12.394271,1952
920,r3i1p1f1,1952,07,09,0.0,27.73264,11.947435,1952
921,r3i1p1f1,1952,07,10,0.0,28.229128,12.5159235,1952
922,r3i1p1f1,1952,07,11,0.0,27.98551,12.129988,1952
923,r3i1p1f1,1952,07,12,0.0,27.294527,11.013402,1952
924,r3i1p1f1,1952,07,13,0.0,25.933235,10.277153,1952
925,r3i1p1f1,1952,07,14,0.0,25.185898,11.218699,1952
926,r3i1p1f1,1952,07,15,0.0,27.521364,11.92786,1952
927,r3i1p1f1,1952,07,16,0.0,31.766743,13.946364,1952
928,r3i1p1f1,1952,07,17,0.0,31.552704,16.739511,1952
929,r3i1p1f1,1952,07,18,0.0,31.857895,14.749603,1952
930,r3i1p1f1,1952,07,19,0.0,32.644196,14.553635,1952
931,r3i1p1f1,1952,07,20,0.0,33.097626,18.042871,1952
932,r3i1p1f1,1952,07,21,0.0,32.499367,18.791481,1952
933,r3i1p1f1,1952,07,22,0.25463168146272536,32.834507,17.039444,1952
934,r3i1p1f1,1952,07,23,0.025597357709653136,31.45134,15.70208,1952
935,r3i1p1f1,1952,07,24,0.0,31.38813,14.352946,1952
936,r3i1p1f1,1952,07,25,0.0,33.123737,15.124439,1952
937,r3i1p1f1,1952,07,26,0.0,33.63093,16.449345,1952
938,r3i1p1f1,1952,07,27,0.22550712348770743,33.32664,17.865831,1952
939,r3i1p1f1,1952,07,28,0.0,29.353401,14.663901,1952
940,r3i1p1f1,1952,07,29,0.0,30.794373,12.637564,1952
941,r3i1p1f1,1952,07,30,0.0,31.079473,13.019219,1952
942,r3i1p1f1,1952,07,31,0.006708087350584958,31.312492,12.871044,1952
943,r3i1p1f1,1952,08,01,0.0,31.287186,14.690055,1952
944,r3i1p1f1,1952,08,02,0.0,32.29735,16.762272,1952
945,r3i1p1f1,1952,08,03,0.0,34.758278,16.92473,1952
946,r3i1p1f1,1952,08,04,0.48478006149372577,35.02206,19.452456,1952
947,r3i1p1f1,1952,08,05,0.0,32.239017,19.015965,1952
948,r3i1p1f1,1952,08,06,0.005222356872093913,33.44585,18.319162,1952
949,r3i1p1f1,1952,08,07,0.0077211431696349265,33.423653,16.970058,1952
950,r3i1p1f1,1952,08,08,0.0,32.585545,16.007467,1952
951,r3i1p1f1,1952,08,09,0.0,30.966621,13.903918,1952
952,r3i1p1f1,1952,08,10,0.0,29.772833,12.929615,1952
953,r3i1p1f1,1952,08,11,0.0,27.616156,11.006345,1952
954,r3i1p1f1,1952,08,12,0.0,27.532076,9.850358,1952
955,r3i1p1f1,1952,08,13,0.0,28.782415,10.776882,1952
956,r3i1p1f1,1952,08,14,0.0,30.844908,12.697015,1952
957,r3i1p1f1,1952,08,15,0.0,32.058327,12.977813,1952
958,r3i1p1f1,1952,08,16,0.0,32.278812,14.172102,1952
959,r3i1p1f1,1952,08,17,0.0,31.479004,13.407577,1952
960,r3i1p1f1,1952,08,18,0.0,27.410032,11.110186,1952
961,r3i1p1f1,1952,08,19,0.0,27.559408,11.782391,1952
962,r3i1p1f1,1952,08,20,0.0,28.395927,12.204097,1952
963,r3i1p1f1,1952,08,21,0.0,27.319326,11.090706,1952
964,r3i1p1f1,1952,08,22,0.0,23.198118,6.2387476,1952
965,r3i1p1f1,1952,08,23,0.0,26.701056,8.474004,1952
966,r3i1p1f1,1952,08,24,23.914627802533733,29.96544,15.62655,1952
967,r3i1p1f1,1952,08,25,5.632959694316685,25.629808,15.347285,1952
968,r3i1p1f1,1952,08,26,0.0,27.390583,10.7309475,1952
969,r3i1p1f1,1952,08,27,0.0,30.321846,11.1754055,1952
970,r3i1p1f1,1952,08,28,0.0,29.45415,13.403901,1952
971,r3i1p1f1,1952,08,29,0.020372273636320114,28.388407,13.542873,1952
972,r3i1p1f1,1952,08,30,0.0,27.632067,13.151035,1952
973,r3i1p1f1,1952,08,31,0.035644685129610526,26.898201,12.353367,1952
974,r3i1p1f1,1952,09,01,0.6330975473055763,24.692902,13.081365,1952
975,r3i1p1f1,1952,09,02,0.26762907170785566,21.756514,10.105964,1952
976,r3i1p1f1,1952,09,03,0.003074228114105369,20.742987,9.328835,1952
977,r3i1p1f1,1952,09,04,0.045717476965173295,20.119144,8.78833,1952
978,r3i1p1f1,1952,09,05,0.0,24.681305,6.9709964,1952
979,r3i1p1f1,1952,09,06,0.0,25.633371,9.3912945,1952
980,r3i1p1f1,1952,09,07,0.0,24.366577,8.959288,1952
981,r3i1p1f1,1952,09,08,0.0,20.90403,5.7377005,1952
982,r3i1p1f1,1952,09,09,0.0,21.826056,5.472035,1952
983,r3i1p1f1,1952,09,10,0.0,22.637054,5.1111197,1952
984,r3i1p1f1,1952,09,11,0.0,25.149347,7.3267455,1952
985,r3i1p1f1,1952,09,12,0.0,25.618078,8.412029,1952
986,r3i1p1f1,1952,09,13,0.006165002598304693,25.615288,8.878269,1952
987,r3i1p1f1,1952,09,14,0.35081065543636214,24.189722,11.4768305,1952
988,r3i1p1f1,1952,09,15,0.03071025344788244,26.283169,9.689556,1952
989,r3i1p1f1,1952,09,16,0.0,28.194475,12.203632,1952
990,r3i1p1f1,1952,09,17,0.0,30.76424,13.199152,1952
991,r3i1p1f1,1952,09,18,0.0,30.739754,13.781482,1952
992,r3i1p1f1,1952,09,19,0.0,29.922434,14.581771,1952
993,r3i1p1f1,1952,09,20,0.0,27.020191,10.802708,1952
994,r3i1p1f1,1952,09,21,0.0,27.180431,9.043667,1952
995,r3i1p1f1,1952,09,22,0.0,28.315855,10.783597,1952
996,r3i1p1f1,1952,09,23,0.0,28.781439,11.147932,1952
997,r3i1p1f1,1952,09,24,0.0,28.566238,11.73558,1952
998,r3i1p1f1,1952,09,25,0.0,26.982668,11.695003,1952
999,r3i1p1f1,1952,09,26,0.0,27.132927,10.586834,1952
1000,r3i1p1f1,1952,09,27,0.0,28.736635,11.139124,1952
1001,r3i1p1f1,1952,09,28,0.0,29.554554,12.230818,1952
1002,r3i1p1f1,1952,09,29,0.0,28.431427,11.977315,1952
1003,r3i1p1f1,1952,09,30,0.0,27.018822,10.975692,1952
1004,r3i1p1f1,1952,10,01,0.0,25.91879,9.379799,1952
1005,r3i1p1f1,1952,10,02,0.0,22.844423,7.881141,1952
1006,r3i1p1f1,1952,10,03,0.0,18.304592,5.011501,1952
1007,r3i1p1f1,1952,10,04,0.0,21.71161,5.412933,1952
1008,r3i1p1f1,1952,10,05,0.0,23.999441,7.78581,1952
1009,r3i1p1f1,1952,10,06,0.0,27.177673,9.898193,1952
1010,r3i1p1f1,1952,10,07,0.0,29.143545,10.585161,1952
1011,r3i1p1f1,1952,10,08,0.0,28.806328,11.084892,1952
1012,r3i1p1f1,1952,10,09,0.0,27.281422,10.627564,1952
1013,r3i1p1f1,1952,10,10,0.0,25.795465,10.201966,1952
1014,r3i1p1f1,1952,10,11,0.0,24.051462,8.759608,1952
1015,r3i1p1f1,1952,10,12,0.0,24.017143,7.444534,1952
1016,r3i1p1f1,1952,10,13,0.0,22.956535,9.675647,1952
1017,r3i1p1f1,1952,10,14,0.0,23.270506,8.008934,1952
1018,r3i1p1f1,1952,10,15,0.0,23.09305,9.043588,1952
1019,r3i1p1f1,1952,10,16,0.0,22.12357,8.938006,1952
1020,r3i1p1f1,1952,10,17,0.0,27.050549,7.7895565,1952
1021,r3i1p1f1,1952,10,18,0.0,27.903757,10.305618,1952
1022,r3i1p1f1,1952,10,19,0.0,27.742609,11.756116,1952
1023,r3i1p1f1,1952,10,20,2.5802710442420853,29.528028,16.326454,1952
1024,r3i1p1f1,1952,10,21,0.0,16.967102,6.7421265,1952
1025,r3i1p1f1,1952,10,22,0.0,17.597382,5.6192293,1952
1026,r3i1p1f1,1952,10,23,0.0,23.841282,7.4695106,1952
1027,r3i1p1f1,1952,10,24,0.0,26.671015,11.169918,1952
1028,r3i1p1f1,1952,10,25,3.3266316501938396,27.48297,13.922743,1952
1029,r3i1p1f1,1952,10,26,0.0,23.791254,9.4786215,1952
1030,r3i1p1f1,1952,10,27,0.0,26.53057,10.61,1952
1031,r3i1p1f1,1952,10,28,0.0,28.514015,11.728088,1952
1032,r3i1p1f1,1952,10,29,0.0,27.791265,10.736484,1952
1033,r3i1p1f1,1952,10,30,0.0,25.622818,9.846514,1952
1034,r3i1p1f1,1952,10,31,0.0,25.86367,9.153668,1952
1035,r3i1p1f1,1952,11,01,0.0,24.881012,8.583931,1952
1036,r3i1p1f1,1952,11,02,0.0,26.32463,9.897769,1952
1037,r3i1p1f1,1952,11,03,0.0,25.64204,10.816708,1952
1038,r3i1p1f1,1952,11,04,0.0,24.732582,8.8736105,1952
1039,r3i1p1f1,1952,11,05,0.0,22.97094,7.1456175,1952
1040,r3i1p1f1,1952,11,06,0.0,22.630657,5.65046,1952
1041,r3i1p1f1,1952,11,07,0.0,20.785263,6.05227,1952
1042,r3i1p1f1,1952,11,08,0.0,21.480211,5.196935,1952
1043,r3i1p1f1,1952,11,09,0.0,21.187471,8.151706,1952
1044,r3i1p1f1,1952,11,10,2.424180567054703,13.881969,1.4891871,1952
1045,r3i1p1f1,1952,11,11,1.9129147275969827,1.9500028,-3.5643804,1952
1046,r3i1p1f1,1952,11,12,8.782540638869824,1.4588704,-7.7682595,1952
1047,r3i1p1f1,1952,11,13,0.0,4.1660857,-10.745871,1952
1048,r3i1p1f1,1952,11,14,12.668716851438052,1.6474074,-12.165584,1952
1049,r3i1p1f1,1952,11,15,31.009395664410764,1.4276513,-4.3728766,1952
1050,r3i1p1f1,1952,11,16,11.138588120229542,0.7596428,-10.41333,1952
1051,r3i1p1f1,1952,11,17,6.420952723802705,0.5813596,-6.1909037,1952
1052,r3i1p1f1,1952,11,18,0.29652123523287865,1.3186668,-12.667814,1952
1053,r3i1p1f1,1952,11,19,0.024221952384993386,3.42094,-10.031803,1952
1054,r3i1p1f1,1952,11,20,0.0,8.868236,-6.946837,1952
1055,r3i1p1f1,1952,11,21,0.0,8.799016,-4.046434,1952
1056,r3i1p1f1,1952,11,22,0.0,5.2118697,-7.103965,1952
1057,r3i1p1f1,1952,11,23,0.0,6.03992,-8.710946,1952
1058,r3i1p1f1,1952,11,24,1.9916212378072822,8.029972,-4.1451297,1952
1059,r3i1p1f1,1952,11,25,43.46237572547244,6.967171,1.020856,1952
1060,r3i1p1f1,1952,11,26,17.118582883114485,3.544938,-1.8170292,1952
1061,r3i1p1f1,1952,11,27,11.306148674951768,3.7351513,-2.9456892,1952
1062,r3i1p1f1,1952,11,28,0.0,8.629222,-4.5017295,1952
1063,r3i1p1f1,1952,11,29,0.0,9.695929,-3.6031058,1952
1064,r3i1p1f1,1952,11,30,1.525581074805048,9.879933,2.3621504,1952
1065,r3i1p1f1,1952,12,01,37.355606154979846,7.52878,3.7866175,1952
1066,r3i1p1f1,1952,12,02,0.0,11.799997,2.3969612,1952
1067,r3i1p1f1,1952,12,03,41.48746095107574,7.0876675,2.4827895,1952
1068,r3i1p1f1,1952,12,04,0.6810612088597018,9.3433485,0.029453687,1952
1069,r3i1p1f1,1952,12,05,0.0,11.1022005,2.6176853,1952
1070,r3i1p1f1,1952,12,06,7.067119199353711,7.7846956,-0.6772236,1952
1071,r3i1p1f1,1952,12,07,9.464160142478681,11.642142,0.13725635,1952
1072,r3i1p1f1,1952,12,08,48.34380382671952,8.727279,1.5969759,1952
1073,r3i1p1f1,1952,12,09,16.163454414345324,3.5842528,-4.18071,1952
1074,r3i1p1f1,1952,12,10,21.35393357235252,3.1723485,-0.8991166,1952
1075,r3i1p1f1,1952,12,11,7.304653237626649,2.6222355,-5.0347133,1952
1076,r3i1p1f1,1952,12,12,40.3961638013195,1.8225183,-3.7038014,1952
1077,r3i1p1f1,1952,12,13,37.04340075216207,5.535403,-1.6781173,1952
1078,r3i1p1f1,1952,12,14,50.62861939107901,7.125649,1.784646,1952
1079,r3i1p1f1,1952,12,15,30.59821576017911,6.7840834,-2.4212987,1952
1080,r3i1p1f1,1952,12,16,16.069021652526175,1.7780067,-5.563856,1952
1081,r3i1p1f1,1952,12,17,2.119437002722024,3.0171206,-5.784523,1952
1082,r3i1p1f1,1952,12,18,1.888298997571263,7.2305346,-1.0229316,1952
1083,r3i1p1f1,1952,12,19,10.001385855292412,8.637867,0.6431522,1952
1084,r3i1p1f1,1952,12,20,0.0,13.370536,1.0492604,1952
1085,r3i1p1f1,1952,12,21,0.05209546013104141,10.916814,2.9114997,1952
1086,r3i1p1f1,1952,12,22,0.0,13.030776,2.6600056,1952
1087,r3i1p1f1,1952,12,23,0.0,14.255079,1.7940774,1952
1088,r3i1p1f1,1952,12,24,11.020400766650901,10.394191,3.5575833,1952
1089,r3i1p1f1,1952,12,25,20.720444842070144,8.863234,3.0941985,1952
1090,r3i1p1f1,1952,12,26,59.029280247264786,9.456956,2.9379873,1952
1091,r3i1p1f1,1952,12,27,77.92930639299907,12.087801,1.7542382,1952
1092,r3i1p1f1,1952,12,28,69.9995388276875,4.7034497,0.7276598,1952
1093,r3i1p1f1,1952,12,29,12.281273717235308,4.5671935,-3.2591748,1952
1094,r3i1p1f1,1952,12,30,22.501204043969903,4.3879523,-4.3908634,1952
1095,r3i1p1f1,1952,12,31,34.47672960250393,3.3603566,-2.1642804,1952
1096,r3i1p1f1,1953,01,01,0.0,6.33905,-6.503151,1953
1097,r3i1p1f1,1953,01,02,0.0,2.9700873,-7.2150555,1953
1098,r3i1p1f1,1953,01,03,0.0,2.5141551,-8.967078,1953
1099,r3i1p1f1,1953,01,04,0.0,4.151118,-10.376411,1953
1100,r3i1p1f1,1953,01,05,0.0,2.3939214,-10.786722,1953
1101,r3i1p1f1,1953,01,06,0.0,0.38553172,-9.981654,1953
1102,r3i1p1f1,1953,01,07,0.0,2.9120727,-8.238451,1953
1103,r3i1p1f1,1953,01,08,0.0,7.7940464,-4.9965444,1953
1104,r3i1p1f1,1953,01,09,0.0,10.552215,-5.0625386,1953
1105,r3i1p1f1,1953,01,10,0.0,7.9643593,-4.4284325,1953
1106,r3i1p1f1,1953,01,11,0.0,8.0346155,-3.7876751,1953
1107,r3i1p1f1,1953,01,12,0.0,9.703781,-3.3031585,1953
1108,r3i1p1f1,1953,01,13,0.17581081946876734,8.516792,1.4102229,1953
1109,r3i1p1f1,1953,01,14,0.0,9.318857,-1.0313454,1953
1110,r3i1p1f1,1953,01,15,0.0003477506413075485,9.372441,-2.5162165,1953
1111,r3i1p1f1,1953,01,16,42.664950402257475,5.247231,0.006640518,1953
1112,r3i1p1f1,1953,01,17,25.93507439474036,3.8011575,-1.1387295,1953
1113,r3i1p1f1,1953,01,18,0.0,7.755942,-3.930161,1953
1114,r3i1p1f1,1953,01,19,0.0,5.717307,-5.125276,1953
1115,r3i1p1f1,1953,01,20,0.0,4.434964,-6.8811874,1953
1116,r3i1p1f1,1953,01,21,0.0,10.719504,-3.0464914,1953
1117,r3i1p1f1,1953,01,22,0.0,9.286735,-2.7086294,1953
1118,r3i1p1f1,1953,01,23,0.0,5.4296203,-7.0144887,1953
1119,r3i1p1f1,1953,01,24,0.0,7.3677144,-3.9060755,1953
1120,r3i1p1f1,1953,01,25,0.0,9.650112,-4.319833,1953
1121,r3i1p1f1,1953,01,26,0.0,9.571771,-3.3796248,1953
1122,r3i1p1f1,1953,01,27,0.0,7.941785,-4.8113847,1953
1123,r3i1p1f1,1953,01,28,0.0,10.84275,-4.5748024,1953
1124,r3i1p1f1,1953,01,29,0.0,9.101065,-1.848255,1953
1125,r3i1p1f1,1953,01,30,0.0,7.835921,-5.131772,1953
1126,r3i1p1f1,1953,01,31,0.0,9.521134,-4.079415,1953
1127,r3i1p1f1,1953,02,01,0.0,12.155616,-1.8024106,1953
1128,r3i1p1f1,1953,02,02,27.866308918026718,10.096148,-1.1050279,1953
1129,r3i1p1f1,1953,02,03,73.61360954022722,10.775058,1.9158534,1953
1130,r3i1p1f1,1953,02,04,21.540512708260824,4.886025,-0.19322464,1953
1131,r3i1p1f1,1953,02,05,15.186966324415009,4.973083,-1.783015,1953
1132,r3i1p1f1,1953,02,06,0.0,7.7216263,-4.7584085,1953
1133,r3i1p1f1,1953,02,07,0.0,9.461981,-4.422626,1953
1134,r3i1p1f1,1953,02,08,0.0,8.280487,-6.056561,1953
1135,r3i1p1f1,1953,02,09,26.361653125403745,0.44098198,-4.9658723,1953
1136,r3i1p1f1,1953,02,10,11.112225066876578,-0.4456266,-6.1381903,1953
1137,r3i1p1f1,1953,02,11,0.0,2.6019614,-14.250881,1953
1138,r3i1p1f1,1953,02,12,0.0,5.3367825,-8.323003,1953
1139,r3i1p1f1,1953,02,13,0.0,10.669253,-2.0261776,1953
1140,r3i1p1f1,1953,02,14,0.0,13.5181265,-1.6182735,1953
1141,r3i1p1f1,1953,02,15,0.0,14.7480545,-1.9538326,1953
1142,r3i1p1f1,1953,02,16,0.0,12.709223,3.1939511,1953
1143,r3i1p1f1,1953,02,17,0.0,10.915615,-0.48302308,1953
1144,r3i1p1f1,1953,02,18,0.0,12.129515,-1.1383936,1953
1145,r3i1p1f1,1953,02,19,0.0,11.957604,-0.7934812,1953
1146,r3i1p1f1,1953,02,20,0.0,13.383571,-0.22134024,1953
1147,r3i1p1f1,1953,02,21,0.0,14.223497,0.60019636,1953
1148,r3i1p1f1,1953,02,22,0.0,14.144584,1.5046577,1953
1149,r3i1p1f1,1953,02,23,0.0,12.248442,-0.33217627,1953
1150,r3i1p1f1,1953,02,24,0.0,13.401897,0.28585517,1953
1151,r3i1p1f1,1953,02,25,0.0,15.6665125,2.6499972,1953
1152,r3i1p1f1,1953,02,26,0.0,14.092517,2.473525,1953
1153,r3i1p1f1,1953,02,27,10.746100831678824,8.824737,1.2241588,1953
1154,r3i1p1f1,1953,02,28,9.970352848425758,8.180481,-0.09364619,1953
1155,r3i1p1f1,1953,03,01,0.7238036248293754,10.291998,2.495612,1953
1156,r3i1p1f1,1953,03,02,0.0,12.406125,-1.431016,1953
1157,r3i1p1f1,1953,03,03,0.0,12.005381,-2.2707362,1953
1158,r3i1p1f1,1953,03,04,0.0,14.201878,-0.1677324,1953
1159,r3i1p1f1,1953,03,05,0.03449952836442543,13.361354,2.5478582,1953
1160,r3i1p1f1,1953,03,06,33.22745258429725,7.9417725,0.86518216,1953
1161,r3i1p1f1,1953,03,07,37.61912301721934,6.656512,1.295121,1953
1162,r3i1p1f1,1953,03,08,28.283247730302577,3.5909925,-1.0900879,1953
1163,r3i1p1f1,1953,03,09,46.11234244841494,3.0996828,-1.5140837,1953
1164,r3i1p1f1,1953,03,10,19.7051454580536,3.0975707,-1.9727046,1953
1165,r3i1p1f1,1953,03,11,5.694001289597701,6.5186462,-1.4734296,1953
1166,r3i1p1f1,1953,03,12,1.1616928365535721,6.0360794,-4.80792,1953
1167,r3i1p1f1,1953,03,13,16.38355472180257,4.2842226,-1.7341715,1953
1168,r3i1p1f1,1953,03,14,1.8801925046749315,5.105092,-1.8403385,1953
1169,r3i1p1f1,1953,03,15,4.738259892359278,5.8876524,-1.9008447,1953
1170,r3i1p1f1,1953,03,16,32.706158458696386,5.558029,-2.3359277,1953
1171,r3i1p1f1,1953,03,17,7.207352784615451,3.7292907,-4.069731,1953
1172,r3i1p1f1,1953,03,18,0.001244073600422493,8.101723,-6.164504,1953
1173,r3i1p1f1,1953,03,19,11.521975958940425,6.9835105,-1.9983708,1953
1174,r3i1p1f1,1953,03,20,0.869732801833092,10.28686,0.9013089,1953
1175,r3i1p1f1,1953,03,21,29.751277642667684,6.515303,1.0682012,1953
1176,r3i1p1f1,1953,03,22,44.39462596844686,6.4151106,0.10775412,1953
1177,r3i1p1f1,1953,03,23,0.0,13.195624,-2.4053688,1953
1178,r3i1p1f1,1953,03,24,0.0,14.481931,-0.5105962,1953
1179,r3i1p1f1,1953,03,25,0.0,14.119811,-0.23555411,1953
1180,r3i1p1f1,1953,03,26,0.0,17.751144,2.024991,1953
1181,r3i1p1f1,1953,03,27,0.0,20.9131,4.46927,1953
1182,r3i1p1f1,1953,03,28,0.0,23.42906,4.8998766,1953
1183,r3i1p1f1,1953,03,29,0.0,24.081608,5.386007,1953
1184,r3i1p1f1,1953,03,30,0.0,23.384531,8.013043,1953
1185,r3i1p1f1,1953,03,31,0.0,20.700798,7.2825904,1953
1186,r3i1p1f1,1953,04,01,0.0,20.714033,8.04437,1953
1187,r3i1p1f1,1953,04,02,0.0,22.64642,5.8535066,1953
1188,r3i1p1f1,1953,04,03,0.0,22.139357,7.5089965,1953
1189,r3i1p1f1,1953,04,04,2.1331774489800934,17.967289,8.906164,1953
1190,r3i1p1f1,1953,04,05,8.230552767896658,9.799028,0.3201798,1953
1191,r3i1p1f1,1953,04,06,0.0,9.124119,-2.5065627,1953
1192,r3i1p1f1,1953,04,07,0.0,12.513036,-2.2571504,1953
1193,r3i1p1f1,1953,04,08,0.0,13.699256,-0.5968206,1953
1194,r3i1p1f1,1953,04,09,0.0,15.710884,0.92628217,1953
1195,r3i1p1f1,1953,04,10,0.0,20.117504,2.803923,1953
1196,r3i1p1f1,1953,04,11,0.0,23.25473,4.5381417,1953
1197,r3i1p1f1,1953,04,12,0.0,21.75666,7.6564517,1953
1198,r3i1p1f1,1953,04,13,9.590928219595776,14.093503,3.2729273,1953
1199,r3i1p1f1,1953,04,14,33.56789729533423,9.045411,2.6130953,1953
1200,r3i1p1f1,1953,04,15,0.0,17.479284,-0.25619745,1953
1201,r3i1p1f1,1953,04,16,0.0,21.2901,2.977842,1953
1202,r3i1p1f1,1953,04,17,0.0,22.424173,5.3681107,1953
1203,r3i1p1f1,1953,04,18,0.0,24.116064,7.556118,1953
1204,r3i1p1f1,1953,04,19,1.7189835932520892,21.836258,5.8943353,1953
1205,r3i1p1f1,1953,04,20,11.642150676925667,14.752876,5.254348,1953
1206,r3i1p1f1,1953,04,21,1.2585906043999497,14.88116,5.7440624,1953
1207,r3i1p1f1,1953,04,22,9.644873735899301,10.446075,1.914762,1953
1208,r3i1p1f1,1953,04,23,2.1554902836023278,9.291018,-1.2208071,1953
1209,r3i1p1f1,1953,04,24,1.3249145225352932,9.839723,1.8882233,1953
1210,r3i1p1f1,1953,04,25,0.0,15.205348,1.0216403,1953
1211,r3i1p1f1,1953,04,26,0.0,15.873678,0.10285691,1953
1212,r3i1p1f1,1953,04,27,6.577459710349917,10.976247,0.13346158,1953
1213,r3i1p1f1,1953,04,28,0.7621541634618648,14.6534195,-0.17867762,1953
1214,r3i1p1f1,1953,04,29,0.0,14.493679,1.7410946,1953
1215,r3i1p1f1,1953,04,30,0.0,18.522137,4.4948907,1953
1216,r3i1p1f1,1953,05,01,0.0,20.350801,6.8953543,1953
1217,r3i1p1f1,1953,05,02,0.0,21.56116,5.8500104,1953
1218,r3i1p1f1,1953,05,03,0.0,22.14606,6.468174,1953
1219,r3i1p1f1,1953,05,04,0.0,21.99889,6.9897947,1953
1220,r3i1p1f1,1953,05,05,0.0,22.72553,5.199275,1953
1221,r3i1p1f1,1953,05,06,0.0,23.859987,6.5652575,1953
1222,r3i1p1f1,1953,05,07,0.0,24.518934,8.712894,1953
1223,r3i1p1f1,1953,05,08,0.0,23.455942,9.240821,1953
1224,r3i1p1f1,1953,05,09,0.0,20.106125,5.5165405,1953
1225,r3i1p1f1,1953,05,10,0.0,21.718788,5.5192556,1953
1226,r3i1p1f1,1953,05,11,0.0,22.686047,6.687094,1953
1227,r3i1p1f1,1953,05,12,0.0,20.936857,8.791999,1953
1228,r3i1p1f1,1953,05,13,0.0,17.948366,4.513975,1953
1229,r3i1p1f1,1953,05,14,0.0,22.738426,4.1966915,1953
1230,r3i1p1f1,1953,05,15,0.0,22.264563,7.98324,1953
1231,r3i1p1f1,1953,05,16,0.0,19.913187,4.497667,1953
1232,r3i1p1f1,1953,05,17,0.0,19.01675,3.623043,1953
1233,r3i1p1f1,1953,05,18,0.02833060069334399,17.310799,3.7157798,1953
1234,r3i1p1f1,1953,05,19,0.34597083776086374,12.355561,-0.27488872,1953
1235,r3i1p1f1,1953,05,20,0.6423960062241014,11.502478,-1.3262124,1953
1236,r3i1p1f1,1953,05,21,5.910660685836582,10.486012,-0.4629268,1953
1237,r3i1p1f1,1953,05,22,0.0,14.346533,-0.012226008,1953
1238,r3i1p1f1,1953,05,23,5.387469457223472,10.034481,0.11718369,1953
1239,r3i1p1f1,1953,05,24,6.032009160710579,9.523095,-0.06602689,1953
1240,r3i1p1f1,1953,05,25,4.277981801179091,8.749629,1.6342361,1953
1241,r3i1p1f1,1953,05,26,1.977295083366028,12.3041725,-0.363806,1953
1242,r3i1p1f1,1953,05,27,0.0,15.646846,3.633282,1953
1243,r3i1p1f1,1953,05,28,0.0,19.292292,1.4816613,1953
1244,r3i1p1f1,1953,05,29,0.0,18.472532,4.2685447,1953
1245,r3i1p1f1,1953,05,30,0.0,16.306305,5.172735,1953
1246,r3i1p1f1,1953,05,31,0.0,22.473412,5.8916645,1953
1247,r3i1p1f1,1953,06,01,0.0,25.016075,7.6986585,1953
1248,r3i1p1f1,1953,06,02,0.9282730381145436,24.166636,11.26156,1953
1249,r3i1p1f1,1953,06,03,0.0,22.325598,6.5844073,1953
1250,r3i1p1f1,1953,06,04,0.0,24.659885,7.1236057,1953
1251,r3i1p1f1,1953,06,05,0.0,25.093315,9.041686,1953
1252,r3i1p1f1,1953,06,06,0.0,29.451603,10.63136,1953
1253,r3i1p1f1,1953,06,07,0.0,28.918402,14.297186,1953
1254,r3i1p1f1,1953,06,08,0.0,27.699863,12.02033,1953
1255,r3i1p1f1,1953,06,09,0.0,28.941532,11.550568,1953
1256,r3i1p1f1,1953,06,10,0.0,33.527782,14.423739,1953
1257,r3i1p1f1,1953,06,11,0.0,34.90002,16.140316,1953
1258,r3i1p1f1,1953,06,12,0.0,34.404568,18.721266,1953
1259,r3i1p1f1,1953,06,13,0.0,33.215153,18.90411,1953
1260,r3i1p1f1,1953,06,14,0.0,31.208055,15.138093,1953
1261,r3i1p1f1,1953,06,15,0.0,30.015894,12.297214,1953
1262,r3i1p1f1,1953,06,16,0.0,31.12966,12.627662,1953
1263,r3i1p1f1,1953,06,17,0.0,30.381294,14.194904,1953
1264,r3i1p1f1,1953,06,18,0.0,28.343075,12.073082,1953
1265,r3i1p1f1,1953,06,19,0.0,28.949566,12.724794,1953
1266,r3i1p1f1,1953,06,20,0.0,28.281996,11.881775,1953
1267,r3i1p1f1,1953,06,21,0.0,26.288223,10.991234,1953
1268,r3i1p1f1,1953,06,22,0.0,26.39942,10.775351,1953
1269,r3i1p1f1,1953,06,23,0.0,26.045912,10.696467,1953
1270,r3i1p1f1,1953,06,24,0.0,28.964344,10.681973,1953
1271,r3i1p1f1,1953,06,25,0.0,29.281723,13.731934,1953
1272,r3i1p1f1,1953,06,26,0.0,28.513306,12.851163,1953
1273,r3i1p1f1,1953,06,27,0.0,26.79227,10.363609,1953
1274,r3i1p1f1,1953,06,28,0.0,26.331278,8.360107,1953
1275,r3i1p1f1,1953,06,29,0.0,27.155415,11.612952,1953
1276,r3i1p1f1,1953,06,30,0.0,30.533373,12.461054,1953
1277,r3i1p1f1,1953,07,01,0.0,30.98733,14.224585,1953
1278,r3i1p1f1,1953,07,02,0.0,30.585785,13.124176,1953
1279,r3i1p1f1,1953,07,03,0.0,29.204378,14.453281,1953
1280,r3i1p1f1,1953,07,04,0.0,28.853596,13.57193,1953
1281,r3i1p1f1,1953,07,05,0.0,25.778217,9.996223,1953
1282,r3i1p1f1,1953,07,06,0.0,26.205402,8.758617,1953
1283,r3i1p1f1,1953,07,07,0.0,33.16229,13.104254,1953
1284,r3i1p1f1,1953,07,08,0.0,35.38727,15.089721,1953
1285,r3i1p1f1,1953,07,09,0.0,36.061485,17.61498,1953
1286,r3i1p1f1,1953,07,10,0.0,35.15069,18.797527,1953
1287,r3i1p1f1,1953,07,11,0.0,33.760864,18.505495,1953
1288,r3i1p1f1,1953,07,12,0.030361932065141827,32.10888,17.635443,1953
1289,r3i1p1f1,1953,07,13,0.0,31.404747,15.647303,1953
1290,r3i1p1f1,1953,07,14,0.0,29.910633,14.355811,1953
1291,r3i1p1f1,1953,07,15,0.0,29.452223,13.756344,1953
1292,r3i1p1f1,1953,07,16,0.0,29.226463,13.255685,1953
1293,r3i1p1f1,1953,07,17,0.0,29.327414,12.6094475,1953
1294,r3i1p1f1,1953,07,18,0.0,31.206516,13.382572,1953
1295,r3i1p1f1,1953,07,19,0.0,31.24088,15.374268,1953
1296,r3i1p1f1,1953,07,20,0.0,30.748865,14.906038,1953
1297,r3i1p1f1,1953,07,21,0.0,30.177952,14.120117,1953
1298,r3i1p1f1,1953,07,22,0.0,30.278368,14.151716,1953
1299,r3i1p1f1,1953,07,23,0.0,30.091772,14.084786,1953
1300,r3i1p1f1,1953,07,24,0.0,29.632895,13.586967,1953
1301,r3i1p1f1,1953,07,25,0.0,29.749094,12.571908,1953
1302,r3i1p1f1,1953,07,26,0.0,30.272924,13.762653,1953
1303,r3i1p1f1,1953,07,27,0.22396497806767002,30.003294,14.899816,1953
1304,r3i1p1f1,1953,07,28,0.13328971246281932,28.488745,13.298937,1953
1305,r3i1p1f1,1953,07,29,0.0007259695465970589,28.651512,12.975223,1953
1306,r3i1p1f1,1953,07,30,0.0,28.401138,12.948851,1953
1307,r3i1p1f1,1953,07,31,0.0,27.553625,11.113391,1953
1308,r3i1p1f1,1953,08,01,0.0,26.703308,9.160643,1953
1309,r3i1p1f1,1953,08,02,0.0,27.502151,9.783966,1953
1310,r3i1p1f1,1953,08,03,0.0,29.2819,10.735812,1953
1311,r3i1p1f1,1953,08,04,0.0,30.76275,11.729585,1953
1312,r3i1p1f1,1953,08,05,0.0,31.584724,13.544335,1953
1313,r3i1p1f1,1953,08,06,0.0,31.075783,14.410027,1953
1314,r3i1p1f1,1953,08,07,0.0,30.295473,13.63237,1953
1315,r3i1p1f1,1953,08,08,0.0,27.612413,11.901976,1953
1316,r3i1p1f1,1953,08,09,0.0,25.031086,9.344437,1953
1317,r3i1p1f1,1953,08,10,0.0,26.527275,9.935248,1953
1318,r3i1p1f1,1953,08,11,0.0,28.96261,11.810018,1953
1319,r3i1p1f1,1953,08,12,0.0,31.248392,14.132333,1953
1320,r3i1p1f1,1953,08,13,0.0,31.059908,14.332831,1953
1321,r3i1p1f1,1953,08,14,0.0,27.877783,10.896466,1953
1322,r3i1p1f1,1953,08,15,0.0,22.840279,7.77256,1953
1323,r3i1p1f1,1953,08,16,0.0,20.653307,5.404914,1953
1324,r3i1p1f1,1953,08,17,0.0,25.649773,7.596674,1953
1325,r3i1p1f1,1953,08,18,0.0,28.581987,10.892991,1953
1326,r3i1p1f1,1953,08,19,0.0,30.917498,13.477703,1953
1327,r3i1p1f1,1953,08,20,0.0,31.933704,13.753283,1953
1328,r3i1p1f1,1953,08,21,0.0,31.449627,15.630787,1953
1329,r3i1p1f1,1953,08,22,0.0,29.990314,14.401719,1953
1330,r3i1p1f1,1953,08,23,0.0,29.37933,14.010028,1953
1331,r3i1p1f1,1953,08,24,0.0,29.428137,12.170407,1953
1332,r3i1p1f1,1953,08,25,0.0,30.62829,13.457343,1953
1333,r3i1p1f1,1953,08,26,0.0,30.080389,13.647462,1953
1334,r3i1p1f1,1953,08,27,0.0,26.26397,10.836278,1953
1335,r3i1p1f1,1953,08,28,0.0,26.148258,10.054006,1953
1336,r3i1p1f1,1953,08,29,0.0,28.822102,11.588916,1953
1337,r3i1p1f1,1953,08,30,0.0,28.801,13.557044,1953
1338,r3i1p1f1,1953,08,31,0.0,28.138786,12.780245,1953
1339,r3i1p1f1,1953,09,01,0.003882534196906674,24.269104,11.740326,1953
1340,r3i1p1f1,1953,09,02,0.20633224753270807,21.41259,9.472338,1953
1341,r3i1p1f1,1953,09,03,0.004237985941520157,23.759134,10.950802,1953
1342,r3i1p1f1,1953,09,04,0.005241245104882278,26.040571,11.359049,1953
1343,r3i1p1f1,1953,09,05,0.0,29.420553,11.068927,1953
1344,r3i1p1f1,1953,09,06,0.0,28.506268,15.596239,1953
1345,r3i1p1f1,1953,09,07,0.008371703006559983,21.659185,9.789974,1953
1346,r3i1p1f1,1953,09,08,0.0,28.293278,9.608823,1953
1347,r3i1p1f1,1953,09,09,0.0,28.054415,12.504827,1953
1348,r3i1p1f1,1953,09,10,0.0,27.82843,10.8539915,1953
1349,r3i1p1f1,1953,09,11,0.0,29.9233,12.296589,1953
1350,r3i1p1f1,1953,09,12,0.0,33.30456,15.069722,1953
1351,r3i1p1f1,1953,09,13,0.0,33.785507,15.85302,1953
1352,r3i1p1f1,1953,09,14,0.0,33.10036,15.923097,1953
1353,r3i1p1f1,1953,09,15,0.002919539991508875,29.590017,14.834327,1953
1354,r3i1p1f1,1953,09,16,0.0516971649152478,28.628332,12.965491,1953
1355,r3i1p1f1,1953,09,17,0.02385411920074962,28.991156,14.122232,1953
1356,r3i1p1f1,1953,09,18,0.0,28.62117,12.927803,1953
1357,r3i1p1f1,1953,09,19,0.0,28.486626,12.807191,1953
1358,r3i1p1f1,1953,09,20,0.0,27.529844,12.303856,1953
1359,r3i1p1f1,1953,09,21,0.0,26.984608,10.624354,1953
1360,r3i1p1f1,1953,09,22,0.0,24.505194,9.088444,1953
1361,r3i1p1f1,1953,09,23,0.0,22.60931,7.6687584,1953
1362,r3i1p1f1,1953,09,24,0.0,23.381779,9.598609,1953
1363,r3i1p1f1,1953,09,25,0.0,25.041693,9.813721,1953
1364,r3i1p1f1,1953,09,26,0.0,24.686636,10.844609,1953
1365,r3i1p1f1,1953,09,27,0.0,25.31941,11.228718,1953
1366,r3i1p1f1,1953,09,28,0.0,26.552073,10.336617,1953
1367,r3i1p1f1,1953,09,29,0.09427115498845906,25.792599,10.805061,1953
1368,r3i1p1f1,1953,09,30,0.1333789057657429,24.41835,9.630164,1953
1369,r3i1p1f1,1953,10,01,0.021946893225264687,21.692816,7.4894924,1953
1370,r3i1p1f1,1953,10,02,0.0,23.762789,8.524152,1953
1371,r3i1p1f1,1953,10,03,0.0,26.337421,9.872724,1953
1372,r3i1p1f1,1953,10,04,0.0,26.12719,10.053225,1953
1373,r3i1p1f1,1953,10,05,0.0,26.00699,10.889354,1953
1374,r3i1p1f1,1953,10,06,0.0,28.655191,10.983595,1953
1375,r3i1p1f1,1953,10,07,0.0,28.050968,12.815038,1953
1376,r3i1p1f1,1953,10,08,0.0,27.673851,11.609592,1953
1377,r3i1p1f1,1953,10,09,0.0,26.935385,13.400359,1953
1378,r3i1p1f1,1953,10,10,0.0,20.568657,9.130001,1953
1379,r3i1p1f1,1953,10,11,0.0,20.58248,7.5883284,1953
1380,r3i1p1f1,1953,10,12,16.498340155904817,23.06136,11.469203,1953
1381,r3i1p1f1,1953,10,13,0.194368450933038,16.586977,4.775128,1953
1382,r3i1p1f1,1953,10,14,0.0,18.184576,4.116407,1953
1383,r3i1p1f1,1953,10,15,0.0,20.233866,5.5442967,1953
1384,r3i1p1f1,1953,10,16,0.0,22.563423,7.71382,1953
1385,r3i1p1f1,1953,10,17,0.0,23.306816,8.536251,1953
1386,r3i1p1f1,1953,10,18,0.0,24.885956,9.392834,1953
1387,r3i1p1f1,1953,10,19,0.0,25.455055,10.741646,1953
1388,r3i1p1f1,1953,10,20,0.0,22.565956,7.9384527,1953
1389,r3i1p1f1,1953,10,21,0.0,19.716288,5.018549,1953
1390,r3i1p1f1,1953,10,22,4.49037591085806,21.462769,8.660361,1953
1391,r3i1p1f1,1953,10,23,2.5605876446015348,13.738681,3.9389753,1953
1392,r3i1p1f1,1953,10,24,5.298166035773695,13.217716,4.581933,1953
1393,r3i1p1f1,1953,10,25,53.98241715309651,11.221664,5.7513003,1953
1394,r3i1p1f1,1953,10,26,0.0,15.991492,3.2562644,1953
1395,r3i1p1f1,1953,10,27,0.0,17.639433,2.8645592,1953
1396,r3i1p1f1,1953,10,28,0.0,16.521172,2.7208002,1953
1397,r3i1p1f1,1953,10,29,0.0,19.535723,4.9768434,1953
1398,r3i1p1f1,1953,10,30,0.0,22.576818,7.666551,1953
1399,r3i1p1f1,1953,10,31,0.0,21.51314,9.52783,1953
1400,r3i1p1f1,1953,11,01,0.0,22.872396,6.870446,1953
1401,r3i1p1f1,1953,11,02,0.0,21.698273,7.2156243,1953
1402,r3i1p1f1,1953,11,03,10.068225333663193,18.332062,9.276517,1953
1403,r3i1p1f1,1953,11,04,0.0,18.313444,4.800967,1953
1404,r3i1p1f1,1953,11,05,7.976002830362535,16.416683,8.102831,1953
1405,r3i1p1f1,1953,11,06,0.44459578962950647,16.793932,5.181607,1953
1406,r3i1p1f1,1953,11,07,1.2754224839562467,13.3383665,5.456098,1953
1407,r3i1p1f1,1953,11,08,0.0,14.888239,0.20605397,1953
1408,r3i1p1f1,1953,11,09,0.0,14.898863,1.2722906,1953
1409,r3i1p1f1,1953,11,10,0.07962323786494763,12.253613,2.4978588,1953
1410,r3i1p1f1,1953,11,11,6.07909459573229,6.972634,2.6093411,1953
1411,r3i1p1f1,1953,11,12,0.0,8.840194,-1.0219655,1953
1412,r3i1p1f1,1953,11,13,0.0,10.819943,-2.5198221,1953
1413,r3i1p1f1,1953,11,14,0.0,11.160229,-0.14005135,1953
1414,r3i1p1f1,1953,11,15,6.650037873049242,8.933351,3.9967752,1953
1415,r3i1p1f1,1953,11,16,16.304017991320794,10.033012,2.0351868,1953
1416,r3i1p1f1,1953,11,17,0.0,9.138942,-1.5408943,1953
1417,r3i1p1f1,1953,11,18,0.0,10.03139,-0.44701067,1953
1418,r3i1p1f1,1953,11,19,4.120515744388716,9.823143,2.619628,1953
1419,r3i1p1f1,1953,11,20,0.0,17.252254,1.5307695,1953
1420,r3i1p1f1,1953,11,21,0.0,16.889986,4.554176,1953
1421,r3i1p1f1,1953,11,22,0.8636853003592574,16.996628,6.4137826,1953
1422,r3i1p1f1,1953,11,23,0.0,17.988838,4.7956643,1953
1423,r3i1p1f1,1953,11,24,0.0,16.515556,6.4301233,1953
1424,r3i1p1f1,1953,11,25,0.0,14.836534,2.3146188,1953
1425,r3i1p1f1,1953,11,26,0.0,13.364456,1.6939554,1953
1426,r3i1p1f1,1953,11,27,0.0,15.280864,1.476565,1953
1427,r3i1p1f1,1953,11,28,5.420725603854455,11.801362,0.75450885,1953
1428,r3i1p1f1,1953,11,29,0.013662048762566164,9.858501,-2.5253396,1953
1429,r3i1p1f1,1953,11,30,0.0,11.338545,0.4866238,1953
1430,r3i1p1f1,1953,12,01,0.0,14.685031,1.2050318,1953
1431,r3i1p1f1,1953,12,02,0.0,16.262512,2.9750013,1953
1432,r3i1p1f1,1953,12,03,0.0,16.389612,2.7130377,1953
1433,r3i1p1f1,1953,12,04,0.0,13.98986,3.9701533,1953
1434,r3i1p1f1,1953,12,05,0.0,14.021974,1.9959471,1953
1435,r3i1p1f1,1953,12,06,0.0,15.11812,2.0809577,1953
1436,r3i1p1f1,1953,12,07,1.6195971059029322,12.541653,5.058861,1953
1437,r3i1p1f1,1953,12,08,59.93647941535241,14.074914,4.2156215,1953
1438,r3i1p1f1,1953,12,09,49.984926098075356,7.868162,3.6736782,1953
1439,r3i1p1f1,1953,12,10,5.1940112730096045e-05,12.586158,1.0848011,1953
1440,r3i1p1f1,1953,12,11,0.7562220833901129,13.948042,2.1120884,1953
1441,r3i1p1f1,1953,12,12,46.51240925059507,12.672823,4.21019,1953
1442,r3i1p1f1,1953,12,13,57.34998830349038,11.635316,5.9521365,1953
1443,r3i1p1f1,1953,12,14,15.558344198660436,9.571461,1.4324607,1953
1444,r3i1p1f1,1953,12,15,22.98084824395023,14.499373,3.0358171,1953
1445,r3i1p1f1,1953,12,16,77.08405866042564,12.736265,5.3975997,1953
1446,r3i1p1f1,1953,12,17,36.661336901842766,10.38481,1.0449215,1953
1447,r3i1p1f1,1953,12,18,0.010834644720154373,13.045647,1.0766368,1953
1448,r3i1p1f1,1953,12,19,47.66636649636846,8.326499,3.3070023,1953
1449,r3i1p1f1,1953,12,20,0.41493559930179463,11.599368,-0.06720893,1953
1450,r3i1p1f1,1953,12,21,0.0,14.632268,-0.7181836,1953
1451,r3i1p1f1,1953,12,22,0.0,15.736227,3.9666922,1953
1452,r3i1p1f1,1953,12,23,17.624168182527157,11.23788,2.7684286,1953
1453,r3i1p1f1,1953,12,24,0.15471221199014076,7.958795,-2.1057813,1953
1454,r3i1p1f1,1953,12,25,0.0,11.344993,-0.82339513,1953
1455,r3i1p1f1,1953,12,26,3.3926591271761266,6.51074,-0.35219938,1953
1456,r3i1p1f1,1953,12,27,13.593912478704864,5.8270974,1.1142485,1953
1457,r3i1p1f1,1953,12,28,0.35518674667400774,10.393633,-0.69344395,1953
1458,r3i1p1f1,1953,12,29,0.0,10.078232,-0.45502132,1953
1459,r3i1p1f1,1953,12,30,0.0,8.92117,-0.76679444,1953
1460,r3i1p1f1,1953,12,31,0.0,8.23184,-2.739252,1953
1461,r3i1p1f1,1954,01,01,0.0,9.555434,-2.7718563,1954
1462,r3i1p1f1,1954,01,02,0.0,13.55274,-1.6072656,1954
1463,r3i1p1f1,1954,01,03,0.0,15.762764,2.225022,1954
1464,r3i1p1f1,1954,01,04,0.0,13.7142315,4.985441,1954
1465,r3i1p1f1,1954,01,05,0.0,14.517373,0.616783,1954
1466,r3i1p1f1,1954,01,06,1.3226888627334694,10.081586,3.4928536,1954
1467,r3i1p1f1,1954,01,07,33.25775792993801,5.6970468,1.8953165,1954
1468,r3i1p1f1,1954,01,08,0.0,9.593218,-3.052209,1954
1469,r3i1p1f1,1954,01,09,0.6937977012727826,6.1418185,-4.149355,1954
1470,r3i1p1f1,1954,01,10,0.0,9.504298,-4.1437383,1954
1471,r3i1p1f1,1954,01,11,0.0,7.931918,-4.318219,1954
1472,r3i1p1f1,1954,01,12,0.0,7.5970836,-4.7440057,1954
1473,r3i1p1f1,1954,01,13,0.0,8.163292,-4.5967693,1954
1474,r3i1p1f1,1954,01,14,35.83660980588511,8.384224,-2.7051091,1954
1475,r3i1p1f1,1954,01,15,23.56548644969926,7.96319,2.1755395,1954
1476,r3i1p1f1,1954,01,16,49.49358902185371,7.311466,3.0798302,1954
1477,r3i1p1f1,1954,01,17,3.943885707303707,6.733125,-5.4252896,1954
1478,r3i1p1f1,1954,01,18,0.0,4.7331004,-8.648103,1954
1479,r3i1p1f1,1954,01,19,0.0,6.63869,-7.123571,1954
1480,r3i1p1f1,1954,01,20,0.0,7.5378957,-5.359379,1954
1481,r3i1p1f1,1954,01,21,0.0,12.913595,0.39993548,1954
1482,r3i1p1f1,1954,01,22,0.226796312582385,14.080185,6.9828424,1954
1483,r3i1p1f1,1954,01,23,27.099694959868334,9.19644,3.4180462,1954
1484,r3i1p1f1,1954,01,24,1.590323549345684,9.2865925,1.3830614,1954
1485,r3i1p1f1,1954,01,25,25.462507272727397,6.7584176,0.9292834,1954
1486,r3i1p1f1,1954,01,26,0.0,9.965752,-2.7671766,1954
1487,r3i1p1f1,1954,01,27,0.0,10.7512245,-0.18904397,1954
1488,r3i1p1f1,1954,01,28,0.0,12.357154,-1.1282576,1954
1489,r3i1p1f1,1954,01,29,0.0,13.749,0.68015015,1954
1490,r3i1p1f1,1954,01,30,0.0,12.678284,-1.3052605,1954
1491,r3i1p1f1,1954,01,31,0.584116731328035,9.726242,0.5177149,1954
1492,r3i1p1f1,1954,02,01,0.0,13.571853,-1.1386192,1954
1493,r3i1p1f1,1954,02,02,0.0,13.681731,-1.6266354,1954
1494,r3i1p1f1,1954,02,03,0.0,11.729773,-1.245369,1954
1495,r3i1p1f1,1954,02,04,0.0,11.662762,-1.3066423,1954
1496,r3i1p1f1,1954,02,05,0.0,13.7576,-1.3394009,1954
1497,r3i1p1f1,1954,02,06,0.0,14.126603,-1.986772,1954
1498,r3i1p1f1,1954,02,07,0.0,7.5999594,-5.3561983,1954
1499,r3i1p1f1,1954,02,08,0.21015068598324815,4.1492887,-5.44384,1954
1500,r3i1p1f1,1954,02,09,0.0,8.23296,-5.081065,1954
1501,r3i1p1f1,1954,02,10,0.0,10.080394,-2.5472686,1954
1502,r3i1p1f1,1954,02,11,0.0,13.187004,-3.3613348,1954
1503,r3i1p1f1,1954,02,12,0.0,12.792015,-2.8069735,1954
1504,r3i1p1f1,1954,02,13,0.0,13.807187,-0.45114446,1954
1505,r3i1p1f1,1954,02,14,1.6422241755782652,12.877695,-1.5654049,1954
1506,r3i1p1f1,1954,02,15,18.31233994238765,7.226693,-0.38826865,1954
1507,r3i1p1f1,1954,02,16,35.63304618246069,6.603575,0.9755532,1954
1508,r3i1p1f1,1954,02,17,2.7027633087862726,5.9454837,-2.621372,1954
1509,r3i1p1f1,1954,02,18,25.070691456724155,6.5561647,-0.83315635,1954
1510,r3i1p1f1,1954,02,19,7.04746848480825,7.2783175,-0.6776247,1954
1511,r3i1p1f1,1954,02,20,0.0,11.317979,-2.986495,1954
1512,r3i1p1f1,1954,02,21,0.4037181311488032,11.090407,1.925031,1954
1513,r3i1p1f1,1954,02,22,19.218113806748175,9.903287,2.9012225,1954
1514,r3i1p1f1,1954,02,23,49.67147032086933,9.139935,2.9648578,1954
1515,r3i1p1f1,1954,02,24,21.917928872617747,9.293789,4.010348,1954
1516,r3i1p1f1,1954,02,25,46.66708961717392,7.557695,2.1154327,1954
1517,r3i1p1f1,1954,02,26,71.5720902099029,10.479649,3.6782033,1954
1518,r3i1p1f1,1954,02,27,17.145554574917217,15.426716,3.9877605,1954
1519,r3i1p1f1,1954,02,28,5.439490946714375,14.913612,4.105516,1954
1520,r3i1p1f1,1954,03,01,21.261830748297047,8.837891,2.1043258,1954
1521,r3i1p1f1,1954,03,02,3.0479342274223824,13.958258,2.2542157,1954
1522,r3i1p1f1,1954,03,03,0.0,18.067356,3.555405,1954
1523,r3i1p1f1,1954,03,04,0.0,20.047363,4.2063355,1954
1524,r3i1p1f1,1954,03,05,0.0,18.881403,4.566154,1954
1525,r3i1p1f1,1954,03,06,0.0,17.71341,3.6393852,1954
1526,r3i1p1f1,1954,03,07,0.0,13.518415,0.33001882,1954
1527,r3i1p1f1,1954,03,08,0.0,11.795612,-3.2264326,1954
1528,r3i1p1f1,1954,03,09,0.0,11.109598,-3.228654,1954
1529,r3i1p1f1,1954,03,10,0.18773244166942804,8.791637,-4.2796235,1954
1530,r3i1p1f1,1954,03,11,9.821585721970463,3.8904154,-5.095894,1954
1531,r3i1p1f1,1954,03,12,1.9719955915015337,3.6525428,-8.527999,1954
1532,r3i1p1f1,1954,03,13,1.3957441933502865,4.920459,-7.608888,1954
1533,r3i1p1f1,1954,03,14,0.0,10.293437,-6.5725274,1954
1534,r3i1p1f1,1954,03,15,0.0,15.152243,-1.6448884,1954
1535,r3i1p1f1,1954,03,16,0.0,14.435471,3.7826269,1954
1536,r3i1p1f1,1954,03,17,0.0,14.664139,0.30024824,1954
1537,r3i1p1f1,1954,03,18,0.0,14.387806,-0.53920275,1954
1538,r3i1p1f1,1954,03,19,0.0,13.814937,-0.29448172,1954
1539,r3i1p1f1,1954,03,20,0.0,16.160664,-0.14719556,1954
1540,r3i1p1f1,1954,03,21,0.0,18.005873,1.7477468,1954
1541,r3i1p1f1,1954,03,22,0.0,18.382473,4.370671,1954
1542,r3i1p1f1,1954,03,23,0.0,17.273819,4.040416,1954
1543,r3i1p1f1,1954,03,24,0.0,15.676497,0.846041,1954
1544,r3i1p1f1,1954,03,25,54.42168337145918,11.413067,2.9322903,1954
1545,r3i1p1f1,1954,03,26,6.699810805002926,7.1790514,-2.241659,1954
1546,r3i1p1f1,1954,03,27,0.4100367261439954,11.923773,-1.744696,1954
1547,r3i1p1f1,1954,03,28,0.0,16.642979,-0.431853,1954
1548,r3i1p1f1,1954,03,29,0.0,21.343039,3.377694,1954
1549,r3i1p1f1,1954,03,30,0.0,20.95194,4.598042,1954
1550,r3i1p1f1,1954,03,31,8.661422495118275,15.726763,4.227262,1954
1551,r3i1p1f1,1954,04,01,0.0,14.887854,-1.104302,1954
1552,r3i1p1f1,1954,04,02,0.0,14.861976,-0.4792406,1954
1553,r3i1p1f1,1954,04,03,4.8450320841144086,10.524203,0.9498926,1954
1554,r3i1p1f1,1954,04,04,23.625074508354853,9.455403,0.43869466,1954
1555,r3i1p1f1,1954,04,05,8.58238742205829,8.554865,-0.51151335,1954
1556,r3i1p1f1,1954,04,06,3.9629639557939584,12.079818,-2.1470344,1954
1557,r3i1p1f1,1954,04,07,0.0,17.369514,2.270175,1954
1558,r3i1p1f1,1954,04,08,0.3115623737310096,17.051508,6.870612,1954
1559,r3i1p1f1,1954,04,09,0.0,17.118137,2.1232002,1954
1560,r3i1p1f1,1954,04,10,0.0,18.377552,1.7890829,1954
1561,r3i1p1f1,1954,04,11,0.0,18.470345,2.2520802,1954
1562,r3i1p1f1,1954,04,12,0.8052803638029696,16.287739,3.1676147,1954
1563,r3i1p1f1,1954,04,13,2.5121802714956605,14.474925,0.19718686,1954
1564,r3i1p1f1,1954,04,14,0.5159395898915949,11.258617,1.1391788,1954
1565,r3i1p1f1,1954,04,15,0.09357063601400066,10.44101,0.3290037,1954
1566,r3i1p1f1,1954,04,16,3.9911920373254506,6.589107,-2.2281287,1954
1567,r3i1p1f1,1954,04,17,47.4420124027682,5.9852505,-5.6812677,1954
1568,r3i1p1f1,1954,04,18,6.669220241785393,0.27031377,-13.009388,1954
1569,r3i1p1f1,1954,04,19,0.0,7.270856,-13.677245,1954
1570,r3i1p1f1,1954,04,20,0.0,10.163006,-4.145864,1954
1571,r3i1p1f1,1954,04,21,0.09035852618628844,12.277801,2.8714325,1954
1572,r3i1p1f1,1954,04,22,1.6637266467257992,10.827666,2.5254612,1954
1573,r3i1p1f1,1954,04,23,3.445941319468578,10.740046,-0.9368053,1954
1574,r3i1p1f1,1954,04,24,0.5131274036677113,11.555348,-0.705337,1954
1575,r3i1p1f1,1954,04,25,0.0,14.922318,-1.2502235,1954
1576,r3i1p1f1,1954,04,26,0.6888525444082916,13.231044,3.4512527,1954
1577,r3i1p1f1,1954,04,27,0.0,17.426933,0.35756513,1954
1578,r3i1p1f1,1954,04,28,0.0,20.346006,3.3867736,1954
1579,r3i1p1f1,1954,04,29,0.0,23.192839,7.245563,1954
1580,r3i1p1f1,1954,04,30,0.0,25.01423,7.3089204,1954
1581,r3i1p1f1,1954,05,01,0.0,23.790316,8.5517025,1954
1582,r3i1p1f1,1954,05,02,0.0,16.319284,1.5370444,1954
1583,r3i1p1f1,1954,05,03,0.0,18.320913,2.8148298,1954
1584,r3i1p1f1,1954,05,04,0.0,20.088326,4.0554905,1954
1585,r3i1p1f1,1954,05,05,0.0,20.745241,6.513344,1954
1586,r3i1p1f1,1954,05,06,0.028872119468073117,19.911583,7.2412357,1954
1587,r3i1p1f1,1954,05,07,8.77593923628171,10.857773,-1.4034779,1954
1588,r3i1p1f1,1954,05,08,20.81038872895174,1.6580913,-5.1892085,1954
1589,r3i1p1f1,1954,05,09,5.354172107074287,3.340651,-4.956838,1954
1590,r3i1p1f1,1954,05,10,9.54876883081038,4.0877814,-10.310141,1954
1591,r3i1p1f1,1954,05,11,0.0,13.150175,-3.5363967,1954
1592,r3i1p1f1,1954,05,12,0.010810254446512676,17.795166,2.5686073,1954
1593,r3i1p1f1,1954,05,13,3.0714940818526024,13.225104,0.8137748,1954
1594,r3i1p1f1,1954,05,14,4.494305087351485,6.7714515,1.3287734,1954
1595,r3i1p1f1,1954,05,15,0.0,13.848369,2.4564035,1954
1596,r3i1p1f1,1954,05,16,0.0,20.22996,3.2512805,1954
1597,r3i1p1f1,1954,05,17,0.0,23.891016,6.473091,1954
1598,r3i1p1f1,1954,05,18,0.0,26.498438,8.595229,1954
1599,r3i1p1f1,1954,05,19,0.0,27.941797,9.922923,1954
1600,r3i1p1f1,1954,05,20,0.0,26.525082,10.035534,1954
1601,r3i1p1f1,1954,05,21,0.44081600539548643,24.154291,8.930157,1954
1602,r3i1p1f1,1954,05,22,43.71272962001201,15.437498,4.707711,1954
1603,r3i1p1f1,1954,05,23,6.628450248210452,12.609394,2.1630695,1954
1604,r3i1p1f1,1954,05,24,0.0,22.159601,3.8742304,1954
1605,r3i1p1f1,1954,05,25,0.428577881968139,21.174337,8.150223,1954
1606,r3i1p1f1,1954,05,26,0.0,18.455746,3.6630607,1954
1607,r3i1p1f1,1954,05,27,0.0,19.482258,3.4875972,1954
1608,r3i1p1f1,1954,05,28,0.0,21.62174,5.7633185,1954
1609,r3i1p1f1,1954,05,29,0.0,20.47644,6.2612743,1954
1610,r3i1p1f1,1954,05,30,0.0,18.262516,4.1952286,1954
1611,r3i1p1f1,1954,05,31,0.0,21.779129,4.5766497,1954
1612,r3i1p1f1,1954,06,01,0.0,21.307177,5.7556415,1954
1613,r3i1p1f1,1954,06,02,6.0264346726494535,18.030174,4.653632,1954
1614,r3i1p1f1,1954,06,03,0.0,17.535645,3.8383365,1954
1615,r3i1p1f1,1954,06,04,0.0,22.561548,3.445193,1954
1616,r3i1p1f1,1954,06,05,0.0,22.703556,5.619359,1954
1617,r3i1p1f1,1954,06,06,0.0,21.282179,7.954544,1954
1618,r3i1p1f1,1954,06,07,0.0,21.555172,7.483681,1954
1619,r3i1p1f1,1954,06,08,0.0,25.276949,6.7954893,1954
1620,r3i1p1f1,1954,06,09,0.0,27.413914,9.459489,1954
1621,r3i1p1f1,1954,06,10,0.20951719427677362,29.745266,11.224727,1954
1622,r3i1p1f1,1954,06,11,1.8977875049466475,31.719038,13.969434,1954
1623,r3i1p1f1,1954,06,12,0.0,29.741287,12.733584,1954
1624,r3i1p1f1,1954,06,13,0.04695144035442928,29.709017,11.889979,1954
1625,r3i1p1f1,1954,06,14,0.02554342836925858,27.862028,14.487436,1954
1626,r3i1p1f1,1954,06,15,0.0,31.356329,11.893477,1954
1627,r3i1p1f1,1954,06,16,0.0,30.90745,16.22463,1954
1628,r3i1p1f1,1954,06,17,0.0,29.425735,13.284452,1954
1629,r3i1p1f1,1954,06,18,0.0,28.741732,11.335036,1954
1630,r3i1p1f1,1954,06,19,0.0,28.010412,11.815045,1954
1631,r3i1p1f1,1954,06,20,0.0,27.12473,12.188303,1954
1632,r3i1p1f1,1954,06,21,0.04850671366990642,27.088165,11.885669,1954
1633,r3i1p1f1,1954,06,22,13.050698740986071,24.48586,10.069939,1954
1634,r3i1p1f1,1954,06,23,0.6921539407286266,26.003119,11.133762,1954
1635,r3i1p1f1,1954,06,24,0.0,28.475817,12.472903,1954
1636,r3i1p1f1,1954,06,25,0.0,28.443865,11.06255,1954
1637,r3i1p1f1,1954,06,26,0.0,26.83831,11.383931,1954
1638,r3i1p1f1,1954,06,27,0.0,23.829653,8.839839,1954
1639,r3i1p1f1,1954,06,28,0.0,23.04597,7.084447,1954
1640,r3i1p1f1,1954,06,29,0.0,27.495218,9.040951,1954
1641,r3i1p1f1,1954,06,30,0.0,28.51686,11.835235,1954
1642,r3i1p1f1,1954,07,01,0.0,28.28628,13.112908,1954
1643,r3i1p1f1,1954,07,02,0.0,26.942295,12.087905,1954
1644,r3i1p1f1,1954,07,03,0.0,26.157022,9.6522,1954
1645,r3i1p1f1,1954,07,04,0.0,29.571495,11.917764,1954
1646,r3i1p1f1,1954,07,05,0.0,31.279533,13.874812,1954
1647,r3i1p1f1,1954,07,06,0.0,31.530828,16.02832,1954
1648,r3i1p1f1,1954,07,07,0.004237848349332221,30.762268,14.723555,1954
1649,r3i1p1f1,1954,07,08,0.04330929430005582,28.660748,14.427291,1954
1650,r3i1p1f1,1954,07,09,0.0,28.627563,12.757731,1954
1651,r3i1p1f1,1954,07,10,0.0,28.589872,14.019898,1954
1652,r3i1p1f1,1954,07,11,0.0,29.347343,12.59624,1954
1653,r3i1p1f1,1954,07,12,0.0,31.5691,13.502107,1954
1654,r3i1p1f1,1954,07,13,0.015926957252974574,31.504782,14.431958,1954
1655,r3i1p1f1,1954,07,14,1.6853310336285319,30.572187,15.918781,1954
1656,r3i1p1f1,1954,07,15,0.30858856993482303,26.218575,14.299073,1954
1657,r3i1p1f1,1954,07,16,0.0,23.385696,9.214752,1954
1658,r3i1p1f1,1954,07,17,0.0,23.447407,7.3975773,1954
1659,r3i1p1f1,1954,07,18,0.0,26.98353,9.550981,1954
1660,r3i1p1f1,1954,07,19,0.0,27.895103,11.298195,1954
1661,r3i1p1f1,1954,07,20,0.0,28.470577,12.01549,1954
1662,r3i1p1f1,1954,07,21,0.0,28.872335,12.9287195,1954
1663,r3i1p1f1,1954,07,22,0.0,30.325779,13.113272,1954
1664,r3i1p1f1,1954,07,23,0.0,30.991484,13.8977785,1954
1665,r3i1p1f1,1954,07,24,0.014741186477725645,30.099981,13.932229,1954
1666,r3i1p1f1,1954,07,25,0.015095739849800194,28.48259,12.399106,1954
1667,r3i1p1f1,1954,07,26,0.001926720295542557,28.66347,12.278991,1954
1668,r3i1p1f1,1954,07,27,0.0,31.042246,12.588494,1954
1669,r3i1p1f1,1954,07,28,0.00395131891740388,31.281422,13.627599,1954
1670,r3i1p1f1,1954,07,29,0.018265589403055952,31.88057,14.369406,1954
1671,r3i1p1f1,1954,07,30,0.0,31.53131,15.26994,1954
1672,r3i1p1f1,1954,07,31,0.0,32.608643,14.389212,1954
1673,r3i1p1f1,1954,08,01,0.0,33.578857,16.316463,1954
1674,r3i1p1f1,1954,08,02,0.0,33.75796,16.573929,1954
1675,r3i1p1f1,1954,08,03,0.0018189488496557858,33.599304,16.754126,1954
1676,r3i1p1f1,1954,08,04,0.0,31.73206,16.860899,1954
1677,r3i1p1f1,1954,08,05,0.0,27.509275,12.665662,1954
1678,r3i1p1f1,1954,08,06,0.0,27.739311,9.191552,1954
1679,r3i1p1f1,1954,08,07,0.0,30.062712,12.288899,1954
1680,r3i1p1f1,1954,08,08,0.0,29.432365,12.988065,1954
1681,r3i1p1f1,1954,08,09,0.0,28.315151,12.66632,1954
1682,r3i1p1f1,1954,08,10,0.0,25.571165,9.053667,1954
1683,r3i1p1f1,1954,08,11,0.0720576484270982,27.343876,11.184699,1954
1684,r3i1p1f1,1954,08,12,0.0,26.935162,12.027033,1954
1685,r3i1p1f1,1954,08,13,0.009929373137358772,28.396828,12.433603,1954
1686,r3i1p1f1,1954,08,14,0.23181464719910813,29.938732,13.598338,1954
1687,r3i1p1f1,1954,08,15,0.3568676622020767,29.533497,12.942644,1954
1688,r3i1p1f1,1954,08,16,0.0,29.348644,12.048873,1954
1689,r3i1p1f1,1954,08,17,0.0,27.985643,10.898788,1954
1690,r3i1p1f1,1954,08,18,0.11228705135827592,20.171284,6.9018865,1954
1691,r3i1p1f1,1954,08,19,9.57939258805709,15.499571,4.919407,1954
1692,r3i1p1f1,1954,08,20,0.0,18.948368,4.776013,1954
1693,r3i1p1f1,1954,08,21,0.0,23.64895,6.7716527,1954
1694,r3i1p1f1,1954,08,22,0.0,23.390396,8.573795,1954
1695,r3i1p1f1,1954,08,23,1.4730541082635202,24.648756,10.612757,1954
1696,r3i1p1f1,1954,08,24,0.0,25.373735,7.4413815,1954
1697,r3i1p1f1,1954,08,25,0.0,25.324974,9.055222,1954
1698,r3i1p1f1,1954,08,26,0.0,22.339752,9.008724,1954
1699,r3i1p1f1,1954,08,27,0.0,25.980495,7.798145,1954
1700,r3i1p1f1,1954,08,28,0.0,30.720337,11.410203,1954
1701,r3i1p1f1,1954,08,29,0.0,33.27781,13.941397,1954
1702,r3i1p1f1,1954,08,30,0.0,32.993195,16.112238,1954
1703,r3i1p1f1,1954,08,31,0.0,29.995743,12.898405,1954
1704,r3i1p1f1,1954,09,01,0.0,22.517265,7.218826,1954
1705,r3i1p1f1,1954,09,02,0.0,18.838856,5.333798,1954
1706,r3i1p1f1,1954,09,03,23.702692207390147,16.938969,6.3120794,1954
1707,r3i1p1f1,1954,09,04,92.24230120154589,12.380785,6.386803,1954
1708,r3i1p1f1,1954,09,05,4.337860271334648,18.059607,3.428207,1954
1709,r3i1p1f1,1954,09,06,0.0,18.954195,3.5028155,1954
1710,r3i1p1f1,1954,09,07,0.0,18.074026,5.221591,1954
1711,r3i1p1f1,1954,09,08,0.0,18.350657,4.2348757,1954
1712,r3i1p1f1,1954,09,09,0.0,21.615911,5.1413264,1954
1713,r3i1p1f1,1954,09,10,0.0,24.50638,7.361699,1954
1714,r3i1p1f1,1954,09,11,0.0,26.486122,9.59578,1954
1715,r3i1p1f1,1954,09,12,0.0,26.34638,10.565662,1954
1716,r3i1p1f1,1954,09,13,0.0,24.8626,9.143117,1954
1717,r3i1p1f1,1954,09,14,0.0,23.19002,7.741545,1954
1718,r3i1p1f1,1954,09,15,0.0,22.542658,6.2812037,1954
1719,r3i1p1f1,1954,09,16,0.0,20.775524,5.463423,1954
1720,r3i1p1f1,1954,09,17,0.0,17.54083,4.4125104,1954
1721,r3i1p1f1,1954,09,18,0.0,16.231236,2.7058237,1954
1722,r3i1p1f1,1954,09,19,0.0,15.239149,1.6870078,1954
1723,r3i1p1f1,1954,09,20,0.15994177125608794,16.357777,2.2785325,1954
1724,r3i1p1f1,1954,09,21,0.0,18.282648,2.0357187,1954
1725,r3i1p1f1,1954,09,22,0.0,20.331656,4.3308115,1954
1726,r3i1p1f1,1954,09,23,3.7604048403552857,21.260136,6.8296413,1954
1727,r3i1p1f1,1954,09,24,3.4973028749702375,15.253569,4.4152246,1954
1728,r3i1p1f1,1954,09,25,1.01442777897893,21.410114,6.2463784,1954
1729,r3i1p1f1,1954,09,26,0.0,21.237417,5.2305956,1954
1730,r3i1p1f1,1954,09,27,0.0,24.27157,7.305275,1954
1731,r3i1p1f1,1954,09,28,0.0,24.360235,8.422192,1954
1732,r3i1p1f1,1954,09,29,0.0,24.878382,9.051505,1954
1733,r3i1p1f1,1954,09,30,0.0,22.818317,9.596489,1954
1734,r3i1p1f1,1954,10,01,0.0,21.351027,8.913794,1954
1735,r3i1p1f1,1954,10,02,0.0,22.021635,7.746334,1954
1736,r3i1p1f1,1954,10,03,0.0,24.849243,8.6408825,1954
1737,r3i1p1f1,1954,10,04,0.0,26.924198,10.774169,1954
1738,r3i1p1f1,1954,10,05,1.8695813679809554,26.976545,13.086723,1954
1739,r3i1p1f1,1954,10,06,0.023033723271893042,19.576864,7.787253,1954
1740,r3i1p1f1,1954,10,07,0.12346616008711096,14.184945,3.884829,1954
1741,r3i1p1f1,1954,10,08,0.0,11.680454,-0.078697875,1954
1742,r3i1p1f1,1954,10,09,0.0,17.072456,2.8872957,1954
1743,r3i1p1f1,1954,10,10,0.0,24.011053,6.042377,1954
1744,r3i1p1f1,1954,10,11,0.0,24.82585,8.319712,1954
1745,r3i1p1f1,1954,10,12,0.0,24.238518,7.8436933,1954
1746,r3i1p1f1,1954,10,13,0.0,22.770031,4.7261415,1954
1747,r3i1p1f1,1954,10,14,0.0,17.90058,4.449966,1954
1748,r3i1p1f1,1954,10,15,0.0,18.769932,3.0712287,1954
1749,r3i1p1f1,1954,10,16,0.0,21.038708,4.501969,1954
1750,r3i1p1f1,1954,10,17,0.0,20.384674,5.56675,1954
1751,r3i1p1f1,1954,10,18,0.0,21.714954,5.351063,1954
1752,r3i1p1f1,1954,10,19,0.0,21.364305,5.962994,1954
1753,r3i1p1f1,1954,10,20,0.0,25.853542,7.750143,1954
1754,r3i1p1f1,1954,10,21,0.0,27.475788,10.16962,1954
1755,r3i1p1f1,1954,10,22,0.0,26.141996,11.238052,1954
1756,r3i1p1f1,1954,10,23,0.0,25.74213,11.85199,1954
1757,r3i1p1f1,1954,10,24,0.013096651022543052,23.898497,8.6087675,1954
1758,r3i1p1f1,1954,10,25,1.4277782156377246,14.71741,4.436177,1954
1759,r3i1p1f1,1954,10,26,0.0,12.624988,-0.8076699,1954
1760,r3i1p1f1,1954,10,27,0.0,14.417896,0.093913056,1954
1761,r3i1p1f1,1954,10,28,4.107516812923438,13.133502,0.9984538,1954
1762,r3i1p1f1,1954,10,29,2.3378675084754112,11.234503,1.6132461,1954
1763,r3i1p1f1,1954,10,30,0.0070375341142368455,12.778035,0.6904273,1954
1764,r3i1p1f1,1954,10,31,0.0,13.276837,1.8151032,1954
1765,r3i1p1f1,1954,11,01,0.0,16.161894,1.5201908,1954
1766,r3i1p1f1,1954,11,02,0.0,16.578262,2.6524189,1954
1767,r3i1p1f1,1954,11,03,0.0,14.859351,3.5435407,1954
1768,r3i1p1f1,1954,11,04,0.0,13.651304,0.08037325,1954
1769,r3i1p1f1,1954,11,05,0.0,12.099842,0.91728944,1954
1770,r3i1p1f1,1954,11,06,0.0,17.52056,1.4995946,1954
1771,r3i1p1f1,1954,11,07,0.0,17.953411,4.7229047,1954
1772,r3i1p1f1,1954,11,08,0.0,16.33548,4.156296,1954
1773,r3i1p1f1,1954,11,09,21.09180272887706,11.143985,2.7418816,1954
1774,r3i1p1f1,1954,11,10,37.64771378942226,8.600138,3.1625829,1954
1775,r3i1p1f1,1954,11,11,1.3230187476438005,10.419532,-0.5437284,1954
1776,r3i1p1f1,1954,11,12,0.0,15.404057,-0.14507379,1954
1777,r3i1p1f1,1954,11,13,0.0,17.910452,2.7531743,1954
1778,r3i1p1f1,1954,11,14,0.5280028781080067,13.715752,3.8478727,1954
1779,r3i1p1f1,1954,11,15,9.447083046880403,11.096531,4.4455795,1954
1780,r3i1p1f1,1954,11,16,51.85083802544365,9.419209,2.212212,1954
1781,r3i1p1f1,1954,11,17,3.4270330153767166,5.5256963,-2.26052,1954
1782,r3i1p1f1,1954,11,18,5.328042712905076,6.321427,-0.19854213,1954
1783,r3i1p1f1,1954,11,19,0.0,10.67999,-1.8884801,1954
1784,r3i1p1f1,1954,11,20,0.0,15.462725,-0.44697174,1954
1785,r3i1p1f1,1954,11,21,0.0,16.769512,0.59370744,1954
1786,r3i1p1f1,1954,11,22,0.0,13.587185,2.0580628,1954
1787,r3i1p1f1,1954,11,23,15.665971901341292,10.556316,3.1329687,1954
1788,r3i1p1f1,1954,11,24,77.43101320474555,8.746111,2.6715965,1954
1789,r3i1p1f1,1954,11,25,16.68226318893415,5.014613,-2.2066283,1954
1790,r3i1p1f1,1954,11,26,0.0,7.9288898,-8.049413,1954
1791,r3i1p1f1,1954,11,27,5.6221764107345065,5.4962735,-4.8430243,1954
1792,r3i1p1f1,1954,11,28,1.873213621346574,3.3012638,-5.5313773,1954
1793,r3i1p1f1,1954,11,29,14.454307780282473,1.9260225,-4.543389,1954
1794,r3i1p1f1,1954,11,30,0.0,6.511245,-12.517125,1954
1795,r3i1p1f1,1954,12,01,0.0,7.3205075,-7.6744547,1954
1796,r3i1p1f1,1954,12,02,0.0,7.4831085,-3.993263,1954
1797,r3i1p1f1,1954,12,03,0.0,5.9352403,-7.92484,1954
1798,r3i1p1f1,1954,12,04,0.0,4.4498053,-5.1401367,1954
1799,r3i1p1f1,1954,12,05,0.0,5.597849,-11.779447,1954
1800,r3i1p1f1,1954,12,06,0.0,6.939431,-7.4706187,1954
1801,r3i1p1f1,1954,12,07,0.0,5.0074043,-7.0452495,1954
1802,r3i1p1f1,1954,12,08,2.482547455216072,0.2710514,-9.677502,1954
1803,r3i1p1f1,1954,12,09,0.0,0.15121102,-14.939413,1954
1804,r3i1p1f1,1954,12,10,0.0,-1.3936116,-14.747033,1954
1805,r3i1p1f1,1954,12,11,0.0,5.61548,-11.949114,1954
1806,r3i1p1f1,1954,12,12,0.0,7.06574,-4.51408,1954
1807,r3i1p1f1,1954,12,13,0.0,10.935157,0.9908724,1954
1808,r3i1p1f1,1954,12,14,32.23986839017782,5.7195015,0.36685044,1954
1809,r3i1p1f1,1954,12,15,0.47955506781459245,11.3637495,2.5831873,1954
1810,r3i1p1f1,1954,12,16,3.3059789554068915,9.031543,0.6398282,1954
1811,r3i1p1f1,1954,12,17,0.0,12.281762,-1.6832285,1954
1812,r3i1p1f1,1954,12,18,0.680838753568854,9.601024,-2.598193,1954
1813,r3i1p1f1,1954,12,19,38.3820275365571,4.1635118,-1.2191086,1954
1814,r3i1p1f1,1954,12,20,41.117237819554774,6.9100785,0.4075297,1954
1815,r3i1p1f1,1954,12,21,0.0,9.404746,-1.3648546,1954
1816,r3i1p1f1,1954,12,22,16.59463620315747,6.2828135,-1.1228622,1954
1817,r3i1p1f1,1954,12,23,11.521897854369232,5.4356594,-0.5314279,1954
1818,r3i1p1f1,1954,12,24,1.7868156853900903,11.4576235,3.6108618,1954
1819,r3i1p1f1,1954,12,25,0.0,13.162956,3.75185,1954
1820,r3i1p1f1,1954,12,26,2.4619655295808975,11.170851,1.808758,1954
1821,r3i1p1f1,1954,12,27,0.0,9.3402605,0.57527727,1954
1822,r3i1p1f1,1954,12,28,0.25234607551522603,9.309561,3.4034312,1954
1823,r3i1p1f1,1954,12,29,25.580392608811195,5.583372,-0.7620083,1954
1824,r3i1p1f1,1954,12,30,1.8603214628743252,4.9657173,-2.0731099,1954
1825,r3i1p1f1,1954,12,31,36.06862953471902,3.7458923,-0.6130117,1954
1826,r3i1p1f1,1955,01,01,16.480728497194114,3.1619399,-1.6481662,1955
1827,r3i1p1f1,1955,01,02,17.043581009401304,2.49849,-2.5824301,1955
1828,r3i1p1f1,1955,01,03,14.10999016952701,3.6786752,-1.5344226,1955
1829,r3i1p1f1,1955,01,04,0.0,6.021306,0.76087904,1955
1830,r3i1p1f1,1955,01,05,16.213865106998895,5.1443534,-1.6960112,1955
1831,r3i1p1f1,1955,01,06,3.3728681708453223,4.575694,-1.0788459,1955
1832,r3i1p1f1,1955,01,07,0.0,9.197959,-3.2584274,1955
1833,r3i1p1f1,1955,01,08,0.0,10.6708355,-2.6951895,1955
1834,r3i1p1f1,1955,01,09,0.06859146395575073,10.757335,1.5041809,1955
1835,r3i1p1f1,1955,01,10,7.7534369494012365,7.06121,0.8210627,1955
1836,r3i1p1f1,1955,01,11,9.091168402933123,8.791598,0.5988894,1955
1837,r3i1p1f1,1955,01,12,8.79624450562436,7.5733905,0.7474109,1955
1838,r3i1p1f1,1955,01,13,4.644938804114262,4.6983724,-0.23893759,1955
1839,r3i1p1f1,1955,01,14,9.972557704895735,4.5071654,-1.1083027,1955
1840,r3i1p1f1,1955,01,15,24.42440591188834,6.215162,0.4427209,1955
1841,r3i1p1f1,1955,01,16,39.51056770686256,6.022518,1.5281887,1955
1842,r3i1p1f1,1955,01,17,10.98426157044933,4.1204696,-1.4208666,1955
1843,r3i1p1f1,1955,01,18,0.0,8.422705,-3.786198,1955
1844,r3i1p1f1,1955,01,19,24.7667996911332,2.927233,-2.223471,1955
1845,r3i1p1f1,1955,01,20,0.0,6.463476,-5.4601703,1955
1846,r3i1p1f1,1955,01,21,9.104485503063954,1.5198151,-7.27847,1955
1847,r3i1p1f1,1955,01,22,15.08846097046779,3.4788845,-3.5399954,1955
1848,r3i1p1f1,1955,01,23,29.96381521814711,2.8084486,-2.3499897,1955
1849,r3i1p1f1,1955,01,24,8.764458230564886,1.6571623,-3.0727777,1955
1850,r3i1p1f1,1955,01,25,26.02262807348253,2.047305,-2.174946,1955
1851,r3i1p1f1,1955,01,26,0.0,7.64107,-6.2669363,1955
1852,r3i1p1f1,1955,01,27,0.0,6.1595902,-5.5752764,1955
1853,r3i1p1f1,1955,01,28,3.5742163612188675,1.1179627,-8.283425,1955
1854,r3i1p1f1,1955,01,29,3.1326077949702986,3.4741812,-7.974831,1955
1855,r3i1p1f1,1955,01,30,0.0,6.768141,-6.2853365,1955
1856,r3i1p1f1,1955,01,31,0.0,5.95699,-5.353425,1955
1857,r3i1p1f1,1955,02,01,0.0,6.338212,-6.4650564,1955
1858,r3i1p1f1,1955,02,02,0.0,8.039483,-5.590016,1955
1859,r3i1p1f1,1955,02,03,22.22004471787889,3.2760694,-2.091986,1955
1860,r3i1p1f1,1955,02,04,3.8135287512743257,5.8751874,-1.6787319,1955
1861,r3i1p1f1,1955,02,05,25.476885019299132,6.1231112,0.38928342,1955
1862,r3i1p1f1,1955,02,06,29.168931108678837,5.3877974,0.23342104,1955
1863,r3i1p1f1,1955,02,07,14.670050120376368,3.6375034,-3.9002223,1955
1864,r3i1p1f1,1955,02,08,0.04617149120588836,5.0514197,-3.2347808,1955
1865,r3i1p1f1,1955,02,09,0.0011149143048035178,7.394417,-3.6536844,1955
1866,r3i1p1f1,1955,02,10,14.300657105999754,5.9141407,-1.4890654,1955
1867,r3i1p1f1,1955,02,11,9.331968653407928,5.2436957,-0.31082973,1955
1868,r3i1p1f1,1955,02,12,20.862248907551955,3.324299,-1.3983154,1955
1869,r3i1p1f1,1955,02,13,1.3183191454261665,6.8684125,-3.6553905,1955
1870,r3i1p1f1,1955,02,14,0.0,6.490553,-6.0293536,1955
1871,r3i1p1f1,1955,02,15,4.921083665785294,3.9276116,-2.7529144,1955
1872,r3i1p1f1,1955,02,16,0.11404717508029487,9.05652,-3.0546722,1955
1873,r3i1p1f1,1955,02,17,0.0,9.500032,-1.9703518,1955
1874,r3i1p1f1,1955,02,18,3.7831444904441014,7.406095,-5.1903553,1955
1875,r3i1p1f1,1955,02,19,42.573536709441164,1.0490273,-3.6117673,1955
1876,r3i1p1f1,1955,02,20,2.436037205112179,0.87307405,-7.225764,1955
1877,r3i1p1f1,1955,02,21,1.0617974315927743,0.74584854,-11.074252,1955
1878,r3i1p1f1,1955,02,22,44.39808792238565,1.1044496,-5.3564644,1955
1879,r3i1p1f1,1955,02,23,12.140583547788035,0.5996262,-6.3031807,1955
1880,r3i1p1f1,1955,02,24,14.661701974814365,0.1220718,-8.598262,1955
1881,r3i1p1f1,1955,02,25,3.4947155765334363,1.144981,-9.795298,1955
1882,r3i1p1f1,1955,02,26,23.4699944144507,-0.024474146,-7.0536566,1955
1883,r3i1p1f1,1955,02,27,0.0,1.2263577,-12.515092,1955
1884,r3i1p1f1,1955,02,28,0.0,4.985341,-9.097219,1955
1885,r3i1p1f1,1955,03,01,0.0,10.536528,-7.1859136,1955
1886,r3i1p1f1,1955,03,02,0.0,8.5504675,-4.724199,1955
1887,r3i1p1f1,1955,03,03,26.287050373656186,2.7302396,-2.4125102,1955
1888,r3i1p1f1,1955,03,04,0.0,8.088378,-6.0844646,1955
1889,r3i1p1f1,1955,03,05,0.0,8.276215,-4.877763,1955
1890,r3i1p1f1,1955,03,06,0.7728387380187709,7.325655,-0.81696457,1955
1891,r3i1p1f1,1955,03,07,0.24823570228794492,6.6392884,-2.4636095,1955
1892,r3i1p1f1,1955,03,08,0.0,6.9134703,-6.1065207,1955
1893,r3i1p1f1,1955,03,09,2.655395271262693,3.6029065,-2.9000628,1955
1894,r3i1p1f1,1955,03,10,34.3959625222181,3.157892,-3.429328,1955
1895,r3i1p1f1,1955,03,11,0.0,9.121492,-2.8255517,1955
1896,r3i1p1f1,1955,03,12,0.0,11.67397,-1.6491482,1955
1897,r3i1p1f1,1955,03,13,0.0,13.555467,-0.99929875,1955
1898,r3i1p1f1,1955,03,14,0.0,13.391457,3.1597447,1955
1899,r3i1p1f1,1955,03,15,0.0,14.1401205,1.6206974,1955
1900,r3i1p1f1,1955,03,16,41.30376713399432,9.306117,-1.3461608,1955
1901,r3i1p1f1,1955,03,17,24.69236860082387,2.274188,-2.1021578,1955
1902,r3i1p1f1,1955,03,18,34.38060158790138,1.6876094,-3.8480039,1955
1903,r3i1p1f1,1955,03,19,0.0,7.212343,-8.500439,1955
1904,r3i1p1f1,1955,03,20,0.0,10.908981,-2.5990672,1955
1905,r3i1p1f1,1955,03,21,0.0,15.164277,-0.39043257,1955
1906,r3i1p1f1,1955,03,22,0.0,15.263895,-1.1211349,1955
1907,r3i1p1f1,1955,03,23,0.0,13.606398,2.0887246,1955
1908,r3i1p1f1,1955,03,24,0.0,14.329768,-0.98322797,1955
1909,r3i1p1f1,1955,03,25,0.0,14.560888,-0.6151887,1955
1910,r3i1p1f1,1955,03,26,0.0346745125410196,15.023084,0.8966669,1955
1911,r3i1p1f1,1955,03,27,0.28425411703784975,12.37784,-0.6926717,1955
1912,r3i1p1f1,1955,03,28,0.182798362258932,13.416077,-2.4846253,1955
1913,r3i1p1f1,1955,03,29,0.012570153921842575,10.890093,0.77065253,1955
1914,r3i1p1f1,1955,03,30,15.707336091681531,6.102896,-0.08612834,1955
1915,r3i1p1f1,1955,03,31,3.007559326847274,8.115726,-4.3296437,1955
1916,r3i1p1f1,1955,04,01,0.0,12.798226,-2.6978307,1955
1917,r3i1p1f1,1955,04,02,0.0,11.579194,2.153714,1955
1918,r3i1p1f1,1955,04,03,0.0,13.23544,-2.38036,1955
1919,r3i1p1f1,1955,04,04,0.0,15.051195,-0.35562983,1955
1920,r3i1p1f1,1955,04,05,0.0,14.323316,2.698909,1955
1921,r3i1p1f1,1955,04,06,0.0,13.127301,-2.1421034,1955
1922,r3i1p1f1,1955,04,07,0.0,13.587182,-0.33184385,1955
1923,r3i1p1f1,1955,04,08,0.0,14.133121,1.2745054,1955
1924,r3i1p1f1,1955,04,09,0.0,14.167172,-0.7776558,1955
1925,r3i1p1f1,1955,04,10,0.0,16.111506,0.08230716,1955
1926,r3i1p1f1,1955,04,11,0.0,16.564905,0.70521545,1955
1927,r3i1p1f1,1955,04,12,0.0,16.404652,2.5193362,1955
1928,r3i1p1f1,1955,04,13,0.18052448929091425,14.671644,1.5864315,1955
1929,r3i1p1f1,1955,04,14,1.6941241192590066,10.719471,-0.9762148,1955
1930,r3i1p1f1,1955,04,15,3.2799854491857237,6.7684865,-3.1275432,1955
1931,r3i1p1f1,1955,04,16,0.0,14.395672,-0.9370678,1955
1932,r3i1p1f1,1955,04,17,0.0,17.72459,1.8170371,1955
1933,r3i1p1f1,1955,04,18,0.0,19.452028,1.8990113,1955
1934,r3i1p1f1,1955,04,19,0.0,20.878502,3.0812502,1955
1935,r3i1p1f1,1955,04,20,0.0,22.58551,4.531882,1955
1936,r3i1p1f1,1955,04,21,0.0,22.539816,5.6736937,1955
1937,r3i1p1f1,1955,04,22,15.408760785296755,17.186323,2.562992,1955
1938,r3i1p1f1,1955,04,23,4.551663933556196,12.626411,0.5814453,1955
1939,r3i1p1f1,1955,04,24,0.9247841125072324,12.515994,5.345607,1955
1940,r3i1p1f1,1955,04,25,0.7290179052257659,10.07994,0.5628174,1955
1941,r3i1p1f1,1955,04,26,1.755820172069147,9.272505,-0.6576894,1955
1942,r3i1p1f1,1955,04,27,0.0,13.23977,-0.24730529,1955
1943,r3i1p1f1,1955,04,28,3.188628254773855,9.733329,1.165399,1955
1944,r3i1p1f1,1955,04,29,2.487323790869835,9.316385,0.1048515,1955
1945,r3i1p1f1,1955,04,30,5.699797938340405,8.4614,-1.0964786,1955
1946,r3i1p1f1,1955,05,01,5.282395768843248,8.700007,0.25698107,1955
1947,r3i1p1f1,1955,05,02,0.0,13.844534,-0.76761764,1955
1948,r3i1p1f1,1955,05,03,0.0,12.387429,1.8070906,1955
1949,r3i1p1f1,1955,05,04,0.6447959103273828,9.348046,1.316351,1955
1950,r3i1p1f1,1955,05,05,0.0,12.491632,-1.9008809,1955
1951,r3i1p1f1,1955,05,06,0.0,14.061086,0.12927097,1955
1952,r3i1p1f1,1955,05,07,0.0,14.778309,0.30309385,1955
1953,r3i1p1f1,1955,05,08,0.0013113790612949647,13.360292,4.2484384,1955
1954,r3i1p1f1,1955,05,09,24.208802964513826,8.528342,1.8200601,1955
1955,r3i1p1f1,1955,05,10,9.882573421054985,7.1221647,-3.1984272,1955
1956,r3i1p1f1,1955,05,11,0.0,18.171808,2.282697,1955
1957,r3i1p1f1,1955,05,12,0.0,22.899485,7.4744487,1955
1958,r3i1p1f1,1955,05,13,0.0,25.128664,8.750214,1955
1959,r3i1p1f1,1955,05,14,0.0,25.291473,10.52445,1955
1960,r3i1p1f1,1955,05,15,0.0,24.583948,9.107281,1955
1961,r3i1p1f1,1955,05,16,0.0,24.572515,8.655459,1955
1962,r3i1p1f1,1955,05,17,0.0,26.43175,10.356207,1955
1963,r3i1p1f1,1955,05,18,0.0,27.69252,10.4990635,1955
1964,r3i1p1f1,1955,05,19,0.0,27.175901,11.440005,1955
1965,r3i1p1f1,1955,05,20,0.0,25.873766,11.317159,1955
1966,r3i1p1f1,1955,05,21,0.0,23.61389,9.420439,1955
1967,r3i1p1f1,1955,05,22,0.06423549593819189,19.790365,7.4459105,1955
1968,r3i1p1f1,1955,05,23,2.8249071542201194,15.555674,4.027932,1955
1969,r3i1p1f1,1955,05,24,0.05348194941976353,14.120018,2.4433537,1955
1970,r3i1p1f1,1955,05,25,0.1464266136999389,17.173246,3.3139706,1955
1971,r3i1p1f1,1955,05,26,0.0,17.466757,3.8445888,1955
1972,r3i1p1f1,1955,05,27,0.0,18.41057,3.1545537,1955
1973,r3i1p1f1,1955,05,28,3.613624281684966,15.741997,6.2074203,1955
1974,r3i1p1f1,1955,05,29,0.0,20.272713,4.221323,1955
1975,r3i1p1f1,1955,05,30,0.0,25.656889,7.9483867,1955
1976,r3i1p1f1,1955,05,31,0.0,27.538473,10.071216,1955
1977,r3i1p1f1,1955,06,01,0.05978109302783483,27.706787,10.978139,1955
1978,r3i1p1f1,1955,06,02,0.12880433687793189,25.179934,9.965718,1955
1979,r3i1p1f1,1955,06,03,6.286575087965741,18.751495,5.513778,1955
1980,r3i1p1f1,1955,06,04,0.5786706551780777,22.440952,6.3847494,1955
1981,r3i1p1f1,1955,06,05,0.1549428735559463,23.20216,8.234314,1955
1982,r3i1p1f1,1955,06,06,0.0,20.862041,5.9714093,1955
1983,r3i1p1f1,1955,06,07,0.0,18.588928,4.8208666,1955
1984,r3i1p1f1,1955,06,08,0.0,19.138283,3.0149918,1955
1985,r3i1p1f1,1955,06,09,0.0,22.607183,7.081368,1955
1986,r3i1p1f1,1955,06,10,0.0,26.263103,9.615569,1955
1987,r3i1p1f1,1955,06,11,0.017362888320349157,27.477701,10.436267,1955
1988,r3i1p1f1,1955,06,12,0.008037717596284653,25.7935,11.241637,1955
1989,r3i1p1f1,1955,06,13,0.0,25.367493,8.915913,1955
1990,r3i1p1f1,1955,06,14,0.5591819006153137,23.266212,8.292417,1955
1991,r3i1p1f1,1955,06,15,0.8265474722353056,17.072153,5.478582,1955
1992,r3i1p1f1,1955,06,16,0.0,20.919933,5.013632,1955
1993,r3i1p1f1,1955,06,17,0.0,21.050556,6.831901,1955
1994,r3i1p1f1,1955,06,18,0.0,19.734322,4.8810563,1955
1995,r3i1p1f1,1955,06,19,0.0,21.496151,4.7860765,1955
1996,r3i1p1f1,1955,06,20,0.0,21.161629,5.4288015,1955
1997,r3i1p1f1,1955,06,21,0.0,20.675264,4.5542793,1955
1998,r3i1p1f1,1955,06,22,0.0,20.24679,4.8766365,1955
1999,r3i1p1f1,1955,06,23,0.0,19.456436,5.792644,1955
2000,r3i1p1f1,1955,06,24,0.0,17.054338,4.2905035,1955
2001,r3i1p1f1,1955,06,25,0.0,17.970444,4.459639,1955
2002,r3i1p1f1,1955,06,26,0.01742972683706811,18.43956,5.7217636,1955
2003,r3i1p1f1,1955,06,27,0.0,18.881517,4.28889,1955
2004,r3i1p1f1,1955,06,28,0.2970755723301983,18.127848,4.9508204,1955
2005,r3i1p1f1,1955,06,29,0.0,19.154339,4.6916585,1955
2006,r3i1p1f1,1955,06,30,0.0,21.924166,5.4075093,1955
2007,r3i1p1f1,1955,07,01,0.0,22.422688,6.515478,1955
2008,r3i1p1f1,1955,07,02,0.022931958358783863,24.277897,9.658117,1955
2009,r3i1p1f1,1955,07,03,0.46344177772928224,22.778723,8.144063,1955
2010,r3i1p1f1,1955,07,04,0.0,27.380793,10.627962,1955
2011,r3i1p1f1,1955,07,05,0.0,30.517109,11.970422,1955
2012,r3i1p1f1,1955,07,06,0.0,31.383657,14.109409,1955
2013,r3i1p1f1,1955,07,07,0.0,30.857319,14.708796,1955
2014,r3i1p1f1,1955,07,08,0.0,31.116539,12.256838,1955
2015,r3i1p1f1,1955,07,09,0.0,30.33434,13.905487,1955
2016,r3i1p1f1,1955,07,10,0.0,29.340336,13.523268,1955
2017,r3i1p1f1,1955,07,11,0.0,30.760689,12.39679,1955
2018,r3i1p1f1,1955,07,12,0.0,32.530407,14.992058,1955
2019,r3i1p1f1,1955,07,13,0.0,32.138943,16.1441,1955
2020,r3i1p1f1,1955,07,14,0.0,31.052317,15.018801,1955
2021,r3i1p1f1,1955,07,15,0.0,29.971119,12.995664,1955
2022,r3i1p1f1,1955,07,16,0.0,32.116936,14.241962,1955
2023,r3i1p1f1,1955,07,17,0.0,34.623913,16.179337,1955
2024,r3i1p1f1,1955,07,18,0.005289544902839943,35.09427,16.962133,1955
2025,r3i1p1f1,1955,07,19,0.0,34.974022,17.042854,1955
2026,r3i1p1f1,1955,07,20,0.005331220668985655,33.20077,17.181967,1955
2027,r3i1p1f1,1955,07,21,0.013648468532329915,26.09258,12.697303,1955
2028,r3i1p1f1,1955,07,22,0.0,22.432665,8.841683,1955
2029,r3i1p1f1,1955,07,23,0.0,23.452278,7.8709664,1955
2030,r3i1p1f1,1955,07,24,0.0,25.25625,8.791488,1955
2031,r3i1p1f1,1955,07,25,0.0,26.590294,9.932277,1955
2032,r3i1p1f1,1955,07,26,0.0,26.375334,10.936445,1955
2033,r3i1p1f1,1955,07,27,0.0,26.796604,10.539024,1955
2034,r3i1p1f1,1955,07,28,0.0,28.78366,12.0776205,1955
2035,r3i1p1f1,1955,07,29,0.0,29.863571,13.034705,1955
2036,r3i1p1f1,1955,07,30,0.0,29.540356,12.815116,1955
2037,r3i1p1f1,1955,07,31,0.0,28.8856,11.364286,1955
2038,r3i1p1f1,1955,08,01,0.0,26.760181,10.246471,1955
2039,r3i1p1f1,1955,08,02,0.0,25.151552,8.663,1955
2040,r3i1p1f1,1955,08,03,0.0,21.999817,6.4391356,1955
2041,r3i1p1f1,1955,08,04,0.0,22.145594,5.676772,1955
2042,r3i1p1f1,1955,08,05,0.0,24.401136,7.201891,1955
2043,r3i1p1f1,1955,08,06,0.0,27.32764,9.313893,1955
2044,r3i1p1f1,1955,08,07,0.0,29.980692,11.351529,1955
2045,r3i1p1f1,1955,08,08,0.0,29.334797,12.038452,1955
2046,r3i1p1f1,1955,08,09,0.0,26.266733,8.918427,1955
2047,r3i1p1f1,1955,08,10,0.0,27.221834,9.282561,1955
2048,r3i1p1f1,1955,08,11,0.0,32.12938,12.030213,1955
2049,r3i1p1f1,1955,08,12,0.0,31.781849,14.011388,1955
2050,r3i1p1f1,1955,08,13,0.0,30.153402,13.253205,1955
2051,r3i1p1f1,1955,08,14,0.0,27.935707,11.162128,1955
2052,r3i1p1f1,1955,08,15,0.0,30.731905,11.913641,1955
2053,r3i1p1f1,1955,08,16,0.0,32.611763,13.220285,1955
2054,r3i1p1f1,1955,08,17,0.0,32.714703,14.810408,1955
2055,r3i1p1f1,1955,08,18,0.0,34.201508,16.00814,1955
2056,r3i1p1f1,1955,08,19,0.0,32.995895,16.197,1955
2057,r3i1p1f1,1955,08,20,0.0,31.516544,13.489446,1955
2058,r3i1p1f1,1955,08,21,0.0,32.73624,13.718874,1955
2059,r3i1p1f1,1955,08,22,0.0,32.020718,14.599409,1955
2060,r3i1p1f1,1955,08,23,0.12458015067080085,27.71526,11.662452,1955
2061,r3i1p1f1,1955,08,24,0.0,20.3699,6.8928027,1955
2062,r3i1p1f1,1955,08,25,0.0,22.614618,6.2598166,1955
2063,r3i1p1f1,1955,08,26,0.0,27.38845,8.481652,1955
2064,r3i1p1f1,1955,08,27,0.0,26.954145,10.962224,1955
2065,r3i1p1f1,1955,08,28,0.0,25.972952,8.647701,1955
2066,r3i1p1f1,1955,08,29,0.0,22.29571,6.3860817,1955
2067,r3i1p1f1,1955,08,30,0.0,26.147554,6.862939,1955
2068,r3i1p1f1,1955,08,31,0.0,25.207401,6.7103543,1955
2069,r3i1p1f1,1955,09,01,0.30772304166212533,18.251678,6.026158,1955
2070,r3i1p1f1,1955,09,02,0.0,21.946163,3.6861691,1955
2071,r3i1p1f1,1955,09,03,0.0,25.941423,7.2668433,1955
2072,r3i1p1f1,1955,09,04,0.0,28.869076,10.573455,1955
2073,r3i1p1f1,1955,09,05,0.0,28.602585,11.103086,1955
2074,r3i1p1f1,1955,09,06,0.0,26.417599,10.1864605,1955
2075,r3i1p1f1,1955,09,07,0.0,22.43876,6.0169215,1955
2076,r3i1p1f1,1955,09,08,0.0,22.578968,5.0386596,1955
2077,r3i1p1f1,1955,09,09,0.0,27.02034,8.543365,1955
2078,r3i1p1f1,1955,09,10,0.0,26.849632,9.900578,1955
2079,r3i1p1f1,1955,09,11,0.0,23.935741,8.004163,1955
2080,r3i1p1f1,1955,09,12,0.0,21.904928,6.109955,1955
2081,r3i1p1f1,1955,09,13,0.0,21.46915,5.6339564,1955
2082,r3i1p1f1,1955,09,14,0.0,21.753866,5.319152,1955
2083,r3i1p1f1,1955,09,15,0.0,21.395754,6.3832626,1955
2084,r3i1p1f1,1955,09,16,0.0,24.912985,7.346476,1955
2085,r3i1p1f1,1955,09,17,0.0,30.971697,11.649372,1955
2086,r3i1p1f1,1955,09,18,0.0,33.831547,14.777296,1955
2087,r3i1p1f1,1955,09,19,0.0,33.827065,14.817566,1955
2088,r3i1p1f1,1955,09,20,0.0,32.266464,13.44167,1955
2089,r3i1p1f1,1955,09,21,0.0,27.40487,11.5835085,1955
2090,r3i1p1f1,1955,09,22,0.0,24.203606,8.772941,1955
2091,r3i1p1f1,1955,09,23,0.0,21.572205,5.6765604,1955
2092,r3i1p1f1,1955,09,24,0.0,20.386505,5.3681803,1955
2093,r3i1p1f1,1955,09,25,0.0,18.24266,2.9207075,1955
2094,r3i1p1f1,1955,09,26,0.0,19.305094,2.787665,1955
2095,r3i1p1f1,1955,09,27,0.0,19.914164,3.3534822,1955
2096,r3i1p1f1,1955,09,28,0.0,20.503578,5.7306495,1955
2097,r3i1p1f1,1955,09,29,0.0,23.281664,6.8572545,1955
2098,r3i1p1f1,1955,09,30,0.0,23.196016,7.2520766,1955
2099,r3i1p1f1,1955,10,01,0.0,26.35202,8.344176,1955
2100,r3i1p1f1,1955,10,02,0.0,28.551527,10.639521,1955
2101,r3i1p1f1,1955,10,03,0.0,28.611565,10.968165,1955
2102,r3i1p1f1,1955,10,04,0.0,27.639917,11.08308,1955
2103,r3i1p1f1,1955,10,05,0.0,25.674137,8.820998,1955
2104,r3i1p1f1,1955,10,06,0.0,26.04494,9.039846,1955
2105,r3i1p1f1,1955,10,07,0.0,24.56881,8.339486,1955
2106,r3i1p1f1,1955,10,08,0.0,26.186962,8.78309,1955
2107,r3i1p1f1,1955,10,09,0.0,25.945683,11.074209,1955
2108,r3i1p1f1,1955,10,10,0.0,27.442478,10.103643,1955
2109,r3i1p1f1,1955,10,11,0.0,28.029114,11.473067,1955
2110,r3i1p1f1,1955,10,12,0.0,26.119677,10.938083,1955
2111,r3i1p1f1,1955,10,13,0.0,25.216568,7.443605,1955
2112,r3i1p1f1,1955,10,14,0.0,23.505383,7.7438307,1955
2113,r3i1p1f1,1955,10,15,15.02230127623893,18.948729,9.283935,1955
2114,r3i1p1f1,1955,10,16,0.0,20.430033,4.1790814,1955
2115,r3i1p1f1,1955,10,17,0.0,20.295717,5.110444,1955
2116,r3i1p1f1,1955,10,18,1.4951830123257088,18.95939,6.1657815,1955
2117,r3i1p1f1,1955,10,19,3.0117991618968327,12.121535,5.0997434,1955
2118,r3i1p1f1,1955,10,20,0.0,15.272933,1.7787281,1955
2119,r3i1p1f1,1955,10,21,0.0,18.572989,4.6876473,1955
2120,r3i1p1f1,1955,10,22,0.0,17.473871,4.9936533,1955
2121,r3i1p1f1,1955,10,23,0.0,14.841153,1.8436232,1955
2122,r3i1p1f1,1955,10,24,0.0,14.012305,0.3317177,1955
2123,r3i1p1f1,1955,10,25,0.0,16.999228,3.3611236,1955
2124,r3i1p1f1,1955,10,26,0.0,20.87119,4.2875223,1955
2125,r3i1p1f1,1955,10,27,0.0,22.841742,7.077764,1955
2126,r3i1p1f1,1955,10,28,0.0,21.919495,7.7058983,1955
2127,r3i1p1f1,1955,10,29,0.0,19.599785,5.503528,1955
2128,r3i1p1f1,1955,10,30,0.0,20.516209,6.4809637,1955
2129,r3i1p1f1,1955,10,31,0.0,18.615236,5.9345775,1955
2130,r3i1p1f1,1955,11,01,0.0,17.354933,4.035274,1955
2131,r3i1p1f1,1955,11,02,0.0,20.625494,4.941258,1955
2132,r3i1p1f1,1955,11,03,0.0,22.431084,5.98666,1955
2133,r3i1p1f1,1955,11,04,0.0,19.84585,5.2901998,1955
2134,r3i1p1f1,1955,11,05,0.0,16.354088,2.9938238,1955
2135,r3i1p1f1,1955,11,06,0.0,19.73328,4.457471,1955
2136,r3i1p1f1,1955,11,07,0.0,17.454142,4.462801,1955
2137,r3i1p1f1,1955,11,08,0.0,14.433961,2.3115757,1955
2138,r3i1p1f1,1955,11,09,0.0,16.716074,4.013861,1955
2139,r3i1p1f1,1955,11,10,0.0,19.62463,3.8462617,1955
2140,r3i1p1f1,1955,11,11,0.0,18.94462,5.911514,1955
2141,r3i1p1f1,1955,11,12,3.5272133327165838,15.968,4.2265005,1955
2142,r3i1p1f1,1955,11,13,36.01479838896347,8.752763,2.9669468,1955
2143,r3i1p1f1,1955,11,14,31.8577403257797,9.818318,3.6962194,1955
2144,r3i1p1f1,1955,11,15,5.631138407204018,14.230948,2.3927853,1955
2145,r3i1p1f1,1955,11,16,0.0,17.254145,2.1867857,1955
2146,r3i1p1f1,1955,11,17,0.0,16.76301,3.8132663,1955
2147,r3i1p1f1,1955,11,18,0.0,15.380203,3.2665493,1955
2148,r3i1p1f1,1955,11,19,0.08719086055000509,15.045438,5.763627,1955
2149,r3i1p1f1,1955,11,20,0.0,13.619234,3.7755458,1955
2150,r3i1p1f1,1955,11,21,2.4437758259744826,12.1091795,2.6276803,1955
2151,r3i1p1f1,1955,11,22,2.05535633521274,11.298793,1.1017327,1955
2152,r3i1p1f1,1955,11,23,0.12096945873437155,7.4687514,-3.5197449,1955
2153,r3i1p1f1,1955,11,24,0.0,6.851894,-5.4364376,1955
2154,r3i1p1f1,1955,11,25,0.0,8.612312,-4.933704,1955
2155,r3i1p1f1,1955,11,26,0.389296038261627,6.7077413,-1.5140841,1955
2156,r3i1p1f1,1955,11,27,0.0986095623566622,5.36677,-2.5349405,1955
2157,r3i1p1f1,1955,11,28,0.0,2.6198719,-9.502555,1955
2158,r3i1p1f1,1955,11,29,0.0,7.0047226,-6.2346883,1955
2159,r3i1p1f1,1955,11,30,0.0,5.305243,-4.2447686,1955
2160,r3i1p1f1,1955,12,01,5.7247561502567565,4.8889813,-2.5173929,1955
2161,r3i1p1f1,1955,12,02,0.0,13.237304,0.27971283,1955
2162,r3i1p1f1,1955,12,03,0.0,15.03816,2.2395215,1955
2163,r3i1p1f1,1955,12,04,0.0,16.062529,4.540975,1955
2164,r3i1p1f1,1955,12,05,0.0,16.353874,5.0257254,1955
2165,r3i1p1f1,1955,12,06,0.0,18.034027,5.6564155,1955
2166,r3i1p1f1,1955,12,07,0.0,20.107107,5.7912884,1955
2167,r3i1p1f1,1955,12,08,0.0,18.893858,4.7290525,1955
2168,r3i1p1f1,1955,12,09,0.0,17.592113,4.750281,1955
2169,r3i1p1f1,1955,12,10,0.0,16.416231,4.640352,1955
2170,r3i1p1f1,1955,12,11,0.8098550822117097,11.28638,1.4608907,1955
2171,r3i1p1f1,1955,12,12,0.0,10.594181,1.2209293,1955
2172,r3i1p1f1,1955,12,13,0.0,11.982693,0.8836085,1955
2173,r3i1p1f1,1955,12,14,0.0,12.608351,-0.083414,1955
2174,r3i1p1f1,1955,12,15,1.1319359019436983,9.949966,-0.581427,1955
2175,r3i1p1f1,1955,12,16,24.32490212499703,4.97827,-2.734261,1955
2176,r3i1p1f1,1955,12,17,0.0,9.476075,-2.781704,1955
2177,r3i1p1f1,1955,12,18,0.0,11.979171,-1.9058151,1955
2178,r3i1p1f1,1955,12,19,0.0,14.599819,-1.1386621,1955
2179,r3i1p1f1,1955,12,20,0.0,17.615896,1.7332695,1955
2180,r3i1p1f1,1955,12,21,0.0,18.926048,3.8294675,1955
2181,r3i1p1f1,1955,12,22,0.0,18.07794,3.3600883,1955
2182,r3i1p1f1,1955,12,23,0.0,16.793406,4.9991736,1955
2183,r3i1p1f1,1955,12,24,0.0,16.450388,2.9021242,1955
2184,r3i1p1f1,1955,12,25,0.0,15.749883,3.2780352,1955
2185,r3i1p1f1,1955,12,26,0.0,14.017658,5.4921207,1955
2186,r3i1p1f1,1955,12,27,0.0,16.140965,2.2146606,1955
2187,r3i1p1f1,1955,12,28,0.0,14.752881,2.7513564,1955
2188,r3i1p1f1,1955,12,29,0.0,18.444096,3.7883182,1955
2189,r3i1p1f1,1955,12,30,0.0,18.83383,4.3793573,1955
2190,r3i1p1f1,1955,12,31,0.0,16.423336,4.1205783,1955
2191,r3i1p1f1,1956,01,01,0.0,15.328316,3.2060745,1956
2192,r3i1p1f1,1956,01,02,0.0,18.627764,4.415007,1956
2193,r3i1p1f1,1956,01,03,0.0,18.935057,5.2991624,1956
2194,r3i1p1f1,1956,01,04,0.0,19.020397,5.1772346,1956
2195,r3i1p1f1,1956,01,05,0.0,18.170916,5.165287,1956
2196,r3i1p1f1,1956,01,06,0.0,17.00286,3.9873874,1956
2197,r3i1p1f1,1956,01,07,0.0,12.339333,0.59678006,1956
2198,r3i1p1f1,1956,01,08,0.0,13.878761,0.99335253,1956
2199,r3i1p1f1,1956,01,09,0.0,15.016478,1.2231787,1956
2200,r3i1p1f1,1956,01,10,0.0,14.612975,2.3389068,1956
2201,r3i1p1f1,1956,01,11,0.0,15.807475,2.1883473,1956
2202,r3i1p1f1,1956,01,12,0.40779946738391454,13.071505,1.3957981,1956
2203,r3i1p1f1,1956,01,13,0.0010363250590958877,9.924862,1.1680169,1956
2204,r3i1p1f1,1956,01,14,0.0,13.815851,-0.9735909,1956
2205,r3i1p1f1,1956,01,15,0.45663832895929535,9.445558,-3.1189044,1956
2206,r3i1p1f1,1956,01,16,2.072310144247144,3.0275254,-8.540182,1956
2207,r3i1p1f1,1956,01,17,0.0,7.3909364,-6.423158,1956
2208,r3i1p1f1,1956,01,18,0.0,12.433356,-1.6430207,1956
2209,r3i1p1f1,1956,01,19,0.0,16.926018,0.16351312,1956
2210,r3i1p1f1,1956,01,20,0.0,16.975756,2.5636642,1956
2211,r3i1p1f1,1956,01,21,0.0,15.7323675,2.6121054,1956
2212,r3i1p1f1,1956,01,22,0.0,14.796434,0.5977414,1956
2213,r3i1p1f1,1956,01,23,0.0,18.002222,2.7474368,1956
2214,r3i1p1f1,1956,01,24,0.0,16.07528,2.5509834,1956
2215,r3i1p1f1,1956,01,25,4.303321210241656,3.6606708,-7.9414682,1956
2216,r3i1p1f1,1956,01,26,0.0,6.654631,-6.341171,1956
2217,r3i1p1f1,1956,01,27,32.851044267514034,0.8827174,-4.667019,1956
2218,r3i1p1f1,1956,01,28,8.36198996525797,-0.56291354,-6.2575135,1956
2219,r3i1p1f1,1956,01,29,0.0,2.5431683,-14.87314,1956
2220,r3i1p1f1,1956,01,30,0.0,6.951229,-9.607714,1956
2221,r3i1p1f1,1956,01,31,0.0,8.528327,-5.881267,1956
2222,r3i1p1f1,1956,02,01,25.285355509013723,2.9405057,-2.7407293,1956
2223,r3i1p1f1,1956,02,02,0.0,2.9685895,-14.712826,1956
2224,r3i1p1f1,1956,02,03,1.0582031828418716,3.8135827,-10.421923,1956
2225,r3i1p1f1,1956,02,04,10.374661643627883,5.0253043,-1.7984234,1956
2226,r3i1p1f1,1956,02,05,42.6192407520782,6.7264647,0.4522109,1956
2227,r3i1p1f1,1956,02,06,30.619661987906223,3.7847812,-1.304977,1956
2228,r3i1p1f1,1956,02,07,0.0,5.7425756,-9.970038,1956
2229,r3i1p1f1,1956,02,08,0.0,3.9091787,-7.4315753,1956
2230,r3i1p1f1,1956,02,09,0.0,7.0120516,-7.3928027,1956
2231,r3i1p1f1,1956,02,10,0.0,10.643885,-6.321915,1956
2232,r3i1p1f1,1956,02,11,0.0,11.672731,-1.5698397,1956
2233,r3i1p1f1,1956,02,12,0.0,12.979234,0.060639735,1956
2234,r3i1p1f1,1956,02,13,2.440791345093442,8.966189,-1.1640297,1956
2235,r3i1p1f1,1956,02,14,2.8491383638347063,5.789743,-7.93628,1956
2236,r3i1p1f1,1956,02,15,1.497278509831583e-05,3.4672225,-10.155518,1956
2237,r3i1p1f1,1956,02,16,45.47418112817564,-0.23242943,-4.4979353,1956
2238,r3i1p1f1,1956,02,17,23.28957297569631,-2.6579785,-8.1674595,1956
2239,r3i1p1f1,1956,02,18,0.0,1.8982086,-15.064729,1956
2240,r3i1p1f1,1956,02,19,0.0,5.421358,-7.343361,1956
2241,r3i1p1f1,1956,02,20,0.0,5.453661,-7.017153,1956
2242,r3i1p1f1,1956,02,21,0.0,4.6852355,-8.057562,1956
2243,r3i1p1f1,1956,02,22,0.0,1.4744647,-12.592414,1956
2244,r3i1p1f1,1956,02,23,0.0,4.9465203,-9.836648,1956
2245,r3i1p1f1,1956,02,24,0.0,4.522842,-5.7631254,1956
2246,r3i1p1f1,1956,02,25,0.0,7.2496123,-6.8701725,1956
2247,r3i1p1f1,1956,02,26,0.0,11.103064,-3.2463944,1956
2248,r3i1p1f1,1956,02,27,0.0,10.67077,-1.3347082,1956
2249,r3i1p1f1,1956,02,28,0.0,9.662762,1.0946645,1956
2250,r3i1p1f1,1956,02,29,0.0,11.31567,-1.7087289,1956
2251,r3i1p1f1,1956,03,01,0.0,10.816869,-2.4055085,1956
2252,r3i1p1f1,1956,03,02,33.15107916653352,6.2162037,-0.46299288,1956
2253,r3i1p1f1,1956,03,03,0.0,5.9915895,-6.7541347,1956
2254,r3i1p1f1,1956,03,04,0.0,8.521524,-4.778128,1956
2255,r3i1p1f1,1956,03,05,0.0,11.000851,-4.4594154,1956
2256,r3i1p1f1,1956,03,06,0.0,10.520243,-3.8992312,1956
2257,r3i1p1f1,1956,03,07,0.0,10.405854,-4.414703,1956
2258,r3i1p1f1,1956,03,08,0.0,13.819418,-0.5836381,1956
2259,r3i1p1f1,1956,03,09,0.0,16.838425,-0.24011801,1956
2260,r3i1p1f1,1956,03,10,0.0,17.131927,0.69022155,1956
2261,r3i1p1f1,1956,03,11,0.0,16.915651,0.67357,1956
2262,r3i1p1f1,1956,03,12,0.0,16.379053,3.3352199,1956
2263,r3i1p1f1,1956,03,13,0.0,17.504082,1.5823913,1956
2264,r3i1p1f1,1956,03,14,0.0,21.276712,5.184262,1956
2265,r3i1p1f1,1956,03,15,0.0,19.819828,7.092296,1956
2266,r3i1p1f1,1956,03,16,3.2610427485595115,11.444419,-3.20747,1956
2267,r3i1p1f1,1956,03,17,17.199372041872458,0.80711347,-8.315513,1956
2268,r3i1p1f1,1956,03,18,36.907309841511676,0.9622494,-4.4465423,1956
2269,r3i1p1f1,1956,03,19,7.874173322850191,2.356346,-4.9117484,1956
2270,r3i1p1f1,1956,03,20,0.0,8.414934,-8.183978,1956
2271,r3i1p1f1,1956,03,21,4.746162766318058,6.1215653,-2.1849105,1956
2272,r3i1p1f1,1956,03,22,96.44457321417958,9.495276,2.1855288,1956
2273,r3i1p1f1,1956,03,23,93.78731322327727,10.0729475,5.543009,1956
2274,r3i1p1f1,1956,03,24,87.55598564779288,8.389519,3.3113146,1956
2275,r3i1p1f1,1956,03,25,55.67821178242172,10.2653475,3.8794036,1956
2276,r3i1p1f1,1956,03,26,43.9103375673049,6.895485,0.3852775,1956
2277,r3i1p1f1,1956,03,27,8.97596965744589,3.2299924,-5.7634625,1956
2278,r3i1p1f1,1956,03,28,0.8306324044880105,5.2894382,-5.9695053,1956
2279,r3i1p1f1,1956,03,29,38.30504612016835,1.865877,-5.1061044,1956
2280,r3i1p1f1,1956,03,30,0.9359236694619636,3.7017944,-10.422884,1956
2281,r3i1p1f1,1956,03,31,0.0,9.373159,-10.513825,1956
2282,r3i1p1f1,1956,04,01,1.066486225413667,7.613861,-7.035964,1956
2283,r3i1p1f1,1956,04,02,4.225157665036693,3.666591,-1.2907311,1956
2284,r3i1p1f1,1956,04,03,3.1115280910805603,10.01517,-0.52923787,1956
2285,r3i1p1f1,1956,04,04,0.0,16.068316,0.46421197,1956
2286,r3i1p1f1,1956,04,05,0.0,18.29,2.0719473,1956
2287,r3i1p1f1,1956,04,06,6.7496593425810145,13.829124,-0.14979972,1956
2288,r3i1p1f1,1956,04,07,4.319745085683136,7.4592896,0.71562713,1956
2289,r3i1p1f1,1956,04,08,0.7656825550121108,7.4867954,-0.90049314,1956
2290,r3i1p1f1,1956,04,09,1.2395539012662706,8.806774,-4.6167135,1956
2291,r3i1p1f1,1956,04,10,0.31351645838616315,8.859673,-1.4274968,1956
2292,r3i1p1f1,1956,04,11,12.24146836765086,5.7507873,-2.6519954,1956
2293,r3i1p1f1,1956,04,12,0.0,11.65225,-3.3647985,1956
2294,r3i1p1f1,1956,04,13,0.0,13.879324,0.9312316,1956
2295,r3i1p1f1,1956,04,14,0.6624673521352968,14.528116,4.483887,1956
2296,r3i1p1f1,1956,04,15,49.66172014706229,10.434691,3.7878044,1956
2297,r3i1p1f1,1956,04,16,33.29433664238375,5.2888813,-0.5361443,1956
2298,r3i1p1f1,1956,04,17,0.3019427826649534,3.4347234,-5.3126397,1956
2299,r3i1p1f1,1956,04,18,2.597643690349191,3.3620176,-6.106272,1956
2300,r3i1p1f1,1956,04,19,0.0,7.1987705,-6.5117664,1956
2301,r3i1p1f1,1956,04,20,0.0,9.721934,-6.8731422,1956
2302,r3i1p1f1,1956,04,21,0.0,14.176328,-2.2814186,1956
2303,r3i1p1f1,1956,04,22,0.0,17.074999,0.7685325,1956
2304,r3i1p1f1,1956,04,23,0.0,16.959194,3.4788358,1956
2305,r3i1p1f1,1956,04,24,0.0,20.806826,2.3949304,1956
2306,r3i1p1f1,1956,04,25,0.03961859939935446,19.920776,6.317921,1956
2307,r3i1p1f1,1956,04,26,2.361523878023849,12.128258,3.393142,1956
2308,r3i1p1f1,1956,04,27,0.0,14.8010025,1.618801,1956
2309,r3i1p1f1,1956,04,28,0.0,16.032139,3.7425659,1956
2310,r3i1p1f1,1956,04,29,0.0,19.96972,2.889575,1956
2311,r3i1p1f1,1956,04,30,0.0,19.036066,5.203434,1956
2312,r3i1p1f1,1956,05,01,3.5900252496695,12.913516,1.0317929,1956
2313,r3i1p1f1,1956,05,02,0.0,18.31915,4.473501,1956
2314,r3i1p1f1,1956,05,03,20.925530314592546,13.150844,3.0525389,1956
2315,r3i1p1f1,1956,05,04,0.0,17.602968,3.413963,1956
2316,r3i1p1f1,1956,05,05,0.0,16.588196,3.5454884,1956
2317,r3i1p1f1,1956,05,06,9.78070780830948,10.961658,0.7196432,1956
2318,r3i1p1f1,1956,05,07,0.0,15.492835,0.32793784,1956
2319,r3i1p1f1,1956,05,08,0.0,15.392582,2.2850358,1956
2320,r3i1p1f1,1956,05,09,0.0011551450466197963,14.916952,1.7428683,1956
2321,r3i1p1f1,1956,05,10,0.0028232346793581535,18.354254,5.7461414,1956
2322,r3i1p1f1,1956,05,11,0.12518724296042869,22.696014,4.6268797,1956
2323,r3i1p1f1,1956,05,12,8.05175609022722,16.10989,2.5980754,1956
2324,r3i1p1f1,1956,05,13,52.09809405680158,6.9995823,1.4769323,1956
2325,r3i1p1f1,1956,05,14,0.0,13.369047,1.0348583,1956
2326,r3i1p1f1,1956,05,15,0.29127574936482187,12.712012,2.3802302,1956
2327,r3i1p1f1,1956,05,16,0.0,15.302981,0.8288584,1956
2328,r3i1p1f1,1956,05,17,8.21939821410189,11.284731,0.52211475,1956
2329,r3i1p1f1,1956,05,18,6.898243299608446,9.584133,-2.2263477,1956
2330,r3i1p1f1,1956,05,19,0.0,21.123402,3.3716223,1956
2331,r3i1p1f1,1956,05,20,0.0,26.685919,9.932988,1956
2332,r3i1p1f1,1956,05,21,0.0,27.649054,11.631507,1956
2333,r3i1p1f1,1956,05,22,0.0,26.343945,12.258767,1956
2334,r3i1p1f1,1956,05,23,0.0,22.349724,7.9986467,1956
2335,r3i1p1f1,1956,05,24,0.0,19.61039,5.1781864,1956
2336,r3i1p1f1,1956,05,25,0.0,22.693035,6.286228,1956
2337,r3i1p1f1,1956,05,26,0.0,22.519934,7.611379,1956
2338,r3i1p1f1,1956,05,27,1.0574386560213163,18.297203,3.7235978,1956
2339,r3i1p1f1,1956,05,28,0.4525051354185531,9.77188,1.3939662,1956
2340,r3i1p1f1,1956,05,29,0.5006158468619871,8.780306,0.7209117,1956
2341,r3i1p1f1,1956,05,30,0.0,16.975033,1.3907851,1956
2342,r3i1p1f1,1956,05,31,1.3412161358485861,15.497375,3.8487523,1956
2343,r3i1p1f1,1956,06,01,0.12184945318088132,20.744797,4.379272,1956
2344,r3i1p1f1,1956,06,02,0.0,20.618805,7.3377666,1956
2345,r3i1p1f1,1956,06,03,0.004845489188722384,22.390968,9.064428,1956
2346,r3i1p1f1,1956,06,04,0.6752064534291429,24.071777,6.8030567,1956
2347,r3i1p1f1,1956,06,05,0.0,24.218895,9.533152,1956
2348,r3i1p1f1,1956,06,06,0.0,21.514418,6.2875032,1956
2349,r3i1p1f1,1956,06,07,3.2812923745184794,12.606866,-1.0110642,1956
2350,r3i1p1f1,1956,06,08,1.4572999483597844,11.5499325,-1.0444306,1956
2351,r3i1p1f1,1956,06,09,0.2561011752971497,15.308011,3.88105,1956
2352,r3i1p1f1,1956,06,10,0.4892080767987002,19.385723,2.4345593,1956
2353,r3i1p1f1,1956,06,11,0.0,20.42722,5.0363917,1956
2354,r3i1p1f1,1956,06,12,8.075356307074943,18.835287,7.6745343,1956
2355,r3i1p1f1,1956,06,13,0.03359497488035183,20.150991,6.10484,1956
2356,r3i1p1f1,1956,06,14,0.0,21.501707,6.766896,1956
2357,r3i1p1f1,1956,06,15,2.311755043506549,21.37132,7.8288374,1956
2358,r3i1p1f1,1956,06,16,1.751471965881616,19.012428,6.5515423,1956
2359,r3i1p1f1,1956,06,17,0.28923389985912334,22.981575,7.8864894,1956
2360,r3i1p1f1,1956,06,18,0.0,26.84573,9.106921,1956
2361,r3i1p1f1,1956,06,19,0.0,26.37749,9.397625,1956
2362,r3i1p1f1,1956,06,20,2.6455007278280775,20.20082,7.1632557,1956
2363,r3i1p1f1,1956,06,21,4.339320571441356,14.370078,7.2793026,1956
2364,r3i1p1f1,1956,06,22,1.6136736977099837,13.524394,3.853187,1956
2365,r3i1p1f1,1956,06,23,0.4463783701220037,17.382984,2.65707,1956
2366,r3i1p1f1,1956,06,24,0.0,20.809462,4.0118465,1956
2367,r3i1p1f1,1956,06,25,0.0,22.679127,6.188438,1956
2368,r3i1p1f1,1956,06,26,0.32103959567489493,23.772268,11.062248,1956
2369,r3i1p1f1,1956,06,27,0.0,24.903597,8.610005,1956
2370,r3i1p1f1,1956,06,28,0.0,25.93016,10.052961,1956
2371,r3i1p1f1,1956,06,29,0.0,25.519657,10.476876,1956
2372,r3i1p1f1,1956,06,30,0.0,25.55483,9.577191,1956
2373,r3i1p1f1,1956,07,01,0.0,26.316296,9.18335,1956
2374,r3i1p1f1,1956,07,02,0.0,25.583036,10.157443,1956
2375,r3i1p1f1,1956,07,03,0.0,24.617577,8.757484,1956
2376,r3i1p1f1,1956,07,04,0.0,24.446215,8.440606,1956
2377,r3i1p1f1,1956,07,05,0.0,24.60081,9.481611,1956
2378,r3i1p1f1,1956,07,06,0.0,24.613049,9.219237,1956
2379,r3i1p1f1,1956,07,07,0.0,27.230242,9.502157,1956
2380,r3i1p1f1,1956,07,08,0.0,29.049183,10.864288,1956
2381,r3i1p1f1,1956,07,09,0.8090765214977804,28.38933,13.10712,1956
2382,r3i1p1f1,1956,07,10,0.0014043566280681837,26.263779,10.352938,1956
2383,r3i1p1f1,1956,07,11,0.0,27.974487,11.304328,1956
2384,r3i1p1f1,1956,07,12,0.0,30.65617,12.31262,1956
2385,r3i1p1f1,1956,07,13,0.0,31.905767,13.911144,1956
2386,r3i1p1f1,1956,07,14,0.0,30.963303,15.759915,1956
2387,r3i1p1f1,1956,07,15,0.0,27.628283,11.945727,1956
2388,r3i1p1f1,1956,07,16,0.0,27.35984,11.356719,1956
2389,r3i1p1f1,1956,07,17,0.0,28.475752,13.198147,1956
2390,r3i1p1f1,1956,07,18,0.0,28.56764,13.56309,1956
2391,r3i1p1f1,1956,07,19,0.0072356779128313065,31.227121,13.669946,1956
2392,r3i1p1f1,1956,07,20,0.0,31.939083,15.3924465,1956
2393,r3i1p1f1,1956,07,21,0.0,30.325346,14.55767,1956
2394,r3i1p1f1,1956,07,22,0.0,30.270851,13.534737,1956
2395,r3i1p1f1,1956,07,23,0.0,32.92491,15.08489,1956
2396,r3i1p1f1,1956,07,24,0.008850142139157182,33.33012,16.227,1956
2397,r3i1p1f1,1956,07,25,0.0,32.21381,16.5188,1956
2398,r3i1p1f1,1956,07,26,0.0,31.611029,15.713404,1956
2399,r3i1p1f1,1956,07,27,0.0,32.43824,14.519815,1956
2400,r3i1p1f1,1956,07,28,0.0,32.296906,15.40591,1956
2401,r3i1p1f1,1956,07,29,0.03513764822855592,30.753218,15.370326,1956
2402,r3i1p1f1,1956,07,30,0.0,32.077106,14.200681,1956
2403,r3i1p1f1,1956,07,31,0.0,33.8714,15.196931,1956
2404,r3i1p1f1,1956,08,01,0.0,33.591854,18.447926,1956
2405,r3i1p1f1,1956,08,02,0.0,31.517942,16.206577,1956
2406,r3i1p1f1,1956,08,03,0.0,32.293488,15.17513,1956
2407,r3i1p1f1,1956,08,04,0.0,32.94509,15.951327,1956
2408,r3i1p1f1,1956,08,05,0.0,32.434967,16.554792,1956
2409,r3i1p1f1,1956,08,06,0.06966426337480937,32.32599,15.28828,1956
2410,r3i1p1f1,1956,08,07,0.0,31.782782,16.642347,1956
2411,r3i1p1f1,1956,08,08,0.0,31.265633,16.06549,1956
2412,r3i1p1f1,1956,08,09,0.0,30.167686,13.83486,1956
2413,r3i1p1f1,1956,08,10,0.0,28.434155,10.91275,1956
2414,r3i1p1f1,1956,08,11,0.0,29.354609,12.435714,1956
2415,r3i1p1f1,1956,08,12,0.0,29.354393,12.713414,1956
2416,r3i1p1f1,1956,08,13,0.0,28.52895,12.793296,1956
2417,r3i1p1f1,1956,08,14,0.0,27.97388,12.180385,1956
2418,r3i1p1f1,1956,08,15,0.0,27.222195,11.333313,1956
2419,r3i1p1f1,1956,08,16,0.0,25.68894,9.887564,1956
2420,r3i1p1f1,1956,08,17,0.0,24.522223,8.833334,1956
2421,r3i1p1f1,1956,08,18,0.0,24.43548,8.776137,1956
2422,r3i1p1f1,1956,08,19,0.0,23.705067,7.796224,1956
2423,r3i1p1f1,1956,08,20,0.0,24.31883,7.178548,1956
2424,r3i1p1f1,1956,08,21,0.0,27.331068,9.041375,1956
2425,r3i1p1f1,1956,08,22,0.0,28.554268,11.581311,1956
2426,r3i1p1f1,1956,08,23,0.0,28.078926,12.876541,1956
2427,r3i1p1f1,1956,08,24,0.0,27.74346,12.454189,1956
2428,r3i1p1f1,1956,08,25,0.0,27.258417,11.584296,1956
2429,r3i1p1f1,1956,08,26,0.0,26.739637,10.986289,1956
2430,r3i1p1f1,1956,08,27,0.0,25.375238,10.833564,1956
2431,r3i1p1f1,1956,08,28,0.002193800480055966,27.11327,11.7008295,1956
2432,r3i1p1f1,1956,08,29,0.0,27.599058,11.862071,1956
2433,r3i1p1f1,1956,08,30,0.0,27.035175,10.946119,1956
2434,r3i1p1f1,1956,08,31,0.0,26.641033,11.275344,1956
2435,r3i1p1f1,1956,09,01,0.0,27.959635,11.084599,1956
2436,r3i1p1f1,1956,09,02,0.0,28.197376,11.816111,1956
2437,r3i1p1f1,1956,09,03,0.0,28.777742,13.915521,1956
2438,r3i1p1f1,1956,09,04,0.0,26.76125,12.6910925,1956
2439,r3i1p1f1,1956,09,05,0.0,29.837519,11.334481,1956
2440,r3i1p1f1,1956,09,06,0.0,29.28374,12.935789,1956
2441,r3i1p1f1,1956,09,07,0.0,28.704874,11.260868,1956
2442,r3i1p1f1,1956,09,08,0.0,26.218296,9.78885,1956
2443,r3i1p1f1,1956,09,09,0.0,25.128744,9.985408,1956
2444,r3i1p1f1,1956,09,10,0.325899619431431,24.749756,11.371467,1956
2445,r3i1p1f1,1956,09,11,0.0,25.515343,10.971856,1956
2446,r3i1p1f1,1956,09,12,0.0,25.217308,10.166681,1956
2447,r3i1p1f1,1956,09,13,0.0,24.054598,8.688426,1956
2448,r3i1p1f1,1956,09,14,0.0,22.373991,7.9498696,1956
2449,r3i1p1f1,1956,09,15,0.0,23.872448,8.396026,1956
2450,r3i1p1f1,1956,09,16,0.0,23.857183,7.189188,1956
2451,r3i1p1f1,1956,09,17,0.024056180738721435,23.676247,7.424053,1956
2452,r3i1p1f1,1956,09,18,3.516358364753327,12.969932,1.74753,1956
2453,r3i1p1f1,1956,09,19,10.085029727442338,10.612291,1.7180842,1956
2454,r3i1p1f1,1956,09,20,2.799951087610297,13.108508,1.2009494,1956
2455,r3i1p1f1,1956,09,21,0.0,20.725561,3.030385,1956
2456,r3i1p1f1,1956,09,22,0.0,23.789238,6.7571015,1956
2457,r3i1p1f1,1956,09,23,0.0,25.96317,8.129272,1956
2458,r3i1p1f1,1956,09,24,0.0,25.24765,8.388996,1956
2459,r3i1p1f1,1956,09,25,0.0,23.263615,8.102734,1956
2460,r3i1p1f1,1956,09,26,0.0,18.217398,2.837341,1956
2461,r3i1p1f1,1956,09,27,0.0,21.168703,4.4872975,1956
2462,r3i1p1f1,1956,09,28,0.0,23.703402,7.1671605,1956
2463,r3i1p1f1,1956,09,29,0.0,24.878218,8.339208,1956
2464,r3i1p1f1,1956,09,30,0.0,23.3174,7.8420877,1956
2465,r3i1p1f1,1956,10,01,0.0,21.33942,7.0943537,1956
2466,r3i1p1f1,1956,10,02,0.0,20.783577,4.6810727,1956
2467,r3i1p1f1,1956,10,03,0.0,20.145885,5.5561337,1956
2468,r3i1p1f1,1956,10,04,0.03132583990104889,18.48069,3.5313942,1956
2469,r3i1p1f1,1956,10,05,0.0,15.395153,-0.81774336,1956
2470,r3i1p1f1,1956,10,06,0.0,19.307384,2.0026984,1956
2471,r3i1p1f1,1956,10,07,0.0,19.045708,5.4587636,1956
2472,r3i1p1f1,1956,10,08,0.0,19.042871,4.3323913,1956
2473,r3i1p1f1,1956,10,09,0.0,18.631819,4.888846,1956
2474,r3i1p1f1,1956,10,10,0.0,22.312237,6.253792,1956
2475,r3i1p1f1,1956,10,11,0.0,23.05153,7.648656,1956
2476,r3i1p1f1,1956,10,12,0.0,21.943933,7.776117,1956
2477,r3i1p1f1,1956,10,13,0.0,19.601995,2.8933153,1956
2478,r3i1p1f1,1956,10,14,0.0,22.483011,6.183097,1956
2479,r3i1p1f1,1956,10,15,0.0,26.532242,8.948847,1956
2480,r3i1p1f1,1956,10,16,0.0,27.076248,9.496533,1956
2481,r3i1p1f1,1956,10,17,0.0,27.183287,9.753369,1956
2482,r3i1p1f1,1956,10,18,0.0,26.131632,11.936809,1956
2483,r3i1p1f1,1956,10,19,10.271572355122771,28.195387,13.038571,1956
2484,r3i1p1f1,1956,10,20,0.0,17.584837,4.1896973,1956
2485,r3i1p1f1,1956,10,21,1.7003938957043971,15.761818,4.7541842,1956
2486,r3i1p1f1,1956,10,22,1.2415244361986162,18.051739,6.780617,1956
2487,r3i1p1f1,1956,10,23,0.0,24.248444,6.350015,1956
2488,r3i1p1f1,1956,10,24,0.0,25.133577,8.721737,1956
2489,r3i1p1f1,1956,10,25,0.0,25.838879,7.7029877,1956
2490,r3i1p1f1,1956,10,26,0.0,25.259468,8.522513,1956
2491,r3i1p1f1,1956,10,27,0.0,23.131517,8.7084255,1956
2492,r3i1p1f1,1956,10,28,0.0,17.27795,6.404946,1956
2493,r3i1p1f1,1956,10,29,2.661613082110355,11.034212,2.1301987,1956
2494,r3i1p1f1,1956,10,30,7.789671395163934,15.935591,6.62995,1956
2495,r3i1p1f1,1956,10,31,0.021945217189281004,18.033747,8.492471,1956
2496,r3i1p1f1,1956,11,01,0.0,16.213406,3.7679503,1956
2497,r3i1p1f1,1956,11,02,1.748201256238022,13.513033,5.838244,1956
2498,r3i1p1f1,1956,11,03,0.5156704021110751,9.90056,0.54551935,1956
2499,r3i1p1f1,1956,11,04,0.0,14.736634,-1.6648924,1956
2500,r3i1p1f1,1956,11,05,0.351382417054418,14.347428,3.0756285,1956
2501,r3i1p1f1,1956,11,06,20.45299587342398,11.7868805,2.0777895,1956
2502,r3i1p1f1,1956,11,07,0.0,12.664173,-1.9912759,1956
2503,r3i1p1f1,1956,11,08,0.0,11.186011,0.09990164,1956
2504,r3i1p1f1,1956,11,09,5.490389373957633,7.108963,-0.3281379,1956
2505,r3i1p1f1,1956,11,10,3.4496578819495256,7.6143365,-3.5077498,1956
2506,r3i1p1f1,1956,11,11,0.0,6.842389,-5.058096,1956
2507,r3i1p1f1,1956,11,12,3.649253775878797,4.281543,-1.9408264,1956
2508,r3i1p1f1,1956,11,13,10.486842132645267,2.957571,-6.2792397,1956
2509,r3i1p1f1,1956,11,14,0.0,4.2485657,-8.989404,1956
2510,r3i1p1f1,1956,11,15,0.0,4.8488507,-13.428572,1956
2511,r3i1p1f1,1956,11,16,0.0,7.044727,-6.314929,1956
2512,r3i1p1f1,1956,11,17,0.016211413190160926,8.668,-4.4085073,1956
2513,r3i1p1f1,1956,11,18,11.130273080810806,5.953238,-2.444635,1956
2514,r3i1p1f1,1956,11,19,0.0,8.132066,-6.040715,1956
2515,r3i1p1f1,1956,11,20,0.0,10.8397255,-3.3923426,1956
2516,r3i1p1f1,1956,11,21,0.0,9.628035,-1.5041583,1956
2517,r3i1p1f1,1956,11,22,17.63036775672318,8.017924,1.7073334,1956
2518,r3i1p1f1,1956,11,23,16.73698841738147,8.9977,2.4479516,1956
2519,r3i1p1f1,1956,11,24,64.39155249023123,11.512395,5.070812,1956
2520,r3i1p1f1,1956,11,25,14.019302115162933,6.6959243,0.5779448,1956
2521,r3i1p1f1,1956,11,26,1.2534774674445783,6.4884553,-0.88066226,1956
2522,r3i1p1f1,1956,11,27,16.562907870760874,5.460395,-2.2167554,1956
2523,r3i1p1f1,1956,11,28,0.0,5.3467584,-13.619194,1956
2524,r3i1p1f1,1956,11,29,0.0,7.6249156,-4.9034634,1956
2525,r3i1p1f1,1956,11,30,0.0,11.60748,1.2738775,1956
2526,r3i1p1f1,1956,12,01,0.0,11.565686,3.0730524,1956
2527,r3i1p1f1,1956,12,02,0.0,14.270784,2.9503999,1956
2528,r3i1p1f1,1956,12,03,0.0,16.773577,3.9559877,1956
2529,r3i1p1f1,1956,12,04,0.0,18.518574,5.507586,1956
2530,r3i1p1f1,1956,12,05,0.0,17.278477,5.2428403,1956
2531,r3i1p1f1,1956,12,06,0.0,15.213255,2.9579842,1956
2532,r3i1p1f1,1956,12,07,0.0,15.068585,1.540621,1956
2533,r3i1p1f1,1956,12,08,0.0,16.14301,1.3035939,1956
2534,r3i1p1f1,1956,12,09,0.0,17.864378,4.0272694,1956
2535,r3i1p1f1,1956,12,10,0.0,18.808212,6.017563,1956
2536,r3i1p1f1,1956,12,11,0.0,18.68092,7.313809,1956
2537,r3i1p1f1,1956,12,12,0.0,18.425259,3.2056108,1956
2538,r3i1p1f1,1956,12,13,0.0,17.473635,3.831351,1956
2539,r3i1p1f1,1956,12,14,0.0,15.896265,3.5566387,1956
2540,r3i1p1f1,1956,12,15,0.0,13.762242,3.4758472,1956
2541,r3i1p1f1,1956,12,16,0.0,16.441067,3.2418532,1956
2542,r3i1p1f1,1956,12,17,0.0,14.313559,1.7698337,1956
2543,r3i1p1f1,1956,12,18,10.276008765274463,8.936908,3.0143855,1956
2544,r3i1p1f1,1956,12,19,0.0,10.225379,-2.4565225,1956
2545,r3i1p1f1,1956,12,20,0.0,12.568913,-0.5121491,1956
2546,r3i1p1f1,1956,12,21,0.0,14.140835,0.23530546,1956
2547,r3i1p1f1,1956,12,22,0.0,11.052005,0.6362569,1956
2548,r3i1p1f1,1956,12,23,6.554734959086329,7.7381587,-0.8005481,1956
2549,r3i1p1f1,1956,12,24,48.12778431775146,8.93784,3.0367534,1956
2550,r3i1p1f1,1956,12,25,40.37376894419523,7.44557,2.323296,1956
2551,r3i1p1f1,1956,12,26,95.91292089439537,6.7852364,-0.28402185,1956
2552,r3i1p1f1,1956,12,27,22.16605899371452,0.67592764,-5.193664,1956
2553,r3i1p1f1,1956,12,28,11.769065581795171,-0.1568158,-9.541224,1956
2554,r3i1p1f1,1956,12,29,39.89374229047252,2.4490683,-2.7889717,1956
2555,r3i1p1f1,1956,12,30,46.655143297424445,5.529818,0.53052604,1956
2556,r3i1p1f1,1956,12,31,12.809836378514056,5.1875634,-2.5812483,1956
2557,r3i1p1f1,1957,01,01,11.825383278100114,3.8224158,-8.171368,1957
2558,r3i1p1f1,1957,01,02,95.08546501594155,6.0891395,0.1710913,1957
2559,r3i1p1f1,1957,01,03,143.70960532442518,7.2452583,1.8316604,1957
2560,r3i1p1f1,1957,01,04,10.332178554304654,4.481877,-1.4890679,1957
2561,r3i1p1f1,1957,01,05,0.0,8.274319,-3.016935,1957
2562,r3i1p1f1,1957,01,06,4.625704064720163,1.9036775,-5.769257,1957
2563,r3i1p1f1,1957,01,07,0.0,4.9830008,-10.850861,1957
2564,r3i1p1f1,1957,01,08,0.13469139391274534,2.587084,-9.465405,1957
2565,r3i1p1f1,1957,01,09,0.0,2.667378,-10.892443,1957
2566,r3i1p1f1,1957,01,10,0.8546693456561403,-2.1105883,-16.029217,1957
2567,r3i1p1f1,1957,01,11,0.2970036480818587,0.29329956,-13.907797,1957
2568,r3i1p1f1,1957,01,12,0.0,-1.1985534,-13.318383,1957
2569,r3i1p1f1,1957,01,13,0.0,-0.34453785,-13.986896,1957
2570,r3i1p1f1,1957,01,14,0.0,0.59865427,-14.35566,1957
2571,r3i1p1f1,1957,01,15,0.0,0.434974,-12.5209055,1957
2572,r3i1p1f1,1957,01,16,0.0,3.538737,-9.266133,1957
2573,r3i1p1f1,1957,01,17,0.0,2.9572148,-9.531686,1957
2574,r3i1p1f1,1957,01,18,0.0,2.8541667,-10.095257,1957
2575,r3i1p1f1,1957,01,19,0.0,3.4646187,-7.383064,1957
2576,r3i1p1f1,1957,01,20,0.0,3.6150892,-10.033075,1957
2577,r3i1p1f1,1957,01,21,0.0,3.4472008,-9.560541,1957
2578,r3i1p1f1,1957,01,22,0.0,5.1497846,-6.92208,1957
2579,r3i1p1f1,1957,01,23,0.0,5.772497,-6.2491,1957
2580,r3i1p1f1,1957,01,24,0.0,6.611049,-1.9994845,1957
2581,r3i1p1f1,1957,01,25,0.0,7.8090506,-5.45326,1957
2582,r3i1p1f1,1957,01,26,0.0,7.029652,-4.630866,1957
2583,r3i1p1f1,1957,01,27,0.0,8.989277,-3.3183076,1957
2584,r3i1p1f1,1957,01,28,0.0,11.909985,-4.4565773,1957
2585,r3i1p1f1,1957,01,29,0.0,12.531086,-2.3926804,1957
2586,r3i1p1f1,1957,01,30,0.0,13.311633,-0.96225053,1957
2587,r3i1p1f1,1957,01,31,0.0,17.323906,3.1021576,1957
2588,r3i1p1f1,1957,02,01,0.0,17.69311,3.7589462,1957
2589,r3i1p1f1,1957,02,02,0.0,16.676786,1.3859404,1957
2590,r3i1p1f1,1957,02,03,0.0,13.419599,-1.4269139,1957
2591,r3i1p1f1,1957,02,04,0.0,4.543442,-5.438981,1957
2592,r3i1p1f1,1957,02,05,0.0,2.6542208,-11.503693,1957
2593,r3i1p1f1,1957,02,06,0.0,10.361652,-5.542807,1957
2594,r3i1p1f1,1957,02,07,0.0,10.128465,-1.9558201,1957
2595,r3i1p1f1,1957,02,08,0.0,7.2844315,-1.5795232,1957
2596,r3i1p1f1,1957,02,09,0.0,8.593073,-3.856095,1957
2597,r3i1p1f1,1957,02,10,0.0,11.245732,-3.3149717,1957
2598,r3i1p1f1,1957,02,11,0.0,12.012006,-2.6533988,1957
2599,r3i1p1f1,1957,02,12,0.0,13.1809025,-0.79011625,1957
2600,r3i1p1f1,1957,02,13,0.0,13.027772,0.47219557,1957
2601,r3i1p1f1,1957,02,14,0.0,11.872012,0.5865286,1957
2602,r3i1p1f1,1957,02,15,0.0,12.302131,-2.4530668,1957
2603,r3i1p1f1,1957,02,16,0.0,11.900577,-3.301621,1957
2604,r3i1p1f1,1957,02,17,0.0,13.061404,-2.9208205,1957
2605,r3i1p1f1,1957,02,18,9.370122132072298,9.578515,-1.877197,1957
2606,r3i1p1f1,1957,02,19,0.0,1.6734576,-7.0216985,1957
2607,r3i1p1f1,1957,02,20,0.30733328818123,3.6841776,-7.179524,1957
2608,r3i1p1f1,1957,02,21,0.056948183766125066,7.1607394,-4.868205,1957
2609,r3i1p1f1,1957,02,22,0.0,9.371789,-4.4908423,1957
2610,r3i1p1f1,1957,02,23,0.0,12.263696,-1.653374,1957
2611,r3i1p1f1,1957,02,24,0.0,15.754101,0.44689703,1957
2612,r3i1p1f1,1957,02,25,0.0,16.861599,2.2723625,1957
2613,r3i1p1f1,1957,02,26,0.0,19.308947,2.888704,1957
2614,r3i1p1f1,1957,02,27,0.0,21.209887,4.717344,1957
2615,r3i1p1f1,1957,02,28,0.0,18.82541,4.268976,1957
2616,r3i1p1f1,1957,03,01,0.0,20.534586,3.643289,1957
2617,r3i1p1f1,1957,03,02,0.0,20.080984,5.981394,1957
2618,r3i1p1f1,1957,03,03,0.0,18.172407,2.929924,1957
2619,r3i1p1f1,1957,03,04,0.0,17.561014,1.5187035,1957
2620,r3i1p1f1,1957,03,05,0.0,14.036683,-1.4427013,1957
2621,r3i1p1f1,1957,03,06,0.0,11.482477,-2.358979,1957
2622,r3i1p1f1,1957,03,07,0.0,6.4876184,-5.7423177,1957
2623,r3i1p1f1,1957,03,08,0.0,5.7484117,-6.178018,1957
2624,r3i1p1f1,1957,03,09,0.0,7.4671264,-6.5345416,1957
2625,r3i1p1f1,1957,03,10,0.0,10.454305,-4.781236,1957
2626,r3i1p1f1,1957,03,11,0.0,11.495606,-2.0912073,1957
2627,r3i1p1f1,1957,03,12,0.0,11.809066,-1.7201439,1957
2628,r3i1p1f1,1957,03,13,0.0,13.314265,-0.5124074,1957
2629,r3i1p1f1,1957,03,14,0.0,16.810253,1.1512493,1957
2630,r3i1p1f1,1957,03,15,0.0,16.632298,1.8855716,1957
2631,r3i1p1f1,1957,03,16,0.0,19.259031,3.113684,1957
2632,r3i1p1f1,1957,03,17,0.0,21.12216,5.32869,1957
2633,r3i1p1f1,1957,03,18,0.0,21.174671,5.847923,1957
2634,r3i1p1f1,1957,03,19,0.014504615683108568,15.324335,-1.9164649,1957
2635,r3i1p1f1,1957,03,20,0.0,8.536679,-6.199105,1957
2636,r3i1p1f1,1957,03,21,1.177994452423024,6.807711,-5.4412827,1957
2637,r3i1p1f1,1957,03,22,0.0,8.494786,-4.717662,1957
2638,r3i1p1f1,1957,03,23,0.0,13.263003,-2.0973372,1957
2639,r3i1p1f1,1957,03,24,0.0,16.90362,2.2186697,1957
2640,r3i1p1f1,1957,03,25,1.3421397308488132,13.709788,0.44218275,1957
2641,r3i1p1f1,1957,03,26,0.0,16.608173,0.59718275,1957
2642,r3i1p1f1,1957,03,27,0.0,15.66004,1.4224331,1957
2643,r3i1p1f1,1957,03,28,21.62494601093625,12.493652,2.3187294,1957
2644,r3i1p1f1,1957,03,29,0.0,13.552529,0.52463806,1957
2645,r3i1p1f1,1957,03,30,0.6046972739951391,14.778505,1.5798837,1957
2646,r3i1p1f1,1957,03,31,0.0,16.05326,1.6576391,1957
2647,r3i1p1f1,1957,04,01,42.72283433299316,12.398957,1.6150935,1957
2648,r3i1p1f1,1957,04,02,0.0,10.917796,-0.7719428,1957
2649,r3i1p1f1,1957,04,03,20.922545924488652,6.196407,-3.634452,1957
2650,r3i1p1f1,1957,04,04,0.0,9.20356,-7.8621,1957
2651,r3i1p1f1,1957,04,05,0.0,14.590068,-1.7991465,1957
2652,r3i1p1f1,1957,04,06,2.6826713007961334,11.551095,0.64106905,1957
2653,r3i1p1f1,1957,04,07,0.0,11.9307165,-2.8167288,1957
2654,r3i1p1f1,1957,04,08,0.0,14.696397,0.2334105,1957
2655,r3i1p1f1,1957,04,09,1.0511736796903086,13.187967,-1.5469159,1957
2656,r3i1p1f1,1957,04,10,8.601415121168094,3.5908418,-8.5687895,1957
2657,r3i1p1f1,1957,04,11,5.152185731659349,2.0328317,-6.6179395,1957
2658,r3i1p1f1,1957,04,12,0.0,6.5768456,-5.2119484,1957
2659,r3i1p1f1,1957,04,13,0.982813959375275,7.959525,-3.2876396,1957
2660,r3i1p1f1,1957,04,14,0.0,11.357674,-1.7588052,1957
2661,r3i1p1f1,1957,04,15,0.0,18.454838,1.66635,1957
2662,r3i1p1f1,1957,04,16,0.0,24.470125,4.9181695,1957
2663,r3i1p1f1,1957,04,17,0.0,26.98816,8.354142,1957
2664,r3i1p1f1,1957,04,18,0.0,25.26774,9.163339,1957
2665,r3i1p1f1,1957,04,19,0.0,23.492218,7.04931,1957
2666,r3i1p1f1,1957,04,20,0.0,22.820482,6.7310123,1957
2667,r3i1p1f1,1957,04,21,0.0,22.03804,5.1536655,1957
2668,r3i1p1f1,1957,04,22,0.0,21.551754,5.190722,1957
2669,r3i1p1f1,1957,04,23,0.0,20.3822,7.0072746,1957
2670,r3i1p1f1,1957,04,24,0.0,19.75177,5.928151,1957
2671,r3i1p1f1,1957,04,25,0.0,15.687436,4.3640976,1957
2672,r3i1p1f1,1957,04,26,7.167868262714412,12.129011,-1.2337837,1957
2673,r3i1p1f1,1957,04,27,0.6832694946129586,12.093557,-0.71428186,1957
2674,r3i1p1f1,1957,04,28,0.6068927682702595,13.845189,0.062028494,1957
2675,r3i1p1f1,1957,04,29,25.292682873183175,8.772288,1.3532894,1957
2676,r3i1p1f1,1957,04,30,8.887060728202892,4.678162,-6.037949,1957
2677,r3i1p1f1,1957,05,01,1.1536718136516069,14.705242,-2.2084432,1957
2678,r3i1p1f1,1957,05,02,0.0,16.15183,0.22558916,1957
2679,r3i1p1f1,1957,05,03,0.0,20.970625,4.1465197,1957
2680,r3i1p1f1,1957,05,04,0.0,21.503134,5.1317234,1957
2681,r3i1p1f1,1957,05,05,0.0,20.548412,6.512867,1957
2682,r3i1p1f1,1957,05,06,0.0,19.425283,5.3921595,1957
2683,r3i1p1f1,1957,05,07,0.0,25.094044,7.19628,1957
2684,r3i1p1f1,1957,05,08,0.0,27.209248,9.315124,1957
2685,r3i1p1f1,1957,05,09,0.0,26.214996,11.21657,1957
2686,r3i1p1f1,1957,05,10,0.0,23.433031,7.2277913,1957
2687,r3i1p1f1,1957,05,11,2.4066514297661152,13.89758,3.7065027,1957
2688,r3i1p1f1,1957,05,12,0.007208468588559251,14.513265,2.5377462,1957
2689,r3i1p1f1,1957,05,13,0.0009662976337590647,15.256693,2.276665,1957
2690,r3i1p1f1,1957,05,14,0.0,16.778122,3.9550922,1957
2691,r3i1p1f1,1957,05,15,19.735294782041915,13.265955,1.2324395,1957
2692,r3i1p1f1,1957,05,16,0.0,15.7793045,1.388613,1957
2693,r3i1p1f1,1957,05,17,0.0,16.63916,1.908884,1957
2694,r3i1p1f1,1957,05,18,0.0,16.938507,1.7779154,1957
2695,r3i1p1f1,1957,05,19,0.021648380942152518,16.035683,2.3884351,1957
2696,r3i1p1f1,1957,05,20,0.0,18.640886,2.1478436,1957
2697,r3i1p1f1,1957,05,21,0.4155938142120201,17.798897,2.9831238,1957
2698,r3i1p1f1,1957,05,22,0.0,19.637714,4.6702867,1957
2699,r3i1p1f1,1957,05,23,0.0,22.0483,6.207087,1957
2700,r3i1p1f1,1957,05,24,0.0,23.600523,7.4131546,1957
2701,r3i1p1f1,1957,05,25,0.0,23.10961,8.73233,1957
2702,r3i1p1f1,1957,05,26,0.0,22.011566,6.8811736,1957
2703,r3i1p1f1,1957,05,27,0.0,19.365664,5.7764964,1957
2704,r3i1p1f1,1957,05,28,0.0,20.121693,6.3175273,1957
2705,r3i1p1f1,1957,05,29,0.0,24.677015,5.6981173,1957
2706,r3i1p1f1,1957,05,30,0.0,25.113894,7.76511,1957
2707,r3i1p1f1,1957,05,31,0.0,25.570969,8.951586,1957
2708,r3i1p1f1,1957,06,01,0.0,27.057821,8.593387,1957
2709,r3i1p1f1,1957,06,02,0.0,26.825825,8.453731,1957
2710,r3i1p1f1,1957,06,03,0.0,29.165775,9.764449,1957
2711,r3i1p1f1,1957,06,04,0.0,28.568892,11.342024,1957
2712,r3i1p1f1,1957,06,05,0.0,29.729658,11.186244,1957
2713,r3i1p1f1,1957,06,06,0.0,31.226254,12.59947,1957
2714,r3i1p1f1,1957,06,07,0.0,28.41936,13.061561,1957
2715,r3i1p1f1,1957,06,08,0.0,26.473719,9.140638,1957
2716,r3i1p1f1,1957,06,09,0.0,21.866451,7.322195,1957
2717,r3i1p1f1,1957,06,10,0.0,21.555643,5.8770785,1957
2718,r3i1p1f1,1957,06,11,0.0,21.623781,6.576315,1957
2719,r3i1p1f1,1957,06,12,0.0,24.674255,8.304853,1957
2720,r3i1p1f1,1957,06,13,0.0,24.255623,9.227199,1957
2721,r3i1p1f1,1957,06,14,0.0,29.170742,10.489199,1957
2722,r3i1p1f1,1957,06,15,0.0,32.50532,14.463071,1957
2723,r3i1p1f1,1957,06,16,0.0,31.809519,15.012189,1957
2724,r3i1p1f1,1957,06,17,0.0,28.197517,13.176352,1957
2725,r3i1p1f1,1957,06,18,0.0,22.01709,10.896625,1957
2726,r3i1p1f1,1957,06,19,0.024696454209716695,23.805153,7.4006476,1957
2727,r3i1p1f1,1957,06,20,0.0,31.728151,11.729026,1957
2728,r3i1p1f1,1957,06,21,0.0,33.97312,15.302811,1957
2729,r3i1p1f1,1957,06,22,0.0,33.60746,15.867438,1957
2730,r3i1p1f1,1957,06,23,0.0,33.261787,15.674296,1957
2731,r3i1p1f1,1957,06,24,0.0,31.389114,13.991884,1957
2732,r3i1p1f1,1957,06,25,0.0,32.771076,15.077377,1957
2733,r3i1p1f1,1957,06,26,0.0,32.429695,16.439312,1957
2734,r3i1p1f1,1957,06,27,0.0,29.025461,11.711085,1957
2735,r3i1p1f1,1957,06,28,0.0,27.96439,10.991424,1957
2736,r3i1p1f1,1957,06,29,0.0,29.200699,12.389235,1957
2737,r3i1p1f1,1957,06,30,0.0,29.85984,14.156681,1957
2738,r3i1p1f1,1957,07,01,0.0,29.620287,14.11524,1957
2739,r3i1p1f1,1957,07,02,0.0,26.785645,11.499558,1957
2740,r3i1p1f1,1957,07,03,0.0,30.239454,11.686572,1957
2741,r3i1p1f1,1957,07,04,0.0,32.37836,13.603231,1957
2742,r3i1p1f1,1957,07,05,0.0,32.43788,15.330695,1957
2743,r3i1p1f1,1957,07,06,0.0,29.593756,13.481187,1957
2744,r3i1p1f1,1957,07,07,0.0,25.014257,8.378875,1957
2745,r3i1p1f1,1957,07,08,0.0,24.989626,8.400019,1957
2746,r3i1p1f1,1957,07,09,0.0,25.409964,10.41209,1957
2747,r3i1p1f1,1957,07,10,0.0,26.207012,10.14883,1957
2748,r3i1p1f1,1957,07,11,0.0,25.698267,10.069344,1957
2749,r3i1p1f1,1957,07,12,0.0,27.64968,11.369859,1957
2750,r3i1p1f1,1957,07,13,0.0,31.292856,12.815205,1957
2751,r3i1p1f1,1957,07,14,0.0,31.139734,14.575828,1957
2752,r3i1p1f1,1957,07,15,0.0,30.975613,14.553366,1957
2753,r3i1p1f1,1957,07,16,0.0,31.761436,13.826793,1957
2754,r3i1p1f1,1957,07,17,0.0,33.092773,14.8010235,1957
2755,r3i1p1f1,1957,07,18,0.0,32.683525,15.1653385,1957
2756,r3i1p1f1,1957,07,19,0.0,32.210377,15.620555,1957
2757,r3i1p1f1,1957,07,20,0.0,32.171883,14.665515,1957
2758,r3i1p1f1,1957,07,21,0.0,33.339676,15.070888,1957
2759,r3i1p1f1,1957,07,22,0.0,33.118717,15.993261,1957
2760,r3i1p1f1,1957,07,23,0.053229743896640445,29.842894,15.373563,1957
2761,r3i1p1f1,1957,07,24,0.03580596714623665,30.688143,15.963197,1957
2762,r3i1p1f1,1957,07,25,0.21629873640210318,31.35016,14.239161,1957
2763,r3i1p1f1,1957,07,26,0.0,32.777687,14.798054,1957
2764,r3i1p1f1,1957,07,27,0.0,33.2299,18.168085,1957
2765,r3i1p1f1,1957,07,28,0.0,34.648083,17.45537,1957
2766,r3i1p1f1,1957,07,29,0.0,34.220966,18.079435,1957
2767,r3i1p1f1,1957,07,30,0.0,34.20534,17.112295,1957
2768,r3i1p1f1,1957,07,31,0.0,33.66529,17.59616,1957
2769,r3i1p1f1,1957,08,01,0.0,30.391327,12.675695,1957
2770,r3i1p1f1,1957,08,02,0.0,27.913435,10.824463,1957
2771,r3i1p1f1,1957,08,03,0.0,29.351814,11.240421,1957
2772,r3i1p1f1,1957,08,04,0.0,30.48851,12.736521,1957
2773,r3i1p1f1,1957,08,05,0.0,29.83945,13.234417,1957
2774,r3i1p1f1,1957,08,06,0.0,29.135666,13.189356,1957
2775,r3i1p1f1,1957,08,07,0.0,30.565865,12.765642,1957
2776,r3i1p1f1,1957,08,08,0.0,31.445295,14.446482,1957
2777,r3i1p1f1,1957,08,09,0.0,29.978828,13.48838,1957
2778,r3i1p1f1,1957,08,10,0.0,30.512041,12.105297,1957
2779,r3i1p1f1,1957,08,11,0.0,29.427713,14.984587,1957
2780,r3i1p1f1,1957,08,12,0.6079503537253722,29.492233,13.477059,1957
2781,r3i1p1f1,1957,08,13,0.17149671746569525,29.116938,14.222436,1957
2782,r3i1p1f1,1957,08,14,0.3046965992421304,27.692232,13.46187,1957
2783,r3i1p1f1,1957,08,15,0.027136011483794152,29.769201,12.662836,1957
2784,r3i1p1f1,1957,08,16,0.0,29.351624,13.620996,1957
2785,r3i1p1f1,1957,08,17,0.0,28.022627,12.399008,1957
2786,r3i1p1f1,1957,08,18,0.0,28.081795,10.818761,1957
2787,r3i1p1f1,1957,08,19,0.0,29.071342,10.890937,1957
2788,r3i1p1f1,1957,08,20,0.0,29.254671,11.530897,1957
2789,r3i1p1f1,1957,08,21,0.0,29.84354,11.694396,1957
2790,r3i1p1f1,1957,08,22,0.0,29.51806,13.079792,1957
2791,r3i1p1f1,1957,08,23,0.0,29.105053,12.414294,1957
2792,r3i1p1f1,1957,08,24,0.0,28.494808,11.518517,1957
2793,r3i1p1f1,1957,08,25,0.0,29.279089,11.001586,1957
2794,r3i1p1f1,1957,08,26,0.0,31.177048,12.297503,1957
2795,r3i1p1f1,1957,08,27,0.0,32.11344,13.4621525,1957
2796,r3i1p1f1,1957,08,28,0.0,31.407854,15.087103,1957
2797,r3i1p1f1,1957,08,29,0.0,29.77561,14.881334,1957
2798,r3i1p1f1,1957,08,30,0.0,28.63018,11.658173,1957
2799,r3i1p1f1,1957,08,31,0.0,26.796967,10.597398,1957
2800,r3i1p1f1,1957,09,01,0.0,23.181648,8.103324,1957
2801,r3i1p1f1,1957,09,02,0.0,22.78749,8.558523,1957
2802,r3i1p1f1,1957,09,03,0.0,24.72224,8.814627,1957
2803,r3i1p1f1,1957,09,04,0.0,24.011623,9.726716,1957
2804,r3i1p1f1,1957,09,05,0.0,21.53418,8.381146,1957
2805,r3i1p1f1,1957,09,06,0.17756078048382493,19.717573,5.661796,1957
2806,r3i1p1f1,1957,09,07,0.0,15.913453,2.0239697,1957
2807,r3i1p1f1,1957,09,08,2.79231714751069,15.687727,7.242898,1957
2808,r3i1p1f1,1957,09,09,9.761124073166252,18.125166,6.718885,1957
2809,r3i1p1f1,1957,09,10,0.0,22.852964,5.851678,1957
2810,r3i1p1f1,1957,09,11,0.0,23.432688,7.474858,1957
2811,r3i1p1f1,1957,09,12,0.0,24.973524,8.501644,1957
2812,r3i1p1f1,1957,09,13,0.0,25.814054,9.099952,1957
2813,r3i1p1f1,1957,09,14,0.0,24.66407,9.41159,1957
2814,r3i1p1f1,1957,09,15,0.0,23.721775,7.853193,1957
2815,r3i1p1f1,1957,09,16,0.0,21.2971,6.618277,1957
2816,r3i1p1f1,1957,09,17,0.0,18.621984,4.772043,1957
2817,r3i1p1f1,1957,09,18,0.038650577220036404,17.428186,3.1887627,1957
2818,r3i1p1f1,1957,09,19,0.27924908583947017,18.240171,4.5030785,1957
2819,r3i1p1f1,1957,09,20,0.8145697077117419,18.223486,7.0955315,1957
2820,r3i1p1f1,1957,09,21,0.0,22.30419,6.1681066,1957
2821,r3i1p1f1,1957,09,22,0.0,22.16261,9.214597,1957
2822,r3i1p1f1,1957,09,23,0.0,23.167637,9.020785,1957
2823,r3i1p1f1,1957,09,24,0.0,22.045795,8.648161,1957
2824,r3i1p1f1,1957,09,25,0.0,22.701878,6.790671,1957
2825,r3i1p1f1,1957,09,26,0.0,23.960949,7.5887766,1957
2826,r3i1p1f1,1957,09,27,0.0,25.229885,9.242846,1957
2827,r3i1p1f1,1957,09,28,0.0,27.27155,10.9224,1957
2828,r3i1p1f1,1957,09,29,0.0,26.555042,11.4215,1957
2829,r3i1p1f1,1957,09,30,0.0,26.169075,11.453228,1957
2830,r3i1p1f1,1957,10,01,0.0,26.771606,11.173247,1957
2831,r3i1p1f1,1957,10,02,0.0,25.407347,11.490353,1957
2832,r3i1p1f1,1957,10,03,0.047187928564534035,27.465391,11.95031,1957
2833,r3i1p1f1,1957,10,04,0.0,28.395311,14.441049,1957
2834,r3i1p1f1,1957,10,05,0.0,27.900051,12.929829,1957
2835,r3i1p1f1,1957,10,06,0.0,27.371683,12.143444,1957
2836,r3i1p1f1,1957,10,07,0.0,29.340395,12.157473,1957
2837,r3i1p1f1,1957,10,08,0.0,29.556332,13.304753,1957
2838,r3i1p1f1,1957,10,09,0.0,29.257778,13.039378,1957
2839,r3i1p1f1,1957,10,10,0.0,29.561565,12.237302,1957
2840,r3i1p1f1,1957,10,11,0.0,28.784338,11.569833,1957
2841,r3i1p1f1,1957,10,12,0.0,27.593576,11.472581,1957
2842,r3i1p1f1,1957,10,13,0.0,27.187698,11.223728,1957
2843,r3i1p1f1,1957,10,14,0.0,24.867508,11.895678,1957
2844,r3i1p1f1,1957,10,15,0.0,23.706003,10.336054,1957
2845,r3i1p1f1,1957,10,16,0.0,28.051939,9.714058,1957
2846,r3i1p1f1,1957,10,17,0.0,28.613049,10.982406,1957
2847,r3i1p1f1,1957,10,18,0.005832979284030826,27.337906,12.784998,1957
2848,r3i1p1f1,1957,10,19,12.725590623564418,30.098942,17.186441,1957
2849,r3i1p1f1,1957,10,20,24.917051460512372,17.191029,12.048263,1957
2850,r3i1p1f1,1957,10,21,0.07221183470009189,19.59012,6.822119,1957
2851,r3i1p1f1,1957,10,22,64.5543063549619,16.079515,10.464488,1957
2852,r3i1p1f1,1957,10,23,66.09213529154658,15.578439,8.350466,1957
2853,r3i1p1f1,1957,10,24,0.08683288753290024,17.530663,4.5663853,1957
2854,r3i1p1f1,1957,10,25,0.0,19.364964,3.923331,1957
2855,r3i1p1f1,1957,10,26,0.0,18.232403,4.744096,1957
2856,r3i1p1f1,1957,10,27,0.0,20.44891,5.8141127,1957
2857,r3i1p1f1,1957,10,28,0.0,21.003126,6.3633013,1957
2858,r3i1p1f1,1957,10,29,0.0,19.794271,8.487093,1957
2859,r3i1p1f1,1957,10,30,12.562873135137028,15.761838,4.4154696,1957
2860,r3i1p1f1,1957,10,31,0.09832822753723074,10.101954,0.7381442,1957
2861,r3i1p1f1,1957,11,01,0.0032382128809235597,8.682311,-3.4722574,1957
2862,r3i1p1f1,1957,11,02,0.2417155887661992,8.291497,-2.4525003,1957
2863,r3i1p1f1,1957,11,03,1.8687687869379788,8.823852,-1.3617892,1957
2864,r3i1p1f1,1957,11,04,0.0,10.745956,-1.9271424,1957
2865,r3i1p1f1,1957,11,05,0.0,12.9510765,-0.5874194,1957
2866,r3i1p1f1,1957,11,06,0.0,15.922457,1.0702899,1957
2867,r3i1p1f1,1957,11,07,0.0,18.896254,2.4111428,1957
2868,r3i1p1f1,1957,11,08,0.0,21.33207,4.3953395,1957
2869,r3i1p1f1,1957,11,09,0.0,19.579184,7.3502007,1957
2870,r3i1p1f1,1957,11,10,0.0,12.746427,0.63189685,1957
2871,r3i1p1f1,1957,11,11,0.0,11.527522,-2.0622768,1957
2872,r3i1p1f1,1957,11,12,0.9839505935240979,8.37018,-3.136772,1957
2873,r3i1p1f1,1957,11,13,0.0,4.7660966,-4.352847,1957
2874,r3i1p1f1,1957,11,14,0.0,8.146828,-5.3790965,1957
2875,r3i1p1f1,1957,11,15,0.0,7.582112,-0.59625244,1957
2876,r3i1p1f1,1957,11,16,0.0,9.853268,-1.6360775,1957
2877,r3i1p1f1,1957,11,17,0.0,8.627503,-2.2033563,1957
2878,r3i1p1f1,1957,11,18,0.0,12.478793,0.8312293,1957
2879,r3i1p1f1,1957,11,19,0.0,13.776759,-0.6001985,1957
2880,r3i1p1f1,1957,11,20,0.0,12.558473,1.6352171,1957
2881,r3i1p1f1,1957,11,21,0.0,9.8686285,0.08438057,1957
2882,r3i1p1f1,1957,11,22,0.0,10.170718,1.9231781,1957
2883,r3i1p1f1,1957,11,23,0.0,13.605486,0.99678236,1957
2884,r3i1p1f1,1957,11,24,0.0,15.50597,0.83285165,1957
2885,r3i1p1f1,1957,11,25,0.0,16.216982,1.3649135,1957
2886,r3i1p1f1,1957,11,26,0.0,17.755432,1.7093325,1957
2887,r3i1p1f1,1957,11,27,0.0,17.073742,1.4863733,1957
2888,r3i1p1f1,1957,11,28,0.227257955549775,13.615185,4.6724067,1957
2889,r3i1p1f1,1957,11,29,0.8946560895358409,9.568031,0.84157807,1957
2890,r3i1p1f1,1957,11,30,25.813793381185906,7.685946,0.79766697,1957
2891,r3i1p1f1,1957,12,01,7.189903872054664,4.2897043,-4.438313,1957
2892,r3i1p1f1,1957,12,02,0.0,7.2715216,-3.6772602,1957
2893,r3i1p1f1,1957,12,03,14.57566483446786,7.9509664,-1.1652344,1957
2894,r3i1p1f1,1957,12,04,29.27165043442265,7.6217866,1.9916003,1957
2895,r3i1p1f1,1957,12,05,57.00816806209715,4.613159,0.122407675,1957
2896,r3i1p1f1,1957,12,06,10.614838858524116,3.3058407,-2.147103,1957
2897,r3i1p1f1,1957,12,07,1.9688625004307956,2.1119688,-5.636849,1957
2898,r3i1p1f1,1957,12,08,0.0,5.811621,-6.798121,1957
2899,r3i1p1f1,1957,12,09,0.0025529437009122616,6.913611,-3.8352988,1957
2900,r3i1p1f1,1957,12,10,0.0,7.9580016,-3.3530316,1957
2901,r3i1p1f1,1957,12,11,0.10283429776456232,7.0406795,0.59351504,1957
2902,r3i1p1f1,1957,12,12,4.80652222370401,5.3808317,-0.08163672,1957
2903,r3i1p1f1,1957,12,13,0.0,11.7263365,-2.170852,1957
2904,r3i1p1f1,1957,12,14,0.0,11.407279,-2.4446864,1957
2905,r3i1p1f1,1957,12,15,0.0,9.295933,0.86249924,1957
2906,r3i1p1f1,1957,12,16,14.815451061402104,7.013173,1.8957574,1957
2907,r3i1p1f1,1957,12,17,0.0,9.938753,-0.23541594,1957
2908,r3i1p1f1,1957,12,18,0.0,11.048278,-0.853068,1957
2909,r3i1p1f1,1957,12,19,0.0,12.998598,-1.6021329,1957
2910,r3i1p1f1,1957,12,20,0.0,11.454071,-1.2557077,1957
2911,r3i1p1f1,1957,12,21,0.0,10.449752,-1.2997074,1957
2912,r3i1p1f1,1957,12,22,0.0,12.76309,-0.72699475,1957
2913,r3i1p1f1,1957,12,23,0.0,15.429359,-0.27745065,1957
2914,r3i1p1f1,1957,12,24,0.0,13.464164,2.0497117,1957
2915,r3i1p1f1,1957,12,25,0.0,10.923528,-1.5547843,1957
2916,r3i1p1f1,1957,12,26,0.6402666525134822,4.8413854,-5.3989286,1957
2917,r3i1p1f1,1957,12,27,1.593301374898721,1.7841945,-8.5025,1957
2918,r3i1p1f1,1957,12,28,0.0,4.718557,-7.626658,1957
2919,r3i1p1f1,1957,12,29,0.0,9.200694,-6.4796653,1957
2920,r3i1p1f1,1957,12,30,0.0,8.549036,-3.2239184,1957
2921,r3i1p1f1,1957,12,31,0.0,8.151258,-4.4975467,1957
2922,r3i1p1f1,1958,01,01,0.593818686947519,8.771798,0.9515327,1958
2923,r3i1p1f1,1958,01,02,12.297776113509348,6.4012265,1.5640239,1958
2924,r3i1p1f1,1958,01,03,34.92354433370852,5.9011397,1.3354611,1958
2925,r3i1p1f1,1958,01,04,14.192182207357531,6.6198845,0.80660325,1958
2926,r3i1p1f1,1958,01,05,0.0,10.239828,-1.3953788,1958
2927,r3i1p1f1,1958,01,06,0.0,10.443422,0.6142747,1958
2928,r3i1p1f1,1958,01,07,0.0,11.847656,0.31377074,1958
2929,r3i1p1f1,1958,01,08,0.8429586880849552,11.21575,-0.64809376,1958
2930,r3i1p1f1,1958,01,09,5.4825569434079195,8.859154,-0.36315227,1958
2931,r3i1p1f1,1958,01,10,0.0,11.311264,-0.33137372,1958
2932,r3i1p1f1,1958,01,11,0.0,11.265874,-0.47721735,1958
2933,r3i1p1f1,1958,01,12,0.0,7.705762,-4.634937,1958
2934,r3i1p1f1,1958,01,13,0.0,7.470998,-5.1821957,1958
2935,r3i1p1f1,1958,01,14,0.0,7.3345165,-6.141461,1958
2936,r3i1p1f1,1958,01,15,0.0,9.8626795,-4.3249393,1958
2937,r3i1p1f1,1958,01,16,0.0,10.482835,-2.6063178,1958
2938,r3i1p1f1,1958,01,17,0.0,11.463934,-2.978648,1958
2939,r3i1p1f1,1958,01,18,0.0,10.492566,-0.92916095,1958
2940,r3i1p1f1,1958,01,19,0.0,12.432285,-1.81797,1958
2941,r3i1p1f1,1958,01,20,0.0,13.792305,-0.8577767,1958
2942,r3i1p1f1,1958,01,21,0.0,15.301292,0.32698044,1958
2943,r3i1p1f1,1958,01,22,0.0,15.761226,-0.12427882,1958
2944,r3i1p1f1,1958,01,23,0.0,16.81596,0.92457455,1958
2945,r3i1p1f1,1958,01,24,0.0,18.388878,2.822792,1958
2946,r3i1p1f1,1958,01,25,9.072843654767462,16.04126,4.2965837,1958
2947,r3i1p1f1,1958,01,26,0.5307420031098636,15.351517,3.9395974,1958
2948,r3i1p1f1,1958,01,27,89.34937415056322,11.927801,0.7948101,1958
2949,r3i1p1f1,1958,01,28,73.36423961739791,3.8306873,-1.9921235,1958
2950,r3i1p1f1,1958,01,29,106.29091234877706,6.6348343,-1.895006,1958
2951,r3i1p1f1,1958,01,30,11.38343450745053,1.5544449,-7.0546346,1958
2952,r3i1p1f1,1958,01,31,24.491765079284576,5.31082,-2.6882727,1958
2953,r3i1p1f1,1958,02,01,32.39189607679452,3.7138858,-3.288695,1958
2954,r3i1p1f1,1958,02,02,10.975052136774664,1.6109605,-5.5208135,1958
2955,r3i1p1f1,1958,02,03,0.0,4.922391,-9.464699,1958
2956,r3i1p1f1,1958,02,04,5.570688916486688,1.5153265,-9.628982,1958
2957,r3i1p1f1,1958,02,05,41.95467266989382,4.9712,-4.645138,1958
2958,r3i1p1f1,1958,02,06,70.24867850306786,6.071656,1.5544533,1958
2959,r3i1p1f1,1958,02,07,11.144550199816493,4.598672,-2.101129,1958
2960,r3i1p1f1,1958,02,08,0.0,8.569743,-6.2999682,1958
2961,r3i1p1f1,1958,02,09,0.0,6.289757,-3.2589867,1958
2962,r3i1p1f1,1958,02,10,0.0,13.118426,-1.2621301,1958
2963,r3i1p1f1,1958,02,11,0.0,14.967608,-1.9237084,1958
2964,r3i1p1f1,1958,02,12,0.0,14.405874,-1.6020435,1958
2965,r3i1p1f1,1958,02,13,0.0,13.475685,-1.0481415,1958
2966,r3i1p1f1,1958,02,14,1.0056528954201465,10.561896,1.1156579,1958
2967,r3i1p1f1,1958,02,15,0.0,11.06846,1.9532349,1958
2968,r3i1p1f1,1958,02,16,8.63455531407932,7.922548,-3.0712905,1958
2969,r3i1p1f1,1958,02,17,56.34742804165734,3.1461442,-3.2395685,1958
2970,r3i1p1f1,1958,02,18,0.0,8.599328,-6.9053006,1958
2971,r3i1p1f1,1958,02,19,17.276607673174066,4.557734,-5.765344,1958
2972,r3i1p1f1,1958,02,20,102.01737492492325,3.6823626,-1.179653,1958
2973,r3i1p1f1,1958,02,21,74.48680862833403,5.171236,-2.132502,1958
2974,r3i1p1f1,1958,02,22,0.0,9.6283655,-2.652318,1958
2975,r3i1p1f1,1958,02,23,0.0,9.825733,0.97657996,1958
2976,r3i1p1f1,1958,02,24,0.0,12.592729,-1.2839866,1958
2977,r3i1p1f1,1958,02,25,0.0,13.402847,-2.1978369,1958
2978,r3i1p1f1,1958,02,26,0.0,13.823421,0.042326692,1958
2979,r3i1p1f1,1958,02,27,0.0,13.940755,0.56645125,1958
2980,r3i1p1f1,1958,02,28,0.0,14.287194,3.4935362,1958
2981,r3i1p1f1,1958,03,01,50.34652488600267,11.070061,3.3572516,1958
2982,r3i1p1f1,1958,03,02,80.83217338119682,5.3799796,-1.526959,1958
2983,r3i1p1f1,1958,03,03,1.6348679096489305,5.3104277,-3.1260173,1958
2984,r3i1p1f1,1958,03,04,0.0,6.5805345,-5.9161243,1958
2985,r3i1p1f1,1958,03,05,20.40880376865205,1.7706262,-4.512209,1958
2986,r3i1p1f1,1958,03,06,16.99276493592678,0.8765704,-3.2866654,1958
2987,r3i1p1f1,1958,03,07,0.0,8.464405,-7.0221553,1958
2988,r3i1p1f1,1958,03,08,0.0,8.017165,-7.725876,1958
2989,r3i1p1f1,1958,03,09,8.490652891219055,2.6451595,-3.4394283,1958
2990,r3i1p1f1,1958,03,10,53.78074088182888,3.1466506,-1.9389837,1958
2991,r3i1p1f1,1958,03,11,49.927799594833665,7.2555027,2.799581,1958
2992,r3i1p1f1,1958,03,12,1.6773044783851794,14.197618,0.1703691,1958
2993,r3i1p1f1,1958,03,13,90.15507224064909,11.092845,4.571951,1958
2994,r3i1p1f1,1958,03,14,33.212176326809356,2.817726,-2.2610605,1958
2995,r3i1p1f1,1958,03,15,38.221298501287635,2.6612947,-1.751801,1958
2996,r3i1p1f1,1958,03,16,0.0,10.863073,-5.2544813,1958
2997,r3i1p1f1,1958,03,17,0.0,12.92449,-3.0849733,1958
2998,r3i1p1f1,1958,03,18,17.116071401458036,7.6883492,3.8292706,1958
2999,r3i1p1f1,1958,03,19,7.809604946937486,11.906484,3.3199294,1958
3000,r3i1p1f1,1958,03,20,29.215743518924636,10.37563,5.8534665,1958
3001,r3i1p1f1,1958,03,21,39.97306173030091,7.4134097,-0.4736732,1958
3002,r3i1p1f1,1958,03,22,0.0,11.159035,-4.077471,1958
3003,r3i1p1f1,1958,03,23,0.0,13.628289,-0.792525,1958
3004,r3i1p1f1,1958,03,24,5.73772860072112,10.018285,1.5835092,1958
3005,r3i1p1f1,1958,03,25,36.694802500699694,6.7130003,0.77781904,1958
3006,r3i1p1f1,1958,03,26,34.37797936708912,3.8861105,-1.2252269,1958
3007,r3i1p1f1,1958,03,27,0.4315080915387769,10.638487,-3.0643442,1958
3008,r3i1p1f1,1958,03,28,0.0,13.172259,-1.470982,1958
3009,r3i1p1f1,1958,03,29,0.0,12.105404,-1.772988,1958
3010,r3i1p1f1,1958,03,30,0.0,13.008677,-1.255207,1958
3011,r3i1p1f1,1958,03,31,0.0,16.59465,-0.49555758,1958
3012,r3i1p1f1,1958,04,01,0.0,18.697386,1.9891669,1958
3013,r3i1p1f1,1958,04,02,0.0,18.71029,3.4783087,1958
3014,r3i1p1f1,1958,04,03,5.7597275414369316,12.847919,3.4176495,1958
3015,r3i1p1f1,1958,04,04,0.0,15.439885,1.4145955,1958
3016,r3i1p1f1,1958,04,05,0.0,19.179943,2.0115836,1958
3017,r3i1p1f1,1958,04,06,7.66425624100712,15.761769,3.0067701,1958
3018,r3i1p1f1,1958,04,07,4.834973901903906,6.945533,-1.5883745,1958
3019,r3i1p1f1,1958,04,08,0.0,12.081259,-1.2704093,1958
3020,r3i1p1f1,1958,04,09,0.0,11.558087,-1.603325,1958
3021,r3i1p1f1,1958,04,10,0.8593517613534412,8.548377,-3.2236629,1958
3022,r3i1p1f1,1958,04,11,0.8231371102929667,9.680038,-3.6632354,1958
3023,r3i1p1f1,1958,04,12,0.0,11.732502,-3.3805006,1958
3024,r3i1p1f1,1958,04,13,0.006680738940638931,11.405553,-1.0736717,1958
3025,r3i1p1f1,1958,04,14,0.0027850752016284354,11.711155,-2.3830366,1958
3026,r3i1p1f1,1958,04,15,0.0,14.68132,0.11056162,1958
3027,r3i1p1f1,1958,04,16,0.0,16.429487,0.7836269,1958
3028,r3i1p1f1,1958,04,17,9.27266193836036,13.298375,-0.6200105,1958
3029,r3i1p1f1,1958,04,18,1.0934213837524447,8.118391,-1.2218894,1958
3030,r3i1p1f1,1958,04,19,0.0,14.423419,-0.5574431,1958
3031,r3i1p1f1,1958,04,20,0.0,16.930676,0.9706564,1958
3032,r3i1p1f1,1958,04,21,0.0,17.774553,1.8049581,1958
3033,r3i1p1f1,1958,04,22,0.0,16.62738,3.4943988,1958
3034,r3i1p1f1,1958,04,23,0.0,15.137761,6.752981,1958
3035,r3i1p1f1,1958,04,24,0.0,16.476776,2.445439,1958
3036,r3i1p1f1,1958,04,25,8.40917655387832,10.83106,2.3152845,1958
3037,r3i1p1f1,1958,04,26,0.0,15.033582,1.4717107,1958
3038,r3i1p1f1,1958,04,27,0.00824230630410296,13.424561,0.52559936,1958
3039,r3i1p1f1,1958,04,28,0.38735414334376783,10.738042,-0.6073009,1958
3040,r3i1p1f1,1958,04,29,0.0,15.273308,0.02208955,1958
3041,r3i1p1f1,1958,04,30,0.0,15.4502735,1.1978205,1958
3042,r3i1p1f1,1958,05,01,21.635595869003353,10.281512,-1.6807078,1958
3043,r3i1p1f1,1958,05,02,0.8438707660963317,7.198054,-2.0698047,1958
3044,r3i1p1f1,1958,05,03,0.0,8.906888,-3.7265358,1958
3045,r3i1p1f1,1958,05,04,1.1457626017018858,5.862294,-3.7145598,1958
3046,r3i1p1f1,1958,05,05,0.5732951411980474,10.372928,-2.1959007,1958
3047,r3i1p1f1,1958,05,06,0.0,12.98327,0.08559615,1958
3048,r3i1p1f1,1958,05,07,0.5745824069699187,10.953323,2.5705647,1958
3049,r3i1p1f1,1958,05,08,0.0,16.760086,0.99207354,1958
3050,r3i1p1f1,1958,05,09,0.0,20.439629,3.3363028,1958
3051,r3i1p1f1,1958,05,10,0.0,20.519901,5.804342,1958
3052,r3i1p1f1,1958,05,11,0.0,19.153547,6.1694603,1958
3053,r3i1p1f1,1958,05,12,0.8636949226025823,12.211752,0.39026344,1958
3054,r3i1p1f1,1958,05,13,0.0,16.187084,-0.09028254,1958
3055,r3i1p1f1,1958,05,14,0.0,22.311266,4.1063676,1958
3056,r3i1p1f1,1958,05,15,0.0,25.982893,6.496046,1958
3057,r3i1p1f1,1958,05,16,0.0,25.853573,7.8417387,1958
3058,r3i1p1f1,1958,05,17,0.0,21.748816,4.7798924,1958
3059,r3i1p1f1,1958,05,18,0.0,13.531092,-0.574129,1958
3060,r3i1p1f1,1958,05,19,0.06211815584959511,9.835705,-1.5174277,1958
3061,r3i1p1f1,1958,05,20,0.5932072786795048,12.101793,-3.0290713,1958
3062,r3i1p1f1,1958,05,21,4.7624567317574185,7.91308,-2.1762726,1958
3063,r3i1p1f1,1958,05,22,0.0,14.76818,2.1531107,1958
3064,r3i1p1f1,1958,05,23,0.0,21.123857,3.9648125,1958
3065,r3i1p1f1,1958,05,24,0.0,24.139227,7.131282,1958
3066,r3i1p1f1,1958,05,25,0.1511966587522214,25.07045,8.034625,1958
3067,r3i1p1f1,1958,05,26,6.118410934399627,19.41539,6.644401,1958
3068,r3i1p1f1,1958,05,27,0.0,17.175125,4.827944,1958
3069,r3i1p1f1,1958,05,28,0.0,20.858759,3.805562,1958
3070,r3i1p1f1,1958,05,29,0.0,24.12702,6.910678,1958
3071,r3i1p1f1,1958,05,30,0.0,24.35009,9.211492,1958
3072,r3i1p1f1,1958,05,31,0.0,23.481049,6.829956,1958
3073,r3i1p1f1,1958,06,01,0.0,17.827915,1.4377375,1958
3074,r3i1p1f1,1958,06,02,0.0,19.582582,1.6331042,1958
3075,r3i1p1f1,1958,06,03,0.0,19.584948,4.6564584,1958
3076,r3i1p1f1,1958,06,04,0.0,19.048706,4.080874,1958
3077,r3i1p1f1,1958,06,05,0.0031763156201984537,17.386091,2.4271362,1958
3078,r3i1p1f1,1958,06,06,8.316556845813082,15.725297,1.0490083,1958
3079,r3i1p1f1,1958,06,07,0.0,23.435925,4.7761884,1958
3080,r3i1p1f1,1958,06,08,0.0,27.790285,8.272948,1958
3081,r3i1p1f1,1958,06,09,0.0,31.231512,11.295858,1958
3082,r3i1p1f1,1958,06,10,0.0,32.03134,13.903661,1958
3083,r3i1p1f1,1958,06,11,0.0,30.942705,13.114136,1958
3084,r3i1p1f1,1958,06,12,0.0,29.772305,12.6278925,1958
3085,r3i1p1f1,1958,06,13,0.0029411876120751627,28.363167,13.006677,1958
3086,r3i1p1f1,1958,06,14,0.0,26.7148,12.251281,1958
3087,r3i1p1f1,1958,06,15,0.0,26.474895,10.141046,1958
3088,r3i1p1f1,1958,06,16,0.0,28.91707,10.677508,1958
3089,r3i1p1f1,1958,06,17,0.05170806666444007,31.868988,13.291298,1958
3090,r3i1p1f1,1958,06,18,0.0,31.147297,15.619881,1958
3091,r3i1p1f1,1958,06,19,0.0,28.140915,14.125548,1958
3092,r3i1p1f1,1958,06,20,0.0,26.769142,9.7867775,1958
3093,r3i1p1f1,1958,06,21,0.0,21.55372,9.12366,1958
3094,r3i1p1f1,1958,06,22,0.0,24.29366,7.957795,1958
3095,r3i1p1f1,1958,06,23,0.0,24.543411,9.025966,1958
3096,r3i1p1f1,1958,06,24,0.0,24.146015,7.724955,1958
3097,r3i1p1f1,1958,06,25,0.0,27.510086,8.770039,1958
3098,r3i1p1f1,1958,06,26,0.0,29.886868,11.530333,1958
3099,r3i1p1f1,1958,06,27,0.0,29.716373,12.79186,1958
3100,r3i1p1f1,1958,06,28,0.0,29.250937,13.536308,1958
3101,r3i1p1f1,1958,06,29,0.0,29.071768,12.08826,1958
3102,r3i1p1f1,1958,06,30,0.0,28.776512,11.016318,1958
3103,r3i1p1f1,1958,07,01,0.0,29.377083,12.172017,1958
3104,r3i1p1f1,1958,07,02,0.0,30.011135,11.209784,1958
3105,r3i1p1f1,1958,07,03,0.0,29.772106,11.4828415,1958
3106,r3i1p1f1,1958,07,04,0.0,29.088318,12.099695,1958
3107,r3i1p1f1,1958,07,05,0.0,31.193356,11.834985,1958
3108,r3i1p1f1,1958,07,06,0.0,32.31046,13.684601,1958
3109,r3i1p1f1,1958,07,07,0.0,31.52788,13.494366,1958
3110,r3i1p1f1,1958,07,08,0.0,30.516973,13.381584,1958
3111,r3i1p1f1,1958,07,09,0.0,29.053078,12.838607,1958
3112,r3i1p1f1,1958,07,10,0.0,28.483015,11.872593,1958
3113,r3i1p1f1,1958,07,11,0.0,27.451275,11.056396,1958
3114,r3i1p1f1,1958,07,12,0.0,25.569433,9.227329,1958
3115,r3i1p1f1,1958,07,13,0.0,23.685905,8.08278,1958
3116,r3i1p1f1,1958,07,14,0.0,26.996857,9.710712,1958
3117,r3i1p1f1,1958,07,15,0.0,30.723083,12.586113,1958
3118,r3i1p1f1,1958,07,16,0.0,31.124876,13.975822,1958
3119,r3i1p1f1,1958,07,17,0.0,30.681923,14.965076,1958
3120,r3i1p1f1,1958,07,18,0.0,30.922293,12.561626,1958
3121,r3i1p1f1,1958,07,19,0.0,31.61152,15.242846,1958
3122,r3i1p1f1,1958,07,20,0.0,30.85652,13.627601,1958
3123,r3i1p1f1,1958,07,21,0.0,30.720358,13.977229,1958
3124,r3i1p1f1,1958,07,22,0.0,32.686623,13.663758,1958
3125,r3i1p1f1,1958,07,23,0.0,34.85344,15.635754,1958
3126,r3i1p1f1,1958,07,24,0.0,35.288616,17.104675,1958
3127,r3i1p1f1,1958,07,25,0.0,34.54772,17.730528,1958
3128,r3i1p1f1,1958,07,26,0.0,32.183685,16.095718,1958
3129,r3i1p1f1,1958,07,27,0.0,32.276573,14.5699415,1958
3130,r3i1p1f1,1958,07,28,0.0,34.394344,15.050518,1958
3131,r3i1p1f1,1958,07,29,0.0,34.22839,17.797134,1958
3132,r3i1p1f1,1958,07,30,0.0,33.16945,17.313194,1958
3133,r3i1p1f1,1958,07,31,0.0,35.405075,16.5663,1958
3134,r3i1p1f1,1958,08,01,0.0,36.275913,17.790922,1958
3135,r3i1p1f1,1958,08,02,0.0,35.964066,17.477484,1958
3136,r3i1p1f1,1958,08,03,0.0,35.84062,17.448378,1958
3137,r3i1p1f1,1958,08,04,0.0,35.618835,17.051712,1958
3138,r3i1p1f1,1958,08,05,0.0,32.18025,13.796093,1958
3139,r3i1p1f1,1958,08,06,0.0,28.321224,10.756491,1958
3140,r3i1p1f1,1958,08,07,0.0,30.581411,12.999782,1958
3141,r3i1p1f1,1958,08,08,0.0,33.316505,15.68165,1958
3142,r3i1p1f1,1958,08,09,0.0,33.446636,16.881708,1958
3143,r3i1p1f1,1958,08,10,0.0,32.030273,13.817423,1958
3144,r3i1p1f1,1958,08,11,0.0,26.452988,11.093005,1958
3145,r3i1p1f1,1958,08,12,0.0,29.19864,11.264704,1958
3146,r3i1p1f1,1958,08,13,0.0,29.221111,13.494532,1958
3147,r3i1p1f1,1958,08,14,0.0,28.62147,12.311435,1958
3148,r3i1p1f1,1958,08,15,0.0,27.931343,11.782935,1958
3149,r3i1p1f1,1958,08,16,0.1003659677256732,27.822973,12.73013,1958
3150,r3i1p1f1,1958,08,17,2.033878178723937,26.722248,12.031016,1958
3151,r3i1p1f1,1958,08,18,0.09781012294728211,26.065674,10.513972,1958
3152,r3i1p1f1,1958,08,19,0.01548989048447574,26.241358,9.96671,1958
3153,r3i1p1f1,1958,08,20,0.0035144433288798226,25.652569,10.147958,1958
3154,r3i1p1f1,1958,08,21,0.0,22.204397,9.104616,1958
3155,r3i1p1f1,1958,08,22,0.0,23.467148,9.461355,1958
3156,r3i1p1f1,1958,08,23,0.0,26.489038,8.783507,1958
3157,r3i1p1f1,1958,08,24,0.0,29.27006,11.267727,1958
3158,r3i1p1f1,1958,08,25,0.0,28.882917,12.505968,1958
3159,r3i1p1f1,1958,08,26,0.0,28.275787,10.936655,1958
3160,r3i1p1f1,1958,08,27,0.0,26.920366,7.8233914,1958
3161,r3i1p1f1,1958,08,28,0.0,30.697128,11.081837,1958
3162,r3i1p1f1,1958,08,29,0.0,32.916534,12.144816,1958
3163,r3i1p1f1,1958,08,30,0.0,32.293465,14.741144,1958
3164,r3i1p1f1,1958,08,31,0.0,31.55903,14.497594,1958
3165,r3i1p1f1,1958,09,01,0.0,32.073395,14.086435,1958
3166,r3i1p1f1,1958,09,02,0.0,32.524685,14.818913,1958
3167,r3i1p1f1,1958,09,03,0.0,31.684433,14.470396,1958
3168,r3i1p1f1,1958,09,04,0.0,30.565596,13.490967,1958
3169,r3i1p1f1,1958,09,05,0.0,27.554926,10.956799,1958
3170,r3i1p1f1,1958,09,06,0.0,22.412315,7.8900614,1958
3171,r3i1p1f1,1958,09,07,0.0,24.97689,8.57324,1958
3172,r3i1p1f1,1958,09,08,0.0,28.994362,11.062875,1958
3173,r3i1p1f1,1958,09,09,0.0,29.775644,11.764296,1958
3174,r3i1p1f1,1958,09,10,0.0,29.477451,12.596977,1958
3175,r3i1p1f1,1958,09,11,0.0,26.82053,10.579734,1958
3176,r3i1p1f1,1958,09,12,0.0,22.286911,8.485739,1958
3177,r3i1p1f1,1958,09,13,0.0,20.631374,7.116601,1958
3178,r3i1p1f1,1958,09,14,0.0,26.651358,8.470148,1958
3179,r3i1p1f1,1958,09,15,0.0,29.95739,10.850242,1958
3180,r3i1p1f1,1958,09,16,0.0,31.114176,12.860428,1958
3181,r3i1p1f1,1958,09,17,0.0,31.463903,13.07941,1958
3182,r3i1p1f1,1958,09,18,0.0,30.560478,13.645445,1958
3183,r3i1p1f1,1958,09,19,0.0,30.193016,12.355543,1958
3184,r3i1p1f1,1958,09,20,0.0,28.094982,11.728464,1958
3185,r3i1p1f1,1958,09,21,0.0,25.640514,10.050138,1958
3186,r3i1p1f1,1958,09,22,0.0,21.82319,7.3031,1958
3187,r3i1p1f1,1958,09,23,0.0,25.396393,7.6103077,1958
3188,r3i1p1f1,1958,09,24,0.0,27.820404,10.056314,1958
3189,r3i1p1f1,1958,09,25,0.0,26.428854,10.691686,1958
3190,r3i1p1f1,1958,09,26,0.0,20.333527,5.86232,1958
3191,r3i1p1f1,1958,09,27,3.618362682554059,14.591873,2.0669417,1958
3192,r3i1p1f1,1958,09,28,0.7586979187563931,8.110362,-1.9981647,1958
3193,r3i1p1f1,1958,09,29,0.0,15.282851,-1.0031425,1958
3194,r3i1p1f1,1958,09,30,0.0,19.034567,3.0601315,1958
3195,r3i1p1f1,1958,10,01,0.0,20.660656,3.87105,1958
3196,r3i1p1f1,1958,10,02,0.0,19.237715,4.6298895,1958
3197,r3i1p1f1,1958,10,03,0.0,17.864237,4.2601786,1958
3198,r3i1p1f1,1958,10,04,0.0,16.994312,1.3272125,1958
3199,r3i1p1f1,1958,10,05,0.0,16.375374,2.6832924,1958
3200,r3i1p1f1,1958,10,06,29.689587927178334,15.053183,3.8671873,1958
3201,r3i1p1f1,1958,10,07,70.06269861502867,9.892509,1.051759,1958
3202,r3i1p1f1,1958,10,08,0.5710764323195786,13.421914,-0.8336424,1958
3203,r3i1p1f1,1958,10,09,0.0,17.73131,1.5114596,1958
3204,r3i1p1f1,1958,10,10,0.0,18.364075,3.7719154,1958
3205,r3i1p1f1,1958,10,11,0.0,17.611734,5.3557754,1958
3206,r3i1p1f1,1958,10,12,0.0,19.250895,3.753029,1958
3207,r3i1p1f1,1958,10,13,0.0,19.563963,5.801252,1958
3208,r3i1p1f1,1958,10,14,38.39401311829294,17.021421,8.797663,1958
3209,r3i1p1f1,1958,10,15,75.29187517387695,12.443538,7.115535,1958
3210,r3i1p1f1,1958,10,16,0.0,15.728882,2.8267655,1958
3211,r3i1p1f1,1958,10,17,1.9721512559427585,15.078588,2.3617198,1958
3212,r3i1p1f1,1958,10,18,0.4145461947413615,13.4434395,-1.5027931,1958
3213,r3i1p1f1,1958,10,19,19.12226524865745,10.879338,0.5214873,1958
3214,r3i1p1f1,1958,10,20,2.686335999399154,8.959855,-0.9570818,1958
3215,r3i1p1f1,1958,10,21,0.006694383984339717,10.713671,0.33506462,1958
3216,r3i1p1f1,1958,10,22,14.337358952080217,12.984501,4.9743314,1958
3217,r3i1p1f1,1958,10,23,0.15577308490480246,14.36795,1.2117459,1958
3218,r3i1p1f1,1958,10,24,31.832065949244058,12.631897,1.0758635,1958
3219,r3i1p1f1,1958,10,25,9.900590607905638,5.3048377,-3.4834514,1958
3220,r3i1p1f1,1958,10,26,0.0,9.5595665,-5.698418,1958
3221,r3i1p1f1,1958,10,27,0.0,12.429743,-3.0585413,1958
3222,r3i1p1f1,1958,10,28,0.0,16.44469,-1.4117764,1958
3223,r3i1p1f1,1958,10,29,0.0,14.563105,1.8723876,1958
3224,r3i1p1f1,1958,10,30,0.0,15.441251,4.25933,1958
3225,r3i1p1f1,1958,10,31,0.0,17.960987,3.7434392,1958
3226,r3i1p1f1,1958,11,01,0.09853508749266009,15.289776,4.971435,1958
3227,r3i1p1f1,1958,11,02,16.751795208179637,9.324123,2.8077912,1958
3228,r3i1p1f1,1958,11,03,54.82202361729976,7.7229877,1.5172071,1958
3229,r3i1p1f1,1958,11,04,8.919591143249386,9.223203,1.6530336,1958
3230,r3i1p1f1,1958,11,05,0.0,7.4758477,-5.295776,1958
3231,r3i1p1f1,1958,11,06,24.804186371253117,4.761073,-0.9689555,1958
3232,r3i1p1f1,1958,11,07,0.00010588338275403275,5.4311123,-9.239438,1958
3233,r3i1p1f1,1958,11,08,13.451620263329364,3.8571887,-2.6374278,1958
3234,r3i1p1f1,1958,11,09,0.3440250135961258,6.261656,-5.533861,1958
3235,r3i1p1f1,1958,11,10,37.76987159477645,6.4751167,0.99430525,1958
3236,r3i1p1f1,1958,11,11,0.0,9.703694,2.6554878,1958
3237,r3i1p1f1,1958,11,12,0.0,9.657655,-4.57058,1958
3238,r3i1p1f1,1958,11,13,0.0,13.478011,-1.2494512,1958
3239,r3i1p1f1,1958,11,14,0.0,19.564936,3.3044453,1958
3240,r3i1p1f1,1958,11,15,0.0,19.09933,6.4748135,1958
3241,r3i1p1f1,1958,11,16,0.0,18.608564,7.4644527,1958
3242,r3i1p1f1,1958,11,17,0.0,15.64981,5.3391557,1958
3243,r3i1p1f1,1958,11,18,10.979098833386638,10.500788,1.7236142,1958
3244,r3i1p1f1,1958,11,19,0.0,11.261482,-2.7102,1958
3245,r3i1p1f1,1958,11,20,0.0,9.913739,-3.4227211,1958
3246,r3i1p1f1,1958,11,21,14.020540798542482,6.8848968,0.349344,1958
3247,r3i1p1f1,1958,11,22,0.0,7.73594,-4.4946594,1958
3248,r3i1p1f1,1958,11,23,0.0,10.879511,-2.4078014,1958
3249,r3i1p1f1,1958,11,24,0.0,12.591957,0.034421925,1958
3250,r3i1p1f1,1958,11,25,0.0,15.995146,1.98049,1958
3251,r3i1p1f1,1958,11,26,0.0,16.153826,1.644971,1958
3252,r3i1p1f1,1958,11,27,0.0,14.4934845,1.9753611,1958
3253,r3i1p1f1,1958,11,28,0.0,12.099928,-0.42004037,1958
3254,r3i1p1f1,1958,11,29,0.0,9.872202,-1.083433,1958
3255,r3i1p1f1,1958,11,30,0.0,11.710892,-0.62118375,1958
3256,r3i1p1f1,1958,12,01,0.0,14.423859,1.5058221,1958
3257,r3i1p1f1,1958,12,02,0.0,14.032276,1.8999052,1958
3258,r3i1p1f1,1958,12,03,0.0,13.825243,2.0035124,1958
3259,r3i1p1f1,1958,12,04,0.0,13.710455,1.5268031,1958
3260,r3i1p1f1,1958,12,05,0.0,14.9446535,3.2516167,1958
3261,r3i1p1f1,1958,12,06,0.25742017267858547,12.000323,1.2719017,1958
3262,r3i1p1f1,1958,12,07,0.0,14.736354,1.8764709,1958
3263,r3i1p1f1,1958,12,08,0.0,14.114518,4.32424,1958
3264,r3i1p1f1,1958,12,09,2.3224885025564093,11.376845,3.7608721,1958
3265,r3i1p1f1,1958,12,10,0.0,13.334051,0.8712014,1958
3266,r3i1p1f1,1958,12,11,48.64972957262867,9.088149,1.3175775,1958
3267,r3i1p1f1,1958,12,12,0.7128944883956329,8.784005,-5.523654,1958
3268,r3i1p1f1,1958,12,13,9.498841226128494,5.5486135,-4.825408,1958
3269,r3i1p1f1,1958,12,14,0.017563954507319356,1.7063504,-8.784802,1958
3270,r3i1p1f1,1958,12,15,0.0,2.9922404,-10.437014,1958
3271,r3i1p1f1,1958,12,16,0.0,10.070472,-2.408534,1958
3272,r3i1p1f1,1958,12,17,0.0,7.683803,1.6888756,1958
3273,r3i1p1f1,1958,12,18,0.0,8.005267,-5.2316074,1958
3274,r3i1p1f1,1958,12,19,0.0,7.059057,-5.885451,1958
3275,r3i1p1f1,1958,12,20,0.0,7.339636,-5.6259184,1958
3276,r3i1p1f1,1958,12,21,0.0,7.7106166,-4.612808,1958
3277,r3i1p1f1,1958,12,22,0.0,4.7518306,-9.210727,1958
3278,r3i1p1f1,1958,12,23,0.0,0.30975842,-11.335475,1958
3279,r3i1p1f1,1958,12,24,0.0,5.3217974,-9.866287,1958
3280,r3i1p1f1,1958,12,25,0.0,8.413881,-7.592184,1958
3281,r3i1p1f1,1958,12,26,0.0,5.933609,-5.0422797,1958
3282,r3i1p1f1,1958,12,27,54.21328500501419,4.3240323,-3.565741,1958
3283,r3i1p1f1,1958,12,28,23.63876689004859,5.41929,-2.678477,1958
3284,r3i1p1f1,1958,12,29,9.231912707955894,-2.6745818,-10.181339,1958
3285,r3i1p1f1,1958,12,30,3.3271694007692676,-2.410893,-11.34732,1958
3286,r3i1p1f1,1958,12,31,0.0,-2.1200967,-15.391913,1958
3287,r3i1p1f1,1959,01,01,22.554394519446713,-1.7153177,-13.634931,1959
3288,r3i1p1f1,1959,01,02,7.3322880721350785,-1.8585281,-7.3145,1959
3289,r3i1p1f1,1959,01,03,0.0,1.8880366,-12.782132,1959
3290,r3i1p1f1,1959,01,04,0.0,3.2215075,-6.690702,1959
3291,r3i1p1f1,1959,01,05,0.0,3.7295306,-5.517216,1959
3292,r3i1p1f1,1959,01,06,0.0,3.9125693,-9.432027,1959
3293,r3i1p1f1,1959,01,07,0.0,3.313802,-11.889687,1959
3294,r3i1p1f1,1959,01,08,5.813490156096553,1.713815,-8.118678,1959
3295,r3i1p1f1,1959,01,09,38.529600127060945,4.496274,-2.3262086,1959
3296,r3i1p1f1,1959,01,10,28.675081884782564,6.112108,2.127637,1959
3297,r3i1p1f1,1959,01,11,0.0,9.235119,-3.0708513,1959
3298,r3i1p1f1,1959,01,12,0.0016349675876737915,4.641615,-3.2764497,1959
3299,r3i1p1f1,1959,01,13,19.101928034644132,4.6013803,-0.8191693,1959
3300,r3i1p1f1,1959,01,14,0.7324791196113342,4.6372232,-0.9535115,1959
3301,r3i1p1f1,1959,01,15,0.0,8.159851,-4.2071896,1959
3302,r3i1p1f1,1959,01,16,0.0,2.9526489,-9.803744,1959
3303,r3i1p1f1,1959,01,17,0.0,5.6526074,-7.339609,1959
3304,r3i1p1f1,1959,01,18,0.0,4.1603656,-7.346738,1959
3305,r3i1p1f1,1959,01,19,0.0,2.5637858,-13.814809,1959
3306,r3i1p1f1,1959,01,20,0.0,1.145411,-5.4363303,1959
3307,r3i1p1f1,1959,01,21,2.357810634949649,3.2339976,-5.4760084,1959
3308,r3i1p1f1,1959,01,22,0.0022676330110315526,7.397534,-5.0436854,1959
3309,r3i1p1f1,1959,01,23,0.34423561371927225,11.961625,3.177789,1959
3310,r3i1p1f1,1959,01,24,0.0,15.769024,2.20037,1959
3311,r3i1p1f1,1959,01,25,0.0,16.885706,4.171516,1959
3312,r3i1p1f1,1959,01,26,0.0,16.776667,2.2022645,1959
3313,r3i1p1f1,1959,01,27,0.0,16.719883,3.2040238,1959
3314,r3i1p1f1,1959,01,28,0.0,15.996547,4.6228065,1959
3315,r3i1p1f1,1959,01,29,0.0,13.184689,2.1809213,1959
3316,r3i1p1f1,1959,01,30,0.1819180571290321,11.423429,1.0479583,1959
3317,r3i1p1f1,1959,01,31,0.0,12.36574,-0.56700194,1959
3318,r3i1p1f1,1959,02,01,0.0,12.370513,3.9245613,1959
3319,r3i1p1f1,1959,02,02,8.580094239885895,9.573382,1.2304528,1959
3320,r3i1p1f1,1959,02,03,0.0,11.199622,-1.2815717,1959
3321,r3i1p1f1,1959,02,04,0.0,11.599655,-2.0589764,1959
3322,r3i1p1f1,1959,02,05,0.0,12.23052,-2.4806228,1959
3323,r3i1p1f1,1959,02,06,0.0,11.1489725,-1.108195,1959
3324,r3i1p1f1,1959,02,07,49.3955060790636,5.078407,0.31270543,1959
3325,r3i1p1f1,1959,02,08,10.59344277891796,7.147004,-2.474293,1959
3326,r3i1p1f1,1959,02,09,9.198537872381214,6.6511254,-3.176603,1959
3327,r3i1p1f1,1959,02,10,34.90195200092306,5.5059776,0.037189387,1959
3328,r3i1p1f1,1959,02,11,62.245371624043116,4.893011,0.18601142,1959
3329,r3i1p1f1,1959,02,12,41.19199041865374,7.7370977,1.4056319,1959
3330,r3i1p1f1,1959,02,13,14.018833024525328,6.8982816,0.28592306,1959
3331,r3i1p1f1,1959,02,14,75.52880087475243,10.056989,2.9412532,1959
3332,r3i1p1f1,1959,02,15,40.26809072759198,5.199829,0.42310885,1959
3333,r3i1p1f1,1959,02,16,0.0,9.354556,-3.1277232,1959
3334,r3i1p1f1,1959,02,17,0.0,11.77072,-0.93078476,1959
3335,r3i1p1f1,1959,02,18,0.0,11.577874,2.541058,1959
3336,r3i1p1f1,1959,02,19,0.0,13.866262,0.14267153,1959
3337,r3i1p1f1,1959,02,20,0.0,13.710726,-0.106484756,1959
3338,r3i1p1f1,1959,02,21,0.0,13.106533,-0.75347185,1959
3339,r3i1p1f1,1959,02,22,0.0,12.379327,0.9426084,1959
3340,r3i1p1f1,1959,02,23,0.0,11.680176,-1.1058378,1959
3341,r3i1p1f1,1959,02,24,0.0,11.694883,-0.5374468,1959
3342,r3i1p1f1,1959,02,25,0.0,13.818296,0.25609738,1959
3343,r3i1p1f1,1959,02,26,0.0,15.860378,2.4174733,1959
3344,r3i1p1f1,1959,02,27,0.0,16.614212,3.0797474,1959
3345,r3i1p1f1,1959,02,28,0.0,18.2282,4.9229746,1959
3346,r3i1p1f1,1959,03,01,0.0,19.179703,3.8163197,1959
3347,r3i1p1f1,1959,03,02,0.0,18.180191,4.420251,1959
3348,r3i1p1f1,1959,03,03,5.101482547003175,12.703091,4.0419273,1959
3349,r3i1p1f1,1959,03,04,3.561074323002494,9.834076,3.5733554,1959
3350,r3i1p1f1,1959,03,05,10.617567850031742,9.404297,2.1416032,1959
3351,r3i1p1f1,1959,03,06,3.6236617639875286,10.495606,2.2515342,1959
3352,r3i1p1f1,1959,03,07,0.0,12.976543,2.6156166,1959
3353,r3i1p1f1,1959,03,08,16.641839559260436,9.486677,0.25797644,1959
3354,r3i1p1f1,1959,03,09,43.769781519413776,4.54957,-1.7543246,1959
3355,r3i1p1f1,1959,03,10,8.298564761743796,5.6167946,-3.2227879,1959
3356,r3i1p1f1,1959,03,11,39.844136310153104,5.328218,0.6312814,1959
3357,r3i1p1f1,1959,03,12,16.86811660535903,6.994169,0.25722986,1959
3358,r3i1p1f1,1959,03,13,8.434134043751616,6.867244,0.28747833,1959
3359,r3i1p1f1,1959,03,14,61.415036282453094,6.53501,2.5218375,1959
3360,r3i1p1f1,1959,03,15,9.400860056982646,6.967153,-1.6763602,1959
3361,r3i1p1f1,1959,03,16,6.125161430482924,8.570407,-4.547917,1959
3362,r3i1p1f1,1959,03,17,2.4588963253910676,8.313485,-4.115285,1959
3363,r3i1p1f1,1959,03,18,24.617686627530738,4.027759,0.027382715,1959
3364,r3i1p1f1,1959,03,19,12.734881953618146,2.969793,-6.8247237,1959
3365,r3i1p1f1,1959,03,20,0.0,4.416946,-8.0958395,1959
3366,r3i1p1f1,1959,03,21,0.0,5.8669295,-7.1003923,1959
3367,r3i1p1f1,1959,03,22,0.0,7.5613093,-2.3303456,1959
3368,r3i1p1f1,1959,03,23,0.0,9.393354,-4.07389,1959
3369,r3i1p1f1,1959,03,24,0.0,12.660632,-3.0396621,1959
3370,r3i1p1f1,1959,03,25,0.0,15.083464,-0.6726637,1959
3371,r3i1p1f1,1959,03,26,0.0,17.340528,1.3357605,1959
3372,r3i1p1f1,1959,03,27,0.0,17.327078,4.662056,1959
3373,r3i1p1f1,1959,03,28,19.43353917756069,13.180548,2.542782,1959
3374,r3i1p1f1,1959,03,29,57.89467494346594,8.136858,-0.61799717,1959
3375,r3i1p1f1,1959,03,30,0.0,12.476438,1.5166186,1959
3376,r3i1p1f1,1959,03,31,6.701242487179115,9.312867,1.4479284,1959
3377,r3i1p1f1,1959,04,01,0.0,14.8606,1.8010025,1959
3378,r3i1p1f1,1959,04,02,0.0,16.913895,2.906065,1959
3379,r3i1p1f1,1959,04,03,0.0,18.268942,2.8776374,1959
3380,r3i1p1f1,1959,04,04,6.1875621116135,14.0557575,2.6795042,1959
3381,r3i1p1f1,1959,04,05,29.829413490369916,7.6828794,1.2529691,1959
3382,r3i1p1f1,1959,04,06,0.0,13.208084,-1.7779194,1959
3383,r3i1p1f1,1959,04,07,0.2927761757746339,12.8703985,0.9342786,1959
3384,r3i1p1f1,1959,04,08,0.0,12.258878,2.1686332,1959
3385,r3i1p1f1,1959,04,09,3.025497650991096,10.688921,-0.8004723,1959
3386,r3i1p1f1,1959,04,10,0.0,10.29035,-4.464211,1959
3387,r3i1p1f1,1959,04,11,0.0,9.778221,-1.0008607,1959
3388,r3i1p1f1,1959,04,12,2.3876856186497637,7.9967475,0.29726043,1959
3389,r3i1p1f1,1959,04,13,1.177061690032133,10.686086,-0.2547094,1959
3390,r3i1p1f1,1959,04,14,0.7794203597050479,11.094045,-1.6600306,1959
3391,r3i1p1f1,1959,04,15,14.5156661122057,7.6515894,-2.1901479,1959
3392,r3i1p1f1,1959,04,16,0.0,15.815064,0.6004193,1959
3393,r3i1p1f1,1959,04,17,0.0,20.709967,3.063252,1959
3394,r3i1p1f1,1959,04,18,0.38179067209727546,18.40884,3.8002872,1959
3395,r3i1p1f1,1959,04,19,0.30890259138112397,8.541453,-3.2613757,1959
3396,r3i1p1f1,1959,04,20,0.0,8.75074,-4.661021,1959
3397,r3i1p1f1,1959,04,21,0.0,8.705489,-2.9294786,1959
3398,r3i1p1f1,1959,04,22,0.0,12.327122,-2.894775,1959
3399,r3i1p1f1,1959,04,23,0.0,12.929251,-0.8351428,1959
3400,r3i1p1f1,1959,04,24,0.0,11.66877,3.9471836,1959
3401,r3i1p1f1,1959,04,25,19.886436551123072,6.9558315,-0.7274769,1959
3402,r3i1p1f1,1959,04,26,7.722525380928633,4.13456,-3.0679834,1959
3403,r3i1p1f1,1959,04,27,0.0,14.218861,-0.66766065,1959
3404,r3i1p1f1,1959,04,28,0.0,16.99789,1.0805523,1959
3405,r3i1p1f1,1959,04,29,0.0,17.44736,3.4990735,1959
3406,r3i1p1f1,1959,04,30,0.0,19.174126,4.396905,1959
3407,r3i1p1f1,1959,05,01,0.0,18.824387,6.0367703,1959
3408,r3i1p1f1,1959,05,02,0.0,15.796423,2.8798916,1959
3409,r3i1p1f1,1959,05,03,0.0,17.615225,3.4216557,1959
3410,r3i1p1f1,1959,05,04,0.0,21.196995,6.2278028,1959
3411,r3i1p1f1,1959,05,05,0.0,20.313562,6.8654075,1959
3412,r3i1p1f1,1959,05,06,0.0,23.741161,7.258852,1959
3413,r3i1p1f1,1959,05,07,0.0,25.51088,7.915879,1959
3414,r3i1p1f1,1959,05,08,0.0,24.941826,8.883083,1959
3415,r3i1p1f1,1959,05,09,7.6262618880336,16.940336,5.88559,1959
3416,r3i1p1f1,1959,05,10,0.0,17.603397,5.3453813,1959
3417,r3i1p1f1,1959,05,11,0.0,19.174225,4.7560973,1959
3418,r3i1p1f1,1959,05,12,0.0,19.640123,4.794234,1959
3419,r3i1p1f1,1959,05,13,0.0,22.247787,4.8281393,1959
3420,r3i1p1f1,1959,05,14,0.0,23.60779,6.6554255,1959
3421,r3i1p1f1,1959,05,15,0.0,23.306618,8.718358,1959
3422,r3i1p1f1,1959,05,16,0.0,24.799208,7.164378,1959
3423,r3i1p1f1,1959,05,17,0.0,23.580431,7.868384,1959
3424,r3i1p1f1,1959,05,18,0.0,22.804052,8.181838,1959
3425,r3i1p1f1,1959,05,19,0.0,20.03489,7.89922,1959
3426,r3i1p1f1,1959,05,20,0.0,17.957344,6.3458343,1959
3427,r3i1p1f1,1959,05,21,0.0,16.586775,5.8631434,1959
3428,r3i1p1f1,1959,05,22,0.854656841386857,15.828045,3.7093556,1959
3429,r3i1p1f1,1959,05,23,0.0,23.271229,6.5961666,1959
3430,r3i1p1f1,1959,05,24,0.0,26.749708,9.67187,1959
3431,r3i1p1f1,1959,05,25,0.0,26.007101,10.659473,1959
3432,r3i1p1f1,1959,05,26,0.0,22.390823,6.8568983,1959
3433,r3i1p1f1,1959,05,27,0.0,21.358519,7.5403523,1959
3434,r3i1p1f1,1959,05,28,0.0,22.976484,5.2277718,1959
3435,r3i1p1f1,1959,05,29,0.0,24.537575,7.5119004,1959
3436,r3i1p1f1,1959,05,30,0.0,25.647646,10.003162,1959
3437,r3i1p1f1,1959,05,31,0.0,25.642517,10.017332,1959
3438,r3i1p1f1,1959,06,01,0.0,26.646416,10.444788,1959
3439,r3i1p1f1,1959,06,02,0.0,28.239117,11.476772,1959
3440,r3i1p1f1,1959,06,03,0.0,27.983896,11.360265,1959
3441,r3i1p1f1,1959,06,04,0.0,27.375887,9.90852,1959
3442,r3i1p1f1,1959,06,05,0.0,23.37396,7.4419336,1959
3443,r3i1p1f1,1959,06,06,0.13618666952855787,20.934889,5.7800555,1959
3444,r3i1p1f1,1959,06,07,10.224763763682475,13.520922,4.167351,1959
3445,r3i1p1f1,1959,06,08,1.0159188437300097,20.21667,2.8407571,1959
3446,r3i1p1f1,1959,06,09,0.0,25.44242,7.671201,1959
3447,r3i1p1f1,1959,06,10,0.0,26.580965,10.2181225,1959
3448,r3i1p1f1,1959,06,11,0.0,27.012444,10.993185,1959
3449,r3i1p1f1,1959,06,12,0.7103840681099284,25.456343,9.891246,1959
3450,r3i1p1f1,1959,06,13,0.0,25.02786,8.446366,1959
3451,r3i1p1f1,1959,06,14,0.0,25.640602,8.322572,1959
3452,r3i1p1f1,1959,06,15,0.0,25.68913,10.09192,1959
3453,r3i1p1f1,1959,06,16,0.0,25.081665,8.377119,1959
3454,r3i1p1f1,1959,06,17,0.0,21.693949,6.143771,1959
3455,r3i1p1f1,1959,06,18,0.0,21.550795,8.014555,1959
3456,r3i1p1f1,1959,06,19,0.0,21.137135,7.767974,1959
3457,r3i1p1f1,1959,06,20,0.0,23.147583,7.4650283,1959
3458,r3i1p1f1,1959,06,21,0.0,25.114906,9.629076,1959
3459,r3i1p1f1,1959,06,22,0.0,24.735258,10.352289,1959
3460,r3i1p1f1,1959,06,23,0.0,29.507973,11.0616,1959
3461,r3i1p1f1,1959,06,24,0.0,30.542109,14.152375,1959
3462,r3i1p1f1,1959,06,25,0.0,30.027527,14.100806,1959
3463,r3i1p1f1,1959,06,26,0.0,27.710268,10.405157,1959
3464,r3i1p1f1,1959,06,27,0.0,28.494297,9.886646,1959
3465,r3i1p1f1,1959,06,28,0.0,30.542334,12.176907,1959
3466,r3i1p1f1,1959,06,29,0.0,30.327099,15.73289,1959
3467,r3i1p1f1,1959,06,30,0.0,28.21937,10.8797,1959
3468,r3i1p1f1,1959,07,01,3.7273299658983503,23.671997,12.704336,1959
3469,r3i1p1f1,1959,07,02,0.0,19.463842,4.24814,1959
3470,r3i1p1f1,1959,07,03,0.0,22.173618,4.8242474,1959
3471,r3i1p1f1,1959,07,04,0.0,22.076511,6.425146,1959
3472,r3i1p1f1,1959,07,05,0.0,23.659063,5.8145685,1959
3473,r3i1p1f1,1959,07,06,0.0,25.904274,8.515999,1959
3474,r3i1p1f1,1959,07,07,0.0,26.166843,9.645173,1959
3475,r3i1p1f1,1959,07,08,0.0,25.208157,9.10347,1959
3476,r3i1p1f1,1959,07,09,0.0,23.213577,7.8772955,1959
3477,r3i1p1f1,1959,07,10,0.0,27.622797,7.856049,1959
3478,r3i1p1f1,1959,07,11,0.0,32.485676,12.893484,1959
3479,r3i1p1f1,1959,07,12,0.0,32.734806,14.7673025,1959
3480,r3i1p1f1,1959,07,13,0.0,33.928787,15.913115,1959
3481,r3i1p1f1,1959,07,14,0.0,33.182865,16.609179,1959
3482,r3i1p1f1,1959,07,15,0.0,30.951942,13.868322,1959
3483,r3i1p1f1,1959,07,16,0.0,25.30886,9.330508,1959
3484,r3i1p1f1,1959,07,17,0.0,22.517254,6.821418,1959
3485,r3i1p1f1,1959,07,18,0.0,24.847713,8.062639,1959
3486,r3i1p1f1,1959,07,19,0.0,26.20188,8.809677,1959
3487,r3i1p1f1,1959,07,20,0.0,28.93723,10.954675,1959
3488,r3i1p1f1,1959,07,21,0.0,31.350214,12.796155,1959
3489,r3i1p1f1,1959,07,22,0.0,31.740017,13.641952,1959
3490,r3i1p1f1,1959,07,23,0.0,31.37917,14.418418,1959
3491,r3i1p1f1,1959,07,24,0.0,28.301867,12.276074,1959
3492,r3i1p1f1,1959,07,25,0.0,27.149952,10.632637,1959
3493,r3i1p1f1,1959,07,26,0.0,29.174341,10.990521,1959
3494,r3i1p1f1,1959,07,27,0.0,31.780869,13.626496,1959
3495,r3i1p1f1,1959,07,28,0.0,35.293224,16.277254,1959
3496,r3i1p1f1,1959,07,29,0.0,36.310177,17.227983,1959
3497,r3i1p1f1,1959,07,30,0.0,36.649708,17.667131,1959
3498,r3i1p1f1,1959,07,31,0.0,37.35827,18.736418,1959
3499,r3i1p1f1,1959,08,01,0.00791677433115087,36.859894,19.057873,1959
3500,r3i1p1f1,1959,08,02,0.0,32.167625,16.907127,1959
3501,r3i1p1f1,1959,08,03,0.0,30.24078,14.677539,1959
3502,r3i1p1f1,1959,08,04,0.0,30.036554,14.519067,1959
3503,r3i1p1f1,1959,08,05,0.0,30.95754,13.959875,1959
3504,r3i1p1f1,1959,08,06,0.0,30.336681,15.180574,1959
3505,r3i1p1f1,1959,08,07,0.0,29.713467,13.57243,1959
3506,r3i1p1f1,1959,08,08,0.005245372219513611,29.888435,13.823094,1959
3507,r3i1p1f1,1959,08,09,0.0,29.450432,11.593061,1959
3508,r3i1p1f1,1959,08,10,0.0,26.482224,8.934385,1959
3509,r3i1p1f1,1959,08,11,0.0,23.721416,7.9269185,1959
3510,r3i1p1f1,1959,08,12,0.0,19.35891,7.837561,1959
3511,r3i1p1f1,1959,08,13,0.0,17.841667,4.5712223,1959
3512,r3i1p1f1,1959,08,14,0.045235586596965346,16.88206,3.9411175,1959
3513,r3i1p1f1,1959,08,15,0.0009380810776124953,18.18527,3.9503214,1959
3514,r3i1p1f1,1959,08,16,0.0,24.787848,6.405832,1959
3515,r3i1p1f1,1959,08,17,0.0,25.661127,10.118223,1959
3516,r3i1p1f1,1959,08,18,0.0,24.527752,8.940654,1959
3517,r3i1p1f1,1959,08,19,0.0,22.962114,7.311131,1959
3518,r3i1p1f1,1959,08,20,0.0,24.807892,8.562714,1959
3519,r3i1p1f1,1959,08,21,0.0,25.807962,9.008279,1959
3520,r3i1p1f1,1959,08,22,0.0,26.127243,9.377366,1959
3521,r3i1p1f1,1959,08,23,0.0,25.673878,9.9725065,1959
3522,r3i1p1f1,1959,08,24,0.0,22.714334,7.4855804,1959
3523,r3i1p1f1,1959,08,25,0.0,20.467196,6.0693293,1959
3524,r3i1p1f1,1959,08,26,0.0,19.330498,5.101411,1959
3525,r3i1p1f1,1959,08,27,0.0,21.652288,5.843104,1959
3526,r3i1p1f1,1959,08,28,0.0,24.541723,7.634088,1959
3527,r3i1p1f1,1959,08,29,0.0,24.86673,8.753125,1959
3528,r3i1p1f1,1959,08,30,0.0,23.48953,8.169073,1959
3529,r3i1p1f1,1959,08,31,0.15138054115691615,25.064032,9.329199,1959
3530,r3i1p1f1,1959,09,01,0.38515406493771526,24.336683,10.45632,1959
3531,r3i1p1f1,1959,09,02,5.96924590341874,28.421741,14.788499,1959
3532,r3i1p1f1,1959,09,03,0.7660977977569641,21.90203,8.951579,1959
3533,r3i1p1f1,1959,09,04,0.0,24.457714,8.684871,1959
3534,r3i1p1f1,1959,09,05,0.0,27.20531,10.303465,1959
3535,r3i1p1f1,1959,09,06,0.0,28.993744,12.54678,1959
3536,r3i1p1f1,1959,09,07,0.0,31.921856,13.7036085,1959
3537,r3i1p1f1,1959,09,08,0.0,31.373343,14.165465,1959
3538,r3i1p1f1,1959,09,09,0.0,27.540459,12.232365,1959
3539,r3i1p1f1,1959,09,10,0.0,26.083641,8.540982,1959
3540,r3i1p1f1,1959,09,11,0.0,27.467136,10.515768,1959
3541,r3i1p1f1,1959,09,12,0.0,26.84748,11.091288,1959
3542,r3i1p1f1,1959,09,13,0.0,23.83582,8.093328,1959
3543,r3i1p1f1,1959,09,14,0.03996042314132577,20.96271,5.4215536,1959
3544,r3i1p1f1,1959,09,15,0.0,18.4757,3.0004387,1959
3545,r3i1p1f1,1959,09,16,0.0,18.013474,3.4479978,1959
3546,r3i1p1f1,1959,09,17,64.34938785080847,13.628635,6.602004,1959
3547,r3i1p1f1,1959,09,18,0.0,19.191996,5.355486,1959
3548,r3i1p1f1,1959,09,19,0.0,22.624147,5.3990245,1959
3549,r3i1p1f1,1959,09,20,0.0,24.84336,7.925137,1959
3550,r3i1p1f1,1959,09,21,0.0,27.890263,10.477087,1959
3551,r3i1p1f1,1959,09,22,0.0,27.294271,10.722089,1959
3552,r3i1p1f1,1959,09,23,0.0,25.381844,9.448611,1959
3553,r3i1p1f1,1959,09,24,0.0,21.069452,5.05061,1959
3554,r3i1p1f1,1959,09,25,0.0,20.605545,5.614547,1959
3555,r3i1p1f1,1959,09,26,0.0,19.860485,5.8405013,1959
3556,r3i1p1f1,1959,09,27,11.669382249697504,15.785084,5.009584,1959
3557,r3i1p1f1,1959,09,28,0.0,19.471287,3.1732478,1959
3558,r3i1p1f1,1959,09,29,0.0,24.987427,7.290713,1959
3559,r3i1p1f1,1959,09,30,0.0,26.918236,10.320901,1959
3560,r3i1p1f1,1959,10,01,0.0,27.196722,11.046601,1959
3561,r3i1p1f1,1959,10,02,0.0,27.07761,11.09059,1959
3562,r3i1p1f1,1959,10,03,2.1230458206877016,26.145506,11.411514,1959
3563,r3i1p1f1,1959,10,04,0.0,21.071747,6.454567,1959
3564,r3i1p1f1,1959,10,05,0.0,21.080727,6.2796984,1959
3565,r3i1p1f1,1959,10,06,0.0,24.53111,7.896643,1959
3566,r3i1p1f1,1959,10,07,0.0,25.321575,8.482169,1959
3567,r3i1p1f1,1959,10,08,0.0,26.458315,9.722654,1959
3568,r3i1p1f1,1959,10,09,0.0,25.421951,9.948712,1959
3569,r3i1p1f1,1959,10,10,0.0,23.51269,9.521824,1959
3570,r3i1p1f1,1959,10,11,0.0,20.37866,4.261791,1959
3571,r3i1p1f1,1959,10,12,0.0,22.15922,5.7077546,1959
3572,r3i1p1f1,1959,10,13,0.0,21.71863,6.429246,1959
3573,r3i1p1f1,1959,10,14,0.0,21.382324,7.387242,1959
3574,r3i1p1f1,1959,10,15,23.54942958703951,20.608896,6.7033935,1959
3575,r3i1p1f1,1959,10,16,24.184923225670662,8.773066,2.8749917,1959
3576,r3i1p1f1,1959,10,17,29.90200497871755,7.033609,1.5423311,1959
3577,r3i1p1f1,1959,10,18,0.0,13.58492,-1.6558685,1959
3578,r3i1p1f1,1959,10,19,0.0,16.130661,1.9853169,1959
3579,r3i1p1f1,1959,10,20,0.0,17.073858,2.1531909,1959
3580,r3i1p1f1,1959,10,21,3.803529677296817,16.024338,2.767837,1959
3581,r3i1p1f1,1959,10,22,3.4962491425654947,10.05235,-0.40858874,1959
3582,r3i1p1f1,1959,10,23,4.693107504710114,9.052124,-0.89360833,1959
3583,r3i1p1f1,1959,10,24,8.851993905486061,11.240468,1.56486,1959
3584,r3i1p1f1,1959,10,25,0.0,16.61214,1.1144484,1959
3585,r3i1p1f1,1959,10,26,0.0,15.880647,0.4923715,1959
3586,r3i1p1f1,1959,10,27,0.0,18.208748,2.0479012,1959
3587,r3i1p1f1,1959,10,28,0.0,17.257645,1.3533795,1959
3588,r3i1p1f1,1959,10,29,0.0,16.456486,2.970058,1959
3589,r3i1p1f1,1959,10,30,0.0,14.4188,4.287076,1959
3590,r3i1p1f1,1959,10,31,0.0,16.18848,2.1547675,1959
3591,r3i1p1f1,1959,11,01,0.0687738322181088,14.751085,2.1019995,1959
3592,r3i1p1f1,1959,11,02,0.0,8.257213,-3.2750034,1959
3593,r3i1p1f1,1959,11,03,0.0,8.005285,-4.5037656,1959
3594,r3i1p1f1,1959,11,04,0.7348507762990745,6.2769775,-2.2710528,1959
3595,r3i1p1f1,1959,11,05,0.2631719426828663,5.392745,-3.2140453,1959
3596,r3i1p1f1,1959,11,06,0.0,9.686927,-3.4029026,1959
3597,r3i1p1f1,1959,11,07,0.0,13.313414,0.17044258,1959
3598,r3i1p1f1,1959,11,08,0.0,18.198708,3.1422653,1959
3599,r3i1p1f1,1959,11,09,0.0,21.163254,5.4350357,1959
3600,r3i1p1f1,1959,11,10,0.0,20.684978,5.334802,1959
3601,r3i1p1f1,1959,11,11,0.5234510142863177,19.740402,8.795428,1959
3602,r3i1p1f1,1959,11,12,0.0,17.079378,0.16241592,1959
3603,r3i1p1f1,1959,11,13,0.0,16.311697,2.1165462,1959
3604,r3i1p1f1,1959,11,14,0.0,14.472649,4.6649265,1959
3605,r3i1p1f1,1959,11,15,0.0,12.548301,1.0030041,1959
3606,r3i1p1f1,1959,11,16,0.005070843709338652,11.208824,-0.7264574,1959
3607,r3i1p1f1,1959,11,17,0.0,10.096605,-2.3982446,1959
3608,r3i1p1f1,1959,11,18,0.0,10.74918,-2.1531148,1959
3609,r3i1p1f1,1959,11,19,0.0,13.541756,-1.1621915,1959
3610,r3i1p1f1,1959,11,20,0.0,11.987144,-2.7040522,1959
3611,r3i1p1f1,1959,11,21,0.0,7.5920634,-2.5581896,1959
3612,r3i1p1f1,1959,11,22,0.0,11.305699,-2.1094446,1959
3613,r3i1p1f1,1959,11,23,0.0,9.989654,-2.485825,1959
3614,r3i1p1f1,1959,11,24,0.0,4.8565273,-8.039137,1959
3615,r3i1p1f1,1959,11,25,0.0,7.6944075,-5.296211,1959
3616,r3i1p1f1,1959,11,26,0.0,10.771828,-4.525013,1959
3617,r3i1p1f1,1959,11,27,0.0,8.774985,-4.3665767,1959
3618,r3i1p1f1,1959,11,28,4.178303747252549,4.726192,-1.2749382,1959
3619,r3i1p1f1,1959,11,29,0.0,8.022845,-5.051941,1959
3620,r3i1p1f1,1959,11,30,5.177775501751488,5.0625515,-4.3807244,1959
3621,r3i1p1f1,1959,12,01,0.0,4.9957933,-4.012653,1959
3622,r3i1p1f1,1959,12,02,0.0,11.050093,-3.5345674,1959
3623,r3i1p1f1,1959,12,03,0.029027809413444055,10.025117,2.2405655,1959
3624,r3i1p1f1,1959,12,04,0.0,3.5764432,-5.9425006,1959
3625,r3i1p1f1,1959,12,05,0.0,9.172667,-3.3617892,1959
3626,r3i1p1f1,1959,12,06,0.0,11.227803,-1.004304,1959
3627,r3i1p1f1,1959,12,07,0.0,14.196246,0.38863665,1959
3628,r3i1p1f1,1959,12,08,0.0,13.298498,0.91773576,1959
3629,r3i1p1f1,1959,12,09,0.0,12.595105,0.17355704,1959
3630,r3i1p1f1,1959,12,10,0.0,13.855987,0.46206844,1959
3631,r3i1p1f1,1959,12,11,0.0,13.505821,0.5155387,1959
3632,r3i1p1f1,1959,12,12,0.0,14.127861,-0.31344795,1959
3633,r3i1p1f1,1959,12,13,0.0,12.484482,0.72181904,1959
3634,r3i1p1f1,1959,12,14,0.0,13.835608,0.9079156,1959
3635,r3i1p1f1,1959,12,15,0.0,16.418978,1.4543797,1959
3636,r3i1p1f1,1959,12,16,0.0,18.065382,1.9565743,1959
3637,r3i1p1f1,1959,12,17,0.0,16.86704,3.4339921,1959
3638,r3i1p1f1,1959,12,18,0.0,17.691162,2.7967272,1959
3639,r3i1p1f1,1959,12,19,0.0,19.67421,5.949365,1959
3640,r3i1p1f1,1959,12,20,0.0,20.455992,5.242035,1959
3641,r3i1p1f1,1959,12,21,0.0,16.931562,5.149182,1959
3642,r3i1p1f1,1959,12,22,0.0,12.626965,-0.3427867,1959
3643,r3i1p1f1,1959,12,23,10.320308727922997,5.712148,-2.9029272,1959
3644,r3i1p1f1,1959,12,24,0.0,11.209493,-3.5784047,1959
3645,r3i1p1f1,1959,12,25,0.0,13.070016,-0.31915963,1959
3646,r3i1p1f1,1959,12,26,0.0,15.446597,1.7039447,1959
3647,r3i1p1f1,1959,12,27,0.0,13.330173,-2.0327299,1959
3648,r3i1p1f1,1959,12,28,0.0,6.137295,-4.4584875,1959
3649,r3i1p1f1,1959,12,29,0.0,10.572114,-1.3369148,1959
3650,r3i1p1f1,1959,12,30,0.0,11.427363,-1.3110316,1959
3651,r3i1p1f1,1959,12,31,0.0,10.265476,-1.5290408,1959
3652,r3i1p1f1,1960,01,01,0.0,10.567859,-1.204571,1960
3653,r3i1p1f1,1960,01,02,0.0,9.942461,-1.6700901,1960
3654,r3i1p1f1,1960,01,03,0.0,13.185568,-1.1201102,1960
3655,r3i1p1f1,1960,01,04,0.0,13.885161,1.5479527,1960
3656,r3i1p1f1,1960,01,05,0.0,12.538455,3.1206367,1960
3657,r3i1p1f1,1960,01,06,0.0,15.198208,2.9758172,1960
3658,r3i1p1f1,1960,01,07,0.0,17.101212,4.5302405,1960
3659,r3i1p1f1,1960,01,08,0.0,17.59104,4.578997,1960
3660,r3i1p1f1,1960,01,09,0.0,18.202469,3.2737894,1960
3661,r3i1p1f1,1960,01,10,0.0,17.618582,4.0143466,1960
3662,r3i1p1f1,1960,01,11,0.0,17.751793,4.382995,1960
3663,r3i1p1f1,1960,01,12,0.0,19.011126,4.664436,1960
3664,r3i1p1f1,1960,01,13,0.0,19.519697,4.6686015,1960
3665,r3i1p1f1,1960,01,14,0.0,18.771059,4.1228933,1960
3666,r3i1p1f1,1960,01,15,0.0,17.245504,3.566461,1960
3667,r3i1p1f1,1960,01,16,0.0,17.116966,3.7071471,1960
3668,r3i1p1f1,1960,01,17,5.951536178518405,14.785461,3.6067731,1960
3669,r3i1p1f1,1960,01,18,0.0,17.325708,2.802811,1960
3670,r3i1p1f1,1960,01,19,10.44451469543243,12.406526,4.6607304,1960
3671,r3i1p1f1,1960,01,20,22.453392467363493,8.733768,2.8100865,1960
3672,r3i1p1f1,1960,01,21,0.0,14.574429,3.7409284,1960
3673,r3i1p1f1,1960,01,22,30.86716294729788,11.523093,1.6732416,1960
3674,r3i1p1f1,1960,01,23,21.344092663524574,6.899511,-2.5290914,1960
3675,r3i1p1f1,1960,01,24,42.34279810671548,3.3078668,-3.9783065,1960
3676,r3i1p1f1,1960,01,25,42.6057135416685,8.193515,-0.360956,1960
3677,r3i1p1f1,1960,01,26,95.80791597499659,7.7992754,2.9252098,1960
3678,r3i1p1f1,1960,01,27,61.091734287574106,6.9430118,0.72569996,1960
3679,r3i1p1f1,1960,01,28,71.86039153388457,2.2137709,-2.9428933,1960
3680,r3i1p1f1,1960,01,29,150.64914541220978,8.21141,1.404884,1960
3681,r3i1p1f1,1960,01,30,26.50396650454863,6.3832407,-0.93329465,1960
3682,r3i1p1f1,1960,01,31,72.1201961271857,7.206299,-2.0605586,1960
3683,r3i1p1f1,1960,02,01,82.40249337824552,10.030215,-1.2629021,1960
3684,r3i1p1f1,1960,02,02,16.776027949297138,4.1213717,-2.3823948,1960
3685,r3i1p1f1,1960,02,03,0.0,6.835367,-1.4451532,1960
3686,r3i1p1f1,1960,02,04,0.0,7.45772,-3.5385835,1960
3687,r3i1p1f1,1960,02,05,0.0,7.609329,-5.457238,1960
3688,r3i1p1f1,1960,02,06,0.0,8.417298,-5.263071,1960
3689,r3i1p1f1,1960,02,07,0.0,7.972679,-5.044395,1960
3690,r3i1p1f1,1960,02,08,5.062561691470603,5.322836,-0.8742682,1960
3691,r3i1p1f1,1960,02,09,0.0,12.319701,-0.84547657,1960
3692,r3i1p1f1,1960,02,10,0.0,14.865073,0.5093954,1960
3693,r3i1p1f1,1960,02,11,0.0,14.731487,0.74786246,1960
3694,r3i1p1f1,1960,02,12,0.0,13.834208,0.7073777,1960
3695,r3i1p1f1,1960,02,13,0.0,15.189697,0.43468443,1960
3696,r3i1p1f1,1960,02,14,0.0,14.273683,1.1223352,1960
3697,r3i1p1f1,1960,02,15,4.157095199633132,11.161707,2.6793435,1960
3698,r3i1p1f1,1960,02,16,0.07381047410155206,11.252781,-1.0091461,1960
3699,r3i1p1f1,1960,02,17,10.940207259600834,6.591417,-2.843524,1960
3700,r3i1p1f1,1960,02,18,9.442026216435663,5.071423,-3.9807386,1960
3701,r3i1p1f1,1960,02,19,0.0,9.137444,-2.5751784,1960
3702,r3i1p1f1,1960,02,20,1.2398287038817408,12.054644,0.9764797,1960
3703,r3i1p1f1,1960,02,21,0.0,14.658692,0.8874688,1960
3704,r3i1p1f1,1960,02,22,0.0,15.679594,2.829327,1960
3705,r3i1p1f1,1960,02,23,0.0,16.515522,2.253233,1960
3706,r3i1p1f1,1960,02,24,0.0,14.458227,1.3428849,1960
3707,r3i1p1f1,1960,02,25,0.0,12.1613655,-0.96332765,1960
3708,r3i1p1f1,1960,02,26,0.0,12.875589,-0.92969316,1960
3709,r3i1p1f1,1960,02,27,0.0,12.695329,-0.06783183,1960
3710,r3i1p1f1,1960,02,28,42.9038275106761,8.074811,-0.07146461,1960
3711,r3i1p1f1,1960,02,29,53.05735453914263,1.2894782,-4.10055,1960
3712,r3i1p1f1,1960,03,01,11.09646222688944,0.2056482,-5.1264315,1960
3713,r3i1p1f1,1960,03,02,0.41481017014073013,6.551438,-5.514769,1960
3714,r3i1p1f1,1960,03,03,0.0,8.826682,-3.1961386,1960
3715,r3i1p1f1,1960,03,04,0.0,10.6640415,-3.9423091,1960
3716,r3i1p1f1,1960,03,05,0.0,12.914088,-1.0092874,1960
3717,r3i1p1f1,1960,03,06,0.0,17.662796,2.0687037,1960
3718,r3i1p1f1,1960,03,07,0.0,19.749508,5.035334,1960
3719,r3i1p1f1,1960,03,08,0.0,19.77391,4.6946945,1960
3720,r3i1p1f1,1960,03,09,0.0,18.739819,7.375294,1960
3721,r3i1p1f1,1960,03,10,0.0,16.698536,4.817893,1960
3722,r3i1p1f1,1960,03,11,0.0,14.91639,2.094219,1960
3723,r3i1p1f1,1960,03,12,0.0,15.666106,1.2304664,1960
3724,r3i1p1f1,1960,03,13,0.0,15.57538,1.6884402,1960
3725,r3i1p1f1,1960,03,14,5.271774499890039,12.045339,2.673047,1960
3726,r3i1p1f1,1960,03,15,0.01736948095065983,15.045819,0.65840936,1960
3727,r3i1p1f1,1960,03,16,0.0,17.414568,2.5724013,1960
3728,r3i1p1f1,1960,03,17,0.0,18.245571,3.705336,1960
3729,r3i1p1f1,1960,03,18,0.0,17.513262,6.1513243,1960
3730,r3i1p1f1,1960,03,19,0.0,18.627132,4.599551,1960
3731,r3i1p1f1,1960,03,20,0.0,17.961843,3.1094587,1960
3732,r3i1p1f1,1960,03,21,0.0,17.494476,4.6207767,1960
3733,r3i1p1f1,1960,03,22,0.0,17.634401,3.1039603,1960
3734,r3i1p1f1,1960,03,23,0.0,18.246418,2.8782341,1960
3735,r3i1p1f1,1960,03,24,0.0,16.577759,3.7978885,1960
3736,r3i1p1f1,1960,03,25,0.0,13.804804,-0.04972622,1960
3737,r3i1p1f1,1960,03,26,0.02609989431603983,11.769795,2.672882,1960
3738,r3i1p1f1,1960,03,27,1.8606945954831502,8.070674,-1.688805,1960
3739,r3i1p1f1,1960,03,28,0.0,13.4224,-2.099468,1960
3740,r3i1p1f1,1960,03,29,0.0,17.225937,1.1655837,1960
3741,r3i1p1f1,1960,03,30,36.99380410099892,13.944875,-0.43092135,1960
3742,r3i1p1f1,1960,03,31,6.153915471421849,4.8472323,-0.9893833,1960
3743,r3i1p1f1,1960,04,01,45.63769920680084,3.4546664,-1.5795696,1960
3744,r3i1p1f1,1960,04,02,2.312187617453195,6.541715,-3.4923143,1960
3745,r3i1p1f1,1960,04,03,0.0,13.453706,-2.5282784,1960
3746,r3i1p1f1,1960,04,04,0.0,13.419092,-0.88064253,1960
3747,r3i1p1f1,1960,04,05,1.6121530831744741,11.465944,0.8086934,1960
3748,r3i1p1f1,1960,04,06,0.0,16.195545,1.1900634,1960
3749,r3i1p1f1,1960,04,07,1.9812315507040599,12.081525,1.9435555,1960
3750,r3i1p1f1,1960,04,08,0.0,14.944469,-0.44743022,1960
3751,r3i1p1f1,1960,04,09,0.0,18.223963,1.4919145,1960
3752,r3i1p1f1,1960,04,10,0.0,21.462114,5.4009047,1960
3753,r3i1p1f1,1960,04,11,0.0,20.367863,5.077252,1960
3754,r3i1p1f1,1960,04,12,0.0,18.947071,4.743342,1960
3755,r3i1p1f1,1960,04,13,0.0,20.140545,5.3282123,1960
3756,r3i1p1f1,1960,04,14,0.0,23.064175,4.6621294,1960
3757,r3i1p1f1,1960,04,15,0.0,20.860062,7.599987,1960
3758,r3i1p1f1,1960,04,16,0.0,15.559725,3.1951973,1960
3759,r3i1p1f1,1960,04,17,5.725348453300907,7.9074416,-1.9951512,1960
3760,r3i1p1f1,1960,04,18,11.20896760594884,7.1975455,-1.5987111,1960
3761,r3i1p1f1,1960,04,19,0.14596396180614216,10.916545,-1.8756965,1960
3762,r3i1p1f1,1960,04,20,12.273447248337202,7.7147007,-1.316678,1960
3763,r3i1p1f1,1960,04,21,0.0,11.745198,-2.3255336,1960
3764,r3i1p1f1,1960,04,22,0.5669951048467307,10.165321,-2.736219,1960
3765,r3i1p1f1,1960,04,23,0.34085358033495905,12.2384205,-0.09861794,1960
3766,r3i1p1f1,1960,04,24,6.433947477642888,7.922653,-1.8228343,1960
3767,r3i1p1f1,1960,04,25,0.0,11.984441,-3.4230678,1960
3768,r3i1p1f1,1960,04,26,0.3204579821996097,8.154975,-1.090516,1960
3769,r3i1p1f1,1960,04,27,0.7562395832409445,12.003604,0.50142896,1960
3770,r3i1p1f1,1960,04,28,0.09750551877292118,18.688377,1.1652266,1960
3771,r3i1p1f1,1960,04,29,0.0,23.006489,6.342879,1960
3772,r3i1p1f1,1960,04,30,0.0,24.431576,6.9773197,1960
3773,r3i1p1f1,1960,05,01,0.0,24.823439,8.838058,1960
3774,r3i1p1f1,1960,05,02,0.0,25.832941,9.343132,1960
3775,r3i1p1f1,1960,05,03,0.09932102463943393,26.230034,10.422404,1960
3776,r3i1p1f1,1960,05,04,0.0,22.737669,9.199316,1960
3777,r3i1p1f1,1960,05,05,10.135080861724227,15.74597,3.23878,1960
3778,r3i1p1f1,1960,05,06,16.32408323942065,6.91352,0.89335346,1960
3779,r3i1p1f1,1960,05,07,0.0,15.605935,2.4458723,1960
3780,r3i1p1f1,1960,05,08,0.0,19.36198,3.5652223,1960
3781,r3i1p1f1,1960,05,09,0.0,20.632208,4.973765,1960
3782,r3i1p1f1,1960,05,10,0.0,21.641155,6.27078,1960
3783,r3i1p1f1,1960,05,11,0.0,22.399504,8.205966,1960
3784,r3i1p1f1,1960,05,12,0.0,21.788328,6.6157656,1960
3785,r3i1p1f1,1960,05,13,4.467199830411884,18.31005,4.237166,1960
3786,r3i1p1f1,1960,05,14,3.779303530762646,17.14629,5.389898,1960
3787,r3i1p1f1,1960,05,15,3.9895087698823772,16.776106,5.054974,1960
3788,r3i1p1f1,1960,05,16,6.32168526662051,16.55659,5.0476604,1960
3789,r3i1p1f1,1960,05,17,13.382231582440191,14.549999,2.4131389,1960
3790,r3i1p1f1,1960,05,18,77.14770390701138,12.018958,1.9221665,1960
3791,r3i1p1f1,1960,05,19,0.0,16.358255,4.063752,1960
3792,r3i1p1f1,1960,05,20,0.0,16.603806,4.183742,1960
3793,r3i1p1f1,1960,05,21,0.0,20.545883,4.0677342,1960
3794,r3i1p1f1,1960,05,22,0.0,21.00836,5.763427,1960
3795,r3i1p1f1,1960,05,23,0.01091787616085065,20.305243,7.3375363,1960
3796,r3i1p1f1,1960,05,24,0.7519909909062431,18.123043,4.536895,1960
3797,r3i1p1f1,1960,05,25,0.0,17.78083,5.214672,1960
3798,r3i1p1f1,1960,05,26,0.0,17.183424,4.2404175,1960
3799,r3i1p1f1,1960,05,27,0.0,16.6129,2.3505862,1960
3800,r3i1p1f1,1960,05,28,0.7939907038235106,13.222469,2.1471212,1960
3801,r3i1p1f1,1960,05,29,0.20491591697607778,12.962816,1.1889945,1960
3802,r3i1p1f1,1960,05,30,0.0,18.123138,3.21824,1960
3803,r3i1p1f1,1960,05,31,0.0,21.371477,4.8441424,1960
3804,r3i1p1f1,1960,06,01,0.0,23.18976,5.9692173,1960
3805,r3i1p1f1,1960,06,02,0.0,21.513617,8.313522,1960
3806,r3i1p1f1,1960,06,03,0.0,22.19788,5.6837897,1960
3807,r3i1p1f1,1960,06,04,0.0,23.00102,6.720054,1960
3808,r3i1p1f1,1960,06,05,0.0,23.981369,7.1537848,1960
3809,r3i1p1f1,1960,06,06,0.0,23.242212,7.971863,1960
3810,r3i1p1f1,1960,06,07,0.0,22.828684,7.689668,1960
3811,r3i1p1f1,1960,06,08,0.0,25.447935,8.537793,1960
3812,r3i1p1f1,1960,06,09,0.0,25.065321,10.403236,1960
3813,r3i1p1f1,1960,06,10,0.0,24.121592,8.41856,1960
3814,r3i1p1f1,1960,06,11,0.0,23.189037,9.269111,1960
3815,r3i1p1f1,1960,06,12,0.0,26.293894,8.283702,1960
3816,r3i1p1f1,1960,06,13,0.0,28.908972,11.467122,1960
3817,r3i1p1f1,1960,06,14,0.0,28.625515,12.689469,1960
3818,r3i1p1f1,1960,06,15,0.0,25.47287,8.29234,1960
3819,r3i1p1f1,1960,06,16,0.0,22.478897,7.3571897,1960
3820,r3i1p1f1,1960,06,17,0.0,22.282108,8.422325,1960
3821,r3i1p1f1,1960,06,18,3.8950739028223325,20.69663,7.8488903,1960
3822,r3i1p1f1,1960,06,19,0.0,25.38814,8.581896,1960
3823,r3i1p1f1,1960,06,20,0.0,29.041605,11.019468,1960
3824,r3i1p1f1,1960,06,21,0.0,28.953955,12.842798,1960
3825,r3i1p1f1,1960,06,22,3.3597122329841738,27.507132,11.283861,1960
3826,r3i1p1f1,1960,06,23,0.052025983122324475,25.04831,9.895145,1960
3827,r3i1p1f1,1960,06,24,0.0,26.472404,10.322121,1960
3828,r3i1p1f1,1960,06,25,0.8921792436970128,27.205324,11.689052,1960
3829,r3i1p1f1,1960,06,26,11.417035302101317,24.572338,10.4640465,1960
3830,r3i1p1f1,1960,06,27,13.65450876703682,22.333721,9.463675,1960
3831,r3i1p1f1,1960,06,28,0.8820223699378977,29.285542,11.955109,1960
3832,r3i1p1f1,1960,06,29,0.0,33.497417,14.369706,1960
3833,r3i1p1f1,1960,06,30,0.0,33.368713,15.7260895,1960
3834,r3i1p1f1,1960,07,01,18.036406451842357,30.565756,15.687966,1960
3835,r3i1p1f1,1960,07,02,25.599866087769012,16.968103,10.012913,1960
3836,r3i1p1f1,1960,07,03,14.39098247057317,15.739077,8.937725,1960
3837,r3i1p1f1,1960,07,04,0.0,15.415484,7.4211173,1960
3838,r3i1p1f1,1960,07,05,0.0,20.172758,5.4139676,1960
3839,r3i1p1f1,1960,07,06,0.0,25.959112,7.553253,1960
3840,r3i1p1f1,1960,07,07,0.0,27.116571,11.39794,1960
3841,r3i1p1f1,1960,07,08,0.0,26.382944,10.949588,1960
3842,r3i1p1f1,1960,07,09,0.0,25.951704,9.27478,1960
3843,r3i1p1f1,1960,07,10,0.0,27.767065,9.245593,1960
3844,r3i1p1f1,1960,07,11,0.0,29.229515,13.064738,1960
3845,r3i1p1f1,1960,07,12,0.0,30.41683,15.58373,1960
3846,r3i1p1f1,1960,07,13,0.0,30.18986,14.667051,1960
3847,r3i1p1f1,1960,07,14,0.0,29.635983,13.7779455,1960
3848,r3i1p1f1,1960,07,15,0.0,26.482077,9.37476,1960
3849,r3i1p1f1,1960,07,16,0.0,29.663837,12.147656,1960
3850,r3i1p1f1,1960,07,17,0.0,29.526127,13.91982,1960
3851,r3i1p1f1,1960,07,18,0.0,28.647675,12.971535,1960
3852,r3i1p1f1,1960,07,19,0.0,29.315866,10.705627,1960
3853,r3i1p1f1,1960,07,20,0.0,30.812963,12.574811,1960
3854,r3i1p1f1,1960,07,21,0.0,30.94427,13.800047,1960
3855,r3i1p1f1,1960,07,22,0.0,32.348045,13.968146,1960
3856,r3i1p1f1,1960,07,23,0.0,33.01255,14.500213,1960
3857,r3i1p1f1,1960,07,24,0.0,33.03314,15.644195,1960
3858,r3i1p1f1,1960,07,25,0.0,33.43616,16.308893,1960
3859,r3i1p1f1,1960,07,26,0.0,32.928955,16.14974,1960
3860,r3i1p1f1,1960,07,27,0.0,33.05067,16.850088,1960
3861,r3i1p1f1,1960,07,28,0.0020631893819786215,33.762512,17.546665,1960
3862,r3i1p1f1,1960,07,29,0.004846781896623342,32.296707,16.659052,1960
3863,r3i1p1f1,1960,07,30,0.058813767827814445,30.589846,15.218528,1960
3864,r3i1p1f1,1960,07,31,0.007555360322217702,30.183437,15.159366,1960
3865,r3i1p1f1,1960,08,01,0.0,32.796707,14.712795,1960
3866,r3i1p1f1,1960,08,02,0.0,32.674248,14.931862,1960
3867,r3i1p1f1,1960,08,03,0.0,30.564602,14.475493,1960
3868,r3i1p1f1,1960,08,04,0.0,28.32896,14.59032,1960
3869,r3i1p1f1,1960,08,05,0.2564287635706071,27.673693,14.648323,1960
3870,r3i1p1f1,1960,08,06,1.5845281017104036e-06,30.30678,15.5328865,1960
3871,r3i1p1f1,1960,08,07,0.0,31.532202,14.630288,1960
3872,r3i1p1f1,1960,08,08,0.009104623275465872,31.439087,15.956903,1960
3873,r3i1p1f1,1960,08,09,0.0033128240733946625,31.287987,14.2178955,1960
3874,r3i1p1f1,1960,08,10,0.0,29.906694,11.88111,1960
3875,r3i1p1f1,1960,08,11,0.007174274574744662,29.072588,12.49994,1960
3876,r3i1p1f1,1960,08,12,0.0,25.77485,10.943284,1960
3877,r3i1p1f1,1960,08,13,0.0,25.659025,9.657185,1960
3878,r3i1p1f1,1960,08,14,0.0,26.797403,9.463879,1960
3879,r3i1p1f1,1960,08,15,0.0,28.918335,10.829472,1960
3880,r3i1p1f1,1960,08,16,0.0,31.33209,12.594098,1960
3881,r3i1p1f1,1960,08,17,0.0,32.0064,14.265503,1960
3882,r3i1p1f1,1960,08,18,0.0,31.64312,16.760382,1960
3883,r3i1p1f1,1960,08,19,0.0,31.126245,15.555701,1960
3884,r3i1p1f1,1960,08,20,0.0,31.248537,14.997454,1960
3885,r3i1p1f1,1960,08,21,0.0,29.349346,12.401862,1960
3886,r3i1p1f1,1960,08,22,0.0,28.34878,11.654062,1960
3887,r3i1p1f1,1960,08,23,0.0,26.898806,10.079657,1960
3888,r3i1p1f1,1960,08,24,0.0,28.327002,10.151438,1960
3889,r3i1p1f1,1960,08,25,0.0,27.643564,9.94302,1960
3890,r3i1p1f1,1960,08,26,0.0,25.238655,10.55178,1960
3891,r3i1p1f1,1960,08,27,0.0,24.369211,7.9693627,1960
3892,r3i1p1f1,1960,08,28,0.0,24.293434,9.002745,1960
3893,r3i1p1f1,1960,08,29,0.0,27.691189,8.585647,1960
3894,r3i1p1f1,1960,08,30,0.0,28.454538,10.042609,1960
3895,r3i1p1f1,1960,08,31,0.0,29.80302,11.523995,1960
3896,r3i1p1f1,1960,09,01,0.0,29.208471,12.073259,1960
3897,r3i1p1f1,1960,09,02,0.0,27.256536,11.298474,1960
3898,r3i1p1f1,1960,09,03,0.0,23.466305,6.1292853,1960
3899,r3i1p1f1,1960,09,04,0.0,25.314533,7.574862,1960
3900,r3i1p1f1,1960,09,05,0.0,25.155077,9.560094,1960
3901,r3i1p1f1,1960,09,06,0.0,24.701662,8.483779,1960
3902,r3i1p1f1,1960,09,07,0.0,23.722143,7.229176,1960
3903,r3i1p1f1,1960,09,08,0.001994940899557581,21.11056,5.4997463,1960
3904,r3i1p1f1,1960,09,09,0.0,21.726732,5.333913,1960
3905,r3i1p1f1,1960,09,10,0.0,22.413057,7.913035,1960
3906,r3i1p1f1,1960,09,11,0.0,21.912193,4.9294505,1960
3907,r3i1p1f1,1960,09,12,0.0,20.997004,6.306345,1960
3908,r3i1p1f1,1960,09,13,0.0,26.297562,9.019502,1960
3909,r3i1p1f1,1960,09,14,0.0,28.72242,10.457066,1960
3910,r3i1p1f1,1960,09,15,0.0,29.182875,10.847515,1960
3911,r3i1p1f1,1960,09,16,0.0,28.944847,11.946436,1960
3912,r3i1p1f1,1960,09,17,0.0,27.560116,10.566368,1960
3913,r3i1p1f1,1960,09,18,0.0,26.539555,9.469686,1960
3914,r3i1p1f1,1960,09,19,0.0,25.547121,12.219568,1960
3915,r3i1p1f1,1960,09,20,0.0,23.50187,8.943731,1960
3916,r3i1p1f1,1960,09,21,0.0,23.76691,7.5477037,1960
3917,r3i1p1f1,1960,09,22,0.012262593334430437,23.193134,8.034625,1960
3918,r3i1p1f1,1960,09,23,0.0,19.828455,4.9527607,1960
3919,r3i1p1f1,1960,09,24,0.0,20.594185,5.600941,1960
3920,r3i1p1f1,1960,09,25,0.0,26.035192,8.233177,1960
3921,r3i1p1f1,1960,09,26,0.0,25.323507,10.451942,1960
3922,r3i1p1f1,1960,09,27,0.0,23.21898,8.100638,1960
3923,r3i1p1f1,1960,09,28,0.0,17.912699,3.2810676,1960
3924,r3i1p1f1,1960,09,29,0.0,16.983677,2.276543,1960
3925,r3i1p1f1,1960,09,30,0.0,20.874561,5.389465,1960
3926,r3i1p1f1,1960,10,01,0.0,24.8464,7.709736,1960
3927,r3i1p1f1,1960,10,02,0.0,23.84359,8.669107,1960
3928,r3i1p1f1,1960,10,03,49.312927816553334,18.72692,5.4912305,1960
3929,r3i1p1f1,1960,10,04,3.144666723145699,5.376338,-3.3550549,1960
3930,r3i1p1f1,1960,10,05,22.659299786104576,4.62132,-4.5626388,1960
3931,r3i1p1f1,1960,10,06,1.7705146299895684,8.55903,-8.071752,1960
3932,r3i1p1f1,1960,10,07,0.026096797611037465,9.937513,-3.9670472,1960
3933,r3i1p1f1,1960,10,08,0.014593378962576696,14.074776,2.8269775,1960
3934,r3i1p1f1,1960,10,09,0.1409203679558184,14.572147,3.5723171,1960
3935,r3i1p1f1,1960,10,10,0.0,20.100824,4.1777062,1960
3936,r3i1p1f1,1960,10,11,0.0,24.073698,6.822982,1960
3937,r3i1p1f1,1960,10,12,0.0,25.331045,8.440835,1960
3938,r3i1p1f1,1960,10,13,0.0,24.853636,9.002916,1960
3939,r3i1p1f1,1960,10,14,0.342895492595792,23.125065,9.648851,1960
3940,r3i1p1f1,1960,10,15,0.0,22.920048,8.410707,1960
3941,r3i1p1f1,1960,10,16,0.0,22.397291,6.245477,1960
3942,r3i1p1f1,1960,10,17,0.0,22.84576,6.5888734,1960
3943,r3i1p1f1,1960,10,18,0.0,21.599716,8.461241,1960
3944,r3i1p1f1,1960,10,19,0.0,19.511724,7.131881,1960
3945,r3i1p1f1,1960,10,20,3.47901020244248,17.809212,5.8211966,1960
3946,r3i1p1f1,1960,10,21,0.0,16.377123,1.2050631,1960
3947,r3i1p1f1,1960,10,22,0.0,18.707043,3.424065,1960
3948,r3i1p1f1,1960,10,23,0.014395448007283113,16.953337,4.5672207,1960
3949,r3i1p1f1,1960,10,24,63.332531253170025,11.612067,3.1450412,1960
3950,r3i1p1f1,1960,10,25,68.9190083624501,7.3870325,1.4377365,1960
3951,r3i1p1f1,1960,10,26,0.0,9.61468,-3.3846848,1960
3952,r3i1p1f1,1960,10,27,0.0,10.932711,-1.0340896,1960
3953,r3i1p1f1,1960,10,28,11.451416862531149,9.288912,2.989691,1960
3954,r3i1p1f1,1960,10,29,0.0,9.651726,-1.8331839,1960
3955,r3i1p1f1,1960,10,30,0.0,9.696147,-6.3355746,1960
3956,r3i1p1f1,1960,10,31,0.0,12.180147,-4.309165,1960
3957,r3i1p1f1,1960,11,01,0.0,11.956391,-1.3210652,1960
3958,r3i1p1f1,1960,11,02,0.0,10.064679,-0.076241,1960
3959,r3i1p1f1,1960,11,03,0.0,12.265986,-1.2453341,1960
3960,r3i1p1f1,1960,11,04,0.0,14.23763,-1.7171738,1960
3961,r3i1p1f1,1960,11,05,0.0,13.564698,2.5460732,1960
3962,r3i1p1f1,1960,11,06,38.13639401066068,8.281236,2.415061,1960
3963,r3i1p1f1,1960,11,07,0.0,10.445058,-3.4711163,1960
3964,r3i1p1f1,1960,11,08,0.0,13.96732,-2.2389145,1960
3965,r3i1p1f1,1960,11,09,0.0,16.19688,3.9051616,1960
3966,r3i1p1f1,1960,11,10,17.85629862723382,12.232034,1.7181824,1960
3967,r3i1p1f1,1960,11,11,0.0,8.496524,-2.811957,1960
3968,r3i1p1f1,1960,11,12,41.54898281405239,5.460206,-0.5621879,1960
3969,r3i1p1f1,1960,11,13,57.81866264725594,4.7785697,0.13663006,1960
3970,r3i1p1f1,1960,11,14,19.936666243072402,3.1259236,-2.3088202,1960
3971,r3i1p1f1,1960,11,15,0.0,4.8651447,-7.6360517,1960
3972,r3i1p1f1,1960,11,16,0.0,6.197926,-5.8185,1960
3973,r3i1p1f1,1960,11,17,0.0,6.524422,-2.705884,1960
3974,r3i1p1f1,1960,11,18,0.0,7.8917613,-1.4374284,1960
3975,r3i1p1f1,1960,11,19,13.702176928851067,7.877495,0.81521654,1960
3976,r3i1p1f1,1960,11,20,21.92493252039544,7.991425,2.6679049,1960
3977,r3i1p1f1,1960,11,21,3.08612970652336,7.7239757,2.149803,1960
3978,r3i1p1f1,1960,11,22,0.0,6.9409556,-2.3087146,1960
3979,r3i1p1f1,1960,11,23,0.0,11.722974,-4.8319674,1960
3980,r3i1p1f1,1960,11,24,0.0,13.637474,2.1595113,1960
3981,r3i1p1f1,1960,11,25,0.0,14.861298,2.1634195,1960
3982,r3i1p1f1,1960,11,26,0.2532117905119728,12.940904,5.4999537,1960
3983,r3i1p1f1,1960,11,27,0.0,12.170782,0.96222544,1960
3984,r3i1p1f1,1960,11,28,0.0,12.46966,1.3195565,1960
3985,r3i1p1f1,1960,11,29,0.0,13.81104,-0.20945379,1960
3986,r3i1p1f1,1960,11,30,0.0,13.746054,-1.3466938,1960
3987,r3i1p1f1,1960,12,01,0.0,14.166903,1.5170937,1960
3988,r3i1p1f1,1960,12,02,2.212594905990715,10.666568,0.097855,1960
3989,r3i1p1f1,1960,12,03,29.26543162902817,6.5549664,-2.9251473,1960
3990,r3i1p1f1,1960,12,04,23.994648404646124,3.3926187,-4.527682,1960
3991,r3i1p1f1,1960,12,05,33.66319547701431,1.2142695,-2.9339225,1960
3992,r3i1p1f1,1960,12,06,0.010043938929907438,4.7564135,-7.263378,1960
3993,r3i1p1f1,1960,12,07,13.42879822263249,1.6587595,-10.632394,1960
3994,r3i1p1f1,1960,12,08,44.81733216119832,3.5505302,-2.6505525,1960
3995,r3i1p1f1,1960,12,09,75.33124678915269,8.024591,0.9245546,1960
3996,r3i1p1f1,1960,12,10,2.7481526005072068,11.5309105,2.0529618,1960
3997,r3i1p1f1,1960,12,11,59.228542809815785,9.136035,4.645956,1960
3998,r3i1p1f1,1960,12,12,16.93142717459092,10.535002,4.3251357,1960
3999,r3i1p1f1,1960,12,13,20.6905097927359,5.3971114,1.2394334,1960
4000,r3i1p1f1,1960,12,14,8.963239401552864,8.220975,-1.0361739,1960
4001,r3i1p1f1,1960,12,15,24.226930087714113,9.748882,-1.5976247,1960
4002,r3i1p1f1,1960,12,16,4.96561041662445,10.07605,1.5201269,1960
4003,r3i1p1f1,1960,12,17,0.0,10.37877,0.19544825,1960
4004,r3i1p1f1,1960,12,18,8.530321269982347,6.2547917,-2.248732,1960
4005,r3i1p1f1,1960,12,19,1.2004431402218823,7.673255,-4.8612757,1960
4006,r3i1p1f1,1960,12,20,22.73506257303157,-0.06654331,-5.004986,1960
4007,r3i1p1f1,1960,12,21,25.036120468652562,-1.8612503,-12.602398,1960
4008,r3i1p1f1,1960,12,22,2.0547952474627986,-0.0473333,-6.514681,1960
4009,r3i1p1f1,1960,12,23,13.143298232400985,3.4452689,-2.9357767,1960
4010,r3i1p1f1,1960,12,24,0.0,9.119073,-2.4297464,1960
4011,r3i1p1f1,1960,12,25,0.0,9.34984,-2.455804,1960
4012,r3i1p1f1,1960,12,26,0.0,9.53949,-2.4176202,1960
4013,r3i1p1f1,1960,12,27,0.0,9.605656,-0.59672123,1960
4014,r3i1p1f1,1960,12,28,0.0,13.398543,0.75570863,1960
4015,r3i1p1f1,1960,12,29,35.01588790677488,8.752511,-1.4012033,1960
4016,r3i1p1f1,1960,12,30,34.326540421400416,8.164089,3.0109074,1960
4017,r3i1p1f1,1960,12,31,7.491378770914468,8.342483,-1.6144729,1960
4018,r3i1p1f1,1961,01,01,13.608689126282881,6.107179,-0.50690603,1961
4019,r3i1p1f1,1961,01,02,61.93002090348225,6.4791775,1.7365968,1961
4020,r3i1p1f1,1961,01,03,100.95612401828954,11.166094,1.1549865,1961
4021,r3i1p1f1,1961,01,04,23.963095581060962,4.454386,-2.54242,1961
4022,r3i1p1f1,1961,01,05,12.593019155687408,5.645468,-2.0010188,1961
4023,r3i1p1f1,1961,01,06,0.0,11.488445,-0.6255489,1961
4024,r3i1p1f1,1961,01,07,0.0,11.23079,4.9856267,1961
4025,r3i1p1f1,1961,01,08,6.381178765341725,7.3055897,-0.72223496,1961
4026,r3i1p1f1,1961,01,09,0.0,10.046055,-2.4890523,1961
4027,r3i1p1f1,1961,01,10,0.0,9.054405,-4.945794,1961
4028,r3i1p1f1,1961,01,11,0.0,10.218862,-3.2781367,1961
4029,r3i1p1f1,1961,01,12,0.0,9.616409,1.1603426,1961
4030,r3i1p1f1,1961,01,13,0.2162682316434496,7.9155016,-0.257744,1961
4031,r3i1p1f1,1961,01,14,6.955603015223077,7.1756473,1.1942776,1961
4032,r3i1p1f1,1961,01,15,0.0,12.934837,0.29115978,1961
4033,r3i1p1f1,1961,01,16,8.679346541114347,10.035766,-1.2514348,1961
4034,r3i1p1f1,1961,01,17,67.3614968349667,8.345531,2.7501009,1961
4035,r3i1p1f1,1961,01,18,32.356396640381334,7.4999433,0.6210984,1961
4036,r3i1p1f1,1961,01,19,10.821534213640629,6.0370655,-2.8895094,1961
4037,r3i1p1f1,1961,01,20,35.513260855192414,9.085911,-0.7376481,1961
4038,r3i1p1f1,1961,01,21,103.69638182026775,7.922534,1.3929641,1961
4039,r3i1p1f1,1961,01,22,32.96393027136985,7.1773043,-2.4076312,1961
4040,r3i1p1f1,1961,01,23,13.348803193749566,4.039395,-2.4856775,1961
4041,r3i1p1f1,1961,01,24,17.28918716115387,4.603362,-2.7292418,1961
4042,r3i1p1f1,1961,01,25,0.0,13.569377,1.5570295,1961
4043,r3i1p1f1,1961,01,26,0.0,14.44881,1.5347815,1961
4044,r3i1p1f1,1961,01,27,0.03420237377500407,12.390216,2.1931016,1961
4045,r3i1p1f1,1961,01,28,0.0,12.373591,-0.44795462,1961
4046,r3i1p1f1,1961,01,29,0.0,12.066584,-0.6758019,1961
4047,r3i1p1f1,1961,01,30,0.0,12.196639,-1.1730415,1961
4048,r3i1p1f1,1961,01,31,0.0,13.258661,-1.8474525,1961
4049,r3i1p1f1,1961,02,01,0.0,12.882743,-1.8987608,1961
4050,r3i1p1f1,1961,02,02,0.0,13.167244,-1.3983573,1961
4051,r3i1p1f1,1961,02,03,0.0,13.9007,-2.0419884,1961
4052,r3i1p1f1,1961,02,04,10.259113806348882,9.763578,-3.249485,1961
4053,r3i1p1f1,1961,02,05,44.12100893739415,7.1134276,0.85307574,1961
4054,r3i1p1f1,1961,02,06,17.13784764839434,5.751662,-0.57767785,1961
4055,r3i1p1f1,1961,02,07,0.0,12.538385,-1.4963622,1961
4056,r3i1p1f1,1961,02,08,0.0,12.5013075,-0.89120907,1961
4057,r3i1p1f1,1961,02,09,0.0,16.47104,1.5544326,1961
4058,r3i1p1f1,1961,02,10,0.0,16.056864,2.276913,1961
4059,r3i1p1f1,1961,02,11,0.0,14.32241,1.8779955,1961
4060,r3i1p1f1,1961,02,12,1.4568503458193798,11.144117,0.6521575,1961
4061,r3i1p1f1,1961,02,13,0.0,12.67296,-0.93859667,1961
4062,r3i1p1f1,1961,02,14,18.766492724075523,7.596906,0.25385213,1961
4063,r3i1p1f1,1961,02,15,18.975605015446874,6.8910456,1.0386449,1961
4064,r3i1p1f1,1961,02,16,1.018101680299304,11.914826,-0.38488138,1961
4065,r3i1p1f1,1961,02,17,0.0,13.754496,-0.14451198,1961
4066,r3i1p1f1,1961,02,18,0.03361263470172784,12.639052,0.13881263,1961
4067,r3i1p1f1,1961,02,19,6.898108882657987,5.8092394,-2.2125397,1961
4068,r3i1p1f1,1961,02,20,4.245428217262471,6.1075635,-4.772722,1961
4069,r3i1p1f1,1961,02,21,2.038341157190428,9.287442,-1.7541945,1961
4070,r3i1p1f1,1961,02,22,0.08555101458592904,9.138559,-0.33663207,1961
4071,r3i1p1f1,1961,02,23,0.012653223606512734,5.7242627,-2.1673093,1961
4072,r3i1p1f1,1961,02,24,0.08025085930727839,10.449413,-1.9431417,1961
4073,r3i1p1f1,1961,02,25,18.23793632640062,4.254344,-1.2716879,1961
4074,r3i1p1f1,1961,02,26,0.9721438183604685,6.7331724,-2.5241873,1961
4075,r3i1p1f1,1961,02,27,0.0,9.088168,-4.985189,1961
4076,r3i1p1f1,1961,02,28,3.1161982332521707,3.9179704,-3.2224233,1961
4077,r3i1p1f1,1961,03,01,4.726643478811877,7.1993995,-2.0756326,1961
4078,r3i1p1f1,1961,03,02,0.0,13.978574,-2.9009771,1961
4079,r3i1p1f1,1961,03,03,0.0,12.473237,-1.8019571,1961
4080,r3i1p1f1,1961,03,04,1.0615824841998371,8.127905,-0.6185919,1961
4081,r3i1p1f1,1961,03,05,0.0,9.885253,-3.278475,1961
4082,r3i1p1f1,1961,03,06,0.0,11.769927,-3.5325298,1961
4083,r3i1p1f1,1961,03,07,0.0,15.5051985,0.852711,1961
4084,r3i1p1f1,1961,03,08,0.0,17.788193,3.7823641,1961
4085,r3i1p1f1,1961,03,09,0.0,17.81873,2.9339669,1961
4086,r3i1p1f1,1961,03,10,0.6570697978436089,13.279497,5.665553,1961
4087,r3i1p1f1,1961,03,11,37.53782216778123,9.858949,4.205629,1961
4088,r3i1p1f1,1961,03,12,71.11325485043619,9.636916,2.358968,1961
4089,r3i1p1f1,1961,03,13,32.07158504274527,3.8177533,-2.7056155,1961
4090,r3i1p1f1,1961,03,14,10.69834941789802,5.699537,-0.5848147,1961
4091,r3i1p1f1,1961,03,15,0.000748317688703537,9.415393,-1.7578256,1961
4092,r3i1p1f1,1961,03,16,0.9475629186693512,7.9741173,-2.2667978,1961
4093,r3i1p1f1,1961,03,17,2.53725609022934,9.637447,0.48495686,1961
4094,r3i1p1f1,1961,03,18,0.0,12.902144,0.2749707,1961
4095,r3i1p1f1,1961,03,19,9.497246459298031,10.154911,-0.7603978,1961
4096,r3i1p1f1,1961,03,20,20.01432999478359,5.890511,-1.3828653,1961
4097,r3i1p1f1,1961,03,21,0.0,10.290726,-1.4967681,1961
4098,r3i1p1f1,1961,03,22,0.0,11.717127,-1.6500701,1961
4099,r3i1p1f1,1961,03,23,5.138476988098486,8.792494,-4.5993958,1961
4100,r3i1p1f1,1961,03,24,4.54303151050944,4.7288756,-1.6738029,1961
4101,r3i1p1f1,1961,03,25,0.0,11.677748,-4.425427,1961
4102,r3i1p1f1,1961,03,26,7.0078873826883195,9.353239,-4.267434,1961
4103,r3i1p1f1,1961,03,27,0.0,12.636758,-1.1818922,1961
4104,r3i1p1f1,1961,03,28,0.0,13.034214,-2.4168808,1961
4105,r3i1p1f1,1961,03,29,1.6348051101407404,11.08943,3.0788176,1961
4106,r3i1p1f1,1961,03,30,35.354205841002496,3.7195625,-0.8073823,1961
4107,r3i1p1f1,1961,03,31,1.4510097421646748,9.305413,-4.5369587,1961
4108,r3i1p1f1,1961,04,01,0.0,10.088518,-0.9626435,1961
4109,r3i1p1f1,1961,04,02,0.004619675459444376,10.817194,2.0003977,1961
4110,r3i1p1f1,1961,04,03,2.8477643682747025,14.204859,3.6432989,1961
4111,r3i1p1f1,1961,04,04,11.913901368940348,14.101037,4.490216,1961
4112,r3i1p1f1,1961,04,05,0.7934802824892311,16.345757,2.743701,1961
4113,r3i1p1f1,1961,04,06,15.24024749064426,9.15329,0.3125209,1961
4114,r3i1p1f1,1961,04,07,4.8983573698167575,7.970573,0.88085014,1961
4115,r3i1p1f1,1961,04,08,16.551333024950797,8.2053,-0.78138167,1961
4116,r3i1p1f1,1961,04,09,0.0,9.937982,-3.2764666,1961
4117,r3i1p1f1,1961,04,10,17.749300046431784,6.576198,-0.09381568,1961
4118,r3i1p1f1,1961,04,11,27.004779328739172,3.970256,-2.9681478,1961
4119,r3i1p1f1,1961,04,12,4.495939230745487,4.864007,-1.5986949,1961
4120,r3i1p1f1,1961,04,13,6.898416395262374,11.747868,0.75831914,1961
4121,r3i1p1f1,1961,04,14,0.0,20.950666,3.6369472,1961
4122,r3i1p1f1,1961,04,15,0.0,20.648575,5.0023003,1961
4123,r3i1p1f1,1961,04,16,0.4293168149543865,19.010355,4.603341,1961
4124,r3i1p1f1,1961,04,17,1.4699121183519692,9.756796,1.7744099,1961
4125,r3i1p1f1,1961,04,18,0.0,15.661297,0.85416013,1961
4126,r3i1p1f1,1961,04,19,0.0,18.368261,1.6704047,1961
4127,r3i1p1f1,1961,04,20,0.0,19.800066,3.3762546,1961
4128,r3i1p1f1,1961,04,21,0.0,21.359734,5.172501,1961
4129,r3i1p1f1,1961,04,22,0.0,21.699984,5.5216603,1961
4130,r3i1p1f1,1961,04,23,0.0,22.935963,6.3929977,1961
4131,r3i1p1f1,1961,04,24,0.0,22.933186,6.9686403,1961
4132,r3i1p1f1,1961,04,25,0.0,20.777925,5.3229594,1961
4133,r3i1p1f1,1961,04,26,0.0,19.475443,6.85349,1961
4134,r3i1p1f1,1961,04,27,0.0,23.242819,7.2022047,1961
4135,r3i1p1f1,1961,04,28,0.0,24.639708,8.071922,1961
4136,r3i1p1f1,1961,04,29,0.0,25.552917,9.847281,1961
4137,r3i1p1f1,1961,04,30,0.0,25.459814,11.67785,1961
4138,r3i1p1f1,1961,05,01,0.0,21.152298,4.445258,1961
4139,r3i1p1f1,1961,05,02,0.0,21.04514,5.54573,1961
4140,r3i1p1f1,1961,05,03,0.0,20.292044,7.824944,1961
4141,r3i1p1f1,1961,05,04,0.0,17.961836,5.5077944,1961
4142,r3i1p1f1,1961,05,05,9.432485849461763,12.7604,0.6536317,1961
4143,r3i1p1f1,1961,05,06,23.90980252928689,8.76964,2.8629377,1961
4144,r3i1p1f1,1961,05,07,19.840128236989443,8.287853,2.6658134,1961
4145,r3i1p1f1,1961,05,08,0.0,17.048292,0.8137096,1961
4146,r3i1p1f1,1961,05,09,0.0,18.40352,3.9949882,1961
4147,r3i1p1f1,1961,05,10,0.1611362962170173,19.29775,4.6960125,1961
4148,r3i1p1f1,1961,05,11,0.0,19.731564,5.2287765,1961
4149,r3i1p1f1,1961,05,12,0.0,20.876133,6.143958,1961
4150,r3i1p1f1,1961,05,13,0.0,22.192709,5.785309,1961
4151,r3i1p1f1,1961,05,14,0.0,21.468864,8.3431225,1961
4152,r3i1p1f1,1961,05,15,0.0,20.44735,6.6702595,1961
4153,r3i1p1f1,1961,05,16,0.0,19.348125,4.653477,1961
4154,r3i1p1f1,1961,05,17,0.0562519770405264,14.908234,3.2399387,1961
4155,r3i1p1f1,1961,05,18,1.7466950013457743,14.05816,3.4688516,1961
4156,r3i1p1f1,1961,05,19,0.0,17.758236,2.0256705,1961
4157,r3i1p1f1,1961,05,20,0.0,22.488646,4.5328007,1961
4158,r3i1p1f1,1961,05,21,0.0,24.568272,7.737175,1961
4159,r3i1p1f1,1961,05,22,0.0,24.636843,7.6216416,1961
4160,r3i1p1f1,1961,05,23,0.0,26.102072,10.0439625,1961
4161,r3i1p1f1,1961,05,24,0.0,27.85374,10.569176,1961
4162,r3i1p1f1,1961,05,25,0.0,28.544226,11.39263,1961
4163,r3i1p1f1,1961,05,26,0.0,28.668528,12.175117,1961
4164,r3i1p1f1,1961,05,27,0.0,28.948324,11.987024,1961
4165,r3i1p1f1,1961,05,28,0.0,28.686892,12.143042,1961
4166,r3i1p1f1,1961,05,29,0.0,26.338242,10.907261,1961
4167,r3i1p1f1,1961,05,30,0.0,26.425373,9.746705,1961
4168,r3i1p1f1,1961,05,31,0.0,25.885782,10.911733,1961
4169,r3i1p1f1,1961,06,01,0.4551640586884643,25.291658,8.301255,1961
4170,r3i1p1f1,1961,06,02,0.0,25.439873,8.54924,1961
4171,r3i1p1f1,1961,06,03,0.0,27.520681,8.268099,1961
4172,r3i1p1f1,1961,06,04,0.905376038281247,25.140318,10.5788555,1961
4173,r3i1p1f1,1961,06,05,0.0,23.312391,8.980625,1961
4174,r3i1p1f1,1961,06,06,0.0581317560557325,22.190886,8.51764,1961
4175,r3i1p1f1,1961,06,07,1.495123047635915,14.896614,3.380314,1961
4176,r3i1p1f1,1961,06,08,0.09396905906645484,14.652075,5.741287,1961
4177,r3i1p1f1,1961,06,09,0.0,21.16397,3.5796158,1961
4178,r3i1p1f1,1961,06,10,0.0,21.038282,7.600085,1961
4179,r3i1p1f1,1961,06,11,0.0,23.259785,5.9182267,1961
4180,r3i1p1f1,1961,06,12,0.0,25.080444,8.569836,1961
4181,r3i1p1f1,1961,06,13,0.0,24.719631,9.678254,1961
4182,r3i1p1f1,1961,06,14,0.0,24.151186,7.2345004,1961
4183,r3i1p1f1,1961,06,15,0.0,24.025957,7.552251,1961
4184,r3i1p1f1,1961,06,16,0.0,23.527437,9.307594,1961
4185,r3i1p1f1,1961,06,17,0.0,23.400553,8.449849,1961
4186,r3i1p1f1,1961,06,18,0.0,28.21596,9.484023,1961
4187,r3i1p1f1,1961,06,19,0.0,32.24149,13.67646,1961
4188,r3i1p1f1,1961,06,20,0.0,33.828743,15.70392,1961
4189,r3i1p1f1,1961,06,21,0.0,34.249584,17.425285,1961
4190,r3i1p1f1,1961,06,22,0.0,34.667923,16.142012,1961
4191,r3i1p1f1,1961,06,23,0.0,34.908676,16.58044,1961
4192,r3i1p1f1,1961,06,24,0.0,32.55587,16.129446,1961
4193,r3i1p1f1,1961,06,25,3.5744083434684923,23.074265,8.399572,1961
4194,r3i1p1f1,1961,06,26,1.4327393670866608,13.60255,4.6996794,1961
4195,r3i1p1f1,1961,06,27,0.0,20.126366,2.4726827,1961
4196,r3i1p1f1,1961,06,28,0.0,25.223,6.4511313,1961
4197,r3i1p1f1,1961,06,29,0.0,25.28873,10.254056,1961
4198,r3i1p1f1,1961,06,30,0.0,24.30039,9.1253805,1961
4199,r3i1p1f1,1961,07,01,0.0,22.657093,6.731078,1961
4200,r3i1p1f1,1961,07,02,0.0,21.636425,7.312109,1961
4201,r3i1p1f1,1961,07,03,0.0,23.412388,8.640852,1961
4202,r3i1p1f1,1961,07,04,0.0,29.188013,10.232475,1961
4203,r3i1p1f1,1961,07,05,0.004703307365018286,29.085651,13.231855,1961
4204,r3i1p1f1,1961,07,06,0.004317299585397306,26.890915,11.380521,1961
4205,r3i1p1f1,1961,07,07,0.0,27.166851,10.145389,1961
4206,r3i1p1f1,1961,07,08,0.0,26.815416,11.331558,1961
4207,r3i1p1f1,1961,07,09,0.0,27.56063,10.3219385,1961
4208,r3i1p1f1,1961,07,10,0.0,30.540848,12.532928,1961
4209,r3i1p1f1,1961,07,11,0.0,30.478283,13.073187,1961
4210,r3i1p1f1,1961,07,12,0.0,29.905096,13.627887,1961
4211,r3i1p1f1,1961,07,13,0.0,29.02801,13.223129,1961
4212,r3i1p1f1,1961,07,14,0.0,27.143007,11.542314,1961
4213,r3i1p1f1,1961,07,15,0.0,28.687756,11.510729,1961
4214,r3i1p1f1,1961,07,16,0.0,28.23055,12.255662,1961
4215,r3i1p1f1,1961,07,17,0.0,28.485743,11.045575,1961
4216,r3i1p1f1,1961,07,18,0.0,28.478804,12.743527,1961
4217,r3i1p1f1,1961,07,19,0.0,28.540894,13.063121,1961
4218,r3i1p1f1,1961,07,20,0.0,28.466782,12.670799,1961
4219,r3i1p1f1,1961,07,21,0.0,29.543818,11.803071,1961
4220,r3i1p1f1,1961,07,22,0.0,30.315357,13.632845,1961
4221,r3i1p1f1,1961,07,23,0.01449426276131386,31.787514,14.604502,1961
4222,r3i1p1f1,1961,07,24,0.0036386848047473713,29.709637,14.934626,1961
4223,r3i1p1f1,1961,07,25,0.0,27.292881,10.780692,1961
4224,r3i1p1f1,1961,07,26,0.0,25.577797,9.099802,1961
4225,r3i1p1f1,1961,07,27,0.0,27.372807,10.360668,1961
4226,r3i1p1f1,1961,07,28,0.0,27.165426,11.080537,1961
4227,r3i1p1f1,1961,07,29,0.0,29.161226,10.960726,1961
4228,r3i1p1f1,1961,07,30,0.0,31.68434,12.699791,1961
4229,r3i1p1f1,1961,07,31,0.02674005380341489,33.323475,14.756048,1961
4230,r3i1p1f1,1961,08,01,0.0,34.012775,16.22343,1961
4231,r3i1p1f1,1961,08,02,0.004935534946669482,33.934113,15.701405,1961
4232,r3i1p1f1,1961,08,03,0.0,26.72323,9.920774,1961
4233,r3i1p1f1,1961,08,04,0.0,27.927912,9.782071,1961
4234,r3i1p1f1,1961,08,05,0.0,29.157722,11.469304,1961
4235,r3i1p1f1,1961,08,06,0.0,29.643076,11.636938,1961
4236,r3i1p1f1,1961,08,07,0.0,29.771477,12.026522,1961
4237,r3i1p1f1,1961,08,08,0.0,29.519592,12.002791,1961
4238,r3i1p1f1,1961,08,09,0.0,31.54228,12.848239,1961
4239,r3i1p1f1,1961,08,10,0.0,33.081627,13.855197,1961
4240,r3i1p1f1,1961,08,11,0.0,33.283913,15.333092,1961
4241,r3i1p1f1,1961,08,12,0.0,32.482533,15.455689,1961
4242,r3i1p1f1,1961,08,13,0.0,28.815453,13.455174,1961
4243,r3i1p1f1,1961,08,14,0.0,30.33974,11.987307,1961
4244,r3i1p1f1,1961,08,15,0.0,30.033417,12.773636,1961
4245,r3i1p1f1,1961,08,16,0.0,29.20188,13.051333,1961
4246,r3i1p1f1,1961,08,17,0.0,28.674088,13.039136,1961
4247,r3i1p1f1,1961,08,18,0.0,28.893656,11.949341,1961
4248,r3i1p1f1,1961,08,19,0.0,30.075682,11.953859,1961
4249,r3i1p1f1,1961,08,20,0.0,31.100302,13.160884,1961
4250,r3i1p1f1,1961,08,21,0.0,30.76603,13.110341,1961
4251,r3i1p1f1,1961,08,22,0.0,29.769402,12.647969,1961
4252,r3i1p1f1,1961,08,23,0.0,30.118996,12.023956,1961
4253,r3i1p1f1,1961,08,24,0.0,33.28519,13.572915,1961
4254,r3i1p1f1,1961,08,25,0.0,34.817314,15.746271,1961
4255,r3i1p1f1,1961,08,26,0.0,34.984837,16.889519,1961
4256,r3i1p1f1,1961,08,27,0.0,33.477085,16.426575,1961
4257,r3i1p1f1,1961,08,28,0.0,28.65422,12.20883,1961
4258,r3i1p1f1,1961,08,29,0.0,24.619394,9.215688,1961
4259,r3i1p1f1,1961,08,30,0.0,23.618921,9.372573,1961
4260,r3i1p1f1,1961,08,31,0.0,27.04051,7.9470153,1961
4261,r3i1p1f1,1961,09,01,0.0,30.335659,10.724254,1961
4262,r3i1p1f1,1961,09,02,0.0,31.993717,13.219076,1961
4263,r3i1p1f1,1961,09,03,0.0,31.447636,13.28821,1961
4264,r3i1p1f1,1961,09,04,0.0,29.39803,15.77754,1961
4265,r3i1p1f1,1961,09,05,3.7326371033774004,29.792002,16.10268,1961
4266,r3i1p1f1,1961,09,06,0.0,21.690851,8.353328,1961
4267,r3i1p1f1,1961,09,07,0.0,21.963278,6.5149903,1961
4268,r3i1p1f1,1961,09,08,0.0,24.281315,7.568426,1961
4269,r3i1p1f1,1961,09,09,0.0,23.850063,9.650822,1961
4270,r3i1p1f1,1961,09,10,0.0,26.652805,8.344451,1961
4271,r3i1p1f1,1961,09,11,0.0,30.91159,10.188568,1961
4272,r3i1p1f1,1961,09,12,0.0,33.1354,13.485117,1961
4273,r3i1p1f1,1961,09,13,0.0,32.518745,14.244921,1961
4274,r3i1p1f1,1961,09,14,0.0,31.329716,14.0497055,1961
4275,r3i1p1f1,1961,09,15,0.0,30.53754,13.521461,1961
4276,r3i1p1f1,1961,09,16,0.0,27.991764,10.680651,1961
4277,r3i1p1f1,1961,09,17,0.0,25.875528,10.4778385,1961
4278,r3i1p1f1,1961,09,18,0.0,25.413788,10.065991,1961
4279,r3i1p1f1,1961,09,19,0.0,27.469479,11.49805,1961
4280,r3i1p1f1,1961,09,20,0.0,28.2279,11.716311,1961
4281,r3i1p1f1,1961,09,21,0.0,29.198875,11.878268,1961
4282,r3i1p1f1,1961,09,22,4.635774310506684,30.521553,17.284693,1961
4283,r3i1p1f1,1961,09,23,5.495055971282693,25.376114,14.214333,1961
4284,r3i1p1f1,1961,09,24,0.794728503569786,20.821161,10.11551,1961
4285,r3i1p1f1,1961,09,25,0.0,23.99853,7.1766663,1961
4286,r3i1p1f1,1961,09,26,0.0,22.951605,8.828146,1961
4287,r3i1p1f1,1961,09,27,0.0,19.813494,6.849762,1961
4288,r3i1p1f1,1961,09,28,10.976853164213122,15.027388,5.439354,1961
4289,r3i1p1f1,1961,09,29,0.0,19.733906,4.1641765,1961
4290,r3i1p1f1,1961,09,30,0.0,26.939493,8.459075,1961
4291,r3i1p1f1,1961,10,01,0.0,26.716778,10.273215,1961
4292,r3i1p1f1,1961,10,02,0.0,24.114424,12.3304825,1961
4293,r3i1p1f1,1961,10,03,0.0,24.348404,9.97154,1961
4294,r3i1p1f1,1961,10,04,0.0,23.877863,10.20144,1961
4295,r3i1p1f1,1961,10,05,0.0,25.947454,11.55179,1961
4296,r3i1p1f1,1961,10,06,0.0,27.264414,10.880768,1961
4297,r3i1p1f1,1961,10,07,0.0,25.79321,10.703039,1961
4298,r3i1p1f1,1961,10,08,0.04107049876199055,23.772598,10.13874,1961
4299,r3i1p1f1,1961,10,09,0.0,20.615751,8.095034,1961
4300,r3i1p1f1,1961,10,10,19.483164673377026,19.236374,6.999868,1961
4301,r3i1p1f1,1961,10,11,53.05346738130442,9.010068,3.5854642,1961
4302,r3i1p1f1,1961,10,12,0.000340656046510527,13.680892,0.6332745,1961
4303,r3i1p1f1,1961,10,13,0.0,15.492374,1.7228968,1961
4304,r3i1p1f1,1961,10,14,0.0,18.554321,2.7635539,1961
4305,r3i1p1f1,1961,10,15,0.0,18.128183,3.7903054,1961
4306,r3i1p1f1,1961,10,16,0.0,20.953722,4.827371,1961
4307,r3i1p1f1,1961,10,17,0.0,22.794914,6.4931164,1961
4308,r3i1p1f1,1961,10,18,0.0,23.901255,8.413978,1961
4309,r3i1p1f1,1961,10,19,0.0,24.363626,7.4055624,1961
4310,r3i1p1f1,1961,10,20,0.0,23.905243,9.461255,1961
4311,r3i1p1f1,1961,10,21,0.0,25.750639,8.494905,1961
4312,r3i1p1f1,1961,10,22,0.0,23.73056,9.103524,1961
4313,r3i1p1f1,1961,10,23,0.04921360749377575,22.59286,7.5196676,1961
4314,r3i1p1f1,1961,10,24,3.2503131968520678,21.380384,7.600761,1961
4315,r3i1p1f1,1961,10,25,6.118098323100926,14.2807255,1.0116968,1961
4316,r3i1p1f1,1961,10,26,34.71152026353306,6.747251,0.63871616,1961
4317,r3i1p1f1,1961,10,27,33.51005931433878,5.942294,-1.7934953,1961
4318,r3i1p1f1,1961,10,28,37.971376796792214,4.9356318,-0.36751017,1961
4319,r3i1p1f1,1961,10,29,2.8813542302247552,8.66429,-0.2643062,1961
4320,r3i1p1f1,1961,10,30,23.686359132529777,8.539317,1.4260387,1961
4321,r3i1p1f1,1961,10,31,0.0,14.073019,0.47607237,1961
4322,r3i1p1f1,1961,11,01,0.0,14.605572,0.9734635,1961
4323,r3i1p1f1,1961,11,02,0.0,17.07105,4.610466,1961
4324,r3i1p1f1,1961,11,03,0.0,16.086267,3.8068562,1961
4325,r3i1p1f1,1961,11,04,0.0,15.791939,5.2800403,1961
4326,r3i1p1f1,1961,11,05,15.228475281650102,14.35603,5.2472253,1961
4327,r3i1p1f1,1961,11,06,47.50890201937995,10.283325,2.9578078,1961
4328,r3i1p1f1,1961,11,07,20.547346700607847,11.396602,2.475062,1961
4329,r3i1p1f1,1961,11,08,0.0,13.720977,-1.0307348,1961
4330,r3i1p1f1,1961,11,09,0.0,15.25118,0.8079852,1961
4331,r3i1p1f1,1961,11,10,0.0,15.764605,1.8640039,1961
4332,r3i1p1f1,1961,11,11,0.0,13.251435,1.9824102,1961
4333,r3i1p1f1,1961,11,12,0.0,13.033464,2.5007377,1961
4334,r3i1p1f1,1961,11,13,0.0,12.299948,-0.8897341,1961
4335,r3i1p1f1,1961,11,14,11.383382791016055,6.7401876,1.035734,1961
4336,r3i1p1f1,1961,11,15,6.31965159302222,4.7051806,-4.4089217,1961
4337,r3i1p1f1,1961,11,16,10.328129837044367,5.8695335,-1.4797344,1961
4338,r3i1p1f1,1961,11,17,0.1070777686101409,11.9812,-0.40372306,1961
4339,r3i1p1f1,1961,11,18,0.0,15.521874,0.40973976,1961
4340,r3i1p1f1,1961,11,19,0.0,21.5378,4.412649,1961
4341,r3i1p1f1,1961,11,20,21.3184461475497,22.450607,10.065532,1961
4342,r3i1p1f1,1961,11,21,86.02064947940801,12.8254,7.052898,1961
4343,r3i1p1f1,1961,11,22,62.72728744355079,7.081462,-3.4187417,1961
4344,r3i1p1f1,1961,11,23,3.420990183133797,0.60819244,-6.22309,1961
4345,r3i1p1f1,1961,11,24,6.086345926221264,1.6481239,-7.811744,1961
4346,r3i1p1f1,1961,11,25,0.0,5.2792654,-9.254844,1961
4347,r3i1p1f1,1961,11,26,0.0,12.826072,-6.124486,1961
4348,r3i1p1f1,1961,11,27,0.0,13.369284,-1.8968414,1961
4349,r3i1p1f1,1961,11,28,0.0,15.032632,-0.4613043,1961
4350,r3i1p1f1,1961,11,29,0.0,16.036352,0.49781898,1961
4351,r3i1p1f1,1961,11,30,0.0,16.43924,1.6814424,1961
4352,r3i1p1f1,1961,12,01,0.0,17.729729,3.5392354,1961
4353,r3i1p1f1,1961,12,02,0.0,16.80707,5.1622267,1961
4354,r3i1p1f1,1961,12,03,0.0,11.804063,-1.1466416,1961
4355,r3i1p1f1,1961,12,04,0.0,9.875302,-4.2725096,1961
4356,r3i1p1f1,1961,12,05,0.0,2.900543,-9.237461,1961
4357,r3i1p1f1,1961,12,06,0.0,7.238416,-6.180616,1961
4358,r3i1p1f1,1961,12,07,0.0,10.975576,-2.2946615,1961
4359,r3i1p1f1,1961,12,08,0.0,13.846331,-0.08280906,1961
4360,r3i1p1f1,1961,12,09,0.0,14.377745,-0.6171748,1961
4361,r3i1p1f1,1961,12,10,0.0,13.288413,0.41438666,1961
4362,r3i1p1f1,1961,12,11,0.36670808764794954,10.628289,1.6818004,1961
4363,r3i1p1f1,1961,12,12,0.0,13.939405,0.6896827,1961
4364,r3i1p1f1,1961,12,13,0.0,15.256266,2.4235077,1961
4365,r3i1p1f1,1961,12,14,0.0,16.917683,1.9430616,1961
4366,r3i1p1f1,1961,12,15,0.0,15.730644,2.996066,1961
4367,r3i1p1f1,1961,12,16,0.0,15.375435,3.9667683,1961
4368,r3i1p1f1,1961,12,17,13.230547707184757,10.823981,2.8998742,1961
4369,r3i1p1f1,1961,12,18,0.0,11.531392,-0.7703797,1961
4370,r3i1p1f1,1961,12,19,0.0,15.308636,2.455772,1961
4371,r3i1p1f1,1961,12,20,1.7079382099358267,12.531759,2.3216577,1961
4372,r3i1p1f1,1961,12,21,0.03531885825060798,11.521067,1.8053688,1961
4373,r3i1p1f1,1961,12,22,5.366629871499946,10.496814,1.1583484,1961
4374,r3i1p1f1,1961,12,23,13.655569091267688,12.411783,3.9921777,1961
4375,r3i1p1f1,1961,12,24,0.0,17.3614,2.2131898,1961
4376,r3i1p1f1,1961,12,25,0.0,17.499475,5.3208637,1961
4377,r3i1p1f1,1961,12,26,0.0,15.072571,4.1278963,1961
4378,r3i1p1f1,1961,12,27,56.11722149984225,11.756808,4.315544,1961
4379,r3i1p1f1,1961,12,28,49.78351502581254,6.338883,-0.21298397,1961
4380,r3i1p1f1,1961,12,29,44.68393982755706,3.1366973,-2.9387877,1961
4381,r3i1p1f1,1961,12,30,5.526350440318072,2.5911846,-4.9172378,1961
4382,r3i1p1f1,1961,12,31,0.0,7.703977,-4.9374266,1961
4383,r3i1p1f1,1962,01,01,0.7888748478236314,5.5765924,-3.226361,1962
4384,r3i1p1f1,1962,01,02,0.0,9.943632,-4.6466646,1962
4385,r3i1p1f1,1962,01,03,10.706112185710625,4.217393,-3.243892,1962
4386,r3i1p1f1,1962,01,04,0.0,9.055093,-3.6517298,1962
4387,r3i1p1f1,1962,01,05,6.780099973471614,2.9735112,-2.2113798,1962
4388,r3i1p1f1,1962,01,06,0.0,6.0943217,-5.3027773,1962
4389,r3i1p1f1,1962,01,07,0.0,5.6626596,-8.791391,1962
4390,r3i1p1f1,1962,01,08,0.0,5.4981356,-7.765213,1962
4391,r3i1p1f1,1962,01,09,0.0,7.556437,-5.3370957,1962
4392,r3i1p1f1,1962,01,10,0.0,8.233427,-3.5815458,1962
4393,r3i1p1f1,1962,01,11,0.40892821834859205,5.2152348,-2.9856725,1962
4394,r3i1p1f1,1962,01,12,0.0,7.2466216,-7.451821,1962
4395,r3i1p1f1,1962,01,13,18.097707067040336,1.9842104,-3.6231906,1962
4396,r3i1p1f1,1962,01,14,0.0,5.968943,-9.75968,1962
4397,r3i1p1f1,1962,01,15,0.0,7.209314,-8.448876,1962
4398,r3i1p1f1,1962,01,16,26.39159825875571,1.8469597,-2.196427,1962
4399,r3i1p1f1,1962,01,17,7.19849750549704,0.31444368,-7.0673966,1962
4400,r3i1p1f1,1962,01,18,0.0,3.0742414,-9.716258,1962
4401,r3i1p1f1,1962,01,19,0.0,2.1861174,-8.981873,1962
4402,r3i1p1f1,1962,01,20,0.0,4.6420455,-5.888768,1962
4403,r3i1p1f1,1962,01,21,0.0,6.148442,-4.008208,1962
4404,r3i1p1f1,1962,01,22,0.0,8.055253,-4.656588,1962
4405,r3i1p1f1,1962,01,23,0.0,10.086832,-4.359521,1962
4406,r3i1p1f1,1962,01,24,0.0,8.606469,-4.8373604,1962
4407,r3i1p1f1,1962,01,25,0.0,7.1294184,-4.2203603,1962
4408,r3i1p1f1,1962,01,26,0.001458034268197432,7.6800036,-1.106592,1962
4409,r3i1p1f1,1962,01,27,0.0,8.228289,-4.0903974,1962
4410,r3i1p1f1,1962,01,28,0.0,8.538468,-2.2655447,1962
4411,r3i1p1f1,1962,01,29,13.709870735060816,3.2848587,-2.945353,1962
4412,r3i1p1f1,1962,01,30,8.923043395502885,4.6482034,-1.6735026,1962
4413,r3i1p1f1,1962,01,31,0.0,8.961175,-2.2285347,1962
4414,r3i1p1f1,1962,02,01,3.8694228348934927,6.3033276,-2.0359387,1962
4415,r3i1p1f1,1962,02,02,3.358923114673847,7.371915,-1.4242331,1962
4416,r3i1p1f1,1962,02,03,13.730407476817307,6.1236124,1.009678,1962
4417,r3i1p1f1,1962,02,04,0.17378998235783097,9.455278,3.0741246,1962
4418,r3i1p1f1,1962,02,05,16.436996071991558,5.6784234,-2.261034,1962
4419,r3i1p1f1,1962,02,06,0.0,10.662664,-2.0625331,1962
4420,r3i1p1f1,1962,02,07,0.0,13.734365,-0.6689436,1962
4421,r3i1p1f1,1962,02,08,0.0,13.04301,1.1130873,1962
4422,r3i1p1f1,1962,02,09,0.0,12.120737,-0.77751356,1962
4423,r3i1p1f1,1962,02,10,0.13486077261500454,10.778311,-0.42700666,1962
4424,r3i1p1f1,1962,02,11,17.45606017985234,5.9258504,-0.9610388,1962
4425,r3i1p1f1,1962,02,12,19.0692038201776,4.3793488,-2.5572505,1962
4426,r3i1p1f1,1962,02,13,0.0,9.701034,-3.4335225,1962
4427,r3i1p1f1,1962,02,14,16.250095716187435,7.2030296,-2.5178304,1962
4428,r3i1p1f1,1962,02,15,22.8724238254424,4.7173862,-1.4815048,1962
4429,r3i1p1f1,1962,02,16,9.918706271817332,4.2232366,-1.1730155,1962
4430,r3i1p1f1,1962,02,17,10.838080120370968,4.2575,-5.8389835,1962
4431,r3i1p1f1,1962,02,18,10.194825963423538,4.607265,-6.7167506,1962
4432,r3i1p1f1,1962,02,19,50.82829569858548,3.7810183,-1.2299215,1962
4433,r3i1p1f1,1962,02,20,23.469145000471098,4.969761,-0.08623893,1962
4434,r3i1p1f1,1962,02,21,0.0,10.897414,0.58383757,1962
4435,r3i1p1f1,1962,02,22,6.2059372813612415,7.202132,-0.70483106,1962
4436,r3i1p1f1,1962,02,23,0.0,9.986776,1.4058079,1962
4437,r3i1p1f1,1962,02,24,6.923250758432244,11.425263,0.53535134,1962
4438,r3i1p1f1,1962,02,25,6.063656013851103,11.030304,3.0549731,1962
4439,r3i1p1f1,1962,02,26,0.0,11.990587,-0.14844024,1962
4440,r3i1p1f1,1962,02,27,10.331025733428664,7.8685718,-1.0081811,1962
4441,r3i1p1f1,1962,02,28,16.244474656291697,1.5681334,-5.275125,1962
4442,r3i1p1f1,1962,03,01,15.248654143100506,3.9541273,-3.2106938,1962
4443,r3i1p1f1,1962,03,02,9.235792331635725,4.957667,-0.41705537,1962
4444,r3i1p1f1,1962,03,03,14.98003172026457,5.827767,1.6339324,1962
4445,r3i1p1f1,1962,03,04,21.694219730316515,8.441677,3.2326171,1962
4446,r3i1p1f1,1962,03,05,83.83827886397117,8.341864,-1.2922758,1962
4447,r3i1p1f1,1962,03,06,0.0,6.5977507,-0.2331571,1962
4448,r3i1p1f1,1962,03,07,0.0,8.731824,-4.179188,1962
4449,r3i1p1f1,1962,03,08,0.0,11.39749,-1.3787175,1962
4450,r3i1p1f1,1962,03,09,0.0,13.721819,-0.48121443,1962
4451,r3i1p1f1,1962,03,10,0.0,15.606224,-0.032758985,1962
4452,r3i1p1f1,1962,03,11,0.0,17.741514,0.68300086,1962
4453,r3i1p1f1,1962,03,12,0.0,17.236347,0.6913698,1962
4454,r3i1p1f1,1962,03,13,0.0,16.780151,2.6691484,1962
4455,r3i1p1f1,1962,03,14,0.0,16.355368,1.5713342,1962
4456,r3i1p1f1,1962,03,15,0.0,13.029875,2.8049934,1962
4457,r3i1p1f1,1962,03,16,0.0,14.20796,0.08203179,1962
4458,r3i1p1f1,1962,03,17,0.0,13.094015,0.43806288,1962
4459,r3i1p1f1,1962,03,18,0.08975868378049774,10.860039,3.3879652,1962
4460,r3i1p1f1,1962,03,19,3.7705832189538726,8.470954,0.8904992,1962
4461,r3i1p1f1,1962,03,20,0.0,12.916178,-0.2384013,1962
4462,r3i1p1f1,1962,03,21,0.0,12.841212,-0.29545686,1962
4463,r3i1p1f1,1962,03,22,1.8168049411829805,9.206493,-1.9870962,1962
4464,r3i1p1f1,1962,03,23,0.41167572386544443,9.488826,-5.1521745,1962
4465,r3i1p1f1,1962,03,24,0.0,13.032688,-0.3809599,1962
4466,r3i1p1f1,1962,03,25,20.090574385769862,8.148245,1.8485222,1962
4467,r3i1p1f1,1962,03,26,8.097342410627263,6.200258,-1.6227161,1962
4468,r3i1p1f1,1962,03,27,0.0,11.768263,-2.8306272,1962
4469,r3i1p1f1,1962,03,28,14.215814544647737,8.716372,-1.901837,1962
4470,r3i1p1f1,1962,03,29,22.353409151056486,4.3757625,-0.14330418,1962
4471,r3i1p1f1,1962,03,30,0.023552095578787357,5.299419,-6.3630824,1962
4472,r3i1p1f1,1962,03,31,3.340054465163695,4.934497,-5.207406,1962
4473,r3i1p1f1,1962,04,01,0.07342384434243861,14.221197,-2.2682197,1962
4474,r3i1p1f1,1962,04,02,0.0,16.71002,1.6675296,1962
4475,r3i1p1f1,1962,04,03,0.0,18.915749,3.3383563,1962
4476,r3i1p1f1,1962,04,04,0.0,19.117638,3.090383,1962
4477,r3i1p1f1,1962,04,05,0.0,18.441746,3.0456016,1962
4478,r3i1p1f1,1962,04,06,0.0,19.323114,3.6675951,1962
4479,r3i1p1f1,1962,04,07,13.82031790593541,14.297005,2.272528,1962
4480,r3i1p1f1,1962,04,08,0.019778533284184767,12.148805,1.5110039,1962
4481,r3i1p1f1,1962,04,09,0.0,14.231382,0.40157202,1962
4482,r3i1p1f1,1962,04,10,0.0,14.35681,1.5912288,1962
4483,r3i1p1f1,1962,04,11,0.9908991573530855,13.29234,1.6228558,1962
4484,r3i1p1f1,1962,04,12,0.0,18.18909,3.632991,1962
4485,r3i1p1f1,1962,04,13,5.982022589159897,14.241656,5.3442,1962
4486,r3i1p1f1,1962,04,14,22.484997393085475,11.533771,5.0207186,1962
4487,r3i1p1f1,1962,04,15,0.0,14.08124,0.2085422,1962
4488,r3i1p1f1,1962,04,16,0.0,18.028126,3.899051,1962
4489,r3i1p1f1,1962,04,17,0.0,18.55567,2.963524,1962
4490,r3i1p1f1,1962,04,18,0.0,18.345411,4.7819147,1962
4491,r3i1p1f1,1962,04,19,0.0,18.367197,3.335551,1962
4492,r3i1p1f1,1962,04,20,6.460174538752701,13.447688,-0.4020289,1962
4493,r3i1p1f1,1962,04,21,0.0,17.894108,2.0951257,1962
4494,r3i1p1f1,1962,04,22,0.0,18.245043,3.5097246,1962
4495,r3i1p1f1,1962,04,23,0.0,16.440077,6.8726006,1962
4496,r3i1p1f1,1962,04,24,0.0,21.237696,4.51872,1962
4497,r3i1p1f1,1962,04,25,0.0,21.408154,4.0014915,1962
4498,r3i1p1f1,1962,04,26,1.389033087271903,12.629033,2.7997322,1962
4499,r3i1p1f1,1962,04,27,8.26787335291125,12.169435,-2.6050777,1962
4500,r3i1p1f1,1962,04,28,0.0,9.529443,-4.387383,1962
4501,r3i1p1f1,1962,04,29,0.0035333619483648555,11.926849,-2.2047312,1962
4502,r3i1p1f1,1962,04,30,0.461554916603889,15.087458,-0.6458563,1962
4503,r3i1p1f1,1962,05,01,0.0,13.59021,0.5721785,1962
4504,r3i1p1f1,1962,05,02,0.0,17.113066,1.2980798,1962
4505,r3i1p1f1,1962,05,03,0.0,20.455465,5.0939584,1962
4506,r3i1p1f1,1962,05,04,0.0,23.742714,6.8813553,1962
4507,r3i1p1f1,1962,05,05,0.0,26.307985,8.761804,1962
4508,r3i1p1f1,1962,05,06,0.0,26.910887,9.875744,1962
4509,r3i1p1f1,1962,05,07,0.0,25.839235,12.48748,1962
4510,r3i1p1f1,1962,05,08,0.0,22.456238,7.4451165,1962
4511,r3i1p1f1,1962,05,09,3.376104864123351,16.10451,3.788409,1962
4512,r3i1p1f1,1962,05,10,6.527017805638025,13.957844,4.617086,1962
4513,r3i1p1f1,1962,05,11,0.0,16.85135,1.7542194,1962
4514,r3i1p1f1,1962,05,12,0.0,16.86225,3.2691495,1962
4515,r3i1p1f1,1962,05,13,1.0287455486066297,15.200243,4.751609,1962
4516,r3i1p1f1,1962,05,14,0.0,22.013441,4.37635,1962
4517,r3i1p1f1,1962,05,15,0.0,26.811104,8.249586,1962
4518,r3i1p1f1,1962,05,16,0.0,27.08697,9.69248,1962
4519,r3i1p1f1,1962,05,17,0.0,25.858421,10.635957,1962
4520,r3i1p1f1,1962,05,18,0.0,22.128902,4.4964237,1962
4521,r3i1p1f1,1962,05,19,0.0,23.193035,5.5739684,1962
4522,r3i1p1f1,1962,05,20,0.0,22.886206,7.7452393,1962
4523,r3i1p1f1,1962,05,21,1.2285195752108273,18.182669,2.0586753,1962
4524,r3i1p1f1,1962,05,22,0.0,10.478466,-1.4868795,1962
4525,r3i1p1f1,1962,05,23,0.0,13.446436,-1.6366429,1962
4526,r3i1p1f1,1962,05,24,0.0,14.473194,-0.61963534,1962
4527,r3i1p1f1,1962,05,25,0.0,15.422198,1.182032,1962
4528,r3i1p1f1,1962,05,26,0.0,17.009237,2.8771422,1962
4529,r3i1p1f1,1962,05,27,0.0,19.46807,3.5680904,1962
4530,r3i1p1f1,1962,05,28,0.0,22.0108,4.7461424,1962
4531,r3i1p1f1,1962,05,29,0.0,23.00438,8.053951,1962
4532,r3i1p1f1,1962,05,30,0.0,22.321995,6.2033772,1962
4533,r3i1p1f1,1962,05,31,0.0,22.07569,7.6072054,1962
4534,r3i1p1f1,1962,06,01,0.0,25.683365,6.6313653,1962
4535,r3i1p1f1,1962,06,02,0.0,29.10314,9.407432,1962
4536,r3i1p1f1,1962,06,03,0.0,31.708124,12.548318,1962
4537,r3i1p1f1,1962,06,04,0.0,32.015213,15.388834,1962
4538,r3i1p1f1,1962,06,05,0.0,30.248579,11.868729,1962
4539,r3i1p1f1,1962,06,06,0.0,24.850481,9.325408,1962
4540,r3i1p1f1,1962,06,07,0.0,26.639656,9.015271,1962
4541,r3i1p1f1,1962,06,08,0.0,29.634537,11.456834,1962
4542,r3i1p1f1,1962,06,09,0.0,29.131088,13.935252,1962
4543,r3i1p1f1,1962,06,10,0.65611052505119,26.20326,12.143662,1962
4544,r3i1p1f1,1962,06,11,0.0,24.63678,10.541056,1962
4545,r3i1p1f1,1962,06,12,0.0,25.46804,9.011986,1962
4546,r3i1p1f1,1962,06,13,0.0,28.005833,11.543521,1962
4547,r3i1p1f1,1962,06,14,0.0,28.649015,11.619555,1962
4548,r3i1p1f1,1962,06,15,0.0,29.430004,12.399242,1962
4549,r3i1p1f1,1962,06,16,0.0,28.940481,13.001821,1962
4550,r3i1p1f1,1962,06,17,0.0,26.274235,9.443056,1962
4551,r3i1p1f1,1962,06,18,0.0,22.613358,5.506569,1962
4552,r3i1p1f1,1962,06,19,0.0,18.847385,6.190561,1962
4553,r3i1p1f1,1962,06,20,0.0,18.941576,8.305441,1962
4554,r3i1p1f1,1962,06,21,0.0,25.161392,7.155956,1962
4555,r3i1p1f1,1962,06,22,0.0,29.555838,11.231671,1962
4556,r3i1p1f1,1962,06,23,0.0,30.011688,13.534247,1962
4557,r3i1p1f1,1962,06,24,0.0,33.2353,15.705026,1962
4558,r3i1p1f1,1962,06,25,0.0,35.4159,15.8724785,1962
4559,r3i1p1f1,1962,06,26,0.0,35.390717,17.630014,1962
4560,r3i1p1f1,1962,06,27,0.0,34.231125,16.836473,1962
4561,r3i1p1f1,1962,06,28,0.0,33.520466,14.168784,1962
4562,r3i1p1f1,1962,06,29,0.0,33.015373,16.01687,1962
4563,r3i1p1f1,1962,06,30,0.0,32.25098,15.44048,1962
4564,r3i1p1f1,1962,07,01,0.0,33.489895,13.963889,1962
4565,r3i1p1f1,1962,07,02,0.0,33.960217,15.945018,1962
4566,r3i1p1f1,1962,07,03,0.0,33.22593,14.516836,1962
4567,r3i1p1f1,1962,07,04,0.0,30.624802,14.2090645,1962
4568,r3i1p1f1,1962,07,05,0.0,31.344627,13.21429,1962
4569,r3i1p1f1,1962,07,06,0.0,31.251326,14.806981,1962
4570,r3i1p1f1,1962,07,07,0.0,30.279743,13.61082,1962
4571,r3i1p1f1,1962,07,08,0.0,28.592812,12.805954,1962
4572,r3i1p1f1,1962,07,09,0.0,28.10618,12.453561,1962
4573,r3i1p1f1,1962,07,10,0.0,27.564316,14.032052,1962
4574,r3i1p1f1,1962,07,11,0.0,24.57203,9.640187,1962
4575,r3i1p1f1,1962,07,12,0.0,24.76936,8.700898,1962
4576,r3i1p1f1,1962,07,13,0.0,24.354195,8.869729,1962
4577,r3i1p1f1,1962,07,14,0.0,25.782442,9.741591,1962
4578,r3i1p1f1,1962,07,15,0.0,30.057932,11.33442,1962
4579,r3i1p1f1,1962,07,16,0.0,30.070175,12.917742,1962
4580,r3i1p1f1,1962,07,17,0.0,26.764277,10.61086,1962
4581,r3i1p1f1,1962,07,18,0.0,23.213566,8.997383,1962
4582,r3i1p1f1,1962,07,19,0.0,21.894413,8.037236,1962
4583,r3i1p1f1,1962,07,20,0.0,22.391695,7.8391037,1962
4584,r3i1p1f1,1962,07,21,0.0,23.488663,9.272348,1962
4585,r3i1p1f1,1962,07,22,0.0,25.981153,9.781241,1962
4586,r3i1p1f1,1962,07,23,0.0,25.971228,10.646108,1962
4587,r3i1p1f1,1962,07,24,0.0,29.088196,11.515406,1962
4588,r3i1p1f1,1962,07,25,0.0,33.367985,14.88412,1962
4589,r3i1p1f1,1962,07,26,0.0,35.502594,16.841093,1962
4590,r3i1p1f1,1962,07,27,0.0,35.12885,17.441277,1962
4591,r3i1p1f1,1962,07,28,0.0,31.770262,16.008959,1962
4592,r3i1p1f1,1962,07,29,0.0,30.346659,14.754582,1962
4593,r3i1p1f1,1962,07,30,0.0,29.563871,14.061166,1962
4594,r3i1p1f1,1962,07,31,0.0,29.379663,14.2721195,1962
4595,r3i1p1f1,1962,08,01,0.0,28.678286,11.345699,1962
4596,r3i1p1f1,1962,08,02,0.0,25.749626,10.358497,1962
4597,r3i1p1f1,1962,08,03,0.0,29.641825,11.89788,1962
4598,r3i1p1f1,1962,08,04,0.0,29.225098,12.85132,1962
4599,r3i1p1f1,1962,08,05,0.0,27.18854,10.607157,1962
4600,r3i1p1f1,1962,08,06,0.0,28.82076,10.42015,1962
4601,r3i1p1f1,1962,08,07,0.0,31.190798,12.24394,1962
4602,r3i1p1f1,1962,08,08,0.0,33.762943,14.0582485,1962
4603,r3i1p1f1,1962,08,09,0.0,33.65128,16.265442,1962
4604,r3i1p1f1,1962,08,10,0.0,33.052807,15.217177,1962
4605,r3i1p1f1,1962,08,11,0.0,29.399649,12.437582,1962
4606,r3i1p1f1,1962,08,12,0.0,25.596119,9.487446,1962
4607,r3i1p1f1,1962,08,13,0.0,27.453491,10.86959,1962
4608,r3i1p1f1,1962,08,14,0.0,30.361134,11.092174,1962
4609,r3i1p1f1,1962,08,15,0.0,31.572073,13.58718,1962
4610,r3i1p1f1,1962,08,16,0.0,32.67154,14.347651,1962
4611,r3i1p1f1,1962,08,17,0.0,32.244095,16.009096,1962
4612,r3i1p1f1,1962,08,18,0.02213181364104936,30.415472,15.615245,1962
4613,r3i1p1f1,1962,08,19,0.0,28.467968,12.321417,1962
4614,r3i1p1f1,1962,08,20,0.0,25.324942,8.718839,1962
4615,r3i1p1f1,1962,08,21,0.0,26.937683,10.495585,1962
4616,r3i1p1f1,1962,08,22,0.0,26.667482,10.23083,1962
4617,r3i1p1f1,1962,08,23,0.0,27.323278,11.034891,1962
4618,r3i1p1f1,1962,08,24,0.0,29.263535,12.145699,1962
4619,r3i1p1f1,1962,08,25,0.0,29.87445,12.4377,1962
4620,r3i1p1f1,1962,08,26,0.0,30.19577,12.989772,1962
4621,r3i1p1f1,1962,08,27,0.0,29.50667,12.976935,1962
4622,r3i1p1f1,1962,08,28,0.0,28.243279,11.546687,1962
4623,r3i1p1f1,1962,08,29,0.0,29.021427,11.923214,1962
4624,r3i1p1f1,1962,08,30,0.0,31.350084,12.889784,1962
4625,r3i1p1f1,1962,08,31,0.0,32.282883,14.945459,1962
4626,r3i1p1f1,1962,09,01,0.0,30.910131,17.789673,1962
4627,r3i1p1f1,1962,09,02,0.0,29.643345,14.899966,1962
4628,r3i1p1f1,1962,09,03,0.024429322863732904,27.716698,14.882278,1962
4629,r3i1p1f1,1962,09,04,0.26309279325543783,24.486198,11.745515,1962
4630,r3i1p1f1,1962,09,05,0.0,25.804976,9.80267,1962
4631,r3i1p1f1,1962,09,06,0.0,26.17096,10.781655,1962
4632,r3i1p1f1,1962,09,07,0.0,27.022451,12.063996,1962
4633,r3i1p1f1,1962,09,08,0.0,29.603687,12.99936,1962
4634,r3i1p1f1,1962,09,09,0.0,30.592201,13.317985,1962
4635,r3i1p1f1,1962,09,10,0.0,31.275358,13.320051,1962
4636,r3i1p1f1,1962,09,11,0.0,29.701496,12.603802,1962
4637,r3i1p1f1,1962,09,12,0.0,26.46202,8.809976,1962
4638,r3i1p1f1,1962,09,13,0.0,29.76338,11.776635,1962
4639,r3i1p1f1,1962,09,14,0.0,30.394867,12.679321,1962
4640,r3i1p1f1,1962,09,15,0.0,29.21684,14.271789,1962
4641,r3i1p1f1,1962,09,16,0.0,25.68035,10.164824,1962
4642,r3i1p1f1,1962,09,17,0.0,29.317598,11.02622,1962
4643,r3i1p1f1,1962,09,18,0.0,29.581984,11.59786,1962
4644,r3i1p1f1,1962,09,19,0.0,29.380566,11.31779,1962
4645,r3i1p1f1,1962,09,20,0.0,27.981596,11.401403,1962
4646,r3i1p1f1,1962,09,21,0.0,26.766563,10.731925,1962
4647,r3i1p1f1,1962,09,22,0.0,29.33049,11.441764,1962
4648,r3i1p1f1,1962,09,23,0.0,29.507454,12.8764515,1962
4649,r3i1p1f1,1962,09,24,0.0,29.654575,12.092733,1962
4650,r3i1p1f1,1962,09,25,0.0,29.820368,12.024095,1962
4651,r3i1p1f1,1962,09,26,0.0,29.709473,12.513818,1962
4652,r3i1p1f1,1962,09,27,0.0,28.079088,12.07424,1962
4653,r3i1p1f1,1962,09,28,0.010723986748704001,21.439602,7.656371,1962
4654,r3i1p1f1,1962,09,29,0.0,19.309996,3.385261,1962
4655,r3i1p1f1,1962,09,30,0.0,19.241596,5.871482,1962
4656,r3i1p1f1,1962,10,01,13.324473835458967,20.266,7.2789536,1962
4657,r3i1p1f1,1962,10,02,1.0940073805518056,15.537103,3.1576889,1962
4658,r3i1p1f1,1962,10,03,0.0,20.125795,3.416154,1962
4659,r3i1p1f1,1962,10,04,0.0,21.62045,6.4916472,1962
4660,r3i1p1f1,1962,10,05,0.0,22.044073,7.2289357,1962
4661,r3i1p1f1,1962,10,06,1.3354827328983352,22.268702,8.178432,1962
4662,r3i1p1f1,1962,10,07,13.492943891948304,9.190685,-1.3526593,1962
4663,r3i1p1f1,1962,10,08,0.0,16.577427,1.1986579,1962
4664,r3i1p1f1,1962,10,09,0.0,17.00749,3.143277,1962
4665,r3i1p1f1,1962,10,10,0.0,18.361813,3.591912,1962
4666,r3i1p1f1,1962,10,11,0.0,20.283154,4.62115,1962
4667,r3i1p1f1,1962,10,12,0.0,22.578314,6.789857,1962
4668,r3i1p1f1,1962,10,13,0.0,21.87344,7.4106774,1962
4669,r3i1p1f1,1962,10,14,0.0,18.158543,3.9011939,1962
4670,r3i1p1f1,1962,10,15,0.0,22.309473,5.468051,1962
4671,r3i1p1f1,1962,10,16,0.0,26.838068,8.771307,1962
4672,r3i1p1f1,1962,10,17,0.0,25.726707,10.308796,1962
4673,r3i1p1f1,1962,10,18,0.0,26.33254,9.708963,1962
4674,r3i1p1f1,1962,10,19,0.0,26.048075,11.608171,1962
4675,r3i1p1f1,1962,10,20,0.0,24.817577,10.3532,1962
4676,r3i1p1f1,1962,10,21,0.22933054705582004,20.267748,4.951874,1962
4677,r3i1p1f1,1962,10,22,0.0,17.414352,2.3112326,1962
4678,r3i1p1f1,1962,10,23,13.482472137318263,16.171776,3.7974935,1962
4679,r3i1p1f1,1962,10,24,5.620734698095475,5.9347067,-1.8446673,1962
4680,r3i1p1f1,1962,10,25,0.021256896549235342,6.4719872,-3.2398489,1962
4681,r3i1p1f1,1962,10,26,0.0,9.854875,-3.0389416,1962
4682,r3i1p1f1,1962,10,27,0.0,12.440114,0.085256,1962
4683,r3i1p1f1,1962,10,28,0.0,12.90538,-0.68827385,1962
4684,r3i1p1f1,1962,10,29,0.0,15.329287,-0.06272683,1962
4685,r3i1p1f1,1962,10,30,0.0,18.539543,0.8712592,1962
4686,r3i1p1f1,1962,10,31,0.0,17.905134,3.1052394,1962
4687,r3i1p1f1,1962,11,01,4.805876228860335,10.979344,0.5901498,1962
4688,r3i1p1f1,1962,11,02,27.093127426556556,4.7175403,-1.2096844,1962
4689,r3i1p1f1,1962,11,03,31.860011742499314,7.39812,0.5325056,1962
4690,r3i1p1f1,1962,11,04,44.60589420295467,11.13003,3.5591657,1962
4691,r3i1p1f1,1962,11,05,2.3046540444595034,13.789662,6.937418,1962
4692,r3i1p1f1,1962,11,06,64.99179813912825,12.708638,5.787636,1962
4693,r3i1p1f1,1962,11,07,11.437914288590514,8.548656,0.3692232,1962
4694,r3i1p1f1,1962,11,08,0.0,11.711461,-3.68134,1962
4695,r3i1p1f1,1962,11,09,0.0,13.771376,-2.2207136,1962
4696,r3i1p1f1,1962,11,10,18.628829929634538,9.695071,2.4022853,1962
4697,r3i1p1f1,1962,11,11,0.2743876573252859,10.048175,0.53542185,1962
4698,r3i1p1f1,1962,11,12,0.0,13.303212,-0.4411685,1962
4699,r3i1p1f1,1962,11,13,0.0,12.038965,0.604946,1962
4700,r3i1p1f1,1962,11,14,0.6026913819368929,9.821157,-1.5847054,1962
4701,r3i1p1f1,1962,11,15,0.0,6.8367887,-6.110578,1962
4702,r3i1p1f1,1962,11,16,0.0424467137475547,4.778681,-5.9230585,1962
4703,r3i1p1f1,1962,11,17,3.6347460914839758,5.8912306,-3.3713348,1962
4704,r3i1p1f1,1962,11,18,0.0,11.675663,-4.0004945,1962
4705,r3i1p1f1,1962,11,19,0.2399325353938988,9.540418,0.81059,1962
4706,r3i1p1f1,1962,11,20,8.544302422179546,5.093303,-1.90925,1962
4707,r3i1p1f1,1962,11,21,38.91013148240745,4.2720666,-2.3038268,1962
4708,r3i1p1f1,1962,11,22,4.937444032609499,4.8397894,-1.0883056,1962
4709,r3i1p1f1,1962,11,23,0.0,8.442655,-2.1245098,1962
4710,r3i1p1f1,1962,11,24,1.4812103390316846,8.6691885,1.0097022,1962
4711,r3i1p1f1,1962,11,25,2.233502551787655,9.921089,-3.9688547,1962
4712,r3i1p1f1,1962,11,26,0.0,12.605551,-0.84942514,1962
4713,r3i1p1f1,1962,11,27,0.0,16.3434,2.4179242,1962
4714,r3i1p1f1,1962,11,28,0.0,17.173079,2.7619593,1962
4715,r3i1p1f1,1962,11,29,5.162762107848769,14.971408,4.974142,1962
4716,r3i1p1f1,1962,11,30,0.0,11.087768,-1.6484058,1962
4717,r3i1p1f1,1962,12,01,1.5123246642408623,7.209232,1.850252,1962
4718,r3i1p1f1,1962,12,02,49.67224588372598,6.377269,2.0479658,1962
4719,r3i1p1f1,1962,12,03,1.9411315083791698,9.627622,-3.1974487,1962
4720,r3i1p1f1,1962,12,04,0.0,14.388751,-0.79454446,1962
4721,r3i1p1f1,1962,12,05,0.0,13.141994,1.514001,1962
4722,r3i1p1f1,1962,12,06,0.22425272691179998,10.544989,4.889765,1962
4723,r3i1p1f1,1962,12,07,0.0,11.436847,-0.29898453,1962
4724,r3i1p1f1,1962,12,08,0.0,12.643012,-0.63383496,1962
4725,r3i1p1f1,1962,12,09,13.096894968705447,7.0358515,2.0249693,1962
4726,r3i1p1f1,1962,12,10,0.0,5.621771,-6.194656,1962
4727,r3i1p1f1,1962,12,11,0.0,5.115638,-8.42911,1962
4728,r3i1p1f1,1962,12,12,0.0,8.963436,-5.3862514,1962
4729,r3i1p1f1,1962,12,13,0.0,10.481731,-2.3712027,1962
4730,r3i1p1f1,1962,12,14,0.0,13.882854,-0.081550226,1962
4731,r3i1p1f1,1962,12,15,0.0,14.197064,1.3631322,1962
4732,r3i1p1f1,1962,12,16,0.0,16.406927,2.6842709,1962
4733,r3i1p1f1,1962,12,17,0.0,13.415528,2.378366,1962
4734,r3i1p1f1,1962,12,18,0.0,15.458991,1.8724926,1962
4735,r3i1p1f1,1962,12,19,0.0,11.662025,-0.3255535,1962
4736,r3i1p1f1,1962,12,20,0.0,12.806647,0.38839674,1962
4737,r3i1p1f1,1962,12,21,0.0,11.773757,-0.50648344,1962
4738,r3i1p1f1,1962,12,22,0.0,10.728116,-0.32297266,1962
4739,r3i1p1f1,1962,12,23,0.0,11.856606,0.15930218,1962
4740,r3i1p1f1,1962,12,24,0.0,15.720542,2.667373,1962
4741,r3i1p1f1,1962,12,25,0.0,15.276442,2.1401653,1962
4742,r3i1p1f1,1962,12,26,0.049340973438168144,12.311946,2.0883439,1962
4743,r3i1p1f1,1962,12,27,0.0,13.150003,1.2926489,1962
4744,r3i1p1f1,1962,12,28,0.0,15.155348,2.1411276,1962
4745,r3i1p1f1,1962,12,29,2.2547723477098196,12.558659,1.6808525,1962
4746,r3i1p1f1,1962,12,30,0.0,9.588741,-1.8792187,1962
4747,r3i1p1f1,1962,12,31,0.0,11.015765,-0.59418577,1962
4748,r3i1p1f1,1963,01,01,6.915417426085026,6.844263,-0.6745977,1963
4749,r3i1p1f1,1963,01,02,0.0,10.822438,-1.3244878,1963
4750,r3i1p1f1,1963,01,03,0.0,13.878979,0.6455816,1963
4751,r3i1p1f1,1963,01,04,0.0,13.664403,2.0985284,1963
4752,r3i1p1f1,1963,01,05,0.0,10.701454,1.229389,1963
4753,r3i1p1f1,1963,01,06,0.0,11.952347,0.8030491,1963
4754,r3i1p1f1,1963,01,07,0.0,12.867937,1.0898131,1963
4755,r3i1p1f1,1963,01,08,2.487103963894218,8.882424,3.7711895,1963
4756,r3i1p1f1,1963,01,09,57.02056420084677,6.548594,-3.8987145,1963
4757,r3i1p1f1,1963,01,10,10.282175041318528,-0.8594813,-5.888366,1963
4758,r3i1p1f1,1963,01,11,0.0,2.0898156,-12.941431,1963
4759,r3i1p1f1,1963,01,12,12.161658022332153,-1.5948981,-12.381436,1963
4760,r3i1p1f1,1963,01,13,19.14502681036921,-2.452511,-5.1246333,1963
4761,r3i1p1f1,1963,01,14,7.619720024644937,-0.9220258,-9.217437,1963
4762,r3i1p1f1,1963,01,15,0.0,1.8343434,-12.479876,1963
4763,r3i1p1f1,1963,01,16,9.962536373763884,-0.7935064,-5.3882937,1963
4764,r3i1p1f1,1963,01,17,1.0679116062084704,2.0947156,-2.5591874,1963
4765,r3i1p1f1,1963,01,18,0.0,6.361188,-7.4425354,1963
4766,r3i1p1f1,1963,01,19,0.0,5.45917,-6.8635283,1963
4767,r3i1p1f1,1963,01,20,9.064868771422066,1.5760136,-3.561598,1963
4768,r3i1p1f1,1963,01,21,0.0,3.8683648,-7.0082903,1963
4769,r3i1p1f1,1963,01,22,0.0,8.103626,-4.0806365,1963
4770,r3i1p1f1,1963,01,23,0.0,7.073229,-2.7836633,1963
4771,r3i1p1f1,1963,01,24,0.0,6.378194,-4.9091606,1963
4772,r3i1p1f1,1963,01,25,0.0,4.97453,-6.065552,1963
4773,r3i1p1f1,1963,01,26,0.0,6.5678587,-6.223884,1963
4774,r3i1p1f1,1963,01,27,0.0,5.2206364,-5.473662,1963
4775,r3i1p1f1,1963,01,28,0.0,4.4473767,-6.0791316,1963
4776,r3i1p1f1,1963,01,29,0.0,7.998457,-4.591563,1963
4777,r3i1p1f1,1963,01,30,0.0,10.483964,-4.750233,1963
4778,r3i1p1f1,1963,01,31,0.0,10.071825,-5.641748,1963
4779,r3i1p1f1,1963,02,01,0.0,-1.9553856,-14.83478,1963
4780,r3i1p1f1,1963,02,02,0.0,2.393364,-12.8906555,1963
4781,r3i1p1f1,1963,02,03,0.0,3.4559438,-7.108614,1963
4782,r3i1p1f1,1963,02,04,0.0,7.814075,-2.6311536,1963
4783,r3i1p1f1,1963,02,05,33.677880546862355,4.9302864,-0.48507017,1963
4784,r3i1p1f1,1963,02,06,14.008882378326042,2.944584,-3.5788136,1963
4785,r3i1p1f1,1963,02,07,5.130719142279735,2.6306558,-5.5924087,1963
4786,r3i1p1f1,1963,02,08,0.0,9.38808,-5.4932704,1963
4787,r3i1p1f1,1963,02,09,0.0,15.247264,0.07546765,1963
4788,r3i1p1f1,1963,02,10,0.0,13.678768,3.4657962,1963
4789,r3i1p1f1,1963,02,11,6.651772113630279,8.669247,2.248496,1963
4790,r3i1p1f1,1963,02,12,0.005590556171036472,10.410896,0.5834045,1963
4791,r3i1p1f1,1963,02,13,18.301531998440623,6.156159,-4.139442,1963
4792,r3i1p1f1,1963,02,14,22.877891175448895,1.7523421,-2.9283774,1963
4793,r3i1p1f1,1963,02,15,5.639019557795684,3.6521344,-4.468809,1963
4794,r3i1p1f1,1963,02,16,0.0,8.097551,-5.953498,1963
4795,r3i1p1f1,1963,02,17,5.10499654301384,8.548762,-1.9100026,1963
4796,r3i1p1f1,1963,02,18,5.627108099341919,7.89796,-0.12813552,1963
4797,r3i1p1f1,1963,02,19,55.119240695708676,6.7040005,1.9643266,1963
4798,r3i1p1f1,1963,02,20,5.610161452358098,8.524273,-1.286598,1963
4799,r3i1p1f1,1963,02,21,17.94515816972738,6.655389,-0.34146786,1963
4800,r3i1p1f1,1963,02,22,15.329998586859897,6.0430927,-4.689119,1963
4801,r3i1p1f1,1963,02,23,0.0,7.7833896,-4.672135,1963
4802,r3i1p1f1,1963,02,24,0.0,10.115152,-2.9527304,1963
4803,r3i1p1f1,1963,02,25,0.0,13.314627,0.7824062,1963
4804,r3i1p1f1,1963,02,26,0.0,15.883164,1.0026518,1963
4805,r3i1p1f1,1963,02,27,0.0,18.323309,2.867037,1963
4806,r3i1p1f1,1963,02,28,0.0,17.190765,3.5151033,1963
4807,r3i1p1f1,1963,03,01,0.0,15.998016,3.1650329,1963
4808,r3i1p1f1,1963,03,02,0.0,17.743671,4.35029,1963
4809,r3i1p1f1,1963,03,03,0.0,20.035898,4.7956157,1963
4810,r3i1p1f1,1963,03,04,0.0,19.657236,2.8967178,1963
4811,r3i1p1f1,1963,03,05,0.0,15.451671,2.2433834,1963
4812,r3i1p1f1,1963,03,06,0.0,17.251797,2.6996565,1963
4813,r3i1p1f1,1963,03,07,0.0,16.005432,1.5731043,1963
4814,r3i1p1f1,1963,03,08,0.0,13.564953,-1.112506,1963
4815,r3i1p1f1,1963,03,09,0.0,13.111825,1.227663,1963
4816,r3i1p1f1,1963,03,10,0.0,12.048073,-0.8938939,1963
4817,r3i1p1f1,1963,03,11,2.657423561494828,6.576246,-5.8882904,1963
4818,r3i1p1f1,1963,03,12,55.46392939102493,1.1532134,-3.337311,1963
4819,r3i1p1f1,1963,03,13,17.24634044252238,-1.4911302,-8.167587,1963
4820,r3i1p1f1,1963,03,14,6.4334227763251155,-0.7378358,-10.385299,1963
4821,r3i1p1f1,1963,03,15,2.985739690561068,3.4847677,-4.9696875,1963
4822,r3i1p1f1,1963,03,16,1.7786012846811086,7.696198,-2.1464663,1963
4823,r3i1p1f1,1963,03,17,7.075918421737458,6.5130243,-0.22928427,1963
4824,r3i1p1f1,1963,03,18,10.28790919640175,6.3590693,-0.31322628,1963
4825,r3i1p1f1,1963,03,19,39.90043569601288,5.784118,0.9802889,1963
4826,r3i1p1f1,1963,03,20,17.59204711668549,2.3624222,-2.9162722,1963
4827,r3i1p1f1,1963,03,21,0.8221192868643955,8.636101,-6.4105234,1963
4828,r3i1p1f1,1963,03,22,0.0,13.967341,-4.384205,1963
4829,r3i1p1f1,1963,03,23,0.0,13.334438,-1.9939013,1963
4830,r3i1p1f1,1963,03,24,0.0,11.355509,-3.7707837,1963
4831,r3i1p1f1,1963,03,25,0.0,8.460199,-3.5629349,1963
4832,r3i1p1f1,1963,03,26,0.0,11.92416,-4.3735647,1963
4833,r3i1p1f1,1963,03,27,0.0,13.089087,1.2890697,1963
4834,r3i1p1f1,1963,03,28,0.0,18.092997,2.3204253,1963
4835,r3i1p1f1,1963,03,29,0.0,21.174654,5.027402,1963
4836,r3i1p1f1,1963,03,30,0.0,20.611393,7.7525735,1963
4837,r3i1p1f1,1963,03,31,0.0,21.540777,5.7227173,1963
4838,r3i1p1f1,1963,04,01,0.0,21.096796,8.174554,1963
4839,r3i1p1f1,1963,04,02,0.0,18.954466,7.6862607,1963
4840,r3i1p1f1,1963,04,03,18.002846625045333,11.22541,-0.39391422,1963
4841,r3i1p1f1,1963,04,04,0.3561588146974253,10.653294,-1.4830741,1963
4842,r3i1p1f1,1963,04,05,0.0,18.441692,2.1835144,1963
4843,r3i1p1f1,1963,04,06,0.0,19.79975,3.6276813,1963
4844,r3i1p1f1,1963,04,07,0.0,20.646152,3.8552382,1963
4845,r3i1p1f1,1963,04,08,0.0,21.609524,5.811952,1963
4846,r3i1p1f1,1963,04,09,0.0,20.901642,10.903744,1963
4847,r3i1p1f1,1963,04,10,0.0,22.348265,8.324809,1963
4848,r3i1p1f1,1963,04,11,0.0,20.69299,7.625351,1963
4849,r3i1p1f1,1963,04,12,0.0,20.576807,7.04778,1963
4850,r3i1p1f1,1963,04,13,0.0,21.185642,7.840974,1963
4851,r3i1p1f1,1963,04,14,0.0,21.598719,9.766092,1963
4852,r3i1p1f1,1963,04,15,9.48486556436891,15.80136,0.94910485,1963
4853,r3i1p1f1,1963,04,16,0.010439750622026622,10.468006,-0.87367016,1963
4854,r3i1p1f1,1963,04,17,0.0,17.950745,0.5200458,1963
4855,r3i1p1f1,1963,04,18,0.0,22.580706,3.9062107,1963
4856,r3i1p1f1,1963,04,19,0.0,22.58963,7.063407,1963
4857,r3i1p1f1,1963,04,20,0.0,23.966606,8.473304,1963
4858,r3i1p1f1,1963,04,21,0.0,22.22784,7.263566,1963
4859,r3i1p1f1,1963,04,22,0.0,19.631458,2.8860981,1963
4860,r3i1p1f1,1963,04,23,0.0,18.164503,2.7793815,1963
4861,r3i1p1f1,1963,04,24,0.0,20.683258,4.7249813,1963
4862,r3i1p1f1,1963,04,25,0.0,20.56205,6.2316604,1963
4863,r3i1p1f1,1963,04,26,0.0,19.377573,3.795064,1963
4864,r3i1p1f1,1963,04,27,0.0,18.418463,4.30888,1963
4865,r3i1p1f1,1963,04,28,0.0,21.017557,4.7692914,1963
4866,r3i1p1f1,1963,04,29,0.0,25.335987,7.4699655,1963
4867,r3i1p1f1,1963,04,30,0.0,26.572794,10.925049,1963
4868,r3i1p1f1,1963,05,01,0.009981777494479167,26.448875,11.914191,1963
4869,r3i1p1f1,1963,05,02,0.806545120691513,24.042587,8.215999,1963
4870,r3i1p1f1,1963,05,03,5.10637431243116,16.419378,3.8960848,1963
4871,r3i1p1f1,1963,05,04,10.292009403010047,11.86107,5.553953,1963
4872,r3i1p1f1,1963,05,05,0.2394032068590796,16.859976,4.2375445,1963
4873,r3i1p1f1,1963,05,06,0.0,15.034698,5.4080806,1963
4874,r3i1p1f1,1963,05,07,3.122535222026176,13.217201,0.7603387,1963
4875,r3i1p1f1,1963,05,08,11.231416968114086,10.179896,-1.4375309,1963
4876,r3i1p1f1,1963,05,09,0.0,13.899734,0.6353726,1963
4877,r3i1p1f1,1963,05,10,0.0,16.869745,1.9088794,1963
4878,r3i1p1f1,1963,05,11,0.0,16.133732,3.4152832,1963
4879,r3i1p1f1,1963,05,12,0.0,16.66742,3.9985437,1963
4880,r3i1p1f1,1963,05,13,4.113048450151262,12.764407,0.5264206,1963
4881,r3i1p1f1,1963,05,14,0.8162742525440224,6.8602486,-2.7850406,1963
4882,r3i1p1f1,1963,05,15,10.54898290940879,6.354903,-3.6440792,1963
4883,r3i1p1f1,1963,05,16,14.066215835153248,5.7301826,-1.7148055,1963
4884,r3i1p1f1,1963,05,17,0.0,11.995888,-2.0790007,1963
4885,r3i1p1f1,1963,05,18,0.5784569691872763,12.2590885,1.4021543,1963
4886,r3i1p1f1,1963,05,19,0.0,15.939566,1.2747798,1963
4887,r3i1p1f1,1963,05,20,0.0,18.084164,4.468796,1963
4888,r3i1p1f1,1963,05,21,0.0,18.219692,5.990372,1963
4889,r3i1p1f1,1963,05,22,0.0,23.335192,5.511033,1963
4890,r3i1p1f1,1963,05,23,0.0,27.6104,8.564247,1963
4891,r3i1p1f1,1963,05,24,0.0,26.806923,11.346234,1963
4892,r3i1p1f1,1963,05,25,0.0,26.836143,9.842567,1963
4893,r3i1p1f1,1963,05,26,0.0,26.312557,10.595652,1963
4894,r3i1p1f1,1963,05,27,0.0,25.185104,10.416234,1963
4895,r3i1p1f1,1963,05,28,0.0,25.619581,10.029947,1963
4896,r3i1p1f1,1963,05,29,0.0,26.270292,10.53217,1963
4897,r3i1p1f1,1963,05,30,0.0,28.046268,10.434667,1963
4898,r3i1p1f1,1963,05,31,0.0,28.817652,12.544339,1963
4899,r3i1p1f1,1963,06,01,0.0,29.604063,13.185438,1963
4900,r3i1p1f1,1963,06,02,0.0,28.659733,12.17881,1963
4901,r3i1p1f1,1963,06,03,0.0,25.979448,8.347385,1963
4902,r3i1p1f1,1963,06,04,0.0,22.490564,7.121244,1963
4903,r3i1p1f1,1963,06,05,0.0,22.532076,7.8817315,1963
4904,r3i1p1f1,1963,06,06,0.0,22.9994,6.4849257,1963
4905,r3i1p1f1,1963,06,07,0.0,23.25871,7.572774,1963
4906,r3i1p1f1,1963,06,08,0.0,24.841234,8.351945,1963
4907,r3i1p1f1,1963,06,09,0.009156587092499984,23.68241,8.944595,1963
4908,r3i1p1f1,1963,06,10,0.0,21.690351,6.116127,1963
4909,r3i1p1f1,1963,06,11,0.0,23.53424,7.963076,1963
4910,r3i1p1f1,1963,06,12,0.0,28.623024,10.137364,1963
4911,r3i1p1f1,1963,06,13,0.0,29.035324,12.477187,1963
4912,r3i1p1f1,1963,06,14,1.9719910232723985,25.751818,11.9171715,1963
4913,r3i1p1f1,1963,06,15,0.00022537095853629964,27.513361,11.691359,1963
4914,r3i1p1f1,1963,06,16,0.30798923463934397,30.63775,14.198764,1963
4915,r3i1p1f1,1963,06,17,0.26204984487297844,30.217957,13.913657,1963
4916,r3i1p1f1,1963,06,18,0.0,31.666956,15.998393,1963
4917,r3i1p1f1,1963,06,19,0.0,31.326542,15.96369,1963
4918,r3i1p1f1,1963,06,20,0.0,28.393644,12.644107,1963
4919,r3i1p1f1,1963,06,21,0.0,28.26837,10.692675,1963
4920,r3i1p1f1,1963,06,22,0.0,28.547636,11.335563,1963
4921,r3i1p1f1,1963,06,23,0.0,32.273987,13.90333,1963
4922,r3i1p1f1,1963,06,24,0.0,35.818134,14.922559,1963
4923,r3i1p1f1,1963,06,25,0.0,36.29481,17.283754,1963
4924,r3i1p1f1,1963,06,26,0.0,35.958485,17.555603,1963
4925,r3i1p1f1,1963,06,27,0.0,34.485584,17.465952,1963
4926,r3i1p1f1,1963,06,28,0.0,32.526043,15.556958,1963
4927,r3i1p1f1,1963,06,29,0.0,26.47573,10.508828,1963
4928,r3i1p1f1,1963,06,30,0.0,24.857761,9.083066,1963
4929,r3i1p1f1,1963,07,01,0.0,28.076473,11.23659,1963
4930,r3i1p1f1,1963,07,02,0.0,28.441626,12.035784,1963
4931,r3i1p1f1,1963,07,03,0.0,28.277214,12.67009,1963
4932,r3i1p1f1,1963,07,04,0.0,28.197422,12.893138,1963
4933,r3i1p1f1,1963,07,05,0.0,28.665726,11.776192,1963
4934,r3i1p1f1,1963,07,06,0.0,30.04927,12.198118,1963
4935,r3i1p1f1,1963,07,07,0.0,30.047907,12.820575,1963
4936,r3i1p1f1,1963,07,08,0.0,30.671225,12.519361,1963
4937,r3i1p1f1,1963,07,09,0.0,30.297722,13.833794,1963
4938,r3i1p1f1,1963,07,10,0.0,29.306547,12.62046,1963
4939,r3i1p1f1,1963,07,11,0.0,28.892832,11.535829,1963
4940,r3i1p1f1,1963,07,12,0.0,30.071896,12.240263,1963
4941,r3i1p1f1,1963,07,13,0.0,29.698622,14.058152,1963
4942,r3i1p1f1,1963,07,14,0.0,31.359612,12.620878,1963
4943,r3i1p1f1,1963,07,15,0.0,30.772844,13.591318,1963
4944,r3i1p1f1,1963,07,16,0.0,29.949884,14.099888,1963
4945,r3i1p1f1,1963,07,17,0.0,29.36195,13.6731615,1963
4946,r3i1p1f1,1963,07,18,0.0,31.284517,12.832146,1963
4947,r3i1p1f1,1963,07,19,0.0,33.57734,14.378834,1963
4948,r3i1p1f1,1963,07,20,0.0,33.652527,16.178833,1963
4949,r3i1p1f1,1963,07,21,0.0,32.322006,15.17503,1963
4950,r3i1p1f1,1963,07,22,0.0,30.385101,13.193369,1963
4951,r3i1p1f1,1963,07,23,0.0,27.660282,11.63258,1963
4952,r3i1p1f1,1963,07,24,0.0,26.719538,11.460233,1963
4953,r3i1p1f1,1963,07,25,0.0,26.125536,11.043751,1963
4954,r3i1p1f1,1963,07,26,0.0,27.732752,10.295331,1963
4955,r3i1p1f1,1963,07,27,0.0,27.393576,11.662922,1963
4956,r3i1p1f1,1963,07,28,0.0,27.426134,11.359516,1963
4957,r3i1p1f1,1963,07,29,0.0,29.065216,12.125627,1963
4958,r3i1p1f1,1963,07,30,0.0,29.179241,12.424214,1963
4959,r3i1p1f1,1963,07,31,0.0,28.437256,11.64411,1963
4960,r3i1p1f1,1963,08,01,0.0,27.719835,11.028729,1963
4961,r3i1p1f1,1963,08,02,0.0,28.678553,10.957149,1963
4962,r3i1p1f1,1963,08,03,0.0,29.94445,12.512132,1963
4963,r3i1p1f1,1963,08,04,0.0,32.430767,14.629765,1963
4964,r3i1p1f1,1963,08,05,0.0,34.278023,16.63743,1963
4965,r3i1p1f1,1963,08,06,0.0,35.291656,18.375826,1963
4966,r3i1p1f1,1963,08,07,0.0,34.49579,19.798931,1963
4967,r3i1p1f1,1963,08,08,0.0,32.018833,15.345916,1963
4968,r3i1p1f1,1963,08,09,0.0,33.04849,15.097156,1963
4969,r3i1p1f1,1963,08,10,0.0,33.307545,16.025871,1963
4970,r3i1p1f1,1963,08,11,0.0,33.211586,15.072397,1963
4971,r3i1p1f1,1963,08,12,0.0,32.63447,14.925036,1963
4972,r3i1p1f1,1963,08,13,0.0,31.832747,15.373375,1963
4973,r3i1p1f1,1963,08,14,0.0,32.12942,16.064243,1963
4974,r3i1p1f1,1963,08,15,0.0,31.965345,14.714404,1963
4975,r3i1p1f1,1963,08,16,0.0,31.671406,13.22743,1963
4976,r3i1p1f1,1963,08,17,0.0,31.934368,14.588162,1963
4977,r3i1p1f1,1963,08,18,0.0,31.16787,14.289165,1963
4978,r3i1p1f1,1963,08,19,0.0,29.73913,12.0023155,1963
4979,r3i1p1f1,1963,08,20,0.0,32.820484,13.25455,1963
4980,r3i1p1f1,1963,08,21,0.0,32.17623,15.471655,1963
4981,r3i1p1f1,1963,08,22,0.0,30.717451,13.821006,1963
4982,r3i1p1f1,1963,08,23,0.0,30.279243,13.329165,1963
4983,r3i1p1f1,1963,08,24,0.0,31.684015,14.353733,1963
4984,r3i1p1f1,1963,08,25,0.0,33.432304,15.226861,1963
4985,r3i1p1f1,1963,08,26,0.0,33.161846,15.263808,1963
4986,r3i1p1f1,1963,08,27,0.0,31.592747,14.506465,1963
4987,r3i1p1f1,1963,08,28,0.0,30.310452,15.7756605,1963
4988,r3i1p1f1,1963,08,29,0.00010562863807488037,31.88532,15.4843235,1963
4989,r3i1p1f1,1963,08,30,0.0,34.01695,15.35212,1963
4990,r3i1p1f1,1963,08,31,0.0,32.85176,15.974008,1963
4991,r3i1p1f1,1963,09,01,0.0,30.325659,13.771932,1963
4992,r3i1p1f1,1963,09,02,0.0,26.975615,11.562205,1963
4993,r3i1p1f1,1963,09,03,0.0,26.500519,11.181077,1963
4994,r3i1p1f1,1963,09,04,0.0,26.037125,10.701351,1963
4995,r3i1p1f1,1963,09,05,0.0,26.62692,9.635607,1963
4996,r3i1p1f1,1963,09,06,0.0,26.651245,10.404265,1963
4997,r3i1p1f1,1963,09,07,0.0,26.57668,10.370669,1963
4998,r3i1p1f1,1963,09,08,0.0,28.015379,10.864124,1963
4999,r3i1p1f1,1963,09,09,0.0,26.545149,10.84977,1963
5000,r3i1p1f1,1963,09,10,0.0,21.161173,5.0776076,1963
5001,r3i1p1f1,1963,09,11,0.0,23.439247,4.24633,1963
5002,r3i1p1f1,1963,09,12,0.0,22.898884,7.1256933,1963
5003,r3i1p1f1,1963,09,13,0.0,21.640202,5.744622,1963
5004,r3i1p1f1,1963,09,14,0.0,22.8554,6.2191415,1963
5005,r3i1p1f1,1963,09,15,0.0,23.447098,7.0633235,1963
5006,r3i1p1f1,1963,09,16,0.0,25.180954,9.178707,1963
5007,r3i1p1f1,1963,09,17,0.0,27.701365,10.340855,1963
5008,r3i1p1f1,1963,09,18,0.0,29.187141,11.68812,1963
5009,r3i1p1f1,1963,09,19,0.0,30.695183,12.620687,1963
5010,r3i1p1f1,1963,09,20,0.0,30.12268,14.113277,1963
5011,r3i1p1f1,1963,09,21,0.0,29.487478,12.562062,1963
5012,r3i1p1f1,1963,09,22,0.0,30.556334,14.171869,1963
5013,r3i1p1f1,1963,09,23,3.0251304842941433,27.93953,15.389673,1963
5014,r3i1p1f1,1963,09,24,0.017200599081422154,21.130146,9.373224,1963
5015,r3i1p1f1,1963,09,25,0.0,25.136314,7.593174,1963
5016,r3i1p1f1,1963,09,26,0.0,26.108828,9.749539,1963
5017,r3i1p1f1,1963,09,27,0.0,27.507444,10.437171,1963
5018,r3i1p1f1,1963,09,28,0.0,28.916798,11.679644,1963
5019,r3i1p1f1,1963,09,29,0.0,28.459757,11.417968,1963
5020,r3i1p1f1,1963,09,30,0.0,28.284594,11.836657,1963
5021,r3i1p1f1,1963,10,01,0.0,26.946596,12.577762,1963
5022,r3i1p1f1,1963,10,02,0.0,23.375057,7.7082257,1963
5023,r3i1p1f1,1963,10,03,0.0,15.625423,1.6718298,1963
5024,r3i1p1f1,1963,10,04,0.0,18.329687,2.6185868,1963
5025,r3i1p1f1,1963,10,05,0.0,21.54012,4.948864,1963
5026,r3i1p1f1,1963,10,06,0.0,22.896887,6.7650433,1963
5027,r3i1p1f1,1963,10,07,0.0,22.118778,8.600384,1963
5028,r3i1p1f1,1963,10,08,0.0,24.783545,8.793771,1963
5029,r3i1p1f1,1963,10,09,0.0,24.776358,8.951139,1963
5030,r3i1p1f1,1963,10,10,0.0,24.434937,9.952586,1963
5031,r3i1p1f1,1963,10,11,0.0,21.080679,7.903709,1963
5032,r3i1p1f1,1963,10,12,0.0,20.579933,6.129874,1963
5033,r3i1p1f1,1963,10,13,0.36932993764486655,20.19351,5.968773,1963
5034,r3i1p1f1,1963,10,14,0.0,13.124272,1.5464464,1963
5035,r3i1p1f1,1963,10,15,0.12116678821927819,11.879716,-0.3549942,1963
5036,r3i1p1f1,1963,10,16,0.35840811002631917,11.633319,-2.2514975,1963
5037,r3i1p1f1,1963,10,17,0.0,15.26727,-0.58481157,1963
5038,r3i1p1f1,1963,10,18,0.0,19.815628,2.5302277,1963
5039,r3i1p1f1,1963,10,19,0.0,22.334227,5.562244,1963
5040,r3i1p1f1,1963,10,20,0.0,21.502127,6.311121,1963
5041,r3i1p1f1,1963,10,21,0.018526894947219836,18.694208,4.183402,1963
5042,r3i1p1f1,1963,10,22,0.0,15.662705,0.6204985,1963
5043,r3i1p1f1,1963,10,23,0.0,15.429055,1.4543667,1963
5044,r3i1p1f1,1963,10,24,0.0,16.581646,2.388276,1963
5045,r3i1p1f1,1963,10,25,0.0,18.270489,4.50573,1963
5046,r3i1p1f1,1963,10,26,0.0,21.884407,6.2775445,1963
5047,r3i1p1f1,1963,10,27,0.0,23.275452,6.5191345,1963
5048,r3i1p1f1,1963,10,28,0.0,24.695454,7.0128994,1963
5049,r3i1p1f1,1963,10,29,0.0,23.324865,7.509149,1963
5050,r3i1p1f1,1963,10,30,0.0,19.972239,8.949021,1963
5051,r3i1p1f1,1963,10,31,0.0,17.386524,4.9024515,1963
5052,r3i1p1f1,1963,11,01,0.0,16.477127,4.799544,1963
5053,r3i1p1f1,1963,11,02,0.19251786039890967,15.448056,4.8874745,1963
5054,r3i1p1f1,1963,11,03,0.0,15.050271,2.8871925,1963
5055,r3i1p1f1,1963,11,04,3.574645561533735,13.2932825,2.0964706,1963
5056,r3i1p1f1,1963,11,05,0.09254579999833368,10.250429,0.8332437,1963
5057,r3i1p1f1,1963,11,06,0.0,17.49879,0.46457878,1963
5058,r3i1p1f1,1963,11,07,0.0,14.957376,2.4288342,1963
5059,r3i1p1f1,1963,11,08,0.021926177616574262,13.406598,4.173799,1963
5060,r3i1p1f1,1963,11,09,0.0,17.868477,1.3341405,1963
5061,r3i1p1f1,1963,11,10,0.0,17.471312,2.8606613,1963
5062,r3i1p1f1,1963,11,11,0.0,16.111244,2.96323,1963
5063,r3i1p1f1,1963,11,12,0.0,15.600546,2.6626046,1963
5064,r3i1p1f1,1963,11,13,0.0,16.88667,2.449242,1963
5065,r3i1p1f1,1963,11,14,0.48676836497753884,15.099059,4.0245485,1963
5066,r3i1p1f1,1963,11,15,5.339212428225437,8.329176,-0.3537825,1963
5067,r3i1p1f1,1963,11,16,1.0480464001471104,6.9054413,-2.2484996,1963
5068,r3i1p1f1,1963,11,17,30.060990020559217,5.7604675,-1.6852326,1963
5069,r3i1p1f1,1963,11,18,20.069773166783545,1.0397607,-4.588752,1963
5070,r3i1p1f1,1963,11,19,8.334661500013777,1.2395326,-8.129687,1963
5071,r3i1p1f1,1963,11,20,0.0,4.096049,-10.451426,1963
5072,r3i1p1f1,1963,11,21,0.0,4.0517015,-11.266881,1963
5073,r3i1p1f1,1963,11,22,0.0,4.3954144,-9.223817,1963
5074,r3i1p1f1,1963,11,23,0.0,5.6718607,-6.4408054,1963
5075,r3i1p1f1,1963,11,24,0.0,6.9774404,-6.299881,1963
5076,r3i1p1f1,1963,11,25,0.0,10.063019,-5.6860633,1963
5077,r3i1p1f1,1963,11,26,0.0,7.9147964,-3.5703156,1963
5078,r3i1p1f1,1963,11,27,0.0,7.3817477,-4.244642,1963
5079,r3i1p1f1,1963,11,28,0.0,12.109342,-2.18085,1963
5080,r3i1p1f1,1963,11,29,0.0,16.327427,-1.5105147,1963
5081,r3i1p1f1,1963,11,30,0.0,14.540723,0.3335541,1963
5082,r3i1p1f1,1963,12,01,0.0,11.81568,-0.77435565,1963
5083,r3i1p1f1,1963,12,02,0.0,7.3873715,-3.9274132,1963
5084,r3i1p1f1,1963,12,03,0.0,6.988005,-4.0810437,1963
5085,r3i1p1f1,1963,12,04,0.0,8.719354,-3.68779,1963
5086,r3i1p1f1,1963,12,05,0.0,9.805396,-2.5479348,1963
5087,r3i1p1f1,1963,12,06,0.0,8.89705,-3.4485347,1963
5088,r3i1p1f1,1963,12,07,0.0,7.513958,-4.9323735,1963
5089,r3i1p1f1,1963,12,08,26.522815417449333,1.965038,-3.4447665,1963
5090,r3i1p1f1,1963,12,09,10.326239595221859,0.44349375,-8.966331,1963
5091,r3i1p1f1,1963,12,10,0.0,1.9500014,-16.657112,1963
5092,r3i1p1f1,1963,12,11,0.0,3.5118256,-11.431304,1963
5093,r3i1p1f1,1963,12,12,0.0,5.0166073,-8.280861,1963
5094,r3i1p1f1,1963,12,13,0.0,6.535292,-3.8974495,1963
5095,r3i1p1f1,1963,12,14,0.0,10.956848,-4.6205683,1963
5096,r3i1p1f1,1963,12,15,0.0,11.800835,-4.7575893,1963
5097,r3i1p1f1,1963,12,16,0.0,11.488354,-1.7925394,1963
5098,r3i1p1f1,1963,12,17,0.0,10.780878,-5.3933616,1963
5099,r3i1p1f1,1963,12,18,0.0,12.6244135,-0.97940594,1963
5100,r3i1p1f1,1963,12,19,0.0,12.990728,-2.044677,1963
5101,r3i1p1f1,1963,12,20,0.0,12.053513,4.4002595,1963
5102,r3i1p1f1,1963,12,21,0.0,14.327857,2.2598674,1963
5103,r3i1p1f1,1963,12,22,0.0,14.82137,2.593453,1963
5104,r3i1p1f1,1963,12,23,8.923191776940305,11.192835,3.6732671,1963
5105,r3i1p1f1,1963,12,24,0.0,13.395244,-1.3950721,1963
5106,r3i1p1f1,1963,12,25,0.0,13.486891,0.7803499,1963
5107,r3i1p1f1,1963,12,26,0.0,12.184582,2.1265843,1963
5108,r3i1p1f1,1963,12,27,0.0,13.431649,-0.5132177,1963
5109,r3i1p1f1,1963,12,28,0.0,15.6291895,0.34527868,1963
5110,r3i1p1f1,1963,12,29,0.0,14.596777,2.8260553,1963
5111,r3i1p1f1,1963,12,30,0.0,15.0591345,5.0020127,1963
5112,r3i1p1f1,1963,12,31,0.0,13.966904,3.2147725,1963
5113,r3i1p1f1,1964,01,01,0.0,16.008415,2.0101693,1964
5114,r3i1p1f1,1964,01,02,0.0,16.060646,2.8197026,1964
5115,r3i1p1f1,1964,01,03,0.0,15.568746,5.53071,1964
5116,r3i1p1f1,1964,01,04,0.0,13.850624,3.782112,1964
5117,r3i1p1f1,1964,01,05,0.012321533684275653,13.958921,2.3244379,1964
5118,r3i1p1f1,1964,01,06,0.0,13.502406,-0.03635054,1964
5119,r3i1p1f1,1964,01,07,19.421295335173216,8.241594,0.12682177,1964
5120,r3i1p1f1,1964,01,08,12.856641445480482,3.2870178,-4.2931247,1964
5121,r3i1p1f1,1964,01,09,0.7932595228531251,7.132547,-2.4128566,1964
5122,r3i1p1f1,1964,01,10,23.46336327640242,2.6057894,-3.1619794,1964
5123,r3i1p1f1,1964,01,11,7.31917061689034,2.2325351,-5.891332,1964
5124,r3i1p1f1,1964,01,12,0.0,5.301198,-7.0960393,1964
5125,r3i1p1f1,1964,01,13,21.412027434838052,3.693833,-3.969575,1964
5126,r3i1p1f1,1964,01,14,25.75711214571799,1.9502707,-1.7463529,1964
5127,r3i1p1f1,1964,01,15,11.611058819720423,2.3673406,-6.077361,1964
5128,r3i1p1f1,1964,01,16,0.3677441171116937,-0.7728712,-9.831797,1964
5129,r3i1p1f1,1964,01,17,0.0,1.1562339,-12.549428,1964
5130,r3i1p1f1,1964,01,18,0.0,0.75737804,-11.385007,1964
5131,r3i1p1f1,1964,01,19,0.0,1.1126596,-13.146854,1964
5132,r3i1p1f1,1964,01,20,0.0,4.2625895,-9.402752,1964
5133,r3i1p1f1,1964,01,21,12.01997146371899,-1.1065395,-5.8429565,1964
5134,r3i1p1f1,1964,01,22,1.331597886287215,-1.2892529,-8.457418,1964
5135,r3i1p1f1,1964,01,23,0.0,3.2702436,-8.367138,1964
5136,r3i1p1f1,1964,01,24,0.0,4.9126053,-8.8893175,1964
5137,r3i1p1f1,1964,01,25,0.0,8.945064,-2.9539769,1964
5138,r3i1p1f1,1964,01,26,50.508961010430205,5.178132,-0.07934517,1964
5139,r3i1p1f1,1964,01,27,3.3499374055928026,5.855895,-3.2693698,1964
5140,r3i1p1f1,1964,01,28,0.0,8.940483,-3.2022521,1964
5141,r3i1p1f1,1964,01,29,21.133648379901913,3.434669,-2.5235877,1964
5142,r3i1p1f1,1964,01,30,70.25930169038475,2.4445703,-2.3058863,1964
5143,r3i1p1f1,1964,01,31,37.66513210721314,2.8137114,-3.2680197,1964
5144,r3i1p1f1,1964,02,01,25.3875878529231,3.9238565,-0.3122662,1964
5145,r3i1p1f1,1964,02,02,40.84770585116195,3.7175,-0.8955813,1964
5146,r3i1p1f1,1964,02,03,0.0,8.262802,-2.602431,1964
5147,r3i1p1f1,1964,02,04,0.0,10.04486,-4.2346797,1964
5148,r3i1p1f1,1964,02,05,0.0145621530368532,9.174686,-1.0796467,1964
5149,r3i1p1f1,1964,02,06,0.004460549634562707,13.157335,1.6241663,1964
5150,r3i1p1f1,1964,02,07,0.0,14.791381,2.3492897,1964
5151,r3i1p1f1,1964,02,08,0.28562009555523554,11.305875,0.8383233,1964
5152,r3i1p1f1,1964,02,09,0.0,10.223031,-2.5833826,1964
5153,r3i1p1f1,1964,02,10,0.0,9.362568,-2.1800852,1964
5154,r3i1p1f1,1964,02,11,0.0,11.189591,-2.515524,1964
5155,r3i1p1f1,1964,02,12,0.0,11.09562,-2.5641563,1964
5156,r3i1p1f1,1964,02,13,0.0,12.752977,-1.967051,1964
5157,r3i1p1f1,1964,02,14,0.0,11.894483,-2.68448,1964
5158,r3i1p1f1,1964,02,15,0.0,13.447189,1.1587776,1964
5159,r3i1p1f1,1964,02,16,0.0,12.728027,-0.37693408,1964
5160,r3i1p1f1,1964,02,17,0.0,11.191961,-1.0615702,1964
5161,r3i1p1f1,1964,02,18,13.619427379269741,6.6240435,-0.08306361,1964
5162,r3i1p1f1,1964,02,19,0.0,10.062332,-2.6183386,1964
5163,r3i1p1f1,1964,02,20,4.666823208466859,5.4317694,-4.0547285,1964
5164,r3i1p1f1,1964,02,21,0.0,9.398921,-5.4910207,1964
5165,r3i1p1f1,1964,02,22,5.4675924641502975,4.785463,-2.190207,1964
5166,r3i1p1f1,1964,02,23,0.0,9.576081,-3.0717828,1964
5167,r3i1p1f1,1964,02,24,0.0,13.076558,-0.8977475,1964
5168,r3i1p1f1,1964,02,25,0.0,11.864459,2.2394116,1964
5169,r3i1p1f1,1964,02,26,21.352664225636737,6.0801506,-2.0713859,1964
5170,r3i1p1f1,1964,02,27,0.0,9.921408,-3.688724,1964
5171,r3i1p1f1,1964,02,28,40.611640106592525,5.32702,-0.65197957,1964
5172,r3i1p1f1,1964,02,29,9.846803608908024,10.878072,2.8934383,1964
5173,r3i1p1f1,1964,03,01,8.525701894158326,7.359675,-1.4968897,1964
5174,r3i1p1f1,1964,03,02,2.842636021485209,4.1581693,-2.993971,1964
5175,r3i1p1f1,1964,03,03,34.37561873395584,2.2671812,-3.6343012,1964
5176,r3i1p1f1,1964,03,04,6.297884122077927,4.9754677,-4.239037,1964
5177,r3i1p1f1,1964,03,05,0.0,9.586438,-4.3366137,1964
5178,r3i1p1f1,1964,03,06,0.0,12.891286,-3.5604327,1964
5179,r3i1p1f1,1964,03,07,0.0,13.433838,-2.2234344,1964
5180,r3i1p1f1,1964,03,08,0.0,14.772399,0.34054202,1964
5181,r3i1p1f1,1964,03,09,0.0,16.034311,2.605338,1964
5182,r3i1p1f1,1964,03,10,4.582661256235473,11.01308,1.4661059,1964
5183,r3i1p1f1,1964,03,11,6.899735651562591,5.3912473,-0.46733257,1964
5184,r3i1p1f1,1964,03,12,3.912552540139969,6.12559,-0.01526908,1964
5185,r3i1p1f1,1964,03,13,0.0,10.511553,-2.4030445,1964
5186,r3i1p1f1,1964,03,14,9.244185202298564,6.9092197,-1.0565633,1964
5187,r3i1p1f1,1964,03,15,0.0,7.640782,-4.3977976,1964
5188,r3i1p1f1,1964,03,16,0.0,8.569747,-3.5508635,1964
5189,r3i1p1f1,1964,03,17,0.0,10.493075,1.0263084,1964
5190,r3i1p1f1,1964,03,18,0.0,16.583004,1.1276485,1964
5191,r3i1p1f1,1964,03,19,0.0,16.421095,1.98082,1964
5192,r3i1p1f1,1964,03,20,0.0,17.79879,2.5603096,1964
5193,r3i1p1f1,1964,03,21,0.0,18.55541,2.9838169,1964
5194,r3i1p1f1,1964,03,22,0.0,17.068632,3.0423965,1964
5195,r3i1p1f1,1964,03,23,0.0,16.518131,2.278929,1964
5196,r3i1p1f1,1964,03,24,0.9711121907074765,12.736338,0.7770947,1964
5197,r3i1p1f1,1964,03,25,0.0,16.840801,3.5595722,1964
5198,r3i1p1f1,1964,03,26,0.0,21.122671,5.4991155,1964
5199,r3i1p1f1,1964,03,27,7.958322283995681,16.859146,3.5353258,1964
5200,r3i1p1f1,1964,03,28,26.305843693645375,9.713644,5.4326234,1964
5201,r3i1p1f1,1964,03,29,24.452649050784345,8.675024,2.6078112,1964
5202,r3i1p1f1,1964,03,30,0.0,16.508057,0.552529,1964
5203,r3i1p1f1,1964,03,31,0.0,17.795101,2.315751,1964
5204,r3i1p1f1,1964,04,01,0.0,17.115198,1.9027023,1964
5205,r3i1p1f1,1964,04,02,0.9360572615198754,11.867156,5.1089563,1964
5206,r3i1p1f1,1964,04,03,0.39260674897569087,11.566202,0.3714543,1964
5207,r3i1p1f1,1964,04,04,0.5135305451116629,11.715721,2.2792554,1964
5208,r3i1p1f1,1964,04,05,15.227932937590307,8.481077,2.7499137,1964
5209,r3i1p1f1,1964,04,06,2.970578460488133,9.6769705,0.14963982,1964
5210,r3i1p1f1,1964,04,07,0.0,15.298677,-0.46909267,1964
5211,r3i1p1f1,1964,04,08,0.0,16.344904,3.593709,1964
5212,r3i1p1f1,1964,04,09,0.0,16.301577,1.4071242,1964
5213,r3i1p1f1,1964,04,10,0.0,15.312481,2.787727,1964
5214,r3i1p1f1,1964,04,11,11.508450700631855,9.769691,1.1674156,1964
5215,r3i1p1f1,1964,04,12,19.80730767827481,8.759853,2.7886522,1964
5216,r3i1p1f1,1964,04,13,34.05072499483236,10.42313,4.513072,1964
5217,r3i1p1f1,1964,04,14,13.395730585570595,11.590082,2.7362676,1964
5218,r3i1p1f1,1964,04,15,0.0,19.603514,2.5293097,1964
5219,r3i1p1f1,1964,04,16,0.0,21.958414,5.7472715,1964
5220,r3i1p1f1,1964,04,17,0.0,22.511843,6.625043,1964
5221,r3i1p1f1,1964,04,18,0.0,22.137764,6.3759785,1964
5222,r3i1p1f1,1964,04,19,0.5158984843834141,15.771786,3.7113647,1964
5223,r3i1p1f1,1964,04,20,0.4765455120880353,14.261416,1.1772069,1964
5224,r3i1p1f1,1964,04,21,0.0,15.969875,1.035586,1964
5225,r3i1p1f1,1964,04,22,0.0,16.627901,3.363135,1964
5226,r3i1p1f1,1964,04,23,7.636330452729261,11.595714,3.9175918,1964
5227,r3i1p1f1,1964,04,24,10.33015986414332,11.776019,-1.3168143,1964
5228,r3i1p1f1,1964,04,25,1.4857835250854565,14.419873,0.030419482,1964
5229,r3i1p1f1,1964,04,26,25.16758090657133,10.216595,1.9209757,1964
5230,r3i1p1f1,1964,04,27,3.1348133288127813,9.210862,0.9487997,1964
5231,r3i1p1f1,1964,04,28,0.25814831089136486,12.449527,-0.97261447,1964
5232,r3i1p1f1,1964,04,29,2.202036640033169,9.573712,-1.7825289,1964
5233,r3i1p1f1,1964,04,30,0.0,10.976975,-3.2619348,1964
5234,r3i1p1f1,1964,05,01,0.0,16.019316,-0.14020501,1964
5235,r3i1p1f1,1964,05,02,0.0,18.45271,2.1365783,1964
5236,r3i1p1f1,1964,05,03,0.0,20.244566,3.97972,1964
5237,r3i1p1f1,1964,05,04,0.0,21.279722,6.501445,1964
5238,r3i1p1f1,1964,05,05,0.0,22.920855,6.6908846,1964
5239,r3i1p1f1,1964,05,06,0.14871863355725318,21.116652,8.824037,1964
5240,r3i1p1f1,1964,05,07,0.0,22.304775,7.7418427,1964
5241,r3i1p1f1,1964,05,08,0.0009479173489748255,23.744362,8.510162,1964
5242,r3i1p1f1,1964,05,09,0.2507846956034068,22.617481,8.175925,1964
5243,r3i1p1f1,1964,05,10,6.291071620858259,16.313831,6.4541492,1964
5244,r3i1p1f1,1964,05,11,11.778214844219436,9.444002,1.3939949,1964
5245,r3i1p1f1,1964,05,12,2.7864998016507583,8.691337,-1.6717123,1964
5246,r3i1p1f1,1964,05,13,0.0,10.816113,0.614962,1964
5247,r3i1p1f1,1964,05,14,0.0,15.994763,1.8340988,1964
5248,r3i1p1f1,1964,05,15,0.0,20.189322,3.5592873,1964
5249,r3i1p1f1,1964,05,16,0.0,20.736979,7.242656,1964
5250,r3i1p1f1,1964,05,17,0.0,20.55627,6.35902,1964
5251,r3i1p1f1,1964,05,18,0.0,19.036629,6.102083,1964
5252,r3i1p1f1,1964,05,19,0.0,17.479387,6.96812,1964
5253,r3i1p1f1,1964,05,20,0.0,23.697361,7.2018647,1964
5254,r3i1p1f1,1964,05,21,0.0,27.164482,9.461228,1964
5255,r3i1p1f1,1964,05,22,0.0,29.62787,12.395412,1964
5256,r3i1p1f1,1964,05,23,0.8225554263366288,24.19514,8.847429,1964
5257,r3i1p1f1,1964,05,24,3.571706157833289,24.70289,9.431338,1964
5258,r3i1p1f1,1964,05,25,0.0,25.731459,11.417009,1964
5259,r3i1p1f1,1964,05,26,1.8419869574388845,22.310396,8.084262,1964
5260,r3i1p1f1,1964,05,27,0.09609886726952697,17.795134,8.582366,1964
5261,r3i1p1f1,1964,05,28,1.4640275639019245,17.994583,6.677639,1964
5262,r3i1p1f1,1964,05,29,0.3796035939558351,19.440008,6.071881,1964
5263,r3i1p1f1,1964,05,30,0.0,23.59749,8.243704,1964
5264,r3i1p1f1,1964,05,31,0.0,24.978333,9.799418,1964
5265,r3i1p1f1,1964,06,01,0.0,27.845577,10.637151,1964
5266,r3i1p1f1,1964,06,02,0.4929818065360642,28.31664,11.607142,1964
5267,r3i1p1f1,1964,06,03,0.0,29.436779,12.513992,1964
5268,r3i1p1f1,1964,06,04,0.0,30.0425,12.551239,1964
5269,r3i1p1f1,1964,06,05,0.1874353776465317,27.963737,12.920022,1964
5270,r3i1p1f1,1964,06,06,0.19775297673492642,27.429325,10.688789,1964
5271,r3i1p1f1,1964,06,07,0.040412366692371984,27.367523,11.188473,1964
5272,r3i1p1f1,1964,06,08,0.03345632670205209,27.474174,11.293781,1964
5273,r3i1p1f1,1964,06,09,0.492186094235972,26.559105,12.019552,1964
5274,r3i1p1f1,1964,06,10,1.1378092129904729,23.991285,12.137873,1964
5275,r3i1p1f1,1964,06,11,0.0,24.65286,10.579694,1964
5276,r3i1p1f1,1964,06,12,4.793704361394416,22.196363,8.642352,1964
5277,r3i1p1f1,1964,06,13,8.36849237078384,16.338537,7.23742,1964
5278,r3i1p1f1,1964,06,14,0.033521996565947405,18.1842,5.969381,1964
5279,r3i1p1f1,1964,06,15,0.0,21.024252,5.5024986,1964
5280,r3i1p1f1,1964,06,16,0.0,21.354471,7.61131,1964
5281,r3i1p1f1,1964,06,17,4.387598514241338,17.840502,6.432023,1964
5282,r3i1p1f1,1964,06,18,4.055209155500817,18.590118,5.329202,1964
5283,r3i1p1f1,1964,06,19,0.0,25.046324,7.453623,1964
5284,r3i1p1f1,1964,06,20,0.0,24.96427,9.76788,1964
5285,r3i1p1f1,1964,06,21,0.0,24.84953,8.639752,1964
5286,r3i1p1f1,1964,06,22,0.0,29.207184,11.177478,1964
5287,r3i1p1f1,1964,06,23,0.0,31.329237,14.260083,1964
5288,r3i1p1f1,1964,06,24,0.10166259813367536,31.778242,14.932583,1964
5289,r3i1p1f1,1964,06,25,0.0020417954625659867,29.7567,13.879744,1964
5290,r3i1p1f1,1964,06,26,0.0,27.396156,10.876617,1964
5291,r3i1p1f1,1964,06,27,0.0,24.437407,8.430139,1964
5292,r3i1p1f1,1964,06,28,0.005540538787547695,19.754507,7.4927506,1964
5293,r3i1p1f1,1964,06,29,41.1144161109788,12.257315,4.204507,1964
5294,r3i1p1f1,1964,06,30,0.0,17.768843,3.3333437,1964
5295,r3i1p1f1,1964,07,01,0.0,23.494202,4.3584614,1964
5296,r3i1p1f1,1964,07,02,0.0,28.533642,10.528676,1964
5297,r3i1p1f1,1964,07,03,0.0,32.10787,12.865223,1964
5298,r3i1p1f1,1964,07,04,0.0,33.254967,14.079783,1964
5299,r3i1p1f1,1964,07,05,0.01775317083995201,32.19636,14.837304,1964
5300,r3i1p1f1,1964,07,06,0.0020177609832516233,30.839228,15.466277,1964
5301,r3i1p1f1,1964,07,07,0.0,25.092493,12.24476,1964
5302,r3i1p1f1,1964,07,08,0.0,26.3223,10.0418,1964
5303,r3i1p1f1,1964,07,09,0.0,27.761715,11.443045,1964
5304,r3i1p1f1,1964,07,10,0.0,27.298124,10.681989,1964
5305,r3i1p1f1,1964,07,11,0.0,25.80016,9.209112,1964
5306,r3i1p1f1,1964,07,12,0.0020665138053070557,19.346474,5.950168,1964
5307,r3i1p1f1,1964,07,13,0.0,24.119858,6.2489038,1964
5308,r3i1p1f1,1964,07,14,0.0,24.565317,10.361663,1964
5309,r3i1p1f1,1964,07,15,0.0,25.518385,10.108953,1964
5310,r3i1p1f1,1964,07,16,0.0,27.971117,10.357763,1964
5311,r3i1p1f1,1964,07,17,0.0,29.088253,12.937226,1964
5312,r3i1p1f1,1964,07,18,0.0,31.339386,12.853881,1964
5313,r3i1p1f1,1964,07,19,0.0,33.340374,15.050978,1964
5314,r3i1p1f1,1964,07,20,0.0,32.927853,16.97333,1964
5315,r3i1p1f1,1964,07,21,0.0,32.004524,16.203985,1964
5316,r3i1p1f1,1964,07,22,0.0,32.06004,15.667598,1964
5317,r3i1p1f1,1964,07,23,0.0,32.59158,14.45757,1964
5318,r3i1p1f1,1964,07,24,0.0,32.186672,16.087135,1964
5319,r3i1p1f1,1964,07,25,0.0,31.753565,14.444422,1964
5320,r3i1p1f1,1964,07,26,0.0,30.268904,13.520121,1964
5321,r3i1p1f1,1964,07,27,0.0,32.175102,14.09337,1964
5322,r3i1p1f1,1964,07,28,0.03092562677154906,32.090317,17.09249,1964
5323,r3i1p1f1,1964,07,29,0.015603311131647053,31.923338,15.076309,1964
5324,r3i1p1f1,1964,07,30,0.0,31.37477,15.859518,1964
5325,r3i1p1f1,1964,07,31,0.0,31.127779,13.753216,1964
5326,r3i1p1f1,1964,08,01,0.0,30.410395,14.458954,1964
5327,r3i1p1f1,1964,08,02,0.0,28.560022,15.880904,1964
5328,r3i1p1f1,1964,08,03,0.7841443568108125,29.65026,16.357311,1964
5329,r3i1p1f1,1964,08,04,0.0,32.459545,14.793669,1964
5330,r3i1p1f1,1964,08,05,0.0,34.259853,16.61568,1964
5331,r3i1p1f1,1964,08,06,0.0,35.313114,17.636436,1964
5332,r3i1p1f1,1964,08,07,0.6048103280543153,34.352165,18.875975,1964
5333,r3i1p1f1,1964,08,08,0.5554927204349568,27.598742,15.973618,1964
5334,r3i1p1f1,1964,08,09,0.13904819827171436,29.0293,13.19158,1964
5335,r3i1p1f1,1964,08,10,0.0,28.11434,13.028303,1964
5336,r3i1p1f1,1964,08,11,0.0,26.82699,11.06641,1964
5337,r3i1p1f1,1964,08,12,0.0,25.999342,10.86922,1964
5338,r3i1p1f1,1964,08,13,0.0,22.649412,7.5800323,1964
5339,r3i1p1f1,1964,08,14,0.0,21.877207,6.5907593,1964
5340,r3i1p1f1,1964,08,15,0.0,23.606972,7.77481,1964
5341,r3i1p1f1,1964,08,16,0.0014193585421277308,22.69705,7.2260942,1964
5342,r3i1p1f1,1964,08,17,0.0,21.018553,6.6971664,1964
5343,r3i1p1f1,1964,08,18,0.0,21.935413,6.4396453,1964
5344,r3i1p1f1,1964,08,19,0.0,23.07735,5.7863393,1964
5345,r3i1p1f1,1964,08,20,0.0,25.488852,6.724482,1964
5346,r3i1p1f1,1964,08,21,0.0,26.818968,8.165517,1964
5347,r3i1p1f1,1964,08,22,0.0,25.662014,10.047607,1964
5348,r3i1p1f1,1964,08,23,0.0,23.543423,6.677292,1964
5349,r3i1p1f1,1964,08,24,0.0,22.887964,6.983051,1964
5350,r3i1p1f1,1964,08,25,0.0,24.455135,8.302944,1964
5351,r3i1p1f1,1964,08,26,0.0,23.715223,7.533488,1964
5352,r3i1p1f1,1964,08,27,0.0,22.935724,6.1786118,1964
5353,r3i1p1f1,1964,08,28,0.0,30.296486,10.075413,1964
5354,r3i1p1f1,1964,08,29,0.0,32.531517,13.040787,1964
5355,r3i1p1f1,1964,08,30,0.0,33.79819,15.197528,1964
5356,r3i1p1f1,1964,08,31,0.0,34.957527,15.761488,1964
5357,r3i1p1f1,1964,09,01,0.0,33.7373,16.234941,1964
5358,r3i1p1f1,1964,09,02,0.0,25.675642,13.061042,1964
5359,r3i1p1f1,1964,09,03,0.0,24.61828,10.220214,1964
5360,r3i1p1f1,1964,09,04,0.0,26.220612,8.96499,1964
5361,r3i1p1f1,1964,09,05,0.0,28.104914,10.38539,1964
5362,r3i1p1f1,1964,09,06,0.0,28.093613,11.655005,1964
5363,r3i1p1f1,1964,09,07,0.0,27.343678,11.190142,1964
5364,r3i1p1f1,1964,09,08,0.0,23.42906,7.284685,1964
5365,r3i1p1f1,1964,09,09,0.0,22.458147,7.9284472,1964
5366,r3i1p1f1,1964,09,10,0.0,24.147463,7.672714,1964
5367,r3i1p1f1,1964,09,11,0.0,27.214642,9.840185,1964
5368,r3i1p1f1,1964,09,12,0.0,28.42555,10.44348,1964
5369,r3i1p1f1,1964,09,13,0.0,26.958227,11.594987,1964
5370,r3i1p1f1,1964,09,14,0.0,26.97329,10.254634,1964
5371,r3i1p1f1,1964,09,15,0.0,28.523848,10.25132,1964
5372,r3i1p1f1,1964,09,16,0.0,29.825663,11.441245,1964
5373,r3i1p1f1,1964,09,17,0.0,29.695837,11.913837,1964
5374,r3i1p1f1,1964,09,18,0.0,27.892414,13.297847,1964
5375,r3i1p1f1,1964,09,19,0.0,26.161684,13.067432,1964
5376,r3i1p1f1,1964,09,20,0.0,23.754267,8.245319,1964
5377,r3i1p1f1,1964,09,21,0.0,23.646841,7.405576,1964
5378,r3i1p1f1,1964,09,22,0.0,23.818058,8.483093,1964
5379,r3i1p1f1,1964,09,23,0.0,22.409792,6.976078,1964
5380,r3i1p1f1,1964,09,24,0.0,17.157837,3.1541638,1964
5381,r3i1p1f1,1964,09,25,0.0,11.753935,2.1130579,1964
5382,r3i1p1f1,1964,09,26,0.0,11.613687,-0.7606085,1964
5383,r3i1p1f1,1964,09,27,0.0,12.274903,-0.7508325,1964
5384,r3i1p1f1,1964,09,28,13.88149317108879,10.558872,0.02157926,1964
5385,r3i1p1f1,1964,09,29,0.0,12.38481,-0.627622,1964
5386,r3i1p1f1,1964,09,30,0.0,16.77925,-0.2881883,1964
5387,r3i1p1f1,1964,10,01,0.0,23.348295,4.588824,1964
5388,r3i1p1f1,1964,10,02,0.0,25.836132,9.168362,1964
5389,r3i1p1f1,1964,10,03,0.0,26.517916,9.801713,1964
5390,r3i1p1f1,1964,10,04,0.0,25.892076,9.745723,1964
5391,r3i1p1f1,1964,10,05,0.0,24.516014,10.064326,1964
5392,r3i1p1f1,1964,10,06,16.538540160208388,21.098715,6.4849243,1964
5393,r3i1p1f1,1964,10,07,0.0,24.772099,8.495346,1964
5394,r3i1p1f1,1964,10,08,0.0,29.991835,12.155986,1964
5395,r3i1p1f1,1964,10,09,0.0,30.061079,12.7545,1964
5396,r3i1p1f1,1964,10,10,0.0,29.477587,12.633684,1964
5397,r3i1p1f1,1964,10,11,0.0,25.126131,9.093167,1964
5398,r3i1p1f1,1964,10,12,0.0,24.622543,7.5403385,1964
5399,r3i1p1f1,1964,10,13,0.0,25.062672,8.867484,1964
5400,r3i1p1f1,1964,10,14,0.0,23.404938,8.949632,1964
5401,r3i1p1f1,1964,10,15,0.0,22.744305,6.6852436,1964
5402,r3i1p1f1,1964,10,16,8.955993593707191,26.567583,9.140013,1964
5403,r3i1p1f1,1964,10,17,1.2524518883621663,14.286508,0.66315746,1964
5404,r3i1p1f1,1964,10,18,0.0,15.895602,1.0767136,1964
5405,r3i1p1f1,1964,10,19,0.0,17.672388,0.64165324,1964
5406,r3i1p1f1,1964,10,20,0.0,18.789349,5.535834,1964
5407,r3i1p1f1,1964,10,21,0.0,17.997408,4.2496204,1964
5408,r3i1p1f1,1964,10,22,0.0,19.963074,3.64153,1964
5409,r3i1p1f1,1964,10,23,0.014669666569189806,19.609608,6.2222548,1964
5410,r3i1p1f1,1964,10,24,0.6856618060402596,15.484167,3.993672,1964
5411,r3i1p1f1,1964,10,25,0.0,18.76074,2.057772,1964
5412,r3i1p1f1,1964,10,26,0.07879582645775947,16.909662,4.304553,1964
5413,r3i1p1f1,1964,10,27,20.093496616831736,11.914793,3.5406392,1964
5414,r3i1p1f1,1964,10,28,0.0,15.236781,0.028209247,1964
5415,r3i1p1f1,1964,10,29,0.0,17.190918,2.146856,1964
5416,r3i1p1f1,1964,10,30,0.0,15.000535,1.1324244,1964
5417,r3i1p1f1,1964,10,31,0.0,15.74988,2.2849276,1964
5418,r3i1p1f1,1964,11,01,0.0,15.019451,3.5917583,1964
5419,r3i1p1f1,1964,11,02,0.0,19.661123,3.8420057,1964
5420,r3i1p1f1,1964,11,03,0.0,18.26732,4.54234,1964
5421,r3i1p1f1,1964,11,04,7.7759354765140944,13.790407,3.6091409,1964
5422,r3i1p1f1,1964,11,05,0.0,9.900589,-3.424238,1964
5423,r3i1p1f1,1964,11,06,5.981426727100226,8.400936,-1.3135644,1964
5424,r3i1p1f1,1964,11,07,6.098726486877575,9.209672,3.1503692,1964
5425,r3i1p1f1,1964,11,08,21.74550736825423,8.104786,-3.7171347,1964
5426,r3i1p1f1,1964,11,09,5.3137424760375565,0.5669146,-7.672903,1964
5427,r3i1p1f1,1964,11,10,0.07369057551075361,1.6662253,-9.335673,1964
5428,r3i1p1f1,1964,11,11,0.0,3.2676847,-14.431977,1964
5429,r3i1p1f1,1964,11,12,0.0,7.658676,-11.599095,1964
5430,r3i1p1f1,1964,11,13,1.2877585352007852,6.166292,-4.7336984,1964
5431,r3i1p1f1,1964,11,14,0.0,9.286775,-1.013192,1964
5432,r3i1p1f1,1964,11,15,0.0,10.978091,-3.1727195,1964
5433,r3i1p1f1,1964,11,16,0.0,11.154577,-1.2133965,1964
5434,r3i1p1f1,1964,11,17,0.0,10.7556095,-3.4687974,1964
5435,r3i1p1f1,1964,11,18,0.0,11.753268,-4.938253,1964
5436,r3i1p1f1,1964,11,19,0.0,11.698903,-3.6927443,1964
5437,r3i1p1f1,1964,11,20,1.7258274720102476,8.958027,-1.0287046,1964
5438,r3i1p1f1,1964,11,21,18.199704624222296,2.7767546,-4.2619405,1964
5439,r3i1p1f1,1964,11,22,0.0,5.328896,-10.119282,1964
5440,r3i1p1f1,1964,11,23,0.0,6.10373,-6.19225,1964
5441,r3i1p1f1,1964,11,24,0.0,7.6795726,-7.8027344,1964
5442,r3i1p1f1,1964,11,25,0.5155368915438885,9.422532,-7.1221046,1964
5443,r3i1p1f1,1964,11,26,36.99764996080806,5.429833,-0.6578942,1964
5444,r3i1p1f1,1964,11,27,10.864370780702876,3.387413,-2.088416,1964
5445,r3i1p1f1,1964,11,28,0.0,5.947642,-9.111452,1964
5446,r3i1p1f1,1964,11,29,0.0,3.1954932,-8.377444,1964
5447,r3i1p1f1,1964,11,30,0.0,-0.44893274,-10.88967,1964
5448,r3i1p1f1,1964,12,01,0.0,5.017303,-8.611122,1964
5449,r3i1p1f1,1964,12,02,0.0,6.1384087,-7.897915,1964
5450,r3i1p1f1,1964,12,03,15.658776984108906,1.4766947,-4.084604,1964
5451,r3i1p1f1,1964,12,04,0.0,5.2568827,-6.699728,1964
5452,r3i1p1f1,1964,12,05,26.03913535498769,5.805572,-1.4825618,1964
5453,r3i1p1f1,1964,12,06,30.64363464026859,7.8098583,-3.7835526,1964
5454,r3i1p1f1,1964,12,07,0.0,4.1033287,-6.7382164,1964
5455,r3i1p1f1,1964,12,08,0.0,7.2442436,-4.400771,1964
5456,r3i1p1f1,1964,12,09,0.0,10.056096,-3.5150537,1964
5457,r3i1p1f1,1964,12,10,0.0,9.6346035,-4.6858144,1964
5458,r3i1p1f1,1964,12,11,0.0,6.6816835,-6.33008,1964
5459,r3i1p1f1,1964,12,12,0.0,7.666505,-6.8733416,1964
5460,r3i1p1f1,1964,12,13,0.0,6.6885595,-6.5385847,1964
5461,r3i1p1f1,1964,12,14,0.0,7.1691527,-4.9938593,1964
5462,r3i1p1f1,1964,12,15,0.0,11.427969,-3.2480533,1964
5463,r3i1p1f1,1964,12,16,0.0,6.8357196,-6.2857,1964
5464,r3i1p1f1,1964,12,17,0.0,2.4539597,-8.436289,1964
5465,r3i1p1f1,1964,12,18,0.0,7.056333,-6.407337,1964
5466,r3i1p1f1,1964,12,19,0.0,8.858187,-6.247563,1964
5467,r3i1p1f1,1964,12,20,0.0,11.173712,-1.7451435,1964
5468,r3i1p1f1,1964,12,21,0.0,14.354609,-2.9306633,1964
5469,r3i1p1f1,1964,12,22,0.0,12.399237,0.78445303,1964
5470,r3i1p1f1,1964,12,23,0.0,9.451606,0.3431133,1964
5471,r3i1p1f1,1964,12,24,0.0,8.908057,-0.8299672,1964
5472,r3i1p1f1,1964,12,25,0.0,8.588015,-5.078299,1964
5473,r3i1p1f1,1964,12,26,0.0,7.501035,-4.623392,1964
5474,r3i1p1f1,1964,12,27,0.0,10.187402,-2.8703668,1964
5475,r3i1p1f1,1964,12,28,0.0,10.156458,-2.4914389,1964
5476,r3i1p1f1,1964,12,29,0.0,13.436598,-1.4453661,1964
5477,r3i1p1f1,1964,12,30,0.05127158051735885,11.246718,0.70126665,1964
5478,r3i1p1f1,1964,12,31,2.6023949450494626,4.204581,-4.528113,1964
5479,r3i1p1f1,1965,01,01,8.844375512623964,2.802573,-3.7819211,1965
5480,r3i1p1f1,1965,01,02,0.0,6.6499043,-8.147119,1965
5481,r3i1p1f1,1965,01,03,49.37681860265959,4.631002,-1.2791464,1965
5482,r3i1p1f1,1965,01,04,0.0,6.1317716,-4.915909,1965
5483,r3i1p1f1,1965,01,05,24.556266847924377,3.8670323,-2.8639927,1965
5484,r3i1p1f1,1965,01,06,20.213884544117672,9.019282,1.768589,1965
5485,r3i1p1f1,1965,01,07,47.204895993988764,9.068948,0.8755339,1965
5486,r3i1p1f1,1965,01,08,25.450808672528517,4.499485,-1.1235023,1965
5487,r3i1p1f1,1965,01,09,5.560274257061936,4.4289813,-4.4632025,1965
5488,r3i1p1f1,1965,01,10,0.0,7.0048127,-8.028063,1965
5489,r3i1p1f1,1965,01,11,2.424891258200851,2.8464127,-7.8866735,1965
5490,r3i1p1f1,1965,01,12,10.605614597692405,1.5456289,-5.6508923,1965
5491,r3i1p1f1,1965,01,13,0.0,3.4681509,-10.115933,1965
5492,r3i1p1f1,1965,01,14,0.0,2.0203006,-12.3617525,1965
5493,r3i1p1f1,1965,01,15,1.192698148626828,2.830141,-8.3092165,1965
5494,r3i1p1f1,1965,01,16,5.8380518343734655,1.2076643,-5.2820563,1965
5495,r3i1p1f1,1965,01,17,41.86865154555753,1.6108209,-4.8606496,1965
5496,r3i1p1f1,1965,01,18,24.57674732937257,2.0118685,-6.0812335,1965
5497,r3i1p1f1,1965,01,19,0.0,1.1566528,-11.70289,1965
5498,r3i1p1f1,1965,01,20,35.13604440285187,1.196805,-9.752146,1965
5499,r3i1p1f1,1965,01,21,61.350334323575034,2.5379817,-2.5737197,1965
5500,r3i1p1f1,1965,01,22,0.6073080492473979,6.9536834,-0.30738607,1965
5501,r3i1p1f1,1965,01,23,30.125589396706538,4.8804665,-1.1700014,1965
5502,r3i1p1f1,1965,01,24,27.136157473892364,3.5756965,-0.99887234,1965
5503,r3i1p1f1,1965,01,25,15.636990469647571,3.9609265,-2.9938593,1965
5504,r3i1p1f1,1965,01,26,54.251184044895986,5.853705,0.1390727,1965
5505,r3i1p1f1,1965,01,27,61.28524242361125,5.8489347,0.82316405,1965
5506,r3i1p1f1,1965,01,28,13.784269469569585,4.697942,-0.8169453,1965
5507,r3i1p1f1,1965,01,29,10.077429418819712,10.788513,2.0826151,1965
5508,r3i1p1f1,1965,01,30,0.8157138815333479,9.138258,2.4160814,1965
5509,r3i1p1f1,1965,01,31,0.0,13.716854,1.0323329,1965
5510,r3i1p1f1,1965,02,01,0.0,16.6047,3.5132685,1965
5511,r3i1p1f1,1965,02,02,0.0,15.3976,5.8759613,1965
5512,r3i1p1f1,1965,02,03,0.0,12.860099,4.9439797,1965
5513,r3i1p1f1,1965,02,04,0.0,13.616502,0.2722156,1965
5514,r3i1p1f1,1965,02,05,0.0,14.793308,2.0002096,1965
5515,r3i1p1f1,1965,02,06,0.0,17.094032,2.338424,1965
5516,r3i1p1f1,1965,02,07,0.0,17.15383,2.3530073,1965
5517,r3i1p1f1,1965,02,08,0.0,16.661581,4.677426,1965
5518,r3i1p1f1,1965,02,09,0.0,15.750088,4.9599075,1965
5519,r3i1p1f1,1965,02,10,0.0,17.746836,3.5490355,1965
5520,r3i1p1f1,1965,02,11,0.0,16.009052,4.2362,1965
5521,r3i1p1f1,1965,02,12,0.17820977844430194,12.199765,3.7228148,1965
5522,r3i1p1f1,1965,02,13,0.0,14.192573,1.9563982,1965
5523,r3i1p1f1,1965,02,14,0.0,14.9702215,1.418901,1965
5524,r3i1p1f1,1965,02,15,0.0,14.820311,1.5996484,1965
5525,r3i1p1f1,1965,02,16,0.0,14.748317,2.6608357,1965
5526,r3i1p1f1,1965,02,17,0.0,13.840871,1.3648639,1965
5527,r3i1p1f1,1965,02,18,8.71079570665882,9.398245,2.8431318,1965
5528,r3i1p1f1,1965,02,19,78.27947879406183,7.964519,1.4110215,1965
5529,r3i1p1f1,1965,02,20,62.00134713496817,4.6601696,-2.7045484,1965
5530,r3i1p1f1,1965,02,21,4.5988657728517675,3.103722,-3.4962208,1965
5531,r3i1p1f1,1965,02,22,0.0,6.983562,-5.605655,1965
5532,r3i1p1f1,1965,02,23,0.0,7.8940954,-5.0473337,1965
5533,r3i1p1f1,1965,02,24,1.8051115166791103,2.8627148,-4.2505827,1965
5534,r3i1p1f1,1965,02,25,1.6183228151165072,2.386539,-4.390519,1965
5535,r3i1p1f1,1965,02,26,0.0,8.352362,-5.8446198,1965
5536,r3i1p1f1,1965,02,27,0.0,7.345445,-4.0844517,1965
5537,r3i1p1f1,1965,02,28,0.31122784651080637,4.3293505,-6.8936887,1965
5538,r3i1p1f1,1965,03,01,0.11274627414470735,7.371645,-2.2075908,1965
5539,r3i1p1f1,1965,03,02,38.53761369460508,5.2857056,-1.1070474,1965
5540,r3i1p1f1,1965,03,03,15.735118480791387,5.991604,0.48186055,1965
5541,r3i1p1f1,1965,03,04,27.274884301924,5.6506677,-0.20493238,1965
5542,r3i1p1f1,1965,03,05,6.180445523702809,6.766247,-3.208064,1965
5543,r3i1p1f1,1965,03,06,10.973179736787355,7.943778,1.0769298,1965
5544,r3i1p1f1,1965,03,07,30.111291504612094,7.1981964,3.5648706,1965
5545,r3i1p1f1,1965,03,08,16.93594607480152,9.847757,4.050703,1965
5546,r3i1p1f1,1965,03,09,17.515840954269823,9.134268,3.0221782,1965
5547,r3i1p1f1,1965,03,10,44.257586716527214,4.8372555,-1.5087881,1965
5548,r3i1p1f1,1965,03,11,9.985089118555678,6.5441957,-1.3557483,1965
5549,r3i1p1f1,1965,03,12,23.558842482682515,6.3750515,0.58211654,1965
5550,r3i1p1f1,1965,03,13,21.30541262020798,3.8150027,-1.366748,1965
5551,r3i1p1f1,1965,03,14,0.11485954915099826,8.882417,-4.474815,1965
5552,r3i1p1f1,1965,03,15,2.8636002663245708,7.607202,-2.5692523,1965
5553,r3i1p1f1,1965,03,16,39.53488846554568,5.4033327,0.5597295,1965
5554,r3i1p1f1,1965,03,17,21.260050251026097,5.185706,0.47979063,1965
5555,r3i1p1f1,1965,03,18,15.671203906439539,5.529922,0.38696307,1965
5556,r3i1p1f1,1965,03,19,0.0013464070721774509,12.230349,0.96100646,1965
5557,r3i1p1f1,1965,03,20,0.0,15.0781,-0.5193239,1965
5558,r3i1p1f1,1965,03,21,0.0,14.269724,5.0570254,1965
5559,r3i1p1f1,1965,03,22,0.0,16.18867,2.5960531,1965
5560,r3i1p1f1,1965,03,23,0.0,15.481747,1.0705098,1965
5561,r3i1p1f1,1965,03,24,0.0,15.104612,0.40460306,1965
5562,r3i1p1f1,1965,03,25,0.0,15.211575,2.3407838,1965
5563,r3i1p1f1,1965,03,26,0.0,15.018545,4.238564,1965
5564,r3i1p1f1,1965,03,27,0.0,15.596932,1.032071,1965
5565,r3i1p1f1,1965,03,28,0.0,17.758806,2.288947,1965
5566,r3i1p1f1,1965,03,29,0.0,18.766111,3.833907,1965
5567,r3i1p1f1,1965,03,30,0.13154233824216613,16.516577,5.2060184,1965
5568,r3i1p1f1,1965,03,31,15.214941509705232,8.147316,0.2606544,1965
5569,r3i1p1f1,1965,04,01,29.15101224850667,3.066399,-2.6304767,1965
5570,r3i1p1f1,1965,04,02,12.84099251803893,3.7760348,-3.0060804,1965
5571,r3i1p1f1,1965,04,03,11.23951474682575,5.7332473,-2.2025845,1965
5572,r3i1p1f1,1965,04,04,41.63520545208532,4.8810496,-1.6390733,1965
5573,r3i1p1f1,1965,04,05,7.825146188157592,2.8957114,-3.9109519,1965
5574,r3i1p1f1,1965,04,06,4.784478012597423,5.65075,-4.6025286,1965
5575,r3i1p1f1,1965,04,07,0.0,11.121257,-2.8377593,1965
5576,r3i1p1f1,1965,04,08,0.0,12.206309,-1.4043889,1965
5577,r3i1p1f1,1965,04,09,1.3246400137608074,8.680886,1.182775,1965
5578,r3i1p1f1,1965,04,10,0.0,9.364134,0.053508915,1965
5579,r3i1p1f1,1965,04,11,0.45901932458754774,12.027911,0.4953972,1965
5580,r3i1p1f1,1965,04,12,0.0,15.735559,-0.28522757,1965
5581,r3i1p1f1,1965,04,13,0.1294980735876475,13.596186,0.6103826,1965
5582,r3i1p1f1,1965,04,14,36.76428058564565,7.01465,2.1389196,1965
5583,r3i1p1f1,1965,04,15,25.664493551257213,6.299752,0.18378952,1965
5584,r3i1p1f1,1965,04,16,0.49163474540795216,8.85468,-2.3964021,1965
5585,r3i1p1f1,1965,04,17,0.0,16.179691,-0.6863429,1965
5586,r3i1p1f1,1965,04,18,0.0,15.780246,2.4173048,1965
5587,r3i1p1f1,1965,04,19,2.7247893003253636,10.771009,2.538047,1965
5588,r3i1p1f1,1965,04,20,13.896049086715243,8.117092,-1.6480125,1965
5589,r3i1p1f1,1965,04,21,11.732014309688422,6.471911,-2.125629,1965
5590,r3i1p1f1,1965,04,22,0.0,13.222174,-2.4388216,1965
5591,r3i1p1f1,1965,04,23,0.0,13.417494,-1.1199834,1965
5592,r3i1p1f1,1965,04,24,0.0,10.593151,1.1032627,1965
5593,r3i1p1f1,1965,04,25,35.95597556007928,7.0861735,0.40858272,1965
5594,r3i1p1f1,1965,04,26,7.379801187198609,6.7194753,-3.117849,1965
5595,r3i1p1f1,1965,04,27,3.0329097190252994,6.924066,0.76196456,1965
5596,r3i1p1f1,1965,04,28,7.751513520825507,6.21918,-1.2178227,1965
5597,r3i1p1f1,1965,04,29,0.0,10.142407,-2.9829645,1965
5598,r3i1p1f1,1965,04,30,0.0,11.151082,1.0398601,1965
5599,r3i1p1f1,1965,05,01,0.0,10.447279,-1.8219438,1965
5600,r3i1p1f1,1965,05,02,0.0,11.92202,-0.31259847,1965
5601,r3i1p1f1,1965,05,03,1.0770946967041757,13.643859,-0.68009514,1965
5602,r3i1p1f1,1965,05,04,0.0,15.77157,0.8877862,1965
5603,r3i1p1f1,1965,05,05,0.0,16.363804,1.583369,1965
5604,r3i1p1f1,1965,05,06,0.0,18.87332,4.0102277,1965
5605,r3i1p1f1,1965,05,07,0.0,19.345148,5.4390783,1965
5606,r3i1p1f1,1965,05,08,0.0,22.052889,8.082662,1965
5607,r3i1p1f1,1965,05,09,0.0,22.513634,7.1397905,1965
5608,r3i1p1f1,1965,05,10,0.6412089384866704,17.500242,3.5545132,1965
5609,r3i1p1f1,1965,05,11,11.875135167103604,11.178184,5.008374,1965
5610,r3i1p1f1,1965,05,12,0.3788515788121578,11.13378,5.1611724,1965
5611,r3i1p1f1,1965,05,13,0.0,12.961092,-1.6506795,1965
5612,r3i1p1f1,1965,05,14,0.0,16.799532,1.2257018,1965
5613,r3i1p1f1,1965,05,15,0.0,18.678698,5.042633,1965
5614,r3i1p1f1,1965,05,16,0.0,19.11399,5.9503746,1965
5615,r3i1p1f1,1965,05,17,0.0,17.422495,5.943114,1965
5616,r3i1p1f1,1965,05,18,0.0,18.258673,2.4588213,1965
5617,r3i1p1f1,1965,05,19,0.0,19.7676,3.8445497,1965
5618,r3i1p1f1,1965,05,20,0.0,21.14044,5.396532,1965
5619,r3i1p1f1,1965,05,21,0.0,20.439156,5.9796515,1965
5620,r3i1p1f1,1965,05,22,0.0,10.641271,-0.18424152,1965
5621,r3i1p1f1,1965,05,23,0.0,13.191508,-1.464035,1965
5622,r3i1p1f1,1965,05,24,0.0,17.177053,1.4794097,1965
5623,r3i1p1f1,1965,05,25,0.0,21.45166,4.417858,1965
5624,r3i1p1f1,1965,05,26,0.0,23.68638,7.1421595,1965
5625,r3i1p1f1,1965,05,27,0.0,25.10447,8.637466,1965
5626,r3i1p1f1,1965,05,28,0.0,25.22367,9.8168545,1965
5627,r3i1p1f1,1965,05,29,0.02300249608723741,24.526354,8.841742,1965
5628,r3i1p1f1,1965,05,30,1.410286577351814,20.74492,5.395086,1965
5629,r3i1p1f1,1965,05,31,0.39022956753845056,18.07163,5.4160843,1965
5630,r3i1p1f1,1965,06,01,0.37183613029284107,15.498188,3.87438,1965
5631,r3i1p1f1,1965,06,02,0.12338854813654172,11.299647,3.2940845,1965
5632,r3i1p1f1,1965,06,03,0.0,14.108963,3.4029896,1965
5633,r3i1p1f1,1965,06,04,0.0,15.842549,3.3270328,1965
5634,r3i1p1f1,1965,06,05,0.0,18.04652,3.2730234,1965
5635,r3i1p1f1,1965,06,06,0.0,21.429184,4.5704126,1965
5636,r3i1p1f1,1965,06,07,0.0,24.596165,6.0286865,1965
5637,r3i1p1f1,1965,06,08,0.0,23.798822,9.554158,1965
5638,r3i1p1f1,1965,06,09,0.02775510135841997,20.83893,5.867214,1965
5639,r3i1p1f1,1965,06,10,0.0,20.16746,6.970843,1965
5640,r3i1p1f1,1965,06,11,0.28045651224123214,20.861677,4.72958,1965
5641,r3i1p1f1,1965,06,12,0.0,23.238724,6.6056504,1965
5642,r3i1p1f1,1965,06,13,0.0,26.068943,8.635633,1965
5643,r3i1p1f1,1965,06,14,0.0,25.277288,10.280576,1965
5644,r3i1p1f1,1965,06,15,0.0,23.596075,9.477193,1965
5645,r3i1p1f1,1965,06,16,0.0,23.497316,9.130445,1965
5646,r3i1p1f1,1965,06,17,0.0,29.083344,9.656425,1965
5647,r3i1p1f1,1965,06,18,0.0,30.90121,12.254755,1965
5648,r3i1p1f1,1965,06,19,0.0,30.697044,13.468939,1965
5649,r3i1p1f1,1965,06,20,0.0,27.124454,10.48413,1965
5650,r3i1p1f1,1965,06,21,0.0,25.558762,10.479507,1965
5651,r3i1p1f1,1965,06,22,0.0,26.00538,10.308064,1965
5652,r3i1p1f1,1965,06,23,0.0,28.61459,10.510255,1965
5653,r3i1p1f1,1965,06,24,0.0,28.90442,11.942645,1965
5654,r3i1p1f1,1965,06,25,0.0,27.261803,10.6781225,1965
5655,r3i1p1f1,1965,06,26,0.0,24.549578,8.7048435,1965
5656,r3i1p1f1,1965,06,27,0.0,25.638,7.450872,1965
5657,r3i1p1f1,1965,06,28,0.0,27.073107,10.200302,1965
5658,r3i1p1f1,1965,06,29,0.0,27.432322,11.710201,1965
5659,r3i1p1f1,1965,06,30,0.0,28.536467,11.400889,1965
5660,r3i1p1f1,1965,07,01,0.0,28.394228,12.435161,1965
5661,r3i1p1f1,1965,07,02,0.0,28.50871,11.950109,1965
5662,r3i1p1f1,1965,07,03,0.0,29.415882,12.752573,1965
5663,r3i1p1f1,1965,07,04,0.0,28.963858,13.6927595,1965
5664,r3i1p1f1,1965,07,05,0.0,29.3971,11.567422,1965
5665,r3i1p1f1,1965,07,06,0.0,32.29835,13.592894,1965
5666,r3i1p1f1,1965,07,07,0.0,32.149166,15.923554,1965
5667,r3i1p1f1,1965,07,08,0.0,31.319956,15.281507,1965
5668,r3i1p1f1,1965,07,09,0.0,30.784315,15.9426775,1965
5669,r3i1p1f1,1965,07,10,0.0,29.86574,12.875977,1965
5670,r3i1p1f1,1965,07,11,0.0,30.646406,13.343539,1965
5671,r3i1p1f1,1965,07,12,0.0,30.400562,13.780705,1965
5672,r3i1p1f1,1965,07,13,0.0,29.37786,12.326958,1965
5673,r3i1p1f1,1965,07,14,0.0,29.198347,13.72093,1965
5674,r3i1p1f1,1965,07,15,0.0,27.047314,11.911703,1965
5675,r3i1p1f1,1965,07,16,0.0,25.345478,9.778547,1965
5676,r3i1p1f1,1965,07,17,0.040026784393519754,24.685905,7.673641,1965
5677,r3i1p1f1,1965,07,18,0.0,24.162125,6.2790146,1965
5678,r3i1p1f1,1965,07,19,0.0,26.752142,9.7916765,1965
5679,r3i1p1f1,1965,07,20,0.0,26.05971,9.730351,1965
5680,r3i1p1f1,1965,07,21,0.0,21.702839,6.765911,1965
5681,r3i1p1f1,1965,07,22,0.0,28.517933,9.286603,1965
5682,r3i1p1f1,1965,07,23,0.0,31.895473,12.3857155,1965
5683,r3i1p1f1,1965,07,24,0.0,33.052998,15.126392,1965
5684,r3i1p1f1,1965,07,25,0.0,33.371162,15.49986,1965
5685,r3i1p1f1,1965,07,26,0.0,33.32713,15.239094,1965
5686,r3i1p1f1,1965,07,27,0.0,32.60004,15.132866,1965
5687,r3i1p1f1,1965,07,28,0.0,29.191662,13.177437,1965
5688,r3i1p1f1,1965,07,29,0.0,29.727709,13.275814,1965
5689,r3i1p1f1,1965,07,30,0.0,29.628748,12.190724,1965
5690,r3i1p1f1,1965,07,31,0.0,29.969706,12.349074,1965
5691,r3i1p1f1,1965,08,01,0.0,29.197157,12.405252,1965
5692,r3i1p1f1,1965,08,02,0.0,25.49243,10.618881,1965
5693,r3i1p1f1,1965,08,03,0.0,27.197445,9.56622,1965
5694,r3i1p1f1,1965,08,04,0.0,28.304455,9.913715,1965
5695,r3i1p1f1,1965,08,05,0.0,30.125114,11.800003,1965
5696,r3i1p1f1,1965,08,06,0.0,32.25802,14.040604,1965
5697,r3i1p1f1,1965,08,07,0.0,32.628624,15.260004,1965
5698,r3i1p1f1,1965,08,08,0.0,31.845455,13.885465,1965
5699,r3i1p1f1,1965,08,09,0.0,30.759657,13.407929,1965
5700,r3i1p1f1,1965,08,10,0.0,30.839714,12.566593,1965
5701,r3i1p1f1,1965,08,11,0.0,30.641521,13.554657,1965
5702,r3i1p1f1,1965,08,12,0.0,28.187317,10.614347,1965
5703,r3i1p1f1,1965,08,13,0.0,26.746931,10.594189,1965
5704,r3i1p1f1,1965,08,14,0.0,27.077843,9.309121,1965
5705,r3i1p1f1,1965,08,15,0.0,28.511818,9.671584,1965
5706,r3i1p1f1,1965,08,16,0.0,27.578426,10.358606,1965
5707,r3i1p1f1,1965,08,17,0.0,25.468588,9.229919,1965
5708,r3i1p1f1,1965,08,18,0.0,27.26269,10.192984,1965
5709,r3i1p1f1,1965,08,19,0.0,29.80955,11.415945,1965
5710,r3i1p1f1,1965,08,20,0.0,29.32102,12.345383,1965
5711,r3i1p1f1,1965,08,21,0.0,29.555544,11.748426,1965
5712,r3i1p1f1,1965,08,22,0.0,30.802227,12.372967,1965
5713,r3i1p1f1,1965,08,23,0.0,31.896233,14.026575,1965
5714,r3i1p1f1,1965,08,24,0.0,31.998432,15.438694,1965
5715,r3i1p1f1,1965,08,25,0.0,31.917492,14.847887,1965
5716,r3i1p1f1,1965,08,26,0.0,31.779621,14.575591,1965
5717,r3i1p1f1,1965,08,27,0.0,29.945045,13.691916,1965
5718,r3i1p1f1,1965,08,28,0.0,29.609596,11.349964,1965
5719,r3i1p1f1,1965,08,29,0.0,29.752287,11.941733,1965
5720,r3i1p1f1,1965,08,30,0.0,29.472383,12.427469,1965
5721,r3i1p1f1,1965,08,31,0.0005001000796542748,28.814278,13.07988,1965
5722,r3i1p1f1,1965,09,01,0.0,28.775263,13.926723,1965
5723,r3i1p1f1,1965,09,02,0.0,28.455664,13.005865,1965
5724,r3i1p1f1,1965,09,03,0.0,28.065683,11.40803,1965
5725,r3i1p1f1,1965,09,04,0.0,26.979673,9.336465,1965
5726,r3i1p1f1,1965,09,05,0.0,26.339405,10.019898,1965
5727,r3i1p1f1,1965,09,06,0.0,28.202148,10.418104,1965
5728,r3i1p1f1,1965,09,07,0.0,28.945833,11.123656,1965
5729,r3i1p1f1,1965,09,08,0.0,28.360369,11.631992,1965
5730,r3i1p1f1,1965,09,09,0.0,27.180964,11.819491,1965
5731,r3i1p1f1,1965,09,10,0.0,24.218586,8.32589,1965
5732,r3i1p1f1,1965,09,11,0.0,22.33168,6.5708694,1965
5733,r3i1p1f1,1965,09,12,0.0,21.094765,6.7878847,1965
5734,r3i1p1f1,1965,09,13,0.0,26.702732,8.452345,1965
5735,r3i1p1f1,1965,09,14,0.0,30.523396,11.95346,1965
5736,r3i1p1f1,1965,09,15,0.0,31.701628,14.350034,1965
5737,r3i1p1f1,1965,09,16,0.0,30.25057,12.774213,1965
5738,r3i1p1f1,1965,09,17,0.0,28.337122,12.465541,1965
5739,r3i1p1f1,1965,09,18,0.0,29.015242,11.877603,1965
5740,r3i1p1f1,1965,09,19,0.0,30.652729,12.472519,1965
5741,r3i1p1f1,1965,09,20,0.0,32.052433,14.3942175,1965
5742,r3i1p1f1,1965,09,21,0.0,32.61602,15.024225,1965
5743,r3i1p1f1,1965,09,22,0.0,33.05204,15.630821,1965
5744,r3i1p1f1,1965,09,23,0.0,32.92365,15.508391,1965
5745,r3i1p1f1,1965,09,24,0.0,31.912544,15.819326,1965
5746,r3i1p1f1,1965,09,25,0.0,28.680216,12.649179,1965
5747,r3i1p1f1,1965,09,26,0.0,27.077894,9.86003,1965
5748,r3i1p1f1,1965,09,27,0.0,27.176922,10.917997,1965
5749,r3i1p1f1,1965,09,28,0.0,25.789854,11.545378,1965
5750,r3i1p1f1,1965,09,29,0.0,23.989656,9.485597,1965
5751,r3i1p1f1,1965,09,30,0.0,25.837343,8.601123,1965
5752,r3i1p1f1,1965,10,01,0.0,26.65509,10.869911,1965
5753,r3i1p1f1,1965,10,02,0.0,28.035202,10.673522,1965
5754,r3i1p1f1,1965,10,03,0.0,29.0051,11.267651,1965
5755,r3i1p1f1,1965,10,04,0.0,27.844301,13.539489,1965
5756,r3i1p1f1,1965,10,05,0.8571089654364378,21.015709,8.853455,1965
5757,r3i1p1f1,1965,10,06,2.5126479074395704,12.618417,4.235588,1965
5758,r3i1p1f1,1965,10,07,0.04542017736878877,20.064411,4.7221627,1965
5759,r3i1p1f1,1965,10,08,0.0,22.87623,6.400928,1965
5760,r3i1p1f1,1965,10,09,0.0,22.701782,9.14557,1965
5761,r3i1p1f1,1965,10,10,0.0,20.271961,6.646365,1965
5762,r3i1p1f1,1965,10,11,0.0,16.619076,5.0003195,1965
5763,r3i1p1f1,1965,10,12,0.0,13.6548,0.59687656,1965
5764,r3i1p1f1,1965,10,13,0.0,18.718489,2.4992344,1965
5765,r3i1p1f1,1965,10,14,0.0,20.982334,5.5711484,1965
5766,r3i1p1f1,1965,10,15,3.8746813914545593,21.180601,7.485508,1965
5767,r3i1p1f1,1965,10,16,0.6016150780564394,10.400719,-1.0188994,1965
5768,r3i1p1f1,1965,10,17,0.0,12.1745825,-2.766491,1965
5769,r3i1p1f1,1965,10,18,1.4403040911833829,11.325417,-0.6232855,1965
5770,r3i1p1f1,1965,10,19,4.9814832482585,8.847155,2.9683373,1965
5771,r3i1p1f1,1965,10,20,0.0,14.218951,-0.85307103,1965
5772,r3i1p1f1,1965,10,21,0.0,15.236419,0.7846986,1965
5773,r3i1p1f1,1965,10,22,0.0,15.94916,1.4100952,1965
5774,r3i1p1f1,1965,10,23,0.0,16.57617,2.0884407,1965
5775,r3i1p1f1,1965,10,24,0.0,16.783623,2.868947,1965
5776,r3i1p1f1,1965,10,25,0.0,18.718319,2.6259573,1965
5777,r3i1p1f1,1965,10,26,0.0,20.697086,4.3958073,1965
5778,r3i1p1f1,1965,10,27,0.0,22.575726,6.1763573,1965
5779,r3i1p1f1,1965,10,28,0.0,25.067415,8.624169,1965
5780,r3i1p1f1,1965,10,29,0.0,25.890823,8.661453,1965
5781,r3i1p1f1,1965,10,30,0.0,27.236204,8.95194,1965
5782,r3i1p1f1,1965,10,31,0.0,24.88115,11.008419,1965
5783,r3i1p1f1,1965,11,01,0.027899749808344303,17.483503,7.533843,1965
5784,r3i1p1f1,1965,11,02,0.1535070373823768,18.852713,5.9190903,1965
5785,r3i1p1f1,1965,11,03,0.0,20.68822,4.7481904,1965
5786,r3i1p1f1,1965,11,04,0.0,20.917936,5.4291267,1965
5787,r3i1p1f1,1965,11,05,0.0,23.195505,6.7782316,1965
5788,r3i1p1f1,1965,11,06,0.0,20.967402,5.616806,1965
5789,r3i1p1f1,1965,11,07,0.0,14.890896,1.8867923,1965
5790,r3i1p1f1,1965,11,08,0.0,17.608236,1.5932777,1965
5791,r3i1p1f1,1965,11,09,0.0,18.019869,2.1259012,1965
5792,r3i1p1f1,1965,11,10,0.0,20.067423,2.7842126,1965
5793,r3i1p1f1,1965,11,11,0.0,17.41043,4.608083,1965
5794,r3i1p1f1,1965,11,12,0.0,17.03696,3.60649,1965
5795,r3i1p1f1,1965,11,13,0.0,16.039234,4.3423033,1965
5796,r3i1p1f1,1965,11,14,0.6080116246601776,13.826886,3.4025166,1965
5797,r3i1p1f1,1965,11,15,0.0,14.696582,1.8648612,1965
5798,r3i1p1f1,1965,11,16,0.0,18.316927,3.2934372,1965
5799,r3i1p1f1,1965,11,17,0.0,21.575193,4.981316,1965
5800,r3i1p1f1,1965,11,18,0.0,23.008734,5.7706156,1965
5801,r3i1p1f1,1965,11,19,0.0,19.400246,8.11467,1965
5802,r3i1p1f1,1965,11,20,0.0,16.669125,4.6984735,1965
5803,r3i1p1f1,1965,11,21,0.0,17.486294,1.8689585,1965
5804,r3i1p1f1,1965,11,22,0.0,17.71133,4.121905,1965
5805,r3i1p1f1,1965,11,23,0.016031425222631936,16.513456,4.8738537,1965
5806,r3i1p1f1,1965,11,24,59.76747143033304,12.243688,4.119965,1965
5807,r3i1p1f1,1965,11,25,10.239653810123471,7.550345,-0.5684073,1965
5808,r3i1p1f1,1965,11,26,0.002356960383047791,7.4250712,-3.5983715,1965
5809,r3i1p1f1,1965,11,27,0.0,13.363878,-0.39218748,1965
5810,r3i1p1f1,1965,11,28,0.0,15.664953,2.4667234,1965
5811,r3i1p1f1,1965,11,29,0.0,17.519384,4.802118,1965
5812,r3i1p1f1,1965,11,30,0.0,19.72325,3.644232,1965
5813,r3i1p1f1,1965,12,01,0.0,17.410395,4.223392,1965
5814,r3i1p1f1,1965,12,02,0.0,17.20887,3.014519,1965
5815,r3i1p1f1,1965,12,03,0.0,18.972002,3.3832912,1965
5816,r3i1p1f1,1965,12,04,0.0,16.602972,5.2709894,1965
5817,r3i1p1f1,1965,12,05,0.0,11.822788,1.7123847,1965
5818,r3i1p1f1,1965,12,06,0.0,10.994826,-1.7290691,1965
5819,r3i1p1f1,1965,12,07,0.0,12.370576,0.9083529,1965
5820,r3i1p1f1,1965,12,08,15.62191053526476,6.0525894,0.18504824,1965
5821,r3i1p1f1,1965,12,09,31.00159085649801,4.9454317,0.5565248,1965
5822,r3i1p1f1,1965,12,10,2.789610017402753,8.428037,-1.9788668,1965
5823,r3i1p1f1,1965,12,11,0.0,11.953213,-3.749347,1965
5824,r3i1p1f1,1965,12,12,0.0,12.215919,-0.376637,1965
5825,r3i1p1f1,1965,12,13,0.0,12.26285,-1.1837765,1965
5826,r3i1p1f1,1965,12,14,0.0,12.595336,-3.142234,1965
5827,r3i1p1f1,1965,12,15,0.0,13.605039,-3.2052965,1965
5828,r3i1p1f1,1965,12,16,0.0,13.649609,-0.86337906,1965
5829,r3i1p1f1,1965,12,17,0.0,13.526506,-2.753167,1965
5830,r3i1p1f1,1965,12,18,0.0,11.799659,0.7132226,1965
5831,r3i1p1f1,1965,12,19,0.0,14.070487,-1.962672,1965
5832,r3i1p1f1,1965,12,20,4.991021792490133,9.853277,-1.1614472,1965
5833,r3i1p1f1,1965,12,21,6.242875264969801,12.499784,4.1802382,1965
5834,r3i1p1f1,1965,12,22,8.77024219095658,12.187434,1.0440344,1965
5835,r3i1p1f1,1965,12,23,60.061672974475904,9.03126,4.114927,1965
5836,r3i1p1f1,1965,12,24,75.7148362353052,10.677681,5.459404,1965
5837,r3i1p1f1,1965,12,25,88.52873325445934,12.794882,5.6997623,1965
5838,r3i1p1f1,1965,12,26,82.03064247745236,10.021592,5.1018195,1965
5839,r3i1p1f1,1965,12,27,29.07213536091149,8.127912,-0.99323595,1965
5840,r3i1p1f1,1965,12,28,10.897656755926283,7.350953,-0.7557581,1965
5841,r3i1p1f1,1965,12,29,0.3820773852471336,12.260812,-0.14781989,1965
5842,r3i1p1f1,1965,12,30,20.795578431142005,7.0839133,0.7736547,1965
5843,r3i1p1f1,1965,12,31,0.0,9.479269,-2.473542,1965
5844,r3i1p1f1,1966,01,01,0.0,9.439999,-2.280351,1966
5845,r3i1p1f1,1966,01,02,0.0,10.063909,-3.156566,1966
5846,r3i1p1f1,1966,01,03,0.0,12.177267,-0.6912779,1966
5847,r3i1p1f1,1966,01,04,0.0,10.525139,2.3932247,1966
5848,r3i1p1f1,1966,01,05,0.0,10.487371,1.0934143,1966
5849,r3i1p1f1,1966,01,06,0.0,11.939505,1.6062645,1966
5850,r3i1p1f1,1966,01,07,0.0,14.632643,-0.48431545,1966
5851,r3i1p1f1,1966,01,08,0.0,14.691958,1.8460177,1966
5852,r3i1p1f1,1966,01,09,0.45852600766298374,12.957594,2.7813385,1966
5853,r3i1p1f1,1966,01,10,0.3286947161158375,12.97915,3.8682237,1966
5854,r3i1p1f1,1966,01,11,8.593865096382183,8.565741,2.9275348,1966
5855,r3i1p1f1,1966,01,12,15.582876543598296,6.040175,-1.5767329,1966
5856,r3i1p1f1,1966,01,13,0.0,9.321299,-0.65693784,1966
5857,r3i1p1f1,1966,01,14,0.0,15.428065,-0.42728826,1966
5858,r3i1p1f1,1966,01,15,0.0,18.753462,2.7707677,1966
5859,r3i1p1f1,1966,01,16,0.0,20.531954,6.116072,1966
5860,r3i1p1f1,1966,01,17,0.0,18.17363,6.1469727,1966
5861,r3i1p1f1,1966,01,18,0.5838182488476281,14.116667,5.9431167,1966
5862,r3i1p1f1,1966,01,19,0.0,14.000664,4.086335,1966
5863,r3i1p1f1,1966,01,20,0.11216370621696115,13.954644,1.8428738,1966
5864,r3i1p1f1,1966,01,21,2.2854898640760344,12.604633,4.4903245,1966
5865,r3i1p1f1,1966,01,22,0.0,17.052757,2.6404848,1966
5866,r3i1p1f1,1966,01,23,0.0,16.569304,3.0461013,1966
5867,r3i1p1f1,1966,01,24,0.0,17.072817,3.4169576,1966
5868,r3i1p1f1,1966,01,25,3.6442662617398462,13.223624,2.3586245,1966
5869,r3i1p1f1,1966,01,26,0.0,12.654545,2.408113,1966
5870,r3i1p1f1,1966,01,27,32.625788085064606,10.632188,1.0920403,1966
5871,r3i1p1f1,1966,01,28,58.14811723110707,8.854767,4.499444,1966
5872,r3i1p1f1,1966,01,29,2.2360635260395756,9.129909,-1.063262,1966
5873,r3i1p1f1,1966,01,30,32.75413241261911,7.0040708,-0.6522631,1966
5874,r3i1p1f1,1966,01,31,19.42384988973285,5.140346,-0.15949723,1966
5875,r3i1p1f1,1966,02,01,9.719387144133705,0.8384618,-9.481155,1966
5876,r3i1p1f1,1966,02,02,15.380789014804913,-1.64365,-10.031937,1966
5877,r3i1p1f1,1966,02,03,28.32421731988066,-1.8224627,-12.034111,1966
5878,r3i1p1f1,1966,02,04,46.291824736889744,0.7364293,-3.8649185,1966
5879,r3i1p1f1,1966,02,05,46.20980402258666,4.539208,-1.7871789,1966
5880,r3i1p1f1,1966,02,06,61.03545842986358,6.315535,2.2111318,1966
5881,r3i1p1f1,1966,02,07,19.875261852346163,7.6566696,1.1285866,1966
5882,r3i1p1f1,1966,02,08,28.912915600659815,6.5993676,2.8481588,1966
5883,r3i1p1f1,1966,02,09,6.795813891202622,5.048064,-2.639459,1966
5884,r3i1p1f1,1966,02,10,0.0,11.209726,-2.747667,1966
5885,r3i1p1f1,1966,02,11,0.0,13.2084875,1.3979968,1966
5886,r3i1p1f1,1966,02,12,0.0,14.441286,1.8171054,1966
5887,r3i1p1f1,1966,02,13,0.0382048494908591,13.04445,3.2480836,1966
5888,r3i1p1f1,1966,02,14,0.0,14.533462,2.1051624,1966
5889,r3i1p1f1,1966,02,15,0.0,13.714578,-0.47047827,1966
5890,r3i1p1f1,1966,02,16,0.0,13.646276,1.1035887,1966
5891,r3i1p1f1,1966,02,17,0.0,12.358744,-1.1691734,1966
5892,r3i1p1f1,1966,02,18,0.0,14.163246,-2.5689297,1966
5893,r3i1p1f1,1966,02,19,0.0,14.120182,-0.41576684,1966
5894,r3i1p1f1,1966,02,20,0.0,14.382245,0.6377498,1966
5895,r3i1p1f1,1966,02,21,0.01205424778163433,10.6998625,0.74072003,1966
5896,r3i1p1f1,1966,02,22,0.0,14.2365265,2.7065818,1966
5897,r3i1p1f1,1966,02,23,0.0,14.385643,1.5220642,1966
5898,r3i1p1f1,1966,02,24,0.0,11.668456,0.55938965,1966
5899,r3i1p1f1,1966,02,25,0.0,10.655197,-0.5877106,1966
5900,r3i1p1f1,1966,02,26,4.469178155360217,8.929038,-0.88222295,1966
5901,r3i1p1f1,1966,02,27,6.147837961103313,8.487425,-1.3993925,1966
5902,r3i1p1f1,1966,02,28,0.21070975452810098,11.098776,0.9636264,1966
5903,r3i1p1f1,1966,03,01,11.522816620938675,8.85995,-0.5555565,1966
5904,r3i1p1f1,1966,03,02,17.248768674356764,11.858268,1.1246716,1966
5905,r3i1p1f1,1966,03,03,0.0,16.093256,3.8649306,1966
5906,r3i1p1f1,1966,03,04,0.0,13.481086,3.6391387,1966
5907,r3i1p1f1,1966,03,05,3.230507360613525,11.708657,5.2311797,1966
5908,r3i1p1f1,1966,03,06,0.0,17.754852,2.4316676,1966
5909,r3i1p1f1,1966,03,07,0.0027698473882322248,17.417727,1.8944954,1966
5910,r3i1p1f1,1966,03,08,24.42711426349553,11.989977,5.2698894,1966
5911,r3i1p1f1,1966,03,09,58.35673941887523,6.079464,3.2882457,1966
5912,r3i1p1f1,1966,03,10,40.594538916392544,5.8112626,0.3441429,1966
5913,r3i1p1f1,1966,03,11,8.823111560904133,4.1906037,-3.3895755,1966
5914,r3i1p1f1,1966,03,12,0.40920204161298707,8.15298,-3.1425514,1966
5915,r3i1p1f1,1966,03,13,0.0,9.052954,-4.6922646,1966
5916,r3i1p1f1,1966,03,14,2.8611251235002113,7.2444015,-0.8244899,1966
5917,r3i1p1f1,1966,03,15,14.782285163834642,6.849841,0.9761729,1966
5918,r3i1p1f1,1966,03,16,0.023512854386353865,11.85331,3.5021148,1966
5919,r3i1p1f1,1966,03,17,26.05158492285562,8.660702,3.0985003,1966
5920,r3i1p1f1,1966,03,18,20.845090645736107,10.222228,0.83231556,1966
5921,r3i1p1f1,1966,03,19,1.9947177142296966,15.008628,0.30167732,1966
5922,r3i1p1f1,1966,03,20,31.74303166298686,9.868865,3.225541,1966
5923,r3i1p1f1,1966,03,21,18.007923839123624,10.960781,3.6882453,1966
5924,r3i1p1f1,1966,03,22,31.107772173556057,6.115098,0.13250554,1966
5925,r3i1p1f1,1966,03,23,3.841071277221138,4.3874826,-5.0333295,1966
5926,r3i1p1f1,1966,03,24,0.000304564156594049,12.945312,-1.9716095,1966
5927,r3i1p1f1,1966,03,25,0.0,14.146809,-1.8050818,1966
5928,r3i1p1f1,1966,03,26,1.3826698177772894,10.583562,-2.3987968,1966
5929,r3i1p1f1,1966,03,27,5.8698475917289645,6.8785543,-1.6098098,1966
5930,r3i1p1f1,1966,03,28,3.7111870453564304,4.854302,-6.5228105,1966
5931,r3i1p1f1,1966,03,29,0.679623084234711,6.4119062,-6.8627276,1966
5932,r3i1p1f1,1966,03,30,0.8319443606811355,7.258292,-6.5006123,1966
5933,r3i1p1f1,1966,03,31,4.5500987815964775,5.6554384,-7.193922,1966
5934,r3i1p1f1,1966,04,01,6.153594632655768,2.5745366,-6.7044487,1966
5935,r3i1p1f1,1966,04,02,1.7705063565364598,3.0506794,-8.098852,1966
5936,r3i1p1f1,1966,04,03,0.0,7.581803,-7.8416862,1966
5937,r3i1p1f1,1966,04,04,0.1141432245946673,5.8277955,-4.1964054,1966
5938,r3i1p1f1,1966,04,05,0.04260592977516353,10.416429,-3.8664076,1966
5939,r3i1p1f1,1966,04,06,0.0,12.697828,-3.462734,1966
5940,r3i1p1f1,1966,04,07,0.0,12.200656,0.94452375,1966
5941,r3i1p1f1,1966,04,08,6.497544403828215,8.817903,-1.0914919,1966
5942,r3i1p1f1,1966,04,09,0.0,9.97626,-5.2217283,1966
5943,r3i1p1f1,1966,04,10,0.0,9.095951,-4.527263,1966
5944,r3i1p1f1,1966,04,11,5.451369284626133,2.4151702,-6.8637447,1966
5945,r3i1p1f1,1966,04,12,0.0,12.36992,-4.072274,1966
5946,r3i1p1f1,1966,04,13,0.0,16.94032,0.71105194,1966
5947,r3i1p1f1,1966,04,14,0.0,18.719673,2.338148,1966
5948,r3i1p1f1,1966,04,15,0.0,21.061422,4.7357817,1966
5949,r3i1p1f1,1966,04,16,0.0,21.688345,4.6342516,1966
5950,r3i1p1f1,1966,04,17,0.0,20.538696,6.8872952,1966
5951,r3i1p1f1,1966,04,18,0.0,17.464067,4.4232078,1966
5952,r3i1p1f1,1966,04,19,0.0,18.901619,3.294616,1966
5953,r3i1p1f1,1966,04,20,0.0,18.54918,4.511016,1966
5954,r3i1p1f1,1966,04,21,0.0,18.393217,4.4192634,1966
5955,r3i1p1f1,1966,04,22,0.0,20.108442,4.9765215,1966
5956,r3i1p1f1,1966,04,23,0.0,19.919022,6.54866,1966
5957,r3i1p1f1,1966,04,24,0.0,25.03468,6.7632284,1966
5958,r3i1p1f1,1966,04,25,0.0,25.293959,6.7406583,1966
5959,r3i1p1f1,1966,04,26,0.0,22.422127,6.051528,1966
5960,r3i1p1f1,1966,04,27,0.8609959670521723,12.477798,0.71539855,1966
5961,r3i1p1f1,1966,04,28,29.429926267383916,4.5367603,-3.362831,1966
5962,r3i1p1f1,1966,04,29,0.6997047978649406,1.6257029,-8.333993,1966
5963,r3i1p1f1,1966,04,30,0.0,8.969979,-9.134223,1966
5964,r3i1p1f1,1966,05,01,0.0,12.517049,-2.443119,1966
5965,r3i1p1f1,1966,05,02,0.0,14.280119,-2.0911887,1966
5966,r3i1p1f1,1966,05,03,0.0,16.329607,0.11908804,1966
5967,r3i1p1f1,1966,05,04,0.0,16.129759,0.50887585,1966
5968,r3i1p1f1,1966,05,05,3.1698356830738224,13.279995,0.3202188,1966
5969,r3i1p1f1,1966,05,06,18.011129805573116,10.675245,1.3382502,1966
5970,r3i1p1f1,1966,05,07,0.23554086778619276,14.346332,3.1825018,1966
5971,r3i1p1f1,1966,05,08,0.0,18.614807,2.2225924,1966
5972,r3i1p1f1,1966,05,09,0.6836662791490773,17.237848,3.2317195,1966
5973,r3i1p1f1,1966,05,10,0.47027452383190393,11.950912,0.43863225,1966
5974,r3i1p1f1,1966,05,11,0.0,16.111742,-0.42886007,1966
5975,r3i1p1f1,1966,05,12,0.0,20.536804,3.5840454,1966
5976,r3i1p1f1,1966,05,13,0.7184631768196643,19.981268,6.4502225,1966
5977,r3i1p1f1,1966,05,14,0.0,19.470577,4.1319556,1966
5978,r3i1p1f1,1966,05,15,0.0,22.811644,5.8108573,1966
5979,r3i1p1f1,1966,05,16,0.0,22.192806,7.8513026,1966
5980,r3i1p1f1,1966,05,17,0.0,20.331776,7.368176,1966
5981,r3i1p1f1,1966,05,18,0.0,19.528938,4.700897,1966
5982,r3i1p1f1,1966,05,19,0.0,27.03508,5.9413776,1966
5983,r3i1p1f1,1966,05,20,0.0,26.91616,9.624701,1966
5984,r3i1p1f1,1966,05,21,0.0,24.995316,10.758353,1966
5985,r3i1p1f1,1966,05,22,0.0,23.235939,8.324468,1966
5986,r3i1p1f1,1966,05,23,0.0,22.977709,5.9131885,1966
5987,r3i1p1f1,1966,05,24,0.0,21.660639,5.3964443,1966
5988,r3i1p1f1,1966,05,25,0.0,16.523422,1.4541216,1966
5989,r3i1p1f1,1966,05,26,0.0,20.276148,3.6795402,1966
5990,r3i1p1f1,1966,05,27,0.0,21.676075,4.415606,1966
5991,r3i1p1f1,1966,05,28,0.0,21.77097,6.3667407,1966
5992,r3i1p1f1,1966,05,29,0.0,20.759682,7.572947,1966
5993,r3i1p1f1,1966,05,30,0.48069543140866844,17.847813,4.929406,1966
5994,r3i1p1f1,1966,05,31,1.2287270697446442,14.769635,3.7405412,1966
5995,r3i1p1f1,1966,06,01,0.10538874500382103,18.966982,4.4219193,1966
5996,r3i1p1f1,1966,06,02,0.0,21.814571,5.9716763,1966
5997,r3i1p1f1,1966,06,03,0.0,21.95915,6.1923327,1966
5998,r3i1p1f1,1966,06,04,0.0,21.690857,4.785403,1966
5999,r3i1p1f1,1966,06,05,0.0,19.834106,4.309214,1966
6000,r3i1p1f1,1966,06,06,0.0,24.044067,5.8941402,1966
6001,r3i1p1f1,1966,06,07,0.0,26.246792,8.609689,1966
6002,r3i1p1f1,1966,06,08,0.0,26.49797,10.002399,1966
6003,r3i1p1f1,1966,06,09,0.0,23.033646,7.4395094,1966
6004,r3i1p1f1,1966,06,10,0.0,21.183846,5.09809,1966
6005,r3i1p1f1,1966,06,11,0.0,23.5409,5.949585,1966
6006,r3i1p1f1,1966,06,12,0.0,29.230377,9.357106,1966
6007,r3i1p1f1,1966,06,13,0.0,32.49637,13.70224,1966
6008,r3i1p1f1,1966,06,14,0.0,34.63048,14.902498,1966
6009,r3i1p1f1,1966,06,15,0.0,35.06665,17.380724,1966
6010,r3i1p1f1,1966,06,16,0.0,34.852264,18.276936,1966
6011,r3i1p1f1,1966,06,17,0.0,33.627674,16.096653,1966
6012,r3i1p1f1,1966,06,18,0.0,29.83494,14.059846,1966
6013,r3i1p1f1,1966,06,19,0.0,23.919798,12.272195,1966
6014,r3i1p1f1,1966,06,20,0.0,23.48893,9.478263,1966
6015,r3i1p1f1,1966,06,21,0.0,22.91924,8.194636,1966
6016,r3i1p1f1,1966,06,22,0.0,22.122658,7.3107667,1966
6017,r3i1p1f1,1966,06,23,0.0,20.997221,4.4344506,1966
6018,r3i1p1f1,1966,06,24,0.0,23.229212,5.664146,1966
6019,r3i1p1f1,1966,06,25,0.0,27.420319,10.172433,1966
6020,r3i1p1f1,1966,06,26,0.0,29.645159,11.528621,1966
6021,r3i1p1f1,1966,06,27,0.0,28.398417,13.813924,1966
6022,r3i1p1f1,1966,06,28,0.07836530812231726,25.177528,9.6651745,1966
6023,r3i1p1f1,1966,06,29,0.0,26.152084,10.266796,1966
6024,r3i1p1f1,1966,06,30,0.0,27.992455,10.346896,1966
6025,r3i1p1f1,1966,07,01,0.08052491619692821,27.836325,12.473602,1966
6026,r3i1p1f1,1966,07,02,0.0,25.708042,9.995711,1966
6027,r3i1p1f1,1966,07,03,0.0,23.24476,6.9328403,1966
6028,r3i1p1f1,1966,07,04,0.3237045517093257,22.745062,8.842003,1966
6029,r3i1p1f1,1966,07,05,0.026678481126988406,23.417816,7.9403706,1966
6030,r3i1p1f1,1966,07,06,0.0,22.453035,7.024852,1966
6031,r3i1p1f1,1966,07,07,0.0,23.362272,7.4851265,1966
6032,r3i1p1f1,1966,07,08,0.0,22.917406,7.867697,1966
6033,r3i1p1f1,1966,07,09,0.0,22.51624,8.418502,1966
6034,r3i1p1f1,1966,07,10,0.0,26.660645,9.506223,1966
6035,r3i1p1f1,1966,07,11,0.0,30.616993,12.256367,1966
6036,r3i1p1f1,1966,07,12,0.0,30.438389,14.573162,1966
6037,r3i1p1f1,1966,07,13,0.0,28.414717,12.284231,1966
6038,r3i1p1f1,1966,07,14,0.0,26.449818,9.505839,1966
6039,r3i1p1f1,1966,07,15,0.0,22.410084,7.765357,1966
6040,r3i1p1f1,1966,07,16,0.0,24.733488,7.6767797,1966
6041,r3i1p1f1,1966,07,17,0.0,26.548925,9.631152,1966
6042,r3i1p1f1,1966,07,18,0.0,26.619373,10.123216,1966
6043,r3i1p1f1,1966,07,19,0.0,28.04956,10.482981,1966
6044,r3i1p1f1,1966,07,20,0.0,28.033718,11.5360365,1966
6045,r3i1p1f1,1966,07,21,0.0,27.664059,11.266972,1966
6046,r3i1p1f1,1966,07,22,0.0,26.741129,10.423731,1966
6047,r3i1p1f1,1966,07,23,0.0,25.723188,10.510523,1966
6048,r3i1p1f1,1966,07,24,0.0,26.496857,10.623813,1966
6049,r3i1p1f1,1966,07,25,0.0,26.46352,10.075163,1966
6050,r3i1p1f1,1966,07,26,0.0,27.466908,10.773019,1966
6051,r3i1p1f1,1966,07,27,0.0,30.091553,11.675741,1966
6052,r3i1p1f1,1966,07,28,0.0,31.809124,13.915831,1966
6053,r3i1p1f1,1966,07,29,0.0,31.935196,14.587159,1966
6054,r3i1p1f1,1966,07,30,0.0,32.01522,14.671338,1966
6055,r3i1p1f1,1966,07,31,0.24674357325573892,31.588219,15.992199,1966
6056,r3i1p1f1,1966,08,01,0.0024811761441493503,30.01822,15.148245,1966
6057,r3i1p1f1,1966,08,02,0.0,30.110624,12.641506,1966
6058,r3i1p1f1,1966,08,03,0.0,30.352537,12.885525,1966
6059,r3i1p1f1,1966,08,04,0.0,32.018368,14.185493,1966
6060,r3i1p1f1,1966,08,05,0.0,34.72854,15.1348505,1966
6061,r3i1p1f1,1966,08,06,0.0,34.278584,16.364235,1966
6062,r3i1p1f1,1966,08,07,0.0,31.944498,15.031402,1966
6063,r3i1p1f1,1966,08,08,0.0,30.37575,14.007182,1966
6064,r3i1p1f1,1966,08,09,0.0,31.093332,12.946314,1966
6065,r3i1p1f1,1966,08,10,0.0,30.557959,13.279499,1966
6066,r3i1p1f1,1966,08,11,0.0,31.203085,13.915605,1966
6067,r3i1p1f1,1966,08,12,0.0,33.43824,14.971339,1966
6068,r3i1p1f1,1966,08,13,0.0,33.181347,15.443485,1966
6069,r3i1p1f1,1966,08,14,0.0,31.845816,15.917607,1966
6070,r3i1p1f1,1966,08,15,0.0,29.166096,14.408168,1966
6071,r3i1p1f1,1966,08,16,0.0,28.788256,13.81668,1966
6072,r3i1p1f1,1966,08,17,0.0,27.878807,11.656909,1966
6073,r3i1p1f1,1966,08,18,0.0,27.429781,10.821409,1966
6074,r3i1p1f1,1966,08,19,0.0,27.055685,9.897075,1966
6075,r3i1p1f1,1966,08,20,0.0,26.155529,10.759521,1966
6076,r3i1p1f1,1966,08,21,0.0,23.747902,6.3339634,1966
6077,r3i1p1f1,1966,08,22,0.0,22.293505,5.294931,1966
6078,r3i1p1f1,1966,08,23,0.0,25.29064,8.18773,1966
6079,r3i1p1f1,1966,08,24,0.0,29.560587,10.679588,1966
6080,r3i1p1f1,1966,08,25,0.0,30.246357,12.353215,1966
6081,r3i1p1f1,1966,08,26,0.0,28.626383,12.305713,1966
6082,r3i1p1f1,1966,08,27,0.0,27.95455,11.620416,1966
6083,r3i1p1f1,1966,08,28,0.0,29.308142,11.504273,1966
6084,r3i1p1f1,1966,08,29,0.0,29.362505,12.288485,1966
6085,r3i1p1f1,1966,08,30,0.09034655916988604,28.13179,12.749615,1966
6086,r3i1p1f1,1966,08,31,0.0,29.222961,11.642717,1966
6087,r3i1p1f1,1966,09,01,0.0,30.486012,13.561013,1966
6088,r3i1p1f1,1966,09,02,0.0,29.993292,12.88559,1966
6089,r3i1p1f1,1966,09,03,0.0,28.972921,14.303996,1966
6090,r3i1p1f1,1966,09,04,0.0,26.56374,10.797568,1966
6091,r3i1p1f1,1966,09,05,0.0,25.897585,11.516152,1966
6092,r3i1p1f1,1966,09,06,0.0,26.005634,9.149553,1966
6093,r3i1p1f1,1966,09,07,0.0,25.091675,9.491109,1966
6094,r3i1p1f1,1966,09,08,0.0,21.734426,6.4523835,1966
6095,r3i1p1f1,1966,09,09,0.0,21.196579,5.8514094,1966
6096,r3i1p1f1,1966,09,10,0.0,25.537947,9.146891,1966
6097,r3i1p1f1,1966,09,11,0.0,26.373188,10.735762,1966
6098,r3i1p1f1,1966,09,12,0.0,25.103106,10.525752,1966
6099,r3i1p1f1,1966,09,13,0.0,23.879034,6.7511897,1966
6100,r3i1p1f1,1966,09,14,0.0,25.00699,10.738131,1966
6101,r3i1p1f1,1966,09,15,0.0,26.898157,9.831782,1966
6102,r3i1p1f1,1966,09,16,0.0,26.100466,10.961504,1966
6103,r3i1p1f1,1966,09,17,0.0,24.317566,9.086075,1966
6104,r3i1p1f1,1966,09,18,0.0,23.577856,7.543425,1966
6105,r3i1p1f1,1966,09,19,0.0,22.715364,9.096775,1966
6106,r3i1p1f1,1966,09,20,0.0,25.835115,8.060474,1966
6107,r3i1p1f1,1966,09,21,0.0,28.487007,10.755721,1966
6108,r3i1p1f1,1966,09,22,0.0,30.387623,11.985425,1966
6109,r3i1p1f1,1966,09,23,0.0,31.262234,12.62434,1966
6110,r3i1p1f1,1966,09,24,0.0,30.730003,12.983596,1966
6111,r3i1p1f1,1966,09,25,0.0,29.83137,13.827081,1966
6112,r3i1p1f1,1966,09,26,0.0,30.398706,13.499968,1966
6113,r3i1p1f1,1966,09,27,0.0,30.833033,13.275324,1966
6114,r3i1p1f1,1966,09,28,0.0,30.560934,12.535411,1966
6115,r3i1p1f1,1966,09,29,0.0,26.732635,8.499312,1966
6116,r3i1p1f1,1966,09,30,0.0,21.997593,7.440225,1966
6117,r3i1p1f1,1966,10,01,0.0,20.72012,6.54857,1966
6118,r3i1p1f1,1966,10,02,0.0,22.016094,6.1512666,1966
6119,r3i1p1f1,1966,10,03,0.0,22.037449,5.300986,1966
6120,r3i1p1f1,1966,10,04,0.0,21.27482,5.8377175,1966
6121,r3i1p1f1,1966,10,05,0.03665177925875852,20.891813,9.135323,1966
6122,r3i1p1f1,1966,10,06,0.1394914095152145,14.295606,3.1234472,1966
6123,r3i1p1f1,1966,10,07,0.0,17.824276,3.3567843,1966
6124,r3i1p1f1,1966,10,08,0.0,16.921137,4.155406,1966
6125,r3i1p1f1,1966,10,09,9.551110859856157,16.21535,4.5435658,1966
6126,r3i1p1f1,1966,10,10,5.6247167078062805,20.677952,7.832116,1966
6127,r3i1p1f1,1966,10,11,0.0,21.400215,5.336117,1966
6128,r3i1p1f1,1966,10,12,0.0,21.636532,7.489098,1966
6129,r3i1p1f1,1966,10,13,0.0,20.47292,7.442302,1966
6130,r3i1p1f1,1966,10,14,0.0,17.138363,6.019862,1966
6131,r3i1p1f1,1966,10,15,0.0,16.087494,2.0103838,1966
6132,r3i1p1f1,1966,10,16,0.0,15.727562,1.9776006,1966
6133,r3i1p1f1,1966,10,17,0.0,14.695922,0.112139545,1966
6134,r3i1p1f1,1966,10,18,20.914205429634375,13.243447,2.4280286,1966
6135,r3i1p1f1,1966,10,19,13.2568664405354,7.773409,-0.16868386,1966
6136,r3i1p1f1,1966,10,20,0.0,15.548996,-0.9642352,1966
6137,r3i1p1f1,1966,10,21,0.0,18.046309,3.9610915,1966
6138,r3i1p1f1,1966,10,22,0.0,19.222973,4.260883,1966
6139,r3i1p1f1,1966,10,23,0.0,21.434404,4.6765265,1966
6140,r3i1p1f1,1966,10,24,0.0,23.423134,9.051328,1966
6141,r3i1p1f1,1966,10,25,0.0,22.07052,7.5764227,1966
6142,r3i1p1f1,1966,10,26,0.034564211340406666,20.981104,7.2791758,1966
6143,r3i1p1f1,1966,10,27,0.3305929645552839,17.956635,6.427294,1966
6144,r3i1p1f1,1966,10,28,0.0,14.936741,4.5973496,1966
6145,r3i1p1f1,1966,10,29,0.0,17.999756,4.8993425,1966
6146,r3i1p1f1,1966,10,30,16.772099645612272,16.850037,6.710815,1966
6147,r3i1p1f1,1966,10,31,14.883235085519692,9.630406,2.9244814,1966
6148,r3i1p1f1,1966,11,01,0.0,15.388523,-0.18211855,1966
6149,r3i1p1f1,1966,11,02,0.0,18.112158,2.0837083,1966
6150,r3i1p1f1,1966,11,03,0.0,16.396837,4.7839317,1966
6151,r3i1p1f1,1966,11,04,0.0,17.91595,3.0164382,1966
6152,r3i1p1f1,1966,11,05,0.0,15.998343,4.9958606,1966
6153,r3i1p1f1,1966,11,06,7.7011648865759765,13.354176,4.423179,1966
6154,r3i1p1f1,1966,11,07,0.0,10.3308,-1.241673,1966
6155,r3i1p1f1,1966,11,08,0.0,13.436253,0.18507126,1966
6156,r3i1p1f1,1966,11,09,0.0,18.358395,1.8956991,1966
6157,r3i1p1f1,1966,11,10,0.0,19.074476,3.8864346,1966
6158,r3i1p1f1,1966,11,11,0.0,16.390581,3.2846735,1966
6159,r3i1p1f1,1966,11,12,0.0,12.915359,2.6884744,1966
6160,r3i1p1f1,1966,11,13,45.770206911746705,6.974161,0.868415,1966
6161,r3i1p1f1,1966,11,14,5.774692714514554,2.8709333,-3.3089697,1966
6162,r3i1p1f1,1966,11,15,0.005225482776663021,6.4571624,-5.817614,1966
6163,r3i1p1f1,1966,11,16,0.0,9.222001,-4.83293,1966
6164,r3i1p1f1,1966,11,17,0.0,10.80884,-3.3815682,1966
6165,r3i1p1f1,1966,11,18,0.0,7.633544,-0.70943516,1966
6166,r3i1p1f1,1966,11,19,44.88223381830674,3.8742187,-1.0402519,1966
6167,r3i1p1f1,1966,11,20,10.309681575898523,1.1284837,-6.1774364,1966
6168,r3i1p1f1,1966,11,21,76.39829377202611,7.4388943,-3.0764203,1966
6169,r3i1p1f1,1966,11,22,40.038892196638415,7.365632,0.84856397,1966
6170,r3i1p1f1,1966,11,23,30.885831296664517,2.50562,-2.4281216,1966
6171,r3i1p1f1,1966,11,24,32.490691843084186,2.5285933,-2.6915867,1966
6172,r3i1p1f1,1966,11,25,13.253432979935928,2.8609269,-2.9743085,1966
6173,r3i1p1f1,1966,11,26,0.0,7.5782347,-5.086316,1966
6174,r3i1p1f1,1966,11,27,0.0,11.321992,2.0352418,1966
6175,r3i1p1f1,1966,11,28,27.81029833284648,7.800052,2.8039298,1966
6176,r3i1p1f1,1966,11,29,35.22764136034407,5.5232463,-3.3333285,1966
6177,r3i1p1f1,1966,11,30,0.0,5.285255,-7.835475,1966
6178,r3i1p1f1,1966,12,01,0.0,6.3776126,-4.206712,1966
6179,r3i1p1f1,1966,12,02,17.939465523599402,1.4010037,-3.8651402,1966
6180,r3i1p1f1,1966,12,03,11.831636012969906,2.0448134,-3.7390504,1966
6181,r3i1p1f1,1966,12,04,13.348926183473514,3.7981856,-1.9351804,1966
6182,r3i1p1f1,1966,12,05,0.0,9.726052,-1.5345987,1966
6183,r3i1p1f1,1966,12,06,0.0,13.503668,3.004074,1966
6184,r3i1p1f1,1966,12,07,0.024467104767130588,11.211115,1.6987329,1966
6185,r3i1p1f1,1966,12,08,2.8333707127450523,6.232521,-3.221843,1966
6186,r3i1p1f1,1966,12,09,0.0,8.931331,-2.856324,1966
6187,r3i1p1f1,1966,12,10,0.0,11.194809,0.4965493,1966
6188,r3i1p1f1,1966,12,11,0.0,12.812677,1.9475335,1966
6189,r3i1p1f1,1966,12,12,0.0,13.100268,3.9826438,1966
6190,r3i1p1f1,1966,12,13,0.7528733068619132,11.810986,5.683868,1966
6191,r3i1p1f1,1966,12,14,1.0573253013334531,11.035574,5.1141157,1966
6192,r3i1p1f1,1966,12,15,22.304832158414158,8.426598,2.9348526,1966
6193,r3i1p1f1,1966,12,16,16.807656268295098,4.4592957,-1.7928416,1966
6194,r3i1p1f1,1966,12,17,12.833451458228458,3.3563433,-1.4702543,1966
6195,r3i1p1f1,1966,12,18,3.7057331297546625,3.2267728,-3.7864988,1966
6196,r3i1p1f1,1966,12,19,0.0,4.371517,-4.9307914,1966
6197,r3i1p1f1,1966,12,20,9.620546806246765,0.37075585,-6.545614,1966
6198,r3i1p1f1,1966,12,21,23.257559252976392,3.9380715,-1.2778803,1966
6199,r3i1p1f1,1966,12,22,58.0864442512393,8.633361,2.8045864,1966
6200,r3i1p1f1,1966,12,23,6.134308231948556,6.5715017,0.15648004,1966
6201,r3i1p1f1,1966,12,24,0.0,7.4497166,-2.232525,1966
6202,r3i1p1f1,1966,12,25,0.0,9.733694,-1.2077235,1966
6203,r3i1p1f1,1966,12,26,0.9022009497513002,9.75619,3.6688871,1966
6204,r3i1p1f1,1966,12,27,1.713442150197041,7.1854672,1.8889037,1966
6205,r3i1p1f1,1966,12,28,0.3344632264806454,6.7375584,0.44554785,1966
6206,r3i1p1f1,1966,12,29,0.0,11.993424,6.104973,1966
6207,r3i1p1f1,1966,12,30,0.7148789035119606,9.335182,0.14258222,1966
6208,r3i1p1f1,1966,12,31,0.0,8.721127,-1.0194427,1966
6209,r3i1p1f1,1967,01,01,0.0,13.4394655,2.2225778,1967
6210,r3i1p1f1,1967,01,02,0.4694526748272964,13.22345,3.1399136,1967
6211,r3i1p1f1,1967,01,03,0.001297572223273547,12.48871,1.470771,1967
6212,r3i1p1f1,1967,01,04,0.0,12.001994,0.51733404,1967
6213,r3i1p1f1,1967,01,05,0.0,8.533027,-3.804289,1967
6214,r3i1p1f1,1967,01,06,0.0,6.94515,-2.273255,1967
6215,r3i1p1f1,1967,01,07,0.0,6.191004,-2.3515162,1967
6216,r3i1p1f1,1967,01,08,0.0,6.7465973,-4.8874125,1967
6217,r3i1p1f1,1967,01,09,4.078596611782958,1.1367021,-6.869375,1967
6218,r3i1p1f1,1967,01,10,15.74478339485052,5.33387,-3.2472816,1967
6219,r3i1p1f1,1967,01,11,0.0,9.384189,-5.789625,1967
6220,r3i1p1f1,1967,01,12,9.866999337253603,2.154771,-1.907851,1967
6221,r3i1p1f1,1967,01,13,0.0,9.32069,-2.6731198,1967
6222,r3i1p1f1,1967,01,14,0.0,14.10859,0.91832185,1967
6223,r3i1p1f1,1967,01,15,0.0,14.004342,2.1524155,1967
6224,r3i1p1f1,1967,01,16,0.0,10.132439,0.0009590134,1967
6225,r3i1p1f1,1967,01,17,0.0,13.263557,0.058696188,1967
6226,r3i1p1f1,1967,01,18,0.0,15.582286,1.9903635,1967
6227,r3i1p1f1,1967,01,19,0.0,16.522476,2.917457,1967
6228,r3i1p1f1,1967,01,20,0.0,15.460367,0.38526383,1967
6229,r3i1p1f1,1967,01,21,0.0,12.658742,-1.4996264,1967
6230,r3i1p1f1,1967,01,22,0.0,12.789256,-1.3316517,1967
6231,r3i1p1f1,1967,01,23,13.530060390966307,6.797258,0.1643362,1967
6232,r3i1p1f1,1967,01,24,0.2800861221759844,3.0744631,-4.6193957,1967
6233,r3i1p1f1,1967,01,25,0.0,10.327149,-1.4774,1967
6234,r3i1p1f1,1967,01,26,0.0,13.744737,2.7393012,1967
6235,r3i1p1f1,1967,01,27,0.0,12.441585,3.3079784,1967
6236,r3i1p1f1,1967,01,28,0.0,12.262754,-0.22441901,1967
6237,r3i1p1f1,1967,01,29,8.35590370973621,7.786212,1.4264649,1967
6238,r3i1p1f1,1967,01,30,1.8232334044832417,6.9698877,-0.6708097,1967
6239,r3i1p1f1,1967,01,31,0.0,12.713213,-0.17412706,1967
6240,r3i1p1f1,1967,02,01,0.0,15.140341,0.35183185,1967
6241,r3i1p1f1,1967,02,02,0.0,16.184504,1.5279818,1967
6242,r3i1p1f1,1967,02,03,0.0,14.685118,1.1265043,1967
6243,r3i1p1f1,1967,02,04,0.0,12.64115,-0.6021684,1967
6244,r3i1p1f1,1967,02,05,0.0,11.060693,-1.4446986,1967
6245,r3i1p1f1,1967,02,06,0.0,14.371427,-1.3734635,1967
6246,r3i1p1f1,1967,02,07,0.0,16.024372,0.88016427,1967
6247,r3i1p1f1,1967,02,08,0.0,14.526003,1.2552674,1967
6248,r3i1p1f1,1967,02,09,6.490820691128886,8.768709,-0.39892274,1967
6249,r3i1p1f1,1967,02,10,0.0,11.174082,-0.992663,1967
6250,r3i1p1f1,1967,02,11,1.6910007720358216,7.2627764,-2.7805703,1967
6251,r3i1p1f1,1967,02,12,0.0,10.456595,-2.3906202,1967
6252,r3i1p1f1,1967,02,13,1.3568604929835266,7.0624547,-0.855802,1967
6253,r3i1p1f1,1967,02,14,0.0,10.170373,-3.539052,1967
6254,r3i1p1f1,1967,02,15,0.0,9.913332,-3.9623878,1967
6255,r3i1p1f1,1967,02,16,0.28487229003650627,6.9947667,-3.9689198,1967
6256,r3i1p1f1,1967,02,17,14.818293233034446,2.184877,-5.0629015,1967
6257,r3i1p1f1,1967,02,18,0.0,6.5492234,-7.763021,1967
6258,r3i1p1f1,1967,02,19,0.0,7.3529763,-6.5606866,1967
6259,r3i1p1f1,1967,02,20,0.0,9.050798,-5.2186627,1967
6260,r3i1p1f1,1967,02,21,0.0,12.879866,-2.3401601,1967
6261,r3i1p1f1,1967,02,22,0.0,13.933544,0.53612345,1967
6262,r3i1p1f1,1967,02,23,0.0,15.672701,0.3541292,1967
6263,r3i1p1f1,1967,02,24,0.0,14.719769,3.3774583,1967
6264,r3i1p1f1,1967,02,25,0.0,15.846206,2.132912,1967
6265,r3i1p1f1,1967,02,26,0.0,19.96518,3.26918,1967
6266,r3i1p1f1,1967,02,27,0.0,19.305214,3.7655191,1967
6267,r3i1p1f1,1967,02,28,0.0,18.447464,4.5465984,1967
6268,r3i1p1f1,1967,03,01,0.0,14.246136,1.0667974,1967
6269,r3i1p1f1,1967,03,02,0.2972873578312972,10.581797,-3.3813906,1967
6270,r3i1p1f1,1967,03,03,0.0,11.517523,-3.4367661,1967
6271,r3i1p1f1,1967,03,04,0.0,11.030903,-1.6935091,1967
6272,r3i1p1f1,1967,03,05,0.0,15.659258,0.5760746,1967
6273,r3i1p1f1,1967,03,06,0.0,14.919151,0.84328413,1967
6274,r3i1p1f1,1967,03,07,1.1099673256180005,10.843647,-3.968118,1967
6275,r3i1p1f1,1967,03,08,0.4435471327987647,6.3234572,-4.2043386,1967
6276,r3i1p1f1,1967,03,09,0.0,8.130001,-2.7788477,1967
6277,r3i1p1f1,1967,03,10,0.527954597016919,6.6161814,-1.6442137,1967
6278,r3i1p1f1,1967,03,11,0.0,10.464591,-3.2101383,1967
6279,r3i1p1f1,1967,03,12,0.0,11.606088,-0.48551294,1967
6280,r3i1p1f1,1967,03,13,0.0,12.1096,-1.4866589,1967
6281,r3i1p1f1,1967,03,14,0.0,10.55214,-2.5281973,1967
6282,r3i1p1f1,1967,03,15,0.0,12.148911,-1.5356936,1967
6283,r3i1p1f1,1967,03,16,0.0,19.57354,3.1262617,1967
6284,r3i1p1f1,1967,03,17,0.0,21.711523,5.916737,1967
6285,r3i1p1f1,1967,03,18,0.0,22.57067,5.4275584,1967
6286,r3i1p1f1,1967,03,19,0.0,22.162066,4.7090454,1967
6287,r3i1p1f1,1967,03,20,0.0,21.025673,5.382395,1967
6288,r3i1p1f1,1967,03,21,0.0,20.023643,5.0504246,1967
6289,r3i1p1f1,1967,03,22,0.39433100659822995,18.384556,3.8106754,1967
6290,r3i1p1f1,1967,03,23,2.8558968223813666,17.055628,2.9346867,1967
6291,r3i1p1f1,1967,03,24,0.08896081685394931,15.370218,1.4361929,1967
6292,r3i1p1f1,1967,03,25,1.5315794056445349,14.707134,-2.200586,1967
6293,r3i1p1f1,1967,03,26,1.8094700186530215,3.7467182,-5.6582584,1967
6294,r3i1p1f1,1967,03,27,0.03678903610163711,5.017263,-5.0894375,1967
6295,r3i1p1f1,1967,03,28,0.0,6.9866853,-6.4698215,1967
6296,r3i1p1f1,1967,03,29,0.0,10.177772,-5.1897216,1967
6297,r3i1p1f1,1967,03,30,0.0,12.462762,-1.4794124,1967
6298,r3i1p1f1,1967,03,31,0.0,15.6591835,-0.54688394,1967
6299,r3i1p1f1,1967,04,01,0.0,16.082693,0.4166127,1967
6300,r3i1p1f1,1967,04,02,0.0,16.071854,2.7336018,1967
6301,r3i1p1f1,1967,04,03,0.0,15.448814,-0.5572838,1967
6302,r3i1p1f1,1967,04,04,16.44699449932791,11.734409,-0.7956228,1967
6303,r3i1p1f1,1967,04,05,3.6793771876929036,8.676613,1.5904219,1967
6304,r3i1p1f1,1967,04,06,0.1787526703801153,16.479624,2.9933712,1967
6305,r3i1p1f1,1967,04,07,0.0,23.380844,4.8043747,1967
6306,r3i1p1f1,1967,04,08,2.956879629288635,18.680346,4.9637094,1967
6307,r3i1p1f1,1967,04,09,0.0,19.006676,8.865201,1967
6308,r3i1p1f1,1967,04,10,0.0,20.335752,3.8277965,1967
6309,r3i1p1f1,1967,04,11,2.0620988433381027,17.000574,4.4446015,1967
6310,r3i1p1f1,1967,04,12,9.326682614923094,12.371608,2.4556305,1967
6311,r3i1p1f1,1967,04,13,0.5280273872669664,13.768832,4.468098,1967
6312,r3i1p1f1,1967,04,14,15.39152369001194,11.255378,1.010378,1967
6313,r3i1p1f1,1967,04,15,36.901491907376204,9.911675,2.0338428,1967
6314,r3i1p1f1,1967,04,16,10.24896815693673,9.933005,-1.8548994,1967
6315,r3i1p1f1,1967,04,17,5.301975160469546,9.749187,-4.0532913,1967
6316,r3i1p1f1,1967,04,18,0.0,13.027323,-2.8827088,1967
6317,r3i1p1f1,1967,04,19,0.0,12.911997,-0.46020126,1967
6318,r3i1p1f1,1967,04,20,5.994875031970686,6.234555,-4.3027782,1967
6319,r3i1p1f1,1967,04,21,0.0,10.84888,-4.9089894,1967
6320,r3i1p1f1,1967,04,22,10.189745558952717,8.144144,-0.056181137,1967
6321,r3i1p1f1,1967,04,23,1.2364065756963483,15.378937,-2.460321,1967
6322,r3i1p1f1,1967,04,24,0.0,14.317598,3.2734778,1967
6323,r3i1p1f1,1967,04,25,0.0,20.99582,4.4087877,1967
6324,r3i1p1f1,1967,04,26,0.0,19.983072,6.737433,1967
6325,r3i1p1f1,1967,04,27,11.017820345066292,13.913115,2.8997536,1967
6326,r3i1p1f1,1967,04,28,0.8594224954178667,18.607353,1.833594,1967
6327,r3i1p1f1,1967,04,29,0.0,22.810856,4.985955,1967
6328,r3i1p1f1,1967,04,30,0.0,25.288416,7.691325,1967
6329,r3i1p1f1,1967,05,01,0.0,25.471111,10.736594,1967
6330,r3i1p1f1,1967,05,02,0.0,23.474619,7.4444337,1967
6331,r3i1p1f1,1967,05,03,0.0,18.852514,3.6449382,1967
6332,r3i1p1f1,1967,05,04,0.0,19.562204,4.2065105,1967
6333,r3i1p1f1,1967,05,05,0.0,23.442984,5.154707,1967
6334,r3i1p1f1,1967,05,06,0.0,23.393435,7.351136,1967
6335,r3i1p1f1,1967,05,07,0.0,22.062504,7.699035,1967
6336,r3i1p1f1,1967,05,08,0.0,19.936163,6.3031015,1967
6337,r3i1p1f1,1967,05,09,0.0,14.802755,3.5540938,1967
6338,r3i1p1f1,1967,05,10,0.0,18.54178,4.497276,1967
6339,r3i1p1f1,1967,05,11,0.0,23.462803,6.2963037,1967
6340,r3i1p1f1,1967,05,12,0.0,23.419876,8.851624,1967
6341,r3i1p1f1,1967,05,13,0.0,24.541416,7.951526,1967
6342,r3i1p1f1,1967,05,14,8.208596387741732,17.40764,2.9830792,1967
6343,r3i1p1f1,1967,05,15,9.108097141142935,8.002696,2.9422994,1967
6344,r3i1p1f1,1967,05,16,0.6169413126802905,7.5144076,-1.5750804,1967
6345,r3i1p1f1,1967,05,17,0.0,15.65566,-1.7454251,1967
6346,r3i1p1f1,1967,05,18,0.0,17.347221,1.8211837,1967
6347,r3i1p1f1,1967,05,19,0.0,18.269337,5.5007935,1967
6348,r3i1p1f1,1967,05,20,0.0,24.98597,7.0166407,1967
6349,r3i1p1f1,1967,05,21,0.0,27.241816,10.366449,1967
6350,r3i1p1f1,1967,05,22,0.0,27.117632,11.868596,1967
6351,r3i1p1f1,1967,05,23,0.0,24.140614,8.225169,1967
6352,r3i1p1f1,1967,05,24,0.0,22.361124,5.8733373,1967
6353,r3i1p1f1,1967,05,25,0.0,21.691345,6.71319,1967
6354,r3i1p1f1,1967,05,26,0.0,18.844097,4.798914,1967
6355,r3i1p1f1,1967,05,27,11.623956130106786,13.586992,3.486899,1967
6356,r3i1p1f1,1967,05,28,1.306633892588587,12.082483,4.1698904,1967
6357,r3i1p1f1,1967,05,29,0.012473004723065778,12.459479,-0.015881395,1967
6358,r3i1p1f1,1967,05,30,23.21016285936103,6.759729,-3.8478353,1967
6359,r3i1p1f1,1967,05,31,0.0,15.444403,0.09574708,1967
6360,r3i1p1f1,1967,06,01,0.0,21.46313,2.603064,1967
6361,r3i1p1f1,1967,06,02,0.0,24.417637,7.193122,1967
6362,r3i1p1f1,1967,06,03,0.0,27.517632,8.521584,1967
6363,r3i1p1f1,1967,06,04,0.0,28.936462,10.4497795,1967
6364,r3i1p1f1,1967,06,05,0.0,29.758091,11.23994,1967
6365,r3i1p1f1,1967,06,06,0.0,28.838694,11.353882,1967
6366,r3i1p1f1,1967,06,07,0.0,27.127531,11.187877,1967
6367,r3i1p1f1,1967,06,08,0.0,25.3257,10.563934,1967
6368,r3i1p1f1,1967,06,09,0.0,23.092133,8.699885,1967
6369,r3i1p1f1,1967,06,10,0.0,25.997849,10.615522,1967
6370,r3i1p1f1,1967,06,11,0.0,26.208242,11.096863,1967
6371,r3i1p1f1,1967,06,12,0.0,25.996832,10.499987,1967
6372,r3i1p1f1,1967,06,13,0.0,24.885008,9.9430895,1967
6373,r3i1p1f1,1967,06,14,0.0,21.439741,6.6024084,1967
6374,r3i1p1f1,1967,06,15,0.0,23.630053,5.3210626,1967
6375,r3i1p1f1,1967,06,16,0.0,23.575064,7.677186,1967
6376,r3i1p1f1,1967,06,17,0.0,26.92353,9.51805,1967
6377,r3i1p1f1,1967,06,18,0.0,31.359915,12.441296,1967
6378,r3i1p1f1,1967,06,19,0.0,30.96214,14.211497,1967
6379,r3i1p1f1,1967,06,20,0.0,29.885466,14.3585,1967
6380,r3i1p1f1,1967,06,21,0.0,29.717743,12.16111,1967
6381,r3i1p1f1,1967,06,22,0.0,30.760546,13.119159,1967
6382,r3i1p1f1,1967,06,23,0.0,30.557932,13.496058,1967
6383,r3i1p1f1,1967,06,24,0.0,27.54523,11.537731,1967
6384,r3i1p1f1,1967,06,25,0.0,26.882473,11.447883,1967
6385,r3i1p1f1,1967,06,26,0.0,32.01467,13.54559,1967
6386,r3i1p1f1,1967,06,27,0.0,34.459824,15.227369,1967
6387,r3i1p1f1,1967,06,28,0.0,33.74256,17.243483,1967
6388,r3i1p1f1,1967,06,29,0.0,31.003195,15.725892,1967
6389,r3i1p1f1,1967,06,30,0.0,27.296686,12.7196045,1967
6390,r3i1p1f1,1967,07,01,0.0,27.351843,10.943117,1967
6391,r3i1p1f1,1967,07,02,0.0,26.76549,11.460504,1967
6392,r3i1p1f1,1967,07,03,0.0,30.653389,11.995233,1967
6393,r3i1p1f1,1967,07,04,0.0,31.929253,14.428269,1967
6394,r3i1p1f1,1967,07,05,0.0,32.330956,14.585833,1967
6395,r3i1p1f1,1967,07,06,0.5274377203022595,32.36699,15.644024,1967
6396,r3i1p1f1,1967,07,07,2.4715752045985457,30.355564,16.283844,1967
6397,r3i1p1f1,1967,07,08,0.0,26.050194,10.561037,1967
6398,r3i1p1f1,1967,07,09,0.0,25.626915,9.768552,1967
6399,r3i1p1f1,1967,07,10,0.0,25.77265,10.367195,1967
6400,r3i1p1f1,1967,07,11,0.0,29.988693,11.5366,1967
6401,r3i1p1f1,1967,07,12,0.0,30.620579,14.789882,1967
6402,r3i1p1f1,1967,07,13,0.0,29.949688,13.419585,1967
6403,r3i1p1f1,1967,07,14,0.0,28.520128,12.939855,1967
6404,r3i1p1f1,1967,07,15,0.0,29.638973,12.598147,1967
6405,r3i1p1f1,1967,07,16,0.0,29.573788,13.735099,1967
6406,r3i1p1f1,1967,07,17,0.0,28.996962,13.01053,1967
6407,r3i1p1f1,1967,07,18,0.0,28.169662,12.249004,1967
6408,r3i1p1f1,1967,07,19,0.0,28.016493,12.780711,1967
6409,r3i1p1f1,1967,07,20,0.0,28.82105,12.115022,1967
6410,r3i1p1f1,1967,07,21,0.13507753564657546,28.860712,12.452212,1967
6411,r3i1p1f1,1967,07,22,0.21204489938482815,28.751307,13.1583805,1967
6412,r3i1p1f1,1967,07,23,0.0,26.869085,10.69529,1967
6413,r3i1p1f1,1967,07,24,0.0,26.755323,12.972879,1967
6414,r3i1p1f1,1967,07,25,0.22980503762434973,25.178404,10.272453,1967
6415,r3i1p1f1,1967,07,26,0.00048762633109857375,21.07771,7.446767,1967
6416,r3i1p1f1,1967,07,27,0.0,22.012846,7.2506094,1967
6417,r3i1p1f1,1967,07,28,0.0,24.341461,8.28426,1967
6418,r3i1p1f1,1967,07,29,0.0,23.986507,9.315164,1967
6419,r3i1p1f1,1967,07,30,0.10073524443118674,23.93314,10.066376,1967
6420,r3i1p1f1,1967,07,31,0.0404139769288074,25.772757,10.956207,1967
6421,r3i1p1f1,1967,08,01,0.0,30.165613,12.900598,1967
6422,r3i1p1f1,1967,08,02,0.0,31.476889,14.708526,1967
6423,r3i1p1f1,1967,08,03,0.0,32.14122,15.627109,1967
6424,r3i1p1f1,1967,08,04,0.0,32.0772,16.265497,1967
6425,r3i1p1f1,1967,08,05,0.02419480710829559,30.858704,15.7738905,1967
6426,r3i1p1f1,1967,08,06,0.0,29.774874,14.05286,1967
6427,r3i1p1f1,1967,08,07,0.0,30.392904,14.106067,1967
6428,r3i1p1f1,1967,08,08,0.0,32.529736,14.65032,1967
6429,r3i1p1f1,1967,08,09,0.0,32.848988,16.692242,1967
6430,r3i1p1f1,1967,08,10,0.0,32.526497,15.533014,1967
6431,r3i1p1f1,1967,08,11,0.0,27.885347,12.266105,1967
6432,r3i1p1f1,1967,08,12,0.0,23.807459,8.095986,1967
6433,r3i1p1f1,1967,08,13,0.0,19.065853,5.8841567,1967
6434,r3i1p1f1,1967,08,14,0.02670603766761671,18.659353,5.546342,1967
6435,r3i1p1f1,1967,08,15,0.0,24.29785,6.102605,1967
6436,r3i1p1f1,1967,08,16,0.0,28.944992,10.360323,1967
6437,r3i1p1f1,1967,08,17,0.0,30.581911,12.5552,1967
6438,r3i1p1f1,1967,08,18,0.0,32.29856,13.562028,1967
6439,r3i1p1f1,1967,08,19,0.0,31.700697,15.154457,1967
6440,r3i1p1f1,1967,08,20,0.0,28.71069,12.752236,1967
6441,r3i1p1f1,1967,08,21,0.0,27.003029,11.027325,1967
6442,r3i1p1f1,1967,08,22,0.0,25.832666,8.527938,1967
6443,r3i1p1f1,1967,08,23,0.0,28.269157,10.014127,1967
6444,r3i1p1f1,1967,08,24,0.0,29.422575,10.256946,1967
6445,r3i1p1f1,1967,08,25,0.0,28.774298,12.165178,1967
6446,r3i1p1f1,1967,08,26,0.0,30.090956,13.606241,1967
6447,r3i1p1f1,1967,08,27,0.0,30.65514,14.832746,1967
6448,r3i1p1f1,1967,08,28,0.0,30.014793,13.980412,1967
6449,r3i1p1f1,1967,08,29,0.0,28.570677,12.883411,1967
6450,r3i1p1f1,1967,08,30,0.0,27.710247,10.631068,1967
6451,r3i1p1f1,1967,08,31,0.0,28.485495,10.930626,1967
6452,r3i1p1f1,1967,09,01,0.0,30.216496,12.073211,1967
6453,r3i1p1f1,1967,09,02,0.0,30.320654,13.455705,1967
6454,r3i1p1f1,1967,09,03,0.0,29.571959,13.235923,1967
6455,r3i1p1f1,1967,09,04,0.0,28.170607,11.315462,1967
6456,r3i1p1f1,1967,09,05,0.0,27.036652,10.151289,1967
6457,r3i1p1f1,1967,09,06,0.0,27.376772,11.1222,1967
6458,r3i1p1f1,1967,09,07,0.0,26.232815,10.3846,1967
6459,r3i1p1f1,1967,09,08,0.0,29.04837,11.354712,1967
6460,r3i1p1f1,1967,09,09,0.0,28.493732,13.364623,1967
6461,r3i1p1f1,1967,09,10,0.0,27.653013,11.203867,1967
6462,r3i1p1f1,1967,09,11,0.0,25.641813,10.3589735,1967
6463,r3i1p1f1,1967,09,12,0.0,22.81521,9.412008,1967
6464,r3i1p1f1,1967,09,13,0.0,22.62516,9.055727,1967
6465,r3i1p1f1,1967,09,14,2.657545991582753,24.255825,10.950743,1967
6466,r3i1p1f1,1967,09,15,0.0,18.159224,7.269032,1967
6467,r3i1p1f1,1967,09,16,9.42244842314578,10.518223,2.260461,1967
6468,r3i1p1f1,1967,09,17,13.006273798773213,14.346587,2.974728,1967
6469,r3i1p1f1,1967,09,18,3.9906353164712383,13.950494,1.5214598,1967
6470,r3i1p1f1,1967,09,19,2.379462695496745,14.575245,2.8219337,1967
6471,r3i1p1f1,1967,09,20,0.0,16.298733,2.5405502,1967
6472,r3i1p1f1,1967,09,21,0.0,18.681189,2.6206436,1967
6473,r3i1p1f1,1967,09,22,0.0,19.256575,4.3176746,1967
6474,r3i1p1f1,1967,09,23,0.0,19.11035,3.784434,1967
6475,r3i1p1f1,1967,09,24,0.0,21.606457,5.5312815,1967
6476,r3i1p1f1,1967,09,25,0.0,24.75862,8.909112,1967
6477,r3i1p1f1,1967,09,26,0.0,24.31084,8.856661,1967
6478,r3i1p1f1,1967,09,27,0.4616685158237631,24.15643,8.494355,1967
6479,r3i1p1f1,1967,09,28,0.0,21.569338,7.6526175,1967
6480,r3i1p1f1,1967,09,29,0.0,20.551771,6.156427,1967
6481,r3i1p1f1,1967,09,30,0.0,23.789896,7.278515,1967
6482,r3i1p1f1,1967,10,01,0.0,24.54301,8.238819,1967
6483,r3i1p1f1,1967,10,02,0.0,25.544975,9.422507,1967
6484,r3i1p1f1,1967,10,03,0.0,24.713545,10.419632,1967
6485,r3i1p1f1,1967,10,04,0.0,26.968414,9.626793,1967
6486,r3i1p1f1,1967,10,05,0.0,27.149931,10.856405,1967
6487,r3i1p1f1,1967,10,06,0.0,27.575954,10.994329,1967
6488,r3i1p1f1,1967,10,07,0.0,28.516466,11.676542,1967
6489,r3i1p1f1,1967,10,08,0.0,29.158154,12.539683,1967
6490,r3i1p1f1,1967,10,09,0.0,28.254974,12.761501,1967
6491,r3i1p1f1,1967,10,10,0.3624837696215285,26.404417,11.45365,1967
6492,r3i1p1f1,1967,10,11,0.0,20.035757,4.5446186,1967
6493,r3i1p1f1,1967,10,12,0.0,18.91646,5.501004,1967
6494,r3i1p1f1,1967,10,13,2.564283914781347,16.54595,6.069334,1967
6495,r3i1p1f1,1967,10,14,0.0,18.221266,6.0872564,1967
6496,r3i1p1f1,1967,10,15,47.12905682329284,18.215586,8.730006,1967
6497,r3i1p1f1,1967,10,16,63.60983970133882,13.328884,2.1676672,1967
6498,r3i1p1f1,1967,10,17,0.018709989930549023,12.420168,1.0038346,1967
6499,r3i1p1f1,1967,10,18,0.07825750791725065,11.91171,4.8673835,1967
6500,r3i1p1f1,1967,10,19,0.0,15.394126,1.4109125,1967
6501,r3i1p1f1,1967,10,20,0.0,17.861588,2.6613863,1967
6502,r3i1p1f1,1967,10,21,0.0,19.146603,3.6825726,1967
6503,r3i1p1f1,1967,10,22,0.0,17.337944,6.036145,1967
6504,r3i1p1f1,1967,10,23,0.0,14.256557,0.9049192,1967
6505,r3i1p1f1,1967,10,24,0.0,14.082504,1.189175,1967
6506,r3i1p1f1,1967,10,25,0.0,15.517997,2.0471482,1967
6507,r3i1p1f1,1967,10,26,0.0,16.701275,1.7623005,1967
6508,r3i1p1f1,1967,10,27,0.0,17.633667,2.2477846,1967
6509,r3i1p1f1,1967,10,28,0.0,18.045313,2.9667623,1967
6510,r3i1p1f1,1967,10,29,0.0,19.071306,5.338111,1967
6511,r3i1p1f1,1967,10,30,0.0,19.100033,3.955377,1967
6512,r3i1p1f1,1967,10,31,24.295559988700244,11.931252,2.3153417,1967
6513,r3i1p1f1,1967,11,01,13.105065234949029,6.2807436,0.44030583,1967
6514,r3i1p1f1,1967,11,02,18.465666020730215,13.702505,5.032882,1967
6515,r3i1p1f1,1967,11,03,0.0,19.529781,3.1201663,1967
6516,r3i1p1f1,1967,11,04,0.0,21.140196,5.697491,1967
6517,r3i1p1f1,1967,11,05,0.0,19.391344,5.537073,1967
6518,r3i1p1f1,1967,11,06,0.0,13.944583,6.4515147,1967
6519,r3i1p1f1,1967,11,07,0.0,16.9627,4.421997,1967
6520,r3i1p1f1,1967,11,08,0.2733149962678956,16.893667,4.129227,1967
6521,r3i1p1f1,1967,11,09,1.9705592182845066,15.338307,6.5543156,1967
6522,r3i1p1f1,1967,11,10,0.35138032399117947,15.709072,7.681245,1967
6523,r3i1p1f1,1967,11,11,30.736391188723868,15.851263,6.0510325,1967
6524,r3i1p1f1,1967,11,12,10.031908682982536,11.154025,-2.705782,1967
6525,r3i1p1f1,1967,11,13,0.0,5.9965763,-5.767068,1967
6526,r3i1p1f1,1967,11,14,0.0,6.3180995,-6.362383,1967
6527,r3i1p1f1,1967,11,15,0.0,6.7731304,-3.8972647,1967
6528,r3i1p1f1,1967,11,16,0.0,8.537961,-4.604572,1967
6529,r3i1p1f1,1967,11,17,0.0,8.792596,-4.093243,1967
6530,r3i1p1f1,1967,11,18,2.4486646471287763,6.5030713,-2.534025,1967
6531,r3i1p1f1,1967,11,19,27.42717547930385,4.805983,-2.6299932,1967
6532,r3i1p1f1,1967,11,20,0.0,7.30383,-7.7796245,1967
6533,r3i1p1f1,1967,11,21,0.0,12.772271,-6.2014847,1967
6534,r3i1p1f1,1967,11,22,0.0,13.634747,-0.5428659,1967
6535,r3i1p1f1,1967,11,23,3.7476943303389767,10.278,1.010613,1967
6536,r3i1p1f1,1967,11,24,70.01758560440258,13.006209,5.2542243,1967
6537,r3i1p1f1,1967,11,25,65.57080306014733,12.540636,7.4170475,1967
6538,r3i1p1f1,1967,11,26,53.32881545059775,12.638763,4.3916774,1967
6539,r3i1p1f1,1967,11,27,53.13280326265254,8.2188225,3.2785733,1967
6540,r3i1p1f1,1967,11,28,20.079495835019962,8.998903,1.0057243,1967
6541,r3i1p1f1,1967,11,29,19.982959720992337,6.320842,-0.3133647,1967
6542,r3i1p1f1,1967,11,30,0.0,9.238232,-5.956954,1967
6543,r3i1p1f1,1967,12,01,0.0,10.915728,-1.574251,1967
6544,r3i1p1f1,1967,12,02,0.05695827835312996,9.607683,1.2507778,1967
6545,r3i1p1f1,1967,12,03,91.18458768843036,6.6958423,2.433773,1967
6546,r3i1p1f1,1967,12,04,34.61658627186951,9.838919,4.3806567,1967
6547,r3i1p1f1,1967,12,05,66.72690095576017,9.320924,2.0681267,1967
6548,r3i1p1f1,1967,12,06,0.0,10.316519,-4.3163347,1967
6549,r3i1p1f1,1967,12,07,0.0,11.320263,-2.1794212,1967
6550,r3i1p1f1,1967,12,08,0.0,11.615668,-2.5405495,1967
6551,r3i1p1f1,1967,12,09,0.0,12.0557,2.6008418,1967
6552,r3i1p1f1,1967,12,10,3.923915669278512,12.678252,-0.7314687,1967
6553,r3i1p1f1,1967,12,11,91.8436847725197,7.280304,2.3403053,1967
6554,r3i1p1f1,1967,12,12,27.579097215723444,6.739695,-0.77488565,1967
6555,r3i1p1f1,1967,12,13,1.7699726272104799,7.48835,0.45886922,1967
6556,r3i1p1f1,1967,12,14,16.32459348704862,6.9939313,0.05971731,1967
6557,r3i1p1f1,1967,12,15,17.36260292788134,9.364211,3.9366255,1967
6558,r3i1p1f1,1967,12,16,9.254497462136083,13.248654,5.392707,1967
6559,r3i1p1f1,1967,12,17,41.9677713518276,10.0985565,5.041264,1967
6560,r3i1p1f1,1967,12,18,49.70553683999338,6.9767656,1.3750399,1967
6561,r3i1p1f1,1967,12,19,0.09338845541749738,9.72279,1.074736,1967
6562,r3i1p1f1,1967,12,20,0.0,11.315145,-1.4772271,1967
6563,r3i1p1f1,1967,12,21,0.0,10.1041,-1.7060112,1967
6564,r3i1p1f1,1967,12,22,0.0,9.582273,-2.3419836,1967
6565,r3i1p1f1,1967,12,23,0.0,6.924097,-5.247122,1967
6566,r3i1p1f1,1967,12,24,0.0,3.614039,-8.957283,1967
6567,r3i1p1f1,1967,12,25,0.0,0.36834574,-10.758009,1967
6568,r3i1p1f1,1967,12,26,0.0,7.6847177,-4.7139893,1967
6569,r3i1p1f1,1967,12,27,0.0,10.246662,-2.7410889,1967
6570,r3i1p1f1,1967,12,28,0.0,9.307916,-3.238607,1967
6571,r3i1p1f1,1967,12,29,0.0,11.376968,-3.4200258,1967
6572,r3i1p1f1,1967,12,30,0.0,10.905606,-0.9453691,1967
6573,r3i1p1f1,1967,12,31,9.99540912146729,7.212965,-0.81676376,1967
6574,r3i1p1f1,1968,01,01,0.0,11.620792,0.0047581247,1968
6575,r3i1p1f1,1968,01,02,0.0,12.218273,-0.54420644,1968
6576,r3i1p1f1,1968,01,03,0.0,11.7883415,-1.0331193,1968
6577,r3i1p1f1,1968,01,04,0.0,13.000737,0.9930567,1968
6578,r3i1p1f1,1968,01,05,0.0,13.808257,1.4904593,1968
6579,r3i1p1f1,1968,01,06,0.0,14.472238,0.50028783,1968
6580,r3i1p1f1,1968,01,07,0.0,12.925062,2.219159,1968
6581,r3i1p1f1,1968,01,08,0.0,12.555191,-0.97218335,1968
6582,r3i1p1f1,1968,01,09,0.0,14.166606,2.7872775,1968
6583,r3i1p1f1,1968,01,10,0.0,15.109057,1.6837058,1968
6584,r3i1p1f1,1968,01,11,0.0,14.687593,1.7028382,1968
6585,r3i1p1f1,1968,01,12,1.9441549117082584,9.99095,0.69900984,1968
6586,r3i1p1f1,1968,01,13,30.185115849599242,5.40937,1.330161,1968
6587,r3i1p1f1,1968,01,14,8.08352778863321,5.369111,-0.9480028,1968
6588,r3i1p1f1,1968,01,15,48.27622164678024,3.0367005,-0.88579965,1968
6589,r3i1p1f1,1968,01,16,3.4612674815817677,6.678142,-2.9189296,1968
6590,r3i1p1f1,1968,01,17,5.385130293928485,3.8201432,-5.7741594,1968
6591,r3i1p1f1,1968,01,18,97.25898423869359,5.7935534,-2.9611018,1968
6592,r3i1p1f1,1968,01,19,33.948151681474165,4.200928,-0.859872,1968
6593,r3i1p1f1,1968,01,20,40.3439363207374,3.1069822,-2.3342342,1968
6594,r3i1p1f1,1968,01,21,2.2587257617392185,3.6548133,-4.773434,1968
6595,r3i1p1f1,1968,01,22,0.0,6.0524607,-4.58852,1968
6596,r3i1p1f1,1968,01,23,0.0,4.133798,-6.382773,1968
6597,r3i1p1f1,1968,01,24,0.0038944043856310217,5.191165,-6.5761356,1968
6598,r3i1p1f1,1968,01,25,0.0,10.206717,-1.3571272,1968
6599,r3i1p1f1,1968,01,26,17.9210244998103,5.4136047,-2.1387656,1968
6600,r3i1p1f1,1968,01,27,43.256817924741064,3.759199,-1.6245829,1968
6601,r3i1p1f1,1968,01,28,14.693456688761025,3.4224436,-3.1271586,1968
6602,r3i1p1f1,1968,01,29,0.0,9.017706,-3.9485857,1968
6603,r3i1p1f1,1968,01,30,0.0,8.685191,-3.7357614,1968
6604,r3i1p1f1,1968,01,31,0.0,8.993672,-4.3977404,1968
6605,r3i1p1f1,1968,02,01,0.0,8.991215,-5.157543,1968
6606,r3i1p1f1,1968,02,02,0.0,7.6146917,-6.0798326,1968
6607,r3i1p1f1,1968,02,03,0.0,8.405949,-4.602755,1968
6608,r3i1p1f1,1968,02,04,0.0,10.0722275,-3.58232,1968
6609,r3i1p1f1,1968,02,05,0.0,11.027801,-1.869514,1968
6610,r3i1p1f1,1968,02,06,0.0,10.433636,-2.7323534,1968
6611,r3i1p1f1,1968,02,07,0.0,7.410029,-4.833886,1968
6612,r3i1p1f1,1968,02,08,0.0,4.5505943,-6.567828,1968
6613,r3i1p1f1,1968,02,09,0.0,3.2682443,-9.180084,1968
6614,r3i1p1f1,1968,02,10,0.0,6.9692793,-8.475521,1968
6615,r3i1p1f1,1968,02,11,0.0,11.29168,-3.9973776,1968
6616,r3i1p1f1,1968,02,12,0.19524861341587416,10.313187,-3.3441527,1968
6617,r3i1p1f1,1968,02,13,26.014757571790955,9.084852,-3.0818162,1968
6618,r3i1p1f1,1968,02,14,29.125052191758233,8.064149,-4.064505,1968
6619,r3i1p1f1,1968,02,15,11.377210064012232,-1.392221,-6.894258,1968
6620,r3i1p1f1,1968,02,16,1.609344805336533,0.45767742,-11.964414,1968
6621,r3i1p1f1,1968,02,17,24.653732208044904,1.3874595,-3.1249862,1968
6622,r3i1p1f1,1968,02,18,13.139583880241078,1.6771256,-4.6599817,1968
6623,r3i1p1f1,1968,02,19,0.0,3.964824,-12.111793,1968
6624,r3i1p1f1,1968,02,20,0.0,2.3895745,-12.485588,1968
6625,r3i1p1f1,1968,02,21,0.0,0.25591043,-14.54878,1968
6626,r3i1p1f1,1968,02,22,0.0,3.8624036,-13.032039,1968
6627,r3i1p1f1,1968,02,23,0.0,6.7868133,-9.356935,1968
6628,r3i1p1f1,1968,02,24,0.0,7.775901,-5.416073,1968
6629,r3i1p1f1,1968,02,25,0.0,6.5800133,-5.5450463,1968
6630,r3i1p1f1,1968,02,26,0.0,5.2210255,-7.6340547,1968
6631,r3i1p1f1,1968,02,27,0.0,10.010414,-5.1212063,1968
6632,r3i1p1f1,1968,02,28,0.0,10.443045,-4.1044283,1968
6633,r3i1p1f1,1968,02,29,0.0,9.557996,-3.3336027,1968
6634,r3i1p1f1,1968,03,01,0.0,9.016482,-6.457038,1968
6635,r3i1p1f1,1968,03,02,0.0,9.924007,-6.516133,1968
6636,r3i1p1f1,1968,03,03,0.0,9.0221405,-5.900297,1968
6637,r3i1p1f1,1968,03,04,2.252827047777828,6.845994,-2.2229137,1968
6638,r3i1p1f1,1968,03,05,0.0,9.253372,-5.606336,1968
6639,r3i1p1f1,1968,03,06,0.0,8.006226,-6.222142,1968
6640,r3i1p1f1,1968,03,07,33.42585478860297,2.5182238,-2.5711174,1968
6641,r3i1p1f1,1968,03,08,4.465912398078025,4.658052,-3.0199947,1968
6642,r3i1p1f1,1968,03,09,0.0,7.4890337,-6.2619886,1968
6643,r3i1p1f1,1968,03,10,12.288751916831211,4.735788,-0.5714482,1968
6644,r3i1p1f1,1968,03,11,0.01882484901120494,12.792538,2.6868608,1968
6645,r3i1p1f1,1968,03,12,0.0,18.236408,3.7315934,1968
6646,r3i1p1f1,1968,03,13,0.0,19.002905,4.2041864,1968
6647,r3i1p1f1,1968,03,14,0.0,18.216745,5.6468925,1968
6648,r3i1p1f1,1968,03,15,0.0,16.24298,5.0691156,1968
6649,r3i1p1f1,1968,03,16,1.2939513368397264,13.499679,2.9458644,1968
6650,r3i1p1f1,1968,03,17,8.433046484807212,11.809666,0.7394911,1968
6651,r3i1p1f1,1968,03,18,6.391707193228956,9.2097225,-0.9520353,1968
6652,r3i1p1f1,1968,03,19,63.763092620004166,6.426301,3.6719222,1968
6653,r3i1p1f1,1968,03,20,58.39986742817258,8.441722,3.0813427,1968
6654,r3i1p1f1,1968,03,21,47.24401597815909,6.7342677,0.7745248,1968
6655,r3i1p1f1,1968,03,22,2.8940387831282446,7.5750933,-1.9088819,1968
6656,r3i1p1f1,1968,03,23,7.994187403681663,11.50823,1.249565,1968
6657,r3i1p1f1,1968,03,24,0.0,16.51331,3.4975548,1968
6658,r3i1p1f1,1968,03,25,9.596088481760633,12.560364,5.1501203,1968
6659,r3i1p1f1,1968,03,26,24.501852035877835,6.8080645,-0.48260444,1968
6660,r3i1p1f1,1968,03,27,0.0,10.430104,-0.40020913,1968
6661,r3i1p1f1,1968,03,28,0.4511482362623179,8.565374,0.41493747,1968
6662,r3i1p1f1,1968,03,29,1.1982624413863767,9.646304,1.2914855,1968
6663,r3i1p1f1,1968,03,30,0.0,12.467706,-1.2366252,1968
6664,r3i1p1f1,1968,03,31,0.0,13.51695,1.8565791,1968
6665,r3i1p1f1,1968,04,01,18.930466350560124,10.696045,3.4797108,1968
6666,r3i1p1f1,1968,04,02,3.760856750274175,13.465856,0.60192895,1968
6667,r3i1p1f1,1968,04,03,0.0,14.18332,3.1672435,1968
6668,r3i1p1f1,1968,04,04,0.0,18.467186,5.3248563,1968
6669,r3i1p1f1,1968,04,05,29.652054406898586,14.394312,2.106888,1968
6670,r3i1p1f1,1968,04,06,16.909795686431032,4.60934,-1.8106813,1968
6671,r3i1p1f1,1968,04,07,5.900687447520843,4.0985937,-2.96562,1968
6672,r3i1p1f1,1968,04,08,0.011507644337957333,9.816822,-4.597621,1968
6673,r3i1p1f1,1968,04,09,0.0,11.779517,-3.8264465,1968
6674,r3i1p1f1,1968,04,10,0.0,12.63805,-2.022514,1968
6675,r3i1p1f1,1968,04,11,0.0,11.499125,-1.6988899,1968
6676,r3i1p1f1,1968,04,12,0.02703781310150302,13.1317215,1.4201899,1968
6677,r3i1p1f1,1968,04,13,0.0,14.897195,-0.015962597,1968
6678,r3i1p1f1,1968,04,14,0.8542073640503651,12.5804205,3.1688507,1968
6679,r3i1p1f1,1968,04,15,13.063718472595179,8.140283,-1.1190475,1968
6680,r3i1p1f1,1968,04,16,9.307339071615148e-05,13.809415,0.23638701,1968
6681,r3i1p1f1,1968,04,17,0.5661021976266056,13.968365,3.5165625,1968
6682,r3i1p1f1,1968,04,18,5.152380355253913,16.007584,0.3663864,1968
6683,r3i1p1f1,1968,04,19,0.8582592936076444,16.5451,2.171675,1968
6684,r3i1p1f1,1968,04,20,6.706210957781877,12.322806,4.0377665,1968
6685,r3i1p1f1,1968,04,21,0.1949761096559661,11.69858,1.3529636,1968
6686,r3i1p1f1,1968,04,22,12.0549611829981,8.091806,0.34297016,1968
6687,r3i1p1f1,1968,04,23,0.4732728225031966,7.0323954,-2.7954173,1968
6688,r3i1p1f1,1968,04,24,1.765246948027772,8.901214,-1.5980189,1968
6689,r3i1p1f1,1968,04,25,0.6667998486112705,13.5365,-1.0331336,1968
6690,r3i1p1f1,1968,04,26,0.0,18.19584,1.1843197,1968
6691,r3i1p1f1,1968,04,27,0.0,20.632332,5.5145125,1968
6692,r3i1p1f1,1968,04,28,0.0,20.821701,6.3501043,1968
6693,r3i1p1f1,1968,04,29,40.60210820630585,13.097001,0.5490212,1968
6694,r3i1p1f1,1968,04,30,19.726496851561887,4.3153024,-1.360745,1968
6695,r3i1p1f1,1968,05,01,0.0,14.670089,-1.5222911,1968
6696,r3i1p1f1,1968,05,02,0.0,17.30454,1.9722153,1968
6697,r3i1p1f1,1968,05,03,0.0,18.423767,4.175611,1968
6698,r3i1p1f1,1968,05,04,0.0,17.988466,4.3430037,1968
6699,r3i1p1f1,1968,05,05,0.0,19.460747,5.864929,1968
6700,r3i1p1f1,1968,05,06,1.134034278814062,21.14142,6.5808277,1968
6701,r3i1p1f1,1968,05,07,15.102775297495292,13.463642,2.387477,1968
6702,r3i1p1f1,1968,05,08,0.6498807316682743,17.886448,2.7298067,1968
6703,r3i1p1f1,1968,05,09,0.0,19.442251,3.9277456,1968
6704,r3i1p1f1,1968,05,10,7.76255834000614,17.186216,3.232088,1968
6705,r3i1p1f1,1968,05,11,12.253566034135138,14.806314,4.4127517,1968
6706,r3i1p1f1,1968,05,12,0.1678603798082852,18.51872,6.0618806,1968
6707,r3i1p1f1,1968,05,13,0.0,18.064037,7.5262837,1968
6708,r3i1p1f1,1968,05,14,0.0,17.40487,2.2556875,1968
6709,r3i1p1f1,1968,05,15,0.0,19.131311,4.454842,1968
6710,r3i1p1f1,1968,05,16,0.0,20.825153,3.7726102,1968
6711,r3i1p1f1,1968,05,17,0.09827170839631244,19.977924,6.161388,1968
6712,r3i1p1f1,1968,05,18,0.0,15.116953,2.596361,1968
6713,r3i1p1f1,1968,05,19,0.0,14.215243,-0.14972834,1968
6714,r3i1p1f1,1968,05,20,0.0,15.316622,-0.4170346,1968
6715,r3i1p1f1,1968,05,21,0.0,14.767142,0.3620066,1968
6716,r3i1p1f1,1968,05,22,1.15395453387081,12.213978,0.19658788,1968
6717,r3i1p1f1,1968,05,23,2.963347513018801,12.003087,-2.076972,1968
6718,r3i1p1f1,1968,05,24,0.04040882018958464,16.0711,1.6712853,1968
6719,r3i1p1f1,1968,05,25,0.0,20.674114,2.1567178,1968
6720,r3i1p1f1,1968,05,26,0.0,21.170412,4.801563,1968
6721,r3i1p1f1,1968,05,27,16.3678918496436,16.134758,2.731942,1968
6722,r3i1p1f1,1968,05,28,23.254641237834125,10.052778,3.758278,1968
6723,r3i1p1f1,1968,05,29,16.142462752051006,7.7574906,2.0157962,1968
6724,r3i1p1f1,1968,05,30,0.0,12.895759,2.8292708,1968
6725,r3i1p1f1,1968,05,31,2.5063687536059756,15.812089,1.5390053,1968
6726,r3i1p1f1,1968,06,01,20.762203671773406,18.80058,1.7350415,1968
6727,r3i1p1f1,1968,06,02,42.28954676195587,13.620154,3.277384,1968
6728,r3i1p1f1,1968,06,03,1.2280821637097306,15.568695,8.705636,1968
6729,r3i1p1f1,1968,06,04,0.0,20.029854,4.3837667,1968
6730,r3i1p1f1,1968,06,05,0.0,22.243942,5.040568,1968
6731,r3i1p1f1,1968,06,06,0.04071097868961117,22.060745,6.728315,1968
6732,r3i1p1f1,1968,06,07,1.3306407843054713,19.96975,6.514979,1968
6733,r3i1p1f1,1968,06,08,0.5366646871583438,16.197502,3.6353264,1968
6734,r3i1p1f1,1968,06,09,1.697559883254335,19.04865,4.293028,1968
6735,r3i1p1f1,1968,06,10,0.007228975453855176,19.023283,5.757068,1968
6736,r3i1p1f1,1968,06,11,0.5688650642313358,16.715551,4.3925633,1968
6737,r3i1p1f1,1968,06,12,0.04860201764753774,14.599623,3.2634263,1968
6738,r3i1p1f1,1968,06,13,0.0,16.197338,1.4313587,1968
6739,r3i1p1f1,1968,06,14,0.03129618462959403,15.164319,3.6070783,1968
6740,r3i1p1f1,1968,06,15,4.226415363882552,12.823007,1.2105439,1968
6741,r3i1p1f1,1968,06,16,0.0,19.341902,3.8486567,1968
6742,r3i1p1f1,1968,06,17,0.0,23.149115,5.635425,1968
6743,r3i1p1f1,1968,06,18,0.0,24.81794,7.57141,1968
6744,r3i1p1f1,1968,06,19,0.0,23.99909,9.780772,1968
6745,r3i1p1f1,1968,06,20,3.911237800907417,20.896393,6.6359787,1968
6746,r3i1p1f1,1968,06,21,7.3423898704564445,12.982336,5.4677963,1968
6747,r3i1p1f1,1968,06,22,8.697980885105943,14.658103,5.04692,1968
6748,r3i1p1f1,1968,06,23,0.5561385253952865,18.830328,2.5728054,1968
6749,r3i1p1f1,1968,06,24,1.3247374661946913,19.07421,4.868759,1968
6750,r3i1p1f1,1968,06,25,0.5909959010176337,19.422728,6.001447,1968
6751,r3i1p1f1,1968,06,26,0.0015462152843706701,23.277565,7.272295,1968
6752,r3i1p1f1,1968,06,27,0.0,25.617031,8.389367,1968
6753,r3i1p1f1,1968,06,28,0.0,28.451462,10.779571,1968
6754,r3i1p1f1,1968,06,29,0.0,29.890759,12.378602,1968
6755,r3i1p1f1,1968,06,30,0.0,29.287777,13.37289,1968
6756,r3i1p1f1,1968,07,01,0.0,28.427502,12.432927,1968
6757,r3i1p1f1,1968,07,02,0.0,21.042763,7.116461,1968
6758,r3i1p1f1,1968,07,03,0.0,22.069471,5.3325624,1968
6759,r3i1p1f1,1968,07,04,0.0,26.140867,8.181916,1968
6760,r3i1p1f1,1968,07,05,0.0,29.563309,9.968451,1968
6761,r3i1p1f1,1968,07,06,0.0,30.331102,12.31078,1968
6762,r3i1p1f1,1968,07,07,0.0,29.230682,13.1966095,1968
6763,r3i1p1f1,1968,07,08,0.0,28.556093,12.053551,1968
6764,r3i1p1f1,1968,07,09,0.0,31.756065,12.460921,1968
6765,r3i1p1f1,1968,07,10,0.0,33.454006,14.9233055,1968
6766,r3i1p1f1,1968,07,11,0.0,33.092426,15.165823,1968
6767,r3i1p1f1,1968,07,12,0.0,29.809954,13.360412,1968
6768,r3i1p1f1,1968,07,13,0.0,26.553288,12.603154,1968
6769,r3i1p1f1,1968,07,14,0.0,24.750277,8.8992195,1968
6770,r3i1p1f1,1968,07,15,0.0,19.992348,5.808264,1968
6771,r3i1p1f1,1968,07,16,0.0,21.015955,6.2724833,1968
6772,r3i1p1f1,1968,07,17,0.0,25.334593,7.464697,1968
6773,r3i1p1f1,1968,07,18,0.0,28.924534,10.915653,1968
6774,r3i1p1f1,1968,07,19,0.0,32.06757,13.429336,1968
6775,r3i1p1f1,1968,07,20,0.01567738057163201,32.373226,14.341848,1968
6776,r3i1p1f1,1968,07,21,1.4947139628164128,32.187313,15.020041,1968
6777,r3i1p1f1,1968,07,22,0.1441942181707801,31.004114,15.973384,1968
6778,r3i1p1f1,1968,07,23,0.0,30.049294,13.316779,1968
6779,r3i1p1f1,1968,07,24,0.0,28.34838,12.111521,1968
6780,r3i1p1f1,1968,07,25,0.0,28.974953,12.157914,1968
6781,r3i1p1f1,1968,07,26,0.0,30.772474,12.761278,1968
6782,r3i1p1f1,1968,07,27,0.0,31.066765,14.346668,1968
6783,r3i1p1f1,1968,07,28,0.010009630319760427,30.909184,13.62293,1968
6784,r3i1p1f1,1968,07,29,0.00854774002379456,28.88036,13.432795,1968
6785,r3i1p1f1,1968,07,30,0.0,30.648737,12.669253,1968
6786,r3i1p1f1,1968,07,31,0.5409499573656112,31.52819,13.894956,1968
6787,r3i1p1f1,1968,08,01,0.15343701111544905,31.895596,14.265315,1968
6788,r3i1p1f1,1968,08,02,0.0,31.766525,14.896629,1968
6789,r3i1p1f1,1968,08,03,0.0,30.727127,14.555702,1968
6790,r3i1p1f1,1968,08,04,0.06294825794420351,30.30778,14.475529,1968
6791,r3i1p1f1,1968,08,05,0.0,32.166958,15.037604,1968
6792,r3i1p1f1,1968,08,06,0.0,32.64267,16.832632,1968
6793,r3i1p1f1,1968,08,07,0.0,32.151287,16.304014,1968
6794,r3i1p1f1,1968,08,08,0.0,30.908457,13.695836,1968
6795,r3i1p1f1,1968,08,09,0.0,30.662582,13.198149,1968
6796,r3i1p1f1,1968,08,10,0.0,29.982262,13.997391,1968
6797,r3i1p1f1,1968,08,11,0.0,28.69198,13.012107,1968
6798,r3i1p1f1,1968,08,12,0.0,29.828463,12.99003,1968
6799,r3i1p1f1,1968,08,13,0.29387177262259156,29.404856,13.652566,1968
6800,r3i1p1f1,1968,08,14,0.0,28.175472,12.450733,1968
6801,r3i1p1f1,1968,08,15,0.0,27.892254,12.244771,1968
6802,r3i1p1f1,1968,08,16,0.0,28.135086,10.396529,1968
6803,r3i1p1f1,1968,08,17,0.0,27.663803,12.6298485,1968
6804,r3i1p1f1,1968,08,18,0.0,27.277678,12.717526,1968
6805,r3i1p1f1,1968,08,19,0.0,26.807043,10.395015,1968
6806,r3i1p1f1,1968,08,20,0.0031682610393832683,20.170795,5.754522,1968
6807,r3i1p1f1,1968,08,21,0.0,17.792385,3.5726001,1968
6808,r3i1p1f1,1968,08,22,0.9211086873524197,18.070213,5.331205,1968
6809,r3i1p1f1,1968,08,23,1.739295234667799,22.61017,8.507123,1968
6810,r3i1p1f1,1968,08,24,2.0508807222971597,26.780207,8.620083,1968
6811,r3i1p1f1,1968,08,25,0.0,23.797283,6.326194,1968
6812,r3i1p1f1,1968,08,26,0.0,25.834885,6.930626,1968
6813,r3i1p1f1,1968,08,27,0.0,27.85934,8.478516,1968
6814,r3i1p1f1,1968,08,28,0.0,27.979969,10.560534,1968
6815,r3i1p1f1,1968,08,29,0.0,27.245386,9.722336,1968
6816,r3i1p1f1,1968,08,30,0.0,27.602804,8.812985,1968
6817,r3i1p1f1,1968,08,31,0.0,27.289923,9.778732,1968
6818,r3i1p1f1,1968,09,01,0.0,27.01481,11.503374,1968
6819,r3i1p1f1,1968,09,02,0.0,28.599285,12.284365,1968
6820,r3i1p1f1,1968,09,03,0.0668577327527792,29.665627,13.043597,1968
6821,r3i1p1f1,1968,09,04,0.0,30.475428,12.322914,1968
6822,r3i1p1f1,1968,09,05,0.0,30.073057,14.236711,1968
6823,r3i1p1f1,1968,09,06,3.5253187127014636,26.873709,14.65989,1968
6824,r3i1p1f1,1968,09,07,0.030754742807690298,22.966404,8.341867,1968
6825,r3i1p1f1,1968,09,08,0.0,26.505928,10.178839,1968
6826,r3i1p1f1,1968,09,09,0.0,29.472206,11.768762,1968
6827,r3i1p1f1,1968,09,10,0.0,31.112934,12.598894,1968
6828,r3i1p1f1,1968,09,11,0.0,31.024595,13.939603,1968
6829,r3i1p1f1,1968,09,12,0.1878997521232936,29.926836,13.850885,1968
6830,r3i1p1f1,1968,09,13,0.24374920865643376,28.193167,13.022172,1968
6831,r3i1p1f1,1968,09,14,0.0,27.557135,11.9367485,1968
6832,r3i1p1f1,1968,09,15,0.0,26.8662,11.280088,1968
6833,r3i1p1f1,1968,09,16,0.0,25.413122,9.478066,1968
6834,r3i1p1f1,1968,09,17,0.0,23.806007,8.157848,1968
6835,r3i1p1f1,1968,09,18,0.0,22.767975,7.1012616,1968
6836,r3i1p1f1,1968,09,19,0.0,25.538952,8.778045,1968
6837,r3i1p1f1,1968,09,20,0.0,27.406984,9.574178,1968
6838,r3i1p1f1,1968,09,21,0.0,27.515228,11.109362,1968
6839,r3i1p1f1,1968,09,22,0.0,29.74357,11.67369,1968
6840,r3i1p1f1,1968,09,23,0.0,31.93917,14.216906,1968
6841,r3i1p1f1,1968,09,24,0.0,32.187477,15.559155,1968
6842,r3i1p1f1,1968,09,25,0.0,30.818203,15.368587,1968
6843,r3i1p1f1,1968,09,26,0.0,27.24588,14.596356,1968
6844,r3i1p1f1,1968,09,27,0.0,26.887657,13.301458,1968
6845,r3i1p1f1,1968,09,28,0.031417428736427895,26.305044,11.148571,1968
6846,r3i1p1f1,1968,09,29,25.23236633155887,21.284872,6.9784193,1968
6847,r3i1p1f1,1968,09,30,0.009728885350724388,9.136818,-0.56577456,1968
6848,r3i1p1f1,1968,10,01,0.0,12.431175,-2.2994678,1968
6849,r3i1p1f1,1968,10,02,0.0,17.640385,3.6831381,1968
6850,r3i1p1f1,1968,10,03,0.0,20.12765,3.9638145,1968
6851,r3i1p1f1,1968,10,04,0.0,19.27266,5.5408278,1968
6852,r3i1p1f1,1968,10,05,0.0,18.808931,4.4265647,1968
6853,r3i1p1f1,1968,10,06,0.0,23.372646,5.2397923,1968
6854,r3i1p1f1,1968,10,07,0.0,21.975002,6.484218,1968
6855,r3i1p1f1,1968,10,08,0.0,20.071428,3.7461193,1968
6856,r3i1p1f1,1968,10,09,0.0,22.705383,4.838407,1968
6857,r3i1p1f1,1968,10,10,0.0,26.291824,7.902277,1968
6858,r3i1p1f1,1968,10,11,0.0,27.653053,9.3927965,1968
6859,r3i1p1f1,1968,10,12,0.0,26.27341,10.525476,1968
6860,r3i1p1f1,1968,10,13,0.0,23.14088,7.9041195,1968
6861,r3i1p1f1,1968,10,14,0.0,22.165071,7.2879567,1968
6862,r3i1p1f1,1968,10,15,2.364989645521794,23.785797,11.278971,1968
6863,r3i1p1f1,1968,10,16,0.0,12.929049,2.3043928,1968
6864,r3i1p1f1,1968,10,17,0.0,15.925699,2.170461,1968
6865,r3i1p1f1,1968,10,18,0.0,15.007287,0.6884542,1968
6866,r3i1p1f1,1968,10,19,0.0,12.532836,-1.5618097,1968
6867,r3i1p1f1,1968,10,20,0.0,15.430913,1.0902293,1968
6868,r3i1p1f1,1968,10,21,0.0,17.622389,1.6169976,1968
6869,r3i1p1f1,1968,10,22,0.11582654926889135,18.680058,6.095386,1968
6870,r3i1p1f1,1968,10,23,6.70773078799309,17.99986,7.611315,1968
6871,r3i1p1f1,1968,10,24,67.53034280662082,15.229227,2.917341,1968
6872,r3i1p1f1,1968,10,25,4.119609683326225,8.819505,-1.08856,1968
6873,r3i1p1f1,1968,10,26,0.0,11.619235,0.5675267,1968
6874,r3i1p1f1,1968,10,27,0.0,15.202171,0.1321808,1968
6875,r3i1p1f1,1968,10,28,0.0,14.1993885,1.364201,1968
6876,r3i1p1f1,1968,10,29,0.0,15.142368,1.578388,1968
6877,r3i1p1f1,1968,10,30,0.009916887594092833,15.37327,1.840975,1968
6878,r3i1p1f1,1968,10,31,0.33699882823336674,12.126749,-0.3030982,1968
6879,r3i1p1f1,1968,11,01,0.0,13.610921,-1.4068627,1968
6880,r3i1p1f1,1968,11,02,0.0,18.103056,1.0553259,1968
6881,r3i1p1f1,1968,11,03,0.0,19.537407,3.4211743,1968
6882,r3i1p1f1,1968,11,04,0.0,17.721565,6.225715,1968
6883,r3i1p1f1,1968,11,05,0.0,12.794194,1.3590103,1968
6884,r3i1p1f1,1968,11,06,0.0,8.205135,-2.9276102,1968
6885,r3i1p1f1,1968,11,07,0.0,12.175396,-2.3776722,1968
6886,r3i1p1f1,1968,11,08,0.0,14.533561,-0.54272836,1968
6887,r3i1p1f1,1968,11,09,0.0,18.091484,2.092473,1968
6888,r3i1p1f1,1968,11,10,0.0,17.421753,2.9864786,1968
6889,r3i1p1f1,1968,11,11,0.0,15.106931,3.2880764,1968
6890,r3i1p1f1,1968,11,12,0.23532618596570837,11.028722,1.1377443,1968
6891,r3i1p1f1,1968,11,13,0.012190271847526003,8.140779,-1.1496758,1968
6892,r3i1p1f1,1968,11,14,0.0,12.061497,-2.0328321,1968
6893,r3i1p1f1,1968,11,15,0.0,13.050901,-0.6855334,1968
6894,r3i1p1f1,1968,11,16,0.0,10.965511,-1.9520211,1968
6895,r3i1p1f1,1968,11,17,0.0,13.377007,-0.4007649,1968
6896,r3i1p1f1,1968,11,18,0.0,13.836318,0.24957995,1968
6897,r3i1p1f1,1968,11,19,0.0,13.840059,0.34597987,1968
6898,r3i1p1f1,1968,11,20,0.0,17.20957,3.301935,1968
6899,r3i1p1f1,1968,11,21,0.0,19.301874,3.771578,1968
6900,r3i1p1f1,1968,11,22,0.0,17.24052,3.734788,1968
6901,r3i1p1f1,1968,11,23,0.0,16.147577,4.6478167,1968
6902,r3i1p1f1,1968,11,24,0.0,14.688269,2.5127478,1968
6903,r3i1p1f1,1968,11,25,0.0,13.875484,1.7611054,1968
6904,r3i1p1f1,1968,11,26,0.32091491758412877,13.115427,2.9812555,1968
6905,r3i1p1f1,1968,11,27,0.0,14.435964,0.92430943,1968
6906,r3i1p1f1,1968,11,28,2.8572642642661537,11.403115,2.8598742,1968
6907,r3i1p1f1,1968,11,29,0.0,13.049211,-1.3904686,1968
6908,r3i1p1f1,1968,11,30,0.0,14.16242,0.8116559,1968
6909,r3i1p1f1,1968,12,01,0.0,16.59737,4.7550583,1968
6910,r3i1p1f1,1968,12,02,0.0,13.824479,4.212001,1968
6911,r3i1p1f1,1968,12,03,2.751150334714973,11.038012,1.5731558,1968
6912,r3i1p1f1,1968,12,04,0.0,13.467452,0.25234306,1968
6913,r3i1p1f1,1968,12,05,0.05218007346756119,11.023233,2.275967,1968
6914,r3i1p1f1,1968,12,06,0.0,6.4874287,0.4792674,1968
6915,r3i1p1f1,1968,12,07,0.0,12.393455,-0.32043397,1968
6916,r3i1p1f1,1968,12,08,0.0,16.507996,2.3245838,1968
6917,r3i1p1f1,1968,12,09,0.0,17.735344,3.5374382,1968
6918,r3i1p1f1,1968,12,10,0.0,18.170908,6.8178067,1968
6919,r3i1p1f1,1968,12,11,18.238860928134894,16.341082,6.2346168,1968
6920,r3i1p1f1,1968,12,12,1.5387681509692859,13.442603,3.311427,1968
6921,r3i1p1f1,1968,12,13,0.7403680431085186,10.274148,2.2012632,1968
6922,r3i1p1f1,1968,12,14,0.17841650513123328,10.041339,2.8792167,1968
6923,r3i1p1f1,1968,12,15,26.798774434351607,7.630509,2.0684857,1968
6924,r3i1p1f1,1968,12,16,18.674607965850125,4.723287,-4.5644207,1968
6925,r3i1p1f1,1968,12,17,6.144800950086823,3.4039283,-6.151163,1968
6926,r3i1p1f1,1968,12,18,0.0,6.82996,-8.508938,1968
6927,r3i1p1f1,1968,12,19,0.0,11.353363,-2.7383246,1968
6928,r3i1p1f1,1968,12,20,0.0,9.828567,-0.13464825,1968
6929,r3i1p1f1,1968,12,21,0.0,9.383976,0.9445649,1968
6930,r3i1p1f1,1968,12,22,0.0,10.987324,3.8900096,1968
6931,r3i1p1f1,1968,12,23,22.54957424501251,6.938574,1.029029,1968
6932,r3i1p1f1,1968,12,24,12.029854577313495,5.4986787,-4.244881,1968
6933,r3i1p1f1,1968,12,25,0.0,9.919598,-4.980455,1968
6934,r3i1p1f1,1968,12,26,0.0,12.73323,-0.5044016,1968
6935,r3i1p1f1,1968,12,27,0.0,12.761254,1.7710661,1968
6936,r3i1p1f1,1968,12,28,0.0,11.564514,5.092296,1968
6937,r3i1p1f1,1968,12,29,0.3316326880610033,10.785723,5.878328,1968
6938,r3i1p1f1,1968,12,30,36.969080211986835,8.688737,3.269909,1968
6939,r3i1p1f1,1968,12,31,0.0,10.550827,-2.328417,1968
6940,r3i1p1f1,1969,01,01,17.00793012852572,7.315034,0.85217625,1969
6941,r3i1p1f1,1969,01,02,24.969114213998086,6.399399,2.0320776,1969
6942,r3i1p1f1,1969,01,03,0.0,9.462514,-3.2792265,1969
6943,r3i1p1f1,1969,01,04,1.0939747222939906,6.5029426,-2.8495755,1969
6944,r3i1p1f1,1969,01,05,16.695981884473248,6.449368,-1.7484291,1969
6945,r3i1p1f1,1969,01,06,15.14475291999253,8.323831,2.1473296,1969
6946,r3i1p1f1,1969,01,07,30.498142636037972,7.6164317,3.2918067,1969
6947,r3i1p1f1,1969,01,08,4.1035064509120085,9.235159,1.5471691,1969
6948,r3i1p1f1,1969,01,09,7.119389581815708,8.65174,1.2458934,1969
6949,r3i1p1f1,1969,01,10,39.30989279117631,9.13641,4.1206617,1969
6950,r3i1p1f1,1969,01,11,0.0,11.931993,0.16639094,1969
6951,r3i1p1f1,1969,01,12,0.0,12.808437,0.49102604,1969
6952,r3i1p1f1,1969,01,13,2.362576472507116,8.120913,-1.4424956,1969
6953,r3i1p1f1,1969,01,14,15.169176116193595,7.20597,1.3605688,1969
6954,r3i1p1f1,1969,01,15,0.12424816134290795,9.843741,0.5591763,1969
6955,r3i1p1f1,1969,01,16,0.0,10.657036,-1.8787143,1969
6956,r3i1p1f1,1969,01,17,0.0,10.94666,-1.4435648,1969
6957,r3i1p1f1,1969,01,18,0.0,13.515142,-0.028114066,1969
6958,r3i1p1f1,1969,01,19,0.0,14.712636,2.328865,1969
6959,r3i1p1f1,1969,01,20,1.1597785523152102,11.075859,0.0013541357,1969
6960,r3i1p1f1,1969,01,21,0.0,11.1784,-2.051105,1969
6961,r3i1p1f1,1969,01,22,0.0,10.793909,-0.57408094,1969
6962,r3i1p1f1,1969,01,23,0.0042434147824104386,10.772215,0.31541875,1969
6963,r3i1p1f1,1969,01,24,0.0,13.514849,0.26963025,1969
6964,r3i1p1f1,1969,01,25,0.0,15.273974,1.4585962,1969
6965,r3i1p1f1,1969,01,26,0.2972985818288228,12.303429,3.3837538,1969
6966,r3i1p1f1,1969,01,27,0.0,12.155893,0.6243285,1969
6967,r3i1p1f1,1969,01,28,8.806259122579114,8.862349,-1.1675762,1969
6968,r3i1p1f1,1969,01,29,1.9161172652322995,10.885532,-1.8651818,1969
6969,r3i1p1f1,1969,01,30,0.0,13.982035,0.5264684,1969
6970,r3i1p1f1,1969,01,31,10.082677629237113,11.423607,-0.25422344,1969
6971,r3i1p1f1,1969,02,01,0.0,10.058009,-3.9171162,1969
6972,r3i1p1f1,1969,02,02,0.0,10.039296,-1.3980358,1969
6973,r3i1p1f1,1969,02,03,4.0052532957097835,5.1788244,-1.705765,1969
6974,r3i1p1f1,1969,02,04,0.0,6.300442,-0.16871212,1969
6975,r3i1p1f1,1969,02,05,20.049373622934677,5.972487,-2.2361424,1969
6976,r3i1p1f1,1969,02,06,42.37006675746096,8.393775,2.447403,1969
6977,r3i1p1f1,1969,02,07,0.0,10.282578,-0.7334269,1969
6978,r3i1p1f1,1969,02,08,0.0,4.4003983,-4.9424934,1969
6979,r3i1p1f1,1969,02,09,0.31176543495683673,3.885664,-8.143863,1969
6980,r3i1p1f1,1969,02,10,0.0,7.556858,-6.9216514,1969
6981,r3i1p1f1,1969,02,11,0.0,7.8332863,-6.50852,1969
6982,r3i1p1f1,1969,02,12,0.0,13.067065,-1.1289619,1969
6983,r3i1p1f1,1969,02,13,0.0,15.273367,-0.23812039,1969
6984,r3i1p1f1,1969,02,14,0.0,16.122726,1.4137232,1969
6985,r3i1p1f1,1969,02,15,0.0,15.70891,2.1105783,1969
6986,r3i1p1f1,1969,02,16,0.26532821026960035,9.983697,-0.26039952,1969
6987,r3i1p1f1,1969,02,17,63.65297259272713,4.989553,-2.991027,1969
6988,r3i1p1f1,1969,02,18,11.75027063551457,-1.5684382,-8.787958,1969
6989,r3i1p1f1,1969,02,19,10.264424397839894,-0.957734,-6.5492444,1969
6990,r3i1p1f1,1969,02,20,3.011577211222366,0.036289804,-5.496562,1969
6991,r3i1p1f1,1969,02,21,25.460883129486128,3.7764552,-3.8457062,1969
6992,r3i1p1f1,1969,02,22,0.0,10.893734,-5.339756,1969
6993,r3i1p1f1,1969,02,23,0.0,11.3759575,-2.3345098,1969
6994,r3i1p1f1,1969,02,24,0.0,10.69822,-4.0425744,1969
6995,r3i1p1f1,1969,02,25,0.0,9.166151,-1.735274,1969
6996,r3i1p1f1,1969,02,26,0.0,4.6252875,-6.634367,1969
6997,r3i1p1f1,1969,02,27,0.0,9.597133,-4.8333693,1969
6998,r3i1p1f1,1969,02,28,0.0,12.937309,-2.6427782,1969
6999,r3i1p1f1,1969,03,01,0.0,13.09986,-4.4167094,1969
7000,r3i1p1f1,1969,03,02,0.8638005963324471,9.92118,-5.838463,1969
7001,r3i1p1f1,1969,03,03,20.3318675734887,7.7411847,2.245762,1969
7002,r3i1p1f1,1969,03,04,27.886264358255033,2.1997504,-2.4673564,1969
7003,r3i1p1f1,1969,03,05,26.17529637967604,0.8897171,-5.651233,1969
7004,r3i1p1f1,1969,03,06,5.570175121063489,1.6736917,-9.394937,1969
7005,r3i1p1f1,1969,03,07,6.676730614517031,9.532025,-0.5010582,1969
7006,r3i1p1f1,1969,03,08,0.8116745193164159,8.682215,0.41083738,1969
7007,r3i1p1f1,1969,03,09,0.9193149911497083,7.072411,-0.49487495,1969
7008,r3i1p1f1,1969,03,10,0.0,10.052662,-2.9698565,1969
7009,r3i1p1f1,1969,03,11,0.0,11.564411,-3.0472744,1969
7010,r3i1p1f1,1969,03,12,4.258254277412657,7.6857753,-3.8425608,1969
7011,r3i1p1f1,1969,03,13,0.862304310009533,6.0004435,-1.4133229,1969
7012,r3i1p1f1,1969,03,14,0.0,8.807111,1.0922678,1969
7013,r3i1p1f1,1969,03,15,3.6959613107396043,7.027413,0.47037113,1969
7014,r3i1p1f1,1969,03,16,6.8673510020552815,10.60389,4.0263696,1969
7015,r3i1p1f1,1969,03,17,56.561109129535524,9.8583555,-2.0577657,1969
7016,r3i1p1f1,1969,03,18,9.535847955282263,2.6008322,-5.4504895,1969
7017,r3i1p1f1,1969,03,19,3.684327317521246,5.006644,-7.1640773,1969
7018,r3i1p1f1,1969,03,20,9.542603893695693,4.0031905,-2.6500444,1969
7019,r3i1p1f1,1969,03,21,39.55333583351029,3.9460182,-0.7367475,1969
7020,r3i1p1f1,1969,03,22,0.19147524857017792,6.2895856,-5.9487724,1969
7021,r3i1p1f1,1969,03,23,0.0,7.3686028,-4.506246,1969
7022,r3i1p1f1,1969,03,24,0.0,12.192368,-5.359002,1969
7023,r3i1p1f1,1969,03,25,0.0,15.199283,-1.5246762,1969
7024,r3i1p1f1,1969,03,26,0.0,14.034521,2.1955054,1969
7025,r3i1p1f1,1969,03,27,10.079603042992714,7.4530497,-2.5938933,1969
7026,r3i1p1f1,1969,03,28,0.1674937061340499,4.76137,-6.3020587,1969
7027,r3i1p1f1,1969,03,29,0.6475450512210189,3.1061623,-7.9328465,1969
7028,r3i1p1f1,1969,03,30,15.804402134993946,1.6210271,-4.1042476,1969
7029,r3i1p1f1,1969,03,31,29.361152129345818,1.0352036,-4.330702,1969
7030,r3i1p1f1,1969,04,01,0.6582248313957519,4.088211,-7.6650724,1969
7031,r3i1p1f1,1969,04,02,0.0,4.72225,-6.865203,1969
7032,r3i1p1f1,1969,04,03,0.0,11.006204,-7.821711,1969
7033,r3i1p1f1,1969,04,04,0.0,13.81759,-2.9607115,1969
7034,r3i1p1f1,1969,04,05,0.0,13.698503,0.8171498,1969
7035,r3i1p1f1,1969,04,06,0.0,17.445955,4.0121956,1969
7036,r3i1p1f1,1969,04,07,0.0,21.78266,5.14246,1969
7037,r3i1p1f1,1969,04,08,0.0,21.34087,5.189053,1969
7038,r3i1p1f1,1969,04,09,3.7291072058954007,16.11928,2.0213819,1969
7039,r3i1p1f1,1969,04,10,8.680361960279313,13.939429,4.801554,1969
7040,r3i1p1f1,1969,04,11,1.6216617205971393,13.325523,2.9392848,1969
7041,r3i1p1f1,1969,04,12,2.3545674572616058,8.775614,3.0693858,1969
7042,r3i1p1f1,1969,04,13,7.911284233513901,7.690927,-2.57635,1969
7043,r3i1p1f1,1969,04,14,1.3601125060775208,8.535534,0.43335515,1969
7044,r3i1p1f1,1969,04,15,5.068838629813399,8.205271,-5.0507555,1969
7045,r3i1p1f1,1969,04,16,37.52761224872972,4.344229,-1.8120579,1969
7046,r3i1p1f1,1969,04,17,11.147178262992957,5.845305,-1.909351,1969
7047,r3i1p1f1,1969,04,18,0.3039558116334343,8.834754,1.5710244,1969
7048,r3i1p1f1,1969,04,19,0.22122991280124743,9.414519,2.8519113,1969
7049,r3i1p1f1,1969,04,20,25.00421521498969,5.9068646,-1.4194102,1969
7050,r3i1p1f1,1969,04,21,0.0,8.197831,-5.2189093,1969
7051,r3i1p1f1,1969,04,22,2.3120562186609037,4.9359245,-1.946721,1969
7052,r3i1p1f1,1969,04,23,0.0,14.052199,-1.7586958,1969
7053,r3i1p1f1,1969,04,24,0.0,14.953255,1.1477301,1969
7054,r3i1p1f1,1969,04,25,0.0,20.086699,2.4910839,1969
7055,r3i1p1f1,1969,04,26,0.0,21.018698,5.401377,1969
7056,r3i1p1f1,1969,04,27,0.0,20.399809,7.7082534,1969
7057,r3i1p1f1,1969,04,28,0.6911071293679446,16.403992,6.907621,1969
7058,r3i1p1f1,1969,04,29,17.392941469044768,7.360428,2.1705103,1969
7059,r3i1p1f1,1969,04,30,0.0,14.433846,0.10306107,1969
7060,r3i1p1f1,1969,05,01,0.0,16.913353,1.8437873,1969
7061,r3i1p1f1,1969,05,02,0.0,17.43677,2.6816173,1969
7062,r3i1p1f1,1969,05,03,0.0,18.167538,2.8393304,1969
7063,r3i1p1f1,1969,05,04,0.0,18.174973,3.419629,1969
7064,r3i1p1f1,1969,05,05,0.0,16.938555,5.00941,1969
7065,r3i1p1f1,1969,05,06,5.75137984104865,10.266522,-0.4511745,1969
7066,r3i1p1f1,1969,05,07,15.980141978759907,2.0360107,-3.0556674,1969
7067,r3i1p1f1,1969,05,08,9.509493493303461,2.9757957,-3.3191316,1969
7068,r3i1p1f1,1969,05,09,0.14010914601385593,8.807948,-1.6796975,1969
7069,r3i1p1f1,1969,05,10,0.0,14.3289795,-1.3573112,1969
7070,r3i1p1f1,1969,05,11,0.0,18.272387,1.8393955,1969
7071,r3i1p1f1,1969,05,12,0.0,19.008986,3.9898698,1969
7072,r3i1p1f1,1969,05,13,0.0,19.26924,5.039456,1969
7073,r3i1p1f1,1969,05,14,1.5618117530768933,14.398251,2.2703447,1969
7074,r3i1p1f1,1969,05,15,2.0437651539587502,10.008199,3.0161452,1969
7075,r3i1p1f1,1969,05,16,0.012638442804975631,9.643886,1.5789475,1969
7076,r3i1p1f1,1969,05,17,0.0,14.964668,-0.061470494,1969
7077,r3i1p1f1,1969,05,18,0.0,20.044207,1.6942811,1969
7078,r3i1p1f1,1969,05,19,0.0,22.596243,5.6239605,1969
7079,r3i1p1f1,1969,05,20,0.0,22.921234,7.9273496,1969
7080,r3i1p1f1,1969,05,21,0.0,24.392231,9.370696,1969
7081,r3i1p1f1,1969,05,22,0.0,26.591223,9.134189,1969
7082,r3i1p1f1,1969,05,23,0.0,26.444078,11.062504,1969
7083,r3i1p1f1,1969,05,24,0.0,24.20499,11.034954,1969
7084,r3i1p1f1,1969,05,25,0.0,22.093155,7.8733234,1969
7085,r3i1p1f1,1969,05,26,0.0,20.245329,7.473372,1969
7086,r3i1p1f1,1969,05,27,0.0,24.96551,7.3268275,1969
7087,r3i1p1f1,1969,05,28,0.0,27.25917,10.246663,1969
7088,r3i1p1f1,1969,05,29,0.0,26.560482,11.980022,1969
7089,r3i1p1f1,1969,05,30,0.0,21.454496,7.588227,1969
7090,r3i1p1f1,1969,05,31,0.0,19.187717,4.2544036,1969
7091,r3i1p1f1,1969,06,01,0.0,21.856607,4.076535,1969
7092,r3i1p1f1,1969,06,02,0.0,24.11948,6.684382,1969
7093,r3i1p1f1,1969,06,03,0.0,25.169142,8.87234,1969
7094,r3i1p1f1,1969,06,04,0.0,26.775375,9.409905,1969
7095,r3i1p1f1,1969,06,05,0.4982386263834901,26.327642,10.447404,1969
7096,r3i1p1f1,1969,06,06,1.6756034062525846,23.972862,9.622269,1969
7097,r3i1p1f1,1969,06,07,0.387313370370784,20.073875,9.914657,1969
7098,r3i1p1f1,1969,06,08,0.7348412098508561,23.198666,7.9092665,1969
7099,r3i1p1f1,1969,06,09,0.11725252085230559,24.433884,8.297624,1969
7100,r3i1p1f1,1969,06,10,2.166349294508875,22.445498,9.137613,1969
7101,r3i1p1f1,1969,06,11,2.525620424574682,18.320047,5.543737,1969
7102,r3i1p1f1,1969,06,12,4.615130553965604,18.18903,4.618325,1969
7103,r3i1p1f1,1969,06,13,3.9329718355905867,17.513954,6.5741696,1969
7104,r3i1p1f1,1969,06,14,4.5879384468303455,18.610312,5.0239906,1969
7105,r3i1p1f1,1969,06,15,1.4022799828365493,20.48259,6.187195,1969
7106,r3i1p1f1,1969,06,16,0.5656641617717565,19.096834,5.947007,1969
7107,r3i1p1f1,1969,06,17,0.0,16.79544,9.120529,1969
7108,r3i1p1f1,1969,06,18,0.0,17.2251,3.8330457,1969
7109,r3i1p1f1,1969,06,19,0.0,22.558891,4.6852055,1969
7110,r3i1p1f1,1969,06,20,0.0,23.860615,8.520994,1969
7111,r3i1p1f1,1969,06,21,0.0,23.455715,7.031806,1969
7112,r3i1p1f1,1969,06,22,0.0,21.482693,6.0161276,1969
7113,r3i1p1f1,1969,06,23,0.0,21.432165,6.4800067,1969
7114,r3i1p1f1,1969,06,24,0.0,23.819847,8.2623415,1969
7115,r3i1p1f1,1969,06,25,0.0,23.810543,8.845837,1969
7116,r3i1p1f1,1969,06,26,0.0,22.971922,7.0275292,1969
7117,r3i1p1f1,1969,06,27,0.12949077829130387,19.151007,6.6527276,1969
7118,r3i1p1f1,1969,06,28,0.0,18.40058,3.7146173,1969
7119,r3i1p1f1,1969,06,29,0.13261517283114554,16.951454,3.6956742,1969
7120,r3i1p1f1,1969,06,30,0.0,21.828384,6.819331,1969
7121,r3i1p1f1,1969,07,01,0.0,26.543638,7.8255897,1969
7122,r3i1p1f1,1969,07,02,0.0,29.814396,11.17572,1969
7123,r3i1p1f1,1969,07,03,0.0,29.227495,13.994161,1969
7124,r3i1p1f1,1969,07,04,0.0,28.019371,12.089173,1969
7125,r3i1p1f1,1969,07,05,0.0,24.245401,8.584088,1969
7126,r3i1p1f1,1969,07,06,0.0,23.65804,7.582441,1969
7127,r3i1p1f1,1969,07,07,0.0,26.52832,9.042143,1969
7128,r3i1p1f1,1969,07,08,0.0,29.483534,10.777714,1969
7129,r3i1p1f1,1969,07,09,0.0,30.359413,13.131209,1969
7130,r3i1p1f1,1969,07,10,0.0,31.30053,12.45801,1969
7131,r3i1p1f1,1969,07,11,0.0,30.934084,13.630907,1969
7132,r3i1p1f1,1969,07,12,0.0,29.866663,12.949477,1969
7133,r3i1p1f1,1969,07,13,0.0,32.005108,13.538268,1969
7134,r3i1p1f1,1969,07,14,0.0,33.67714,14.170668,1969
7135,r3i1p1f1,1969,07,15,0.0,34.60241,15.205502,1969
7136,r3i1p1f1,1969,07,16,0.0,34.64544,16.695492,1969
7137,r3i1p1f1,1969,07,17,0.000321969319453561,34.349873,16.329222,1969
7138,r3i1p1f1,1969,07,18,0.0,33.8464,17.899925,1969
7139,r3i1p1f1,1969,07,19,0.0,33.292267,17.818192,1969
7140,r3i1p1f1,1969,07,20,0.0,30.741356,16.029533,1969
7141,r3i1p1f1,1969,07,21,0.0,30.135414,13.62591,1969
7142,r3i1p1f1,1969,07,22,0.0,30.685295,12.901248,1969
7143,r3i1p1f1,1969,07,23,0.0,33.145035,14.844103,1969
7144,r3i1p1f1,1969,07,24,0.0,32.94305,16.029627,1969
7145,r3i1p1f1,1969,07,25,0.0,31.246857,14.52487,1969
7146,r3i1p1f1,1969,07,26,0.0,30.685898,12.32815,1969
7147,r3i1p1f1,1969,07,27,0.0,31.435074,13.8530855,1969
7148,r3i1p1f1,1969,07,28,0.0,31.305685,15.415591,1969
7149,r3i1p1f1,1969,07,29,0.0,31.094328,13.799391,1969
7150,r3i1p1f1,1969,07,30,0.0,30.565845,12.88902,1969
7151,r3i1p1f1,1969,07,31,0.0,29.076427,12.016298,1969
7152,r3i1p1f1,1969,08,01,0.0,28.131804,10.605824,1969
7153,r3i1p1f1,1969,08,02,0.0,27.672201,10.619946,1969
7154,r3i1p1f1,1969,08,03,0.0,28.250309,10.1744375,1969
7155,r3i1p1f1,1969,08,04,0.0,29.111675,11.105133,1969
7156,r3i1p1f1,1969,08,05,0.0,29.27437,12.26209,1969
7157,r3i1p1f1,1969,08,06,0.0,28.688742,11.701125,1969
7158,r3i1p1f1,1969,08,07,0.0,28.93611,10.436777,1969
7159,r3i1p1f1,1969,08,08,0.0,30.740416,12.20105,1969
7160,r3i1p1f1,1969,08,09,0.0,30.701797,15.433129,1969
7161,r3i1p1f1,1969,08,10,0.0,30.619802,13.170923,1969
7162,r3i1p1f1,1969,08,11,0.0,29.46911,12.010408,1969
7163,r3i1p1f1,1969,08,12,0.0,26.20686,9.475487,1969
7164,r3i1p1f1,1969,08,13,0.0,25.979582,9.351425,1969
7165,r3i1p1f1,1969,08,14,0.0,25.743721,9.553886,1969
7166,r3i1p1f1,1969,08,15,0.0,26.116821,8.905359,1969
7167,r3i1p1f1,1969,08,16,0.0,28.94264,10.97418,1969
7168,r3i1p1f1,1969,08,17,0.0,28.181236,12.855516,1969
7169,r3i1p1f1,1969,08,18,0.0,27.478283,10.62084,1969
7170,r3i1p1f1,1969,08,19,0.0,26.599468,9.886359,1969
7171,r3i1p1f1,1969,08,20,0.0,25.25604,8.757666,1969
7172,r3i1p1f1,1969,08,21,0.0,24.873892,7.6182547,1969
7173,r3i1p1f1,1969,08,22,0.0,23.392256,6.123551,1969
7174,r3i1p1f1,1969,08,23,0.0,26.526777,7.774733,1969
7175,r3i1p1f1,1969,08,24,0.0,28.813776,10.905978,1969
7176,r3i1p1f1,1969,08,25,0.0,30.998383,12.37085,1969
7177,r3i1p1f1,1969,08,26,0.0,30.333036,12.965719,1969
7178,r3i1p1f1,1969,08,27,0.0,28.537136,11.349172,1969
7179,r3i1p1f1,1969,08,28,0.0,28.27966,11.620496,1969
7180,r3i1p1f1,1969,08,29,0.0,27.225569,10.095721,1969
7181,r3i1p1f1,1969,08,30,0.0,26.041111,11.201347,1969
7182,r3i1p1f1,1969,08,31,0.0,26.428732,8.39159,1969
7183,r3i1p1f1,1969,09,01,0.0,26.447742,10.629811,1969
7184,r3i1p1f1,1969,09,02,0.0,26.41003,9.917126,1969
7185,r3i1p1f1,1969,09,03,0.0,27.702934,10.070005,1969
7186,r3i1p1f1,1969,09,04,0.0,27.290302,9.885381,1969
7187,r3i1p1f1,1969,09,05,0.0,25.38183,8.855941,1969
7188,r3i1p1f1,1969,09,06,0.0,27.16495,9.434434,1969
7189,r3i1p1f1,1969,09,07,0.0,26.681389,10.156051,1969
7190,r3i1p1f1,1969,09,08,0.0,24.815855,8.163473,1969
7191,r3i1p1f1,1969,09,09,0.0,23.74356,7.535257,1969
7192,r3i1p1f1,1969,09,10,0.0,22.508877,6.2436833,1969
7193,r3i1p1f1,1969,09,11,0.0,26.60907,8.381127,1969
7194,r3i1p1f1,1969,09,12,0.0,29.71322,9.722607,1969
7195,r3i1p1f1,1969,09,13,0.0,29.648882,11.346791,1969
7196,r3i1p1f1,1969,09,14,0.0,30.08791,11.086202,1969
7197,r3i1p1f1,1969,09,15,0.0,30.85743,13.463327,1969
7198,r3i1p1f1,1969,09,16,0.0,33.27662,14.051069,1969
7199,r3i1p1f1,1969,09,17,0.0,32.751564,14.72398,1969
7200,r3i1p1f1,1969,09,18,0.0,26.823606,10.439587,1969
7201,r3i1p1f1,1969,09,19,0.0,27.622015,7.7702537,1969
7202,r3i1p1f1,1969,09,20,0.0,27.17955,10.178434,1969
7203,r3i1p1f1,1969,09,21,0.0,26.362982,9.827627,1969
7204,r3i1p1f1,1969,09,22,0.0,22.969765,6.322532,1969
7205,r3i1p1f1,1969,09,23,0.0,23.396612,8.239982,1969
7206,r3i1p1f1,1969,09,24,0.0,21.286016,6.162921,1969
7207,r3i1p1f1,1969,09,25,0.0,20.301039,4.004719,1969
7208,r3i1p1f1,1969,09,26,0.0,21.74776,5.284867,1969
7209,r3i1p1f1,1969,09,27,0.0,23.47581,7.8380394,1969
7210,r3i1p1f1,1969,09,28,0.0,22.399073,7.6253395,1969
7211,r3i1p1f1,1969,09,29,0.0017998161255443272,20.923485,4.841538,1969
7212,r3i1p1f1,1969,09,30,0.0,23.607006,7.147013,1969
7213,r3i1p1f1,1969,10,01,0.0,25.99354,9.063836,1969
7214,r3i1p1f1,1969,10,02,0.0,26.344255,10.230196,1969
7215,r3i1p1f1,1969,10,03,0.0,25.639275,9.687152,1969
7216,r3i1p1f1,1969,10,04,0.0,25.278011,8.778616,1969
7217,r3i1p1f1,1969,10,05,0.0,24.944859,8.362139,1969
7218,r3i1p1f1,1969,10,06,0.0,24.133842,7.324112,1969
7219,r3i1p1f1,1969,10,07,0.0,23.81517,6.7230926,1969
7220,r3i1p1f1,1969,10,08,0.0,22.815603,6.8393126,1969
7221,r3i1p1f1,1969,10,09,0.0,20.878193,6.6313205,1969
7222,r3i1p1f1,1969,10,10,0.0,21.375465,4.640174,1969
7223,r3i1p1f1,1969,10,11,0.0,20.602402,6.952115,1969
7224,r3i1p1f1,1969,10,12,1.5960939243661032,18.714426,7.6514254,1969
7225,r3i1p1f1,1969,10,13,0.0,21.035988,4.1981406,1969
7226,r3i1p1f1,1969,10,14,0.0,26.263865,7.793572,1969
7227,r3i1p1f1,1969,10,15,0.0,27.814678,10.002745,1969
7228,r3i1p1f1,1969,10,16,0.0,26.03596,11.709782,1969
7229,r3i1p1f1,1969,10,17,0.0,26.900154,9.389994,1969
7230,r3i1p1f1,1969,10,18,0.0,30.629204,11.22167,1969
7231,r3i1p1f1,1969,10,19,0.0,29.250858,12.045382,1969
7232,r3i1p1f1,1969,10,20,0.0,30.304415,10.479634,1969
7233,r3i1p1f1,1969,10,21,0.0,29.151712,12.245915,1969
7234,r3i1p1f1,1969,10,22,0.0,21.828335,6.5786433,1969
7235,r3i1p1f1,1969,10,23,0.0,15.53499,3.1806734,1969
7236,r3i1p1f1,1969,10,24,0.0,17.756006,2.8798754,1969
7237,r3i1p1f1,1969,10,25,0.0,20.862383,4.4563,1969
7238,r3i1p1f1,1969,10,26,0.0,23.29845,5.4844046,1969
7239,r3i1p1f1,1969,10,27,0.0,21.246315,6.858859,1969
7240,r3i1p1f1,1969,10,28,0.0,20.19706,9.810595,1969
7241,r3i1p1f1,1969,10,29,21.346374228596687,21.992008,9.462239,1969
7242,r3i1p1f1,1969,10,30,5.10831574099843,18.045078,8.499261,1969
7243,r3i1p1f1,1969,10,31,50.68883211351931,19.026667,12.86109,1969
7244,r3i1p1f1,1969,11,01,29.42238664989801,20.122984,13.689055,1969
7245,r3i1p1f1,1969,11,02,0.0033506259665285285,16.61957,8.94719,1969
7246,r3i1p1f1,1969,11,03,0.0,17.787737,4.2784657,1969
7247,r3i1p1f1,1969,11,04,0.0,19.906052,4.90582,1969
7248,r3i1p1f1,1969,11,05,0.0,20.610584,5.4930067,1969
7249,r3i1p1f1,1969,11,06,0.0,18.07293,3.1643093,1969
7250,r3i1p1f1,1969,11,07,0.0,13.580474,1.565468,1969
7251,r3i1p1f1,1969,11,08,0.0,14.339549,-0.24426132,1969
7252,r3i1p1f1,1969,11,09,0.0,16.196321,0.5962352,1969
7253,r3i1p1f1,1969,11,10,0.0,15.274178,2.7719383,1969
7254,r3i1p1f1,1969,11,11,0.0,14.368873,0.48831272,1969
7255,r3i1p1f1,1969,11,12,0.40737746413996273,11.16838,2.578068,1969
7256,r3i1p1f1,1969,11,13,15.040466303348934,9.34608,2.0209677,1969
7257,r3i1p1f1,1969,11,14,0.0,10.102751,-2.5230715,1969
7258,r3i1p1f1,1969,11,15,0.10932574698113297,7.4496603,-2.1715183,1969
7259,r3i1p1f1,1969,11,16,7.581121797097455,2.3384395,-5.9615335,1969
7260,r3i1p1f1,1969,11,17,0.32198971266074006,4.4992237,-9.57845,1969
7261,r3i1p1f1,1969,11,18,0.0,6.3444705,-6.334898,1969
7262,r3i1p1f1,1969,11,19,2.5462714386154213,3.3628135,-2.5482728,1969
7263,r3i1p1f1,1969,11,20,30.04230203989305,3.1422713,-2.00315,1969
7264,r3i1p1f1,1969,11,21,8.99877675370877,4.9709673,-0.7128476,1969
7265,r3i1p1f1,1969,11,22,0.003195558613362281,7.453072,-3.8368502,1969
7266,r3i1p1f1,1969,11,23,0.0,8.043643,-4.881337,1969
7267,r3i1p1f1,1969,11,24,0.0,10.530066,-4.423788,1969
7268,r3i1p1f1,1969,11,25,0.0,8.973524,-4.4185815,1969
7269,r3i1p1f1,1969,11,26,11.356793384842796,5.108306,-1.501151,1969
7270,r3i1p1f1,1969,11,27,8.00748360737711,5.3488765,-1.5613937,1969
7271,r3i1p1f1,1969,11,28,0.0,7.9708214,-2.0544443,1969
7272,r3i1p1f1,1969,11,29,25.39515987461384,5.1020503,-0.3593553,1969
7273,r3i1p1f1,1969,11,30,3.0803999448835384,5.654253,-4.9123945,1969
7274,r3i1p1f1,1969,12,01,1.0430419693492647,4.034546,-3.6751077,1969
7275,r3i1p1f1,1969,12,02,0.0,9.495591,-2.2839642,1969
7276,r3i1p1f1,1969,12,03,19.087369001997438,5.578874,0.6531903,1969
7277,r3i1p1f1,1969,12,04,8.889428661802269,6.453536,-3.5997517,1969
7278,r3i1p1f1,1969,12,05,0.0,7.165407,-3.6221917,1969
7279,r3i1p1f1,1969,12,06,0.0,10.767399,-2.5581868,1969
7280,r3i1p1f1,1969,12,07,0.0,13.293779,0.9082914,1969
7281,r3i1p1f1,1969,12,08,0.0,13.940281,3.0575109,1969
7282,r3i1p1f1,1969,12,09,0.0,13.886638,2.1002233,1969
7283,r3i1p1f1,1969,12,10,34.173578380509035,8.753023,3.9761028,1969
7284,r3i1p1f1,1969,12,11,47.60129366462168,4.8657346,1.14021,1969
7285,r3i1p1f1,1969,12,12,7.498407523407399,4.9649363,-2.0927088,1969
7286,r3i1p1f1,1969,12,13,9.807030784156124,8.189486,1.9595699,1969
7287,r3i1p1f1,1969,12,14,0.0,12.716304,0.24643706,1969
7288,r3i1p1f1,1969,12,15,0.2911124358529617,10.114157,-0.1619299,1969
7289,r3i1p1f1,1969,12,16,21.645897323584283,7.4254274,-3.0929122,1969
7290,r3i1p1f1,1969,12,17,0.0,5.2418838,-6.428898,1969
7291,r3i1p1f1,1969,12,18,0.0,4.857852,-8.242442,1969
7292,r3i1p1f1,1969,12,19,0.0,5.1001205,-6.245048,1969
7293,r3i1p1f1,1969,12,20,0.0,8.818352,-3.4098902,1969
7294,r3i1p1f1,1969,12,21,0.0,6.6316285,-4.6922555,1969
7295,r3i1p1f1,1969,12,22,0.08640016152831347,4.002751,-7.555186,1969
7296,r3i1p1f1,1969,12,23,0.09592682051190518,-2.9825988,-12.673328,1969
7297,r3i1p1f1,1969,12,24,0.0,1.0121098,-12.207442,1969
7298,r3i1p1f1,1969,12,25,0.0,-0.22119325,-11.463567,1969
7299,r3i1p1f1,1969,12,26,0.0,0.10187428,-13.085998,1969
7300,r3i1p1f1,1969,12,27,0.0,2.9658935,-10.74307,1969
7301,r3i1p1f1,1969,12,28,0.0,2.33722,-6.8632693,1969
7302,r3i1p1f1,1969,12,29,0.0,4.6217985,-6.359933,1969
7303,r3i1p1f1,1969,12,30,0.0,8.788844,-5.0935283,1969
7304,r3i1p1f1,1969,12,31,0.0,10.448395,-2.5339203,1969
7305,r3i1p1f1,1970,01,01,0.0,13.338064,1.2652593,1970
7306,r3i1p1f1,1970,01,02,0.0,14.382228,1.5203196,1970
7307,r3i1p1f1,1970,01,03,0.0,13.940703,-0.28915614,1970
7308,r3i1p1f1,1970,01,04,0.0,14.861345,0.855033,1970
7309,r3i1p1f1,1970,01,05,0.0,15.226033,2.91856,1970
7310,r3i1p1f1,1970,01,06,0.0,16.729795,2.2650073,1970
7311,r3i1p1f1,1970,01,07,0.0,15.548592,1.8793422,1970
7312,r3i1p1f1,1970,01,08,0.0,16.07673,0.9917383,1970
7313,r3i1p1f1,1970,01,09,0.0,14.321979,5.7648516,1970
7314,r3i1p1f1,1970,01,10,0.0001165525980851319,11.551123,1.6007751,1970
7315,r3i1p1f1,1970,01,11,0.0,6.564461,-3.2131438,1970
7316,r3i1p1f1,1970,01,12,0.0,8.210273,-2.0510073,1970
7317,r3i1p1f1,1970,01,13,0.0,10.429166,-0.19785343,1970
7318,r3i1p1f1,1970,01,14,0.0,15.012055,1.4041824,1970
7319,r3i1p1f1,1970,01,15,0.0,16.448895,2.622606,1970
7320,r3i1p1f1,1970,01,16,0.0,15.989001,3.259438,1970
7321,r3i1p1f1,1970,01,17,0.0,15.392765,3.860088,1970
7322,r3i1p1f1,1970,01,18,0.0,14.113162,1.3425529,1970
7323,r3i1p1f1,1970,01,19,0.0,13.341747,0.9937333,1970
7324,r3i1p1f1,1970,01,20,0.0,14.826779,1.8871696,1970
7325,r3i1p1f1,1970,01,21,0.0,14.8169565,1.584971,1970
7326,r3i1p1f1,1970,01,22,0.0,15.42029,1.8944378,1970
7327,r3i1p1f1,1970,01,23,0.0,16.45116,2.3177283,1970
7328,r3i1p1f1,1970,01,24,0.0,16.818192,3.4165077,1970
7329,r3i1p1f1,1970,01,25,0.0,17.697012,2.7248285,1970
7330,r3i1p1f1,1970,01,26,0.0,13.783188,2.006317,1970
7331,r3i1p1f1,1970,01,27,4.213661401943107,7.4923987,0.32334438,1970
7332,r3i1p1f1,1970,01,28,44.298400386775796,8.575109,2.9351487,1970
7333,r3i1p1f1,1970,01,29,0.0,13.295589,-0.8243479,1970
7334,r3i1p1f1,1970,01,30,0.0,11.903397,0.567943,1970
7335,r3i1p1f1,1970,01,31,0.0,13.5691395,1.6003937,1970
7336,r3i1p1f1,1970,02,01,0.0,15.208796,0.9196556,1970
7337,r3i1p1f1,1970,02,02,0.0,16.393583,2.332798,1970
7338,r3i1p1f1,1970,02,03,0.0,15.689088,2.105335,1970
7339,r3i1p1f1,1970,02,04,0.00274238103118382,14.852172,3.1977367,1970
7340,r3i1p1f1,1970,02,05,8.729807727956397,9.36711,-0.11514806,1970
7341,r3i1p1f1,1970,02,06,1.5248864429993678,3.7415524,-4.187208,1970
7342,r3i1p1f1,1970,02,07,9.187402754813727,6.2589097,-0.65796983,1970
7343,r3i1p1f1,1970,02,08,0.8979059501718055,12.05548,-0.30198446,1970
7344,r3i1p1f1,1970,02,09,5.885332246390662,9.750695,1.3843254,1970
7345,r3i1p1f1,1970,02,10,14.217019030413786,5.384621,-1.0243307,1970
7346,r3i1p1f1,1970,02,11,2.648405687528123,3.363033,-2.7308128,1970
7347,r3i1p1f1,1970,02,12,0.0,8.784216,-4.6877875,1970
7348,r3i1p1f1,1970,02,13,0.0,10.244322,-5.259838,1970
7349,r3i1p1f1,1970,02,14,2.361004431900495,6.7931066,-3.6611474,1970
7350,r3i1p1f1,1970,02,15,17.28911757450796,3.3440127,-4.7984486,1970
7351,r3i1p1f1,1970,02,16,21.072632566976704,2.014306,-4.4565125,1970
7352,r3i1p1f1,1970,02,17,34.79746806582338,3.4036312,-1.9560437,1970
7353,r3i1p1f1,1970,02,18,9.648863166818812,5.206482,-5.9154625,1970
7354,r3i1p1f1,1970,02,19,0.417494844776612,8.039119,-4.8997607,1970
7355,r3i1p1f1,1970,02,20,12.031684684150509,6.240285,-0.8989411,1970
7356,r3i1p1f1,1970,02,21,0.0,8.924614,-2.615801,1970
7357,r3i1p1f1,1970,02,22,0.0,11.964574,-1.7690793,1970
7358,r3i1p1f1,1970,02,23,0.0,15.302197,0.052370664,1970
7359,r3i1p1f1,1970,02,24,0.0,16.795528,0.8889351,1970
7360,r3i1p1f1,1970,02,25,0.0,16.614553,3.3425612,1970
7361,r3i1p1f1,1970,02,26,0.0,15.743812,3.6512642,1970
7362,r3i1p1f1,1970,02,27,0.0,10.877256,0.6098977,1970
7363,r3i1p1f1,1970,02,28,0.0,9.748188,-2.5076036,1970
7364,r3i1p1f1,1970,03,01,0.35513017047426393,8.18858,-2.975843,1970
7365,r3i1p1f1,1970,03,02,0.48410726353483224,10.773976,-2.1978397,1970
7366,r3i1p1f1,1970,03,03,0.0,12.940655,-0.6520922,1970
7367,r3i1p1f1,1970,03,04,3.2603575364957673,9.2559805,-0.60222316,1970
7368,r3i1p1f1,1970,03,05,0.0,13.098284,0.78343195,1970
7369,r3i1p1f1,1970,03,06,0.0,12.54334,-0.6890912,1970
7370,r3i1p1f1,1970,03,07,8.176990487998793,7.8347683,-0.25030154,1970
7371,r3i1p1f1,1970,03,08,0.0,12.641939,0.67468244,1970
7372,r3i1p1f1,1970,03,09,0.0,13.990969,2.5177224,1970
7373,r3i1p1f1,1970,03,10,0.0,13.552876,-0.32783398,1970
7374,r3i1p1f1,1970,03,11,1.2266111605736354,8.260979,-3.3507273,1970
7375,r3i1p1f1,1970,03,12,7.532697840858753,4.6507215,-4.63581,1970
7376,r3i1p1f1,1970,03,13,9.654756723658034,1.3831996,-6.068897,1970
7377,r3i1p1f1,1970,03,14,12.387319272468295,2.4804778,-7.2377286,1970
7378,r3i1p1f1,1970,03,15,14.279416180215776,1.3859742,-7.012192,1970
7379,r3i1p1f1,1970,03,16,4.271299435793863,0.526756,-5.3669815,1970
7380,r3i1p1f1,1970,03,17,0.5382389668834788,4.363,-9.188293,1970
7381,r3i1p1f1,1970,03,18,5.387224079612152,2.2015083,-6.2987676,1970
7382,r3i1p1f1,1970,03,19,0.0,8.836729,-7.137615,1970
7383,r3i1p1f1,1970,03,20,0.0,15.11435,-3.1247988,1970
7384,r3i1p1f1,1970,03,21,0.0,19.7812,1.7243098,1970
7385,r3i1p1f1,1970,03,22,0.0,21.27487,4.157187,1970
7386,r3i1p1f1,1970,03,23,0.0,22.817904,5.7347717,1970
7387,r3i1p1f1,1970,03,24,0.0,22.916016,7.8309417,1970
7388,r3i1p1f1,1970,03,25,0.0,19.891367,5.349068,1970
7389,r3i1p1f1,1970,03,26,0.0,17.108616,1.652142,1970
7390,r3i1p1f1,1970,03,27,0.0,16.54461,6.011204,1970
7391,r3i1p1f1,1970,03,28,0.0,19.380478,2.9781916,1970
7392,r3i1p1f1,1970,03,29,0.0,19.660336,4.40175,1970
7393,r3i1p1f1,1970,03,30,0.0,22.16167,7.9356074,1970
7394,r3i1p1f1,1970,03,31,0.0,21.184248,9.272169,1970
7395,r3i1p1f1,1970,04,01,13.685643292448827,12.748722,-0.30820593,1970
7396,r3i1p1f1,1970,04,02,0.0,14.84838,1.309662,1970
7397,r3i1p1f1,1970,04,03,1.3806427730454935,13.321801,3.1223178,1970
7398,r3i1p1f1,1970,04,04,0.0,19.659231,2.9539,1970
7399,r3i1p1f1,1970,04,05,0.0,19.366402,4.603786,1970
7400,r3i1p1f1,1970,04,06,12.866638085535286,10.955141,-1.5777432,1970
7401,r3i1p1f1,1970,04,07,2.093530105737859,2.5725703,-8.021831,1970
7402,r3i1p1f1,1970,04,08,3.913139015467574,5.558746,-2.704837,1970
7403,r3i1p1f1,1970,04,09,9.953325201250232,6.279746,-0.4579761,1970
7404,r3i1p1f1,1970,04,10,15.60126401110258,1.8742865,-10.57941,1970
7405,r3i1p1f1,1970,04,11,13.707341368947374,1.4153845,-4.2030716,1970
7406,r3i1p1f1,1970,04,12,17.69970673163985,1.0860137,-3.8715813,1970
7407,r3i1p1f1,1970,04,13,0.00040976228774525225,5.398403,-11.396545,1970
7408,r3i1p1f1,1970,04,14,0.0,5.8753996,-6.6179605,1970
7409,r3i1p1f1,1970,04,15,1.7509219179804572,5.899075,-6.882419,1970
7410,r3i1p1f1,1970,04,16,3.2078695363835372,6.8912,-3.5998156,1970
7411,r3i1p1f1,1970,04,17,1.5771475741961407,8.20023,-5.915058,1970
7412,r3i1p1f1,1970,04,18,0.43591273521374924,8.094313,-2.3516219,1970
7413,r3i1p1f1,1970,04,19,22.54787290615863,3.724003,-1.6490763,1970
7414,r3i1p1f1,1970,04,20,22.77869106665572,2.4919007,-5.8727484,1970
7415,r3i1p1f1,1970,04,21,53.39701569050943,2.6559649,-2.821883,1970
7416,r3i1p1f1,1970,04,22,44.983633763254865,1.1340939,-3.2320693,1970
7417,r3i1p1f1,1970,04,23,0.754444278879275,5.3188143,-5.1807537,1970
7418,r3i1p1f1,1970,04,24,0.0,9.701261,-9.246577,1970
7419,r3i1p1f1,1970,04,25,0.0,12.720501,-5.237051,1970
7420,r3i1p1f1,1970,04,26,0.0001418522228241751,11.506858,-1.3994101,1970
7421,r3i1p1f1,1970,04,27,0.936873430327978,8.854398,-4.304939,1970
7422,r3i1p1f1,1970,04,28,9.503971537675458,7.3866043,-4.5860944,1970
7423,r3i1p1f1,1970,04,29,0.007619548169283294,8.653061,-0.45858878,1970
7424,r3i1p1f1,1970,04,30,0.0,12.264213,-1.125303,1970
7425,r3i1p1f1,1970,05,01,0.0,14.8657465,1.3963741,1970
7426,r3i1p1f1,1970,05,02,0.0,15.011496,0.6764853,1970
7427,r3i1p1f1,1970,05,03,0.0,15.387378,-0.3221871,1970
7428,r3i1p1f1,1970,05,04,0.0,16.696043,2.6910741,1970
7429,r3i1p1f1,1970,05,05,0.0,21.243593,5.0207963,1970
7430,r3i1p1f1,1970,05,06,0.0,21.517887,5.798853,1970
7431,r3i1p1f1,1970,05,07,0.0,21.140726,6.5110397,1970
7432,r3i1p1f1,1970,05,08,0.0,14.476314,3.2951295,1970
7433,r3i1p1f1,1970,05,09,0.0,12.955862,-1.4857264,1970
7434,r3i1p1f1,1970,05,10,0.0,14.264323,1.1190645,1970
7435,r3i1p1f1,1970,05,11,0.0,18.257969,2.8408167,1970
7436,r3i1p1f1,1970,05,12,0.0,18.60952,3.6333292,1970
7437,r3i1p1f1,1970,05,13,0.0,21.170227,5.7016454,1970
7438,r3i1p1f1,1970,05,14,0.0,21.502401,8.023185,1970
7439,r3i1p1f1,1970,05,15,0.0,23.350748,7.149458,1970
7440,r3i1p1f1,1970,05,16,0.0,24.186964,9.946647,1970
7441,r3i1p1f1,1970,05,17,0.0,26.53451,9.950622,1970
7442,r3i1p1f1,1970,05,18,0.0,25.812119,10.826165,1970
7443,r3i1p1f1,1970,05,19,0.0,24.24398,10.169353,1970
7444,r3i1p1f1,1970,05,20,0.0,24.620644,8.169886,1970
7445,r3i1p1f1,1970,05,21,0.0,27.540396,10.822642,1970
7446,r3i1p1f1,1970,05,22,0.0,27.553173,11.225609,1970
7447,r3i1p1f1,1970,05,23,0.0,26.971212,11.376108,1970
7448,r3i1p1f1,1970,05,24,0.0,26.494595,11.75112,1970
7449,r3i1p1f1,1970,05,25,0.0,25.039242,10.485003,1970
7450,r3i1p1f1,1970,05,26,0.10908527252276574,21.080013,6.224113,1970
7451,r3i1p1f1,1970,05,27,6.257458584648128,12.226553,-2.05204,1970
7452,r3i1p1f1,1970,05,28,0.0,14.1824465,-2.3447614,1970
7453,r3i1p1f1,1970,05,29,0.0,20.090937,2.1998105,1970
7454,r3i1p1f1,1970,05,30,0.0,21.128244,6.349534,1970
7455,r3i1p1f1,1970,05,31,1.135551067004838,18.841087,6.647709,1970
7456,r3i1p1f1,1970,06,01,0.0,21.671244,5.6624484,1970
7457,r3i1p1f1,1970,06,02,0.0,26.087683,7.304875,1970
7458,r3i1p1f1,1970,06,03,0.0,26.627878,9.557599,1970
7459,r3i1p1f1,1970,06,04,0.0,25.970013,10.728086,1970
7460,r3i1p1f1,1970,06,05,0.0,26.622532,9.730301,1970
7461,r3i1p1f1,1970,06,06,0.0,26.320694,10.816824,1970
7462,r3i1p1f1,1970,06,07,0.0,27.430979,9.973604,1970
7463,r3i1p1f1,1970,06,08,0.0,26.704845,12.021108,1970
7464,r3i1p1f1,1970,06,09,0.0,25.714699,7.7571425,1970
7465,r3i1p1f1,1970,06,10,0.0,28.97818,10.232949,1970
7466,r3i1p1f1,1970,06,11,0.0,31.413061,13.96152,1970
7467,r3i1p1f1,1970,06,12,0.00430128359431891,31.9308,15.235292,1970
7468,r3i1p1f1,1970,06,13,0.0,32.9538,14.852491,1970
7469,r3i1p1f1,1970,06,14,0.0,32.64111,15.126254,1970
7470,r3i1p1f1,1970,06,15,0.0,30.180956,14.390951,1970
7471,r3i1p1f1,1970,06,16,0.0,28.644623,12.594816,1970
7472,r3i1p1f1,1970,06,17,0.0,26.032803,11.70265,1970
7473,r3i1p1f1,1970,06,18,0.0,22.920935,8.178147,1970
7474,r3i1p1f1,1970,06,19,0.0,23.847155,7.533458,1970
7475,r3i1p1f1,1970,06,20,0.0,26.824772,9.844161,1970
7476,r3i1p1f1,1970,06,21,0.0,29.421951,11.695147,1970
7477,r3i1p1f1,1970,06,22,0.0,28.822851,14.062129,1970
7478,r3i1p1f1,1970,06,23,0.0,25.706278,10.407544,1970
7479,r3i1p1f1,1970,06,24,0.0,25.487032,8.760175,1970
7480,r3i1p1f1,1970,06,25,0.0,28.908379,11.35816,1970
7481,r3i1p1f1,1970,06,26,0.0,30.80114,12.697474,1970
7482,r3i1p1f1,1970,06,27,0.0,30.57973,14.243717,1970
7483,r3i1p1f1,1970,06,28,0.0,29.44628,12.562905,1970
7484,r3i1p1f1,1970,06,29,0.0,24.906387,9.491612,1970
7485,r3i1p1f1,1970,06,30,0.0,23.64413,7.905173,1970
7486,r3i1p1f1,1970,07,01,0.0,19.678324,5.413841,1970
7487,r3i1p1f1,1970,07,02,0.0,19.310905,4.410099,1970
7488,r3i1p1f1,1970,07,03,0.0,18.971458,3.6781347,1970
7489,r3i1p1f1,1970,07,04,0.0,20.8667,4.045284,1970
7490,r3i1p1f1,1970,07,05,0.0,24.560265,7.05926,1970
7491,r3i1p1f1,1970,07,06,0.0,26.709581,9.565949,1970
7492,r3i1p1f1,1970,07,07,0.0,27.483065,10.88808,1970
7493,r3i1p1f1,1970,07,08,0.0,27.309044,11.013094,1970
7494,r3i1p1f1,1970,07,09,0.0,26.77849,10.724369,1970
7495,r3i1p1f1,1970,07,10,0.0,27.38131,10.351838,1970
7496,r3i1p1f1,1970,07,11,0.0,29.819529,11.996231,1970
7497,r3i1p1f1,1970,07,12,0.0,33.2479,14.380644,1970
7498,r3i1p1f1,1970,07,13,0.0,35.52609,16.390314,1970
7499,r3i1p1f1,1970,07,14,0.0,36.701572,18.073744,1970
7500,r3i1p1f1,1970,07,15,0.0,35.922123,18.80106,1970
7501,r3i1p1f1,1970,07,16,0.0,34.836647,17.661573,1970
7502,r3i1p1f1,1970,07,17,0.0,32.122555,15.224902,1970
7503,r3i1p1f1,1970,07,18,0.0,30.165232,13.988362,1970
7504,r3i1p1f1,1970,07,19,0.0,29.692026,13.803275,1970
7505,r3i1p1f1,1970,07,20,0.0,32.612907,14.087434,1970
7506,r3i1p1f1,1970,07,21,0.0,34.06261,15.674531,1970
7507,r3i1p1f1,1970,07,22,0.0,33.993774,16.869595,1970
7508,r3i1p1f1,1970,07,23,0.0,32.708214,16.9688,1970
7509,r3i1p1f1,1970,07,24,0.026925520184082223,31.240395,15.249849,1970
7510,r3i1p1f1,1970,07,25,0.017515942454338074,30.53451,14.398854,1970
7511,r3i1p1f1,1970,07,26,0.0,29.364933,16.129059,1970
7512,r3i1p1f1,1970,07,27,0.35230211081062934,30.321789,16.587574,1970
7513,r3i1p1f1,1970,07,28,0.0,31.233877,15.038808,1970
7514,r3i1p1f1,1970,07,29,0.005140082028351332,31.114769,15.750248,1970
7515,r3i1p1f1,1970,07,30,0.023772439109100225,30.509775,16.662525,1970
7516,r3i1p1f1,1970,07,31,0.3224151591463229,27.922525,14.806422,1970
7517,r3i1p1f1,1970,08,01,0.23367607990573896,28.195023,14.124576,1970
7518,r3i1p1f1,1970,08,02,1.2973779603367133,25.351234,12.546412,1970
7519,r3i1p1f1,1970,08,03,0.0,23.148066,8.06313,1970
7520,r3i1p1f1,1970,08,04,0.0,26.338549,9.332191,1970
7521,r3i1p1f1,1970,08,05,0.0,28.522135,12.044945,1970
7522,r3i1p1f1,1970,08,06,0.0,28.143164,12.5937605,1970
7523,r3i1p1f1,1970,08,07,0.0,29.41088,12.489298,1970
7524,r3i1p1f1,1970,08,08,0.0,28.843546,12.69986,1970
7525,r3i1p1f1,1970,08,09,0.0,29.155945,11.375776,1970
7526,r3i1p1f1,1970,08,10,0.0,28.623882,13.256421,1970
7527,r3i1p1f1,1970,08,11,0.0,27.456913,11.790807,1970
7528,r3i1p1f1,1970,08,12,0.0,25.542933,9.244407,1970
7529,r3i1p1f1,1970,08,13,0.0,26.495949,9.328477,1970
7530,r3i1p1f1,1970,08,14,0.0,27.653625,10.045585,1970
7531,r3i1p1f1,1970,08,15,0.0,27.358374,10.669724,1970
7532,r3i1p1f1,1970,08,16,0.0,26.6951,9.84448,1970
7533,r3i1p1f1,1970,08,17,0.0,24.875853,8.924103,1970
7534,r3i1p1f1,1970,08,18,0.0,24.369144,8.744584,1970
7535,r3i1p1f1,1970,08,19,0.05895902898995892,24.492432,9.310448,1970
7536,r3i1p1f1,1970,08,20,0.0,20.103367,7.291586,1970
7537,r3i1p1f1,1970,08,21,0.0,22.866415,6.2798195,1970
7538,r3i1p1f1,1970,08,22,0.0,23.170856,7.150644,1970
7539,r3i1p1f1,1970,08,23,0.0,22.668003,7.570359,1970
7540,r3i1p1f1,1970,08,24,0.0,21.9565,7.1105905,1970
7541,r3i1p1f1,1970,08,25,0.0,22.768763,7.1973233,1970
7542,r3i1p1f1,1970,08,26,0.0,22.27573,8.456062,1970
7543,r3i1p1f1,1970,08,27,0.0,22.805601,7.6193347,1970
7544,r3i1p1f1,1970,08,28,0.0,22.86658,8.491365,1970
7545,r3i1p1f1,1970,08,29,0.0,25.003105,8.106314,1970
7546,r3i1p1f1,1970,08,30,0.0,26.70035,9.493987,1970
7547,r3i1p1f1,1970,08,31,0.0,30.20801,11.964869,1970
7548,r3i1p1f1,1970,09,01,0.0,31.950144,14.749475,1970
7549,r3i1p1f1,1970,09,02,0.0,31.362787,15.2686615,1970
7550,r3i1p1f1,1970,09,03,0.0,30.824984,14.680832,1970
7551,r3i1p1f1,1970,09,04,0.031094680429975454,34.46404,15.692371,1970
7552,r3i1p1f1,1970,09,05,0.0,35.295128,16.303549,1970
7553,r3i1p1f1,1970,09,06,0.0,35.157642,17.140568,1970
7554,r3i1p1f1,1970,09,07,0.0,30.113916,14.35072,1970
7555,r3i1p1f1,1970,09,08,0.0,24.138968,9.361798,1970
7556,r3i1p1f1,1970,09,09,0.0,20.150373,7.230378,1970
7557,r3i1p1f1,1970,09,10,0.0,18.015987,5.5977144,1970
7558,r3i1p1f1,1970,09,11,0.0,18.659266,7.5279717,1970
7559,r3i1p1f1,1970,09,12,3.360169170781247,19.049671,6.6903133,1970
7560,r3i1p1f1,1970,09,13,0.0,19.173992,5.9203157,1970
7561,r3i1p1f1,1970,09,14,0.0,18.189707,5.227008,1970
7562,r3i1p1f1,1970,09,15,0.0,17.737759,3.092082,1970
7563,r3i1p1f1,1970,09,16,0.0,18.018312,3.1309807,1970
7564,r3i1p1f1,1970,09,17,0.0,20.306377,4.2417173,1970
7565,r3i1p1f1,1970,09,18,0.0,19.738258,4.915535,1970
7566,r3i1p1f1,1970,09,19,0.0,18.253834,5.5989494,1970
7567,r3i1p1f1,1970,09,20,0.0,22.737104,5.401666,1970
7568,r3i1p1f1,1970,09,21,0.0,26.87184,8.723165,1970
7569,r3i1p1f1,1970,09,22,0.37772550663488036,25.261772,8.050372,1970
7570,r3i1p1f1,1970,09,23,0.051935945138163665,12.01368,0.28208372,1970
7571,r3i1p1f1,1970,09,24,0.009533084046683814,10.4936075,-0.23367435,1970
7572,r3i1p1f1,1970,09,25,0.0,15.491696,-0.7912771,1970
7573,r3i1p1f1,1970,09,26,0.0,15.641081,2.2202325,1970
7574,r3i1p1f1,1970,09,27,0.0,16.80358,1.3936058,1970
7575,r3i1p1f1,1970,09,28,0.0,20.693827,2.6711571,1970
7576,r3i1p1f1,1970,09,29,0.0,22.007189,5.6489525,1970
7577,r3i1p1f1,1970,09,30,0.0,20.723133,6.8598223,1970
7578,r3i1p1f1,1970,10,01,0.0,21.267284,4.3632364,1970
7579,r3i1p1f1,1970,10,02,0.0,25.432482,8.172813,1970
7580,r3i1p1f1,1970,10,03,0.0,25.181873,8.575551,1970
7581,r3i1p1f1,1970,10,04,0.0,22.891459,7.5395474,1970
7582,r3i1p1f1,1970,10,05,0.0,21.38713,5.348258,1970
7583,r3i1p1f1,1970,10,06,0.0,20.802448,5.873179,1970
7584,r3i1p1f1,1970,10,07,0.0,18.511963,3.7480516,1970
7585,r3i1p1f1,1970,10,08,0.0,13.780559,-0.5330941,1970
7586,r3i1p1f1,1970,10,09,0.0,17.40981,3.0788605,1970
7587,r3i1p1f1,1970,10,10,0.0,17.527771,4.0196295,1970
7588,r3i1p1f1,1970,10,11,0.0,13.889359,2.010697,1970
7589,r3i1p1f1,1970,10,12,0.0,11.710215,-2.8719766,1970
7590,r3i1p1f1,1970,10,13,0.06427089622440307,10.901847,-0.6633439,1970
7591,r3i1p1f1,1970,10,14,0.0,11.485463,-0.05024258,1970
7592,r3i1p1f1,1970,10,15,1.8982618313442032,10.19889,-0.9261144,1970
7593,r3i1p1f1,1970,10,16,0.9591329247900591,10.149311,-3.6116793,1970
7594,r3i1p1f1,1970,10,17,1.4618677701755107,11.785526,-4.7668114,1970
7595,r3i1p1f1,1970,10,18,0.0,16.496807,0.013923927,1970
7596,r3i1p1f1,1970,10,19,0.0,21.365774,4.0922565,1970
7597,r3i1p1f1,1970,10,20,0.0,22.833286,5.3799706,1970
7598,r3i1p1f1,1970,10,21,0.0,23.604994,6.36093,1970
7599,r3i1p1f1,1970,10,22,0.0,22.669363,6.099165,1970
7600,r3i1p1f1,1970,10,23,0.0,20.773205,6.713938,1970
7601,r3i1p1f1,1970,10,24,0.0,22.395302,5.1794086,1970
7602,r3i1p1f1,1970,10,25,0.0,21.42558,5.430602,1970
7603,r3i1p1f1,1970,10,26,0.0,20.417982,6.3902473,1970
7604,r3i1p1f1,1970,10,27,0.0,17.567242,1.0874541,1970
7605,r3i1p1f1,1970,10,28,0.0,16.43922,1.3327895,1970
7606,r3i1p1f1,1970,10,29,0.0,16.769112,2.8941624,1970
7607,r3i1p1f1,1970,10,30,0.0,17.42686,1.9825411,1970
7608,r3i1p1f1,1970,10,31,0.0,19.085968,3.1981468,1970
7609,r3i1p1f1,1970,11,01,0.0,20.512257,5.686726,1970
7610,r3i1p1f1,1970,11,02,0.0,19.825499,6.4461436,1970
7611,r3i1p1f1,1970,11,03,0.0,19.845295,2.8809717,1970
7612,r3i1p1f1,1970,11,04,0.0,18.959166,4.2666516,1970
7613,r3i1p1f1,1970,11,05,0.0,18.088614,4.228586,1970
7614,r3i1p1f1,1970,11,06,0.0,18.986063,2.9482164,1970
7615,r3i1p1f1,1970,11,07,0.0,17.697601,2.6752908,1970
7616,r3i1p1f1,1970,11,08,0.0,17.062706,1.7807515,1970
7617,r3i1p1f1,1970,11,09,0.0,18.245754,5.2138615,1970
7618,r3i1p1f1,1970,11,10,0.0,20.39242,4.410315,1970
7619,r3i1p1f1,1970,11,11,5.481176959859257,21.880203,10.038919,1970
7620,r3i1p1f1,1970,11,12,41.69441002151488,7.0891643,3.1220844,1970
7621,r3i1p1f1,1970,11,13,0.20121352336948467,10.444477,-0.96426934,1970
7622,r3i1p1f1,1970,11,14,0.0,14.892702,-0.3853789,1970
7623,r3i1p1f1,1970,11,15,0.0,14.262425,0.38284302,1970
7624,r3i1p1f1,1970,11,16,0.0,14.061991,-0.13982512,1970
7625,r3i1p1f1,1970,11,17,0.0,14.554771,-0.38058406,1970
7626,r3i1p1f1,1970,11,18,0.0,14.94485,0.7633331,1970
7627,r3i1p1f1,1970,11,19,18.00029129402614,11.601612,2.1352637,1970
7628,r3i1p1f1,1970,11,20,54.66090734361818,6.98333,1.0048338,1970
7629,r3i1p1f1,1970,11,21,16.530135089889978,7.897563,0.5081452,1970
7630,r3i1p1f1,1970,11,22,2.857290494476298,8.519807,-1.6244061,1970
7631,r3i1p1f1,1970,11,23,6.901383511017468,7.7517223,-0.3414284,1970
7632,r3i1p1f1,1970,11,24,6.876286749090803,7.668788,0.3124576,1970
7633,r3i1p1f1,1970,11,25,15.620634459743375,9.624276,1.5465745,1970
7634,r3i1p1f1,1970,11,26,41.89754367904052,8.798784,2.5156717,1970
7635,r3i1p1f1,1970,11,27,14.221464447358525,4.9774933,-0.73695874,1970
7636,r3i1p1f1,1970,11,28,31.437549944721948,5.4546123,-0.5101213,1970
7637,r3i1p1f1,1970,11,29,51.84089723043144,6.518512,1.178453,1970
7638,r3i1p1f1,1970,11,30,3.7271892226463503,7.1555614,-0.49299428,1970
7639,r3i1p1f1,1970,12,01,59.09417811781168,6.0719,1.4611976,1970
7640,r3i1p1f1,1970,12,02,25.101756099856605,5.7876954,-0.54667294,1970
7641,r3i1p1f1,1970,12,03,14.779173652947831,5.062602,0.37905023,1970
7642,r3i1p1f1,1970,12,04,31.688085615046713,7.754899,2.2247543,1970
7643,r3i1p1f1,1970,12,05,55.036527428187824,8.819193,1.5477794,1970
7644,r3i1p1f1,1970,12,06,0.0,8.473304,-6.362573,1970
7645,r3i1p1f1,1970,12,07,0.0,-0.64809865,-12.765289,1970
7646,r3i1p1f1,1970,12,08,0.0,-2.6189477,-15.805251,1970
7647,r3i1p1f1,1970,12,09,0.0,-0.34153584,-13.376187,1970
7648,r3i1p1f1,1970,12,10,22.17408345375014,-5.246779,-11.921358,1970
7649,r3i1p1f1,1970,12,11,6.180566706538421,3.3989184,-5.5620394,1970
7650,r3i1p1f1,1970,12,12,0.0,9.029046,-4.4696217,1970
7651,r3i1p1f1,1970,12,13,0.0,10.192929,-5.0026007,1970
7652,r3i1p1f1,1970,12,14,0.0014421252815641071,10.487669,0.5530192,1970
7653,r3i1p1f1,1970,12,15,0.0,12.078801,-1.9781042,1970
7654,r3i1p1f1,1970,12,16,0.0,14.415767,-0.6605912,1970
7655,r3i1p1f1,1970,12,17,0.0,15.37834,4.176528,1970
7656,r3i1p1f1,1970,12,18,24.706305888187337,11.064541,3.6888292,1970
7657,r3i1p1f1,1970,12,19,15.245540615011889,4.0047116,-0.9233392,1970
7658,r3i1p1f1,1970,12,20,4.311704868412466,3.2604418,-5.9543433,1970
7659,r3i1p1f1,1970,12,21,7.892888384039428,1.2515275,-6.508707,1970
7660,r3i1p1f1,1970,12,22,7.753650499063569,1.3863124,-3.9613218,1970
7661,r3i1p1f1,1970,12,23,40.50023683199757,1.9253756,-2.8592877,1970
7662,r3i1p1f1,1970,12,24,5.174528942868499,-1.1244935,-6.5719953,1970
7663,r3i1p1f1,1970,12,25,0.0,1.6660323,-10.718379,1970
7664,r3i1p1f1,1970,12,26,0.0,-0.39530152,-11.834548,1970
7665,r3i1p1f1,1970,12,27,0.0,1.4255915,-10.616797,1970
7666,r3i1p1f1,1970,12,28,0.0,2.5670638,-8.601406,1970
7667,r3i1p1f1,1970,12,29,0.0,2.225248,-7.4231105,1970
7668,r3i1p1f1,1970,12,30,0.0,5.4210877,-5.857829,1970
7669,r3i1p1f1,1970,12,31,0.0,6.6347594,-4.7675757,1970
7670,r3i1p1f1,1971,01,01,0.0,7.6446595,-4.474425,1971
7671,r3i1p1f1,1971,01,02,0.0,8.142419,-5.142305,1971
7672,r3i1p1f1,1971,01,03,0.0,6.4135685,-1.7147619,1971
7673,r3i1p1f1,1971,01,04,0.0,6.402953,-4.926874,1971
7674,r3i1p1f1,1971,01,05,0.0,4.866351,-4.412467,1971
7675,r3i1p1f1,1971,01,06,0.0,8.504237,-3.8075724,1971
7676,r3i1p1f1,1971,01,07,0.0,9.827333,-1.1871185,1971
7677,r3i1p1f1,1971,01,08,0.0,11.663103,-0.19962844,1971
7678,r3i1p1f1,1971,01,09,0.0,13.691957,0.88600016,1971
7679,r3i1p1f1,1971,01,10,0.0,13.015136,-2.403857,1971
7680,r3i1p1f1,1971,01,11,0.0,5.945159,-6.054834,1971
7681,r3i1p1f1,1971,01,12,0.0,6.906747,-5.201165,1971
7682,r3i1p1f1,1971,01,13,0.0,9.422278,-2.982606,1971
7683,r3i1p1f1,1971,01,14,0.0,10.070876,-5.5196476,1971
7684,r3i1p1f1,1971,01,15,0.0,6.7904224,-5.0835524,1971
7685,r3i1p1f1,1971,01,16,0.0,7.8697658,-4.9061947,1971
7686,r3i1p1f1,1971,01,17,0.0,8.8080015,-4.3162,1971
7687,r3i1p1f1,1971,01,18,0.0,11.99869,-2.2933273,1971
7688,r3i1p1f1,1971,01,19,0.0,13.189098,-3.50337,1971
7689,r3i1p1f1,1971,01,20,0.0,10.668009,-1.3366357,1971
7690,r3i1p1f1,1971,01,21,0.0,9.017219,-4.491004,1971
7691,r3i1p1f1,1971,01,22,19.52362335654662,2.0283406,-4.3721213,1971
7692,r3i1p1f1,1971,01,23,18.4000839650827,2.8710158,-1.693116,1971
7693,r3i1p1f1,1971,01,24,0.0,8.702418,2.1072958,1971
7694,r3i1p1f1,1971,01,25,0.0,13.5881195,-1.8307171,1971
7695,r3i1p1f1,1971,01,26,0.0,15.892839,3.826066,1971
7696,r3i1p1f1,1971,01,27,0.0694471409109323,15.704804,5.131947,1971
7697,r3i1p1f1,1971,01,28,0.0,16.384214,3.6362746,1971
7698,r3i1p1f1,1971,01,29,0.0,17.81502,3.7690089,1971
7699,r3i1p1f1,1971,01,30,0.0,16.933678,5.25183,1971
7700,r3i1p1f1,1971,01,31,0.0,14.817224,2.3048596,1971
7701,r3i1p1f1,1971,02,01,0.0,14.95343,2.6185238,1971
7702,r3i1p1f1,1971,02,02,0.0,13.797823,3.3727381,1971
7703,r3i1p1f1,1971,02,03,4.779574452243795,10.571574,2.656799,1971
7704,r3i1p1f1,1971,02,04,20.751823674838402,6.693447,-0.9169541,1971
7705,r3i1p1f1,1971,02,05,0.0,10.927857,-0.9155809,1971
7706,r3i1p1f1,1971,02,06,2.5015656644858324,5.713835,-0.8602554,1971
7707,r3i1p1f1,1971,02,07,2.0855341422582954,4.735555,-5.313704,1971
7708,r3i1p1f1,1971,02,08,0.30773891944830356,3.2362552,-9.232116,1971
7709,r3i1p1f1,1971,02,09,0.0,5.549352,-7.5719857,1971
7710,r3i1p1f1,1971,02,10,0.0,4.595211,-5.5416493,1971
7711,r3i1p1f1,1971,02,11,1.4951299693309825,2.3633826,-6.0102315,1971
7712,r3i1p1f1,1971,02,12,0.03698247315983999,4.4458547,-8.414476,1971
7713,r3i1p1f1,1971,02,13,0.0,7.944825,-8.188229,1971
7714,r3i1p1f1,1971,02,14,0.0,9.418158,-2.9106002,1971
7715,r3i1p1f1,1971,02,15,0.0,6.538817,-2.1433291,1971
7716,r3i1p1f1,1971,02,16,45.47283619789309,2.8245275,-1.6898493,1971
7717,r3i1p1f1,1971,02,17,2.989202020322218,6.1854916,-3.3724127,1971
7718,r3i1p1f1,1971,02,18,0.0,12.467198,-1.6249663,1971
7719,r3i1p1f1,1971,02,19,0.0,15.707249,0.062280428,1971
7720,r3i1p1f1,1971,02,20,1.6647254935916957,12.503268,-0.26340505,1971
7721,r3i1p1f1,1971,02,21,55.59507515036354,6.377801,1.3626883,1971
7722,r3i1p1f1,1971,02,22,102.31107134175927,4.171075,-0.9065619,1971
7723,r3i1p1f1,1971,02,23,8.034007194376164,4.4367266,-6.529375,1971
7724,r3i1p1f1,1971,02,24,20.444238924813504,4.3819504,-4.639889,1971
7725,r3i1p1f1,1971,02,25,45.516090541097675,7.5214734,0.17518315,1971
7726,r3i1p1f1,1971,02,26,3.37574382758344,8.569056,-3.1396272,1971
7727,r3i1p1f1,1971,02,27,0.008140481230312665,5.216238,-5.2250075,1971
7728,r3i1p1f1,1971,02,28,18.483262636551732,-0.21358438,-8.325352,1971
7729,r3i1p1f1,1971,03,01,0.0,4.143652,-14.247941,1971
7730,r3i1p1f1,1971,03,02,0.0,4.6693673,-12.258936,1971
7731,r3i1p1f1,1971,03,03,0.023428737921150106,2.2049673,-13.103371,1971
7732,r3i1p1f1,1971,03,04,12.144810775881572,-1.6248779,-8.867943,1971
7733,r3i1p1f1,1971,03,05,0.0,2.8331041,-14.933252,1971
7734,r3i1p1f1,1971,03,06,0.0,7.716484,-10.466397,1971
7735,r3i1p1f1,1971,03,07,0.0,11.528933,-3.9942482,1971
7736,r3i1p1f1,1971,03,08,0.0,13.330941,-0.95241874,1971
7737,r3i1p1f1,1971,03,09,0.0,15.177547,-1.6584365,1971
7738,r3i1p1f1,1971,03,10,0.0,15.518998,0.26637498,1971
7739,r3i1p1f1,1971,03,11,0.0,18.373224,0.49447095,1971
7740,r3i1p1f1,1971,03,12,0.0,16.380949,2.0727918,1971
7741,r3i1p1f1,1971,03,13,0.0,14.271031,0.30787757,1971
7742,r3i1p1f1,1971,03,14,0.0,15.47626,-0.40022144,1971
7743,r3i1p1f1,1971,03,15,0.0,15.492694,0.04163121,1971
7744,r3i1p1f1,1971,03,16,0.0,16.480713,2.0540347,1971
7745,r3i1p1f1,1971,03,17,0.0,15.654796,1.5293238,1971
7746,r3i1p1f1,1971,03,18,0.0,9.956667,-2.4842217,1971
7747,r3i1p1f1,1971,03,19,0.0,12.309418,-3.4744008,1971
7748,r3i1p1f1,1971,03,20,0.0,14.641847,-1.0841866,1971
7749,r3i1p1f1,1971,03,21,0.2742852796616621,13.823856,1.3460951,1971
7750,r3i1p1f1,1971,03,22,11.066079647188369,9.097162,2.1510482,1971
7751,r3i1p1f1,1971,03,23,0.0,13.599196,0.29883817,1971
7752,r3i1p1f1,1971,03,24,0.0,16.524591,1.0880953,1971
7753,r3i1p1f1,1971,03,25,0.0,16.77772,2.1686184,1971
7754,r3i1p1f1,1971,03,26,0.0,17.013285,1.9902848,1971
7755,r3i1p1f1,1971,03,27,0.0696405553562248,15.585087,2.6426718,1971
7756,r3i1p1f1,1971,03,28,7.846773036611634,5.806407,-4.2278843,1971
7757,r3i1p1f1,1971,03,29,0.0,12.910671,-2.7306216,1971
7758,r3i1p1f1,1971,03,30,0.0,18.536211,1.6459602,1971
7759,r3i1p1f1,1971,03,31,0.0,20.910515,3.0486119,1971
7760,r3i1p1f1,1971,04,01,0.0,21.297276,5.6932178,1971
7761,r3i1p1f1,1971,04,02,0.0,23.072294,5.5248256,1971
7762,r3i1p1f1,1971,04,03,0.0,23.210192,5.6720405,1971
7763,r3i1p1f1,1971,04,04,0.0,22.347351,6.2995787,1971
7764,r3i1p1f1,1971,04,05,0.0,21.096737,7.521437,1971
7765,r3i1p1f1,1971,04,06,0.0,22.548428,5.109798,1971
7766,r3i1p1f1,1971,04,07,0.0,21.260344,7.9083853,1971
7767,r3i1p1f1,1971,04,08,3.2425871105117134,15.331651,8.108668,1971
7768,r3i1p1f1,1971,04,09,0.02455124325167976,17.574995,3.9110842,1971
7769,r3i1p1f1,1971,04,10,3.0580871572678197,15.30596,2.621325,1971
7770,r3i1p1f1,1971,04,11,0.0,14.563481,0.2238318,1971
7771,r3i1p1f1,1971,04,12,0.0,16.961664,1.6686292,1971
7772,r3i1p1f1,1971,04,13,0.0,16.92878,1.8762664,1971
7773,r3i1p1f1,1971,04,14,0.0,20.627235,3.077098,1971
7774,r3i1p1f1,1971,04,15,0.0,22.273659,5.8898597,1971
7775,r3i1p1f1,1971,04,16,0.0,25.437088,7.486881,1971
7776,r3i1p1f1,1971,04,17,0.0,23.897661,9.322021,1971
7777,r3i1p1f1,1971,04,18,0.0,21.81271,5.561254,1971
7778,r3i1p1f1,1971,04,19,0.0,21.14769,3.7468762,1971
7779,r3i1p1f1,1971,04,20,0.0,20.657068,5.1084785,1971
7780,r3i1p1f1,1971,04,21,0.0,19.243198,4.625214,1971
7781,r3i1p1f1,1971,04,22,20.89363482694975,11.925584,-0.8494942,1971
7782,r3i1p1f1,1971,04,23,0.24071177559610651,14.871631,-1.4490472,1971
7783,r3i1p1f1,1971,04,24,0.0,20.20051,2.2028403,1971
7784,r3i1p1f1,1971,04,25,0.0,23.957811,3.8244534,1971
7785,r3i1p1f1,1971,04,26,0.0,22.719538,5.719504,1971
7786,r3i1p1f1,1971,04,27,0.0,20.499905,5.653567,1971
7787,r3i1p1f1,1971,04,28,0.0,19.464678,4.922838,1971
7788,r3i1p1f1,1971,04,29,0.0,23.668722,6.0060134,1971
7789,r3i1p1f1,1971,04,30,0.0,28.302532,8.049485,1971
7790,r3i1p1f1,1971,05,01,0.64826500682485,27.751743,9.644034,1971
7791,r3i1p1f1,1971,05,02,0.2237214096232109,23.741327,8.035116,1971
7792,r3i1p1f1,1971,05,03,11.836515517758304,17.929903,3.5832489,1971
7793,r3i1p1f1,1971,05,04,0.42788416002095847,19.37592,5.44833,1971
7794,r3i1p1f1,1971,05,05,7.072609737224411,17.129866,3.2468274,1971
7795,r3i1p1f1,1971,05,06,0.988739277205528,18.750427,5.3468814,1971
7796,r3i1p1f1,1971,05,07,0.7270069970361778,17.292828,3.7324762,1971
7797,r3i1p1f1,1971,05,08,0.9521390421373086,6.4156036,-4.344343,1971
7798,r3i1p1f1,1971,05,09,0.0,11.805511,-4.2109947,1971
7799,r3i1p1f1,1971,05,10,0.0,12.889091,1.4313115,1971
7800,r3i1p1f1,1971,05,11,0.8356084975132131,17.867054,-0.3550434,1971
7801,r3i1p1f1,1971,05,12,1.9920118090292243,18.645304,3.082396,1971
7802,r3i1p1f1,1971,05,13,0.9574380866788009,18.327747,5.8884473,1971
7803,r3i1p1f1,1971,05,14,0.0,21.296608,5.81142,1971
7804,r3i1p1f1,1971,05,15,0.0,22.828892,5.4124694,1971
7805,r3i1p1f1,1971,05,16,0.0,24.617702,5.71459,1971
7806,r3i1p1f1,1971,05,17,0.0,25.935844,7.875823,1971
7807,r3i1p1f1,1971,05,18,0.07789650212783415,24.514738,8.06792,1971
7808,r3i1p1f1,1971,05,19,0.3914699927631055,22.608923,8.276197,1971
7809,r3i1p1f1,1971,05,20,0.0,23.267578,9.129145,1971
7810,r3i1p1f1,1971,05,21,0.0,23.614452,7.514204,1971
7811,r3i1p1f1,1971,05,22,0.0,25.103937,7.5505805,1971
7812,r3i1p1f1,1971,05,23,0.0,24.642292,8.787447,1971
7813,r3i1p1f1,1971,05,24,0.0,24.133184,9.131339,1971
7814,r3i1p1f1,1971,05,25,0.0,27.879374,10.393712,1971
7815,r3i1p1f1,1971,05,26,0.0,29.259903,11.904162,1971
7816,r3i1p1f1,1971,05,27,0.0,28.75245,13.498039,1971
7817,r3i1p1f1,1971,05,28,0.0,28.24997,11.9279785,1971
7818,r3i1p1f1,1971,05,29,0.0,27.818537,12.0456,1971
7819,r3i1p1f1,1971,05,30,0.0,27.62479,12.1217165,1971
7820,r3i1p1f1,1971,05,31,0.0,25.483057,11.982936,1971
7821,r3i1p1f1,1971,06,01,0.0,25.829813,10.896724,1971
7822,r3i1p1f1,1971,06,02,0.0,28.35872,11.705707,1971
7823,r3i1p1f1,1971,06,03,0.0,30.630424,13.2736635,1971
7824,r3i1p1f1,1971,06,04,0.0,31.809614,15.650379,1971
7825,r3i1p1f1,1971,06,05,0.0,31.642303,15.314384,1971
7826,r3i1p1f1,1971,06,06,0.0,30.861757,14.470073,1971
7827,r3i1p1f1,1971,06,07,0.0,27.29957,11.252286,1971
7828,r3i1p1f1,1971,06,08,0.36736702206422034,19.036905,3.1095111,1971
7829,r3i1p1f1,1971,06,09,0.37663638695927437,12.455346,5.5741186,1971
7830,r3i1p1f1,1971,06,10,0.0,15.835891,4.565518,1971
7831,r3i1p1f1,1971,06,11,0.0,19.927847,6.2279854,1971
7832,r3i1p1f1,1971,06,12,0.0,20.660791,6.2135386,1971
7833,r3i1p1f1,1971,06,13,0.0,25.85089,7.7173734,1971
7834,r3i1p1f1,1971,06,14,0.0,28.556248,10.68759,1971
7835,r3i1p1f1,1971,06,15,0.0,30.252375,12.4459915,1971
7836,r3i1p1f1,1971,06,16,0.0,29.252462,15.266336,1971
7837,r3i1p1f1,1971,06,17,0.0,25.405052,9.642487,1971
7838,r3i1p1f1,1971,06,18,0.0,25.429028,7.8558784,1971
7839,r3i1p1f1,1971,06,19,0.0,27.771633,11.162235,1971
7840,r3i1p1f1,1971,06,20,0.0,28.598804,13.84229,1971
7841,r3i1p1f1,1971,06,21,0.0,28.231594,13.031341,1971
7842,r3i1p1f1,1971,06,22,0.0,27.26589,11.5093975,1971
7843,r3i1p1f1,1971,06,23,0.0,27.864492,11.988174,1971
7844,r3i1p1f1,1971,06,24,0.0,27.400562,11.674098,1971
7845,r3i1p1f1,1971,06,25,0.0,26.232056,12.208163,1971
7846,r3i1p1f1,1971,06,26,0.0,26.913239,10.767437,1971
7847,r3i1p1f1,1971,06,27,0.0,26.768028,10.172553,1971
7848,r3i1p1f1,1971,06,28,0.0,29.600344,11.03908,1971
7849,r3i1p1f1,1971,06,29,0.0,31.326511,13.96082,1971
7850,r3i1p1f1,1971,06,30,0.0,31.324154,14.24454,1971
7851,r3i1p1f1,1971,07,01,0.0,30.30765,12.733754,1971
7852,r3i1p1f1,1971,07,02,0.0,28.093552,11.835705,1971
7853,r3i1p1f1,1971,07,03,0.0,26.234299,10.852903,1971
7854,r3i1p1f1,1971,07,04,0.0,25.174833,9.31035,1971
7855,r3i1p1f1,1971,07,05,0.0,24.204222,8.005861,1971
7856,r3i1p1f1,1971,07,06,0.0,22.249113,6.5711617,1971
7857,r3i1p1f1,1971,07,07,0.0,23.646576,7.6544003,1971
7858,r3i1p1f1,1971,07,08,0.0,23.214521,7.0488243,1971
7859,r3i1p1f1,1971,07,09,0.665800714571225,20.663225,6.5591807,1971
7860,r3i1p1f1,1971,07,10,0.0,18.989918,5.7050095,1971
7861,r3i1p1f1,1971,07,11,0.0,20.716663,5.748643,1971
7862,r3i1p1f1,1971,07,12,0.0,23.75922,7.0165787,1971
7863,r3i1p1f1,1971,07,13,0.0,28.094257,9.591024,1971
7864,r3i1p1f1,1971,07,14,0.0,29.021149,12.646131,1971
7865,r3i1p1f1,1971,07,15,0.0,28.729197,12.83589,1971
7866,r3i1p1f1,1971,07,16,0.0,28.177786,12.026517,1971
7867,r3i1p1f1,1971,07,17,0.0,25.874443,10.210024,1971
7868,r3i1p1f1,1971,07,18,0.0,27.327429,10.327672,1971
7869,r3i1p1f1,1971,07,19,0.0,30.053135,11.686957,1971
7870,r3i1p1f1,1971,07,20,0.0,31.706017,14.203691,1971
7871,r3i1p1f1,1971,07,21,0.0,30.994205,15.323631,1971
7872,r3i1p1f1,1971,07,22,0.0,33.334965,15.701406,1971
7873,r3i1p1f1,1971,07,23,0.0,33.143417,17.317764,1971
7874,r3i1p1f1,1971,07,24,0.0,32.13616,15.998359,1971
7875,r3i1p1f1,1971,07,25,0.0,32.926197,15.002526,1971
7876,r3i1p1f1,1971,07,26,0.0,33.71501,15.858192,1971
7877,r3i1p1f1,1971,07,27,0.0,33.519524,16.663944,1971
7878,r3i1p1f1,1971,07,28,0.0,33.80789,16.597286,1971
7879,r3i1p1f1,1971,07,29,0.0,34.351128,17.218792,1971
7880,r3i1p1f1,1971,07,30,0.0,34.79455,18.296041,1971
7881,r3i1p1f1,1971,07,31,0.0,35.282436,18.391792,1971
7882,r3i1p1f1,1971,08,01,0.0,35.626053,18.718582,1971
7883,r3i1p1f1,1971,08,02,0.0,35.49451,18.382322,1971
7884,r3i1p1f1,1971,08,03,0.0,35.155388,17.984684,1971
7885,r3i1p1f1,1971,08,04,0.0,34.293633,18.085264,1971
7886,r3i1p1f1,1971,08,05,0.0,36.892345,18.022686,1971
7887,r3i1p1f1,1971,08,06,0.0,37.008217,17.928488,1971
7888,r3i1p1f1,1971,08,07,0.0,33.96909,16.43693,1971
7889,r3i1p1f1,1971,08,08,0.0,31.010601,14.45028,1971
7890,r3i1p1f1,1971,08,09,0.0,32.126953,14.431012,1971
7891,r3i1p1f1,1971,08,10,0.0,33.780342,16.098757,1971
7892,r3i1p1f1,1971,08,11,0.0,33.841072,17.02011,1971
7893,r3i1p1f1,1971,08,12,0.8799914001046043,28.576925,14.396841,1971
7894,r3i1p1f1,1971,08,13,0.0375940041665576,26.450796,14.5457,1971
7895,r3i1p1f1,1971,08,14,0.8919348031332973,26.696796,14.874391,1971
7896,r3i1p1f1,1971,08,15,2.8623415599883484,28.322464,14.414342,1971
7897,r3i1p1f1,1971,08,16,0.3554291822135718,28.26213,13.087959,1971
7898,r3i1p1f1,1971,08,17,0.013554422184824944,28.035688,10.966819,1971
7899,r3i1p1f1,1971,08,18,0.0,29.098724,11.6498,1971
7900,r3i1p1f1,1971,08,19,0.0,29.0678,12.252941,1971
7901,r3i1p1f1,1971,08,20,0.0,27.919008,11.376897,1971
7902,r3i1p1f1,1971,08,21,0.0,26.592623,12.101476,1971
7903,r3i1p1f1,1971,08,22,0.0,27.302315,11.249971,1971
7904,r3i1p1f1,1971,08,23,0.0,27.202888,11.083262,1971
7905,r3i1p1f1,1971,08,24,0.0,26.118032,9.79843,1971
7906,r3i1p1f1,1971,08,25,0.0,21.558308,6.7159514,1971
7907,r3i1p1f1,1971,08,26,0.0,23.914371,7.5714293,1971
7908,r3i1p1f1,1971,08,27,0.0,26.467129,9.817742,1971
7909,r3i1p1f1,1971,08,28,0.0,26.26685,10.752144,1971
7910,r3i1p1f1,1971,08,29,0.0,22.783644,7.515648,1971
7911,r3i1p1f1,1971,08,30,0.0,21.51786,7.775638,1971
7912,r3i1p1f1,1971,08,31,0.377591354873929,23.12407,10.91651,1971
7913,r3i1p1f1,1971,09,01,0.0,21.214746,7.7080474,1971
7914,r3i1p1f1,1971,09,02,0.0,23.173716,7.326805,1971
7915,r3i1p1f1,1971,09,03,0.0,25.831078,9.0248,1971
7916,r3i1p1f1,1971,09,04,0.0,26.760946,10.482676,1971
7917,r3i1p1f1,1971,09,05,0.0,28.630493,10.463173,1971
7918,r3i1p1f1,1971,09,06,0.0,28.060593,12.3548975,1971
7919,r3i1p1f1,1971,09,07,0.0,28.035297,12.096449,1971
7920,r3i1p1f1,1971,09,08,0.0,27.20922,11.677199,1971
7921,r3i1p1f1,1971,09,09,0.0,25.844131,10.597016,1971
7922,r3i1p1f1,1971,09,10,0.0,23.609852,10.231488,1971
7923,r3i1p1f1,1971,09,11,0.0,23.368292,8.156579,1971
7924,r3i1p1f1,1971,09,12,0.0,22.728619,7.966932,1971
7925,r3i1p1f1,1971,09,13,0.0,21.197252,6.953325,1971
7926,r3i1p1f1,1971,09,14,0.0,21.63349,6.5797944,1971
7927,r3i1p1f1,1971,09,15,0.0,21.737656,6.293692,1971
7928,r3i1p1f1,1971,09,16,0.0,20.814388,5.911265,1971
7929,r3i1p1f1,1971,09,17,0.0,18.554365,5.4810452,1971
7930,r3i1p1f1,1971,09,18,0.0,19.853222,4.624225,1971
7931,r3i1p1f1,1971,09,19,0.0,22.28793,5.0483947,1971
7932,r3i1p1f1,1971,09,20,0.0,22.871181,6.2750835,1971
7933,r3i1p1f1,1971,09,21,0.0,22.878841,6.294308,1971
7934,r3i1p1f1,1971,09,22,0.0,23.505482,6.6522827,1971
7935,r3i1p1f1,1971,09,23,0.0,22.955383,7.946937,1971
7936,r3i1p1f1,1971,09,24,0.0,19.766188,4.304561,1971
7937,r3i1p1f1,1971,09,25,0.0,14.568904,2.2539904,1971
7938,r3i1p1f1,1971,09,26,0.0,16.586401,0.8159038,1971
7939,r3i1p1f1,1971,09,27,0.0,19.251057,3.271794,1971
7940,r3i1p1f1,1971,09,28,0.0,24.327734,6.520191,1971
7941,r3i1p1f1,1971,09,29,0.0,25.835905,8.906624,1971
7942,r3i1p1f1,1971,09,30,0.0,27.42155,10.614778,1971
7943,r3i1p1f1,1971,10,01,0.0,25.86528,10.302398,1971
7944,r3i1p1f1,1971,10,02,0.0,17.265182,5.382924,1971
7945,r3i1p1f1,1971,10,03,0.0,15.105549,1.9390726,1971
7946,r3i1p1f1,1971,10,04,22.449485211339045,14.468379,0.09467814,1971
7947,r3i1p1f1,1971,10,05,0.0,13.796402,-2.1320028,1971
7948,r3i1p1f1,1971,10,06,0.0,18.684156,0.79906666,1971
7949,r3i1p1f1,1971,10,07,0.0,20.477518,3.6744733,1971
7950,r3i1p1f1,1971,10,08,1.0381928370502704,22.161083,9.801616,1971
7951,r3i1p1f1,1971,10,09,0.424415379836175,16.422596,1.2800469,1971
7952,r3i1p1f1,1971,10,10,0.0030350793071863193,14.899656,-0.33977303,1971
7953,r3i1p1f1,1971,10,11,7.287088482074691,8.084208,0.4068161,1971
7954,r3i1p1f1,1971,10,12,0.0,17.007523,0.44351763,1971
7955,r3i1p1f1,1971,10,13,0.0,21.327812,4.7880316,1971
7956,r3i1p1f1,1971,10,14,0.0,23.778002,6.642855,1971
7957,r3i1p1f1,1971,10,15,0.0,25.707153,7.296213,1971
7958,r3i1p1f1,1971,10,16,0.03361302660778165,24.61684,9.946653,1971
7959,r3i1p1f1,1971,10,17,6.646564966185427,19.975119,8.29727,1971
7960,r3i1p1f1,1971,10,18,0.6730465135708648,14.225479,2.2759233,1971
7961,r3i1p1f1,1971,10,19,3.6428323393920437,11.880653,2.5166194,1971
7962,r3i1p1f1,1971,10,20,15.443534162860535,7.2726426,0.49099815,1971
7963,r3i1p1f1,1971,10,21,0.0,13.78047,-2.9239876,1971
7964,r3i1p1f1,1971,10,22,0.0,15.90202,1.036698,1971
7965,r3i1p1f1,1971,10,23,0.0,17.291553,1.0194578,1971
7966,r3i1p1f1,1971,10,24,0.0,15.652443,2.8901868,1971
7967,r3i1p1f1,1971,10,25,0.0,17.27659,4.297659,1971
7968,r3i1p1f1,1971,10,26,0.0,17.029291,4.3635335,1971
7969,r3i1p1f1,1971,10,27,0.0,16.540424,2.927035,1971
7970,r3i1p1f1,1971,10,28,1.7704232338521826,15.113546,3.916563,1971
7971,r3i1p1f1,1971,10,29,1.7043001804650932,14.381303,1.0063607,1971
7972,r3i1p1f1,1971,10,30,0.0,16.821484,4.238253,1971
7973,r3i1p1f1,1971,10,31,0.0,18.487726,2.748086,1971
7974,r3i1p1f1,1971,11,01,0.0,18.512829,2.595061,1971
7975,r3i1p1f1,1971,11,02,0.0,16.38697,4.505467,1971
7976,r3i1p1f1,1971,11,03,0.797037600300667,12.724813,4.0555816,1971
7977,r3i1p1f1,1971,11,04,0.19822180696983674,11.816737,-1.558024,1971
7978,r3i1p1f1,1971,11,05,0.0,10.148229,-3.1905553,1971
7979,r3i1p1f1,1971,11,06,0.0,10.928369,-1.4511902,1971
7980,r3i1p1f1,1971,11,07,0.0,13.628465,-1.3797096,1971
7981,r3i1p1f1,1971,11,08,0.0,13.997754,-0.20663862,1971
7982,r3i1p1f1,1971,11,09,0.7658059964581442,9.914444,2.1386323,1971
7983,r3i1p1f1,1971,11,10,0.0,16.936499,4.2471895,1971
7984,r3i1p1f1,1971,11,11,0.0,16.804913,4.179462,1971
7985,r3i1p1f1,1971,11,12,23.10888910004379,14.396831,6.9504614,1971
7986,r3i1p1f1,1971,11,13,0.0,19.653835,4.4432755,1971
7987,r3i1p1f1,1971,11,14,0.0,18.661423,4.2680264,1971
7988,r3i1p1f1,1971,11,15,0.0,14.924528,5.3796954,1971
7989,r3i1p1f1,1971,11,16,11.680097771597119,10.421097,2.9657958,1971
7990,r3i1p1f1,1971,11,17,8.38988018440432,9.3263855,-0.8109223,1971
7991,r3i1p1f1,1971,11,18,27.630154317931126,6.0981674,-1.3235896,1971
7992,r3i1p1f1,1971,11,19,12.046738584774031,3.735651,-2.9315312,1971
7993,r3i1p1f1,1971,11,20,0.0,3.6341228,-2.1824007,1971
7994,r3i1p1f1,1971,11,21,10.780569214042963,1.9266013,-4.727976,1971
7995,r3i1p1f1,1971,11,22,0.5038885671207314,-0.76883215,-6.562972,1971
7996,r3i1p1f1,1971,11,23,0.0,1.7203369,-10.053115,1971
7997,r3i1p1f1,1971,11,24,19.046084428402153,1.5020058,-3.9017355,1971
7998,r3i1p1f1,1971,11,25,0.0,3.4237583,-13.28955,1971
7999,r3i1p1f1,1971,11,26,48.988630946137405,3.086418,-5.0170584,1971
8000,r3i1p1f1,1971,11,27,13.47244498932636,3.5036469,-1.1128154,1971
8001,r3i1p1f1,1971,11,28,16.342503686993087,2.9282427,-1.8744662,1971
8002,r3i1p1f1,1971,11,29,0.0,5.26278,-8.820022,1971
8003,r3i1p1f1,1971,11,30,0.0,6.052659,-2.6367397,1971
8004,r3i1p1f1,1971,12,01,0.0,7.1827765,-1.9902116,1971
8005,r3i1p1f1,1971,12,02,15.042935031172084,6.961599,-0.031907227,1971
8006,r3i1p1f1,1971,12,03,0.0,12.434813,1.6626904,1971
8007,r3i1p1f1,1971,12,04,0.0,13.974365,5.0576572,1971
8008,r3i1p1f1,1971,12,05,0.12041963027992383,12.662572,6.675961,1971
8009,r3i1p1f1,1971,12,06,2.556165007626987,13.56708,4.911301,1971
8010,r3i1p1f1,1971,12,07,0.0,14.614929,2.215009,1971
8011,r3i1p1f1,1971,12,08,0.26438415726787706,13.742003,7.864504,1971
8012,r3i1p1f1,1971,12,09,73.6763984062954,10.750701,4.1146317,1971
8013,r3i1p1f1,1971,12,10,21.431990744742123,5.44555,-0.6154542,1971
8014,r3i1p1f1,1971,12,11,1.412485399142545,8.070452,0.7869631,1971
8015,r3i1p1f1,1971,12,12,4.917632293597164,5.842556,-1.4934242,1971
8016,r3i1p1f1,1971,12,13,15.735057894275279,5.4370203,0.25210392,1971
8017,r3i1p1f1,1971,12,14,1.6137943992553598,7.041917,-2.892421,1971
8018,r3i1p1f1,1971,12,15,1.5611476384755836,8.8302765,2.6706572,1971
8019,r3i1p1f1,1971,12,16,18.27818425617328,6.7517138,0.5285481,1971
8020,r3i1p1f1,1971,12,17,51.50433724353972,3.7234936,-2.0703585,1971
8021,r3i1p1f1,1971,12,18,23.2637891006705,2.3678892,-2.6721783,1971
8022,r3i1p1f1,1971,12,19,0.0,6.8289566,-4.511628,1971
8023,r3i1p1f1,1971,12,20,0.0,9.393682,-2.3577106,1971
8024,r3i1p1f1,1971,12,21,0.0,10.181779,3.7995784,1971
8025,r3i1p1f1,1971,12,22,11.623594313737398,5.7235456,-0.18447566,1971
8026,r3i1p1f1,1971,12,23,0.0,6.280724,-2.8755112,1971
8027,r3i1p1f1,1971,12,24,0.0,8.992317,-1.2103548,1971
8028,r3i1p1f1,1971,12,25,0.0,13.172589,-0.52084315,1971
8029,r3i1p1f1,1971,12,26,0.0,9.336937,3.5721865,1971
8030,r3i1p1f1,1971,12,27,26.495682149145164,3.385425,-1.0835911,1971
8031,r3i1p1f1,1971,12,28,7.432348037132454,0.7041688,-7.202193,1971
8032,r3i1p1f1,1971,12,29,0.06247194251045585,5.0189323,-1.6425531,1971
8033,r3i1p1f1,1971,12,30,8.520143679465706,3.0756645,-1.9948738,1971
8034,r3i1p1f1,1971,12,31,0.0,7.527728,-5.916012,1971
8035,r3i1p1f1,1972,01,01,0.0,5.8346744,-4.85102,1972
8036,r3i1p1f1,1972,01,02,0.0,3.1869798,-7.1513886,1972
8037,r3i1p1f1,1972,01,03,0.0,2.628929,-6.6080947,1972
8038,r3i1p1f1,1972,01,04,0.0,4.6564355,-5.203166,1972
8039,r3i1p1f1,1972,01,05,0.0,7.445677,-4.6534643,1972
8040,r3i1p1f1,1972,01,06,0.0,7.974952,-5.2425613,1972
8041,r3i1p1f1,1972,01,07,0.0,8.089069,-5.5793686,1972
8042,r3i1p1f1,1972,01,08,0.0,6.734183,-4.933737,1972
8043,r3i1p1f1,1972,01,09,0.0,5.49188,-5.157158,1972
8044,r3i1p1f1,1972,01,10,0.0,5.268176,-4.4519506,1972
8045,r3i1p1f1,1972,01,11,0.0,6.553449,-4.7409806,1972
8046,r3i1p1f1,1972,01,12,0.0,10.170073,-2.886663,1972
8047,r3i1p1f1,1972,01,13,0.0,11.239287,-1.547842,1972
8048,r3i1p1f1,1972,01,14,0.0,15.503079,2.5304565,1972
8049,r3i1p1f1,1972,01,15,0.0,14.481885,3.239392,1972
8050,r3i1p1f1,1972,01,16,0.0,15.557975,6.4844923,1972
8051,r3i1p1f1,1972,01,17,12.707571861775298,11.496528,2.6598115,1972
8052,r3i1p1f1,1972,01,18,0.20516634724213204,11.695177,2.3625736,1972
8053,r3i1p1f1,1972,01,19,58.25604039097303,8.628188,3.0486488,1972
8054,r3i1p1f1,1972,01,20,5.891072099956019,4.282,-4.682111,1972
8055,r3i1p1f1,1972,01,21,0.0,7.256155,-4.1707296,1972
8056,r3i1p1f1,1972,01,22,0.0,8.872491,-2.9533405,1972
8057,r3i1p1f1,1972,01,23,0.0,6.54461,-5.3803678,1972
8058,r3i1p1f1,1972,01,24,0.0,5.4368877,-6.9606557,1972
8059,r3i1p1f1,1972,01,25,0.0,5.158449,-7.6775556,1972
8060,r3i1p1f1,1972,01,26,0.0,4.2040143,-7.546205,1972
8061,r3i1p1f1,1972,01,27,0.0,3.0135257,-8.344677,1972
8062,r3i1p1f1,1972,01,28,0.0,5.0015707,-9.721139,1972
8063,r3i1p1f1,1972,01,29,0.0,5.5911117,-7.4635,1972
8064,r3i1p1f1,1972,01,30,35.26936359458456,4.211475,-6.4522853,1972
8065,r3i1p1f1,1972,01,31,30.85555144536652,4.46463,-1.7151676,1972
8066,r3i1p1f1,1972,02,01,48.69359764515569,4.9833364,0.8486625,1972
8067,r3i1p1f1,1972,02,02,37.948189416017975,4.273879,-0.64140624,1972
8068,r3i1p1f1,1972,02,03,17.20947747265822,3.0248609,-3.1562045,1972
8069,r3i1p1f1,1972,02,04,16.151582460703427,3.1450365,-2.3146982,1972
8070,r3i1p1f1,1972,02,05,37.40863507417472,3.789193,-1.2908292,1972
8071,r3i1p1f1,1972,02,06,60.72538574471285,4.2327356,-0.9338395,1972
8072,r3i1p1f1,1972,02,07,3.9282714191358536,3.8078911,-8.699157,1972
8073,r3i1p1f1,1972,02,08,8.175013258005492,2.385622,-4.0520844,1972
8074,r3i1p1f1,1972,02,09,5.555927728518758,3.8944392,-1.540489,1972
8075,r3i1p1f1,1972,02,10,0.011107905179654298,9.178096,-2.81852,1972
8076,r3i1p1f1,1972,02,11,0.0,7.7085505,-2.2519464,1972
8077,r3i1p1f1,1972,02,12,7.05495536125167,1.6293327,-10.06396,1972
8078,r3i1p1f1,1972,02,13,0.06333722317082759,3.1500387,-6.6407475,1972
8079,r3i1p1f1,1972,02,14,0.0,2.8498385,-11.405774,1972
8080,r3i1p1f1,1972,02,15,0.0,6.51698,-7.2252784,1972
8081,r3i1p1f1,1972,02,16,0.0,8.159092,-7.1717978,1972
8082,r3i1p1f1,1972,02,17,0.0,10.218148,-4.2327547,1972
8083,r3i1p1f1,1972,02,18,4.452583308432766,8.156433,-2.7907407,1972
8084,r3i1p1f1,1972,02,19,28.602569503709674,6.6630487,-1.8218428,1972
8085,r3i1p1f1,1972,02,20,10.715015459764368,3.9479704,-3.7795753,1972
8086,r3i1p1f1,1972,02,21,30.557374707055523,2.1791508,-3.897749,1972
8087,r3i1p1f1,1972,02,22,14.699296184392695,0.32034886,-5.0173583,1972
8088,r3i1p1f1,1972,02,23,7.307813866799207,-0.7242756,-9.009741,1972
8089,r3i1p1f1,1972,02,24,0.0,2.6986089,-13.754791,1972
8090,r3i1p1f1,1972,02,25,0.0,5.434924,-10.789421,1972
8091,r3i1p1f1,1972,02,26,0.7205907614805159,2.820739,-7.9402156,1972
8092,r3i1p1f1,1972,02,27,4.962158011192897,-2.4257023,-13.457662,1972
8093,r3i1p1f1,1972,02,28,34.826060822601185,-4.2073846,-10.3136635,1972
8094,r3i1p1f1,1972,02,29,0.0,-0.652508,-13.536632,1972
8095,r3i1p1f1,1972,03,01,0.0,2.762661,-7.5202966,1972
8096,r3i1p1f1,1972,03,02,0.0,4.986734,-13.091179,1972
8097,r3i1p1f1,1972,03,03,0.0,6.986393,-7.901848,1972
8098,r3i1p1f1,1972,03,04,2.581168598829352,2.184958,-8.884185,1972
8099,r3i1p1f1,1972,03,05,20.19562183229841,1.3820002,-4.712709,1972
8100,r3i1p1f1,1972,03,06,0.0,2.6534967,-9.557024,1972
8101,r3i1p1f1,1972,03,07,1.3025924686907704,-0.25256938,-8.716154,1972
8102,r3i1p1f1,1972,03,08,0.0,5.0348854,-10.875528,1972
8103,r3i1p1f1,1972,03,09,0.0,6.8988237,-11.191246,1972
8104,r3i1p1f1,1972,03,10,5.19399655395797,3.400034,-7.0869665,1972
8105,r3i1p1f1,1972,03,11,30.288451238486328,5.5217814,1.0495142,1972
8106,r3i1p1f1,1972,03,12,17.053652693223405,6.6905937,1.6243004,1972
8107,r3i1p1f1,1972,03,13,58.16912489796155,5.8239655,2.0686843,1972
8108,r3i1p1f1,1972,03,14,0.0,8.51947,-3.7187045,1972
8109,r3i1p1f1,1972,03,15,0.0,8.878919,-5.31301,1972
8110,r3i1p1f1,1972,03,16,0.0,10.515636,-3.1941128,1972
8111,r3i1p1f1,1972,03,17,0.0,15.070438,-0.76183856,1972
8112,r3i1p1f1,1972,03,18,0.0,16.296917,1.222078,1972
8113,r3i1p1f1,1972,03,19,0.0,16.747566,1.016099,1972
8114,r3i1p1f1,1972,03,20,0.0,16.926512,2.3162909,1972
8115,r3i1p1f1,1972,03,21,0.0,17.126152,4.8219767,1972
8116,r3i1p1f1,1972,03,22,0.0,17.737831,2.846446,1972
8117,r3i1p1f1,1972,03,23,0.3603961474589979,14.464055,4.209915,1972
8118,r3i1p1f1,1972,03,24,8.628447090986333,6.9534793,-2.9473727,1972
8119,r3i1p1f1,1972,03,25,0.0,7.4502034,-5.478526,1972
8120,r3i1p1f1,1972,03,26,0.0,9.43334,-4.1048856,1972
8121,r3i1p1f1,1972,03,27,0.0,12.837795,-2.1418521,1972
8122,r3i1p1f1,1972,03,28,0.0,12.741762,-2.6779985,1972
8123,r3i1p1f1,1972,03,29,0.08721785393151406,11.343733,-2.1502225,1972
8124,r3i1p1f1,1972,03,30,12.593494246615784,4.1838694,-2.0212834,1972
8125,r3i1p1f1,1972,03,31,0.0,9.639398,-3.804042,1972
8126,r3i1p1f1,1972,04,01,0.0,11.571678,-4.069464,1972
8127,r3i1p1f1,1972,04,02,0.0,10.891934,-2.7472901,1972
8128,r3i1p1f1,1972,04,03,0.0,11.892403,-2.3550298,1972
8129,r3i1p1f1,1972,04,04,0.03848237630384239,12.659193,-0.6106491,1972
8130,r3i1p1f1,1972,04,05,0.0,15.006442,-0.19861458,1972
8131,r3i1p1f1,1972,04,06,0.0,16.566462,1.0363514,1972
8132,r3i1p1f1,1972,04,07,0.0,17.187004,2.0572495,1972
8133,r3i1p1f1,1972,04,08,0.000490135425934568,14.229972,1.0499339,1972
8134,r3i1p1f1,1972,04,09,0.0,13.050321,-0.0052633006,1972
8135,r3i1p1f1,1972,04,10,0.007996502666317514,10.034108,-0.3868732,1972
8136,r3i1p1f1,1972,04,11,0.3732109285644918,8.320152,-0.9292883,1972
8137,r3i1p1f1,1972,04,12,0.0,14.732346,-1.2605257,1972
8138,r3i1p1f1,1972,04,13,0.0,16.219866,-0.41925788,1972
8139,r3i1p1f1,1972,04,14,0.0,17.954563,4.149351,1972
8140,r3i1p1f1,1972,04,15,0.0,19.941689,2.791751,1972
8141,r3i1p1f1,1972,04,16,0.0,21.137379,4.41889,1972
8142,r3i1p1f1,1972,04,17,0.0,19.776012,4.6514983,1972
8143,r3i1p1f1,1972,04,18,12.878273931748577,11.657889,1.2761577,1972
8144,r3i1p1f1,1972,04,19,1.925515152834123,15.186494,0.6273301,1972
8145,r3i1p1f1,1972,04,20,0.0,17.000921,4.790318,1972
8146,r3i1p1f1,1972,04,21,0.0,17.449177,5.368156,1972
8147,r3i1p1f1,1972,04,22,0.0,18.466043,5.7891135,1972
8148,r3i1p1f1,1972,04,23,0.0,17.767792,3.847107,1972
8149,r3i1p1f1,1972,04,24,0.0,17.489153,2.9884331,1972
8150,r3i1p1f1,1972,04,25,0.0,16.470102,3.1978035,1972
8151,r3i1p1f1,1972,04,26,0.38554838367992106,10.839031,0.89443827,1972
8152,r3i1p1f1,1972,04,27,2.46055150254458,16.140411,1.2141956,1972
8153,r3i1p1f1,1972,04,28,0.0,17.637243,4.56554,1972
8154,r3i1p1f1,1972,04,29,0.0,15.1626215,6.1854463,1972
8155,r3i1p1f1,1972,04,30,0.0,18.17333,3.9424593,1972
8156,r3i1p1f1,1972,05,01,0.0,20.388664,4.76096,1972
8157,r3i1p1f1,1972,05,02,0.0,21.046019,5.1152363,1972
8158,r3i1p1f1,1972,05,03,0.0,21.599047,6.470537,1972
8159,r3i1p1f1,1972,05,04,0.0,20.618166,6.816611,1972
8160,r3i1p1f1,1972,05,05,0.0,18.568737,5.872416,1972
8161,r3i1p1f1,1972,05,06,1.495598017917425,15.10514,4.108124,1972
8162,r3i1p1f1,1972,05,07,2.8639652573282977,12.381314,2.5998213,1972
8163,r3i1p1f1,1972,05,08,1.436440551831191,10.156044,1.849065,1972
8164,r3i1p1f1,1972,05,09,2.915701489435282,8.59973,-1.5754849,1972
8165,r3i1p1f1,1972,05,10,0.0,13.80486,-0.77030444,1972
8166,r3i1p1f1,1972,05,11,0.0,14.624857,1.6458124,1972
8167,r3i1p1f1,1972,05,12,0.0,15.831215,1.3790914,1972
8168,r3i1p1f1,1972,05,13,0.0,18.677658,3.109091,1972
8169,r3i1p1f1,1972,05,14,0.0,19.423273,4.9512386,1972
8170,r3i1p1f1,1972,05,15,0.0,22.145575,5.4098296,1972
8171,r3i1p1f1,1972,05,16,0.0,23.509607,7.538043,1972
8172,r3i1p1f1,1972,05,17,0.0,24.902914,6.295607,1972
8173,r3i1p1f1,1972,05,18,0.0,24.191309,7.8792877,1972
8174,r3i1p1f1,1972,05,19,0.008533367700262093,22.14155,7.408794,1972
8175,r3i1p1f1,1972,05,20,2.4300179760949074,20.915514,6.32589,1972
8176,r3i1p1f1,1972,05,21,1.394555159181197,20.083838,5.512884,1972
8177,r3i1p1f1,1972,05,22,0.0,21.173182,6.883813,1972
8178,r3i1p1f1,1972,05,23,0.0,20.364086,6.4680586,1972
8179,r3i1p1f1,1972,05,24,0.0,20.825575,5.764322,1972
8180,r3i1p1f1,1972,05,25,0.0,20.073498,5.19489,1972
8181,r3i1p1f1,1972,05,26,4.893041978970072,14.084866,3.3586335,1972
8182,r3i1p1f1,1972,05,27,31.842795956732804,10.600858,3.5168471,1972
8183,r3i1p1f1,1972,05,28,0.0,17.878902,2.435036,1972
8184,r3i1p1f1,1972,05,29,0.0,19.855093,4.511036,1972
8185,r3i1p1f1,1972,05,30,0.0,19.047487,5.10136,1972
8186,r3i1p1f1,1972,05,31,24.6058037614842,12.613209,4.3174224,1972
8187,r3i1p1f1,1972,06,01,1.2837319006441823,11.8250675,-0.8518632,1972
8188,r3i1p1f1,1972,06,02,9.498168830759823,9.656447,-1.9869142,1972
8189,r3i1p1f1,1972,06,03,0.4131559872276787,14.72716,0.22249985,1972
8190,r3i1p1f1,1972,06,04,0.0,20.298882,2.3764,1972
8191,r3i1p1f1,1972,06,05,0.0,23.523077,5.3197675,1972
8192,r3i1p1f1,1972,06,06,0.0,24.32843,7.252768,1972
8193,r3i1p1f1,1972,06,07,0.0,23.334108,8.01256,1972
8194,r3i1p1f1,1972,06,08,0.0,19.127323,4.6871295,1972
8195,r3i1p1f1,1972,06,09,0.0,21.860083,4.8904576,1972
8196,r3i1p1f1,1972,06,10,0.0,23.020552,6.412164,1972
8197,r3i1p1f1,1972,06,11,0.0,22.103006,7.9097767,1972
8198,r3i1p1f1,1972,06,12,0.0,22.285452,7.024992,1972
8199,r3i1p1f1,1972,06,13,0.0,26.49596,7.665205,1972
8200,r3i1p1f1,1972,06,14,0.0,26.900843,10.547911,1972
8201,r3i1p1f1,1972,06,15,0.0,26.561264,11.064627,1972
8202,r3i1p1f1,1972,06,16,0.0,25.581566,11.602449,1972
8203,r3i1p1f1,1972,06,17,0.0,27.852062,10.883867,1972
8204,r3i1p1f1,1972,06,18,0.2916006534322055,25.813845,10.656883,1972
8205,r3i1p1f1,1972,06,19,1.5996035604314927,24.843525,9.419748,1972
8206,r3i1p1f1,1972,06,20,0.5771541669290807,26.40589,10.877694,1972
8207,r3i1p1f1,1972,06,21,0.04648542357915032,30.543118,13.279169,1972
8208,r3i1p1f1,1972,06,22,0.0,33.52238,14.893654,1972
8209,r3i1p1f1,1972,06,23,9.812300717864051,30.938965,16.25962,1972
8210,r3i1p1f1,1972,06,24,24.737723217051673,17.466259,5.4931726,1972
8211,r3i1p1f1,1972,06,25,0.0,22.444246,4.8193717,1972
8212,r3i1p1f1,1972,06,26,0.0,22.622114,8.640459,1972
8213,r3i1p1f1,1972,06,27,0.0,23.474539,7.537669,1972
8214,r3i1p1f1,1972,06,28,0.0,24.679409,8.395831,1972
8215,r3i1p1f1,1972,06,29,0.0,25.83255,8.562492,1972
8216,r3i1p1f1,1972,06,30,0.0,27.912178,9.213195,1972
8217,r3i1p1f1,1972,07,01,0.0,29.855816,11.865913,1972
8218,r3i1p1f1,1972,07,02,0.0,29.503574,13.539457,1972
8219,r3i1p1f1,1972,07,03,0.0,25.59546,7.862438,1972
8220,r3i1p1f1,1972,07,04,0.0,19.432941,5.8399205,1972
8221,r3i1p1f1,1972,07,05,0.0,19.573336,5.389907,1972
8222,r3i1p1f1,1972,07,06,0.0,21.269594,7.629183,1972
8223,r3i1p1f1,1972,07,07,0.0,26.097538,9.149536,1972
8224,r3i1p1f1,1972,07,08,0.0,29.683502,12.429835,1972
8225,r3i1p1f1,1972,07,09,0.0,30.51351,14.235795,1972
8226,r3i1p1f1,1972,07,10,0.0,30.259663,12.805234,1972
8227,r3i1p1f1,1972,07,11,0.0,29.596697,12.707286,1972
8228,r3i1p1f1,1972,07,12,0.0,29.17997,10.071553,1972
8229,r3i1p1f1,1972,07,13,0.0,30.675774,11.474403,1972
8230,r3i1p1f1,1972,07,14,0.0,30.564646,14.121673,1972
8231,r3i1p1f1,1972,07,15,0.0,30.539005,14.061333,1972
8232,r3i1p1f1,1972,07,16,0.0,30.957914,13.579512,1972
8233,r3i1p1f1,1972,07,17,0.0,31.458778,14.202464,1972
8234,r3i1p1f1,1972,07,18,0.0,32.936108,14.580149,1972
8235,r3i1p1f1,1972,07,19,0.0,32.73663,16.019917,1972
8236,r3i1p1f1,1972,07,20,0.0,32.52383,15.800113,1972
8237,r3i1p1f1,1972,07,21,0.0,30.888464,15.33694,1972
8238,r3i1p1f1,1972,07,22,0.0,29.141956,11.647055,1972
8239,r3i1p1f1,1972,07,23,0.0,25.150867,10.225998,1972
8240,r3i1p1f1,1972,07,24,0.0,27.120537,11.411403,1972
8241,r3i1p1f1,1972,07,25,0.0,29.45252,13.147259,1972
8242,r3i1p1f1,1972,07,26,0.2641466833761354,30.608362,14.235405,1972
8243,r3i1p1f1,1972,07,27,0.02959470975359804,28.529697,12.826648,1972
8244,r3i1p1f1,1972,07,28,0.0,27.030472,11.5289955,1972
8245,r3i1p1f1,1972,07,29,0.0,27.23187,11.227772,1972
8246,r3i1p1f1,1972,07,30,0.0,31.421127,11.594032,1972
8247,r3i1p1f1,1972,07,31,0.0,32.414112,14.322738,1972
8248,r3i1p1f1,1972,08,01,0.0,31.672073,14.571491,1972
8249,r3i1p1f1,1972,08,02,0.0,27.260784,12.390229,1972
8250,r3i1p1f1,1972,08,03,0.04171017928073477,27.171658,10.32014,1972
8251,r3i1p1f1,1972,08,04,0.15097634647023178,25.976284,11.292829,1972
8252,r3i1p1f1,1972,08,05,0.0,25.280403,8.31197,1972
8253,r3i1p1f1,1972,08,06,0.0,27.333445,9.028724,1972
8254,r3i1p1f1,1972,08,07,0.0,28.408651,9.43962,1972
8255,r3i1p1f1,1972,08,08,0.0,29.714382,12.337088,1972
8256,r3i1p1f1,1972,08,09,0.0,28.938305,14.544213,1972
8257,r3i1p1f1,1972,08,10,0.2702349130566673,28.020664,13.212414,1972
8258,r3i1p1f1,1972,08,11,0.0,28.962038,11.182203,1972
8259,r3i1p1f1,1972,08,12,0.0,27.066664,11.078213,1972
8260,r3i1p1f1,1972,08,13,0.0,27.708828,11.824648,1972
8261,r3i1p1f1,1972,08,14,0.0,28.371368,10.687894,1972
8262,r3i1p1f1,1972,08,15,0.0,28.022568,10.041605,1972
8263,r3i1p1f1,1972,08,16,0.0,28.194773,10.585596,1972
8264,r3i1p1f1,1972,08,17,0.0,27.75691,11.308773,1972
8265,r3i1p1f1,1972,08,18,0.0,28.700817,11.208285,1972
8266,r3i1p1f1,1972,08,19,0.0,31.061434,13.926894,1972
8267,r3i1p1f1,1972,08,20,0.0,32.197094,14.46552,1972
8268,r3i1p1f1,1972,08,21,0.0,31.74369,15.362213,1972
8269,r3i1p1f1,1972,08,22,0.0,34.170784,16.076616,1972
8270,r3i1p1f1,1972,08,23,0.0,34.9032,16.88697,1972
8271,r3i1p1f1,1972,08,24,0.0,34.640972,16.89574,1972
8272,r3i1p1f1,1972,08,25,0.0,30.128998,13.031473,1972
8273,r3i1p1f1,1972,08,26,0.0,27.280443,12.325587,1972
8274,r3i1p1f1,1972,08,27,0.0,28.627052,12.211687,1972
8275,r3i1p1f1,1972,08,28,0.0,32.482906,14.372991,1972
8276,r3i1p1f1,1972,08,29,0.0,38.017292,18.143772,1972
8277,r3i1p1f1,1972,08,30,0.0,39.10683,19.76026,1972
8278,r3i1p1f1,1972,08,31,0.0,38.512005,20.338484,1972
8279,r3i1p1f1,1972,09,01,0.0,35.659733,18.873009,1972
8280,r3i1p1f1,1972,09,02,0.0,31.663422,15.58949,1972
8281,r3i1p1f1,1972,09,03,0.0,26.541359,11.509626,1972
8282,r3i1p1f1,1972,09,04,0.0,29.595383,13.63912,1972
8283,r3i1p1f1,1972,09,05,0.0,32.19597,13.723658,1972
8284,r3i1p1f1,1972,09,06,0.0,31.430511,15.011806,1972
8285,r3i1p1f1,1972,09,07,0.0,29.48032,12.299908,1972
8286,r3i1p1f1,1972,09,08,0.0,18.721207,7.418806,1972
8287,r3i1p1f1,1972,09,09,0.0,20.348204,7.3879557,1972
8288,r3i1p1f1,1972,09,10,17.3171329664719,21.25514,7.0269775,1972
8289,r3i1p1f1,1972,09,11,0.5467982637128443,13.14417,1.354228,1972
8290,r3i1p1f1,1972,09,12,0.0,18.042591,1.7178715,1972
8291,r3i1p1f1,1972,09,13,0.0,21.537657,5.630745,1972
8292,r3i1p1f1,1972,09,14,0.0,21.15192,6.3614283,1972
8293,r3i1p1f1,1972,09,15,0.0,19.402046,4.586369,1972
8294,r3i1p1f1,1972,09,16,0.0,21.461916,5.629558,1972
8295,r3i1p1f1,1972,09,17,0.0,20.772375,5.770196,1972
8296,r3i1p1f1,1972,09,18,0.0,21.65721,5.5435157,1972
8297,r3i1p1f1,1972,09,19,0.0,20.902431,5.470659,1972
8298,r3i1p1f1,1972,09,20,0.0,19.965624,5.1090865,1972
8299,r3i1p1f1,1972,09,21,0.0,24.655905,6.9101405,1972
8300,r3i1p1f1,1972,09,22,0.0,28.631903,10.492256,1972
8301,r3i1p1f1,1972,09,23,0.0,30.075602,12.15403,1972
8302,r3i1p1f1,1972,09,24,0.0,30.021809,11.820632,1972
8303,r3i1p1f1,1972,09,25,0.0,29.056078,13.06443,1972
8304,r3i1p1f1,1972,09,26,0.0,28.513948,11.620019,1972
8305,r3i1p1f1,1972,09,27,0.0,27.21575,10.76108,1972
8306,r3i1p1f1,1972,09,28,0.0,31.482758,12.344913,1972
8307,r3i1p1f1,1972,09,29,0.0,31.285374,13.360816,1972
8308,r3i1p1f1,1972,09,30,0.0,29.60785,14.8656845,1972
8309,r3i1p1f1,1972,10,01,0.0,26.516476,13.374111,1972
8310,r3i1p1f1,1972,10,02,0.0,24.932432,10.712697,1972
8311,r3i1p1f1,1972,10,03,0.0,26.167713,10.304795,1972
8312,r3i1p1f1,1972,10,04,0.1234699345475651,24.523895,10.652512,1972
8313,r3i1p1f1,1972,10,05,0.29805161094899585,22.07705,9.366763,1972
8314,r3i1p1f1,1972,10,06,0.0,19.54008,5.42954,1972
8315,r3i1p1f1,1972,10,07,0.0,21.35961,8.0590925,1972
8316,r3i1p1f1,1972,10,08,0.0,25.985104,9.305318,1972
8317,r3i1p1f1,1972,10,09,0.0,25.334099,9.890021,1972
8318,r3i1p1f1,1972,10,10,0.0,21.175888,6.2688775,1972
8319,r3i1p1f1,1972,10,11,0.0,19.82069,5.001661,1972
8320,r3i1p1f1,1972,10,12,0.0,19.759356,6.0230093,1972
8321,r3i1p1f1,1972,10,13,0.0,21.859615,6.241472,1972
8322,r3i1p1f1,1972,10,14,0.0,22.536947,7.856107,1972
8323,r3i1p1f1,1972,10,15,0.0,23.423916,7.4351163,1972
8324,r3i1p1f1,1972,10,16,0.0,24.795048,7.3709292,1972
8325,r3i1p1f1,1972,10,17,0.0,24.25726,8.254622,1972
8326,r3i1p1f1,1972,10,18,0.0,26.55478,8.485241,1972
8327,r3i1p1f1,1972,10,19,0.0,26.125298,9.360846,1972
8328,r3i1p1f1,1972,10,20,0.0,25.351437,10.908767,1972
8329,r3i1p1f1,1972,10,21,0.0,22.713371,6.339127,1972
8330,r3i1p1f1,1972,10,22,0.0,25.165426,7.3023186,1972
8331,r3i1p1f1,1972,10,23,0.0,23.75653,8.981051,1972
8332,r3i1p1f1,1972,10,24,0.0,16.893705,5.0125184,1972
8333,r3i1p1f1,1972,10,25,0.0,21.099754,4.976334,1972
8334,r3i1p1f1,1972,10,26,0.0,24.440557,7.2616916,1972
8335,r3i1p1f1,1972,10,27,0.0,25.503704,9.938274,1972
8336,r3i1p1f1,1972,10,28,0.0,24.318056,9.108047,1972
8337,r3i1p1f1,1972,10,29,3.4082721161355853,25.898989,11.917061,1972
8338,r3i1p1f1,1972,10,30,0.7782386966650129,19.34798,5.414934,1972
8339,r3i1p1f1,1972,10,31,0.0,21.349882,6.7993865,1972
8340,r3i1p1f1,1972,11,01,1.4285175886470824,20.952297,10.469877,1972
8341,r3i1p1f1,1972,11,02,0.0,19.48223,5.0526366,1972
8342,r3i1p1f1,1972,11,03,12.889017910990669,17.533459,8.504216,1972
8343,r3i1p1f1,1972,11,04,0.0,13.062578,-0.40153793,1972
8344,r3i1p1f1,1972,11,05,0.10101266004647569,13.467527,-0.028634768,1972
8345,r3i1p1f1,1972,11,06,54.27813106951745,10.068999,0.73145974,1972
8346,r3i1p1f1,1972,11,07,43.16958175776036,3.6881633,-2.2543123,1972
8347,r3i1p1f1,1972,11,08,38.90923915896565,1.8971932,-3.3328574,1972
8348,r3i1p1f1,1972,11,09,0.013698093090696554,5.417946,-8.68991,1972
8349,r3i1p1f1,1972,11,10,0.0,7.824813,-8.608259,1972
8350,r3i1p1f1,1972,11,11,0.0,11.785464,-5.377791,1972
8351,r3i1p1f1,1972,11,12,0.0,13.193134,-2.3032777,1972
8352,r3i1p1f1,1972,11,13,0.0,14.189744,0.18907222,1972
8353,r3i1p1f1,1972,11,14,0.0,15.533668,-0.54924047,1972
8354,r3i1p1f1,1972,11,15,0.0,12.495484,1.4761629,1972
8355,r3i1p1f1,1972,11,16,2.7492617320699777,9.194083,2.4092338,1972
8356,r3i1p1f1,1972,11,17,0.0,12.833656,-2.5464778,1972
8357,r3i1p1f1,1972,11,18,0.0,15.602575,0.80628365,1972
8358,r3i1p1f1,1972,11,19,0.0,15.242895,3.2861633,1972
8359,r3i1p1f1,1972,11,20,2.424370450822416,12.055268,2.260888,1972
8360,r3i1p1f1,1972,11,21,9.480936146696637,7.9653,-0.8833939,1972
8361,r3i1p1f1,1972,11,22,0.0,12.41124,-2.3492491,1972
8362,r3i1p1f1,1972,11,23,0.0,14.352191,-1.587682,1972
8363,r3i1p1f1,1972,11,24,0.0,13.5892515,0.5313736,1972
8364,r3i1p1f1,1972,11,25,0.0,12.562494,3.3517907,1972
8365,r3i1p1f1,1972,11,26,0.0,13.765777,-2.5819364,1972
8366,r3i1p1f1,1972,11,27,0.0,12.80507,0.17082776,1972
8367,r3i1p1f1,1972,11,28,0.0,14.47688,-2.0896358,1972
8368,r3i1p1f1,1972,11,29,0.0,11.971021,1.9575422,1972
8369,r3i1p1f1,1972,11,30,4.783149054090149,12.690607,0.24302551,1972
8370,r3i1p1f1,1972,12,01,0.0,16.571396,1.866712,1972
8371,r3i1p1f1,1972,12,02,0.0,15.235367,3.105587,1972
8372,r3i1p1f1,1972,12,03,0.0,12.90556,-0.34491408,1972
8373,r3i1p1f1,1972,12,04,0.0,12.530157,0.0147445705,1972
8374,r3i1p1f1,1972,12,05,0.0,14.378587,2.3208473,1972
8375,r3i1p1f1,1972,12,06,0.0,14.956178,2.910955,1972
8376,r3i1p1f1,1972,12,07,2.586221859363784,11.583595,2.2700453,1972
8377,r3i1p1f1,1972,12,08,0.0,11.498877,-2.3552902,1972
8378,r3i1p1f1,1972,12,09,0.0,10.831123,-0.17348066,1972
8379,r3i1p1f1,1972,12,10,0.0,12.371236,-1.8898426,1972
8380,r3i1p1f1,1972,12,11,0.0,15.711764,1.5368959,1972
8381,r3i1p1f1,1972,12,12,0.0,19.149298,2.7628047,1972
8382,r3i1p1f1,1972,12,13,0.0,17.64385,3.8295727,1972
8383,r3i1p1f1,1972,12,14,0.0,15.70429,3.917298,1972
8384,r3i1p1f1,1972,12,15,4.784303138646799,11.434006,3.8780088,1972
8385,r3i1p1f1,1972,12,16,0.507953409759478,10.517001,-2.8755863,1972
8386,r3i1p1f1,1972,12,17,0.0,11.6873455,-1.8645247,1972
8387,r3i1p1f1,1972,12,18,0.0,12.6858835,1.8081024,1972
8388,r3i1p1f1,1972,12,19,0.0,12.247591,1.4503448,1972
8389,r3i1p1f1,1972,12,20,0.0,14.226472,0.04166375,1972
8390,r3i1p1f1,1972,12,21,0.0,14.223537,1.1028843,1972
8391,r3i1p1f1,1972,12,22,0.0,11.019038,1.8951232,1972
8392,r3i1p1f1,1972,12,23,23.0820829661465,6.4931803,1.5824586,1972
8393,r3i1p1f1,1972,12,24,0.0700945191487048,12.59581,2.4316645,1972
8394,r3i1p1f1,1972,12,25,0.0,15.168726,3.9661262,1972
8395,r3i1p1f1,1972,12,26,3.1636330251977167,12.868945,2.3760295,1972
8396,r3i1p1f1,1972,12,27,0.0,13.7073555,-0.7777931,1972
8397,r3i1p1f1,1972,12,28,0.0,15.314396,3.4558446,1972
8398,r3i1p1f1,1972,12,29,0.11809042537750333,12.623646,4.1809983,1972
8399,r3i1p1f1,1972,12,30,0.0,14.476646,3.3323565,1972
8400,r3i1p1f1,1972,12,31,0.0,16.649889,3.8127139,1972
8401,r3i1p1f1,1973,01,01,0.7904614464702095,15.270851,3.3568707,1973
8402,r3i1p1f1,1973,01,02,3.0482778021235535,10.24666,3.9484289,1973
8403,r3i1p1f1,1973,01,03,9.622451578462986,11.31551,2.751619,1973
8404,r3i1p1f1,1973,01,04,0.0,15.2190695,3.0916724,1973
8405,r3i1p1f1,1973,01,05,0.0,15.131829,2.1754143,1973
8406,r3i1p1f1,1973,01,06,0.0,13.705406,0.6743089,1973
8407,r3i1p1f1,1973,01,07,1.3821710251106292,9.829222,0.36893332,1973
8408,r3i1p1f1,1973,01,08,1.7063577019335323,6.8632507,1.0374402,1973
8409,r3i1p1f1,1973,01,09,0.18046631111677638,10.517951,1.1332479,1973
8410,r3i1p1f1,1973,01,10,0.12438921276043402,9.945179,0.5003574,1973
8411,r3i1p1f1,1973,01,11,50.749328957968636,4.955804,0.41928816,1973
8412,r3i1p1f1,1973,01,12,32.71196884483001,2.040387,-2.356684,1973
8413,r3i1p1f1,1973,01,13,20.167120110464136,2.2354064,-2.8952882,1973
8414,r3i1p1f1,1973,01,14,8.78958383588102,3.2444358,-2.777441,1973
8415,r3i1p1f1,1973,01,15,27.4181876392839,3.4590933,-1.3308294,1973
8416,r3i1p1f1,1973,01,16,0.0,8.609483,-0.4330537,1973
8417,r3i1p1f1,1973,01,17,0.1185382287842099,11.089118,3.3834891,1973
8418,r3i1p1f1,1973,01,18,9.181198023495535,7.756176,2.9529576,1973
8419,r3i1p1f1,1973,01,19,0.0,10.349944,-0.9811739,1973
8420,r3i1p1f1,1973,01,20,0.016493886696959014,9.806039,2.0736823,1973
8421,r3i1p1f1,1973,01,21,2.895435895295936,10.96238,-1.1799031,1973
8422,r3i1p1f1,1973,01,22,0.0,14.62781,-0.7859543,1973
8423,r3i1p1f1,1973,01,23,0.0,12.299523,5.662306,1973
8424,r3i1p1f1,1973,01,24,8.889833368486602,6.9398,1.3366598,1973
8425,r3i1p1f1,1973,01,25,1.8334820600820851,6.9934707,-1.5927892,1973
8426,r3i1p1f1,1973,01,26,1.4220739050774442,6.99277,-1.2101188,1973
8427,r3i1p1f1,1973,01,27,0.0,10.767863,2.644437,1973
8428,r3i1p1f1,1973,01,28,0.0,15.383021,1.0810564,1973
8429,r3i1p1f1,1973,01,29,0.0,16.509636,4.027905,1973
8430,r3i1p1f1,1973,01,30,11.030025504939994,12.225022,4.9692674,1973
8431,r3i1p1f1,1973,01,31,0.0,11.64457,-0.18722118,1973
8432,r3i1p1f1,1973,02,01,4.189065709789774,6.624329,-1.7255303,1973
8433,r3i1p1f1,1973,02,02,0.08739084214539616,6.941997,-2.9589932,1973
8434,r3i1p1f1,1973,02,03,64.52981784057461,4.840612,-0.36206982,1973
8435,r3i1p1f1,1973,02,04,15.25666050315761,6.528766,-1.1141402,1973
8436,r3i1p1f1,1973,02,05,9.963845331865167,6.0257053,-1.1513803,1973
8437,r3i1p1f1,1973,02,06,0.0,4.9913044,-5.174449,1973
8438,r3i1p1f1,1973,02,07,9.606415741942136,1.0781422,-6.826774,1973
8439,r3i1p1f1,1973,02,08,19.777649568124232,2.2421305,-5.370652,1973
8440,r3i1p1f1,1973,02,09,0.3498857990770806,4.167946,-8.335843,1973
8441,r3i1p1f1,1973,02,10,0.0,7.8053493,-5.502965,1973
8442,r3i1p1f1,1973,02,11,0.0,12.6329155,-3.1594477,1973
8443,r3i1p1f1,1973,02,12,1.8270828967950747,8.061831,-4.5318575,1973
8444,r3i1p1f1,1973,02,13,0.0,2.4832842,-11.262034,1973
8445,r3i1p1f1,1973,02,14,9.569163647124936,-2.6656396,-10.761168,1973
8446,r3i1p1f1,1973,02,15,27.313812795144162,-0.43517363,-5.581499,1973
8447,r3i1p1f1,1973,02,16,3.3387738627880026,1.307914,-8.802377,1973
8448,r3i1p1f1,1973,02,17,0.0,2.4311094,-10.79674,1973
8449,r3i1p1f1,1973,02,18,0.0,2.315533,-12.576858,1973
8450,r3i1p1f1,1973,02,19,0.0,1.4462725,-9.592035,1973
8451,r3i1p1f1,1973,02,20,41.142966860513155,-1.6714526,-5.9444036,1973
8452,r3i1p1f1,1973,02,21,0.9023186403378771,1.3808116,-6.6722775,1973
8453,r3i1p1f1,1973,02,22,30.312425403022452,-0.73633987,-6.660619,1973
8454,r3i1p1f1,1973,02,23,0.0,5.0354776,-5.5088224,1973
8455,r3i1p1f1,1973,02,24,0.06296575683767228,5.1287203,-2.633861,1973
8456,r3i1p1f1,1973,02,25,36.77570526488125,2.9303677,-2.390775,1973
8457,r3i1p1f1,1973,02,26,33.06895542497698,2.2639358,-2.4077427,1973
8458,r3i1p1f1,1973,02,27,13.96729573745305,0.14649276,-5.268701,1973
8459,r3i1p1f1,1973,02,28,15.4499667443911,0.8910652,-4.585745,1973
8460,r3i1p1f1,1973,03,01,7.121745178377942,7.3429356,-4.1934195,1973
8461,r3i1p1f1,1973,03,02,19.272321034958097,5.6401625,-1.9805965,1973
8462,r3i1p1f1,1973,03,03,0.332268366022809,5.3426604,-3.084004,1973
8463,r3i1p1f1,1973,03,04,26.930984103512998,4.9073095,0.246211,1973
8464,r3i1p1f1,1973,03,05,20.858137603653105,6.037485,0.28325772,1973
8465,r3i1p1f1,1973,03,06,58.97530534941899,6.6987276,2.9216301,1973
8466,r3i1p1f1,1973,03,07,41.17867451553282,6.407707,2.0106552,1973
8467,r3i1p1f1,1973,03,08,4.504717032135599,4.8212695,-4.445461,1973
8468,r3i1p1f1,1973,03,09,0.0,10.420249,-4.259129,1973
8469,r3i1p1f1,1973,03,10,0.06234855970289668,10.367797,0.92919177,1973
8470,r3i1p1f1,1973,03,11,0.0,9.373321,-0.930127,1973
8471,r3i1p1f1,1973,03,12,0.0,11.440105,-1.1435935,1973
8472,r3i1p1f1,1973,03,13,0.0,15.13514,-0.30462074,1973
8473,r3i1p1f1,1973,03,14,0.0,15.207966,0.8833234,1973
8474,r3i1p1f1,1973,03,15,0.0,13.744077,-0.34431717,1973
8475,r3i1p1f1,1973,03,16,0.0,14.890164,0.82017446,1973
8476,r3i1p1f1,1973,03,17,0.0,16.656063,1.029463,1973
8477,r3i1p1f1,1973,03,18,0.0,16.54654,1.7825773,1973
8478,r3i1p1f1,1973,03,19,15.457613511917819,11.957998,3.3547523,1973
8479,r3i1p1f1,1973,03,20,5.026393339626099,9.1159725,0.6992613,1973
8480,r3i1p1f1,1973,03,21,0.0,13.709007,-0.1556186,1973
8481,r3i1p1f1,1973,03,22,15.289742220652682,10.193423,3.3173327,1973
8482,r3i1p1f1,1973,03,23,19.7210814215635,4.5949087,-0.67423236,1973
8483,r3i1p1f1,1973,03,24,0.0,10.597456,-2.6352592,1973
8484,r3i1p1f1,1973,03,25,0.5141217263084591,14.513815,0.31531736,1973
8485,r3i1p1f1,1973,03,26,0.44768440733797005,12.419966,4.0788665,1973
8486,r3i1p1f1,1973,03,27,9.586970393827773,11.437272,3.6286173,1973
8487,r3i1p1f1,1973,03,28,0.0,15.096567,2.7535858,1973
8488,r3i1p1f1,1973,03,29,5.2164822061297995,11.820754,5.9011493,1973
8489,r3i1p1f1,1973,03,30,0.0,17.513885,2.6749146,1973
8490,r3i1p1f1,1973,03,31,0.0,18.695755,3.3869405,1973
8491,r3i1p1f1,1973,04,01,0.0,18.952421,3.9546008,1973
8492,r3i1p1f1,1973,04,02,0.0,17.16891,3.8051689,1973
8493,r3i1p1f1,1973,04,03,0.0,15.143922,3.0419993,1973
8494,r3i1p1f1,1973,04,04,0.0,17.764917,2.954475,1973
8495,r3i1p1f1,1973,04,05,0.0,22.146654,6.2606173,1973
8496,r3i1p1f1,1973,04,06,0.0,21.222599,8.350671,1973
8497,r3i1p1f1,1973,04,07,0.0,18.08696,5.697876,1973
8498,r3i1p1f1,1973,04,08,0.0,18.105255,2.3538377,1973
8499,r3i1p1f1,1973,04,09,0.0,17.121395,3.3872313,1973
8500,r3i1p1f1,1973,04,10,0.0,17.880114,2.779963,1973
8501,r3i1p1f1,1973,04,11,0.0,19.26036,5.2334194,1973
8502,r3i1p1f1,1973,04,12,0.0,24.075874,6.4797826,1973
8503,r3i1p1f1,1973,04,13,0.0,23.11231,7.98206,1973
8504,r3i1p1f1,1973,04,14,0.0,18.346588,5.5770407,1973
8505,r3i1p1f1,1973,04,15,0.0,22.268969,5.5062184,1973
8506,r3i1p1f1,1973,04,16,0.0,24.816113,6.776262,1973
8507,r3i1p1f1,1973,04,17,0.0,23.854832,8.3485155,1973
8508,r3i1p1f1,1973,04,18,0.0,20.51183,5.096158,1973
8509,r3i1p1f1,1973,04,19,0.0,21.978294,5.557444,1973
8510,r3i1p1f1,1973,04,20,0.0,20.905163,6.7045293,1973
8511,r3i1p1f1,1973,04,21,20.314890663384606,14.50211,1.2135942,1973
8512,r3i1p1f1,1973,04,22,0.0,19.32642,2.1421413,1973
8513,r3i1p1f1,1973,04,23,0.0,18.84378,5.650778,1973
8514,r3i1p1f1,1973,04,24,0.0,20.96312,3.8043032,1973
8515,r3i1p1f1,1973,04,25,0.0,24.073221,5.4476852,1973
8516,r3i1p1f1,1973,04,26,0.0,23.70234,9.602182,1973
8517,r3i1p1f1,1973,04,27,0.0,21.339977,6.4713526,1973
8518,r3i1p1f1,1973,04,28,0.0,19.377335,2.899288,1973
8519,r3i1p1f1,1973,04,29,0.0,21.32037,4.4553494,1973
8520,r3i1p1f1,1973,04,30,0.0,21.300142,5.4733152,1973
8521,r3i1p1f1,1973,05,01,0.0,26.373037,7.6420774,1973
8522,r3i1p1f1,1973,05,02,0.0,29.882885,10.863939,1973
8523,r3i1p1f1,1973,05,03,0.0,30.97125,12.153073,1973
8524,r3i1p1f1,1973,05,04,0.0,30.174076,12.973856,1973
8525,r3i1p1f1,1973,05,05,0.0,27.418026,12.5574875,1973
8526,r3i1p1f1,1973,05,06,0.0,17.998096,1.4126004,1973
8527,r3i1p1f1,1973,05,07,0.0,14.942236,0.9903279,1973
8528,r3i1p1f1,1973,05,08,0.0,16.058558,1.8785577,1973
8529,r3i1p1f1,1973,05,09,0.0,15.985631,4.5979333,1973
8530,r3i1p1f1,1973,05,10,0.0,19.683435,3.069568,1973
8531,r3i1p1f1,1973,05,11,13.663551458892854,15.549006,1.2310114,1973
8532,r3i1p1f1,1973,05,12,0.0,10.663012,2.6431496,1973
8533,r3i1p1f1,1973,05,13,5.546752481313888,5.975719,-3.5919094,1973
8534,r3i1p1f1,1973,05,14,2.977743476252439,11.328465,-3.4108021,1973
8535,r3i1p1f1,1973,05,15,0.0,21.85205,2.051773,1973
8536,r3i1p1f1,1973,05,16,0.0,21.153307,5.670216,1973
8537,r3i1p1f1,1973,05,17,18.728881615434627,11.669923,-0.69186777,1973
8538,r3i1p1f1,1973,05,18,12.717189368987945,5.9485707,-2.0909212,1973
8539,r3i1p1f1,1973,05,19,0.0,14.366563,-1.1306016,1973
8540,r3i1p1f1,1973,05,20,0.0,14.552799,1.2175843,1973
8541,r3i1p1f1,1973,05,21,0.0,16.678522,1.6537768,1973
8542,r3i1p1f1,1973,05,22,0.0,23.473852,4.683095,1973
8543,r3i1p1f1,1973,05,23,0.0,26.407776,7.6944056,1973
8544,r3i1p1f1,1973,05,24,0.0,28.006983,9.766466,1973
8545,r3i1p1f1,1973,05,25,0.0,30.540255,10.961769,1973
8546,r3i1p1f1,1973,05,26,0.0,31.185076,12.7422,1973
8547,r3i1p1f1,1973,05,27,0.0,29.875998,14.275747,1973
8548,r3i1p1f1,1973,05,28,0.0,26.639784,11.000101,1973
8549,r3i1p1f1,1973,05,29,0.0,26.571835,9.271244,1973
8550,r3i1p1f1,1973,05,30,0.0,26.951542,10.177363,1973
8551,r3i1p1f1,1973,05,31,0.0,26.530096,9.493139,1973
8552,r3i1p1f1,1973,06,01,0.0,25.111355,7.156965,1973
8553,r3i1p1f1,1973,06,02,0.0,21.734182,6.8363614,1973
8554,r3i1p1f1,1973,06,03,0.0,19.548828,4.001295,1973
8555,r3i1p1f1,1973,06,04,0.0,17.19592,3.0635946,1973
8556,r3i1p1f1,1973,06,05,0.0,16.311888,2.576055,1973
8557,r3i1p1f1,1973,06,06,0.0,15.873489,2.108366,1973
8558,r3i1p1f1,1973,06,07,0.0,16.4135,3.185973,1973
8559,r3i1p1f1,1973,06,08,0.0,21.615934,5.912039,1973
8560,r3i1p1f1,1973,06,09,0.0,27.128252,9.0371685,1973
8561,r3i1p1f1,1973,06,10,0.0,30.827116,11.522169,1973
8562,r3i1p1f1,1973,06,11,0.0,31.022228,14.082107,1973
8563,r3i1p1f1,1973,06,12,0.0,30.526295,14.281009,1973
8564,r3i1p1f1,1973,06,13,0.0,32.534195,13.80042,1973
8565,r3i1p1f1,1973,06,14,0.0,32.71994,15.031583,1973
8566,r3i1p1f1,1973,06,15,0.0,30.58479,14.81224,1973
8567,r3i1p1f1,1973,06,16,0.0,28.574017,13.521372,1973
8568,r3i1p1f1,1973,06,17,0.0,30.615486,12.446696,1973
8569,r3i1p1f1,1973,06,18,0.0,32.965675,13.468371,1973
8570,r3i1p1f1,1973,06,19,0.0,32.62245,16.117445,1973
8571,r3i1p1f1,1973,06,20,0.0,30.842348,14.905412,1973
8572,r3i1p1f1,1973,06,21,0.0,30.706026,15.00231,1973
8573,r3i1p1f1,1973,06,22,0.0,27.314732,10.46566,1973
8574,r3i1p1f1,1973,06,23,0.0,20.561007,7.475903,1973
8575,r3i1p1f1,1973,06,24,0.0,23.102865,7.8020587,1973
8576,r3i1p1f1,1973,06,25,0.0,26.628342,10.909831,1973
8577,r3i1p1f1,1973,06,26,0.0,30.567959,12.281324,1973
8578,r3i1p1f1,1973,06,27,0.0,32.042423,14.079647,1973
8579,r3i1p1f1,1973,06,28,0.0,31.459713,16.191454,1973
8580,r3i1p1f1,1973,06,29,0.0,31.200827,14.202881,1973
8581,r3i1p1f1,1973,06,30,0.0,31.16439,14.268161,1973
8582,r3i1p1f1,1973,07,01,0.0,30.611631,13.137516,1973
8583,r3i1p1f1,1973,07,02,0.0,28.88605,11.818825,1973
8584,r3i1p1f1,1973,07,03,0.0,25.137722,9.01659,1973
8585,r3i1p1f1,1973,07,04,0.0,24.92383,9.224182,1973
8586,r3i1p1f1,1973,07,05,0.0,29.405764,10.831326,1973
8587,r3i1p1f1,1973,07,06,0.0,29.468746,13.580847,1973
8588,r3i1p1f1,1973,07,07,0.0,29.19026,11.648377,1973
8589,r3i1p1f1,1973,07,08,0.0,28.399042,11.791056,1973
8590,r3i1p1f1,1973,07,09,0.0,26.627275,9.742359,1973
8591,r3i1p1f1,1973,07,10,0.0,26.3137,9.465255,1973
8592,r3i1p1f1,1973,07,11,0.0,27.517162,11.180526,1973
8593,r3i1p1f1,1973,07,12,0.0,28.857704,12.145371,1973
8594,r3i1p1f1,1973,07,13,0.0,28.949427,13.125736,1973
8595,r3i1p1f1,1973,07,14,0.0,28.137016,12.447944,1973
8596,r3i1p1f1,1973,07,15,0.0,24.584719,8.978304,1973
8597,r3i1p1f1,1973,07,16,0.0,24.31304,9.319302,1973
8598,r3i1p1f1,1973,07,17,0.0,24.044453,9.108702,1973
8599,r3i1p1f1,1973,07,18,0.0,24.263603,9.240339,1973
8600,r3i1p1f1,1973,07,19,0.0,26.650152,8.972285,1973
8601,r3i1p1f1,1973,07,20,0.0,29.498991,11.775823,1973
8602,r3i1p1f1,1973,07,21,0.0,29.918589,13.509787,1973
8603,r3i1p1f1,1973,07,22,0.0,28.755926,12.622711,1973
8604,r3i1p1f1,1973,07,23,0.0,25.677996,10.283819,1973
8605,r3i1p1f1,1973,07,24,0.0,25.727348,9.508004,1973
8606,r3i1p1f1,1973,07,25,0.0,26.56384,9.565679,1973
8607,r3i1p1f1,1973,07,26,0.0,27.691988,10.342011,1973
8608,r3i1p1f1,1973,07,27,0.0,27.586615,12.219399,1973
8609,r3i1p1f1,1973,07,28,0.0,30.671335,12.410815,1973
8610,r3i1p1f1,1973,07,29,0.0,30.595762,14.215009,1973
8611,r3i1p1f1,1973,07,30,0.015240844866064819,31.828415,14.765812,1973
8612,r3i1p1f1,1973,07,31,0.6810561288148165,31.970505,16.005404,1973
8613,r3i1p1f1,1973,08,01,0.1511730491505372,31.646582,16.641903,1973
8614,r3i1p1f1,1973,08,02,0.0,29.834654,14.83086,1973
8615,r3i1p1f1,1973,08,03,0.0,28.650303,12.132013,1973
8616,r3i1p1f1,1973,08,04,0.0,29.103214,11.606445,1973
8617,r3i1p1f1,1973,08,05,0.0,28.984726,11.261388,1973
8618,r3i1p1f1,1973,08,06,0.0,28.375536,11.400422,1973
8619,r3i1p1f1,1973,08,07,0.0,26.687504,9.6011095,1973
8620,r3i1p1f1,1973,08,08,0.0,24.218077,9.136703,1973
8621,r3i1p1f1,1973,08,09,0.0,23.726677,8.241981,1973
8622,r3i1p1f1,1973,08,10,0.0,23.51006,8.0910845,1973
8623,r3i1p1f1,1973,08,11,0.0,24.501522,8.220753,1973
8624,r3i1p1f1,1973,08,12,0.0,23.846819,8.747021,1973
8625,r3i1p1f1,1973,08,13,0.0,27.320032,8.967606,1973
8626,r3i1p1f1,1973,08,14,0.0,31.41653,12.836169,1973
8627,r3i1p1f1,1973,08,15,0.0,30.695274,14.684308,1973
8628,r3i1p1f1,1973,08,16,0.0,27.509716,11.648025,1973
8629,r3i1p1f1,1973,08,17,0.0020254257833585143,22.546526,6.7858663,1973
8630,r3i1p1f1,1973,08,18,0.0,24.0881,6.4897013,1973
8631,r3i1p1f1,1973,08,19,0.0,24.16797,10.048341,1973
8632,r3i1p1f1,1973,08,20,0.0,26.166645,10.975356,1973
8633,r3i1p1f1,1973,08,21,0.0,27.257954,9.68571,1973
8634,r3i1p1f1,1973,08,22,0.0,27.602028,11.510822,1973
8635,r3i1p1f1,1973,08,23,0.0,28.004843,10.801391,1973
8636,r3i1p1f1,1973,08,24,0.5531780102034501,27.636166,12.834592,1973
8637,r3i1p1f1,1973,08,25,0.0,29.581038,11.52169,1973
8638,r3i1p1f1,1973,08,26,0.07343086977734377,30.34234,14.503094,1973
8639,r3i1p1f1,1973,08,27,0.09220335106013074,28.837456,13.223904,1973
8640,r3i1p1f1,1973,08,28,0.0,27.13575,11.7916975,1973
8641,r3i1p1f1,1973,08,29,0.0,24.358368,8.824557,1973
8642,r3i1p1f1,1973,08,30,0.0,24.446474,8.4076805,1973
8643,r3i1p1f1,1973,08,31,0.0,25.929031,7.9361124,1973
8644,r3i1p1f1,1973,09,01,0.0,25.750168,9.639104,1973
8645,r3i1p1f1,1973,09,02,0.0,24.559267,8.490834,1973
8646,r3i1p1f1,1973,09,03,0.0,24.052006,8.306994,1973
8647,r3i1p1f1,1973,09,04,0.0,27.786888,10.050252,1973
8648,r3i1p1f1,1973,09,05,0.0,29.153395,12.414431,1973
8649,r3i1p1f1,1973,09,06,0.0,27.913351,12.255222,1973
8650,r3i1p1f1,1973,09,07,0.0,27.361816,12.01694,1973
8651,r3i1p1f1,1973,09,08,0.0,28.942476,11.803946,1973
8652,r3i1p1f1,1973,09,09,0.0,30.774961,12.3749075,1973
8653,r3i1p1f1,1973,09,10,0.0,30.545406,12.959661,1973
8654,r3i1p1f1,1973,09,11,0.0,30.103405,13.279012,1973
8655,r3i1p1f1,1973,09,12,0.0,28.371973,13.052856,1973
8656,r3i1p1f1,1973,09,13,0.0,28.934698,12.117197,1973
8657,r3i1p1f1,1973,09,14,0.0,28.9287,13.179932,1973
8658,r3i1p1f1,1973,09,15,0.0,28.829739,12.454203,1973
8659,r3i1p1f1,1973,09,16,0.0,28.11318,11.986665,1973
8660,r3i1p1f1,1973,09,17,0.0,27.070986,10.846821,1973
8661,r3i1p1f1,1973,09,18,0.0,26.129915,9.913055,1973
8662,r3i1p1f1,1973,09,19,0.0,25.653154,8.109067,1973
8663,r3i1p1f1,1973,09,20,0.0,27.274088,8.769347,1973
8664,r3i1p1f1,1973,09,21,0.0,29.068666,10.911466,1973
8665,r3i1p1f1,1973,09,22,0.0,29.102247,12.071273,1973
8666,r3i1p1f1,1973,09,23,0.0,30.823168,13.300066,1973
8667,r3i1p1f1,1973,09,24,0.0,30.956509,13.348707,1973
8668,r3i1p1f1,1973,09,25,0.0,25.567478,9.902011,1973
8669,r3i1p1f1,1973,09,26,0.0,19.059576,4.275112,1973
8670,r3i1p1f1,1973,09,27,0.0,17.604021,2.6121967,1973
8671,r3i1p1f1,1973,09,28,0.0,18.587378,2.375193,1973
8672,r3i1p1f1,1973,09,29,0.0,19.660933,5.187293,1973
8673,r3i1p1f1,1973,09,30,0.0,22.508924,5.3868656,1973
8674,r3i1p1f1,1973,10,01,0.0,22.772131,5.187415,1973
8675,r3i1p1f1,1973,10,02,0.0,22.263554,5.8843617,1973
8676,r3i1p1f1,1973,10,03,0.0,23.555832,6.1627655,1973
8677,r3i1p1f1,1973,10,04,0.0,22.680338,7.1235247,1973
8678,r3i1p1f1,1973,10,05,0.0,19.394072,3.3702328,1973
8679,r3i1p1f1,1973,10,06,0.0,18.58377,3.3593647,1973
8680,r3i1p1f1,1973,10,07,0.0,21.76907,5.034805,1973
8681,r3i1p1f1,1973,10,08,0.0,21.597588,5.800649,1973
8682,r3i1p1f1,1973,10,09,7.837159587794112,13.518761,2.1710722,1973
8683,r3i1p1f1,1973,10,10,0.0,16.269043,1.3060926,1973
8684,r3i1p1f1,1973,10,11,0.0,18.702442,3.5762346,1973
8685,r3i1p1f1,1973,10,12,0.0,18.22546,3.3352883,1973
8686,r3i1p1f1,1973,10,13,0.0,15.130405,1.9749601,1973
8687,r3i1p1f1,1973,10,14,1.8315251576400202,14.085801,5.055418,1973
8688,r3i1p1f1,1973,10,15,0.9396799882922909,14.238672,1.0681033,1973
8689,r3i1p1f1,1973,10,16,0.0,18.986008,1.8997108,1973
8690,r3i1p1f1,1973,10,17,0.0,22.282423,3.9861677,1973
8691,r3i1p1f1,1973,10,18,0.0,20.504,9.510633,1973
8692,r3i1p1f1,1973,10,19,0.001520394519167511,17.543291,6.340218,1973
8693,r3i1p1f1,1973,10,20,0.0,22.101162,3.7900462,1973
8694,r3i1p1f1,1973,10,21,0.0,25.726982,7.5586348,1973
8695,r3i1p1f1,1973,10,22,0.0,26.844965,9.358433,1973
8696,r3i1p1f1,1973,10,23,0.0,25.287521,10.50451,1973
8697,r3i1p1f1,1973,10,24,0.0,21.84532,6.2023883,1973
8698,r3i1p1f1,1973,10,25,0.0,19.808342,7.154577,1973
8699,r3i1p1f1,1973,10,26,23.31132280493253,15.758723,9.22344,1973
8700,r3i1p1f1,1973,10,27,0.0,21.593912,6.6246734,1973
8701,r3i1p1f1,1973,10,28,0.0,24.038572,7.4834366,1973
8702,r3i1p1f1,1973,10,29,0.0,23.080418,8.579382,1973
8703,r3i1p1f1,1973,10,30,0.0,21.448114,6.8332486,1973
8704,r3i1p1f1,1973,10,31,0.0,20.558153,5.744245,1973
8705,r3i1p1f1,1973,11,01,0.0,15.762954,-0.0034819783,1973
8706,r3i1p1f1,1973,11,02,0.0,13.23352,-2.1212995,1973
8707,r3i1p1f1,1973,11,03,0.0,13.265532,-0.04289903,1973
8708,r3i1p1f1,1973,11,04,0.0,16.816319,1.5106627,1973
8709,r3i1p1f1,1973,11,05,0.0,17.426796,7.5307293,1973
8710,r3i1p1f1,1973,11,06,0.0,21.36746,4.803527,1973
8711,r3i1p1f1,1973,11,07,0.0,19.515564,4.2054505,1973
8712,r3i1p1f1,1973,11,08,0.0,16.29145,3.0489488,1973
8713,r3i1p1f1,1973,11,09,0.0,17.64648,2.79146,1973
8714,r3i1p1f1,1973,11,10,0.0,18.668987,3.7056568,1973
8715,r3i1p1f1,1973,11,11,0.0,24.699888,8.468937,1973
8716,r3i1p1f1,1973,11,12,0.0,25.880152,9.906092,1973
8717,r3i1p1f1,1973,11,13,0.0,23.76408,9.837637,1973
8718,r3i1p1f1,1973,11,14,0.0,20.86638,5.499522,1973
8719,r3i1p1f1,1973,11,15,0.0,19.570139,4.9388623,1973
8720,r3i1p1f1,1973,11,16,0.0,18.539263,5.3966494,1973
8721,r3i1p1f1,1973,11,17,0.0,21.959688,5.2662663,1973
8722,r3i1p1f1,1973,11,18,0.0,19.131577,6.225879,1973
8723,r3i1p1f1,1973,11,19,0.0,16.406124,6.205042,1973
8724,r3i1p1f1,1973,11,20,12.574031029209053,15.650391,5.3564987,1973
8725,r3i1p1f1,1973,11,21,24.93290157473989,12.566596,5.360409,1973
8726,r3i1p1f1,1973,11,22,79.39302740912689,13.558174,8.496326,1973
8727,r3i1p1f1,1973,11,23,2.5568690172421107,12.264497,2.1303709,1973
8728,r3i1p1f1,1973,11,24,0.0,11.977522,0.27109027,1973
8729,r3i1p1f1,1973,11,25,15.493102344350374,9.385413,3.1496534,1973
8730,r3i1p1f1,1973,11,26,0.0,9.731901,0.15761621,1973
8731,r3i1p1f1,1973,11,27,0.0,14.226716,-0.55952847,1973
8732,r3i1p1f1,1973,11,28,0.0,14.390925,3.1548645,1973
8733,r3i1p1f1,1973,11,29,0.0,15.795308,3.943986,1973
8734,r3i1p1f1,1973,11,30,1.7970536849277683,14.125233,3.8305838,1973
8735,r3i1p1f1,1973,12,01,0.0,14.739928,2.1368992,1973
8736,r3i1p1f1,1973,12,02,0.0,14.947188,3.0610466,1973
8737,r3i1p1f1,1973,12,03,1.1325148923405275,12.451155,3.552635,1973
8738,r3i1p1f1,1973,12,04,0.0,12.835935,2.9903612,1973
8739,r3i1p1f1,1973,12,05,0.0,16.128586,3.5042603,1973
8740,r3i1p1f1,1973,12,06,0.0,17.4124,4.154284,1973
8741,r3i1p1f1,1973,12,07,0.0,18.182789,4.883935,1973
8742,r3i1p1f1,1973,12,08,0.0,17.471651,5.828548,1973
8743,r3i1p1f1,1973,12,09,0.0,15.305266,4.916225,1973
8744,r3i1p1f1,1973,12,10,53.89058515919667,12.767549,4.921404,1973
8745,r3i1p1f1,1973,12,11,11.458361591442218,7.376325,-1.2128519,1973
8746,r3i1p1f1,1973,12,12,13.13057514213908,7.2615175,-0.51785886,1973
8747,r3i1p1f1,1973,12,13,0.0,13.486174,-2.322855,1973
8748,r3i1p1f1,1973,12,14,18.86820063763911,9.026711,1.859925,1973
8749,r3i1p1f1,1973,12,15,4.085418604632937,4.5570593,-2.168609,1973
8750,r3i1p1f1,1973,12,16,0.0,13.836168,1.2070817,1973
8751,r3i1p1f1,1973,12,17,0.0,18.26666,3.4434984,1973
8752,r3i1p1f1,1973,12,18,0.008711612348346725,16.182076,6.3902273,1973
8753,r3i1p1f1,1973,12,19,0.0,14.149136,1.6239207,1973
8754,r3i1p1f1,1973,12,20,0.0,16.636486,2.7579253,1973
8755,r3i1p1f1,1973,12,21,0.0,15.561428,2.840867,1973
8756,r3i1p1f1,1973,12,22,0.0,13.108901,1.7539169,1973
8757,r3i1p1f1,1973,12,23,8.168569865933692,8.55793,-0.9937372,1973
8758,r3i1p1f1,1973,12,24,15.053808474897922,6.147855,-3.461238,1973
8759,r3i1p1f1,1973,12,25,0.0,6.6140146,-5.739531,1973
8760,r3i1p1f1,1973,12,26,0.0,9.398745,-4.9794636,1973
8761,r3i1p1f1,1973,12,27,0.0,10.0798645,-1.7211295,1973
8762,r3i1p1f1,1973,12,28,0.0,8.549326,-3.4239345,1973
8763,r3i1p1f1,1973,12,29,7.478626016879724,4.276932,-4.577767,1973
8764,r3i1p1f1,1973,12,30,0.0,8.026567,-2.2499638,1973
8765,r3i1p1f1,1973,12,31,0.0,9.47465,-3.238457,1973
8766,r3i1p1f1,1974,01,01,0.0,12.351013,-1.8739159,1974
8767,r3i1p1f1,1974,01,02,0.0,10.528685,1.9854668,1974
8768,r3i1p1f1,1974,01,03,0.0,13.5671015,-1.1983798,1974
8769,r3i1p1f1,1974,01,04,0.0,12.698947,2.441778,1974
8770,r3i1p1f1,1974,01,05,26.411533788287716,7.9969788,-4.106262,1974
8771,r3i1p1f1,1974,01,06,3.886748306429485,2.068216,-7.1461,1974
8772,r3i1p1f1,1974,01,07,0.0,7.2735596,-4.800123,1974
8773,r3i1p1f1,1974,01,08,0.0,10.520607,2.1653998,1974
8774,r3i1p1f1,1974,01,09,28.84338204258759,9.695557,1.3177005,1974
8775,r3i1p1f1,1974,01,10,25.725248408745852,12.012008,5.9582086,1974
8776,r3i1p1f1,1974,01,11,71.9531220825095,14.295302,4.2530446,1974
8777,r3i1p1f1,1974,01,12,36.81596697455174,7.148161,1.9453641,1974
8778,r3i1p1f1,1974,01,13,0.961416869847055,5.2709236,-1.9275436,1974
8779,r3i1p1f1,1974,01,14,7.147907407641852,4.1569486,-2.131181,1974
8780,r3i1p1f1,1974,01,15,0.0,8.167838,-3.8033597,1974
8781,r3i1p1f1,1974,01,16,0.0,6.647568,-4.1902747,1974
8782,r3i1p1f1,1974,01,17,0.0,5.3270264,-6.6338253,1974
8783,r3i1p1f1,1974,01,18,0.0,4.6911464,-8.138603,1974
8784,r3i1p1f1,1974,01,19,0.0,2.129408,-4.447769,1974
8785,r3i1p1f1,1974,01,20,9.990933632913144,-0.7968546,-3.7543921,1974
8786,r3i1p1f1,1974,01,21,12.235327098996526,0.10090842,-4.2543616,1974
8787,r3i1p1f1,1974,01,22,0.006111781993623529,3.9834936,-2.9778864,1974
8788,r3i1p1f1,1974,01,23,0.0,4.3809633,-8.490536,1974
8789,r3i1p1f1,1974,01,24,0.0,4.9309316,-10.697416,1974
8790,r3i1p1f1,1974,01,25,6.479174224123677,1.4809589,-9.94541,1974
8791,r3i1p1f1,1974,01,26,32.356820150131455,0.21805225,-4.5161786,1974
8792,r3i1p1f1,1974,01,27,18.58996934974321,6.2833023,-5.681859,1974
8793,r3i1p1f1,1974,01,28,9.106857477270655,7.1988497,1.1438395,1974
8794,r3i1p1f1,1974,01,29,28.19543842373318,5.231532,-0.16753574,1974
8795,r3i1p1f1,1974,01,30,0.0,12.728754,-2.5433533,1974
8796,r3i1p1f1,1974,01,31,0.0,12.01241,1.1722783,1974
8797,r3i1p1f1,1974,02,01,0.0,12.202497,2.5730782,1974
8798,r3i1p1f1,1974,02,02,0.0,14.189631,1.27297,1974
8799,r3i1p1f1,1974,02,03,0.0,13.906186,1.3553743,1974
8800,r3i1p1f1,1974,02,04,0.0,15.29064,0.89373446,1974
8801,r3i1p1f1,1974,02,05,0.0,15.485779,1.0228788,1974
8802,r3i1p1f1,1974,02,06,0.0,14.703414,2.329479,1974
8803,r3i1p1f1,1974,02,07,0.0,14.686609,1.8372416,1974
8804,r3i1p1f1,1974,02,08,0.0,14.7376585,2.5043612,1974
8805,r3i1p1f1,1974,02,09,0.0,15.541107,1.9420489,1974
8806,r3i1p1f1,1974,02,10,0.0,14.487492,3.364041,1974
8807,r3i1p1f1,1974,02,11,0.0,15.799259,2.0513852,1974
8808,r3i1p1f1,1974,02,12,0.0,14.787233,4.226047,1974
8809,r3i1p1f1,1974,02,13,0.0,14.097386,1.5480472,1974
8810,r3i1p1f1,1974,02,14,5.8980694662176045,10.547312,3.1072567,1974
8811,r3i1p1f1,1974,02,15,0.0,12.699848,0.28987595,1974
8812,r3i1p1f1,1974,02,16,0.0,13.67082,0.32136717,1974
8813,r3i1p1f1,1974,02,17,0.0,14.201299,0.56721103,1974
8814,r3i1p1f1,1974,02,18,0.0,13.411957,1.2944313,1974
8815,r3i1p1f1,1974,02,19,1.281663992516482,10.213382,2.1229513,1974
8816,r3i1p1f1,1974,02,20,37.076733420652,5.8462486,-1.6252201,1974
8817,r3i1p1f1,1974,02,21,0.0,9.404251,-2.4584894,1974
8818,r3i1p1f1,1974,02,22,0.0,9.579039,-1.0367262,1974
8819,r3i1p1f1,1974,02,23,0.0,11.5382805,0.9877059,1974
8820,r3i1p1f1,1974,02,24,0.0,14.053492,2.204027,1974
8821,r3i1p1f1,1974,02,25,0.0,13.549283,0.3072757,1974
8822,r3i1p1f1,1974,02,26,12.22090743034833,8.486012,0.58872706,1974
8823,r3i1p1f1,1974,02,27,6.469255564642433,7.454486,0.33838546,1974
8824,r3i1p1f1,1974,02,28,0.0003826717147603631,9.45276,-1.0748467,1974
8825,r3i1p1f1,1974,03,01,19.58450140756261,4.3873878,-5.095216,1974
8826,r3i1p1f1,1974,03,02,0.0,8.298645,-5.8721943,1974
8827,r3i1p1f1,1974,03,03,0.0,12.824765,-2.7585955,1974
8828,r3i1p1f1,1974,03,04,0.0,13.77803,4.6545954,1974
8829,r3i1p1f1,1974,03,05,13.497956565238143,9.21345,-2.3998022,1974
8830,r3i1p1f1,1974,03,06,25.266992425742117,2.9506016,-3.0167782,1974
8831,r3i1p1f1,1974,03,07,27.572971647360216,3.0919516,-0.98183167,1974
8832,r3i1p1f1,1974,03,08,7.95046426968551,3.901049,-3.109261,1974
8833,r3i1p1f1,1974,03,09,0.7761652508251198,6.2965884,-7.4748945,1974
8834,r3i1p1f1,1974,03,10,10.807239504050047,4.924584,-2.2004569,1974
8835,r3i1p1f1,1974,03,11,10.311784700637585,4.4316225,-0.7905531,1974
8836,r3i1p1f1,1974,03,12,4.910384114995587,7.9957433,-0.7257482,1974
8837,r3i1p1f1,1974,03,13,0.2987192637240361,11.744116,2.080899,1974
8838,r3i1p1f1,1974,03,14,0.07480549454492957,11.934476,-0.3508998,1974
8839,r3i1p1f1,1974,03,15,0.0,15.916962,0.5966567,1974
8840,r3i1p1f1,1974,03,16,0.0,18.63251,1.9893705,1974
8841,r3i1p1f1,1974,03,17,3.272633314995083,15.828261,3.7256289,1974
8842,r3i1p1f1,1974,03,18,16.315849200748886,7.1519194,0.57530856,1974
8843,r3i1p1f1,1974,03,19,4.379855169789057,6.295906,-4.6040907,1974
8844,r3i1p1f1,1974,03,20,3.550058617455713,3.2530334,-7.2743917,1974
8845,r3i1p1f1,1974,03,21,4.54713253746281,2.743265,-3.8551261,1974
8846,r3i1p1f1,1974,03,22,34.909845778326456,7.254508,-0.33746177,1974
8847,r3i1p1f1,1974,03,23,0.0,12.975323,1.6964108,1974
8848,r3i1p1f1,1974,03,24,0.2782410430977746,13.615341,4.5862427,1974
8849,r3i1p1f1,1974,03,25,10.461661298943095,11.250343,-0.534936,1974
8850,r3i1p1f1,1974,03,26,0.0,15.460271,-0.22660248,1974
8851,r3i1p1f1,1974,03,27,0.0,18.031267,4.1990943,1974
8852,r3i1p1f1,1974,03,28,0.0,18.063911,5.3952746,1974
8853,r3i1p1f1,1974,03,29,18.78616079982174,11.722385,-2.3421266,1974
8854,r3i1p1f1,1974,03,30,23.069082759473915,3.6972816,-1.5875056,1974
8855,r3i1p1f1,1974,03,31,1.0831785241622895,6.9172378,-4.0281725,1974
8856,r3i1p1f1,1974,04,01,4.205073856619971,6.512875,-0.34416792,1974
8857,r3i1p1f1,1974,04,02,0.0,7.9391437,-2.7239246,1974
8858,r3i1p1f1,1974,04,03,3.3062249535425123,4.8344345,-3.6326532,1974
8859,r3i1p1f1,1974,04,04,46.28380236191381,4.634172,-1.9022766,1974
8860,r3i1p1f1,1974,04,05,0.0,7.684717,-2.3237994,1974
8861,r3i1p1f1,1974,04,06,0.0,12.810011,-3.3727746,1974
8862,r3i1p1f1,1974,04,07,0.0,13.0197735,-1.6675456,1974
8863,r3i1p1f1,1974,04,08,0.0,13.672507,-0.24452189,1974
8864,r3i1p1f1,1974,04,09,0.426095652629125,12.156785,1.465347,1974
8865,r3i1p1f1,1974,04,10,15.659192439756895,2.785452,-4.428344,1974
8866,r3i1p1f1,1974,04,11,15.32236125893082,-0.6391769,-5.6588063,1974
8867,r3i1p1f1,1974,04,12,1.6053606430911092,2.8762531,-6.4360533,1974
8868,r3i1p1f1,1974,04,13,0.0,11.924727,-3.5191543,1974
8869,r3i1p1f1,1974,04,14,0.0,19.072985,0.46965727,1974
8870,r3i1p1f1,1974,04,15,0.0,19.769495,3.6339424,1974
8871,r3i1p1f1,1974,04,16,2.6051764500918675,14.529339,3.5405917,1974
8872,r3i1p1f1,1974,04,17,3.4932036214358,6.6917467,-3.5164027,1974
8873,r3i1p1f1,1974,04,18,0.2003804058308321,7.380314,-2.1020799,1974
8874,r3i1p1f1,1974,04,19,0.0,14.616885,-1.1923537,1974
8875,r3i1p1f1,1974,04,20,0.0,14.658562,1.244276,1974
8876,r3i1p1f1,1974,04,21,0.036864746882776286,12.098976,-0.06059851,1974
8877,r3i1p1f1,1974,04,22,10.458234202700336,8.816274,-2.1918042,1974
8878,r3i1p1f1,1974,04,23,21.368358884692977,4.0429363,-2.6390998,1974
8879,r3i1p1f1,1974,04,24,28.132376477955596,4.345843,-1.0850751,1974
8880,r3i1p1f1,1974,04,25,21.529466375757597,4.3897653,-0.9785368,1974
8881,r3i1p1f1,1974,04,26,18.65358874017961,2.9099545,-3.774772,1974
8882,r3i1p1f1,1974,04,27,0.0,10.695924,-6.176974,1974
8883,r3i1p1f1,1974,04,28,0.0,17.040535,-1.5232203,1974
8884,r3i1p1f1,1974,04,29,0.0,19.66092,2.846283,1974
8885,r3i1p1f1,1974,04,30,0.0,20.326857,4.116508,1974
8886,r3i1p1f1,1974,05,01,0.0,19.324905,6.216427,1974
8887,r3i1p1f1,1974,05,02,0.0,21.555235,5.6818624,1974
8888,r3i1p1f1,1974,05,03,0.0,22.521284,6.9477625,1974
8889,r3i1p1f1,1974,05,04,0.0,21.870153,7.980762,1974
8890,r3i1p1f1,1974,05,05,0.0,16.386047,6.6962876,1974
8891,r3i1p1f1,1974,05,06,2.6635111686405972,11.262255,2.830459,1974
8892,r3i1p1f1,1974,05,07,0.0,17.150852,4.125983,1974
8893,r3i1p1f1,1974,05,08,0.0,22.58569,7.3625712,1974
8894,r3i1p1f1,1974,05,09,7.577158903356911,15.70434,5.937327,1974
8895,r3i1p1f1,1974,05,10,0.0,16.385843,1.2329541,1974
8896,r3i1p1f1,1974,05,11,0.0,15.605762,1.6937265,1974
8897,r3i1p1f1,1974,05,12,0.0,12.405331,0.1207464,1974
8898,r3i1p1f1,1974,05,13,6.801011865785481,5.5778546,-3.0415728,1974
8899,r3i1p1f1,1974,05,14,9.125282228993264,5.4427547,-2.788732,1974
8900,r3i1p1f1,1974,05,15,0.0,16.50797,1.0430021,1974
8901,r3i1p1f1,1974,05,16,0.0,21.557459,4.262873,1974
8902,r3i1p1f1,1974,05,17,0.0,23.79503,6.0346594,1974
8903,r3i1p1f1,1974,05,18,0.0,24.203848,8.508253,1974
8904,r3i1p1f1,1974,05,19,0.0,26.189209,8.525817,1974
8905,r3i1p1f1,1974,05,20,0.0,25.276094,10.684502,1974
8906,r3i1p1f1,1974,05,21,0.0,24.848768,8.360439,1974
8907,r3i1p1f1,1974,05,22,0.0,22.539005,8.910179,1974
8908,r3i1p1f1,1974,05,23,0.0,20.923914,6.4665093,1974
8909,r3i1p1f1,1974,05,24,0.0,24.6663,7.989014,1974
8910,r3i1p1f1,1974,05,25,0.0,27.69447,10.290441,1974
8911,r3i1p1f1,1974,05,26,0.0,30.716167,12.814356,1974
8912,r3i1p1f1,1974,05,27,0.020182782195900615,29.198294,12.857953,1974
8913,r3i1p1f1,1974,05,28,8.942961396716878,18.835293,8.400731,1974
8914,r3i1p1f1,1974,05,29,0.6098409311992949,18.98206,6.525742,1974
8915,r3i1p1f1,1974,05,30,0.007203001816953092,19.250645,6.78613,1974
8916,r3i1p1f1,1974,05,31,0.0,20.184538,6.908688,1974
8917,r3i1p1f1,1974,06,01,0.0,21.744423,6.204356,1974
8918,r3i1p1f1,1974,06,02,0.0,25.726608,6.989184,1974
8919,r3i1p1f1,1974,06,03,0.0,25.290855,10.33075,1974
8920,r3i1p1f1,1974,06,04,0.0,24.809908,10.731676,1974
8921,r3i1p1f1,1974,06,05,0.0,23.415426,7.8059344,1974
8922,r3i1p1f1,1974,06,06,0.0,21.802988,7.902891,1974
8923,r3i1p1f1,1974,06,07,0.0,19.053,3.6275618,1974
8924,r3i1p1f1,1974,06,08,0.0,22.071947,4.7873597,1974
8925,r3i1p1f1,1974,06,09,0.0,23.88471,6.4855695,1974
8926,r3i1p1f1,1974,06,10,0.0,23.507755,8.734304,1974
8927,r3i1p1f1,1974,06,11,0.0,24.67406,8.861183,1974
8928,r3i1p1f1,1974,06,12,0.0,26.015684,9.2696705,1974
8929,r3i1p1f1,1974,06,13,0.0,24.929398,7.694029,1974
8930,r3i1p1f1,1974,06,14,0.0,22.047058,5.768864,1974
8931,r3i1p1f1,1974,06,15,0.0,23.041945,6.249038,1974
8932,r3i1p1f1,1974,06,16,0.0,22.765856,6.90162,1974
8933,r3i1p1f1,1974,06,17,0.0,19.963127,5.2968097,1974
8934,r3i1p1f1,1974,06,18,0.0,23.66441,6.535444,1974
8935,r3i1p1f1,1974,06,19,0.0,24.568235,8.703771,1974
8936,r3i1p1f1,1974,06,20,0.0,26.460575,8.566857,1974
8937,r3i1p1f1,1974,06,21,0.0,28.367878,9.249196,1974
8938,r3i1p1f1,1974,06,22,0.0,27.758482,10.955623,1974
8939,r3i1p1f1,1974,06,23,0.0,27.053305,10.265859,1974
8940,r3i1p1f1,1974,06,24,0.0,27.898626,10.460354,1974
8941,r3i1p1f1,1974,06,25,0.0,29.44639,11.427718,1974
8942,r3i1p1f1,1974,06,26,0.0,31.202486,13.157229,1974
8943,r3i1p1f1,1974,06,27,0.0,30.769798,13.2171335,1974
8944,r3i1p1f1,1974,06,28,0.0,30.084099,12.603886,1974
8945,r3i1p1f1,1974,06,29,0.0,27.992826,10.682084,1974
8946,r3i1p1f1,1974,06,30,0.0,28.813469,11.879847,1974
8947,r3i1p1f1,1974,07,01,0.0,30.275976,12.638038,1974
8948,r3i1p1f1,1974,07,02,0.0,29.882545,12.934908,1974
8949,r3i1p1f1,1974,07,03,0.0,30.77726,12.396748,1974
8950,r3i1p1f1,1974,07,04,0.0,30.460518,15.584298,1974
8951,r3i1p1f1,1974,07,05,0.0,28.59709,13.421068,1974
8952,r3i1p1f1,1974,07,06,0.0,28.816742,12.715554,1974
8953,r3i1p1f1,1974,07,07,0.0,28.541971,12.914668,1974
8954,r3i1p1f1,1974,07,08,0.0,29.668453,13.237063,1974
8955,r3i1p1f1,1974,07,09,0.0,30.81142,14.171605,1974
8956,r3i1p1f1,1974,07,10,0.0,30.73605,14.290162,1974
8957,r3i1p1f1,1974,07,11,0.0,29.988842,14.658954,1974
8958,r3i1p1f1,1974,07,12,0.0,27.287813,12.823691,1974
8959,r3i1p1f1,1974,07,13,0.0,27.701954,11.772838,1974
8960,r3i1p1f1,1974,07,14,0.005939261417983002,28.954115,13.372137,1974
8961,r3i1p1f1,1974,07,15,0.7784589432527642,29.230545,14.06133,1974
8962,r3i1p1f1,1974,07,16,1.2835190927657287,28.609524,14.136595,1974
8963,r3i1p1f1,1974,07,17,0.09430747614762942,27.92736,12.775131,1974
8964,r3i1p1f1,1974,07,18,0.0,27.422953,12.10178,1974
8965,r3i1p1f1,1974,07,19,0.0,26.99059,11.363266,1974
8966,r3i1p1f1,1974,07,20,0.0,26.388912,10.535233,1974
8967,r3i1p1f1,1974,07,21,0.0,25.503023,11.222658,1974
8968,r3i1p1f1,1974,07,22,0.0,24.010565,8.1674385,1974
8969,r3i1p1f1,1974,07,23,0.0,23.423622,8.818625,1974
8970,r3i1p1f1,1974,07,24,0.0,26.92611,9.572041,1974
8971,r3i1p1f1,1974,07,25,0.0,28.82102,10.702213,1974
8972,r3i1p1f1,1974,07,26,0.0,28.532084,11.669771,1974
8973,r3i1p1f1,1974,07,27,0.0,27.677761,11.188822,1974
8974,r3i1p1f1,1974,07,28,0.0,23.87552,9.2791,1974
8975,r3i1p1f1,1974,07,29,0.0,23.200808,8.234036,1974
8976,r3i1p1f1,1974,07,30,0.0,22.841562,7.6256413,1974
8977,r3i1p1f1,1974,07,31,0.0,24.021431,8.126493,1974
8978,r3i1p1f1,1974,08,01,0.0,26.270658,9.947589,1974
8979,r3i1p1f1,1974,08,02,0.0,32.839005,12.384745,1974
8980,r3i1p1f1,1974,08,03,0.0,33.74956,15.805862,1974
8981,r3i1p1f1,1974,08,04,0.0,33.69538,15.871654,1974
8982,r3i1p1f1,1974,08,05,0.0,33.09177,15.873954,1974
8983,r3i1p1f1,1974,08,06,0.0,32.0762,15.523052,1974
8984,r3i1p1f1,1974,08,07,0.0,32.77303,14.804537,1974
8985,r3i1p1f1,1974,08,08,0.0,32.621593,16.082888,1974
8986,r3i1p1f1,1974,08,09,0.0,30.885548,14.946731,1974
8987,r3i1p1f1,1974,08,10,0.0,27.060286,11.223072,1974
8988,r3i1p1f1,1974,08,11,0.0,26.063011,9.78047,1974
8989,r3i1p1f1,1974,08,12,0.0,31.233068,12.495438,1974
8990,r3i1p1f1,1974,08,13,0.0,31.64186,14.854774,1974
8991,r3i1p1f1,1974,08,14,0.0,30.535297,14.703507,1974
8992,r3i1p1f1,1974,08,15,0.0,29.380486,12.425278,1974
8993,r3i1p1f1,1974,08,16,0.0,28.514242,11.679967,1974
8994,r3i1p1f1,1974,08,17,0.0,28.507082,10.474958,1974
8995,r3i1p1f1,1974,08,18,0.0,28.345913,10.349971,1974
8996,r3i1p1f1,1974,08,19,0.0,28.512255,10.376753,1974
8997,r3i1p1f1,1974,08,20,0.0,27.670763,10.90391,1974
8998,r3i1p1f1,1974,08,21,0.0,25.812246,8.530315,1974
8999,r3i1p1f1,1974,08,22,0.0,26.855156,9.147652,1974
9000,r3i1p1f1,1974,08,23,0.0,26.138924,10.031464,1974
9001,r3i1p1f1,1974,08,24,0.0,26.308578,9.149854,1974
9002,r3i1p1f1,1974,08,25,0.0,27.398266,9.4588375,1974
9003,r3i1p1f1,1974,08,26,0.0,27.58376,10.907407,1974
9004,r3i1p1f1,1974,08,27,0.011869662067080131,27.015347,10.579643,1974
9005,r3i1p1f1,1974,08,28,0.0,28.898851,10.699984,1974
9006,r3i1p1f1,1974,08,29,0.0,30.42183,11.78547,1974
9007,r3i1p1f1,1974,08,30,0.0,29.510324,11.708951,1974
9008,r3i1p1f1,1974,08,31,0.0,25.503801,9.512696,1974
9009,r3i1p1f1,1974,09,01,0.0,26.195774,11.870865,1974
9010,r3i1p1f1,1974,09,02,0.0,29.48695,11.57535,1974
9011,r3i1p1f1,1974,09,03,0.0,29.922575,12.490121,1974
9012,r3i1p1f1,1974,09,04,0.0,29.658237,12.627741,1974
9013,r3i1p1f1,1974,09,05,0.0,28.747282,12.677101,1974
9014,r3i1p1f1,1974,09,06,0.0,25.794386,10.161033,1974
9015,r3i1p1f1,1974,09,07,0.0,23.840788,8.67392,1974
9016,r3i1p1f1,1974,09,08,0.0,23.311361,7.755257,1974
9017,r3i1p1f1,1974,09,09,0.0,28.051105,10.0409355,1974
9018,r3i1p1f1,1974,09,10,0.0,32.722923,12.958642,1974
9019,r3i1p1f1,1974,09,11,0.0,31.026117,16.480766,1974
9020,r3i1p1f1,1974,09,12,0.0,29.724617,13.343228,1974
9021,r3i1p1f1,1974,09,13,0.0,27.972599,14.547355,1974
9022,r3i1p1f1,1974,09,14,0.0,25.27429,12.483238,1974
9023,r3i1p1f1,1974,09,15,0.0,22.350214,7.2930465,1974
9024,r3i1p1f1,1974,09,16,0.0,23.010157,6.0920324,1974
9025,r3i1p1f1,1974,09,17,0.0,30.70513,11.191976,1974
9026,r3i1p1f1,1974,09,18,0.0,31.553114,13.878752,1974
9027,r3i1p1f1,1974,09,19,0.0,30.192852,14.019736,1974
9028,r3i1p1f1,1974,09,20,0.0,27.325287,10.544318,1974
9029,r3i1p1f1,1974,09,21,0.0,24.082645,8.33244,1974
9030,r3i1p1f1,1974,09,22,0.0,27.291872,8.590801,1974
9031,r3i1p1f1,1974,09,23,0.0,28.4634,10.715764,1974
9032,r3i1p1f1,1974,09,24,0.0,29.56199,10.787475,1974
9033,r3i1p1f1,1974,09,25,0.0,29.685266,12.213728,1974
9034,r3i1p1f1,1974,09,26,0.0,28.768087,12.016475,1974
9035,r3i1p1f1,1974,09,27,0.0,26.04318,8.894989,1974
9036,r3i1p1f1,1974,09,28,0.0,25.409147,8.488356,1974
9037,r3i1p1f1,1974,09,29,0.0,27.1767,10.974499,1974
9038,r3i1p1f1,1974,09,30,0.0,25.639555,10.685891,1974
9039,r3i1p1f1,1974,10,01,0.000875458356045113,22.36566,8.054056,1974
9040,r3i1p1f1,1974,10,02,0.0,15.621686,4.3464866,1974
9041,r3i1p1f1,1974,10,03,0.0,14.540798,1.5573895,1974
9042,r3i1p1f1,1974,10,04,0.0,13.898499,0.67420775,1974
9043,r3i1p1f1,1974,10,05,0.0,13.91727,-0.74240345,1974
9044,r3i1p1f1,1974,10,06,0.0,19.435612,2.465541,1974
9045,r3i1p1f1,1974,10,07,0.0,19.395334,3.325833,1974
9046,r3i1p1f1,1974,10,08,0.0,20.117298,4.6795673,1974
9047,r3i1p1f1,1974,10,09,0.0,26.827303,7.874736,1974
9048,r3i1p1f1,1974,10,10,0.0,26.999334,10.046663,1974
9049,r3i1p1f1,1974,10,11,0.0,25.228252,10.263862,1974
9050,r3i1p1f1,1974,10,12,0.0,22.874376,7.559161,1974
9051,r3i1p1f1,1974,10,13,0.3841562773327735,18.852772,4.7729335,1974
9052,r3i1p1f1,1974,10,14,0.16669128228003452,14.689986,2.6016097,1974
9053,r3i1p1f1,1974,10,15,0.0,15.393168,2.6920114,1974
9054,r3i1p1f1,1974,10,16,0.0,15.918707,2.2025387,1974
9055,r3i1p1f1,1974,10,17,0.0,19.225634,1.4699762,1974
9056,r3i1p1f1,1974,10,18,0.0,18.688623,5.351634,1974
9057,r3i1p1f1,1974,10,19,0.0,17.520088,3.625887,1974
9058,r3i1p1f1,1974,10,20,0.0,15.286318,2.3870037,1974
9059,r3i1p1f1,1974,10,21,0.5481172860814504,13.424565,0.83095354,1974
9060,r3i1p1f1,1974,10,22,0.0,8.609754,-2.8584456,1974
9061,r3i1p1f1,1974,10,23,0.0,10.05016,-2.4841037,1974
9062,r3i1p1f1,1974,10,24,0.0,9.754684,-0.053092375,1974
9063,r3i1p1f1,1974,10,25,8.121397187489109,7.6037827,-1.1597698,1974
9064,r3i1p1f1,1974,10,26,0.0,9.095595,-4.3911333,1974
9065,r3i1p1f1,1974,10,27,12.420776574627348,6.789563,0.025303414,1974
9066,r3i1p1f1,1974,10,28,31.198259678326156,3.9368167,-1.3292998,1974
9067,r3i1p1f1,1974,10,29,11.20364779352186,6.8858,-1.668519,1974
9068,r3i1p1f1,1974,10,30,15.845252553883352,5.2581315,-2.644248,1974
9069,r3i1p1f1,1974,10,31,36.42668981154106,6.3607693,-0.97111577,1974
9070,r3i1p1f1,1974,11,01,9.339252135587708,6.299456,-3.8556178,1974
9071,r3i1p1f1,1974,11,02,1.7415752870300294,6.4688344,-0.7639181,1974
9072,r3i1p1f1,1974,11,03,3.236798493009318,12.505227,1.9422301,1974
9073,r3i1p1f1,1974,11,04,29.524529057456867,13.201723,5.6989255,1974
9074,r3i1p1f1,1974,11,05,15.459262908705952,14.156642,8.308531,1974
9075,r3i1p1f1,1974,11,06,0.0,17.064138,2.7987578,1974
9076,r3i1p1f1,1974,11,07,0.0,16.259544,1.9366713,1974
9077,r3i1p1f1,1974,11,08,0.0,13.6137495,1.317247,1974
9078,r3i1p1f1,1974,11,09,16.036041302753514,9.921512,1.4973582,1974
9079,r3i1p1f1,1974,11,10,0.0,6.3447723,-4.077647,1974
9080,r3i1p1f1,1974,11,11,0.1673941312841826,7.3141446,-4.076457,1974
9081,r3i1p1f1,1974,11,12,0.6251776160895947,6.74203,-3.3789272,1974
9082,r3i1p1f1,1974,11,13,3.5034671089880773,11.242159,1.42632,1974
9083,r3i1p1f1,1974,11,14,0.0,16.58056,5.844993,1974
9084,r3i1p1f1,1974,11,15,12.563763631164635,13.254876,2.381941,1974
9085,r3i1p1f1,1974,11,16,0.0,10.991533,-1.8088688,1974
9086,r3i1p1f1,1974,11,17,0.0,12.865481,-0.94799054,1974
9087,r3i1p1f1,1974,11,18,0.0,12.53998,-0.6439219,1974
9088,r3i1p1f1,1974,11,19,0.0,13.12779,0.1281927,1974
9089,r3i1p1f1,1974,11,20,0.0,11.212929,1.0055023,1974
9090,r3i1p1f1,1974,11,21,0.0,12.79924,-0.7553575,1974
9091,r3i1p1f1,1974,11,22,44.21890411084812,9.264114,1.2869309,1974
9092,r3i1p1f1,1974,11,23,21.253209032645252,3.745154,-4.4204698,1974
9093,r3i1p1f1,1974,11,24,7.641241592309119,3.4604716,-2.5965593,1974
9094,r3i1p1f1,1974,11,25,0.03431043534012707,4.161233,-5.850889,1974
9095,r3i1p1f1,1974,11,26,0.0035396338621227954,6.3776135,-5.7784367,1974
9096,r3i1p1f1,1974,11,27,44.47395227065212,5.0493474,-0.8188849,1974
9097,r3i1p1f1,1974,11,28,16.808077443228715,5.4077296,1.4620036,1974
9098,r3i1p1f1,1974,11,29,42.30135114691956,4.7824316,-0.5714004,1974
9099,r3i1p1f1,1974,11,30,0.7987126257687219,3.8120275,-3.8062909,1974
9100,r3i1p1f1,1974,12,01,0.0,3.8257654,-6.640942,1974
9101,r3i1p1f1,1974,12,02,0.16123515072793357,6.271018,-1.4053367,1974
9102,r3i1p1f1,1974,12,03,0.0,9.991083,-2.670567,1974
9103,r3i1p1f1,1974,12,04,0.0,9.853982,-1.006341,1974
9104,r3i1p1f1,1974,12,05,0.36285496422160096,7.2949286,0.40768045,1974
9105,r3i1p1f1,1974,12,06,2.118233870868081,5.818429,-5.753297,1974
9106,r3i1p1f1,1974,12,07,0.0,7.9505653,-3.6533628,1974
9107,r3i1p1f1,1974,12,08,0.0,12.243225,-1.2162905,1974
9108,r3i1p1f1,1974,12,09,3.8974673621276836,5.2053847,-6.364181,1974
9109,r3i1p1f1,1974,12,10,0.0,6.7945943,-3.136506,1974
9110,r3i1p1f1,1974,12,11,0.0,8.712908,-3.440423,1974
9111,r3i1p1f1,1974,12,12,0.0,10.911131,-3.5057344,1974
9112,r3i1p1f1,1974,12,13,0.8850508301724116,9.21292,-1.5931722,1974
9113,r3i1p1f1,1974,12,14,2.193390746489106,9.201647,0.758072,1974
9114,r3i1p1f1,1974,12,15,0.20186364509802507,11.508957,-2.7047102,1974
9115,r3i1p1f1,1974,12,16,40.722333880043344,4.0715537,-1.0553317,1974
9116,r3i1p1f1,1974,12,17,24.93262771581373,4.0942245,-3.4779541,1974
9117,r3i1p1f1,1974,12,18,1.734270852792083,8.943606,0.4112433,1974
9118,r3i1p1f1,1974,12,19,15.627233903413932,5.698882,-0.10245863,1974
9119,r3i1p1f1,1974,12,20,43.68410778575038,6.6913576,2.0579343,1974
9120,r3i1p1f1,1974,12,21,13.349365206139689,3.5944326,-1.795545,1974
9121,r3i1p1f1,1974,12,22,21.285784620742657,4.5963225,-5.544186,1974
9122,r3i1p1f1,1974,12,23,68.55298893918332,8.566775,3.1601841,1974
9123,r3i1p1f1,1974,12,24,3.404747183939387,7.0681,0.63658446,1974
9124,r3i1p1f1,1974,12,25,0.24180988027518124,7.3202543,-1.5715046,1974
9125,r3i1p1f1,1974,12,26,0.0,8.006631,-1.9146444,1974
9126,r3i1p1f1,1974,12,27,0.6768218651407216,5.6499805,-3.4440203,1974
9127,r3i1p1f1,1974,12,28,5.322776588697084,2.1580555,-3.205346,1974
9128,r3i1p1f1,1974,12,29,0.0,4.152812,-6.384047,1974
9129,r3i1p1f1,1974,12,30,0.0,8.287168,-3.9759274,1974
9130,r3i1p1f1,1974,12,31,0.0,9.4372835,-2.8858066,1974
9131,r3i1p1f1,1975,01,01,0.0,10.127755,-1.8475553,1975
9132,r3i1p1f1,1975,01,02,0.0,8.865053,-1.9541123,1975
9133,r3i1p1f1,1975,01,03,0.0,6.046878,-3.712964,1975
9134,r3i1p1f1,1975,01,04,0.0,7.6742215,-4.5372677,1975
9135,r3i1p1f1,1975,01,05,0.0,6.6819377,-4.754305,1975
9136,r3i1p1f1,1975,01,06,0.0,7.902579,-5.066292,1975
9137,r3i1p1f1,1975,01,07,0.0,10.456821,-3.656468,1975
9138,r3i1p1f1,1975,01,08,0.0,9.890992,-2.420793,1975
9139,r3i1p1f1,1975,01,09,3.5751306725279917,5.4057627,-1.4177291,1975
9140,r3i1p1f1,1975,01,10,0.0,11.382986,-2.071851,1975
9141,r3i1p1f1,1975,01,11,0.0,11.064276,-1.193436,1975
9142,r3i1p1f1,1975,01,12,0.0,7.996412,-2.7833397,1975
9143,r3i1p1f1,1975,01,13,0.0,9.279884,-2.6591403,1975
9144,r3i1p1f1,1975,01,14,0.0,10.760801,-2.2732878,1975
9145,r3i1p1f1,1975,01,15,0.0,11.870189,-0.5834371,1975
9146,r3i1p1f1,1975,01,16,0.0,12.257339,-0.9458481,1975
9147,r3i1p1f1,1975,01,17,0.0,12.403334,-0.12844616,1975
9148,r3i1p1f1,1975,01,18,0.0013586593252655707,10.606189,3.7067356,1975
9149,r3i1p1f1,1975,01,19,19.147538832437835,3.877091,-1.3441441,1975
9150,r3i1p1f1,1975,01,20,0.0,6.6898518,-5.6661763,1975
9151,r3i1p1f1,1975,01,21,0.0,6.629168,-1.945105,1975
9152,r3i1p1f1,1975,01,22,4.539418980350188,4.4742017,-3.415295,1975
9153,r3i1p1f1,1975,01,23,35.52411156829054,4.276038,-0.27842107,1975
9154,r3i1p1f1,1975,01,24,10.11611766051302,5.031898,-5.536875,1975
9155,r3i1p1f1,1975,01,25,0.0,5.4359126,-3.8657882,1975
9156,r3i1p1f1,1975,01,26,8.44129739133151,2.1209576,-4.180944,1975
9157,r3i1p1f1,1975,01,27,0.0,7.420674,-5.648136,1975
9158,r3i1p1f1,1975,01,28,0.0,6.0436997,-0.58943474,1975
9159,r3i1p1f1,1975,01,29,0.0,7.677917,-4.7836876,1975
9160,r3i1p1f1,1975,01,30,0.0,7.6867156,-4.935241,1975
9161,r3i1p1f1,1975,01,31,0.0,6.598494,-5.6097164,1975
9162,r3i1p1f1,1975,02,01,0.0,1.4510252,-9.432891,1975
9163,r3i1p1f1,1975,02,02,0.0,9.601961,-4.9940453,1975
9164,r3i1p1f1,1975,02,03,0.0,14.076646,-2.353321,1975
9165,r3i1p1f1,1975,02,04,0.0,11.151467,0.3123941,1975
9166,r3i1p1f1,1975,02,05,0.0,10.614923,-1.3240086,1975
9167,r3i1p1f1,1975,02,06,0.0,12.030489,-2.0346355,1975
9168,r3i1p1f1,1975,02,07,0.0,14.492456,0.7885678,1975
9169,r3i1p1f1,1975,02,08,0.0,14.145925,0.75021255,1975
9170,r3i1p1f1,1975,02,09,0.0,15.635592,1.7355078,1975
9171,r3i1p1f1,1975,02,10,0.0,17.507513,0.5927583,1975
9172,r3i1p1f1,1975,02,11,0.0,16.7511,3.236884,1975
9173,r3i1p1f1,1975,02,12,0.0,15.737096,1.104751,1975
9174,r3i1p1f1,1975,02,13,0.0,14.580672,0.5288683,1975
9175,r3i1p1f1,1975,02,14,0.0,14.896517,1.3106363,1975
9176,r3i1p1f1,1975,02,15,0.0,15.296624,1.0398527,1975
9177,r3i1p1f1,1975,02,16,0.0,14.145382,1.6073855,1975
9178,r3i1p1f1,1975,02,17,0.0,14.971476,4.467929,1975
9179,r3i1p1f1,1975,02,18,49.184304223346864,11.964548,1.9004967,1975
9180,r3i1p1f1,1975,02,19,6.713609230370677,5.3572426,-3.1856377,1975
9181,r3i1p1f1,1975,02,20,0.0,8.159504,-1.5226059,1975
9182,r3i1p1f1,1975,02,21,0.0,9.392326,-0.029465226,1975
9183,r3i1p1f1,1975,02,22,0.00481282707034169,14.250533,1.5379082,1975
9184,r3i1p1f1,1975,02,23,0.0,13.993848,1.35149,1975
9185,r3i1p1f1,1975,02,24,0.0,12.512279,-0.56729865,1975
9186,r3i1p1f1,1975,02,25,9.976045737321806,5.654748,-1.3201593,1975
9187,r3i1p1f1,1975,02,26,14.626892167756235,1.7521945,-4.0640416,1975
9188,r3i1p1f1,1975,02,27,0.8295548310821974,5.6153426,-5.101454,1975
9189,r3i1p1f1,1975,02,28,23.10283581824287,4.2005577,-2.1297596,1975
9190,r3i1p1f1,1975,03,01,7.606284187855444,7.546983,-2.0362,1975
9191,r3i1p1f1,1975,03,02,4.012222009087533,10.1576605,-0.71806437,1975
9192,r3i1p1f1,1975,03,03,26.004683668725193,12.259219,2.6198964,1975
9193,r3i1p1f1,1975,03,04,0.0,16.741922,3.1554937,1975
9194,r3i1p1f1,1975,03,05,0.0,16.765526,2.6383765,1975
9195,r3i1p1f1,1975,03,06,0.0,15.87547,5.2721157,1975
9196,r3i1p1f1,1975,03,07,0.0,17.58275,3.5829375,1975
9197,r3i1p1f1,1975,03,08,0.0,18.118893,4.47993,1975
9198,r3i1p1f1,1975,03,09,0.010988793004990408,17.223612,6.326124,1975
9199,r3i1p1f1,1975,03,10,6.204296680516563,8.722142,0.30002314,1975
9200,r3i1p1f1,1975,03,11,0.0,12.191043,-0.29671183,1975
9201,r3i1p1f1,1975,03,12,0.0,15.482464,3.4382803,1975
9202,r3i1p1f1,1975,03,13,0.0,15.861598,2.1255503,1975
9203,r3i1p1f1,1975,03,14,5.236400123210746,12.259628,0.520932,1975
9204,r3i1p1f1,1975,03,15,1.2949382456626106,7.006813,-4.715594,1975
9205,r3i1p1f1,1975,03,16,0.0,12.701904,-1.0498326,1975
9206,r3i1p1f1,1975,03,17,0.0,15.814281,1.4457839,1975
9207,r3i1p1f1,1975,03,18,0.0,18.07487,3.2975724,1975
9208,r3i1p1f1,1975,03,19,0.0,18.398891,3.1065834,1975
9209,r3i1p1f1,1975,03,20,0.0,20.073755,4.482832,1975
9210,r3i1p1f1,1975,03,21,0.0,20.376081,5.2416534,1975
9211,r3i1p1f1,1975,03,22,0.0,19.015926,5.2575607,1975
9212,r3i1p1f1,1975,03,23,17.343142511028994,11.016923,-1.6374182,1975
9213,r3i1p1f1,1975,03,24,0.0,13.083765,-1.7802547,1975
9214,r3i1p1f1,1975,03,25,0.0,16.142235,0.5787076,1975
9215,r3i1p1f1,1975,03,26,0.0,16.229143,3.5000143,1975
9216,r3i1p1f1,1975,03,27,0.0,16.46205,2.542214,1975
9217,r3i1p1f1,1975,03,28,0.0,16.442095,2.8547401,1975
9218,r3i1p1f1,1975,03,29,2.2418867777799423,13.870597,2.1665022,1975
9219,r3i1p1f1,1975,03,30,53.141045634095605,8.565997,2.3273628,1975
9220,r3i1p1f1,1975,03,31,7.9585830043039385,4.1583858,-3.230197,1975
9221,r3i1p1f1,1975,04,01,1.998667177567289,6.7392416,-3.9410703,1975
9222,r3i1p1f1,1975,04,02,0.0,7.593598,-4.195125,1975
9223,r3i1p1f1,1975,04,03,0.043275703982496784,7.451151,-4.839886,1975
9224,r3i1p1f1,1975,04,04,12.92307681915669,3.2747345,-2.321307,1975
9225,r3i1p1f1,1975,04,05,18.170590089683078,0.69729877,-5.6575503,1975
9226,r3i1p1f1,1975,04,06,9.852072066247562,2.1383939,-6.395991,1975
9227,r3i1p1f1,1975,04,07,2.2070791006722414,7.6335664,-5.4563675,1975
9228,r3i1p1f1,1975,04,08,0.0,10.368474,-6.6690946,1975
9229,r3i1p1f1,1975,04,09,0.0,12.211452,-3.4129884,1975
9230,r3i1p1f1,1975,04,10,0.0,13.186606,-1.7997149,1975
9231,r3i1p1f1,1975,04,11,0.9121039826200822,12.674045,-1.280042,1975
9232,r3i1p1f1,1975,04,12,4.944919267750504,7.7333136,1.4476709,1975
9233,r3i1p1f1,1975,04,13,14.029492592396165,8.224594,-3.4427755,1975
9234,r3i1p1f1,1975,04,14,45.73293025850465,6.074692,-0.4466272,1975
9235,r3i1p1f1,1975,04,15,31.393705695556587,1.8657234,-2.1699874,1975
9236,r3i1p1f1,1975,04,16,17.544824714576336,2.605431,-7.5224843,1975
9237,r3i1p1f1,1975,04,17,0.0,6.4511375,-7.0455217,1975
9238,r3i1p1f1,1975,04,18,12.090935192291477,4.1088004,-1.8566937,1975
9239,r3i1p1f1,1975,04,19,0.0,14.974558,-4.1099806,1975
9240,r3i1p1f1,1975,04,20,0.0,18.517601,1.5007902,1975
9241,r3i1p1f1,1975,04,21,0.0,19.209002,3.756197,1975
9242,r3i1p1f1,1975,04,22,0.0,18.512384,3.2647808,1975
9243,r3i1p1f1,1975,04,23,0.10368795169358093,13.924965,3.0437326,1975
9244,r3i1p1f1,1975,04,24,0.0,11.214984,0.73897094,1975
9245,r3i1p1f1,1975,04,25,0.0,12.999809,-1.2397884,1975
9246,r3i1p1f1,1975,04,26,0.0,15.454956,-0.08823274,1975
9247,r3i1p1f1,1975,04,27,0.0,14.83335,0.84422785,1975
9248,r3i1p1f1,1975,04,28,0.0,17.358747,2.1895545,1975
9249,r3i1p1f1,1975,04,29,0.0,18.647215,4.1048293,1975
9250,r3i1p1f1,1975,04,30,0.0,20.564758,5.347939,1975
9251,r3i1p1f1,1975,05,01,0.0,21.668682,5.5668654,1975
9252,r3i1p1f1,1975,05,02,0.0,20.621126,5.8668876,1975
9253,r3i1p1f1,1975,05,03,0.0,22.30153,5.662073,1975
9254,r3i1p1f1,1975,05,04,0.0,22.74654,7.5435715,1975
9255,r3i1p1f1,1975,05,05,0.0,23.158998,7.385148,1975
9256,r3i1p1f1,1975,05,06,0.0,23.930088,8.382945,1975
9257,r3i1p1f1,1975,05,07,0.0,25.827253,9.111431,1975
9258,r3i1p1f1,1975,05,08,1.6044123887121187,25.629116,11.350787,1975
9259,r3i1p1f1,1975,05,09,0.0,20.822603,9.753496,1975
9260,r3i1p1f1,1975,05,10,0.0,19.077145,7.3183146,1975
9261,r3i1p1f1,1975,05,11,0.0,24.348486,5.596996,1975
9262,r3i1p1f1,1975,05,12,0.0,23.787718,8.76359,1975
9263,r3i1p1f1,1975,05,13,0.0,23.996202,9.085334,1975
9264,r3i1p1f1,1975,05,14,0.0,28.15322,10.333535,1975
9265,r3i1p1f1,1975,05,15,1.526839588385835,26.238358,10.103789,1975
9266,r3i1p1f1,1975,05,16,0.5213356196978375,21.81975,10.794185,1975
9267,r3i1p1f1,1975,05,17,0.0,21.237774,6.531783,1975
9268,r3i1p1f1,1975,05,18,0.0,21.446661,6.3123994,1975
9269,r3i1p1f1,1975,05,19,0.0,20.512135,5.566777,1975
9270,r3i1p1f1,1975,05,20,0.0,22.88157,6.6325564,1975
9271,r3i1p1f1,1975,05,21,0.0,22.360844,7.882565,1975
9272,r3i1p1f1,1975,05,22,0.0,21.57344,8.560231,1975
9273,r3i1p1f1,1975,05,23,0.0,24.008518,10.227764,1975
9274,r3i1p1f1,1975,05,24,0.0,25.257702,10.669557,1975
9275,r3i1p1f1,1975,05,25,0.0,25.172516,9.281448,1975
9276,r3i1p1f1,1975,05,26,0.0,24.913105,10.677003,1975
9277,r3i1p1f1,1975,05,27,2.146492977542374,19.371721,5.837695,1975
9278,r3i1p1f1,1975,05,28,4.63631456353285,13.206207,1.698414,1975
9279,r3i1p1f1,1975,05,29,0.7136106648096373,18.28968,3.6632729,1975
9280,r3i1p1f1,1975,05,30,0.0,24.418537,7.660185,1975
9281,r3i1p1f1,1975,05,31,0.0,26.560755,10.3174925,1975
9282,r3i1p1f1,1975,06,01,0.0,28.421835,10.967596,1975
9283,r3i1p1f1,1975,06,02,0.0,28.113121,13.5267935,1975
9284,r3i1p1f1,1975,06,03,0.0,26.890926,10.886445,1975
9285,r3i1p1f1,1975,06,04,0.0,26.09769,7.73788,1975
9286,r3i1p1f1,1975,06,05,0.0,26.014084,9.639555,1975
9287,r3i1p1f1,1975,06,06,0.0,26.18387,7.962217,1975
9288,r3i1p1f1,1975,06,07,0.0,26.348543,10.591076,1975
9289,r3i1p1f1,1975,06,08,0.0,25.826149,9.792457,1975
9290,r3i1p1f1,1975,06,09,0.0,26.443506,9.433209,1975
9291,r3i1p1f1,1975,06,10,0.0,26.470219,11.214598,1975
9292,r3i1p1f1,1975,06,11,2.601628285973627,24.71481,9.430849,1975
9293,r3i1p1f1,1975,06,12,0.0,23.446741,8.29953,1975
9294,r3i1p1f1,1975,06,13,0.5326684935210467,23.916899,9.098304,1975
9295,r3i1p1f1,1975,06,14,0.0,24.603615,8.913292,1975
9296,r3i1p1f1,1975,06,15,0.0,25.777952,9.908241,1975
9297,r3i1p1f1,1975,06,16,0.951754034069477,23.477156,9.252282,1975
9298,r3i1p1f1,1975,06,17,11.318372583666228,17.875168,6.6952686,1975
9299,r3i1p1f1,1975,06,18,12.360370327032319,9.891208,6.788533,1975
9300,r3i1p1f1,1975,06,19,0.0,16.860647,3.8448484,1975
9301,r3i1p1f1,1975,06,20,0.0,23.800205,7.0518103,1975
9302,r3i1p1f1,1975,06,21,0.0,28.373796,10.092305,1975
9303,r3i1p1f1,1975,06,22,0.0,28.902311,12.865379,1975
9304,r3i1p1f1,1975,06,23,0.0,29.212772,12.49785,1975
9305,r3i1p1f1,1975,06,24,0.0,32.21313,13.688248,1975
9306,r3i1p1f1,1975,06,25,0.0002786096860961008,32.301872,16.328312,1975
9307,r3i1p1f1,1975,06,26,0.0,30.385374,14.5191345,1975
9308,r3i1p1f1,1975,06,27,0.0,27.661114,11.846724,1975
9309,r3i1p1f1,1975,06,28,0.0,26.894676,10.289361,1975
9310,r3i1p1f1,1975,06,29,0.0,25.539295,10.04533,1975
9311,r3i1p1f1,1975,06,30,0.0,27.800346,10.660777,1975
9312,r3i1p1f1,1975,07,01,0.0,28.399158,11.043293,1975
9313,r3i1p1f1,1975,07,02,0.0,28.344185,12.781825,1975
9314,r3i1p1f1,1975,07,03,0.0,27.666103,13.287716,1975
9315,r3i1p1f1,1975,07,04,0.010208890460872729,25.90124,11.239602,1975
9316,r3i1p1f1,1975,07,05,0.0,29.40182,12.418892,1975
9317,r3i1p1f1,1975,07,06,0.023889144588457912,29.574696,14.369445,1975
9318,r3i1p1f1,1975,07,07,0.0,28.138927,13.346235,1975
9319,r3i1p1f1,1975,07,08,0.0,27.705149,12.848063,1975
9320,r3i1p1f1,1975,07,09,0.07990799954553184,28.438597,12.718034,1975
9321,r3i1p1f1,1975,07,10,0.2774787750815066,27.713675,13.671411,1975
9322,r3i1p1f1,1975,07,11,0.0,27.330835,12.124331,1975
9323,r3i1p1f1,1975,07,12,0.0,28.118698,12.41119,1975
9324,r3i1p1f1,1975,07,13,0.011025218440121725,27.52078,11.334924,1975
9325,r3i1p1f1,1975,07,14,0.0,24.0842,7.231702,1975
9326,r3i1p1f1,1975,07,15,0.0,25.110844,9.807818,1975
9327,r3i1p1f1,1975,07,16,0.0,27.602514,9.5083065,1975
9328,r3i1p1f1,1975,07,17,0.0,28.83429,12.062721,1975
9329,r3i1p1f1,1975,07,18,0.0,28.601442,12.68689,1975
9330,r3i1p1f1,1975,07,19,0.0,30.047647,13.456808,1975
9331,r3i1p1f1,1975,07,20,0.006945389299959827,29.978409,14.120186,1975
9332,r3i1p1f1,1975,07,21,0.0,28.56001,12.541695,1975
9333,r3i1p1f1,1975,07,22,0.0,28.16235,12.779087,1975
9334,r3i1p1f1,1975,07,23,0.0,29.064846,11.628729,1975
9335,r3i1p1f1,1975,07,24,0.0,32.028854,13.917686,1975
9336,r3i1p1f1,1975,07,25,0.0,32.217434,16.618755,1975
9337,r3i1p1f1,1975,07,26,0.0,30.0087,13.229639,1975
9338,r3i1p1f1,1975,07,27,0.0,27.899212,12.32203,1975
9339,r3i1p1f1,1975,07,28,0.0,29.817446,12.591194,1975
9340,r3i1p1f1,1975,07,29,0.0,29.37518,13.487192,1975
9341,r3i1p1f1,1975,07,30,0.0,29.142994,11.553386,1975
9342,r3i1p1f1,1975,07,31,0.0,29.403063,12.842509,1975
9343,r3i1p1f1,1975,08,01,0.0,28.964474,12.308619,1975
9344,r3i1p1f1,1975,08,02,0.0,28.249569,11.307726,1975
9345,r3i1p1f1,1975,08,03,0.0,26.504025,9.300412,1975
9346,r3i1p1f1,1975,08,04,0.0,26.239761,8.750067,1975
9347,r3i1p1f1,1975,08,05,0.0,25.046446,9.237127,1975
9348,r3i1p1f1,1975,08,06,0.0,22.119379,6.0512924,1975
9349,r3i1p1f1,1975,08,07,0.0,25.595802,6.9125385,1975
9350,r3i1p1f1,1975,08,08,0.0,26.33031,9.422629,1975
9351,r3i1p1f1,1975,08,09,0.0,25.728848,9.380107,1975
9352,r3i1p1f1,1975,08,10,0.0,29.083609,10.133478,1975
9353,r3i1p1f1,1975,08,11,0.0,30.139141,12.443747,1975
9354,r3i1p1f1,1975,08,12,0.12041674946024279,29.159025,13.17869,1975
9355,r3i1p1f1,1975,08,13,0.0,25.787388,9.903901,1975
9356,r3i1p1f1,1975,08,14,0.0,24.35037,7.910831,1975
9357,r3i1p1f1,1975,08,15,0.0,26.545994,9.171045,1975
9358,r3i1p1f1,1975,08,16,0.0,29.825068,11.769166,1975
9359,r3i1p1f1,1975,08,17,0.0,33.13353,14.534365,1975
9360,r3i1p1f1,1975,08,18,0.0,36.219746,16.710081,1975
9361,r3i1p1f1,1975,08,19,0.0,36.97007,18.50651,1975
9362,r3i1p1f1,1975,08,20,0.0,36.172764,18.472603,1975
9363,r3i1p1f1,1975,08,21,0.0,33.11783,15.909403,1975
9364,r3i1p1f1,1975,08,22,0.0,29.513197,12.357463,1975
9365,r3i1p1f1,1975,08,23,0.0,28.912014,11.640054,1975
9366,r3i1p1f1,1975,08,24,0.0,28.690872,11.129694,1975
9367,r3i1p1f1,1975,08,25,0.0,30.31091,12.351432,1975
9368,r3i1p1f1,1975,08,26,0.0,31.690287,13.797595,1975
9369,r3i1p1f1,1975,08,27,0.0,30.511726,13.812679,1975
9370,r3i1p1f1,1975,08,28,0.0,30.3815,12.338854,1975
9371,r3i1p1f1,1975,08,29,0.0,27.409943,10.334046,1975
9372,r3i1p1f1,1975,08,30,0.01580233782940348,23.407461,8.128858,1975
9373,r3i1p1f1,1975,08,31,0.0,21.8319,5.139848,1975
9374,r3i1p1f1,1975,09,01,0.0,25.102459,8.326731,1975
9375,r3i1p1f1,1975,09,02,0.0,27.191172,10.533792,1975
9376,r3i1p1f1,1975,09,03,0.0,32.32103,14.099002,1975
9377,r3i1p1f1,1975,09,04,0.0,32.797993,15.100277,1975
9378,r3i1p1f1,1975,09,05,0.0,32.87691,15.050481,1975
9379,r3i1p1f1,1975,09,06,0.0,32.83271,15.572887,1975
9380,r3i1p1f1,1975,09,07,0.0,32.088024,14.897352,1975
9381,r3i1p1f1,1975,09,08,0.0,30.521198,13.392938,1975
9382,r3i1p1f1,1975,09,09,0.0,27.93022,11.429838,1975
9383,r3i1p1f1,1975,09,10,0.0,23.474228,8.04019,1975
9384,r3i1p1f1,1975,09,11,0.0,27.3506,8.519548,1975
9385,r3i1p1f1,1975,09,12,0.0,30.450787,12.066745,1975
9386,r3i1p1f1,1975,09,13,0.0,31.870039,13.161953,1975
9387,r3i1p1f1,1975,09,14,0.0,31.367453,13.649337,1975
9388,r3i1p1f1,1975,09,15,0.0,30.607954,12.891693,1975
9389,r3i1p1f1,1975,09,16,0.0,27.852652,10.61963,1975
9390,r3i1p1f1,1975,09,17,0.0,27.113441,10.354161,1975
9391,r3i1p1f1,1975,09,18,0.0,24.349495,8.697546,1975
9392,r3i1p1f1,1975,09,19,0.0,20.24668,5.1258955,1975
9393,r3i1p1f1,1975,09,20,0.0,19.535088,5.700092,1975
9394,r3i1p1f1,1975,09,21,0.0,21.909021,5.4300737,1975
9395,r3i1p1f1,1975,09,22,0.0,27.340979,8.87836,1975
9396,r3i1p1f1,1975,09,23,0.0,30.014193,11.748855,1975
9397,r3i1p1f1,1975,09,24,0.0,30.471283,13.047374,1975
9398,r3i1p1f1,1975,09,25,0.0,30.32774,12.83561,1975
9399,r3i1p1f1,1975,09,26,0.0,30.746862,13.1938505,1975
9400,r3i1p1f1,1975,09,27,0.0,29.192411,12.88458,1975
9401,r3i1p1f1,1975,09,28,0.0,27.018948,11.133351,1975
9402,r3i1p1f1,1975,09,29,0.0,25.243626,11.8330765,1975
9403,r3i1p1f1,1975,09,30,0.0,25.80214,9.523449,1975
9404,r3i1p1f1,1975,10,01,0.0,25.286182,10.509303,1975
9405,r3i1p1f1,1975,10,02,0.0,23.83449,10.079648,1975
9406,r3i1p1f1,1975,10,03,0.0,22.401474,9.75081,1975
9407,r3i1p1f1,1975,10,04,0.0,21.21853,6.728969,1975
9408,r3i1p1f1,1975,10,05,0.0,19.160677,6.892737,1975
9409,r3i1p1f1,1975,10,06,0.006318258084846954,18.056343,4.829161,1975
9410,r3i1p1f1,1975,10,07,0.0,20.24687,5.0868416,1975
9411,r3i1p1f1,1975,10,08,0.0,24.199219,8.089463,1975
9412,r3i1p1f1,1975,10,09,0.0,25.225498,8.965081,1975
9413,r3i1p1f1,1975,10,10,0.0,27.394018,11.244416,1975
9414,r3i1p1f1,1975,10,11,0.0,29.118162,12.470274,1975
9415,r3i1p1f1,1975,10,12,0.0,29.532772,12.428953,1975
9416,r3i1p1f1,1975,10,13,0.0,29.853481,12.670153,1975
9417,r3i1p1f1,1975,10,14,0.0,29.878223,12.886301,1975
9418,r3i1p1f1,1975,10,15,0.0,29.926847,12.528044,1975
9419,r3i1p1f1,1975,10,16,0.0,25.977665,10.037994,1975
9420,r3i1p1f1,1975,10,17,0.04537081081013496,13.771092,2.7403808,1975
9421,r3i1p1f1,1975,10,18,0.0,17.396194,1.9301335,1975
9422,r3i1p1f1,1975,10,19,0.0,17.585735,5.179615,1975
9423,r3i1p1f1,1975,10,20,0.0,16.100578,2.1671507,1975
9424,r3i1p1f1,1975,10,21,0.0,13.159959,-0.28456262,1975
9425,r3i1p1f1,1975,10,22,0.0,15.964135,0.53707236,1975
9426,r3i1p1f1,1975,10,23,0.0,15.367982,1.3976492,1975
9427,r3i1p1f1,1975,10,24,0.0,19.648079,2.3118806,1975
9428,r3i1p1f1,1975,10,25,0.0,19.247364,4.756026,1975
9429,r3i1p1f1,1975,10,26,0.0,19.573105,4.3341055,1975
9430,r3i1p1f1,1975,10,27,0.0,22.675606,5.4914894,1975
9431,r3i1p1f1,1975,10,28,0.0,21.993746,7.685825,1975
9432,r3i1p1f1,1975,10,29,0.0,23.287756,5.711911,1975
9433,r3i1p1f1,1975,10,30,0.0,21.504658,7.3861523,1975
9434,r3i1p1f1,1975,10,31,0.0,16.544434,4.4285703,1975
9435,r3i1p1f1,1975,11,01,10.150543799758644,11.077054,2.2522638,1975
9436,r3i1p1f1,1975,11,02,75.12912790438062,8.778722,2.835698,1975
9437,r3i1p1f1,1975,11,03,17.506629845593125,7.9236126,0.9772506,1975
9438,r3i1p1f1,1975,11,04,1.3596740728405023,8.388156,-2.188551,1975
9439,r3i1p1f1,1975,11,05,0.0,11.157777,-2.3025563,1975
9440,r3i1p1f1,1975,11,06,0.0,14.24096,-0.9365869,1975
9441,r3i1p1f1,1975,11,07,0.0,14.507605,1.0099216,1975
9442,r3i1p1f1,1975,11,08,0.0,15.730471,1.5506028,1975
9443,r3i1p1f1,1975,11,09,0.0,14.659058,2.3548737,1975
9444,r3i1p1f1,1975,11,10,0.0,16.423271,1.5683749,1975
9445,r3i1p1f1,1975,11,11,0.0,15.881787,2.3531725,1975
9446,r3i1p1f1,1975,11,12,0.0,16.048653,3.5174537,1975
9447,r3i1p1f1,1975,11,13,0.0,17.212841,1.8651104,1975
9448,r3i1p1f1,1975,11,14,0.0,14.026556,5.8839417,1975
9449,r3i1p1f1,1975,11,15,3.6412723183610454,11.729149,2.1420183,1975
9450,r3i1p1f1,1975,11,16,0.028964632975945086,10.221855,4.504129,1975
9451,r3i1p1f1,1975,11,17,58.40842590030087,7.797113,2.9403036,1975
9452,r3i1p1f1,1975,11,18,13.956542794882186,8.208894,0.6095007,1975
9453,r3i1p1f1,1975,11,19,0.0,13.836906,-0.43959838,1975
9454,r3i1p1f1,1975,11,20,42.49035546703166,10.816519,3.8618002,1975
9455,r3i1p1f1,1975,11,21,61.912313584042224,10.409549,3.6763718,1975
9456,r3i1p1f1,1975,11,22,42.900479472193275,6.572393,1.3819733,1975
9457,r3i1p1f1,1975,11,23,6.045711419918868,5.059531,-1.9053745,1975
9458,r3i1p1f1,1975,11,24,0.0017442594597875875,9.258821,-4.887023,1975
9459,r3i1p1f1,1975,11,25,0.0,10.48259,-4.893671,1975
9460,r3i1p1f1,1975,11,26,0.0,8.342023,-2.0276592,1975
9461,r3i1p1f1,1975,11,27,0.0,9.803562,-0.84189653,1975
9462,r3i1p1f1,1975,11,28,0.0,11.323191,-1.2336359,1975
9463,r3i1p1f1,1975,11,29,0.0,9.792107,-1.8490157,1975
9464,r3i1p1f1,1975,11,30,0.0,11.98197,-1.1721021,1975
9465,r3i1p1f1,1975,12,01,0.0,15.611155,1.3787863,1975
9466,r3i1p1f1,1975,12,02,0.0,15.384642,2.0840178,1975
9467,r3i1p1f1,1975,12,03,0.0,13.233929,2.2189977,1975
9468,r3i1p1f1,1975,12,04,0.0,11.900948,0.5245408,1975
9469,r3i1p1f1,1975,12,05,0.0,11.831491,0.19978574,1975
9470,r3i1p1f1,1975,12,06,0.0,13.15755,0.49221325,1975
9471,r3i1p1f1,1975,12,07,0.0,13.214383,1.9483193,1975
9472,r3i1p1f1,1975,12,08,0.0,16.07691,2.2276528,1975
9473,r3i1p1f1,1975,12,09,11.519705289882902,15.36395,3.5219023,1975
9474,r3i1p1f1,1975,12,10,69.36501318000649,10.926746,4.4967284,1975
9475,r3i1p1f1,1975,12,11,41.451286365229045,12.961509,7.2971234,1975
9476,r3i1p1f1,1975,12,12,112.67348712212161,13.225809,5.298138,1975
9477,r3i1p1f1,1975,12,13,36.04817109697155,6.662474,1.8067933,1975
9478,r3i1p1f1,1975,12,14,12.060175098572232,3.6932704,-2.8649147,1975
9479,r3i1p1f1,1975,12,15,0.0,6.6995845,-6.421339,1975
9480,r3i1p1f1,1975,12,16,0.0,7.327608,-7.982117,1975
9481,r3i1p1f1,1975,12,17,0.0,11.178745,-5.0061793,1975
9482,r3i1p1f1,1975,12,18,0.0,12.227503,-2.8263783,1975
9483,r3i1p1f1,1975,12,19,0.0,12.510132,-2.7733252,1975
9484,r3i1p1f1,1975,12,20,0.0,9.797808,0.31717917,1975
9485,r3i1p1f1,1975,12,21,5.6893265881195765,6.6970186,-2.5607102,1975
9486,r3i1p1f1,1975,12,22,0.0,9.3418865,2.1730633,1975
9487,r3i1p1f1,1975,12,23,21.10485391029598,4.3451443,-0.45696136,1975
9488,r3i1p1f1,1975,12,24,0.0,10.059903,-2.9342287,1975
9489,r3i1p1f1,1975,12,25,0.0,10.038092,-3.026846,1975
9490,r3i1p1f1,1975,12,26,5.380287867477532,5.697615,-0.30303568,1975
9491,r3i1p1f1,1975,12,27,1.9871000355602806,6.0956225,-0.17370272,1975
9492,r3i1p1f1,1975,12,28,37.360473896229735,3.441687,0.015142192,1975
9493,r3i1p1f1,1975,12,29,6.820116062609534,4.048195,-4.3579416,1975
9494,r3i1p1f1,1975,12,30,32.038742822202806,2.7828233,-4.999927,1975
9495,r3i1p1f1,1975,12,31,0.969321406448312,4.367458,-3.7594843,1975
9496,r3i1p1f1,1976,01,01,22.921506317920592,3.3348777,-2.0270429,1976
9497,r3i1p1f1,1976,01,02,19.744340162325994,3.6863875,-0.57480216,1976
9498,r3i1p1f1,1976,01,03,0.0,8.486777,-3.8461335,1976
9499,r3i1p1f1,1976,01,04,0.0,7.0141277,-2.904136,1976
9500,r3i1p1f1,1976,01,05,27.2707505029087,3.69777,-0.83699936,1976
9501,r3i1p1f1,1976,01,06,19.90109666887867,3.137822,-1.0369775,1976
9502,r3i1p1f1,1976,01,07,0.0,6.802639,-4.423336,1976
9503,r3i1p1f1,1976,01,08,0.0,6.0310416,-6.3406806,1976
9504,r3i1p1f1,1976,01,09,0.0,6.402915,-6.506043,1976
9505,r3i1p1f1,1976,01,10,8.946063522077901,2.050274,-1.825419,1976
9506,r3i1p1f1,1976,01,11,0.0,6.489367,-6.9764576,1976
9507,r3i1p1f1,1976,01,12,0.0,6.0355043,-6.486532,1976
9508,r3i1p1f1,1976,01,13,0.0,2.752767,-11.120083,1976
9509,r3i1p1f1,1976,01,14,0.0,0.6391763,-10.966313,1976
9510,r3i1p1f1,1976,01,15,0.0,0.60580915,-11.708907,1976
9511,r3i1p1f1,1976,01,16,0.0,4.290897,-10.884621,1976
9512,r3i1p1f1,1976,01,17,22.310373689489143,-1.2263017,-7.054101,1976
9513,r3i1p1f1,1976,01,18,16.923646812555443,-0.27471644,-6.4746113,1976
9514,r3i1p1f1,1976,01,19,0.0,3.9658115,-9.6687355,1976
9515,r3i1p1f1,1976,01,20,0.0,4.523983,-4.612897,1976
9516,r3i1p1f1,1976,01,21,0.0,6.1885214,-2.8686485,1976
9517,r3i1p1f1,1976,01,22,12.048380314617566,1.3801135,-5.031717,1976
9518,r3i1p1f1,1976,01,23,19.97247386331621,1.9305782,-5.260772,1976
9519,r3i1p1f1,1976,01,24,0.0,5.9269586,-9.512484,1976
9520,r3i1p1f1,1976,01,25,0.0,5.194557,-8.616619,1976
9521,r3i1p1f1,1976,01,26,33.70052721522944,-1.3318695,-5.613245,1976
9522,r3i1p1f1,1976,01,27,26.76592412845869,-0.0015766226,-7.0115495,1976
9523,r3i1p1f1,1976,01,28,50.721521484420485,4.9204855,-0.9772753,1976
9524,r3i1p1f1,1976,01,29,52.02065155547308,7.3711963,1.0864105,1976
9525,r3i1p1f1,1976,01,30,5.1681698222972425,6.745083,1.4790629,1976
9526,r3i1p1f1,1976,01,31,69.5541713484808,7.8260145,3.4034915,1976
9527,r3i1p1f1,1976,02,01,1.0478538723251212,9.794811,1.3224288,1976
9528,r3i1p1f1,1976,02,02,4.793400019805535,5.887868,-1.058979,1976
9529,r3i1p1f1,1976,02,03,0.0,9.717091,-1.2883246,1976
9530,r3i1p1f1,1976,02,04,0.0,10.327005,-1.9556488,1976
9531,r3i1p1f1,1976,02,05,0.0,10.514492,-2.7429209,1976
9532,r3i1p1f1,1976,02,06,0.0,8.908809,0.049144246,1976
9533,r3i1p1f1,1976,02,07,0.0,12.234117,-1.5845273,1976
9534,r3i1p1f1,1976,02,08,0.0,16.051722,0.98538685,1976
9535,r3i1p1f1,1976,02,09,0.0,18.206684,3.3981643,1976
9536,r3i1p1f1,1976,02,10,0.0,17.194855,3.8698623,1976
9537,r3i1p1f1,1976,02,11,0.0,20.402987,5.1457033,1976
9538,r3i1p1f1,1976,02,12,0.0,19.686728,4.8559003,1976
9539,r3i1p1f1,1976,02,13,0.0,18.127361,3.7575374,1976
9540,r3i1p1f1,1976,02,14,0.0,8.646939,-1.7299538,1976
9541,r3i1p1f1,1976,02,15,0.0,14.050183,-2.309572,1976
9542,r3i1p1f1,1976,02,16,0.0,14.737404,-0.62602997,1976
9543,r3i1p1f1,1976,02,17,0.0,12.368728,-1.5580099,1976
9544,r3i1p1f1,1976,02,18,0.006269620682455991,9.225874,0.36297596,1976
9545,r3i1p1f1,1976,02,19,4.696193114106887,3.8416407,-3.4855144,1976
9546,r3i1p1f1,1976,02,20,14.475079491048268,5.165612,-2.968775,1976
9547,r3i1p1f1,1976,02,21,6.002124622969667,5.091538,-2.0246258,1976
9548,r3i1p1f1,1976,02,22,57.40687724595007,3.9130602,-0.5113928,1976
9549,r3i1p1f1,1976,02,23,23.1510468875058,3.9690626,-7.521705,1976
9550,r3i1p1f1,1976,02,24,0.5991437548034714,3.2380462,-7.3799434,1976
9551,r3i1p1f1,1976,02,25,1.3779779896905988,3.350942,-4.467483,1976
9552,r3i1p1f1,1976,02,26,74.4926278969567,0.2174748,-3.9235132,1976
9553,r3i1p1f1,1976,02,27,18.688781389286497,5.4377055,-5.867409,1976
9554,r3i1p1f1,1976,02,28,0.0,10.497907,-2.718325,1976
9555,r3i1p1f1,1976,02,29,0.49492784694992126,6.751266,-1.6679045,1976
9556,r3i1p1f1,1976,03,01,0.0,9.437211,-2.7340422,1976
9557,r3i1p1f1,1976,03,02,0.0,10.11672,-5.0934825,1976
9558,r3i1p1f1,1976,03,03,0.0,12.397874,-1.7161542,1976
9559,r3i1p1f1,1976,03,04,0.0,13.000302,-2.6609204,1976
9560,r3i1p1f1,1976,03,05,0.0,13.858223,-0.5897024,1976
9561,r3i1p1f1,1976,03,06,0.04612230236249927,12.564594,2.7935536,1976
9562,r3i1p1f1,1976,03,07,0.0,13.690305,1.6225483,1976
9563,r3i1p1f1,1976,03,08,0.0,14.928762,0.25970924,1976
9564,r3i1p1f1,1976,03,09,0.0,15.394701,2.3732793,1976
9565,r3i1p1f1,1976,03,10,0.0,16.174442,3.344213,1976
9566,r3i1p1f1,1976,03,11,0.0,15.383066,3.37826,1976
9567,r3i1p1f1,1976,03,12,22.75682531762868,9.99782,3.2613018,1976
9568,r3i1p1f1,1976,03,13,5.927856812166666,13.329724,1.7104208,1976
9569,r3i1p1f1,1976,03,14,29.549299124138134,11.082534,3.8563173,1976
9570,r3i1p1f1,1976,03,15,35.97990562404065,9.455266,2.2246222,1976
9571,r3i1p1f1,1976,03,16,1.8161572039580758,8.718173,-0.30565175,1976
9572,r3i1p1f1,1976,03,17,37.22582426853478,5.1560216,-0.5808117,1976
9573,r3i1p1f1,1976,03,18,12.797746062393632,2.2797952,-5.24426,1976
9574,r3i1p1f1,1976,03,19,32.22754403617919,1.155325,-4.2372355,1976
9575,r3i1p1f1,1976,03,20,0.0,5.026141,-13.838262,1976
9576,r3i1p1f1,1976,03,21,0.0,7.135601,-10.318711,1976
9577,r3i1p1f1,1976,03,22,0.0,10.842601,-4.3313985,1976
9578,r3i1p1f1,1976,03,23,47.494239855165546,7.086603,2.364909,1976
9579,r3i1p1f1,1976,03,24,3.881415721748214,6.744693,-1.5166551,1976
9580,r3i1p1f1,1976,03,25,21.597385548643377,2.8774514,-6.495131,1976
9581,r3i1p1f1,1976,03,26,7.176248065240399,1.1867135,-8.204985,1976
9582,r3i1p1f1,1976,03,27,0.0,6.150801,-11.060826,1976
9583,r3i1p1f1,1976,03,28,0.0,8.862566,-8.8716,1976
9584,r3i1p1f1,1976,03,29,0.0,10.752962,-4.159702,1976
9585,r3i1p1f1,1976,03,30,0.0,13.262688,0.58775014,1976
9586,r3i1p1f1,1976,03,31,13.784060479558416,10.931687,0.5873401,1976
9587,r3i1p1f1,1976,04,01,53.84087151308593,9.749195,5.2351785,1976
9588,r3i1p1f1,1976,04,02,7.108890019375586,7.7262115,-1.0185432,1976
9589,r3i1p1f1,1976,04,03,0.0,12.038972,-3.159689,1976
9590,r3i1p1f1,1976,04,04,0.0,14.5016775,-0.3271335,1976
9591,r3i1p1f1,1976,04,05,0.0,16.261555,0.77756107,1976
9592,r3i1p1f1,1976,04,06,0.0,13.862855,1.1933955,1976
9593,r3i1p1f1,1976,04,07,5.781748604050862,6.307132,-4.284151,1976
9594,r3i1p1f1,1976,04,08,0.5488924030367727,11.046497,-3.8406754,1976
9595,r3i1p1f1,1976,04,09,0.0,11.992781,-1.130228,1976
9596,r3i1p1f1,1976,04,10,0.0,16.272055,1.917025,1976
9597,r3i1p1f1,1976,04,11,0.0,15.142367,0.2710978,1976
9598,r3i1p1f1,1976,04,12,6.004182427798361,11.304613,-1.2784678,1976
9599,r3i1p1f1,1976,04,13,0.0,17.892563,1.225664,1976
9600,r3i1p1f1,1976,04,14,0.0,21.380814,5.4813414,1976
9601,r3i1p1f1,1976,04,15,0.0,21.079824,7.0704513,1976
9602,r3i1p1f1,1976,04,16,0.0017048974864576991,18.254013,6.228774,1976
9603,r3i1p1f1,1976,04,17,0.0,14.890231,2.681238,1976
9604,r3i1p1f1,1976,04,18,0.0041492761259800505,11.211105,-0.45772198,1976
9605,r3i1p1f1,1976,04,19,0.0,16.90831,1.9676394,1976
9606,r3i1p1f1,1976,04,20,0.004816902066139798,16.223259,5.0961633,1976
9607,r3i1p1f1,1976,04,21,13.474335918497099,12.664063,-0.6129888,1976
9608,r3i1p1f1,1976,04,22,0.0,15.52854,0.46888724,1976
9609,r3i1p1f1,1976,04,23,5.803186551967979,11.995288,2.3152597,1976
9610,r3i1p1f1,1976,04,24,35.86528389224488,4.5746813,-0.8022493,1976
9611,r3i1p1f1,1976,04,25,49.364240957718145,3.7660172,-2.0760543,1976
9612,r3i1p1f1,1976,04,26,3.1810298538690214,4.3830743,-5.1625137,1976
9613,r3i1p1f1,1976,04,27,0.0,9.900341,-4.1903515,1976
9614,r3i1p1f1,1976,04,28,0.35849601626020894,10.83479,0.069337845,1976
9615,r3i1p1f1,1976,04,29,8.770022767451959,7.2436457,-3.87732,1976
9616,r3i1p1f1,1976,04,30,0.0,12.8113575,-1.2363272,1976
9617,r3i1p1f1,1976,05,01,0.0,13.357776,0.7828676,1976
9618,r3i1p1f1,1976,05,02,0.0,15.549689,3.4446864,1976
9619,r3i1p1f1,1976,05,03,0.0,18.181879,3.919028,1976
9620,r3i1p1f1,1976,05,04,0.0,20.704607,4.6864595,1976
9621,r3i1p1f1,1976,05,05,0.19656425203337627,19.612516,6.357776,1976
9622,r3i1p1f1,1976,05,06,0.0,14.390461,5.8245807,1976
9623,r3i1p1f1,1976,05,07,0.0,16.374323,3.6464896,1976
9624,r3i1p1f1,1976,05,08,0.07802102064057467,15.191781,2.6777668,1976
9625,r3i1p1f1,1976,05,09,0.0,16.686697,1.5292104,1976
9626,r3i1p1f1,1976,05,10,0.0,18.296913,4.278465,1976
9627,r3i1p1f1,1976,05,11,0.0,20.32601,5.436036,1976
9628,r3i1p1f1,1976,05,12,0.0,20.151901,6.8271437,1976
9629,r3i1p1f1,1976,05,13,0.0,15.577624,3.7315419,1976
9630,r3i1p1f1,1976,05,14,0.0,18.483395,3.3664787,1976
9631,r3i1p1f1,1976,05,15,0.0,20.278624,4.619483,1976
9632,r3i1p1f1,1976,05,16,0.0,21.28719,6.5796437,1976
9633,r3i1p1f1,1976,05,17,0.0,20.692839,6.5594625,1976
9634,r3i1p1f1,1976,05,18,0.0,22.77838,6.9563575,1976
9635,r3i1p1f1,1976,05,19,0.0,21.6612,8.534807,1976
9636,r3i1p1f1,1976,05,20,0.00586276768636277,20.763657,6.9932203,1976
9637,r3i1p1f1,1976,05,21,0.0,25.973454,7.4130173,1976
9638,r3i1p1f1,1976,05,22,0.0,28.112463,10.194262,1976
9639,r3i1p1f1,1976,05,23,0.0,28.539593,12.303955,1976
9640,r3i1p1f1,1976,05,24,0.0,27.735886,13.164954,1976
9641,r3i1p1f1,1976,05,25,0.0,27.160133,10.313732,1976
9642,r3i1p1f1,1976,05,26,0.0,27.10129,11.40332,1976
9643,r3i1p1f1,1976,05,27,0.0,27.075508,10.64353,1976
9644,r3i1p1f1,1976,05,28,1.9128816887371756,25.386068,10.262575,1976
9645,r3i1p1f1,1976,05,29,0.199192753921364,26.44816,12.524368,1976
9646,r3i1p1f1,1976,05,30,0.0,26.699596,10.704797,1976
9647,r3i1p1f1,1976,05,31,0.0,26.420013,10.204535,1976
9648,r3i1p1f1,1976,06,01,0.0,25.890625,10.173616,1976
9649,r3i1p1f1,1976,06,02,6.284184380140352,25.527107,9.566052,1976
9650,r3i1p1f1,1976,06,03,13.27226087849244,20.960209,9.205459,1976
9651,r3i1p1f1,1976,06,04,1.8388815751103194,19.606598,6.6483374,1976
9652,r3i1p1f1,1976,06,05,0.0,19.00734,4.082605,1976
9653,r3i1p1f1,1976,06,06,0.0,20.81668,3.5066423,1976
9654,r3i1p1f1,1976,06,07,0.0,23.688192,5.688642,1976
9655,r3i1p1f1,1976,06,08,0.0,22.134829,7.301862,1976
9656,r3i1p1f1,1976,06,09,0.0,21.556673,5.7525163,1976
9657,r3i1p1f1,1976,06,10,0.23097671904619538,20.041628,4.501724,1976
9658,r3i1p1f1,1976,06,11,1.7264395703693338,19.08167,2.6649551,1976
9659,r3i1p1f1,1976,06,12,3.662001090733132,13.87607,5.6781273,1976
9660,r3i1p1f1,1976,06,13,0.0033459407093591595,14.667152,2.967514,1976
9661,r3i1p1f1,1976,06,14,0.1424645397587722,16.442513,1.6683792,1976
9662,r3i1p1f1,1976,06,15,0.0,20.482765,2.5279195,1976
9663,r3i1p1f1,1976,06,16,0.0,21.571053,5.7269974,1976
9664,r3i1p1f1,1976,06,17,0.0,23.07598,6.7788696,1976
9665,r3i1p1f1,1976,06,18,0.0,22.090166,8.194322,1976
9666,r3i1p1f1,1976,06,19,0.0,20.49688,6.5982504,1976
9667,r3i1p1f1,1976,06,20,0.044409000608874,19.699242,6.304424,1976
9668,r3i1p1f1,1976,06,21,5.444726546978162,14.647654,8.33039,1976
9669,r3i1p1f1,1976,06,22,24.041158485373384,15.334753,6.1169996,1976
9670,r3i1p1f1,1976,06,23,0.0,23.175234,6.2856007,1976
9671,r3i1p1f1,1976,06,24,0.0,25.263596,8.860708,1976
9672,r3i1p1f1,1976,06,25,0.0,27.969421,10.51959,1976
9673,r3i1p1f1,1976,06,26,0.0,30.065664,12.099385,1976
9674,r3i1p1f1,1976,06,27,0.0,31.851912,15.040812,1976
9675,r3i1p1f1,1976,06,28,0.0,31.637697,15.621776,1976
9676,r3i1p1f1,1976,06,29,0.0,30.085655,14.889112,1976
9677,r3i1p1f1,1976,06,30,0.0,29.450138,13.21331,1976
9678,r3i1p1f1,1976,07,01,15.083554403482642,31.276789,16.967833,1976
9679,r3i1p1f1,1976,07,02,7.262682309680569,26.643942,15.053401,1976
9680,r3i1p1f1,1976,07,03,2.331433114771866,27.814743,11.682045,1976
9681,r3i1p1f1,1976,07,04,0.0,28.08484,12.197856,1976
9682,r3i1p1f1,1976,07,05,0.0,28.502148,11.652733,1976
9683,r3i1p1f1,1976,07,06,0.0,29.622341,12.137328,1976
9684,r3i1p1f1,1976,07,07,0.0,28.931429,12.383635,1976
9685,r3i1p1f1,1976,07,08,0.0,25.92106,9.429638,1976
9686,r3i1p1f1,1976,07,09,0.0,24.719763,6.915145,1976
9687,r3i1p1f1,1976,07,10,0.0,24.874384,7.3754954,1976
9688,r3i1p1f1,1976,07,11,0.0,24.291265,8.534669,1976
9689,r3i1p1f1,1976,07,12,0.0,23.806856,7.5750303,1976
9690,r3i1p1f1,1976,07,13,0.0,23.274298,7.779478,1976
9691,r3i1p1f1,1976,07,14,0.0,23.864973,6.870315,1976
9692,r3i1p1f1,1976,07,15,0.0,25.028675,7.993524,1976
9693,r3i1p1f1,1976,07,16,0.0,26.96543,10.2526245,1976
9694,r3i1p1f1,1976,07,17,0.0,29.766335,13.015824,1976
9695,r3i1p1f1,1976,07,18,0.0,31.542429,13.967402,1976
9696,r3i1p1f1,1976,07,19,0.0,32.21616,16.443611,1976
9697,r3i1p1f1,1976,07,20,0.004732776371958225,32.452217,16.501108,1976
9698,r3i1p1f1,1976,07,21,0.0010499571401037667,31.174229,15.748797,1976
9699,r3i1p1f1,1976,07,22,0.0,29.244965,13.583242,1976
9700,r3i1p1f1,1976,07,23,0.0,28.132847,11.161538,1976
9701,r3i1p1f1,1976,07,24,0.0,29.532576,12.290747,1976
9702,r3i1p1f1,1976,07,25,0.0026849891965914714,30.456388,13.673673,1976
9703,r3i1p1f1,1976,07,26,0.0,31.485025,13.807572,1976
9704,r3i1p1f1,1976,07,27,0.0,31.010641,13.779486,1976
9705,r3i1p1f1,1976,07,28,0.0,28.652079,11.543488,1976
9706,r3i1p1f1,1976,07,29,0.0,29.209885,10.573046,1976
9707,r3i1p1f1,1976,07,30,0.0,30.721119,12.377554,1976
9708,r3i1p1f1,1976,07,31,0.0,30.172892,13.656421,1976
9709,r3i1p1f1,1976,08,01,0.0,29.363321,12.731453,1976
9710,r3i1p1f1,1976,08,02,0.0,29.916813,11.554596,1976
9711,r3i1p1f1,1976,08,03,0.0,30.808662,12.614085,1976
9712,r3i1p1f1,1976,08,04,0.0,31.4628,13.63941,1976
9713,r3i1p1f1,1976,08,05,0.0,31.076857,13.371958,1976
9714,r3i1p1f1,1976,08,06,0.0,29.875462,11.744693,1976
9715,r3i1p1f1,1976,08,07,0.0,29.399187,13.439836,1976
9716,r3i1p1f1,1976,08,08,0.0,29.378294,12.581844,1976
9717,r3i1p1f1,1976,08,09,0.0,28.25502,10.922932,1976
9718,r3i1p1f1,1976,08,10,0.0,22.73928,6.9717426,1976
9719,r3i1p1f1,1976,08,11,0.0,25.341537,8.024351,1976
9720,r3i1p1f1,1976,08,12,0.0,25.935873,10.14171,1976
9721,r3i1p1f1,1976,08,13,0.0,27.936708,10.58587,1976
9722,r3i1p1f1,1976,08,14,0.0,29.943687,13.492418,1976
9723,r3i1p1f1,1976,08,15,0.0,30.87113,13.568992,1976
9724,r3i1p1f1,1976,08,16,0.0,29.949791,14.131238,1976
9725,r3i1p1f1,1976,08,17,0.0,27.300104,11.668086,1976
9726,r3i1p1f1,1976,08,18,0.0,27.352005,10.583626,1976
9727,r3i1p1f1,1976,08,19,0.0,29.939806,12.258028,1976
9728,r3i1p1f1,1976,08,20,0.0,30.816357,13.18857,1976
9729,r3i1p1f1,1976,08,21,0.0,30.67952,12.918529,1976
9730,r3i1p1f1,1976,08,22,0.0,30.09351,12.5643835,1976
9731,r3i1p1f1,1976,08,23,0.0,28.088808,11.63977,1976
9732,r3i1p1f1,1976,08,24,0.0,26.954733,10.416143,1976
9733,r3i1p1f1,1976,08,25,0.0,29.431784,11.940944,1976
9734,r3i1p1f1,1976,08,26,0.0,30.23861,12.228667,1976
9735,r3i1p1f1,1976,08,27,0.013751549694892387,29.571268,13.552402,1976
9736,r3i1p1f1,1976,08,28,0.0,28.434713,12.326481,1976
9737,r3i1p1f1,1976,08,29,0.0,27.26727,11.534276,1976
9738,r3i1p1f1,1976,08,30,0.0,26.391066,10.735329,1976
9739,r3i1p1f1,1976,08,31,0.0,28.580225,10.144227,1976
9740,r3i1p1f1,1976,09,01,0.0,27.768126,10.918766,1976
9741,r3i1p1f1,1976,09,02,0.0,23.52098,7.8884406,1976
9742,r3i1p1f1,1976,09,03,0.0,19.112226,4.248269,1976
9743,r3i1p1f1,1976,09,04,0.0,18.148075,6.3393545,1976
9744,r3i1p1f1,1976,09,05,0.0,16.91467,4.672178,1976
9745,r3i1p1f1,1976,09,06,0.0,16.52542,3.9226873,1976
9746,r3i1p1f1,1976,09,07,0.07895008587327443,20.269909,3.617492,1976
9747,r3i1p1f1,1976,09,08,0.0,25.393469,7.606241,1976
9748,r3i1p1f1,1976,09,09,0.0,29.060621,10.707836,1976
9749,r3i1p1f1,1976,09,10,0.0,31.089472,13.425298,1976
9750,r3i1p1f1,1976,09,11,0.0,31.276218,15.240733,1976
9751,r3i1p1f1,1976,09,12,0.0,27.101463,9.344583,1976
9752,r3i1p1f1,1976,09,13,0.0,13.381202,1.3629291,1976
9753,r3i1p1f1,1976,09,14,14.163527940017,10.417143,1.1132121,1976
9754,r3i1p1f1,1976,09,15,0.0,16.57179,1.1557763,1976
9755,r3i1p1f1,1976,09,16,0.0,22.335464,4.747465,1976
9756,r3i1p1f1,1976,09,17,0.0,26.866713,8.907477,1976
9757,r3i1p1f1,1976,09,18,0.0,28.769478,10.959989,1976
9758,r3i1p1f1,1976,09,19,0.0,29.698963,11.932992,1976
9759,r3i1p1f1,1976,09,20,0.0,30.449831,13.037538,1976
9760,r3i1p1f1,1976,09,21,0.0,31.035824,14.116055,1976
9761,r3i1p1f1,1976,09,22,0.0,30.633121,13.852209,1976
9762,r3i1p1f1,1976,09,23,0.0,30.583885,12.390122,1976
9763,r3i1p1f1,1976,09,24,0.0,29.994097,12.8252125,1976
9764,r3i1p1f1,1976,09,25,0.0,29.050726,13.020616,1976
9765,r3i1p1f1,1976,09,26,0.0,27.710447,11.630865,1976
9766,r3i1p1f1,1976,09,27,0.0,21.773966,6.1281567,1976
9767,r3i1p1f1,1976,09,28,0.4023735264414235,17.671574,3.7863545,1976
9768,r3i1p1f1,1976,09,29,0.0,25.343678,8.635316,1976
9769,r3i1p1f1,1976,09,30,0.0,23.618877,7.1936207,1976
9770,r3i1p1f1,1976,10,01,0.0,22.522993,6.0317245,1976
9771,r3i1p1f1,1976,10,02,0.0,20.203669,5.9645834,1976
9772,r3i1p1f1,1976,10,03,0.0,20.829237,4.761249,1976
9773,r3i1p1f1,1976,10,04,0.0,24.361958,7.0876603,1976
9774,r3i1p1f1,1976,10,05,0.8085402670411369,23.58592,9.439967,1976
9775,r3i1p1f1,1976,10,06,0.0,23.350286,7.6037097,1976
9776,r3i1p1f1,1976,10,07,0.0,23.807178,7.467584,1976
9777,r3i1p1f1,1976,10,08,0.0,22.477499,8.49297,1976
9778,r3i1p1f1,1976,10,09,12.722190484514853,17.784101,6.3869433,1976
9779,r3i1p1f1,1976,10,10,8.08735722629966,10.779945,-0.84924877,1976
9780,r3i1p1f1,1976,10,11,0.0,13.4420185,1.2829262,1976
9781,r3i1p1f1,1976,10,12,0.0,16.91125,3.3870413,1976
9782,r3i1p1f1,1976,10,13,3.7869231142777657,16.906645,4.2093754,1976
9783,r3i1p1f1,1976,10,14,0.0,16.315584,4.1231275,1976
9784,r3i1p1f1,1976,10,15,0.0,15.648578,2.4893079,1976
9785,r3i1p1f1,1976,10,16,0.0,12.4254,-2.1076343,1976
9786,r3i1p1f1,1976,10,17,0.3251265420419115,10.647478,-0.90456074,1976
9787,r3i1p1f1,1976,10,18,5.057223649916858,6.4441514,-1.1455623,1976
9788,r3i1p1f1,1976,10,19,8.309253448724599,6.1557975,-1.356293,1976
9789,r3i1p1f1,1976,10,20,1.6507264729099054,10.625777,-4.3381104,1976
9790,r3i1p1f1,1976,10,21,0.0,12.851836,-3.166868,1976
9791,r3i1p1f1,1976,10,22,0.0,12.535665,3.6269608,1976
9792,r3i1p1f1,1976,10,23,0.08254441536815935,15.415389,2.536393,1976
9793,r3i1p1f1,1976,10,24,14.047882041746849,14.62833,6.665435,1976
9794,r3i1p1f1,1976,10,25,24.707221459156198,15.71642,7.1939344,1976
9795,r3i1p1f1,1976,10,26,28.701992788793223,16.361416,9.763759,1976
9796,r3i1p1f1,1976,10,27,0.0,16.225264,4.116644,1976
9797,r3i1p1f1,1976,10,28,9.13597071745531,15.182048,4.3270135,1976
9798,r3i1p1f1,1976,10,29,14.08450986234943,14.564198,4.351869,1976
9799,r3i1p1f1,1976,10,30,0.0,15.521865,-0.13033046,1976
9800,r3i1p1f1,1976,10,31,0.0,19.472763,2.393232,1976
9801,r3i1p1f1,1976,11,01,0.0,18.556473,3.4317825,1976
9802,r3i1p1f1,1976,11,02,0.0,16.329918,4.916084,1976
9803,r3i1p1f1,1976,11,03,0.0,14.564306,4.9393797,1976
9804,r3i1p1f1,1976,11,04,9.265998240880435,12.374503,3.7298703,1976
9805,r3i1p1f1,1976,11,05,3.7614135264448123,8.921015,-1.4547424,1976
9806,r3i1p1f1,1976,11,06,0.0,10.20126,-3.1223395,1976
9807,r3i1p1f1,1976,11,07,0.0,11.448358,-0.9511639,1976
9808,r3i1p1f1,1976,11,08,12.726156976024964,8.571588,-2.250587,1976
9809,r3i1p1f1,1976,11,09,8.75443760550728,9.1432905,-0.52453053,1976
9810,r3i1p1f1,1976,11,10,0.24586599475266044,8.942649,-0.9539803,1976
9811,r3i1p1f1,1976,11,11,0.08432936508478106,9.712218,0.4861775,1976
9812,r3i1p1f1,1976,11,12,0.18193312996453115,7.6978326,-1.2968518,1976
9813,r3i1p1f1,1976,11,13,5.093613753476682,10.600099,2.0113678,1976
9814,r3i1p1f1,1976,11,14,0.0,14.344793,1.0111561,1976
9815,r3i1p1f1,1976,11,15,0.0,16.608183,2.3283546,1976
9816,r3i1p1f1,1976,11,16,0.0,17.279,3.8006747,1976
9817,r3i1p1f1,1976,11,17,0.0,19.622335,3.2605007,1976
9818,r3i1p1f1,1976,11,18,0.0,20.56869,3.3162267,1976
9819,r3i1p1f1,1976,11,19,0.0,18.773466,3.6382363,1976
9820,r3i1p1f1,1976,11,20,0.0,20.213333,2.2676134,1976
9821,r3i1p1f1,1976,11,21,0.0,17.098639,3.7853568,1976
9822,r3i1p1f1,1976,11,22,0.0,15.264605,5.443709,1976
9823,r3i1p1f1,1976,11,23,0.0,17.471075,3.247104,1976
9824,r3i1p1f1,1976,11,24,0.0,17.983648,3.66155,1976
9825,r3i1p1f1,1976,11,25,0.0,16.59706,5.862233,1976
9826,r3i1p1f1,1976,11,26,0.35765428782676617,15.13705,2.8727322,1976
9827,r3i1p1f1,1976,11,27,0.0,15.653575,2.5180984,1976
9828,r3i1p1f1,1976,11,28,12.590877500693558,13.387484,4.7470818,1976
9829,r3i1p1f1,1976,11,29,60.16676977865006,8.343534,0.19481042,1976
9830,r3i1p1f1,1976,11,30,0.0,6.4681787,-6.240225,1976
9831,r3i1p1f1,1976,12,01,0.0,9.047344,-2.3610113,1976
9832,r3i1p1f1,1976,12,02,0.0,10.827057,-0.7922038,1976
9833,r3i1p1f1,1976,12,03,0.0,11.065314,-1.3743259,1976
9834,r3i1p1f1,1976,12,04,1.013676250754782,8.653322,-0.382963,1976
9835,r3i1p1f1,1976,12,05,0.0,8.392062,-3.7735417,1976
9836,r3i1p1f1,1976,12,06,36.20961631746277,1.8343588,-2.1848693,1976
9837,r3i1p1f1,1976,12,07,9.4457010205492,1.7281189,-3.4724133,1976
9838,r3i1p1f1,1976,12,08,0.18002832075580955,5.518936,-5.0028257,1976
9839,r3i1p1f1,1976,12,09,28.95226296723673,2.5254254,-5.385091,1976
9840,r3i1p1f1,1976,12,10,0.021035956237220058,2.2138498,-8.742286,1976
9841,r3i1p1f1,1976,12,11,12.371830527646173,0.08054231,-8.301571,1976
9842,r3i1p1f1,1976,12,12,0.0,5.8207827,-7.2801523,1976
9843,r3i1p1f1,1976,12,13,8.432971819696066,1.9698776,-5.8729177,1976
9844,r3i1p1f1,1976,12,14,0.0,6.8628807,-7.013151,1976
9845,r3i1p1f1,1976,12,15,0.0,1.8923492,-7.231709,1976
9846,r3i1p1f1,1976,12,16,0.0,3.9655545,-7.1342125,1976
9847,r3i1p1f1,1976,12,17,0.0,4.1798415,-6.7163258,1976
9848,r3i1p1f1,1976,12,18,0.0,9.168612,-2.3215957,1976
9849,r3i1p1f1,1976,12,19,0.0,9.103002,-2.8289464,1976
9850,r3i1p1f1,1976,12,20,0.0,12.334032,-1.7379082,1976
9851,r3i1p1f1,1976,12,21,0.0,10.336413,-3.6691418,1976
9852,r3i1p1f1,1976,12,22,0.0,-2.7560782,-11.552207,1976
9853,r3i1p1f1,1976,12,23,0.0,1.3729057,-12.254106,1976
9854,r3i1p1f1,1976,12,24,0.0,2.6815915,-9.051986,1976
9855,r3i1p1f1,1976,12,25,0.477523301914947,1.7656045,-6.9300685,1976
9856,r3i1p1f1,1976,12,26,11.661472614535963,-3.6707218,-10.228784,1976
9857,r3i1p1f1,1976,12,27,20.609712621540222,-0.2791343,-15.377615,1976
9858,r3i1p1f1,1976,12,28,7.297103214276783,0.543193,-8.85019,1976
9859,r3i1p1f1,1976,12,29,15.208866259720372,-1.7620088,-11.949251,1976
9860,r3i1p1f1,1976,12,30,93.80009503741013,2.942257,-4.1924496,1976
9861,r3i1p1f1,1976,12,31,67.06985431282143,4.455875,-5.7048516,1976
9862,r3i1p1f1,1977,01,01,18.484060405822483,0.057618674,-4.4130254,1977
9863,r3i1p1f1,1977,01,02,0.0,2.910131,-9.186366,1977
9864,r3i1p1f1,1977,01,03,0.0,4.7272925,-6.212219,1977
9865,r3i1p1f1,1977,01,04,0.0,6.910118,-3.2988794,1977
9866,r3i1p1f1,1977,01,05,0.0,8.209344,-1.3644732,1977
9867,r3i1p1f1,1977,01,06,0.8462636090514838,5.020699,0.32446998,1977
9868,r3i1p1f1,1977,01,07,0.09441358124604449,6.0639563,0.0072652064,1977
9869,r3i1p1f1,1977,01,08,9.682806778935054,4.630013,-0.7238644,1977
9870,r3i1p1f1,1977,01,09,14.675961632747203,4.9658613,-0.081289485,1977
9871,r3i1p1f1,1977,01,10,0.0,9.090562,-6.4359126,1977
9872,r3i1p1f1,1977,01,11,0.0,8.087459,-4.8019733,1977
9873,r3i1p1f1,1977,01,12,0.0,10.667464,-1.0484442,1977
9874,r3i1p1f1,1977,01,13,0.0,14.171182,1.927339,1977
9875,r3i1p1f1,1977,01,14,0.0,12.013758,1.001492,1977
9876,r3i1p1f1,1977,01,15,0.0,14.770862,4.922657,1977
9877,r3i1p1f1,1977,01,16,0.0,12.682426,1.3991688,1977
9878,r3i1p1f1,1977,01,17,17.436803354710143,5.2262936,0.5488549,1977
9879,r3i1p1f1,1977,01,18,13.0424560669589,7.792233,2.7441316,1977
9880,r3i1p1f1,1977,01,19,30.543705899464456,7.6514864,-1.941432,1977
9881,r3i1p1f1,1977,01,20,0.0,6.693463,-2.6009367,1977
9882,r3i1p1f1,1977,01,21,0.0,6.2787476,-5.8099084,1977
9883,r3i1p1f1,1977,01,22,0.0,7.4670973,-4.7644086,1977
9884,r3i1p1f1,1977,01,23,0.0,6.365838,-4.808032,1977
9885,r3i1p1f1,1977,01,24,0.0,6.9725914,-2.716922,1977
9886,r3i1p1f1,1977,01,25,0.0,11.078586,-2.3105528,1977
9887,r3i1p1f1,1977,01,26,0.0,12.784749,-0.18428114,1977
9888,r3i1p1f1,1977,01,27,0.0,12.987567,3.746165,1977
9889,r3i1p1f1,1977,01,28,52.81057674927931,11.16708,2.6472468,1977
9890,r3i1p1f1,1977,01,29,0.0,8.501286,-1.660778,1977
9891,r3i1p1f1,1977,01,30,0.0,11.86624,0.11361236,1977
9892,r3i1p1f1,1977,01,31,0.0,14.779386,-1.4174829,1977
9893,r3i1p1f1,1977,02,01,0.0,15.570968,0.29862005,1977
9894,r3i1p1f1,1977,02,02,0.14139485199274004,13.0705595,4.138748,1977
9895,r3i1p1f1,1977,02,03,5.759330463249506,10.11597,1.4302893,1977
9896,r3i1p1f1,1977,02,04,84.55882536149339,10.938039,2.3555715,1977
9897,r3i1p1f1,1977,02,05,2.192006923111254,13.378071,5.054861,1977
9898,r3i1p1f1,1977,02,06,0.0,17.258852,2.4803712,1977
9899,r3i1p1f1,1977,02,07,34.4234796853638,13.511999,4.3303866,1977
9900,r3i1p1f1,1977,02,08,9.006572587838347,6.194492,-0.9784874,1977
9901,r3i1p1f1,1977,02,09,0.0,12.520348,0.10440242,1977
9902,r3i1p1f1,1977,02,10,0.0,12.812124,0.2083604,1977
9903,r3i1p1f1,1977,02,11,0.0,11.133067,-1.9182707,1977
9904,r3i1p1f1,1977,02,12,0.0,10.469035,-0.9538117,1977
9905,r3i1p1f1,1977,02,13,0.8872069703790274,5.954822,-2.0276506,1977
9906,r3i1p1f1,1977,02,14,31.828810419201066,2.4846687,-3.1410744,1977
9907,r3i1p1f1,1977,02,15,28.877191420791572,1.4963107,-4.7583065,1977
9908,r3i1p1f1,1977,02,16,6.883071773987275,1.7680253,-6.544579,1977
9909,r3i1p1f1,1977,02,17,0.0,5.369265,-8.423365,1977
9910,r3i1p1f1,1977,02,18,0.0,7.0637965,-6.62408,1977
9911,r3i1p1f1,1977,02,19,0.0,7.95196,-5.288887,1977
9912,r3i1p1f1,1977,02,20,0.0,8.930079,-3.6857393,1977
9913,r3i1p1f1,1977,02,21,0.0,11.57429,-2.4202747,1977
9914,r3i1p1f1,1977,02,22,0.0,12.253345,-2.3931632,1977
9915,r3i1p1f1,1977,02,23,0.14782704621259318,10.468361,-2.0716712,1977
9916,r3i1p1f1,1977,02,24,17.49938770050281,2.5581796,-2.2012565,1977
9917,r3i1p1f1,1977,02,25,6.178628108280368,1.7704777,-5.7833242,1977
9918,r3i1p1f1,1977,02,26,1.4418486762703029,4.7947917,-2.487375,1977
9919,r3i1p1f1,1977,02,27,0.0,13.495228,-1.2612005,1977
9920,r3i1p1f1,1977,02,28,0.0,13.173547,1.0365192,1977
9921,r3i1p1f1,1977,03,01,0.8503334297672968,7.827672,3.5221066,1977
9922,r3i1p1f1,1977,03,02,56.04876511191067,5.4581733,0.4708667,1977
9923,r3i1p1f1,1977,03,03,0.8831070131763179,9.269174,-1.6311159,1977
9924,r3i1p1f1,1977,03,04,0.0,15.777808,0.85872155,1977
9925,r3i1p1f1,1977,03,05,1.2705633542377894,12.347372,1.8701354,1977
9926,r3i1p1f1,1977,03,06,3.8100605412852784,8.111349,-1.4767452,1977
9927,r3i1p1f1,1977,03,07,60.34258411412961,6.0578327,-0.038387306,1977
9928,r3i1p1f1,1977,03,08,17.131409228558798,4.846882,-1.1717229,1977
9929,r3i1p1f1,1977,03,09,4.364464314436956,4.291073,-3.4002943,1977
9930,r3i1p1f1,1977,03,10,13.71330883190048,4.019567,-2.6110978,1977
9931,r3i1p1f1,1977,03,11,0.0,8.6035385,-5.4715986,1977
9932,r3i1p1f1,1977,03,12,0.0,9.068734,-3.627382,1977
9933,r3i1p1f1,1977,03,13,0.0,13.26601,-2.8742707,1977
9934,r3i1p1f1,1977,03,14,0.0,15.302363,1.8420203,1977
9935,r3i1p1f1,1977,03,15,1.5679067253107573,12.342078,5.212067,1977
9936,r3i1p1f1,1977,03,16,9.56739654479622,8.497397,0.38419572,1977
9937,r3i1p1f1,1977,03,17,1.0068143181534221,9.880716,-1.0676409,1977
9938,r3i1p1f1,1977,03,18,0.26223772009344476,9.248955,0.886545,1977
9939,r3i1p1f1,1977,03,19,1.357390631701013,6.862294,-4.4136143,1977
9940,r3i1p1f1,1977,03,20,0.0,13.211052,-3.6141071,1977
9941,r3i1p1f1,1977,03,21,0.0,13.483418,-1.8689357,1977
9942,r3i1p1f1,1977,03,22,0.0,15.65669,0.8121343,1977
9943,r3i1p1f1,1977,03,23,0.0,18.787645,1.3928201,1977
9944,r3i1p1f1,1977,03,24,0.0,18.785986,1.8266186,1977
9945,r3i1p1f1,1977,03,25,0.0,17.145605,2.6007125,1977
9946,r3i1p1f1,1977,03,26,0.0,17.659706,2.5905132,1977
9947,r3i1p1f1,1977,03,27,0.0,17.61809,2.236468,1977
9948,r3i1p1f1,1977,03,28,0.0,18.331795,3.4543078,1977
9949,r3i1p1f1,1977,03,29,0.0,18.90169,2.7109902,1977
9950,r3i1p1f1,1977,03,30,0.0,19.297972,3.5782964,1977
9951,r3i1p1f1,1977,03,31,0.0,19.365734,4.8666964,1977
9952,r3i1p1f1,1977,04,01,0.0,17.689775,5.915585,1977
9953,r3i1p1f1,1977,04,02,0.0,15.418685,6.1278887,1977
9954,r3i1p1f1,1977,04,03,45.23447996838704,9.736796,-0.11780202,1977
9955,r3i1p1f1,1977,04,04,56.152873197080275,6.8095574,-0.22910152,1977
9956,r3i1p1f1,1977,04,05,13.533049305490414,2.8701873,-5.054382,1977
9957,r3i1p1f1,1977,04,06,0.0,12.513354,-4.619059,1977
9958,r3i1p1f1,1977,04,07,0.0,16.555832,-0.85133165,1977
9959,r3i1p1f1,1977,04,08,0.0,15.982246,3.3117492,1977
9960,r3i1p1f1,1977,04,09,3.312768517207587,11.780277,2.524564,1977
9961,r3i1p1f1,1977,04,10,0.0,15.882029,3.1935906,1977
9962,r3i1p1f1,1977,04,11,0.0,19.952913,3.5377932,1977
9963,r3i1p1f1,1977,04,12,0.0,20.145,4.471476,1977
9964,r3i1p1f1,1977,04,13,0.0,19.152925,4.623559,1977
9965,r3i1p1f1,1977,04,14,12.7183600319672,11.899729,1.2678574,1977
9966,r3i1p1f1,1977,04,15,0.0,12.199803,0.6913428,1977
9967,r3i1p1f1,1977,04,16,0.0,13.689427,0.0009392038,1977
9968,r3i1p1f1,1977,04,17,0.0,16.349922,0.36479756,1977
9969,r3i1p1f1,1977,04,18,0.0,17.93713,2.4107406,1977
9970,r3i1p1f1,1977,04,19,0.0,20.354652,4.952224,1977
9971,r3i1p1f1,1977,04,20,0.0,22.525352,6.731232,1977
9972,r3i1p1f1,1977,04,21,0.0,22.736683,6.764163,1977
9973,r3i1p1f1,1977,04,22,0.0,22.745483,7.2793694,1977
9974,r3i1p1f1,1977,04,23,15.274756678723191,16.38666,1.9499167,1977
9975,r3i1p1f1,1977,04,24,25.346243737486045,11.80408,6.508672,1977
9976,r3i1p1f1,1977,04,25,0.0,16.781664,4.978352,1977
9977,r3i1p1f1,1977,04,26,0.0,20.065,3.9620101,1977
9978,r3i1p1f1,1977,04,27,0.0,22.141924,5.6941366,1977
9979,r3i1p1f1,1977,04,28,0.0,22.025234,8.83178,1977
9980,r3i1p1f1,1977,04,29,0.0,19.4323,5.180603,1977
9981,r3i1p1f1,1977,04,30,0.0,18.833641,5.8320856,1977
9982,r3i1p1f1,1977,05,01,0.0,19.880634,4.338094,1977
9983,r3i1p1f1,1977,05,02,0.0,18.880863,5.47833,1977
9984,r3i1p1f1,1977,05,03,10.648563780858623,8.056568,-2.6344378,1977
9985,r3i1p1f1,1977,05,04,0.6006916079633428,6.5300493,-2.342342,1977
9986,r3i1p1f1,1977,05,05,0.0,12.844551,1.4410862,1977
9987,r3i1p1f1,1977,05,06,0.0,17.588787,1.383226,1977
9988,r3i1p1f1,1977,05,07,2.9330519025710315,14.019965,0.95325375,1977
9989,r3i1p1f1,1977,05,08,9.585825127157333,11.305199,-0.07501833,1977
9990,r3i1p1f1,1977,05,09,6.137939722219399,11.594125,0.026513826,1977
9991,r3i1p1f1,1977,05,10,0.03631871352952562,15.556348,3.7802677,1977
9992,r3i1p1f1,1977,05,11,0.0,16.790276,2.8557177,1977
9993,r3i1p1f1,1977,05,12,13.004320577238104,12.100868,3.5966763,1977
9994,r3i1p1f1,1977,05,13,11.714848415890868,7.876491,-1.692442,1977
9995,r3i1p1f1,1977,05,14,0.0,18.36298,0.29772335,1977
9996,r3i1p1f1,1977,05,15,0.0,21.568312,4.696234,1977
9997,r3i1p1f1,1977,05,16,0.0,21.060177,5.2313786,1977
9998,r3i1p1f1,1977,05,17,0.0,19.174994,4.1147013,1977
9999,r3i1p1f1,1977,05,18,0.0,17.436455,5.049345,1977
10000,r3i1p1f1,1977,05,19,0.0,16.354012,-0.5606475,1977
10001,r3i1p1f1,1977,05,20,0.0,20.866594,3.7554545,1977
10002,r3i1p1f1,1977,05,21,0.0,23.771927,6.375431,1977
10003,r3i1p1f1,1977,05,22,0.0,24.946568,7.3356814,1977
10004,r3i1p1f1,1977,05,23,0.0,25.427246,10.224899,1977
10005,r3i1p1f1,1977,05,24,0.0,23.550512,9.666303,1977
10006,r3i1p1f1,1977,05,25,0.0,22.560581,5.880921,1977
10007,r3i1p1f1,1977,05,26,0.0,21.845371,6.816847,1977
10008,r3i1p1f1,1977,05,27,0.0,22.937572,6.157203,1977
10009,r3i1p1f1,1977,05,28,0.0,23.526098,8.2876835,1977
10010,r3i1p1f1,1977,05,29,0.0,23.059559,7.6230326,1977
10011,r3i1p1f1,1977,05,30,0.0,22.37328,6.940366,1977
10012,r3i1p1f1,1977,05,31,0.0,21.579378,5.2854714,1977
10013,r3i1p1f1,1977,06,01,0.0,20.215046,6.2918105,1977
10014,r3i1p1f1,1977,06,02,0.0,24.133059,6.602329,1977
10015,r3i1p1f1,1977,06,03,0.0,28.857475,8.7828,1977
10016,r3i1p1f1,1977,06,04,0.0,29.443998,11.614855,1977
10017,r3i1p1f1,1977,06,05,0.4626463103561132,25.74804,11.9771595,1977
10018,r3i1p1f1,1977,06,06,16.367527397960657,19.07219,11.211973,1977
10019,r3i1p1f1,1977,06,07,13.251564118993548,19.343903,8.00828,1977
10020,r3i1p1f1,1977,06,08,8.20005607050629,19.76478,6.984572,1977
10021,r3i1p1f1,1977,06,09,7.54460435633327,17.580189,8.325293,1977
10022,r3i1p1f1,1977,06,10,0.1431388700822074,23.805643,7.9431095,1977
10023,r3i1p1f1,1977,06,11,0.0,24.78696,8.419128,1977
10024,r3i1p1f1,1977,06,12,0.0036788005289915752,24.251635,10.799782,1977
10025,r3i1p1f1,1977,06,13,0.9479064368765409,22.255898,8.957419,1977
10026,r3i1p1f1,1977,06,14,0.0024316708348985565,23.321949,8.63832,1977
10027,r3i1p1f1,1977,06,15,0.004390563193929235,25.335428,9.684002,1977
10028,r3i1p1f1,1977,06,16,0.0,26.118729,10.434932,1977
10029,r3i1p1f1,1977,06,17,0.015347450588658256,27.38978,11.568387,1977
10030,r3i1p1f1,1977,06,18,0.0,29.41479,11.568722,1977
10031,r3i1p1f1,1977,06,19,0.0,29.878141,13.399886,1977
10032,r3i1p1f1,1977,06,20,0.0,29.257576,12.242983,1977
10033,r3i1p1f1,1977,06,21,0.0,27.568771,12.57014,1977
10034,r3i1p1f1,1977,06,22,0.013606203260439398,21.830235,10.255823,1977
10035,r3i1p1f1,1977,06,23,0.0024849839974194765,23.371037,6.46498,1977
10036,r3i1p1f1,1977,06,24,0.0,22.343983,7.203616,1977
10037,r3i1p1f1,1977,06,25,0.0,21.754395,5.9105377,1977
10038,r3i1p1f1,1977,06,26,0.0,21.845272,6.4845023,1977
10039,r3i1p1f1,1977,06,27,0.0,23.624989,8.404194,1977
10040,r3i1p1f1,1977,06,28,0.0,27.805727,9.587266,1977
10041,r3i1p1f1,1977,06,29,0.0,31.160385,12.267127,1977
10042,r3i1p1f1,1977,06,30,0.0,32.736813,14.604924,1977
10043,r3i1p1f1,1977,07,01,0.0,31.897448,14.326749,1977
10044,r3i1p1f1,1977,07,02,0.0,29.475298,11.595315,1977
10045,r3i1p1f1,1977,07,03,0.0,27.029696,10.810349,1977
10046,r3i1p1f1,1977,07,04,0.0,27.558987,10.2983675,1977
10047,r3i1p1f1,1977,07,05,0.0,28.515757,11.757805,1977
10048,r3i1p1f1,1977,07,06,0.0,27.920853,12.600771,1977
10049,r3i1p1f1,1977,07,07,0.0,26.824352,10.092742,1977
10050,r3i1p1f1,1977,07,08,0.0,26.736374,10.045222,1977
10051,r3i1p1f1,1977,07,09,0.0,29.180334,12.179546,1977
10052,r3i1p1f1,1977,07,10,0.0,30.25188,14.011577,1977
10053,r3i1p1f1,1977,07,11,0.0,29.969824,14.6581745,1977
10054,r3i1p1f1,1977,07,12,0.0,28.016731,13.60304,1977
10055,r3i1p1f1,1977,07,13,0.0,31.377455,11.122494,1977
10056,r3i1p1f1,1977,07,14,0.0,32.527817,15.645678,1977
10057,r3i1p1f1,1977,07,15,0.0,32.499763,16.465313,1977
10058,r3i1p1f1,1977,07,16,0.0,33.590027,15.743157,1977
10059,r3i1p1f1,1977,07,17,0.0,33.450783,18.24468,1977
10060,r3i1p1f1,1977,07,18,0.0,30.849773,15.24708,1977
10061,r3i1p1f1,1977,07,19,0.0,30.477732,14.111187,1977
10062,r3i1p1f1,1977,07,20,0.05590825212972337,30.412329,14.17839,1977
10063,r3i1p1f1,1977,07,21,0.007749077140990841,29.804068,14.130158,1977
10064,r3i1p1f1,1977,07,22,0.0,30.333117,12.499016,1977
10065,r3i1p1f1,1977,07,23,0.0,30.585514,12.547617,1977
10066,r3i1p1f1,1977,07,24,0.0,29.799376,13.501813,1977
10067,r3i1p1f1,1977,07,25,0.0,29.950377,11.192671,1977
10068,r3i1p1f1,1977,07,26,0.0,31.916222,13.526058,1977
10069,r3i1p1f1,1977,07,27,0.0,32.054783,13.912954,1977
10070,r3i1p1f1,1977,07,28,0.0,31.615528,13.641848,1977
10071,r3i1p1f1,1977,07,29,0.0,30.637415,12.044956,1977
10072,r3i1p1f1,1977,07,30,0.0,32.38911,13.182495,1977
10073,r3i1p1f1,1977,07,31,0.0,35.8276,17.377657,1977
10074,r3i1p1f1,1977,08,01,0.0,35.961193,18.867746,1977
10075,r3i1p1f1,1977,08,02,0.0,36.768436,18.328175,1977
10076,r3i1p1f1,1977,08,03,0.0,36.9014,18.477457,1977
10077,r3i1p1f1,1977,08,04,0.0,36.479015,18.092072,1977
10078,r3i1p1f1,1977,08,05,0.0,35.377605,16.675528,1977
10079,r3i1p1f1,1977,08,06,0.0,32.85416,14.135545,1977
10080,r3i1p1f1,1977,08,07,0.0,29.621126,11.340876,1977
10081,r3i1p1f1,1977,08,08,0.0,28.931973,11.861543,1977
10082,r3i1p1f1,1977,08,09,0.0,27.990139,10.692322,1977
10083,r3i1p1f1,1977,08,10,0.0,27.598145,9.399804,1977
10084,r3i1p1f1,1977,08,11,0.0,32.937096,12.7996025,1977
10085,r3i1p1f1,1977,08,12,0.0,33.651703,14.628838,1977
10086,r3i1p1f1,1977,08,13,0.0,33.08538,15.665461,1977
10087,r3i1p1f1,1977,08,14,0.0,32.33656,14.525123,1977
10088,r3i1p1f1,1977,08,15,0.0,29.881052,12.840664,1977
10089,r3i1p1f1,1977,08,16,0.0,28.819414,11.850695,1977
10090,r3i1p1f1,1977,08,17,0.0,26.297428,9.882215,1977
10091,r3i1p1f1,1977,08,18,0.0,25.57765,9.610531,1977
10092,r3i1p1f1,1977,08,19,0.0,24.598417,8.328009,1977
10093,r3i1p1f1,1977,08,20,0.0,28.01936,10.388823,1977
10094,r3i1p1f1,1977,08,21,0.0,27.596828,11.56198,1977
10095,r3i1p1f1,1977,08,22,0.0,28.529095,11.75093,1977
10096,r3i1p1f1,1977,08,23,0.0,28.886362,12.703228,1977
10097,r3i1p1f1,1977,08,24,0.0,29.508558,12.835404,1977
10098,r3i1p1f1,1977,08,25,0.0,30.004412,13.222527,1977
10099,r3i1p1f1,1977,08,26,0.0035508564906194806,29.589132,13.72946,1977
10100,r3i1p1f1,1977,08,27,0.0,30.07538,12.729892,1977
10101,r3i1p1f1,1977,08,28,0.0,30.10786,13.814868,1977
10102,r3i1p1f1,1977,08,29,0.0,29.48404,12.117887,1977
10103,r3i1p1f1,1977,08,30,0.0,28.52218,12.369687,1977
10104,r3i1p1f1,1977,08,31,0.0,28.449406,10.502627,1977
10105,r3i1p1f1,1977,09,01,0.0,27.734222,11.46318,1977
10106,r3i1p1f1,1977,09,02,0.0,25.01603,8.924585,1977
10107,r3i1p1f1,1977,09,03,0.0,27.053377,9.798534,1977
10108,r3i1p1f1,1977,09,04,0.0,26.657526,10.543418,1977
10109,r3i1p1f1,1977,09,05,0.0,24.76129,8.552806,1977
10110,r3i1p1f1,1977,09,06,0.0,23.813658,8.29244,1977
10111,r3i1p1f1,1977,09,07,0.0,22.914902,7.8342357,1977
10112,r3i1p1f1,1977,09,08,0.0,23.42512,7.7745056,1977
10113,r3i1p1f1,1977,09,09,0.0,25.90016,9.368799,1977
10114,r3i1p1f1,1977,09,10,0.0,26.569952,10.2496605,1977
10115,r3i1p1f1,1977,09,11,0.0,25.389406,11.459023,1977
10116,r3i1p1f1,1977,09,12,0.0,23.170185,7.64509,1977
10117,r3i1p1f1,1977,09,13,0.009098626163138664,25.470402,8.622803,1977
10118,r3i1p1f1,1977,09,14,0.0,27.567225,9.796689,1977
10119,r3i1p1f1,1977,09,15,0.0,27.994968,10.990394,1977
10120,r3i1p1f1,1977,09,16,0.0,26.47042,11.864806,1977
10121,r3i1p1f1,1977,09,17,0.0,24.2191,8.445001,1977
10122,r3i1p1f1,1977,09,18,0.0,23.737709,7.453481,1977
10123,r3i1p1f1,1977,09,19,0.0,24.35692,6.279168,1977
10124,r3i1p1f1,1977,09,20,0.0,24.087555,8.742526,1977
10125,r3i1p1f1,1977,09,21,0.0,25.489157,8.766702,1977
10126,r3i1p1f1,1977,09,22,0.0,28.242218,11.24321,1977
10127,r3i1p1f1,1977,09,23,0.0,28.075745,10.739111,1977
10128,r3i1p1f1,1977,09,24,5.931086149135616,29.350855,16.031809,1977
10129,r3i1p1f1,1977,09,25,88.18457310431097,14.154996,8.047236,1977
10130,r3i1p1f1,1977,09,26,0.11326367813652675,14.226842,2.6880596,1977
10131,r3i1p1f1,1977,09,27,2.609247326587425,13.79424,5.2217994,1977
10132,r3i1p1f1,1977,09,28,1.2376883392885487,12.3466835,3.8879051,1977
10133,r3i1p1f1,1977,09,29,4.1686737437358765,9.206064,-1.2234869,1977
10134,r3i1p1f1,1977,09,30,5.286083255333851,8.048283,-3.4758825,1977
10135,r3i1p1f1,1977,10,01,1.2869935187106756,10.913903,-2.7569323,1977
10136,r3i1p1f1,1977,10,02,0.0,11.088921,0.04225239,1977
10137,r3i1p1f1,1977,10,03,1.8076605828307373,9.5826845,0.45508003,1977
10138,r3i1p1f1,1977,10,04,2.5065491125324595,6.65915,-2.9359434,1977
10139,r3i1p1f1,1977,10,05,0.5686449483810544,9.091088,-3.6388829,1977
10140,r3i1p1f1,1977,10,06,27.823260123841465,7.9289002,1.201663,1977
10141,r3i1p1f1,1977,10,07,2.0872524776151344,11.920551,-0.26222703,1977
10142,r3i1p1f1,1977,10,08,0.0,15.978934,1.5805423,1977
10143,r3i1p1f1,1977,10,09,0.0,17.749865,3.5030835,1977
10144,r3i1p1f1,1977,10,10,0.0,16.830698,5.013794,1977
10145,r3i1p1f1,1977,10,11,0.0,18.82626,2.9131565,1977
10146,r3i1p1f1,1977,10,12,0.0,17.744614,5.398239,1977
10147,r3i1p1f1,1977,10,13,44.75646330484826,16.0388,5.1218257,1977
10148,r3i1p1f1,1977,10,14,18.497197165791142,9.606708,0.7714911,1977
10149,r3i1p1f1,1977,10,15,0.0,15.501071,-0.6499191,1977
10150,r3i1p1f1,1977,10,16,0.0,18.398842,2.4902985,1977
10151,r3i1p1f1,1977,10,17,0.0,19.56785,3.4185042,1977
10152,r3i1p1f1,1977,10,18,0.0002311779673235785,17.534582,2.5512424,1977
10153,r3i1p1f1,1977,10,19,6.083712400677062,6.628927,-1.7134405,1977
10154,r3i1p1f1,1977,10,20,1.5198199223959818,8.774458,-1.1789784,1977
10155,r3i1p1f1,1977,10,21,0.7552724792683301,9.871845,-3.8745897,1977
10156,r3i1p1f1,1977,10,22,28.924818986438606,5.4795413,-0.8334627,1977
10157,r3i1p1f1,1977,10,23,24.502849814138916,4.726896,-1.3807975,1977
10158,r3i1p1f1,1977,10,24,27.330531815900223,4.936425,0.3062648,1977
10159,r3i1p1f1,1977,10,25,0.18493202172210563,10.831212,1.5739137,1977
10160,r3i1p1f1,1977,10,26,10.99302878214267,9.213487,0.096367255,1977
10161,r3i1p1f1,1977,10,27,0.48248350534490064,7.4353337,0.6276549,1977
10162,r3i1p1f1,1977,10,28,0.0,12.4124,-0.8925939,1977
10163,r3i1p1f1,1977,10,29,0.0,13.883557,-1.1257069,1977
10164,r3i1p1f1,1977,10,30,0.0,13.235869,-2.3727632,1977
10165,r3i1p1f1,1977,10,31,0.0,11.278056,-0.19433671,1977
10166,r3i1p1f1,1977,11,01,11.516062355918908,6.8381824,1.3385481,1977
10167,r3i1p1f1,1977,11,02,0.8709916189361951,7.317144,-1.1470245,1977
10168,r3i1p1f1,1977,11,03,0.0,9.976035,-4.0370684,1977
10169,r3i1p1f1,1977,11,04,0.0,9.22994,-2.2258234,1977
10170,r3i1p1f1,1977,11,05,0.0,12.024983,-1.7612869,1977
10171,r3i1p1f1,1977,11,06,0.0,12.500714,-2.4121304,1977
10172,r3i1p1f1,1977,11,07,0.0,14.187738,-1.1390324,1977
10173,r3i1p1f1,1977,11,08,0.0,12.416282,3.80286,1977
10174,r3i1p1f1,1977,11,09,2.9517357308721235,11.991211,4.1549664,1977
10175,r3i1p1f1,1977,11,10,0.02298958501533458,11.589044,0.23274532,1977
10176,r3i1p1f1,1977,11,11,0.0,13.311704,-1.2932048,1977
10177,r3i1p1f1,1977,11,12,0.0,14.289445,0.5555752,1977
10178,r3i1p1f1,1977,11,13,0.0,14.394212,0.17456192,1977
10179,r3i1p1f1,1977,11,14,0.0,11.717173,-1.0127579,1977
10180,r3i1p1f1,1977,11,15,3.55107798505311,7.3513064,0.8966041,1977
10181,r3i1p1f1,1977,11,16,0.61984452369966,5.6518955,-4.9137883,1977
10182,r3i1p1f1,1977,11,17,4.531016921943151,6.176889,0.093749225,1977
10183,r3i1p1f1,1977,11,18,0.0,10.496401,-3.466675,1977
10184,r3i1p1f1,1977,11,19,0.0,11.741405,-3.7741375,1977
10185,r3i1p1f1,1977,11,20,5.4657665614381825,7.4125423,0.06762434,1977
10186,r3i1p1f1,1977,11,21,3.260013096778972,6.1261086,-1.2643964,1977
10187,r3i1p1f1,1977,11,22,5.730118804019998,8.524475,2.1185033,1977
10188,r3i1p1f1,1977,11,23,0.0,14.456542,0.10562443,1977
10189,r3i1p1f1,1977,11,24,0.0,16.19227,0.8226483,1977
10190,r3i1p1f1,1977,11,25,0.0,17.548426,1.598967,1977
10191,r3i1p1f1,1977,11,26,0.0,14.981076,0.6222816,1977
10192,r3i1p1f1,1977,11,27,0.0,13.09365,3.0227559,1977
10193,r3i1p1f1,1977,11,28,27.508120150550415,10.435651,3.1173372,1977
10194,r3i1p1f1,1977,11,29,0.5809409467282852,12.898904,1.3093042,1977
10195,r3i1p1f1,1977,11,30,0.0,14.770883,0.06664194,1977
10196,r3i1p1f1,1977,12,01,0.0,12.683756,2.835466,1977
10197,r3i1p1f1,1977,12,02,0.018242478147026543,12.742144,1.7816588,1977
10198,r3i1p1f1,1977,12,03,0.0,13.687863,3.1111991,1977
10199,r3i1p1f1,1977,12,04,19.961447731628525,11.849416,4.736484,1977
10200,r3i1p1f1,1977,12,05,0.0,13.929565,3.2207327,1977
10201,r3i1p1f1,1977,12,06,8.301561207841395,11.341664,4.9316487,1977
10202,r3i1p1f1,1977,12,07,5.701123313108263,8.4983,-1.5727248,1977
10203,r3i1p1f1,1977,12,08,0.0,13.179613,0.7886431,1977
10204,r3i1p1f1,1977,12,09,0.0,12.743047,1.0099053,1977
10205,r3i1p1f1,1977,12,10,10.95069614476463,8.11584,2.2118921,1977
10206,r3i1p1f1,1977,12,11,66.18007688145889,7.084984,2.4833152,1977
10207,r3i1p1f1,1977,12,12,0.0,13.725582,-1.9854394,1977
10208,r3i1p1f1,1977,12,13,0.0,12.935595,2.3444662,1977
10209,r3i1p1f1,1977,12,14,6.726087173056409,7.709069,-0.4590087,1977
10210,r3i1p1f1,1977,12,15,0.0,11.149284,-1.549228,1977
10211,r3i1p1f1,1977,12,16,0.0,11.75873,-1.1419437,1977
10212,r3i1p1f1,1977,12,17,0.0,12.781307,0.10004376,1977
10213,r3i1p1f1,1977,12,18,11.088734982293222,8.546314,-1.5862572,1977
10214,r3i1p1f1,1977,12,19,3.0411888510187914,8.745205,0.09691056,1977
10215,r3i1p1f1,1977,12,20,0.0,13.382182,0.34379825,1977
10216,r3i1p1f1,1977,12,21,0.0,16.378069,1.3068365,1977
10217,r3i1p1f1,1977,12,22,15.040968636381685,11.524081,2.1918108,1977
10218,r3i1p1f1,1977,12,23,84.03305721126105,8.123645,3.400685,1977
10219,r3i1p1f1,1977,12,24,35.56006318325863,4.866505,0.27419722,1977
10220,r3i1p1f1,1977,12,25,0.01782160206379271,5.591777,-4.3971686,1977
10221,r3i1p1f1,1977,12,26,0.0,7.3343134,-4.0309267,1977
10222,r3i1p1f1,1977,12,27,1.3223610708672295,8.519333,-2.1996596,1977
10223,r3i1p1f1,1977,12,28,0.0,9.220869,-3.2907743,1977
10224,r3i1p1f1,1977,12,29,0.0,9.261242,-1.536272,1977
10225,r3i1p1f1,1977,12,30,2.380304337872842,4.1924276,-6.432169,1977
10226,r3i1p1f1,1977,12,31,77.66331912655579,6.574642,1.0562503,1977
10227,r3i1p1f1,1978,01,01,56.1526967874287,5.750943,1.2624621,1978
10228,r3i1p1f1,1978,01,02,56.42795470347138,5.8931665,0.23883782,1978
10229,r3i1p1f1,1978,01,03,28.899302940178465,4.5576363,-1.4255772,1978
10230,r3i1p1f1,1978,01,04,31.834214814252366,4.931552,-0.4060497,1978
10231,r3i1p1f1,1978,01,05,4.6656019810286935,3.1683846,-3.122828,1978
10232,r3i1p1f1,1978,01,06,62.30666079607449,4.793402,-0.35331532,1978
10233,r3i1p1f1,1978,01,07,7.2834331347717365,5.5340576,-1.7389477,1978
10234,r3i1p1f1,1978,01,08,1.0643359715590792,5.5140734,-3.0619147,1978
10235,r3i1p1f1,1978,01,09,83.02988456562161,3.8296998,-1.5154979,1978
10236,r3i1p1f1,1978,01,10,6.794825032672011,2.7303696,-2.7526705,1978
10237,r3i1p1f1,1978,01,11,5.656601311765323,1.4570141,-3.7637665,1978
10238,r3i1p1f1,1978,01,12,70.43869019436993,5.512684,0.20822965,1978
10239,r3i1p1f1,1978,01,13,8.858461510451315,5.187248,-4.441783,1978
10240,r3i1p1f1,1978,01,14,0.6253725139494667,1.9664288,-4.007481,1978
10241,r3i1p1f1,1978,01,15,0.0,4.3975544,-9.7540455,1978
10242,r3i1p1f1,1978,01,16,0.0,7.5528173,-6.704305,1978
10243,r3i1p1f1,1978,01,17,0.0,8.020135,-5.2705545,1978
10244,r3i1p1f1,1978,01,18,0.35072783935710933,4.587372,-1.2009109,1978
10245,r3i1p1f1,1978,01,19,21.739717706498737,1.394586,-5.9086237,1978
10246,r3i1p1f1,1978,01,20,1.2023160924208671,1.8261702,-7.517842,1978
10247,r3i1p1f1,1978,01,21,10.646746646441324,0.17909886,-7.3734436,1978
10248,r3i1p1f1,1978,01,22,0.0,6.256732,-5.3267,1978
10249,r3i1p1f1,1978,01,23,0.0,8.640809,-3.779687,1978
10250,r3i1p1f1,1978,01,24,0.0,9.925277,0.8597279,1978
10251,r3i1p1f1,1978,01,25,0.0,12.350477,-0.5621337,1978
10252,r3i1p1f1,1978,01,26,0.4261474913475563,10.969094,2.8771718,1978
10253,r3i1p1f1,1978,01,27,0.0,8.824444,-4.2280807,1978
10254,r3i1p1f1,1978,01,28,0.0,10.127486,-2.7244895,1978
10255,r3i1p1f1,1978,01,29,0.8032755499123979,6.896836,-0.69017154,1978
10256,r3i1p1f1,1978,01,30,9.476172190433749,2.8702886,-6.4302816,1978
10257,r3i1p1f1,1978,01,31,0.0,6.511425,-6.348178,1978
10258,r3i1p1f1,1978,02,01,0.0,4.551304,-7.1380124,1978
10259,r3i1p1f1,1978,02,02,0.0,3.5414054,-5.8012705,1978
10260,r3i1p1f1,1978,02,03,0.0,7.122452,-4.9204593,1978
10261,r3i1p1f1,1978,02,04,0.0,7.9610224,-4.2092195,1978
10262,r3i1p1f1,1978,02,05,0.0,7.830278,-4.4687595,1978
10263,r3i1p1f1,1978,02,06,0.04296728477447612,7.3287287,-3.9546292,1978
10264,r3i1p1f1,1978,02,07,23.822176591248105,5.0868554,-3.774348,1978
10265,r3i1p1f1,1978,02,08,2.626912903896913,3.8766928,-1.0582815,1978
10266,r3i1p1f1,1978,02,09,15.128832328819522,6.535706,-1.1505072,1978
10267,r3i1p1f1,1978,02,10,2.3788721775513535,6.9753523,0.30179867,1978
10268,r3i1p1f1,1978,02,11,0.0,10.1529,-0.27654013,1978
10269,r3i1p1f1,1978,02,12,0.0,11.502643,-0.45334777,1978
10270,r3i1p1f1,1978,02,13,0.0,10.279782,-1.2361257,1978
10271,r3i1p1f1,1978,02,14,24.2815726154827,5.652535,-0.5743473,1978
10272,r3i1p1f1,1978,02,15,14.104570800095404,5.0717306,-1.6023262,1978
10273,r3i1p1f1,1978,02,16,8.072288601512188,7.5002427,-0.43857253,1978
10274,r3i1p1f1,1978,02,17,34.203766319459596,7.9916964,1.8181181,1978
10275,r3i1p1f1,1978,02,18,27.507594628504624,6.562844,1.0785166,1978
10276,r3i1p1f1,1978,02,19,3.71340004059771,7.344139,-1.8757408,1978
10277,r3i1p1f1,1978,02,20,52.55354018881917,4.6429877,0.21460824,1978
10278,r3i1p1f1,1978,02,21,17.132861507094564,2.2933004,-4.065403,1978
10279,r3i1p1f1,1978,02,22,2.056283497078862,3.5107095,-7.597902,1978
10280,r3i1p1f1,1978,02,23,0.0,8.80064,-3.6436632,1978
10281,r3i1p1f1,1978,02,24,0.0,9.504887,-3.5842443,1978
10282,r3i1p1f1,1978,02,25,0.8959575490735006,8.110558,0.3275893,1978
10283,r3i1p1f1,1978,02,26,0.5460870823299047,8.549907,-0.6780452,1978
10284,r3i1p1f1,1978,02,27,7.810781308216974,8.197269,-1.2230799,1978
10285,r3i1p1f1,1978,02,28,0.8909529989559336,10.03328,-0.3415315,1978
10286,r3i1p1f1,1978,03,01,22.821686332769644,4.7057376,-1.6112325,1978
10287,r3i1p1f1,1978,03,02,0.0,6.318015,-7.060741,1978
10288,r3i1p1f1,1978,03,03,2.402965888292161,5.179119,-5.4095964,1978
10289,r3i1p1f1,1978,03,04,0.0,9.036303,-5.961066,1978
10290,r3i1p1f1,1978,03,05,0.2732243832150217,6.090628,-5.068925,1978
10291,r3i1p1f1,1978,03,06,2.9885564258859776,4.1711116,-6.8494987,1978
10292,r3i1p1f1,1978,03,07,0.0,10.4121895,-4.6635013,1978
10293,r3i1p1f1,1978,03,08,0.0,12.236874,-3.6484551,1978
10294,r3i1p1f1,1978,03,09,0.0,12.18429,-2.546611,1978
10295,r3i1p1f1,1978,03,10,0.0,13.105024,-1.3719366,1978
10296,r3i1p1f1,1978,03,11,0.0,13.1171875,-0.8640103,1978
10297,r3i1p1f1,1978,03,12,0.0,14.052028,0.8859867,1978
10298,r3i1p1f1,1978,03,13,0.0,14.017476,-0.7876677,1978
10299,r3i1p1f1,1978,03,14,0.0,12.305999,-0.1828223,1978
10300,r3i1p1f1,1978,03,15,0.0,11.423792,-2.453652,1978
10301,r3i1p1f1,1978,03,16,0.0,13.433068,-1.1497785,1978
10302,r3i1p1f1,1978,03,17,0.0,14.940791,1.5714154,1978
10303,r3i1p1f1,1978,03,18,0.0,18.084558,1.1316776,1978
10304,r3i1p1f1,1978,03,19,0.0,20.096273,3.5203826,1978
10305,r3i1p1f1,1978,03,20,0.0,19.049046,4.4130125,1978
10306,r3i1p1f1,1978,03,21,0.0,17.425625,4.6341434,1978
10307,r3i1p1f1,1978,03,22,0.0,13.918254,5.635136,1978
10308,r3i1p1f1,1978,03,23,0.0,15.26836,1.869269,1978
10309,r3i1p1f1,1978,03,24,0.5066913096294158,13.963947,3.6212425,1978
10310,r3i1p1f1,1978,03,25,0.012106416014782889,15.123604,5.869624,1978
10311,r3i1p1f1,1978,03,26,23.859584482239658,7.8485427,1.8690737,1978
10312,r3i1p1f1,1978,03,27,0.9829218521621155,9.329362,-0.644894,1978
10313,r3i1p1f1,1978,03,28,38.13584735862126,9.285792,1.8763992,1978
10314,r3i1p1f1,1978,03,29,0.17483429439476153,10.8554735,3.8134742,1978
10315,r3i1p1f1,1978,03,30,0.0,14.225275,0.67254394,1978
10316,r3i1p1f1,1978,03,31,0.06182670340900873,14.308577,1.6517267,1978
10317,r3i1p1f1,1978,04,01,12.832363095980039,11.666362,2.8941197,1978
10318,r3i1p1f1,1978,04,02,43.515097844340886,11.101419,4.713834,1978
10319,r3i1p1f1,1978,04,03,0.0,14.148086,0.35171336,1978
10320,r3i1p1f1,1978,04,04,6.731847255248699,10.0037155,-1.1964833,1978
10321,r3i1p1f1,1978,04,05,1.8692314728660246,6.500669,-1.0391785,1978
10322,r3i1p1f1,1978,04,06,3.4276909453757596,10.1906595,-1.8762258,1978
10323,r3i1p1f1,1978,04,07,0.0,13.909218,-1.4743545,1978
10324,r3i1p1f1,1978,04,08,6.862468854447606,9.845686,0.6263012,1978
10325,r3i1p1f1,1978,04,09,7.8948098432431975,6.4845023,-3.0780005,1978
10326,r3i1p1f1,1978,04,10,0.0,15.748771,0.2610193,1978
10327,r3i1p1f1,1978,04,11,0.0,17.080822,1.5552119,1978
10328,r3i1p1f1,1978,04,12,0.0,16.151855,2.4871566,1978
10329,r3i1p1f1,1978,04,13,0.0,16.00349,0.8426952,1978
10330,r3i1p1f1,1978,04,14,0.0,14.653831,1.8711349,1978
10331,r3i1p1f1,1978,04,15,0.0,13.537327,3.4866252,1978
10332,r3i1p1f1,1978,04,16,0.0,13.588163,1.5017978,1978
10333,r3i1p1f1,1978,04,17,0.0,15.216295,0.6946901,1978
10334,r3i1p1f1,1978,04,18,0.0,18.770844,2.5939615,1978
10335,r3i1p1f1,1978,04,19,0.0,22.235296,4.1760917,1978
10336,r3i1p1f1,1978,04,20,0.0,22.247179,5.492313,1978
10337,r3i1p1f1,1978,04,21,0.0,21.966503,5.1797137,1978
10338,r3i1p1f1,1978,04,22,0.0,21.160648,5.258974,1978
10339,r3i1p1f1,1978,04,23,0.0,18.71325,5.1610937,1978
10340,r3i1p1f1,1978,04,24,0.0,20.086126,3.848872,1978
10341,r3i1p1f1,1978,04,25,0.0,21.26357,5.687261,1978
10342,r3i1p1f1,1978,04,26,0.27391387371416814,20.930498,5.2024703,1978
10343,r3i1p1f1,1978,04,27,0.0,22.936457,6.1235356,1978
10344,r3i1p1f1,1978,04,28,0.0,25.14308,8.191854,1978
10345,r3i1p1f1,1978,04,29,0.0,25.524569,8.10829,1978
10346,r3i1p1f1,1978,04,30,0.0,22.854174,7.8314714,1978
10347,r3i1p1f1,1978,05,01,0.0,19.905176,6.306864,1978
10348,r3i1p1f1,1978,05,02,0.0,18.365772,3.463917,1978
10349,r3i1p1f1,1978,05,03,0.0,18.221191,4.7452703,1978
10350,r3i1p1f1,1978,05,04,0.0,18.765516,5.485735,1978
10351,r3i1p1f1,1978,05,05,0.0,21.71915,5.528721,1978
10352,r3i1p1f1,1978,05,06,0.010491526298114638,20.337288,7.0898123,1978
10353,r3i1p1f1,1978,05,07,0.0,17.629702,4.1039643,1978
10354,r3i1p1f1,1978,05,08,0.0,18.495546,4.3987484,1978
10355,r3i1p1f1,1978,05,09,2.5240662083792573,14.947881,4.5244102,1978
10356,r3i1p1f1,1978,05,10,0.0,20.883638,5.1120934,1978
10357,r3i1p1f1,1978,05,11,0.0,23.844196,6.316747,1978
10358,r3i1p1f1,1978,05,12,0.0,23.538134,8.101061,1978
10359,r3i1p1f1,1978,05,13,0.0,20.95523,7.3362827,1978
10360,r3i1p1f1,1978,05,14,0.0,18.623798,3.7749343,1978
10361,r3i1p1f1,1978,05,15,0.0,23.762482,6.50727,1978
10362,r3i1p1f1,1978,05,16,0.0,23.925055,7.126167,1978
10363,r3i1p1f1,1978,05,17,0.0,23.124279,7.681826,1978
10364,r3i1p1f1,1978,05,18,0.0,24.758615,8.253538,1978
10365,r3i1p1f1,1978,05,19,0.0,27.764751,9.016413,1978
10366,r3i1p1f1,1978,05,20,0.0,27.582777,10.663427,1978
10367,r3i1p1f1,1978,05,21,0.0,22.980417,7.8972135,1978
10368,r3i1p1f1,1978,05,22,23.101564737551502,15.985833,1.1269597,1978
10369,r3i1p1f1,1978,05,23,15.891441264753475,5.973098,-3.2687376,1978
10370,r3i1p1f1,1978,05,24,0.0,14.588113,-2.1593919,1978
10371,r3i1p1f1,1978,05,25,0.0,20.88339,2.3702598,1978
10372,r3i1p1f1,1978,05,26,0.0,24.433537,6.474095,1978
10373,r3i1p1f1,1978,05,27,0.0,25.534681,9.145311,1978
10374,r3i1p1f1,1978,05,28,4.439429196415738,22.864164,7.4978385,1978
10375,r3i1p1f1,1978,05,29,4.951459260222404,21.333475,6.6249914,1978
10376,r3i1p1f1,1978,05,30,0.05527412596213827,22.51657,8.153265,1978
10377,r3i1p1f1,1978,05,31,0.0,21.238684,6.829302,1978
10378,r3i1p1f1,1978,06,01,0.21536120398913658,21.405668,5.8023434,1978
10379,r3i1p1f1,1978,06,02,0.0,25.64302,7.57189,1978
10380,r3i1p1f1,1978,06,03,0.021518157212229102,26.660019,8.944246,1978
10381,r3i1p1f1,1978,06,04,2.6447662876882148,25.590784,9.441523,1978
10382,r3i1p1f1,1978,06,05,0.0,25.083984,9.183098,1978
10383,r3i1p1f1,1978,06,06,0.0,25.669014,9.473421,1978
10384,r3i1p1f1,1978,06,07,0.0,25.709772,9.004053,1978
10385,r3i1p1f1,1978,06,08,0.5754290325919436,24.53943,9.373356,1978
10386,r3i1p1f1,1978,06,09,0.0003418708633704993,20.906614,7.6901517,1978
10387,r3i1p1f1,1978,06,10,0.0,20.721075,6.072234,1978
10388,r3i1p1f1,1978,06,11,0.0,20.497696,6.644578,1978
10389,r3i1p1f1,1978,06,12,0.0,22.178522,6.9184246,1978
10390,r3i1p1f1,1978,06,13,0.6250296947894783,20.406265,7.8306904,1978
10391,r3i1p1f1,1978,06,14,4.811300424166563,14.4883585,8.373606,1978
10392,r3i1p1f1,1978,06,15,0.0,18.579203,4.6232705,1978
10393,r3i1p1f1,1978,06,16,0.0,23.107594,5.014375,1978
10394,r3i1p1f1,1978,06,17,0.0,22.735554,7.413383,1978
10395,r3i1p1f1,1978,06,18,0.0,22.311747,7.671534,1978
10396,r3i1p1f1,1978,06,19,0.11703399359248579,19.85289,6.6939883,1978
10397,r3i1p1f1,1978,06,20,1.5545214639707028,20.28827,4.8799067,1978
10398,r3i1p1f1,1978,06,21,0.0,23.529203,7.1219416,1978
10399,r3i1p1f1,1978,06,22,0.0,25.384628,9.676372,1978
10400,r3i1p1f1,1978,06,23,0.0,24.918533,9.379581,1978
10401,r3i1p1f1,1978,06,24,0.0,22.928396,7.6685023,1978
10402,r3i1p1f1,1978,06,25,0.0,25.061367,8.140301,1978
10403,r3i1p1f1,1978,06,26,0.0,28.42526,11.216344,1978
10404,r3i1p1f1,1978,06,27,0.0,31.76188,12.237725,1978
10405,r3i1p1f1,1978,06,28,0.0,33.613674,13.5799055,1978
10406,r3i1p1f1,1978,06,29,0.0,33.46096,15.914493,1978
10407,r3i1p1f1,1978,06,30,0.0,32.59219,15.254019,1978
10408,r3i1p1f1,1978,07,01,0.0,30.093529,12.805452,1978
10409,r3i1p1f1,1978,07,02,0.0,30.623774,12.7658415,1978
10410,r3i1p1f1,1978,07,03,0.0,31.492634,14.806015,1978
10411,r3i1p1f1,1978,07,04,0.0,32.03387,16.270628,1978
10412,r3i1p1f1,1978,07,05,0.0,31.699366,14.4620285,1978
10413,r3i1p1f1,1978,07,06,0.0,30.733644,14.228246,1978
10414,r3i1p1f1,1978,07,07,0.0,30.824635,13.236651,1978
10415,r3i1p1f1,1978,07,08,0.0,29.979181,14.06102,1978
10416,r3i1p1f1,1978,07,09,0.0,27.319674,10.173809,1978
10417,r3i1p1f1,1978,07,10,0.0,26.350296,12.674281,1978
10418,r3i1p1f1,1978,07,11,0.0,29.058966,10.419336,1978
10419,r3i1p1f1,1978,07,12,0.0,31.843527,12.740893,1978
10420,r3i1p1f1,1978,07,13,0.0,31.946157,15.126586,1978
10421,r3i1p1f1,1978,07,14,0.0,34.182777,15.345529,1978
10422,r3i1p1f1,1978,07,15,0.0,34.433994,16.907192,1978
10423,r3i1p1f1,1978,07,16,0.0,34.1952,17.855824,1978
10424,r3i1p1f1,1978,07,17,0.0,33.26905,16.118696,1978
10425,r3i1p1f1,1978,07,18,0.0,31.240387,14.04008,1978
10426,r3i1p1f1,1978,07,19,0.4853223726968281,27.396631,10.43196,1978
10427,r3i1p1f1,1978,07,20,12.41814881378607,14.663316,9.696201,1978
10428,r3i1p1f1,1978,07,21,0.0,21.000082,5.82305,1978
10429,r3i1p1f1,1978,07,22,0.0,22.74726,7.2762957,1978
10430,r3i1p1f1,1978,07,23,0.0,24.737074,8.163396,1978
10431,r3i1p1f1,1978,07,24,0.0,23.903673,11.677478,1978
10432,r3i1p1f1,1978,07,25,0.0,29.609419,10.900647,1978
10433,r3i1p1f1,1978,07,26,0.0,33.44233,13.037197,1978
10434,r3i1p1f1,1978,07,27,0.0,33.469093,15.737106,1978
10435,r3i1p1f1,1978,07,28,0.0,34.105656,15.510154,1978
10436,r3i1p1f1,1978,07,29,0.0,33.75604,16.658625,1978
10437,r3i1p1f1,1978,07,30,0.0,32.96694,16.220112,1978
10438,r3i1p1f1,1978,07,31,0.07103341097382854,29.27331,14.926387,1978
10439,r3i1p1f1,1978,08,01,0.06663112665256976,28.820482,14.206892,1978
10440,r3i1p1f1,1978,08,02,0.0,31.235813,14.704442,1978
10441,r3i1p1f1,1978,08,03,0.020735754227835537,32.137356,16.332453,1978
10442,r3i1p1f1,1978,08,04,0.0,31.610538,16.445646,1978
10443,r3i1p1f1,1978,08,05,0.002289346364130707,31.31929,15.33909,1978
10444,r3i1p1f1,1978,08,06,0.0,30.228506,14.713995,1978
10445,r3i1p1f1,1978,08,07,0.0,28.336779,13.738721,1978
10446,r3i1p1f1,1978,08,08,0.0,26.800093,11.269395,1978
10447,r3i1p1f1,1978,08,09,0.0,26.846203,9.568173,1978
10448,r3i1p1f1,1978,08,10,0.0,25.984947,9.194942,1978
10449,r3i1p1f1,1978,08,11,0.0,27.012342,8.3865795,1978
10450,r3i1p1f1,1978,08,12,0.0,26.725384,10.003421,1978
10451,r3i1p1f1,1978,08,13,0.0,29.618122,11.704346,1978
10452,r3i1p1f1,1978,08,14,0.0,31.267921,13.691624,1978
10453,r3i1p1f1,1978,08,15,0.0,34.97421,15.838443,1978
10454,r3i1p1f1,1978,08,16,0.0,35.872173,16.96949,1978
10455,r3i1p1f1,1978,08,17,0.0,35.472427,17.173544,1978
10456,r3i1p1f1,1978,08,18,0.0,34.48503,17.744598,1978
10457,r3i1p1f1,1978,08,19,0.0,30.955124,15.545685,1978
10458,r3i1p1f1,1978,08,20,0.0,32.531162,13.428087,1978
10459,r3i1p1f1,1978,08,21,0.040376557368098906,32.27456,15.513638,1978
10460,r3i1p1f1,1978,08,22,0.049464226896433455,30.013449,15.768725,1978
10461,r3i1p1f1,1978,08,23,0.0,30.973864,14.891114,1978
10462,r3i1p1f1,1978,08,24,0.0,30.656748,13.461583,1978
10463,r3i1p1f1,1978,08,25,0.0,25.380148,8.628484,1978
10464,r3i1p1f1,1978,08,26,0.0,22.037476,6.1551347,1978
10465,r3i1p1f1,1978,08,27,0.0,24.351608,5.9908533,1978
10466,r3i1p1f1,1978,08,28,0.0,24.76929,7.3676314,1978
10467,r3i1p1f1,1978,08,29,0.0,24.509724,8.753847,1978
10468,r3i1p1f1,1978,08,30,0.0,25.019253,8.1928005,1978
10469,r3i1p1f1,1978,08,31,0.0,29.48227,9.561487,1978
10470,r3i1p1f1,1978,09,01,0.0,28.648764,12.502083,1978
10471,r3i1p1f1,1978,09,02,0.0,27.775728,11.075587,1978
10472,r3i1p1f1,1978,09,03,0.0,26.934048,9.779945,1978
10473,r3i1p1f1,1978,09,04,0.0,21.523119,6.4079943,1978
10474,r3i1p1f1,1978,09,05,0.0,24.078804,6.7238755,1978
10475,r3i1p1f1,1978,09,06,0.0,29.607704,10.273128,1978
10476,r3i1p1f1,1978,09,07,0.0,29.272402,12.116202,1978
10477,r3i1p1f1,1978,09,08,0.0,28.068539,11.315016,1978
10478,r3i1p1f1,1978,09,09,0.0,21.867086,6.7669625,1978
10479,r3i1p1f1,1978,09,10,0.0,21.035421,6.9528527,1978
10480,r3i1p1f1,1978,09,11,0.024805571018460842,22.211842,7.431758,1978
10481,r3i1p1f1,1978,09,12,26.643433848776592,22.069342,10.86573,1978
10482,r3i1p1f1,1978,09,13,47.02168819678359,15.034424,7.0181327,1978
10483,r3i1p1f1,1978,09,14,0.0,17.66637,3.4463868,1978
10484,r3i1p1f1,1978,09,15,0.0,24.111042,5.8179555,1978
10485,r3i1p1f1,1978,09,16,0.0,26.795,8.353384,1978
10486,r3i1p1f1,1978,09,17,0.0,27.816439,9.404833,1978
10487,r3i1p1f1,1978,09,18,0.0,27.116,10.25744,1978
10488,r3i1p1f1,1978,09,19,0.0,27.128103,8.6149,1978
10489,r3i1p1f1,1978,09,20,0.0,26.670519,10.146741,1978
10490,r3i1p1f1,1978,09,21,0.0,22.269814,8.768485,1978
10491,r3i1p1f1,1978,09,22,0.0,23.593616,6.7329273,1978
10492,r3i1p1f1,1978,09,23,0.0,25.219667,9.263428,1978
10493,r3i1p1f1,1978,09,24,0.0,27.540764,12.037217,1978
10494,r3i1p1f1,1978,09,25,0.0,29.177614,11.860047,1978
10495,r3i1p1f1,1978,09,26,0.0,30.269566,11.820959,1978
10496,r3i1p1f1,1978,09,27,0.0,30.219683,12.682296,1978
10497,r3i1p1f1,1978,09,28,0.0,29.130829,12.580173,1978
10498,r3i1p1f1,1978,09,29,0.0,27.5605,10.922738,1978
10499,r3i1p1f1,1978,09,30,0.0,27.399483,10.593508,1978
10500,r3i1p1f1,1978,10,01,0.0,25.957827,11.193589,1978
10501,r3i1p1f1,1978,10,02,0.0,25.163332,9.565806,1978
10502,r3i1p1f1,1978,10,03,0.0,23.550169,8.618364,1978
10503,r3i1p1f1,1978,10,04,0.0,24.01617,8.423762,1978
10504,r3i1p1f1,1978,10,05,0.0,24.203274,8.190569,1978
10505,r3i1p1f1,1978,10,06,0.0,24.299997,7.1627197,1978
10506,r3i1p1f1,1978,10,07,0.06114971076481437,17.510069,3.348218,1978
10507,r3i1p1f1,1978,10,08,0.0,17.710024,4.130747,1978
10508,r3i1p1f1,1978,10,09,0.0,18.76344,3.4104645,1978
10509,r3i1p1f1,1978,10,10,0.0026117845616107317,19.661215,6.44992,1978
10510,r3i1p1f1,1978,10,11,0.0,24.185886,7.427958,1978
10511,r3i1p1f1,1978,10,12,0.15997357888983588,23.496235,7.9314456,1978
10512,r3i1p1f1,1978,10,13,6.427572365761367,19.976164,9.69023,1978
10513,r3i1p1f1,1978,10,14,4.4123992396635,18.124737,8.725324,1978
10514,r3i1p1f1,1978,10,15,26.013099898179796,13.562519,6.4657946,1978
10515,r3i1p1f1,1978,10,16,0.7623940640386488,13.060314,2.5407872,1978
10516,r3i1p1f1,1978,10,17,0.0,16.112022,2.349599,1978
10517,r3i1p1f1,1978,10,18,0.0,17.956234,2.747472,1978
10518,r3i1p1f1,1978,10,19,0.0,17.40461,6.8155437,1978
10519,r3i1p1f1,1978,10,20,0.0,20.879929,5.470924,1978
10520,r3i1p1f1,1978,10,21,0.0,21.970982,6.046155,1978
10521,r3i1p1f1,1978,10,22,0.0,22.121029,6.995619,1978
10522,r3i1p1f1,1978,10,23,0.0,21.981419,8.698212,1978
10523,r3i1p1f1,1978,10,24,0.0,21.098398,8.991733,1978
10524,r3i1p1f1,1978,10,25,0.0,17.805258,6.1183157,1978
10525,r3i1p1f1,1978,10,26,0.0,21.660213,5.3717012,1978
10526,r3i1p1f1,1978,10,27,0.0,19.934725,6.5626893,1978
10527,r3i1p1f1,1978,10,28,0.0,18.385588,4.2276516,1978
10528,r3i1p1f1,1978,10,29,0.0,20.042604,5.5438843,1978
10529,r3i1p1f1,1978,10,30,0.0,21.986147,5.443483,1978
10530,r3i1p1f1,1978,10,31,0.0,22.285683,8.190034,1978
10531,r3i1p1f1,1978,11,01,0.0,23.237036,6.121577,1978
10532,r3i1p1f1,1978,11,02,0.0,21.416435,6.2136083,1978
10533,r3i1p1f1,1978,11,03,0.0,16.980644,6.067756,1978
10534,r3i1p1f1,1978,11,04,0.0,19.909336,5.460263,1978
10535,r3i1p1f1,1978,11,05,0.009579423778249245,19.316181,7.4374485,1978
10536,r3i1p1f1,1978,11,06,0.08147767619352396,13.027784,1.9823945,1978
10537,r3i1p1f1,1978,11,07,0.0,18.128712,2.7377012,1978
10538,r3i1p1f1,1978,11,08,0.0,17.220867,6.177664,1978
10539,r3i1p1f1,1978,11,09,0.0,18.872593,4.207544,1978
10540,r3i1p1f1,1978,11,10,4.009837267528239,17.681618,6.306522,1978
10541,r3i1p1f1,1978,11,11,11.115079736383018,7.2705107,-1.253013,1978
10542,r3i1p1f1,1978,11,12,0.0012741378189897851,7.1688037,-5.073107,1978
10543,r3i1p1f1,1978,11,13,3.9145883617732724,4.0830803,-4.702755,1978
10544,r3i1p1f1,1978,11,14,48.15127782915768,2.0361888,-3.0494177,1978
10545,r3i1p1f1,1978,11,15,30.2770932863687,4.360414,-1.1781882,1978
10546,r3i1p1f1,1978,11,16,87.53679346195177,9.491367,1.7539779,1978
10547,r3i1p1f1,1978,11,17,56.322838968940474,11.53643,3.3786416,1978
10548,r3i1p1f1,1978,11,18,0.0,15.004969,-0.45470852,1978
10549,r3i1p1f1,1978,11,19,0.0,13.913049,2.0237699,1978
10550,r3i1p1f1,1978,11,20,16.356075092028874,10.675319,4.9103045,1978
10551,r3i1p1f1,1978,11,21,0.07677100006013031,14.513916,3.310959,1978
10552,r3i1p1f1,1978,11,22,3.080542593862016,11.174291,2.5652714,1978
10553,r3i1p1f1,1978,11,23,25.095814108652505,10.136189,4.107267,1978
10554,r3i1p1f1,1978,11,24,19.76227546922593,10.217368,3.7014256,1978
10555,r3i1p1f1,1978,11,25,26.41651695104022,8.069456,2.7563195,1978
10556,r3i1p1f1,1978,11,26,47.511622794952835,6.181744,-0.10318356,1978
10557,r3i1p1f1,1978,11,27,12.119244218104685,2.1499205,-4.174304,1978
10558,r3i1p1f1,1978,11,28,0.0,4.698168,-9.994375,1978
10559,r3i1p1f1,1978,11,29,0.0,9.801855,-7.2528553,1978
10560,r3i1p1f1,1978,11,30,0.0,12.097586,-0.10883693,1978
10561,r3i1p1f1,1978,12,01,0.0,14.4071665,2.3249314,1978
10562,r3i1p1f1,1978,12,02,0.0,14.587874,1.9361396,1978
10563,r3i1p1f1,1978,12,03,0.0,12.195779,2.769419,1978
10564,r3i1p1f1,1978,12,04,0.0,11.037504,2.531815,1978
10565,r3i1p1f1,1978,12,05,16.923964196374936,7.597359,2.523081,1978
10566,r3i1p1f1,1978,12,06,46.046510476030804,6.5572324,-4.322003,1978
10567,r3i1p1f1,1978,12,07,34.35228841308823,2.5754383,-5.968251,1978
10568,r3i1p1f1,1978,12,08,0.0,2.8294952,-8.896554,1978
10569,r3i1p1f1,1978,12,09,0.0,7.2447977,-4.9144907,1978
10570,r3i1p1f1,1978,12,10,0.048048808591709916,5.391119,0.8225738,1978
10571,r3i1p1f1,1978,12,11,0.0,5.5208564,-3.865285,1978
10572,r3i1p1f1,1978,12,12,0.0,6.4839554,-3.522471,1978
10573,r3i1p1f1,1978,12,13,0.0,11.090011,-1.4654557,1978
10574,r3i1p1f1,1978,12,14,0.0,10.121608,-2.9199402,1978
10575,r3i1p1f1,1978,12,15,0.0,5.965961,-5.452105,1978
10576,r3i1p1f1,1978,12,16,0.0,4.6391954,-7.0389056,1978
10577,r3i1p1f1,1978,12,17,0.0,7.0792007,-5.3466425,1978
10578,r3i1p1f1,1978,12,18,0.0,5.9739223,-5.5732684,1978
10579,r3i1p1f1,1978,12,19,0.0,6.3115096,-4.937441,1978
10580,r3i1p1f1,1978,12,20,0.0,11.155506,-4.6760497,1978
10581,r3i1p1f1,1978,12,21,0.0,9.598978,-5.480941,1978
10582,r3i1p1f1,1978,12,22,0.0,10.384796,-2.1477244,1978
10583,r3i1p1f1,1978,12,23,8.892169380774966,4.650008,-0.1055725,1978
10584,r3i1p1f1,1978,12,24,19.996708271240717,6.690916,0.7864065,1978
10585,r3i1p1f1,1978,12,25,0.0,10.340573,2.0963445,1978
10586,r3i1p1f1,1978,12,26,13.898857691521314,10.871443,3.6544619,1978
10587,r3i1p1f1,1978,12,27,0.0,13.829786,3.1807256,1978
10588,r3i1p1f1,1978,12,28,7.520558753458317,10.161792,4.4366345,1978
10589,r3i1p1f1,1978,12,29,35.67071715614905,6.708522,-0.5331126,1978
10590,r3i1p1f1,1978,12,30,0.0,7.02019,-4.091888,1978
10591,r3i1p1f1,1978,12,31,61.71143148094416,1.6049074,-2.2884307,1978
10592,r3i1p1f1,1979,01,01,20.856906207719522,2.5060947,-1.9643201,1979
10593,r3i1p1f1,1979,01,02,0.0,7.0912004,-4.075806,1979
10594,r3i1p1f1,1979,01,03,4.5305631764533345,4.270437,-1.6705083,1979
10595,r3i1p1f1,1979,01,04,20.76721983704422,5.262642,0.37643117,1979
10596,r3i1p1f1,1979,01,05,0.7597355172803969,6.5881276,-0.42966437,1979
10597,r3i1p1f1,1979,01,06,0.0,9.068729,-2.7045045,1979
10598,r3i1p1f1,1979,01,07,0.0,7.4108434,-5.470039,1979
10599,r3i1p1f1,1979,01,08,0.0,9.67086,-3.4289787,1979
10600,r3i1p1f1,1979,01,09,0.0,9.961543,-0.50422466,1979
10601,r3i1p1f1,1979,01,10,0.0,11.447976,-0.83491254,1979
10602,r3i1p1f1,1979,01,11,0.0,12.367857,2.8083467,1979
10603,r3i1p1f1,1979,01,12,0.0,11.938836,1.9066129,1979
10604,r3i1p1f1,1979,01,13,13.509782822496307,6.0785794,-1.3773239,1979
10605,r3i1p1f1,1979,01,14,1.9463220376086323,4.1645913,-0.7739916,1979
10606,r3i1p1f1,1979,01,15,0.0,7.9932356,-2.3511422,1979
10607,r3i1p1f1,1979,01,16,0.0,9.756543,-1.069222,1979
10608,r3i1p1f1,1979,01,17,0.665986647776226,8.108078,-1.3650635,1979
10609,r3i1p1f1,1979,01,18,0.0,9.82969,-1.0248003,1979
10610,r3i1p1f1,1979,01,19,0.0,10.070992,-1.7763848,1979
10611,r3i1p1f1,1979,01,20,0.0,8.596549,-1.5936782,1979
10612,r3i1p1f1,1979,01,21,21.029052423239733,2.5447843,-2.7116299,1979
10613,r3i1p1f1,1979,01,22,4.958851959619144,6.0295033,-1.5358891,1979
10614,r3i1p1f1,1979,01,23,79.87560062228064,4.763713,-0.63263345,1979
10615,r3i1p1f1,1979,01,24,53.643611894528334,1.4647077,-3.0452704,1979
10616,r3i1p1f1,1979,01,25,5.435568213579245,3.2543008,-3.0932431,1979
10617,r3i1p1f1,1979,01,26,0.0,10.506391,-3.8369179,1979
10618,r3i1p1f1,1979,01,27,0.0,9.629831,-0.1523663,1979
10619,r3i1p1f1,1979,01,28,54.86695694639102,6.8599358,1.3127582,1979
10620,r3i1p1f1,1979,01,29,89.67898090026881,8.178121,3.3889518,1979
10621,r3i1p1f1,1979,01,30,6.7334499697991355,6.0822506,-2.6018775,1979
10622,r3i1p1f1,1979,01,31,9.437732000553392,3.5401666,-1.451131,1979
10623,r3i1p1f1,1979,02,01,0.0,7.351002,-3.1658661,1979
10624,r3i1p1f1,1979,02,02,0.0,8.337224,-2.9823349,1979
10625,r3i1p1f1,1979,02,03,0.39559088668044606,8.86451,1.5086292,1979
10626,r3i1p1f1,1979,02,04,20.077046506891126,9.097533,2.7416966,1979
10627,r3i1p1f1,1979,02,05,34.55524729368718,11.056221,6.8391128,1979
10628,r3i1p1f1,1979,02,06,0.0,13.380479,0.12833737,1979
10629,r3i1p1f1,1979,02,07,0.0,15.752992,2.4057648,1979
10630,r3i1p1f1,1979,02,08,3.116412729631472,12.7287855,5.984178,1979
10631,r3i1p1f1,1979,02,09,0.0,10.938362,1.9071642,1979
10632,r3i1p1f1,1979,02,10,0.0,13.096933,-0.8252692,1979
10633,r3i1p1f1,1979,02,11,0.0,13.891316,0.24230523,1979
10634,r3i1p1f1,1979,02,12,0.0,12.204629,-1.0491714,1979
10635,r3i1p1f1,1979,02,13,0.0,11.037912,-0.12607187,1979
10636,r3i1p1f1,1979,02,14,0.0,11.323196,1.1259983,1979
10637,r3i1p1f1,1979,02,15,0.0,13.068132,0.46726444,1979
10638,r3i1p1f1,1979,02,16,0.0,15.64863,1.4541427,1979
10639,r3i1p1f1,1979,02,17,0.0,15.053518,2.231555,1979
10640,r3i1p1f1,1979,02,18,0.0,13.184795,1.6871309,1979
10641,r3i1p1f1,1979,02,19,0.0,13.365053,0.023561176,1979
10642,r3i1p1f1,1979,02,20,0.0,13.684379,2.1034446,1979
10643,r3i1p1f1,1979,02,21,0.0,13.89736,1.2939396,1979
10644,r3i1p1f1,1979,02,22,0.0,17.284706,3.4344819,1979
10645,r3i1p1f1,1979,02,23,0.0,17.543121,4.9047837,1979
10646,r3i1p1f1,1979,02,24,0.0,18.6062,3.2590828,1979
10647,r3i1p1f1,1979,02,25,0.0,18.422806,4.9865355,1979
10648,r3i1p1f1,1979,02,26,0.0,16.588173,2.232972,1979
10649,r3i1p1f1,1979,02,27,0.0,15.911198,1.9327412,1979
10650,r3i1p1f1,1979,02,28,0.0,14.442265,2.4295132,1979
10651,r3i1p1f1,1979,03,01,0.0,12.686382,-1.1944532,1979
10652,r3i1p1f1,1979,03,02,0.0,7.677937,-4.09116,1979
10653,r3i1p1f1,1979,03,03,0.0,8.637354,-5.777082,1979
10654,r3i1p1f1,1979,03,04,0.6463746179705547,5.6927075,-6.458836,1979
10655,r3i1p1f1,1979,03,05,13.74853756140893,1.5070887,-10.7375,1979
10656,r3i1p1f1,1979,03,06,0.0,3.8091834,-9.199005,1979
10657,r3i1p1f1,1979,03,07,0.0,6.966832,-7.4550686,1979
10658,r3i1p1f1,1979,03,08,0.0,9.726009,-5.5993066,1979
10659,r3i1p1f1,1979,03,09,0.0,13.6225395,-0.9504161,1979
10660,r3i1p1f1,1979,03,10,0.0,15.691787,0.7127594,1979
10661,r3i1p1f1,1979,03,11,0.0,15.7446165,1.2311754,1979
10662,r3i1p1f1,1979,03,12,0.0,16.036667,2.072744,1979
10663,r3i1p1f1,1979,03,13,0.0,15.880743,1.4764249,1979
10664,r3i1p1f1,1979,03,14,0.0,14.76086,0.24841303,1979
10665,r3i1p1f1,1979,03,15,0.0,15.254061,0.5377359,1979
10666,r3i1p1f1,1979,03,16,0.0,14.434187,0.8279936,1979
10667,r3i1p1f1,1979,03,17,0.0,14.784645,0.39753845,1979
10668,r3i1p1f1,1979,03,18,0.0,14.703058,1.2391136,1979
10669,r3i1p1f1,1979,03,19,18.127958338683175,11.434306,-0.23374823,1979
10670,r3i1p1f1,1979,03,20,3.980262558549217,13.308116,-1.2528983,1979
10671,r3i1p1f1,1979,03,21,0.0,15.010394,1.0929222,1979
10672,r3i1p1f1,1979,03,22,0.0,12.674791,1.4523278,1979
10673,r3i1p1f1,1979,03,23,0.0,17.088192,1.1616656,1979
10674,r3i1p1f1,1979,03,24,3.3450643266214204,13.7297,0.14494672,1979
10675,r3i1p1f1,1979,03,25,63.54660187896929,4.6953673,0.8173259,1979
10676,r3i1p1f1,1979,03,26,47.22076625269102,4.016517,-4.710122,1979
10677,r3i1p1f1,1979,03,27,13.76864905665379,3.6121933,-4.711229,1979
10678,r3i1p1f1,1979,03,28,0.0,10.879437,-7.0903363,1979
10679,r3i1p1f1,1979,03,29,0.0,13.066934,-3.9160428,1979
10680,r3i1p1f1,1979,03,30,0.0,14.26732,1.1768104,1979
10681,r3i1p1f1,1979,03,31,0.0,18.186876,2.700945,1979
10682,r3i1p1f1,1979,04,01,0.0,18.51388,3.0621536,1979
10683,r3i1p1f1,1979,04,02,0.0,17.772179,2.2983172,1979
10684,r3i1p1f1,1979,04,03,0.0,19.10698,2.4122787,1979
10685,r3i1p1f1,1979,04,04,0.0,18.222036,3.2359877,1979
10686,r3i1p1f1,1979,04,05,0.14663324185867646,14.178976,2.6689498,1979
10687,r3i1p1f1,1979,04,06,26.827331603578244,9.888011,1.5538132,1979
10688,r3i1p1f1,1979,04,07,8.825200618593954,4.370023,-6.093944,1979
10689,r3i1p1f1,1979,04,08,19.719605687025346,1.7194352,-4.6704874,1979
10690,r3i1p1f1,1979,04,09,14.387020614537361,3.5013142,-5.8730097,1979
10691,r3i1p1f1,1979,04,10,26.037616758166177,2.9866683,-1.1564696,1979
10692,r3i1p1f1,1979,04,11,11.24619597471074,3.9764965,-2.2222042,1979
10693,r3i1p1f1,1979,04,12,0.0,15.624941,-2.2202356,1979
10694,r3i1p1f1,1979,04,13,0.0,19.887186,0.7107585,1979
10695,r3i1p1f1,1979,04,14,0.0,19.001127,3.1953156,1979
10696,r3i1p1f1,1979,04,15,5.832225667606843,14.085377,1.396556,1979
10697,r3i1p1f1,1979,04,16,5.910610040499657,8.840752,1.8743796,1979
10698,r3i1p1f1,1979,04,17,0.28434626671553004,16.373457,1.5538173,1979
10699,r3i1p1f1,1979,04,18,2.2918742576740967,14.397813,1.6945978,1979
10700,r3i1p1f1,1979,04,19,0.0,11.627687,-0.37149715,1979
10701,r3i1p1f1,1979,04,20,0.0,15.0341425,-0.7492541,1979
10702,r3i1p1f1,1979,04,21,0.0,19.350338,1.4589099,1979
10703,r3i1p1f1,1979,04,22,0.0,18.886938,5.7788844,1979
10704,r3i1p1f1,1979,04,23,0.0,15.951904,2.246519,1979
10705,r3i1p1f1,1979,04,24,0.3928188269319913,10.020506,-0.42612597,1979
10706,r3i1p1f1,1979,04,25,16.364445201964514,7.131644,-2.5951893,1979
10707,r3i1p1f1,1979,04,26,0.0,18.044554,0.6259747,1979
10708,r3i1p1f1,1979,04,27,0.0,21.964352,4.024356,1979
10709,r3i1p1f1,1979,04,28,0.0,24.92504,5.9358497,1979
10710,r3i1p1f1,1979,04,29,0.0,24.269718,7.9938626,1979
10711,r3i1p1f1,1979,04,30,0.0,21.382324,8.4544935,1979
10712,r3i1p1f1,1979,05,01,0.0,17.649275,6.1448894,1979
10713,r3i1p1f1,1979,05,02,1.7435214771754353,12.263817,1.1649624,1979
10714,r3i1p1f1,1979,05,03,0.0,19.159975,1.8292482,1979
10715,r3i1p1f1,1979,05,04,0.0,21.504847,6.0762463,1979
10716,r3i1p1f1,1979,05,05,0.0,21.90716,6.525783,1979
10717,r3i1p1f1,1979,05,06,0.0,22.529655,6.5010967,1979
10718,r3i1p1f1,1979,05,07,0.0,21.539001,7.0866146,1979
10719,r3i1p1f1,1979,05,08,14.08971176056902,14.357131,3.6548424,1979
10720,r3i1p1f1,1979,05,09,0.9616894783041636,13.2831,4.2173667,1979
10721,r3i1p1f1,1979,05,10,0.0,12.2813425,-0.13564594,1979
10722,r3i1p1f1,1979,05,11,0.0,13.2863865,-1.6300895,1979
10723,r3i1p1f1,1979,05,12,0.0,11.950391,-1.97589,1979
10724,r3i1p1f1,1979,05,13,2.85969863976597,9.889017,0.06778596,1979
10725,r3i1p1f1,1979,05,14,0.0,19.447313,1.8419749,1979
10726,r3i1p1f1,1979,05,15,0.0,22.828188,5.703812,1979
10727,r3i1p1f1,1979,05,16,0.0,22.016626,7.4534473,1979
10728,r3i1p1f1,1979,05,17,0.7176468767666895,17.671194,3.1241815,1979
10729,r3i1p1f1,1979,05,18,0.0,13.916268,-1.4270875,1979
10730,r3i1p1f1,1979,05,19,0.0,18.9086,2.6409423,1979
10731,r3i1p1f1,1979,05,20,0.0,22.016708,4.9700346,1979
10732,r3i1p1f1,1979,05,21,0.0,21.702215,7.92872,1979
10733,r3i1p1f1,1979,05,22,0.0,20.819828,7.2716255,1979
10734,r3i1p1f1,1979,05,23,0.0,21.82412,6.8060184,1979
10735,r3i1p1f1,1979,05,24,0.0,21.829367,6.5881906,1979
10736,r3i1p1f1,1979,05,25,0.0,21.058233,8.114856,1979
10737,r3i1p1f1,1979,05,26,0.42186290516646724,18.670076,5.683953,1979
10738,r3i1p1f1,1979,05,27,0.0,17.877287,7.282843,1979
10739,r3i1p1f1,1979,05,28,0.0,16.616776,4.6960225,1979
10740,r3i1p1f1,1979,05,29,9.126968259959924,10.164936,1.8229462,1979
10741,r3i1p1f1,1979,05,30,6.841321312190542,9.9205475,-2.911475,1979
10742,r3i1p1f1,1979,05,31,3.74830945515178,10.565512,0.9183466,1979
10743,r3i1p1f1,1979,06,01,0.0,17.346437,1.5437344,1979
10744,r3i1p1f1,1979,06,02,4.3639883793443195,14.623925,3.4796662,1979
10745,r3i1p1f1,1979,06,03,0.19413358853566215,15.424553,1.1057947,1979
10746,r3i1p1f1,1979,06,04,26.394203283186805,8.909714,2.4927175,1979
10747,r3i1p1f1,1979,06,05,0.0,18.26689,0.9832232,1979
10748,r3i1p1f1,1979,06,06,1.6998555518895093,16.08314,4.028757,1979
10749,r3i1p1f1,1979,06,07,0.0,17.365517,2.250415,1979
10750,r3i1p1f1,1979,06,08,2.707609620502856,17.053871,2.0272295,1979
10751,r3i1p1f1,1979,06,09,2.2651173221866454,13.399938,2.0588071,1979
10752,r3i1p1f1,1979,06,10,0.0,14.362068,0.81713724,1979
10753,r3i1p1f1,1979,06,11,0.4680005402693304,11.892126,2.1384535,1979
10754,r3i1p1f1,1979,06,12,0.0,17.842527,-0.57446796,1979
10755,r3i1p1f1,1979,06,13,1.9538993472355957,16.59083,2.3051093,1979
10756,r3i1p1f1,1979,06,14,5.828428623403613,12.107662,3.632693,1979
10757,r3i1p1f1,1979,06,15,3.7738754503822602,13.4718,1.3271556,1979
10758,r3i1p1f1,1979,06,16,1.036271161942032,13.088345,2.8853326,1979
10759,r3i1p1f1,1979,06,17,0.23341274971148537,16.170614,5.3425536,1979
10760,r3i1p1f1,1979,06,18,0.0,18.474112,5.407355,1979
10761,r3i1p1f1,1979,06,19,0.0,18.22394,5.1479416,1979
10762,r3i1p1f1,1979,06,20,0.0,16.838326,5.8786864,1979
10763,r3i1p1f1,1979,06,21,0.0,21.061905,3.53007,1979
10764,r3i1p1f1,1979,06,22,0.0,24.80863,7.264679,1979
10765,r3i1p1f1,1979,06,23,0.0,29.265306,11.833427,1979
10766,r3i1p1f1,1979,06,24,0.0,32.021255,15.005969,1979
10767,r3i1p1f1,1979,06,25,0.009479500295128673,33.093708,16.076668,1979
10768,r3i1p1f1,1979,06,26,0.0,31.057093,14.535693,1979
10769,r3i1p1f1,1979,06,27,0.0,29.960457,13.848685,1979
10770,r3i1p1f1,1979,06,28,0.11086153405669488,27.526121,12.634486,1979
10771,r3i1p1f1,1979,06,29,1.5681955068813342,24.0911,9.838295,1979
10772,r3i1p1f1,1979,06,30,0.949512862162967,23.086756,10.59633,1979
10773,r3i1p1f1,1979,07,01,0.06684938470195782,21.821627,8.03597,1979
10774,r3i1p1f1,1979,07,02,0.0,22.708467,9.405765,1979
10775,r3i1p1f1,1979,07,03,0.0,22.394238,8.051972,1979
10776,r3i1p1f1,1979,07,04,0.0,23.987734,8.455892,1979
10777,r3i1p1f1,1979,07,05,0.0,25.45731,10.341266,1979
10778,r3i1p1f1,1979,07,06,2.62710217422481,28.007017,14.160961,1979
10779,r3i1p1f1,1979,07,07,0.18374972797142905,26.64432,13.432626,1979
10780,r3i1p1f1,1979,07,08,1.1543114159538068,22.713228,13.465069,1979
10781,r3i1p1f1,1979,07,09,0.0,17.452997,8.516023,1979
10782,r3i1p1f1,1979,07,10,0.0,17.705576,5.1715384,1979
10783,r3i1p1f1,1979,07,11,0.0,22.647352,5.409185,1979
10784,r3i1p1f1,1979,07,12,0.0,26.293285,8.867604,1979
10785,r3i1p1f1,1979,07,13,0.007273925247749216,29.618889,11.63228,1979
10786,r3i1p1f1,1979,07,14,0.0,30.902405,13.636883,1979
10787,r3i1p1f1,1979,07,15,0.3276023518226698,31.072151,13.715407,1979
10788,r3i1p1f1,1979,07,16,1.4426272794049797,30.397787,13.537142,1979
10789,r3i1p1f1,1979,07,17,0.3328790931080125,27.785522,12.704065,1979
10790,r3i1p1f1,1979,07,18,0.0,26.122747,11.072319,1979
10791,r3i1p1f1,1979,07,19,0.0,24.43681,9.500896,1979
10792,r3i1p1f1,1979,07,20,0.0,23.01288,9.47451,1979
10793,r3i1p1f1,1979,07,21,0.0,24.553125,9.239242,1979
10794,r3i1p1f1,1979,07,22,0.0,27.071789,10.122357,1979
10795,r3i1p1f1,1979,07,23,0.0,29.973608,11.50107,1979
10796,r3i1p1f1,1979,07,24,0.0,29.699627,13.824624,1979
10797,r3i1p1f1,1979,07,25,0.0,29.296524,13.626313,1979
10798,r3i1p1f1,1979,07,26,0.0,27.978504,11.528427,1979
10799,r3i1p1f1,1979,07,27,0.0,28.507196,10.483867,1979
10800,r3i1p1f1,1979,07,28,0.0,28.278687,12.128261,1979
10801,r3i1p1f1,1979,07,29,0.0,30.23023,12.512412,1979
10802,r3i1p1f1,1979,07,30,0.0,30.556515,13.4225,1979
10803,r3i1p1f1,1979,07,31,0.0,31.664543,14.672263,1979
10804,r3i1p1f1,1979,08,01,0.0,31.23418,14.499214,1979
10805,r3i1p1f1,1979,08,02,0.0,31.096148,14.055354,1979
10806,r3i1p1f1,1979,08,03,0.0,30.339954,13.805259,1979
10807,r3i1p1f1,1979,08,04,0.0,28.705725,12.93582,1979
10808,r3i1p1f1,1979,08,05,0.0,27.681215,11.561503,1979
10809,r3i1p1f1,1979,08,06,0.0,28.622133,11.669415,1979
10810,r3i1p1f1,1979,08,07,0.6107766475332411,27.942642,13.015091,1979
10811,r3i1p1f1,1979,08,08,0.10815518785660204,27.69328,12.701846,1979
10812,r3i1p1f1,1979,08,09,0.002755805249571016,29.084623,13.394181,1979
10813,r3i1p1f1,1979,08,10,5.67088967103413,29.151476,14.509008,1979
10814,r3i1p1f1,1979,08,11,1.6640845279030863,24.718134,11.841533,1979
10815,r3i1p1f1,1979,08,12,2.041445129342671,27.878967,12.959326,1979
10816,r3i1p1f1,1979,08,13,0.2639471064628053,21.911392,8.02339,1979
10817,r3i1p1f1,1979,08,14,0.06804434876692922,23.791082,8.000247,1979
10818,r3i1p1f1,1979,08,15,0.04839350095655965,22.577898,8.023099,1979
10819,r3i1p1f1,1979,08,16,0.0,21.66777,7.3278565,1979
10820,r3i1p1f1,1979,08,17,0.0,21.920246,6.18337,1979
10821,r3i1p1f1,1979,08,18,0.0,26.83787,9.114127,1979
10822,r3i1p1f1,1979,08,19,0.0,26.703222,10.885544,1979
10823,r3i1p1f1,1979,08,20,0.0,25.226946,9.565675,1979
10824,r3i1p1f1,1979,08,21,0.0,24.293968,8.579984,1979
10825,r3i1p1f1,1979,08,22,0.0,25.69769,9.58514,1979
10826,r3i1p1f1,1979,08,23,0.0,26.209255,10.070465,1979
10827,r3i1p1f1,1979,08,24,0.0,25.596802,10.061306,1979
10828,r3i1p1f1,1979,08,25,0.0,22.14056,8.372352,1979
10829,r3i1p1f1,1979,08,26,0.0,21.625275,6.4046755,1979
10830,r3i1p1f1,1979,08,27,0.0,20.631968,3.8374803,1979
10831,r3i1p1f1,1979,08,28,0.0,20.514738,4.5132766,1979
10832,r3i1p1f1,1979,08,29,0.0,24.240997,5.9489274,1979
10833,r3i1p1f1,1979,08,30,0.0,27.829306,9.07742,1979
10834,r3i1p1f1,1979,08,31,0.0,30.9469,12.336825,1979
10835,r3i1p1f1,1979,09,01,0.0,29.924263,13.558044,1979
10836,r3i1p1f1,1979,09,02,0.0,30.19213,12.009584,1979
10837,r3i1p1f1,1979,09,03,0.0,31.346859,11.819501,1979
10838,r3i1p1f1,1979,09,04,0.0,32.614822,12.85604,1979
10839,r3i1p1f1,1979,09,05,0.0,32.074238,13.729841,1979
10840,r3i1p1f1,1979,09,06,0.0,30.775795,13.182446,1979
10841,r3i1p1f1,1979,09,07,0.0,27.700397,12.335562,1979
10842,r3i1p1f1,1979,09,08,0.0,30.81643,11.048458,1979
10843,r3i1p1f1,1979,09,09,0.0,30.725964,13.765858,1979
10844,r3i1p1f1,1979,09,10,0.0,29.655441,12.837109,1979
10845,r3i1p1f1,1979,09,11,0.2384505132029421,28.140167,13.26203,1979
10846,r3i1p1f1,1979,09,12,0.0,29.177954,14.219058,1979
10847,r3i1p1f1,1979,09,13,0.0,28.43899,12.071484,1979
10848,r3i1p1f1,1979,09,14,0.0,25.117554,10.097833,1979
10849,r3i1p1f1,1979,09,15,0.0,22.990265,8.991212,1979
10850,r3i1p1f1,1979,09,16,0.0,27.425175,8.781612,1979
10851,r3i1p1f1,1979,09,17,0.0,28.719517,11.127608,1979
10852,r3i1p1f1,1979,09,18,0.0,29.701584,11.66075,1979
10853,r3i1p1f1,1979,09,19,0.0,30.005365,11.7875,1979
10854,r3i1p1f1,1979,09,20,0.0,30.374495,12.128434,1979
10855,r3i1p1f1,1979,09,21,0.0,29.739202,12.313375,1979
10856,r3i1p1f1,1979,09,22,0.0,28.813002,12.175738,1979
10857,r3i1p1f1,1979,09,23,0.0,23.62491,8.9027405,1979
10858,r3i1p1f1,1979,09,24,0.0,20.489285,6.6767364,1979
10859,r3i1p1f1,1979,09,25,0.0,25.145786,7.5573616,1979
10860,r3i1p1f1,1979,09,26,0.0,25.77973,9.222168,1979
10861,r3i1p1f1,1979,09,27,0.0,27.149355,9.652781,1979
10862,r3i1p1f1,1979,09,28,0.0,26.572708,10.19442,1979
10863,r3i1p1f1,1979,09,29,0.0,25.898373,8.2904415,1979
10864,r3i1p1f1,1979,09,30,0.0,26.104486,9.92052,1979
10865,r3i1p1f1,1979,10,01,0.0,25.410267,9.253283,1979
10866,r3i1p1f1,1979,10,02,0.0,27.329727,9.574465,1979
10867,r3i1p1f1,1979,10,03,0.0,27.6265,12.429641,1979
10868,r3i1p1f1,1979,10,04,0.0,27.651974,11.346653,1979
10869,r3i1p1f1,1979,10,05,0.0,28.086594,11.956407,1979
10870,r3i1p1f1,1979,10,06,0.0,28.009926,11.740025,1979
10871,r3i1p1f1,1979,10,07,0.0,27.898392,11.391359,1979
10872,r3i1p1f1,1979,10,08,0.0,28.149998,12.123743,1979
10873,r3i1p1f1,1979,10,09,0.0,29.515976,11.87694,1979
10874,r3i1p1f1,1979,10,10,0.0,29.342394,12.803765,1979
10875,r3i1p1f1,1979,10,11,0.0,27.572603,11.09882,1979
10876,r3i1p1f1,1979,10,12,0.0,25.027401,9.872581,1979
10877,r3i1p1f1,1979,10,13,0.0,22.702246,7.4311104,1979
10878,r3i1p1f1,1979,10,14,0.0,22.658047,6.7945223,1979
10879,r3i1p1f1,1979,10,15,0.0,23.67997,8.474613,1979
10880,r3i1p1f1,1979,10,16,0.0,20.944862,7.2098436,1979
10881,r3i1p1f1,1979,10,17,0.0,20.544584,6.1931577,1979
10882,r3i1p1f1,1979,10,18,3.67283729199124,18.236399,6.9830914,1979
10883,r3i1p1f1,1979,10,19,0.0,18.772007,4.6390777,1979
10884,r3i1p1f1,1979,10,20,0.0,22.574886,5.595175,1979
10885,r3i1p1f1,1979,10,21,0.0,26.970037,7.958364,1979
10886,r3i1p1f1,1979,10,22,0.0,27.21046,9.751021,1979
10887,r3i1p1f1,1979,10,23,3.1223794130423093,28.674614,13.0262985,1979
10888,r3i1p1f1,1979,10,24,29.92235545657183,11.005903,5.146672,1979
10889,r3i1p1f1,1979,10,25,15.488051556894789,7.9233303,0.110777915,1979
10890,r3i1p1f1,1979,10,26,0.0,9.732548,-2.7986484,1979
10891,r3i1p1f1,1979,10,27,0.0,15.165624,-0.4226929,1979
10892,r3i1p1f1,1979,10,28,0.0,17.653326,3.0168924,1979
10893,r3i1p1f1,1979,10,29,0.0,19.033747,3.0744596,1979
10894,r3i1p1f1,1979,10,30,0.0,19.47193,5.128669,1979
10895,r3i1p1f1,1979,10,31,0.0,17.071125,7.9800553,1979
10896,r3i1p1f1,1979,11,01,0.0,17.540373,5.945236,1979
10897,r3i1p1f1,1979,11,02,0.0,16.632872,5.9962773,1979
10898,r3i1p1f1,1979,11,03,0.0,17.715773,4.268073,1979
10899,r3i1p1f1,1979,11,04,0.0,19.679573,4.349359,1979
10900,r3i1p1f1,1979,11,05,6.879744796070123,16.946074,7.619508,1979
10901,r3i1p1f1,1979,11,06,3.974085776012783,8.339393,1.1327354,1979
10902,r3i1p1f1,1979,11,07,0.0,13.401771,0.2634529,1979
10903,r3i1p1f1,1979,11,08,0.0,18.99666,4.1394634,1979
10904,r3i1p1f1,1979,11,09,3.600240520226132,18.053427,6.448944,1979
10905,r3i1p1f1,1979,11,10,0.12379985579938971,13.625081,0.27256432,1979
10906,r3i1p1f1,1979,11,11,0.0,11.853068,2.353299,1979
10907,r3i1p1f1,1979,11,12,4.155953557500125,8.712483,0.764974,1979
10908,r3i1p1f1,1979,11,13,5.821997337395595,9.384185,2.88756,1979
10909,r3i1p1f1,1979,11,14,29.96381680285068,7.9759097,0.8945625,1979
10910,r3i1p1f1,1979,11,15,0.2410410857823751,10.93844,-1.9332813,1979
10911,r3i1p1f1,1979,11,16,0.0,13.398784,-1.6174253,1979
10912,r3i1p1f1,1979,11,17,0.0,13.182742,0.34908053,1979
10913,r3i1p1f1,1979,11,18,3.6839008555704678,11.234238,1.226794,1979
10914,r3i1p1f1,1979,11,19,0.7291010776641901,7.831011,-0.83260053,1979
10915,r3i1p1f1,1979,11,20,3.809537296604647,11.021897,-1.6907871,1979
10916,r3i1p1f1,1979,11,21,0.0,12.391074,-0.9866832,1979
10917,r3i1p1f1,1979,11,22,0.0,12.399058,-1.9153448,1979
10918,r3i1p1f1,1979,11,23,0.0,12.930616,-0.28674895,1979
10919,r3i1p1f1,1979,11,24,0.0,14.125985,0.34148765,1979
10920,r3i1p1f1,1979,11,25,0.0,12.849881,2.6941006,1979
10921,r3i1p1f1,1979,11,26,51.37358128926471,11.163611,0.9382618,1979
10922,r3i1p1f1,1979,11,27,30.271813928495824,6.27983,-3.9322968,1979
10923,r3i1p1f1,1979,11,28,20.88334375967909,3.5366652,-3.4502072,1979
10924,r3i1p1f1,1979,11,29,75.62206690934927,4.3392754,-1.2023993,1979
10925,r3i1p1f1,1979,11,30,39.68356190935562,2.302633,-3.570183,1979
10926,r3i1p1f1,1979,12,01,96.51178261755328,1.8057613,-1.948896,1979
10927,r3i1p1f1,1979,12,02,2.960656262726053,6.630597,-2.4371126,1979
10928,r3i1p1f1,1979,12,03,0.0,5.0738115,-6.423294,1979
10929,r3i1p1f1,1979,12,04,0.0,6.16104,-4.520007,1979
10930,r3i1p1f1,1979,12,05,0.0,6.332133,-5.1334286,1979
10931,r3i1p1f1,1979,12,06,0.8139963942659577,7.711659,-3.7831926,1979
10932,r3i1p1f1,1979,12,07,0.005878119631425331,6.5972915,-4.3790374,1979
10933,r3i1p1f1,1979,12,08,0.0,4.264942,-4.445075,1979
10934,r3i1p1f1,1979,12,09,0.0,8.907541,-2.4582703,1979
10935,r3i1p1f1,1979,12,10,0.16107799814275686,7.8373756,2.0724993,1979
10936,r3i1p1f1,1979,12,11,0.0,9.522917,-3.7291474,1979
10937,r3i1p1f1,1979,12,12,0.0,6.342486,-4.822218,1979
10938,r3i1p1f1,1979,12,13,0.0,4.9073257,-7.061161,1979
10939,r3i1p1f1,1979,12,14,1.4935937041101217,3.9078252,-6.465283,1979
10940,r3i1p1f1,1979,12,15,0.0,6.929304,-6.2909703,1979
10941,r3i1p1f1,1979,12,16,8.579534231103025,2.6411371,-5.401094,1979
10942,r3i1p1f1,1979,12,17,44.122798422253446,5.5327454,-1.0440564,1979
10943,r3i1p1f1,1979,12,18,98.39414928696658,8.910252,4.2783146,1979
10944,r3i1p1f1,1979,12,19,3.9317054167009986,13.190742,6.161083,1979
10945,r3i1p1f1,1979,12,20,0.0,13.13184,7.2177906,1979
10946,r3i1p1f1,1979,12,21,4.954893538754397,10.043864,2.772941,1979
10947,r3i1p1f1,1979,12,22,0.0,11.113316,1.0772032,1979
10948,r3i1p1f1,1979,12,23,0.0,11.955236,-0.5274985,1979
10949,r3i1p1f1,1979,12,24,0.0,11.361838,-0.7341855,1979
10950,r3i1p1f1,1979,12,25,0.0,9.95722,-1.7424095,1979
10951,r3i1p1f1,1979,12,26,0.0,12.343872,0.056603387,1979
10952,r3i1p1f1,1979,12,27,0.0,11.683072,-1.5458666,1979
10953,r3i1p1f1,1979,12,28,0.0,12.883741,-0.22661902,1979
10954,r3i1p1f1,1979,12,29,0.0,10.581693,1.9478129,1979
10955,r3i1p1f1,1979,12,30,0.0,11.129204,-0.8249639,1979
10956,r3i1p1f1,1979,12,31,0.0,13.23986,1.0431936,1979
10957,r3i1p1f1,1980,01,01,0.0,14.394227,1.5210127,1980
10958,r3i1p1f1,1980,01,02,0.0,14.332648,1.5163817,1980
10959,r3i1p1f1,1980,01,03,0.0,11.820827,0.1483999,1980
10960,r3i1p1f1,1980,01,04,0.0,14.312093,0.10838351,1980
10961,r3i1p1f1,1980,01,05,0.0,14.766775,1.0790796,1980
10962,r3i1p1f1,1980,01,06,0.0,13.979553,0.9623917,1980
10963,r3i1p1f1,1980,01,07,0.0,13.245004,0.015221609,1980
10964,r3i1p1f1,1980,01,08,0.0,12.816536,0.70741737,1980
10965,r3i1p1f1,1980,01,09,9.609399005612909,7.893703,1.7212567,1980
10966,r3i1p1f1,1980,01,10,1.805822546501938,6.116892,-7.757667,1980
10967,r3i1p1f1,1980,01,11,0.0,5.6020346,-8.23057,1980
10968,r3i1p1f1,1980,01,12,0.0,9.285543,-3.574449,1980
10969,r3i1p1f1,1980,01,13,0.08840013011458243,9.002599,0.51221776,1980
10970,r3i1p1f1,1980,01,14,0.0,10.66636,-1.6765529,1980
10971,r3i1p1f1,1980,01,15,0.0,11.340329,-0.25255764,1980
10972,r3i1p1f1,1980,01,16,0.0,11.663417,0.9197803,1980
10973,r3i1p1f1,1980,01,17,42.55864827060386,7.1623435,-0.32358104,1980
10974,r3i1p1f1,1980,01,18,31.953219610946498,4.5607123,-3.815738,1980
10975,r3i1p1f1,1980,01,19,11.371493236602921,1.3027458,-4.89834,1980
10976,r3i1p1f1,1980,01,20,0.0,4.1328564,-8.365937,1980
10977,r3i1p1f1,1980,01,21,13.992026682305886,-0.5182062,-6.392154,1980
10978,r3i1p1f1,1980,01,22,7.587843946040314,1.220234,-7.6174626,1980
10979,r3i1p1f1,1980,01,23,0.0,4.5850306,-8.914361,1980
10980,r3i1p1f1,1980,01,24,5.863143207036621,-0.05429934,-4.4358726,1980
10981,r3i1p1f1,1980,01,25,4.354725104961912,1.6281966,-4.1314683,1980
10982,r3i1p1f1,1980,01,26,0.0,5.9080796,-7.79159,1980
10983,r3i1p1f1,1980,01,27,0.0,5.651143,-6.006741,1980
10984,r3i1p1f1,1980,01,28,3.281802072964829,1.5230559,-10.640501,1980
10985,r3i1p1f1,1980,01,29,46.68894635856544,3.6156619,-4.20422,1980
10986,r3i1p1f1,1980,01,30,0.0,7.7293534,-4.3010755,1980
10987,r3i1p1f1,1980,01,31,46.63622755508282,5.7436423,0.5837671,1980
10988,r3i1p1f1,1980,02,01,0.0,10.473794,-0.04185102,1980
10989,r3i1p1f1,1980,02,02,0.0,12.857123,0.47266683,1980
10990,r3i1p1f1,1980,02,03,0.0,12.424273,5.4719415,1980
10991,r3i1p1f1,1980,02,04,38.9411761547978,9.757227,1.3631394,1980
10992,r3i1p1f1,1980,02,05,22.3751690679867,4.1755195,-1.6308887,1980
10993,r3i1p1f1,1980,02,06,11.106192551730937,4.7328367,-1.6216952,1980
10994,r3i1p1f1,1980,02,07,10.294242289934406,3.5735223,-1.7553141,1980
10995,r3i1p1f1,1980,02,08,4.919847235128384,3.9343178,-2.5849779,1980
10996,r3i1p1f1,1980,02,09,0.6858060261277531,10.52958,-1.0583677,1980
10997,r3i1p1f1,1980,02,10,88.19129795424249,6.8268123,0.4807211,1980
10998,r3i1p1f1,1980,02,11,5.8555095253579665,6.619966,-2.836464,1980
10999,r3i1p1f1,1980,02,12,0.0,9.924346,-3.2806876,1980
11000,r3i1p1f1,1980,02,13,0.0,11.451175,-0.6801739,1980
11001,r3i1p1f1,1980,02,14,0.0,10.548058,-1.2045196,1980
11002,r3i1p1f1,1980,02,15,2.9953368502710394,10.223195,-1.2594707,1980
11003,r3i1p1f1,1980,02,16,12.398956378685972,5.6112566,0.318179,1980
11004,r3i1p1f1,1980,02,17,18.175909887558145,5.778047,-2.7876246,1980
11005,r3i1p1f1,1980,02,18,0.0,9.587818,-1.4806765,1980
11006,r3i1p1f1,1980,02,19,0.0,13.486705,-1.4931695,1980
11007,r3i1p1f1,1980,02,20,0.0,15.499396,0.20132494,1980
11008,r3i1p1f1,1980,02,21,0.0,15.0419,1.4416906,1980
11009,r3i1p1f1,1980,02,22,0.0,16.27494,2.669416,1980
11010,r3i1p1f1,1980,02,23,0.0,18.780884,3.5285292,1980
11011,r3i1p1f1,1980,02,24,0.0,18.542763,2.4032006,1980
11012,r3i1p1f1,1980,02,25,0.0,17.857485,2.8578322,1980
11013,r3i1p1f1,1980,02,26,0.0,14.295767,1.3921615,1980
11014,r3i1p1f1,1980,02,27,0.0,14.763407,1.0866872,1980
11015,r3i1p1f1,1980,02,28,0.0,15.475557,2.648002,1980
11016,r3i1p1f1,1980,02,29,0.0,15.953161,1.9883163,1980
11017,r3i1p1f1,1980,03,01,0.0,17.552895,1.1997199,1980
11018,r3i1p1f1,1980,03,02,0.0,17.959604,3.3632653,1980
11019,r3i1p1f1,1980,03,03,0.0,17.109816,3.330873,1980
11020,r3i1p1f1,1980,03,04,10.268216331295614,10.505985,-1.3914285,1980
11021,r3i1p1f1,1980,03,05,0.0,9.194541,-3.7431173,1980
11022,r3i1p1f1,1980,03,06,0.0,9.261145,-5.1018066,1980
11023,r3i1p1f1,1980,03,07,0.0,9.882413,-3.8096147,1980
11024,r3i1p1f1,1980,03,08,0.0,8.821561,-5.0063,1980
11025,r3i1p1f1,1980,03,09,0.0,10.345547,-4.5559506,1980
11026,r3i1p1f1,1980,03,10,0.0,10.17889,-3.326481,1980
11027,r3i1p1f1,1980,03,11,0.0,6.6310534,-4.813545,1980
11028,r3i1p1f1,1980,03,12,0.0,9.318409,-6.2857666,1980
11029,r3i1p1f1,1980,03,13,0.0,8.516261,-3.8124924,1980
11030,r3i1p1f1,1980,03,14,0.022574286930122117,3.7804651,-8.15625,1980
11031,r3i1p1f1,1980,03,15,0.0,4.9961605,-5.8225265,1980
11032,r3i1p1f1,1980,03,16,0.0,9.32269,-5.163149,1980
11033,r3i1p1f1,1980,03,17,0.0,14.674088,-1.1679766,1980
11034,r3i1p1f1,1980,03,18,0.0,17.289644,2.8117685,1980
11035,r3i1p1f1,1980,03,19,0.0,16.265644,3.7936175,1980
11036,r3i1p1f1,1980,03,20,0.0,15.536334,1.5078886,1980
11037,r3i1p1f1,1980,03,21,0.0,15.72026,3.2971203,1980
11038,r3i1p1f1,1980,03,22,0.0,19.391302,6.591482,1980
11039,r3i1p1f1,1980,03,23,0.0,19.996134,6.321632,1980
11040,r3i1p1f1,1980,03,24,15.080038512027578,11.490954,3.4612427,1980
11041,r3i1p1f1,1980,03,25,6.900892420296594,8.91808,3.253277,1980
11042,r3i1p1f1,1980,03,26,0.0,13.942448,2.2175393,1980
11043,r3i1p1f1,1980,03,27,0.0,16.329916,0.65139914,1980
11044,r3i1p1f1,1980,03,28,0.0,15.959911,3.560909,1980
11045,r3i1p1f1,1980,03,29,0.0,19.167534,2.8112206,1980
11046,r3i1p1f1,1980,03,30,0.0,18.375286,4.947514,1980
11047,r3i1p1f1,1980,03,31,1.4169099558593619,13.4021435,4.170985,1980
11048,r3i1p1f1,1980,04,01,0.0,15.51804,3.862372,1980
11049,r3i1p1f1,1980,04,02,0.0,18.089752,1.1803741,1980
11050,r3i1p1f1,1980,04,03,0.006290850950264078,16.366951,2.140497,1980
11051,r3i1p1f1,1980,04,04,12.328930147525266,4.828489,-2.1894886,1980
11052,r3i1p1f1,1980,04,05,4.494125990114346,0.8852194,-5.7768936,1980
11053,r3i1p1f1,1980,04,06,0.25198893689728147,4.6028504,-4.848751,1980
11054,r3i1p1f1,1980,04,07,0.0,12.058731,-3.1623826,1980
11055,r3i1p1f1,1980,04,08,7.822400038965402,8.97037,-3.3521297,1980
11056,r3i1p1f1,1980,04,09,6.566255300161797,4.420753,-3.2046902,1980
11057,r3i1p1f1,1980,04,10,1.1227358106734038,6.9971414,-4.538711,1980
11058,r3i1p1f1,1980,04,11,0.28272132391353616,11.819471,1.5666925,1980
11059,r3i1p1f1,1980,04,12,0.2716193743062353,12.140253,-1.1277487,1980
11060,r3i1p1f1,1980,04,13,0.033547009623266365,14.507988,0.012745045,1980
11061,r3i1p1f1,1980,04,14,3.955955628694746,11.917935,2.2721748,1980
11062,r3i1p1f1,1980,04,15,0.05040932806686645,14.824379,0.28637093,1980
11063,r3i1p1f1,1980,04,16,0.5610995850235524,10.549403,1.3133976,1980
11064,r3i1p1f1,1980,04,17,0.8366405840110689,6.7346444,-3.8349986,1980
11065,r3i1p1f1,1980,04,18,0.0,13.139421,-1.5390216,1980
11066,r3i1p1f1,1980,04,19,0.0,12.637334,0.94346976,1980
11067,r3i1p1f1,1980,04,20,0.0,13.900932,0.6304846,1980
11068,r3i1p1f1,1980,04,21,0.0,13.256783,-0.051569354,1980
11069,r3i1p1f1,1980,04,22,7.857287146448232,9.767062,0.7066144,1980
11070,r3i1p1f1,1980,04,23,0.10280232803013764,9.275826,2.598153,1980
11071,r3i1p1f1,1980,04,24,56.44878816643828,5.616703,2.1255283,1980
11072,r3i1p1f1,1980,04,25,0.0,9.662522,-3.5869238,1980
11073,r3i1p1f1,1980,04,26,6.389916011463164,6.814514,-1.5256964,1980
11074,r3i1p1f1,1980,04,27,0.0,13.553836,-2.2590587,1980
11075,r3i1p1f1,1980,04,28,0.0,13.740044,-1.0328988,1980
11076,r3i1p1f1,1980,04,29,17.15663740117299,9.9807825,-0.5575073,1980
11077,r3i1p1f1,1980,04,30,3.063001762616056,6.84952,-1.1968806,1980
11078,r3i1p1f1,1980,05,01,0.0,16.31162,0.17233276,1980
11079,r3i1p1f1,1980,05,02,0.0,17.873857,2.887776,1980
11080,r3i1p1f1,1980,05,03,0.0,16.310905,4.720804,1980
11081,r3i1p1f1,1980,05,04,4.45280283946838,9.880052,0.1584174,1980
11082,r3i1p1f1,1980,05,05,20.48229442566241,5.2004447,-0.21887796,1980
11083,r3i1p1f1,1980,05,06,22.519635026784318,4.177296,-1.3806536,1980
11084,r3i1p1f1,1980,05,07,18.723112052478093,0.76853824,-6.9497013,1980
11085,r3i1p1f1,1980,05,08,0.0,10.292297,-2.7042923,1980
11086,r3i1p1f1,1980,05,09,0.0,16.76264,1.1427695,1980
11087,r3i1p1f1,1980,05,10,0.0,17.808445,2.5813584,1980
11088,r3i1p1f1,1980,05,11,0.0,16.421932,4.6794233,1980
11089,r3i1p1f1,1980,05,12,0.0,18.527649,2.2064946,1980
11090,r3i1p1f1,1980,05,13,0.0,21.285574,5.4250875,1980
11091,r3i1p1f1,1980,05,14,0.0,21.230877,5.852244,1980
11092,r3i1p1f1,1980,05,15,0.0,20.570932,7.303192,1980
11093,r3i1p1f1,1980,05,16,0.0,18.793665,6.5599003,1980
11094,r3i1p1f1,1980,05,17,0.0,18.226242,4.7709446,1980
11095,r3i1p1f1,1980,05,18,3.980438502223574,14.489791,1.37039,1980
11096,r3i1p1f1,1980,05,19,0.0,11.814676,-1.759339,1980
11097,r3i1p1f1,1980,05,20,0.0,16.32203,1.6966691,1980
11098,r3i1p1f1,1980,05,21,0.0,18.657051,4.147688,1980
11099,r3i1p1f1,1980,05,22,0.0,23.379766,6.844913,1980
11100,r3i1p1f1,1980,05,23,0.0,26.832973,9.941215,1980
11101,r3i1p1f1,1980,05,24,0.0,28.81997,11.325269,1980
11102,r3i1p1f1,1980,05,25,0.0,27.849371,11.246526,1980
11103,r3i1p1f1,1980,05,26,0.0,27.056292,11.622243,1980
11104,r3i1p1f1,1980,05,27,0.0,25.917189,10.753497,1980
11105,r3i1p1f1,1980,05,28,0.0,25.621239,10.750598,1980
11106,r3i1p1f1,1980,05,29,0.0,22.830675,8.340176,1980
11107,r3i1p1f1,1980,05,30,0.8414720650953792,15.207709,5.120504,1980
11108,r3i1p1f1,1980,05,31,0.0,16.282396,2.948404,1980
11109,r3i1p1f1,1980,06,01,9.739654036016681,13.425324,1.8402449,1980
11110,r3i1p1f1,1980,06,02,11.609295706607794,7.6740584,-1.1666338,1980
11111,r3i1p1f1,1980,06,03,0.10839955464593674,12.622891,0.49119195,1980
11112,r3i1p1f1,1980,06,04,0.0,12.756705,1.5545775,1980
11113,r3i1p1f1,1980,06,05,0.2739393483831296,11.570678,0.69243795,1980
11114,r3i1p1f1,1980,06,06,25.18423549757388,6.671582,2.726852,1980
11115,r3i1p1f1,1980,06,07,3.2317232520175536,8.6672325,-2.3084092,1980
11116,r3i1p1f1,1980,06,08,0.0,17.336048,3.8333395,1980
11117,r3i1p1f1,1980,06,09,0.0,20.850473,4.702194,1980
11118,r3i1p1f1,1980,06,10,0.0,20.539066,7.7820115,1980
11119,r3i1p1f1,1980,06,11,0.0,20.950699,6.0044594,1980
11120,r3i1p1f1,1980,06,12,0.0,25.543898,7.7154746,1980
11121,r3i1p1f1,1980,06,13,0.0,27.153835,9.518681,1980
11122,r3i1p1f1,1980,06,14,0.0,27.155516,11.492128,1980
11123,r3i1p1f1,1980,06,15,0.33131539639725816,25.844984,9.594983,1980
11124,r3i1p1f1,1980,06,16,0.10892105607413932,21.303759,8.848895,1980
11125,r3i1p1f1,1980,06,17,0.0,20.8506,6.934475,1980
11126,r3i1p1f1,1980,06,18,0.0,20.555544,5.7473288,1980
11127,r3i1p1f1,1980,06,19,0.12201778529407947,21.556278,5.700052,1980
11128,r3i1p1f1,1980,06,20,0.0,22.602385,6.4187303,1980
11129,r3i1p1f1,1980,06,21,0.0,23.079823,8.986595,1980
11130,r3i1p1f1,1980,06,22,0.0,27.353691,9.586528,1980
11131,r3i1p1f1,1980,06,23,0.0,29.393791,11.830786,1980
11132,r3i1p1f1,1980,06,24,0.056315388677543717,29.298088,13.316292,1980
11133,r3i1p1f1,1980,06,25,0.0,26.67857,11.76926,1980
11134,r3i1p1f1,1980,06,26,0.0,21.771973,7.2119794,1980
11135,r3i1p1f1,1980,06,27,0.0,18.842016,5.814953,1980
11136,r3i1p1f1,1980,06,28,0.0,24.205158,6.1517925,1980
11137,r3i1p1f1,1980,06,29,0.0,28.712826,10.039329,1980
11138,r3i1p1f1,1980,06,30,0.0,32.722267,13.343047,1980
11139,r3i1p1f1,1980,07,01,0.015621659909620098,31.921787,16.171577,1980
11140,r3i1p1f1,1980,07,02,0.1173994050508267,31.60986,15.166362,1980
11141,r3i1p1f1,1980,07,03,0.11408075125042447,30.647602,14.528498,1980
11142,r3i1p1f1,1980,07,04,0.17157778286338343,28.77547,13.265621,1980
11143,r3i1p1f1,1980,07,05,0.0,29.037415,12.160477,1980
11144,r3i1p1f1,1980,07,06,0.06868233100057726,28.542488,12.267098,1980
11145,r3i1p1f1,1980,07,07,0.0,27.281693,11.787179,1980
11146,r3i1p1f1,1980,07,08,0.0,29.072897,11.511076,1980
11147,r3i1p1f1,1980,07,09,0.0,30.096039,12.181648,1980
11148,r3i1p1f1,1980,07,10,0.0,31.841682,13.191385,1980
11149,r3i1p1f1,1980,07,11,0.0,31.584171,15.2394085,1980
11150,r3i1p1f1,1980,07,12,0.0,30.724268,14.222778,1980
11151,r3i1p1f1,1980,07,13,0.0,28.698713,12.67323,1980
11152,r3i1p1f1,1980,07,14,0.0,27.925123,12.919092,1980
11153,r3i1p1f1,1980,07,15,0.0,28.35044,11.807793,1980
11154,r3i1p1f1,1980,07,16,0.0,30.571365,13.433141,1980
11155,r3i1p1f1,1980,07,17,0.0,30.442747,14.703864,1980
11156,r3i1p1f1,1980,07,18,0.0,29.184446,12.272629,1980
11157,r3i1p1f1,1980,07,19,0.0,23.990622,8.58473,1980
11158,r3i1p1f1,1980,07,20,0.07277309624968391,27.822224,12.5366125,1980
11159,r3i1p1f1,1980,07,21,0.0,31.202066,13.984564,1980
11160,r3i1p1f1,1980,07,22,0.0,32.260433,16.4279,1980
11161,r3i1p1f1,1980,07,23,0.0,32.578022,16.169176,1980
11162,r3i1p1f1,1980,07,24,0.0,32.282646,15.352379,1980
11163,r3i1p1f1,1980,07,25,0.0,30.931461,13.855509,1980
11164,r3i1p1f1,1980,07,26,0.0,28.702337,12.411985,1980
11165,r3i1p1f1,1980,07,27,0.0,27.731915,12.445186,1980
11166,r3i1p1f1,1980,07,28,0.0,27.40164,11.609264,1980
11167,r3i1p1f1,1980,07,29,0.0,26.692423,10.411076,1980
11168,r3i1p1f1,1980,07,30,0.0,26.342533,10.285739,1980
11169,r3i1p1f1,1980,07,31,0.0,25.612946,10.158914,1980
11170,r3i1p1f1,1980,08,01,0.0,26.974773,9.647413,1980
11171,r3i1p1f1,1980,08,02,0.0,29.504618,11.836344,1980
11172,r3i1p1f1,1980,08,03,0.0,33.06781,13.910766,1980
11173,r3i1p1f1,1980,08,04,0.0,33.91779,15.281401,1980
11174,r3i1p1f1,1980,08,05,0.0,33.889614,17.005934,1980
11175,r3i1p1f1,1980,08,06,0.0,34.085716,17.035692,1980
11176,r3i1p1f1,1980,08,07,0.0024847814960307197,34.389126,16.471775,1980
11177,r3i1p1f1,1980,08,08,0.16844469263512446,34.896477,18.3113,1980
11178,r3i1p1f1,1980,08,09,0.16962497180716846,33.410957,19.287544,1980
11179,r3i1p1f1,1980,08,10,1.2706165486873175,28.737356,18.222624,1980
11180,r3i1p1f1,1980,08,11,0.0,30.084995,13.285299,1980
11181,r3i1p1f1,1980,08,12,0.0,30.355568,13.891113,1980
11182,r3i1p1f1,1980,08,13,0.0,30.616629,13.759311,1980
11183,r3i1p1f1,1980,08,14,0.0,29.727688,13.460791,1980
11184,r3i1p1f1,1980,08,15,0.0,28.098145,11.063863,1980
11185,r3i1p1f1,1980,08,16,0.0,24.27939,8.128026,1980
11186,r3i1p1f1,1980,08,17,0.0,21.210438,7.3219733,1980
11187,r3i1p1f1,1980,08,18,0.0,24.742027,7.985636,1980
11188,r3i1p1f1,1980,08,19,0.0,27.44279,10.905835,1980
11189,r3i1p1f1,1980,08,20,0.0,29.2254,12.3821535,1980
11190,r3i1p1f1,1980,08,21,0.0,28.64457,11.720739,1980
11191,r3i1p1f1,1980,08,22,0.0,27.000616,10.4415455,1980
11192,r3i1p1f1,1980,08,23,0.0,24.406372,7.5650063,1980
11193,r3i1p1f1,1980,08,24,0.0,21.630346,6.5938883,1980
11194,r3i1p1f1,1980,08,25,0.0,20.880198,6.2300434,1980
11195,r3i1p1f1,1980,08,26,0.0,20.169004,5.626977,1980
11196,r3i1p1f1,1980,08,27,0.0,20.273365,4.7364616,1980
11197,r3i1p1f1,1980,08,28,0.0,23.950401,6.2153816,1980
11198,r3i1p1f1,1980,08,29,0.0,25.58191,8.613274,1980
11199,r3i1p1f1,1980,08,30,0.0,31.468449,12.010204,1980
11200,r3i1p1f1,1980,08,31,0.0,34.686092,15.348999,1980
11201,r3i1p1f1,1980,09,01,0.0,33.246803,16.13486,1980
11202,r3i1p1f1,1980,09,02,0.0,31.383173,14.7498,1980
11203,r3i1p1f1,1980,09,03,0.0,29.668156,12.072945,1980
11204,r3i1p1f1,1980,09,04,0.0,28.854424,11.775116,1980
11205,r3i1p1f1,1980,09,05,0.0,27.737284,11.757206,1980
11206,r3i1p1f1,1980,09,06,0.0,25.399868,10.987123,1980
11207,r3i1p1f1,1980,09,07,0.0,23.797165,10.669075,1980
11208,r3i1p1f1,1980,09,08,0.0,25.041887,9.646529,1980
11209,r3i1p1f1,1980,09,09,0.13406617992443084,23.282408,10.406776,1980
11210,r3i1p1f1,1980,09,10,1.1677500905534544,20.399773,7.959275,1980
11211,r3i1p1f1,1980,09,11,0.0,24.145336,6.8601146,1980
11212,r3i1p1f1,1980,09,12,0.0,27.42634,10.002452,1980
11213,r3i1p1f1,1980,09,13,0.28114901887372407,26.049295,10.336813,1980
11214,r3i1p1f1,1980,09,14,0.8760365155084353,20.86657,6.664135,1980
11215,r3i1p1f1,1980,09,15,5.907029944654297,14.423735,3.4046242,1980
11216,r3i1p1f1,1980,09,16,0.0814486773474767,14.810776,0.20356855,1980
11217,r3i1p1f1,1980,09,17,0.0,16.58845,3.0771718,1980
11218,r3i1p1f1,1980,09,18,0.0,20.414877,3.469957,1980
11219,r3i1p1f1,1980,09,19,0.0,22.124582,5.551097,1980
11220,r3i1p1f1,1980,09,20,0.0,23.96326,7.2023554,1980
11221,r3i1p1f1,1980,09,21,0.0,23.16234,8.842103,1980
11222,r3i1p1f1,1980,09,22,0.0,22.35725,7.7139263,1980
11223,r3i1p1f1,1980,09,23,0.0,21.284136,5.2398505,1980
11224,r3i1p1f1,1980,09,24,0.0,20.282076,5.6873536,1980
11225,r3i1p1f1,1980,09,25,0.054022749406469395,18.118738,4.1939187,1980
11226,r3i1p1f1,1980,09,26,0.08082786286985011,15.470215,3.8753848,1980
11227,r3i1p1f1,1980,09,27,0.3857265002137099,16.529228,1.2478797,1980
11228,r3i1p1f1,1980,09,28,0.0,18.726751,3.389279,1980
11229,r3i1p1f1,1980,09,29,0.0,22.459055,5.3936386,1980
11230,r3i1p1f1,1980,09,30,0.0,23.201138,6.6998277,1980
11231,r3i1p1f1,1980,10,01,0.0,24.819836,7.466837,1980
11232,r3i1p1f1,1980,10,02,0.0,24.905148,7.784015,1980
11233,r3i1p1f1,1980,10,03,0.0,24.414816,8.491215,1980
11234,r3i1p1f1,1980,10,04,0.0,23.76979,8.159775,1980
11235,r3i1p1f1,1980,10,05,0.0,24.367767,9.014331,1980
11236,r3i1p1f1,1980,10,06,0.0,25.105274,8.573603,1980
11237,r3i1p1f1,1980,10,07,0.0,24.651224,7.8299417,1980
11238,r3i1p1f1,1980,10,08,0.0,24.121868,9.231559,1980
11239,r3i1p1f1,1980,10,09,0.0,24.836544,8.049556,1980
11240,r3i1p1f1,1980,10,10,0.0,24.795385,8.547089,1980
11241,r3i1p1f1,1980,10,11,0.0,25.865623,8.168924,1980
11242,r3i1p1f1,1980,10,12,0.0,25.721262,8.429211,1980
11243,r3i1p1f1,1980,10,13,0.0,24.721169,8.301842,1980
11244,r3i1p1f1,1980,10,14,0.0,23.14285,8.691566,1980
11245,r3i1p1f1,1980,10,15,0.12015606694149028,22.244644,9.059782,1980
11246,r3i1p1f1,1980,10,16,0.14830703409021034,17.843727,3.0827515,1980
11247,r3i1p1f1,1980,10,17,0.0,12.780522,-1.2746996,1980
11248,r3i1p1f1,1980,10,18,25.379278173817223,12.586204,0.7738144,1980
11249,r3i1p1f1,1980,10,19,30.757590839149135,8.334961,1.8242707,1980
11250,r3i1p1f1,1980,10,20,0.01807109262077383,17.417349,0.7680059,1980
11251,r3i1p1f1,1980,10,21,0.0,20.956495,4.1187377,1980
11252,r3i1p1f1,1980,10,22,0.0,22.388504,7.181622,1980
11253,r3i1p1f1,1980,10,23,0.015108804769912049,22.757713,9.062742,1980
11254,r3i1p1f1,1980,10,24,18.351883793212963,22.008791,10.828088,1980
11255,r3i1p1f1,1980,10,25,6.353711718321919,11.740724,4.920568,1980
11256,r3i1p1f1,1980,10,26,5.287181371348101,6.8852,0.19782464,1980
11257,r3i1p1f1,1980,10,27,5.721448894659213,6.400286,-2.0603244,1980
11258,r3i1p1f1,1980,10,28,39.78724493767674,5.263661,-0.056267276,1980
11259,r3i1p1f1,1980,10,29,3.827617770883463,6.9092407,0.8781995,1980
11260,r3i1p1f1,1980,10,30,0.0,10.712383,-4.0878267,1980
11261,r3i1p1f1,1980,10,31,0.0,12.873654,-3.7219508,1980
11262,r3i1p1f1,1980,11,01,0.0,14.610986,0.75395197,1980
11263,r3i1p1f1,1980,11,02,0.0,15.299045,-1.8102249,1980
11264,r3i1p1f1,1980,11,03,0.0,14.508176,-0.35361698,1980
11265,r3i1p1f1,1980,11,04,0.0,15.096922,-1.7932451,1980
11266,r3i1p1f1,1980,11,05,0.0,13.245479,-0.07454219,1980
11267,r3i1p1f1,1980,11,06,0.151166931324329,14.174474,2.1994548,1980
11268,r3i1p1f1,1980,11,07,0.0,14.5792,2.1924894,1980
11269,r3i1p1f1,1980,11,08,0.0,14.346844,2.1901684,1980
11270,r3i1p1f1,1980,11,09,0.0,15.7020645,0.35439244,1980
11271,r3i1p1f1,1980,11,10,0.0,14.070146,3.7770786,1980
11272,r3i1p1f1,1980,11,11,0.0,18.268665,5.505951,1980
11273,r3i1p1f1,1980,11,12,0.0,21.741428,5.6451516,1980
11274,r3i1p1f1,1980,11,13,0.0,20.944698,7.4628067,1980
11275,r3i1p1f1,1980,11,14,0.0,20.57373,6.54178,1980
11276,r3i1p1f1,1980,11,15,0.0,18.055475,5.0962653,1980
11277,r3i1p1f1,1980,11,16,0.0,18.887775,5.9805527,1980
11278,r3i1p1f1,1980,11,17,0.0,21.633905,6.033366,1980
11279,r3i1p1f1,1980,11,18,0.0,21.819725,6.850649,1980
11280,r3i1p1f1,1980,11,19,0.0,19.920208,6.91313,1980
11281,r3i1p1f1,1980,11,20,0.02437005019409729,14.533848,7.677489,1980
11282,r3i1p1f1,1980,11,21,63.046925774726425,12.690828,5.784641,1980
11283,r3i1p1f1,1980,11,22,52.50688502074856,12.083502,5.8415008,1980
11284,r3i1p1f1,1980,11,23,37.4864489483451,12.815883,3.4788244,1980
11285,r3i1p1f1,1980,11,24,3.5058794536254076,11.243592,3.7165513,1980
11286,r3i1p1f1,1980,11,25,0.05775898155805312,9.474016,2.1783352,1980
11287,r3i1p1f1,1980,11,26,0.272257272291953,7.872779,-4.9980555,1980
11288,r3i1p1f1,1980,11,27,0.0,7.137187,-4.145985,1980
11289,r3i1p1f1,1980,11,28,0.0,6.328021,-3.870791,1980
11290,r3i1p1f1,1980,11,29,0.0,9.183478,-4.0267196,1980
11291,r3i1p1f1,1980,11,30,0.0,11.874364,-3.4849386,1980
11292,r3i1p1f1,1980,12,01,0.0,10.888641,-0.46282145,1980
11293,r3i1p1f1,1980,12,02,0.0,11.952166,0.48094252,1980
11294,r3i1p1f1,1980,12,03,0.0,12.681676,0.6473796,1980
11295,r3i1p1f1,1980,12,04,0.0,13.6294155,1.1867961,1980
11296,r3i1p1f1,1980,12,05,0.0,12.4901705,1.4609394,1980
11297,r3i1p1f1,1980,12,06,0.0,14.096078,1.7523162,1980
11298,r3i1p1f1,1980,12,07,0.0,14.256731,1.2535772,1980
11299,r3i1p1f1,1980,12,08,0.0,14.827769,3.2908266,1980
11300,r3i1p1f1,1980,12,09,0.0,16.75606,3.0455134,1980
11301,r3i1p1f1,1980,12,10,0.0,19.078018,4.2867727,1980
11302,r3i1p1f1,1980,12,11,0.0,18.234066,6.365603,1980
11303,r3i1p1f1,1980,12,12,1.4422447088643247,16.107986,4.546527,1980
11304,r3i1p1f1,1980,12,13,5.70948866899064,9.250177,-2.486373,1980
11305,r3i1p1f1,1980,12,14,0.0,2.1153257,-9.185399,1980
11306,r3i1p1f1,1980,12,15,0.08942545862641725,4.8441296,-8.721537,1980
11307,r3i1p1f1,1980,12,16,4.775787508371746,1.7629645,-3.3331425,1980
11308,r3i1p1f1,1980,12,17,76.7636239381605,11.858217,0.93228596,1980
11309,r3i1p1f1,1980,12,18,19.99609362851755,12.559457,-0.4745659,1980
11310,r3i1p1f1,1980,12,19,0.0,3.23431,-12.043758,1980
11311,r3i1p1f1,1980,12,20,0.0,8.110569,-9.605815,1980
11312,r3i1p1f1,1980,12,21,0.0,11.646376,-6.705918,1980
11313,r3i1p1f1,1980,12,22,0.0,12.869445,-3.0088372,1980
11314,r3i1p1f1,1980,12,23,0.0,10.931112,2.7823184,1980
11315,r3i1p1f1,1980,12,24,9.875973403502844,5.591851,-1.8445281,1980
11316,r3i1p1f1,1980,12,25,0.0,3.1613889,-10.304424,1980
11317,r3i1p1f1,1980,12,26,61.115548394522385,-0.16128695,-9.673264,1980
11318,r3i1p1f1,1980,12,27,24.19177377167599,2.1163747,-2.4530792,1980
11319,r3i1p1f1,1980,12,28,41.36411990284135,7.001,-2.8868124,1980
11320,r3i1p1f1,1980,12,29,103.40319458199174,9.082615,4.5075994,1980
11321,r3i1p1f1,1980,12,30,46.34956561126992,10.561791,4.8175797,1980
11322,r3i1p1f1,1980,12,31,0.0,10.608043,0.42625377,1980
11323,r3i1p1f1,1981,01,01,8.075829166045878,6.7831783,-1.7126172,1981
11324,r3i1p1f1,1981,01,02,0.0,9.450873,-4.1568117,1981
11325,r3i1p1f1,1981,01,03,0.0,12.104269,0.7709217,1981
11326,r3i1p1f1,1981,01,04,0.0,11.6995535,0.25980797,1981
11327,r3i1p1f1,1981,01,05,0.782699845915072,13.828807,3.5532565,1981
11328,r3i1p1f1,1981,01,06,0.0,13.1453,4.9504886,1981
11329,r3i1p1f1,1981,01,07,0.0,11.826351,-0.06055669,1981
11330,r3i1p1f1,1981,01,08,0.0,13.721164,1.0140238,1981
11331,r3i1p1f1,1981,01,09,0.0,15.852002,2.9113789,1981
11332,r3i1p1f1,1981,01,10,0.0,16.194956,5.1166153,1981
11333,r3i1p1f1,1981,01,11,0.0,18.949427,3.879976,1981
11334,r3i1p1f1,1981,01,12,0.0,20.737291,3.0915575,1981
11335,r3i1p1f1,1981,01,13,0.11389443966197034,17.739359,5.7598844,1981
11336,r3i1p1f1,1981,01,14,10.603053769170257,9.418379,0.961713,1981
11337,r3i1p1f1,1981,01,15,0.0,12.805098,1.4783013,1981
11338,r3i1p1f1,1981,01,16,6.982659862842411,8.178872,-0.09963418,1981
11339,r3i1p1f1,1981,01,17,0.0,13.266817,-1.729695,1981
11340,r3i1p1f1,1981,01,18,0.6598040939455754,10.291847,1.0105627,1981
11341,r3i1p1f1,1981,01,19,48.539017251153524,8.722721,3.9752505,1981
11342,r3i1p1f1,1981,01,20,0.0,14.895782,0.9742173,1981
11343,r3i1p1f1,1981,01,21,0.0,15.30254,1.7653611,1981
11344,r3i1p1f1,1981,01,22,0.0,14.952445,1.9245125,1981
11345,r3i1p1f1,1981,01,23,0.0,15.530843,1.183593,1981
11346,r3i1p1f1,1981,01,24,0.0,15.641356,-0.3990432,1981
11347,r3i1p1f1,1981,01,25,0.0,16.434265,3.2536407,1981
11348,r3i1p1f1,1981,01,26,0.0,15.152338,1.916807,1981
11349,r3i1p1f1,1981,01,27,0.0,16.554306,4.2240086,1981
11350,r3i1p1f1,1981,01,28,0.0,16.836931,2.9571514,1981
11351,r3i1p1f1,1981,01,29,1.218316667176336,13.772273,2.1134763,1981
11352,r3i1p1f1,1981,01,30,16.215308183363003,9.938263,4.0113344,1981
11353,r3i1p1f1,1981,01,31,0.0,16.260216,0.7558992,1981
11354,r3i1p1f1,1981,02,01,0.0,18.630228,4.425394,1981
11355,r3i1p1f1,1981,02,02,0.0,19.724838,4.8572707,1981
11356,r3i1p1f1,1981,02,03,0.0,17.625738,7.3216786,1981
11357,r3i1p1f1,1981,02,04,0.11446276471121421,13.550312,3.5181193,1981
11358,r3i1p1f1,1981,02,05,5.84041650799918,12.738925,3.0988824,1981
11359,r3i1p1f1,1981,02,06,0.0,17.330433,3.0867448,1981
11360,r3i1p1f1,1981,02,07,0.7835872174777442,15.379505,4.2826085,1981
11361,r3i1p1f1,1981,02,08,13.389514224285161,9.094811,2.7957761,1981
11362,r3i1p1f1,1981,02,09,46.87282906747178,7.9275293,2.3062997,1981
11363,r3i1p1f1,1981,02,10,86.97292265531264,9.866422,4.9621177,1981
11364,r3i1p1f1,1981,02,11,16.770273556099518,11.039527,4.026472,1981
11365,r3i1p1f1,1981,02,12,6.53742497630255,15.070924,0.54027236,1981
11366,r3i1p1f1,1981,02,13,45.57787306165617,13.601012,-0.0012276038,1981
11367,r3i1p1f1,1981,02,14,9.187519860662226,0.7697814,-7.279311,1981
11368,r3i1p1f1,1981,02,15,19.381533075418126,4.8041296,-3.9589632,1981
11369,r3i1p1f1,1981,02,16,15.777428893871777,5.3495054,-0.13442238,1981
11370,r3i1p1f1,1981,02,17,0.0,9.397333,-4.970962,1981
11371,r3i1p1f1,1981,02,18,0.0,9.781517,-4.2988987,1981
11372,r3i1p1f1,1981,02,19,4.496115064677341,5.2963533,-3.521334,1981
11373,r3i1p1f1,1981,02,20,5.196936685483945,4.2853684,-2.6859014,1981
11374,r3i1p1f1,1981,02,21,1.2941708534383092,6.1818705,-1.7898998,1981
11375,r3i1p1f1,1981,02,22,0.6996885302597595,5.2119923,-2.4197881,1981
11376,r3i1p1f1,1981,02,23,0.0,9.557726,-3.3431966,1981
11377,r3i1p1f1,1981,02,24,0.0,12.611335,-2.527803,1981
11378,r3i1p1f1,1981,02,25,0.0,11.620063,0.46131027,1981
11379,r3i1p1f1,1981,02,26,1.0868268224026236,6.2239146,-6.185995,1981
11380,r3i1p1f1,1981,02,27,0.0,6.3831267,-7.49072,1981
11381,r3i1p1f1,1981,02,28,0.4283518208754494,4.223708,-7.0825005,1981
11382,r3i1p1f1,1981,03,01,0.0,5.1773157,-7.9897747,1981
11383,r3i1p1f1,1981,03,02,0.0,8.850185,-6.94204,1981
11384,r3i1p1f1,1981,03,03,0.0,14.376656,-0.9603028,1981
11385,r3i1p1f1,1981,03,04,0.0,16.195274,0.8128035,1981
11386,r3i1p1f1,1981,03,05,0.0,16.2697,0.13854016,1981
11387,r3i1p1f1,1981,03,06,0.0,15.089223,0.9749128,1981
11388,r3i1p1f1,1981,03,07,42.280323636767115,10.480172,-0.83505476,1981
11389,r3i1p1f1,1981,03,08,24.004886946395825,2.914917,-3.0945046,1981
11390,r3i1p1f1,1981,03,09,24.449896958877186,2.4996996,-1.7129608,1981
11391,r3i1p1f1,1981,03,10,0.0,3.6832383,-9.015579,1981
11392,r3i1p1f1,1981,03,11,11.143377928697431,0.051352993,-8.090517,1981
11393,r3i1p1f1,1981,03,12,0.0,6.3498826,-10.814648,1981
11394,r3i1p1f1,1981,03,13,0.0,9.321363,-9.245096,1981
11395,r3i1p1f1,1981,03,14,0.0,9.6968775,-4.1299076,1981
11396,r3i1p1f1,1981,03,15,0.0,15.840533,1.5834844,1981
11397,r3i1p1f1,1981,03,16,0.0,16.997103,3.302806,1981
11398,r3i1p1f1,1981,03,17,0.0,18.669388,5.870291,1981
11399,r3i1p1f1,1981,03,18,18.88136149776217,13.316073,5.8465943,1981
11400,r3i1p1f1,1981,03,19,0.0,10.356137,-3.177012,1981
11401,r3i1p1f1,1981,03,20,4.898540530963433,6.141453,-4.5512676,1981
11402,r3i1p1f1,1981,03,21,58.48808720413791,3.8589709,-0.022366172,1981
11403,r3i1p1f1,1981,03,22,17.979277438778233,5.9932146,-3.1690867,1981
11404,r3i1p1f1,1981,03,23,5.485468230242412,6.8844237,-1.7395757,1981
11405,r3i1p1f1,1981,03,24,16.16109839064608,8.889289,3.2146516,1981
11406,r3i1p1f1,1981,03,25,10.850666547393255,8.173897,2.9341736,1981
11407,r3i1p1f1,1981,03,26,9.254368017795251,12.067313,1.4655893,1981
11408,r3i1p1f1,1981,03,27,58.729312340974026,13.298592,2.836789,1981
11409,r3i1p1f1,1981,03,28,0.0,19.869658,4.1609836,1981
11410,r3i1p1f1,1981,03,29,0.0,19.158405,6.066817,1981
11411,r3i1p1f1,1981,03,30,9.073960706652878,14.572451,3.9771905,1981
11412,r3i1p1f1,1981,03,31,0.0,19.863844,3.2903082,1981
11413,r3i1p1f1,1981,04,01,0.0,20.597717,3.8565073,1981
11414,r3i1p1f1,1981,04,02,0.8057826906128627,19.399603,5.113178,1981
11415,r3i1p1f1,1981,04,03,5.381888113132797,8.024926,-2.7005448,1981
11416,r3i1p1f1,1981,04,04,0.036942089699502835,10.466148,-2.66034,1981
11417,r3i1p1f1,1981,04,05,0.0,17.155207,1.0051537,1981
11418,r3i1p1f1,1981,04,06,0.0,17.62651,2.2765632,1981
11419,r3i1p1f1,1981,04,07,12.213983993340088,14.0769825,1.2389956,1981
11420,r3i1p1f1,1981,04,08,14.610069023604554,7.262876,-2.4524841,1981
11421,r3i1p1f1,1981,04,09,0.0,13.647868,0.7259046,1981
11422,r3i1p1f1,1981,04,10,0.0,13.289418,-1.9883295,1981
11423,r3i1p1f1,1981,04,11,5.234225469891833,10.045265,-3.6560433,1981
11424,r3i1p1f1,1981,04,12,0.0,16.873552,1.4272554,1981
11425,r3i1p1f1,1981,04,13,0.0,21.07533,4.171784,1981
11426,r3i1p1f1,1981,04,14,0.0,23.090494,5.831718,1981
11427,r3i1p1f1,1981,04,15,0.0,21.957115,6.16003,1981
11428,r3i1p1f1,1981,04,16,0.2846937770587637,19.769787,8.088083,1981
11429,r3i1p1f1,1981,04,17,0.50772609277996,15.809274,3.1802127,1981
11430,r3i1p1f1,1981,04,18,0.0,15.178308,-0.79187053,1981
11431,r3i1p1f1,1981,04,19,0.0,14.162298,-0.64958847,1981
11432,r3i1p1f1,1981,04,20,0.19157571391827477,12.08241,-0.25013742,1981
11433,r3i1p1f1,1981,04,21,1.961683624329836,13.257751,-0.9420338,1981
11434,r3i1p1f1,1981,04,22,7.057197088024144,9.9786215,1.4116073,1981
11435,r3i1p1f1,1981,04,23,28.962707666582183,7.873286,1.6287147,1981
11436,r3i1p1f1,1981,04,24,9.025641168821158,6.3998985,-4.229343,1981
11437,r3i1p1f1,1981,04,25,0.0,13.38841,-1.881321,1981
11438,r3i1p1f1,1981,04,26,5.17123057824823,12.211473,0.37132892,1981
11439,r3i1p1f1,1981,04,27,10.403958779275662,11.002792,1.2883898,1981
11440,r3i1p1f1,1981,04,28,1.2091726923245005,13.170021,-0.28804317,1981
11441,r3i1p1f1,1981,04,29,0.0,15.773325,5.8698845,1981
11442,r3i1p1f1,1981,04,30,0.0,17.694225,2.554824,1981
11443,r3i1p1f1,1981,05,01,0.7835005649069086,14.106063,1.8334023,1981
11444,r3i1p1f1,1981,05,02,0.0,16.029863,1.0613039,1981
11445,r3i1p1f1,1981,05,03,0.0,17.376888,2.8892367,1981
11446,r3i1p1f1,1981,05,04,0.0,20.2359,4.5123744,1981
11447,r3i1p1f1,1981,05,05,0.0,20.94452,6.089362,1981
11448,r3i1p1f1,1981,05,06,0.0,20.139957,7.412135,1981
11449,r3i1p1f1,1981,05,07,0.0,15.640084,4.508969,1981
11450,r3i1p1f1,1981,05,08,0.0,21.52942,4.2246,1981
11451,r3i1p1f1,1981,05,09,0.0,23.115353,7.885628,1981
11452,r3i1p1f1,1981,05,10,0.0,23.383053,7.3557634,1981
11453,r3i1p1f1,1981,05,11,0.041066617881082686,20.62677,9.766931,1981
11454,r3i1p1f1,1981,05,12,0.0,21.241634,6.9420905,1981
11455,r3i1p1f1,1981,05,13,0.0,22.29501,6.895791,1981
11456,r3i1p1f1,1981,05,14,0.0,23.81232,7.018686,1981
11457,r3i1p1f1,1981,05,15,0.0,24.160748,8.739063,1981
11458,r3i1p1f1,1981,05,16,0.0,23.252796,8.170933,1981
11459,r3i1p1f1,1981,05,17,0.02506705018995011,21.44312,8.082413,1981
11460,r3i1p1f1,1981,05,18,0.0,22.329601,6.919428,1981
11461,r3i1p1f1,1981,05,19,0.0,21.343388,7.459282,1981
11462,r3i1p1f1,1981,05,20,0.0,22.896826,6.438075,1981
11463,r3i1p1f1,1981,05,21,0.0,25.487074,8.378072,1981
11464,r3i1p1f1,1981,05,22,0.0,24.529837,9.537467,1981
11465,r3i1p1f1,1981,05,23,0.0,25.431906,7.890582,1981
11466,r3i1p1f1,1981,05,24,0.0,28.593576,9.633767,1981
11467,r3i1p1f1,1981,05,25,0.0,28.17778,13.681985,1981
11468,r3i1p1f1,1981,05,26,0.0,26.932549,10.903989,1981
11469,r3i1p1f1,1981,05,27,0.0,28.263887,11.408467,1981
11470,r3i1p1f1,1981,05,28,0.29566145033306,27.04924,12.178968,1981
11471,r3i1p1f1,1981,05,29,0.0,26.250761,11.2133665,1981
11472,r3i1p1f1,1981,05,30,2.9640125139466313,21.812614,8.347621,1981
11473,r3i1p1f1,1981,05,31,0.0,22.26849,10.45253,1981
11474,r3i1p1f1,1981,06,01,0.0,21.94583,7.2287555,1981
11475,r3i1p1f1,1981,06,02,0.0,20.174646,5.485649,1981
11476,r3i1p1f1,1981,06,03,0.350016482499134,12.277296,1.0987974,1981
11477,r3i1p1f1,1981,06,04,0.0,19.025412,2.7787309,1981
11478,r3i1p1f1,1981,06,05,0.0,24.831976,6.874028,1981
11479,r3i1p1f1,1981,06,06,0.0,25.701488,9.148428,1981
11480,r3i1p1f1,1981,06,07,0.0,25.44601,9.020007,1981
11481,r3i1p1f1,1981,06,08,0.0,18.356379,2.656665,1981
11482,r3i1p1f1,1981,06,09,0.6767977821781594,10.363531,-0.10548844,1981
11483,r3i1p1f1,1981,06,10,0.1705243311957211,13.835678,0.35926136,1981
11484,r3i1p1f1,1981,06,11,0.005381849692448189,16.5055,4.3054576,1981
11485,r3i1p1f1,1981,06,12,0.6795911441593873,15.435564,3.1680822,1981
11486,r3i1p1f1,1981,06,13,0.0964863550555157,14.926413,3.41227,1981
11487,r3i1p1f1,1981,06,14,0.0,17.846708,4.0141006,1981
11488,r3i1p1f1,1981,06,15,0.0,19.911371,3.5824387,1981
11489,r3i1p1f1,1981,06,16,0.0,19.059986,4.0572414,1981
11490,r3i1p1f1,1981,06,17,0.0,17.947273,4.4302645,1981
11491,r3i1p1f1,1981,06,18,0.010363986496629781,20.38729,6.6688957,1981
11492,r3i1p1f1,1981,06,19,0.0,25.72525,8.609733,1981
11493,r3i1p1f1,1981,06,20,0.0,29.161274,10.546158,1981
11494,r3i1p1f1,1981,06,21,0.0,30.608881,12.254184,1981
11495,r3i1p1f1,1981,06,22,0.0,29.814377,13.528576,1981
11496,r3i1p1f1,1981,06,23,0.0,27.09331,10.302436,1981
11497,r3i1p1f1,1981,06,24,0.0,25.60633,7.6871758,1981
11498,r3i1p1f1,1981,06,25,0.0,24.583017,7.054955,1981
11499,r3i1p1f1,1981,06,26,0.0,23.204916,7.412711,1981
11500,r3i1p1f1,1981,06,27,0.0,26.652075,9.979974,1981
11501,r3i1p1f1,1981,06,28,0.0,29.518486,12.564073,1981
11502,r3i1p1f1,1981,06,29,0.0,30.189465,13.482024,1981
11503,r3i1p1f1,1981,06,30,0.0,29.866488,13.226345,1981
11504,r3i1p1f1,1981,07,01,0.0,29.523989,11.337252,1981
11505,r3i1p1f1,1981,07,02,0.0,26.425678,11.478894,1981
11506,r3i1p1f1,1981,07,03,0.0,27.132742,9.846108,1981
11507,r3i1p1f1,1981,07,04,0.0,28.969484,10.796375,1981
11508,r3i1p1f1,1981,07,05,0.0,28.313864,11.879155,1981
11509,r3i1p1f1,1981,07,06,0.0,29.869947,11.932713,1981
11510,r3i1p1f1,1981,07,07,0.0,31.57648,13.952776,1981
11511,r3i1p1f1,1981,07,08,0.0,30.59748,13.829221,1981
11512,r3i1p1f1,1981,07,09,0.0,27.155563,11.490999,1981
11513,r3i1p1f1,1981,07,10,0.0,29.215303,10.889612,1981
11514,r3i1p1f1,1981,07,11,0.0,28.673016,13.240085,1981
11515,r3i1p1f1,1981,07,12,0.0,28.759384,10.8155365,1981
11516,r3i1p1f1,1981,07,13,0.0,33.020447,13.499462,1981
11517,r3i1p1f1,1981,07,14,0.0,35.131695,14.8931465,1981
11518,r3i1p1f1,1981,07,15,0.0,34.735878,17.712582,1981
11519,r3i1p1f1,1981,07,16,0.0,32.547703,14.809639,1981
11520,r3i1p1f1,1981,07,17,0.0,27.10326,9.794417,1981
11521,r3i1p1f1,1981,07,18,0.0,22.356207,7.6515293,1981
11522,r3i1p1f1,1981,07,19,0.0,24.931728,9.471567,1981
11523,r3i1p1f1,1981,07,20,0.0,28.894506,11.785756,1981
11524,r3i1p1f1,1981,07,21,0.0,30.928308,13.1298275,1981
11525,r3i1p1f1,1981,07,22,0.0,30.816341,15.047037,1981
11526,r3i1p1f1,1981,07,23,0.0,29.689833,13.869399,1981
11527,r3i1p1f1,1981,07,24,0.0,27.585386,11.230419,1981
11528,r3i1p1f1,1981,07,25,0.0,27.478651,10.998143,1981
11529,r3i1p1f1,1981,07,26,0.0,29.005692,11.254898,1981
11530,r3i1p1f1,1981,07,27,0.0,31.256964,12.702135,1981
11531,r3i1p1f1,1981,07,28,0.0,31.379017,13.7518835,1981
11532,r3i1p1f1,1981,07,29,0.0,30.762314,12.959974,1981
11533,r3i1p1f1,1981,07,30,0.0,29.851004,13.0050335,1981
11534,r3i1p1f1,1981,07,31,0.0,28.145102,13.732545,1981
11535,r3i1p1f1,1981,08,01,0.0,25.416115,9.987303,1981
11536,r3i1p1f1,1981,08,02,0.0,23.15484,6.5266337,1981
11537,r3i1p1f1,1981,08,03,0.0,23.588097,7.0717115,1981
11538,r3i1p1f1,1981,08,04,0.0,22.692986,7.438353,1981
11539,r3i1p1f1,1981,08,05,0.0,21.365204,6.2304463,1981
11540,r3i1p1f1,1981,08,06,0.0,25.39165,7.8212204,1981
11541,r3i1p1f1,1981,08,07,0.0,26.038406,9.844182,1981
11542,r3i1p1f1,1981,08,08,0.0,26.42634,9.793847,1981
11543,r3i1p1f1,1981,08,09,0.0,27.51559,9.979438,1981
11544,r3i1p1f1,1981,08,10,0.0,27.54391,10.653701,1981
11545,r3i1p1f1,1981,08,11,0.0,26.646513,11.184137,1981
11546,r3i1p1f1,1981,08,12,0.0,28.040672,10.920895,1981
11547,r3i1p1f1,1981,08,13,0.0,29.636936,12.720296,1981
11548,r3i1p1f1,1981,08,14,0.12726618278018004,29.969091,14.304587,1981
11549,r3i1p1f1,1981,08,15,0.656120551406945,29.47391,15.461148,1981
11550,r3i1p1f1,1981,08,16,0.010462115632866411,26.695702,12.530824,1981
11551,r3i1p1f1,1981,08,17,0.10252135245153975,23.425964,8.522237,1981
11552,r3i1p1f1,1981,08,18,0.033164838226328264,25.922024,8.039679,1981
11553,r3i1p1f1,1981,08,19,0.0,28.600727,10.428747,1981
11554,r3i1p1f1,1981,08,20,0.0,28.364088,11.902229,1981
11555,r3i1p1f1,1981,08,21,0.0,29.109127,11.991349,1981
11556,r3i1p1f1,1981,08,22,0.0,32.1813,14.331038,1981
11557,r3i1p1f1,1981,08,23,0.0,31.567356,15.301257,1981
11558,r3i1p1f1,1981,08,24,0.0,30.946516,14.856992,1981
11559,r3i1p1f1,1981,08,25,0.0,32.26318,15.051531,1981
11560,r3i1p1f1,1981,08,26,0.0,32.44165,15.290642,1981
11561,r3i1p1f1,1981,08,27,0.0036305472205736137,32.368004,15.958951,1981
11562,r3i1p1f1,1981,08,28,0.0,31.258469,14.414125,1981
11563,r3i1p1f1,1981,08,29,0.008424225042721159,29.035147,12.569514,1981
11564,r3i1p1f1,1981,08,30,0.0,28.483236,12.442729,1981
11565,r3i1p1f1,1981,08,31,0.0,24.861809,9.420059,1981
11566,r3i1p1f1,1981,09,01,0.0,25.139778,11.785544,1981
11567,r3i1p1f1,1981,09,02,0.0,26.252672,9.779658,1981
11568,r3i1p1f1,1981,09,03,0.0,25.805689,9.087358,1981
11569,r3i1p1f1,1981,09,04,0.0,23.40732,7.820204,1981
11570,r3i1p1f1,1981,09,05,0.0,26.485453,9.4674015,1981
11571,r3i1p1f1,1981,09,06,0.0,27.503521,11.264692,1981
11572,r3i1p1f1,1981,09,07,0.0,28.754276,11.894235,1981
11573,r3i1p1f1,1981,09,08,0.0,30.434937,11.923381,1981
11574,r3i1p1f1,1981,09,09,0.0,29.554771,13.765285,1981
11575,r3i1p1f1,1981,09,10,0.0,26.462202,12.786959,1981
11576,r3i1p1f1,1981,09,11,0.0,22.414454,6.9247394,1981
11577,r3i1p1f1,1981,09,12,0.03451531433950693,23.374254,8.985824,1981
11578,r3i1p1f1,1981,09,13,0.07259152775268855,13.620773,4.4462986,1981
11579,r3i1p1f1,1981,09,14,0.0,18.56739,4.5668306,1981
11580,r3i1p1f1,1981,09,15,0.0,21.067827,5.7474318,1981
11581,r3i1p1f1,1981,09,16,0.0,23.18209,7.3406367,1981
11582,r3i1p1f1,1981,09,17,0.0,22.791561,7.240158,1981
11583,r3i1p1f1,1981,09,18,0.07587081774162423,16.330217,3.1876729,1981
11584,r3i1p1f1,1981,09,19,0.017953507267520763,11.135922,-0.16050111,1981
11585,r3i1p1f1,1981,09,20,8.431507541459531,10.744179,-0.39037555,1981
11586,r3i1p1f1,1981,09,21,0.9017604905310643,12.416075,3.6397402,1981
11587,r3i1p1f1,1981,09,22,0.0,18.921198,2.186181,1981
11588,r3i1p1f1,1981,09,23,0.0,18.823189,4.3066006,1981
11589,r3i1p1f1,1981,09,24,0.0,17.09931,4.5581474,1981
11590,r3i1p1f1,1981,09,25,0.0,16.951464,1.6176735,1981
11591,r3i1p1f1,1981,09,26,0.0,19.158356,2.889994,1981
11592,r3i1p1f1,1981,09,27,0.0,18.940283,5.321189,1981
11593,r3i1p1f1,1981,09,28,0.0,16.788664,1.4529021,1981
11594,r3i1p1f1,1981,09,29,0.0,14.043506,2.8715284,1981
11595,r3i1p1f1,1981,09,30,0.0034905539666253483,13.326686,1.7938275,1981
11596,r3i1p1f1,1981,10,01,1.1521065104118047,12.358517,-0.43669745,1981
11597,r3i1p1f1,1981,10,02,0.0,12.57527,1.2482982,1981
11598,r3i1p1f1,1981,10,03,0.34266483856443203,11.94329,1.607173,1981
11599,r3i1p1f1,1981,10,04,0.0,19.246124,1.2160965,1981
11600,r3i1p1f1,1981,10,05,0.0,20.333178,4.2024555,1981
11601,r3i1p1f1,1981,10,06,4.434886183700751,22.043385,9.371545,1981
11602,r3i1p1f1,1981,10,07,0.5960799862422343,18.195816,3.2313151,1981
11603,r3i1p1f1,1981,10,08,0.0,17.363794,1.5287123,1981
11604,r3i1p1f1,1981,10,09,0.0,17.136665,2.3381186,1981
11605,r3i1p1f1,1981,10,10,0.0,16.008795,0.096123114,1981
11606,r3i1p1f1,1981,10,11,0.0,16.473646,3.6859791,1981
11607,r3i1p1f1,1981,10,12,0.0004560793106640248,18.606668,3.3469722,1981
11608,r3i1p1f1,1981,10,13,0.0,19.836306,4.766712,1981
11609,r3i1p1f1,1981,10,14,0.0,22.29631,5.8716774,1981
11610,r3i1p1f1,1981,10,15,0.0,23.529663,6.9133744,1981
11611,r3i1p1f1,1981,10,16,0.0,24.98683,7.0431366,1981
11612,r3i1p1f1,1981,10,17,0.0,24.358734,8.093569,1981
11613,r3i1p1f1,1981,10,18,0.0,24.541077,6.8900175,1981
11614,r3i1p1f1,1981,10,19,0.0,24.988163,8.374174,1981
11615,r3i1p1f1,1981,10,20,0.0,24.524843,9.33979,1981
11616,r3i1p1f1,1981,10,21,0.0,23.176771,8.646879,1981
11617,r3i1p1f1,1981,10,22,0.0,25.31929,7.599062,1981
11618,r3i1p1f1,1981,10,23,0.0,26.062346,9.671202,1981
11619,r3i1p1f1,1981,10,24,0.0,24.925552,8.580182,1981
11620,r3i1p1f1,1981,10,25,0.0,23.461025,9.780606,1981
11621,r3i1p1f1,1981,10,26,0.0,21.511238,6.617807,1981
11622,r3i1p1f1,1981,10,27,0.0,20.801262,5.5243387,1981
11623,r3i1p1f1,1981,10,28,0.0,21.059032,6.7764626,1981
11624,r3i1p1f1,1981,10,29,0.05255229859334289,19.724812,8.2590065,1981
11625,r3i1p1f1,1981,10,30,0.7513788061547338,16.14244,7.517767,1981
11626,r3i1p1f1,1981,10,31,0.0,20.93109,3.7748249,1981
11627,r3i1p1f1,1981,11,01,0.0,23.025871,5.181686,1981
11628,r3i1p1f1,1981,11,02,0.0,21.294313,6.1803136,1981
11629,r3i1p1f1,1981,11,03,0.0,20.244358,5.4295797,1981
11630,r3i1p1f1,1981,11,04,0.0,18.725302,3.6770403,1981
11631,r3i1p1f1,1981,11,05,0.0,20.59196,3.570876,1981
11632,r3i1p1f1,1981,11,06,0.0,18.209951,6.4719777,1981
11633,r3i1p1f1,1981,11,07,5.1891806275786,9.492996,2.7360668,1981
11634,r3i1p1f1,1981,11,08,0.4229117548292331,16.11378,5.606141,1981
11635,r3i1p1f1,1981,11,09,0.0,18.419693,4.121628,1981
11636,r3i1p1f1,1981,11,10,0.03379279775177374,17.719666,6.1659656,1981
11637,r3i1p1f1,1981,11,11,9.408096515567435,16.445885,7.509248,1981
11638,r3i1p1f1,1981,11,12,7.133328691538497,14.664048,6.5600767,1981
11639,r3i1p1f1,1981,11,13,0.0,16.894258,3.4923549,1981
11640,r3i1p1f1,1981,11,14,0.0,16.766174,5.035653,1981
11641,r3i1p1f1,1981,11,15,0.0022048061126904365,16.765694,7.3689837,1981
11642,r3i1p1f1,1981,11,16,31.756116664282192,13.209811,5.1277575,1981
11643,r3i1p1f1,1981,11,17,0.0,15.191126,1.9695871,1981
11644,r3i1p1f1,1981,11,18,0.0,17.616224,2.64281,1981
11645,r3i1p1f1,1981,11,19,0.0,16.54156,5.027145,1981
11646,r3i1p1f1,1981,11,20,0.0,14.662175,2.4256818,1981
11647,r3i1p1f1,1981,11,21,0.0,14.51695,0.3083831,1981
11648,r3i1p1f1,1981,11,22,0.0,17.35604,2.1287453,1981
11649,r3i1p1f1,1981,11,23,0.0,20.454245,3.5000508,1981
11650,r3i1p1f1,1981,11,24,0.0,18.395288,3.9906023,1981
11651,r3i1p1f1,1981,11,25,0.0,15.323768,4.1128826,1981
11652,r3i1p1f1,1981,11,26,0.0,17.347044,2.7578866,1981
11653,r3i1p1f1,1981,11,27,0.0,17.310722,4.1659055,1981
11654,r3i1p1f1,1981,11,28,0.0,18.983418,4.57839,1981
11655,r3i1p1f1,1981,11,29,0.0,18.63713,5.112445,1981
11656,r3i1p1f1,1981,11,30,0.2268450728718706,15.76896,5.21542,1981
11657,r3i1p1f1,1981,12,01,39.88342817235542,8.293315,1.3566785,1981
11658,r3i1p1f1,1981,12,02,9.185671578100147,3.9711585,-2.5847824,1981
11659,r3i1p1f1,1981,12,03,2.508683921424611,4.226877,-2.1324134,1981
11660,r3i1p1f1,1981,12,04,0.0,7.7095213,-3.41892,1981
11661,r3i1p1f1,1981,12,05,0.0,8.840598,-2.207339,1981
11662,r3i1p1f1,1981,12,06,6.6882930588403005,4.674997,-5.2765346,1981
11663,r3i1p1f1,1981,12,07,40.632347595926966,1.335274,-3.2892034,1981
11664,r3i1p1f1,1981,12,08,19.482201236104103,1.918706,-2.2100434,1981
11665,r3i1p1f1,1981,12,09,0.0,5.482318,-7.4452605,1981
11666,r3i1p1f1,1981,12,10,0.0,3.3104618,-9.443286,1981
11667,r3i1p1f1,1981,12,11,2.6202854159285045,0.9351393,-11.5468235,1981
11668,r3i1p1f1,1981,12,12,28.978517040071125,2.5263236,-3.484918,1981
11669,r3i1p1f1,1981,12,13,1.5010554906391342,3.7494462,-1.4576616,1981
11670,r3i1p1f1,1981,12,14,1.0671030708755624,11.032821,0.58182657,1981
11671,r3i1p1f1,1981,12,15,0.0,9.317177,-1.9662293,1981
11672,r3i1p1f1,1981,12,16,2.0600456786747885,4.0780683,-3.417215,1981
11673,r3i1p1f1,1981,12,17,0.0,9.063527,-2.6341074,1981
11674,r3i1p1f1,1981,12,18,0.0,6.8150053,-5.863318,1981
11675,r3i1p1f1,1981,12,19,0.0,4.095857,-7.4569983,1981
11676,r3i1p1f1,1981,12,20,0.0,5.5516167,-7.6256523,1981
11677,r3i1p1f1,1981,12,21,0.0,6.923493,-7.4527903,1981
11678,r3i1p1f1,1981,12,22,0.018551935696259056,6.335888,-3.4216623,1981
11679,r3i1p1f1,1981,12,23,0.0,10.705959,-0.87187034,1981
11680,r3i1p1f1,1981,12,24,3.2246386597092314,9.816573,3.3512847,1981
11681,r3i1p1f1,1981,12,25,36.99023774151053,6.885614,2.1215978,1981
11682,r3i1p1f1,1981,12,26,9.663242851437596,6.501099,-3.6060853,1981
11683,r3i1p1f1,1981,12,27,55.35886829816982,4.8522267,-0.5684918,1981
11684,r3i1p1f1,1981,12,28,54.187878667327915,8.025987,-3.219657,1981
11685,r3i1p1f1,1981,12,29,7.596075971914137,0.6001741,-6.9612265,1981
11686,r3i1p1f1,1981,12,30,0.0,4.7663536,-4.3111978,1981
11687,r3i1p1f1,1981,12,31,18.05682627018541,3.1459167,-2.2677379,1981
11688,r3i1p1f1,1982,01,01,0.0,6.534454,-6.5478926,1982
11689,r3i1p1f1,1982,01,02,0.0,8.609419,-3.6211398,1982
11690,r3i1p1f1,1982,01,03,0.0,7.9472923,-4.7615,1982
11691,r3i1p1f1,1982,01,04,0.0,10.005453,-3.1353383,1982
11692,r3i1p1f1,1982,01,05,0.0,10.290558,1.4429882,1982
11693,r3i1p1f1,1982,01,06,5.824969060593407,4.679103,-0.40628815,1982
11694,r3i1p1f1,1982,01,07,13.898885674701122,4.7608633,-0.22009134,1982
11695,r3i1p1f1,1982,01,08,6.362451963382466,7.8055363,-1.9347422,1982
11696,r3i1p1f1,1982,01,09,0.0,11.728682,0.25620636,1982
11697,r3i1p1f1,1982,01,10,0.0,12.38436,0.27264994,1982
11698,r3i1p1f1,1982,01,11,0.0,12.493167,-0.3655727,1982
11699,r3i1p1f1,1982,01,12,0.0,11.123947,-0.3546001,1982
11700,r3i1p1f1,1982,01,13,0.0,7.9993167,-2.0017288,1982
11701,r3i1p1f1,1982,01,14,0.0,5.6152115,-4.299031,1982
11702,r3i1p1f1,1982,01,15,0.0,6.392151,-4.520286,1982
11703,r3i1p1f1,1982,01,16,0.7465330436437063,7.220493,-3.5273333,1982
11704,r3i1p1f1,1982,01,17,12.497452087700367,5.8544507,-1.5732737,1982
11705,r3i1p1f1,1982,01,18,30.26528633199632,5.374624,0.51101726,1982
11706,r3i1p1f1,1982,01,19,22.815785532523144,7.392058,0.60141236,1982
11707,r3i1p1f1,1982,01,20,18.719614041612274,6.0502205,1.9711474,1982
11708,r3i1p1f1,1982,01,21,32.14725372013881,5.999606,0.5938856,1982
11709,r3i1p1f1,1982,01,22,56.467760427805935,11.205972,-0.0077438504,1982
11710,r3i1p1f1,1982,01,23,13.509495225643102,1.1904777,-5.084322,1982
11711,r3i1p1f1,1982,01,24,0.0,6.1580276,-8.330462,1982
11712,r3i1p1f1,1982,01,25,0.0,5.2283163,-8.377151,1982
11713,r3i1p1f1,1982,01,26,0.0,6.629215,-7.557911,1982
11714,r3i1p1f1,1982,01,27,8.872331342794688,2.4905686,-8.420753,1982
11715,r3i1p1f1,1982,01,28,23.305843440864823,3.4455338,-1.5946485,1982
11716,r3i1p1f1,1982,01,29,35.670513194054365,4.340879,0.873245,1982
11717,r3i1p1f1,1982,01,30,18.706291146870505,5.997216,-0.8184378,1982
11718,r3i1p1f1,1982,01,31,41.030283978110866,8.42547,-0.531323,1982
11719,r3i1p1f1,1982,02,01,47.67937766339042,8.112144,-1.0599962,1982
11720,r3i1p1f1,1982,02,02,0.004985211508985805,5.6304064,-9.498203,1982
11721,r3i1p1f1,1982,02,03,10.147998459931268,0.41236898,-7.0427794,1982
11722,r3i1p1f1,1982,02,04,18.969833543891774,1.974719,-3.3342655,1982
11723,r3i1p1f1,1982,02,05,42.296358678293856,4.85662,-1.0874838,1982
11724,r3i1p1f1,1982,02,06,3.001348801128762,7.0351124,-0.5346386,1982
11725,r3i1p1f1,1982,02,07,15.61441302121813,7.4707026,3.1364548,1982
11726,r3i1p1f1,1982,02,08,0.0,11.624954,-1.1816713,1982
11727,r3i1p1f1,1982,02,09,0.0,12.373427,-0.5105256,1982
11728,r3i1p1f1,1982,02,10,0.0,11.433228,-1.1193007,1982
11729,r3i1p1f1,1982,02,11,0.0,10.973749,-2.397282,1982
11730,r3i1p1f1,1982,02,12,0.0,14.896321,0.17853093,1982
11731,r3i1p1f1,1982,02,13,0.0,17.1499,0.9680374,1982
11732,r3i1p1f1,1982,02,14,0.0,14.582738,0.72252214,1982
11733,r3i1p1f1,1982,02,15,1.8420272620125233,6.2644515,-5.0471325,1982
11734,r3i1p1f1,1982,02,16,0.0,7.7437687,-4.6665297,1982
11735,r3i1p1f1,1982,02,17,0.0,9.197399,-4.308809,1982
11736,r3i1p1f1,1982,02,18,0.0,11.029645,-2.8540606,1982
11737,r3i1p1f1,1982,02,19,0.0,11.149429,-2.504952,1982
11738,r3i1p1f1,1982,02,20,0.0,11.2181015,-2.5978417,1982
11739,r3i1p1f1,1982,02,21,0.0,11.1792345,-2.4751413,1982
11740,r3i1p1f1,1982,02,22,0.0,13.392622,-0.26877278,1982
11741,r3i1p1f1,1982,02,23,0.30241787566123285,13.203114,0.61304,1982
11742,r3i1p1f1,1982,02,24,0.0,15.541813,1.8692508,1982
11743,r3i1p1f1,1982,02,25,29.786704642404068,11.950822,-0.0060406956,1982
11744,r3i1p1f1,1982,02,26,14.838624026895943,0.37571153,-5.374563,1982
11745,r3i1p1f1,1982,02,27,17.90158990586765,0.94959116,-4.1049056,1982
11746,r3i1p1f1,1982,02,28,1.4805144511659531,2.291563,-5.5069447,1982
11747,r3i1p1f1,1982,03,01,3.233765539334854,4.696552,-2.2557008,1982
11748,r3i1p1f1,1982,03,02,0.0,10.955228,-4.7308807,1982
11749,r3i1p1f1,1982,03,03,0.0,9.655329,-4.5177608,1982
11750,r3i1p1f1,1982,03,04,0.0,11.171357,-2.990822,1982
11751,r3i1p1f1,1982,03,05,0.0,12.782949,-2.9226007,1982
11752,r3i1p1f1,1982,03,06,0.0,14.119194,0.13541727,1982
11753,r3i1p1f1,1982,03,07,0.0,16.38579,0.77079016,1982
11754,r3i1p1f1,1982,03,08,0.0,17.28065,0.99946225,1982
11755,r3i1p1f1,1982,03,09,0.0,16.293068,1.9399797,1982
11756,r3i1p1f1,1982,03,10,1.7901732149000869,11.92815,3.723831,1982
11757,r3i1p1f1,1982,03,11,16.19891520883692,7.14101,-0.3552264,1982
11758,r3i1p1f1,1982,03,12,31.583610928837995,6.026204,-0.034524005,1982
11759,r3i1p1f1,1982,03,13,51.511003258392996,6.6147003,1.7062615,1982
11760,r3i1p1f1,1982,03,14,0.0,11.739181,-2.4837625,1982
11761,r3i1p1f1,1982,03,15,9.843132813693956,8.302931,2.0240138,1982
11762,r3i1p1f1,1982,03,16,81.80275617265387,10.03912,3.4993398,1982
11763,r3i1p1f1,1982,03,17,36.219856971384665,8.423517,3.774218,1982
11764,r3i1p1f1,1982,03,18,4.409655442730965,7.763846,2.3223839,1982
11765,r3i1p1f1,1982,03,19,1.7766096053635825,11.045663,-2.0770428,1982
11766,r3i1p1f1,1982,03,20,0.0,15.767959,1.329236,1982
11767,r3i1p1f1,1982,03,21,0.0,18.884054,2.5424957,1982
11768,r3i1p1f1,1982,03,22,0.0,19.82042,4.3814306,1982
11769,r3i1p1f1,1982,03,23,0.0,19.409733,5.905367,1982
11770,r3i1p1f1,1982,03,24,0.11962033761512048,18.354212,6.0282483,1982
11771,r3i1p1f1,1982,03,25,4.509843298001215,10.318495,2.8486981,1982
11772,r3i1p1f1,1982,03,26,0.0,12.226456,-0.86408865,1982
11773,r3i1p1f1,1982,03,27,0.0,16.65527,0.043363098,1982
11774,r3i1p1f1,1982,03,28,0.0,16.485415,0.7704139,1982
11775,r3i1p1f1,1982,03,29,0.0,14.798563,5.6920156,1982
11776,r3i1p1f1,1982,03,30,0.16568803456673203,8.637871,2.0502365,1982
11777,r3i1p1f1,1982,03,31,0.012115747277245023,15.636469,2.4116433,1982
11778,r3i1p1f1,1982,04,01,0.0,15.251774,2.9188712,1982
11779,r3i1p1f1,1982,04,02,0.0,14.618039,0.45166063,1982
11780,r3i1p1f1,1982,04,03,0.0,19.189137,1.8206359,1982
11781,r3i1p1f1,1982,04,04,0.0,21.95736,3.893747,1982
11782,r3i1p1f1,1982,04,05,0.0,21.530355,8.576882,1982
11783,r3i1p1f1,1982,04,06,14.207622368427876,14.667887,3.1964746,1982
11784,r3i1p1f1,1982,04,07,15.038491113993683,7.443169,1.4546438,1982
11785,r3i1p1f1,1982,04,08,0.3577103245477606,12.0148115,-0.24779816,1982
11786,r3i1p1f1,1982,04,09,25.798414286078984,7.553657,-3.728484,1982
11787,r3i1p1f1,1982,04,10,0.4709737195011449,3.4932337,-4.3703794,1982
11788,r3i1p1f1,1982,04,11,6.093760123353843,4.6708913,-2.4885106,1982
11789,r3i1p1f1,1982,04,12,0.0,15.487671,-0.9435625,1982
11790,r3i1p1f1,1982,04,13,0.0,21.157278,3.5606422,1982
11791,r3i1p1f1,1982,04,14,0.0,21.876207,6.477621,1982
11792,r3i1p1f1,1982,04,15,0.0,22.36826,7.6659565,1982
11793,r3i1p1f1,1982,04,16,0.0,21.703323,6.4802575,1982
11794,r3i1p1f1,1982,04,17,0.0,18.45343,4.6771936,1982
11795,r3i1p1f1,1982,04,18,0.0,18.308191,6.052167,1982
11796,r3i1p1f1,1982,04,19,13.561655502340535,14.626067,0.9050177,1982
11797,r3i1p1f1,1982,04,20,6.7554756803713785,7.5677266,-2.9120965,1982
11798,r3i1p1f1,1982,04,21,9.463493543444201,7.8662233,-0.7807051,1982
11799,r3i1p1f1,1982,04,22,4.8108896423639775,7.14823,-0.5908644,1982
11800,r3i1p1f1,1982,04,23,24.812109167319967,9.237284,0.7710895,1982
11801,r3i1p1f1,1982,04,24,0.0,15.811401,1.510064,1982
11802,r3i1p1f1,1982,04,25,0.0,19.912321,2.7884412,1982
11803,r3i1p1f1,1982,04,26,0.0,22.395157,5.5982666,1982
11804,r3i1p1f1,1982,04,27,0.0,21.902365,6.4192266,1982
11805,r3i1p1f1,1982,04,28,0.2810253431418555,18.597988,6.872203,1982
11806,r3i1p1f1,1982,04,29,0.0,13.884903,2.3094003,1982
11807,r3i1p1f1,1982,04,30,0.0,18.093369,2.45371,1982
11808,r3i1p1f1,1982,05,01,0.0,20.307577,4.6259775,1982
11809,r3i1p1f1,1982,05,02,0.0,23.609606,6.415853,1982
11810,r3i1p1f1,1982,05,03,0.0,23.203838,6.919824,1982
11811,r3i1p1f1,1982,05,04,0.0,20.311937,7.644062,1982
11812,r3i1p1f1,1982,05,05,0.0,16.40196,6.915154,1982
11813,r3i1p1f1,1982,05,06,0.0,20.42142,3.360635,1982
11814,r3i1p1f1,1982,05,07,0.0,22.19487,5.318433,1982
11815,r3i1p1f1,1982,05,08,0.14784377484542538,19.209864,6.668211,1982
11816,r3i1p1f1,1982,05,09,0.0,17.541283,3.0945826,1982
11817,r3i1p1f1,1982,05,10,0.0,22.760738,5.9737425,1982
11818,r3i1p1f1,1982,05,11,0.0,26.40088,8.363231,1982
11819,r3i1p1f1,1982,05,12,0.0,27.289497,10.346017,1982
11820,r3i1p1f1,1982,05,13,0.0,28.787626,12.201067,1982
11821,r3i1p1f1,1982,05,14,0.0,28.420912,11.710795,1982
11822,r3i1p1f1,1982,05,15,0.0,25.44059,9.997106,1982
11823,r3i1p1f1,1982,05,16,0.0,20.546688,7.1526036,1982
11824,r3i1p1f1,1982,05,17,3.3390339968287948,15.93153,3.6888697,1982
11825,r3i1p1f1,1982,05,18,0.0,22.994806,4.662017,1982
11826,r3i1p1f1,1982,05,19,0.0,23.188982,7.2168036,1982
11827,r3i1p1f1,1982,05,20,0.0,21.725916,8.102156,1982
11828,r3i1p1f1,1982,05,21,0.0,24.856165,7.676987,1982
11829,r3i1p1f1,1982,05,22,0.0,28.53186,10.935672,1982
11830,r3i1p1f1,1982,05,23,0.0,30.550472,12.061394,1982
11831,r3i1p1f1,1982,05,24,0.0,30.050682,13.812647,1982
11832,r3i1p1f1,1982,05,25,0.0,26.301662,11.795448,1982
11833,r3i1p1f1,1982,05,26,9.116168539721434,17.519535,4.359186,1982
11834,r3i1p1f1,1982,05,27,21.793454452907962,9.335525,2.8407602,1982
11835,r3i1p1f1,1982,05,28,0.9225806802197966,13.413526,-0.09012287,1982
11836,r3i1p1f1,1982,05,29,0.0,15.296599,3.655913,1982
11837,r3i1p1f1,1982,05,30,0.5157675501921307,13.670238,2.5046372,1982
11838,r3i1p1f1,1982,05,31,16.285191832330863,7.365417,-0.47373086,1982
11839,r3i1p1f1,1982,06,01,23.22332880116607,6.645081,-0.101750605,1982
11840,r3i1p1f1,1982,06,02,14.697727557320736,5.4907484,-0.5685183,1982
11841,r3i1p1f1,1982,06,03,0.38805927313086086,10.467074,-3.4579375,1982
11842,r3i1p1f1,1982,06,04,0.0,17.572094,0.8376162,1982
11843,r3i1p1f1,1982,06,05,0.0,19.041016,3.232726,1982
11844,r3i1p1f1,1982,06,06,0.9265861442767537,16.862585,4.426046,1982
11845,r3i1p1f1,1982,06,07,2.6866599360035157,11.082631,2.9453518,1982
11846,r3i1p1f1,1982,06,08,0.0,14.454882,2.748905,1982
11847,r3i1p1f1,1982,06,09,0.0,15.942154,2.9014673,1982
11848,r3i1p1f1,1982,06,10,0.0,15.046967,5.363585,1982
11849,r3i1p1f1,1982,06,11,0.0,14.952195,4.337771,1982
11850,r3i1p1f1,1982,06,12,0.0,16.960575,3.0430214,1982
11851,r3i1p1f1,1982,06,13,4.146843208562993,15.523942,3.6067808,1982
11852,r3i1p1f1,1982,06,14,1.182695511325667,16.792923,3.7965539,1982
11853,r3i1p1f1,1982,06,15,7.02014740810754,20.506454,3.8695362,1982
11854,r3i1p1f1,1982,06,16,2.3043124979027962,22.223463,6.0442624,1982
11855,r3i1p1f1,1982,06,17,17.688272769660934,19.25744,5.915091,1982
11856,r3i1p1f1,1982,06,18,4.344687121920288,14.830565,1.919875,1982
11857,r3i1p1f1,1982,06,19,0.008290920385135044,17.61145,2.9541936,1982
11858,r3i1p1f1,1982,06,20,10.475007751435777,15.87999,2.4644833,1982
11859,r3i1p1f1,1982,06,21,5.664055110422564,16.330599,4.012804,1982
11860,r3i1p1f1,1982,06,22,0.0,20.964043,4.8753495,1982
11861,r3i1p1f1,1982,06,23,0.0,21.482796,8.926132,1982
11862,r3i1p1f1,1982,06,24,0.0,27.011303,9.460992,1982
11863,r3i1p1f1,1982,06,25,0.0,32.065598,13.756792,1982
11864,r3i1p1f1,1982,06,26,0.0,31.711353,15.265844,1982
11865,r3i1p1f1,1982,06,27,0.0,31.05556,15.994845,1982
11866,r3i1p1f1,1982,06,28,0.0,29.18172,15.71758,1982
11867,r3i1p1f1,1982,06,29,0.0,28.646246,14.661922,1982
11868,r3i1p1f1,1982,06,30,0.0,27.485415,11.979666,1982
11869,r3i1p1f1,1982,07,01,0.0,24.871176,9.893257,1982
11870,r3i1p1f1,1982,07,02,0.0,29.584038,9.7510605,1982
11871,r3i1p1f1,1982,07,03,0.0,29.423834,11.399198,1982
11872,r3i1p1f1,1982,07,04,0.0,26.900082,9.953389,1982
11873,r3i1p1f1,1982,07,05,0.0,23.077406,7.071327,1982
11874,r3i1p1f1,1982,07,06,0.0,23.730665,6.3531065,1982
11875,r3i1p1f1,1982,07,07,0.0,26.146067,8.476579,1982
11876,r3i1p1f1,1982,07,08,0.0,25.396355,8.444518,1982
11877,r3i1p1f1,1982,07,09,0.0,23.810028,8.148895,1982
11878,r3i1p1f1,1982,07,10,0.0,22.401348,7.4255924,1982
11879,r3i1p1f1,1982,07,11,0.0,23.56323,6.235163,1982
11880,r3i1p1f1,1982,07,12,0.0,25.254213,7.9977393,1982
11881,r3i1p1f1,1982,07,13,0.0,25.91476,9.378706,1982
11882,r3i1p1f1,1982,07,14,0.0,27.372019,9.708492,1982
11883,r3i1p1f1,1982,07,15,0.0,30.172777,11.77344,1982
11884,r3i1p1f1,1982,07,16,0.0,30.381643,14.061503,1982
11885,r3i1p1f1,1982,07,17,0.0,31.168703,13.642957,1982
11886,r3i1p1f1,1982,07,18,0.029252392213445427,30.97022,14.324968,1982
11887,r3i1p1f1,1982,07,19,0.0,27.819918,14.087295,1982
11888,r3i1p1f1,1982,07,20,0.18933663424449101,27.617853,12.317893,1982
11889,r3i1p1f1,1982,07,21,0.0,27.826818,12.778273,1982
11890,r3i1p1f1,1982,07,22,0.0,29.855982,11.256735,1982
11891,r3i1p1f1,1982,07,23,0.0048400157155763165,30.036991,13.362972,1982
11892,r3i1p1f1,1982,07,24,0.0,29.538895,12.139657,1982
11893,r3i1p1f1,1982,07,25,0.0,27.672953,11.217581,1982
11894,r3i1p1f1,1982,07,26,0.0,25.013237,9.099181,1982
11895,r3i1p1f1,1982,07,27,0.0,23.299854,7.563426,1982
11896,r3i1p1f1,1982,07,28,0.0,26.604084,8.493248,1982
11897,r3i1p1f1,1982,07,29,0.0,27.417671,10.715492,1982
11898,r3i1p1f1,1982,07,30,0.0,29.340631,11.469845,1982
11899,r3i1p1f1,1982,07,31,0.0,28.915339,12.385156,1982
11900,r3i1p1f1,1982,08,01,0.0,27.601486,10.807251,1982
11901,r3i1p1f1,1982,08,02,0.0,25.73407,10.163355,1982
11902,r3i1p1f1,1982,08,03,0.0,28.097225,10.284242,1982
11903,r3i1p1f1,1982,08,04,0.0,30.332663,12.05464,1982
11904,r3i1p1f1,1982,08,05,0.0,30.130768,12.668316,1982
11905,r3i1p1f1,1982,08,06,0.0,29.005339,11.996004,1982
11906,r3i1p1f1,1982,08,07,0.0,26.864569,10.0245905,1982
11907,r3i1p1f1,1982,08,08,0.0,28.125906,10.589264,1982
11908,r3i1p1f1,1982,08,09,0.0,31.802303,14.095185,1982
11909,r3i1p1f1,1982,08,10,0.0,31.065477,13.964395,1982
11910,r3i1p1f1,1982,08,11,0.0,29.614183,12.350937,1982
11911,r3i1p1f1,1982,08,12,0.0,30.954554,13.085957,1982
11912,r3i1p1f1,1982,08,13,0.0,31.299044,13.3861885,1982
11913,r3i1p1f1,1982,08,14,0.0,31.318024,13.556933,1982
11914,r3i1p1f1,1982,08,15,0.0,31.439484,13.889953,1982
11915,r3i1p1f1,1982,08,16,0.0,32.77298,14.463152,1982
11916,r3i1p1f1,1982,08,17,0.0,32.32643,14.49016,1982
11917,r3i1p1f1,1982,08,18,0.0,31.642298,14.118255,1982
11918,r3i1p1f1,1982,08,19,0.0,30.89504,13.96501,1982
11919,r3i1p1f1,1982,08,20,1.4443657047338907,31.124697,15.428361,1982
11920,r3i1p1f1,1982,08,21,0.6952488332325103,19.931067,8.572894,1982
11921,r3i1p1f1,1982,08,22,0.0,18.788378,4.547824,1982
11922,r3i1p1f1,1982,08,23,0.0,20.525768,4.0666766,1982
11923,r3i1p1f1,1982,08,24,0.0,20.533625,5.0659533,1982
11924,r3i1p1f1,1982,08,25,0.0,19.44524,4.3716135,1982
11925,r3i1p1f1,1982,08,26,0.0,18.592213,4.2026258,1982
11926,r3i1p1f1,1982,08,27,0.0,24.051142,5.022166,1982
11927,r3i1p1f1,1982,08,28,0.0,26.266489,8.975569,1982
11928,r3i1p1f1,1982,08,29,0.0,29.101063,10.420537,1982
11929,r3i1p1f1,1982,08,30,0.0,30.845995,13.157488,1982
11930,r3i1p1f1,1982,08,31,0.0,30.55766,13.049281,1982
11931,r3i1p1f1,1982,09,01,0.0,28.661057,13.354603,1982
11932,r3i1p1f1,1982,09,02,0.0,30.573248,11.717245,1982
11933,r3i1p1f1,1982,09,03,0.0,29.914892,15.256997,1982
11934,r3i1p1f1,1982,09,04,0.47831174279532496,25.116816,13.276894,1982
11935,r3i1p1f1,1982,09,05,0.4808436435939113,25.587385,12.333522,1982
11936,r3i1p1f1,1982,09,06,0.0,28.903261,10.73977,1982
11937,r3i1p1f1,1982,09,07,0.0,30.960918,12.595594,1982
11938,r3i1p1f1,1982,09,08,0.0,30.333893,14.118461,1982
11939,r3i1p1f1,1982,09,09,0.0,27.337723,10.538352,1982
11940,r3i1p1f1,1982,09,10,0.0,22.207108,5.6878796,1982
11941,r3i1p1f1,1982,09,11,0.0,24.864523,7.915787,1982
11942,r3i1p1f1,1982,09,12,0.0,24.21546,9.71378,1982
11943,r3i1p1f1,1982,09,13,0.0,23.923319,7.14339,1982
11944,r3i1p1f1,1982,09,14,0.0,28.392504,10.498667,1982
11945,r3i1p1f1,1982,09,15,0.0,30.473875,12.253564,1982
11946,r3i1p1f1,1982,09,16,0.0,30.61163,13.220092,1982
11947,r3i1p1f1,1982,09,17,0.0,30.042036,12.6925745,1982
11948,r3i1p1f1,1982,09,18,0.0,29.669691,12.528594,1982
11949,r3i1p1f1,1982,09,19,0.0,27.49298,10.945955,1982
11950,r3i1p1f1,1982,09,20,0.0,29.685146,11.681961,1982
11951,r3i1p1f1,1982,09,21,0.0,31.344913,12.417686,1982
11952,r3i1p1f1,1982,09,22,0.0,32.13002,14.209925,1982
11953,r3i1p1f1,1982,09,23,0.0,32.20401,15.143329,1982
11954,r3i1p1f1,1982,09,24,0.0,31.340704,15.089813,1982
11955,r3i1p1f1,1982,09,25,0.0,30.412144,13.852952,1982
11956,r3i1p1f1,1982,09,26,0.0,28.114153,11.996265,1982
11957,r3i1p1f1,1982,09,27,0.0,26.780296,11.105467,1982
11958,r3i1p1f1,1982,09,28,0.0,24.966253,10.018371,1982
11959,r3i1p1f1,1982,09,29,0.0,25.686678,9.570819,1982
11960,r3i1p1f1,1982,09,30,0.0,24.821314,10.068037,1982
11961,r3i1p1f1,1982,10,01,0.0,25.459438,11.0205555,1982
11962,r3i1p1f1,1982,10,02,0.0,23.9405,10.512992,1982
11963,r3i1p1f1,1982,10,03,0.0,21.691975,6.3754625,1982
11964,r3i1p1f1,1982,10,04,0.0,24.77397,8.030721,1982
11965,r3i1p1f1,1982,10,05,0.0,26.681667,10.493587,1982
11966,r3i1p1f1,1982,10,06,0.0,25.880373,12.090705,1982
11967,r3i1p1f1,1982,10,07,0.0,26.409304,12.470716,1982
11968,r3i1p1f1,1982,10,08,0.0,26.882113,12.159948,1982
11969,r3i1p1f1,1982,10,09,0.7963693022534962,28.92802,15.078997,1982
11970,r3i1p1f1,1982,10,10,0.4139960366285921,25.017849,11.733631,1982
11971,r3i1p1f1,1982,10,11,0.0,26.247095,10.5827875,1982
11972,r3i1p1f1,1982,10,12,0.0,25.162151,10.391771,1982
11973,r3i1p1f1,1982,10,13,0.0,22.606642,10.744249,1982
11974,r3i1p1f1,1982,10,14,6.9947529023537705,23.53698,13.691964,1982
11975,r3i1p1f1,1982,10,15,63.47124612228455,14.04627,8.285109,1982
11976,r3i1p1f1,1982,10,16,0.0,16.293415,3.9554746,1982
11977,r3i1p1f1,1982,10,17,0.0,16.776003,2.7979405,1982
11978,r3i1p1f1,1982,10,18,0.26617151004182615,16.287317,2.420454,1982
11979,r3i1p1f1,1982,10,19,0.0,15.930092,3.7423282,1982
11980,r3i1p1f1,1982,10,20,0.0,17.662188,3.4594998,1982
11981,r3i1p1f1,1982,10,21,0.0,22.117579,5.513517,1982
11982,r3i1p1f1,1982,10,22,0.0,23.79091,6.900238,1982
11983,r3i1p1f1,1982,10,23,0.0,23.165844,10.160259,1982
11984,r3i1p1f1,1982,10,24,0.0,19.762388,6.764966,1982
11985,r3i1p1f1,1982,10,25,0.0,20.24429,5.1958976,1982
11986,r3i1p1f1,1982,10,26,0.0,21.530035,5.7807226,1982
11987,r3i1p1f1,1982,10,27,0.0,22.101967,7.509147,1982
11988,r3i1p1f1,1982,10,28,0.0,20.906088,6.962296,1982
11989,r3i1p1f1,1982,10,29,0.004772665354386463,16.82091,2.3157191,1982
11990,r3i1p1f1,1982,10,30,0.0,14.685848,0.0046884636,1982
11991,r3i1p1f1,1982,10,31,0.0,15.800699,2.4241679,1982
11992,r3i1p1f1,1982,11,01,0.0,20.53051,4.061941,1982
11993,r3i1p1f1,1982,11,02,0.0,22.543087,5.437539,1982
11994,r3i1p1f1,1982,11,03,0.0,22.935932,6.8990026,1982
11995,r3i1p1f1,1982,11,04,0.0,21.11585,6.5637984,1982
11996,r3i1p1f1,1982,11,05,0.0,17.917051,5.5531335,1982
11997,r3i1p1f1,1982,11,06,10.925402842143452,16.74535,5.929571,1982
11998,r3i1p1f1,1982,11,07,0.0,11.947023,-2.7599022,1982
11999,r3i1p1f1,1982,11,08,0.0,15.807859,0.5336757,1982
12000,r3i1p1f1,1982,11,09,0.0,19.174204,4.208191,1982
12001,r3i1p1f1,1982,11,10,0.0,18.75601,4.11178,1982
12002,r3i1p1f1,1982,11,11,0.0,19.631987,4.283739,1982
12003,r3i1p1f1,1982,11,12,0.0,18.41748,4.8122807,1982
12004,r3i1p1f1,1982,11,13,0.0,17.042694,1.2225604,1982
12005,r3i1p1f1,1982,11,14,0.0,11.708836,-1.4194843,1982
12006,r3i1p1f1,1982,11,15,0.0,13.1307745,-1.7728195,1982
12007,r3i1p1f1,1982,11,16,0.0,11.935555,-0.16822247,1982
12008,r3i1p1f1,1982,11,17,0.0,14.841956,-0.14221852,1982
12009,r3i1p1f1,1982,11,18,0.0,12.903233,1.4923996,1982
12010,r3i1p1f1,1982,11,19,0.0,9.2165,-0.63557094,1982
12011,r3i1p1f1,1982,11,20,0.0,13.730038,0.4624334,1982
12012,r3i1p1f1,1982,11,21,0.0,15.346162,-0.24253508,1982
12013,r3i1p1f1,1982,11,22,0.0,13.792561,0.5520159,1982
12014,r3i1p1f1,1982,11,23,0.0,12.802626,-0.87139994,1982
12015,r3i1p1f1,1982,11,24,0.0,10.707781,-1.7189677,1982
12016,r3i1p1f1,1982,11,25,0.0,3.3091197,-4.5335693,1982
12017,r3i1p1f1,1982,11,26,0.0,4.0291343,-7.6089725,1982
12018,r3i1p1f1,1982,11,27,18.85707022646736,0.79742205,-5.853114,1982
12019,r3i1p1f1,1982,11,28,34.594084476856025,1.125074,-3.4238088,1982
12020,r3i1p1f1,1982,11,29,15.779641982953763,0.32909733,-4.9368525,1982
12021,r3i1p1f1,1982,11,30,15.9753217190308,1.1197293,-4.957409,1982
12022,r3i1p1f1,1982,12,01,0.0,1.8915787,-12.351318,1982
12023,r3i1p1f1,1982,12,02,0.0,5.6637836,-6.2710686,1982
12024,r3i1p1f1,1982,12,03,0.0,3.987049,-7.303446,1982
12025,r3i1p1f1,1982,12,04,0.0,4.5822964,-8.146425,1982
12026,r3i1p1f1,1982,12,05,0.0,7.933099,-2.709909,1982
12027,r3i1p1f1,1982,12,06,0.0,12.521801,-0.20511614,1982
12028,r3i1p1f1,1982,12,07,0.0,12.637788,4.644431,1982
12029,r3i1p1f1,1982,12,08,0.0,11.73822,-1.6399382,1982
12030,r3i1p1f1,1982,12,09,0.0,9.518982,-2.0215626,1982
12031,r3i1p1f1,1982,12,10,0.0,10.813254,4.7354393,1982
12032,r3i1p1f1,1982,12,11,10.380779451646193,8.121602,1.3591994,1982
12033,r3i1p1f1,1982,12,12,0.0,12.281153,-1.3470259,1982
12034,r3i1p1f1,1982,12,13,0.0,10.353189,2.7288446,1982
12035,r3i1p1f1,1982,12,14,2.9937882028446583,6.3455014,-0.36127523,1982
12036,r3i1p1f1,1982,12,15,37.167188584020266,4.925292,-1.0736972,1982
12037,r3i1p1f1,1982,12,16,0.0,6.352156,-3.4375901,1982
12038,r3i1p1f1,1982,12,17,0.1584932530118079,8.031012,-4.1969733,1982
12039,r3i1p1f1,1982,12,18,0.5016730669395704,6.01622,-2.9979532,1982
12040,r3i1p1f1,1982,12,19,0.0,9.03425,-4.551569,1982
12041,r3i1p1f1,1982,12,20,0.0,7.711046,-4.8493776,1982
12042,r3i1p1f1,1982,12,21,0.0,7.1492186,-4.6089253,1982
12043,r3i1p1f1,1982,12,22,0.0,8.273949,-4.691671,1982
12044,r3i1p1f1,1982,12,23,0.0,6.299645,-5.2921224,1982
12045,r3i1p1f1,1982,12,24,55.85214537323306,4.2101274,-4.1575985,1982
12046,r3i1p1f1,1982,12,25,16.17847024248668,5.474975,0.6517881,1982
12047,r3i1p1f1,1982,12,26,82.08711855113506,7.612637,2.4937232,1982
12048,r3i1p1f1,1982,12,27,91.46822262065191,8.218483,2.3105764,1982
12049,r3i1p1f1,1982,12,28,52.51328187847608,5.2171073,0.56842756,1982
12050,r3i1p1f1,1982,12,29,6.773034957625082,4.2192225,0.18340701,1982
12051,r3i1p1f1,1982,12,30,0.04645297028075315,8.809198,0.14461263,1982
12052,r3i1p1f1,1982,12,31,0.0,10.392698,-1.1988461,1982
12053,r3i1p1f1,1983,01,01,0.0,9.699413,-2.5435255,1983
12054,r3i1p1f1,1983,01,02,0.0,11.835281,-0.96465856,1983
12055,r3i1p1f1,1983,01,03,0.0,10.695505,-1.8606353,1983
12056,r3i1p1f1,1983,01,04,0.0,9.747154,-1.9688178,1983
12057,r3i1p1f1,1983,01,05,0.0,7.0098886,-3.9980078,1983
12058,r3i1p1f1,1983,01,06,0.0,8.497618,-2.2958019,1983
12059,r3i1p1f1,1983,01,07,0.0,9.838297,-1.9510136,1983
12060,r3i1p1f1,1983,01,08,0.0,10.012964,-0.88643706,1983
12061,r3i1p1f1,1983,01,09,0.0,13.632445,1.4578724,1983
12062,r3i1p1f1,1983,01,10,0.0,14.464023,2.7480192,1983
12063,r3i1p1f1,1983,01,11,0.0,14.070819,0.3133909,1983
12064,r3i1p1f1,1983,01,12,5.405627207227027,9.857326,0.48698094,1983
12065,r3i1p1f1,1983,01,13,0.0,11.401888,0.012578774,1983
12066,r3i1p1f1,1983,01,14,0.0,15.307417,2.6821656,1983
12067,r3i1p1f1,1983,01,15,0.0,16.216137,4.3622413,1983
12068,r3i1p1f1,1983,01,16,0.0,15.978399,2.0748475,1983
12069,r3i1p1f1,1983,01,17,0.0,15.654823,2.2889454,1983
12070,r3i1p1f1,1983,01,18,0.0,15.661756,2.492743,1983
12071,r3i1p1f1,1983,01,19,0.0,13.4114,6.8063455,1983
12072,r3i1p1f1,1983,01,20,7.108121268117285,9.218291,0.09117147,1983
12073,r3i1p1f1,1983,01,21,60.1156129550777,6.077848,-2.4952776,1983
12074,r3i1p1f1,1983,01,22,100.10757886461522,10.037024,-0.42782295,1983
12075,r3i1p1f1,1983,01,23,72.98670080000241,5.623501,-1.3393791,1983
12076,r3i1p1f1,1983,01,24,0.0,9.871592,-3.288297,1983
12077,r3i1p1f1,1983,01,25,10.74763292318063,4.1169305,-2.6543367,1983
12078,r3i1p1f1,1983,01,26,0.7310164710457014,5.3798265,-6.7316484,1983
12079,r3i1p1f1,1983,01,27,0.0,8.830193,-3.63381,1983
12080,r3i1p1f1,1983,01,28,0.0,9.505981,-0.7195161,1983
12081,r3i1p1f1,1983,01,29,3.028473696567265,4.841193,-3.617878,1983
12082,r3i1p1f1,1983,01,30,32.20476006941968,2.640407,-2.5353484,1983
12083,r3i1p1f1,1983,01,31,37.49026417683222,0.8222651,-3.2414503,1983
12084,r3i1p1f1,1983,02,01,6.441669306016258,0.99209625,-7.108015,1983
12085,r3i1p1f1,1983,02,02,3.9580944588746396,3.9193935,-9.222395,1983
12086,r3i1p1f1,1983,02,03,32.402554578392916,5.344176,-3.0040815,1983
12087,r3i1p1f1,1983,02,04,43.591881518889416,5.051065,-0.3787579,1983
12088,r3i1p1f1,1983,02,05,77.14890815121562,9.711394,0.20447682,1983
12089,r3i1p1f1,1983,02,06,21.004973171818023,8.3390465,3.1766791,1983
12090,r3i1p1f1,1983,02,07,7.005810360945026,7.4553676,-0.16086332,1983
12091,r3i1p1f1,1983,02,08,10.333888128049072,5.6288795,-1.1851333,1983
12092,r3i1p1f1,1983,02,09,9.154083429702473,6.235344,-1.4145684,1983
12093,r3i1p1f1,1983,02,10,65.26685325722946,7.3575363,1.1188504,1983
12094,r3i1p1f1,1983,02,11,19.337286336629308,7.9704804,-0.252421,1983
12095,r3i1p1f1,1983,02,12,0.0,11.2136345,-1.4098712,1983
12096,r3i1p1f1,1983,02,13,0.0,13.522373,0.49294937,1983
12097,r3i1p1f1,1983,02,14,0.0,15.563362,0.13352612,1983
12098,r3i1p1f1,1983,02,15,0.0,17.138315,2.7818046,1983
12099,r3i1p1f1,1983,02,16,2.6312818388472996,13.388088,4.454143,1983
12100,r3i1p1f1,1983,02,17,26.110932264035863,5.3038697,-1.802431,1983
12101,r3i1p1f1,1983,02,18,0.0,8.720212,-3.2984138,1983
12102,r3i1p1f1,1983,02,19,0.05873161645515785,9.387606,-0.41129172,1983
12103,r3i1p1f1,1983,02,20,67.79608818653382,5.1072507,1.0083886,1983
12104,r3i1p1f1,1983,02,21,51.89768836441401,6.5259733,-0.98938775,1983
12105,r3i1p1f1,1983,02,22,0.013395051600558585,9.455644,-0.23639292,1983
12106,r3i1p1f1,1983,02,23,0.0,9.967564,2.5574822,1983
12107,r3i1p1f1,1983,02,24,18.059262304909918,7.3977027,-2.501796,1983
12108,r3i1p1f1,1983,02,25,0.0,9.890829,-4.2256827,1983
12109,r3i1p1f1,1983,02,26,17.426183599194413,4.4341793,-4.3271074,1983
12110,r3i1p1f1,1983,02,27,0.0,7.2911687,-7.367773,1983
12111,r3i1p1f1,1983,02,28,0.0,6.1283307,-4.6776958,1983
12112,r3i1p1f1,1983,03,01,0.0,6.462015,-7.0459523,1983
12113,r3i1p1f1,1983,03,02,0.0,6.1352496,-6.8444767,1983
12114,r3i1p1f1,1983,03,03,18.778442065721674,2.360589,-3.360233,1983
12115,r3i1p1f1,1983,03,04,8.60751590118621,2.8390918,-4.764983,1983
12116,r3i1p1f1,1983,03,05,0.0,7.4500837,-4.7672944,1983
12117,r3i1p1f1,1983,03,06,0.0,8.02874,-4.0514045,1983
12118,r3i1p1f1,1983,03,07,0.0,9.144478,-4.7396345,1983
12119,r3i1p1f1,1983,03,08,0.0,13.94185,-3.0592847,1983
12120,r3i1p1f1,1983,03,09,0.0,15.861459,0.010403758,1983
12121,r3i1p1f1,1983,03,10,0.0,17.680035,2.2066052,1983
12122,r3i1p1f1,1983,03,11,0.0,16.58594,5.646716,1983
12123,r3i1p1f1,1983,03,12,0.0,16.15603,3.2006633,1983
12124,r3i1p1f1,1983,03,13,0.34073698933705027,14.443423,5.0332756,1983
12125,r3i1p1f1,1983,03,14,0.0,10.480928,0.29772878,1983
12126,r3i1p1f1,1983,03,15,0.0,13.731706,-0.45455724,1983
12127,r3i1p1f1,1983,03,16,0.0,15.953549,1.9148095,1983
12128,r3i1p1f1,1983,03,17,0.0,17.793127,5.000886,1983
12129,r3i1p1f1,1983,03,18,1.6247551228604464,14.129963,0.8773753,1983
12130,r3i1p1f1,1983,03,19,0.09469713243704878,10.969251,1.4904757,1983
12131,r3i1p1f1,1983,03,20,0.0,13.905283,0.18557025,1983
12132,r3i1p1f1,1983,03,21,0.0,16.498463,2.21934,1983
12133,r3i1p1f1,1983,03,22,0.0,18.05394,2.6438417,1983
12134,r3i1p1f1,1983,03,23,0.0,18.20475,3.6483989,1983
12135,r3i1p1f1,1983,03,24,0.0,18.276201,2.016462,1983
12136,r3i1p1f1,1983,03,25,0.19867029600151764,17.842089,3.8021271,1983
12137,r3i1p1f1,1983,03,26,12.058543565983296,7.450829,2.067206,1983
12138,r3i1p1f1,1983,03,27,0.0,12.700159,-1.5949368,1983
12139,r3i1p1f1,1983,03,28,0.0,13.528008,0.2856547,1983
12140,r3i1p1f1,1983,03,29,0.0,13.340449,3.9495342,1983
12141,r3i1p1f1,1983,03,30,0.0,16.376474,1.4381312,1983
12142,r3i1p1f1,1983,03,31,0.0,17.612055,2.6678948,1983
12143,r3i1p1f1,1983,04,01,0.0,19.904663,4.62996,1983
12144,r3i1p1f1,1983,04,02,0.0,21.770182,5.8157425,1983
12145,r3i1p1f1,1983,04,03,0.0,20.64535,7.792129,1983
12146,r3i1p1f1,1983,04,04,6.732468477658633,14.7182665,1.9966463,1983
12147,r3i1p1f1,1983,04,05,0.0031809483372949457,14.91702,2.6583827,1983
12148,r3i1p1f1,1983,04,06,0.17870672194189147,14.651343,1.4144226,1983
12149,r3i1p1f1,1983,04,07,6.958978022195975,7.731569,-0.39213446,1983
12150,r3i1p1f1,1983,04,08,0.2850616930548935,10.0985775,-2.9627497,1983
12151,r3i1p1f1,1983,04,09,0.0,13.371077,-1.2616891,1983
12152,r3i1p1f1,1983,04,10,0.0,14.892163,0.5877711,1983
12153,r3i1p1f1,1983,04,11,1.97034160900282,12.958112,1.434028,1983
12154,r3i1p1f1,1983,04,12,2.2385925429836404,8.7985325,0.29614127,1983
12155,r3i1p1f1,1983,04,13,0.0,16.80891,0.6458819,1983
12156,r3i1p1f1,1983,04,14,0.0,18.06047,1.772863,1983
12157,r3i1p1f1,1983,04,15,0.6391725047969407,15.642959,3.4477508,1983
12158,r3i1p1f1,1983,04,16,0.7092018862941155,10.685027,-4.653308,1983
12159,r3i1p1f1,1983,04,17,7.452446361199499,4.8270383,-4.3178873,1983
12160,r3i1p1f1,1983,04,18,0.0,8.175544,-4.266497,1983
12161,r3i1p1f1,1983,04,19,0.29635457584318875,9.323173,-3.47149,1983
12162,r3i1p1f1,1983,04,20,0.0,10.955795,-2.7501917,1983
12163,r3i1p1f1,1983,04,21,0.0,11.609872,-0.38957456,1983
12164,r3i1p1f1,1983,04,22,0.23457733301543876,11.517188,-0.36222264,1983
12165,r3i1p1f1,1983,04,23,1.9260890653784277,10.745203,1.0041581,1983
12166,r3i1p1f1,1983,04,24,11.44011879928018,9.843712,0.9166971,1983
12167,r3i1p1f1,1983,04,25,19.97696490051519,8.086288,0.05588435,1983
12168,r3i1p1f1,1983,04,26,7.717968969480257,7.571576,0.6135875,1983
12169,r3i1p1f1,1983,04,27,2.090442861395116,9.20504,0.6058159,1983
12170,r3i1p1f1,1983,04,28,0.010734718556417838,9.402938,-2.317092,1983
12171,r3i1p1f1,1983,04,29,0.12322079120694023,8.720044,-3.3451853,1983
12172,r3i1p1f1,1983,04,30,0.3168926923535764,9.943716,-3.142148,1983
12173,r3i1p1f1,1983,05,01,0.0,15.456656,-0.09042424,1983
12174,r3i1p1f1,1983,05,02,0.0,18.827662,1.9017873,1983
12175,r3i1p1f1,1983,05,03,0.0,19.71026,4.5360193,1983
12176,r3i1p1f1,1983,05,04,0.0,23.53933,5.5428166,1983
12177,r3i1p1f1,1983,05,05,0.0,22.248013,8.237745,1983
12178,r3i1p1f1,1983,05,06,2.0960265962984472,17.423744,4.4955997,1983
12179,r3i1p1f1,1983,05,07,0.0,13.893425,-0.23195346,1983
12180,r3i1p1f1,1983,05,08,0.0,18.231222,2.3736286,1983
12181,r3i1p1f1,1983,05,09,0.0,21.460665,4.8616405,1983
12182,r3i1p1f1,1983,05,10,0.0,20.927486,5.5175943,1983
12183,r3i1p1f1,1983,05,11,0.0,16.156927,4.021266,1983
12184,r3i1p1f1,1983,05,12,0.0,16.26981,0.538327,1983
12185,r3i1p1f1,1983,05,13,0.0,18.381155,2.4956179,1983
12186,r3i1p1f1,1983,05,14,1.954165687268534,15.97076,2.0986366,1983
12187,r3i1p1f1,1983,05,15,4.490249152111478,6.431568,-4.2146482,1983
12188,r3i1p1f1,1983,05,16,5.939873565282476,7.131423,-4.1887083,1983
12189,r3i1p1f1,1983,05,17,0.1634365894699984,11.912201,-0.9570441,1983
12190,r3i1p1f1,1983,05,18,0.0,16.432486,0.87086135,1983
12191,r3i1p1f1,1983,05,19,1.4939921791665256,14.336066,1.1087979,1983
12192,r3i1p1f1,1983,05,20,0.0,14.532266,-0.16814078,1983
12193,r3i1p1f1,1983,05,21,0.0,15.739315,0.83925056,1983
12194,r3i1p1f1,1983,05,22,6.710197754804732,14.158264,-0.49419665,1983
12195,r3i1p1f1,1983,05,23,0.0,18.187708,3.4212282,1983
12196,r3i1p1f1,1983,05,24,0.0,20.482504,4.6270227,1983
12197,r3i1p1f1,1983,05,25,3.596169450417476,18.090887,4.5598445,1983
12198,r3i1p1f1,1983,05,26,33.92618259194454,15.182294,2.8242977,1983
12199,r3i1p1f1,1983,05,27,6.161047910235969,18.005413,0.31857163,1983
12200,r3i1p1f1,1983,05,28,2.129903131189119,20.838308,5.512727,1983
12201,r3i1p1f1,1983,05,29,0.4919656441320273,19.737528,5.4309535,1983
12202,r3i1p1f1,1983,05,30,1.721956015803459,20.04255,5.820853,1983
12203,r3i1p1f1,1983,05,31,0.17434579433603703,22.030684,7.113838,1983
12204,r3i1p1f1,1983,06,01,0.006591652115610869,21.141727,6.9190454,1983
12205,r3i1p1f1,1983,06,02,0.0,20.17893,5.1288958,1983
12206,r3i1p1f1,1983,06,03,0.0,17.61203,6.756397,1983
12207,r3i1p1f1,1983,06,04,0.023654159648638023,17.23752,3.5978584,1983
12208,r3i1p1f1,1983,06,05,0.0,19.076717,3.247998,1983
12209,r3i1p1f1,1983,06,06,0.0,18.664673,4.2652845,1983
12210,r3i1p1f1,1983,06,07,0.0,20.618315,3.4672034,1983
12211,r3i1p1f1,1983,06,08,0.0,19.833937,5.3714213,1983
12212,r3i1p1f1,1983,06,09,0.0,18.635126,3.1651359,1983
12213,r3i1p1f1,1983,06,10,0.0,16.755156,2.9391448,1983
12214,r3i1p1f1,1983,06,11,0.0,14.042516,2.4160974,1983
12215,r3i1p1f1,1983,06,12,1.8953517943277562,16.327423,3.947897,1983
12216,r3i1p1f1,1983,06,13,0.31166080244522737,19.922173,3.9109406,1983
12217,r3i1p1f1,1983,06,14,0.0,21.292437,6.8429065,1983
12218,r3i1p1f1,1983,06,15,0.0,21.02006,8.369201,1983
12219,r3i1p1f1,1983,06,16,2.0325785842463744,19.045935,6.057898,1983
12220,r3i1p1f1,1983,06,17,0.0,22.480625,4.7655945,1983
12221,r3i1p1f1,1983,06,18,0.0,25.333494,7.427294,1983
12222,r3i1p1f1,1983,06,19,0.0,26.466406,9.675251,1983
12223,r3i1p1f1,1983,06,20,0.0,32.235493,11.932073,1983
12224,r3i1p1f1,1983,06,21,0.0,31.94219,14.650982,1983
12225,r3i1p1f1,1983,06,22,0.0,30.303162,14.156376,1983
12226,r3i1p1f1,1983,06,23,0.0,30.635317,14.091003,1983
12227,r3i1p1f1,1983,06,24,0.0696583384476406,31.386604,14.693735,1983
12228,r3i1p1f1,1983,06,25,4.831506122393062,30.50433,14.880775,1983
12229,r3i1p1f1,1983,06,26,18.065128526986403,27.887943,12.379324,1983
12230,r3i1p1f1,1983,06,27,3.514641495406211,18.703718,8.3026085,1983
12231,r3i1p1f1,1983,06,28,13.974739133539659,14.255589,4.1066194,1983
12232,r3i1p1f1,1983,06,29,0.021622609653461137,14.970439,3.5021164,1983
12233,r3i1p1f1,1983,06,30,6.250365090435432,12.0828495,3.4059777,1983
12234,r3i1p1f1,1983,07,01,9.215003403982049,10.928325,3.2481322,1983
12235,r3i1p1f1,1983,07,02,0.0,16.671757,1.9542389,1983
12236,r3i1p1f1,1983,07,03,0.0,16.291042,3.9409304,1983
12237,r3i1p1f1,1983,07,04,0.0,18.181398,4.3664346,1983
12238,r3i1p1f1,1983,07,05,0.0,21.893429,4.941695,1983
12239,r3i1p1f1,1983,07,06,0.0,22.317127,7.962249,1983
12240,r3i1p1f1,1983,07,07,0.0,21.845707,6.2944007,1983
12241,r3i1p1f1,1983,07,08,0.0,21.27271,6.1370792,1983
12242,r3i1p1f1,1983,07,09,0.0,18.13683,4.9518194,1983
12243,r3i1p1f1,1983,07,10,0.0,19.574497,4.275634,1983
12244,r3i1p1f1,1983,07,11,0.0,23.52283,5.424128,1983
12245,r3i1p1f1,1983,07,12,0.0,24.793282,8.880916,1983
12246,r3i1p1f1,1983,07,13,0.0,24.997843,9.819797,1983
12247,r3i1p1f1,1983,07,14,0.0,25.072392,9.684775,1983
12248,r3i1p1f1,1983,07,15,0.0,24.71096,9.442008,1983
12249,r3i1p1f1,1983,07,16,0.0,23.48849,7.863783,1983
12250,r3i1p1f1,1983,07,17,0.0,22.658028,7.99815,1983
12251,r3i1p1f1,1983,07,18,0.0,25.804447,9.567303,1983
12252,r3i1p1f1,1983,07,19,0.0,29.023869,11.6229,1983
12253,r3i1p1f1,1983,07,20,0.0,28.83596,12.829736,1983
12254,r3i1p1f1,1983,07,21,0.0,27.951704,12.558295,1983
12255,r3i1p1f1,1983,07,22,0.0,26.365192,12.365897,1983
12256,r3i1p1f1,1983,07,23,0.0,26.008106,11.569676,1983
12257,r3i1p1f1,1983,07,24,0.0,28.193485,11.133186,1983
12258,r3i1p1f1,1983,07,25,0.0,27.910559,12.612679,1983
12259,r3i1p1f1,1983,07,26,0.0,27.1476,11.045117,1983
12260,r3i1p1f1,1983,07,27,0.0,26.217335,9.082345,1983
12261,r3i1p1f1,1983,07,28,0.0,28.826426,11.691992,1983
12262,r3i1p1f1,1983,07,29,0.0,28.773067,12.342865,1983
12263,r3i1p1f1,1983,07,30,0.0,30.225653,13.069043,1983
12264,r3i1p1f1,1983,07,31,0.0,30.461313,13.18148,1983
12265,r3i1p1f1,1983,08,01,0.0,31.519583,13.616532,1983
12266,r3i1p1f1,1983,08,02,0.0,30.828695,15.059926,1983
12267,r3i1p1f1,1983,08,03,0.005481240192526265,27.817276,13.47661,1983
12268,r3i1p1f1,1983,08,04,0.0,24.725262,8.171232,1983
12269,r3i1p1f1,1983,08,05,0.08775277345098163,26.445568,10.070922,1983
12270,r3i1p1f1,1983,08,06,0.8452784436246331,26.677122,10.873338,1983
12271,r3i1p1f1,1983,08,07,0.0,25.52975,10.398759,1983
12272,r3i1p1f1,1983,08,08,0.43445578780129407,23.560743,10.089446,1983
12273,r3i1p1f1,1983,08,09,0.0,26.305529,8.283699,1983
12274,r3i1p1f1,1983,08,10,0.0,30.178156,12.106811,1983
12275,r3i1p1f1,1983,08,11,0.11261358842219986,30.960373,14.831888,1983
12276,r3i1p1f1,1983,08,12,21.115599895557878,29.992264,16.849941,1983
12277,r3i1p1f1,1983,08,13,16.849140128416412,25.843582,16.528715,1983
12278,r3i1p1f1,1983,08,14,17.981093055430776,24.853477,12.927036,1983
12279,r3i1p1f1,1983,08,15,0.0,22.330462,6.35149,1983
12280,r3i1p1f1,1983,08,16,0.0,23.618336,7.5701866,1983
12281,r3i1p1f1,1983,08,17,0.0,28.688087,10.971495,1983
12282,r3i1p1f1,1983,08,18,0.0,32.028297,13.539045,1983
12283,r3i1p1f1,1983,08,19,0.0,34.59518,15.871009,1983
12284,r3i1p1f1,1983,08,20,0.0,35.272728,17.001158,1983
12285,r3i1p1f1,1983,08,21,0.0,35.10002,16.525167,1983
12286,r3i1p1f1,1983,08,22,0.0,30.454807,11.436812,1983
12287,r3i1p1f1,1983,08,23,0.0,19.207613,6.0472894,1983
12288,r3i1p1f1,1983,08,24,0.07145441869445342,21.357502,7.9567904,1983
12289,r3i1p1f1,1983,08,25,0.0,23.831581,7.622433,1983
12290,r3i1p1f1,1983,08,26,0.0,25.419502,8.313008,1983
12291,r3i1p1f1,1983,08,27,0.0,27.623732,9.668347,1983
12292,r3i1p1f1,1983,08,28,0.0,26.50372,11.799761,1983
12293,r3i1p1f1,1983,08,29,0.0,23.482962,8.092767,1983
12294,r3i1p1f1,1983,08,30,0.04143848564126529,19.23336,4.9278927,1983
12295,r3i1p1f1,1983,08,31,0.03149376071202201,15.918292,1.4022117,1983
12296,r3i1p1f1,1983,09,01,0.0,19.454597,3.0092225,1983
12297,r3i1p1f1,1983,09,02,0.0,24.066162,5.9352226,1983
12298,r3i1p1f1,1983,09,03,0.0,24.32252,7.402175,1983
12299,r3i1p1f1,1983,09,04,0.0,22.7533,8.909167,1983
12300,r3i1p1f1,1983,09,05,0.0,22.95211,6.7361016,1983
12301,r3i1p1f1,1983,09,06,0.0,26.316044,7.0763054,1983
12302,r3i1p1f1,1983,09,07,0.0,28.18442,9.674892,1983
12303,r3i1p1f1,1983,09,08,0.0,29.504068,10.442109,1983
12304,r3i1p1f1,1983,09,09,0.0,31.372095,12.232832,1983
12305,r3i1p1f1,1983,09,10,0.0,31.910099,13.113902,1983
12306,r3i1p1f1,1983,09,11,0.0,30.868155,14.006979,1983
12307,r3i1p1f1,1983,09,12,0.0,30.166306,15.703278,1983
12308,r3i1p1f1,1983,09,13,0.0,31.892727,15.759659,1983
12309,r3i1p1f1,1983,09,14,0.0,33.28746,15.759316,1983
12310,r3i1p1f1,1983,09,15,0.0,32.561092,14.071052,1983
12311,r3i1p1f1,1983,09,16,0.0,28.584047,13.288866,1983
12312,r3i1p1f1,1983,09,17,1.1473693673906382,27.533623,13.069143,1983
12313,r3i1p1f1,1983,09,18,0.4153908552899865,25.036865,11.72602,1983
12314,r3i1p1f1,1983,09,19,1.272493990606898,24.519287,10.779362,1983
12315,r3i1p1f1,1983,09,20,0.0,22.624928,8.393617,1983
12316,r3i1p1f1,1983,09,21,0.0,24.619377,9.665271,1983
12317,r3i1p1f1,1983,09,22,0.0,24.635832,10.467708,1983
12318,r3i1p1f1,1983,09,23,0.0,27.079535,11.414534,1983
12319,r3i1p1f1,1983,09,24,0.0,26.845749,12.02531,1983
12320,r3i1p1f1,1983,09,25,0.4781174527172545,25.922815,11.282965,1983
12321,r3i1p1f1,1983,09,26,0.0,21.556187,7.934383,1983
12322,r3i1p1f1,1983,09,27,0.0,25.213188,9.178046,1983
12323,r3i1p1f1,1983,09,28,0.0,27.193348,9.571998,1983
12324,r3i1p1f1,1983,09,29,0.0,27.119587,9.727447,1983
12325,r3i1p1f1,1983,09,30,0.0,25.676435,9.161809,1983
12326,r3i1p1f1,1983,10,01,0.0,20.710173,4.8871202,1983
12327,r3i1p1f1,1983,10,02,0.012170255037122652,17.657822,3.2541676,1983
12328,r3i1p1f1,1983,10,03,0.0,18.740446,2.1031368,1983
12329,r3i1p1f1,1983,10,04,0.0,20.63205,4.840799,1983
12330,r3i1p1f1,1983,10,05,0.0,20.23077,4.582041,1983
12331,r3i1p1f1,1983,10,06,0.0,21.538925,4.592056,1983
12332,r3i1p1f1,1983,10,07,0.0,24.500559,6.954908,1983
12333,r3i1p1f1,1983,10,08,0.0,24.069387,7.629507,1983
12334,r3i1p1f1,1983,10,09,0.0,23.15579,8.0368185,1983
12335,r3i1p1f1,1983,10,10,0.0,25.308447,8.787327,1983
12336,r3i1p1f1,1983,10,11,0.0,24.098639,7.533183,1983
12337,r3i1p1f1,1983,10,12,0.0,24.12527,7.991089,1983
12338,r3i1p1f1,1983,10,13,0.0,24.082077,7.553945,1983
12339,r3i1p1f1,1983,10,14,0.0,20.645926,6.3598495,1983
12340,r3i1p1f1,1983,10,15,0.0,20.269722,5.0705533,1983
12341,r3i1p1f1,1983,10,16,0.0,20.492638,4.339675,1983
12342,r3i1p1f1,1983,10,17,0.0,22.359978,5.610357,1983
12343,r3i1p1f1,1983,10,18,0.0,24.978027,7.902714,1983
12344,r3i1p1f1,1983,10,19,0.0,25.3198,8.88933,1983
12345,r3i1p1f1,1983,10,20,0.0,24.854692,11.273784,1983
12346,r3i1p1f1,1983,10,21,0.0,21.889177,7.051993,1983
12347,r3i1p1f1,1983,10,22,0.0,25.399933,8.626691,1983
12348,r3i1p1f1,1983,10,23,0.0,25.203327,8.158525,1983
12349,r3i1p1f1,1983,10,24,0.0,21.905853,8.742419,1983
12350,r3i1p1f1,1983,10,25,0.0,21.29456,6.5153704,1983
12351,r3i1p1f1,1983,10,26,0.0,24.699986,7.1374726,1983
12352,r3i1p1f1,1983,10,27,0.16399627324732902,25.773977,8.534627,1983
12353,r3i1p1f1,1983,10,28,12.01416609554527,11.814145,5.922004,1983
12354,r3i1p1f1,1983,10,29,4.11206975542499,9.865104,3.2154505,1983
12355,r3i1p1f1,1983,10,30,1.0987111128327485,11.645548,0.654061,1983
12356,r3i1p1f1,1983,10,31,0.0,14.981694,2.969156,1983
12357,r3i1p1f1,1983,11,01,0.0,18.943129,4.086031,1983
12358,r3i1p1f1,1983,11,02,0.0,21.528587,3.8155575,1983
12359,r3i1p1f1,1983,11,03,0.0,18.592024,7.089381,1983
12360,r3i1p1f1,1983,11,04,0.19136754212683482,13.577401,0.6145015,1983
12361,r3i1p1f1,1983,11,05,0.0,16.717083,1.3895638,1983
12362,r3i1p1f1,1983,11,06,0.0,15.744373,1.8900189,1983
12363,r3i1p1f1,1983,11,07,3.497110055851456,12.056029,1.3712326,1983
12364,r3i1p1f1,1983,11,08,0.0,10.231916,-2.7649374,1983
12365,r3i1p1f1,1983,11,09,36.82135178854591,7.515429,1.7109222,1983
12366,r3i1p1f1,1983,11,10,4.022679182468748,5.703013,-3.2877274,1983
12367,r3i1p1f1,1983,11,11,0.0,8.853186,-6.670037,1983
12368,r3i1p1f1,1983,11,12,0.0,11.525482,-3.1665673,1983
12369,r3i1p1f1,1983,11,13,0.0,11.910679,-0.64323235,1983
12370,r3i1p1f1,1983,11,14,0.0,11.524394,-0.3687925,1983
12371,r3i1p1f1,1983,11,15,0.0,13.701432,-1.0615891,1983
12372,r3i1p1f1,1983,11,16,0.0,13.191513,1.2324121,1983
12373,r3i1p1f1,1983,11,17,0.0,15.76955,0.9411013,1983
12374,r3i1p1f1,1983,11,18,0.0,13.086367,-0.34804383,1983
12375,r3i1p1f1,1983,11,19,0.0,8.9714155,-2.7549145,1983
12376,r3i1p1f1,1983,11,20,0.0,11.148181,-2.3832636,1983
12377,r3i1p1f1,1983,11,21,0.0,13.82306,-0.710476,1983
12378,r3i1p1f1,1983,11,22,0.0,13.733403,-0.28959522,1983
12379,r3i1p1f1,1983,11,23,0.0,17.386383,0.65001976,1983
12380,r3i1p1f1,1983,11,24,0.0,17.371874,0.9958911,1983
12381,r3i1p1f1,1983,11,25,0.0,17.094553,3.0389888,1983
12382,r3i1p1f1,1983,11,26,0.0,16.778852,2.3680515,1983
12383,r3i1p1f1,1983,11,27,26.887478262774255,11.228936,0.92944425,1983
12384,r3i1p1f1,1983,11,28,19.861289750980703,4.1986876,-2.1433163,1983
12385,r3i1p1f1,1983,11,29,13.42948728124611,2.9933312,-2.9783282,1983
12386,r3i1p1f1,1983,11,30,0.4238523842535582,4.7772675,-6.0102882,1983
12387,r3i1p1f1,1983,12,01,0.0,7.2708583,-6.412802,1983
12388,r3i1p1f1,1983,12,02,16.316365987356555,2.8470414,-4.801624,1983
12389,r3i1p1f1,1983,12,03,80.81508990573256,5.096676,-0.47311848,1983
12390,r3i1p1f1,1983,12,04,41.03456073881764,3.4219952,-0.34087867,1983
12391,r3i1p1f1,1983,12,05,0.0,8.793774,-1.8048327,1983
12392,r3i1p1f1,1983,12,06,23.881045449525118,4.9586854,-0.59946615,1983
12393,r3i1p1f1,1983,12,07,22.04088125267605,3.6351793,-2.331376,1983
12394,r3i1p1f1,1983,12,08,0.0,6.414564,-5.7435546,1983
12395,r3i1p1f1,1983,12,09,0.0,6.4557366,-3.4646707,1983
12396,r3i1p1f1,1983,12,10,5.620931067785836,3.8943875,-2.3651001,1983
12397,r3i1p1f1,1983,12,11,18.926653772053356,4.1337028,-1.1591471,1983
12398,r3i1p1f1,1983,12,12,42.983399564400315,3.653362,-1.660281,1983
12399,r3i1p1f1,1983,12,13,39.93042294475201,3.0511007,-2.9203258,1983
12400,r3i1p1f1,1983,12,14,43.21803356839442,4.9655547,0.43599826,1983
12401,r3i1p1f1,1983,12,15,3.90298284724658,6.916017,-0.14531912,1983
12402,r3i1p1f1,1983,12,16,0.0,8.55318,-5.005744,1983
12403,r3i1p1f1,1983,12,17,0.0,5.4456477,-8.108631,1983
12404,r3i1p1f1,1983,12,18,0.0,4.6909914,-7.4471645,1983
12405,r3i1p1f1,1983,12,19,0.0,10.06779,-2.9729671,1983
12406,r3i1p1f1,1983,12,20,0.0,10.559435,-0.67655736,1983
12407,r3i1p1f1,1983,12,21,0.0,12.245211,0.812461,1983
12408,r3i1p1f1,1983,12,22,0.0,12.573001,0.35889497,1983
12409,r3i1p1f1,1983,12,23,0.0,13.757113,1.2290524,1983
12410,r3i1p1f1,1983,12,24,0.0,12.248355,5.708126,1983
12411,r3i1p1f1,1983,12,25,10.7171349907539,7.3775563,-0.71062094,1983
12412,r3i1p1f1,1983,12,26,25.624526958716544,3.788738,-1.0038499,1983
12413,r3i1p1f1,1983,12,27,0.0,5.6362214,-2.4572103,1983
12414,r3i1p1f1,1983,12,28,0.048680039808938376,6.753047,-1.7810674,1983
12415,r3i1p1f1,1983,12,29,0.0,7.8522067,-2.5474038,1983
12416,r3i1p1f1,1983,12,30,27.677786438480805,1.9982634,-2.196547,1983
12417,r3i1p1f1,1983,12,31,0.0,4.5831294,-6.843646,1983
12418,r3i1p1f1,1984,01,01,0.0,3.7639296,-8.266835,1984
12419,r3i1p1f1,1984,01,02,0.0,3.5508435,-9.725869,1984
12420,r3i1p1f1,1984,01,03,0.0,3.8031902,-10.567113,1984
12421,r3i1p1f1,1984,01,04,5.868156768050731,0.7291313,-3.5402222,1984
12422,r3i1p1f1,1984,01,05,36.08873873998068,4.0404487,-1.9707143,1984
12423,r3i1p1f1,1984,01,06,24.88851610319934,3.8759668,-1.6106564,1984
12424,r3i1p1f1,1984,01,07,15.247883093022546,4.0542817,-0.98722464,1984
12425,r3i1p1f1,1984,01,08,24.634281473577413,4.3656645,-0.5845169,1984
12426,r3i1p1f1,1984,01,09,0.03942631016175974,10.224917,1.6157126,1984
12427,r3i1p1f1,1984,01,10,0.45406312116076725,9.82512,3.8853304,1984
12428,r3i1p1f1,1984,01,11,5.282948955228724,5.2843375,-0.16643764,1984
12429,r3i1p1f1,1984,01,12,0.6254766320604463,7.200665,-3.0743837,1984
12430,r3i1p1f1,1984,01,13,0.0,8.595848,-3.505175,1984
12431,r3i1p1f1,1984,01,14,77.78815622686555,4.4067826,-0.35947025,1984
12432,r3i1p1f1,1984,01,15,22.431241719689417,3.486203,-0.37350917,1984
12433,r3i1p1f1,1984,01,16,0.0,7.4148784,-2.6716654,1984
12434,r3i1p1f1,1984,01,17,0.0,12.129157,0.23502605,1984
12435,r3i1p1f1,1984,01,18,0.0,13.268905,2.5283558,1984
12436,r3i1p1f1,1984,01,19,0.0,11.27547,3.0675805,1984
12437,r3i1p1f1,1984,01,20,12.743801092361345,5.798824,-2.759867,1984
12438,r3i1p1f1,1984,01,21,0.0,5.991055,-5.0625544,1984
12439,r3i1p1f1,1984,01,22,0.0,5.9476795,-4.1929636,1984
12440,r3i1p1f1,1984,01,23,0.0,3.9113154,-6.3516817,1984
12441,r3i1p1f1,1984,01,24,0.0,2.9900544,-8.171611,1984
12442,r3i1p1f1,1984,01,25,0.0,3.9431903,-5.9708395,1984
12443,r3i1p1f1,1984,01,26,0.0,8.10797,-0.80949193,1984
12444,r3i1p1f1,1984,01,27,0.1330712824806381,9.411509,-0.8854385,1984
12445,r3i1p1f1,1984,01,28,0.0,12.546778,2.604777,1984
12446,r3i1p1f1,1984,01,29,29.827045215489832,8.36302,0.7830593,1984
12447,r3i1p1f1,1984,01,30,38.214002985899384,3.304965,-1.5418853,1984
12448,r3i1p1f1,1984,01,31,21.23992901883627,3.0060344,-2.7235081,1984
12449,r3i1p1f1,1984,02,01,0.0,8.566067,-1.8792022,1984
12450,r3i1p1f1,1984,02,02,13.675409187501492,5.2563734,-1.5596241,1984
12451,r3i1p1f1,1984,02,03,0.0,10.476922,1.6687429,1984
12452,r3i1p1f1,1984,02,04,0.0012875813378119155,9.51477,2.180832,1984
12453,r3i1p1f1,1984,02,05,45.65381192308115,5.028595,0.13634123,1984
12454,r3i1p1f1,1984,02,06,3.9900028570723647,5.990413,-4.158738,1984
12455,r3i1p1f1,1984,02,07,0.0,11.526633,-1.6079649,1984
12456,r3i1p1f1,1984,02,08,0.0,10.58456,-1.593206,1984
12457,r3i1p1f1,1984,02,09,0.0,10.907446,-1.9743865,1984
12458,r3i1p1f1,1984,02,10,0.0,12.418077,-1.6415784,1984
12459,r3i1p1f1,1984,02,11,0.0,11.852062,-2.2784395,1984
12460,r3i1p1f1,1984,02,12,2.7063759915395886,6.2153516,-3.453384,1984
12461,r3i1p1f1,1984,02,13,0.0,9.765559,-1.3042184,1984
12462,r3i1p1f1,1984,02,14,1.889523734739908,6.586029,-4.2752147,1984
12463,r3i1p1f1,1984,02,15,0.0009026412953971885,9.171744,0.40136272,1984
12464,r3i1p1f1,1984,02,16,0.0,8.955519,-0.52916646,1984
12465,r3i1p1f1,1984,02,17,0.39376432769430675,8.02255,-3.0985568,1984
12466,r3i1p1f1,1984,02,18,0.0,11.5367365,-3.520581,1984
12467,r3i1p1f1,1984,02,19,0.0,10.304534,-2.3364706,1984
12468,r3i1p1f1,1984,02,20,20.89510004550807,3.928077,-1.4246873,1984
12469,r3i1p1f1,1984,02,21,0.7711751392458897,7.4374228,-3.5562904,1984
12470,r3i1p1f1,1984,02,22,0.0,9.370081,-3.8040168,1984
12471,r3i1p1f1,1984,02,23,0.0,9.167901,-3.376116,1984
12472,r3i1p1f1,1984,02,24,0.0,10.326865,-3.8377037,1984
12473,r3i1p1f1,1984,02,25,0.0,11.665715,-2.3570235,1984
12474,r3i1p1f1,1984,02,26,0.0,13.148364,-2.0864358,1984
12475,r3i1p1f1,1984,02,27,0.0,14.6323595,-0.594254,1984
12476,r3i1p1f1,1984,02,28,0.0,15.417904,-0.03477725,1984
12477,r3i1p1f1,1984,02,29,0.0,14.639791,0.10727393,1984
12478,r3i1p1f1,1984,03,01,0.0,14.218922,-1.0322918,1984
12479,r3i1p1f1,1984,03,02,0.0,13.866506,1.305724,1984
12480,r3i1p1f1,1984,03,03,0.06093829879797628,10.644242,0.68078834,1984
12481,r3i1p1f1,1984,03,04,14.275620597733283,6.480841,1.808483,1984
12482,r3i1p1f1,1984,03,05,85.35486429341529,5.1594543,-1.2327129,1984
12483,r3i1p1f1,1984,03,06,0.02285449284643523,8.328824,-0.5038357,1984
12484,r3i1p1f1,1984,03,07,50.68935971265953,7.8061666,-0.58371675,1984
12485,r3i1p1f1,1984,03,08,39.96602707714038,7.8931923,-1.060191,1984
12486,r3i1p1f1,1984,03,09,17.065391523493943,5.077721,-2.7662914,1984
12487,r3i1p1f1,1984,03,10,0.0,8.718371,-0.047464173,1984
12488,r3i1p1f1,1984,03,11,2.4191737702686194,7.45039,-0.5438402,1984
12489,r3i1p1f1,1984,03,12,12.379834252581196,6.441567,-2.443489,1984
12490,r3i1p1f1,1984,03,13,7.51858709447429,4.118438,-1.8304143,1984
12491,r3i1p1f1,1984,03,14,0.08333290461450815,6.929911,-6.5521803,1984
12492,r3i1p1f1,1984,03,15,14.93614023661633,3.5573182,-2.568042,1984
12493,r3i1p1f1,1984,03,16,0.0,7.557283,-4.8188457,1984
12494,r3i1p1f1,1984,03,17,0.0,8.950439,-4.391327,1984
12495,r3i1p1f1,1984,03,18,0.0,9.919878,-4.9107323,1984
12496,r3i1p1f1,1984,03,19,0.0,9.91876,-4.2455883,1984
12497,r3i1p1f1,1984,03,20,0.0,10.8102255,-4.0899734,1984
12498,r3i1p1f1,1984,03,21,0.0,11.322243,-4.4362607,1984
12499,r3i1p1f1,1984,03,22,0.0,11.494874,-2.3157752,1984
12500,r3i1p1f1,1984,03,23,2.397178218713012,8.053537,-1.747268,1984
12501,r3i1p1f1,1984,03,24,2.802201043845056,7.3073726,-3.539135,1984
12502,r3i1p1f1,1984,03,25,3.673956632931214,5.468248,-3.706488,1984
12503,r3i1p1f1,1984,03,26,11.126407186346018,3.7142258,-2.233741,1984
12504,r3i1p1f1,1984,03,27,7.095195813943926,6.282275,-4.833365,1984
12505,r3i1p1f1,1984,03,28,0.0,13.418742,-3.9464731,1984
12506,r3i1p1f1,1984,03,29,0.0,12.7251625,-2.552746,1984
12507,r3i1p1f1,1984,03,30,0.0,11.833872,-0.255121,1984
12508,r3i1p1f1,1984,03,31,0.0,10.5060215,-1.0376314,1984
12509,r3i1p1f1,1984,04,01,0.0,13.38927,-1.2897035,1984
12510,r3i1p1f1,1984,04,02,0.0,15.671773,-0.31814474,1984
12511,r3i1p1f1,1984,04,03,0.0,15.544916,1.1310972,1984
12512,r3i1p1f1,1984,04,04,0.0,16.860811,3.498096,1984
12513,r3i1p1f1,1984,04,05,0.0,16.952679,0.5232445,1984
12514,r3i1p1f1,1984,04,06,0.0,17.441841,3.719642,1984
12515,r3i1p1f1,1984,04,07,0.0,16.482782,4.926957,1984
12516,r3i1p1f1,1984,04,08,19.499175337535377,9.365516,0.12690511,1984
12517,r3i1p1f1,1984,04,09,2.26604509133674,8.108396,0.30249667,1984
12518,r3i1p1f1,1984,04,10,0.0,12.24313,-0.13217431,1984
12519,r3i1p1f1,1984,04,11,8.015315678111572,6.514014,-0.29500374,1984
12520,r3i1p1f1,1984,04,12,0.5387914431929332,6.9311047,1.2559867,1984
12521,r3i1p1f1,1984,04,13,0.0,9.885446,1.8093785,1984
12522,r3i1p1f1,1984,04,14,0.0,11.871097,-0.84963995,1984
12523,r3i1p1f1,1984,04,15,19.32605525944382,8.242077,0.30867562,1984
12524,r3i1p1f1,1984,04,16,6.88957979854374,6.098628,-4.0018187,1984
12525,r3i1p1f1,1984,04,17,0.0,12.947697,-1.5940232,1984
12526,r3i1p1f1,1984,04,18,2.9371680929359987,11.035773,4.636151,1984
12527,r3i1p1f1,1984,04,19,16.455794383134496,6.7471704,1.7367283,1984
12528,r3i1p1f1,1984,04,20,12.560887934370456,9.236362,0.6244022,1984
12529,r3i1p1f1,1984,04,21,0.0,16.92984,1.4152976,1984
12530,r3i1p1f1,1984,04,22,15.169183806957383,14.049896,3.7090588,1984
12531,r3i1p1f1,1984,04,23,14.644177579688595,11.107882,4.558491,1984
12532,r3i1p1f1,1984,04,24,24.492839416856633,9.288205,2.1335008,1984
12533,r3i1p1f1,1984,04,25,0.0,14.38247,-0.018544456,1984
12534,r3i1p1f1,1984,04,26,0.0,13.272468,3.7211573,1984
12535,r3i1p1f1,1984,04,27,20.073787225900514,8.796409,2.9602447,1984
12536,r3i1p1f1,1984,04,28,0.8078819359645039,11.898605,0.05953206,1984
12537,r3i1p1f1,1984,04,29,0.0,17.884,3.3398871,1984
12538,r3i1p1f1,1984,04,30,0.0,19.520653,4.2705526,1984
12539,r3i1p1f1,1984,05,01,2.1174217553619346,16.092653,4.9554067,1984
12540,r3i1p1f1,1984,05,02,15.929562668316066,10.127968,2.217486,1984
12541,r3i1p1f1,1984,05,03,3.767618310303078,11.994497,0.11611635,1984
12542,r3i1p1f1,1984,05,04,0.0,14.069869,0.63172823,1984
12543,r3i1p1f1,1984,05,05,15.452215732779893,9.091448,3.6769242,1984
12544,r3i1p1f1,1984,05,06,9.133637991793588,8.752652,1.3359474,1984
12545,r3i1p1f1,1984,05,07,3.2941143227569563,9.206011,1.4699662,1984
12546,r3i1p1f1,1984,05,08,0.0,18.041922,1.9766419,1984
12547,r3i1p1f1,1984,05,09,0.0,20.45344,5.473413,1984
12548,r3i1p1f1,1984,05,10,0.0,19.468557,5.2162075,1984
12549,r3i1p1f1,1984,05,11,0.05036223125276401,15.06465,5.3721995,1984
12550,r3i1p1f1,1984,05,12,0.0,11.187953,4.0112295,1984
12551,r3i1p1f1,1984,05,13,0.0,19.801224,2.285602,1984
12552,r3i1p1f1,1984,05,14,0.0,21.876394,5.3136206,1984
12553,r3i1p1f1,1984,05,15,0.0,21.02708,6.910035,1984
12554,r3i1p1f1,1984,05,16,4.412867469397353,9.858399,1.8209583,1984
12555,r3i1p1f1,1984,05,17,0.0,13.258545,0.95046556,1984
12556,r3i1p1f1,1984,05,18,0.0,15.756935,0.39381757,1984
12557,r3i1p1f1,1984,05,19,0.0,18.321037,2.3032584,1984
12558,r3i1p1f1,1984,05,20,0.0,18.783298,3.915949,1984
12559,r3i1p1f1,1984,05,21,0.0,20.181854,5.3663983,1984
12560,r3i1p1f1,1984,05,22,0.0,22.398315,6.474463,1984
12561,r3i1p1f1,1984,05,23,0.0,23.329138,7.5820823,1984
12562,r3i1p1f1,1984,05,24,0.0,22.863886,7.490428,1984
12563,r3i1p1f1,1984,05,25,5.176778176514506,17.222414,2.7287,1984
12564,r3i1p1f1,1984,05,26,8.727003133083743,12.338481,5.999663,1984
12565,r3i1p1f1,1984,05,27,0.0,18.689465,5.074796,1984
12566,r3i1p1f1,1984,05,28,0.0,17.400185,7.5943847,1984
12567,r3i1p1f1,1984,05,29,0.0,15.388184,3.892869,1984
12568,r3i1p1f1,1984,05,30,0.0025851347201846933,16.196672,3.6560535,1984
12569,r3i1p1f1,1984,05,31,0.0,18.102467,3.6944354,1984
12570,r3i1p1f1,1984,06,01,0.14819140962668156,17.117815,5.5006385,1984
12571,r3i1p1f1,1984,06,02,2.214588168977858,12.267036,1.8657292,1984
12572,r3i1p1f1,1984,06,03,0.0,17.425644,1.7183415,1984
12573,r3i1p1f1,1984,06,04,1.41236297673267,18.15365,3.976136,1984
12574,r3i1p1f1,1984,06,05,1.2988400697634603,15.965243,6.756682,1984
12575,r3i1p1f1,1984,06,06,0.017227655227639173,20.495085,4.367018,1984
12576,r3i1p1f1,1984,06,07,0.0,21.507584,6.388994,1984
12577,r3i1p1f1,1984,06,08,0.0,20.731539,5.883456,1984
12578,r3i1p1f1,1984,06,09,0.02988927540890903,18.192966,6.9886966,1984
12579,r3i1p1f1,1984,06,10,0.02240599665368025,15.93317,5.5413747,1984
12580,r3i1p1f1,1984,06,11,0.057411009114921877,13.687594,2.3621712,1984
12581,r3i1p1f1,1984,06,12,4.030727013014257,10.204749,-1.1253349,1984
12582,r3i1p1f1,1984,06,13,6.265478691171952,8.1516285,-1.1651418,1984
12583,r3i1p1f1,1984,06,14,0.0,20.302963,2.4976141,1984
12584,r3i1p1f1,1984,06,15,0.0858261339568631,24.073195,6.945482,1984
12585,r3i1p1f1,1984,06,16,0.0,26.368986,9.457391,1984
12586,r3i1p1f1,1984,06,17,0.11806205821860778,26.328485,10.856,1984
12587,r3i1p1f1,1984,06,18,0.2051851141579008,25.03553,9.288853,1984
12588,r3i1p1f1,1984,06,19,0.0,26.306585,10.6288395,1984
12589,r3i1p1f1,1984,06,20,0.0,26.554325,12.170295,1984
12590,r3i1p1f1,1984,06,21,0.009905633755567434,28.99601,12.108467,1984
12591,r3i1p1f1,1984,06,22,1.390177012811029,26.90385,12.064187,1984
12592,r3i1p1f1,1984,06,23,0.8351988257154038,28.692226,12.462883,1984
12593,r3i1p1f1,1984,06,24,5.178468608478158,28.036318,11.892626,1984
12594,r3i1p1f1,1984,06,25,0.14597531588055732,26.65354,11.557674,1984
12595,r3i1p1f1,1984,06,26,0.19786861458238778,25.069069,10.478178,1984
12596,r3i1p1f1,1984,06,27,0.10646315181235734,23.14016,9.724135,1984
12597,r3i1p1f1,1984,06,28,0.0,23.58355,8.478848,1984
12598,r3i1p1f1,1984,06,29,0.0,23.087593,7.061848,1984
12599,r3i1p1f1,1984,06,30,0.0,22.902899,6.668517,1984
12600,r3i1p1f1,1984,07,01,0.0,22.459635,6.384937,1984
12601,r3i1p1f1,1984,07,02,0.0,21.287342,5.9674745,1984
12602,r3i1p1f1,1984,07,03,0.0,19.756504,4.511965,1984
12603,r3i1p1f1,1984,07,04,0.0,24.870846,6.535732,1984
12604,r3i1p1f1,1984,07,05,0.0,25.809769,9.552441,1984
12605,r3i1p1f1,1984,07,06,0.00027353861170061126,24.962027,9.769016,1984
12606,r3i1p1f1,1984,07,07,0.0,24.0466,9.5345545,1984
12607,r3i1p1f1,1984,07,08,0.0017880022489024621,23.019114,10.470099,1984
12608,r3i1p1f1,1984,07,09,0.0,23.620333,7.8625646,1984
12609,r3i1p1f1,1984,07,10,0.2816848818264062,27.334778,12.924757,1984
12610,r3i1p1f1,1984,07,11,0.0,30.272728,13.697688,1984
12611,r3i1p1f1,1984,07,12,0.0,30.099693,15.744213,1984
12612,r3i1p1f1,1984,07,13,0.0,28.986816,14.075226,1984
12613,r3i1p1f1,1984,07,14,0.0,25.820276,10.876169,1984
12614,r3i1p1f1,1984,07,15,0.0,25.798769,9.5953865,1984
12615,r3i1p1f1,1984,07,16,0.0,28.128027,10.965712,1984
12616,r3i1p1f1,1984,07,17,0.0,27.881975,12.584543,1984
12617,r3i1p1f1,1984,07,18,0.0,28.14631,10.895375,1984
12618,r3i1p1f1,1984,07,19,0.0,29.66381,12.461258,1984
12619,r3i1p1f1,1984,07,20,0.0,29.357876,12.576758,1984
12620,r3i1p1f1,1984,07,21,0.0,27.743675,11.49681,1984
12621,r3i1p1f1,1984,07,22,0.0,26.105257,10.545927,1984
12622,r3i1p1f1,1984,07,23,0.0,28.442314,9.51615,1984
12623,r3i1p1f1,1984,07,24,0.0,30.160172,11.999153,1984
12624,r3i1p1f1,1984,07,25,0.0,29.833014,12.445068,1984
12625,r3i1p1f1,1984,07,26,0.0,31.398636,12.689554,1984
12626,r3i1p1f1,1984,07,27,0.0,33.754265,14.724889,1984
12627,r3i1p1f1,1984,07,28,0.0,33.31468,16.153032,1984
12628,r3i1p1f1,1984,07,29,0.0,27.347664,11.503346,1984
12629,r3i1p1f1,1984,07,30,0.0,26.606243,9.057217,1984
12630,r3i1p1f1,1984,07,31,0.0,25.998058,10.35273,1984
12631,r3i1p1f1,1984,08,01,0.0,25.954813,9.758772,1984
12632,r3i1p1f1,1984,08,02,0.0,27.73805,10.565248,1984
12633,r3i1p1f1,1984,08,03,0.0,27.46143,9.971725,1984
12634,r3i1p1f1,1984,08,04,0.0,26.232937,10.020968,1984
12635,r3i1p1f1,1984,08,05,0.0,23.838354,7.7136197,1984
12636,r3i1p1f1,1984,08,06,0.0,23.420328,7.4053936,1984
12637,r3i1p1f1,1984,08,07,0.0,22.564878,6.819804,1984
12638,r3i1p1f1,1984,08,08,0.0,22.66146,6.9870877,1984
12639,r3i1p1f1,1984,08,09,0.0,23.708904,7.263303,1984
12640,r3i1p1f1,1984,08,10,0.0,22.978886,7.7335167,1984
12641,r3i1p1f1,1984,08,11,0.0,21.376663,6.1277385,1984
12642,r3i1p1f1,1984,08,12,0.0,26.958565,8.350959,1984
12643,r3i1p1f1,1984,08,13,0.0,30.36181,11.340443,1984
12644,r3i1p1f1,1984,08,14,0.0,30.840244,13.766605,1984
12645,r3i1p1f1,1984,08,15,0.0,29.522272,12.641009,1984
12646,r3i1p1f1,1984,08,16,0.0,28.200108,12.034189,1984
12647,r3i1p1f1,1984,08,17,0.0,27.614206,10.274669,1984
12648,r3i1p1f1,1984,08,18,0.0,27.81729,10.103763,1984
12649,r3i1p1f1,1984,08,19,0.0,29.539831,10.891674,1984
12650,r3i1p1f1,1984,08,20,0.0,31.542208,12.773945,1984
12651,r3i1p1f1,1984,08,21,0.0,32.368927,14.321547,1984
12652,r3i1p1f1,1984,08,22,0.0,31.650486,14.265596,1984
12653,r3i1p1f1,1984,08,23,0.0,27.414352,9.078224,1984
12654,r3i1p1f1,1984,08,24,0.0,21.783243,5.833852,1984
12655,r3i1p1f1,1984,08,25,0.0,26.499844,8.157354,1984
12656,r3i1p1f1,1984,08,26,0.0,29.482586,10.8966055,1984
12657,r3i1p1f1,1984,08,27,0.0,31.166328,13.903258,1984
12658,r3i1p1f1,1984,08,28,0.0,30.278074,13.475019,1984
12659,r3i1p1f1,1984,08,29,0.0,28.099758,10.460574,1984
12660,r3i1p1f1,1984,08,30,0.0,23.370928,7.258275,1984
12661,r3i1p1f1,1984,08,31,0.0,28.28063,8.608288,1984
12662,r3i1p1f1,1984,09,01,0.0,28.869202,11.239501,1984
12663,r3i1p1f1,1984,09,02,0.0,28.161098,11.190359,1984
12664,r3i1p1f1,1984,09,03,0.14336415440897995,27.503046,11.778389,1984
12665,r3i1p1f1,1984,09,04,0.0,19.33963,4.463571,1984
12666,r3i1p1f1,1984,09,05,0.0,18.343252,4.321449,1984
12667,r3i1p1f1,1984,09,06,0.0,22.113379,4.983767,1984
12668,r3i1p1f1,1984,09,07,0.0,27.930319,10.167537,1984
12669,r3i1p1f1,1984,09,08,0.0,31.787167,12.755801,1984
12670,r3i1p1f1,1984,09,09,0.0,32.796173,13.506857,1984
12671,r3i1p1f1,1984,09,10,0.0,31.740244,16.0522,1984
12672,r3i1p1f1,1984,09,11,0.0,30.084803,13.764673,1984
12673,r3i1p1f1,1984,09,12,0.0,33.14726,13.786475,1984
12674,r3i1p1f1,1984,09,13,0.0,33.38454,14.438952,1984
12675,r3i1p1f1,1984,09,14,0.31842436629200455,31.462347,15.207585,1984
12676,r3i1p1f1,1984,09,15,0.0,28.8821,13.041315,1984
12677,r3i1p1f1,1984,09,16,0.0,28.361557,12.927342,1984
12678,r3i1p1f1,1984,09,17,0.0,30.254349,12.72258,1984
12679,r3i1p1f1,1984,09,18,0.0,32.52033,13.928824,1984
12680,r3i1p1f1,1984,09,19,0.0,31.889198,15.368076,1984
12681,r3i1p1f1,1984,09,20,0.0,28.84822,12.591181,1984
12682,r3i1p1f1,1984,09,21,0.5859508655511921,21.514946,7.9548283,1984
12683,r3i1p1f1,1984,09,22,7.7991948394092585,9.833473,-0.657666,1984
12684,r3i1p1f1,1984,09,23,0.0,15.449926,0.45915362,1984
12685,r3i1p1f1,1984,09,24,0.0,15.747638,3.3566167,1984
12686,r3i1p1f1,1984,09,25,0.0,19.50086,4.0431643,1984
12687,r3i1p1f1,1984,09,26,0.0,22.825935,5.1706557,1984
12688,r3i1p1f1,1984,09,27,0.0,23.182192,5.8044534,1984
12689,r3i1p1f1,1984,09,28,0.0,22.596506,7.0440416,1984
12690,r3i1p1f1,1984,09,29,10.738291947698025,20.675423,3.0877433,1984
12691,r3i1p1f1,1984,09,30,4.412735813246782,6.609221,-3.5029817,1984
12692,r3i1p1f1,1984,10,01,2.906595573691256,5.807463,-2.7835567,1984
12693,r3i1p1f1,1984,10,02,12.874494223414283,5.9677362,-2.219798,1984
12694,r3i1p1f1,1984,10,03,0.0,11.436527,-3.441197,1984
12695,r3i1p1f1,1984,10,04,0.0,15.224686,-1.6501805,1984
12696,r3i1p1f1,1984,10,05,0.0,17.288929,0.738221,1984
12697,r3i1p1f1,1984,10,06,0.0,18.704561,2.6262302,1984
12698,r3i1p1f1,1984,10,07,0.0,18.253801,5.1913834,1984
12699,r3i1p1f1,1984,10,08,0.0,21.366848,3.1254103,1984
12700,r3i1p1f1,1984,10,09,0.0,21.820536,7.040805,1984
12701,r3i1p1f1,1984,10,10,0.0,20.696218,6.467913,1984
12702,r3i1p1f1,1984,10,11,0.0,16.502659,3.327709,1984
12703,r3i1p1f1,1984,10,12,0.011299317544686155,14.4671755,3.4895527,1984
12704,r3i1p1f1,1984,10,13,0.0,17.816496,1.5637919,1984
12705,r3i1p1f1,1984,10,14,0.0,21.154978,4.401109,1984
12706,r3i1p1f1,1984,10,15,0.0,19.97468,6.3618755,1984
12707,r3i1p1f1,1984,10,16,0.0,20.369186,5.1959825,1984
12708,r3i1p1f1,1984,10,17,0.0,21.893183,6.098736,1984
12709,r3i1p1f1,1984,10,18,0.0,22.339973,7.302921,1984
12710,r3i1p1f1,1984,10,19,0.0,26.065588,8.141524,1984
12711,r3i1p1f1,1984,10,20,0.0,28.34089,9.82897,1984
12712,r3i1p1f1,1984,10,21,0.0,29.77823,10.8072405,1984
12713,r3i1p1f1,1984,10,22,0.0,29.741358,11.613209,1984
12714,r3i1p1f1,1984,10,23,0.0,29.819675,11.399788,1984
12715,r3i1p1f1,1984,10,24,0.0,30.668835,10.76645,1984
12716,r3i1p1f1,1984,10,25,0.0,30.350336,11.3596115,1984
12717,r3i1p1f1,1984,10,26,0.0,28.45908,11.918553,1984
12718,r3i1p1f1,1984,10,27,0.0,25.47378,10.788418,1984
12719,r3i1p1f1,1984,10,28,0.0,26.032625,8.033769,1984
12720,r3i1p1f1,1984,10,29,0.0,25.055702,9.835085,1984
12721,r3i1p1f1,1984,10,30,0.0,19.487202,5.4329653,1984
12722,r3i1p1f1,1984,10,31,2.1275011288181354,14.59802,5.297299,1984
12723,r3i1p1f1,1984,11,01,78.37219587282131,10.798828,4.71228,1984
12724,r3i1p1f1,1984,11,02,35.81042116336329,9.902415,0.23226696,1984
12725,r3i1p1f1,1984,11,03,8.773906474111994,5.8233256,-2.1666696,1984
12726,r3i1p1f1,1984,11,04,0.0,10.229718,-3.215622,1984
12727,r3i1p1f1,1984,11,05,0.0,14.0787325,1.3872985,1984
12728,r3i1p1f1,1984,11,06,0.0,15.720384,1.5148555,1984
12729,r3i1p1f1,1984,11,07,0.9549592116136888,13.522385,3.3575256,1984
12730,r3i1p1f1,1984,11,08,7.193461948880117,10.427579,0.033051014,1984
12731,r3i1p1f1,1984,11,09,0.0,11.444796,-1.3500934,1984
12732,r3i1p1f1,1984,11,10,0.441029696019924,8.727801,-0.6230522,1984
12733,r3i1p1f1,1984,11,11,7.565459178907699,6.3820176,0.34271157,1984
12734,r3i1p1f1,1984,11,12,0.8133464452456745,10.048639,-0.27180794,1984
12735,r3i1p1f1,1984,11,13,5.433939772161753,7.7660465,-0.76094025,1984
12736,r3i1p1f1,1984,11,14,33.68906111971132,4.5760427,-1.2160685,1984
12737,r3i1p1f1,1984,11,15,0.0,10.882934,-1.8634579,1984
12738,r3i1p1f1,1984,11,16,0.0,14.478483,-3.5122116,1984
12739,r3i1p1f1,1984,11,17,0.0,11.964249,-1.244964,1984
12740,r3i1p1f1,1984,11,18,0.0,10.196288,-4.3634715,1984
12741,r3i1p1f1,1984,11,19,0.0,12.751267,-0.46906796,1984
12742,r3i1p1f1,1984,11,20,0.0,12.331421,-2.5486526,1984
12743,r3i1p1f1,1984,11,21,0.0,8.426645,-3.5893576,1984
12744,r3i1p1f1,1984,11,22,0.0,4.212899,-6.5882874,1984
12745,r3i1p1f1,1984,11,23,0.0,7.1326265,-7.1556535,1984
12746,r3i1p1f1,1984,11,24,0.0,8.625786,-2.0747516,1984
12747,r3i1p1f1,1984,11,25,6.798546871907188,5.842645,-0.45401797,1984
12748,r3i1p1f1,1984,11,26,0.22805099349505709,5.6486974,-5.252967,1984
12749,r3i1p1f1,1984,11,27,0.0,7.7943025,-5.848732,1984
12750,r3i1p1f1,1984,11,28,0.0,9.209069,-7.6059055,1984
12751,r3i1p1f1,1984,11,29,0.0,10.166499,-2.5117514,1984
12752,r3i1p1f1,1984,11,30,0.38050895163905807,8.362494,2.517462,1984
12753,r3i1p1f1,1984,12,01,29.801007004846866,5.737533,1.1930146,1984
12754,r3i1p1f1,1984,12,02,4.051131935327583,4.9932833,-0.9181422,1984
12755,r3i1p1f1,1984,12,03,0.0,8.821192,-2.9042337,1984
12756,r3i1p1f1,1984,12,04,0.0,10.013552,-0.97547543,1984
12757,r3i1p1f1,1984,12,05,0.5992530275283283,5.953706,-2.2792583,1984
12758,r3i1p1f1,1984,12,06,0.0,9.3992815,-3.746819,1984
12759,r3i1p1f1,1984,12,07,0.0,9.671588,-5.1679363,1984
12760,r3i1p1f1,1984,12,08,0.0,8.707249,-3.9109364,1984
12761,r3i1p1f1,1984,12,09,0.0,8.880367,-2.871327,1984
12762,r3i1p1f1,1984,12,10,0.0,10.954608,-3.5421464,1984
12763,r3i1p1f1,1984,12,11,0.0,9.070167,-0.5311909,1984
12764,r3i1p1f1,1984,12,12,33.79792054183781,4.242953,-3.640971,1984
12765,r3i1p1f1,1984,12,13,34.36357844130773,2.6910083,-4.2653737,1984
12766,r3i1p1f1,1984,12,14,2.862314075230786,1.715054,-6.313744,1984
12767,r3i1p1f1,1984,12,15,1.5508048011198345,1.1489676,-11.644164,1984
12768,r3i1p1f1,1984,12,16,0.0,3.8858283,-8.890983,1984
12769,r3i1p1f1,1984,12,17,0.0,4.315542,-4.9374604,1984
12770,r3i1p1f1,1984,12,18,0.0,6.512546,-7.7475214,1984
12771,r3i1p1f1,1984,12,19,0.0,7.804522,-2.9584272,1984
12772,r3i1p1f1,1984,12,20,0.0,7.955236,-6.2315326,1984
12773,r3i1p1f1,1984,12,21,0.0,10.494856,3.7001991,1984
12774,r3i1p1f1,1984,12,22,0.0,9.969135,-3.8234005,1984
12775,r3i1p1f1,1984,12,23,0.0,9.127526,-3.476713,1984
12776,r3i1p1f1,1984,12,24,0.0,9.058004,1.490324,1984
12777,r3i1p1f1,1984,12,25,0.0,8.241135,-2.8545165,1984
12778,r3i1p1f1,1984,12,26,0.0,9.24425,-1.1759205,1984
12779,r3i1p1f1,1984,12,27,0.0,12.537489,-0.34191263,1984
12780,r3i1p1f1,1984,12,28,0.0,15.566595,0.95717853,1984
12781,r3i1p1f1,1984,12,29,0.7474007095305225,11.750455,1.2033827,1984
12782,r3i1p1f1,1984,12,30,0.0,3.629211,-3.7151177,1984
12783,r3i1p1f1,1984,12,31,0.0,4.10512,-7.7281485,1984
12784,r3i1p1f1,1985,01,01,0.0,5.033425,-7.2740345,1985
12785,r3i1p1f1,1985,01,02,0.0,5.8319077,-6.378181,1985
12786,r3i1p1f1,1985,01,03,0.0,6.5470176,-6.4464374,1985
12787,r3i1p1f1,1985,01,04,0.0,10.335404,-4.7174315,1985
12788,r3i1p1f1,1985,01,05,0.0,9.219365,-1.4988097,1985
12789,r3i1p1f1,1985,01,06,0.2915512302455394,4.673812,-2.344686,1985
12790,r3i1p1f1,1985,01,07,0.0,9.232334,-3.1838708,1985
12791,r3i1p1f1,1985,01,08,0.0,8.08336,-3.022886,1985
12792,r3i1p1f1,1985,01,09,0.0,6.256901,-2.8806481,1985
12793,r3i1p1f1,1985,01,10,13.695751673137574,3.8206592,-0.3016926,1985
12794,r3i1p1f1,1985,01,11,1.1579747076642601,8.699,-1.2677065,1985
12795,r3i1p1f1,1985,01,12,2.0540166764380716,5.4475703,-0.055377625,1985
12796,r3i1p1f1,1985,01,13,0.0,7.980264,-4.768852,1985
12797,r3i1p1f1,1985,01,14,0.0,9.006811,2.3914516,1985
12798,r3i1p1f1,1985,01,15,0.010955659672617912,9.679317,1.1286411,1985
12799,r3i1p1f1,1985,01,16,8.644305154570917,5.832038,1.0253757,1985
12800,r3i1p1f1,1985,01,17,0.0,7.928844,-2.9495718,1985
12801,r3i1p1f1,1985,01,18,0.0,7.419961,-3.38088,1985
12802,r3i1p1f1,1985,01,19,1.1162240579754947,2.298615,-3.7403667,1985
12803,r3i1p1f1,1985,01,20,0.0,7.2458735,-3.8106065,1985
12804,r3i1p1f1,1985,01,21,6.568375505096475,1.0428584,-4.5634933,1985
12805,r3i1p1f1,1985,01,22,0.0,5.5639987,-7.3139477,1985
12806,r3i1p1f1,1985,01,23,0.0,7.607385,-6.2164288,1985
12807,r3i1p1f1,1985,01,24,0.0,11.3055725,-2.038685,1985
12808,r3i1p1f1,1985,01,25,0.0,12.182574,0.46929306,1985
12809,r3i1p1f1,1985,01,26,0.0,13.652417,-0.087296754,1985
12810,r3i1p1f1,1985,01,27,0.0,12.809908,-2.656119,1985
12811,r3i1p1f1,1985,01,28,0.0,13.307661,1.2270929,1985
12812,r3i1p1f1,1985,01,29,0.0,12.087515,0.91431355,1985
12813,r3i1p1f1,1985,01,30,0.0,10.49956,-2.057761,1985
12814,r3i1p1f1,1985,01,31,0.0,11.323603,-1.1316073,1985
12815,r3i1p1f1,1985,02,01,6.598575050558889,6.7617903,-5.316901,1985
12816,r3i1p1f1,1985,02,02,0.0,2.2207313,-8.21553,1985
12817,r3i1p1f1,1985,02,03,19.371327099782462,0.4174417,-5.651558,1985
12818,r3i1p1f1,1985,02,04,0.0,4.823324,-10.029141,1985
12819,r3i1p1f1,1985,02,05,0.0,7.5145154,-5.7771964,1985
12820,r3i1p1f1,1985,02,06,0.0,8.188362,1.2598629,1985
12821,r3i1p1f1,1985,02,07,1.2106343474251364,7.3324437,-0.1448996,1985
12822,r3i1p1f1,1985,02,08,0.0,12.8747835,-3.8636887,1985
12823,r3i1p1f1,1985,02,09,0.0,13.377969,-0.22100241,1985
12824,r3i1p1f1,1985,02,10,4.015413265676072,10.651213,4.1656446,1985
12825,r3i1p1f1,1985,02,11,14.587824217788262,8.547915,1.7454593,1985
12826,r3i1p1f1,1985,02,12,0.0,12.765955,-1.9661113,1985
12827,r3i1p1f1,1985,02,13,0.0,14.79705,1.0690846,1985
12828,r3i1p1f1,1985,02,14,0.0008050172853377022,12.875007,4.5599155,1985
12829,r3i1p1f1,1985,02,15,0.0,13.034734,1.9671788,1985
12830,r3i1p1f1,1985,02,16,10.023250032291367,8.412254,2.1561327,1985
12831,r3i1p1f1,1985,02,17,47.15513533079311,7.5369587,1.3484094,1985
12832,r3i1p1f1,1985,02,18,0.0,11.971349,0.75732946,1985
12833,r3i1p1f1,1985,02,19,35.83561849878415,7.9196267,1.5990821,1985
12834,r3i1p1f1,1985,02,20,18.239912025226083,11.022761,1.0199472,1985
12835,r3i1p1f1,1985,02,21,14.601016848495131,9.507232,2.715904,1985
12836,r3i1p1f1,1985,02,22,9.330961152782516,6.4400377,-2.5736296,1985
12837,r3i1p1f1,1985,02,23,0.0,12.238915,-1.5237908,1985
12838,r3i1p1f1,1985,02,24,2.688739296373617,9.609282,-2.1485288,1985
12839,r3i1p1f1,1985,02,25,11.094359548664407,2.566787,-5.901308,1985
12840,r3i1p1f1,1985,02,26,0.0,3.9304004,-7.7778773,1985
12841,r3i1p1f1,1985,02,27,0.0,5.017239,-8.732368,1985
12842,r3i1p1f1,1985,02,28,10.740332125293973,0.9144877,-8.603175,1985
12843,r3i1p1f1,1985,03,01,0.0,7.770879,-9.778609,1985
12844,r3i1p1f1,1985,03,02,0.0,10.617575,-4.950807,1985
12845,r3i1p1f1,1985,03,03,0.0,15.456865,-1.6601527,1985
12846,r3i1p1f1,1985,03,04,0.0,18.32382,2.4942048,1985
12847,r3i1p1f1,1985,03,05,0.0,17.79118,4.4184217,1985
12848,r3i1p1f1,1985,03,06,7.30455117480137,12.708809,1.4626021,1985
12849,r3i1p1f1,1985,03,07,3.491680749529654,5.035655,-6.933054,1985
12850,r3i1p1f1,1985,03,08,0.0,10.695382,-4.035996,1985
12851,r3i1p1f1,1985,03,09,0.0,13.038459,-0.3907943,1985
12852,r3i1p1f1,1985,03,10,1.2704387203005976,10.313464,0.7281266,1985
12853,r3i1p1f1,1985,03,11,26.424830416707618,3.8177826,-2.279915,1985
12854,r3i1p1f1,1985,03,12,5.664416495557433,0.8601372,-5.825157,1985
12855,r3i1p1f1,1985,03,13,0.9518256999160114,3.3710983,-6.4596715,1985
12856,r3i1p1f1,1985,03,14,0.3943358517732888,5.249105,-7.504131,1985
12857,r3i1p1f1,1985,03,15,0.0,6.6898475,-5.9228888,1985
12858,r3i1p1f1,1985,03,16,0.0,12.230709,-3.4782846,1985
12859,r3i1p1f1,1985,03,17,0.0,14.777859,0.10076613,1985
12860,r3i1p1f1,1985,03,18,0.0,15.061661,0.23501527,1985
12861,r3i1p1f1,1985,03,19,0.6922205474103592,12.752328,1.0899994,1985
12862,r3i1p1f1,1985,03,20,0.01282846113960994,7.9741497,-3.4770768,1985
12863,r3i1p1f1,1985,03,21,0.0,5.5780926,-6.4853034,1985
12864,r3i1p1f1,1985,03,22,3.157043521557506,2.6181028,-4.7955794,1985
12865,r3i1p1f1,1985,03,23,9.240662023627298,6.2325606,-4.5173497,1985
12866,r3i1p1f1,1985,03,24,0.7006188031051639,8.728528,-2.9013667,1985
12867,r3i1p1f1,1985,03,25,3.4186322978042116,9.327049,-6.040243,1985
12868,r3i1p1f1,1985,03,26,3.256406094174293,7.5828366,-5.444214,1985
12869,r3i1p1f1,1985,03,27,1.2231245481464277,3.9592519,-6.962962,1985
12870,r3i1p1f1,1985,03,28,0.7227878876667666,7.0916724,-6.4168086,1985
12871,r3i1p1f1,1985,03,29,0.0,10.88584,-3.8299868,1985
12872,r3i1p1f1,1985,03,30,0.0,12.4379425,-2.0420978,1985
12873,r3i1p1f1,1985,03,31,0.0,13.42914,-1.4086605,1985
12874,r3i1p1f1,1985,04,01,1.9438585442625673,10.662244,-2.770157,1985
12875,r3i1p1f1,1985,04,02,0.005708888018393497,9.476343,-4.1470456,1985
12876,r3i1p1f1,1985,04,03,0.0,9.840875,-4.175297,1985
12877,r3i1p1f1,1985,04,04,0.0,14.6438265,-1.5171928,1985
12878,r3i1p1f1,1985,04,05,0.0,17.55067,0.947498,1985
12879,r3i1p1f1,1985,04,06,0.0,18.132975,2.8161898,1985
12880,r3i1p1f1,1985,04,07,0.0,18.239195,3.2509592,1985
12881,r3i1p1f1,1985,04,08,0.0,19.229992,3.47756,1985
12882,r3i1p1f1,1985,04,09,0.0,18.49552,5.119415,1985
12883,r3i1p1f1,1985,04,10,0.0,17.866964,3.5519402,1985
12884,r3i1p1f1,1985,04,11,0.0,16.608883,4.664648,1985
12885,r3i1p1f1,1985,04,12,0.0,12.339063,-1.3526316,1985
12886,r3i1p1f1,1985,04,13,0.0015730700014453185,9.960176,-2.7779186,1985
12887,r3i1p1f1,1985,04,14,19.530268897008348,6.106922,-3.5074184,1985
12888,r3i1p1f1,1985,04,15,11.742671926836728,-0.16379349,-7.659731,1985
12889,r3i1p1f1,1985,04,16,0.0,8.389836,-11.6805,1985
12890,r3i1p1f1,1985,04,17,0.0,10.915158,-0.36749434,1985
12891,r3i1p1f1,1985,04,18,0.0,15.560424,2.8524125,1985
12892,r3i1p1f1,1985,04,19,0.0,19.50248,4.96966,1985
12893,r3i1p1f1,1985,04,20,0.0,20.034601,7.2554665,1985
12894,r3i1p1f1,1985,04,21,0.0,21.291248,4.887058,1985
12895,r3i1p1f1,1985,04,22,0.0,20.87351,6.4594917,1985
12896,r3i1p1f1,1985,04,23,0.4734095956480719,14.845336,3.3785703,1985
12897,r3i1p1f1,1985,04,24,0.0,12.752581,-2.2422857,1985
12898,r3i1p1f1,1985,04,25,8.267047112856648,7.9033337,-2.049861,1985
12899,r3i1p1f1,1985,04,26,0.3217752299908745,11.29507,-1.3478804,1985
12900,r3i1p1f1,1985,04,27,0.0,13.935122,1.2641158,1985
12901,r3i1p1f1,1985,04,28,0.0,14.889421,-0.93545306,1985
12902,r3i1p1f1,1985,04,29,12.413085158454793,9.368031,-2.4051535,1985
12903,r3i1p1f1,1985,04,30,19.864822518521624,0.9273581,-6.269268,1985
12904,r3i1p1f1,1985,05,01,5.279316550609349,1.8210151,-6.212059,1985
12905,r3i1p1f1,1985,05,02,0.0,8.946788,-7.731844,1985
12906,r3i1p1f1,1985,05,03,0.0,12.722168,-2.9648108,1985
12907,r3i1p1f1,1985,05,04,0.009407375718613989,12.159196,0.42616394,1985
12908,r3i1p1f1,1985,05,05,19.731026523329906,7.325234,1.8388227,1985
12909,r3i1p1f1,1985,05,06,10.490470206614669,11.408713,-1.268942,1985
12910,r3i1p1f1,1985,05,07,21.995637065571685,4.768311,-1.090617,1985
12911,r3i1p1f1,1985,05,08,0.0,9.22906,-2.716698,1985
12912,r3i1p1f1,1985,05,09,5.012757584948926,5.7532926,-2.9519153,1985
12913,r3i1p1f1,1985,05,10,21.192605477010243,2.7356374,-2.6971328,1985
12914,r3i1p1f1,1985,05,11,0.0,10.060221,-3.5722227,1985
12915,r3i1p1f1,1985,05,12,0.0,16.721445,0.5973944,1985
12916,r3i1p1f1,1985,05,13,0.24859107449485332,15.251966,1.7457488,1985
12917,r3i1p1f1,1985,05,14,8.286066964003686,5.9467707,-3.0782137,1985
12918,r3i1p1f1,1985,05,15,1.0218170271592069,7.815601,-0.687607,1985
12919,r3i1p1f1,1985,05,16,0.0,10.68569,-1.5498118,1985
12920,r3i1p1f1,1985,05,17,0.0,17.508478,0.2145484,1985
12921,r3i1p1f1,1985,05,18,0.0,19.544949,2.3382227,1985
12922,r3i1p1f1,1985,05,19,0.0,20.927586,4.4439135,1985
12923,r3i1p1f1,1985,05,20,0.0,20.799309,6.050756,1985
12924,r3i1p1f1,1985,05,21,0.0,19.678246,5.562015,1985
12925,r3i1p1f1,1985,05,22,0.0,17.64756,5.34816,1985
12926,r3i1p1f1,1985,05,23,2.44846199685095,13.274154,3.6741066,1985
12927,r3i1p1f1,1985,05,24,1.2796767196146233,14.666004,0.9068647,1985
12928,r3i1p1f1,1985,05,25,4.622776081286199,13.037014,2.0713382,1985
12929,r3i1p1f1,1985,05,26,7.512253335076629,7.9906645,1.8525697,1985
12930,r3i1p1f1,1985,05,27,5.288058237975316,7.943746,0.88710314,1985
12931,r3i1p1f1,1985,05,28,2.6306053382301653,13.733972,-1.2906082,1985
12932,r3i1p1f1,1985,05,29,2.322720329634888,13.432998,0.60648465,1985
12933,r3i1p1f1,1985,05,30,0.21673484497066392,15.428511,0.51523924,1985
12934,r3i1p1f1,1985,05,31,2.8021691746528776,11.600085,0.057929203,1985
12935,r3i1p1f1,1985,06,01,0.9934433918906985,14.474659,1.3544115,1985
12936,r3i1p1f1,1985,06,02,0.0,19.80599,2.2421205,1985
12937,r3i1p1f1,1985,06,03,3.164408107496504,16.403362,4.7262845,1985
12938,r3i1p1f1,1985,06,04,0.0,22.099129,4.5521507,1985
12939,r3i1p1f1,1985,06,05,0.0,21.849918,7.74172,1985
12940,r3i1p1f1,1985,06,06,0.0,20.325243,4.537076,1985
12941,r3i1p1f1,1985,06,07,0.0,19.534494,4.8800945,1985
12942,r3i1p1f1,1985,06,08,0.0,18.67705,4.0156054,1985
12943,r3i1p1f1,1985,06,09,0.0,18.012815,4.4891872,1985
12944,r3i1p1f1,1985,06,10,0.5733678089822397,13.163797,3.8717453,1985
12945,r3i1p1f1,1985,06,11,7.542943569837678,9.829878,-1.8589578,1985
12946,r3i1p1f1,1985,06,12,7.4197327217437925,8.673719,2.4848745,1985
12947,r3i1p1f1,1985,06,13,0.05986535030196568,19.083221,2.1242802,1985
12948,r3i1p1f1,1985,06,14,0.24069661862756075,22.716442,5.892973,1985
12949,r3i1p1f1,1985,06,15,0.0,24.03663,7.292256,1985
12950,r3i1p1f1,1985,06,16,0.0,25.259855,9.32565,1985
12951,r3i1p1f1,1985,06,17,0.0,25.765062,9.514295,1985
12952,r3i1p1f1,1985,06,18,0.0,25.02479,9.891217,1985
12953,r3i1p1f1,1985,06,19,0.0,23.658232,8.259763,1985
12954,r3i1p1f1,1985,06,20,0.0,21.046305,5.672119,1985
12955,r3i1p1f1,1985,06,21,0.0,20.618765,6.2314277,1985
12956,r3i1p1f1,1985,06,22,0.0,20.537241,2.9613743,1985
12957,r3i1p1f1,1985,06,23,0.0,21.564068,3.7687209,1985
12958,r3i1p1f1,1985,06,24,0.0,21.205938,5.83442,1985
12959,r3i1p1f1,1985,06,25,0.0,18.95102,3.4494052,1985
12960,r3i1p1f1,1985,06,26,0.0,18.944466,4.376738,1985
12961,r3i1p1f1,1985,06,27,0.0,24.386793,5.202123,1985
12962,r3i1p1f1,1985,06,28,0.0,24.294697,8.745958,1985
12963,r3i1p1f1,1985,06,29,0.0,23.61324,6.8119717,1985
12964,r3i1p1f1,1985,06,30,0.0,25.569881,7.4845624,1985
12965,r3i1p1f1,1985,07,01,0.0,25.091398,11.740257,1985
12966,r3i1p1f1,1985,07,02,0.0,23.766195,8.180505,1985
12967,r3i1p1f1,1985,07,03,0.0,24.429554,7.2095857,1985
12968,r3i1p1f1,1985,07,04,0.0,23.332266,6.8833838,1985
12969,r3i1p1f1,1985,07,05,0.0,19.23131,6.5154204,1985
12970,r3i1p1f1,1985,07,06,0.0,23.018467,5.125764,1985
12971,r3i1p1f1,1985,07,07,0.0,27.652786,8.83868,1985
12972,r3i1p1f1,1985,07,08,0.0,27.742844,12.178703,1985
12973,r3i1p1f1,1985,07,09,0.0,27.448013,9.926794,1985
12974,r3i1p1f1,1985,07,10,0.0,29.39249,11.7924185,1985
12975,r3i1p1f1,1985,07,11,0.0,29.552664,11.981126,1985
12976,r3i1p1f1,1985,07,12,0.0,30.65858,12.231897,1985
12977,r3i1p1f1,1985,07,13,0.0,30.130295,13.024709,1985
12978,r3i1p1f1,1985,07,14,0.0,28.536577,11.93011,1985
12979,r3i1p1f1,1985,07,15,0.0,28.038935,11.939346,1985
12980,r3i1p1f1,1985,07,16,0.0,29.49387,12.141905,1985
12981,r3i1p1f1,1985,07,17,0.0,30.70679,12.701716,1985
12982,r3i1p1f1,1985,07,18,0.0,31.26887,13.349728,1985
12983,r3i1p1f1,1985,07,19,0.0,30.74905,14.593226,1985
12984,r3i1p1f1,1985,07,20,0.0,29.996986,14.099399,1985
12985,r3i1p1f1,1985,07,21,0.0,30.36842,13.569208,1985
12986,r3i1p1f1,1985,07,22,0.0,29.376911,13.390062,1985
12987,r3i1p1f1,1985,07,23,0.23156556264056186,31.504036,15.980035,1985
12988,r3i1p1f1,1985,07,24,0.16840397821445213,32.542427,16.381676,1985
12989,r3i1p1f1,1985,07,25,0.0004709383478927377,31.639174,15.30103,1985
12990,r3i1p1f1,1985,07,26,0.0,31.606596,13.433617,1985
12991,r3i1p1f1,1985,07,27,0.0,30.93656,13.28971,1985
12992,r3i1p1f1,1985,07,28,0.0,29.78599,12.4094715,1985
12993,r3i1p1f1,1985,07,29,0.0,32.005505,12.512717,1985
12994,r3i1p1f1,1985,07,30,0.0,33.401417,14.542067,1985
12995,r3i1p1f1,1985,07,31,0.0,33.84637,15.514066,1985
12996,r3i1p1f1,1985,08,01,0.0,33.436066,14.817188,1985
12997,r3i1p1f1,1985,08,02,0.0,33.219364,16.219385,1985
12998,r3i1p1f1,1985,08,03,0.0,31.02188,13.789727,1985
12999,r3i1p1f1,1985,08,04,0.0,31.916433,13.046824,1985
13000,r3i1p1f1,1985,08,05,0.0,31.800032,14.078012,1985
13001,r3i1p1f1,1985,08,06,0.0,31.026117,14.175172,1985
13002,r3i1p1f1,1985,08,07,0.0,27.291328,10.335577,1985
13003,r3i1p1f1,1985,08,08,0.0,26.914345,9.795924,1985
13004,r3i1p1f1,1985,08,09,0.0,26.269468,10.270049,1985
13005,r3i1p1f1,1985,08,10,0.0,24.67933,9.793729,1985
13006,r3i1p1f1,1985,08,11,0.0,30.447754,10.797208,1985
13007,r3i1p1f1,1985,08,12,0.0,30.291853,13.33303,1985
13008,r3i1p1f1,1985,08,13,0.0,28.364035,12.346468,1985
13009,r3i1p1f1,1985,08,14,0.0,28.357002,10.476919,1985
13010,r3i1p1f1,1985,08,15,0.0,31.405077,12.533721,1985
13011,r3i1p1f1,1985,08,16,0.0,31.37562,14.185652,1985
13012,r3i1p1f1,1985,08,17,0.0,30.585941,14.427017,1985
13013,r3i1p1f1,1985,08,18,0.0,28.599062,11.370786,1985
13014,r3i1p1f1,1985,08,19,0.0,29.179482,11.269679,1985
13015,r3i1p1f1,1985,08,20,0.0,29.970201,11.68157,1985
13016,r3i1p1f1,1985,08,21,0.0,30.485125,11.64305,1985
13017,r3i1p1f1,1985,08,22,0.0,30.058233,12.780393,1985
13018,r3i1p1f1,1985,08,23,0.0,29.183275,11.862497,1985
13019,r3i1p1f1,1985,08,24,0.0,27.074371,10.083775,1985
13020,r3i1p1f1,1985,08,25,0.0,25.821022,8.93401,1985
13021,r3i1p1f1,1985,08,26,0.0,26.785755,10.54593,1985
13022,r3i1p1f1,1985,08,27,0.0,28.126387,11.441337,1985
13023,r3i1p1f1,1985,08,28,0.0,27.943634,11.352239,1985
13024,r3i1p1f1,1985,08,29,0.0,27.459288,10.311748,1985
13025,r3i1p1f1,1985,08,30,0.0,26.426102,9.249724,1985
13026,r3i1p1f1,1985,08,31,0.0,24.17854,8.235399,1985
13027,r3i1p1f1,1985,09,01,0.0,23.694977,8.294859,1985
13028,r3i1p1f1,1985,09,02,0.0,27.804874,8.920679,1985
13029,r3i1p1f1,1985,09,03,0.0,30.525066,11.18949,1985
13030,r3i1p1f1,1985,09,04,0.0,29.656939,13.60932,1985
13031,r3i1p1f1,1985,09,05,0.0,28.233938,11.59504,1985
13032,r3i1p1f1,1985,09,06,0.0,28.82855,11.901129,1985
13033,r3i1p1f1,1985,09,07,0.0,31.58256,12.332781,1985
13034,r3i1p1f1,1985,09,08,0.0,31.901577,13.926589,1985
13035,r3i1p1f1,1985,09,09,0.0,31.619514,14.283502,1985
13036,r3i1p1f1,1985,09,10,0.0,31.100878,14.033734,1985
13037,r3i1p1f1,1985,09,11,0.0,30.225021,14.737925,1985
13038,r3i1p1f1,1985,09,12,0.0,26.021606,12.117591,1985
13039,r3i1p1f1,1985,09,13,0.0,21.907026,5.836901,1985
13040,r3i1p1f1,1985,09,14,0.0,20.697897,4.013102,1985
13041,r3i1p1f1,1985,09,15,0.0,23.699594,4.812396,1985
13042,r3i1p1f1,1985,09,16,0.0,26.429401,7.839618,1985
13043,r3i1p1f1,1985,09,17,0.0,26.141764,8.775069,1985
13044,r3i1p1f1,1985,09,18,0.0,23.602201,9.00421,1985
13045,r3i1p1f1,1985,09,19,0.0,21.57629,6.3896556,1985
13046,r3i1p1f1,1985,09,20,0.0031597929927030285,20.276567,7.742152,1985
13047,r3i1p1f1,1985,09,21,0.0017313271344296243,23.756329,8.249698,1985
13048,r3i1p1f1,1985,09,22,0.883864291551474,25.602072,11.060459,1985
13049,r3i1p1f1,1985,09,23,1.1803602609832429,18.897776,6.8721657,1985
13050,r3i1p1f1,1985,09,24,1.0278169993494215,18.85828,4.5078783,1985
13051,r3i1p1f1,1985,09,25,0.0,19.369772,4.5418057,1985
13052,r3i1p1f1,1985,09,26,0.1062258764010805,21.045507,4.769219,1985
13053,r3i1p1f1,1985,09,27,0.0,21.901205,5.5108542,1985
13054,r3i1p1f1,1985,09,28,0.0,20.352964,5.7646832,1985
13055,r3i1p1f1,1985,09,29,0.0,19.237425,3.5379755,1985
13056,r3i1p1f1,1985,09,30,0.0,18.131958,6.773283,1985
13057,r3i1p1f1,1985,10,01,0.0,22.190718,5.69402,1985
13058,r3i1p1f1,1985,10,02,0.0,23.243647,5.874943,1985
13059,r3i1p1f1,1985,10,03,0.0,22.904245,6.111715,1985
13060,r3i1p1f1,1985,10,04,0.0,24.47488,7.302746,1985
13061,r3i1p1f1,1985,10,05,0.0,25.769238,9.498655,1985
13062,r3i1p1f1,1985,10,06,0.0,26.543201,9.183478,1985
13063,r3i1p1f1,1985,10,07,0.0,27.303802,9.98228,1985
13064,r3i1p1f1,1985,10,08,0.0,26.989077,9.719478,1985
13065,r3i1p1f1,1985,10,09,0.0,26.914831,8.906936,1985
13066,r3i1p1f1,1985,10,10,0.0,27.43978,10.06267,1985
13067,r3i1p1f1,1985,10,11,0.0,26.877281,8.96956,1985
13068,r3i1p1f1,1985,10,12,0.0,26.872562,9.503314,1985
13069,r3i1p1f1,1985,10,13,0.0,26.157675,8.978908,1985
13070,r3i1p1f1,1985,10,14,0.0,25.287807,9.276058,1985
13071,r3i1p1f1,1985,10,15,0.0,22.041584,7.297851,1985
13072,r3i1p1f1,1985,10,16,0.0,20.463127,4.908741,1985
13073,r3i1p1f1,1985,10,17,0.1054315127763211,20.044283,5.8149524,1985
13074,r3i1p1f1,1985,10,18,0.0,18.29684,3.118617,1985
13075,r3i1p1f1,1985,10,19,0.0,18.828543,3.145548,1985
13076,r3i1p1f1,1985,10,20,0.0,17.315619,3.4848251,1985
13077,r3i1p1f1,1985,10,21,0.0,17.905827,2.4666197,1985
13078,r3i1p1f1,1985,10,22,0.0,16.774626,3.9717643,1985
13079,r3i1p1f1,1985,10,23,16.360916820849525,11.650945,0.8328146,1985
13080,r3i1p1f1,1985,10,24,1.402552025607101,9.080439,0.8251062,1985
13081,r3i1p1f1,1985,10,25,0.0,13.308286,-0.97876966,1985
13082,r3i1p1f1,1985,10,26,0.0,18.473232,2.6079295,1985
13083,r3i1p1f1,1985,10,27,0.0,21.38027,5.456556,1985
13084,r3i1p1f1,1985,10,28,0.0,24.23244,8.299287,1985
13085,r3i1p1f1,1985,10,29,0.0,26.268866,8.126313,1985
13086,r3i1p1f1,1985,10,30,0.0,24.282032,9.087867,1985
13087,r3i1p1f1,1985,10,31,0.0,19.969048,8.36305,1985
13088,r3i1p1f1,1985,11,01,0.07670963890345056,20.304552,9.105091,1985
13089,r3i1p1f1,1985,11,02,0.0,21.841652,5.688621,1985
13090,r3i1p1f1,1985,11,03,0.0,19.28982,6.0883512,1985
13091,r3i1p1f1,1985,11,04,0.5093865731875045,16.308624,4.2483497,1985
13092,r3i1p1f1,1985,11,05,0.0,13.217781,-0.13317734,1985
13093,r3i1p1f1,1985,11,06,0.0,12.487328,0.8028342,1985
13094,r3i1p1f1,1985,11,07,0.0,15.004197,3.2717335,1985
13095,r3i1p1f1,1985,11,08,0.0,15.201225,2.169266,1985
13096,r3i1p1f1,1985,11,09,0.33276343509848966,13.755413,4.6488814,1985
13097,r3i1p1f1,1985,11,10,11.445593420342592,9.223558,1.2788681,1985
13098,r3i1p1f1,1985,11,11,0.0,8.339622,-2.868255,1985
13099,r3i1p1f1,1985,11,12,0.0,12.2305155,-2.4638,1985
13100,r3i1p1f1,1985,11,13,0.4601315793000762,9.486912,-1.5170882,1985
13101,r3i1p1f1,1985,11,14,32.58241318215273,3.7148364,-3.0985806,1985
13102,r3i1p1f1,1985,11,15,0.0,6.265629,-10.166168,1985
13103,r3i1p1f1,1985,11,16,0.0,8.109925,-6.9250793,1985
13104,r3i1p1f1,1985,11,17,0.0,13.725049,0.6658455,1985
13105,r3i1p1f1,1985,11,18,1.0753705358135783,11.198353,0.012804355,1985
13106,r3i1p1f1,1985,11,19,28.02004824502786,6.182485,1.5131991,1985
13107,r3i1p1f1,1985,11,20,9.872528519113793,4.2123823,-2.0748155,1985
13108,r3i1p1f1,1985,11,21,0.0,6.8494773,-5.0944257,1985
13109,r3i1p1f1,1985,11,22,0.0,11.165568,-1.9283522,1985
13110,r3i1p1f1,1985,11,23,0.0,9.922762,-0.40091738,1985
13111,r3i1p1f1,1985,11,24,3.121070196319028,8.335981,1.2836795,1985
13112,r3i1p1f1,1985,11,25,0.0,9.75341,0.25293794,1985
13113,r3i1p1f1,1985,11,26,1.9537920704782377,7.583161,-0.27244416,1985
13114,r3i1p1f1,1985,11,27,0.00033713015574520747,9.692779,-2.582812,1985
13115,r3i1p1f1,1985,11,28,0.0,12.20651,-2.3549116,1985
13116,r3i1p1f1,1985,11,29,0.0,12.706976,-0.8614511,1985
13117,r3i1p1f1,1985,11,30,0.0,10.673481,-2.0154326,1985
13118,r3i1p1f1,1985,12,01,4.878996786053329,6.705659,-1.2549223,1985
13119,r3i1p1f1,1985,12,02,0.0,8.354106,-3.0038037,1985
13120,r3i1p1f1,1985,12,03,0.0,11.997994,-0.9323082,1985
13121,r3i1p1f1,1985,12,04,0.0,11.931296,-0.25528947,1985
13122,r3i1p1f1,1985,12,05,0.0,13.604942,-0.0008908991,1985
13123,r3i1p1f1,1985,12,06,0.0,12.15654,-0.29115728,1985
13124,r3i1p1f1,1985,12,07,0.0,10.378027,-0.97317225,1985
13125,r3i1p1f1,1985,12,08,0.0,10.645422,-1.3385614,1985
13126,r3i1p1f1,1985,12,09,0.0,11.397977,-0.01112339,1985
13127,r3i1p1f1,1985,12,10,0.0,13.073564,0.9531636,1985
13128,r3i1p1f1,1985,12,11,0.0,14.39533,1.3383601,1985
13129,r3i1p1f1,1985,12,12,0.0,12.934629,0.85527694,1985
13130,r3i1p1f1,1985,12,13,0.0,11.904859,-0.17371349,1985
13131,r3i1p1f1,1985,12,14,0.0,13.320657,1.6184794,1985
13132,r3i1p1f1,1985,12,15,0.0,16.492823,3.0999157,1985
13133,r3i1p1f1,1985,12,16,0.0,17.135666,4.1312428,1985
13134,r3i1p1f1,1985,12,17,0.0,16.525925,4.8201923,1985
13135,r3i1p1f1,1985,12,18,0.0,15.979387,4.1046085,1985
13136,r3i1p1f1,1985,12,19,0.0,17.50296,5.079179,1985
13137,r3i1p1f1,1985,12,20,0.0,17.493305,5.0495915,1985
13138,r3i1p1f1,1985,12,21,0.0,14.484831,3.3811011,1985
13139,r3i1p1f1,1985,12,22,0.0,16.90349,2.1025448,1985
13140,r3i1p1f1,1985,12,23,0.0,18.018179,2.3286495,1985
13141,r3i1p1f1,1985,12,24,17.066054888020613,13.904664,3.4633708,1985
13142,r3i1p1f1,1985,12,25,68.02705776828684,7.9846845,3.652996,1985
13143,r3i1p1f1,1985,12,26,17.01090290378871,7.722169,-1.9667257,1985
13144,r3i1p1f1,1985,12,27,0.0,15.423167,1.2454687,1985
13145,r3i1p1f1,1985,12,28,0.0,17.640442,2.6605883,1985
13146,r3i1p1f1,1985,12,29,0.0,17.489317,2.9935749,1985
13147,r3i1p1f1,1985,12,30,0.0,14.894496,4.9748907,1985
13148,r3i1p1f1,1985,12,31,0.0,12.698865,4.934132,1985
13149,r3i1p1f1,1986,01,01,0.0,17.667578,2.6316764,1986
13150,r3i1p1f1,1986,01,02,2.4852898962547587,13.568738,2.5160623,1986
13151,r3i1p1f1,1986,01,03,30.328356847167015,11.027183,3.1355743,1986
13152,r3i1p1f1,1986,01,04,83.3822514910839,11.213886,6.656255,1986
13153,r3i1p1f1,1986,01,05,35.92490642760439,11.278939,1.3223618,1986
13154,r3i1p1f1,1986,01,06,54.24268354024542,8.95525,3.1834428,1986
13155,r3i1p1f1,1986,01,07,21.466475751520576,8.679066,2.846019,1986
13156,r3i1p1f1,1986,01,08,49.970270080589934,8.346788,3.441564,1986
13157,r3i1p1f1,1986,01,09,23.415772607059854,5.8701324,1.454715,1986
13158,r3i1p1f1,1986,01,10,18.532644907980668,4.76388,-4.6076236,1986
13159,r3i1p1f1,1986,01,11,7.329989261664818,1.0460341,-6.7783155,1986
13160,r3i1p1f1,1986,01,12,4.509210306385189,0.7637651,-10.117813,1986
13161,r3i1p1f1,1986,01,13,0.0,3.6316636,-8.057016,1986
13162,r3i1p1f1,1986,01,14,0.0,6.8282638,-5.266922,1986
13163,r3i1p1f1,1986,01,15,3.544891043106633,3.3989382,-7.8333488,1986
13164,r3i1p1f1,1986,01,16,0.0,5.061427,-7.7385745,1986
13165,r3i1p1f1,1986,01,17,0.0,6.6951227,-6.8355203,1986
13166,r3i1p1f1,1986,01,18,11.264814432146714,1.0663248,-5.113691,1986
13167,r3i1p1f1,1986,01,19,0.0,3.1745765,-10.526568,1986
13168,r3i1p1f1,1986,01,20,16.660018523122602,0.5961584,-5.854836,1986
13169,r3i1p1f1,1986,01,21,0.0,4.404941,-9.625734,1986
13170,r3i1p1f1,1986,01,22,0.0,4.7411313,-7.717981,1986
13171,r3i1p1f1,1986,01,23,0.0,7.4848366,-5.1890874,1986
13172,r3i1p1f1,1986,01,24,0.0,8.45151,-4.8740306,1986
13173,r3i1p1f1,1986,01,25,0.0,7.8193817,-1.3813646,1986
13174,r3i1p1f1,1986,01,26,8.046903330556999,3.6573021,-5.8184147,1986
13175,r3i1p1f1,1986,01,27,8.705993719922844,3.065357,-2.8047438,1986
13176,r3i1p1f1,1986,01,28,12.592994046740627,0.8424277,-3.7153876,1986
13177,r3i1p1f1,1986,01,29,0.0,4.50284,-9.353057,1986
13178,r3i1p1f1,1986,01,30,62.71020286275368,3.4933918,-5.431028,1986
13179,r3i1p1f1,1986,01,31,9.401932754324088,1.3432962,-8.679166,1986
13180,r3i1p1f1,1986,02,01,0.0,3.143524,-11.540323,1986
13181,r3i1p1f1,1986,02,02,3.306769871721228,2.1161,-5.3590007,1986
13182,r3i1p1f1,1986,02,03,39.26113588784478,2.758759,-2.3600166,1986
13183,r3i1p1f1,1986,02,04,11.306888237595558,8.011178,-1.0892802,1986
13184,r3i1p1f1,1986,02,05,2.666739246270529,7.852408,-1.0727063,1986
13185,r3i1p1f1,1986,02,06,2.410273095531585,9.99014,-2.7574165,1986
13186,r3i1p1f1,1986,02,07,0.0,12.798362,-2.8330784,1986
13187,r3i1p1f1,1986,02,08,0.0,11.822777,0.28113863,1986
13188,r3i1p1f1,1986,02,09,0.0,12.256934,-1.1775563,1986
13189,r3i1p1f1,1986,02,10,0.0,13.512481,-0.79169184,1986
13190,r3i1p1f1,1986,02,11,0.0,14.843746,-0.538855,1986
13191,r3i1p1f1,1986,02,12,0.0,13.52433,-1.0086768,1986
13192,r3i1p1f1,1986,02,13,0.0,14.405962,1.8787235,1986
13193,r3i1p1f1,1986,02,14,0.0,14.59841,2.7071896,1986
13194,r3i1p1f1,1986,02,15,0.0,14.581165,3.826723,1986
13195,r3i1p1f1,1986,02,16,3.988831930205618,12.178913,1.3258097,1986
13196,r3i1p1f1,1986,02,17,71.7204778161096,8.679472,2.358851,1986
13197,r3i1p1f1,1986,02,18,5.122799501364888,10.379512,-1.290338,1986
13198,r3i1p1f1,1986,02,19,0.0,11.421061,-1.1221223,1986
13199,r3i1p1f1,1986,02,20,0.0,10.752049,-1.466151,1986
13200,r3i1p1f1,1986,02,21,0.0,11.979303,-1.9731513,1986
13201,r3i1p1f1,1986,02,22,0.0,14.419652,1.6469901,1986
13202,r3i1p1f1,1986,02,23,0.0,13.485841,0.446281,1986
13203,r3i1p1f1,1986,02,24,0.0,10.615912,-0.7610011,1986
13204,r3i1p1f1,1986,02,25,15.91595384065601,5.845595,-0.3845845,1986
13205,r3i1p1f1,1986,02,26,46.55733190746488,8.309201,2.1251488,1986
13206,r3i1p1f1,1986,02,27,38.03205046263572,7.4890943,1.8866937,1986
13207,r3i1p1f1,1986,02,28,1.9141106412127173,3.9568458,-6.7984123,1986
13208,r3i1p1f1,1986,03,01,0.0,4.3260603,-7.7979884,1986
13209,r3i1p1f1,1986,03,02,3.8342798370745426,1.6198126,-8.323617,1986
13210,r3i1p1f1,1986,03,03,0.5736786699057311,3.0961342,-10.333289,1986
13211,r3i1p1f1,1986,03,04,0.0,4.267859,-6.6555843,1986
13212,r3i1p1f1,1986,03,05,0.0,6.699192,-6.2992563,1986
13213,r3i1p1f1,1986,03,06,0.0,7.94477,-5.5949874,1986
13214,r3i1p1f1,1986,03,07,0.0,12.619521,-3.4531891,1986
13215,r3i1p1f1,1986,03,08,0.0,12.275982,-1.5109122,1986
13216,r3i1p1f1,1986,03,09,0.0,12.835581,-0.9544722,1986
13217,r3i1p1f1,1986,03,10,0.0,12.66623,-0.21796957,1986
13218,r3i1p1f1,1986,03,11,0.0,13.27361,0.0012308756,1986
13219,r3i1p1f1,1986,03,12,0.0,14.471148,-0.30086726,1986
13220,r3i1p1f1,1986,03,13,0.8170568456798241,10.9142,-0.5998061,1986
13221,r3i1p1f1,1986,03,14,0.0,14.938077,-0.7451086,1986
13222,r3i1p1f1,1986,03,15,0.0,18.550444,2.2253404,1986
13223,r3i1p1f1,1986,03,16,0.0,21.6924,5.334561,1986
13224,r3i1p1f1,1986,03,17,0.0,22.139389,7.7767496,1986
13225,r3i1p1f1,1986,03,18,0.0,20.523754,6.697343,1986
13226,r3i1p1f1,1986,03,19,0.0,19.141245,3.6059911,1986
13227,r3i1p1f1,1986,03,20,0.0,16.727703,1.3257245,1986
13228,r3i1p1f1,1986,03,21,0.0,16.936378,1.028864,1986
13229,r3i1p1f1,1986,03,22,0.0,18.338936,2.3308227,1986
13230,r3i1p1f1,1986,03,23,0.0,18.563665,5.0465236,1986
13231,r3i1p1f1,1986,03,24,0.0,20.624989,5.1998487,1986
13232,r3i1p1f1,1986,03,25,0.0,21.381659,6.069452,1986
13233,r3i1p1f1,1986,03,26,0.718548592924076,17.952288,3.8654814,1986
13234,r3i1p1f1,1986,03,27,0.09741525006431498,11.799422,-2.7498782,1986
13235,r3i1p1f1,1986,03,28,0.18271545291339097,15.681662,1.0051241,1986
13236,r3i1p1f1,1986,03,29,1.1273888227725892,13.087163,-2.6541708,1986
13237,r3i1p1f1,1986,03,30,4.963128489448297,5.65775,-3.246411,1986
13238,r3i1p1f1,1986,03,31,4.081255383789539,4.874691,-1.4094969,1986
13239,r3i1p1f1,1986,04,01,13.214598300768749,3.8081906,-4.927243,1986
13240,r3i1p1f1,1986,04,02,0.18116519169875814,4.431631,-8.167316,1986
13241,r3i1p1f1,1986,04,03,0.0,12.2377205,-4.00032,1986
13242,r3i1p1f1,1986,04,04,0.0,19.05823,0.57325566,1986
13243,r3i1p1f1,1986,04,05,0.0,20.570623,3.4684231,1986
13244,r3i1p1f1,1986,04,06,0.0,19.231283,4.471611,1986
13245,r3i1p1f1,1986,04,07,4.318579371082658,9.7114315,-2.2425516,1986
13246,r3i1p1f1,1986,04,08,7.607215877865919,0.16866614,-7.8777456,1986
13247,r3i1p1f1,1986,04,09,12.872176956213815,0.98093235,-8.27526,1986
13248,r3i1p1f1,1986,04,10,50.50481608578641,0.5257455,-4.2358427,1986
13249,r3i1p1f1,1986,04,11,0.9755286985014927,2.346275,-7.6698575,1986
13250,r3i1p1f1,1986,04,12,0.0,5.9728093,-10.821546,1986
13251,r3i1p1f1,1986,04,13,0.0,11.322174,-7.529379,1986
13252,r3i1p1f1,1986,04,14,0.0,16.887451,-2.219711,1986
13253,r3i1p1f1,1986,04,15,0.0,18.804852,1.7176785,1986
13254,r3i1p1f1,1986,04,16,0.0,21.9553,5.3179135,1986
13255,r3i1p1f1,1986,04,17,0.0,24.068083,7.5244093,1986
13256,r3i1p1f1,1986,04,18,0.0,25.947191,6.5731664,1986
13257,r3i1p1f1,1986,04,19,0.0,23.76971,8.932381,1986
13258,r3i1p1f1,1986,04,20,1.5495248427645205,17.905746,3.7803757,1986
13259,r3i1p1f1,1986,04,21,27.43589368795878,12.266161,6.6561084,1986
13260,r3i1p1f1,1986,04,22,0.0,12.443285,-0.68766874,1986
13261,r3i1p1f1,1986,04,23,0.0,14.141063,-1.7468859,1986
13262,r3i1p1f1,1986,04,24,0.0,17.086088,1.0272082,1986
13263,r3i1p1f1,1986,04,25,0.0,19.036104,2.4318385,1986
13264,r3i1p1f1,1986,04,26,0.0,20.999817,3.955984,1986
13265,r3i1p1f1,1986,04,27,0.0,21.156307,7.402057,1986
13266,r3i1p1f1,1986,04,28,0.7570024346932769,21.461418,6.3450017,1986
13267,r3i1p1f1,1986,04,29,0.22369733736635872,22.527222,7.208598,1986
13268,r3i1p1f1,1986,04,30,0.0,22.613058,6.99048,1986
13269,r3i1p1f1,1986,05,01,0.0,21.240627,6.4847813,1986
13270,r3i1p1f1,1986,05,02,0.0,19.304298,4.8594236,1986
13271,r3i1p1f1,1986,05,03,0.0,17.606535,3.1930122,1986
13272,r3i1p1f1,1986,05,04,0.0,17.075796,2.9206219,1986
13273,r3i1p1f1,1986,05,05,0.0,19.869324,3.0217338,1986
13274,r3i1p1f1,1986,05,06,0.0,23.571718,5.150074,1986
13275,r3i1p1f1,1986,05,07,0.007355789727482356,24.776224,8.594812,1986
13276,r3i1p1f1,1986,05,08,0.0,21.864555,8.249801,1986
13277,r3i1p1f1,1986,05,09,0.0,20.292837,6.7996087,1986
13278,r3i1p1f1,1986,05,10,0.0,19.74236,4.9749007,1986
13279,r3i1p1f1,1986,05,11,0.0,21.029627,3.9502559,1986
13280,r3i1p1f1,1986,05,12,0.0,22.33003,6.5746675,1986
13281,r3i1p1f1,1986,05,13,0.0,21.715248,7.5809474,1986
13282,r3i1p1f1,1986,05,14,0.0,23.91899,6.1747923,1986
13283,r3i1p1f1,1986,05,15,0.0,23.442095,8.149739,1986
13284,r3i1p1f1,1986,05,16,0.0,21.931704,7.919558,1986
13285,r3i1p1f1,1986,05,17,0.0,21.385468,7.721473,1986
13286,r3i1p1f1,1986,05,18,0.0,21.503422,6.5453825,1986
13287,r3i1p1f1,1986,05,19,0.0,26.640478,7.473542,1986
13288,r3i1p1f1,1986,05,20,0.0,31.061697,11.663695,1986
13289,r3i1p1f1,1986,05,21,0.0,31.998907,14.206044,1986
13290,r3i1p1f1,1986,05,22,0.0,32.18211,14.240866,1986
13291,r3i1p1f1,1986,05,23,0.0,30.654829,14.507165,1986
13292,r3i1p1f1,1986,05,24,0.0,28.590803,12.050974,1986
13293,r3i1p1f1,1986,05,25,0.0,27.073112,11.171901,1986
13294,r3i1p1f1,1986,05,26,1.279548329981289,22.647398,9.127288,1986
13295,r3i1p1f1,1986,05,27,2.0722686673061137,17.337624,6.7897143,1986
13296,r3i1p1f1,1986,05,28,0.014061693678070841,20.126423,7.0173798,1986
13297,r3i1p1f1,1986,05,29,0.0,21.179897,7.407581,1986
13298,r3i1p1f1,1986,05,30,0.0,24.884714,9.352712,1986
13299,r3i1p1f1,1986,05,31,0.0,24.860966,9.703141,1986
13300,r3i1p1f1,1986,06,01,0.0,24.531775,7.8344946,1986
13301,r3i1p1f1,1986,06,02,0.0,22.328781,7.1647716,1986
13302,r3i1p1f1,1986,06,03,0.0,24.131233,6.3552613,1986
13303,r3i1p1f1,1986,06,04,0.0,24.121294,7.049797,1986
13304,r3i1p1f1,1986,06,05,0.0022607429663797744,20.985174,4.0234165,1986
13305,r3i1p1f1,1986,06,06,0.13647718771703934,12.806075,1.4014654,1986
13306,r3i1p1f1,1986,06,07,0.0,18.565685,0.6305312,1986
13307,r3i1p1f1,1986,06,08,0.0,21.054407,3.260866,1986
13308,r3i1p1f1,1986,06,09,0.0,25.430498,7.415363,1986
13309,r3i1p1f1,1986,06,10,0.0,27.853678,14.442385,1986
13310,r3i1p1f1,1986,06,11,0.0,25.91905,10.231038,1986
13311,r3i1p1f1,1986,06,12,0.0,19.504135,6.099026,1986
13312,r3i1p1f1,1986,06,13,0.0,25.924297,6.3101606,1986
13313,r3i1p1f1,1986,06,14,0.0,25.72806,11.514446,1986
13314,r3i1p1f1,1986,06,15,0.0,25.049042,8.31037,1986
13315,r3i1p1f1,1986,06,16,0.0,23.946163,8.020681,1986
13316,r3i1p1f1,1986,06,17,0.0,23.376226,8.08854,1986
13317,r3i1p1f1,1986,06,18,0.0,22.136517,6.7109013,1986
13318,r3i1p1f1,1986,06,19,0.0,26.138758,8.369339,1986
13319,r3i1p1f1,1986,06,20,0.0,25.497078,10.58163,1986
13320,r3i1p1f1,1986,06,21,0.0,25.45869,10.057666,1986
13321,r3i1p1f1,1986,06,22,0.0,27.072712,11.53469,1986
13322,r3i1p1f1,1986,06,23,0.0,30.08355,11.245427,1986
13323,r3i1p1f1,1986,06,24,0.0,35.785145,15.420669,1986
13324,r3i1p1f1,1986,06,25,0.0,35.58729,15.93962,1986
13325,r3i1p1f1,1986,06,26,0.0,35.01759,18.727728,1986
13326,r3i1p1f1,1986,06,27,0.0,31.763697,15.790662,1986
13327,r3i1p1f1,1986,06,28,0.0,28.721415,13.012341,1986
13328,r3i1p1f1,1986,06,29,0.0,26.424076,10.787707,1986
13329,r3i1p1f1,1986,06,30,0.0,27.970114,10.3521385,1986
13330,r3i1p1f1,1986,07,01,0.0,28.204332,12.487335,1986
13331,r3i1p1f1,1986,07,02,0.0,27.925713,11.679513,1986
13332,r3i1p1f1,1986,07,03,0.0,27.813686,12.67006,1986
13333,r3i1p1f1,1986,07,04,0.0,26.81863,11.349749,1986
13334,r3i1p1f1,1986,07,05,0.0,27.112501,11.074473,1986
13335,r3i1p1f1,1986,07,06,0.0,28.333975,12.211966,1986
13336,r3i1p1f1,1986,07,07,0.0,27.741018,12.330238,1986
13337,r3i1p1f1,1986,07,08,0.0,26.492653,10.946573,1986
13338,r3i1p1f1,1986,07,09,0.0,29.0904,11.446352,1986
13339,r3i1p1f1,1986,07,10,0.0,29.37779,13.276224,1986
13340,r3i1p1f1,1986,07,11,0.0,28.843098,12.638039,1986
13341,r3i1p1f1,1986,07,12,0.0,27.429333,11.155413,1986
13342,r3i1p1f1,1986,07,13,0.0,27.18789,11.181133,1986
13343,r3i1p1f1,1986,07,14,0.0,26.05276,10.785565,1986
13344,r3i1p1f1,1986,07,15,0.0,26.719534,10.890073,1986
13345,r3i1p1f1,1986,07,16,0.024233671291241127,27.914946,13.230182,1986
13346,r3i1p1f1,1986,07,17,0.0,29.409103,13.848666,1986
13347,r3i1p1f1,1986,07,18,0.0,30.81151,14.848525,1986
13348,r3i1p1f1,1986,07,19,0.0,31.053045,15.420834,1986
13349,r3i1p1f1,1986,07,20,0.1304533116605231,32.769753,16.307713,1986
13350,r3i1p1f1,1986,07,21,0.0,32.23738,16.810154,1986
13351,r3i1p1f1,1986,07,22,0.0,32.63228,14.752358,1986
13352,r3i1p1f1,1986,07,23,0.0,32.501293,15.546952,1986
13353,r3i1p1f1,1986,07,24,0.0,31.734262,14.843911,1986
13354,r3i1p1f1,1986,07,25,0.0,31.104525,14.478055,1986
13355,r3i1p1f1,1986,07,26,0.0,32.957153,14.495416,1986
13356,r3i1p1f1,1986,07,27,0.0,32.847755,15.576793,1986
13357,r3i1p1f1,1986,07,28,0.0,30.126234,13.545489,1986
13358,r3i1p1f1,1986,07,29,0.0,27.615894,11.724229,1986
13359,r3i1p1f1,1986,07,30,0.0,27.728985,11.885161,1986
13360,r3i1p1f1,1986,07,31,0.0,27.083706,11.982513,1986
13361,r3i1p1f1,1986,08,01,0.0,24.93678,9.574494,1986
13362,r3i1p1f1,1986,08,02,0.5327228019412263,22.821783,7.8338833,1986
13363,r3i1p1f1,1986,08,03,0.426104519283399,22.96922,7.2407217,1986
13364,r3i1p1f1,1986,08,04,0.0,27.165411,9.353871,1986
13365,r3i1p1f1,1986,08,05,0.0,27.116974,11.096003,1986
13366,r3i1p1f1,1986,08,06,0.0,26.838926,9.686025,1986
13367,r3i1p1f1,1986,08,07,0.0,28.03448,10.270573,1986
13368,r3i1p1f1,1986,08,08,0.0,29.156288,12.164414,1986
13369,r3i1p1f1,1986,08,09,0.0,28.56961,12.323904,1986
13370,r3i1p1f1,1986,08,10,0.0,25.517185,8.253445,1986
13371,r3i1p1f1,1986,08,11,0.0,20.406578,6.092159,1986
13372,r3i1p1f1,1986,08,12,0.0,19.393515,4.897759,1986
13373,r3i1p1f1,1986,08,13,0.0,19.224648,3.998891,1986
13374,r3i1p1f1,1986,08,14,0.0,24.316305,6.366389,1986
13375,r3i1p1f1,1986,08,15,0.0,27.881834,9.588097,1986
13376,r3i1p1f1,1986,08,16,0.0,27.365444,10.671804,1986
13377,r3i1p1f1,1986,08,17,0.0,27.030008,10.393785,1986
13378,r3i1p1f1,1986,08,18,0.0,27.122084,10.2284775,1986
13379,r3i1p1f1,1986,08,19,2.0560808230488634,27.048323,12.388821,1986
13380,r3i1p1f1,1986,08,20,0.47787566241152635,23.573656,9.725452,1986
13381,r3i1p1f1,1986,08,21,0.0,18.786354,6.707913,1986
13382,r3i1p1f1,1986,08,22,0.00771605225868131,21.34625,6.410349,1986
13383,r3i1p1f1,1986,08,23,0.0,24.916397,7.6794815,1986
13384,r3i1p1f1,1986,08,24,0.0,27.646229,10.326566,1986
13385,r3i1p1f1,1986,08,25,0.0,29.096004,11.494037,1986
13386,r3i1p1f1,1986,08,26,0.0,28.27401,13.51915,1986
13387,r3i1p1f1,1986,08,27,0.0,21.365253,9.937154,1986
13388,r3i1p1f1,1986,08,28,0.0,22.068306,4.8804455,1986
13389,r3i1p1f1,1986,08,29,0.0,26.231892,7.6462264,1986
13390,r3i1p1f1,1986,08,30,0.0,27.61501,9.841987,1986
13391,r3i1p1f1,1986,08,31,0.0,26.72641,9.756769,1986
13392,r3i1p1f1,1986,09,01,0.0,22.464846,5.310761,1986
13393,r3i1p1f1,1986,09,02,1.108588818265401,21.536383,6.445461,1986
13394,r3i1p1f1,1986,09,03,0.0,22.330212,8.004785,1986
13395,r3i1p1f1,1986,09,04,0.0,28.404837,10.514073,1986
13396,r3i1p1f1,1986,09,05,0.0,30.439095,13.0462475,1986
13397,r3i1p1f1,1986,09,06,0.0,32.8086,14.1419935,1986
13398,r3i1p1f1,1986,09,07,0.0,33.967525,15.790911,1986
13399,r3i1p1f1,1986,09,08,0.0,33.87814,15.229713,1986
13400,r3i1p1f1,1986,09,09,0.0,31.399652,15.212207,1986
13401,r3i1p1f1,1986,09,10,0.0,29.759632,13.84507,1986
13402,r3i1p1f1,1986,09,11,0.0,29.828396,13.610977,1986
13403,r3i1p1f1,1986,09,12,0.0,28.761127,12.669598,1986
13404,r3i1p1f1,1986,09,13,0.0,23.125225,8.74905,1986
13405,r3i1p1f1,1986,09,14,1.3076051874266246,19.401476,6.6231704,1986
13406,r3i1p1f1,1986,09,15,1.7719451805120163,21.221172,6.27033,1986
13407,r3i1p1f1,1986,09,16,0.0,22.123245,6.4477725,1986
13408,r3i1p1f1,1986,09,17,0.0,23.580864,7.8656487,1986
13409,r3i1p1f1,1986,09,18,0.0,22.775425,7.682503,1986
13410,r3i1p1f1,1986,09,19,0.0,22.252007,6.7042437,1986
13411,r3i1p1f1,1986,09,20,0.0,24.44183,7.608058,1986
13412,r3i1p1f1,1986,09,21,0.0,26.946812,9.517389,1986
13413,r3i1p1f1,1986,09,22,0.0,28.332682,11.118609,1986
13414,r3i1p1f1,1986,09,23,0.0,27.70081,11.859986,1986
13415,r3i1p1f1,1986,09,24,0.0,27.401913,12.468503,1986
13416,r3i1p1f1,1986,09,25,0.0,26.086262,11.386334,1986
13417,r3i1p1f1,1986,09,26,0.0,18.818151,5.215112,1986
13418,r3i1p1f1,1986,09,27,0.0,14.581828,2.0586593,1986
13419,r3i1p1f1,1986,09,28,0.0,15.018728,1.5116241,1986
13420,r3i1p1f1,1986,09,29,0.0,19.963062,2.2095304,1986
13421,r3i1p1f1,1986,09,30,0.0,24.659744,6.719423,1986
13422,r3i1p1f1,1986,10,01,0.0,23.589785,11.380878,1986
13423,r3i1p1f1,1986,10,02,0.0,26.45384,9.65969,1986
13424,r3i1p1f1,1986,10,03,0.0,25.251303,10.598272,1986
13425,r3i1p1f1,1986,10,04,0.006286525393462446,21.334377,8.30481,1986
13426,r3i1p1f1,1986,10,05,0.0,18.26457,3.842857,1986
13427,r3i1p1f1,1986,10,06,0.0,18.876286,4.221929,1986
13428,r3i1p1f1,1986,10,07,0.002518866217303041,19.095882,5.6896586,1986
13429,r3i1p1f1,1986,10,08,0.0029240894180379414,18.904686,5.0146227,1986
13430,r3i1p1f1,1986,10,09,0.0,17.63806,5.836035,1986
13431,r3i1p1f1,1986,10,10,0.0,19.257458,3.0816329,1986
13432,r3i1p1f1,1986,10,11,0.0,20.660143,4.418113,1986
13433,r3i1p1f1,1986,10,12,0.0,19.496992,4.5763097,1986
13434,r3i1p1f1,1986,10,13,0.0,17.298931,5.1860394,1986
13435,r3i1p1f1,1986,10,14,42.8381234260374,14.534545,5.9842515,1986
13436,r3i1p1f1,1986,10,15,44.3897158311876,11.130185,4.8824925,1986
13437,r3i1p1f1,1986,10,16,0.23931065372476282,12.277391,4.512388,1986
13438,r3i1p1f1,1986,10,17,0.0,19.295025,3.9149663,1986
13439,r3i1p1f1,1986,10,18,7.79578361911454e-05,20.514532,6.0433855,1986
13440,r3i1p1f1,1986,10,19,0.0,22.44173,5.523298,1986
13441,r3i1p1f1,1986,10,20,0.0,21.806702,8.729759,1986
13442,r3i1p1f1,1986,10,21,0.0,19.215324,7.599572,1986
13443,r3i1p1f1,1986,10,22,0.0,19.680277,3.6565986,1986
13444,r3i1p1f1,1986,10,23,0.0,18.49958,4.6103163,1986
13445,r3i1p1f1,1986,10,24,0.0,20.20405,4.6817245,1986
13446,r3i1p1f1,1986,10,25,0.0,21.340437,4.8834887,1986
13447,r3i1p1f1,1986,10,26,0.0,20.648792,4.655627,1986
13448,r3i1p1f1,1986,10,27,0.0,18.131294,4.616866,1986
13449,r3i1p1f1,1986,10,28,0.0,15.992438,5.3254585,1986
13450,r3i1p1f1,1986,10,29,0.0,16.994118,2.88307,1986
13451,r3i1p1f1,1986,10,30,0.0,17.449963,2.224673,1986
13452,r3i1p1f1,1986,10,31,0.0,21.16801,5.06274,1986
13453,r3i1p1f1,1986,11,01,0.0,23.00082,6.277954,1986
13454,r3i1p1f1,1986,11,02,0.0,20.487375,6.713312,1986
13455,r3i1p1f1,1986,11,03,0.0,19.389685,7.264241,1986
13456,r3i1p1f1,1986,11,04,0.0,18.325733,5.231001,1986
13457,r3i1p1f1,1986,11,05,0.0,21.605446,5.895487,1986
13458,r3i1p1f1,1986,11,06,0.0,26.287273,9.048343,1986
13459,r3i1p1f1,1986,11,07,0.0,26.915201,8.821679,1986
13460,r3i1p1f1,1986,11,08,0.0,26.071716,8.569015,1986
13461,r3i1p1f1,1986,11,09,0.0,28.020247,10.112804,1986
13462,r3i1p1f1,1986,11,10,0.0,27.27,9.041818,1986
13463,r3i1p1f1,1986,11,11,0.0,27.7187,9.404537,1986
13464,r3i1p1f1,1986,11,12,0.0,27.59376,9.740488,1986
13465,r3i1p1f1,1986,11,13,0.0,26.939133,10.218792,1986
13466,r3i1p1f1,1986,11,14,0.0,25.084942,8.252229,1986
13467,r3i1p1f1,1986,11,15,0.0,23.038696,6.4654226,1986
13468,r3i1p1f1,1986,11,16,0.0,23.84557,6.029169,1986
13469,r3i1p1f1,1986,11,17,0.0,22.185879,5.6093063,1986
13470,r3i1p1f1,1986,11,18,0.0,19.38694,6.3476715,1986
13471,r3i1p1f1,1986,11,19,9.186774717129179,16.632147,6.093447,1986
13472,r3i1p1f1,1986,11,20,20.583053132500744,7.957612,2.0789568,1986
13473,r3i1p1f1,1986,11,21,0.01996968096232434,7.8592143,-1.7160994,1986
13474,r3i1p1f1,1986,11,22,0.0,11.298745,-1.2392918,1986
13475,r3i1p1f1,1986,11,23,0.0,13.690664,0.96424437,1986
13476,r3i1p1f1,1986,11,24,0.0,15.637629,0.48699224,1986
13477,r3i1p1f1,1986,11,25,0.0,15.603984,0.37092653,1986
13478,r3i1p1f1,1986,11,26,0.0,12.218191,2.7456045,1986
13479,r3i1p1f1,1986,11,27,0.03112388382616796,14.93887,3.8238797,1986
13480,r3i1p1f1,1986,11,28,0.0,19.48316,4.620272,1986
13481,r3i1p1f1,1986,11,29,0.0,18.348488,5.8873754,1986
13482,r3i1p1f1,1986,11,30,0.0,17.380701,4.880906,1986
13483,r3i1p1f1,1986,12,01,0.0,17.248453,4.32765,1986
13484,r3i1p1f1,1986,12,02,0.0,19.120478,4.633426,1986
13485,r3i1p1f1,1986,12,03,0.0,18.717735,4.446572,1986
13486,r3i1p1f1,1986,12,04,0.0,17.585644,6.124347,1986
13487,r3i1p1f1,1986,12,05,0.0,16.132093,5.223788,1986
13488,r3i1p1f1,1986,12,06,0.0,18.110386,3.537879,1986
13489,r3i1p1f1,1986,12,07,0.0022952727847855145,17.364176,5.931071,1986
13490,r3i1p1f1,1986,12,08,0.013061566680430826,13.436555,4.610028,1986
13491,r3i1p1f1,1986,12,09,0.0,13.217334,3.6474261,1986
13492,r3i1p1f1,1986,12,10,9.378201188213241,12.192133,2.5529695,1986
13493,r3i1p1f1,1986,12,11,0.0,11.332042,-0.45029756,1986
13494,r3i1p1f1,1986,12,12,0.053510095035323356,10.204696,-1.2332197,1986
13495,r3i1p1f1,1986,12,13,0.0,11.1705885,-0.52885395,1986
13496,r3i1p1f1,1986,12,14,0.0,11.152316,-1.6349686,1986
13497,r3i1p1f1,1986,12,15,0.0,13.470956,0.42307612,1986
13498,r3i1p1f1,1986,12,16,0.0,16.191738,1.6434231,1986
13499,r3i1p1f1,1986,12,17,0.0,15.517055,2.5396454,1986
13500,r3i1p1f1,1986,12,18,0.0,16.318874,2.889828,1986
13501,r3i1p1f1,1986,12,19,0.0,16.497194,3.6193628,1986
13502,r3i1p1f1,1986,12,20,0.0,18.725847,3.6539516,1986
13503,r3i1p1f1,1986,12,21,0.0,17.956799,3.1135855,1986
13504,r3i1p1f1,1986,12,22,0.1966366784089539,14.8322935,1.9805821,1986
13505,r3i1p1f1,1986,12,23,0.0,13.861439,0.4010723,1986
13506,r3i1p1f1,1986,12,24,4.149552470986045,7.565953,-1.9582427,1986
13507,r3i1p1f1,1986,12,25,0.1366527332529107,7.021927,-2.9319935,1986
13508,r3i1p1f1,1986,12,26,0.0,10.297151,-2.0997508,1986
13509,r3i1p1f1,1986,12,27,0.0,12.163806,-0.8785463,1986
13510,r3i1p1f1,1986,12,28,0.0,15.754129,1.6115257,1986
13511,r3i1p1f1,1986,12,29,0.0,15.977587,3.2230601,1986
13512,r3i1p1f1,1986,12,30,0.0,16.261969,4.724161,1986
13513,r3i1p1f1,1986,12,31,0.0,13.369631,5.251088,1986
13514,r3i1p1f1,1987,01,01,42.88797509660454,10.77612,2.5370693,1987
13515,r3i1p1f1,1987,01,02,0.0,17.750582,3.7123373,1987
13516,r3i1p1f1,1987,01,03,0.0,19.398342,3.1212482,1987
13517,r3i1p1f1,1987,01,04,0.9531833567674958,15.275608,3.242134,1987
13518,r3i1p1f1,1987,01,05,1.9720260297043224,9.636374,-2.044478,1987
13519,r3i1p1f1,1987,01,06,0.9026016661281526,8.366123,-1.7139176,1987
13520,r3i1p1f1,1987,01,07,5.932534404105115,3.5225446,-4.414333,1987
13521,r3i1p1f1,1987,01,08,0.0,7.072973,-1.861483,1987
13522,r3i1p1f1,1987,01,09,0.0,10.808997,-2.684569,1987
13523,r3i1p1f1,1987,01,10,0.0,14.609824,1.5189809,1987
13524,r3i1p1f1,1987,01,11,0.0,15.664708,3.043834,1987
13525,r3i1p1f1,1987,01,12,0.0,15.939505,2.1075072,1987
13526,r3i1p1f1,1987,01,13,0.0,17.273705,4.85187,1987
13527,r3i1p1f1,1987,01,14,0.0,15.795587,3.664279,1987
13528,r3i1p1f1,1987,01,15,0.0,14.256429,2.012966,1987
13529,r3i1p1f1,1987,01,16,0.0,14.209443,1.1581527,1987
13530,r3i1p1f1,1987,01,17,0.0,12.210009,0.9089074,1987
13531,r3i1p1f1,1987,01,18,0.0,16.647964,1.3876461,1987
13532,r3i1p1f1,1987,01,19,0.0,16.030415,1.4073284,1987
13533,r3i1p1f1,1987,01,20,0.0,14.182067,0.9973028,1987
13534,r3i1p1f1,1987,01,21,0.0,12.952825,1.3173773,1987
13535,r3i1p1f1,1987,01,22,0.0,11.581112,-2.3504398,1987
13536,r3i1p1f1,1987,01,23,0.0,13.766305,-0.27552935,1987
13537,r3i1p1f1,1987,01,24,0.0,15.396629,0.4719744,1987
13538,r3i1p1f1,1987,01,25,0.0,14.7097025,-0.21030788,1987
13539,r3i1p1f1,1987,01,26,0.0,14.186221,1.2999616,1987
13540,r3i1p1f1,1987,01,27,0.0,12.300887,0.91851103,1987
13541,r3i1p1f1,1987,01,28,7.1040506431018,4.4515123,-8.684739,1987
13542,r3i1p1f1,1987,01,29,0.0,1.8816998,-11.354825,1987
13543,r3i1p1f1,1987,01,30,0.0,6.111523,-10.498397,1987
13544,r3i1p1f1,1987,01,31,0.0,10.221851,-5.2246943,1987
13545,r3i1p1f1,1987,02,01,9.602705938864107,5.138609,-5.7970204,1987
13546,r3i1p1f1,1987,02,02,31.941592040790344,5.379201,-5.7526345,1987
13547,r3i1p1f1,1987,02,03,5.896228781631707,2.498212,-8.716642,1987
13548,r3i1p1f1,1987,02,04,24.5938263343353,3.3911302,-2.2142708,1987
13549,r3i1p1f1,1987,02,05,32.640007111292924,4.0876412,-2.4795418,1987
13550,r3i1p1f1,1987,02,06,21.022406865545474,1.6865536,-3.1825194,1987
13551,r3i1p1f1,1987,02,07,3.3113427828586857,2.8046632,-12.254723,1987
13552,r3i1p1f1,1987,02,08,0.0,3.8967166,-11.0558405,1987
13553,r3i1p1f1,1987,02,09,0.0,2.490071,-11.6322775,1987
13554,r3i1p1f1,1987,02,10,0.0,6.022172,-8.6315365,1987
13555,r3i1p1f1,1987,02,11,0.0,10.488954,-1.6826346,1987
13556,r3i1p1f1,1987,02,12,0.0,12.261268,-3.781785,1987
13557,r3i1p1f1,1987,02,13,0.0,13.193207,0.55107766,1987
13558,r3i1p1f1,1987,02,14,0.0,14.018962,0.35822746,1987
13559,r3i1p1f1,1987,02,15,1.4458490938858104,12.758599,2.2929728,1987
13560,r3i1p1f1,1987,02,16,1.2780085006900328,8.532629,-2.9407425,1987
13561,r3i1p1f1,1987,02,17,0.0,11.762714,-1.898584,1987
13562,r3i1p1f1,1987,02,18,33.43186885069468,5.878128,-1.2385906,1987
13563,r3i1p1f1,1987,02,19,1.663899801267115,3.972138,-5.395904,1987
13564,r3i1p1f1,1987,02,20,0.0,5.5098553,-4.580041,1987
13565,r3i1p1f1,1987,02,21,0.0,8.940935,-2.7243404,1987
13566,r3i1p1f1,1987,02,22,0.0,9.306155,-1.5510584,1987
13567,r3i1p1f1,1987,02,23,0.0,11.419208,0.9977392,1987
13568,r3i1p1f1,1987,02,24,0.0,13.767384,3.640155,1987
13569,r3i1p1f1,1987,02,25,0.0,19.533392,3.4742937,1987
13570,r3i1p1f1,1987,02,26,0.0,18.402866,3.1523101,1987
13571,r3i1p1f1,1987,02,27,0.0,16.427032,4.860922,1987
13572,r3i1p1f1,1987,02,28,0.0,13.340254,0.41921782,1987
13573,r3i1p1f1,1987,03,01,0.0,12.73874,-0.41118705,1987
13574,r3i1p1f1,1987,03,02,0.0,11.770298,-3.6580637,1987
13575,r3i1p1f1,1987,03,03,0.0,11.103887,-0.5207682,1987
13576,r3i1p1f1,1987,03,04,0.0,10.758665,-1.280249,1987
13577,r3i1p1f1,1987,03,05,0.0,16.245562,1.2308052,1987
13578,r3i1p1f1,1987,03,06,0.0,16.774424,1.4964176,1987
13579,r3i1p1f1,1987,03,07,0.0,16.115763,1.1430019,1987
13580,r3i1p1f1,1987,03,08,0.0,15.357138,1.2708174,1987
13581,r3i1p1f1,1987,03,09,0.0,17.476255,0.891282,1987
13582,r3i1p1f1,1987,03,10,0.0,17.529814,2.0504868,1987
13583,r3i1p1f1,1987,03,11,0.0,17.463392,2.0832057,1987
13584,r3i1p1f1,1987,03,12,0.0,18.844454,2.046718,1987
13585,r3i1p1f1,1987,03,13,0.0,21.910946,4.411761,1987
13586,r3i1p1f1,1987,03,14,0.0,21.458204,7.6593647,1987
13587,r3i1p1f1,1987,03,15,0.0,19.58817,4.8052993,1987
13588,r3i1p1f1,1987,03,16,9.237154657220296,10.930267,0.39320835,1987
13589,r3i1p1f1,1987,03,17,59.601413924247026,4.4714537,-3.3874552,1987
13590,r3i1p1f1,1987,03,18,12.36691814969833,1.0425677,-6.4261923,1987
13591,r3i1p1f1,1987,03,19,9.75855813433698,1.0585902,-12.060368,1987
13592,r3i1p1f1,1987,03,20,0.0,4.9685693,-9.396089,1987
13593,r3i1p1f1,1987,03,21,0.0,6.4429398,-12.053936,1987
13594,r3i1p1f1,1987,03,22,0.0,5.7921534,-11.030995,1987
13595,r3i1p1f1,1987,03,23,0.0,6.1065693,-8.577025,1987
13596,r3i1p1f1,1987,03,24,1.365577781000052,3.6311607,-9.450056,1987
13597,r3i1p1f1,1987,03,25,0.0,8.464263,-11.720205,1987
13598,r3i1p1f1,1987,03,26,0.0,11.981025,-4.7939854,1987
13599,r3i1p1f1,1987,03,27,3.0370054181970008,9.397949,1.5778228,1987
13600,r3i1p1f1,1987,03,28,12.881401505652128,9.628972,1.6556299,1987
13601,r3i1p1f1,1987,03,29,0.0,13.089307,-0.28024715,1987
13602,r3i1p1f1,1987,03,30,0.0,16.593405,-0.38492903,1987
13603,r3i1p1f1,1987,03,31,0.0,19.54302,2.5276165,1987
13604,r3i1p1f1,1987,04,01,0.0,23.096638,5.0213113,1987
13605,r3i1p1f1,1987,04,02,0.0,22.49225,7.9915023,1987
13606,r3i1p1f1,1987,04,03,0.6091487859521294,16.865757,2.7097607,1987
13607,r3i1p1f1,1987,04,04,0.0,17.99554,1.6037602,1987
13608,r3i1p1f1,1987,04,05,0.0,19.759623,3.754976,1987
13609,r3i1p1f1,1987,04,06,0.0,18.478935,5.1259494,1987
13610,r3i1p1f1,1987,04,07,0.0,17.79924,3.5086102,1987
13611,r3i1p1f1,1987,04,08,0.047713464224024824,10.786076,-3.1358268,1987
13612,r3i1p1f1,1987,04,09,1.0144310986202312,3.1886926,-8.202227,1987
13613,r3i1p1f1,1987,04,10,0.021611744427661363,9.772694,-3.624847,1987
13614,r3i1p1f1,1987,04,11,0.473406750844381,8.137004,-5.1441936,1987
13615,r3i1p1f1,1987,04,12,0.0,12.891506,-3.0463865,1987
13616,r3i1p1f1,1987,04,13,0.0,16.40609,0.98016185,1987
13617,r3i1p1f1,1987,04,14,1.1076033383735768,14.328461,0.31485936,1987
13618,r3i1p1f1,1987,04,15,0.0,12.272002,-2.3335948,1987
13619,r3i1p1f1,1987,04,16,0.0,18.23193,0.7291882,1987
13620,r3i1p1f1,1987,04,17,0.0,17.332424,2.093827,1987
13621,r3i1p1f1,1987,04,18,8.786577943292764,12.857087,-2.2546446,1987
13622,r3i1p1f1,1987,04,19,0.0,16.204618,-3.0471716,1987
13623,r3i1p1f1,1987,04,20,0.0,15.810277,2.084521,1987
13624,r3i1p1f1,1987,04,21,0.0,11.62106,-1.537793,1987
13625,r3i1p1f1,1987,04,22,0.0,13.25643,-3.4038246,1987
13626,r3i1p1f1,1987,04,23,0.0219264053923421,12.727648,-1.986853,1987
13627,r3i1p1f1,1987,04,24,0.0,10.42564,-3.981457,1987
13628,r3i1p1f1,1987,04,25,0.0,13.246819,-1.1746778,1987
13629,r3i1p1f1,1987,04,26,0.0,15.897344,-0.2822851,1987
13630,r3i1p1f1,1987,04,27,0.0,15.783846,0.8976341,1987
13631,r3i1p1f1,1987,04,28,9.64290422052727,12.7544775,-0.9582163,1987
13632,r3i1p1f1,1987,04,29,15.088671453199105,9.661847,1.5712564,1987
13633,r3i1p1f1,1987,04,30,0.8394653009753185,13.737324,1.0561999,1987
13634,r3i1p1f1,1987,05,01,0.0,14.554796,-1.2308898,1987
13635,r3i1p1f1,1987,05,02,0.0,13.695549,-0.30193335,1987
13636,r3i1p1f1,1987,05,03,0.15248068314241736,13.106596,-0.048864234,1987
13637,r3i1p1f1,1987,05,04,0.053091585696644246,13.354336,-0.78545094,1987
13638,r3i1p1f1,1987,05,05,8.370170817253989,9.709464,1.884126,1987
13639,r3i1p1f1,1987,05,06,0.0,17.527552,0.6697079,1987
13640,r3i1p1f1,1987,05,07,0.0,17.51722,2.8690765,1987
13641,r3i1p1f1,1987,05,08,6.550488834679862,13.423492,1.6181879,1987
13642,r3i1p1f1,1987,05,09,0.19514032311762045,13.561387,0.49381468,1987
13643,r3i1p1f1,1987,05,10,0.0,15.326797,0.6033103,1987
13644,r3i1p1f1,1987,05,11,0.0,14.187276,2.623902,1987
13645,r3i1p1f1,1987,05,12,0.060530527078203465,10.990436,-1.0118427,1987
13646,r3i1p1f1,1987,05,13,0.0,18.378561,1.21158,1987
13647,r3i1p1f1,1987,05,14,0.0,20.671085,3.2367644,1987
13648,r3i1p1f1,1987,05,15,0.0,23.189585,6.096538,1987
13649,r3i1p1f1,1987,05,16,0.0,23.964884,6.6587114,1987
13650,r3i1p1f1,1987,05,17,0.0,23.683481,7.944838,1987
13651,r3i1p1f1,1987,05,18,0.0,26.438118,8.632167,1987
13652,r3i1p1f1,1987,05,19,0.0,25.436073,9.994746,1987
13653,r3i1p1f1,1987,05,20,0.0,23.56512,8.346458,1987
13654,r3i1p1f1,1987,05,21,0.0,23.026894,7.950971,1987
13655,r3i1p1f1,1987,05,22,0.0,22.621185,7.140754,1987
13656,r3i1p1f1,1987,05,23,0.0,23.4203,8.68592,1987
13657,r3i1p1f1,1987,05,24,0.0,23.019573,8.015774,1987
13658,r3i1p1f1,1987,05,25,0.0,21.481771,7.689064,1987
13659,r3i1p1f1,1987,05,26,0.0,22.34852,7.2642365,1987
13660,r3i1p1f1,1987,05,27,0.0,22.840315,7.3891044,1987
13661,r3i1p1f1,1987,05,28,0.0,23.293644,9.393246,1987
13662,r3i1p1f1,1987,05,29,0.21445280504658035,23.05833,8.440812,1987
13663,r3i1p1f1,1987,05,30,0.956241610497512,19.067549,6.2755504,1987
13664,r3i1p1f1,1987,05,31,1.9032955300070553,14.856253,6.1432924,1987
13665,r3i1p1f1,1987,06,01,0.0,16.52506,3.6048524,1987
13666,r3i1p1f1,1987,06,02,0.0,15.899021,2.81493,1987
13667,r3i1p1f1,1987,06,03,0.0,15.947061,0.116184466,1987
13668,r3i1p1f1,1987,06,04,0.0,20.265121,2.2095325,1987
13669,r3i1p1f1,1987,06,05,0.0,22.106422,3.560785,1987
13670,r3i1p1f1,1987,06,06,0.0,21.553106,6.605759,1987
13671,r3i1p1f1,1987,06,07,0.0,18.092867,4.395952,1987
13672,r3i1p1f1,1987,06,08,0.0,16.975842,3.4417155,1987
13673,r3i1p1f1,1987,06,09,0.0,20.838156,4.4125686,1987
13674,r3i1p1f1,1987,06,10,0.0,21.240412,5.313166,1987
13675,r3i1p1f1,1987,06,11,0.0,19.787964,4.5493317,1987
13676,r3i1p1f1,1987,06,12,0.0,18.077494,3.7358303,1987
13677,r3i1p1f1,1987,06,13,0.0,21.028093,5.720446,1987
13678,r3i1p1f1,1987,06,14,0.0,20.826702,6.5202756,1987
13679,r3i1p1f1,1987,06,15,0.0,19.46291,4.715859,1987
13680,r3i1p1f1,1987,06,16,0.02434019544652026,18.067007,4.682144,1987
13681,r3i1p1f1,1987,06,17,0.45438889294593154,17.753565,5.512801,1987
13682,r3i1p1f1,1987,06,18,2.6434214560523337,20.199707,5.990111,1987
13683,r3i1p1f1,1987,06,19,0.6298821060274924,23.573866,7.457722,1987
13684,r3i1p1f1,1987,06,20,0.0,27.67449,10.128809,1987
13685,r3i1p1f1,1987,06,21,0.0,31.826902,13.86389,1987
13686,r3i1p1f1,1987,06,22,0.0,33.215126,14.665076,1987
13687,r3i1p1f1,1987,06,23,0.0,32.705906,16.489733,1987
13688,r3i1p1f1,1987,06,24,0.2658764354380669,27.357965,14.013156,1987
13689,r3i1p1f1,1987,06,25,3.9835329422011885,27.735277,13.569248,1987
13690,r3i1p1f1,1987,06,26,1.5894339425262602,28.216331,13.857571,1987
13691,r3i1p1f1,1987,06,27,1.3124701069931402,28.964504,14.609063,1987
13692,r3i1p1f1,1987,06,28,0.0,29.981892,14.934129,1987
13693,r3i1p1f1,1987,06,29,0.0,30.929688,14.715726,1987
13694,r3i1p1f1,1987,06,30,0.0,32.479336,14.911854,1987
13695,r3i1p1f1,1987,07,01,0.0,32.14109,16.045465,1987
13696,r3i1p1f1,1987,07,02,0.0,30.431713,13.512306,1987
13697,r3i1p1f1,1987,07,03,0.0,26.674118,11.743511,1987
13698,r3i1p1f1,1987,07,04,0.0,25.588043,8.716504,1987
13699,r3i1p1f1,1987,07,05,0.0,28.767395,11.574054,1987
13700,r3i1p1f1,1987,07,06,0.005787510063352161,28.705713,12.254105,1987
13701,r3i1p1f1,1987,07,07,0.0,28.12958,13.559978,1987
13702,r3i1p1f1,1987,07,08,0.0,27.319958,12.76062,1987
13703,r3i1p1f1,1987,07,09,0.0,26.28956,11.007705,1987
13704,r3i1p1f1,1987,07,10,0.0,27.354523,11.461121,1987
13705,r3i1p1f1,1987,07,11,0.0,30.45016,13.314103,1987
13706,r3i1p1f1,1987,07,12,0.0,30.301779,14.8544035,1987
13707,r3i1p1f1,1987,07,13,0.0,28.941864,14.346263,1987
13708,r3i1p1f1,1987,07,14,0.0,29.87208,13.813602,1987
13709,r3i1p1f1,1987,07,15,0.0,32.215546,14.636369,1987
13710,r3i1p1f1,1987,07,16,0.08004191546014656,31.90995,15.981529,1987
13711,r3i1p1f1,1987,07,17,0.0,30.169003,14.098803,1987
13712,r3i1p1f1,1987,07,18,0.0,31.158705,13.45436,1987
13713,r3i1p1f1,1987,07,19,0.0,32.516533,14.36201,1987
13714,r3i1p1f1,1987,07,20,0.0,31.914314,14.598254,1987
13715,r3i1p1f1,1987,07,21,0.0,31.33333,15.553296,1987
13716,r3i1p1f1,1987,07,22,0.0,27.656864,12.336432,1987
13717,r3i1p1f1,1987,07,23,0.0,30.03321,12.582769,1987
13718,r3i1p1f1,1987,07,24,0.0,30.422249,14.326128,1987
13719,r3i1p1f1,1987,07,25,0.0,30.271935,14.294773,1987
13720,r3i1p1f1,1987,07,26,0.0,29.59298,12.87103,1987
13721,r3i1p1f1,1987,07,27,0.0,29.0057,12.911546,1987
13722,r3i1p1f1,1987,07,28,0.0,26.299982,10.029249,1987
13723,r3i1p1f1,1987,07,29,0.0,24.203825,8.844666,1987
13724,r3i1p1f1,1987,07,30,0.0,29.358553,11.867657,1987
13725,r3i1p1f1,1987,07,31,0.0,30.358812,13.527862,1987
13726,r3i1p1f1,1987,08,01,0.0,30.63659,12.982478,1987
13727,r3i1p1f1,1987,08,02,0.0,32.15945,14.733833,1987
13728,r3i1p1f1,1987,08,03,0.0,33.610184,16.592278,1987
13729,r3i1p1f1,1987,08,04,0.0,33.849575,16.964092,1987
13730,r3i1p1f1,1987,08,05,0.0,33.38298,15.839143,1987
13731,r3i1p1f1,1987,08,06,0.0,32.556618,15.298363,1987
13732,r3i1p1f1,1987,08,07,0.0,30.88668,13.81285,1987
13733,r3i1p1f1,1987,08,08,0.0,30.088644,12.389934,1987
13734,r3i1p1f1,1987,08,09,0.0,30.100895,11.864256,1987
13735,r3i1p1f1,1987,08,10,0.0,31.784855,13.821395,1987
13736,r3i1p1f1,1987,08,11,0.0,31.171318,14.400786,1987
13737,r3i1p1f1,1987,08,12,0.0,29.322824,14.345765,1987
13738,r3i1p1f1,1987,08,13,0.0,28.550411,12.262367,1987
13739,r3i1p1f1,1987,08,14,0.0,28.111431,11.638633,1987
13740,r3i1p1f1,1987,08,15,0.0,26.605923,10.919504,1987
13741,r3i1p1f1,1987,08,16,0.0,24.662518,8.746014,1987
13742,r3i1p1f1,1987,08,17,0.0,23.619171,7.456428,1987
13743,r3i1p1f1,1987,08,18,0.0,20.936733,6.381739,1987
13744,r3i1p1f1,1987,08,19,0.0,21.054043,6.208107,1987
13745,r3i1p1f1,1987,08,20,0.0,21.49585,6.009093,1987
13746,r3i1p1f1,1987,08,21,0.0,24.065079,7.700911,1987
13747,r3i1p1f1,1987,08,22,0.0,24.2215,8.693645,1987
13748,r3i1p1f1,1987,08,23,0.0,23.741817,8.830025,1987
13749,r3i1p1f1,1987,08,24,0.0,20.06385,5.21407,1987
13750,r3i1p1f1,1987,08,25,0.0,24.146706,6.4456115,1987
13751,r3i1p1f1,1987,08,26,0.0,24.597017,8.054518,1987
13752,r3i1p1f1,1987,08,27,0.0,23.747519,7.602108,1987
13753,r3i1p1f1,1987,08,28,0.0,27.33353,9.657995,1987
13754,r3i1p1f1,1987,08,29,0.5727802383549524,28.344736,11.975934,1987
13755,r3i1p1f1,1987,08,30,0.0075643683909507485,29.17528,11.546042,1987
13756,r3i1p1f1,1987,08,31,0.0,28.337027,12.4189415,1987
13757,r3i1p1f1,1987,09,01,0.0,24.726933,10.24577,1987
13758,r3i1p1f1,1987,09,02,0.16964130652348486,23.317163,9.728415,1987
13759,r3i1p1f1,1987,09,03,0.0,24.367832,7.884759,1987
13760,r3i1p1f1,1987,09,04,0.0,27.210522,10.236612,1987
13761,r3i1p1f1,1987,09,05,0.0,28.00584,11.291429,1987
13762,r3i1p1f1,1987,09,06,0.0,27.450901,11.821986,1987
13763,r3i1p1f1,1987,09,07,0.0,25.940266,11.114222,1987
13764,r3i1p1f1,1987,09,08,0.0,26.554665,11.518621,1987
13765,r3i1p1f1,1987,09,09,0.0029482832025295416,25.981249,13.399406,1987
13766,r3i1p1f1,1987,09,10,0.012997879400101834,23.438536,8.995549,1987
13767,r3i1p1f1,1987,09,11,0.0,28.032028,11.08535,1987
13768,r3i1p1f1,1987,09,12,0.0,28.219091,12.28102,1987
13769,r3i1p1f1,1987,09,13,0.002633528109933985,27.133219,10.906113,1987
13770,r3i1p1f1,1987,09,14,0.0,26.828753,10.9738245,1987
13771,r3i1p1f1,1987,09,15,0.0,26.307796,13.589317,1987
13772,r3i1p1f1,1987,09,16,0.0,25.607176,11.946362,1987
13773,r3i1p1f1,1987,09,17,0.0224527222024718,27.260912,12.006069,1987
13774,r3i1p1f1,1987,09,18,0.0053857042650251015,26.974512,11.94801,1987
13775,r3i1p1f1,1987,09,19,0.2955853113235207,28.829092,13.479673,1987
13776,r3i1p1f1,1987,09,20,0.001504144701788104,25.01594,10.418395,1987
13777,r3i1p1f1,1987,09,21,0.32829200801260366,27.775093,13.071372,1987
13778,r3i1p1f1,1987,09,22,0.0169548510855652,29.952335,14.155102,1987
13779,r3i1p1f1,1987,09,23,0.0,30.548458,14.929732,1987
13780,r3i1p1f1,1987,09,24,0.0,31.324528,14.337961,1987
13781,r3i1p1f1,1987,09,25,0.0,30.673561,14.257059,1987
13782,r3i1p1f1,1987,09,26,0.0,29.367233,14.376009,1987
13783,r3i1p1f1,1987,09,27,0.0,28.406193,12.920762,1987
13784,r3i1p1f1,1987,09,28,0.0,27.23839,10.403201,1987
13785,r3i1p1f1,1987,09,29,0.0,27.374113,10.650056,1987
13786,r3i1p1f1,1987,09,30,0.0,27.225176,11.078797,1987
13787,r3i1p1f1,1987,10,01,0.0,28.46262,11.081094,1987
13788,r3i1p1f1,1987,10,02,0.0,27.916166,11.662345,1987
13789,r3i1p1f1,1987,10,03,0.0,27.59777,11.854913,1987
13790,r3i1p1f1,1987,10,04,0.0,26.158321,12.658926,1987
13791,r3i1p1f1,1987,10,05,0.0,24.234478,9.388316,1987
13792,r3i1p1f1,1987,10,06,0.0,20.491833,6.577175,1987
13793,r3i1p1f1,1987,10,07,0.0,26.777842,10.805324,1987
13794,r3i1p1f1,1987,10,08,0.0,27.73408,11.07248,1987
13795,r3i1p1f1,1987,10,09,0.0,27.018976,11.037458,1987
13796,r3i1p1f1,1987,10,10,0.0,24.983906,9.747097,1987
13797,r3i1p1f1,1987,10,11,0.04809026232626485,22.296711,9.832144,1987
13798,r3i1p1f1,1987,10,12,0.14376493636518717,23.783318,8.677205,1987
13799,r3i1p1f1,1987,10,13,11.553154715588072,26.116821,13.878299,1987
13800,r3i1p1f1,1987,10,14,0.01730613822521838,19.71286,7.3884892,1987
13801,r3i1p1f1,1987,10,15,0.0,21.809855,7.515754,1987
13802,r3i1p1f1,1987,10,16,0.02115621671117352,21.283188,9.396931,1987
13803,r3i1p1f1,1987,10,17,7.215827663802836,18.805536,9.460361,1987
13804,r3i1p1f1,1987,10,18,70.26183923804446,16.358,10.4502945,1987
13805,r3i1p1f1,1987,10,19,63.871638207255224,15.866925,3.876988,1987
13806,r3i1p1f1,1987,10,20,0.5269988267460385,12.024492,0.9966921,1987
13807,r3i1p1f1,1987,10,21,21.17402774747461,11.961098,5.5156164,1987
13808,r3i1p1f1,1987,10,22,23.31766773039769,12.929448,6.8759594,1987
13809,r3i1p1f1,1987,10,23,0.0,15.229793,1.8723282,1987
13810,r3i1p1f1,1987,10,24,0.451536402665385,14.551671,1.0790473,1987
13811,r3i1p1f1,1987,10,25,0.0,17.025951,1.6637597,1987
13812,r3i1p1f1,1987,10,26,0.0,17.048996,1.8587551,1987
13813,r3i1p1f1,1987,10,27,0.0,16.713808,2.1580229,1987
13814,r3i1p1f1,1987,10,28,0.0,15.199085,4.3543,1987
13815,r3i1p1f1,1987,10,29,0.0,14.746153,1.5353711,1987
13816,r3i1p1f1,1987,10,30,0.0,17.875574,2.0195794,1987
13817,r3i1p1f1,1987,10,31,0.0,18.796652,4.078232,1987
13818,r3i1p1f1,1987,11,01,0.0,17.762486,5.8665757,1987
13819,r3i1p1f1,1987,11,02,0.0,20.369616,5.754465,1987
13820,r3i1p1f1,1987,11,03,0.0,19.49671,5.1465793,1987
13821,r3i1p1f1,1987,11,04,0.0,18.14177,4.43106,1987
13822,r3i1p1f1,1987,11,05,0.0,18.001629,2.7006412,1987
13823,r3i1p1f1,1987,11,06,6.939578350513904,16.174334,5.939261,1987
13824,r3i1p1f1,1987,11,07,1.8237965200042756,13.301049,0.6489687,1987
13825,r3i1p1f1,1987,11,08,0.0,15.809176,1.216833,1987
13826,r3i1p1f1,1987,11,09,0.0,17.288818,0.99807185,1987
13827,r3i1p1f1,1987,11,10,0.0,14.705122,2.6481292,1987
13828,r3i1p1f1,1987,11,11,0.0,14.43165,1.3801998,1987
13829,r3i1p1f1,1987,11,12,0.0,15.299146,0.76870525,1987
13830,r3i1p1f1,1987,11,13,0.0,14.653425,2.7225378,1987
13831,r3i1p1f1,1987,11,14,0.0,14.013338,2.849775,1987
13832,r3i1p1f1,1987,11,15,0.0,17.401749,3.9566398,1987
13833,r3i1p1f1,1987,11,16,0.0,18.410994,5.50142,1987
13834,r3i1p1f1,1987,11,17,0.0,16.330818,4.493136,1987
13835,r3i1p1f1,1987,11,18,45.538172733626865,13.250975,5.638217,1987
13836,r3i1p1f1,1987,11,19,11.836390339426304,6.999467,0.3201663,1987
13837,r3i1p1f1,1987,11,20,8.331114145326673,6.9198647,0.006369191,1987
13838,r3i1p1f1,1987,11,21,0.0,7.1114445,-4.1714506,1987
13839,r3i1p1f1,1987,11,22,0.0,8.027165,-5.591576,1987
13840,r3i1p1f1,1987,11,23,0.24805454852053357,9.0875635,-0.49390298,1987
13841,r3i1p1f1,1987,11,24,0.0,9.682075,-4.360386,1987
13842,r3i1p1f1,1987,11,25,0.0,11.410341,-3.4126642,1987
13843,r3i1p1f1,1987,11,26,0.0,12.39051,-1.7351483,1987
13844,r3i1p1f1,1987,11,27,0.0,12.991781,-1.0551744,1987
13845,r3i1p1f1,1987,11,28,0.0,14.6275,0.991426,1987
13846,r3i1p1f1,1987,11,29,0.0,15.151522,1.2737612,1987
13847,r3i1p1f1,1987,11,30,0.0,16.713507,1.384047,1987
13848,r3i1p1f1,1987,12,01,0.0,16.145285,3.4992094,1987
13849,r3i1p1f1,1987,12,02,0.0,14.769807,3.8514802,1987
13850,r3i1p1f1,1987,12,03,0.0,12.06047,1.7466317,1987
13851,r3i1p1f1,1987,12,04,0.0,12.874828,0.39728752,1987
13852,r3i1p1f1,1987,12,05,0.0,13.397463,1.3448044,1987
13853,r3i1p1f1,1987,12,06,0.0,13.053785,3.0228398,1987
13854,r3i1p1f1,1987,12,07,50.95700992418355,9.5809,0.31788674,1987
13855,r3i1p1f1,1987,12,08,17.97392319988974,5.949368,-1.882173,1987
13856,r3i1p1f1,1987,12,09,8.286805262622167,3.3779893,-5.1731877,1987
13857,r3i1p1f1,1987,12,10,54.050495985307194,7.1011457,1.2633114,1987
13858,r3i1p1f1,1987,12,11,96.5300423142157,7.083006,1.7601511,1987
13859,r3i1p1f1,1987,12,12,54.10979441979802,7.529645,0.4755765,1987
13860,r3i1p1f1,1987,12,13,0.0,7.348314,-4.4789453,1987
13861,r3i1p1f1,1987,12,14,0.0,7.3266387,-3.818158,1987
13862,r3i1p1f1,1987,12,15,12.891354024912673,3.5284073,-2.4091964,1987
13863,r3i1p1f1,1987,12,16,10.763265529806775,4.974932,-5.42077,1987
13864,r3i1p1f1,1987,12,17,0.0,11.021848,1.8087704,1987
13865,r3i1p1f1,1987,12,18,14.260517141941053,11.690289,2.951759,1987
13866,r3i1p1f1,1987,12,19,0.0,12.133458,1.2400935,1987
13867,r3i1p1f1,1987,12,20,6.728829227014151,9.67384,3.7129302,1987
13868,r3i1p1f1,1987,12,21,0.0,13.484528,4.7190957,1987
13869,r3i1p1f1,1987,12,22,24.962135465619596,9.06628,2.7453322,1987
13870,r3i1p1f1,1987,12,23,0.0,8.166985,-2.7989652,1987
13871,r3i1p1f1,1987,12,24,0.034645723338287915,5.0330358,-3.4887261,1987
13872,r3i1p1f1,1987,12,25,0.0,2.2059567,-9.013149,1987
13873,r3i1p1f1,1987,12,26,0.0,3.992144,-7.653086,1987
13874,r3i1p1f1,1987,12,27,0.0,8.921802,-4.6914067,1987
13875,r3i1p1f1,1987,12,28,0.0,7.885067,-1.2722043,1987
13876,r3i1p1f1,1987,12,29,53.370033660413405,2.8683357,-3.2030246,1987
13877,r3i1p1f1,1987,12,30,0.0,3.967801,-6.737849,1987
13878,r3i1p1f1,1987,12,31,0.0,6.279213,-6.065522,1987
13879,r3i1p1f1,1988,01,01,0.0,6.10846,-5.089505,1988
13880,r3i1p1f1,1988,01,02,0.0,4.834463,-6.15059,1988
13881,r3i1p1f1,1988,01,03,0.0,3.5333214,-6.957406,1988
13882,r3i1p1f1,1988,01,04,0.0,4.1905627,-7.590319,1988
13883,r3i1p1f1,1988,01,05,0.0,4.4561954,-8.351338,1988
13884,r3i1p1f1,1988,01,06,0.0,4.489814,-8.195746,1988
13885,r3i1p1f1,1988,01,07,0.0,7.3537955,-7.2509303,1988
13886,r3i1p1f1,1988,01,08,0.0,9.293303,-4.56714,1988
13887,r3i1p1f1,1988,01,09,0.0,7.004252,-5.430149,1988
13888,r3i1p1f1,1988,01,10,0.0,2.475574,-9.561512,1988
13889,r3i1p1f1,1988,01,11,0.0,2.6209836,-10.844851,1988
13890,r3i1p1f1,1988,01,12,0.0,2.6686928,-11.4598255,1988
13891,r3i1p1f1,1988,01,13,0.0,4.898359,-9.728643,1988
13892,r3i1p1f1,1988,01,14,0.003156569437123835,3.4164848,-5.8798122,1988
13893,r3i1p1f1,1988,01,15,1.0321737656149228,0.15121442,-8.825816,1988
13894,r3i1p1f1,1988,01,16,4.420806045374392,-0.46363038,-11.29227,1988
13895,r3i1p1f1,1988,01,17,0.0651554855434561,0.39731798,-12.354218,1988
13896,r3i1p1f1,1988,01,18,26.519402982912172,-0.83978623,-7.9989395,1988
13897,r3i1p1f1,1988,01,19,9.21038385196497,2.2216558,-4.44481,1988
13898,r3i1p1f1,1988,01,20,0.0,8.703792,-4.893406,1988
13899,r3i1p1f1,1988,01,21,0.0,7.887072,-4.9392533,1988
13900,r3i1p1f1,1988,01,22,0.0,9.475288,-2.2643445,1988
13901,r3i1p1f1,1988,01,23,0.0,10.941695,-2.548721,1988
13902,r3i1p1f1,1988,01,24,0.0,11.32226,-3.305718,1988
13903,r3i1p1f1,1988,01,25,0.0,10.550237,-4.5532207,1988
13904,r3i1p1f1,1988,01,26,0.0,6.3139973,-5.753143,1988
13905,r3i1p1f1,1988,01,27,0.0,7.513929,-5.138653,1988
13906,r3i1p1f1,1988,01,28,0.0,9.810214,-2.6493397,1988
13907,r3i1p1f1,1988,01,29,0.0,10.121438,-1.48764,1988
13908,r3i1p1f1,1988,01,30,0.0,10.936674,-1.2127229,1988
13909,r3i1p1f1,1988,01,31,0.0,9.156331,1.3364921,1988
13910,r3i1p1f1,1988,02,01,0.6838629345925016,9.62787,1.0913466,1988
13911,r3i1p1f1,1988,02,02,2.373602580509645,6.010996,-0.7886862,1988
13912,r3i1p1f1,1988,02,03,0.5184483498803609,8.351793,1.3642445,1988
13913,r3i1p1f1,1988,02,04,0.0,14.216395,0.6729596,1988
13914,r3i1p1f1,1988,02,05,3.519444407988646,11.9679985,1.5136232,1988
13915,r3i1p1f1,1988,02,06,48.37459760080827,6.0304418,1.2169001,1988
13916,r3i1p1f1,1988,02,07,97.65838487563948,5.373629,0.34242806,1988
13917,r3i1p1f1,1988,02,08,15.552483162594543,5.3584614,-0.80434275,1988
13918,r3i1p1f1,1988,02,09,41.423180758168826,6.159342,-1.0170292,1988
13919,r3i1p1f1,1988,02,10,35.95709574077964,6.3535705,0.53173226,1988
13920,r3i1p1f1,1988,02,11,40.67990041926111,5.7035084,0.7554451,1988
13921,r3i1p1f1,1988,02,12,25.957615188886656,4.4662056,-1.7303531,1988
13922,r3i1p1f1,1988,02,13,8.528823474779003,2.9093184,-6.524616,1988
13923,r3i1p1f1,1988,02,14,0.0,3.647227,-8.952986,1988
13924,r3i1p1f1,1988,02,15,0.0,3.778218,-6.9507914,1988
13925,r3i1p1f1,1988,02,16,18.169213765251794,0.5117731,-6.7771754,1988
13926,r3i1p1f1,1988,02,17,76.28196409266246,2.930623,-3.5771832,1988
13927,r3i1p1f1,1988,02,18,56.08312460642896,7.4337697,1.523215,1988
13928,r3i1p1f1,1988,02,19,8.856000990521064,8.752591,3.458276,1988
13929,r3i1p1f1,1988,02,20,0.0,14.44614,3.3658414,1988
13930,r3i1p1f1,1988,02,21,28.07272414578811,10.346223,-0.0066545573,1988
13931,r3i1p1f1,1988,02,22,0.0,9.526313,-0.66917056,1988
13932,r3i1p1f1,1988,02,23,0.0,11.907767,-0.5037569,1988
13933,r3i1p1f1,1988,02,24,0.0,10.57798,3.3942032,1988
13934,r3i1p1f1,1988,02,25,0.0,16.243559,3.561542,1988
13935,r3i1p1f1,1988,02,26,0.07611319382895569,15.835275,2.5420182,1988
13936,r3i1p1f1,1988,02,27,0.3103056050971837,9.584789,1.5185031,1988
13937,r3i1p1f1,1988,02,28,0.0,9.292598,-0.9927628,1988
13938,r3i1p1f1,1988,02,29,0.24239856888207692,10.29418,1.6724572,1988
13939,r3i1p1f1,1988,03,01,6.003725716360158,6.8176417,1.8505349,1988
13940,r3i1p1f1,1988,03,02,13.527112174166465,4.7298565,-0.45846933,1988
13941,r3i1p1f1,1988,03,03,0.0,12.000744,-2.6813679,1988
13942,r3i1p1f1,1988,03,04,0.0,12.027831,-1.383017,1988
13943,r3i1p1f1,1988,03,05,0.13037741315967746,10.721697,1.7601854,1988
13944,r3i1p1f1,1988,03,06,23.136338870972395,6.1950583,0.18105228,1988
13945,r3i1p1f1,1988,03,07,0.0,12.726427,-1.0050474,1988
13946,r3i1p1f1,1988,03,08,0.0,11.162803,2.9063656,1988
13947,r3i1p1f1,1988,03,09,28.455505751710582,8.185941,-1.4596518,1988
13948,r3i1p1f1,1988,03,10,1.4361565968628336,7.149988,-2.0375395,1988
13949,r3i1p1f1,1988,03,11,0.0,12.35559,-1.6707468,1988
13950,r3i1p1f1,1988,03,12,0.0,12.505001,-2.1367514,1988
13951,r3i1p1f1,1988,03,13,0.0,10.3751955,1.9229474,1988
13952,r3i1p1f1,1988,03,14,0.0,12.590624,-1.7105336,1988
13953,r3i1p1f1,1988,03,15,0.0,12.116344,2.6712973,1988
13954,r3i1p1f1,1988,03,16,0.0,16.58813,2.455523,1988
13955,r3i1p1f1,1988,03,17,0.009230440513132826,16.251785,3.1894517,1988
13956,r3i1p1f1,1988,03,18,0.0,13.976323,1.6110944,1988
13957,r3i1p1f1,1988,03,19,0.23472241564496998,12.396325,5.4652963,1988
13958,r3i1p1f1,1988,03,20,18.022238319788716,7.7104554,-4.1930313,1988
13959,r3i1p1f1,1988,03,21,2.3019800234339383,8.517619,-4.46033,1988
13960,r3i1p1f1,1988,03,22,5.707562529316515,7.490022,-3.618024,1988
13961,r3i1p1f1,1988,03,23,12.7885812047967,5.6229343,-2.2202158,1988
13962,r3i1p1f1,1988,03,24,0.0,8.230404,-6.6969457,1988
13963,r3i1p1f1,1988,03,25,0.0,9.955663,-4.6188293,1988
13964,r3i1p1f1,1988,03,26,0.0,10.082443,-3.4711506,1988
13965,r3i1p1f1,1988,03,27,0.0,12.993094,-2.4442017,1988
13966,r3i1p1f1,1988,03,28,0.6368126706404024,11.898911,-0.8681082,1988
13967,r3i1p1f1,1988,03,29,0.0,11.21169,-3.4826999,1988
13968,r3i1p1f1,1988,03,30,0.0,15.421057,-0.73503745,1988
13969,r3i1p1f1,1988,03,31,0.0,16.513313,1.4927083,1988
13970,r3i1p1f1,1988,04,01,0.0,18.567356,3.6012454,1988
13971,r3i1p1f1,1988,04,02,0.0,20.802261,4.7944326,1988
13972,r3i1p1f1,1988,04,03,0.0,20.17518,6.911263,1988
13973,r3i1p1f1,1988,04,04,0.0,19.75453,4.771341,1988
13974,r3i1p1f1,1988,04,05,0.0,17.595768,3.4586217,1988
13975,r3i1p1f1,1988,04,06,0.0,16.79622,3.0505834,1988
13976,r3i1p1f1,1988,04,07,0.0,19.174078,3.6248376,1988
13977,r3i1p1f1,1988,04,08,0.03867046815637303,18.184488,6.5331445,1988
13978,r3i1p1f1,1988,04,09,0.0,14.838902,2.9692216,1988
13979,r3i1p1f1,1988,04,10,2.0326498903733934,8.925328,-3.8130646,1988
13980,r3i1p1f1,1988,04,11,0.0,14.531197,-0.77557,1988
13981,r3i1p1f1,1988,04,12,0.0,16.132029,0.9317211,1988
13982,r3i1p1f1,1988,04,13,0.0,16.803751,2.811573,1988
13983,r3i1p1f1,1988,04,14,2.160228567519976,14.432393,-0.15547808,1988
13984,r3i1p1f1,1988,04,15,0.4924929279360712,10.218406,-3.0502086,1988
13985,r3i1p1f1,1988,04,16,0.0,18.761389,0.9711449,1988
13986,r3i1p1f1,1988,04,17,0.0,20.72065,2.8801396,1988
13987,r3i1p1f1,1988,04,18,0.0,20.594122,5.595461,1988
13988,r3i1p1f1,1988,04,19,0.0,18.413284,4.824841,1988
13989,r3i1p1f1,1988,04,20,0.0,18.347008,1.6861876,1988
13990,r3i1p1f1,1988,04,21,0.0008860137696549492,17.19691,5.9126425,1988
13991,r3i1p1f1,1988,04,22,1.9397995220443638,14.697517,2.6879952,1988
13992,r3i1p1f1,1988,04,23,50.107846379672225,10.607744,2.995884,1988
13993,r3i1p1f1,1988,04,24,2.2266203030851197,9.682414,-3.4443417,1988
13994,r3i1p1f1,1988,04,25,23.52841950977515,9.824397,-0.050478216,1988
13995,r3i1p1f1,1988,04,26,26.637308691064582,9.858852,4.4728675,1988
13996,r3i1p1f1,1988,04,27,0.0,14.131488,0.7310195,1988
13997,r3i1p1f1,1988,04,28,0.8080784341712531,12.028916,0.96651477,1988
13998,r3i1p1f1,1988,04,29,0.0,17.87396,2.2831457,1988
13999,r3i1p1f1,1988,04,30,0.0,18.590538,2.91858,1988
14000,r3i1p1f1,1988,05,01,0.0,17.420477,4.6804767,1988
14001,r3i1p1f1,1988,05,02,0.0,16.393713,3.2509682,1988
14002,r3i1p1f1,1988,05,03,0.0,17.773727,3.0554812,1988
14003,r3i1p1f1,1988,05,04,0.0,19.78394,5.607636,1988
14004,r3i1p1f1,1988,05,05,27.616477779749978,13.689797,5.989095,1988
14005,r3i1p1f1,1988,05,06,10.11045736534135,10.535263,1.5292947,1988
14006,r3i1p1f1,1988,05,07,0.0,17.530773,2.877119,1988
14007,r3i1p1f1,1988,05,08,0.038847420058262194,17.152393,3.130727,1988
14008,r3i1p1f1,1988,05,09,0.0,16.67435,4.4257364,1988
14009,r3i1p1f1,1988,05,10,0.0,16.571146,2.41056,1988
14010,r3i1p1f1,1988,05,11,0.0,18.416786,3.1279552,1988
14011,r3i1p1f1,1988,05,12,0.0,19.136383,4.21468,1988
14012,r3i1p1f1,1988,05,13,0.0,18.324957,4.6776886,1988
14013,r3i1p1f1,1988,05,14,0.0,16.964676,3.2615986,1988
14014,r3i1p1f1,1988,05,15,0.003497207561801923,14.115442,3.288249,1988
14015,r3i1p1f1,1988,05,16,0.3877471588303275,9.998052,-1.031179,1988
14016,r3i1p1f1,1988,05,17,8.050775535306649,5.7538505,-5.6264353,1988
14017,r3i1p1f1,1988,05,18,0.0,16.220259,0.4246398,1988
14018,r3i1p1f1,1988,05,19,0.0,20.22922,4.049595,1988
14019,r3i1p1f1,1988,05,20,0.0,21.852388,7.007243,1988
14020,r3i1p1f1,1988,05,21,0.0,25.802364,9.19173,1988
14021,r3i1p1f1,1988,05,22,0.0,27.66946,11.427773,1988
14022,r3i1p1f1,1988,05,23,0.0,28.202766,11.778461,1988
14023,r3i1p1f1,1988,05,24,0.0,28.930614,11.8930025,1988
14024,r3i1p1f1,1988,05,25,0.0,27.411709,12.065586,1988
14025,r3i1p1f1,1988,05,26,0.003918243792692297,21.995466,7.8029838,1988
14026,r3i1p1f1,1988,05,27,0.0,17.379505,1.8716182,1988
14027,r3i1p1f1,1988,05,28,0.0,21.167402,5.3910036,1988
14028,r3i1p1f1,1988,05,29,0.0,23.38648,6.9436383,1988
14029,r3i1p1f1,1988,05,30,0.0,24.48996,7.873702,1988
14030,r3i1p1f1,1988,05,31,0.0,24.33742,8.750653,1988
14031,r3i1p1f1,1988,06,01,0.4222756948269977,19.802076,3.4943192,1988
14032,r3i1p1f1,1988,06,02,0.0,21.581074,5.020395,1988
14033,r3i1p1f1,1988,06,03,0.0,22.217009,7.149891,1988
14034,r3i1p1f1,1988,06,04,0.0,21.746384,5.369196,1988
14035,r3i1p1f1,1988,06,05,0.0,18.004503,3.1962872,1988
14036,r3i1p1f1,1988,06,06,0.0,22.613039,4.7505674,1988
14037,r3i1p1f1,1988,06,07,0.0,26.111912,8.426514,1988
14038,r3i1p1f1,1988,06,08,0.056811281961257155,27.098536,11.199059,1988
14039,r3i1p1f1,1988,06,09,3.418114675705989,25.326017,10.773624,1988
14040,r3i1p1f1,1988,06,10,0.6702483468152901,22.25584,9.198085,1988
14041,r3i1p1f1,1988,06,11,0.04556688363663852,21.761759,7.9880204,1988
14042,r3i1p1f1,1988,06,12,0.0,20.209328,6.650679,1988
14043,r3i1p1f1,1988,06,13,0.0,17.982891,4.5473557,1988
14044,r3i1p1f1,1988,06,14,0.0,17.098938,3.853754,1988
14045,r3i1p1f1,1988,06,15,0.0,23.592836,5.249916,1988
14046,r3i1p1f1,1988,06,16,0.0,27.926535,8.980616,1988
14047,r3i1p1f1,1988,06,17,0.0,27.205433,11.378677,1988
14048,r3i1p1f1,1988,06,18,0.0,26.705181,9.922623,1988
14049,r3i1p1f1,1988,06,19,0.0,26.026102,10.74125,1988
14050,r3i1p1f1,1988,06,20,0.0,21.827509,7.130353,1988
14051,r3i1p1f1,1988,06,21,0.0,28.107246,9.0228195,1988
14052,r3i1p1f1,1988,06,22,0.0,29.756042,12.097333,1988
14053,r3i1p1f1,1988,06,23,0.0,29.093203,12.488683,1988
14054,r3i1p1f1,1988,06,24,0.0,26.717918,11.290197,1988
14055,r3i1p1f1,1988,06,25,0.0,25.58251,10.099146,1988
14056,r3i1p1f1,1988,06,26,0.0,25.174643,9.607335,1988
14057,r3i1p1f1,1988,06,27,0.0,29.907034,10.465529,1988
14058,r3i1p1f1,1988,06,28,0.0,33.8402,13.022499,1988
14059,r3i1p1f1,1988,06,29,0.0,34.47319,15.875703,1988
14060,r3i1p1f1,1988,06,30,0.0,34.01888,18.470734,1988
14061,r3i1p1f1,1988,07,01,0.0,35.69357,16.22353,1988
14062,r3i1p1f1,1988,07,02,0.0,36.262566,18.600462,1988
14063,r3i1p1f1,1988,07,03,0.0,35.47266,17.690474,1988
14064,r3i1p1f1,1988,07,04,0.0,33.355907,16.080538,1988
14065,r3i1p1f1,1988,07,05,0.0,29.631971,15.486322,1988
14066,r3i1p1f1,1988,07,06,0.0,24.44076,9.011921,1988
14067,r3i1p1f1,1988,07,07,0.0,28.318218,10.15722,1988
14068,r3i1p1f1,1988,07,08,0.0,31.326483,12.033138,1988
14069,r3i1p1f1,1988,07,09,0.0,31.348063,12.963694,1988
14070,r3i1p1f1,1988,07,10,0.0,30.952883,14.386882,1988
14071,r3i1p1f1,1988,07,11,0.0,26.81633,11.017799,1988
14072,r3i1p1f1,1988,07,12,0.0,26.020273,10.470505,1988
14073,r3i1p1f1,1988,07,13,0.0,27.867653,11.791325,1988
14074,r3i1p1f1,1988,07,14,0.0,30.325203,13.631125,1988
14075,r3i1p1f1,1988,07,15,0.0,32.02151,15.729303,1988
14076,r3i1p1f1,1988,07,16,0.0,31.818968,15.969494,1988
14077,r3i1p1f1,1988,07,17,0.0,31.50417,14.865082,1988
14078,r3i1p1f1,1988,07,18,0.0,30.01,14.159246,1988
14079,r3i1p1f1,1988,07,19,0.0,28.451818,13.560971,1988
14080,r3i1p1f1,1988,07,20,0.0,25.73709,11.322366,1988
14081,r3i1p1f1,1988,07,21,0.0,28.133392,11.035454,1988
14082,r3i1p1f1,1988,07,22,0.0,29.114067,13.734863,1988
14083,r3i1p1f1,1988,07,23,0.0,31.594564,13.369905,1988
14084,r3i1p1f1,1988,07,24,0.0,32.771664,14.725519,1988
14085,r3i1p1f1,1988,07,25,0.0,33.665707,15.584062,1988
14086,r3i1p1f1,1988,07,26,0.0,34.201557,16.270075,1988
14087,r3i1p1f1,1988,07,27,0.0,35.60424,16.661768,1988
14088,r3i1p1f1,1988,07,28,0.0,36.010918,17.889776,1988
14089,r3i1p1f1,1988,07,29,0.0,35.20069,17.714504,1988
14090,r3i1p1f1,1988,07,30,0.0,32.589363,16.91485,1988
14091,r3i1p1f1,1988,07,31,0.0,32.45344,17.03275,1988
14092,r3i1p1f1,1988,08,01,0.0,34.395084,16.483187,1988
14093,r3i1p1f1,1988,08,02,0.0,36.888214,19.578375,1988
14094,r3i1p1f1,1988,08,03,4.746367075743987e-05,39.11197,21.792253,1988
14095,r3i1p1f1,1988,08,04,0.0,38.606308,22.249598,1988
14096,r3i1p1f1,1988,08,05,0.0,35.78265,20.912985,1988
14097,r3i1p1f1,1988,08,06,0.0,35.774006,18.3985,1988
14098,r3i1p1f1,1988,08,07,0.0,31.431587,14.686028,1988
14099,r3i1p1f1,1988,08,08,0.0,30.377153,12.53059,1988
14100,r3i1p1f1,1988,08,09,0.014507940948916305,29.032894,12.464809,1988
14101,r3i1p1f1,1988,08,10,0.0,23.835812,10.844603,1988
14102,r3i1p1f1,1988,08,11,0.0,24.561758,8.873705,1988
14103,r3i1p1f1,1988,08,12,0.0,27.60945,10.03521,1988
14104,r3i1p1f1,1988,08,13,0.0,30.35938,12.40191,1988
14105,r3i1p1f1,1988,08,14,0.0,31.756618,13.955066,1988
14106,r3i1p1f1,1988,08,15,0.0,32.581196,16.601143,1988
14107,r3i1p1f1,1988,08,16,0.18901123380362006,33.069885,17.22939,1988
14108,r3i1p1f1,1988,08,17,0.7040587036834424,34.99893,17.877993,1988
14109,r3i1p1f1,1988,08,18,0.0,36.41154,19.317804,1988
14110,r3i1p1f1,1988,08,19,0.0,36.205524,20.078901,1988
14111,r3i1p1f1,1988,08,20,0.007233534300834627,35.380764,20.183136,1988
14112,r3i1p1f1,1988,08,21,0.0,34.295773,19.547838,1988
14113,r3i1p1f1,1988,08,22,0.0,33.739685,18.345564,1988
14114,r3i1p1f1,1988,08,23,0.0,35.344208,17.64594,1988
14115,r3i1p1f1,1988,08,24,0.0,35.19799,17.590076,1988
14116,r3i1p1f1,1988,08,25,0.0,33.594807,14.914464,1988
14117,r3i1p1f1,1988,08,26,0.0,32.53994,13.989249,1988
14118,r3i1p1f1,1988,08,27,0.0,31.769579,14.714501,1988
14119,r3i1p1f1,1988,08,28,0.0,29.287748,12.547139,1988
14120,r3i1p1f1,1988,08,29,0.0,27.797308,12.237189,1988
14121,r3i1p1f1,1988,08,30,0.0,28.951439,12.658583,1988
14122,r3i1p1f1,1988,08,31,0.0,30.836037,13.7126255,1988
14123,r3i1p1f1,1988,09,01,0.0,31.450611,14.223937,1988
14124,r3i1p1f1,1988,09,02,0.0,31.270296,13.964648,1988
14125,r3i1p1f1,1988,09,03,0.0,25.117987,9.277064,1988
14126,r3i1p1f1,1988,09,04,0.0,23.871216,8.024443,1988
14127,r3i1p1f1,1988,09,05,0.0,19.913446,4.480265,1988
14128,r3i1p1f1,1988,09,06,0.0,18.974209,4.691693,1988
14129,r3i1p1f1,1988,09,07,0.0,25.099964,7.5131264,1988
14130,r3i1p1f1,1988,09,08,0.0,28.276712,11.052552,1988
14131,r3i1p1f1,1988,09,09,0.0,30.451794,12.218817,1988
14132,r3i1p1f1,1988,09,10,0.0,31.557535,13.445956,1988
14133,r3i1p1f1,1988,09,11,0.0,30.958384,13.102802,1988
14134,r3i1p1f1,1988,09,12,0.0,29.138506,12.91405,1988
14135,r3i1p1f1,1988,09,13,0.0,28.976269,12.60615,1988
14136,r3i1p1f1,1988,09,14,0.0,27.97077,10.799884,1988
14137,r3i1p1f1,1988,09,15,0.0,26.775917,9.531772,1988
14138,r3i1p1f1,1988,09,16,0.0,27.595566,9.989145,1988
14139,r3i1p1f1,1988,09,17,0.0,28.238194,11.1556835,1988
14140,r3i1p1f1,1988,09,18,0.0,28.519905,12.7605,1988
14141,r3i1p1f1,1988,09,19,0.0,27.009188,12.373612,1988
14142,r3i1p1f1,1988,09,20,0.0,25.583733,8.067539,1988
14143,r3i1p1f1,1988,09,21,0.0,26.4351,9.1226635,1988
14144,r3i1p1f1,1988,09,22,0.0,24.905127,9.429846,1988
14145,r3i1p1f1,1988,09,23,0.0,22.113762,7.519647,1988
14146,r3i1p1f1,1988,09,24,0.5121816391980055,18.615261,5.218007,1988
14147,r3i1p1f1,1988,09,25,0.008549854943626806,17.857864,4.4729314,1988
14148,r3i1p1f1,1988,09,26,0.0,19.25921,4.943053,1988
14149,r3i1p1f1,1988,09,27,0.0,19.01872,5.2064247,1988
14150,r3i1p1f1,1988,09,28,0.0,18.93783,5.7233768,1988
14151,r3i1p1f1,1988,09,29,0.0,19.88727,5.377042,1988
14152,r3i1p1f1,1988,09,30,0.0,23.56721,7.5972233,1988
14153,r3i1p1f1,1988,10,01,0.0,22.189722,8.084021,1988
14154,r3i1p1f1,1988,10,02,0.0,20.253613,5.7205796,1988
14155,r3i1p1f1,1988,10,03,0.0,22.876707,5.9194603,1988
14156,r3i1p1f1,1988,10,04,3.607669142710572,26.534195,11.004673,1988
14157,r3i1p1f1,1988,10,05,2.3119505868587447,8.113877,-2.0333078,1988
14158,r3i1p1f1,1988,10,06,3.201750695255836,9.271878,-2.6066911,1988
14159,r3i1p1f1,1988,10,07,0.8407574529739673,7.9290566,-0.05814033,1988
14160,r3i1p1f1,1988,10,08,25.960484678599688,6.536336,-0.25619245,1988
14161,r3i1p1f1,1988,10,09,0.8721760843208789,6.5142193,-1.5579077,1988
14162,r3i1p1f1,1988,10,10,3.9462005302323777,10.4012785,0.07318942,1988
14163,r3i1p1f1,1988,10,11,1.9156540262836068,10.825816,0.8931436,1988
14164,r3i1p1f1,1988,10,12,12.57674482621951,11.825374,-1.0319772,1988
14165,r3i1p1f1,1988,10,13,0.0,16.580969,0.74836355,1988
14166,r3i1p1f1,1988,10,14,0.0,18.762897,2.738661,1988
14167,r3i1p1f1,1988,10,15,0.0,19.539606,3.4036524,1988
14168,r3i1p1f1,1988,10,16,0.0,19.257729,5.4256935,1988
14169,r3i1p1f1,1988,10,17,0.0,19.3388,5.310748,1988
14170,r3i1p1f1,1988,10,18,0.0,20.306553,5.147867,1988
14171,r3i1p1f1,1988,10,19,0.0,19.884855,5.891379,1988
14172,r3i1p1f1,1988,10,20,0.0,16.139936,1.3919998,1988
14173,r3i1p1f1,1988,10,21,0.0,11.214517,-0.9855397,1988
14174,r3i1p1f1,1988,10,22,0.0,9.837687,-2.4039595,1988
14175,r3i1p1f1,1988,10,23,0.0,13.820115,-1.7417741,1988
14176,r3i1p1f1,1988,10,24,0.0,17.890015,1.5861605,1988
14177,r3i1p1f1,1988,10,25,0.0,22.270609,4.7385035,1988
14178,r3i1p1f1,1988,10,26,0.0,24.044933,6.871586,1988
14179,r3i1p1f1,1988,10,27,0.0,23.744503,7.663234,1988
14180,r3i1p1f1,1988,10,28,0.0,23.740646,6.6866064,1988
14181,r3i1p1f1,1988,10,29,0.0,25.834726,7.666812,1988
14182,r3i1p1f1,1988,10,30,0.0,24.337807,9.744032,1988
14183,r3i1p1f1,1988,10,31,0.0,21.485186,8.206586,1988
14184,r3i1p1f1,1988,11,01,0.0,20.403158,5.3896513,1988
14185,r3i1p1f1,1988,11,02,0.0,21.097584,4.849937,1988
14186,r3i1p1f1,1988,11,03,0.0,22.044914,5.008356,1988
14187,r3i1p1f1,1988,11,04,0.0,21.782171,4.3919005,1988
14188,r3i1p1f1,1988,11,05,0.0,23.011427,3.6531372,1988
14189,r3i1p1f1,1988,11,06,0.0,22.938995,9.40453,1988
14190,r3i1p1f1,1988,11,07,11.551728651274493,24.561613,11.684793,1988
14191,r3i1p1f1,1988,11,08,40.74324870629138,14.897526,4.282181,1988
14192,r3i1p1f1,1988,11,09,0.0,15.466126,3.408389,1988
14193,r3i1p1f1,1988,11,10,0.0,12.682595,0.6694985,1988
14194,r3i1p1f1,1988,11,11,0.0,13.872728,-1.00099,1988
14195,r3i1p1f1,1988,11,12,0.0,12.613558,-0.5832707,1988
14196,r3i1p1f1,1988,11,13,0.0,15.310027,0.17152557,1988
14197,r3i1p1f1,1988,11,14,0.0,14.361902,2.9251745,1988
14198,r3i1p1f1,1988,11,15,0.1782382522881227,14.311924,3.0460503,1988
14199,r3i1p1f1,1988,11,16,0.0,15.927687,2.3597233,1988
14200,r3i1p1f1,1988,11,17,0.0,12.27194,2.4688942,1988
14201,r3i1p1f1,1988,11,18,11.070411494553188,9.830212,-1.6039782,1988
14202,r3i1p1f1,1988,11,19,0.0007616337633838779,4.8356423,-4.8829126,1988
14203,r3i1p1f1,1988,11,20,0.0,5.7678046,-5.339857,1988
14204,r3i1p1f1,1988,11,21,23.328617010510673,3.2465906,-3.8016665,1988
14205,r3i1p1f1,1988,11,22,73.44730915991883,2.3498757,-2.5058475,1988
14206,r3i1p1f1,1988,11,23,6.014288151575449,1.4994489,-6.922408,1988
14207,r3i1p1f1,1988,11,24,0.0,4.2567573,-10.405591,1988
14208,r3i1p1f1,1988,11,25,0.0,5.753711,-9.434414,1988
14209,r3i1p1f1,1988,11,26,0.0,7.0790567,-7.349825,1988
14210,r3i1p1f1,1988,11,27,0.0,6.0514965,0.12982488,1988
14211,r3i1p1f1,1988,11,28,0.7120469698029889,10.23649,1.8300563,1988
14212,r3i1p1f1,1988,11,29,19.726614735554904,7.570841,1.3110085,1988
14213,r3i1p1f1,1988,11,30,7.303785380607128,5.4343877,-1.0334916,1988
14214,r3i1p1f1,1988,12,01,0.0,8.558121,-1.9706477,1988
14215,r3i1p1f1,1988,12,02,1.519425764950268,6.9400363,-2.6505737,1988
14216,r3i1p1f1,1988,12,03,0.0,9.143165,-3.0314746,1988
14217,r3i1p1f1,1988,12,04,0.0,7.446468,-4.141671,1988
14218,r3i1p1f1,1988,12,05,0.0,7.9440174,-4.058869,1988
14219,r3i1p1f1,1988,12,06,0.00834761962515155,8.263567,-0.19158192,1988
14220,r3i1p1f1,1988,12,07,0.0,6.629007,-4.3929243,1988
14221,r3i1p1f1,1988,12,08,0.0,8.54343,-4.892048,1988
14222,r3i1p1f1,1988,12,09,0.0,9.318017,1.4422187,1988
14223,r3i1p1f1,1988,12,10,0.9764191226598709,6.1252246,0.32270285,1988
14224,r3i1p1f1,1988,12,11,2.1191126243808722,7.586801,-0.21388218,1988
14225,r3i1p1f1,1988,12,12,7.826408041230599,4.6341615,-4.641933,1988
14226,r3i1p1f1,1988,12,13,78.5534342652873,4.4496293,0.48620373,1988
14227,r3i1p1f1,1988,12,14,94.07616185122414,8.98012,2.4275734,1988
14228,r3i1p1f1,1988,12,15,17.21695695305243,11.335698,-0.88735425,1988
14229,r3i1p1f1,1988,12,16,0.0,6.4759817,-5.6543016,1988
14230,r3i1p1f1,1988,12,17,18.377225087514443,2.5244627,-2.8147802,1988
14231,r3i1p1f1,1988,12,18,10.912072181542355,3.0134566,-5.0019245,1988
14232,r3i1p1f1,1988,12,19,0.0,2.417384,-4.294404,1988
14233,r3i1p1f1,1988,12,20,0.0,4.15096,-6.2791424,1988
14234,r3i1p1f1,1988,12,21,15.77532890154735,2.0232003,-3.6884937,1988
14235,r3i1p1f1,1988,12,22,0.0,7.248696,-5.4639473,1988
14236,r3i1p1f1,1988,12,23,0.0,9.108825,-5.18606,1988
14237,r3i1p1f1,1988,12,24,1.0008954290816818,3.024701,-4.1685734,1988
14238,r3i1p1f1,1988,12,25,0.0,7.68803,-2.6376839,1988
14239,r3i1p1f1,1988,12,26,0.0,7.5022554,-3.097281,1988
14240,r3i1p1f1,1988,12,27,0.0,5.085138,-5.7442017,1988
14241,r3i1p1f1,1988,12,28,0.0,4.455712,-5.6103845,1988
14242,r3i1p1f1,1988,12,29,0.0,7.194895,-5.316965,1988
14243,r3i1p1f1,1988,12,30,0.0,6.6496863,-5.4150467,1988
14244,r3i1p1f1,1988,12,31,0.0,7.9003677,-4.0399647,1988
14245,r3i1p1f1,1989,01,01,0.0,8.290833,-2.7456894,1989
14246,r3i1p1f1,1989,01,02,0.0,9.970591,-2.6282399,1989
14247,r3i1p1f1,1989,01,03,0.0,9.40451,-2.5727098,1989
14248,r3i1p1f1,1989,01,04,0.0,9.457582,-2.8622532,1989
14249,r3i1p1f1,1989,01,05,0.0,8.872255,-3.0836585,1989
14250,r3i1p1f1,1989,01,06,0.0,11.154588,-3.2568145,1989
14251,r3i1p1f1,1989,01,07,0.0,10.677396,-2.1183488,1989
14252,r3i1p1f1,1989,01,08,0.3455340193077542,8.991626,-1.064901,1989
14253,r3i1p1f1,1989,01,09,15.832498698421803,7.4699316,1.546483,1989
14254,r3i1p1f1,1989,01,10,53.57144766389147,9.819041,4.261538,1989
14255,r3i1p1f1,1989,01,11,51.74275301887017,11.811934,2.8073986,1989
14256,r3i1p1f1,1989,01,12,0.0,12.844831,2.0792358,1989
14257,r3i1p1f1,1989,01,13,0.04035638477561358,12.694114,1.847899,1989
14258,r3i1p1f1,1989,01,14,7.461645986002527,9.944283,2.4761937,1989
14259,r3i1p1f1,1989,01,15,36.35459212145131,8.426149,3.885437,1989
14260,r3i1p1f1,1989,01,16,2.2403581025029875,8.062553,0.1037719,1989
14261,r3i1p1f1,1989,01,17,0.7643651809063924,8.517244,2.706773,1989
14262,r3i1p1f1,1989,01,18,0.0,10.37542,1.6790408,1989
14263,r3i1p1f1,1989,01,19,27.57579505100454,6.47218,1.9094529,1989
14264,r3i1p1f1,1989,01,20,0.009886907278805188,10.529902,0.4014732,1989
14265,r3i1p1f1,1989,01,21,2.3519523089864953,6.2881327,-1.2137227,1989
14266,r3i1p1f1,1989,01,22,0.0,7.8636136,-0.9759354,1989
14267,r3i1p1f1,1989,01,23,0.36539020162117114,7.367974,-3.0536232,1989
14268,r3i1p1f1,1989,01,24,28.26299118368249,4.3409104,-1.6928246,1989
14269,r3i1p1f1,1989,01,25,23.92688819305285,3.6567764,-0.86468774,1989
14270,r3i1p1f1,1989,01,26,4.661098468506297,6.672686,-3.029338,1989
14271,r3i1p1f1,1989,01,27,25.805062550659244,7.2572255,1.1247718,1989
14272,r3i1p1f1,1989,01,28,46.336287603174384,7.3717666,3.3286808,1989
14273,r3i1p1f1,1989,01,29,27.665400021023263,6.199134,-1.8194486,1989
14274,r3i1p1f1,1989,01,30,1.0273194652798243,7.6146345,-1.7883197,1989
14275,r3i1p1f1,1989,01,31,0.0,8.860209,1.1981736,1989
14276,r3i1p1f1,1989,02,01,0.0,9.454125,-3.2790112,1989
14277,r3i1p1f1,1989,02,02,0.0,9.365089,-4.5361648,1989
14278,r3i1p1f1,1989,02,03,0.0,11.530827,-2.729809,1989
14279,r3i1p1f1,1989,02,04,0.0,12.758517,-2.9215026,1989
14280,r3i1p1f1,1989,02,05,0.0,12.521853,-2.0006597,1989
14281,r3i1p1f1,1989,02,06,0.0,14.270011,-0.9471673,1989
14282,r3i1p1f1,1989,02,07,0.0,13.61792,-0.6513689,1989
14283,r3i1p1f1,1989,02,08,0.0,11.617746,-2.0438,1989
14284,r3i1p1f1,1989,02,09,0.0,12.414624,-2.5852046,1989
14285,r3i1p1f1,1989,02,10,0.0,11.601704,-2.799641,1989
14286,r3i1p1f1,1989,02,11,0.0,11.975223,-2.5985067,1989
14287,r3i1p1f1,1989,02,12,0.0,11.657276,-3.2271602,1989
14288,r3i1p1f1,1989,02,13,0.0,3.0756996,-9.856253,1989
14289,r3i1p1f1,1989,02,14,0.0,7.5608077,-7.5073037,1989
14290,r3i1p1f1,1989,02,15,0.0,10.197997,-5.2818003,1989
14291,r3i1p1f1,1989,02,16,0.0,11.097654,-2.9523602,1989
14292,r3i1p1f1,1989,02,17,0.0,11.909779,-3.0797567,1989
14293,r3i1p1f1,1989,02,18,0.0,11.448101,-1.5444874,1989
14294,r3i1p1f1,1989,02,19,13.952417175383552,6.431286,-3.650354,1989
14295,r3i1p1f1,1989,02,20,3.668890126745713,6.5694604,-1.7420124,1989
14296,r3i1p1f1,1989,02,21,21.377140259076107,5.2842193,-1.0455081,1989
14297,r3i1p1f1,1989,02,22,0.0,8.859926,-3.6377957,1989
14298,r3i1p1f1,1989,02,23,20.679447537680204,4.0503826,-4.2718997,1989
14299,r3i1p1f1,1989,02,24,0.0,7.5137978,-5.137861,1989
14300,r3i1p1f1,1989,02,25,9.136652948080538,3.8776422,-6.8124256,1989
14301,r3i1p1f1,1989,02,26,38.240011352555534,1.8352917,-5.361267,1989
14302,r3i1p1f1,1989,02,27,15.99999621976167,1.9967684,-5.893161,1989
14303,r3i1p1f1,1989,02,28,16.050476851217496,1.7739962,-6.4913273,1989
14304,r3i1p1f1,1989,03,01,0.0,9.147067,-7.957141,1989
14305,r3i1p1f1,1989,03,02,0.0,13.062823,-4.5148153,1989
14306,r3i1p1f1,1989,03,03,0.0,12.986393,-5.1480656,1989
14307,r3i1p1f1,1989,03,04,0.0,12.081944,-1.3525825,1989
14308,r3i1p1f1,1989,03,05,0.0,9.771342,-0.40924424,1989
14309,r3i1p1f1,1989,03,06,0.0,9.809173,-2.8648264,1989
14310,r3i1p1f1,1989,03,07,0.0,10.720759,-1.1502395,1989
14311,r3i1p1f1,1989,03,08,39.903684355024446,7.9420166,2.2803075,1989
14312,r3i1p1f1,1989,03,09,31.060038482476223,8.379367,2.5997577,1989
14313,r3i1p1f1,1989,03,10,0.0,14.36903,0.36662123,1989
14314,r3i1p1f1,1989,03,11,0.0,14.151633,3.8073382,1989
14315,r3i1p1f1,1989,03,12,58.11299620637376,7.515572,2.2227914,1989
14316,r3i1p1f1,1989,03,13,1.1509881000261215,8.410108,-2.6248777,1989
14317,r3i1p1f1,1989,03,14,3.383618647670741,7.952966,-3.0446887,1989
14318,r3i1p1f1,1989,03,15,0.0,12.152815,-1.0403377,1989
14319,r3i1p1f1,1989,03,16,0.0,14.709976,3.3548667,1989
14320,r3i1p1f1,1989,03,17,0.0,17.460789,3.4158328,1989
14321,r3i1p1f1,1989,03,18,0.0,17.662762,4.445685,1989
14322,r3i1p1f1,1989,03,19,0.0,16.991293,4.455819,1989
14323,r3i1p1f1,1989,03,20,9.076687023288718,8.330875,1.6492499,1989
14324,r3i1p1f1,1989,03,21,16.122464417774033,7.3638115,0.31555635,1989
14325,r3i1p1f1,1989,03,22,0.13898671801909682,8.957858,-0.7514882,1989
14326,r3i1p1f1,1989,03,23,3.135832934716937,6.88019,-3.1457932,1989
14327,r3i1p1f1,1989,03,24,14.439541534643228,6.717738,-0.6296828,1989
14328,r3i1p1f1,1989,03,25,50.23627705675991,6.5461507,4.22891,1989
14329,r3i1p1f1,1989,03,26,15.704689637794601,5.8379717,-1.1953728,1989
14330,r3i1p1f1,1989,03,27,24.535359724081662,4.9912686,0.27414495,1989
14331,r3i1p1f1,1989,03,28,8.731371273997388,5.483937,-1.1556846,1989
14332,r3i1p1f1,1989,03,29,0.152028441765364,13.651548,-0.6073018,1989
14333,r3i1p1f1,1989,03,30,0.0,14.887975,0.47471568,1989
14334,r3i1p1f1,1989,03,31,0.0,16.299715,1.1959631,1989
14335,r3i1p1f1,1989,04,01,0.0,17.38105,2.0180018,1989
14336,r3i1p1f1,1989,04,02,0.0,16.531137,4.702638,1989
14337,r3i1p1f1,1989,04,03,0.0,13.094132,-1.4651785,1989
14338,r3i1p1f1,1989,04,04,0.0,13.448099,-0.99305135,1989
14339,r3i1p1f1,1989,04,05,0.0,16.027348,0.7033701,1989
14340,r3i1p1f1,1989,04,06,0.0,14.792318,2.001411,1989
14341,r3i1p1f1,1989,04,07,0.0,15.340281,0.9263935,1989
14342,r3i1p1f1,1989,04,08,0.0,17.02717,2.4656324,1989
14343,r3i1p1f1,1989,04,09,0.0,15.88321,4.522523,1989
14344,r3i1p1f1,1989,04,10,4.263581192667755,8.034975,-4.3952785,1989
14345,r3i1p1f1,1989,04,11,0.0,7.5536413,-4.33472,1989
14346,r3i1p1f1,1989,04,12,12.47017237995016,4.2083006,-1.7034887,1989
14347,r3i1p1f1,1989,04,13,22.843438274178066,4.008051,-4.5740933,1989
14348,r3i1p1f1,1989,04,14,0.0,13.12073,-2.437426,1989
14349,r3i1p1f1,1989,04,15,0.0,18.010569,1.1298438,1989
14350,r3i1p1f1,1989,04,16,0.0,18.435757,2.2254126,1989
14351,r3i1p1f1,1989,04,17,0.0,18.227268,4.3868732,1989
14352,r3i1p1f1,1989,04,18,0.21278814178673966,12.914907,1.6058624,1989
14353,r3i1p1f1,1989,04,19,1.5092176830493325,12.071637,-0.7800571,1989
14354,r3i1p1f1,1989,04,20,13.969348603553188,5.471616,-0.41206345,1989
14355,r3i1p1f1,1989,04,21,1.2601659915832755,7.534056,-1.8751999,1989
14356,r3i1p1f1,1989,04,22,0.0,13.397706,-1.4488689,1989
14357,r3i1p1f1,1989,04,23,0.0,13.513312,0.0586599,1989
14358,r3i1p1f1,1989,04,24,0.0,13.507066,-0.38712433,1989
14359,r3i1p1f1,1989,04,25,1.281988633165479,11.537043,4.4337587,1989
14360,r3i1p1f1,1989,04,26,9.316756028228587,10.697098,4.0850973,1989
14361,r3i1p1f1,1989,04,27,2.492246634459374,9.253289,0.5312647,1989
14362,r3i1p1f1,1989,04,28,0.3223670096016768,12.22541,0.5386198,1989
14363,r3i1p1f1,1989,04,29,2.7995358265271584,9.392095,-2.7390182,1989
14364,r3i1p1f1,1989,04,30,49.20929604651112,4.126598,-1.7161999,1989
14365,r3i1p1f1,1989,05,01,1.7616720358713984,7.409214,-3.9241781,1989
14366,r3i1p1f1,1989,05,02,6.294965121043405,6.73688,0.6780625,1989
14367,r3i1p1f1,1989,05,03,0.12253930372504615,10.06329,0.50244385,1989
14368,r3i1p1f1,1989,05,04,21.117078020286403,7.248861,2.0298908,1989
14369,r3i1p1f1,1989,05,05,31.251503940132494,4.830355,-1.1916387,1989
14370,r3i1p1f1,1989,05,06,15.296460384285494,4.0368214,-4.51311,1989
14371,r3i1p1f1,1989,05,07,0.0,11.164289,-3.583435,1989
14372,r3i1p1f1,1989,05,08,0.0,15.257738,0.6188016,1989
14373,r3i1p1f1,1989,05,09,0.0,18.457943,2.0748246,1989
14374,r3i1p1f1,1989,05,10,0.0,21.255156,3.9593294,1989
14375,r3i1p1f1,1989,05,11,0.1349492499445516,22.311125,6.2097726,1989
14376,r3i1p1f1,1989,05,12,0.0,24.23587,8.166262,1989
14377,r3i1p1f1,1989,05,13,0.0,24.041864,8.129601,1989
14378,r3i1p1f1,1989,05,14,0.0,22.34586,7.6054068,1989
14379,r3i1p1f1,1989,05,15,0.03701360976600355,20.004698,6.860401,1989
14380,r3i1p1f1,1989,05,16,0.0008732393900189843,16.358564,3.6342814,1989
14381,r3i1p1f1,1989,05,17,0.01914301836605821,14.210715,4.117475,1989
14382,r3i1p1f1,1989,05,18,0.0,16.413776,2.830221,1989
14383,r3i1p1f1,1989,05,19,0.0,15.616804,2.5294309,1989
14384,r3i1p1f1,1989,05,20,0.015517618311078925,12.774995,3.9900806,1989
14385,r3i1p1f1,1989,05,21,5.228885502200635,5.368942,0.274293,1989
14386,r3i1p1f1,1989,05,22,8.620995972734434,8.3625145,-2.577942,1989
14387,r3i1p1f1,1989,05,23,4.78080979147834,8.762164,-4.062128,1989
14388,r3i1p1f1,1989,05,24,5.086767031446614,8.453846,-2.2140508,1989
14389,r3i1p1f1,1989,05,25,0.121934401632691,16.570095,4.453434,1989
14390,r3i1p1f1,1989,05,26,0.0,19.790472,4.561379,1989
14391,r3i1p1f1,1989,05,27,4.374278648633902,16.148083,4.292234,1989
14392,r3i1p1f1,1989,05,28,0.37319222093700727,15.3286295,2.0807996,1989
14393,r3i1p1f1,1989,05,29,0.0,15.277202,2.247679,1989
14394,r3i1p1f1,1989,05,30,0.0,15.48561,0.8878041,1989
14395,r3i1p1f1,1989,05,31,0.0,16.597458,0.785128,1989
14396,r3i1p1f1,1989,06,01,0.0,16.446342,2.9120994,1989
14397,r3i1p1f1,1989,06,02,0.8578448458904046,13.111259,1.6257517,1989
14398,r3i1p1f1,1989,06,03,0.0,14.599553,0.14129621,1989
14399,r3i1p1f1,1989,06,04,1.6421075344624114,12.262878,2.1755872,1989
14400,r3i1p1f1,1989,06,05,1.331014127246913,12.071807,2.5535517,1989
14401,r3i1p1f1,1989,06,06,0.0,17.39325,1.9482783,1989
14402,r3i1p1f1,1989,06,07,0.047860354645404425,20.174606,2.5672355,1989
14403,r3i1p1f1,1989,06,08,0.0,22.120752,5.343511,1989
14404,r3i1p1f1,1989,06,09,2.8432472529713873,20.70682,5.4462566,1989
14405,r3i1p1f1,1989,06,10,2.8628814324723577,20.431654,5.6190314,1989
14406,r3i1p1f1,1989,06,11,0.0,24.340536,6.936338,1989
14407,r3i1p1f1,1989,06,12,1.069767991276948,22.153053,8.8568125,1989
14408,r3i1p1f1,1989,06,13,0.0,21.68508,7.129465,1989
14409,r3i1p1f1,1989,06,14,0.05775566938896909,20.64314,7.8370333,1989
14410,r3i1p1f1,1989,06,15,1.2570600016165132,15.842332,6.2563124,1989
14411,r3i1p1f1,1989,06,16,0.0,19.259466,7.128863,1989
14412,r3i1p1f1,1989,06,17,0.0,22.657017,6.958209,1989
14413,r3i1p1f1,1989,06,18,0.0,22.27692,7.9659452,1989
14414,r3i1p1f1,1989,06,19,0.0,20.020452,6.1274986,1989
14415,r3i1p1f1,1989,06,20,0.0,17.608557,1.7999564,1989
14416,r3i1p1f1,1989,06,21,0.0,20.807322,6.0824623,1989
14417,r3i1p1f1,1989,06,22,0.0,23.660122,8.115705,1989
14418,r3i1p1f1,1989,06,23,0.0009029607578045933,23.607931,9.3885765,1989
14419,r3i1p1f1,1989,06,24,0.0,26.347273,10.041705,1989
14420,r3i1p1f1,1989,06,25,0.0,28.081741,12.086769,1989
14421,r3i1p1f1,1989,06,26,0.0,31.129087,13.083904,1989
14422,r3i1p1f1,1989,06,27,0.33344209832169946,30.4089,13.229909,1989
14423,r3i1p1f1,1989,06,28,0.02919830685162819,24.841112,10.803081,1989
14424,r3i1p1f1,1989,06,29,11.501878089467553,21.797915,8.600767,1989
14425,r3i1p1f1,1989,06,30,0.03851693949591687,25.864027,12.073017,1989
14426,r3i1p1f1,1989,07,01,0.25023577453746265,27.473566,12.776702,1989
14427,r3i1p1f1,1989,07,02,0.08514464808333862,29.924929,14.27304,1989
14428,r3i1p1f1,1989,07,03,0.12548734743368664,28.528212,13.728945,1989
14429,r3i1p1f1,1989,07,04,1.2692629327495142,22.198822,10.049395,1989
14430,r3i1p1f1,1989,07,05,0.03297106932701641,17.668608,5.325208,1989
14431,r3i1p1f1,1989,07,06,0.09550388418383111,20.247496,5.1558976,1989
14432,r3i1p1f1,1989,07,07,0.0,23.191357,8.352948,1989
14433,r3i1p1f1,1989,07,08,0.0,26.764875,10.594542,1989
14434,r3i1p1f1,1989,07,09,0.0,29.521034,12.7454195,1989
14435,r3i1p1f1,1989,07,10,0.0,31.595001,13.580119,1989
14436,r3i1p1f1,1989,07,11,0.0,33.44674,14.370426,1989
14437,r3i1p1f1,1989,07,12,0.0,34.09622,15.12397,1989
14438,r3i1p1f1,1989,07,13,0.0,33.806084,15.18965,1989
14439,r3i1p1f1,1989,07,14,0.0,32.999557,15.190124,1989
14440,r3i1p1f1,1989,07,15,0.0,32.333,16.230438,1989
14441,r3i1p1f1,1989,07,16,0.0,31.46521,15.776447,1989
14442,r3i1p1f1,1989,07,17,0.0,31.727854,15.296216,1989
14443,r3i1p1f1,1989,07,18,0.0,32.463093,14.729859,1989
14444,r3i1p1f1,1989,07,19,0.0,34.013233,15.991931,1989
14445,r3i1p1f1,1989,07,20,0.02701147520718606,34.594368,17.613901,1989
14446,r3i1p1f1,1989,07,21,0.030484026808009827,34.372013,17.061152,1989
14447,r3i1p1f1,1989,07,22,0.0,32.316338,16.450321,1989
14448,r3i1p1f1,1989,07,23,0.04022284916381499,31.532404,15.517251,1989
14449,r3i1p1f1,1989,07,24,0.0,32.288918,14.520978,1989
14450,r3i1p1f1,1989,07,25,0.04263126113648085,32.91506,15.355335,1989
14451,r3i1p1f1,1989,07,26,0.04303831619357592,32.480556,15.850963,1989
14452,r3i1p1f1,1989,07,27,0.03792348484000142,31.579136,16.449627,1989
14453,r3i1p1f1,1989,07,28,0.06602726555827662,30.553055,15.714591,1989
14454,r3i1p1f1,1989,07,29,0.0,28.184021,12.761768,1989
14455,r3i1p1f1,1989,07,30,0.0,28.09776,12.405,1989
14456,r3i1p1f1,1989,07,31,0.0,27.9907,11.834866,1989
14457,r3i1p1f1,1989,08,01,0.0,30.159485,11.738574,1989
14458,r3i1p1f1,1989,08,02,0.0,33.779858,14.292734,1989
14459,r3i1p1f1,1989,08,03,0.0,33.725475,16.669106,1989
14460,r3i1p1f1,1989,08,04,0.0,33.876274,17.11474,1989
14461,r3i1p1f1,1989,08,05,0.0,33.059494,17.711376,1989
14462,r3i1p1f1,1989,08,06,0.12087761275133264,29.971468,17.748629,1989
14463,r3i1p1f1,1989,08,07,0.0,30.587307,14.766933,1989
14464,r3i1p1f1,1989,08,08,0.0,30.48552,13.802373,1989
14465,r3i1p1f1,1989,08,09,0.15620511970298953,29.286104,13.404655,1989
14466,r3i1p1f1,1989,08,10,0.012074079639109857,29.075802,13.163479,1989
14467,r3i1p1f1,1989,08,11,0.0,29.193142,13.174059,1989
14468,r3i1p1f1,1989,08,12,0.000997098610050192,28.7278,13.077655,1989
14469,r3i1p1f1,1989,08,13,0.0,27.613003,11.631973,1989
14470,r3i1p1f1,1989,08,14,0.0,29.636898,11.579634,1989
14471,r3i1p1f1,1989,08,15,0.0,31.985525,12.5310135,1989
14472,r3i1p1f1,1989,08,16,0.0,33.861263,14.246283,1989
14473,r3i1p1f1,1989,08,17,0.0,33.367283,15.571141,1989
14474,r3i1p1f1,1989,08,18,0.0,29.989614,13.860402,1989
14475,r3i1p1f1,1989,08,19,0.0,28.05626,11.776081,1989
14476,r3i1p1f1,1989,08,20,0.0,28.125324,13.367932,1989
14477,r3i1p1f1,1989,08,21,0.0,27.147745,11.602632,1989
14478,r3i1p1f1,1989,08,22,0.0,22.899572,8.945434,1989
14479,r3i1p1f1,1989,08,23,0.0,21.500498,7.3074603,1989
14480,r3i1p1f1,1989,08,24,0.0,21.37058,5.969303,1989
14481,r3i1p1f1,1989,08,25,0.0,24.39973,7.405404,1989
14482,r3i1p1f1,1989,08,26,0.0,29.32203,10.250247,1989
14483,r3i1p1f1,1989,08,27,0.0,31.380018,12.109687,1989
14484,r3i1p1f1,1989,08,28,0.0,31.185265,13.300085,1989
14485,r3i1p1f1,1989,08,29,0.0,29.617508,12.93767,1989
14486,r3i1p1f1,1989,08,30,0.0,30.498093,12.809089,1989
14487,r3i1p1f1,1989,08,31,0.014593413556883062,29.497952,13.693324,1989
14488,r3i1p1f1,1989,09,01,0.01692358300236887,30.340038,14.624155,1989
14489,r3i1p1f1,1989,09,02,0.5919558641069574,30.254778,14.987587,1989
14490,r3i1p1f1,1989,09,03,0.0,28.073187,13.176685,1989
14491,r3i1p1f1,1989,09,04,0.0,27.489578,12.401583,1989
14492,r3i1p1f1,1989,09,05,0.0,29.81196,13.793578,1989
14493,r3i1p1f1,1989,09,06,0.0,32.048805,13.423533,1989
14494,r3i1p1f1,1989,09,07,0.0,32.39232,13.893839,1989
14495,r3i1p1f1,1989,09,08,0.0,32.001194,14.700921,1989
14496,r3i1p1f1,1989,09,09,0.0,29.785614,13.53637,1989
14497,r3i1p1f1,1989,09,10,0.0,29.929367,12.8353815,1989
14498,r3i1p1f1,1989,09,11,0.0,32.972794,13.668345,1989
14499,r3i1p1f1,1989,09,12,0.0,32.395233,15.138739,1989
14500,r3i1p1f1,1989,09,13,0.0,31.036236,14.330742,1989
14501,r3i1p1f1,1989,09,14,0.26176796774698713,25.234064,13.118552,1989
14502,r3i1p1f1,1989,09,15,2.7066010726373766,24.629797,11.537373,1989
14503,r3i1p1f1,1989,09,16,19.63653364034958,25.61913,12.987278,1989
14504,r3i1p1f1,1989,09,17,0.013615607397361217,23.5917,9.839985,1989
14505,r3i1p1f1,1989,09,18,0.02258329646122691,19.99981,7.358782,1989
14506,r3i1p1f1,1989,09,19,0.0,20.049309,5.7106004,1989
14507,r3i1p1f1,1989,09,20,0.0,21.072098,7.036624,1989
14508,r3i1p1f1,1989,09,21,0.0,20.369343,7.49147,1989
14509,r3i1p1f1,1989,09,22,0.0,19.837278,5.6676803,1989
14510,r3i1p1f1,1989,09,23,0.0,20.502438,5.122484,1989
14511,r3i1p1f1,1989,09,24,0.0,19.441103,5.125255,1989
14512,r3i1p1f1,1989,09,25,0.0,18.001122,5.1381626,1989
14513,r3i1p1f1,1989,09,26,0.0,17.129797,3.844506,1989
14514,r3i1p1f1,1989,09,27,1.0565887702365504,17.462784,6.3958507,1989
14515,r3i1p1f1,1989,09,28,1.6328683573718943,18.760763,7.678714,1989
14516,r3i1p1f1,1989,09,29,0.0,22.932264,6.8290696,1989
14517,r3i1p1f1,1989,09,30,0.0,24.265287,9.005092,1989
14518,r3i1p1f1,1989,10,01,0.0,24.298737,8.466468,1989
14519,r3i1p1f1,1989,10,02,0.0,23.999083,8.016823,1989
14520,r3i1p1f1,1989,10,03,0.0,21.402966,6.1513233,1989
14521,r3i1p1f1,1989,10,04,0.2916861212150635,20.363329,7.0805635,1989
14522,r3i1p1f1,1989,10,05,63.163214382764544,17.285053,2.4318843,1989
14523,r3i1p1f1,1989,10,06,21.74250316079092,6.4410014,-2.4458308,1989
14524,r3i1p1f1,1989,10,07,11.962190242545484,9.918873,-1.4995934,1989
14525,r3i1p1f1,1989,10,08,9.290451070295315,10.114117,1.4978932,1989
14526,r3i1p1f1,1989,10,09,21.79094219172839,13.287228,4.09216,1989
14527,r3i1p1f1,1989,10,10,13.485718825464382,12.988509,5.6614766,1989
14528,r3i1p1f1,1989,10,11,4.15393597753504,10.986315,0.5925224,1989
14529,r3i1p1f1,1989,10,12,0.03858256777197024,12.739733,0.6659035,1989
14530,r3i1p1f1,1989,10,13,0.0,13.940221,0.6327797,1989
14531,r3i1p1f1,1989,10,14,0.0,16.154415,0.09167992,1989
14532,r3i1p1f1,1989,10,15,0.0,15.472526,2.1342223,1989
14533,r3i1p1f1,1989,10,16,2.1705994065422076,13.431941,1.5659696,1989
14534,r3i1p1f1,1989,10,17,0.3345963511444432,11.180979,0.27039823,1989
14535,r3i1p1f1,1989,10,18,0.4995305325505079,10.12114,-1.5404948,1989
14536,r3i1p1f1,1989,10,19,5.383700447150898,8.4504,-2.192645,1989
14537,r3i1p1f1,1989,10,20,88.2282174143352,8.625817,3.57534,1989
14538,r3i1p1f1,1989,10,21,81.43587433978131,9.229913,3.356017,1989
14539,r3i1p1f1,1989,10,22,0.12531589378149396,7.22802,-4.492521,1989
14540,r3i1p1f1,1989,10,23,8.136577290439929,5.5400114,-1.1038718,1989
14541,r3i1p1f1,1989,10,24,0.9562665183023599,11.206899,-1.903789,1989
14542,r3i1p1f1,1989,10,25,0.0,17.613697,1.841159,1989
14543,r3i1p1f1,1989,10,26,0.0,19.267447,5.394283,1989
14544,r3i1p1f1,1989,10,27,3.1773461554334252,17.356066,7.1864653,1989
14545,r3i1p1f1,1989,10,28,7.641220639848861,10.46624,4.354962,1989
14546,r3i1p1f1,1989,10,29,0.0,13.307703,3.5252452,1989
14547,r3i1p1f1,1989,10,30,0.0,17.094637,1.3820213,1989
14548,r3i1p1f1,1989,10,31,0.0,15.512604,2.384248,1989
14549,r3i1p1f1,1989,11,01,4.774868238420918,12.130417,2.870807,1989
14550,r3i1p1f1,1989,11,02,17.725970320737503,9.616179,-1.7268459,1989
14551,r3i1p1f1,1989,11,03,0.0,9.932732,-2.6580565,1989
14552,r3i1p1f1,1989,11,04,0.0,11.222612,-1.7566284,1989
14553,r3i1p1f1,1989,11,05,0.0,12.134077,-0.87561476,1989
14554,r3i1p1f1,1989,11,06,0.0,13.8165455,0.81319654,1989
14555,r3i1p1f1,1989,11,07,0.0,13.902698,-1.8067424,1989
14556,r3i1p1f1,1989,11,08,0.7041891916550843,10.202794,-0.39347276,1989
14557,r3i1p1f1,1989,11,09,0.0,10.101464,-1.8851042,1989
14558,r3i1p1f1,1989,11,10,0.0,9.598798,-2.5577862,1989
14559,r3i1p1f1,1989,11,11,0.007654430258921103,9.780803,-2.5246315,1989
14560,r3i1p1f1,1989,11,12,8.629990791240218,6.746939,-3.000968,1989
14561,r3i1p1f1,1989,11,13,0.0,8.4408865,-3.5895681,1989
14562,r3i1p1f1,1989,11,14,0.0,8.571192,-3.3561246,1989
14563,r3i1p1f1,1989,11,15,0.0,8.591163,-4.6585274,1989
14564,r3i1p1f1,1989,11,16,0.0,8.928403,-3.6316016,1989
14565,r3i1p1f1,1989,11,17,0.0,9.432868,-4.057183,1989
14566,r3i1p1f1,1989,11,18,0.0,12.97459,-3.03934,1989
14567,r3i1p1f1,1989,11,19,0.0,13.7102,-2.7592225,1989
14568,r3i1p1f1,1989,11,20,0.0,12.283949,-1.9322857,1989
14569,r3i1p1f1,1989,11,21,0.0,13.163793,-1.4237474,1989
14570,r3i1p1f1,1989,11,22,0.0,12.1293955,0.82240343,1989
14571,r3i1p1f1,1989,11,23,6.577758524661859,9.809754,1.7076342,1989
14572,r3i1p1f1,1989,11,24,5.80442421449238,14.763237,3.8458211,1989
14573,r3i1p1f1,1989,11,25,47.851320414950976,12.073256,6.7398376,1989
14574,r3i1p1f1,1989,11,26,58.646190328229416,11.1513815,4.3445916,1989
14575,r3i1p1f1,1989,11,27,5.956052084787332,9.674352,0.62321746,1989
14576,r3i1p1f1,1989,11,28,10.224800928814435,8.81572,-1.6373827,1989
14577,r3i1p1f1,1989,11,29,0.0,8.081484,-3.9894545,1989
14578,r3i1p1f1,1989,11,30,0.0,13.23207,-0.9285728,1989
14579,r3i1p1f1,1989,12,01,0.010391883552074432,12.315825,1.7444743,1989
14580,r3i1p1f1,1989,12,02,7.939216059534566,8.250023,-1.1790435,1989
14581,r3i1p1f1,1989,12,03,0.0,9.721746,-2.1854959,1989
14582,r3i1p1f1,1989,12,04,0.049650764164030796,10.872814,-0.85319185,1989
14583,r3i1p1f1,1989,12,05,0.0,12.245207,0.21053892,1989
14584,r3i1p1f1,1989,12,06,0.0,13.9371395,1.2956672,1989
14585,r3i1p1f1,1989,12,07,0.0,13.643619,2.4209874,1989
14586,r3i1p1f1,1989,12,08,0.0,12.571577,2.4079957,1989
14587,r3i1p1f1,1989,12,09,0.0,13.864073,0.9272165,1989
14588,r3i1p1f1,1989,12,10,0.0,12.093144,1.1420442,1989
14589,r3i1p1f1,1989,12,11,0.0,13.559248,0.8759279,1989
14590,r3i1p1f1,1989,12,12,0.0,16.39016,3.5692697,1989
14591,r3i1p1f1,1989,12,13,0.0,18.706749,5.92406,1989
14592,r3i1p1f1,1989,12,14,0.30484634947865025,16.703344,4.5136137,1989
14593,r3i1p1f1,1989,12,15,20.289004139455134,7.788105,1.10823,1989
14594,r3i1p1f1,1989,12,16,0.0393912263557707,11.299155,-2.8951151,1989
14595,r3i1p1f1,1989,12,17,0.0,15.499427,1.0518777,1989
14596,r3i1p1f1,1989,12,18,0.0,17.65518,1.8249414,1989
14597,r3i1p1f1,1989,12,19,0.0,18.161398,3.1378179,1989
14598,r3i1p1f1,1989,12,20,0.988525256118584,15.683019,5.0592365,1989
14599,r3i1p1f1,1989,12,21,0.0,11.670262,0.47649634,1989
14600,r3i1p1f1,1989,12,22,0.0,12.364216,1.5603703,1989
14601,r3i1p1f1,1989,12,23,23.155423737817298,7.982464,1.5625888,1989
14602,r3i1p1f1,1989,12,24,0.0,11.799346,-1.1999376,1989
14603,r3i1p1f1,1989,12,25,0.0,11.223401,-0.19603202,1989
14604,r3i1p1f1,1989,12,26,26.37114351382479,6.0791097,-2.3563788,1989
14605,r3i1p1f1,1989,12,27,0.0,4.7488084,-7.25286,1989
14606,r3i1p1f1,1989,12,28,0.3550618258151716,5.9481907,-5.4115524,1989
14607,r3i1p1f1,1989,12,29,0.22799698494246082,5.6733065,-1.8460987,1989
14608,r3i1p1f1,1989,12,30,28.212233681207227,4.0388017,-4.5853367,1989
14609,r3i1p1f1,1989,12,31,0.0,9.150952,-5.3994694,1989
14610,r3i1p1f1,1990,01,01,0.0,11.9611225,-1.0660453,1990
14611,r3i1p1f1,1990,01,02,0.0,13.693719,0.5179676,1990
14612,r3i1p1f1,1990,01,03,0.0,12.968927,-1.1814278,1990
14613,r3i1p1f1,1990,01,04,0.0,15.347641,-0.1162038,1990
14614,r3i1p1f1,1990,01,05,0.0,13.87327,2.5938618,1990
14615,r3i1p1f1,1990,01,06,0.0,15.055504,4.2087483,1990
14616,r3i1p1f1,1990,01,07,0.3293274263054819,12.864761,6.196059,1990
14617,r3i1p1f1,1990,01,08,12.265845519600829,8.552893,3.0456867,1990
14618,r3i1p1f1,1990,01,09,62.84423931011636,9.616843,3.652642,1990
14619,r3i1p1f1,1990,01,10,0.0,12.139184,0.39533368,1990
14620,r3i1p1f1,1990,01,11,0.0,13.690243,0.1322811,1990
14621,r3i1p1f1,1990,01,12,0.0,14.329737,1.3237888,1990
14622,r3i1p1f1,1990,01,13,0.0,15.444472,1.7303135,1990
14623,r3i1p1f1,1990,01,14,0.0,15.840305,2.7790446,1990
14624,r3i1p1f1,1990,01,15,0.0,16.694353,1.9048733,1990
14625,r3i1p1f1,1990,01,16,0.0,16.657343,3.3648481,1990
14626,r3i1p1f1,1990,01,17,0.0,15.944768,1.9317127,1990
14627,r3i1p1f1,1990,01,18,0.0,14.595974,3.1567645,1990
14628,r3i1p1f1,1990,01,19,0.0,13.818995,-0.082353026,1990
14629,r3i1p1f1,1990,01,20,0.0,12.091916,-1.2134651,1990
14630,r3i1p1f1,1990,01,21,0.0,4.646843,-8.268473,1990
14631,r3i1p1f1,1990,01,22,0.0,9.681942,-6.597169,1990
14632,r3i1p1f1,1990,01,23,0.0,14.269501,-1.0538032,1990
14633,r3i1p1f1,1990,01,24,0.0,18.19151,2.7085845,1990
14634,r3i1p1f1,1990,01,25,0.0,18.344473,2.0567741,1990
14635,r3i1p1f1,1990,01,26,0.0,19.024965,3.5462527,1990
14636,r3i1p1f1,1990,01,27,0.0,19.18393,4.0763984,1990
14637,r3i1p1f1,1990,01,28,6.745738317074842,14.040668,3.2262897,1990
14638,r3i1p1f1,1990,01,29,0.7309931671969887,14.915894,2.5220609,1990
14639,r3i1p1f1,1990,01,30,0.0,15.632875,1.6335683,1990
14640,r3i1p1f1,1990,01,31,2.6347075074322914,13.990385,1.7590775,1990
14641,r3i1p1f1,1990,02,01,0.0,14.101968,1.6865771,1990
14642,r3i1p1f1,1990,02,02,0.0,16.354946,1.9489809,1990
14643,r3i1p1f1,1990,02,03,0.0,17.555883,3.0071602,1990
14644,r3i1p1f1,1990,02,04,0.0,16.893988,2.8310585,1990
14645,r3i1p1f1,1990,02,05,0.0,16.71604,2.7535617,1990
14646,r3i1p1f1,1990,02,06,0.0,16.698248,2.8566637,1990
14647,r3i1p1f1,1990,02,07,0.0,16.75544,4.330311,1990
14648,r3i1p1f1,1990,02,08,0.0,18.039127,3.300509,1990
14649,r3i1p1f1,1990,02,09,0.0,20.137548,4.358043,1990
14650,r3i1p1f1,1990,02,10,0.0,19.169708,6.15252,1990
14651,r3i1p1f1,1990,02,11,0.0,18.640512,3.9885564,1990
14652,r3i1p1f1,1990,02,12,0.0,20.708471,4.517402,1990
14653,r3i1p1f1,1990,02,13,0.0,19.510565,5.344632,1990
14654,r3i1p1f1,1990,02,14,9.50185641689275,11.247683,0.80224746,1990
14655,r3i1p1f1,1990,02,15,0.0,13.7324915,-0.43717363,1990
14656,r3i1p1f1,1990,02,16,0.0,12.556134,0.8670936,1990
14657,r3i1p1f1,1990,02,17,0.0,11.688801,0.12113706,1990
14658,r3i1p1f1,1990,02,18,0.0,16.031265,1.9032704,1990
14659,r3i1p1f1,1990,02,19,0.0,18.907906,3.7413108,1990
14660,r3i1p1f1,1990,02,20,0.0,17.981,2.8268614,1990
14661,r3i1p1f1,1990,02,21,0.0,20.12414,4.9913254,1990
14662,r3i1p1f1,1990,02,22,0.0,20.583998,5.57544,1990
14663,r3i1p1f1,1990,02,23,0.0,20.04717,5.1396217,1990
14664,r3i1p1f1,1990,02,24,0.0,16.422651,4.6002593,1990
14665,r3i1p1f1,1990,02,25,0.0,14.384024,2.5133626,1990
14666,r3i1p1f1,1990,02,26,13.141220970091558,8.653904,-2.3927922,1990
14667,r3i1p1f1,1990,02,27,0.0,11.32906,-1.7729903,1990
14668,r3i1p1f1,1990,02,28,0.0,10.574551,0.54281,1990
14669,r3i1p1f1,1990,03,01,1.5576869507448894,7.2443013,-0.7616956,1990
14670,r3i1p1f1,1990,03,02,0.0,13.781413,-2.0846076,1990
14671,r3i1p1f1,1990,03,03,0.0,14.538337,0.33697528,1990
14672,r3i1p1f1,1990,03,04,12.221902468254006,11.172016,-0.08218033,1990
14673,r3i1p1f1,1990,03,05,4.699596881015934,4.320474,-1.9367206,1990
14674,r3i1p1f1,1990,03,06,0.0,14.859481,-0.38441792,1990
14675,r3i1p1f1,1990,03,07,0.0,18.19591,2.0652146,1990
14676,r3i1p1f1,1990,03,08,0.0,22.404276,3.60917,1990
14677,r3i1p1f1,1990,03,09,0.0,24.028109,6.311616,1990
14678,r3i1p1f1,1990,03,10,0.0,23.687363,5.069135,1990
14679,r3i1p1f1,1990,03,11,0.0,20.675728,6.6938615,1990
14680,r3i1p1f1,1990,03,12,0.0,19.572344,5.0260205,1990
14681,r3i1p1f1,1990,03,13,18.798573444425863,12.61121,4.5757227,1990
14682,r3i1p1f1,1990,03,14,6.269573787377388,10.103235,-0.46226832,1990
14683,r3i1p1f1,1990,03,15,12.58280689484979,10.074114,3.04731,1990
14684,r3i1p1f1,1990,03,16,0.0,16.585192,0.5072999,1990
14685,r3i1p1f1,1990,03,17,0.0,17.818113,2.0256553,1990
14686,r3i1p1f1,1990,03,18,0.0,17.895548,2.0373473,1990
14687,r3i1p1f1,1990,03,19,0.0,18.511005,3.1877513,1990
14688,r3i1p1f1,1990,03,20,0.0,18.495682,4.431574,1990
14689,r3i1p1f1,1990,03,21,0.0,19.978146,5.3422017,1990
14690,r3i1p1f1,1990,03,22,0.0,18.287224,5.474556,1990
14691,r3i1p1f1,1990,03,23,0.0,17.11257,3.092012,1990
14692,r3i1p1f1,1990,03,24,2.4541245141192216,14.1131735,2.184795,1990
14693,r3i1p1f1,1990,03,25,0.0,16.647768,1.7753849,1990
14694,r3i1p1f1,1990,03,26,0.0,17.444717,2.5602062,1990
14695,r3i1p1f1,1990,03,27,3.6137800872797685,14.354296,0.7353061,1990
14696,r3i1p1f1,1990,03,28,7.6642118412756215,12.622085,-1.288923,1990
14697,r3i1p1f1,1990,03,29,0.0164618699560187,20.1366,1.2892485,1990
14698,r3i1p1f1,1990,03,30,0.0,20.5603,3.3353693,1990
14699,r3i1p1f1,1990,03,31,0.0,17.436985,4.083309,1990
14700,r3i1p1f1,1990,04,01,5.810451140802654,11.761653,1.1034348,1990
14701,r3i1p1f1,1990,04,02,15.104322621559014,8.725884,2.1264925,1990
14702,r3i1p1f1,1990,04,03,0.46803939256182947,9.906774,1.8106908,1990
14703,r3i1p1f1,1990,04,04,16.961625250865165,5.0780168,-5.1577587,1990
14704,r3i1p1f1,1990,04,05,0.0,8.559207,-5.4649105,1990
14705,r3i1p1f1,1990,04,06,0.0,8.127168,-3.552662,1990
14706,r3i1p1f1,1990,04,07,3.8764460546908115,12.75467,-1.7464898,1990
14707,r3i1p1f1,1990,04,08,0.0,19.684633,2.4594815,1990
14708,r3i1p1f1,1990,04,09,0.0,20.923178,5.15855,1990
14709,r3i1p1f1,1990,04,10,0.0,24.716993,6.5731826,1990
14710,r3i1p1f1,1990,04,11,0.0,26.063066,7.4549356,1990
14711,r3i1p1f1,1990,04,12,0.0,26.551586,9.235304,1990
14712,r3i1p1f1,1990,04,13,0.0,26.484665,8.423047,1990
14713,r3i1p1f1,1990,04,14,0.0,23.848232,8.502035,1990
14714,r3i1p1f1,1990,04,15,4.542105136083831,12.827372,0.5331543,1990
14715,r3i1p1f1,1990,04,16,16.690584642224405,4.3587775,-1.5937719,1990
14716,r3i1p1f1,1990,04,17,20.815217145718634,5.094123,-5.5894537,1990
14717,r3i1p1f1,1990,04,18,0.02075232709840616,10.8566265,-3.197357,1990
14718,r3i1p1f1,1990,04,19,44.28155208741756,7.6037955,1.4302508,1990
14719,r3i1p1f1,1990,04,20,28.506692141098412,5.818452,-1.2261791,1990
14720,r3i1p1f1,1990,04,21,0.0,13.284285,-4.4988894,1990
14721,r3i1p1f1,1990,04,22,0.0,16.366749,-0.46782264,1990
14722,r3i1p1f1,1990,04,23,1.6771732401569974,13.484148,0.009180794,1990
14723,r3i1p1f1,1990,04,24,8.204316847963797,7.947783,-2.9113255,1990
14724,r3i1p1f1,1990,04,25,0.22023220034928895,14.072105,-1.5584365,1990
14725,r3i1p1f1,1990,04,26,2.2783500194476036,12.970279,0.1716703,1990
14726,r3i1p1f1,1990,04,27,0.4098222034563629,14.047162,-0.3307554,1990
14727,r3i1p1f1,1990,04,28,0.0,15.850861,1.3185576,1990
14728,r3i1p1f1,1990,04,29,0.0,18.514097,2.7200217,1990
14729,r3i1p1f1,1990,04,30,0.0,17.286148,2.8879213,1990
14730,r3i1p1f1,1990,05,01,0.0,14.711623,0.47165036,1990
14731,r3i1p1f1,1990,05,02,0.0,14.874464,0.9259177,1990
14732,r3i1p1f1,1990,05,03,0.0,18.59336,3.3125823,1990
14733,r3i1p1f1,1990,05,04,0.0,22.067654,4.711112,1990
14734,r3i1p1f1,1990,05,05,0.0,22.362558,6.5445104,1990
14735,r3i1p1f1,1990,05,06,0.2763546845495799,21.624025,8.417455,1990
14736,r3i1p1f1,1990,05,07,0.4876016259291454,15.90258,4.2730947,1990
14737,r3i1p1f1,1990,05,08,8.390535472886098,9.834887,-0.33832613,1990
14738,r3i1p1f1,1990,05,09,0.0,14.366222,1.8117561,1990
14739,r3i1p1f1,1990,05,10,40.60930468779253,10.765522,2.0842924,1990
14740,r3i1p1f1,1990,05,11,31.952062004098767,5.675093,-0.10157606,1990
14741,r3i1p1f1,1990,05,12,13.751120642317753,5.953929,-1.8461885,1990
14742,r3i1p1f1,1990,05,13,0.0,18.147467,0.9182005,1990
14743,r3i1p1f1,1990,05,14,0.0,21.93902,4.7770677,1990
14744,r3i1p1f1,1990,05,15,0.0,23.556911,6.5877585,1990
14745,r3i1p1f1,1990,05,16,0.0,23.790905,7.611071,1990
14746,r3i1p1f1,1990,05,17,0.0,23.279633,9.035254,1990
14747,r3i1p1f1,1990,05,18,0.0,21.471645,8.710768,1990
14748,r3i1p1f1,1990,05,19,0.0,17.262724,3.2882464,1990
14749,r3i1p1f1,1990,05,20,0.0,20.704597,4.6468453,1990
14750,r3i1p1f1,1990,05,21,0.0,20.08724,4.5749836,1990
14751,r3i1p1f1,1990,05,22,13.453885542721286,14.100289,0.26768717,1990
14752,r3i1p1f1,1990,05,23,0.26296847398426554,9.216405,-0.69023913,1990
14753,r3i1p1f1,1990,05,24,0.0,17.301504,3.0225952,1990
14754,r3i1p1f1,1990,05,25,0.0,21.776423,5.032225,1990
14755,r3i1p1f1,1990,05,26,1.5299216732704448,22.221907,6.8637886,1990
14756,r3i1p1f1,1990,05,27,5.145932771847583,17.460371,3.89155,1990
14757,r3i1p1f1,1990,05,28,11.492018450180217,15.096662,3.8093271,1990
14758,r3i1p1f1,1990,05,29,3.4811669410325856,13.213841,4.025836,1990
14759,r3i1p1f1,1990,05,30,3.373169247137603,15.0502615,1.5692135,1990
14760,r3i1p1f1,1990,05,31,12.991857692242391,11.43868,3.0682929,1990
14761,r3i1p1f1,1990,06,01,7.342684844326485,9.721316,-1.1649505,1990
14762,r3i1p1f1,1990,06,02,2.1799094994141917,16.717445,0.5045676,1990
14763,r3i1p1f1,1990,06,03,24.373657282098737,14.872049,1.5900117,1990
14764,r3i1p1f1,1990,06,04,7.453725878938138,13.031564,5.5052404,1990
14765,r3i1p1f1,1990,06,05,0.0,18.705557,4.846261,1990
14766,r3i1p1f1,1990,06,06,0.5964507525756122,21.268469,5.0206733,1990
14767,r3i1p1f1,1990,06,07,0.0,20.290815,6.0718803,1990
14768,r3i1p1f1,1990,06,08,0.0,21.14903,5.5760703,1990
14769,r3i1p1f1,1990,06,09,0.0,21.084019,7.5142903,1990
14770,r3i1p1f1,1990,06,10,0.0,21.754808,6.425114,1990
14771,r3i1p1f1,1990,06,11,0.0,21.739641,7.6466956,1990
14772,r3i1p1f1,1990,06,12,0.0,19.506933,7.3604603,1990
14773,r3i1p1f1,1990,06,13,0.0,18.870659,5.519374,1990
14774,r3i1p1f1,1990,06,14,0.0,18.461353,4.761652,1990
14775,r3i1p1f1,1990,06,15,2.3030646547436175,14.60776,5.7946277,1990
14776,r3i1p1f1,1990,06,16,0.0,21.31444,4.4711094,1990
14777,r3i1p1f1,1990,06,17,0.0,26.280432,8.456882,1990
14778,r3i1p1f1,1990,06,18,0.0,27.580128,10.033817,1990
14779,r3i1p1f1,1990,06,19,0.0,26.650204,11.438162,1990
14780,r3i1p1f1,1990,06,20,0.0,24.755993,8.312091,1990
14781,r3i1p1f1,1990,06,21,0.0,18.604033,3.88792,1990
14782,r3i1p1f1,1990,06,22,0.0,20.044945,2.9087229,1990
14783,r3i1p1f1,1990,06,23,0.0,25.875528,6.1841383,1990
14784,r3i1p1f1,1990,06,24,0.0,27.187092,9.300212,1990
14785,r3i1p1f1,1990,06,25,0.0,27.370537,10.250719,1990
14786,r3i1p1f1,1990,06,26,0.0,27.049755,9.973903,1990
14787,r3i1p1f1,1990,06,27,0.0,27.112211,9.450636,1990
14788,r3i1p1f1,1990,06,28,0.0,27.0539,9.823181,1990
14789,r3i1p1f1,1990,06,29,0.0,26.918238,10.87564,1990
14790,r3i1p1f1,1990,06,30,0.0,26.05117,11.263236,1990
14791,r3i1p1f1,1990,07,01,0.0,23.041388,7.9434195,1990
14792,r3i1p1f1,1990,07,02,0.0,26.79515,8.858202,1990
14793,r3i1p1f1,1990,07,03,0.0,26.912596,11.298693,1990
14794,r3i1p1f1,1990,07,04,0.0,26.127851,12.048061,1990
14795,r3i1p1f1,1990,07,05,0.0,27.317205,11.304072,1990
14796,r3i1p1f1,1990,07,06,0.0,30.515373,13.587677,1990
14797,r3i1p1f1,1990,07,07,0.0,32.6701,13.72562,1990
14798,r3i1p1f1,1990,07,08,0.0,32.376453,15.039451,1990
14799,r3i1p1f1,1990,07,09,0.0,28.976057,12.762619,1990
14800,r3i1p1f1,1990,07,10,0.0,25.505081,10.457673,1990
14801,r3i1p1f1,1990,07,11,0.0,24.55198,9.926942,1990
14802,r3i1p1f1,1990,07,12,0.0,24.550024,10.164096,1990
14803,r3i1p1f1,1990,07,13,0.0,24.021915,10.069856,1990
14804,r3i1p1f1,1990,07,14,0.014623673632740974,25.218586,10.396942,1990
14805,r3i1p1f1,1990,07,15,0.0,27.889673,11.235671,1990
14806,r3i1p1f1,1990,07,16,0.6949867901360114,28.733696,13.204005,1990
14807,r3i1p1f1,1990,07,17,0.374158408789969,29.08448,13.442208,1990
14808,r3i1p1f1,1990,07,18,0.07084530784356359,30.032545,14.174605,1990
14809,r3i1p1f1,1990,07,19,0.8562300943977836,29.450897,14.039378,1990
14810,r3i1p1f1,1990,07,20,0.3400688372111242,27.06443,13.038396,1990
14811,r3i1p1f1,1990,07,21,0.0,25.103182,13.205179,1990
14812,r3i1p1f1,1990,07,22,0.02504414419251445,27.291727,13.584678,1990
14813,r3i1p1f1,1990,07,23,0.0,28.65197,12.004937,1990
14814,r3i1p1f1,1990,07,24,0.0,30.173897,12.412379,1990
14815,r3i1p1f1,1990,07,25,0.0,30.49503,12.714145,1990
14816,r3i1p1f1,1990,07,26,0.0,31.621666,13.976865,1990
14817,r3i1p1f1,1990,07,27,0.0,32.39528,14.712487,1990
14818,r3i1p1f1,1990,07,28,0.0,32.204296,15.48938,1990
14819,r3i1p1f1,1990,07,29,0.0,31.794111,15.531193,1990
14820,r3i1p1f1,1990,07,30,0.057468526019396164,31.255167,16.794682,1990
14821,r3i1p1f1,1990,07,31,0.0050851594240061545,28.952606,15.293488,1990
14822,r3i1p1f1,1990,08,01,0.0,28.794743,12.398463,1990
14823,r3i1p1f1,1990,08,02,0.0,28.779657,11.470354,1990
14824,r3i1p1f1,1990,08,03,0.0,27.879045,11.0391245,1990
14825,r3i1p1f1,1990,08,04,0.0,27.980457,10.310505,1990
14826,r3i1p1f1,1990,08,05,0.0,27.961376,10.629923,1990
14827,r3i1p1f1,1990,08,06,0.0,27.952017,10.479622,1990
14828,r3i1p1f1,1990,08,07,0.0,29.554752,11.066498,1990
14829,r3i1p1f1,1990,08,08,0.0,31.536308,13.0653925,1990
14830,r3i1p1f1,1990,08,09,0.0,31.60264,14.109925,1990
14831,r3i1p1f1,1990,08,10,0.0006639504279423578,32.024437,13.563743,1990
14832,r3i1p1f1,1990,08,11,0.0,31.62938,13.629915,1990
14833,r3i1p1f1,1990,08,12,0.0,30.314827,12.395477,1990
14834,r3i1p1f1,1990,08,13,0.0,28.178154,11.160038,1990
14835,r3i1p1f1,1990,08,14,0.0,26.774046,9.476983,1990
14836,r3i1p1f1,1990,08,15,0.0,26.54191,11.192586,1990
14837,r3i1p1f1,1990,08,16,0.0,24.76059,9.024662,1990
14838,r3i1p1f1,1990,08,17,0.0,23.37341,8.057063,1990
14839,r3i1p1f1,1990,08,18,0.0,22.78795,7.4908175,1990
14840,r3i1p1f1,1990,08,19,0.0,22.38017,7.361376,1990
14841,r3i1p1f1,1990,08,20,0.0,27.41642,8.993722,1990
14842,r3i1p1f1,1990,08,21,0.0,27.804945,10.757015,1990
14843,r3i1p1f1,1990,08,22,0.0,31.630545,12.980197,1990
14844,r3i1p1f1,1990,08,23,0.0,33.711494,14.255888,1990
14845,r3i1p1f1,1990,08,24,0.0,34.270195,14.714525,1990
14846,r3i1p1f1,1990,08,25,0.0,33.705578,15.84645,1990
14847,r3i1p1f1,1990,08,26,0.0,29.107113,12.859679,1990
14848,r3i1p1f1,1990,08,27,0.0,25.807945,10.983715,1990
14849,r3i1p1f1,1990,08,28,0.0,23.0193,9.088631,1990
14850,r3i1p1f1,1990,08,29,7.099919531806097,20.62458,8.695262,1990
14851,r3i1p1f1,1990,08,30,0.0,22.977953,7.3420076,1990
14852,r3i1p1f1,1990,08,31,0.0,22.906782,7.9987197,1990
14853,r3i1p1f1,1990,09,01,0.0,19.602705,6.6650705,1990
14854,r3i1p1f1,1990,09,02,0.0,21.258759,3.964327,1990
14855,r3i1p1f1,1990,09,03,0.0,26.276464,8.10518,1990
14856,r3i1p1f1,1990,09,04,0.0,29.113495,10.617612,1990
14857,r3i1p1f1,1990,09,05,0.0,29.678644,11.955808,1990
14858,r3i1p1f1,1990,09,06,0.0,30.392494,12.61725,1990
14859,r3i1p1f1,1990,09,07,0.0,31.855238,13.330438,1990
14860,r3i1p1f1,1990,09,08,0.0,31.42457,14.489033,1990
14861,r3i1p1f1,1990,09,09,0.0,31.571379,14.74475,1990
14862,r3i1p1f1,1990,09,10,0.0,33.120487,14.785706,1990
14863,r3i1p1f1,1990,09,11,0.0,33.035946,15.651611,1990
14864,r3i1p1f1,1990,09,12,0.0,32.155746,14.380509,1990
14865,r3i1p1f1,1990,09,13,0.0,32.529484,14.366358,1990
14866,r3i1p1f1,1990,09,14,0.0,32.311142,14.118426,1990
14867,r3i1p1f1,1990,09,15,0.0,31.016645,14.294107,1990
14868,r3i1p1f1,1990,09,16,0.0,28.34899,13.763909,1990
14869,r3i1p1f1,1990,09,17,0.0,26.389334,11.08396,1990
14870,r3i1p1f1,1990,09,18,0.0,28.667574,11.563903,1990
14871,r3i1p1f1,1990,09,19,0.0,31.255121,12.295679,1990
14872,r3i1p1f1,1990,09,20,0.0,31.153063,13.831588,1990
14873,r3i1p1f1,1990,09,21,0.0,30.115334,14.699414,1990
14874,r3i1p1f1,1990,09,22,0.008934653229325226,29.011936,14.629073,1990
14875,r3i1p1f1,1990,09,23,0.7171760241219186,26.894632,13.00173,1990
14876,r3i1p1f1,1990,09,24,0.007191626048695885,20.012945,7.54849,1990
14877,r3i1p1f1,1990,09,25,0.0,24.791328,8.5772505,1990
14878,r3i1p1f1,1990,09,26,0.0,24.718245,9.473922,1990
14879,r3i1p1f1,1990,09,27,0.0,25.641645,10.140257,1990
14880,r3i1p1f1,1990,09,28,0.0,25.020012,10.946881,1990
14881,r3i1p1f1,1990,09,29,0.0,25.745165,10.478735,1990
14882,r3i1p1f1,1990,09,30,0.0,25.695936,10.799854,1990
14883,r3i1p1f1,1990,10,01,0.0,24.403503,10.123639,1990
14884,r3i1p1f1,1990,10,02,0.0,28.204432,11.124581,1990
14885,r3i1p1f1,1990,10,03,0.0,30.220432,13.125689,1990
14886,r3i1p1f1,1990,10,04,0.0,30.259586,14.848081,1990
14887,r3i1p1f1,1990,10,05,0.0,29.62618,15.16979,1990
14888,r3i1p1f1,1990,10,06,0.0,28.37993,10.537059,1990
14889,r3i1p1f1,1990,10,07,0.0,28.219025,11.879639,1990
14890,r3i1p1f1,1990,10,08,0.0,26.422375,11.394008,1990
14891,r3i1p1f1,1990,10,09,0.0,28.58124,10.745354,1990
14892,r3i1p1f1,1990,10,10,0.04582773417496355,27.53954,13.682292,1990
14893,r3i1p1f1,1990,10,11,0.0,21.550228,6.7912116,1990
14894,r3i1p1f1,1990,10,12,0.0,25.761494,9.11769,1990
14895,r3i1p1f1,1990,10,13,0.0,25.582811,11.344858,1990
14896,r3i1p1f1,1990,10,14,0.0,26.303747,9.25938,1990
14897,r3i1p1f1,1990,10,15,0.0,28.042664,11.723482,1990
14898,r3i1p1f1,1990,10,16,0.041334119956254176,27.311892,12.983557,1990
14899,r3i1p1f1,1990,10,17,1.305382007050962,21.041918,12.275546,1990
14900,r3i1p1f1,1990,10,18,0.0,18.82876,7.256659,1990
14901,r3i1p1f1,1990,10,19,0.0,18.770746,7.109961,1990
14902,r3i1p1f1,1990,10,20,0.0,22.612595,6.1093817,1990
14903,r3i1p1f1,1990,10,21,0.0,21.939323,9.293096,1990
14904,r3i1p1f1,1990,10,22,0.0,20.474491,7.5397153,1990
14905,r3i1p1f1,1990,10,23,0.0061903742837450025,16.58167,5.480167,1990
14906,r3i1p1f1,1990,10,24,0.0,13.006387,1.5653186,1990
14907,r3i1p1f1,1990,10,25,0.0,18.212227,2.1039045,1990
14908,r3i1p1f1,1990,10,26,0.0,19.659136,4.2755713,1990
14909,r3i1p1f1,1990,10,27,20.30154652127653,18.62917,5.547111,1990
14910,r3i1p1f1,1990,10,28,0.004053703359156651,11.10715,-0.33327195,1990
14911,r3i1p1f1,1990,10,29,0.0,14.735633,0.95462227,1990
14912,r3i1p1f1,1990,10,30,0.0,15.689541,1.2461747,1990
14913,r3i1p1f1,1990,10,31,0.0,17.541431,1.2723279,1990
14914,r3i1p1f1,1990,11,01,0.0,16.566967,2.5348873,1990
14915,r3i1p1f1,1990,11,02,0.0,15.609897,1.9978746,1990
14916,r3i1p1f1,1990,11,03,3.989723539071795,10.725764,3.0661774,1990
14917,r3i1p1f1,1990,11,04,0.0,14.670004,0.24159838,1990
14918,r3i1p1f1,1990,11,05,0.0,15.428911,2.1363358,1990
14919,r3i1p1f1,1990,11,06,0.0,18.622458,2.8575153,1990
14920,r3i1p1f1,1990,11,07,0.0,19.423014,5.801367,1990
14921,r3i1p1f1,1990,11,08,0.0,21.52226,6.0173917,1990
14922,r3i1p1f1,1990,11,09,0.0,20.568077,8.224644,1990
14923,r3i1p1f1,1990,11,10,6.744392949622124,19.650759,8.883346,1990
14924,r3i1p1f1,1990,11,11,0.0,13.182854,3.0065386,1990
14925,r3i1p1f1,1990,11,12,0.0,13.272016,0.33131108,1990
14926,r3i1p1f1,1990,11,13,0.0,14.005807,0.14658634,1990
14927,r3i1p1f1,1990,11,14,7.875401565903111,11.328437,2.6787055,1990
14928,r3i1p1f1,1990,11,15,5.946907658117676,10.010948,-0.24501617,1990
14929,r3i1p1f1,1990,11,16,0.0,12.566349,-1.0804496,1990
14930,r3i1p1f1,1990,11,17,0.0,15.834778,1.6992569,1990
14931,r3i1p1f1,1990,11,18,0.0,13.400955,0.32713398,1990
14932,r3i1p1f1,1990,11,19,0.4116273317011196,11.110527,1.2275017,1990
14933,r3i1p1f1,1990,11,20,30.380841306606797,5.8936844,-0.94655204,1990
14934,r3i1p1f1,1990,11,21,21.31775268414793,3.3895285,-2.7920578,1990
14935,r3i1p1f1,1990,11,22,46.74328312915014,8.283904,0.55423766,1990
14936,r3i1p1f1,1990,11,23,3.805215684961264,8.940868,-1.3051686,1990
14937,r3i1p1f1,1990,11,24,9.526001537635334,6.4953084,-2.8186445,1990
14938,r3i1p1f1,1990,11,25,1.427986006494489,6.9281626,-2.418151,1990
14939,r3i1p1f1,1990,11,26,14.67784181172886,6.021042,-2.179152,1990
14940,r3i1p1f1,1990,11,27,103.50022809089799,7.0212245,1.177165,1990
14941,r3i1p1f1,1990,11,28,30.867218704109913,3.834675,-1.9276024,1990
14942,r3i1p1f1,1990,11,29,0.007342912967463857,4.970551,-6.7433915,1990
14943,r3i1p1f1,1990,11,30,0.0,7.502435,-6.419272,1990
14944,r3i1p1f1,1990,12,01,23.314753570593894,1.9453849,-3.425904,1990
14945,r3i1p1f1,1990,12,02,0.540066656714388,4.838196,-3.163114,1990
14946,r3i1p1f1,1990,12,03,0.0,7.6594796,-4.57328,1990
14947,r3i1p1f1,1990,12,04,0.0,7.452656,-4.2218227,1990
14948,r3i1p1f1,1990,12,05,17.715909803825383,2.1397445,-3.2749004,1990
14949,r3i1p1f1,1990,12,06,0.0,3.9560478,-7.899588,1990
14950,r3i1p1f1,1990,12,07,0.0,3.0362098,-7.5741053,1990
14951,r3i1p1f1,1990,12,08,0.0,7.3939013,-4.8326974,1990
14952,r3i1p1f1,1990,12,09,3.0875537697666964,2.068818,-5.536607,1990
14953,r3i1p1f1,1990,12,10,0.01037737774344063,2.702571,-6.1737576,1990
14954,r3i1p1f1,1990,12,11,0.0,2.8327432,-9.761311,1990
14955,r3i1p1f1,1990,12,12,0.0,1.9519083,-10.987896,1990
14956,r3i1p1f1,1990,12,13,0.0,-0.39059198,-11.57696,1990
14957,r3i1p1f1,1990,12,14,0.0,5.1671185,-8.73171,1990
14958,r3i1p1f1,1990,12,15,0.0,8.406728,-2.542574,1990
14959,r3i1p1f1,1990,12,16,2.290986234249048,8.662465,-1.0325654,1990
14960,r3i1p1f1,1990,12,17,13.236282371278657,10.343089,3.3137403,1990
14961,r3i1p1f1,1990,12,18,35.067547892073264,12.465845,7.412259,1990
14962,r3i1p1f1,1990,12,19,14.37302546355089,12.766441,5.7239194,1990
14963,r3i1p1f1,1990,12,20,49.0375764324869,11.404636,6.1488276,1990
14964,r3i1p1f1,1990,12,21,0.0,15.134581,2.379486,1990
14965,r3i1p1f1,1990,12,22,0.0,10.260553,-1.7725208,1990
14966,r3i1p1f1,1990,12,23,0.0,11.296735,-2.547175,1990
14967,r3i1p1f1,1990,12,24,0.0,11.495298,0.95329976,1990
14968,r3i1p1f1,1990,12,25,15.765536936171548,7.0472736,0.05074782,1990
14969,r3i1p1f1,1990,12,26,18.514334568508755,4.088239,-0.4369135,1990
14970,r3i1p1f1,1990,12,27,2.7443971125314035,6.089405,-1.0959401,1990
14971,r3i1p1f1,1990,12,28,2.2184307426773318,5.0532036,-0.7044824,1990
14972,r3i1p1f1,1990,12,29,13.15257604230857,9.001035,0.8921946,1990
14973,r3i1p1f1,1990,12,30,0.9295860223502179,9.850996,2.4171715,1990
14974,r3i1p1f1,1990,12,31,2.15562626086275,13.16679,4.4865212,1990
14975,r3i1p1f1,1991,01,01,0.0,13.936487,5.412054,1991
14976,r3i1p1f1,1991,01,02,7.089533979734896,10.686891,4.631921,1991
14977,r3i1p1f1,1991,01,03,0.0,14.094202,5.764078,1991
14978,r3i1p1f1,1991,01,04,56.670895610985006,11.383869,4.1153884,1991
14979,r3i1p1f1,1991,01,05,39.034090142108894,7.6744833,0.8894787,1991
14980,r3i1p1f1,1991,01,06,58.672982655269536,5.080638,0.6485938,1991
14981,r3i1p1f1,1991,01,07,18.647171893328625,3.2476752,-2.660364,1991
14982,r3i1p1f1,1991,01,08,9.766437747901747,6.792418,-1.1736592,1991
14983,r3i1p1f1,1991,01,09,27.993629755158175,9.944596,3.6638517,1991
14984,r3i1p1f1,1991,01,10,46.6685172489011,8.778571,4.4585896,1991
14985,r3i1p1f1,1991,01,11,66.26581917271803,9.5322895,1.7006874,1991
14986,r3i1p1f1,1991,01,12,71.65938375370675,9.728692,2.3536825,1991
14987,r3i1p1f1,1991,01,13,14.29800163635886,5.7008047,1.2888831,1991
14988,r3i1p1f1,1991,01,14,40.42176530132756,10.977265,2.8632636,1991
14989,r3i1p1f1,1991,01,15,157.9164335602208,12.503092,8.04689,1991
14990,r3i1p1f1,1991,01,16,129.65131208888795,10.399743,2.0053446,1991
14991,r3i1p1f1,1991,01,17,0.05558162753770471,9.031122,-1.5466644,1991
14992,r3i1p1f1,1991,01,18,0.0,9.464199,2.1606474,1991
14993,r3i1p1f1,1991,01,19,0.17451198624545022,8.701234,1.3096365,1991
14994,r3i1p1f1,1991,01,20,0.0934490114511726,8.369611,-1.3343542,1991
14995,r3i1p1f1,1991,01,21,28.948981817321556,4.574573,-1.2210541,1991
14996,r3i1p1f1,1991,01,22,0.0,9.05489,-3.3083105,1991
14997,r3i1p1f1,1991,01,23,0.0,8.7807,-3.2772214,1991
14998,r3i1p1f1,1991,01,24,0.0,7.3864913,-5.069496,1991
14999,r3i1p1f1,1991,01,25,0.0,5.8837605,-6.1710896,1991
15000,r3i1p1f1,1991,01,26,0.0,7.790893,-4.7445135,1991
15001,r3i1p1f1,1991,01,27,0.0,9.194853,-3.4995031,1991
15002,r3i1p1f1,1991,01,28,0.0,11.639875,-2.5859427,1991
15003,r3i1p1f1,1991,01,29,0.0,13.966212,-1.5859888,1991
15004,r3i1p1f1,1991,01,30,2.493898971749188,10.250896,-0.6456373,1991
15005,r3i1p1f1,1991,01,31,0.0,7.167591,-4.7965245,1991
15006,r3i1p1f1,1991,02,01,0.0,10.847464,-2.1370618,1991
15007,r3i1p1f1,1991,02,02,0.0,13.314245,-0.5331919,1991
15008,r3i1p1f1,1991,02,03,0.0,17.349615,1.5793005,1991
15009,r3i1p1f1,1991,02,04,0.0,16.796316,0.9509732,1991
15010,r3i1p1f1,1991,02,05,0.0,13.561451,-0.7225254,1991
15011,r3i1p1f1,1991,02,06,0.0,13.408589,-1.5383697,1991
15012,r3i1p1f1,1991,02,07,0.0,16.885807,0.24216579,1991
15013,r3i1p1f1,1991,02,08,0.0,16.323257,0.9057237,1991
15014,r3i1p1f1,1991,02,09,0.0,18.412382,1.2636888,1991
15015,r3i1p1f1,1991,02,10,0.0,19.151445,-0.06403629,1991
15016,r3i1p1f1,1991,02,11,0.0,18.278223,0.7669906,1991
15017,r3i1p1f1,1991,02,12,0.9602249973987024,16.54036,3.9797053,1991
15018,r3i1p1f1,1991,02,13,32.318371637283185,9.451246,1.9353595,1991
15019,r3i1p1f1,1991,02,14,25.66280206558172,9.670874,2.2753558,1991
15020,r3i1p1f1,1991,02,15,0.0,16.342386,1.2535609,1991
15021,r3i1p1f1,1991,02,16,0.0,17.424795,2.6598334,1991
15022,r3i1p1f1,1991,02,17,4.1647768638014036,13.776154,3.009054,1991
15023,r3i1p1f1,1991,02,18,28.14892952354919,10.128014,-0.09488557,1991
15024,r3i1p1f1,1991,02,19,0.5429607612074362,14.539571,1.6914217,1991
15025,r3i1p1f1,1991,02,20,0.0,18.979336,3.5034227,1991
15026,r3i1p1f1,1991,02,21,3.5825199493142703,15.666016,1.5139394,1991
15027,r3i1p1f1,1991,02,22,0.0,11.626571,-1.7078655,1991
15028,r3i1p1f1,1991,02,23,0.0,11.108659,-0.46842518,1991
15029,r3i1p1f1,1991,02,24,0.0,12.766724,-1.2500366,1991
15030,r3i1p1f1,1991,02,25,0.0,15.773264,1.3262104,1991
15031,r3i1p1f1,1991,02,26,0.0,17.673931,2.7109187,1991
15032,r3i1p1f1,1991,02,27,0.0,17.934752,2.8109438,1991
15033,r3i1p1f1,1991,02,28,0.0,16.676382,3.0302305,1991
15034,r3i1p1f1,1991,03,01,0.7229802729852963,15.087979,4.659025,1991
15035,r3i1p1f1,1991,03,02,33.32081787827376,5.084801,-1.7880851,1991
15036,r3i1p1f1,1991,03,03,0.0,9.6871605,-4.06588,1991
15037,r3i1p1f1,1991,03,04,0.03478695718130391,9.075738,-3.0889442,1991
15038,r3i1p1f1,1991,03,05,50.59609017089794,5.1136727,-0.4012371,1991
15039,r3i1p1f1,1991,03,06,26.82445175504606,4.765997,-2.748619,1991
15040,r3i1p1f1,1991,03,07,52.67269123027003,2.7487898,-1.7831073,1991
15041,r3i1p1f1,1991,03,08,49.65286259294341,1.8170742,-2.4599426,1991
15042,r3i1p1f1,1991,03,09,10.77784906251748,0.5132619,-4.882302,1991
15043,r3i1p1f1,1991,03,10,0.3073428268850732,1.7085893,-7.126445,1991
15044,r3i1p1f1,1991,03,11,33.104901069064475,2.4018252,-0.9598551,1991
15045,r3i1p1f1,1991,03,12,62.422437529618804,2.2411253,-2.2777696,1991
15046,r3i1p1f1,1991,03,13,2.110989074734741,5.4422126,-1.9791856,1991
15047,r3i1p1f1,1991,03,14,38.71649927949827,2.5847712,-1.6767334,1991
15048,r3i1p1f1,1991,03,15,11.175707394661577,3.720544,-2.8685,1991
15049,r3i1p1f1,1991,03,16,0.0,12.379771,-2.3635678,1991
15050,r3i1p1f1,1991,03,17,0.0,14.657861,-0.5093422,1991
15051,r3i1p1f1,1991,03,18,0.0,17.920237,1.5282285,1991
15052,r3i1p1f1,1991,03,19,0.0,17.239698,4.7635884,1991
15053,r3i1p1f1,1991,03,20,0.0,13.525548,5.5098095,1991
15054,r3i1p1f1,1991,03,21,0.0,13.1024475,-0.7164323,1991
15055,r3i1p1f1,1991,03,22,0.0,11.549805,-0.60473466,1991
15056,r3i1p1f1,1991,03,23,11.314370503379521,7.761519,-0.77329075,1991
15057,r3i1p1f1,1991,03,24,0.0,10.67392,-3.7335513,1991
15058,r3i1p1f1,1991,03,25,0.29597084840612586,9.459623,-0.07271042,1991
15059,r3i1p1f1,1991,03,26,0.0,8.690093,-4.3742456,1991
15060,r3i1p1f1,1991,03,27,0.0,8.697952,-0.9809383,1991
15061,r3i1p1f1,1991,03,28,0.0,11.250027,-1.17221,1991
15062,r3i1p1f1,1991,03,29,9.986420818849615,8.660212,3.220144,1991
15063,r3i1p1f1,1991,03,30,0.24067616384280355,10.940756,2.3674495,1991
15064,r3i1p1f1,1991,03,31,0.26807132123251093,11.685904,0.92570937,1991
15065,r3i1p1f1,1991,04,01,0.0,13.711989,0.89891267,1991
15066,r3i1p1f1,1991,04,02,0.0,14.522139,-0.21325785,1991
15067,r3i1p1f1,1991,04,03,0.0,17.279514,0.7348157,1991
15068,r3i1p1f1,1991,04,04,0.0,17.138586,0.7604479,1991
15069,r3i1p1f1,1991,04,05,0.0,17.55827,2.189269,1991
15070,r3i1p1f1,1991,04,06,0.0,16.531673,2.2654624,1991
15071,r3i1p1f1,1991,04,07,0.0,9.122365,-4.258236,1991
15072,r3i1p1f1,1991,04,08,0.0,17.231615,-0.29648274,1991
15073,r3i1p1f1,1991,04,09,0.0,18.485126,3.605868,1991
15074,r3i1p1f1,1991,04,10,0.0,22.41871,3.7440639,1991
15075,r3i1p1f1,1991,04,11,0.0,22.828817,5.1106677,1991
15076,r3i1p1f1,1991,04,12,0.0,24.74132,5.9405003,1991
15077,r3i1p1f1,1991,04,13,0.0,23.622183,7.0354123,1991
15078,r3i1p1f1,1991,04,14,0.0,23.299614,7.3736463,1991
15079,r3i1p1f1,1991,04,15,9.025676576129626,11.319937,-0.5901239,1991
15080,r3i1p1f1,1991,04,16,0.0,21.070522,2.2914882,1991
15081,r3i1p1f1,1991,04,17,0.0,24.114948,5.622321,1991
15082,r3i1p1f1,1991,04,18,0.0,23.024164,7.258044,1991
15083,r3i1p1f1,1991,04,19,0.0,25.610292,9.00336,1991
15084,r3i1p1f1,1991,04,20,0.0,25.838264,10.680743,1991
15085,r3i1p1f1,1991,04,21,0.9215567680018323,22.467604,7.528225,1991
15086,r3i1p1f1,1991,04,22,0.027483181532404973,20.485931,5.783033,1991
15087,r3i1p1f1,1991,04,23,0.0,25.01615,7.469406,1991
15088,r3i1p1f1,1991,04,24,0.0,26.024931,9.848423,1991
15089,r3i1p1f1,1991,04,25,0.0,25.730562,9.683584,1991
15090,r3i1p1f1,1991,04,26,0.0,25.621199,9.201391,1991
15091,r3i1p1f1,1991,04,27,0.0,24.78787,8.740608,1991
15092,r3i1p1f1,1991,04,28,0.0,23.10747,6.2167907,1991
15093,r3i1p1f1,1991,04,29,5.131315458225129,16.80802,1.5625843,1991
15094,r3i1p1f1,1991,04,30,60.911788448299234,11.970455,6.551216,1991
15095,r3i1p1f1,1991,05,01,13.062572627600993,9.868875,1.7387724,1991
15096,r3i1p1f1,1991,05,02,13.088718404699312,8.4833355,-1.1089785,1991
15097,r3i1p1f1,1991,05,03,0.0,16.20914,-0.17114508,1991
15098,r3i1p1f1,1991,05,04,0.0,20.656507,2.9000556,1991
15099,r3i1p1f1,1991,05,05,0.0,19.571857,6.297385,1991
15100,r3i1p1f1,1991,05,06,18.503215532798908,14.362874,5.068544,1991
15101,r3i1p1f1,1991,05,07,3.6453380524778223,11.302048,5.037039,1991
15102,r3i1p1f1,1991,05,08,0.0,15.274446,2.6048179,1991
15103,r3i1p1f1,1991,05,09,6.712990779411292,11.311371,-1.635503,1991
15104,r3i1p1f1,1991,05,10,1.0204999849711864,7.3365593,-2.7641442,1991
15105,r3i1p1f1,1991,05,11,0.0,14.448701,-1.434214,1991
15106,r3i1p1f1,1991,05,12,0.0,18.158907,1.7455084,1991
15107,r3i1p1f1,1991,05,13,0.0,21.366037,5.0343566,1991
15108,r3i1p1f1,1991,05,14,0.0,22.285154,6.4703484,1991
15109,r3i1p1f1,1991,05,15,0.0,21.855852,8.292005,1991
15110,r3i1p1f1,1991,05,16,0.027554001290378726,20.965254,7.144162,1991
15111,r3i1p1f1,1991,05,17,0.2370738329390358,16.489485,4.631481,1991
15112,r3i1p1f1,1991,05,18,0.25625904067725824,11.177788,1.9939997,1991
15113,r3i1p1f1,1991,05,19,0.07845967997318919,10.334217,0.943841,1991
15114,r3i1p1f1,1991,05,20,0.0,13.268065,-1.4447031,1991
15115,r3i1p1f1,1991,05,21,0.034062166186662295,12.842038,-1.6904433,1991
15116,r3i1p1f1,1991,05,22,0.0,16.979229,0.5812459,1991
15117,r3i1p1f1,1991,05,23,0.0,18.117891,2.9363313,1991
15118,r3i1p1f1,1991,05,24,0.0,21.002266,4.7422504,1991
15119,r3i1p1f1,1991,05,25,0.0,20.735079,7.087623,1991
15120,r3i1p1f1,1991,05,26,0.0,23.118494,4.9499226,1991
15121,r3i1p1f1,1991,05,27,0.0,23.040136,7.0791745,1991
15122,r3i1p1f1,1991,05,28,0.0,21.544989,6.6139503,1991
15123,r3i1p1f1,1991,05,29,0.0,23.06724,6.5544124,1991
15124,r3i1p1f1,1991,05,30,0.0,23.52523,7.8125095,1991
15125,r3i1p1f1,1991,05,31,0.0,22.291887,8.0965805,1991
15126,r3i1p1f1,1991,06,01,0.0,22.029419,4.112752,1991
15127,r3i1p1f1,1991,06,02,0.0,21.781103,5.807038,1991
15128,r3i1p1f1,1991,06,03,0.0,22.944391,6.937582,1991
15129,r3i1p1f1,1991,06,04,3.747815208120492,20.724234,6.909038,1991
15130,r3i1p1f1,1991,06,05,0.4396205938160404,17.044582,7.9249997,1991
15131,r3i1p1f1,1991,06,06,2.7717687895729846,14.680185,6.64898,1991
15132,r3i1p1f1,1991,06,07,7.13655129182275,15.709634,2.2041109,1991
15133,r3i1p1f1,1991,06,08,18.82620524947446,10.284901,5.105445,1991
15134,r3i1p1f1,1991,06,09,0.0,18.560822,5.9225364,1991
15135,r3i1p1f1,1991,06,10,0.0,22.315542,6.379477,1991
15136,r3i1p1f1,1991,06,11,0.0,23.546566,8.807797,1991
15137,r3i1p1f1,1991,06,12,0.007028110006726102,24.889307,9.43535,1991
15138,r3i1p1f1,1991,06,13,3.0547760246248035,23.63243,8.5368,1991
15139,r3i1p1f1,1991,06,14,0.0,24.054234,9.186923,1991
15140,r3i1p1f1,1991,06,15,0.0,24.563183,7.400858,1991
15141,r3i1p1f1,1991,06,16,0.0,25.179646,9.597278,1991
15142,r3i1p1f1,1991,06,17,0.0,28.495592,12.3035755,1991
15143,r3i1p1f1,1991,06,18,2.2508247706450915,28.456676,13.050764,1991
15144,r3i1p1f1,1991,06,19,0.0,28.997076,12.736336,1991
15145,r3i1p1f1,1991,06,20,0.0,29.393145,12.735684,1991
15146,r3i1p1f1,1991,06,21,0.0,29.02053,11.934003,1991
15147,r3i1p1f1,1991,06,22,0.0,27.92049,11.407695,1991
15148,r3i1p1f1,1991,06,23,0.0,26.208868,10.39641,1991
15149,r3i1p1f1,1991,06,24,0.0,24.972857,9.097467,1991
15150,r3i1p1f1,1991,06,25,0.0,25.44873,8.708141,1991
15151,r3i1p1f1,1991,06,26,0.0,26.092361,8.622961,1991
15152,r3i1p1f1,1991,06,27,0.0,26.946829,10.537777,1991
15153,r3i1p1f1,1991,06,28,0.0,27.03472,11.069892,1991
15154,r3i1p1f1,1991,06,29,0.0,27.318651,10.63427,1991
15155,r3i1p1f1,1991,06,30,0.0,27.615593,10.722428,1991
15156,r3i1p1f1,1991,07,01,0.0,27.109344,10.739381,1991
15157,r3i1p1f1,1991,07,02,0.0,21.090525,5.150831,1991
15158,r3i1p1f1,1991,07,03,0.0,22.135315,4.899522,1991
15159,r3i1p1f1,1991,07,04,0.0,27.554861,9.558295,1991
15160,r3i1p1f1,1991,07,05,0.0,30.424673,11.176862,1991
15161,r3i1p1f1,1991,07,06,0.0,30.825533,14.061772,1991
15162,r3i1p1f1,1991,07,07,0.0,30.709127,14.372497,1991
15163,r3i1p1f1,1991,07,08,0.0,29.728283,14.214983,1991
15164,r3i1p1f1,1991,07,09,0.0,29.920702,12.855498,1991
15165,r3i1p1f1,1991,07,10,0.0,32.459034,13.487555,1991
15166,r3i1p1f1,1991,07,11,0.0,34.420498,14.848661,1991
15167,r3i1p1f1,1991,07,12,0.0,34.122574,16.049986,1991
15168,r3i1p1f1,1991,07,13,0.0,32.614376,15.528764,1991
15169,r3i1p1f1,1991,07,14,0.0,31.51206,15.593082,1991
15170,r3i1p1f1,1991,07,15,0.0,32.079945,15.194659,1991
15171,r3i1p1f1,1991,07,16,0.0,31.451952,15.824276,1991
15172,r3i1p1f1,1991,07,17,0.0,29.605864,13.784662,1991
15173,r3i1p1f1,1991,07,18,0.0,27.580915,10.770242,1991
15174,r3i1p1f1,1991,07,19,0.0,29.771297,12.383314,1991
15175,r3i1p1f1,1991,07,20,0.0,31.562244,13.282699,1991
15176,r3i1p1f1,1991,07,21,0.0,31.415527,13.808154,1991
15177,r3i1p1f1,1991,07,22,0.0,30.717577,13.690837,1991
15178,r3i1p1f1,1991,07,23,0.0,30.160133,13.724992,1991
15179,r3i1p1f1,1991,07,24,0.0,29.48825,13.500761,1991
15180,r3i1p1f1,1991,07,25,0.0,29.645014,12.68865,1991
15181,r3i1p1f1,1991,07,26,0.0,29.293726,13.171835,1991
15182,r3i1p1f1,1991,07,27,0.0,29.245998,12.762741,1991
15183,r3i1p1f1,1991,07,28,0.0,29.015163,13.592423,1991
15184,r3i1p1f1,1991,07,29,0.0,28.192497,13.862112,1991
15185,r3i1p1f1,1991,07,30,0.0,27.49745,13.350654,1991
15186,r3i1p1f1,1991,07,31,0.0,28.338127,11.910972,1991
15187,r3i1p1f1,1991,08,01,0.0,27.838438,11.28339,1991
15188,r3i1p1f1,1991,08,02,0.0,26.233652,10.168448,1991
15189,r3i1p1f1,1991,08,03,0.0,26.109222,8.973452,1991
15190,r3i1p1f1,1991,08,04,0.0,26.402142,11.802358,1991
15191,r3i1p1f1,1991,08,05,0.0,28.612526,11.252655,1991
15192,r3i1p1f1,1991,08,06,0.0,27.856274,11.273897,1991
15193,r3i1p1f1,1991,08,07,0.0,25.604113,9.193502,1991
15194,r3i1p1f1,1991,08,08,0.0,22.74895,8.076046,1991
15195,r3i1p1f1,1991,08,09,0.0,25.664083,7.915425,1991
15196,r3i1p1f1,1991,08,10,0.0,31.525688,11.704605,1991
15197,r3i1p1f1,1991,08,11,0.0,31.811968,14.085074,1991
15198,r3i1p1f1,1991,08,12,0.0,33.03212,15.445893,1991
15199,r3i1p1f1,1991,08,13,0.0,33.253036,16.795553,1991
15200,r3i1p1f1,1991,08,14,0.0,32.61366,17.540045,1991
15201,r3i1p1f1,1991,08,15,0.5766955163237167,28.839148,15.5895815,1991
15202,r3i1p1f1,1991,08,16,0.015393343270070067,29.019548,13.391055,1991
15203,r3i1p1f1,1991,08,17,0.0,28.912893,13.096095,1991
15204,r3i1p1f1,1991,08,18,0.0,29.537468,14.03131,1991
15205,r3i1p1f1,1991,08,19,0.0,32.02971,14.786546,1991
15206,r3i1p1f1,1991,08,20,0.0,33.27166,14.911419,1991
15207,r3i1p1f1,1991,08,21,0.0002595041893839248,33.898582,16.64637,1991
15208,r3i1p1f1,1991,08,22,0.0,32.74708,17.191727,1991
15209,r3i1p1f1,1991,08,23,0.0,31.854128,15.531541,1991
15210,r3i1p1f1,1991,08,24,0.0,30.958248,14.231055,1991
15211,r3i1p1f1,1991,08,25,0.0,27.867016,9.652397,1991
15212,r3i1p1f1,1991,08,26,0.0,27.24181,11.149586,1991
15213,r3i1p1f1,1991,08,27,0.0,25.714375,10.466619,1991
15214,r3i1p1f1,1991,08,28,0.0,22.883743,6.618015,1991
15215,r3i1p1f1,1991,08,29,0.0,19.714201,4.6438622,1991
15216,r3i1p1f1,1991,08,30,0.0,17.346703,3.1630123,1991
15217,r3i1p1f1,1991,08,31,0.0,23.748224,5.3929863,1991
15218,r3i1p1f1,1991,09,01,0.0,28.426943,10.639987,1991
15219,r3i1p1f1,1991,09,02,0.0,31.213095,13.05086,1991
15220,r3i1p1f1,1991,09,03,0.0,31.872,14.012802,1991
15221,r3i1p1f1,1991,09,04,0.0,30.874235,13.84788,1991
15222,r3i1p1f1,1991,09,05,0.0,29.682318,15.049981,1991
15223,r3i1p1f1,1991,09,06,0.0,29.5938,13.261606,1991
15224,r3i1p1f1,1991,09,07,0.0,29.545326,14.0516815,1991
15225,r3i1p1f1,1991,09,08,0.00878305352096887,29.24692,13.123219,1991
15226,r3i1p1f1,1991,09,09,0.33861651550966454,28.83541,14.985376,1991
15227,r3i1p1f1,1991,09,10,1.3164529068346478,28.397161,15.482297,1991
15228,r3i1p1f1,1991,09,11,0.0,25.070736,10.560105,1991
15229,r3i1p1f1,1991,09,12,0.0,27.308498,10.909951,1991
15230,r3i1p1f1,1991,09,13,0.0,26.510462,10.7197275,1991
15231,r3i1p1f1,1991,09,14,0.0,27.185844,10.1363945,1991
15232,r3i1p1f1,1991,09,15,0.0,29.432083,12.018149,1991
15233,r3i1p1f1,1991,09,16,0.0,30.31614,12.685245,1991
15234,r3i1p1f1,1991,09,17,0.0029282894071289583,28.094156,15.572224,1991
15235,r3i1p1f1,1991,09,18,0.0,27.935064,13.154442,1991
15236,r3i1p1f1,1991,09,19,2.0338003060930387,28.362906,14.624555,1991
15237,r3i1p1f1,1991,09,20,2.8250090765236804,29.664385,14.963543,1991
15238,r3i1p1f1,1991,09,21,0.03938131407937219,17.369879,6.985129,1991
15239,r3i1p1f1,1991,09,22,0.0,20.337757,7.300994,1991
15240,r3i1p1f1,1991,09,23,0.0,22.315348,6.1191344,1991
15241,r3i1p1f1,1991,09,24,0.0,22.911299,7.405516,1991
15242,r3i1p1f1,1991,09,25,0.0,21.568615,7.598849,1991
15243,r3i1p1f1,1991,09,26,0.0,15.0893,3.3455656,1991
15244,r3i1p1f1,1991,09,27,2.097262826129353,13.882291,2.9703526,1991
15245,r3i1p1f1,1991,09,28,0.0,18.990437,1.7257792,1991
15246,r3i1p1f1,1991,09,29,0.0,24.204473,6.948833,1991
15247,r3i1p1f1,1991,09,30,0.0,27.453741,9.998494,1991
15248,r3i1p1f1,1991,10,01,0.0,26.43051,10.586118,1991
15249,r3i1p1f1,1991,10,02,0.0,24.96212,9.381379,1991
15250,r3i1p1f1,1991,10,03,0.0,29.56433,12.09709,1991
15251,r3i1p1f1,1991,10,04,0.0,30.032103,12.96118,1991
15252,r3i1p1f1,1991,10,05,0.0,29.10032,15.005694,1991
15253,r3i1p1f1,1991,10,06,0.0626527547673935,24.771986,12.569859,1991
15254,r3i1p1f1,1991,10,07,2.2139835522562192,25.426365,13.195162,1991
15255,r3i1p1f1,1991,10,08,0.09759668663671044,25.99616,13.876583,1991
15256,r3i1p1f1,1991,10,09,39.54611101653427,16.948355,8.961882,1991
15257,r3i1p1f1,1991,10,10,0.0,18.401524,5.225741,1991
15258,r3i1p1f1,1991,10,11,0.0,18.801231,5.2385964,1991
15259,r3i1p1f1,1991,10,12,0.0,20.480526,4.9331026,1991
15260,r3i1p1f1,1991,10,13,0.0,20.630148,5.3896346,1991
15261,r3i1p1f1,1991,10,14,0.0,19.964046,6.5284686,1991
15262,r3i1p1f1,1991,10,15,0.0,20.66281,5.734416,1991
15263,r3i1p1f1,1991,10,16,0.0,22.275507,5.5057015,1991
15264,r3i1p1f1,1991,10,17,0.0,21.708147,5.3011823,1991
15265,r3i1p1f1,1991,10,18,0.0,21.23981,7.532001,1991
15266,r3i1p1f1,1991,10,19,0.0,19.464676,7.856409,1991
15267,r3i1p1f1,1991,10,20,0.7649484004583715,17.54115,4.723741,1991
15268,r3i1p1f1,1991,10,21,17.84742932788121,14.765344,6.722744,1991
15269,r3i1p1f1,1991,10,22,0.0,19.095963,5.1317625,1991
15270,r3i1p1f1,1991,10,23,0.08224973387673105,19.212374,6.5930576,1991
15271,r3i1p1f1,1991,10,24,0.0,20.67777,4.8403053,1991
15272,r3i1p1f1,1991,10,25,0.0,19.394997,7.2854934,1991
15273,r3i1p1f1,1991,10,26,0.0,19.67721,5.356453,1991
15274,r3i1p1f1,1991,10,27,0.0,17.946121,5.5817494,1991
15275,r3i1p1f1,1991,10,28,0.0,16.910297,4.7044363,1991
15276,r3i1p1f1,1991,10,29,0.0,15.828776,4.104927,1991
15277,r3i1p1f1,1991,10,30,0.017117370551108922,11.163012,-0.5634151,1991
15278,r3i1p1f1,1991,10,31,0.0,13.613555,-2.0541534,1991
15279,r3i1p1f1,1991,11,01,0.0,14.316106,0.39804798,1991
15280,r3i1p1f1,1991,11,02,6.432805941011266,12.318854,3.1662292,1991
15281,r3i1p1f1,1991,11,03,0.0,11.485517,3.1952715,1991
15282,r3i1p1f1,1991,11,04,2.213539093760406,9.261528,-1.5403584,1991
15283,r3i1p1f1,1991,11,05,0.014078023684162059,8.950939,-4.4233656,1991
15284,r3i1p1f1,1991,11,06,0.0,11.532673,-2.820896,1991
15285,r3i1p1f1,1991,11,07,0.0,16.628658,1.3003749,1991
15286,r3i1p1f1,1991,11,08,0.0,19.784582,4.3257713,1991
15287,r3i1p1f1,1991,11,09,0.0,20.919382,5.460347,1991
15288,r3i1p1f1,1991,11,10,0.0,22.95726,7.155636,1991
15289,r3i1p1f1,1991,11,11,0.0,23.836258,7.6629243,1991
15290,r3i1p1f1,1991,11,12,0.0,22.399443,6.582987,1991
15291,r3i1p1f1,1991,11,13,0.0,21.324512,5.5069346,1991
15292,r3i1p1f1,1991,11,14,0.0,18.297039,7.2815576,1991
15293,r3i1p1f1,1991,11,15,0.0,14.490415,4.752869,1991
15294,r3i1p1f1,1991,11,16,0.0,17.786348,3.2701857,1991
15295,r3i1p1f1,1991,11,17,0.01719893863130557,16.139812,3.913417,1991
15296,r3i1p1f1,1991,11,18,0.0,20.318895,6.127952,1991
15297,r3i1p1f1,1991,11,19,0.0,23.02164,5.814331,1991
15298,r3i1p1f1,1991,11,20,0.0,23.850687,5.9830947,1991
15299,r3i1p1f1,1991,11,21,0.0,21.517555,6.3177648,1991
15300,r3i1p1f1,1991,11,22,0.0,19.255772,2.555449,1991
15301,r3i1p1f1,1991,11,23,0.0,14.043246,2.093246,1991
15302,r3i1p1f1,1991,11,24,0.0,18.27792,4.1667542,1991
15303,r3i1p1f1,1991,11,25,0.0,16.594086,2.1620166,1991
15304,r3i1p1f1,1991,11,26,0.0370208155608883,10.559894,-0.8035509,1991
15305,r3i1p1f1,1991,11,27,0.0,15.407065,1.0917696,1991
15306,r3i1p1f1,1991,11,28,0.0,15.150679,3.1873586,1991
15307,r3i1p1f1,1991,11,29,0.0,14.028781,1.863923,1991
15308,r3i1p1f1,1991,11,30,0.0,14.475775,1.7346079,1991
15309,r3i1p1f1,1991,12,01,0.0,13.14881,3.0022502,1991
15310,r3i1p1f1,1991,12,02,0.0,11.349731,-0.11715537,1991
15311,r3i1p1f1,1991,12,03,0.0,14.2612505,1.8916698,1991
15312,r3i1p1f1,1991,12,04,0.0,13.444604,0.7454404,1991
15313,r3i1p1f1,1991,12,05,13.763736098955729,8.048303,-2.1921103,1991
15314,r3i1p1f1,1991,12,06,5.480615047188047,4.3232155,-4.269526,1991
15315,r3i1p1f1,1991,12,07,0.0,8.758148,-5.635597,1991
15316,r3i1p1f1,1991,12,08,0.13964171724326566,7.300318,-1.6905872,1991
15317,r3i1p1f1,1991,12,09,0.0,10.487462,-0.11749232,1991
15318,r3i1p1f1,1991,12,10,0.0,9.231252,-3.183151,1991
15319,r3i1p1f1,1991,12,11,4.5538370579475,1.6306058,-7.784468,1991
15320,r3i1p1f1,1991,12,12,0.0,0.098495156,-14.877839,1991
15321,r3i1p1f1,1991,12,13,0.0,-6.9208555,-19.42393,1991
15322,r3i1p1f1,1991,12,14,0.0,-1.0650803,-14.3823395,1991
15323,r3i1p1f1,1991,12,15,0.0,5.4116726,-10.099485,1991
15324,r3i1p1f1,1991,12,16,0.0,9.982563,-8.210729,1991
15325,r3i1p1f1,1991,12,17,0.0,9.413979,-6.680699,1991
15326,r3i1p1f1,1991,12,18,0.0,8.690013,-6.404856,1991
15327,r3i1p1f1,1991,12,19,0.0,9.332528,-4.0977697,1991
15328,r3i1p1f1,1991,12,20,0.0,13.975263,0.7288709,1991
15329,r3i1p1f1,1991,12,21,0.0,16.04429,0.6391102,1991
15330,r3i1p1f1,1991,12,22,0.0,16.123554,2.0963695,1991
15331,r3i1p1f1,1991,12,23,0.0,17.779943,2.8770626,1991
15332,r3i1p1f1,1991,12,24,0.0,15.771993,2.8387146,1991
15333,r3i1p1f1,1991,12,25,0.0,13.959266,0.47186273,1991
15334,r3i1p1f1,1991,12,26,0.0,17.62902,0.3104938,1991
15335,r3i1p1f1,1991,12,27,0.0,17.985136,2.6188583,1991
15336,r3i1p1f1,1991,12,28,0.0,15.856441,2.1432276,1991
15337,r3i1p1f1,1991,12,29,0.0,17.176777,1.4349883,1991
15338,r3i1p1f1,1991,12,30,0.0,18.529871,1.3418835,1991
15339,r3i1p1f1,1991,12,31,0.0,19.017574,1.6347624,1991
15340,r3i1p1f1,1992,01,01,0.0,18.141098,1.8328872,1992
15341,r3i1p1f1,1992,01,02,0.0,17.998478,2.7797506,1992
15342,r3i1p1f1,1992,01,03,0.0,18.578571,3.7017093,1992
15343,r3i1p1f1,1992,01,04,0.0,19.742968,4.4706907,1992
15344,r3i1p1f1,1992,01,05,0.0,19.753895,4.1622705,1992
15345,r3i1p1f1,1992,01,06,0.0,18.5781,3.6886477,1992
15346,r3i1p1f1,1992,01,07,0.0,18.179247,4.8639474,1992
15347,r3i1p1f1,1992,01,08,0.0,14.342093,2.6267226,1992
15348,r3i1p1f1,1992,01,09,0.0,13.413199,-0.09405327,1992
15349,r3i1p1f1,1992,01,10,0.0,16.90215,2.4025526,1992
15350,r3i1p1f1,1992,01,11,28.46803560142258,12.448592,2.8971505,1992
15351,r3i1p1f1,1992,01,12,0.0,12.069189,0.17460184,1992
15352,r3i1p1f1,1992,01,13,15.959665534625712,9.551746,1.3901676,1992
15353,r3i1p1f1,1992,01,14,44.653741334025796,10.562255,5.3024864,1992
15354,r3i1p1f1,1992,01,15,18.559474884578346,9.354267,2.5250893,1992
15355,r3i1p1f1,1992,01,16,36.120402150003144,8.187711,3.5278451,1992
15356,r3i1p1f1,1992,01,17,39.589831090875364,13.105203,4.3841176,1992
15357,r3i1p1f1,1992,01,18,2.3102053393239133,13.191988,4.096301,1992
15358,r3i1p1f1,1992,01,19,5.5329801818037305,12.165262,4.104666,1992
15359,r3i1p1f1,1992,01,20,0.0,16.992981,1.6782118,1992
15360,r3i1p1f1,1992,01,21,0.0,15.52614,3.6311347,1992
15361,r3i1p1f1,1992,01,22,1.7216929555855274,11.889721,0.3944329,1992
15362,r3i1p1f1,1992,01,23,0.0,16.561224,1.5028716,1992
15363,r3i1p1f1,1992,01,24,0.0,15.12948,2.4384756,1992
15364,r3i1p1f1,1992,01,25,6.015185130021756,10.427635,1.6573068,1992
15365,r3i1p1f1,1992,01,26,0.0,16.129953,2.0812416,1992
15366,r3i1p1f1,1992,01,27,0.0,14.7006035,3.6617463,1992
15367,r3i1p1f1,1992,01,28,15.253200215030168,10.658291,0.98737824,1992
15368,r3i1p1f1,1992,01,29,0.0,11.854608,-0.052343,1992
15369,r3i1p1f1,1992,01,30,0.0,11.213414,1.0424067,1992
15370,r3i1p1f1,1992,01,31,5.019343816897354,7.8180094,1.015235,1992
15371,r3i1p1f1,1992,02,01,53.89806893409083,5.3143625,1.3741144,1992
15372,r3i1p1f1,1992,02,02,0.0,7.999878,-2.132838,1992
15373,r3i1p1f1,1992,02,03,0.0,12.445848,-3.6725526,1992
15374,r3i1p1f1,1992,02,04,0.0,11.963403,-3.4628055,1992
15375,r3i1p1f1,1992,02,05,0.0,14.440414,-3.4885867,1992
15376,r3i1p1f1,1992,02,06,0.0,14.626403,-0.5424368,1992
15377,r3i1p1f1,1992,02,07,4.016209259555724,10.245058,0.8480958,1992
15378,r3i1p1f1,1992,02,08,2.21713068280415,13.3829975,2.3697784,1992
15379,r3i1p1f1,1992,02,09,0.3429584547886502,13.3872175,1.7611331,1992
15380,r3i1p1f1,1992,02,10,54.33286568640094,9.909629,4.0465703,1992
15381,r3i1p1f1,1992,02,11,0.0060771546582385014,12.30266,1.246587,1992
15382,r3i1p1f1,1992,02,12,0.08600078934633577,10.778348,-2.1105633,1992
15383,r3i1p1f1,1992,02,13,50.73070304811393,7.0754676,1.0223857,1992
15384,r3i1p1f1,1992,02,14,16.13915567899025,6.1345506,-3.1433113,1992
15385,r3i1p1f1,1992,02,15,0.0,8.48497,-3.9617312,1992
15386,r3i1p1f1,1992,02,16,11.996433402045545,7.3473363,-3.6622121,1992
15387,r3i1p1f1,1992,02,17,0.0,11.370788,-2.9459603,1992
15388,r3i1p1f1,1992,02,18,0.0,11.11246,2.1748986,1992
15389,r3i1p1f1,1992,02,19,34.93004155737397,5.4180317,-0.51708275,1992
15390,r3i1p1f1,1992,02,20,0.0,11.034757,-2.904792,1992
15391,r3i1p1f1,1992,02,21,0.035949977590414496,12.826693,-0.526002,1992
15392,r3i1p1f1,1992,02,22,0.0,13.104112,-1.7206023,1992
15393,r3i1p1f1,1992,02,23,0.0,11.64807,-1.7922722,1992
15394,r3i1p1f1,1992,02,24,0.0,12.13159,-1.02839,1992
15395,r3i1p1f1,1992,02,25,0.0,13.52099,-0.63796526,1992
15396,r3i1p1f1,1992,02,26,0.0,13.911193,-0.25640422,1992
15397,r3i1p1f1,1992,02,27,0.0,15.517935,1.6244533,1992
15398,r3i1p1f1,1992,02,28,0.0,16.083761,3.0986197,1992
15399,r3i1p1f1,1992,02,29,0.0,17.260277,2.950591,1992
15400,r3i1p1f1,1992,03,01,0.0,18.680017,3.852115,1992
15401,r3i1p1f1,1992,03,02,0.0,18.610807,5.6347027,1992
15402,r3i1p1f1,1992,03,03,0.0,19.324373,4.058556,1992
15403,r3i1p1f1,1992,03,04,2.098328607787966,16.391176,2.6061993,1992
15404,r3i1p1f1,1992,03,05,0.13100160132652441,15.150993,1.67763,1992
15405,r3i1p1f1,1992,03,06,0.0,19.662107,4.4019775,1992
15406,r3i1p1f1,1992,03,07,0.0,24.056711,7.4510713,1992
15407,r3i1p1f1,1992,03,08,0.0,23.057425,8.356411,1992
15408,r3i1p1f1,1992,03,09,0.0,18.16248,5.084076,1992
15409,r3i1p1f1,1992,03,10,0.0,20.702658,5.638455,1992
15410,r3i1p1f1,1992,03,11,0.0,19.675598,5.810741,1992
15411,r3i1p1f1,1992,03,12,0.6618192011573181,14.11361,0.9061233,1992
15412,r3i1p1f1,1992,03,13,7.84408678752554,4.768073,-4.7126117,1992
15413,r3i1p1f1,1992,03,14,1.347648850435833,9.937154,-3.9285762,1992
15414,r3i1p1f1,1992,03,15,0.0,13.406258,-1.3841522,1992
15415,r3i1p1f1,1992,03,16,0.0,18.69086,0.93766624,1992
15416,r3i1p1f1,1992,03,17,0.14534711682292828,18.086159,4.1376076,1992
15417,r3i1p1f1,1992,03,18,0.0,22.122353,7.092053,1992
15418,r3i1p1f1,1992,03,19,0.0,25.281422,6.161348,1992
15419,r3i1p1f1,1992,03,20,0.0,24.28201,6.2224283,1992
15420,r3i1p1f1,1992,03,21,0.0,22.309294,5.3749228,1992
15421,r3i1p1f1,1992,03,22,0.032187013053580335,20.088907,5.379662,1992
15422,r3i1p1f1,1992,03,23,0.010396923569619264,15.160824,0.5477141,1992
15423,r3i1p1f1,1992,03,24,0.0,18.187908,2.0421262,1992
15424,r3i1p1f1,1992,03,25,0.0,21.423254,3.8390813,1992
15425,r3i1p1f1,1992,03,26,0.0,23.151531,5.325167,1992
15426,r3i1p1f1,1992,03,27,0.0,23.745724,6.3175864,1992
15427,r3i1p1f1,1992,03,28,0.36966376051407823,14.873532,1.3407441,1992
15428,r3i1p1f1,1992,03,29,0.0,16.351536,-1.0827503,1992
15429,r3i1p1f1,1992,03,30,0.0,19.957085,2.2583075,1992
15430,r3i1p1f1,1992,03,31,0.0,20.253494,6.9474063,1992
15431,r3i1p1f1,1992,04,01,25.334472848886723,16.305496,2.4627583,1992
15432,r3i1p1f1,1992,04,02,4.67405448312332,8.954559,-1.2358967,1992
15433,r3i1p1f1,1992,04,03,0.19731237583695665,11.67356,-1.1608385,1992
15434,r3i1p1f1,1992,04,04,0.0,13.011361,-0.90013146,1992
15435,r3i1p1f1,1992,04,05,0.0,13.701168,-2.6772823,1992
15436,r3i1p1f1,1992,04,06,0.8422148410892604,11.196752,-2.118754,1992
15437,r3i1p1f1,1992,04,07,0.0,11.565894,-4.680863,1992
15438,r3i1p1f1,1992,04,08,0.0,16.92986,-0.18660161,1992
15439,r3i1p1f1,1992,04,09,0.0,18.38863,0.99177825,1992
15440,r3i1p1f1,1992,04,10,0.0,16.132074,2.3491488,1992
15441,r3i1p1f1,1992,04,11,0.0,18.023159,3.7550495,1992
15442,r3i1p1f1,1992,04,12,0.05668005425449289,21.04593,2.8945289,1992
15443,r3i1p1f1,1992,04,13,0.0,21.71494,6.964729,1992
15444,r3i1p1f1,1992,04,14,0.0,22.66471,6.2303467,1992
15445,r3i1p1f1,1992,04,15,0.0,22.582201,5.217318,1992
15446,r3i1p1f1,1992,04,16,0.02159002811870443,21.363548,5.7947526,1992
15447,r3i1p1f1,1992,04,17,0.0,19.342379,2.4137666,1992
15448,r3i1p1f1,1992,04,18,0.0,15.077157,1.0917429,1992
15449,r3i1p1f1,1992,04,19,0.2921148614596428,13.352935,4.304994,1992
15450,r3i1p1f1,1992,04,20,5.365870626165385,11.045384,2.393177,1992
15451,r3i1p1f1,1992,04,21,0.039359789700124805,15.573696,1.0149047,1992
15452,r3i1p1f1,1992,04,22,0.1967706660491929,15.870091,5.8172145,1992
15453,r3i1p1f1,1992,04,23,17.218678730147843,12.137763,3.3158162,1992
15454,r3i1p1f1,1992,04,24,16.268236170473852,10.657436,1.2697558,1992
15455,r3i1p1f1,1992,04,25,0.1592070774150718,16.126047,1.9632328,1992
15456,r3i1p1f1,1992,04,26,0.0,17.795609,3.3391936,1992
15457,r3i1p1f1,1992,04,27,9.098170404812615,11.936699,5.0736504,1992
15458,r3i1p1f1,1992,04,28,18.575617191871924,9.621438,3.3579261,1992
15459,r3i1p1f1,1992,04,29,75.85449006506487,6.4485507,-0.84757066,1992
15460,r3i1p1f1,1992,04,30,1.0549127352868182,7.4406033,-3.606056,1992
15461,r3i1p1f1,1992,05,01,0.0,13.100524,-3.5597951,1992
15462,r3i1p1f1,1992,05,02,23.366541533093702,7.943887,-1.8987337,1992
15463,r3i1p1f1,1992,05,03,0.057700378621168634,10.6798935,-2.7814066,1992
15464,r3i1p1f1,1992,05,04,0.0,15.759911,-0.31128275,1992
15465,r3i1p1f1,1992,05,05,0.0,17.426916,2.1524353,1992
15466,r3i1p1f1,1992,05,06,0.0,19.961802,4.497984,1992
15467,r3i1p1f1,1992,05,07,0.0,23.053514,6.1577625,1992
15468,r3i1p1f1,1992,05,08,0.009862353142939116,23.6991,6.4646063,1992
15469,r3i1p1f1,1992,05,09,0.0,22.754349,7.248861,1992
15470,r3i1p1f1,1992,05,10,0.0,20.590914,7.015442,1992
15471,r3i1p1f1,1992,05,11,0.0,18.150646,4.5317473,1992
15472,r3i1p1f1,1992,05,12,0.0,19.271435,3.9672616,1992
15473,r3i1p1f1,1992,05,13,0.0,20.762634,4.976179,1992
15474,r3i1p1f1,1992,05,14,0.0,22.31071,5.507285,1992
15475,r3i1p1f1,1992,05,15,0.0,20.878403,6.5018883,1992
15476,r3i1p1f1,1992,05,16,0.0,17.241644,5.888437,1992
15477,r3i1p1f1,1992,05,17,1.342324579270912,15.944852,4.5728674,1992
15478,r3i1p1f1,1992,05,18,35.41554270410224,8.948917,1.9771091,1992
15479,r3i1p1f1,1992,05,19,17.064574736133707,12.210506,0.5966326,1992
15480,r3i1p1f1,1992,05,20,19.23493635120777,14.13676,0.20940478,1992
15481,r3i1p1f1,1992,05,21,30.362522353320138,12.944473,3.213257,1992
15482,r3i1p1f1,1992,05,22,3.559337359582203,13.283371,0.74051934,1992
15483,r3i1p1f1,1992,05,23,0.9584869985701516,12.93921,2.7772133,1992
15484,r3i1p1f1,1992,05,24,0.07598410099346534,9.970853,2.925376,1992
15485,r3i1p1f1,1992,05,25,8.064193503722842,6.5829268,-1.4187281,1992
15486,r3i1p1f1,1992,05,26,0.0,10.150905,-0.19140643,1992
15487,r3i1p1f1,1992,05,27,0.0,16.76467,0.5066455,1992
15488,r3i1p1f1,1992,05,28,0.0,17.782248,1.9075737,1992
15489,r3i1p1f1,1992,05,29,0.0,20.705074,3.8754442,1992
15490,r3i1p1f1,1992,05,30,0.0,20.004105,6.360992,1992
15491,r3i1p1f1,1992,05,31,0.0,17.302824,5.0225706,1992
15492,r3i1p1f1,1992,06,01,0.2546929070376791,13.64724,4.8749514,1992
15493,r3i1p1f1,1992,06,02,0.0007056576578179374,16.284737,1.9275491,1992
15494,r3i1p1f1,1992,06,03,0.0,19.750212,1.9734834,1992
15495,r3i1p1f1,1992,06,04,0.0,24.40197,6.3896093,1992
15496,r3i1p1f1,1992,06,05,0.0,25.232384,8.120253,1992
15497,r3i1p1f1,1992,06,06,0.0,24.6776,8.474069,1992
15498,r3i1p1f1,1992,06,07,0.0,24.233618,7.620251,1992
15499,r3i1p1f1,1992,06,08,0.0,23.49818,8.017643,1992
15500,r3i1p1f1,1992,06,09,0.0,24.71446,9.222316,1992
15501,r3i1p1f1,1992,06,10,1.8346374566470713,24.96465,8.679646,1992
15502,r3i1p1f1,1992,06,11,8.6496773247123,21.553114,7.4818907,1992
15503,r3i1p1f1,1992,06,12,4.920519280360742,16.112175,7.155832,1992
15504,r3i1p1f1,1992,06,13,0.0,19.247057,5.6161656,1992
15505,r3i1p1f1,1992,06,14,0.0,20.421492,5.232993,1992
15506,r3i1p1f1,1992,06,15,0.0,21.106888,6.7223687,1992
15507,r3i1p1f1,1992,06,16,0.0,23.869825,7.219754,1992
15508,r3i1p1f1,1992,06,17,0.0,23.701475,9.433179,1992
15509,r3i1p1f1,1992,06,18,0.0,24.175077,10.078124,1992
15510,r3i1p1f1,1992,06,19,0.0,29.612856,13.172131,1992
15511,r3i1p1f1,1992,06,20,0.0,29.450138,12.6317005,1992
15512,r3i1p1f1,1992,06,21,0.0,31.992645,12.537755,1992
15513,r3i1p1f1,1992,06,22,0.0,34.37426,14.962413,1992
15514,r3i1p1f1,1992,06,23,0.0,35.03761,14.965489,1992
15515,r3i1p1f1,1992,06,24,0.0,34.438854,15.667133,1992
15516,r3i1p1f1,1992,06,25,0.0,32.049004,15.484754,1992
15517,r3i1p1f1,1992,06,26,0.0,28.518679,13.233456,1992
15518,r3i1p1f1,1992,06,27,0.0,27.156004,11.968274,1992
15519,r3i1p1f1,1992,06,28,0.0,28.065126,10.618175,1992
15520,r3i1p1f1,1992,06,29,0.0,27.481037,11.8527775,1992
15521,r3i1p1f1,1992,06,30,0.0,25.984032,9.328966,1992
15522,r3i1p1f1,1992,07,01,0.0,25.543537,9.677197,1992
15523,r3i1p1f1,1992,07,02,0.0,24.338224,9.026919,1992
15524,r3i1p1f1,1992,07,03,0.0,23.722542,8.2878065,1992
15525,r3i1p1f1,1992,07,04,0.0,20.927267,6.3706493,1992
15526,r3i1p1f1,1992,07,05,0.0,26.564173,8.376274,1992
15527,r3i1p1f1,1992,07,06,0.0,30.471382,10.926461,1992
15528,r3i1p1f1,1992,07,07,0.0,30.42711,11.912218,1992
15529,r3i1p1f1,1992,07,08,0.0,29.7303,14.738235,1992
15530,r3i1p1f1,1992,07,09,0.0,28.65948,12.921228,1992
15531,r3i1p1f1,1992,07,10,0.0,28.377413,11.51809,1992
15532,r3i1p1f1,1992,07,11,0.0,29.743305,12.160769,1992
15533,r3i1p1f1,1992,07,12,0.0,30.343418,12.745675,1992
15534,r3i1p1f1,1992,07,13,0.0,29.836872,13.428532,1992
15535,r3i1p1f1,1992,07,14,0.0,28.463648,11.592864,1992
15536,r3i1p1f1,1992,07,15,0.0,30.46881,12.516335,1992
15537,r3i1p1f1,1992,07,16,0.0,33.59024,13.259349,1992
15538,r3i1p1f1,1992,07,17,0.0,33.318104,14.929191,1992
15539,r3i1p1f1,1992,07,18,0.0,32.12101,14.320502,1992
15540,r3i1p1f1,1992,07,19,0.0,31.08721,13.861931,1992
15541,r3i1p1f1,1992,07,20,0.0,30.529364,13.381128,1992
15542,r3i1p1f1,1992,07,21,0.0,28.379602,11.432148,1992
15543,r3i1p1f1,1992,07,22,0.0,32.5825,14.212101,1992
15544,r3i1p1f1,1992,07,23,0.0,33.26073,15.552987,1992
15545,r3i1p1f1,1992,07,24,0.0,32.929497,16.139145,1992
15546,r3i1p1f1,1992,07,25,0.0,32.400593,15.40302,1992
15547,r3i1p1f1,1992,07,26,0.0,32.34732,14.182336,1992
15548,r3i1p1f1,1992,07,27,0.0,32.101303,14.307728,1992
15549,r3i1p1f1,1992,07,28,0.0,31.923468,13.656905,1992
15550,r3i1p1f1,1992,07,29,0.0,31.423386,15.102376,1992
15551,r3i1p1f1,1992,07,30,0.0,30.22256,13.515253,1992
15552,r3i1p1f1,1992,07,31,0.0,28.165026,11.537249,1992
15553,r3i1p1f1,1992,08,01,0.0,27.950851,10.765964,1992
15554,r3i1p1f1,1992,08,02,0.0,28.831554,12.16841,1992
15555,r3i1p1f1,1992,08,03,0.0,29.550968,12.343719,1992
15556,r3i1p1f1,1992,08,04,0.0,28.727644,11.78696,1992
15557,r3i1p1f1,1992,08,05,0.0,28.003994,10.992816,1992
15558,r3i1p1f1,1992,08,06,0.0,28.717196,11.49584,1992
15559,r3i1p1f1,1992,08,07,0.0,28.212696,11.057582,1992
15560,r3i1p1f1,1992,08,08,0.0,27.732939,10.906845,1992
15561,r3i1p1f1,1992,08,09,0.0,27.273922,10.889765,1992
15562,r3i1p1f1,1992,08,10,0.0,26.438177,11.03585,1992
15563,r3i1p1f1,1992,08,11,0.0,24.880041,9.298368,1992
15564,r3i1p1f1,1992,08,12,0.0,21.754307,6.0318136,1992
15565,r3i1p1f1,1992,08,13,0.0,20.294054,5.012371,1992
15566,r3i1p1f1,1992,08,14,0.0,21.010967,5.893322,1992
15567,r3i1p1f1,1992,08,15,0.0,23.336926,6.2067676,1992
15568,r3i1p1f1,1992,08,16,0.0,23.782217,7.5877633,1992
15569,r3i1p1f1,1992,08,17,0.0,23.491104,7.4967074,1992
15570,r3i1p1f1,1992,08,18,0.0,25.403696,7.6057963,1992
15571,r3i1p1f1,1992,08,19,0.0,25.767971,8.615991,1992
15572,r3i1p1f1,1992,08,20,0.0,25.630236,10.377434,1992
15573,r3i1p1f1,1992,08,21,0.0,25.078384,8.882672,1992
15574,r3i1p1f1,1992,08,22,0.0,25.346012,8.365063,1992
15575,r3i1p1f1,1992,08,23,0.0,25.693209,8.704918,1992
15576,r3i1p1f1,1992,08,24,0.0,25.238434,9.722747,1992
15577,r3i1p1f1,1992,08,25,0.0,27.167536,9.2560625,1992
15578,r3i1p1f1,1992,08,26,0.0,27.811508,10.466258,1992
15579,r3i1p1f1,1992,08,27,0.0,29.95754,12.05798,1992
15580,r3i1p1f1,1992,08,28,0.0,32.138,13.676996,1992
15581,r3i1p1f1,1992,08,29,0.0,31.502829,14.850027,1992
15582,r3i1p1f1,1992,08,30,0.0,30.543705,14.624069,1992
15583,r3i1p1f1,1992,08,31,0.000557258853835887,28.922346,12.870797,1992
15584,r3i1p1f1,1992,09,01,0.0020726851959663784,23.894403,10.199039,1992
15585,r3i1p1f1,1992,09,02,0.0,22.087217,7.50639,1992
15586,r3i1p1f1,1992,09,03,0.0,21.98577,6.6053333,1992
15587,r3i1p1f1,1992,09,04,0.0,24.53845,8.5097275,1992
15588,r3i1p1f1,1992,09,05,0.0,23.792711,8.148927,1992
15589,r3i1p1f1,1992,09,06,0.0,22.169935,9.329778,1992
15590,r3i1p1f1,1992,09,07,0.0,20.41289,7.324042,1992
15591,r3i1p1f1,1992,09,08,3.1820166254060736,21.870949,8.33708,1992
15592,r3i1p1f1,1992,09,09,0.14305772318422036,18.71566,4.1841598,1992
15593,r3i1p1f1,1992,09,10,0.0,20.344378,4.6400433,1992
15594,r3i1p1f1,1992,09,11,0.0,21.529415,5.485475,1992
15595,r3i1p1f1,1992,09,12,0.0,21.201757,5.514364,1992
15596,r3i1p1f1,1992,09,13,0.0,20.877592,6.0594187,1992
15597,r3i1p1f1,1992,09,14,0.012174603455748997,21.177313,7.776309,1992
15598,r3i1p1f1,1992,09,15,1.5807643880658648,24.247355,11.993767,1992
15599,r3i1p1f1,1992,09,16,2.6916780709143495,23.454742,10.734344,1992
15600,r3i1p1f1,1992,09,17,0.0,22.108274,6.711251,1992
15601,r3i1p1f1,1992,09,18,0.0,21.421225,7.97835,1992
15602,r3i1p1f1,1992,09,19,0.0,19.8559,7.946072,1992
15603,r3i1p1f1,1992,09,20,0.0,23.234812,7.1629577,1992
15604,r3i1p1f1,1992,09,21,0.0,24.471905,8.85085,1992
15605,r3i1p1f1,1992,09,22,0.0,22.054806,8.265324,1992
15606,r3i1p1f1,1992,09,23,0.0,18.316217,7.215775,1992
15607,r3i1p1f1,1992,09,24,0.07407763642779748,25.587126,6.9562235,1992
15608,r3i1p1f1,1992,09,25,0.0,23.782738,7.5827127,1992
15609,r3i1p1f1,1992,09,26,0.0,23.424063,8.17574,1992
15610,r3i1p1f1,1992,09,27,0.0,23.706753,7.8311872,1992
15611,r3i1p1f1,1992,09,28,0.0,23.501637,7.215827,1992
15612,r3i1p1f1,1992,09,29,0.0,24.168488,6.950241,1992
15613,r3i1p1f1,1992,09,30,0.0,23.073603,7.426265,1992
15614,r3i1p1f1,1992,10,01,20.76863692215595,26.062435,11.600225,1992
15615,r3i1p1f1,1992,10,02,25.301465996246982,11.005651,3.4278173,1992
15616,r3i1p1f1,1992,10,03,28.115895008178132,11.449975,3.847131,1992
15617,r3i1p1f1,1992,10,04,0.0,16.448275,1.8451846,1992
15618,r3i1p1f1,1992,10,05,0.0,17.50078,2.4256291,1992
15619,r3i1p1f1,1992,10,06,0.07875791464979748,18.516443,6.339038,1992
15620,r3i1p1f1,1992,10,07,0.0,14.629333,0.21989979,1992
15621,r3i1p1f1,1992,10,08,0.0,16.927073,1.3507535,1992
15622,r3i1p1f1,1992,10,09,0.0,17.44048,2.577101,1992
15623,r3i1p1f1,1992,10,10,0.0,19.40376,4.258701,1992
15624,r3i1p1f1,1992,10,11,0.0,21.430593,4.1744685,1992
15625,r3i1p1f1,1992,10,12,0.008070277123662987,21.24721,6.033307,1992
15626,r3i1p1f1,1992,10,13,9.157138010395053,17.576109,6.997011,1992
15627,r3i1p1f1,1992,10,14,0.000771505629496747,14.076969,4.8375897,1992
15628,r3i1p1f1,1992,10,15,4.755770490124919,12.5438595,3.5640802,1992
15629,r3i1p1f1,1992,10,16,0.05274687787995821,12.268066,-1.4669025,1992
15630,r3i1p1f1,1992,10,17,0.0,13.145728,-1.9802314,1992
15631,r3i1p1f1,1992,10,18,0.0,15.132786,0.02474345,1992
15632,r3i1p1f1,1992,10,19,0.0,15.73964,3.092061,1992
15633,r3i1p1f1,1992,10,20,0.0,17.369295,2.0819247,1992
15634,r3i1p1f1,1992,10,21,0.0,17.55609,2.0491533,1992
15635,r3i1p1f1,1992,10,22,0.0,17.805365,1.2833136,1992
15636,r3i1p1f1,1992,10,23,0.0,17.392862,1.7462397,1992
15637,r3i1p1f1,1992,10,24,0.0,18.670488,2.1791608,1992
15638,r3i1p1f1,1992,10,25,0.0,18.035736,4.5805616,1992
15639,r3i1p1f1,1992,10,26,0.0,19.60681,5.503976,1992
15640,r3i1p1f1,1992,10,27,0.0,18.206861,5.650317,1992
15641,r3i1p1f1,1992,10,28,0.0,21.492846,5.0777903,1992
15642,r3i1p1f1,1992,10,29,0.0,20.671968,5.193638,1992
15643,r3i1p1f1,1992,10,30,0.4210266431504064,15.805489,5.7542586,1992
15644,r3i1p1f1,1992,10,31,0.0,19.346619,3.153939,1992
15645,r3i1p1f1,1992,11,01,0.0,20.68441,4.0175877,1992
15646,r3i1p1f1,1992,11,02,0.0,21.22952,4.0182385,1992
15647,r3i1p1f1,1992,11,03,0.0,21.943563,5.088791,1992
15648,r3i1p1f1,1992,11,04,0.0,21.523798,4.011813,1992
15649,r3i1p1f1,1992,11,05,0.0,21.25867,5.603448,1992
15650,r3i1p1f1,1992,11,06,0.0,20.32468,5.654962,1992
15651,r3i1p1f1,1992,11,07,0.0,16.670397,1.8334658,1992
15652,r3i1p1f1,1992,11,08,0.0,15.105677,0.14603512,1992
15653,r3i1p1f1,1992,11,09,0.0,16.744326,1.915481,1992
15654,r3i1p1f1,1992,11,10,0.636572432459185,14.74244,3.7138278,1992
15655,r3i1p1f1,1992,11,11,2.5634718997600046,10.409706,2.9976926,1992
15656,r3i1p1f1,1992,11,12,1.5261884196278468,13.705524,4.316146,1992
15657,r3i1p1f1,1992,11,13,0.0,16.830582,3.4855092,1992
15658,r3i1p1f1,1992,11,14,0.0,17.643358,2.2078497,1992
15659,r3i1p1f1,1992,11,15,14.088526696554924,15.999781,4.3872595,1992
15660,r3i1p1f1,1992,11,16,0.0,10.8421755,-1.8961716,1992
15661,r3i1p1f1,1992,11,17,0.0,12.954276,-0.39786956,1992
15662,r3i1p1f1,1992,11,18,0.0,13.37857,-0.07289204,1992
15663,r3i1p1f1,1992,11,19,0.0,14.831278,1.9238392,1992
15664,r3i1p1f1,1992,11,20,0.0,14.2114935,0.84089166,1992
15665,r3i1p1f1,1992,11,21,0.0,15.632698,0.46767908,1992
15666,r3i1p1f1,1992,11,22,0.0,14.843702,-0.7565041,1992
15667,r3i1p1f1,1992,11,23,0.0,14.90959,0.8082632,1992
15668,r3i1p1f1,1992,11,24,0.0,15.17976,-0.40636,1992
15669,r3i1p1f1,1992,11,25,0.0,15.184406,1.8823521,1992
15670,r3i1p1f1,1992,11,26,0.0,15.907972,2.8148265,1992
15671,r3i1p1f1,1992,11,27,17.324364323499857,14.785632,3.5905974,1992
15672,r3i1p1f1,1992,11,28,52.44313403964043,12.35355,3.3414993,1992
15673,r3i1p1f1,1992,11,29,6.791510293528279,12.394566,5.404371,1992
15674,r3i1p1f1,1992,11,30,33.935516783477446,10.375158,3.9061794,1992
15675,r3i1p1f1,1992,12,01,22.997888959454077,6.2672787,1.0592979,1992
15676,r3i1p1f1,1992,12,02,0.005800272093007439,11.238334,-1.4889281,1992
15677,r3i1p1f1,1992,12,03,0.0,10.508478,0.3363115,1992
15678,r3i1p1f1,1992,12,04,0.0,11.226334,-1.1106452,1992
15679,r3i1p1f1,1992,12,05,10.435724648107824,8.834927,-0.14132786,1992
15680,r3i1p1f1,1992,12,06,13.116585391904472,7.2347546,-0.09651758,1992
15681,r3i1p1f1,1992,12,07,4.19588977387512,5.2557487,-0.98307073,1992
15682,r3i1p1f1,1992,12,08,43.67934165424422,5.8451815,-0.8944121,1992
15683,r3i1p1f1,1992,12,09,22.612282030259895,7.446791,-0.38168913,1992
15684,r3i1p1f1,1992,12,10,19.775062569686654,4.7358,-2.1296802,1992
15685,r3i1p1f1,1992,12,11,0.0,8.152707,-2.8037627,1992
15686,r3i1p1f1,1992,12,12,0.0,6.089949,-5.884202,1992
15687,r3i1p1f1,1992,12,13,0.028888230544429173,7.870563,-4.8405423,1992
15688,r3i1p1f1,1992,12,14,6.850111327673259,4.6038413,-3.5121927,1992
15689,r3i1p1f1,1992,12,15,0.0,8.288106,-6.0660334,1992
15690,r3i1p1f1,1992,12,16,29.574659211855185,3.002599,-3.332432,1992
15691,r3i1p1f1,1992,12,17,12.742889485027836,1.3702953,-3.3485873,1992
15692,r3i1p1f1,1992,12,18,0.0,4.191302,-7.3144174,1992
15693,r3i1p1f1,1992,12,19,50.30246430174693,2.2677724,-4.166874,1992
15694,r3i1p1f1,1992,12,20,41.60652713801124,2.5741508,-3.0209787,1992
15695,r3i1p1f1,1992,12,21,0.0,3.5775635,-10.8943615,1992
15696,r3i1p1f1,1992,12,22,0.0,1.4737766,-10.975083,1992
15697,r3i1p1f1,1992,12,23,0.0,6.0649385,-6.0637727,1992
15698,r3i1p1f1,1992,12,24,1.198564462538343,2.8053253,-10.948738,1992
15699,r3i1p1f1,1992,12,25,5.164351448720002,7.4967847,-0.49803856,1992
15700,r3i1p1f1,1992,12,26,24.22318403658114,5.440012,-0.24224585,1992
15701,r3i1p1f1,1992,12,27,75.18219394413264,4.082613,-0.8207476,1992
15702,r3i1p1f1,1992,12,28,58.979561602647756,6.0250025,0.07738508,1992
15703,r3i1p1f1,1992,12,29,9.998225543102691,3.5843365,-2.4160004,1992
15704,r3i1p1f1,1992,12,30,0.006501510200139724,9.207891,-2.0323246,1992
15705,r3i1p1f1,1992,12,31,22.422707616351545,5.7790756,-3.7545774,1992
15706,r3i1p1f1,1993,01,01,0.0,8.261206,-4.048235,1993
15707,r3i1p1f1,1993,01,02,4.791029284885888,5.112453,-5.8591523,1993
15708,r3i1p1f1,1993,01,03,1.6583259690761272,8.876443,-1.8012317,1993
15709,r3i1p1f1,1993,01,04,0.0,9.923584,-1.5310221,1993
15710,r3i1p1f1,1993,01,05,0.0,12.024387,0.90702295,1993
15711,r3i1p1f1,1993,01,06,0.0,10.383098,4.045181,1993
15712,r3i1p1f1,1993,01,07,0.0,9.339442,2.573179,1993
15713,r3i1p1f1,1993,01,08,0.0,9.160776,1.6659676,1993
15714,r3i1p1f1,1993,01,09,0.0,9.401652,-0.2652404,1993
15715,r3i1p1f1,1993,01,10,0.0,9.942417,-2.8614867,1993
15716,r3i1p1f1,1993,01,11,0.0,9.222808,-2.4394636,1993
15717,r3i1p1f1,1993,01,12,5.133814661396747,4.469587,-3.5766716,1993
15718,r3i1p1f1,1993,01,13,38.19412530742978,6.3221073,0.98631847,1993
15719,r3i1p1f1,1993,01,14,36.015905395738386,5.588626,1.8188125,1993
15720,r3i1p1f1,1993,01,15,40.818638587370515,6.205711,1.9197112,1993
15721,r3i1p1f1,1993,01,16,50.18502645635683,6.43918,1.7111164,1993
15722,r3i1p1f1,1993,01,17,60.05122524833209,6.7755313,1.0459964,1993
15723,r3i1p1f1,1993,01,18,0.1020460354323548,9.395054,1.5298456,1993
15724,r3i1p1f1,1993,01,19,38.79950161729204,6.3739758,-1.271127,1993
15725,r3i1p1f1,1993,01,20,45.16084971592615,9.7922125,3.3753674,1993
15726,r3i1p1f1,1993,01,21,68.78841443869628,9.122621,1.7272023,1993
15727,r3i1p1f1,1993,01,22,0.0,10.815323,-1.4668299,1993
15728,r3i1p1f1,1993,01,23,0.0,9.416172,-2.405765,1993
15729,r3i1p1f1,1993,01,24,0.0,11.731158,-2.2723687,1993
15730,r3i1p1f1,1993,01,25,0.0,10.890316,-1.9391079,1993
15731,r3i1p1f1,1993,01,26,0.0,10.510807,0.12089673,1993
15732,r3i1p1f1,1993,01,27,31.685116376090598,6.197671,-2.307915,1993
15733,r3i1p1f1,1993,01,28,21.66791410356956,5.9204464,0.3512947,1993
15734,r3i1p1f1,1993,01,29,11.98372678221571,2.8091583,-2.3763402,1993
15735,r3i1p1f1,1993,01,30,0.0,7.069748,-3.4571083,1993
15736,r3i1p1f1,1993,01,31,0.0,8.824284,-3.1384037,1993
15737,r3i1p1f1,1993,02,01,0.0,9.04033,0.17013401,1993
15738,r3i1p1f1,1993,02,02,0.0,8.541178,1.2579945,1993
15739,r3i1p1f1,1993,02,03,0.2718720627423241,9.184616,2.5650003,1993
15740,r3i1p1f1,1993,02,04,2.869730262318626,7.6691003,1.2665383,1993
15741,r3i1p1f1,1993,02,05,0.02882802452739653,14.281472,2.1919763,1993
15742,r3i1p1f1,1993,02,06,1.6055519215450131,12.475536,5.078275,1993
15743,r3i1p1f1,1993,02,07,10.710103772075136,7.740837,0.6415985,1993
15744,r3i1p1f1,1993,02,08,33.705576815593396,6.8259063,1.8139313,1993
15745,r3i1p1f1,1993,02,09,0.0,10.188693,1.4789007,1993
15746,r3i1p1f1,1993,02,10,11.913130477554851,6.573392,-1.9098612,1993
15747,r3i1p1f1,1993,02,11,8.11127115295293,7.2466702,-3.148295,1993
15748,r3i1p1f1,1993,02,12,0.0,12.042055,0.11172699,1993
15749,r3i1p1f1,1993,02,13,0.0,10.847865,1.2629693,1993
15750,r3i1p1f1,1993,02,14,1.1732237411323647,8.56956,-1.832252,1993
15751,r3i1p1f1,1993,02,15,0.0,12.790637,0.34192252,1993
15752,r3i1p1f1,1993,02,16,0.0,13.491934,3.0489814,1993
15753,r3i1p1f1,1993,02,17,0.0,14.350487,2.2414277,1993
15754,r3i1p1f1,1993,02,18,0.0,13.151999,-0.8118591,1993
15755,r3i1p1f1,1993,02,19,0.0,14.350598,-0.50273657,1993
15756,r3i1p1f1,1993,02,20,0.0,15.295967,-1.0411646,1993
15757,r3i1p1f1,1993,02,21,0.0,14.434795,-0.22452734,1993
15758,r3i1p1f1,1993,02,22,0.0,14.052133,-0.4022233,1993
15759,r3i1p1f1,1993,02,23,8.467665832875738,6.6870747,-2.8187952,1993
15760,r3i1p1f1,1993,02,24,1.034160183591762,9.579804,-0.92226785,1993
15761,r3i1p1f1,1993,02,25,7.2779486675771246,7.2940307,-0.71672064,1993
15762,r3i1p1f1,1993,02,26,6.634027319102499,5.567438,-0.7400345,1993
15763,r3i1p1f1,1993,02,27,1.763213322862468,9.151225,-0.5060765,1993
15764,r3i1p1f1,1993,02,28,19.748879157889046,6.3691864,0.047222115,1993
15765,r3i1p1f1,1993,03,01,57.477201717464546,3.605859,-1.2430893,1993
15766,r3i1p1f1,1993,03,02,6.546648790505347,5.9655204,-2.4436176,1993
15767,r3i1p1f1,1993,03,03,7.1189940481992,7.066606,-0.6924593,1993
15768,r3i1p1f1,1993,03,04,0.0,11.727841,-1.6063422,1993
15769,r3i1p1f1,1993,03,05,28.117195987387706,6.3335533,0.2473025,1993
15770,r3i1p1f1,1993,03,06,3.3580092027765014,6.58096,-3.0861018,1993
15771,r3i1p1f1,1993,03,07,0.0,11.628571,-2.1476152,1993
15772,r3i1p1f1,1993,03,08,10.827983888999658,6.8213797,1.0100816,1993
15773,r3i1p1f1,1993,03,09,27.17062775535803,6.9100575,1.0188158,1993
15774,r3i1p1f1,1993,03,10,38.19379881514531,7.093834,0.68935376,1993
15775,r3i1p1f1,1993,03,11,6.938054039461636,4.1037083,-2.63404,1993
15776,r3i1p1f1,1993,03,12,27.525184004518547,3.6118503,-1.0462877,1993
15777,r3i1p1f1,1993,03,13,0.13154932252961626,6.909511,-1.0597126,1993
15778,r3i1p1f1,1993,03,14,4.852900168120151,5.2738585,-4.8152647,1993
15779,r3i1p1f1,1993,03,15,0.0,7.3495655,-5.2001643,1993
15780,r3i1p1f1,1993,03,16,0.5403219846094113,8.720705,-2.412906,1993
15781,r3i1p1f1,1993,03,17,0.0,11.89777,-2.8682835,1993
15782,r3i1p1f1,1993,03,18,0.0,11.843807,-3.0224357,1993
15783,r3i1p1f1,1993,03,19,16.28586333551395,9.078507,-3.9264994,1993
15784,r3i1p1f1,1993,03,20,0.023221730761609872,11.362243,-3.8104222,1993
15785,r3i1p1f1,1993,03,21,0.0,14.099175,-0.9480978,1993
15786,r3i1p1f1,1993,03,22,0.0,15.802527,-0.8761882,1993
15787,r3i1p1f1,1993,03,23,0.0,17.422789,1.1271396,1993
15788,r3i1p1f1,1993,03,24,0.0,17.633547,2.270127,1993
15789,r3i1p1f1,1993,03,25,0.0,17.741692,3.7851195,1993
15790,r3i1p1f1,1993,03,26,5.398815589165008,15.425002,1.9542029,1993
15791,r3i1p1f1,1993,03,27,9.952783042650768,6.602183,0.07329519,1993
15792,r3i1p1f1,1993,03,28,0.0,13.026192,-2.1033382,1993
15793,r3i1p1f1,1993,03,29,0.0,16.052551,0.62068874,1993
15794,r3i1p1f1,1993,03,30,0.0,15.749563,0.82482415,1993
15795,r3i1p1f1,1993,03,31,0.7929894174786137,13.969576,1.229576,1993
15796,r3i1p1f1,1993,04,01,4.027806227034154,9.221731,0.35929856,1993
15797,r3i1p1f1,1993,04,02,3.2607202047457626,8.93973,-0.16928492,1993
15798,r3i1p1f1,1993,04,03,1.7974549604236687,11.090129,-2.3411126,1993
15799,r3i1p1f1,1993,04,04,0.5361661934665264,10.666994,-0.6392556,1993
15800,r3i1p1f1,1993,04,05,15.756011528796272,7.17217,0.7711758,1993
15801,r3i1p1f1,1993,04,06,51.049209873829234,3.3143182,0.27576095,1993
15802,r3i1p1f1,1993,04,07,8.923240393184978,4.4720592,-1.8600321,1993
15803,r3i1p1f1,1993,04,08,0.0,11.361609,-0.14973399,1993
15804,r3i1p1f1,1993,04,09,0.0,12.9652605,0.40036476,1993
15805,r3i1p1f1,1993,04,10,0.0,13.241245,2.4961674,1993
15806,r3i1p1f1,1993,04,11,1.4095122945658851,12.586073,3.9648995,1993
15807,r3i1p1f1,1993,04,12,0.0,15.370064,2.9412694,1993
15808,r3i1p1f1,1993,04,13,1.8420733038702135,12.934338,5.5333605,1993
15809,r3i1p1f1,1993,04,14,72.08197667802635,9.502437,4.010871,1993
15810,r3i1p1f1,1993,04,15,23.053575228244114,5.652315,-0.34510884,1993
15811,r3i1p1f1,1993,04,16,0.43344117977157065,11.222743,-1.1786615,1993
15812,r3i1p1f1,1993,04,17,0.012646765734595982,10.951307,-2.1254296,1993
15813,r3i1p1f1,1993,04,18,4.779537296608875,8.393576,1.5863658,1993
15814,r3i1p1f1,1993,04,19,0.0,14.53249,-1.4707433,1993
15815,r3i1p1f1,1993,04,20,0.0,13.931656,1.8260751,1993
15816,r3i1p1f1,1993,04,21,11.867520415168991,11.995345,4.0997853,1993
15817,r3i1p1f1,1993,04,22,50.050769908059586,10.773801,1.48001,1993
15818,r3i1p1f1,1993,04,23,11.30786477526846,4.6687155,-2.6019993,1993
15819,r3i1p1f1,1993,04,24,21.516385009683866,4.8924985,1.0405617,1993
15820,r3i1p1f1,1993,04,25,2.1669157614508694,7.1665807,-3.8834708,1993
15821,r3i1p1f1,1993,04,26,0.0,10.55619,-1.1304686,1993
15822,r3i1p1f1,1993,04,27,0.0,13.761282,-0.574374,1993
15823,r3i1p1f1,1993,04,28,0.0,15.719139,0.7922154,1993
15824,r3i1p1f1,1993,04,29,0.0,15.875993,1.5736582,1993
15825,r3i1p1f1,1993,04,30,1.677355327908452,14.476496,3.6095843,1993
15826,r3i1p1f1,1993,05,01,0.0,13.126075,-0.17056519,1993
15827,r3i1p1f1,1993,05,02,0.0,11.715494,-0.6986126,1993
15828,r3i1p1f1,1993,05,03,0.0,14.7072315,0.07508639,1993
15829,r3i1p1f1,1993,05,04,0.0,13.251191,1.5608094,1993
15830,r3i1p1f1,1993,05,05,25.58106648993041,8.9261055,1.1844124,1993
15831,r3i1p1f1,1993,05,06,1.3027322968762172,7.0163474,-0.4168659,1993
15832,r3i1p1f1,1993,05,07,1.5857829386062037,8.912831,0.71166533,1993
15833,r3i1p1f1,1993,05,08,0.6086066703765506,11.941103,4.108852,1993
15834,r3i1p1f1,1993,05,09,0.0,13.586184,2.0762434,1993
15835,r3i1p1f1,1993,05,10,0.0,16.557962,1.8682383,1993
15836,r3i1p1f1,1993,05,11,0.0,18.361633,2.8045542,1993
15837,r3i1p1f1,1993,05,12,0.0,18.3499,4.391765,1993
15838,r3i1p1f1,1993,05,13,0.0,17.26665,3.778906,1993
15839,r3i1p1f1,1993,05,14,0.0,16.261557,2.3224902,1993
15840,r3i1p1f1,1993,05,15,0.0,15.39545,1.707959,1993
15841,r3i1p1f1,1993,05,16,0.0,16.44629,2.5184104,1993
15842,r3i1p1f1,1993,05,17,0.047718894692431936,15.04544,3.157834,1993
15843,r3i1p1f1,1993,05,18,0.0,16.225037,3.0346308,1993
15844,r3i1p1f1,1993,05,19,8.353612262381878,12.19073,1.4091829,1993
15845,r3i1p1f1,1993,05,20,1.0638407427306542,12.740947,1.2046218,1993
15846,r3i1p1f1,1993,05,21,0.0,13.343661,0.23605096,1993
15847,r3i1p1f1,1993,05,22,0.1439648367091937,11.924348,-0.14222476,1993
15848,r3i1p1f1,1993,05,23,0.0,16.326605,-0.05666894,1993
15849,r3i1p1f1,1993,05,24,0.0,19.587435,2.5329976,1993
15850,r3i1p1f1,1993,05,25,0.0,18.1329,6.5449657,1993
15851,r3i1p1f1,1993,05,26,0.025194841682126646,15.465573,3.3961732,1993
15852,r3i1p1f1,1993,05,27,18.933079705426568,9.6666,1.1580347,1993
15853,r3i1p1f1,1993,05,28,59.48103966289445,4.8300886,-0.29232973,1993
15854,r3i1p1f1,1993,05,29,0.039319923196576144,16.638508,1.7601026,1993
15855,r3i1p1f1,1993,05,30,0.0,20.133562,3.5815299,1993
15856,r3i1p1f1,1993,05,31,0.0,21.24018,6.652726,1993
15857,r3i1p1f1,1993,06,01,0.010509200786289415,20.964577,5.9247603,1993
15858,r3i1p1f1,1993,06,02,31.623258482125635,17.1636,4.911542,1993
15859,r3i1p1f1,1993,06,03,8.121857492905724,15.204406,1.3417954,1993
15860,r3i1p1f1,1993,06,04,4.596629863360584,11.229773,3.5755746,1993
15861,r3i1p1f1,1993,06,05,2.188087320073943,9.071082,2.1589231,1993
15862,r3i1p1f1,1993,06,06,0.8609374262098419,13.06456,4.2368665,1993
15863,r3i1p1f1,1993,06,07,0.03353166271393236,15.783502,2.0853515,1993
15864,r3i1p1f1,1993,06,08,0.07410203229243818,13.44454,6.251624,1993
15865,r3i1p1f1,1993,06,09,0.0,14.841625,5.7550497,1993
15866,r3i1p1f1,1993,06,10,4.144197905445349,12.0187435,4.664173,1993
15867,r3i1p1f1,1993,06,11,1.8048751183127216,12.196509,3.6820452,1993
15868,r3i1p1f1,1993,06,12,0.7143418312855494,12.801663,6.6090245,1993
15869,r3i1p1f1,1993,06,13,0.06738878100326187,15.817756,2.9670591,1993
15870,r3i1p1f1,1993,06,14,0.0,17.825476,2.6396992,1993
15871,r3i1p1f1,1993,06,15,0.0,21.062613,4.0199785,1993
15872,r3i1p1f1,1993,06,16,0.0,26.082088,8.029792,1993
15873,r3i1p1f1,1993,06,17,0.0,27.222618,10.589418,1993
15874,r3i1p1f1,1993,06,18,0.004318406450022992,26.609758,10.855978,1993
15875,r3i1p1f1,1993,06,19,0.0,26.382177,9.766345,1993
15876,r3i1p1f1,1993,06,20,0.0004405428051924039,24.516186,9.301221,1993
15877,r3i1p1f1,1993,06,21,0.04610347984309651,21.963871,8.759482,1993
15878,r3i1p1f1,1993,06,22,13.186323228537253,13.051482,6.829755,1993
15879,r3i1p1f1,1993,06,23,0.0,17.269312,4.6334805,1993
15880,r3i1p1f1,1993,06,24,0.0,21.321934,4.3817835,1993
15881,r3i1p1f1,1993,06,25,0.6087976304498672,19.871859,6.425767,1993
15882,r3i1p1f1,1993,06,26,2.016177345036627,16.041708,4.900763,1993
15883,r3i1p1f1,1993,06,27,0.0,23.441288,5.73064,1993
15884,r3i1p1f1,1993,06,28,0.0,28.093609,9.782991,1993
15885,r3i1p1f1,1993,06,29,0.0,28.604563,10.957064,1993
15886,r3i1p1f1,1993,06,30,0.0,28.395256,10.050813,1993
15887,r3i1p1f1,1993,07,01,0.0,27.988968,10.990941,1993
15888,r3i1p1f1,1993,07,02,0.0,25.811834,8.830427,1993
15889,r3i1p1f1,1993,07,03,0.0,21.642147,7.070255,1993
15890,r3i1p1f1,1993,07,04,0.6893492919564443,22.814268,9.448731,1993
15891,r3i1p1f1,1993,07,05,0.0,20.068594,3.4981608,1993
15892,r3i1p1f1,1993,07,06,0.0,19.987799,5.1167803,1993
15893,r3i1p1f1,1993,07,07,0.0,21.190926,5.6907935,1993
15894,r3i1p1f1,1993,07,08,0.0,25.120253,6.9305205,1993
15895,r3i1p1f1,1993,07,09,0.0,24.98473,9.893658,1993
15896,r3i1p1f1,1993,07,10,0.0,25.2571,10.034345,1993
15897,r3i1p1f1,1993,07,11,0.0,28.719193,10.701489,1993
15898,r3i1p1f1,1993,07,12,0.0,31.27972,12.4370775,1993
15899,r3i1p1f1,1993,07,13,0.0,31.018217,13.333918,1993
15900,r3i1p1f1,1993,07,14,0.0,30.139526,12.963397,1993
15901,r3i1p1f1,1993,07,15,0.0,25.893307,9.775502,1993
15902,r3i1p1f1,1993,07,16,0.0,22.477684,8.908182,1993
15903,r3i1p1f1,1993,07,17,0.0,23.51109,8.372466,1993
15904,r3i1p1f1,1993,07,18,0.0,23.401836,9.052049,1993
15905,r3i1p1f1,1993,07,19,1.6585418600650308,22.994646,11.800229,1993
15906,r3i1p1f1,1993,07,20,4.958209525399357,18.242342,10.999942,1993
15907,r3i1p1f1,1993,07,21,0.6652585856500082,19.616879,8.381276,1993
15908,r3i1p1f1,1993,07,22,0.15535978508475973,25.194614,8.086625,1993
15909,r3i1p1f1,1993,07,23,0.0,27.03906,10.26887,1993
15910,r3i1p1f1,1993,07,24,0.0,28.768808,12.331992,1993
15911,r3i1p1f1,1993,07,25,0.0,29.580893,12.91701,1993
15912,r3i1p1f1,1993,07,26,0.0,31.119213,12.957431,1993
15913,r3i1p1f1,1993,07,27,0.0,31.876146,13.523837,1993
15914,r3i1p1f1,1993,07,28,0.0,31.785593,13.732648,1993
15915,r3i1p1f1,1993,07,29,0.0,31.257809,13.079613,1993
15916,r3i1p1f1,1993,07,30,0.0,29.032427,12.005686,1993
15917,r3i1p1f1,1993,07,31,0.0,26.76176,10.714349,1993
15918,r3i1p1f1,1993,08,01,0.003619809438915629,25.401943,10.093125,1993
15919,r3i1p1f1,1993,08,02,0.0,28.24197,11.62287,1993
15920,r3i1p1f1,1993,08,03,0.0,30.165451,13.336774,1993
15921,r3i1p1f1,1993,08,04,0.0,29.88485,13.756122,1993
15922,r3i1p1f1,1993,08,05,0.0,28.4131,11.977303,1993
15923,r3i1p1f1,1993,08,06,0.0,28.96794,11.047885,1993
15924,r3i1p1f1,1993,08,07,0.0,29.407507,11.463424,1993
15925,r3i1p1f1,1993,08,08,0.0,31.281235,12.854184,1993
15926,r3i1p1f1,1993,08,09,0.0,30.683403,13.144828,1993
15927,r3i1p1f1,1993,08,10,0.0,29.296959,11.296831,1993
15928,r3i1p1f1,1993,08,11,0.0,31.140194,12.812328,1993
15929,r3i1p1f1,1993,08,12,0.0,30.740227,14.10857,1993
15930,r3i1p1f1,1993,08,13,0.0,30.072592,13.599836,1993
15931,r3i1p1f1,1993,08,14,0.0,28.508942,12.028594,1993
15932,r3i1p1f1,1993,08,15,0.0,27.960945,10.645925,1993
15933,r3i1p1f1,1993,08,16,0.0,27.576925,11.721224,1993
15934,r3i1p1f1,1993,08,17,0.0,24.944393,8.898935,1993
15935,r3i1p1f1,1993,08,18,0.0,21.606474,6.105007,1993
15936,r3i1p1f1,1993,08,19,0.0,25.32905,7.728647,1993
15937,r3i1p1f1,1993,08,20,0.0,27.094881,8.795124,1993
15938,r3i1p1f1,1993,08,21,0.0,26.960325,11.566328,1993
15939,r3i1p1f1,1993,08,22,0.0,27.9219,10.334707,1993
15940,r3i1p1f1,1993,08,23,0.0,29.338722,11.490632,1993
15941,r3i1p1f1,1993,08,24,0.0,29.486109,11.626271,1993
15942,r3i1p1f1,1993,08,25,0.0,28.694536,10.519796,1993
15943,r3i1p1f1,1993,08,26,0.0,26.35105,9.2336235,1993
15944,r3i1p1f1,1993,08,27,0.0,24.473547,7.6692595,1993
15945,r3i1p1f1,1993,08,28,0.0,25.170938,7.455558,1993
15946,r3i1p1f1,1993,08,29,0.0,24.66024,8.743291,1993
15947,r3i1p1f1,1993,08,30,0.0,23.03039,7.455657,1993
15948,r3i1p1f1,1993,08,31,24.05064498950531,25.386925,11.800374,1993
15949,r3i1p1f1,1993,09,01,0.0,12.785106,4.1625204,1993
15950,r3i1p1f1,1993,09,02,0.011507471667994795,14.885482,2.8123572,1993
15951,r3i1p1f1,1993,09,03,0.0,22.670599,4.9657674,1993
15952,r3i1p1f1,1993,09,04,0.0,24.385267,7.1525006,1993
15953,r3i1p1f1,1993,09,05,0.0,25.59181,8.256041,1993
15954,r3i1p1f1,1993,09,06,0.0,26.599611,9.333699,1993
15955,r3i1p1f1,1993,09,07,0.0,25.732876,9.79637,1993
15956,r3i1p1f1,1993,09,08,0.0,24.399126,7.7148447,1993
15957,r3i1p1f1,1993,09,09,0.0,23.54518,7.0235415,1993
15958,r3i1p1f1,1993,09,10,0.0,23.512293,6.5607963,1993
15959,r3i1p1f1,1993,09,11,0.0,23.905352,7.2791376,1993
15960,r3i1p1f1,1993,09,12,0.0,23.239386,6.867758,1993
15961,r3i1p1f1,1993,09,13,0.0,24.540264,7.22378,1993
15962,r3i1p1f1,1993,09,14,0.0,23.713818,7.558644,1993
15963,r3i1p1f1,1993,09,15,6.57255674006209,26.16374,11.717169,1993
15964,r3i1p1f1,1993,09,16,10.716293872591402,12.838336,2.2192206,1993
15965,r3i1p1f1,1993,09,17,0.0,14.046118,-0.08397444,1993
15966,r3i1p1f1,1993,09,18,0.0,17.938074,2.2991474,1993
15967,r3i1p1f1,1993,09,19,0.0,23.133026,5.759307,1993
15968,r3i1p1f1,1993,09,20,0.0,25.674042,8.429042,1993
15969,r3i1p1f1,1993,09,21,0.0,24.255144,8.317261,1993
15970,r3i1p1f1,1993,09,22,0.0,21.63579,6.578154,1993
15971,r3i1p1f1,1993,09,23,0.1761793630736831,20.92504,5.56754,1993
15972,r3i1p1f1,1993,09,24,3.894897522083116,22.028303,8.73529,1993
15973,r3i1p1f1,1993,09,25,1.0670306326478327,17.858145,5.692772,1993
15974,r3i1p1f1,1993,09,26,6.499982423051016,15.935872,3.179348,1993
15975,r3i1p1f1,1993,09,27,0.06382256090690039,16.172783,1.9493073,1993
15976,r3i1p1f1,1993,09,28,0.0,18.693893,4.1096005,1993
15977,r3i1p1f1,1993,09,29,0.3236583400441879,20.51291,7.1256614,1993
15978,r3i1p1f1,1993,09,30,0.0,22.053848,4.6826777,1993
15979,r3i1p1f1,1993,10,01,0.44883251761539694,25.877554,10.159477,1993
15980,r3i1p1f1,1993,10,02,101.21752446223246,21.479822,10.191166,1993
15981,r3i1p1f1,1993,10,03,11.60600603754191,12.957912,4.4474306,1993
15982,r3i1p1f1,1993,10,04,0.6932611390718528,15.992682,3.4287024,1993
15983,r3i1p1f1,1993,10,05,0.0,19.107658,5.1251493,1993
15984,r3i1p1f1,1993,10,06,0.0,19.702572,4.9364243,1993
15985,r3i1p1f1,1993,10,07,0.0,20.606337,4.598929,1993
15986,r3i1p1f1,1993,10,08,0.0,21.648594,5.378084,1993
15987,r3i1p1f1,1993,10,09,0.0,22.753206,6.176889,1993
15988,r3i1p1f1,1993,10,10,0.0,21.979803,6.411022,1993
15989,r3i1p1f1,1993,10,11,0.0,20.668634,6.8827868,1993
15990,r3i1p1f1,1993,10,12,12.842601129178595,20.029455,5.069019,1993
15991,r3i1p1f1,1993,10,13,0.0,13.961088,-0.123781145,1993
15992,r3i1p1f1,1993,10,14,0.0,16.934126,2.5666454,1993
15993,r3i1p1f1,1993,10,15,0.0,17.107847,3.9190054,1993
15994,r3i1p1f1,1993,10,16,0.0,15.413815,0.87890023,1993
15995,r3i1p1f1,1993,10,17,0.0,17.120287,1.1885064,1993
15996,r3i1p1f1,1993,10,18,0.0,19.265709,3.1302178,1993
15997,r3i1p1f1,1993,10,19,0.0,20.008886,4.2937055,1993
15998,r3i1p1f1,1993,10,20,0.0,18.901499,4.6545663,1993
15999,r3i1p1f1,1993,10,21,0.0,10.751768,-0.99403524,1993
16000,r3i1p1f1,1993,10,22,0.0,12.277224,-2.3123567,1993
16001,r3i1p1f1,1993,10,23,0.0,16.202324,0.27188438,1993
16002,r3i1p1f1,1993,10,24,0.0,18.766203,1.3178861,1993
16003,r3i1p1f1,1993,10,25,0.0,20.657164,3.0190957,1993
16004,r3i1p1f1,1993,10,26,0.0,18.543026,4.0509953,1993
16005,r3i1p1f1,1993,10,27,0.0,20.726116,3.1238563,1993
16006,r3i1p1f1,1993,10,28,0.0,24.557547,7.5035977,1993
16007,r3i1p1f1,1993,10,29,0.0,23.514593,6.9775434,1993
16008,r3i1p1f1,1993,10,30,0.0,20.667664,9.965771,1993
16009,r3i1p1f1,1993,10,31,0.15447749304401345,16.251211,7.177787,1993
16010,r3i1p1f1,1993,11,01,0.28403338472248596,12.988687,2.7382812,1993
16011,r3i1p1f1,1993,11,02,0.0,14.728632,0.7042644,1993
16012,r3i1p1f1,1993,11,03,0.0,15.3790455,0.47202876,1993
16013,r3i1p1f1,1993,11,04,0.0,15.802157,2.3018472,1993
16014,r3i1p1f1,1993,11,05,0.0,18.458082,3.2797801,1993
16015,r3i1p1f1,1993,11,06,0.0,19.43377,3.2430828,1993
16016,r3i1p1f1,1993,11,07,3.0935759723529612,18.665518,5.19975,1993
16017,r3i1p1f1,1993,11,08,0.6945579736566287,8.9532995,-3.1136296,1993
16018,r3i1p1f1,1993,11,09,8.153256453193823,6.481041,-2.4431162,1993
16019,r3i1p1f1,1993,11,10,0.0,9.762556,-2.1913786,1993
16020,r3i1p1f1,1993,11,11,0.0,9.438702,-2.6160796,1993
16021,r3i1p1f1,1993,11,12,0.0,9.606091,-2.860275,1993
16022,r3i1p1f1,1993,11,13,0.0,10.201828,-0.47502562,1993
16023,r3i1p1f1,1993,11,14,17.820080077447194,7.995698,0.20608135,1993
16024,r3i1p1f1,1993,11,15,1.0096603396385417,3.9116154,-6.1489496,1993
16025,r3i1p1f1,1993,11,16,24.578816707147972,9.323288,-0.069623746,1993
16026,r3i1p1f1,1993,11,17,0.0,8.525268,-1.703049,1993
16027,r3i1p1f1,1993,11,18,18.200061560951564,6.16003,-0.4306849,1993
16028,r3i1p1f1,1993,11,19,0.0,5.854077,-7.7668834,1993
16029,r3i1p1f1,1993,11,20,17.821257491289686,8.451552,-1.3323734,1993
16030,r3i1p1f1,1993,11,21,0.0,12.382504,0.38126373,1993
16031,r3i1p1f1,1993,11,22,0.0,19.452417,2.0771346,1993
16032,r3i1p1f1,1993,11,23,0.0,17.388184,0.61788774,1993
16033,r3i1p1f1,1993,11,24,0.0,16.814962,1.295375,1993
16034,r3i1p1f1,1993,11,25,0.0,17.204704,2.9840686,1993
16035,r3i1p1f1,1993,11,26,0.0,19.353872,1.3953247,1993
16036,r3i1p1f1,1993,11,27,0.0,17.382996,4.3923206,1993
16037,r3i1p1f1,1993,11,28,0.0,19.68393,5.389537,1993
16038,r3i1p1f1,1993,11,29,0.0,18.036356,4.2599435,1993
16039,r3i1p1f1,1993,11,30,0.099304799081629,16.979753,3.4754725,1993
16040,r3i1p1f1,1993,12,01,0.0,15.075658,3.3083432,1993
16041,r3i1p1f1,1993,12,02,0.0,14.193044,2.793101,1993
16042,r3i1p1f1,1993,12,03,0.0,11.60929,0.83966976,1993
16043,r3i1p1f1,1993,12,04,0.0,11.306522,-0.24100862,1993
16044,r3i1p1f1,1993,12,05,0.0,13.709502,1.0612736,1993
16045,r3i1p1f1,1993,12,06,0.0,12.89352,-0.58800954,1993
16046,r3i1p1f1,1993,12,07,0.0,11.110948,-0.43885157,1993
16047,r3i1p1f1,1993,12,08,0.0,14.184095,0.8072297,1993
16048,r3i1p1f1,1993,12,09,0.0,14.215042,1.2934351,1993
16049,r3i1p1f1,1993,12,10,0.0,11.524242,0.28083506,1993
16050,r3i1p1f1,1993,12,11,0.0,11.700838,-0.66819674,1993
16051,r3i1p1f1,1993,12,12,0.0,9.791725,-2.3132527,1993
16052,r3i1p1f1,1993,12,13,1.8207641154922865,1.062732,-9.361899,1993
16053,r3i1p1f1,1993,12,14,25.505770391196403,1.3768532,-3.1964324,1993
16054,r3i1p1f1,1993,12,15,58.21671288852629,0.9685643,-4.0058827,1993
16055,r3i1p1f1,1993,12,16,50.49481942122312,-0.6404544,-5.277858,1993
16056,r3i1p1f1,1993,12,17,1.9229128976079617,0.7344005,-10.740761,1993
16057,r3i1p1f1,1993,12,18,35.953038221372196,-0.4862177,-5.191784,1993
16058,r3i1p1f1,1993,12,19,0.0,3.7895608,-9.239386,1993
16059,r3i1p1f1,1993,12,20,0.0,5.6311517,-7.3701363,1993
16060,r3i1p1f1,1993,12,21,74.37333345511242,7.199313,-1.397631,1993
16061,r3i1p1f1,1993,12,22,68.32270549218121,10.653166,-1.1905324,1993
16062,r3i1p1f1,1993,12,23,7.925643963206216,-1.8703139,-12.072121,1993
16063,r3i1p1f1,1993,12,24,50.31678104332011,2.151677,-3.5286434,1993
16064,r3i1p1f1,1993,12,25,0.0,4.7039065,-9.744936,1993
16065,r3i1p1f1,1993,12,26,0.0,7.1800604,-6.596796,1993
16066,r3i1p1f1,1993,12,27,0.0,5.6408124,-5.1971316,1993
16067,r3i1p1f1,1993,12,28,0.0,7.614536,-3.2973807,1993
16068,r3i1p1f1,1993,12,29,0.0,8.36154,-1.7666013,1993
16069,r3i1p1f1,1993,12,30,0.0,11.585812,-1.2431947,1993
16070,r3i1p1f1,1993,12,31,0.0,11.894098,-1.1860607,1993
16071,r3i1p1f1,1994,01,01,0.0,10.639985,-1.1032401,1994
16072,r3i1p1f1,1994,01,02,0.0,9.461078,-0.3270391,1994
16073,r3i1p1f1,1994,01,03,0.0,9.39551,-2.961434,1994
16074,r3i1p1f1,1994,01,04,0.0,10.374734,-1.1199434,1994
16075,r3i1p1f1,1994,01,05,21.713513415306807,6.0205083,0.8116339,1994
16076,r3i1p1f1,1994,01,06,68.20849229238536,6.943079,3.2249494,1994
16077,r3i1p1f1,1994,01,07,104.54990980460455,9.372112,4.510232,1994
16078,r3i1p1f1,1994,01,08,82.46296237369901,10.869441,5.264382,1994
16079,r3i1p1f1,1994,01,09,14.184229792475602,7.501993,-1.1852123,1994
16080,r3i1p1f1,1994,01,10,0.0,9.715612,-0.6485755,1994
16081,r3i1p1f1,1994,01,11,4.190575562442016,5.393098,-0.65731466,1994
16082,r3i1p1f1,1994,01,12,0.0,10.206475,-1.1661984,1994
16083,r3i1p1f1,1994,01,13,0.0,10.972631,-0.8599973,1994
16084,r3i1p1f1,1994,01,14,0.0,10.784453,-0.86501694,1994
16085,r3i1p1f1,1994,01,15,0.0,14.33474,1.4985495,1994
16086,r3i1p1f1,1994,01,16,0.0,14.325694,1.6964918,1994
16087,r3i1p1f1,1994,01,17,0.0,14.673812,0.48437494,1994
16088,r3i1p1f1,1994,01,18,0.0,13.094261,0.070040576,1994
16089,r3i1p1f1,1994,01,19,0.0,12.869202,0.25400192,1994
16090,r3i1p1f1,1994,01,20,0.0,11.855971,0.057414748,1994
16091,r3i1p1f1,1994,01,21,0.0,13.76152,0.18062659,1994
16092,r3i1p1f1,1994,01,22,0.0,13.310222,0.004977756,1994
16093,r3i1p1f1,1994,01,23,0.0,13.978264,0.98029613,1994
16094,r3i1p1f1,1994,01,24,25.454385867832524,9.445857,-1.1172475,1994
16095,r3i1p1f1,1994,01,25,4.989667671275368,7.04269,0.80447006,1994
16096,r3i1p1f1,1994,01,26,0.0,11.405449,-1.569972,1994
16097,r3i1p1f1,1994,01,27,0.0,11.962845,-1.27658,1994
16098,r3i1p1f1,1994,01,28,0.0,12.9008,-1.5073302,1994
16099,r3i1p1f1,1994,01,29,0.0,11.29665,0.4240906,1994
16100,r3i1p1f1,1994,01,30,0.0,13.14581,0.01328401,1994
16101,r3i1p1f1,1994,01,31,0.0,14.078344,2.0385687,1994
16102,r3i1p1f1,1994,02,01,0.0,15.140795,4.232428,1994
16103,r3i1p1f1,1994,02,02,0.0,14.324169,2.9337883,1994
16104,r3i1p1f1,1994,02,03,0.0,14.809473,1.0991619,1994
16105,r3i1p1f1,1994,02,04,0.0,14.644956,1.466564,1994
16106,r3i1p1f1,1994,02,05,0.0,15.559794,2.8541777,1994
16107,r3i1p1f1,1994,02,06,0.0,15.016929,2.7330549,1994
16108,r3i1p1f1,1994,02,07,0.0,15.9808,2.459667,1994
16109,r3i1p1f1,1994,02,08,0.0,16.90323,3.2876563,1994
16110,r3i1p1f1,1994,02,09,0.0,19.01477,4.8225555,1994
16111,r3i1p1f1,1994,02,10,0.0,18.947044,3.6332061,1994
16112,r3i1p1f1,1994,02,11,0.0,16.74866,5.7977223,1994
16113,r3i1p1f1,1994,02,12,2.0950327437420033,13.214349,2.9453647,1994
16114,r3i1p1f1,1994,02,13,4.271545579869876,5.8370247,-4.350905,1994
16115,r3i1p1f1,1994,02,14,0.0,10.364881,-1.5759808,1994
16116,r3i1p1f1,1994,02,15,0.0,9.831623,-3.3806677,1994
16117,r3i1p1f1,1994,02,16,0.0,10.825714,-2.9307206,1994
16118,r3i1p1f1,1994,02,17,0.0,10.054768,-2.6373463,1994
16119,r3i1p1f1,1994,02,18,0.40342308960756973,9.400083,-2.701986,1994
16120,r3i1p1f1,1994,02,19,4.030561243804473,3.2396753,-8.652295,1994
16121,r3i1p1f1,1994,02,20,0.0,6.1520953,-6.7942424,1994
16122,r3i1p1f1,1994,02,21,0.0,5.226944,-7.552931,1994
16123,r3i1p1f1,1994,02,22,0.0,7.4040117,-6.041713,1994
16124,r3i1p1f1,1994,02,23,4.141520531763825,2.999399,-8.570961,1994
16125,r3i1p1f1,1994,02,24,0.0,1.5218202,-10.263498,1994
16126,r3i1p1f1,1994,02,25,0.0,4.7226925,-8.948361,1994
16127,r3i1p1f1,1994,02,26,0.0,6.9383593,-7.1446857,1994
16128,r3i1p1f1,1994,02,27,0.0,8.675389,-5.2889547,1994
16129,r3i1p1f1,1994,02,28,0.0,9.142235,-1.8021897,1994
16130,r3i1p1f1,1994,03,01,0.0,9.44912,-2.4867065,1994
16131,r3i1p1f1,1994,03,02,20.839336536224245,5.6007514,-1.4122931,1994
16132,r3i1p1f1,1994,03,03,48.78010043972417,1.9696394,-6.181135,1994
16133,r3i1p1f1,1994,03,04,19.089267869161343,-1.0703591,-8.983276,1994
16134,r3i1p1f1,1994,03,05,13.811720426096336,0.034658868,-5.188428,1994
16135,r3i1p1f1,1994,03,06,0.0,7.874149,-8.432552,1994
16136,r3i1p1f1,1994,03,07,0.0,9.330322,-7.9103,1994
16137,r3i1p1f1,1994,03,08,0.0,10.456285,-4.1575828,1994
16138,r3i1p1f1,1994,03,09,1.59261303894087,6.870222,0.06801184,1994
16139,r3i1p1f1,1994,03,10,43.99817037200065,4.151202,-4.2550235,1994
16140,r3i1p1f1,1994,03,11,18.356963963934074,0.19126193,-4.24896,1994
16141,r3i1p1f1,1994,03,12,10.161367474938743,-0.08668818,-7.093631,1994
16142,r3i1p1f1,1994,03,13,0.0,6.2779036,-9.95969,1994
16143,r3i1p1f1,1994,03,14,0.0,7.844072,-6.6238236,1994
16144,r3i1p1f1,1994,03,15,0.0,11.362892,-3.5668254,1994
16145,r3i1p1f1,1994,03,16,0.0,15.982262,0.29824072,1994
16146,r3i1p1f1,1994,03,17,0.0,15.230981,4.3116255,1994
16147,r3i1p1f1,1994,03,18,0.16345025015700804,12.978755,2.544893,1994
16148,r3i1p1f1,1994,03,19,0.0,15.082511,-1.4782255,1994
16149,r3i1p1f1,1994,03,20,0.0,16.711927,1.8902948,1994
16150,r3i1p1f1,1994,03,21,0.0,15.443162,2.801486,1994
16151,r3i1p1f1,1994,03,22,0.0,14.1569195,0.25919282,1994
16152,r3i1p1f1,1994,03,23,15.35946293734014,11.247319,3.9674592,1994
16153,r3i1p1f1,1994,03,24,1.1030940875858313,13.621741,3.810747,1994
16154,r3i1p1f1,1994,03,25,0.0,14.6722975,-0.175785,1994
16155,r3i1p1f1,1994,03,26,0.0,18.727076,0.39510182,1994
16156,r3i1p1f1,1994,03,27,0.0,19.498701,4.702589,1994
16157,r3i1p1f1,1994,03,28,0.0,18.179432,4.0308275,1994
16158,r3i1p1f1,1994,03,29,0.0,17.926834,4.5045414,1994
16159,r3i1p1f1,1994,03,30,7.242133357182243,15.038465,1.1084472,1994
16160,r3i1p1f1,1994,03,31,2.228724899606804,6.878845,-5.3851056,1994
16161,r3i1p1f1,1994,04,01,2.937336163334916,5.660533,-3.473152,1994
16162,r3i1p1f1,1994,04,02,0.0,9.594521,-5.6138873,1994
16163,r3i1p1f1,1994,04,03,0.0,16.091862,-1.5506886,1994
16164,r3i1p1f1,1994,04,04,0.0,15.822052,0.6847264,1994
16165,r3i1p1f1,1994,04,05,0.6095230941738057,9.805097,-2.8961017,1994
16166,r3i1p1f1,1994,04,06,17.595063940940523,4.5847244,-2.677414,1994
16167,r3i1p1f1,1994,04,07,0.0,16.903795,-0.08861811,1994
16168,r3i1p1f1,1994,04,08,0.0,18.02404,5.038495,1994
16169,r3i1p1f1,1994,04,09,15.745367508957555,13.807783,2.6167097,1994
16170,r3i1p1f1,1994,04,10,0.037591076206330114,13.081638,2.3851428,1994
16171,r3i1p1f1,1994,04,11,0.0,21.726917,3.0743654,1994
16172,r3i1p1f1,1994,04,12,0.0,21.607454,6.727364,1994
16173,r3i1p1f1,1994,04,13,17.33795756253561,9.439767,-1.2188559,1994
16174,r3i1p1f1,1994,04,14,0.8165890311398758,11.005041,-2.0848577,1994
16175,r3i1p1f1,1994,04,15,0.0,16.677843,-0.0011365269,1994
16176,r3i1p1f1,1994,04,16,0.0,17.882607,2.591144,1994
16177,r3i1p1f1,1994,04,17,0.0,16.10899,2.395212,1994
16178,r3i1p1f1,1994,04,18,0.0,13.32955,1.9809827,1994
16179,r3i1p1f1,1994,04,19,0.40149476425492475,11.76922,0.4909683,1994
16180,r3i1p1f1,1994,04,20,0.0,16.844198,-0.12288358,1994
16181,r3i1p1f1,1994,04,21,0.0,16.03266,2.6329021,1994
16182,r3i1p1f1,1994,04,22,0.0,18.01038,3.60085,1994
16183,r3i1p1f1,1994,04,23,0.0,17.748892,2.7737348,1994
16184,r3i1p1f1,1994,04,24,0.01187669856191956,21.676739,4.2108326,1994
16185,r3i1p1f1,1994,04,25,0.0,24.924664,5.9924273,1994
16186,r3i1p1f1,1994,04,26,0.0,26.59719,6.8020325,1994
16187,r3i1p1f1,1994,04,27,0.0,27.091038,7.8302207,1994
16188,r3i1p1f1,1994,04,28,0.0,27.77124,9.440161,1994
16189,r3i1p1f1,1994,04,29,0.0,28.226686,9.839737,1994
16190,r3i1p1f1,1994,04,30,0.012344720552822477,28.291555,11.543715,1994
16191,r3i1p1f1,1994,05,01,0.0,26.126968,11.140181,1994
16192,r3i1p1f1,1994,05,02,0.0,23.666504,7.732971,1994
16193,r3i1p1f1,1994,05,03,5.833965583879992,16.532902,2.3518648,1994
16194,r3i1p1f1,1994,05,04,0.0,16.573584,2.3705578,1994
16195,r3i1p1f1,1994,05,05,1.7103369492887348,14.43148,4.0557723,1994
16196,r3i1p1f1,1994,05,06,2.2005053607771465,15.900252,1.3807392,1994
16197,r3i1p1f1,1994,05,07,0.6720304914204845,21.031416,4.3591323,1994
16198,r3i1p1f1,1994,05,08,0.0,24.893879,7.9837775,1994
16199,r3i1p1f1,1994,05,09,0.0,24.41508,8.241593,1994
16200,r3i1p1f1,1994,05,10,0.16153773131487756,21.284159,7.696054,1994
16201,r3i1p1f1,1994,05,11,19.39929414074868,11.669945,3.5258176,1994
16202,r3i1p1f1,1994,05,12,0.0809483413161759,14.077443,3.5163093,1994
16203,r3i1p1f1,1994,05,13,0.0,19.155907,7.537411,1994
16204,r3i1p1f1,1994,05,14,0.0,18.706278,9.39497,1994
16205,r3i1p1f1,1994,05,15,0.0,17.73986,4.147107,1994
16206,r3i1p1f1,1994,05,16,0.0,14.58369,2.1298738,1994
16207,r3i1p1f1,1994,05,17,0.2351609180454704,13.102107,0.11237816,1994
16208,r3i1p1f1,1994,05,18,1.9666574850960292,10.890969,-2.885165,1994
16209,r3i1p1f1,1994,05,19,4.033264617292413,10.753324,-0.3952808,1994
16210,r3i1p1f1,1994,05,20,10.0303374161764,7.3027186,0.27369317,1994
16211,r3i1p1f1,1994,05,21,3.0807429280493555,11.344343,-2.7417824,1994
16212,r3i1p1f1,1994,05,22,0.0,18.589664,1.2214503,1994
16213,r3i1p1f1,1994,05,23,0.0,22.884268,5.0093937,1994
16214,r3i1p1f1,1994,05,24,0.0,25.401306,7.220215,1994
16215,r3i1p1f1,1994,05,25,0.0,26.318983,8.818358,1994
16216,r3i1p1f1,1994,05,26,0.0,23.069399,8.397971,1994
16217,r3i1p1f1,1994,05,27,0.0,20.5996,5.6348763,1994
16218,r3i1p1f1,1994,05,28,0.0,21.214098,5.110317,1994
16219,r3i1p1f1,1994,05,29,0.0,19.85663,5.2862315,1994
16220,r3i1p1f1,1994,05,30,0.0,19.326754,4.044721,1994
16221,r3i1p1f1,1994,05,31,0.0,21.214254,5.6871247,1994
16222,r3i1p1f1,1994,06,01,0.0,26.765587,7.5621233,1994
16223,r3i1p1f1,1994,06,02,0.0,29.79796,10.689264,1994
16224,r3i1p1f1,1994,06,03,0.0,30.233894,11.4522705,1994
16225,r3i1p1f1,1994,06,04,0.0,29.843172,11.720402,1994
16226,r3i1p1f1,1994,06,05,0.49001493653601136,26.234749,10.9655485,1994
16227,r3i1p1f1,1994,06,06,0.00047381698478650495,25.003998,9.371461,1994
16228,r3i1p1f1,1994,06,07,0.0,22.465134,7.190437,1994
16229,r3i1p1f1,1994,06,08,0.0,25.345627,8.221596,1994
16230,r3i1p1f1,1994,06,09,0.0,30.26372,10.0155325,1994
16231,r3i1p1f1,1994,06,10,0.0,33.476185,13.523665,1994
16232,r3i1p1f1,1994,06,11,0.0,34.409332,14.771195,1994
16233,r3i1p1f1,1994,06,12,0.0,32.106487,17.98707,1994
16234,r3i1p1f1,1994,06,13,0.0,26.466896,11.976538,1994
16235,r3i1p1f1,1994,06,14,0.029517434182037647,25.970608,9.971579,1994
16236,r3i1p1f1,1994,06,15,0.05178687799918024,26.570204,9.979224,1994
16237,r3i1p1f1,1994,06,16,0.7077139606975068,30.97476,11.999344,1994
16238,r3i1p1f1,1994,06,17,0.0,32.432407,15.964204,1994
16239,r3i1p1f1,1994,06,18,0.0,32.287235,16.755371,1994
16240,r3i1p1f1,1994,06,19,0.0,31.199581,15.725022,1994
16241,r3i1p1f1,1994,06,20,0.0,24.659128,8.5111475,1994
16242,r3i1p1f1,1994,06,21,0.0,24.829948,7.4219418,1994
16243,r3i1p1f1,1994,06,22,0.0,25.996532,9.312466,1994
16244,r3i1p1f1,1994,06,23,0.0,25.270584,9.080877,1994
16245,r3i1p1f1,1994,06,24,0.0,23.260155,7.0919867,1994
16246,r3i1p1f1,1994,06,25,0.0,26.85269,8.543818,1994
16247,r3i1p1f1,1994,06,26,0.0,26.282671,9.615674,1994
16248,r3i1p1f1,1994,06,27,0.0,24.654758,8.990651,1994
16249,r3i1p1f1,1994,06,28,0.0,29.262802,10.475511,1994
16250,r3i1p1f1,1994,06,29,0.0,28.652115,12.574507,1994
16251,r3i1p1f1,1994,06,30,0.0,24.002037,7.738881,1994
16252,r3i1p1f1,1994,07,01,0.08566352786912926,21.465977,6.3799777,1994
16253,r3i1p1f1,1994,07,02,0.0,25.285753,7.53511,1994
16254,r3i1p1f1,1994,07,03,0.0,29.384422,11.169495,1994
16255,r3i1p1f1,1994,07,04,0.0,30.421541,13.712101,1994
16256,r3i1p1f1,1994,07,05,0.0,29.74965,13.250254,1994
16257,r3i1p1f1,1994,07,06,0.0,30.06485,12.904555,1994
16258,r3i1p1f1,1994,07,07,0.0,32.276985,14.752602,1994
16259,r3i1p1f1,1994,07,08,0.0,34.07211,15.525246,1994
16260,r3i1p1f1,1994,07,09,0.0,34.44052,16.853006,1994
16261,r3i1p1f1,1994,07,10,0.0,34.084652,16.358065,1994
16262,r3i1p1f1,1994,07,11,0.0,31.92754,14.845403,1994
16263,r3i1p1f1,1994,07,12,0.0,30.769573,14.046391,1994
16264,r3i1p1f1,1994,07,13,0.0,30.869137,13.67373,1994
16265,r3i1p1f1,1994,07,14,0.0,31.581598,13.526363,1994
16266,r3i1p1f1,1994,07,15,0.0,31.49882,14.016548,1994
16267,r3i1p1f1,1994,07,16,0.0,31.911322,14.3695,1994
16268,r3i1p1f1,1994,07,17,0.0,32.173363,14.650704,1994
16269,r3i1p1f1,1994,07,18,0.0,32.093147,14.424191,1994
16270,r3i1p1f1,1994,07,19,0.0,33.39756,15.754468,1994
16271,r3i1p1f1,1994,07,20,0.0,32.97142,16.91604,1994
16272,r3i1p1f1,1994,07,21,0.0,30.47599,15.767714,1994
16273,r3i1p1f1,1994,07,22,0.0,29.62792,14.45449,1994
16274,r3i1p1f1,1994,07,23,0.0,29.341291,13.753742,1994
16275,r3i1p1f1,1994,07,24,0.0,30.722446,13.2073965,1994
16276,r3i1p1f1,1994,07,25,0.0,31.908655,14.028851,1994
16277,r3i1p1f1,1994,07,26,0.0,31.402779,14.751397,1994
16278,r3i1p1f1,1994,07,27,0.0,29.868027,12.615184,1994
16279,r3i1p1f1,1994,07,28,0.0,27.501295,12.104379,1994
16280,r3i1p1f1,1994,07,29,0.0,29.38475,12.546945,1994
16281,r3i1p1f1,1994,07,30,0.0,28.934086,12.130598,1994
16282,r3i1p1f1,1994,07,31,0.0,27.569063,9.989301,1994
16283,r3i1p1f1,1994,08,01,0.0,28.822685,11.296176,1994
16284,r3i1p1f1,1994,08,02,0.0,28.507599,11.363144,1994
16285,r3i1p1f1,1994,08,03,0.0,27.759766,10.667744,1994
16286,r3i1p1f1,1994,08,04,0.0,26.606361,9.383391,1994
16287,r3i1p1f1,1994,08,05,0.0,27.7712,10.059457,1994
16288,r3i1p1f1,1994,08,06,0.0,29.80457,11.39101,1994
16289,r3i1p1f1,1994,08,07,0.0,32.809048,13.649819,1994
16290,r3i1p1f1,1994,08,08,0.0,32.373493,14.383978,1994
16291,r3i1p1f1,1994,08,09,0.0,31.037327,13.516394,1994
16292,r3i1p1f1,1994,08,10,0.0,27.943756,11.07801,1994
16293,r3i1p1f1,1994,08,11,0.0,26.931568,10.420958,1994
16294,r3i1p1f1,1994,08,12,0.0,25.974861,9.020923,1994
16295,r3i1p1f1,1994,08,13,0.0,29.071651,10.193199,1994
16296,r3i1p1f1,1994,08,14,0.0,28.824953,12.03539,1994
16297,r3i1p1f1,1994,08,15,0.0,29.198526,11.361466,1994
16298,r3i1p1f1,1994,08,16,0.0,31.234144,13.28196,1994
16299,r3i1p1f1,1994,08,17,0.0,30.99226,13.708126,1994
16300,r3i1p1f1,1994,08,18,0.0,31.988632,13.426821,1994
16301,r3i1p1f1,1994,08,19,0.0,31.030184,14.754992,1994
16302,r3i1p1f1,1994,08,20,0.0,30.381325,14.021827,1994
16303,r3i1p1f1,1994,08,21,0.0,29.876865,14.779681,1994
16304,r3i1p1f1,1994,08,22,6.187962610152011e-05,27.263592,13.764744,1994
16305,r3i1p1f1,1994,08,23,0.0,26.791937,11.837423,1994
16306,r3i1p1f1,1994,08,24,0.0,25.808584,9.656494,1994
16307,r3i1p1f1,1994,08,25,0.0,23.757736,10.439789,1994
16308,r3i1p1f1,1994,08,26,0.0,22.721972,7.1740355,1994
16309,r3i1p1f1,1994,08,27,0.0,24.644978,8.45349,1994
16310,r3i1p1f1,1994,08,28,0.0,29.004812,10.396872,1994
16311,r3i1p1f1,1994,08,29,0.0,33.834515,13.553534,1994
16312,r3i1p1f1,1994,08,30,0.0,36.155468,15.611068,1994
16313,r3i1p1f1,1994,08,31,0.0,37.263992,17.131016,1994
16314,r3i1p1f1,1994,09,01,0.0,35.560703,17.635439,1994
16315,r3i1p1f1,1994,09,02,0.0,34.674725,17.003899,1994
16316,r3i1p1f1,1994,09,03,0.0,29.167274,15.869386,1994
16317,r3i1p1f1,1994,09,04,0.0015727779291888797,29.115429,14.362672,1994
16318,r3i1p1f1,1994,09,05,0.07242226029599183,27.97738,12.757543,1994
16319,r3i1p1f1,1994,09,06,0.0,29.994928,12.815181,1994
16320,r3i1p1f1,1994,09,07,0.0,30.14007,14.277174,1994
16321,r3i1p1f1,1994,09,08,0.02624098101238671,31.271505,14.076124,1994
16322,r3i1p1f1,1994,09,09,0.0,31.408875,14.860191,1994
16323,r3i1p1f1,1994,09,10,0.0,30.877565,14.866999,1994
16324,r3i1p1f1,1994,09,11,0.0,29.700102,13.810541,1994
16325,r3i1p1f1,1994,09,12,0.0,28.029945,12.706819,1994
16326,r3i1p1f1,1994,09,13,0.0,30.616453,13.158891,1994
16327,r3i1p1f1,1994,09,14,0.0,32.965317,14.764285,1994
16328,r3i1p1f1,1994,09,15,0.0,33.432415,15.807508,1994
16329,r3i1p1f1,1994,09,16,0.0,33.38349,15.778507,1994
16330,r3i1p1f1,1994,09,17,0.0,31.26472,14.192819,1994
16331,r3i1p1f1,1994,09,18,0.0,26.879793,9.262082,1994
16332,r3i1p1f1,1994,09,19,0.0,28.498112,10.138989,1994
16333,r3i1p1f1,1994,09,20,0.0,29.5486,11.2609005,1994
16334,r3i1p1f1,1994,09,21,0.0,30.966698,14.191538,1994
16335,r3i1p1f1,1994,09,22,0.0,29.901419,12.917266,1994
16336,r3i1p1f1,1994,09,23,0.0,29.640034,13.934981,1994
16337,r3i1p1f1,1994,09,24,0.0,30.204803,12.74401,1994
16338,r3i1p1f1,1994,09,25,0.0,30.457102,13.235902,1994
16339,r3i1p1f1,1994,09,26,0.0,29.26723,13.264941,1994
16340,r3i1p1f1,1994,09,27,0.0,28.34648,14.467869,1994
16341,r3i1p1f1,1994,09,28,0.0,28.687397,13.10013,1994
16342,r3i1p1f1,1994,09,29,0.28492439613680626,29.75839,13.295573,1994
16343,r3i1p1f1,1994,09,30,0.12340989227308646,30.75804,15.598605,1994
16344,r3i1p1f1,1994,10,01,0.0028239468137096417,30.301144,15.622999,1994
16345,r3i1p1f1,1994,10,02,0.10385767435716269,29.44821,13.871812,1994
16346,r3i1p1f1,1994,10,03,0.0,28.547411,14.882062,1994
16347,r3i1p1f1,1994,10,04,0.0,27.903605,12.954153,1994
16348,r3i1p1f1,1994,10,05,0.0,22.847244,8.657492,1994
16349,r3i1p1f1,1994,10,06,0.033482138104246634,21.248085,9.050736,1994
16350,r3i1p1f1,1994,10,07,3.534019546388759,18.196222,8.706924,1994
16351,r3i1p1f1,1994,10,08,0.08336513802580732,15.47618,4.5890102,1994
16352,r3i1p1f1,1994,10,09,0.0,17.21328,5.307723,1994
16353,r3i1p1f1,1994,10,10,0.0,16.640995,4.482828,1994
16354,r3i1p1f1,1994,10,11,0.0,17.66188,3.6758873,1994
16355,r3i1p1f1,1994,10,12,0.0,19.082031,5.029073,1994
16356,r3i1p1f1,1994,10,13,2.0046450967416414,18.942175,8.157332,1994
16357,r3i1p1f1,1994,10,14,0.0,19.198809,3.677989,1994
16358,r3i1p1f1,1994,10,15,0.0,18.843382,4.3157077,1994
16359,r3i1p1f1,1994,10,16,0.0,20.85751,5.1966147,1994
16360,r3i1p1f1,1994,10,17,0.0,19.102373,5.1811047,1994
16361,r3i1p1f1,1994,10,18,0.0,19.704067,4.2454348,1994
16362,r3i1p1f1,1994,10,19,0.0,20.468956,4.612686,1994
16363,r3i1p1f1,1994,10,20,0.0,19.554699,4.449326,1994
16364,r3i1p1f1,1994,10,21,0.0,22.103704,4.9750767,1994
16365,r3i1p1f1,1994,10,22,0.0,21.985468,6.751616,1994
16366,r3i1p1f1,1994,10,23,0.0,21.23189,9.067653,1994
16367,r3i1p1f1,1994,10,24,0.0,19.316713,6.2424192,1994
16368,r3i1p1f1,1994,10,25,30.024204816130037,17.91136,8.155191,1994
16369,r3i1p1f1,1994,10,26,8.84001441636907,14.736114,1.741017,1994
16370,r3i1p1f1,1994,10,27,0.0,15.685346,0.93173194,1994
16371,r3i1p1f1,1994,10,28,0.0,17.539862,2.4211133,1994
16372,r3i1p1f1,1994,10,29,0.0,15.819988,3.644398,1994
16373,r3i1p1f1,1994,10,30,0.0,18.62411,3.7507877,1994
16374,r3i1p1f1,1994,10,31,0.0,17.498503,4.2118454,1994
16375,r3i1p1f1,1994,11,01,0.0,20.04317,5.62437,1994
16376,r3i1p1f1,1994,11,02,0.0,18.494217,5.9246364,1994
16377,r3i1p1f1,1994,11,03,39.27452956130238,15.340152,4.4680686,1994
16378,r3i1p1f1,1994,11,04,0.17305092891260038,10.326311,-0.15646213,1994
16379,r3i1p1f1,1994,11,05,0.0,12.297168,-0.4367756,1994
16380,r3i1p1f1,1994,11,06,0.0,15.995452,2.0480886,1994
16381,r3i1p1f1,1994,11,07,0.0,17.099705,3.9067917,1994
16382,r3i1p1f1,1994,11,08,0.0,20.767214,4.236842,1994
16383,r3i1p1f1,1994,11,09,0.0,18.805643,3.6521163,1994
16384,r3i1p1f1,1994,11,10,0.0,17.7535,6.2965617,1994
16385,r3i1p1f1,1994,11,11,0.0,20.717058,4.828548,1994
16386,r3i1p1f1,1994,11,12,0.0,19.60659,5.702986,1994
16387,r3i1p1f1,1994,11,13,0.0,17.680887,4.658281,1994
16388,r3i1p1f1,1994,11,14,0.0,13.062173,-0.28501704,1994
16389,r3i1p1f1,1994,11,15,0.0,13.497019,0.8882432,1994
16390,r3i1p1f1,1994,11,16,0.0,14.320169,3.14759,1994
16391,r3i1p1f1,1994,11,17,0.011690318445433053,12.870537,5.116046,1994
16392,r3i1p1f1,1994,11,18,0.22959125068921007,15.018671,4.607089,1994
16393,r3i1p1f1,1994,11,19,0.0,12.760651,3.6885204,1994
16394,r3i1p1f1,1994,11,20,0.0,12.388623,0.85516983,1994
16395,r3i1p1f1,1994,11,21,0.0,11.750032,-0.58408195,1994
16396,r3i1p1f1,1994,11,22,0.2870960351030685,7.9495015,-2.3796816,1994
16397,r3i1p1f1,1994,11,23,59.08423723947061,5.1390224,-0.5554686,1994
16398,r3i1p1f1,1994,11,24,0.0,5.0427895,-5.777547,1994
16399,r3i1p1f1,1994,11,25,0.0,9.027194,-6.5315833,1994
16400,r3i1p1f1,1994,11,26,6.208960321122217,7.7606907,-3.3700318,1994
16401,r3i1p1f1,1994,11,27,0.0,8.163277,-4.0074706,1994
16402,r3i1p1f1,1994,11,28,0.0,10.381545,-4.9805784,1994
16403,r3i1p1f1,1994,11,29,0.0,14.834281,-0.492737,1994
16404,r3i1p1f1,1994,11,30,0.0,14.325597,-1.0939423,1994
16405,r3i1p1f1,1994,12,01,1.624905692925064,11.081677,0.57743573,1994
16406,r3i1p1f1,1994,12,02,5.444950694225937,3.1520586,-3.7768183,1994
16407,r3i1p1f1,1994,12,03,0.6048819665585669,2.2596962,-6.329923,1994
16408,r3i1p1f1,1994,12,04,21.44784168324948,5.2048354,-0.7234645,1994
16409,r3i1p1f1,1994,12,05,0.0,9.403765,-2.5599217,1994
16410,r3i1p1f1,1994,12,06,0.0,4.0872464,-7.0034943,1994
16411,r3i1p1f1,1994,12,07,0.0,7.5567994,-4.0353875,1994
16412,r3i1p1f1,1994,12,08,0.30048798653297126,6.2091937,-3.8446078,1994
16413,r3i1p1f1,1994,12,09,0.0,4.6561604,-7.687392,1994
16414,r3i1p1f1,1994,12,10,23.194981795294506,-0.9488452,-8.408154,1994
16415,r3i1p1f1,1994,12,11,0.7640208353558066,-4.997528,-15.5575905,1994
16416,r3i1p1f1,1994,12,12,0.0,-2.6601439,-17.133434,1994
16417,r3i1p1f1,1994,12,13,0.0,-4.9825315,-21.187992,1994
16418,r3i1p1f1,1994,12,14,0.0,3.961913,-11.81642,1994
16419,r3i1p1f1,1994,12,15,0.0,11.082033,-2.1179273,1994
16420,r3i1p1f1,1994,12,16,0.0,13.735028,-1.9975923,1994
16421,r3i1p1f1,1994,12,17,0.0,13.513431,-3.043999,1994
16422,r3i1p1f1,1994,12,18,0.0,10.610835,-1.3782045,1994
16423,r3i1p1f1,1994,12,19,0.0,12.542005,-1.3207706,1994
16424,r3i1p1f1,1994,12,20,0.0,12.269973,0.12793344,1994
16425,r3i1p1f1,1994,12,21,0.00414171158091018,9.894709,1.6246506,1994
16426,r3i1p1f1,1994,12,22,0.0,10.67154,-1.9584311,1994
16427,r3i1p1f1,1994,12,23,0.0,9.034267,-4.5568814,1994
16428,r3i1p1f1,1994,12,24,0.0,-0.4508792,-10.936409,1994
16429,r3i1p1f1,1994,12,25,0.0,1.7589309,-9.339482,1994
16430,r3i1p1f1,1994,12,26,0.0,1.7206888,-10.080506,1994
16431,r3i1p1f1,1994,12,27,0.0,3.7398605,-8.325328,1994
16432,r3i1p1f1,1994,12,28,0.0,5.2828956,-6.9581523,1994
16433,r3i1p1f1,1994,12,29,0.0,6.3547206,-6.2161765,1994
16434,r3i1p1f1,1994,12,30,0.0,6.2183104,-4.255972,1994
16435,r3i1p1f1,1994,12,31,0.0,7.362691,-5.2495947,1994
16436,r3i1p1f1,1995,01,01,0.0,8.190868,-3.8714976,1995
16437,r3i1p1f1,1995,01,02,0.0,8.530584,-4.3135834,1995
16438,r3i1p1f1,1995,01,03,0.0,10.6166115,-2.2726781,1995
16439,r3i1p1f1,1995,01,04,0.0,11.901708,-2.0508385,1995
16440,r3i1p1f1,1995,01,05,0.0,13.558058,-0.53209996,1995
16441,r3i1p1f1,1995,01,06,0.0,14.614625,0.64971256,1995
16442,r3i1p1f1,1995,01,07,0.0,12.5660305,1.2176133,1995
16443,r3i1p1f1,1995,01,08,0.08449848887960941,4.359417,-7.094884,1995
16444,r3i1p1f1,1995,01,09,0.0,1.0937889,-11.449165,1995
16445,r3i1p1f1,1995,01,10,0.0,-2.945846,-14.044545,1995
16446,r3i1p1f1,1995,01,11,0.0,-0.5088592,-12.935499,1995
16447,r3i1p1f1,1995,01,12,0.0,1.6364701,-10.679158,1995
16448,r3i1p1f1,1995,01,13,0.0,4.1546926,-9.25228,1995
16449,r3i1p1f1,1995,01,14,0.0,4.8227935,-8.958887,1995
16450,r3i1p1f1,1995,01,15,0.0,8.912364,-6.1802654,1995
16451,r3i1p1f1,1995,01,16,0.0,10.950868,-4.507159,1995
16452,r3i1p1f1,1995,01,17,0.11603068969155797,7.597301,-3.9839349,1995
16453,r3i1p1f1,1995,01,18,1.620854435436501,1.252826,-7.28785,1995
16454,r3i1p1f1,1995,01,19,0.0,3.9670017,-9.567179,1995
16455,r3i1p1f1,1995,01,20,0.0,2.6453998,-11.4112,1995
16456,r3i1p1f1,1995,01,21,0.0,8.1113825,-7.2044234,1995
16457,r3i1p1f1,1995,01,22,0.0,10.434473,-3.4408414,1995
16458,r3i1p1f1,1995,01,23,0.0,8.218886,-3.4690604,1995
16459,r3i1p1f1,1995,01,24,0.0,9.399737,-4.213449,1995
16460,r3i1p1f1,1995,01,25,0.0,8.778935,-3.391156,1995
16461,r3i1p1f1,1995,01,26,0.0,10.226201,-2.9485548,1995
16462,r3i1p1f1,1995,01,27,0.0,10.256862,-2.960985,1995
16463,r3i1p1f1,1995,01,28,0.0,8.673348,-4.555477,1995
16464,r3i1p1f1,1995,01,29,0.0,8.995593,-4.1194,1995
16465,r3i1p1f1,1995,01,30,0.0,11.469559,-2.4442184,1995
16466,r3i1p1f1,1995,01,31,0.0,14.77853,-0.2996167,1995
16467,r3i1p1f1,1995,02,01,0.0,15.980415,0.5164231,1995
16468,r3i1p1f1,1995,02,02,0.0,17.349937,2.520156,1995
16469,r3i1p1f1,1995,02,03,0.0,15.675671,3.3321016,1995
16470,r3i1p1f1,1995,02,04,0.0,14.607875,4.9699965,1995
16471,r3i1p1f1,1995,02,05,1.713124415638097,11.660752,-0.81126285,1995
16472,r3i1p1f1,1995,02,06,0.0,16.348417,0.91189265,1995
16473,r3i1p1f1,1995,02,07,0.0,15.349577,2.5448089,1995
16474,r3i1p1f1,1995,02,08,0.0,14.692338,0.27174136,1995
16475,r3i1p1f1,1995,02,09,0.0,12.470147,-1.7945986,1995
16476,r3i1p1f1,1995,02,10,0.0,12.988326,-2.3303208,1995
16477,r3i1p1f1,1995,02,11,0.0,12.074465,-1.397643,1995
16478,r3i1p1f1,1995,02,12,0.0,13.045673,0.052020334,1995
16479,r3i1p1f1,1995,02,13,0.0,13.285799,-1.2557923,1995
16480,r3i1p1f1,1995,02,14,0.0,13.11947,0.20374392,1995
16481,r3i1p1f1,1995,02,15,1.0329192689823685,10.184547,1.3031675,1995
16482,r3i1p1f1,1995,02,16,24.751203111372888,7.4267445,2.1852524,1995
16483,r3i1p1f1,1995,02,17,28.14263771043012,5.9846387,-2.0382895,1995
16484,r3i1p1f1,1995,02,18,32.85175323192226,5.129751,-0.5173873,1995
16485,r3i1p1f1,1995,02,19,0.0,10.20909,-3.6413443,1995
16486,r3i1p1f1,1995,02,20,0.0,12.989982,-2.3312347,1995
16487,r3i1p1f1,1995,02,21,0.0,15.888464,0.027452733,1995
16488,r3i1p1f1,1995,02,22,0.0,17.146666,2.1176982,1995
16489,r3i1p1f1,1995,02,23,0.0,17.740368,2.1262467,1995
16490,r3i1p1f1,1995,02,24,0.0,17.209492,2.0659542,1995
16491,r3i1p1f1,1995,02,25,0.0,11.259642,-1.3770607,1995
16492,r3i1p1f1,1995,02,26,0.0,15.898651,0.51441014,1995
16493,r3i1p1f1,1995,02,27,0.0,16.078222,1.6672744,1995
16494,r3i1p1f1,1995,02,28,0.0,13.392513,1.1321993,1995
16495,r3i1p1f1,1995,03,01,0.14782448229437395,12.298989,1.5511479,1995
16496,r3i1p1f1,1995,03,02,0.0,14.1222105,3.9282017,1995
16497,r3i1p1f1,1995,03,03,1.7010147221490595,8.673813,0.9651224,1995
16498,r3i1p1f1,1995,03,04,6.188405209449181,11.708793,-1.696828,1995
16499,r3i1p1f1,1995,03,05,0.0,13.094437,-1.2601987,1995
16500,r3i1p1f1,1995,03,06,0.08411089186809381,10.621528,0.47090617,1995
16501,r3i1p1f1,1995,03,07,56.552359608835296,4.1650705,-1.090918,1995
16502,r3i1p1f1,1995,03,08,31.327727571203326,4.68614,-4.150621,1995
16503,r3i1p1f1,1995,03,09,0.0319406803387928,4.914829,-8.173242,1995
16504,r3i1p1f1,1995,03,10,0.0,5.1598806,-9.992446,1995
16505,r3i1p1f1,1995,03,11,0.815436241157984,5.1554933,-6.492904,1995
16506,r3i1p1f1,1995,03,12,1.357056659272578,3.2396379,-10.599046,1995
16507,r3i1p1f1,1995,03,13,0.0,6.2547145,-9.365225,1995
16508,r3i1p1f1,1995,03,14,0.0,11.291986,-6.2534094,1995
16509,r3i1p1f1,1995,03,15,0.0,10.18357,-3.6252923,1995
16510,r3i1p1f1,1995,03,16,0.0,10.770578,-4.961079,1995
16511,r3i1p1f1,1995,03,17,0.0,13.616586,-3.2843363,1995
16512,r3i1p1f1,1995,03,18,0.0,15.980731,-0.8842177,1995
16513,r3i1p1f1,1995,03,19,0.0,15.46846,2.5472314,1995
16514,r3i1p1f1,1995,03,20,5.611641870085518,8.837986,1.7464052,1995
16515,r3i1p1f1,1995,03,21,2.9415521083329192,9.3597355,-0.37326032,1995
16516,r3i1p1f1,1995,03,22,0.0,12.909203,1.6835114,1995
16517,r3i1p1f1,1995,03,23,0.0,15.45789,1.6768259,1995
16518,r3i1p1f1,1995,03,24,0.0,16.403677,0.6816727,1995
16519,r3i1p1f1,1995,03,25,0.43390215298706225,13.830963,-0.8332357,1995
16520,r3i1p1f1,1995,03,26,2.7125323087889948,6.1098156,-4.7010417,1995
16521,r3i1p1f1,1995,03,27,1.1460787133010424,7.2932405,-6.617193,1995
16522,r3i1p1f1,1995,03,28,0.0,10.175242,-5.5339704,1995
16523,r3i1p1f1,1995,03,29,0.0,16.087788,-2.2392116,1995
16524,r3i1p1f1,1995,03,30,0.0,17.922617,-0.5907252,1995
16525,r3i1p1f1,1995,03,31,0.0,18.53811,2.1540623,1995
16526,r3i1p1f1,1995,04,01,0.0,15.66067,2.3772156,1995
16527,r3i1p1f1,1995,04,02,0.0,17.302034,1.4960481,1995
16528,r3i1p1f1,1995,04,03,1.1005825929475435,15.892312,3.4255037,1995
16529,r3i1p1f1,1995,04,04,28.857014698319528,10.4163065,1.7781308,1995
16530,r3i1p1f1,1995,04,05,10.200317881351925,3.4887455,-3.2366989,1995
16531,r3i1p1f1,1995,04,06,29.91124872289794,5.151844,-5.574299,1995
16532,r3i1p1f1,1995,04,07,16.38031335927448,4.1115446,-1.7572178,1995
16533,r3i1p1f1,1995,04,08,13.72997766057348,1.3945826,-9.709927,1995
16534,r3i1p1f1,1995,04,09,0.09983105562576766,3.7012858,-9.914827,1995
16535,r3i1p1f1,1995,04,10,13.019461847081976,0.5190115,-6.554368,1995
16536,r3i1p1f1,1995,04,11,0.0,7.1982265,-10.766539,1995
16537,r3i1p1f1,1995,04,12,0.0,10.005443,-6.5430784,1995
16538,r3i1p1f1,1995,04,13,0.0,11.915454,-5.7546134,1995
16539,r3i1p1f1,1995,04,14,0.0,11.552269,-2.479421,1995
16540,r3i1p1f1,1995,04,15,4.105786981074887,7.3834405,-2.5486612,1995
16541,r3i1p1f1,1995,04,16,0.0,10.343461,-4.6153574,1995
16542,r3i1p1f1,1995,04,17,0.0,15.034926,-2.8503737,1995
16543,r3i1p1f1,1995,04,18,0.0,15.764866,-0.10286447,1995
16544,r3i1p1f1,1995,04,19,0.0,14.631948,1.5226872,1995
16545,r3i1p1f1,1995,04,20,0.003708481457770655,13.425246,2.3789873,1995
16546,r3i1p1f1,1995,04,21,6.602088040630119,9.529411,-1.0513989,1995
16547,r3i1p1f1,1995,04,22,34.66441111492091,7.116822,-1.2691091,1995
16548,r3i1p1f1,1995,04,23,0.0,12.025309,-2.005877,1995
16549,r3i1p1f1,1995,04,24,0.0,13.095258,-0.1876614,1995
16550,r3i1p1f1,1995,04,25,0.0,15.62974,0.062156335,1995
16551,r3i1p1f1,1995,04,26,0.0,16.518574,0.8959307,1995
16552,r3i1p1f1,1995,04,27,0.0,16.264078,2.347412,1995
16553,r3i1p1f1,1995,04,28,1.632989613388322,13.142324,1.48898,1995
16554,r3i1p1f1,1995,04,29,0.0,12.245475,-0.8898179,1995
16555,r3i1p1f1,1995,04,30,0.0,13.539807,-0.017042669,1995
16556,r3i1p1f1,1995,05,01,3.3368408108895222,11.094103,-1.437741,1995
16557,r3i1p1f1,1995,05,02,15.575060093971459,5.284704,-2.803161,1995
16558,r3i1p1f1,1995,05,03,2.722215282081283,7.168883,-4.260892,1995
16559,r3i1p1f1,1995,05,04,0.3088071636739187,9.0370655,-2.5794613,1995
16560,r3i1p1f1,1995,05,05,0.0,15.120618,-0.8752472,1995
16561,r3i1p1f1,1995,05,06,0.0,17.268854,0.9764042,1995
16562,r3i1p1f1,1995,05,07,0.0,20.150843,3.1127963,1995
16563,r3i1p1f1,1995,05,08,0.0,19.457571,6.8231688,1995
16564,r3i1p1f1,1995,05,09,0.9173795111851896,16.059172,3.7374747,1995
16565,r3i1p1f1,1995,05,10,0.4224822118933509,12.67185,0.80258876,1995
16566,r3i1p1f1,1995,05,11,11.97821995431839,10.726087,3.1527598,1995
16567,r3i1p1f1,1995,05,12,0.0,11.72081,-1.0880044,1995
16568,r3i1p1f1,1995,05,13,0.0,15.558369,-0.6068285,1995
16569,r3i1p1f1,1995,05,14,0.0,19.570686,2.8023524,1995
16570,r3i1p1f1,1995,05,15,1.393366728313451,17.470814,3.9396386,1995
16571,r3i1p1f1,1995,05,16,0.0,17.19582,3.033175,1995
16572,r3i1p1f1,1995,05,17,0.0,23.39892,5.721983,1995
16573,r3i1p1f1,1995,05,18,0.0,23.848696,7.4693475,1995
16574,r3i1p1f1,1995,05,19,0.0,24.6901,7.307861,1995
16575,r3i1p1f1,1995,05,20,0.0,23.983446,8.1908245,1995
16576,r3i1p1f1,1995,05,21,0.0,26.81673,9.215457,1995
16577,r3i1p1f1,1995,05,22,0.0,29.031717,11.133898,1995
16578,r3i1p1f1,1995,05,23,0.0,28.068062,12.186156,1995
16579,r3i1p1f1,1995,05,24,0.0,26.59007,11.700481,1995
16580,r3i1p1f1,1995,05,25,0.0,24.888779,7.974854,1995
16581,r3i1p1f1,1995,05,26,0.0,24.17489,8.016724,1995
16582,r3i1p1f1,1995,05,27,0.0,24.476593,8.247346,1995
16583,r3i1p1f1,1995,05,28,0.0,25.217516,8.997964,1995
16584,r3i1p1f1,1995,05,29,0.0,27.37328,9.677605,1995
16585,r3i1p1f1,1995,05,30,0.0,27.031261,11.508032,1995
16586,r3i1p1f1,1995,05,31,0.0,25.422504,7.690902,1995
16587,r3i1p1f1,1995,06,01,0.0,27.149746,8.527287,1995
16588,r3i1p1f1,1995,06,02,0.0,27.450985,10.949217,1995
16589,r3i1p1f1,1995,06,03,0.0,29.260086,11.873182,1995
16590,r3i1p1f1,1995,06,04,0.0,31.651487,13.642405,1995
16591,r3i1p1f1,1995,06,05,0.0,30.820648,14.26556,1995
16592,r3i1p1f1,1995,06,06,0.0,28.701754,11.18794,1995
16593,r3i1p1f1,1995,06,07,0.0,26.985666,8.980257,1995
16594,r3i1p1f1,1995,06,08,0.0,26.43378,9.835634,1995
16595,r3i1p1f1,1995,06,09,0.0,27.730785,9.655115,1995
16596,r3i1p1f1,1995,06,10,0.0,27.73079,12.101693,1995
16597,r3i1p1f1,1995,06,11,0.0,27.582628,10.834683,1995
16598,r3i1p1f1,1995,06,12,0.0,27.049631,10.169946,1995
16599,r3i1p1f1,1995,06,13,0.0,26.002014,12.068301,1995
16600,r3i1p1f1,1995,06,14,0.0,25.19888,9.185701,1995
16601,r3i1p1f1,1995,06,15,0.0,21.285458,7.7271667,1995
16602,r3i1p1f1,1995,06,16,0.023716293416280104,17.98512,5.324903,1995
16603,r3i1p1f1,1995,06,17,0.047227135464230456,17.736496,4.8089156,1995
16604,r3i1p1f1,1995,06,18,0.0,22.13345,5.3768635,1995
16605,r3i1p1f1,1995,06,19,0.0,27.198372,8.340519,1995
16606,r3i1p1f1,1995,06,20,0.0,26.030117,10.508011,1995
16607,r3i1p1f1,1995,06,21,0.0,24.730755,10.332655,1995
16608,r3i1p1f1,1995,06,22,0.0,25.127457,10.511464,1995
16609,r3i1p1f1,1995,06,23,0.0,25.74081,10.01373,1995
16610,r3i1p1f1,1995,06,24,0.0,25.258791,10.02024,1995
16611,r3i1p1f1,1995,06,25,0.0,23.051271,8.669281,1995
16612,r3i1p1f1,1995,06,26,0.0,23.639454,8.163515,1995
16613,r3i1p1f1,1995,06,27,0.0,29.102262,11.128759,1995
16614,r3i1p1f1,1995,06,28,0.0,28.869484,12.168196,1995
16615,r3i1p1f1,1995,06,29,0.0,26.393557,9.365287,1995
16616,r3i1p1f1,1995,06,30,0.0,27.452168,10.413406,1995
16617,r3i1p1f1,1995,07,01,0.0,29.67296,12.700442,1995
16618,r3i1p1f1,1995,07,02,0.0,29.870396,14.164856,1995
16619,r3i1p1f1,1995,07,03,0.0,31.022451,13.924529,1995
16620,r3i1p1f1,1995,07,04,0.0,30.432741,13.573091,1995
16621,r3i1p1f1,1995,07,05,0.0,27.487583,11.493785,1995
16622,r3i1p1f1,1995,07,06,0.0,26.096334,9.666566,1995
16623,r3i1p1f1,1995,07,07,0.0,21.308022,6.6404247,1995
16624,r3i1p1f1,1995,07,08,0.0,23.750473,7.1305985,1995
16625,r3i1p1f1,1995,07,09,0.0,24.37759,9.179079,1995
16626,r3i1p1f1,1995,07,10,0.0,27.936153,10.2165365,1995
16627,r3i1p1f1,1995,07,11,0.0,31.130478,13.543995,1995
16628,r3i1p1f1,1995,07,12,0.0,31.665825,14.65105,1995
16629,r3i1p1f1,1995,07,13,0.0,32.022167,15.28894,1995
16630,r3i1p1f1,1995,07,14,0.0,31.840565,15.144363,1995
16631,r3i1p1f1,1995,07,15,0.0,30.819378,14.734086,1995
16632,r3i1p1f1,1995,07,16,0.0,31.14258,14.226519,1995
16633,r3i1p1f1,1995,07,17,0.0,31.80603,14.486411,1995
16634,r3i1p1f1,1995,07,18,0.0,31.350414,15.174955,1995
16635,r3i1p1f1,1995,07,19,0.0,31.720427,13.169153,1995
16636,r3i1p1f1,1995,07,20,0.0,33.578724,14.99537,1995
16637,r3i1p1f1,1995,07,21,0.0,33.14412,15.816332,1995
16638,r3i1p1f1,1995,07,22,0.0,33.98385,16.704262,1995
16639,r3i1p1f1,1995,07,23,0.0,34.729874,17.662079,1995
16640,r3i1p1f1,1995,07,24,0.0,34.49658,17.220444,1995
16641,r3i1p1f1,1995,07,25,0.0,33.008415,16.116688,1995
16642,r3i1p1f1,1995,07,26,0.0,31.269081,15.3923235,1995
16643,r3i1p1f1,1995,07,27,0.013811820137657617,31.054928,15.748292,1995
16644,r3i1p1f1,1995,07,28,0.0016657623315328046,30.649775,15.209498,1995
16645,r3i1p1f1,1995,07,29,0.0,30.067312,13.76326,1995
16646,r3i1p1f1,1995,07,30,0.0,32.90224,14.282359,1995
16647,r3i1p1f1,1995,07,31,0.0,32.517544,17.508831,1995
16648,r3i1p1f1,1995,08,01,0.0,34.023804,17.297123,1995
16649,r3i1p1f1,1995,08,02,0.1546199135574218,33.14622,18.870396,1995
16650,r3i1p1f1,1995,08,03,0.4499779876632123,29.740295,17.912077,1995
16651,r3i1p1f1,1995,08,04,21.664078854097937,29.021196,18.560343,1995
16652,r3i1p1f1,1995,08,05,34.32035003666227,18.995176,11.418903,1995
16653,r3i1p1f1,1995,08,06,1.9358769292394802,21.546267,9.985537,1995
16654,r3i1p1f1,1995,08,07,0.0,20.754375,5.762806,1995
16655,r3i1p1f1,1995,08,08,0.0,21.962524,8.289018,1995
16656,r3i1p1f1,1995,08,09,0.0032975719812767287,21.755455,7.639579,1995
16657,r3i1p1f1,1995,08,10,0.042621610153123345,21.24098,5.546978,1995
16658,r3i1p1f1,1995,08,11,0.0,24.260809,6.895071,1995
16659,r3i1p1f1,1995,08,12,0.0,24.074759,8.934974,1995
16660,r3i1p1f1,1995,08,13,0.0,25.557856,9.115079,1995
16661,r3i1p1f1,1995,08,14,0.0,25.238113,9.621915,1995
16662,r3i1p1f1,1995,08,15,0.0,26.56536,9.45698,1995
16663,r3i1p1f1,1995,08,16,0.0,29.724041,12.044115,1995
16664,r3i1p1f1,1995,08,17,0.0,30.557947,12.858043,1995
16665,r3i1p1f1,1995,08,18,0.0,30.47716,13.550418,1995
16666,r3i1p1f1,1995,08,19,0.41372675056520264,30.591421,14.305792,1995
16667,r3i1p1f1,1995,08,20,0.558150079297392,30.378983,15.040675,1995
16668,r3i1p1f1,1995,08,21,2.7666641560005556,28.643822,15.100028,1995
16669,r3i1p1f1,1995,08,22,0.0010116291569398814,23.918272,10.147301,1995
16670,r3i1p1f1,1995,08,23,0.0,23.670097,8.990299,1995
16671,r3i1p1f1,1995,08,24,0.02451960524348052,21.192888,7.7649655,1995
16672,r3i1p1f1,1995,08,25,1.5841515069616052,19.662569,7.284828,1995
16673,r3i1p1f1,1995,08,26,35.42245894541817,13.842231,8.940101,1995
16674,r3i1p1f1,1995,08,27,0.9173706783545449,19.449324,5.019257,1995
16675,r3i1p1f1,1995,08,28,0.0,20.575163,5.154101,1995
16676,r3i1p1f1,1995,08,29,0.0,22.799881,6.791625,1995
16677,r3i1p1f1,1995,08,30,0.0,25.105328,7.7885695,1995
16678,r3i1p1f1,1995,08,31,0.0004992748328827714,24.485182,8.9523735,1995
16679,r3i1p1f1,1995,09,01,0.0,21.30516,6.229594,1995
16680,r3i1p1f1,1995,09,02,0.0,24.609333,7.666794,1995
16681,r3i1p1f1,1995,09,03,0.0,24.500149,9.164456,1995
16682,r3i1p1f1,1995,09,04,0.0,24.090456,8.502902,1995
16683,r3i1p1f1,1995,09,05,0.0,25.69898,7.602308,1995
16684,r3i1p1f1,1995,09,06,0.0,26.944826,9.524909,1995
16685,r3i1p1f1,1995,09,07,0.0,27.934662,10.914765,1995
16686,r3i1p1f1,1995,09,08,0.0,27.795357,11.58593,1995
16687,r3i1p1f1,1995,09,09,0.0,26.470184,11.031334,1995
16688,r3i1p1f1,1995,09,10,0.0,25.196737,9.682067,1995
16689,r3i1p1f1,1995,09,11,0.0,27.114023,10.699809,1995
16690,r3i1p1f1,1995,09,12,0.0,27.8178,11.447644,1995
16691,r3i1p1f1,1995,09,13,0.0,27.01893,10.623821,1995
16692,r3i1p1f1,1995,09,14,0.0,26.873112,9.574926,1995
16693,r3i1p1f1,1995,09,15,0.0,26.048742,9.784271,1995
16694,r3i1p1f1,1995,09,16,0.0,23.67415,7.626512,1995
16695,r3i1p1f1,1995,09,17,6.173670895304895,16.585419,4.734784,1995
16696,r3i1p1f1,1995,09,18,1.2462679933569714,12.667944,0.7774318,1995
16697,r3i1p1f1,1995,09,19,0.17811317712154337,11.721988,0.7667504,1995
16698,r3i1p1f1,1995,09,20,0.0,15.050354,1.401157,1995
16699,r3i1p1f1,1995,09,21,0.0,19.317493,2.8815594,1995
16700,r3i1p1f1,1995,09,22,0.0,20.110788,4.8663707,1995
16701,r3i1p1f1,1995,09,23,0.0,19.021118,5.8135405,1995
16702,r3i1p1f1,1995,09,24,0.0,18.039606,6.41787,1995
16703,r3i1p1f1,1995,09,25,0.0,18.626984,6.293802,1995
16704,r3i1p1f1,1995,09,26,0.0,18.791567,5.7121625,1995
16705,r3i1p1f1,1995,09,27,0.0,20.694834,4.9498835,1995
16706,r3i1p1f1,1995,09,28,0.13714107431281408,20.380173,8.231509,1995
16707,r3i1p1f1,1995,09,29,94.62728467524836,11.6617365,6.584552,1995
16708,r3i1p1f1,1995,09,30,3.732582093040324,10.096664,3.7394896,1995
16709,r3i1p1f1,1995,10,01,0.001937449882174597,11.113729,1.5274426,1995
16710,r3i1p1f1,1995,10,02,47.09154476999844,8.174339,2.468559,1995
16711,r3i1p1f1,1995,10,03,26.611035052490863,11.882023,3.7501628,1995
16712,r3i1p1f1,1995,10,04,0.0,19.342163,2.8017607,1995
16713,r3i1p1f1,1995,10,05,0.0,19.424803,4.0916977,1995
16714,r3i1p1f1,1995,10,06,0.0,18.819803,2.9622235,1995
16715,r3i1p1f1,1995,10,07,0.0,17.055593,1.9829808,1995
16716,r3i1p1f1,1995,10,08,0.0,18.235373,2.3675964,1995
16717,r3i1p1f1,1995,10,09,0.0,17.644608,4.8696404,1995
16718,r3i1p1f1,1995,10,10,0.0,17.240294,3.9561465,1995
16719,r3i1p1f1,1995,10,11,0.0,19.919107,3.904114,1995
16720,r3i1p1f1,1995,10,12,0.0,20.643532,4.7742167,1995
16721,r3i1p1f1,1995,10,13,0.0,20.414236,6.359826,1995
16722,r3i1p1f1,1995,10,14,1.629341374715104,18.790354,7.9362063,1995
16723,r3i1p1f1,1995,10,15,28.071015209302697,13.577192,3.5384583,1995
16724,r3i1p1f1,1995,10,16,32.8778602176738,9.455335,0.8696671,1995
16725,r3i1p1f1,1995,10,17,0.0,16.890713,1.1147994,1995
16726,r3i1p1f1,1995,10,18,0.0,18.778109,3.1655593,1995
16727,r3i1p1f1,1995,10,19,0.0,20.542366,3.745157,1995
16728,r3i1p1f1,1995,10,20,0.0,19.578407,3.7992911,1995
16729,r3i1p1f1,1995,10,21,0.0,18.640089,4.4528584,1995
16730,r3i1p1f1,1995,10,22,0.0,19.37463,5.452972,1995
16731,r3i1p1f1,1995,10,23,0.0,19.067137,6.103308,1995
16732,r3i1p1f1,1995,10,24,0.0,19.02906,4.9226604,1995
16733,r3i1p1f1,1995,10,25,0.0,18.873434,3.5606062,1995
16734,r3i1p1f1,1995,10,26,0.0,18.761042,3.046536,1995
16735,r3i1p1f1,1995,10,27,0.003413366089501467,19.838581,7.181773,1995
16736,r3i1p1f1,1995,10,28,0.0,18.817034,6.5381165,1995
16737,r3i1p1f1,1995,10,29,0.14322209907205483,16.385317,3.1251845,1995
16738,r3i1p1f1,1995,10,30,15.30744624875584,15.125859,7.142317,1995
16739,r3i1p1f1,1995,10,31,38.18631747394408,14.04608,8.18903,1995
16740,r3i1p1f1,1995,11,01,28.20416775357444,13.736762,7.9395595,1995
16741,r3i1p1f1,1995,11,02,14.957016479763153,11.742583,4.2668653,1995
16742,r3i1p1f1,1995,11,03,0.18189431506901824,12.067204,3.0967143,1995
16743,r3i1p1f1,1995,11,04,0.0,13.015376,1.9714826,1995
16744,r3i1p1f1,1995,11,05,0.0,15.310095,1.5255166,1995
16745,r3i1p1f1,1995,11,06,0.0,13.91126,1.1964511,1995
16746,r3i1p1f1,1995,11,07,0.0,16.208323,2.6117392,1995
16747,r3i1p1f1,1995,11,08,0.0,16.427605,2.5152118,1995
16748,r3i1p1f1,1995,11,09,0.0,16.80741,1.6832849,1995
16749,r3i1p1f1,1995,11,10,0.0,15.9208975,3.3440223,1995
16750,r3i1p1f1,1995,11,11,0.0,14.906083,3.240691,1995
16751,r3i1p1f1,1995,11,12,23.98728270230717,12.0946865,2.9877346,1995
16752,r3i1p1f1,1995,11,13,7.780521888420672,8.15243,-2.3589463,1995
16753,r3i1p1f1,1995,11,14,0.0,12.454932,0.7441892,1995
16754,r3i1p1f1,1995,11,15,0.0,15.668722,4.8200583,1995
16755,r3i1p1f1,1995,11,16,2.4486926270535485,11.973359,4.677571,1995
16756,r3i1p1f1,1995,11,17,1.7807286028983071,11.013028,3.8270571,1995
16757,r3i1p1f1,1995,11,18,7.2042699755432915,11.92162,6.5536337,1995
16758,r3i1p1f1,1995,11,19,12.847700481698235,10.065447,2.3425825,1995
16759,r3i1p1f1,1995,11,20,0.0,11.922411,0.8082953,1995
16760,r3i1p1f1,1995,11,21,0.0,13.637887,1.7545357,1995
16761,r3i1p1f1,1995,11,22,0.0,14.460924,0.9413185,1995
16762,r3i1p1f1,1995,11,23,0.0,16.860966,2.7180414,1995
16763,r3i1p1f1,1995,11,24,0.0,18.139711,2.5063252,1995
16764,r3i1p1f1,1995,11,25,0.0,15.848827,3.3675516,1995
16765,r3i1p1f1,1995,11,26,0.0,14.478025,3.213853,1995
16766,r3i1p1f1,1995,11,27,0.0,14.256238,2.6724627,1995
16767,r3i1p1f1,1995,11,28,0.0,14.412807,0.2842292,1995
16768,r3i1p1f1,1995,11,29,24.0941075093456,11.696009,2.196839,1995
16769,r3i1p1f1,1995,11,30,0.0,10.754512,-1.7425272,1995
16770,r3i1p1f1,1995,12,01,0.1256197120783117,9.4255085,0.66543245,1995
16771,r3i1p1f1,1995,12,02,0.10281876763512723,8.785421,2.011757,1995
16772,r3i1p1f1,1995,12,03,23.876605985539133,6.8011575,1.1451641,1995
16773,r3i1p1f1,1995,12,04,0.9766890482033456,6.185051,-3.4749796,1995
16774,r3i1p1f1,1995,12,05,0.0,8.957247,-3.737202,1995
16775,r3i1p1f1,1995,12,06,22.72340309757151,2.5783606,-2.789963,1995
16776,r3i1p1f1,1995,12,07,0.0,7.7953014,-4.6032605,1995
16777,r3i1p1f1,1995,12,08,0.0,11.122711,-3.493691,1995
16778,r3i1p1f1,1995,12,09,0.0,14.438231,0.74648815,1995
16779,r3i1p1f1,1995,12,10,0.0,13.213134,1.3811573,1995
16780,r3i1p1f1,1995,12,11,0.0,10.985119,3.0408285,1995
16781,r3i1p1f1,1995,12,12,10.576278345711456,10.299807,3.7768037,1995
16782,r3i1p1f1,1995,12,13,3.4259588816080635,14.924342,6.8633814,1995
16783,r3i1p1f1,1995,12,14,30.542586327187326,13.372866,3.4210045,1995
16784,r3i1p1f1,1995,12,15,0.0,7.91137,-5.156799,1995
16785,r3i1p1f1,1995,12,16,0.0,9.120563,-4.63895,1995
16786,r3i1p1f1,1995,12,17,0.0,12.119362,-0.42174223,1995
16787,r3i1p1f1,1995,12,18,0.0,13.339162,-0.72155255,1995
16788,r3i1p1f1,1995,12,19,0.0,12.402869,-0.7928476,1995
16789,r3i1p1f1,1995,12,20,0.0,9.775507,-4.268889,1995
16790,r3i1p1f1,1995,12,21,0.0,12.6117525,-2.6622913,1995
16791,r3i1p1f1,1995,12,22,0.0,9.733746,-4.4861135,1995
16792,r3i1p1f1,1995,12,23,0.0,11.954266,-2.175529,1995
16793,r3i1p1f1,1995,12,24,0.0,12.93144,-0.17627168,1995
16794,r3i1p1f1,1995,12,25,0.0,14.885099,0.4550165,1995
16795,r3i1p1f1,1995,12,26,0.0,13.160242,-0.20449609,1995
16796,r3i1p1f1,1995,12,27,0.0,14.4609785,0.25456765,1995
16797,r3i1p1f1,1995,12,28,0.0,16.457878,1.7576395,1995
16798,r3i1p1f1,1995,12,29,0.0,16.366674,1.3913094,1995
16799,r3i1p1f1,1995,12,30,0.0,15.403559,1.0292611,1995
16800,r3i1p1f1,1995,12,31,0.0,12.307709,0.57721174,1995
16801,r3i1p1f1,1996,01,01,1.6840831217307008,5.36616,-4.1858172,1996
16802,r3i1p1f1,1996,01,02,0.0,4.4946713,-7.3095703,1996
16803,r3i1p1f1,1996,01,03,0.0,4.9403515,-7.6240435,1996
16804,r3i1p1f1,1996,01,04,4.415701806474796,1.869296,-8.800825,1996
16805,r3i1p1f1,1996,01,05,0.0,6.9932494,-8.855887,1996
16806,r3i1p1f1,1996,01,06,1.3757562934379646,7.99961,-4.147466,1996
16807,r3i1p1f1,1996,01,07,44.419164882090534,6.0893135,-1.0457488,1996
16808,r3i1p1f1,1996,01,08,33.241606547840334,5.2284455,-0.4366581,1996
16809,r3i1p1f1,1996,01,09,13.585774846816141,3.3521965,-1.9819853,1996
16810,r3i1p1f1,1996,01,10,0.0,6.9954734,-7.314021,1996
16811,r3i1p1f1,1996,01,11,0.0,4.175825,-7.8890896,1996
16812,r3i1p1f1,1996,01,12,0.0,2.4389825,-9.385549,1996
16813,r3i1p1f1,1996,01,13,0.0,4.1673346,-7.7419877,1996
16814,r3i1p1f1,1996,01,14,0.0,5.057596,-5.988134,1996
16815,r3i1p1f1,1996,01,15,0.0,9.976256,-5.2940493,1996
16816,r3i1p1f1,1996,01,16,0.0,8.308717,-1.9312439,1996
16817,r3i1p1f1,1996,01,17,0.0,4.907418,-5.87064,1996
16818,r3i1p1f1,1996,01,18,0.0,9.65267,-3.0795646,1996
16819,r3i1p1f1,1996,01,19,0.0,9.17511,-4.066667,1996
16820,r3i1p1f1,1996,01,20,0.0,8.289611,-5.6926646,1996
16821,r3i1p1f1,1996,01,21,0.7167568320016328,4.9173822,-2.7055712,1996
16822,r3i1p1f1,1996,01,22,38.019380287120214,3.3297055,-7.0477524,1996
16823,r3i1p1f1,1996,01,23,0.0,1.4637759,-11.39659,1996
16824,r3i1p1f1,1996,01,24,0.0,4.3031,-10.34336,1996
16825,r3i1p1f1,1996,01,25,0.0,7.0918403,-6.6790895,1996
16826,r3i1p1f1,1996,01,26,0.0,11.880544,-2.092684,1996
16827,r3i1p1f1,1996,01,27,0.0,14.589278,1.5545062,1996
16828,r3i1p1f1,1996,01,28,0.0,14.923745,2.829559,1996
16829,r3i1p1f1,1996,01,29,0.0,13.273719,0.72321594,1996
16830,r3i1p1f1,1996,01,30,6.530387860747348,6.6046944,-3.8146114,1996
16831,r3i1p1f1,1996,01,31,0.0,11.128393,-1.9849306,1996
16832,r3i1p1f1,1996,02,01,0.0,17.53875,2.8661325,1996
16833,r3i1p1f1,1996,02,02,0.0,17.735264,7.95051,1996
16834,r3i1p1f1,1996,02,03,0.0,18.024918,4.9171624,1996
16835,r3i1p1f1,1996,02,04,0.0,17.69024,5.2185693,1996
16836,r3i1p1f1,1996,02,05,22.13699406895198,11.581043,-0.9320353,1996
16837,r3i1p1f1,1996,02,06,1.722918158568638,7.3673124,-2.3425992,1996
16838,r3i1p1f1,1996,02,07,53.71714621586235,4.1894197,-1.0323492,1996
16839,r3i1p1f1,1996,02,08,24.032915262260328,3.2016878,-1.729298,1996
16840,r3i1p1f1,1996,02,09,0.0,6.912726,-1.8698256,1996
16841,r3i1p1f1,1996,02,10,0.0,6.8447757,-6.813056,1996
16842,r3i1p1f1,1996,02,11,0.0,4.5999737,-8.471327,1996
16843,r3i1p1f1,1996,02,12,0.0,0.76262057,-11.126607,1996
16844,r3i1p1f1,1996,02,13,0.0,0.08236754,-13.951584,1996
16845,r3i1p1f1,1996,02,14,0.8901079696730257,0.27656445,-11.739239,1996
16846,r3i1p1f1,1996,02,15,0.0,5.7985187,-9.851264,1996
16847,r3i1p1f1,1996,02,16,45.99766932231815,4.95587,-3.3926344,1996
16848,r3i1p1f1,1996,02,17,56.38991081596989,6.9739385,0.6972005,1996
16849,r3i1p1f1,1996,02,18,44.68356028542315,6.1456785,1.0533681,1996
16850,r3i1p1f1,1996,02,19,62.46849991087066,5.738347,-0.36709583,1996
16851,r3i1p1f1,1996,02,20,1.4717107591614447,10.00962,-0.99056584,1996
16852,r3i1p1f1,1996,02,21,16.0739911536343,6.5107403,-0.45014283,1996
16853,r3i1p1f1,1996,02,22,23.388422083256668,5.7574553,-0.73415244,1996
16854,r3i1p1f1,1996,02,23,0.8661446292535402,10.72254,-1.5948768,1996
16855,r3i1p1f1,1996,02,24,0.0,13.306999,1.5648695,1996
16856,r3i1p1f1,1996,02,25,0.1210390484534161,13.20491,1.5404605,1996
16857,r3i1p1f1,1996,02,26,24.962983518152644,8.116395,2.513129,1996
16858,r3i1p1f1,1996,02,27,0.0,12.5941105,0.8730088,1996
16859,r3i1p1f1,1996,02,28,0.0,12.554124,0.24294133,1996
16860,r3i1p1f1,1996,02,29,8.944498819887245,5.623597,-2.6628242,1996
16861,r3i1p1f1,1996,03,01,50.658438364534,2.917026,-1.8239268,1996
16862,r3i1p1f1,1996,03,02,8.473981076110105,2.656723,-6.726649,1996
16863,r3i1p1f1,1996,03,03,56.76247423122588,2.521275,-3.6472535,1996
16864,r3i1p1f1,1996,03,04,80.89910273097064,7.504844,1.5051572,1996
16865,r3i1p1f1,1996,03,05,16.88729468687119,7.077903,0.9847985,1996
16866,r3i1p1f1,1996,03,06,0.14241666677231765,12.278941,0.6828845,1996
16867,r3i1p1f1,1996,03,07,15.84420830722114,13.392616,5.139047,1996
16868,r3i1p1f1,1996,03,08,0.0,16.438719,3.7461076,1996
16869,r3i1p1f1,1996,03,09,32.9197179893718,11.934024,5.542364,1996
16870,r3i1p1f1,1996,03,10,38.790207459150174,9.232592,2.8081985,1996
16871,r3i1p1f1,1996,03,11,90.55118036309355,8.947878,4.2579846,1996
16872,r3i1p1f1,1996,03,12,47.070328803046756,8.482808,1.2060865,1996
16873,r3i1p1f1,1996,03,13,15.015298428969752,4.5698643,-3.0529494,1996
16874,r3i1p1f1,1996,03,14,13.060251414572122,4.824109,-1.6228484,1996
16875,r3i1p1f1,1996,03,15,15.73535069872282,5.219286,-0.082773134,1996
16876,r3i1p1f1,1996,03,16,5.55743909131515,5.221629,-2.1499557,1996
16877,r3i1p1f1,1996,03,17,0.0,13.227061,-1.6294628,1996
16878,r3i1p1f1,1996,03,18,0.0,12.971274,-0.017446775,1996
16879,r3i1p1f1,1996,03,19,0.0,10.513882,-1.4839845,1996
16880,r3i1p1f1,1996,03,20,0.0,10.8873205,-2.8996432,1996
16881,r3i1p1f1,1996,03,21,0.0,12.98461,-0.22038308,1996
16882,r3i1p1f1,1996,03,22,15.747508743018107,9.755311,2.4643047,1996
16883,r3i1p1f1,1996,03,23,15.92628393003619,10.481936,2.5306191,1996
16884,r3i1p1f1,1996,03,24,0.0,17.907675,0.72578263,1996
16885,r3i1p1f1,1996,03,25,1.0567833522432728,16.661634,4.5763383,1996
16886,r3i1p1f1,1996,03,26,10.609222614623018,10.934221,2.4598582,1996
16887,r3i1p1f1,1996,03,27,0.0,16.465149,1.2683952,1996
16888,r3i1p1f1,1996,03,28,0.0,18.481642,2.2896688,1996
16889,r3i1p1f1,1996,03,29,0.0,19.257874,4.480153,1996
16890,r3i1p1f1,1996,03,30,0.0,20.38275,4.7075534,1996
16891,r3i1p1f1,1996,03,31,0.0,21.729738,5.333214,1996
16892,r3i1p1f1,1996,04,01,0.0,21.695095,5.9643583,1996
16893,r3i1p1f1,1996,04,02,0.0,20.084122,8.746543,1996
16894,r3i1p1f1,1996,04,03,0.0,22.434103,4.8481894,1996
16895,r3i1p1f1,1996,04,04,0.0,20.752634,8.361404,1996
16896,r3i1p1f1,1996,04,05,14.841692915529405,14.260923,1.5050682,1996
16897,r3i1p1f1,1996,04,06,5.792465271339384,7.2447867,-3.5047843,1996
16898,r3i1p1f1,1996,04,07,0.0,14.099099,-0.20241739,1996
16899,r3i1p1f1,1996,04,08,0.0,16.239834,1.9778386,1996
16900,r3i1p1f1,1996,04,09,0.0,20.675697,4.064865,1996
16901,r3i1p1f1,1996,04,10,0.20231279777362943,19.276215,4.956804,1996
16902,r3i1p1f1,1996,04,11,2.1089634334202856,9.750943,-2.1521792,1996
16903,r3i1p1f1,1996,04,12,11.594907468871066,4.921872,-1.189391,1996
16904,r3i1p1f1,1996,04,13,0.7828543116039853,8.98641,-1.7428055,1996
16905,r3i1p1f1,1996,04,14,3.853848798041183,7.898342,1.0778799,1996
16906,r3i1p1f1,1996,04,15,7.751380885594316,6.0541763,1.0679396,1996
16907,r3i1p1f1,1996,04,16,0.7555111737976978,11.904135,1.1761304,1996
16908,r3i1p1f1,1996,04,17,7.68207455246164,9.742939,-1.2729726,1996
16909,r3i1p1f1,1996,04,18,0.0,14.852451,1.2763618,1996
16910,r3i1p1f1,1996,04,19,0.0,17.942274,1.8138494,1996
16911,r3i1p1f1,1996,04,20,0.0,16.977922,3.5873272,1996
16912,r3i1p1f1,1996,04,21,13.003304904620899,11.725412,0.68330795,1996
16913,r3i1p1f1,1996,04,22,4.66108328933172,7.9028816,-3.456016,1996
16914,r3i1p1f1,1996,04,23,3.178190841802126,12.545227,-1.4875954,1996
16915,r3i1p1f1,1996,04,24,0.0,17.411615,1.4987814,1996
16916,r3i1p1f1,1996,04,25,4.2885526840492325,13.428117,1.2529399,1996
16917,r3i1p1f1,1996,04,26,2.1883697813073493,12.574489,2.7302916,1996
16918,r3i1p1f1,1996,04,27,2.6841062508250806,16.713978,3.7097523,1996
16919,r3i1p1f1,1996,04,28,0.0,24.449072,6.1190634,1996
16920,r3i1p1f1,1996,04,29,0.0,26.217186,7.935319,1996
16921,r3i1p1f1,1996,04,30,0.0,26.047556,8.966314,1996
16922,r3i1p1f1,1996,05,01,0.0,24.835852,9.934169,1996
16923,r3i1p1f1,1996,05,02,0.0,23.856094,9.813644,1996
16924,r3i1p1f1,1996,05,03,0.0,20.729877,7.7613573,1996
16925,r3i1p1f1,1996,05,04,2.3366789466787226,15.307039,3.889241,1996
16926,r3i1p1f1,1996,05,05,16.846768926878116,9.124778,1.5714006,1996
16927,r3i1p1f1,1996,05,06,1.7337383319452209,8.423551,-0.24134919,1996
16928,r3i1p1f1,1996,05,07,0.38136366416246775,11.409269,1.7917203,1996
16929,r3i1p1f1,1996,05,08,0.0,19.467314,1.6292915,1996
16930,r3i1p1f1,1996,05,09,0.0,18.943193,2.5046911,1996
16931,r3i1p1f1,1996,05,10,2.218387010629828,12.143683,4.7890935,1996
16932,r3i1p1f1,1996,05,11,6.699206713145893,14.138611,0.9085241,1996
16933,r3i1p1f1,1996,05,12,74.99374596304015,10.981065,3.7828643,1996
16934,r3i1p1f1,1996,05,13,1.2581206502210607,16.124569,0.716454,1996
16935,r3i1p1f1,1996,05,14,0.0,19.514824,2.228056,1996
16936,r3i1p1f1,1996,05,15,0.0,22.80231,5.6705823,1996
16937,r3i1p1f1,1996,05,16,0.0,26.127296,7.836086,1996
16938,r3i1p1f1,1996,05,17,0.0,26.508936,9.600418,1996
16939,r3i1p1f1,1996,05,18,0.0,26.040407,10.509138,1996
16940,r3i1p1f1,1996,05,19,0.0,23.413168,9.500077,1996
16941,r3i1p1f1,1996,05,20,0.0,19.67337,6.9501233,1996
16942,r3i1p1f1,1996,05,21,0.0675048648477777,19.341919,5.9347143,1996
16943,r3i1p1f1,1996,05,22,3.8531378769364797,16.726137,1.4964566,1996
16944,r3i1p1f1,1996,05,23,9.601556203281353,10.498213,1.3850604,1996
16945,r3i1p1f1,1996,05,24,2.785373632382528,10.357791,1.9881448,1996
16946,r3i1p1f1,1996,05,25,5.239986915349666,11.164731,-0.40155745,1996
16947,r3i1p1f1,1996,05,26,0.0,17.43778,2.2231493,1996
16948,r3i1p1f1,1996,05,27,0.0,20.889978,4.366339,1996
16949,r3i1p1f1,1996,05,28,0.0,22.123106,6.280955,1996
16950,r3i1p1f1,1996,05,29,0.0,21.638344,6.852247,1996
16951,r3i1p1f1,1996,05,30,0.0,19.157473,7.108052,1996
16952,r3i1p1f1,1996,05,31,0.7315850760603014,15.588676,1.4715803,1996
16953,r3i1p1f1,1996,06,01,10.959272090296604,9.503499,-1.3492976,1996
16954,r3i1p1f1,1996,06,02,0.9618479179488005,10.543349,1.1427709,1996
16955,r3i1p1f1,1996,06,03,0.7169669172358945,14.027421,3.0041652,1996
16956,r3i1p1f1,1996,06,04,0.03668194970630698,21.419458,3.0403583,1996
16957,r3i1p1f1,1996,06,05,0.0,26.36448,8.078372,1996
16958,r3i1p1f1,1996,06,06,0.0,28.91659,10.0572405,1996
16959,r3i1p1f1,1996,06,07,0.0,29.932829,11.477407,1996
16960,r3i1p1f1,1996,06,08,0.0,28.560644,12.278555,1996
16961,r3i1p1f1,1996,06,09,0.0,27.093245,9.658608,1996
16962,r3i1p1f1,1996,06,10,0.0,25.834085,9.323961,1996
16963,r3i1p1f1,1996,06,11,0.0,24.654545,7.929739,1996
16964,r3i1p1f1,1996,06,12,0.0,25.177874,8.72759,1996
16965,r3i1p1f1,1996,06,13,0.0,25.40442,9.807921,1996
16966,r3i1p1f1,1996,06,14,0.0,24.67215,9.369758,1996
16967,r3i1p1f1,1996,06,15,0.0,22.652351,9.5047245,1996
16968,r3i1p1f1,1996,06,16,0.0,21.515314,8.173167,1996
16969,r3i1p1f1,1996,06,17,0.0,23.637743,7.1636977,1996
16970,r3i1p1f1,1996,06,18,0.0,25.311977,9.040587,1996
16971,r3i1p1f1,1996,06,19,0.0,23.814167,8.91657,1996
16972,r3i1p1f1,1996,06,20,0.0031464929251294386,21.926477,6.2068796,1996
16973,r3i1p1f1,1996,06,21,0.0,20.76204,5.053063,1996
16974,r3i1p1f1,1996,06,22,0.0,19.927374,5.199643,1996
16975,r3i1p1f1,1996,06,23,7.592064916082707,13.280814,2.6715896,1996
16976,r3i1p1f1,1996,06,24,0.05792290199008819,20.01633,4.354141,1996
16977,r3i1p1f1,1996,06,25,0.0,22.683678,5.1168127,1996
16978,r3i1p1f1,1996,06,26,0.0,23.076418,7.9692936,1996
16979,r3i1p1f1,1996,06,27,0.4519592469717425,22.984436,7.9901648,1996
16980,r3i1p1f1,1996,06,28,0.0,22.53285,7.021453,1996
16981,r3i1p1f1,1996,06,29,0.0,20.909676,6.3696203,1996
16982,r3i1p1f1,1996,06,30,0.0,19.591043,6.4308534,1996
16983,r3i1p1f1,1996,07,01,0.0,22.616137,7.622633,1996
16984,r3i1p1f1,1996,07,02,0.0,25.779877,9.879466,1996
16985,r3i1p1f1,1996,07,03,0.0,27.680902,11.311267,1996
16986,r3i1p1f1,1996,07,04,0.0,26.836369,11.783698,1996
16987,r3i1p1f1,1996,07,05,0.0,24.604853,9.5337105,1996
16988,r3i1p1f1,1996,07,06,2.6283340321051103,23.576042,11.740976,1996
16989,r3i1p1f1,1996,07,07,6.633787780485459,22.973368,9.910913,1996
16990,r3i1p1f1,1996,07,08,0.0,22.084278,6.6216373,1996
16991,r3i1p1f1,1996,07,09,0.0,25.078428,8.877324,1996
16992,r3i1p1f1,1996,07,10,0.0,26.970577,9.472574,1996
16993,r3i1p1f1,1996,07,11,0.0,26.527325,10.156377,1996
16994,r3i1p1f1,1996,07,12,0.0,25.801527,8.7843485,1996
16995,r3i1p1f1,1996,07,13,0.0,26.240843,8.912417,1996
16996,r3i1p1f1,1996,07,14,0.0,26.285051,9.689618,1996
16997,r3i1p1f1,1996,07,15,0.2616992442390734,26.528994,10.920327,1996
16998,r3i1p1f1,1996,07,16,0.039984478337972085,23.815126,9.561681,1996
16999,r3i1p1f1,1996,07,17,0.0,23.527525,8.153913,1996
17000,r3i1p1f1,1996,07,18,0.0,25.490923,9.667506,1996
17001,r3i1p1f1,1996,07,19,0.0,27.874722,11.067822,1996
17002,r3i1p1f1,1996,07,20,0.0,29.750328,12.56168,1996
17003,r3i1p1f1,1996,07,21,0.0,29.20761,13.352191,1996
17004,r3i1p1f1,1996,07,22,0.0,28.536118,11.854123,1996
17005,r3i1p1f1,1996,07,23,0.0,27.529358,10.328715,1996
17006,r3i1p1f1,1996,07,24,0.0,26.820225,10.742247,1996
17007,r3i1p1f1,1996,07,25,0.0,29.950684,12.198465,1996
17008,r3i1p1f1,1996,07,26,0.06659682840108871,31.85321,13.920215,1996
17009,r3i1p1f1,1996,07,27,0.0,32.91997,15.083673,1996
17010,r3i1p1f1,1996,07,28,0.0,32.81748,15.159052,1996
17011,r3i1p1f1,1996,07,29,3.4120274531807424,32.446186,15.605021,1996
17012,r3i1p1f1,1996,07,30,0.0,29.604866,15.03552,1996
17013,r3i1p1f1,1996,07,31,0.0,29.291,11.586421,1996
17014,r3i1p1f1,1996,08,01,0.0,31.23252,12.920818,1996
17015,r3i1p1f1,1996,08,02,0.0,31.050104,14.201954,1996
17016,r3i1p1f1,1996,08,03,0.01365619245916605,31.070879,14.288833,1996
17017,r3i1p1f1,1996,08,04,0.0,32.756794,15.516222,1996
17018,r3i1p1f1,1996,08,05,0.4700158349327179,32.55692,16.048227,1996
17019,r3i1p1f1,1996,08,06,0.0,30.981855,14.426786,1996
17020,r3i1p1f1,1996,08,07,0.0,28.904924,11.18877,1996
17021,r3i1p1f1,1996,08,08,0.0,26.80058,10.976679,1996
17022,r3i1p1f1,1996,08,09,0.0,23.683632,7.930629,1996
17023,r3i1p1f1,1996,08,10,0.0,26.225225,8.204183,1996
17024,r3i1p1f1,1996,08,11,0.0,27.60863,10.446234,1996
17025,r3i1p1f1,1996,08,12,0.0,26.698833,10.2411585,1996
17026,r3i1p1f1,1996,08,13,0.0,27.071424,9.147905,1996
17027,r3i1p1f1,1996,08,14,0.0,26.38875,10.33373,1996
17028,r3i1p1f1,1996,08,15,0.0,25.225195,9.284503,1996
17029,r3i1p1f1,1996,08,16,0.0,23.61325,8.02373,1996
17030,r3i1p1f1,1996,08,17,0.0,25.69583,9.715269,1996
17031,r3i1p1f1,1996,08,18,0.0,30.998728,12.099143,1996
17032,r3i1p1f1,1996,08,19,0.0,32.45899,13.323539,1996
17033,r3i1p1f1,1996,08,20,0.0,32.3211,16.01976,1996
17034,r3i1p1f1,1996,08,21,0.0,31.480946,15.094738,1996
17035,r3i1p1f1,1996,08,22,0.0,29.271349,12.516019,1996
17036,r3i1p1f1,1996,08,23,0.0,27.763344,9.87014,1996
17037,r3i1p1f1,1996,08,24,0.0,31.254957,12.236342,1996
17038,r3i1p1f1,1996,08,25,0.0,32.796864,13.850978,1996
17039,r3i1p1f1,1996,08,26,0.0,32.08763,14.895978,1996
17040,r3i1p1f1,1996,08,27,0.0,31.14322,13.864041,1996
17041,r3i1p1f1,1996,08,28,0.0,31.258303,12.8743925,1996
17042,r3i1p1f1,1996,08,29,0.0,30.665388,13.017499,1996
17043,r3i1p1f1,1996,08,30,0.0,26.994732,11.3278055,1996
17044,r3i1p1f1,1996,08,31,0.0,25.319223,9.958299,1996
17045,r3i1p1f1,1996,09,01,0.0,22.176794,7.6586804,1996
17046,r3i1p1f1,1996,09,02,0.0,22.048525,6.4924707,1996
17047,r3i1p1f1,1996,09,03,0.0,25.349205,8.608405,1996
17048,r3i1p1f1,1996,09,04,0.0,27.338089,10.614535,1996
17049,r3i1p1f1,1996,09,05,0.0,31.985155,12.970668,1996
17050,r3i1p1f1,1996,09,06,0.0,32.42478,13.674013,1996
17051,r3i1p1f1,1996,09,07,0.0,31.257673,14.8509445,1996
17052,r3i1p1f1,1996,09,08,0.0,31.464258,13.54982,1996
17053,r3i1p1f1,1996,09,09,0.0,33.56254,14.842832,1996
17054,r3i1p1f1,1996,09,10,0.0,33.644287,14.733948,1996
17055,r3i1p1f1,1996,09,11,0.0,32.518074,14.491784,1996
17056,r3i1p1f1,1996,09,12,0.0,31.312725,15.01323,1996
17057,r3i1p1f1,1996,09,13,0.0,32.01388,15.170277,1996
17058,r3i1p1f1,1996,09,14,0.0,30.026846,14.713363,1996
17059,r3i1p1f1,1996,09,15,0.00045810865183164805,27.43828,13.132291,1996
17060,r3i1p1f1,1996,09,16,0.0,25.05809,9.408113,1996
17061,r3i1p1f1,1996,09,17,0.0,23.160446,6.6494894,1996
17062,r3i1p1f1,1996,09,18,0.0,18.450132,5.6556625,1996
17063,r3i1p1f1,1996,09,19,0.0,17.107542,5.2137504,1996
17064,r3i1p1f1,1996,09,20,0.0,17.177334,3.9245515,1996
17065,r3i1p1f1,1996,09,21,0.0,17.437569,1.9863018,1996
17066,r3i1p1f1,1996,09,22,0.0,17.554993,2.1398287,1996
17067,r3i1p1f1,1996,09,23,0.02077390098221306,15.440439,2.3752131,1996
17068,r3i1p1f1,1996,09,24,11.5393728869477,11.207194,1.1232486,1996
17069,r3i1p1f1,1996,09,25,0.16306076680561282,11.741071,0.4645246,1996
17070,r3i1p1f1,1996,09,26,0.0,20.85911,3.35321,1996
17071,r3i1p1f1,1996,09,27,0.0,22.505367,5.575154,1996
17072,r3i1p1f1,1996,09,28,0.0,23.221853,6.5843234,1996
17073,r3i1p1f1,1996,09,29,0.0,25.959183,9.552612,1996
17074,r3i1p1f1,1996,09,30,0.0,28.513847,11.840562,1996
17075,r3i1p1f1,1996,10,01,0.0,29.47603,12.57871,1996
17076,r3i1p1f1,1996,10,02,0.0,29.845932,13.278016,1996
17077,r3i1p1f1,1996,10,03,0.0,28.766123,12.098083,1996
17078,r3i1p1f1,1996,10,04,0.0,24.341806,8.074423,1996
17079,r3i1p1f1,1996,10,05,0.025308177476434043,16.998688,4.0500236,1996
17080,r3i1p1f1,1996,10,06,1.812611236681206,10.486543,1.2866632,1996
17081,r3i1p1f1,1996,10,07,0.6335608613689577,14.933892,0.17486864,1996
17082,r3i1p1f1,1996,10,08,0.0,20.120195,3.7128842,1996
17083,r3i1p1f1,1996,10,09,16.004755714369054,21.689129,10.445906,1996
17084,r3i1p1f1,1996,10,10,1.5205222776306695,18.981932,6.5082808,1996
17085,r3i1p1f1,1996,10,11,0.0,21.518404,6.057814,1996
17086,r3i1p1f1,1996,10,12,0.0,20.589737,8.5255,1996
17087,r3i1p1f1,1996,10,13,2.3166198918356953,16.899466,4.5167346,1996
17088,r3i1p1f1,1996,10,14,0.0,16.885502,0.7778527,1996
17089,r3i1p1f1,1996,10,15,0.0,20.294918,3.8296971,1996
17090,r3i1p1f1,1996,10,16,0.0,23.99007,5.830531,1996
17091,r3i1p1f1,1996,10,17,0.0,28.179712,10.217617,1996
17092,r3i1p1f1,1996,10,18,1.7745530686002702,29.909433,15.617913,1996
17093,r3i1p1f1,1996,10,19,0.016968144949427562,21.672907,7.5499496,1996
17094,r3i1p1f1,1996,10,20,0.0,23.018913,8.834456,1996
17095,r3i1p1f1,1996,10,21,0.0,25.56454,9.283268,1996
17096,r3i1p1f1,1996,10,22,0.0,24.718111,8.525703,1996
17097,r3i1p1f1,1996,10,23,0.0,20.905855,4.996724,1996
17098,r3i1p1f1,1996,10,24,0.0,18.223085,2.707317,1996
17099,r3i1p1f1,1996,10,25,0.0,16.40344,-0.022796333,1996
17100,r3i1p1f1,1996,10,26,0.0,13.54336,-1.6784896,1996
17101,r3i1p1f1,1996,10,27,0.0,17.220161,1.6588329,1996
17102,r3i1p1f1,1996,10,28,0.0,19.459703,3.6504543,1996
17103,r3i1p1f1,1996,10,29,0.0,20.015837,5.3873663,1996
17104,r3i1p1f1,1996,10,30,0.0,19.024996,4.9964113,1996
17105,r3i1p1f1,1996,10,31,0.0042649065634529845,15.257872,4.5492754,1996
17106,r3i1p1f1,1996,11,01,31.567042681241507,12.17861,5.0875773,1996
17107,r3i1p1f1,1996,11,02,0.007332003932740343,15.870479,0.21484435,1996
17108,r3i1p1f1,1996,11,03,0.0,19.060331,4.5338416,1996
17109,r3i1p1f1,1996,11,04,0.0,20.77255,5.8647976,1996
17110,r3i1p1f1,1996,11,05,0.0,22.07825,7.4639463,1996
17111,r3i1p1f1,1996,11,06,0.0,21.172272,5.436377,1996
17112,r3i1p1f1,1996,11,07,0.0,19.809704,7.845868,1996
17113,r3i1p1f1,1996,11,08,0.0,20.823687,6.519171,1996
17114,r3i1p1f1,1996,11,09,0.0,19.576126,4.6011963,1996
17115,r3i1p1f1,1996,11,10,0.0,17.625906,4.536168,1996
17116,r3i1p1f1,1996,11,11,0.0,13.507544,0.7334239,1996
17117,r3i1p1f1,1996,11,12,0.0,16.537266,1.6878151,1996
17118,r3i1p1f1,1996,11,13,0.0,14.102142,-0.33040294,1996
17119,r3i1p1f1,1996,11,14,0.0,15.643281,0.823377,1996
17120,r3i1p1f1,1996,11,15,0.0,16.115658,1.9409363,1996
17121,r3i1p1f1,1996,11,16,0.0,17.149052,1.7430573,1996
17122,r3i1p1f1,1996,11,17,6.165094059389575,12.842508,1.4477935,1996
17123,r3i1p1f1,1996,11,18,0.0,7.731787,-5.458159,1996
17124,r3i1p1f1,1996,11,19,3.3507277240507967,5.988441,-6.4701486,1996
17125,r3i1p1f1,1996,11,20,0.9949569151917546,-0.57224864,-9.13019,1996
17126,r3i1p1f1,1996,11,21,0.0,5.031683,-9.095872,1996
17127,r3i1p1f1,1996,11,22,0.0,6.9202847,-7.0875535,1996
17128,r3i1p1f1,1996,11,23,0.0,9.7116,-5.603661,1996
17129,r3i1p1f1,1996,11,24,0.0,14.304487,-3.7911186,1996
17130,r3i1p1f1,1996,11,25,0.0,14.3007145,1.1178747,1996
17131,r3i1p1f1,1996,11,26,0.0,16.014172,0.00858698,1996
17132,r3i1p1f1,1996,11,27,0.0,15.881725,1.013314,1996
17133,r3i1p1f1,1996,11,28,0.0,15.978693,2.9349835,1996
17134,r3i1p1f1,1996,11,29,0.0,14.063973,5.3708606,1996
17135,r3i1p1f1,1996,11,30,5.300877480093684,11.394998,4.721157,1996
17136,r3i1p1f1,1996,12,01,0.0,15.835499,3.7623475,1996
17137,r3i1p1f1,1996,12,02,0.0,16.42854,4.7132335,1996
17138,r3i1p1f1,1996,12,03,0.6708892351812928,14.176345,3.6957774,1996
17139,r3i1p1f1,1996,12,04,3.515856366644393,10.441385,-0.32609114,1996
17140,r3i1p1f1,1996,12,05,0.0,9.629303,-1.9042968,1996
17141,r3i1p1f1,1996,12,06,0.0,12.400268,-0.64314306,1996
17142,r3i1p1f1,1996,12,07,0.0,10.963153,0.091176175,1996
17143,r3i1p1f1,1996,12,08,35.474166396613185,4.5070753,-3.5816061,1996
17144,r3i1p1f1,1996,12,09,0.0,4.5821624,-8.6321745,1996
17145,r3i1p1f1,1996,12,10,0.0,9.158042,-7.2515054,1996
17146,r3i1p1f1,1996,12,11,0.0,11.140778,-5.2182865,1996
17147,r3i1p1f1,1996,12,12,0.07725765060872379,7.5457525,-0.27727237,1996
17148,r3i1p1f1,1996,12,13,18.318920630324435,6.393412,0.26788545,1996
17149,r3i1p1f1,1996,12,14,0.0,10.129916,-5.290808,1996
17150,r3i1p1f1,1996,12,15,6.634749660550273,1.2451222,-5.146189,1996
17151,r3i1p1f1,1996,12,16,9.576789507493805,-0.44501382,-6.06324,1996
17152,r3i1p1f1,1996,12,17,0.0,2.1881642,-11.569307,1996
17153,r3i1p1f1,1996,12,18,0.0,-2.2343874,-16.057657,1996
17154,r3i1p1f1,1996,12,19,0.0,2.6688771,-13.250869,1996
17155,r3i1p1f1,1996,12,20,0.0,2.8965344,-5.47185,1996
17156,r3i1p1f1,1996,12,21,0.6431786724868672,2.4195168,-4.1903334,1996
17157,r3i1p1f1,1996,12,22,0.8986325499503628,2.20283,-9.098935,1996
17158,r3i1p1f1,1996,12,23,0.5664962623421544,0.6821422,-6.174642,1996
17159,r3i1p1f1,1996,12,24,38.75573088513001,-1.7801459,-8.270424,1996
17160,r3i1p1f1,1996,12,25,8.62576132915963,-1.9521054,-9.155563,1996
17161,r3i1p1f1,1996,12,26,0.0,-1.256754,-11.573099,1996
17162,r3i1p1f1,1996,12,27,0.0,-1.0789155,-10.538596,1996
17163,r3i1p1f1,1996,12,28,0.0,3.8577926,-7.9334054,1996
17164,r3i1p1f1,1996,12,29,0.0,8.732352,-5.799273,1996
17165,r3i1p1f1,1996,12,30,0.0,5.9771857,-6.2374105,1996
17166,r3i1p1f1,1996,12,31,0.0,6.1132746,-5.677456,1996
17167,r3i1p1f1,1997,01,01,0.0,5.3748407,-1.2008259,1997
17168,r3i1p1f1,1997,01,02,0.0,5.453467,-7.1524305,1997
17169,r3i1p1f1,1997,01,03,0.0,6.4937196,-7.0835924,1997
17170,r3i1p1f1,1997,01,04,0.0,6.009884,-6.183137,1997
17171,r3i1p1f1,1997,01,05,0.0,6.374439,-5.5850844,1997
17172,r3i1p1f1,1997,01,06,0.0,8.904799,-4.0633917,1997
17173,r3i1p1f1,1997,01,07,0.0,9.17882,-2.4672632,1997
17174,r3i1p1f1,1997,01,08,0.0,11.144409,-0.30743146,1997
17175,r3i1p1f1,1997,01,09,0.0,14.930911,1.8589888,1997
17176,r3i1p1f1,1997,01,10,0.0,13.318319,-2.6906812,1997
17177,r3i1p1f1,1997,01,11,0.0,6.3950176,-2.5914633,1997
17178,r3i1p1f1,1997,01,12,0.0,5.639485,-5.6803026,1997
17179,r3i1p1f1,1997,01,13,0.0,9.12157,-3.4277163,1997
17180,r3i1p1f1,1997,01,14,0.0,11.311064,-2.0272827,1997
17181,r3i1p1f1,1997,01,15,0.0,11.2329855,-1.4118834,1997
17182,r3i1p1f1,1997,01,16,0.0,9.710219,-1.9034938,1997
17183,r3i1p1f1,1997,01,17,0.0,9.287224,-3.07007,1997
17184,r3i1p1f1,1997,01,18,0.0,9.678842,-5.339024,1997
17185,r3i1p1f1,1997,01,19,0.0,7.267549,-4.4108386,1997
17186,r3i1p1f1,1997,01,20,0.0,10.600134,0.037927162,1997
17187,r3i1p1f1,1997,01,21,0.0,10.328089,-1.967403,1997
17188,r3i1p1f1,1997,01,22,0.0,10.792275,-2.3105764,1997
17189,r3i1p1f1,1997,01,23,0.0,12.775038,-1.2504702,1997
17190,r3i1p1f1,1997,01,24,0.0,13.30634,0.7765288,1997
17191,r3i1p1f1,1997,01,25,0.0,15.187509,2.5210035,1997
17192,r3i1p1f1,1997,01,26,0.0,12.837653,1.5611279,1997
17193,r3i1p1f1,1997,01,27,7.534060591225218,1.9353464,-8.927821,1997
17194,r3i1p1f1,1997,01,28,0.14896811013673678,-0.3385895,-12.47187,1997
17195,r3i1p1f1,1997,01,29,11.059288457296422,-1.0670491,-6.842422,1997
17196,r3i1p1f1,1997,01,30,0.0,3.019765,-10.338611,1997
17197,r3i1p1f1,1997,01,31,0.0,4.9741817,-6.0015144,1997
17198,r3i1p1f1,1997,02,01,1.2943030122857493,4.8724966,-4.6271844,1997
17199,r3i1p1f1,1997,02,02,52.31926485307907,10.548343,3.3183959,1997
17200,r3i1p1f1,1997,02,03,1.0548890509533904,12.30017,2.9884238,1997
17201,r3i1p1f1,1997,02,04,30.91169304312452,6.102403,1.7279849,1997
17202,r3i1p1f1,1997,02,05,29.801916103123833,6.9322815,1.5787203,1997
17203,r3i1p1f1,1997,02,06,0.0,14.172494,0.37132397,1997
17204,r3i1p1f1,1997,02,07,0.0,14.099688,1.005989,1997
17205,r3i1p1f1,1997,02,08,3.3200233681495055,9.546578,-1.479684,1997
17206,r3i1p1f1,1997,02,09,8.554401632940618,4.0102053,-2.8737655,1997
17207,r3i1p1f1,1997,02,10,0.004077391502888579,8.593971,-3.5901544,1997
17208,r3i1p1f1,1997,02,11,0.0,9.391535,-0.34183234,1997
17209,r3i1p1f1,1997,02,12,0.5335684749537138,8.738283,-0.45042327,1997
17210,r3i1p1f1,1997,02,13,6.491043227096701,9.0914545,-0.5101479,1997
17211,r3i1p1f1,1997,02,14,3.5358701532554973,9.685098,-0.2283838,1997
17212,r3i1p1f1,1997,02,15,0.7574533713953937,8.525275,-0.17730439,1997
17213,r3i1p1f1,1997,02,16,0.3845634840361431,7.035173,-4.5028095,1997
17214,r3i1p1f1,1997,02,17,0.0,8.209879,-4.3712373,1997
17215,r3i1p1f1,1997,02,18,25.282434787062044,2.2347176,-3.8000026,1997
17216,r3i1p1f1,1997,02,19,12.33360157394169,0.036026746,-4.547762,1997
17217,r3i1p1f1,1997,02,20,0.0,4.0338783,-4.901487,1997
17218,r3i1p1f1,1997,02,21,0.0,9.759026,-3.6094615,1997
17219,r3i1p1f1,1997,02,22,0.0,13.132119,-1.0240607,1997
17220,r3i1p1f1,1997,02,23,7.182519080647341,9.618585,-1.795799,1997
17221,r3i1p1f1,1997,02,24,0.0,12.354946,-0.69171685,1997
17222,r3i1p1f1,1997,02,25,0.0,15.2072115,3.0830076,1997
17223,r3i1p1f1,1997,02,26,0.0,16.489857,6.0384693,1997
17224,r3i1p1f1,1997,02,27,0.07570710712523003,12.849002,1.5559078,1997
17225,r3i1p1f1,1997,02,28,14.890826786378105,5.5780597,-2.9142442,1997
17226,r3i1p1f1,1997,03,01,59.209277755335755,6.830077,2.194599,1997
17227,r3i1p1f1,1997,03,02,1.0430778337219013,16.463964,4.73733,1997
17228,r3i1p1f1,1997,03,03,0.012046854317304678,15.459394,4.318196,1997
17229,r3i1p1f1,1997,03,04,0.0,13.7794695,-0.8177386,1997
17230,r3i1p1f1,1997,03,05,0.0,10.305692,0.92819124,1997
17231,r3i1p1f1,1997,03,06,27.701064641587436,8.466636,2.2216558,1997
17232,r3i1p1f1,1997,03,07,63.95809143585594,7.4468966,2.5514483,1997
17233,r3i1p1f1,1997,03,08,29.031369916935404,3.459016,-3.2958913,1997
17234,r3i1p1f1,1997,03,09,0.36036131932633,7.903872,-4.420022,1997
17235,r3i1p1f1,1997,03,10,0.2271014424255363,8.03116,-3.536929,1997
17236,r3i1p1f1,1997,03,11,3.7510925978973604,4.8392,-3.4292285,1997
17237,r3i1p1f1,1997,03,12,0.0,11.294704,-4.1011486,1997
17238,r3i1p1f1,1997,03,13,0.0,14.063802,-1.2533913,1997
17239,r3i1p1f1,1997,03,14,0.0,16.476307,1.3175405,1997
17240,r3i1p1f1,1997,03,15,0.0,15.85772,4.366053,1997
17241,r3i1p1f1,1997,03,16,2.563775588389131,13.484784,2.1848862,1997
17242,r3i1p1f1,1997,03,17,0.4351299932558935,14.536643,4.175706,1997
17243,r3i1p1f1,1997,03,18,1.3968957993998437,13.212054,6.6907034,1997
17244,r3i1p1f1,1997,03,19,0.0,15.062739,-0.11207131,1997
17245,r3i1p1f1,1997,03,20,0.0,15.38665,2.4280694,1997
17246,r3i1p1f1,1997,03,21,3.145479434169829,11.95087,1.5550364,1997
17247,r3i1p1f1,1997,03,22,7.685466908917174,7.428856,-3.6493037,1997
17248,r3i1p1f1,1997,03,23,0.0,11.320425,-4.054536,1997
17249,r3i1p1f1,1997,03,24,0.0,10.930584,-1.286578,1997
17250,r3i1p1f1,1997,03,25,0.0,13.481769,-1.3333757,1997
17251,r3i1p1f1,1997,03,26,0.0,13.367067,1.7541903,1997
17252,r3i1p1f1,1997,03,27,12.762936508270764,9.395045,-1.578121,1997
17253,r3i1p1f1,1997,03,28,13.424289916445943,4.305427,-3.489603,1997
17254,r3i1p1f1,1997,03,29,20.93220597966329,2.593031,-4.6246696,1997
17255,r3i1p1f1,1997,03,30,8.353571177193723,3.8073764,-3.7563705,1997
17256,r3i1p1f1,1997,03,31,0.17033640423936672,9.985616,-2.0896387,1997
17257,r3i1p1f1,1997,04,01,0.0,12.536228,-1.5077769,1997
17258,r3i1p1f1,1997,04,02,1.3713181351512933,8.259391,-1.222617,1997
17259,r3i1p1f1,1997,04,03,0.0,7.8305626,-4.168915,1997
17260,r3i1p1f1,1997,04,04,0.0,14.3870125,-2.5978632,1997
17261,r3i1p1f1,1997,04,05,0.0,16.711576,2.203111,1997
17262,r3i1p1f1,1997,04,06,4.666319313554069,13.387936,1.4546295,1997
17263,r3i1p1f1,1997,04,07,0.3357458215376889,11.68299,-1.0344931,1997
17264,r3i1p1f1,1997,04,08,0.27994832266573977,12.602944,-1.2980571,1997
17265,r3i1p1f1,1997,04,09,8.812874144764224,7.6896286,-1.3571448,1997
17266,r3i1p1f1,1997,04,10,39.56985757441113,4.074743,-0.6980253,1997
17267,r3i1p1f1,1997,04,11,17.537788331116502,3.155529,-3.5565329,1997
17268,r3i1p1f1,1997,04,12,0.0,8.889081,-2.996042,1997
17269,r3i1p1f1,1997,04,13,0.0,15.784781,-1.7173498,1997
17270,r3i1p1f1,1997,04,14,0.0,15.053749,1.3345928,1997
17271,r3i1p1f1,1997,04,15,0.0,12.274341,-0.1671982,1997
17272,r3i1p1f1,1997,04,16,0.0,15.420872,-0.90441173,1997
17273,r3i1p1f1,1997,04,17,0.3448195569370383,12.991266,1.3415363,1997
17274,r3i1p1f1,1997,04,18,10.87111169847623,10.884225,2.3849988,1997
17275,r3i1p1f1,1997,04,19,1.3234876328050105,18.094782,3.088544,1997
17276,r3i1p1f1,1997,04,20,0.7609029480112153,18.559381,3.79658,1997
17277,r3i1p1f1,1997,04,21,0.0,19.1188,6.5144343,1997
17278,r3i1p1f1,1997,04,22,28.1780898350438,13.024045,3.2918289,1997
17279,r3i1p1f1,1997,04,23,14.54329994311066,9.230003,1.6485326,1997
17280,r3i1p1f1,1997,04,24,6.961180564432748,8.541713,0.3973576,1997
17281,r3i1p1f1,1997,04,25,3.2846839550888705,9.617994,-2.9641418,1997
17282,r3i1p1f1,1997,04,26,0.03961739727712579,17.637602,-0.7927662,1997
17283,r3i1p1f1,1997,04,27,0.0,18.299345,4.498152,1997
17284,r3i1p1f1,1997,04,28,0.0012636288853460236,16.13183,5.256993,1997
17285,r3i1p1f1,1997,04,29,2.3077065729778137,10.226896,0.36058727,1997
17286,r3i1p1f1,1997,04,30,0.0,15.496241,1.1048025,1997
17287,r3i1p1f1,1997,05,01,0.0,15.671382,3.601978,1997
17288,r3i1p1f1,1997,05,02,21.551306148696888,10.992527,2.1081765,1997
17289,r3i1p1f1,1997,05,03,0.5092651785257898,14.226256,-0.54737806,1997
17290,r3i1p1f1,1997,05,04,0.0,17.613928,3.6172547,1997
17291,r3i1p1f1,1997,05,05,0.0,23.003214,4.8957243,1997
17292,r3i1p1f1,1997,05,06,0.0,25.976559,8.669518,1997
17293,r3i1p1f1,1997,05,07,0.0,26.034445,9.909116,1997
17294,r3i1p1f1,1997,05,08,0.31016238250518463,25.512957,10.73981,1997
17295,r3i1p1f1,1997,05,09,0.0,23.309965,9.653611,1997
17296,r3i1p1f1,1997,05,10,0.0,25.303394,9.121571,1997
17297,r3i1p1f1,1997,05,11,0.0,24.24057,9.465281,1997
17298,r3i1p1f1,1997,05,12,0.0,23.268759,8.422502,1997
17299,r3i1p1f1,1997,05,13,0.0,24.465446,7.385213,1997
17300,r3i1p1f1,1997,05,14,0.0,25.406069,8.566408,1997
17301,r3i1p1f1,1997,05,15,0.0,23.296345,8.409928,1997
17302,r3i1p1f1,1997,05,16,0.0,19.352907,3.9815733,1997
17303,r3i1p1f1,1997,05,17,0.0,21.923962,5.137602,1997
17304,r3i1p1f1,1997,05,18,0.0,25.339716,7.543612,1997
17305,r3i1p1f1,1997,05,19,0.0,25.636276,9.639808,1997
17306,r3i1p1f1,1997,05,20,0.0,24.088331,8.459891,1997
17307,r3i1p1f1,1997,05,21,0.0,21.985476,7.2636976,1997
17308,r3i1p1f1,1997,05,22,0.0,24.388878,7.910438,1997
17309,r3i1p1f1,1997,05,23,0.0,24.99499,7.864977,1997
17310,r3i1p1f1,1997,05,24,0.0,24.954458,9.240185,1997
17311,r3i1p1f1,1997,05,25,0.0,26.277895,8.119484,1997
17312,r3i1p1f1,1997,05,26,0.0,27.748055,10.126984,1997
17313,r3i1p1f1,1997,05,27,0.0,29.502565,12.961417,1997
17314,r3i1p1f1,1997,05,28,0.0,29.91592,13.494934,1997
17315,r3i1p1f1,1997,05,29,0.0,29.144276,12.771936,1997
17316,r3i1p1f1,1997,05,30,0.0,28.269922,10.929204,1997
17317,r3i1p1f1,1997,05,31,0.0,27.395424,11.03803,1997
17318,r3i1p1f1,1997,06,01,0.0,27.019018,10.746979,1997
17319,r3i1p1f1,1997,06,02,0.0,26.981092,10.618906,1997
17320,r3i1p1f1,1997,06,03,0.0,25.507816,10.05106,1997
17321,r3i1p1f1,1997,06,04,0.0,25.062983,8.628226,1997
17322,r3i1p1f1,1997,06,05,0.0,23.78169,8.072228,1997
17323,r3i1p1f1,1997,06,06,0.0,17.20622,2.7618227,1997
17324,r3i1p1f1,1997,06,07,0.0,20.319685,2.9724138,1997
17325,r3i1p1f1,1997,06,08,0.0,19.523314,4.215094,1997
17326,r3i1p1f1,1997,06,09,0.01648689059565138,16.383724,4.127813,1997
17327,r3i1p1f1,1997,06,10,1.3321521642961,14.290895,2.4989064,1997
17328,r3i1p1f1,1997,06,11,0.0,21.216555,6.363817,1997
17329,r3i1p1f1,1997,06,12,0.0,24.904644,7.9934783,1997
17330,r3i1p1f1,1997,06,13,0.0,28.46224,11.298272,1997
17331,r3i1p1f1,1997,06,14,0.0,30.540295,12.12037,1997
17332,r3i1p1f1,1997,06,15,0.0,30.486624,15.11063,1997
17333,r3i1p1f1,1997,06,16,0.0,27.892519,12.76676,1997
17334,r3i1p1f1,1997,06,17,0.0,25.080597,10.625233,1997
17335,r3i1p1f1,1997,06,18,0.0,30.664438,10.707767,1997
17336,r3i1p1f1,1997,06,19,0.0,31.602037,14.685438,1997
17337,r3i1p1f1,1997,06,20,0.0,33.227077,15.069015,1997
17338,r3i1p1f1,1997,06,21,0.0,32.72443,16.306728,1997
17339,r3i1p1f1,1997,06,22,0.0,30.772825,13.1632595,1997
17340,r3i1p1f1,1997,06,23,0.0,29.495722,12.677442,1997
17341,r3i1p1f1,1997,06,24,0.0,27.034859,11.033438,1997
17342,r3i1p1f1,1997,06,25,0.0,29.950634,12.236899,1997
17343,r3i1p1f1,1997,06,26,0.0,29.74349,14.059917,1997
17344,r3i1p1f1,1997,06,27,0.0,30.389833,13.10079,1997
17345,r3i1p1f1,1997,06,28,0.0,31.441631,13.23942,1997
17346,r3i1p1f1,1997,06,29,0.0,31.030403,13.946654,1997
17347,r3i1p1f1,1997,06,30,0.0,29.751728,14.050699,1997
17348,r3i1p1f1,1997,07,01,0.0,27.336153,12.176586,1997
17349,r3i1p1f1,1997,07,02,0.0,28.693565,12.330265,1997
17350,r3i1p1f1,1997,07,03,0.0,34.54176,14.838274,1997
17351,r3i1p1f1,1997,07,04,0.0,35.14193,16.515987,1997
17352,r3i1p1f1,1997,07,05,0.0,34.264248,17.279917,1997
17353,r3i1p1f1,1997,07,06,0.0,33.077,16.636059,1997
17354,r3i1p1f1,1997,07,07,0.0,32.211044,15.906364,1997
17355,r3i1p1f1,1997,07,08,0.0,29.926622,13.280716,1997
17356,r3i1p1f1,1997,07,09,0.0,27.800354,13.275075,1997
17357,r3i1p1f1,1997,07,10,0.0,29.28545,11.896505,1997
17358,r3i1p1f1,1997,07,11,0.0,30.988033,12.801128,1997
17359,r3i1p1f1,1997,07,12,0.0,33.288097,14.141458,1997
17360,r3i1p1f1,1997,07,13,0.0,32.79448,15.163207,1997
17361,r3i1p1f1,1997,07,14,0.0,29.99047,14.087268,1997
17362,r3i1p1f1,1997,07,15,0.0,28.902197,13.19802,1997
17363,r3i1p1f1,1997,07,16,0.0,28.563402,12.827419,1997
17364,r3i1p1f1,1997,07,17,0.0,28.563086,12.9397,1997
17365,r3i1p1f1,1997,07,18,0.0,29.118954,12.266905,1997
17366,r3i1p1f1,1997,07,19,0.0,28.724388,12.79644,1997
17367,r3i1p1f1,1997,07,20,0.0,27.82345,12.134274,1997
17368,r3i1p1f1,1997,07,21,0.0,26.551851,11.208885,1997
17369,r3i1p1f1,1997,07,22,0.0,28.541624,11.376542,1997
17370,r3i1p1f1,1997,07,23,0.0,30.641798,12.688435,1997
17371,r3i1p1f1,1997,07,24,0.0,32.89129,13.882845,1997
17372,r3i1p1f1,1997,07,25,0.0,34.18239,17.707054,1997
17373,r3i1p1f1,1997,07,26,0.0,35.05419,17.438398,1997
17374,r3i1p1f1,1997,07,27,0.0,34.510155,18.41198,1997
17375,r3i1p1f1,1997,07,28,0.0,34.001892,17.253323,1997
17376,r3i1p1f1,1997,07,29,0.0,33.123013,15.903893,1997
17377,r3i1p1f1,1997,07,30,0.0,30.973932,14.550448,1997
17378,r3i1p1f1,1997,07,31,0.0,29.558224,14.126999,1997
17379,r3i1p1f1,1997,08,01,0.0,28.224525,12.64843,1997
17380,r3i1p1f1,1997,08,02,0.0,30.032469,12.075814,1997
17381,r3i1p1f1,1997,08,03,0.0,33.273697,14.980813,1997
17382,r3i1p1f1,1997,08,04,0.0,33.205402,16.19327,1997
17383,r3i1p1f1,1997,08,05,0.0,32.30646,15.0848255,1997
17384,r3i1p1f1,1997,08,06,0.0,30.66267,13.919082,1997
17385,r3i1p1f1,1997,08,07,0.0,28.49116,12.193515,1997
17386,r3i1p1f1,1997,08,08,0.0,29.1539,12.608334,1997
17387,r3i1p1f1,1997,08,09,0.0,30.886353,13.559786,1997
17388,r3i1p1f1,1997,08,10,0.03520362921622827,30.372953,14.294284,1997
17389,r3i1p1f1,1997,08,11,0.0,27.520298,11.188356,1997
17390,r3i1p1f1,1997,08,12,0.0,27.011185,10.735972,1997
17391,r3i1p1f1,1997,08,13,0.0,26.479929,9.900633,1997
17392,r3i1p1f1,1997,08,14,0.0,22.811583,7.6809397,1997
17393,r3i1p1f1,1997,08,15,0.0,22.357166,7.3810363,1997
17394,r3i1p1f1,1997,08,16,0.0,23.94071,7.722584,1997
17395,r3i1p1f1,1997,08,17,0.0,23.818624,8.433626,1997
17396,r3i1p1f1,1997,08,18,0.0,23.053919,7.0355215,1997
17397,r3i1p1f1,1997,08,19,0.0,21.99348,6.8144646,1997
17398,r3i1p1f1,1997,08,20,0.0,20.517227,6.310835,1997
17399,r3i1p1f1,1997,08,21,0.0,24.454609,6.3498874,1997
17400,r3i1p1f1,1997,08,22,0.0,26.51082,8.824143,1997
17401,r3i1p1f1,1997,08,23,0.0,25.783148,8.56908,1997
17402,r3i1p1f1,1997,08,24,0.0,24.933937,8.065708,1997
17403,r3i1p1f1,1997,08,25,0.0,25.891603,8.136212,1997
17404,r3i1p1f1,1997,08,26,0.0,27.070976,9.075382,1997
17405,r3i1p1f1,1997,08,27,0.0,30.037054,11.013502,1997
17406,r3i1p1f1,1997,08,28,0.0,31.737204,12.994903,1997
17407,r3i1p1f1,1997,08,29,0.0,30.750025,15.1890135,1997
17408,r3i1p1f1,1997,08,30,0.0,26.75769,14.585028,1997
17409,r3i1p1f1,1997,08,31,0.0,28.76743,11.589868,1997
17410,r3i1p1f1,1997,09,01,0.0,28.158163,12.870532,1997
17411,r3i1p1f1,1997,09,02,0.0,26.244072,9.830427,1997
17412,r3i1p1f1,1997,09,03,0.0,29.252527,11.213675,1997
17413,r3i1p1f1,1997,09,04,0.0,29.858015,12.25165,1997
17414,r3i1p1f1,1997,09,05,0.0,29.1925,13.685308,1997
17415,r3i1p1f1,1997,09,06,0.0,33.04148,15.25393,1997
17416,r3i1p1f1,1997,09,07,0.0,34.933926,17.536322,1997
17417,r3i1p1f1,1997,09,08,0.0,35.50293,17.9725,1997
17418,r3i1p1f1,1997,09,09,0.0,36.284386,17.31123,1997
17419,r3i1p1f1,1997,09,10,0.0,35.660023,18.149683,1997
17420,r3i1p1f1,1997,09,11,0.0,31.851992,14.877884,1997
17421,r3i1p1f1,1997,09,12,0.0,27.523155,11.651341,1997
17422,r3i1p1f1,1997,09,13,0.0,26.430653,10.79033,1997
17423,r3i1p1f1,1997,09,14,0.0,25.63199,9.564394,1997
17424,r3i1p1f1,1997,09,15,0.0,25.249912,8.782706,1997
17425,r3i1p1f1,1997,09,16,0.0,25.620865,9.208369,1997
17426,r3i1p1f1,1997,09,17,0.0,27.513443,10.817661,1997
17427,r3i1p1f1,1997,09,18,0.0,29.665699,11.911045,1997
17428,r3i1p1f1,1997,09,19,0.0,30.938843,13.70375,1997
17429,r3i1p1f1,1997,09,20,0.0,30.579021,14.802916,1997
17430,r3i1p1f1,1997,09,21,0.0051988521590828896,27.557981,13.362934,1997
17431,r3i1p1f1,1997,09,22,1.5451584606413042,28.274439,14.797127,1997
17432,r3i1p1f1,1997,09,23,0.0,26.16895,10.130113,1997
17433,r3i1p1f1,1997,09,24,0.03662745783865256,25.30397,11.366992,1997
17434,r3i1p1f1,1997,09,25,11.475114899918768,24.819992,12.256809,1997
17435,r3i1p1f1,1997,09,26,0.0,20.87953,6.9786897,1997
17436,r3i1p1f1,1997,09,27,0.0,20.408428,6.650915,1997
17437,r3i1p1f1,1997,09,28,0.0,22.558964,7.3946815,1997
17438,r3i1p1f1,1997,09,29,0.0,25.63237,9.35098,1997
17439,r3i1p1f1,1997,09,30,0.0,27.691631,10.87774,1997
17440,r3i1p1f1,1997,10,01,1.1497628687433654,27.705612,14.025081,1997
17441,r3i1p1f1,1997,10,02,0.0,20.72113,7.075235,1997
17442,r3i1p1f1,1997,10,03,0.0,23.836018,8.085972,1997
17443,r3i1p1f1,1997,10,04,0.0,26.792873,9.951182,1997
17444,r3i1p1f1,1997,10,05,0.11929751030708614,25.754492,11.72989,1997
17445,r3i1p1f1,1997,10,06,0.19145188786129247,19.072235,6.687384,1997
17446,r3i1p1f1,1997,10,07,0.0,18.890282,5.6356306,1997
17447,r3i1p1f1,1997,10,08,0.036580274861894156,20.841335,6.531842,1997
17448,r3i1p1f1,1997,10,09,0.8982473229575829,23.722504,6.822003,1997
17449,r3i1p1f1,1997,10,10,0.24271093833177523,23.411264,9.193837,1997
17450,r3i1p1f1,1997,10,11,0.07824965669945079,24.191477,10.2549715,1997
17451,r3i1p1f1,1997,10,12,2.5235732733084375,27.216234,12.706087,1997
17452,r3i1p1f1,1997,10,13,3.085152621114455,27.086102,14.34684,1997
17453,r3i1p1f1,1997,10,14,12.342402453175868,26.315145,13.605595,1997
17454,r3i1p1f1,1997,10,15,18.129283571139048,24.33616,12.218938,1997
17455,r3i1p1f1,1997,10,16,10.600024598993754,21.818336,12.929261,1997
17456,r3i1p1f1,1997,10,17,1.5026960582633222,18.059448,10.273443,1997
17457,r3i1p1f1,1997,10,18,25.435353916040377,17.093666,8.820627,1997
17458,r3i1p1f1,1997,10,19,0.0,15.528595,6.378752,1997
17459,r3i1p1f1,1997,10,20,0.0,19.640537,4.1345162,1997
17460,r3i1p1f1,1997,10,21,0.0,18.082687,5.507953,1997
17461,r3i1p1f1,1997,10,22,0.4533460487819914,16.897078,5.598825,1997
17462,r3i1p1f1,1997,10,23,0.0,20.54478,5.6842113,1997
17463,r3i1p1f1,1997,10,24,0.0,21.068283,5.8138347,1997
17464,r3i1p1f1,1997,10,25,0.0,18.430622,7.549408,1997
17465,r3i1p1f1,1997,10,26,0.0,18.592611,1.5593743,1997
17466,r3i1p1f1,1997,10,27,0.0,20.048056,4.740992,1997
17467,r3i1p1f1,1997,10,28,0.0,24.354837,6.9768806,1997
17468,r3i1p1f1,1997,10,29,0.0,24.03248,7.8752418,1997
17469,r3i1p1f1,1997,10,30,0.26210084508516285,23.64046,12.238941,1997
17470,r3i1p1f1,1997,10,31,0.0,21.270643,6.961666,1997
17471,r3i1p1f1,1997,11,01,0.0,22.14932,6.8792605,1997
17472,r3i1p1f1,1997,11,02,0.0,23.03627,10.309282,1997
17473,r3i1p1f1,1997,11,03,0.0,25.590286,10.047233,1997
17474,r3i1p1f1,1997,11,04,0.0,23.984104,10.4730215,1997
17475,r3i1p1f1,1997,11,05,2.3036509231468174,24.072556,13.5234,1997
17476,r3i1p1f1,1997,11,06,12.292731318953692,21.206348,10.764882,1997
17477,r3i1p1f1,1997,11,07,23.848646315500925,15.274563,3.501554,1997
17478,r3i1p1f1,1997,11,08,29.279303153682697,7.2407417,1.0077988,1997
17479,r3i1p1f1,1997,11,09,17.07995926170904,7.294746,2.2896383,1997
17480,r3i1p1f1,1997,11,10,0.0,13.29752,-0.8414349,1997
17481,r3i1p1f1,1997,11,11,0.0,18.88785,4.4265814,1997
17482,r3i1p1f1,1997,11,12,14.350270964266537,16.94145,5.853945,1997
17483,r3i1p1f1,1997,11,13,7.547983965732304,10.093986,0.3733718,1997
17484,r3i1p1f1,1997,11,14,0.0,13.536121,-0.10392764,1997
17485,r3i1p1f1,1997,11,15,0.0,12.546506,2.0731616,1997
17486,r3i1p1f1,1997,11,16,0.0,10.765461,1.5322436,1997
17487,r3i1p1f1,1997,11,17,0.0,11.677534,-1.9185287,1997
17488,r3i1p1f1,1997,11,18,0.0,10.866278,-1.7814387,1997
17489,r3i1p1f1,1997,11,19,0.04768875415289873,14.634498,1.2417766,1997
17490,r3i1p1f1,1997,11,20,0.0,15.765704,1.6902819,1997
17491,r3i1p1f1,1997,11,21,6.67262529543797,12.834636,4.9937944,1997
17492,r3i1p1f1,1997,11,22,0.0,12.599475,0.1911874,1997
17493,r3i1p1f1,1997,11,23,0.0,16.152382,3.2456117,1997
17494,r3i1p1f1,1997,11,24,0.0,15.412546,2.8825815,1997
17495,r3i1p1f1,1997,11,25,0.0,16.815487,2.934367,1997
17496,r3i1p1f1,1997,11,26,0.0,18.339705,3.5075378,1997
17497,r3i1p1f1,1997,11,27,0.0,17.92967,3.1476417,1997
17498,r3i1p1f1,1997,11,28,0.0,15.617262,2.415916,1997
17499,r3i1p1f1,1997,11,29,0.0,15.6715355,3.1478624,1997
17500,r3i1p1f1,1997,11,30,0.0,16.190538,1.9633018,1997
17501,r3i1p1f1,1997,12,01,0.0,13.976886,1.9669522,1997
17502,r3i1p1f1,1997,12,02,0.0,11.60557,0.8984228,1997
17503,r3i1p1f1,1997,12,03,0.0,12.6345215,1.7005936,1997
17504,r3i1p1f1,1997,12,04,0.0,12.689372,1.3483899,1997
17505,r3i1p1f1,1997,12,05,0.0,10.601766,-0.49015668,1997
17506,r3i1p1f1,1997,12,06,0.0,10.081624,1.4005076,1997
17507,r3i1p1f1,1997,12,07,0.0,13.772014,0.7165664,1997
17508,r3i1p1f1,1997,12,08,0.0,15.110067,1.5195377,1997
17509,r3i1p1f1,1997,12,09,0.0,15.447782,2.5879517,1997
17510,r3i1p1f1,1997,12,10,0.0,12.761238,3.882418,1997
17511,r3i1p1f1,1997,12,11,1.45682604201475,9.631765,2.8869667,1997
17512,r3i1p1f1,1997,12,12,0.010954005349623529,9.881653,2.789662,1997
17513,r3i1p1f1,1997,12,13,0.0,13.070292,0.39255896,1997
17514,r3i1p1f1,1997,12,14,3.0703376999314824,9.7835455,-0.42962998,1997
17515,r3i1p1f1,1997,12,15,0.0024751265180767454,6.0354667,-1.8595052,1997
17516,r3i1p1f1,1997,12,16,11.438178448741766,2.3337448,-3.6721632,1997
17517,r3i1p1f1,1997,12,17,0.0457228614801639,5.1789594,-7.5141063,1997
17518,r3i1p1f1,1997,12,18,0.0,8.672368,-5.997788,1997
17519,r3i1p1f1,1997,12,19,0.0,14.802168,-3.07801,1997
17520,r3i1p1f1,1997,12,20,0.0,12.946537,-0.43931153,1997
17521,r3i1p1f1,1997,12,21,0.0,10.554223,-2.8892872,1997
17522,r3i1p1f1,1997,12,22,0.0,4.9612193,-9.293328,1997
17523,r3i1p1f1,1997,12,23,0.0,10.322261,-2.6195679,1997
17524,r3i1p1f1,1997,12,24,0.0,14.492948,0.8834438,1997
17525,r3i1p1f1,1997,12,25,0.0,14.457898,1.3309851,1997
17526,r3i1p1f1,1997,12,26,0.8666758529886321,9.572656,-0.4770137,1997
17527,r3i1p1f1,1997,12,27,24.354043939781963,5.377794,-2.6870124,1997
17528,r3i1p1f1,1997,12,28,20.891665331835515,-1.3171985,-6.9912453,1997
17529,r3i1p1f1,1997,12,29,8.05033968484311,-5.278347,-11.202065,1997
17530,r3i1p1f1,1997,12,30,1.4078837223534815,-6.559048,-12.475627,1997
17531,r3i1p1f1,1997,12,31,0.0,-1.7107774,-17.012207,1997
17532,r3i1p1f1,1998,01,01,34.04840567810951,-2.4936538,-12.35962,1998
17533,r3i1p1f1,1998,01,02,0.0,2.0629854,-13.608406,1998
17534,r3i1p1f1,1998,01,03,65.31258467094679,4.598221,-6.7140555,1998
17535,r3i1p1f1,1998,01,04,64.37478534583198,5.647203,1.9276757,1998
17536,r3i1p1f1,1998,01,05,47.474979177901616,7.267178,3.5614824,1998
17537,r3i1p1f1,1998,01,06,49.83877616836444,8.745722,3.378782,1998
17538,r3i1p1f1,1998,01,07,70.9911037628588,11.832138,6.0169787,1998
17539,r3i1p1f1,1998,01,08,18.208263535052538,12.270514,5.0879707,1998
17540,r3i1p1f1,1998,01,09,6.236981144167275,11.15237,5.051234,1998
17541,r3i1p1f1,1998,01,10,0.0,10.977603,1.8016998,1998
17542,r3i1p1f1,1998,01,11,0.0,9.287259,-3.094448,1998
17543,r3i1p1f1,1998,01,12,0.0,8.146764,-4.6102076,1998
17544,r3i1p1f1,1998,01,13,0.0,14.779645,-1.5359472,1998
17545,r3i1p1f1,1998,01,14,0.0,17.76144,3.169755,1998
17546,r3i1p1f1,1998,01,15,0.0,16.82786,5.420377,1998
17547,r3i1p1f1,1998,01,16,0.0,17.109604,2.1417177,1998
17548,r3i1p1f1,1998,01,17,0.0,16.683138,3.2099767,1998
17549,r3i1p1f1,1998,01,18,0.0,16.747953,2.5951667,1998
17550,r3i1p1f1,1998,01,19,0.0,15.712621,2.3648877,1998
17551,r3i1p1f1,1998,01,20,0.0,17.319275,2.9025722,1998
17552,r3i1p1f1,1998,01,21,0.0,18.113098,3.0641172,1998
17553,r3i1p1f1,1998,01,22,0.0,19.46485,4.1569576,1998
17554,r3i1p1f1,1998,01,23,0.0,18.034779,4.366998,1998
17555,r3i1p1f1,1998,01,24,0.0,17.587202,4.778369,1998
17556,r3i1p1f1,1998,01,25,0.0,18.274675,5.331368,1998
17557,r3i1p1f1,1998,01,26,0.0,19.399382,5.8981576,1998
17558,r3i1p1f1,1998,01,27,0.0,19.305107,6.4174433,1998
17559,r3i1p1f1,1998,01,28,0.0,19.038496,7.010148,1998
17560,r3i1p1f1,1998,01,29,2.1091397571006767,14.38413,0.99964213,1998
17561,r3i1p1f1,1998,01,30,0.27699315725936013,7.303747,-2.463784,1998
17562,r3i1p1f1,1998,01,31,0.0,11.6458435,-1.9661506,1998
17563,r3i1p1f1,1998,02,01,0.0,14.094458,0.7292192,1998
17564,r3i1p1f1,1998,02,02,0.0,12.967294,-1.1722956,1998
17565,r3i1p1f1,1998,02,03,0.0,11.861556,-0.38458818,1998
17566,r3i1p1f1,1998,02,04,0.0,15.099098,0.7096343,1998
17567,r3i1p1f1,1998,02,05,0.0,16.185953,1.4998537,1998
17568,r3i1p1f1,1998,02,06,0.0,14.950578,1.5809871,1998
17569,r3i1p1f1,1998,02,07,0.0,12.635542,2.2768135,1998
17570,r3i1p1f1,1998,02,08,0.0,14.381774,0.62954,1998
17571,r3i1p1f1,1998,02,09,0.0,12.465638,0.26618978,1998
17572,r3i1p1f1,1998,02,10,8.58675143252568,4.134779,-3.8127818,1998
17573,r3i1p1f1,1998,02,11,1.3629696768858641,2.8514004,-7.273758,1998
17574,r3i1p1f1,1998,02,12,0.0,5.830245,-8.801006,1998
17575,r3i1p1f1,1998,02,13,0.0,13.00589,-5.7624054,1998
17576,r3i1p1f1,1998,02,14,0.0,12.218832,-2.4842107,1998
17577,r3i1p1f1,1998,02,15,0.0,12.767712,-0.91185254,1998
17578,r3i1p1f1,1998,02,16,0.0,14.288128,-0.52233374,1998
17579,r3i1p1f1,1998,02,17,0.0,14.295015,0.9394803,1998
17580,r3i1p1f1,1998,02,18,0.0,16.869606,0.91634643,1998
17581,r3i1p1f1,1998,02,19,0.0,17.574839,1.8021809,1998
17582,r3i1p1f1,1998,02,20,0.0,17.458586,2.0424557,1998
17583,r3i1p1f1,1998,02,21,20.455013379136002,13.612771,3.231408,1998
17584,r3i1p1f1,1998,02,22,44.28963039903656,6.03079,-0.9761446,1998
17585,r3i1p1f1,1998,02,23,0.0,7.374165,-2.5832486,1998
17586,r3i1p1f1,1998,02,24,5.433686343186357,2.334629,-7.3357344,1998
17587,r3i1p1f1,1998,02,25,0.10828279046826968,4.344844,-7.036605,1998
17588,r3i1p1f1,1998,02,26,0.0,15.164851,-4.02914,1998
17589,r3i1p1f1,1998,02,27,0.0,16.375938,2.3896222,1998
17590,r3i1p1f1,1998,02,28,4.979604497891973,10.850011,0.07899633,1998
17591,r3i1p1f1,1998,03,01,0.0,11.786873,-0.3865482,1998
17592,r3i1p1f1,1998,03,02,0.0,18.044708,0.9742434,1998
17593,r3i1p1f1,1998,03,03,0.0,17.119848,3.7111146,1998
17594,r3i1p1f1,1998,03,04,33.82383169434769,12.879005,1.4786018,1998
17595,r3i1p1f1,1998,03,05,3.274912591548759,5.8976703,-6.7402263,1998
17596,r3i1p1f1,1998,03,06,0.0,11.264197,-6.2481403,1998
17597,r3i1p1f1,1998,03,07,2.1483962539748878,9.5263,-3.1585398,1998
17598,r3i1p1f1,1998,03,08,0.0,11.154986,-3.1659515,1998
17599,r3i1p1f1,1998,03,09,0.0,15.857002,0.17327417,1998
17600,r3i1p1f1,1998,03,10,0.0,17.872017,1.772682,1998
17601,r3i1p1f1,1998,03,11,0.0,19.887794,5.048272,1998
17602,r3i1p1f1,1998,03,12,0.0,20.455978,4.0416656,1998
17603,r3i1p1f1,1998,03,13,0.0,21.087997,4.1183667,1998
17604,r3i1p1f1,1998,03,14,0.0,23.157066,6.059286,1998
17605,r3i1p1f1,1998,03,15,0.0033570531645397608,21.940369,8.63183,1998
17606,r3i1p1f1,1998,03,16,26.054335108615067,12.569575,-2.0269587,1998
17607,r3i1p1f1,1998,03,17,0.0,5.2113504,-6.592331,1998
17608,r3i1p1f1,1998,03,18,55.75849067811903,2.237128,-3.0004387,1998
17609,r3i1p1f1,1998,03,19,15.071646499717119,0.1813035,-9.854802,1998
17610,r3i1p1f1,1998,03,20,6.984049059744728,1.1012954,-10.200614,1998
17611,r3i1p1f1,1998,03,21,15.235711416339894,4.266809,-1.73079,1998
17612,r3i1p1f1,1998,03,22,55.3713678480371,4.2558527,0.36731052,1998
17613,r3i1p1f1,1998,03,23,26.30636791919211,1.9874227,-1.8437479,1998
17614,r3i1p1f1,1998,03,24,8.108931633193462,-0.27310443,-6.9028625,1998
17615,r3i1p1f1,1998,03,25,0.0,3.7267206,-10.61718,1998
17616,r3i1p1f1,1998,03,26,0.04395307746323708,4.074794,-3.3766387,1998
17617,r3i1p1f1,1998,03,27,0.02671139706080794,5.7312093,-6.281414,1998
17618,r3i1p1f1,1998,03,28,0.0,7.4744244,-7.579764,1998
17619,r3i1p1f1,1998,03,29,0.0,8.337149,-7.508203,1998
17620,r3i1p1f1,1998,03,30,0.0,13.025746,-3.0943186,1998
17621,r3i1p1f1,1998,03,31,0.0,19.045486,1.2277437,1998
17622,r3i1p1f1,1998,04,01,0.0,21.650684,3.6891224,1998
17623,r3i1p1f1,1998,04,02,0.0,20.95861,4.677118,1998
17624,r3i1p1f1,1998,04,03,0.0,18.40384,4.3244348,1998
17625,r3i1p1f1,1998,04,04,0.0,18.49382,2.4208624,1998
17626,r3i1p1f1,1998,04,05,0.0,17.574442,4.594542,1998
17627,r3i1p1f1,1998,04,06,0.0,14.875862,4.153783,1998
17628,r3i1p1f1,1998,04,07,0.0,13.109417,3.8974974,1998
17629,r3i1p1f1,1998,04,08,0.0,12.740927,1.7652901,1998
17630,r3i1p1f1,1998,04,09,0.0,11.532356,-1.5462123,1998
17631,r3i1p1f1,1998,04,10,0.0,13.389606,-3.3543067,1998
17632,r3i1p1f1,1998,04,11,0.22697789267304438,10.988195,-1.0271261,1998
17633,r3i1p1f1,1998,04,12,0.7116067128854889,7.8640084,-3.1586187,1998
17634,r3i1p1f1,1998,04,13,0.01392692639982622,6.5733156,-3.7888532,1998
17635,r3i1p1f1,1998,04,14,0.0,11.529979,-4.3065844,1998
17636,r3i1p1f1,1998,04,15,0.0,16.931473,0.32941505,1998
17637,r3i1p1f1,1998,04,16,0.0,18.18911,0.3314124,1998
17638,r3i1p1f1,1998,04,17,0.0,17.637358,2.96128,1998
17639,r3i1p1f1,1998,04,18,0.0,16.899408,2.6241622,1998
17640,r3i1p1f1,1998,04,19,1.486453503725658,11.499376,0.14752495,1998
17641,r3i1p1f1,1998,04,20,12.946056245097058,10.768417,4.4854045,1998
17642,r3i1p1f1,1998,04,21,21.90409895571831,9.678305,0.32687783,1998
17643,r3i1p1f1,1998,04,22,0.0,19.362473,1.1113194,1998
17644,r3i1p1f1,1998,04,23,0.0,20.790464,4.294269,1998
17645,r3i1p1f1,1998,04,24,0.0,19.67347,3.9875586,1998
17646,r3i1p1f1,1998,04,25,0.25789939741355883,17.5478,3.610941,1998
17647,r3i1p1f1,1998,04,26,0.0,13.088767,2.3755407,1998
17648,r3i1p1f1,1998,04,27,0.0,14.232008,-0.26902214,1998
17649,r3i1p1f1,1998,04,28,8.477136860050162,9.531681,-0.6715756,1998
17650,r3i1p1f1,1998,04,29,8.065636401940873,5.9007506,-2.8539705,1998
17651,r3i1p1f1,1998,04,30,0.0,18.068226,0.56264305,1998
17652,r3i1p1f1,1998,05,01,0.0,25.582985,5.689712,1998
17653,r3i1p1f1,1998,05,02,0.0,25.90272,9.269454,1998
17654,r3i1p1f1,1998,05,03,0.0,23.724998,10.01139,1998
17655,r3i1p1f1,1998,05,04,0.0,23.277786,6.568691,1998
17656,r3i1p1f1,1998,05,05,0.0,22.102245,7.0732155,1998
17657,r3i1p1f1,1998,05,06,0.0,20.128176,5.2508574,1998
17658,r3i1p1f1,1998,05,07,0.0,18.947369,4.981847,1998
17659,r3i1p1f1,1998,05,08,1.0993510265842288,10.154833,-1.037843,1998
17660,r3i1p1f1,1998,05,09,0.059780080023062364,15.006062,-0.2539858,1998
17661,r3i1p1f1,1998,05,10,0.0,15.729102,1.8018441,1998
17662,r3i1p1f1,1998,05,11,0.04902860133657477,13.97776,1.8534516,1998
17663,r3i1p1f1,1998,05,12,0.0,13.661961,2.1441336,1998
17664,r3i1p1f1,1998,05,13,5.344620706072371,8.91815,1.284776,1998
17665,r3i1p1f1,1998,05,14,2.949419748084007,7.360361,1.2153249,1998
17666,r3i1p1f1,1998,05,15,0.0,16.851265,-1.0910451,1998
17667,r3i1p1f1,1998,05,16,0.0,16.799044,2.38014,1998
17668,r3i1p1f1,1998,05,17,1.0717392869992182,11.99363,0.1101549,1998
17669,r3i1p1f1,1998,05,18,43.80575588561202,5.8685303,-1.2358248,1998
17670,r3i1p1f1,1998,05,19,0.03768378063748395,7.653227,1.6545764,1998
17671,r3i1p1f1,1998,05,20,0.0,12.904106,-1.9286643,1998
17672,r3i1p1f1,1998,05,21,13.445588090383497,11.324196,1.127141,1998
17673,r3i1p1f1,1998,05,22,0.0,11.870341,4.7067432,1998
17674,r3i1p1f1,1998,05,23,0.0,11.096012,-0.95714927,1998
17675,r3i1p1f1,1998,05,24,0.0,14.384743,-2.022629,1998
17676,r3i1p1f1,1998,05,25,0.0,17.687195,0.7311949,1998
17677,r3i1p1f1,1998,05,26,0.0,19.493212,4.597058,1998
17678,r3i1p1f1,1998,05,27,0.0,21.584423,5.485026,1998
17679,r3i1p1f1,1998,05,28,0.8056913844101425,20.69261,5.233883,1998
17680,r3i1p1f1,1998,05,29,1.8339028312383514,17.827097,4.550893,1998
17681,r3i1p1f1,1998,05,30,0.8153473991306351,19.594864,5.201066,1998
17682,r3i1p1f1,1998,05,31,0.9114600309418931,20.227732,5.0909276,1998
17683,r3i1p1f1,1998,06,01,0.10148787497248697,24.922127,10.499794,1998
17684,r3i1p1f1,1998,06,02,2.2251903222288667,26.863539,9.086903,1998
17685,r3i1p1f1,1998,06,03,43.37371074300455,19.989698,7.3772593,1998
17686,r3i1p1f1,1998,06,04,17.777517210120813,13.173443,6.392142,1998
17687,r3i1p1f1,1998,06,05,1.9787311894393305,11.592107,2.7900395,1998
17688,r3i1p1f1,1998,06,06,5.092895501002204,7.225027,-0.8869399,1998
17689,r3i1p1f1,1998,06,07,0.0,16.882967,-0.18836823,1998
17690,r3i1p1f1,1998,06,08,0.0,16.41345,2.1437728,1998
17691,r3i1p1f1,1998,06,09,0.0,14.780904,2.6657038,1998
17692,r3i1p1f1,1998,06,10,0.0,19.755905,2.0314913,1998
17693,r3i1p1f1,1998,06,11,0.0,20.522787,4.866377,1998
17694,r3i1p1f1,1998,06,12,0.0,22.008648,6.0321393,1998
17695,r3i1p1f1,1998,06,13,0.011976162510875025,26.036755,8.460941,1998
17696,r3i1p1f1,1998,06,14,0.0,27.96511,10.781645,1998
17697,r3i1p1f1,1998,06,15,0.013289221341868765,26.998245,10.29764,1998
17698,r3i1p1f1,1998,06,16,0.0,25.395918,10.767468,1998
17699,r3i1p1f1,1998,06,17,0.0,25.156292,10.338391,1998
17700,r3i1p1f1,1998,06,18,0.0,24.976765,9.146226,1998
17701,r3i1p1f1,1998,06,19,0.0,25.493006,9.311122,1998
17702,r3i1p1f1,1998,06,20,0.0,25.14664,8.654276,1998
17703,r3i1p1f1,1998,06,21,0.0,26.385693,9.609966,1998
17704,r3i1p1f1,1998,06,22,0.0,33.014668,13.610529,1998
17705,r3i1p1f1,1998,06,23,0.0,32.278294,16.657207,1998
17706,r3i1p1f1,1998,06,24,0.0,27.85819,11.799497,1998
17707,r3i1p1f1,1998,06,25,0.0,23.530678,8.94706,1998
17708,r3i1p1f1,1998,06,26,0.0,23.021381,7.0340376,1998
17709,r3i1p1f1,1998,06,27,0.0,27.089085,8.856987,1998
17710,r3i1p1f1,1998,06,28,0.0,31.323763,11.415294,1998
17711,r3i1p1f1,1998,06,29,0.0,32.536716,13.285588,1998
17712,r3i1p1f1,1998,06,30,0.0,32.15782,15.572521,1998
17713,r3i1p1f1,1998,07,01,0.11085069027582281,30.173412,13.81958,1998
17714,r3i1p1f1,1998,07,02,0.22454774607467698,28.887163,14.825746,1998
17715,r3i1p1f1,1998,07,03,0.0,30.43522,14.655638,1998
17716,r3i1p1f1,1998,07,04,0.0,34.18734,15.282089,1998
17717,r3i1p1f1,1998,07,05,0.0,35.19834,16.617786,1998
17718,r3i1p1f1,1998,07,06,0.0,34.55077,16.610945,1998
17719,r3i1p1f1,1998,07,07,0.0,31.109621,14.076765,1998
17720,r3i1p1f1,1998,07,08,0.0,26.471321,9.492425,1998
17721,r3i1p1f1,1998,07,09,0.0,23.14783,7.3485518,1998
17722,r3i1p1f1,1998,07,10,0.0,23.892494,7.790701,1998
17723,r3i1p1f1,1998,07,11,0.0,28.57092,11.420327,1998
17724,r3i1p1f1,1998,07,12,0.0,30.495249,13.086119,1998
17725,r3i1p1f1,1998,07,13,0.0,32.989338,14.382729,1998
17726,r3i1p1f1,1998,07,14,0.0,34.17871,15.926683,1998
17727,r3i1p1f1,1998,07,15,0.0,33.42169,15.858769,1998
17728,r3i1p1f1,1998,07,16,0.0,31.064657,15.100957,1998
17729,r3i1p1f1,1998,07,17,0.0,29.952923,14.319055,1998
17730,r3i1p1f1,1998,07,18,0.0,26.951149,10.718946,1998
17731,r3i1p1f1,1998,07,19,0.0,28.149607,10.017479,1998
17732,r3i1p1f1,1998,07,20,0.0,28.244078,11.607069,1998
17733,r3i1p1f1,1998,07,21,0.0,28.317842,11.656825,1998
17734,r3i1p1f1,1998,07,22,0.0,28.655865,12.639222,1998
17735,r3i1p1f1,1998,07,23,0.0,29.379383,12.344296,1998
17736,r3i1p1f1,1998,07,24,0.0,29.726982,11.979344,1998
17737,r3i1p1f1,1998,07,25,0.0,30.532991,12.101555,1998
17738,r3i1p1f1,1998,07,26,0.0,32.52602,13.657508,1998
17739,r3i1p1f1,1998,07,27,0.0,32.42423,14.982723,1998
17740,r3i1p1f1,1998,07,28,0.0,31.267477,14.09031,1998
17741,r3i1p1f1,1998,07,29,0.0,30.567326,12.236764,1998
17742,r3i1p1f1,1998,07,30,0.0,30.730045,12.991628,1998
17743,r3i1p1f1,1998,07,31,0.0,31.012413,12.67749,1998
17744,r3i1p1f1,1998,08,01,0.0,30.776514,15.506223,1998
17745,r3i1p1f1,1998,08,02,0.0,29.669878,15.449217,1998
17746,r3i1p1f1,1998,08,03,0.1986680183204283,28.990965,14.155662,1998
17747,r3i1p1f1,1998,08,04,0.14273518364030965,29.139826,13.086006,1998
17748,r3i1p1f1,1998,08,05,0.025377784667649683,32.895363,15.243247,1998
17749,r3i1p1f1,1998,08,06,0.0,32.383953,17.706661,1998
17750,r3i1p1f1,1998,08,07,0.0060466219254426265,29.106764,15.431008,1998
17751,r3i1p1f1,1998,08,08,0.0646274956508071,31.136099,14.692916,1998
17752,r3i1p1f1,1998,08,09,0.0,34.856888,16.224586,1998
17753,r3i1p1f1,1998,08,10,0.006704555677348061,37.986668,19.339563,1998
17754,r3i1p1f1,1998,08,11,0.0,37.83905,21.425396,1998
17755,r3i1p1f1,1998,08,12,0.0,35.965923,18.845507,1998
17756,r3i1p1f1,1998,08,13,0.0,33.840427,17.528109,1998
17757,r3i1p1f1,1998,08,14,0.0,32.20347,16.373169,1998
17758,r3i1p1f1,1998,08,15,0.0,30.633333,13.021106,1998
17759,r3i1p1f1,1998,08,16,0.0,28.414272,11.220589,1998
17760,r3i1p1f1,1998,08,17,0.0,29.076374,10.919306,1998
17761,r3i1p1f1,1998,08,18,0.0,28.481447,13.417778,1998
17762,r3i1p1f1,1998,08,19,0.0,27.97323,14.4372225,1998
17763,r3i1p1f1,1998,08,20,0.0037877299626799007,29.300312,12.172796,1998
17764,r3i1p1f1,1998,08,21,0.015503080794587731,32.394127,15.118929,1998
17765,r3i1p1f1,1998,08,22,0.024261892471450233,33.340675,15.594938,1998
17766,r3i1p1f1,1998,08,23,0.039332738110954925,34.45307,17.594786,1998
17767,r3i1p1f1,1998,08,24,0.007626337154713263,35.016518,17.936628,1998
17768,r3i1p1f1,1998,08,25,0.013090589403107419,34.43223,16.34008,1998
17769,r3i1p1f1,1998,08,26,0.0,32.697773,15.808386,1998
17770,r3i1p1f1,1998,08,27,0.0,31.332813,14.048672,1998
17771,r3i1p1f1,1998,08,28,0.0,29.88483,12.355685,1998
17772,r3i1p1f1,1998,08,29,0.0,28.158998,11.468429,1998
17773,r3i1p1f1,1998,08,30,0.00189570020761733,27.439919,10.971033,1998
17774,r3i1p1f1,1998,08,31,0.0,22.877377,8.154909,1998
17775,r3i1p1f1,1998,09,01,0.0,24.982214,7.623339,1998
17776,r3i1p1f1,1998,09,02,0.0,28.640997,10.434675,1998
17777,r3i1p1f1,1998,09,03,0.0,31.373425,13.210523,1998
17778,r3i1p1f1,1998,09,04,0.0,31.779167,14.388746,1998
17779,r3i1p1f1,1998,09,05,0.0,30.656448,12.962178,1998
17780,r3i1p1f1,1998,09,06,0.0,27.508944,10.674586,1998
17781,r3i1p1f1,1998,09,07,0.0,28.800861,10.637992,1998
17782,r3i1p1f1,1998,09,08,0.0,28.265545,11.555622,1998
17783,r3i1p1f1,1998,09,09,0.0,27.732498,10.021288,1998
17784,r3i1p1f1,1998,09,10,0.0,26.942265,10.0178385,1998
17785,r3i1p1f1,1998,09,11,0.0,25.749958,10.2828045,1998
17786,r3i1p1f1,1998,09,12,0.0,28.183178,10.264043,1998
17787,r3i1p1f1,1998,09,13,0.0,27.602755,11.717259,1998
17788,r3i1p1f1,1998,09,14,0.0,26.29239,11.005853,1998
17789,r3i1p1f1,1998,09,15,0.0,25.512835,9.262767,1998
17790,r3i1p1f1,1998,09,16,0.0,25.725157,9.457231,1998
17791,r3i1p1f1,1998,09,17,0.0,29.470097,10.993459,1998
17792,r3i1p1f1,1998,09,18,0.0,30.497192,11.889119,1998
17793,r3i1p1f1,1998,09,19,0.0,29.903294,14.936843,1998
17794,r3i1p1f1,1998,09,20,0.0,27.113787,10.673981,1998
17795,r3i1p1f1,1998,09,21,0.0,27.650915,10.284866,1998
17796,r3i1p1f1,1998,09,22,0.0,27.820269,11.977886,1998
17797,r3i1p1f1,1998,09,23,0.0,27.03377,10.868462,1998
17798,r3i1p1f1,1998,09,24,0.0,24.156408,8.4852085,1998
17799,r3i1p1f1,1998,09,25,0.0,21.916704,8.010829,1998
17800,r3i1p1f1,1998,09,26,0.0,22.52861,6.2962213,1998
17801,r3i1p1f1,1998,09,27,0.0,24.092756,7.8318133,1998
17802,r3i1p1f1,1998,09,28,0.0,26.834826,9.344617,1998
17803,r3i1p1f1,1998,09,29,0.0,27.121262,10.769957,1998
17804,r3i1p1f1,1998,09,30,0.0,28.924934,11.65665,1998
17805,r3i1p1f1,1998,10,01,0.0,27.524355,12.123653,1998
17806,r3i1p1f1,1998,10,02,0.0,20.97367,10.253577,1998
17807,r3i1p1f1,1998,10,03,1.116712298244238,19.962692,6.379919,1998
17808,r3i1p1f1,1998,10,04,0.0,18.151642,2.3523364,1998
17809,r3i1p1f1,1998,10,05,0.0,24.441532,7.56811,1998
17810,r3i1p1f1,1998,10,06,0.0,26.077875,9.375724,1998
17811,r3i1p1f1,1998,10,07,0.0,24.626196,9.030411,1998
17812,r3i1p1f1,1998,10,08,0.0,18.896542,5.2612405,1998
17813,r3i1p1f1,1998,10,09,0.0,17.781353,0.82609844,1998
17814,r3i1p1f1,1998,10,10,0.0,16.907677,1.697851,1998
17815,r3i1p1f1,1998,10,11,0.0,18.651007,1.9583338,1998
17816,r3i1p1f1,1998,10,12,0.0,17.915213,3.5923831,1998
17817,r3i1p1f1,1998,10,13,0.0,16.732574,2.582402,1998
17818,r3i1p1f1,1998,10,14,0.0,16.84112,1.0649204,1998
17819,r3i1p1f1,1998,10,15,0.0,19.59329,2.8187501,1998
17820,r3i1p1f1,1998,10,16,0.0,19.89082,4.6251388,1998
17821,r3i1p1f1,1998,10,17,0.0,22.23191,7.4689245,1998
17822,r3i1p1f1,1998,10,18,0.0,24.25311,6.9303126,1998
17823,r3i1p1f1,1998,10,19,0.0,22.25295,9.515707,1998
17824,r3i1p1f1,1998,10,20,0.0,23.737808,6.2150145,1998
17825,r3i1p1f1,1998,10,21,0.0,26.391865,9.296483,1998
17826,r3i1p1f1,1998,10,22,0.0,29.05635,9.902645,1998
17827,r3i1p1f1,1998,10,23,0.0,28.917002,11.367742,1998
17828,r3i1p1f1,1998,10,24,0.0,28.766237,11.048234,1998
17829,r3i1p1f1,1998,10,25,0.0,27.215433,9.551127,1998
17830,r3i1p1f1,1998,10,26,0.0,24.81554,9.220506,1998
17831,r3i1p1f1,1998,10,27,0.0,29.56408,12.646159,1998
17832,r3i1p1f1,1998,10,28,0.0,29.466984,17.492107,1998
17833,r3i1p1f1,1998,10,29,0.1544872000235237,27.747967,14.009372,1998
17834,r3i1p1f1,1998,10,30,85.88540290335291,17.204195,10.942263,1998
17835,r3i1p1f1,1998,10,31,2.0089457960382693,11.9513445,0.8052449,1998
17836,r3i1p1f1,1998,11,01,0.0,10.812142,-1.5831451,1998
17837,r3i1p1f1,1998,11,02,0.0,13.538535,-0.51996803,1998
17838,r3i1p1f1,1998,11,03,0.0,14.316503,-0.39952466,1998
17839,r3i1p1f1,1998,11,04,6.678008963813466,11.924576,2.3242102,1998
17840,r3i1p1f1,1998,11,05,0.0,13.016517,0.26285017,1998
17841,r3i1p1f1,1998,11,06,8.515228218962683,11.597849,3.587249,1998
17842,r3i1p1f1,1998,11,07,17.314628563288256,15.0636015,7.3855624,1998
17843,r3i1p1f1,1998,11,08,57.20804029781567,12.207516,2.8617692,1998
17844,r3i1p1f1,1998,11,09,7.348899767423159,3.5628226,-3.1510727,1998
17845,r3i1p1f1,1998,11,10,0.0,6.0427747,-6.991331,1998
17846,r3i1p1f1,1998,11,11,0.7810200922042561,4.2553797,-4.718431,1998
17847,r3i1p1f1,1998,11,12,0.7497481680107548,3.5926735,-6.3960786,1998
17848,r3i1p1f1,1998,11,13,0.0,9.193148,-6.727835,1998
17849,r3i1p1f1,1998,11,14,0.0,10.051191,-2.4679143,1998
17850,r3i1p1f1,1998,11,15,2.775053727389987,9.295804,-0.27550182,1998
17851,r3i1p1f1,1998,11,16,38.23114448276005,8.575387,2.67233,1998
17852,r3i1p1f1,1998,11,17,25.58764338272771,7.082892,0.23127428,1998
17853,r3i1p1f1,1998,11,18,0.0,9.761847,-2.399414,1998
17854,r3i1p1f1,1998,11,19,0.0,11.574136,-3.1896725,1998
17855,r3i1p1f1,1998,11,20,0.0,10.623423,-5.1704187,1998
17856,r3i1p1f1,1998,11,21,0.0,8.495475,-0.40748057,1998
17857,r3i1p1f1,1998,11,22,0.0,11.083503,-1.8230723,1998
17858,r3i1p1f1,1998,11,23,0.0,11.937394,0.14288907,1998
17859,r3i1p1f1,1998,11,24,0.0,15.085299,0.7039337,1998
17860,r3i1p1f1,1998,11,25,0.0,17.598309,0.20552917,1998
17861,r3i1p1f1,1998,11,26,0.0,15.209264,1.6998973,1998
17862,r3i1p1f1,1998,11,27,4.330940429166444,11.566515,0.52158606,1998
17863,r3i1p1f1,1998,11,28,68.15581293776631,7.052248,1.7048019,1998
17864,r3i1p1f1,1998,11,29,67.77064147111224,8.412696,1.0249811,1998
17865,r3i1p1f1,1998,11,30,20.959898515138775,7.104332,0.10068058,1998
17866,r3i1p1f1,1998,12,01,0.0,9.632537,-3.8419125,1998
17867,r3i1p1f1,1998,12,02,0.0,10.56717,3.0205405,1998
17868,r3i1p1f1,1998,12,03,0.0,12.258898,0.25540006,1998
17869,r3i1p1f1,1998,12,04,0.0,12.926412,0.023877298,1998
17870,r3i1p1f1,1998,12,05,0.0,16.274097,3.169794,1998
17871,r3i1p1f1,1998,12,06,0.0,17.606321,3.910341,1998
17872,r3i1p1f1,1998,12,07,0.0,16.531588,4.436888,1998
17873,r3i1p1f1,1998,12,08,0.0,14.79448,3.9971826,1998
17874,r3i1p1f1,1998,12,09,0.0,15.268861,3.451621,1998
17875,r3i1p1f1,1998,12,10,0.0,18.367598,4.325948,1998
17876,r3i1p1f1,1998,12,11,0.0,16.765226,5.37513,1998
17877,r3i1p1f1,1998,12,12,16.704250205504266,12.031343,2.9437633,1998
17878,r3i1p1f1,1998,12,13,8.090370059309,8.617919,1.043361,1998
17879,r3i1p1f1,1998,12,14,14.76206376361293,9.0696745,2.3405485,1998
17880,r3i1p1f1,1998,12,15,0.0,14.782993,0.085198656,1998
17881,r3i1p1f1,1998,12,16,0.11691897810746205,13.528953,1.9632114,1998
17882,r3i1p1f1,1998,12,17,6.472100646198286,7.7555623,2.7985249,1998
17883,r3i1p1f1,1998,12,18,6.937735435234285,7.6936755,0.93115824,1998
17884,r3i1p1f1,1998,12,19,0.0,11.320001,-0.6996193,1998
17885,r3i1p1f1,1998,12,20,0.0,11.343322,-2.7005334,1998
17886,r3i1p1f1,1998,12,21,8.627729627646898,7.6029544,-0.32744256,1998
17887,r3i1p1f1,1998,12,22,0.0,12.594806,2.7980168,1998
17888,r3i1p1f1,1998,12,23,0.0,13.699735,6.253274,1998
17889,r3i1p1f1,1998,12,24,5.62649211183031,10.755081,2.9421575,1998
17890,r3i1p1f1,1998,12,25,43.624840860598184,6.356062,1.9584687,1998
17891,r3i1p1f1,1998,12,26,25.564640854166722,5.1312256,-2.389588,1998
17892,r3i1p1f1,1998,12,27,13.765672677637715,3.8104246,-2.4585047,1998
17893,r3i1p1f1,1998,12,28,0.0,6.810637,-3.064684,1998
17894,r3i1p1f1,1998,12,29,0.0,6.8426,-4.935128,1998
17895,r3i1p1f1,1998,12,30,0.0,7.1794696,-4.446426,1998
17896,r3i1p1f1,1998,12,31,0.0,11.470772,-0.058116473,1998
17897,r3i1p1f1,1999,01,01,0.0,14.557021,2.5023131,1999
17898,r3i1p1f1,1999,01,02,0.5504434173130185,10.93776,2.0374837,1999
17899,r3i1p1f1,1999,01,03,0.0,10.478337,-1.9418743,1999
17900,r3i1p1f1,1999,01,04,5.533197129108502,2.2036202,-7.5251327,1999
17901,r3i1p1f1,1999,01,05,0.3049036513977243,2.7672422,-10.791164,1999
17902,r3i1p1f1,1999,01,06,0.0,6.234467,-8.52494,1999
17903,r3i1p1f1,1999,01,07,0.0,6.5756083,-8.854898,1999
17904,r3i1p1f1,1999,01,08,0.0,8.69196,-5.779299,1999
17905,r3i1p1f1,1999,01,09,0.0,9.535589,-6.49005,1999
17906,r3i1p1f1,1999,01,10,0.0,14.3252325,-2.2253542,1999
17907,r3i1p1f1,1999,01,11,0.0,12.606749,0.6045105,1999
17908,r3i1p1f1,1999,01,12,13.796715754065907,6.4660907,-2.9790862,1999
17909,r3i1p1f1,1999,01,13,13.813925860909206,8.571792,0.43354633,1999
17910,r3i1p1f1,1999,01,14,49.17948929789035,8.736617,3.1000485,1999
17911,r3i1p1f1,1999,01,15,53.886750722794154,10.788176,5.294257,1999
17912,r3i1p1f1,1999,01,16,26.478717325708683,8.644789,-0.47923705,1999
17913,r3i1p1f1,1999,01,17,12.559705354674646,1.4433974,-7.0891566,1999
17914,r3i1p1f1,1999,01,18,23.470734075741156,-0.74627,-7.6878343,1999
17915,r3i1p1f1,1999,01,19,31.458184963680413,1.8239877,-5.3972325,1999
17916,r3i1p1f1,1999,01,20,11.206895242579968,1.2856605,-5.4428043,1999
17917,r3i1p1f1,1999,01,21,21.96526085853724,2.965679,-3.4307175,1999
17918,r3i1p1f1,1999,01,22,30.873325865372625,5.4882617,-4.8603773,1999
17919,r3i1p1f1,1999,01,23,51.34320216449468,6.217247,-0.5753373,1999
17920,r3i1p1f1,1999,01,24,12.64978439216257,2.8533366,-9.218225,1999
17921,r3i1p1f1,1999,01,25,0.0,0.44853064,-9.21888,1999
17922,r3i1p1f1,1999,01,26,0.7404550977968795,-5.116859,-11.187236,1999
17923,r3i1p1f1,1999,01,27,0.01697601286363543,-0.011639868,-9.275293,1999
17924,r3i1p1f1,1999,01,28,37.81738928764274,0.20441002,-8.169153,1999
17925,r3i1p1f1,1999,01,29,101.06397164789469,5.141163,-0.90412813,1999
17926,r3i1p1f1,1999,01,30,1.8518153943659854,6.8949594,-5.82954,1999
17927,r3i1p1f1,1999,01,31,49.12713014667756,7.4351172,2.088256,1999
17928,r3i1p1f1,1999,02,01,39.64086909239229,6.1950183,2.5692117,1999
17929,r3i1p1f1,1999,02,02,20.351037819330628,8.500306,-2.104649,1999
17930,r3i1p1f1,1999,02,03,0.0,11.11059,-2.342823,1999
17931,r3i1p1f1,1999,02,04,0.0,12.693764,0.45851007,1999
17932,r3i1p1f1,1999,02,05,0.0,12.965186,5.0814247,1999
17933,r3i1p1f1,1999,02,06,0.0,14.538406,2.130147,1999
17934,r3i1p1f1,1999,02,07,0.0,16.043177,2.030364,1999
17935,r3i1p1f1,1999,02,08,0.0,15.563387,1.2992867,1999
17936,r3i1p1f1,1999,02,09,0.0,16.035337,2.39644,1999
17937,r3i1p1f1,1999,02,10,0.0,16.507607,1.0929805,1999
17938,r3i1p1f1,1999,02,11,0.0,12.915258,-1.2620862,1999
17939,r3i1p1f1,1999,02,12,0.0,12.993942,-1.2033027,1999
17940,r3i1p1f1,1999,02,13,0.0,13.302789,-0.88407475,1999
17941,r3i1p1f1,1999,02,14,0.0,12.851507,-1.4251475,1999
17942,r3i1p1f1,1999,02,15,0.0,13.058704,1.0399166,1999
17943,r3i1p1f1,1999,02,16,0.0,11.817033,-1.0437847,1999
17944,r3i1p1f1,1999,02,17,12.199864945011397,5.8711295,-1.1874478,1999
17945,r3i1p1f1,1999,02,18,0.3905652487829732,9.274081,-1.3843901,1999
17946,r3i1p1f1,1999,02,19,0.019578706728919457,11.420404,1.4976021,1999
17947,r3i1p1f1,1999,02,20,6.361537964058746,8.439335,0.029219005,1999
17948,r3i1p1f1,1999,02,21,7.002157044342694,6.312971,-4.612731,1999
17949,r3i1p1f1,1999,02,22,0.0,6.9631147,-5.1198735,1999
17950,r3i1p1f1,1999,02,23,0.0,7.9192777,-4.290322,1999
17951,r3i1p1f1,1999,02,24,0.0,11.652263,-0.8585737,1999
17952,r3i1p1f1,1999,02,25,0.0,15.393109,0.6390699,1999
17953,r3i1p1f1,1999,02,26,0.0,13.932981,0.59259295,1999
17954,r3i1p1f1,1999,02,27,0.0,11.66596,-0.2730539,1999
17955,r3i1p1f1,1999,02,28,0.0,10.871641,-1.4705375,1999
17956,r3i1p1f1,1999,03,01,0.0,13.569648,-1.8684545,1999
17957,r3i1p1f1,1999,03,02,0.0,14.619123,-0.6044798,1999
17958,r3i1p1f1,1999,03,03,0.0,15.02688,0.8071569,1999
17959,r3i1p1f1,1999,03,04,0.0,14.455201,1.8002166,1999
17960,r3i1p1f1,1999,03,05,0.0,14.20311,-0.51163715,1999
17961,r3i1p1f1,1999,03,06,0.0,15.708944,3.614868,1999
17962,r3i1p1f1,1999,03,07,21.59732323948686,11.075261,4.550921,1999
17963,r3i1p1f1,1999,03,08,0.0,15.168302,1.3186688,1999
17964,r3i1p1f1,1999,03,09,6.152730738846769,12.849034,1.8205938,1999
17965,r3i1p1f1,1999,03,10,2.684183947727242,13.845501,2.5450885,1999
17966,r3i1p1f1,1999,03,11,0.0,17.359165,3.0778162,1999
17967,r3i1p1f1,1999,03,12,8.86332466359722,13.295553,4.367614,1999
17968,r3i1p1f1,1999,03,13,4.427025395929569,9.587795,2.600853,1999
17969,r3i1p1f1,1999,03,14,22.52222135736558,10.478677,1.6212553,1999
17970,r3i1p1f1,1999,03,15,45.71294139727558,7.975323,3.288269,1999
17971,r3i1p1f1,1999,03,16,43.18043167004362,8.118127,0.5675322,1999
17972,r3i1p1f1,1999,03,17,29.352585241002473,7.726968,0.24300285,1999
17973,r3i1p1f1,1999,03,18,25.82721667070138,6.217394,1.4349512,1999
17974,r3i1p1f1,1999,03,19,10.293158352540463,8.6535225,-1.3396868,1999
17975,r3i1p1f1,1999,03,20,3.301322299643959,10.027647,-0.104606465,1999
17976,r3i1p1f1,1999,03,21,3.107481130964037,9.224872,1.1860036,1999
17977,r3i1p1f1,1999,03,22,11.879352886094956,6.709741,0.26754528,1999
17978,r3i1p1f1,1999,03,23,33.28081190488056,4.878931,0.4330184,1999
17979,r3i1p1f1,1999,03,24,22.96553904460253,5.7178955,-1.0324954,1999
17980,r3i1p1f1,1999,03,25,1.4061176153374713,8.638639,-3.5701706,1999
17981,r3i1p1f1,1999,03,26,32.13546226830467,7.3272295,0.14447105,1999
17982,r3i1p1f1,1999,03,27,17.090016283021356,12.808525,2.2998633,1999
17983,r3i1p1f1,1999,03,28,22.126882439969403,11.811323,5.9515157,1999
17984,r3i1p1f1,1999,03,29,34.45478219685978,10.085072,5.643401,1999
17985,r3i1p1f1,1999,03,30,4.2869110703194515,9.383778,-0.26799247,1999
17986,r3i1p1f1,1999,03,31,0.0,14.483562,-2.3508594,1999
17987,r3i1p1f1,1999,04,01,0.0,16.549866,1.5257821,1999
17988,r3i1p1f1,1999,04,02,0.0,16.501911,2.6402428,1999
17989,r3i1p1f1,1999,04,03,0.0,18.528204,3.205551,1999
17990,r3i1p1f1,1999,04,04,0.0,18.586576,3.9034712,1999
17991,r3i1p1f1,1999,04,05,0.0,18.515316,3.990178,1999
17992,r3i1p1f1,1999,04,06,3.1811043443380376,16.186195,2.5303125,1999
17993,r3i1p1f1,1999,04,07,26.604241295717657,5.6653867,-3.5484877,1999
17994,r3i1p1f1,1999,04,08,15.584090999082514,1.791765,-5.8393574,1999
17995,r3i1p1f1,1999,04,09,1.5235586196420052,4.4884014,-6.851376,1999
17996,r3i1p1f1,1999,04,10,0.0,11.8923235,-3.164036,1999
17997,r3i1p1f1,1999,04,11,0.0,13.783968,-0.957984,1999
17998,r3i1p1f1,1999,04,12,6.331056255409126,10.647657,0.08118937,1999
17999,r3i1p1f1,1999,04,13,13.769498885429991,12.75636,1.5833552,1999
18000,r3i1p1f1,1999,04,14,0.0,16.740635,1.7712209,1999
18001,r3i1p1f1,1999,04,15,0.0,18.098562,2.6075032,1999
18002,r3i1p1f1,1999,04,16,17.0192372874896,14.702529,3.05267,1999
18003,r3i1p1f1,1999,04,17,34.337231679819524,9.136178,2.323664,1999
18004,r3i1p1f1,1999,04,18,74.19112884978715,8.161117,1.6235973,1999
18005,r3i1p1f1,1999,04,19,28.831236738417495,4.843886,-1.967308,1999
18006,r3i1p1f1,1999,04,20,27.921779437823908,5.369386,-2.1269712,1999
18007,r3i1p1f1,1999,04,21,21.285052280903695,6.687301,-2.5991325,1999
18008,r3i1p1f1,1999,04,22,1.2037708428627076,10.310931,-1.5976077,1999
18009,r3i1p1f1,1999,04,23,5.596203660082354,7.6420183,0.5098314,1999
18010,r3i1p1f1,1999,04,24,1.0947421443951928,12.844163,0.94793445,1999
18011,r3i1p1f1,1999,04,25,0.516539890898122,15.68249,0.2783673,1999
18012,r3i1p1f1,1999,04,26,0.0,16.623138,1.3272339,1999
18013,r3i1p1f1,1999,04,27,0.0,17.159433,6.231879,1999
18014,r3i1p1f1,1999,04,28,0.0,23.4489,4.8260293,1999
18015,r3i1p1f1,1999,04,29,0.0,23.156158,7.016144,1999
18016,r3i1p1f1,1999,04,30,0.0,20.047075,7.961353,1999
18017,r3i1p1f1,1999,05,01,17.443626767673873,11.545668,0.44241947,1999
18018,r3i1p1f1,1999,05,02,0.0,12.228061,-0.4171813,1999
18019,r3i1p1f1,1999,05,03,0.0,12.239549,1.28773,1999
18020,r3i1p1f1,1999,05,04,0.0,16.644367,2.4486554,1999
18021,r3i1p1f1,1999,05,05,0.0,17.939442,2.546636,1999
18022,r3i1p1f1,1999,05,06,0.0,17.336721,3.6929846,1999
18023,r3i1p1f1,1999,05,07,0.0,17.843567,3.8258905,1999
18024,r3i1p1f1,1999,05,08,0.0,16.961521,3.8217225,1999
18025,r3i1p1f1,1999,05,09,0.0,14.436874,5.551375,1999
18026,r3i1p1f1,1999,05,10,0.0,15.799062,1.649535,1999
18027,r3i1p1f1,1999,05,11,0.0,17.913492,2.9005797,1999
18028,r3i1p1f1,1999,05,12,0.0,20.701761,4.968579,1999
18029,r3i1p1f1,1999,05,13,0.0,20.117546,5.285638,1999
18030,r3i1p1f1,1999,05,14,5.5304676550900025,13.185375,2.734613,1999
18031,r3i1p1f1,1999,05,15,0.5892722122888173,12.91522,0.7177652,1999
18032,r3i1p1f1,1999,05,16,0.36540191289723706,17.824303,2.9851065,1999
18033,r3i1p1f1,1999,05,17,0.0,18.708189,3.8052404,1999
18034,r3i1p1f1,1999,05,18,1.3412089772923776,19.37184,2.0991807,1999
18035,r3i1p1f1,1999,05,19,0.04234980258747543,21.105303,5.620393,1999
18036,r3i1p1f1,1999,05,20,0.0,18.824957,6.665924,1999
18037,r3i1p1f1,1999,05,21,0.0,21.143293,7.468495,1999
18038,r3i1p1f1,1999,05,22,0.0,24.854631,6.6736293,1999
18039,r3i1p1f1,1999,05,23,0.0,26.71191,9.742557,1999
18040,r3i1p1f1,1999,05,24,0.0,26.312449,10.919958,1999
18041,r3i1p1f1,1999,05,25,0.0,25.571245,8.949893,1999
18042,r3i1p1f1,1999,05,26,0.0,24.237219,8.438951,1999
18043,r3i1p1f1,1999,05,27,0.0,23.925808,6.83759,1999
18044,r3i1p1f1,1999,05,28,0.0001120304916998736,23.052088,7.9228086,1999
18045,r3i1p1f1,1999,05,29,0.0,21.45496,7.582117,1999
18046,r3i1p1f1,1999,05,30,1.428810183853401,17.704714,5.1260824,1999
18047,r3i1p1f1,1999,05,31,0.6189148075033077,17.013025,6.4105077,1999
18048,r3i1p1f1,1999,06,01,0.01101719926258451,20.24152,6.2042727,1999
18049,r3i1p1f1,1999,06,02,0.0,18.445269,5.4079432,1999
18050,r3i1p1f1,1999,06,03,0.0,20.4427,4.452862,1999
18051,r3i1p1f1,1999,06,04,0.0,22.596815,6.0549693,1999
18052,r3i1p1f1,1999,06,05,0.0008947464888670334,23.752443,7.6495166,1999
18053,r3i1p1f1,1999,06,06,0.0,22.108313,9.575942,1999
18054,r3i1p1f1,1999,06,07,0.0,25.074984,8.086962,1999
18055,r3i1p1f1,1999,06,08,0.0,30.421364,11.495818,1999
18056,r3i1p1f1,1999,06,09,0.0,33.086857,14.328991,1999
18057,r3i1p1f1,1999,06,10,0.0735398002162631,33.161606,15.427272,1999
18058,r3i1p1f1,1999,06,11,0.4438271145581415,29.79819,12.365198,1999
18059,r3i1p1f1,1999,06,12,0.0,27.765736,14.096223,1999
18060,r3i1p1f1,1999,06,13,0.39807416653370875,25.065662,10.615632,1999
18061,r3i1p1f1,1999,06,14,0.7999416048589506,20.774212,7.1267266,1999
18062,r3i1p1f1,1999,06,15,0.005296745803207159,14.726686,3.0595098,1999
18063,r3i1p1f1,1999,06,16,0.06387495117163972,19.304237,2.6620395,1999
18064,r3i1p1f1,1999,06,17,0.07535492801061512,19.683594,4.5720067,1999
18065,r3i1p1f1,1999,06,18,0.0,20.959812,7.386094,1999
18066,r3i1p1f1,1999,06,19,0.0,21.18584,6.232658,1999
18067,r3i1p1f1,1999,06,20,0.0,19.567095,5.302912,1999
18068,r3i1p1f1,1999,06,21,3.644764983274447,13.636822,0.7902269,1999
18069,r3i1p1f1,1999,06,22,1.0062928447855244,10.735969,-0.9946943,1999
18070,r3i1p1f1,1999,06,23,0.0,19.487827,1.8640909,1999
18071,r3i1p1f1,1999,06,24,0.0,22.578627,5.96277,1999
18072,r3i1p1f1,1999,06,25,0.0,22.29188,6.8215384,1999
18073,r3i1p1f1,1999,06,26,0.0,20.408266,6.0804405,1999
18074,r3i1p1f1,1999,06,27,0.0,19.484226,4.799383,1999
18075,r3i1p1f1,1999,06,28,0.3866427854135461,18.232529,4.789827,1999
18076,r3i1p1f1,1999,06,29,0.05157347301352083,16.164486,6.2921596,1999
18077,r3i1p1f1,1999,06,30,1.883102989134051,18.081396,2.6955612,1999
18078,r3i1p1f1,1999,07,01,0.0,22.548338,3.6325343,1999
18079,r3i1p1f1,1999,07,02,0.0,25.464083,8.778472,1999
18080,r3i1p1f1,1999,07,03,0.0,29.99231,10.440599,1999
18081,r3i1p1f1,1999,07,04,0.0,32.46809,12.90553,1999
18082,r3i1p1f1,1999,07,05,0.0,33.06864,15.42857,1999
18083,r3i1p1f1,1999,07,06,0.0,33.18273,15.1023445,1999
18084,r3i1p1f1,1999,07,07,0.0,32.008297,14.485266,1999
18085,r3i1p1f1,1999,07,08,0.0,30.945007,15.249065,1999
18086,r3i1p1f1,1999,07,09,0.0,30.671309,14.911967,1999
18087,r3i1p1f1,1999,07,10,0.0,30.245651,13.81029,1999
18088,r3i1p1f1,1999,07,11,0.0,30.076921,12.545851,1999
18089,r3i1p1f1,1999,07,12,0.0,29.862965,12.774978,1999
18090,r3i1p1f1,1999,07,13,0.0,29.23931,13.116799,1999
18091,r3i1p1f1,1999,07,14,0.0,28.676931,14.443067,1999
18092,r3i1p1f1,1999,07,15,0.0,27.925774,13.07914,1999
18093,r3i1p1f1,1999,07,16,0.0,26.745474,11.172275,1999
18094,r3i1p1f1,1999,07,17,0.0,27.139153,10.657878,1999
18095,r3i1p1f1,1999,07,18,0.0815319545118224,28.248621,12.519258,1999
18096,r3i1p1f1,1999,07,19,5.673752859461513,29.882204,14.477819,1999
18097,r3i1p1f1,1999,07,20,1.4155801569454765,29.723839,13.046795,1999
18098,r3i1p1f1,1999,07,21,0.89586705389114,30.096676,13.951125,1999
18099,r3i1p1f1,1999,07,22,0.0,30.290058,13.697052,1999
18100,r3i1p1f1,1999,07,23,0.05280292136472111,30.77185,14.916885,1999
18101,r3i1p1f1,1999,07,24,0.0,29.473623,14.34876,1999
18102,r3i1p1f1,1999,07,25,0.04568965125240778,28.63272,12.816722,1999
18103,r3i1p1f1,1999,07,26,0.0,28.329062,11.842381,1999
18104,r3i1p1f1,1999,07,27,0.0,28.558653,11.684886,1999
18105,r3i1p1f1,1999,07,28,0.0,28.82317,12.618743,1999
18106,r3i1p1f1,1999,07,29,0.0,27.929802,12.470529,1999
18107,r3i1p1f1,1999,07,30,0.0,26.078205,11.440384,1999
18108,r3i1p1f1,1999,07,31,0.0,26.036139,9.827142,1999
18109,r3i1p1f1,1999,08,01,0.0,27.983065,10.771524,1999
18110,r3i1p1f1,1999,08,02,0.016798234623581123,30.038902,12.288722,1999
18111,r3i1p1f1,1999,08,03,0.009468262999833218,31.214163,12.945664,1999
18112,r3i1p1f1,1999,08,04,0.0,32.964474,14.410862,1999
18113,r3i1p1f1,1999,08,05,0.0,32.273384,15.8351,1999
18114,r3i1p1f1,1999,08,06,0.0,27.72015,16.7419,1999
18115,r3i1p1f1,1999,08,07,4.590290068345463,30.42439,15.594972,1999
18116,r3i1p1f1,1999,08,08,0.0,25.508081,9.956513,1999
18117,r3i1p1f1,1999,08,09,0.017408856901487236,27.251673,8.566091,1999
18118,r3i1p1f1,1999,08,10,1.935373905517305,26.825375,12.97553,1999
18119,r3i1p1f1,1999,08,11,5.6786647600682425,27.325628,15.960631,1999
18120,r3i1p1f1,1999,08,12,2.7462105888947455,26.888683,10.930484,1999
18121,r3i1p1f1,1999,08,13,0.5558734927418347,27.409498,11.640958,1999
18122,r3i1p1f1,1999,08,14,10.980920984613812,28.364717,13.89076,1999
18123,r3i1p1f1,1999,08,15,17.765285061192884,29.759918,15.5771675,1999
18124,r3i1p1f1,1999,08,16,26.750188709995296,28.096111,13.144958,1999
18125,r3i1p1f1,1999,08,17,9.355320853156675,27.29603,11.024747,1999
18126,r3i1p1f1,1999,08,18,11.53568232387586,28.575966,12.001413,1999
18127,r3i1p1f1,1999,08,19,0.18806893374283773,25.692356,10.493316,1999
18128,r3i1p1f1,1999,08,20,0.34948022037401405,22.78397,9.326453,1999
18129,r3i1p1f1,1999,08,21,2.882718751061475,25.039074,11.432342,1999
18130,r3i1p1f1,1999,08,22,0.0,19.461329,6.2942033,1999
18131,r3i1p1f1,1999,08,23,0.0,26.199017,8.839287,1999
18132,r3i1p1f1,1999,08,24,0.0,28.187994,11.712677,1999
18133,r3i1p1f1,1999,08,25,0.0,29.031923,13.063531,1999
18134,r3i1p1f1,1999,08,26,0.0017697113530869644,28.097565,13.960336,1999
18135,r3i1p1f1,1999,08,27,0.018295553194260912,29.221666,13.149854,1999
18136,r3i1p1f1,1999,08,28,0.0,28.327717,14.179739,1999
18137,r3i1p1f1,1999,08,29,0.0,27.704937,11.970398,1999
18138,r3i1p1f1,1999,08,30,0.0,29.803162,11.698175,1999
18139,r3i1p1f1,1999,08,31,0.0,30.550812,13.062938,1999
18140,r3i1p1f1,1999,09,01,0.0,29.693407,14.578681,1999
18141,r3i1p1f1,1999,09,02,0.0,30.007668,14.20173,1999
18142,r3i1p1f1,1999,09,03,0.02973091139115001,29.675333,13.945814,1999
18143,r3i1p1f1,1999,09,04,0.009125763991553532,29.125484,14.597051,1999
18144,r3i1p1f1,1999,09,05,0.0,27.901575,14.08143,1999
18145,r3i1p1f1,1999,09,06,0.0,28.85363,12.612726,1999
18146,r3i1p1f1,1999,09,07,0.0,29.842537,12.814348,1999
18147,r3i1p1f1,1999,09,08,0.0,32.41738,14.358687,1999
18148,r3i1p1f1,1999,09,09,0.0,32.165997,15.208595,1999
18149,r3i1p1f1,1999,09,10,0.0,31.310072,15.245911,1999
18150,r3i1p1f1,1999,09,11,0.0,29.319403,13.035691,1999
18151,r3i1p1f1,1999,09,12,0.0,30.232338,12.755973,1999
18152,r3i1p1f1,1999,09,13,0.0,30.183918,13.492758,1999
18153,r3i1p1f1,1999,09,14,0.0,30.445534,13.10132,1999
18154,r3i1p1f1,1999,09,15,0.0,30.56516,14.122895,1999
18155,r3i1p1f1,1999,09,16,0.0,31.22282,14.025031,1999
18156,r3i1p1f1,1999,09,17,0.0,30.429714,13.521158,1999
18157,r3i1p1f1,1999,09,18,0.0,29.420223,13.9967985,1999
18158,r3i1p1f1,1999,09,19,0.0,28.228565,12.517984,1999
18159,r3i1p1f1,1999,09,20,0.0,27.556824,12.292306,1999
18160,r3i1p1f1,1999,09,21,0.0,26.88699,10.56655,1999
18161,r3i1p1f1,1999,09,22,0.0,25.90587,10.418252,1999
18162,r3i1p1f1,1999,09,23,0.0,26.532919,9.842692,1999
18163,r3i1p1f1,1999,09,24,0.0,27.003727,11.085429,1999
18164,r3i1p1f1,1999,09,25,0.0,26.82315,11.062121,1999
18165,r3i1p1f1,1999,09,26,0.0,26.726656,10.884046,1999
18166,r3i1p1f1,1999,09,27,0.0,24.777216,9.89715,1999
18167,r3i1p1f1,1999,09,28,0.0,21.616026,4.811628,1999
18168,r3i1p1f1,1999,09,29,0.0,21.49733,4.409758,1999
18169,r3i1p1f1,1999,09,30,0.0,19.67144,5.9120297,1999
18170,r3i1p1f1,1999,10,01,0.0,23.201157,8.2464905,1999
18171,r3i1p1f1,1999,10,02,0.0,23.18102,9.269084,1999
18172,r3i1p1f1,1999,10,03,0.0,25.826712,9.659728,1999
18173,r3i1p1f1,1999,10,04,0.0,26.77395,10.818176,1999
18174,r3i1p1f1,1999,10,05,0.08797660746878185,25.273352,9.150173,1999
18175,r3i1p1f1,1999,10,06,31.910719045845326,26.35593,12.469713,1999
18176,r3i1p1f1,1999,10,07,11.557150734848907,15.054871,6.19627,1999
18177,r3i1p1f1,1999,10,08,0.0,20.623062,5.49656,1999
18178,r3i1p1f1,1999,10,09,12.724102297215723,23.147264,9.597645,1999
18179,r3i1p1f1,1999,10,10,0.0,14.220961,2.8287485,1999
18180,r3i1p1f1,1999,10,11,0.07688539427889689,17.98984,4.8291826,1999
18181,r3i1p1f1,1999,10,12,0.0,20.664886,6.506678,1999
18182,r3i1p1f1,1999,10,13,0.0,22.844595,6.6359315,1999
18183,r3i1p1f1,1999,10,14,0.0,24.25431,9.637476,1999
18184,r3i1p1f1,1999,10,15,0.0,22.594378,9.821871,1999
18185,r3i1p1f1,1999,10,16,0.0721744510596373,21.8276,11.087008,1999
18186,r3i1p1f1,1999,10,17,0.0,21.54905,7.0921955,1999
18187,r3i1p1f1,1999,10,18,0.0,21.05517,4.576556,1999
18188,r3i1p1f1,1999,10,19,0.0,20.587826,6.789156,1999
18189,r3i1p1f1,1999,10,20,0.0,21.07766,6.11154,1999
18190,r3i1p1f1,1999,10,21,40.92803058508588,22.036812,10.243663,1999
18191,r3i1p1f1,1999,10,22,43.40370245841577,13.202084,5.523297,1999
18192,r3i1p1f1,1999,10,23,0.0,12.470261,1.9449217,1999
18193,r3i1p1f1,1999,10,24,6.112601358434308,10.319638,0.20787361,1999
18194,r3i1p1f1,1999,10,25,0.0,15.529255,-0.2610783,1999
18195,r3i1p1f1,1999,10,26,0.0,18.487617,2.1538951,1999
18196,r3i1p1f1,1999,10,27,0.0,19.77579,3.8749087,1999
18197,r3i1p1f1,1999,10,28,0.0,21.450132,6.0215435,1999
18198,r3i1p1f1,1999,10,29,11.124324234888741,20.28866,9.249286,1999
18199,r3i1p1f1,1999,10,30,31.94486164659458,9.569332,1.993325,1999
18200,r3i1p1f1,1999,10,31,8.287815829910533,10.04306,2.9987094,1999
18201,r3i1p1f1,1999,11,01,0.0,15.938813,1.7067558,1999
18202,r3i1p1f1,1999,11,02,0.0,17.953667,3.3272054,1999
18203,r3i1p1f1,1999,11,03,0.0,20.367825,6.8166184,1999
18204,r3i1p1f1,1999,11,04,24.54375561424776,16.910896,6.935626,1999
18205,r3i1p1f1,1999,11,05,24.455541069619358,12.862142,1.7160655,1999
18206,r3i1p1f1,1999,11,06,6.204249342983148,12.878901,1.7001163,1999
18207,r3i1p1f1,1999,11,07,7.750757013663564,9.96548,0.89262795,1999
18208,r3i1p1f1,1999,11,08,0.0,9.344335,-4.9243226,1999
18209,r3i1p1f1,1999,11,09,0.0,12.1109705,-2.1175487,1999
18210,r3i1p1f1,1999,11,10,0.0,13.267872,-2.624538,1999
18211,r3i1p1f1,1999,11,11,0.0,12.222537,1.588025,1999
18212,r3i1p1f1,1999,11,12,0.0,11.91879,-1.6452014,1999
18213,r3i1p1f1,1999,11,13,0.0,11.280134,-1.4377207,1999
18214,r3i1p1f1,1999,11,14,1.124020433627792,10.994159,3.6291542,1999
18215,r3i1p1f1,1999,11,15,62.79777197020226,10.303894,2.6245522,1999
18216,r3i1p1f1,1999,11,16,38.44830712646638,8.401435,0.36680266,1999
18217,r3i1p1f1,1999,11,17,24.371604321794095,5.1571817,-2.3510325,1999
18218,r3i1p1f1,1999,11,18,57.59194259482779,4.1654644,-2.4322474,1999
18219,r3i1p1f1,1999,11,19,20.185188651942696,2.1958466,-2.9252656,1999
18220,r3i1p1f1,1999,11,20,12.271090785629655,4.429724,-5.7353044,1999
18221,r3i1p1f1,1999,11,21,0.0,7.5206223,-7.61686,1999
18222,r3i1p1f1,1999,11,22,0.0,7.6080236,-6.089634,1999
18223,r3i1p1f1,1999,11,23,4.3080611579793375,8.796964,-0.2775121,1999
18224,r3i1p1f1,1999,11,24,0.0,10.218099,-4.105773,1999
18225,r3i1p1f1,1999,11,25,6.789948598873851,10.331985,1.8292528,1999
18226,r3i1p1f1,1999,11,26,0.0,12.0034,-0.3985908,1999
18227,r3i1p1f1,1999,11,27,0.0,9.333593,3.2421403,1999
18228,r3i1p1f1,1999,11,28,0.0,12.540108,-1.3546828,1999
18229,r3i1p1f1,1999,11,29,0.0,12.447741,0.30403504,1999
18230,r3i1p1f1,1999,11,30,0.0,16.289223,0.721536,1999
18231,r3i1p1f1,1999,12,01,0.0,16.591078,4.492713,1999
18232,r3i1p1f1,1999,12,02,0.0,15.624382,2.9040143,1999
18233,r3i1p1f1,1999,12,03,0.0,15.877509,3.0244517,1999
18234,r3i1p1f1,1999,12,04,0.0,16.708126,5.048292,1999
18235,r3i1p1f1,1999,12,05,0.0,15.778495,3.5453784,1999
18236,r3i1p1f1,1999,12,06,0.0,16.234394,3.7276742,1999
18237,r3i1p1f1,1999,12,07,0.0,18.42204,6.352901,1999
18238,r3i1p1f1,1999,12,08,35.52115644377313,15.131875,3.17675,1999
18239,r3i1p1f1,1999,12,09,9.970863401280152,4.4184217,-1.3115215,1999
18240,r3i1p1f1,1999,12,10,36.38533747902042,8.415555,1.5555346,1999
18241,r3i1p1f1,1999,12,11,32.44420146496084,14.03412,7.0661073,1999
18242,r3i1p1f1,1999,12,12,92.89990378249632,13.881551,2.2698047,1999
18243,r3i1p1f1,1999,12,13,4.925487886526082,6.323233,-0.03388504,1999
18244,r3i1p1f1,1999,12,14,32.185276203151595,4.5191517,-0.89726603,1999
18245,r3i1p1f1,1999,12,15,2.497272185734657,9.004516,-1.762273,1999
18246,r3i1p1f1,1999,12,16,0.0,8.766072,-2.9733639,1999
18247,r3i1p1f1,1999,12,17,21.982316461416257,6.5961018,0.29653275,1999
18248,r3i1p1f1,1999,12,18,0.0,8.845952,-0.3719449,1999
18249,r3i1p1f1,1999,12,19,0.20377826011482333,9.890067,-1.0710813,1999
18250,r3i1p1f1,1999,12,20,6.352658021052393,5.9909415,-2.61458,1999
18251,r3i1p1f1,1999,12,21,0.0,7.92175,0.5771161,1999
18252,r3i1p1f1,1999,12,22,0.0,10.022935,-2.807018,1999
18253,r3i1p1f1,1999,12,23,0.0,11.8607645,-0.3906567,1999
18254,r3i1p1f1,1999,12,24,0.0,11.963336,2.9727786,1999
18255,r3i1p1f1,1999,12,25,16.254971395736856,7.9338565,-0.8040656,1999
18256,r3i1p1f1,1999,12,26,0.0,9.261228,-2.757673,1999
18257,r3i1p1f1,1999,12,27,0.0,10.313222,-1.4690264,1999
18258,r3i1p1f1,1999,12,28,0.7728796005003938,11.125512,-0.7179234,1999
18259,r3i1p1f1,1999,12,29,0.016923378241603802,6.8246017,-3.6813228,1999
18260,r3i1p1f1,1999,12,30,15.97758494991515,5.715963,1.512512,1999
18261,r3i1p1f1,1999,12,31,0.0,8.596974,0.2057212,1999
18262,r3i1p1f1,2000,01,01,0.0,10.343676,-0.8939671,2000
18263,r3i1p1f1,2000,01,02,0.0,13.37737,-0.015515124,2000
18264,r3i1p1f1,2000,01,03,0.0,15.468095,1.5678729,2000
18265,r3i1p1f1,2000,01,04,0.0,15.8891325,3.7141016,2000
18266,r3i1p1f1,2000,01,05,0.0142331994299495,13.656692,5.9793773,2000
18267,r3i1p1f1,2000,01,06,0.0,13.48822,1.374506,2000
18268,r3i1p1f1,2000,01,07,6.868271438380409,9.6497965,0.5775578,2000
18269,r3i1p1f1,2000,01,08,0.0,8.286838,-3.3463063,2000
18270,r3i1p1f1,2000,01,09,0.12026048927126747,7.5211086,-4.374131,2000
18271,r3i1p1f1,2000,01,10,1.2590816173829615,10.011891,-2.0039473,2000
18272,r3i1p1f1,2000,01,11,34.001176064147764,6.5637913,2.3183684,2000
18273,r3i1p1f1,2000,01,12,17.58675521276401,5.057541,-1.4020528,2000
18274,r3i1p1f1,2000,01,13,68.5263102531041,7.82202,2.3876832,2000
18275,r3i1p1f1,2000,01,14,21.679362410520156,9.798196,0.44294527,2000
18276,r3i1p1f1,2000,01,15,8.75741213094443,5.0281954,-2.6865664,2000
18277,r3i1p1f1,2000,01,16,0.0,9.341726,-3.4412067,2000
18278,r3i1p1f1,2000,01,17,0.0,11.218362,-0.5180451,2000
18279,r3i1p1f1,2000,01,18,0.0,12.2284355,0.924313,2000
18280,r3i1p1f1,2000,01,19,0.0,11.190195,4.40898,2000
18281,r3i1p1f1,2000,01,20,0.0,12.844704,0.65323126,2000
18282,r3i1p1f1,2000,01,21,0.0,14.32826,2.314626,2000
18283,r3i1p1f1,2000,01,22,0.7711925549588877,11.850047,0.9133975,2000
18284,r3i1p1f1,2000,01,23,13.44755163146673,8.083933,3.5128832,2000
18285,r3i1p1f1,2000,01,24,28.24535596699111,7.3296843,-2.9295185,2000
18286,r3i1p1f1,2000,01,25,11.189913333510049,5.325603,-1.3597102,2000
18287,r3i1p1f1,2000,01,26,49.983372103030746,4.621267,0.65418905,2000
18288,r3i1p1f1,2000,01,27,0.0,9.6518545,-1.7641972,2000
18289,r3i1p1f1,2000,01,28,0.0,8.903909,-3.2839038,2000
18290,r3i1p1f1,2000,01,29,0.0,8.587388,-3.453915,2000
18291,r3i1p1f1,2000,01,30,0.0,7.7702203,-4.1977096,2000
18292,r3i1p1f1,2000,01,31,0.0,7.216603,-3.4996364,2000
18293,r3i1p1f1,2000,02,01,0.0,7.195581,-3.4874542,2000
18294,r3i1p1f1,2000,02,02,0.0,7.620199,-3.8880367,2000
18295,r3i1p1f1,2000,02,03,0.0,10.625071,-1.7705957,2000
18296,r3i1p1f1,2000,02,04,0.0,14.860188,0.0011214169,2000
18297,r3i1p1f1,2000,02,05,0.0,16.773396,1.0327708,2000
18298,r3i1p1f1,2000,02,06,0.0,17.223072,1.614732,2000
18299,r3i1p1f1,2000,02,07,0.0,16.948185,1.5184876,2000
18300,r3i1p1f1,2000,02,08,0.9242806915081976,14.127087,1.970388,2000
18301,r3i1p1f1,2000,02,09,29.788353281879896,8.745273,3.5458503,2000
18302,r3i1p1f1,2000,02,10,49.880475972435974,7.778444,2.671826,2000
18303,r3i1p1f1,2000,02,11,7.909213112265877,7.601231,-0.13317008,2000
18304,r3i1p1f1,2000,02,12,32.900933801245536,9.355067,2.8145163,2000
18305,r3i1p1f1,2000,02,13,17.953876940239418,8.088431,1.8497698,2000
18306,r3i1p1f1,2000,02,14,11.351570500195713,6.8181987,-0.040663633,2000
18307,r3i1p1f1,2000,02,15,17.261304881570762,6.3230615,0.340533,2000
18308,r3i1p1f1,2000,02,16,24.598594701628347,5.955003,-1.2789307,2000
18309,r3i1p1f1,2000,02,17,0.0012603657332396036,9.486435,-1.3045638,2000
18310,r3i1p1f1,2000,02,18,20.51137838708727,5.2417307,-3.1823325,2000
18311,r3i1p1f1,2000,02,19,10.245614803218478,3.4797385,-3.2024407,2000
18312,r3i1p1f1,2000,02,20,0.0,10.851822,-2.807591,2000
18313,r3i1p1f1,2000,02,21,0.013615464941770034,11.003451,1.6724122,2000
18314,r3i1p1f1,2000,02,22,12.563636489702683,8.376348,-1.65369,2000
18315,r3i1p1f1,2000,02,23,12.746445542985672,7.499744,-1.1973854,2000
18316,r3i1p1f1,2000,02,24,48.252646527008004,6.0292463,-0.54299337,2000
18317,r3i1p1f1,2000,02,25,0.0,6.1475077,-1.2811643,2000
18318,r3i1p1f1,2000,02,26,13.242927535535081,2.69049,-3.8928964,2000
18319,r3i1p1f1,2000,02,27,0.0,8.093879,-4.6051335,2000
18320,r3i1p1f1,2000,02,28,0.0,12.052114,-2.1802557,2000
18321,r3i1p1f1,2000,02,29,0.0,15.104047,1.2444719,2000
18322,r3i1p1f1,2000,03,01,3.6842527762162622,12.692288,6.361394,2000
18323,r3i1p1f1,2000,03,02,0.7693940220250577,10.361813,1.2320057,2000
18324,r3i1p1f1,2000,03,03,0.0,10.96511,-1.983964,2000
18325,r3i1p1f1,2000,03,04,20.642216246281016,6.9762254,-0.4911398,2000
18326,r3i1p1f1,2000,03,05,14.553884372396983,4.353733,-2.4028454,2000
18327,r3i1p1f1,2000,03,06,41.42234454568671,3.560555,-0.97154945,2000
18328,r3i1p1f1,2000,03,07,28.783909219170088,1.8733577,-3.941795,2000
18329,r3i1p1f1,2000,03,08,5.025271597103136,2.6330962,-3.9625459,2000
18330,r3i1p1f1,2000,03,09,1.5306839093203675,7.669492,-2.7496111,2000
18331,r3i1p1f1,2000,03,10,14.62170968297869,5.160394,-3.489576,2000
18332,r3i1p1f1,2000,03,11,0.043046938892649975,8.804849,-3.4161081,2000
18333,r3i1p1f1,2000,03,12,0.0,8.951462,-4.126428,2000
18334,r3i1p1f1,2000,03,13,0.0,11.663911,-3.72289,2000
18335,r3i1p1f1,2000,03,14,0.0,12.921222,-2.885211,2000
18336,r3i1p1f1,2000,03,15,0.0,11.647899,-2.4078758,2000
18337,r3i1p1f1,2000,03,16,0.3351375711836705,10.671743,-1.7766979,2000
18338,r3i1p1f1,2000,03,17,0.0,15.097278,-1.1857499,2000
18339,r3i1p1f1,2000,03,18,0.0,14.93087,-1.1584817,2000
18340,r3i1p1f1,2000,03,19,0.19434890587274967,11.985675,-1.6075253,2000
18341,r3i1p1f1,2000,03,20,0.0,9.228194,-5.012339,2000
18342,r3i1p1f1,2000,03,21,0.0,13.58532,-3.1302774,2000
18343,r3i1p1f1,2000,03,22,0.0,14.387954,-3.128018,2000
18344,r3i1p1f1,2000,03,23,0.0,13.089851,3.414376,2000
18345,r3i1p1f1,2000,03,24,0.3123877847285353,13.045229,2.1558588,2000
18346,r3i1p1f1,2000,03,25,0.0,15.697425,0.43989733,2000
18347,r3i1p1f1,2000,03,26,0.0,16.003298,5.9232645,2000
18348,r3i1p1f1,2000,03,27,0.0,20.158184,2.88893,2000
18349,r3i1p1f1,2000,03,28,0.0,19.307573,3.6572928,2000
18350,r3i1p1f1,2000,03,29,6.152874993858859,13.531976,2.8055336,2000
18351,r3i1p1f1,2000,03,30,0.0,19.45874,2.7987957,2000
18352,r3i1p1f1,2000,03,31,0.0,22.16448,5.56443,2000
18353,r3i1p1f1,2000,04,01,0.0,21.898613,8.5929,2000
18354,r3i1p1f1,2000,04,02,0.0,25.667244,8.794676,2000
18355,r3i1p1f1,2000,04,03,0.0,25.792917,9.073721,2000
18356,r3i1p1f1,2000,04,04,0.0,25.660051,8.608475,2000
18357,r3i1p1f1,2000,04,05,0.0,24.972614,9.688136,2000
18358,r3i1p1f1,2000,04,06,0.0,22.619822,8.6516075,2000
18359,r3i1p1f1,2000,04,07,0.04650635924726406,18.810167,4.777,2000
18360,r3i1p1f1,2000,04,08,0.0,16.810087,1.9972297,2000
18361,r3i1p1f1,2000,04,09,0.0,16.491833,2.5543258,2000
18362,r3i1p1f1,2000,04,10,0.0,18.241737,2.8502326,2000
18363,r3i1p1f1,2000,04,11,0.0,21.12901,4.1914196,2000
18364,r3i1p1f1,2000,04,12,0.0,23.652256,6.3557878,2000
18365,r3i1p1f1,2000,04,13,0.0,24.543447,7.27295,2000
18366,r3i1p1f1,2000,04,14,0.0,23.742577,7.1017156,2000
18367,r3i1p1f1,2000,04,15,0.0,22.705475,8.198006,2000
18368,r3i1p1f1,2000,04,16,0.22995772524154745,18.995459,6.868337,2000
18369,r3i1p1f1,2000,04,17,5.568089919267406,11.249226,-2.6753411,2000
18370,r3i1p1f1,2000,04,18,0.0,10.762353,-2.9999528,2000
18371,r3i1p1f1,2000,04,19,0.0,11.580205,-1.7099888,2000
18372,r3i1p1f1,2000,04,20,0.0,16.75187,0.28191254,2000
18373,r3i1p1f1,2000,04,21,0.0,19.911041,2.6022615,2000
18374,r3i1p1f1,2000,04,22,3.8431882876274788,16.732552,0.63827497,2000
18375,r3i1p1f1,2000,04,23,0.0,14.849708,-0.96542555,2000
18376,r3i1p1f1,2000,04,24,0.0,17.311241,0.9028161,2000
18377,r3i1p1f1,2000,04,25,0.0,18.401287,3.440284,2000
18378,r3i1p1f1,2000,04,26,0.0,16.997345,2.1547148,2000
18379,r3i1p1f1,2000,04,27,0.39281516202256744,13.668572,2.5072296,2000
18380,r3i1p1f1,2000,04,28,1.427142593533254,11.658757,1.0944756,2000
18381,r3i1p1f1,2000,04,29,0.09035877404752873,17.01285,0.62580913,2000
18382,r3i1p1f1,2000,04,30,0.0,21.679895,3.9289818,2000
18383,r3i1p1f1,2000,05,01,0.0,21.837492,5.3640532,2000
18384,r3i1p1f1,2000,05,02,0.0,20.381824,6.0072517,2000
18385,r3i1p1f1,2000,05,03,0.0,22.89966,4.9718714,2000
18386,r3i1p1f1,2000,05,04,0.6508636406674908,21.74664,5.0222435,2000
18387,r3i1p1f1,2000,05,05,1.3755717050068932,18.2567,5.2480183,2000
18388,r3i1p1f1,2000,05,06,0.21916579112018408,22.148373,5.6211243,2000
18389,r3i1p1f1,2000,05,07,0.32287708473679805,22.750559,6.7287774,2000
18390,r3i1p1f1,2000,05,08,0.2132838027280645,22.798624,6.21081,2000
18391,r3i1p1f1,2000,05,09,0.0014057378345904382,21.790192,7.397874,2000
18392,r3i1p1f1,2000,05,10,0.0,20.570559,6.17258,2000
18393,r3i1p1f1,2000,05,11,0.0,19.673893,3.1219335,2000
18394,r3i1p1f1,2000,05,12,0.0,19.300922,3.7545881,2000
18395,r3i1p1f1,2000,05,13,0.10804470588673691,18.826359,4.1726437,2000
18396,r3i1p1f1,2000,05,14,0.21683359757030543,19.17986,3.146151,2000
18397,r3i1p1f1,2000,05,15,0.0,21.80582,5.0855775,2000
18398,r3i1p1f1,2000,05,16,0.0,24.01282,7.5665,2000
18399,r3i1p1f1,2000,05,17,0.0,26.243624,9.338328,2000
18400,r3i1p1f1,2000,05,18,0.0,29.454302,10.05465,2000
18401,r3i1p1f1,2000,05,19,0.0,30.561274,12.191755,2000
18402,r3i1p1f1,2000,05,20,0.0,29.426828,14.048678,2000
18403,r3i1p1f1,2000,05,21,0.0,27.489155,10.387841,2000
18404,r3i1p1f1,2000,05,22,0.0,21.725578,7.1555486,2000
18405,r3i1p1f1,2000,05,23,0.0,19.482618,4.397031,2000
18406,r3i1p1f1,2000,05,24,0.0,18.89512,4.9867835,2000
18407,r3i1p1f1,2000,05,25,2.1175902540562674,15.008707,3.8292172,2000
18408,r3i1p1f1,2000,05,26,14.629400307067522,12.311919,-1.4089993,2000
18409,r3i1p1f1,2000,05,27,42.80890957574899,7.478667,0.41703358,2000
18410,r3i1p1f1,2000,05,28,0.0,19.586866,1.0728226,2000
18411,r3i1p1f1,2000,05,29,0.0,21.672615,6.340091,2000
18412,r3i1p1f1,2000,05,30,0.0,23.385466,7.520593,2000
18413,r3i1p1f1,2000,05,31,0.011888008999736294,23.405722,8.20022,2000
18414,r3i1p1f1,2000,06,01,0.0,22.771301,8.633648,2000
18415,r3i1p1f1,2000,06,02,0.0,23.116491,6.2522664,2000
18416,r3i1p1f1,2000,06,03,0.0,25.946709,7.7155538,2000
18417,r3i1p1f1,2000,06,04,0.0,27.410303,9.764976,2000
18418,r3i1p1f1,2000,06,05,0.0,27.003098,10.438248,2000
18419,r3i1p1f1,2000,06,06,0.0,25.75991,9.319048,2000
18420,r3i1p1f1,2000,06,07,0.0,27.293524,9.0793295,2000
18421,r3i1p1f1,2000,06,08,0.0,31.02322,11.806882,2000
18422,r3i1p1f1,2000,06,09,0.0,30.894169,14.484583,2000
18423,r3i1p1f1,2000,06,10,0.0,29.175339,12.888847,2000
18424,r3i1p1f1,2000,06,11,0.0,28.144634,11.179889,2000
18425,r3i1p1f1,2000,06,12,0.0,26.882328,9.731578,2000
18426,r3i1p1f1,2000,06,13,3.3964595123267682,18.570225,2.4620857,2000
18427,r3i1p1f1,2000,06,14,0.0,20.981207,5.6683254,2000
18428,r3i1p1f1,2000,06,15,0.0,26.96718,8.199188,2000
18429,r3i1p1f1,2000,06,16,0.0,29.753035,11.418362,2000
18430,r3i1p1f1,2000,06,17,0.0,28.939014,12.468299,2000
18431,r3i1p1f1,2000,06,18,0.0010230995222197013,27.545135,11.206138,2000
18432,r3i1p1f1,2000,06,19,0.0,29.938597,11.949599,2000
18433,r3i1p1f1,2000,06,20,0.0,29.8561,12.9749565,2000
18434,r3i1p1f1,2000,06,21,0.0,28.208668,12.313305,2000
18435,r3i1p1f1,2000,06,22,0.0,24.630562,9.303166,2000
18436,r3i1p1f1,2000,06,23,0.0,22.35604,7.241637,2000
18437,r3i1p1f1,2000,06,24,0.0,25.424795,8.533034,2000
18438,r3i1p1f1,2000,06,25,0.0,30.035345,12.183911,2000
18439,r3i1p1f1,2000,06,26,0.0,32.070557,14.360925,2000
18440,r3i1p1f1,2000,06,27,0.0,31.639376,15.49681,2000
18441,r3i1p1f1,2000,06,28,0.0,32.118923,15.106527,2000
18442,r3i1p1f1,2000,06,29,0.0,33.6084,14.920632,2000
18443,r3i1p1f1,2000,06,30,0.0,32.98418,16.073408,2000
18444,r3i1p1f1,2000,07,01,0.0,31.425617,13.260052,2000
18445,r3i1p1f1,2000,07,02,0.0,33.621315,14.443174,2000
18446,r3i1p1f1,2000,07,03,0.0,33.519104,16.01116,2000
18447,r3i1p1f1,2000,07,04,0.0,32.6236,14.955369,2000
18448,r3i1p1f1,2000,07,05,0.0,33.67517,14.77519,2000
18449,r3i1p1f1,2000,07,06,0.0,33.304996,15.792759,2000
18450,r3i1p1f1,2000,07,07,0.0,29.829073,15.197703,2000
18451,r3i1p1f1,2000,07,08,0.0,28.270868,12.986024,2000
18452,r3i1p1f1,2000,07,09,0.0,26.889547,10.386365,2000
18453,r3i1p1f1,2000,07,10,0.0,25.12425,9.542467,2000
18454,r3i1p1f1,2000,07,11,0.0,27.57672,11.15004,2000
18455,r3i1p1f1,2000,07,12,0.0,28.904362,12.595876,2000
18456,r3i1p1f1,2000,07,13,0.43662986069983545,28.553255,13.11166,2000
18457,r3i1p1f1,2000,07,14,0.28266998636498003,29.511932,13.328521,2000
18458,r3i1p1f1,2000,07,15,0.0,29.161837,13.6904545,2000
18459,r3i1p1f1,2000,07,16,0.0,28.366343,11.586954,2000
18460,r3i1p1f1,2000,07,17,0.0,27.690569,10.497737,2000
18461,r3i1p1f1,2000,07,18,0.0,28.077013,12.276663,2000
18462,r3i1p1f1,2000,07,19,0.0,28.749495,11.961865,2000
18463,r3i1p1f1,2000,07,20,0.0,29.588463,12.029274,2000
18464,r3i1p1f1,2000,07,21,0.0,29.279484,13.148137,2000
18465,r3i1p1f1,2000,07,22,0.0,27.743425,11.305648,2000
18466,r3i1p1f1,2000,07,23,0.0,25.532715,9.618475,2000
18467,r3i1p1f1,2000,07,24,0.0,27.624622,10.217845,2000
18468,r3i1p1f1,2000,07,25,0.0,28.72276,11.479805,2000
18469,r3i1p1f1,2000,07,26,0.0,29.075058,12.678947,2000
18470,r3i1p1f1,2000,07,27,0.0,30.079344,11.933915,2000
18471,r3i1p1f1,2000,07,28,0.0,29.808167,13.094894,2000
18472,r3i1p1f1,2000,07,29,0.0,30.43153,12.616868,2000
18473,r3i1p1f1,2000,07,30,0.0,33.83983,14.524943,2000
18474,r3i1p1f1,2000,07,31,0.0,36.11421,16.697271,2000
18475,r3i1p1f1,2000,08,01,0.0,36.966152,19.232128,2000
18476,r3i1p1f1,2000,08,02,0.0,37.436905,19.577766,2000
18477,r3i1p1f1,2000,08,03,0.0,37.207767,19.51618,2000
18478,r3i1p1f1,2000,08,04,0.0,35.0097,17.013641,2000
18479,r3i1p1f1,2000,08,05,0.0,32.800335,16.39364,2000
18480,r3i1p1f1,2000,08,06,0.0,30.35363,15.66334,2000
18481,r3i1p1f1,2000,08,07,0.0,29.545954,14.026596,2000
18482,r3i1p1f1,2000,08,08,0.0,30.405014,12.187783,2000
18483,r3i1p1f1,2000,08,09,0.0,32.08008,13.570809,2000
18484,r3i1p1f1,2000,08,10,0.0,34.77232,15.086132,2000
18485,r3i1p1f1,2000,08,11,0.0,34.472904,16.961836,2000
18486,r3i1p1f1,2000,08,12,0.0,32.651756,17.12889,2000
18487,r3i1p1f1,2000,08,13,0.0,27.502565,14.1847725,2000
18488,r3i1p1f1,2000,08,14,0.0,27.068459,10.201985,2000
18489,r3i1p1f1,2000,08,15,0.0,26.588097,10.602751,2000
18490,r3i1p1f1,2000,08,16,0.0,28.372011,10.358115,2000
18491,r3i1p1f1,2000,08,17,0.0,30.552576,13.107321,2000
18492,r3i1p1f1,2000,08,18,0.0,30.416496,13.348728,2000
18493,r3i1p1f1,2000,08,19,0.0,28.44634,12.512541,2000
18494,r3i1p1f1,2000,08,20,0.0,26.96049,10.799138,2000
18495,r3i1p1f1,2000,08,21,0.0,26.135208,10.367818,2000
18496,r3i1p1f1,2000,08,22,0.0,30.042425,12.016002,2000
18497,r3i1p1f1,2000,08,23,0.0,33.448914,14.414856,2000
18498,r3i1p1f1,2000,08,24,0.0,33.909676,16.057455,2000
18499,r3i1p1f1,2000,08,25,0.0,33.582886,16.6698,2000
18500,r3i1p1f1,2000,08,26,0.0,34.15414,17.467745,2000
18501,r3i1p1f1,2000,08,27,0.0,35.628086,17.663275,2000
18502,r3i1p1f1,2000,08,28,0.0,35.59653,17.905123,2000
18503,r3i1p1f1,2000,08,29,0.0,34.092827,17.849846,2000
18504,r3i1p1f1,2000,08,30,0.0,32.772476,16.317434,2000
18505,r3i1p1f1,2000,08,31,0.0,30.8869,14.606975,2000
18506,r3i1p1f1,2000,09,01,0.0,27.600786,14.254688,2000
18507,r3i1p1f1,2000,09,02,0.1784943719700861,27.447918,13.929141,2000
18508,r3i1p1f1,2000,09,03,0.0,27.350176,12.120764,2000
18509,r3i1p1f1,2000,09,04,0.0,26.486189,9.81164,2000
18510,r3i1p1f1,2000,09,05,0.0,21.912428,7.40249,2000
18511,r3i1p1f1,2000,09,06,0.0,19.020445,5.915239,2000
18512,r3i1p1f1,2000,09,07,0.0,22.914402,6.3349667,2000
18513,r3i1p1f1,2000,09,08,0.0,26.074451,9.210787,2000
18514,r3i1p1f1,2000,09,09,0.0,27.498907,10.724217,2000
18515,r3i1p1f1,2000,09,10,0.0,26.014864,9.815026,2000
18516,r3i1p1f1,2000,09,11,0.0,24.158918,9.251054,2000
18517,r3i1p1f1,2000,09,12,22.958784566358908,19.965845,8.855804,2000
18518,r3i1p1f1,2000,09,13,0.718057733458983,25.095478,10.251529,2000
18519,r3i1p1f1,2000,09,14,3.4820172115072827,25.917042,11.12756,2000
18520,r3i1p1f1,2000,09,15,0.13889548564819912,24.002905,9.208687,2000
18521,r3i1p1f1,2000,09,16,5.6235236966657745,22.213789,8.966493,2000
18522,r3i1p1f1,2000,09,17,15.157057278127851,17.563404,8.181012,2000
18523,r3i1p1f1,2000,09,18,0.0,20.778053,5.522353,2000
18524,r3i1p1f1,2000,09,19,0.0,25.988476,8.042505,2000
18525,r3i1p1f1,2000,09,20,0.0,26.36047,10.566099,2000
18526,r3i1p1f1,2000,09,21,0.016676257799094617,26.13908,9.91529,2000
18527,r3i1p1f1,2000,09,22,0.16885959102134956,26.700388,10.719831,2000
18528,r3i1p1f1,2000,09,23,0.012051802140807635,25.480343,11.087999,2000
18529,r3i1p1f1,2000,09,24,0.0,23.770502,9.530497,2000
18530,r3i1p1f1,2000,09,25,0.0,24.407475,9.160315,2000
18531,r3i1p1f1,2000,09,26,0.0,25.145727,9.525459,2000
18532,r3i1p1f1,2000,09,27,0.0,25.093082,9.5357065,2000
18533,r3i1p1f1,2000,09,28,0.04321948618828748,25.047667,11.766569,2000
18534,r3i1p1f1,2000,09,29,0.7574002095153494,26.202908,14.239591,2000
18535,r3i1p1f1,2000,09,30,4.523591159409079,23.931324,9.76295,2000
18536,r3i1p1f1,2000,10,01,0.0,24.457754,9.246324,2000
18537,r3i1p1f1,2000,10,02,0.0,26.206854,10.576807,2000
18538,r3i1p1f1,2000,10,03,0.0,25.765123,11.692824,2000
18539,r3i1p1f1,2000,10,04,0.0,26.021618,10.58743,2000
18540,r3i1p1f1,2000,10,05,0.0,26.162334,9.703418,2000
18541,r3i1p1f1,2000,10,06,0.0,25.118093,10.411158,2000
18542,r3i1p1f1,2000,10,07,0.0,22.784794,9.39269,2000
18543,r3i1p1f1,2000,10,08,0.0,23.480194,6.8145046,2000
18544,r3i1p1f1,2000,10,09,0.0,23.187864,7.572587,2000
18545,r3i1p1f1,2000,10,10,0.0,22.254972,8.1745405,2000
18546,r3i1p1f1,2000,10,11,0.0,22.086466,6.4700556,2000
18547,r3i1p1f1,2000,10,12,0.0,22.568075,6.0403943,2000
18548,r3i1p1f1,2000,10,13,0.0,22.23078,6.3853803,2000
18549,r3i1p1f1,2000,10,14,0.0,21.074871,8.285815,2000
18550,r3i1p1f1,2000,10,15,0.0,20.531685,7.9580226,2000
18551,r3i1p1f1,2000,10,16,0.0,19.636885,6.829356,2000
18552,r3i1p1f1,2000,10,17,0.0,19.229158,5.5256257,2000
18553,r3i1p1f1,2000,10,18,0.0,17.92128,7.166595,2000
18554,r3i1p1f1,2000,10,19,13.110608948734711,15.840301,4.7759094,2000
18555,r3i1p1f1,2000,10,20,0.0,18.50669,3.4860575,2000
18556,r3i1p1f1,2000,10,21,0.0,18.42751,5.5747094,2000
18557,r3i1p1f1,2000,10,22,0.0,20.776325,5.5951996,2000
18558,r3i1p1f1,2000,10,23,0.0,20.4671,5.9928517,2000
18559,r3i1p1f1,2000,10,24,0.0,21.687256,5.7290907,2000
18560,r3i1p1f1,2000,10,25,0.0,20.553255,6.599497,2000
18561,r3i1p1f1,2000,10,26,0.0,20.316977,8.031863,2000
18562,r3i1p1f1,2000,10,27,0.0,20.979988,7.390667,2000
18563,r3i1p1f1,2000,10,28,0.0,19.720524,5.954137,2000
18564,r3i1p1f1,2000,10,29,0.0,17.402418,3.8696384,2000
18565,r3i1p1f1,2000,10,30,0.0,20.782171,4.3576446,2000
18566,r3i1p1f1,2000,10,31,0.0,21.255875,6.774892,2000
18567,r3i1p1f1,2000,11,01,0.0,20.63197,6.591122,2000
18568,r3i1p1f1,2000,11,02,0.0,19.191076,7.4131045,2000
18569,r3i1p1f1,2000,11,03,0.1470550281163397,14.898619,0.99925303,2000
18570,r3i1p1f1,2000,11,04,0.0,10.045312,-1.9833497,2000
18571,r3i1p1f1,2000,11,05,0.0,13.340046,-1.3186618,2000
18572,r3i1p1f1,2000,11,06,0.0,18.583572,1.3600367,2000
18573,r3i1p1f1,2000,11,07,0.0,16.21612,2.30341,2000
18574,r3i1p1f1,2000,11,08,0.0,17.818657,3.0168474,2000
18575,r3i1p1f1,2000,11,09,0.0,21.873545,6.303687,2000
18576,r3i1p1f1,2000,11,10,0.0,24.659487,8.015107,2000
18577,r3i1p1f1,2000,11,11,0.0,22.295935,7.6431355,2000
18578,r3i1p1f1,2000,11,12,0.0,21.9488,6.9093337,2000
18579,r3i1p1f1,2000,11,13,0.0,19.856016,6.655364,2000
18580,r3i1p1f1,2000,11,14,0.0,18.755966,2.9130166,2000
18581,r3i1p1f1,2000,11,15,0.0,11.223779,0.10529159,2000
18582,r3i1p1f1,2000,11,16,0.0,16.336233,1.3661563,2000
18583,r3i1p1f1,2000,11,17,0.0,16.04172,0.7554724,2000
18584,r3i1p1f1,2000,11,18,0.0,14.587571,1.3969136,2000
18585,r3i1p1f1,2000,11,19,0.0,13.894738,3.3654213,2000
18586,r3i1p1f1,2000,11,20,4.513869048318348,13.125989,3.2032921,2000
18587,r3i1p1f1,2000,11,21,33.20230637726031,9.319155,1.2371862,2000
18588,r3i1p1f1,2000,11,22,9.7489085537841,7.684619,1.7263893,2000
18589,r3i1p1f1,2000,11,23,38.63254740197016,6.7651396,1.2599823,2000
18590,r3i1p1f1,2000,11,24,7.5809266854010176,7.882409,-0.10364846,2000
18591,r3i1p1f1,2000,11,25,0.0,10.352134,-2.3521516,2000
18592,r3i1p1f1,2000,11,26,0.043382372792908235,8.8569975,1.8776095,2000
18593,r3i1p1f1,2000,11,27,0.0,11.083266,-1.6016365,2000
18594,r3i1p1f1,2000,11,28,3.1542833078818053,9.073005,-2.4939215,2000
18595,r3i1p1f1,2000,11,29,18.467276422674523,7.6295238,-0.554957,2000
18596,r3i1p1f1,2000,11,30,8.896239725244845,5.1612167,-2.6302187,2000
18597,r3i1p1f1,2000,12,01,36.75837299639457,3.1764956,-2.6822956,2000
18598,r3i1p1f1,2000,12,02,0.0,5.7943034,-5.279449,2000
18599,r3i1p1f1,2000,12,03,0.8925175539747885,5.2419453,-6.441142,2000
18600,r3i1p1f1,2000,12,04,9.933122098070607,2.3082566,-6.4429464,2000
18601,r3i1p1f1,2000,12,05,0.0,5.9191422,-7.650943,2000
18602,r3i1p1f1,2000,12,06,0.0,6.806833,-5.9876986,2000
18603,r3i1p1f1,2000,12,07,0.0,10.912754,-1.2656891,2000
18604,r3i1p1f1,2000,12,08,0.0,12.253392,-0.77133167,2000
18605,r3i1p1f1,2000,12,09,0.0,12.665292,-1.5160937,2000
18606,r3i1p1f1,2000,12,10,0.0,12.311998,-0.17162062,2000
18607,r3i1p1f1,2000,12,11,0.0,14.887172,0.9464689,2000
18608,r3i1p1f1,2000,12,12,0.0,13.783203,5.0712886,2000
18609,r3i1p1f1,2000,12,13,0.0,13.7710905,7.5999665,2000
18610,r3i1p1f1,2000,12,14,8.958276466613537,13.636373,1.435584,2000
18611,r3i1p1f1,2000,12,15,4.756432609677799,-0.7306878,-11.820349,2000
18612,r3i1p1f1,2000,12,16,0.0,2.4334471,-11.370395,2000
18613,r3i1p1f1,2000,12,17,8.944969033013637,0.35119742,-8.619269,2000
18614,r3i1p1f1,2000,12,18,0.0,3.1389017,-10.425963,2000
18615,r3i1p1f1,2000,12,19,32.90620809053316,-2.352998,-9.818356,2000
18616,r3i1p1f1,2000,12,20,14.470925159089107,1.6707214,-4.054402,2000
18617,r3i1p1f1,2000,12,21,31.31430007419304,2.8337953,-2.502891,2000
18618,r3i1p1f1,2000,12,22,29.421139289134818,4.458366,-5.2495785,2000
18619,r3i1p1f1,2000,12,23,0.0,5.5923014,-7.8287215,2000
18620,r3i1p1f1,2000,12,24,0.0,6.7690287,-3.7788005,2000
18621,r3i1p1f1,2000,12,25,0.0,7.689602,-3.5584764,2000
18622,r3i1p1f1,2000,12,26,0.0,7.450982,-3.0624502,2000
18623,r3i1p1f1,2000,12,27,0.0,4.933683,-6.0361233,2000
18624,r3i1p1f1,2000,12,28,0.0,5.859936,-4.869887,2000
18625,r3i1p1f1,2000,12,29,0.0,9.0618105,-2.506191,2000
18626,r3i1p1f1,2000,12,30,0.0,9.537572,-4.006461,2000
18627,r3i1p1f1,2000,12,31,20.37938074300703,4.452286,-1.6602083,2000
18628,r3i1p1f1,2001,01,01,32.583562227725785,1.2966819,-2.3145754,2001
18629,r3i1p1f1,2001,01,02,3.6480638069884948,1.0897183,-7.2123213,2001
18630,r3i1p1f1,2001,01,03,0.0,4.0054035,-8.394164,2001
18631,r3i1p1f1,2001,01,04,0.0,5.243123,-9.045409,2001
18632,r3i1p1f1,2001,01,05,0.0,6.469445,-7.3764963,2001
18633,r3i1p1f1,2001,01,06,0.0,5.6387367,-5.378943,2001
18634,r3i1p1f1,2001,01,07,0.0,9.825953,-3.6962628,2001
18635,r3i1p1f1,2001,01,08,0.15758147522941918,6.4048347,-2.1734436,2001
18636,r3i1p1f1,2001,01,09,7.658976169094737,0.33109045,-8.02181,2001
18637,r3i1p1f1,2001,01,10,0.17638641201253785,1.5303819,-8.04555,2001
18638,r3i1p1f1,2001,01,11,1.8510134481307192,-3.4199688,-12.270257,2001
18639,r3i1p1f1,2001,01,12,1.0303506430653597,0.26594272,-6.1832495,2001
18640,r3i1p1f1,2001,01,13,0.0,3.5047555,-9.486404,2001
18641,r3i1p1f1,2001,01,14,0.0,4.715691,-8.101009,2001
18642,r3i1p1f1,2001,01,15,0.0,4.863911,-6.276376,2001
18643,r3i1p1f1,2001,01,16,0.0,7.6811705,-5.862726,2001
18644,r3i1p1f1,2001,01,17,1.497526052222192,3.5077512,-2.3816714,2001
18645,r3i1p1f1,2001,01,18,73.6649659805392,5.025657,-3.0994062,2001
18646,r3i1p1f1,2001,01,19,89.52416423953285,7.761185,4.06364,2001
18647,r3i1p1f1,2001,01,20,3.1128654960575655,13.868325,2.1130629,2001
18648,r3i1p1f1,2001,01,21,0.0,17.396584,3.5550542,2001
18649,r3i1p1f1,2001,01,22,0.0,16.960001,4.2261944,2001
18650,r3i1p1f1,2001,01,23,0.0,14.555417,4.5569487,2001
18651,r3i1p1f1,2001,01,24,0.0,13.943754,1.180563,2001
18652,r3i1p1f1,2001,01,25,5.430466854235611,9.622974,-0.8192681,2001
18653,r3i1p1f1,2001,01,26,0.0,9.067229,-1.2217284,2001
18654,r3i1p1f1,2001,01,27,0.0,7.921934,-2.0802712,2001
18655,r3i1p1f1,2001,01,28,3.443474195266486,2.7089834,-4.7495527,2001
18656,r3i1p1f1,2001,01,29,36.423880521110014,1.0421731,-4.2878194,2001
18657,r3i1p1f1,2001,01,30,97.34491535315388,4.0181518,-0.32137176,2001
18658,r3i1p1f1,2001,01,31,71.79474602208326,6.100445,0.74358433,2001
18659,r3i1p1f1,2001,02,01,1.4299805620650754,7.097172,-3.6727607,2001
18660,r3i1p1f1,2001,02,02,14.964487531688064,1.8355715,-5.244529,2001
18661,r3i1p1f1,2001,02,03,0.0,5.178317,-8.877774,2001
18662,r3i1p1f1,2001,02,04,0.0,6.27896,-5.0224075,2001
18663,r3i1p1f1,2001,02,05,0.0,10.06644,-3.185179,2001
18664,r3i1p1f1,2001,02,06,0.003636115242874152,9.597224,-2.4189043,2001
18665,r3i1p1f1,2001,02,07,0.0,6.512258,-4.5131283,2001
18666,r3i1p1f1,2001,02,08,0.12444627209333703,6.812507,-3.453006,2001
18667,r3i1p1f1,2001,02,09,0.0,9.726275,-3.7508879,2001
18668,r3i1p1f1,2001,02,10,0.0,13.283463,-1.1667638,2001
18669,r3i1p1f1,2001,02,11,0.0,12.561692,1.8375385,2001
18670,r3i1p1f1,2001,02,12,17.04870559088273,7.908684,1.0848112,2001
18671,r3i1p1f1,2001,02,13,43.43537273326594,5.2323494,0.27733803,2001
18672,r3i1p1f1,2001,02,14,34.03757877255741,5.3235927,-1.0170399,2001
18673,r3i1p1f1,2001,02,15,13.980737355029161,4.3830185,-4.3172245,2001
18674,r3i1p1f1,2001,02,16,0.5722931619905132,6.8934517,-2.786013,2001
18675,r3i1p1f1,2001,02,17,0.0,5.956438,-5.0693007,2001
18676,r3i1p1f1,2001,02,18,2.1784592219965386,1.6645936,-6.801364,2001
18677,r3i1p1f1,2001,02,19,0.0,6.7654333,-5.5403123,2001
18678,r3i1p1f1,2001,02,20,0.0,10.200068,-2.80906,2001
18679,r3i1p1f1,2001,02,21,0.0,13.820647,-0.40596756,2001
18680,r3i1p1f1,2001,02,22,0.0,15.488497,0.2533241,2001
18681,r3i1p1f1,2001,02,23,0.0,14.128213,0.76551205,2001
18682,r3i1p1f1,2001,02,24,0.002598025189639118,9.298309,-1.6011554,2001
18683,r3i1p1f1,2001,02,25,0.0,5.665792,-6.401654,2001
18684,r3i1p1f1,2001,02,26,0.0,4.9668417,-7.750592,2001
18685,r3i1p1f1,2001,02,27,1.4544921505531467,4.2843127,-7.9199867,2001
18686,r3i1p1f1,2001,02,28,12.414680548547613,-1.8411628,-9.21107,2001
18687,r3i1p1f1,2001,03,01,0.0,5.530419,-10.406038,2001
18688,r3i1p1f1,2001,03,02,0.0,7.808588,-8.107831,2001
18689,r3i1p1f1,2001,03,03,0.0,9.284035,-6.278492,2001
18690,r3i1p1f1,2001,03,04,0.0,13.8496,-2.0586052,2001
18691,r3i1p1f1,2001,03,05,0.0,16.334583,0.35961142,2001
18692,r3i1p1f1,2001,03,06,0.0,15.080749,1.7935182,2001
18693,r3i1p1f1,2001,03,07,0.0,11.686868,2.617829,2001
18694,r3i1p1f1,2001,03,08,0.0,11.838934,-0.2281891,2001
18695,r3i1p1f1,2001,03,09,0.0,16.211851,3.1078534,2001
18696,r3i1p1f1,2001,03,10,0.0,20.461672,4.724539,2001
18697,r3i1p1f1,2001,03,11,0.0,19.945797,5.1642613,2001
18698,r3i1p1f1,2001,03,12,0.0,9.409526,-3.4726722,2001
18699,r3i1p1f1,2001,03,13,0.0,4.3744507,-5.979804,2001
18700,r3i1p1f1,2001,03,14,0.0,4.5702553,-8.176762,2001
18701,r3i1p1f1,2001,03,15,0.0,5.2695656,-4.4099207,2001
18702,r3i1p1f1,2001,03,16,0.0,10.414257,-3.192006,2001
18703,r3i1p1f1,2001,03,17,0.0,13.217974,1.3359818,2001
18704,r3i1p1f1,2001,03,18,2.2521751785748885,9.43554,2.0384724,2001
18705,r3i1p1f1,2001,03,19,36.30840811192205,8.317162,1.7424649,2001
18706,r3i1p1f1,2001,03,20,33.74456859095708,9.759647,3.1723082,2001
18707,r3i1p1f1,2001,03,21,31.000837553782684,9.761556,3.1079862,2001
18708,r3i1p1f1,2001,03,22,58.748240224821004,9.6845455,1.3152272,2001
18709,r3i1p1f1,2001,03,23,0.0,13.891292,-1.3833123,2001
18710,r3i1p1f1,2001,03,24,0.0,14.192679,1.5503914,2001
18711,r3i1p1f1,2001,03,25,0.0,16.516697,0.92027956,2001
18712,r3i1p1f1,2001,03,26,0.0,16.802483,1.4015706,2001
18713,r3i1p1f1,2001,03,27,0.0,17.698719,1.4365466,2001
18714,r3i1p1f1,2001,03,28,0.0,18.261127,3.7723324,2001
18715,r3i1p1f1,2001,03,29,0.0,17.11721,4.5196304,2001
18716,r3i1p1f1,2001,03,30,6.234458649812854,7.547642,0.6417467,2001
18717,r3i1p1f1,2001,03,31,33.12454949084081,6.461383,0.06944944,2001
18718,r3i1p1f1,2001,04,01,17.407349257203016,7.1438813,0.027751483,2001
18719,r3i1p1f1,2001,04,02,0.0,17.636356,0.6942763,2001
18720,r3i1p1f1,2001,04,03,0.0,20.350618,4.4523497,2001
18721,r3i1p1f1,2001,04,04,6.390680074094378,14.371972,0.9222292,2001
18722,r3i1p1f1,2001,04,05,5.605653317654383,9.664496,-1.3938636,2001
18723,r3i1p1f1,2001,04,06,0.0,15.142918,1.2198322,2001
18724,r3i1p1f1,2001,04,07,0.0,16.577957,2.560651,2001
18725,r3i1p1f1,2001,04,08,0.0,18.231264,1.8457332,2001
18726,r3i1p1f1,2001,04,09,20.848478748168993,12.311613,2.754922,2001
18727,r3i1p1f1,2001,04,10,0.0,18.344908,2.7025454,2001
18728,r3i1p1f1,2001,04,11,0.0,20.697153,4.693739,2001
18729,r3i1p1f1,2001,04,12,0.0,23.599918,6.562111,2001
18730,r3i1p1f1,2001,04,13,0.0,26.038143,8.110719,2001
18731,r3i1p1f1,2001,04,14,0.0,26.656912,8.950111,2001
18732,r3i1p1f1,2001,04,15,0.0,27.13441,9.001732,2001
18733,r3i1p1f1,2001,04,16,0.0,26.121817,9.371019,2001
18734,r3i1p1f1,2001,04,17,0.0,26.203157,8.70135,2001
18735,r3i1p1f1,2001,04,18,0.0,24.156502,9.592672,2001
18736,r3i1p1f1,2001,04,19,0.0,21.791628,7.736348,2001
18737,r3i1p1f1,2001,04,20,0.0,21.863731,6.153805,2001
18738,r3i1p1f1,2001,04,21,0.0,23.997944,6.4902782,2001
18739,r3i1p1f1,2001,04,22,0.0,25.248653,7.468764,2001
18740,r3i1p1f1,2001,04,23,0.0,23.89723,8.44102,2001
18741,r3i1p1f1,2001,04,24,0.0,18.943327,4.274349,2001
18742,r3i1p1f1,2001,04,25,0.06482596846150332,15.457444,0.9159055,2001
18743,r3i1p1f1,2001,04,26,0.0,14.30551,-0.30343264,2001
18744,r3i1p1f1,2001,04,27,0.0,15.621588,0.5341451,2001
18745,r3i1p1f1,2001,04,28,0.0,14.414618,0.92288524,2001
18746,r3i1p1f1,2001,04,29,13.044465823699475,8.900144,2.2259157,2001
18747,r3i1p1f1,2001,04,30,2.620699434574865,10.220558,-1.08232,2001
18748,r3i1p1f1,2001,05,01,0.007679681240054043,17.68247,0.8474419,2001
18749,r3i1p1f1,2001,05,02,0.0,16.857958,3.5128691,2001
18750,r3i1p1f1,2001,05,03,0.0,17.064014,2.979537,2001
18751,r3i1p1f1,2001,05,04,0.0,18.063265,4.207758,2001
18752,r3i1p1f1,2001,05,05,0.0,17.081179,3.9155314,2001
18753,r3i1p1f1,2001,05,06,20.11708159085461,11.689958,0.5005331,2001
18754,r3i1p1f1,2001,05,07,0.0,12.415026,-0.60492647,2001
18755,r3i1p1f1,2001,05,08,0.4026105849525744,15.950757,-0.35370582,2001
18756,r3i1p1f1,2001,05,09,0.0,21.98533,5.0535493,2001
18757,r3i1p1f1,2001,05,10,0.0,23.627186,8.704099,2001
18758,r3i1p1f1,2001,05,11,0.0,25.085833,9.968906,2001
18759,r3i1p1f1,2001,05,12,0.0,26.564209,9.258749,2001
18760,r3i1p1f1,2001,05,13,0.0,25.968296,11.065738,2001
18761,r3i1p1f1,2001,05,14,0.0,24.289745,7.3414803,2001
18762,r3i1p1f1,2001,05,15,0.0,19.821335,3.7918975,2001
18763,r3i1p1f1,2001,05,16,0.0,19.55608,3.3917,2001
18764,r3i1p1f1,2001,05,17,0.0,18.942982,4.338932,2001
18765,r3i1p1f1,2001,05,18,0.0,17.245924,2.3606715,2001
18766,r3i1p1f1,2001,05,19,0.0,18.274847,3.2788973,2001
18767,r3i1p1f1,2001,05,20,0.0,18.555069,4.0064244,2001
18768,r3i1p1f1,2001,05,21,0.0,17.097002,3.0968895,2001
18769,r3i1p1f1,2001,05,22,8.765038793621658,11.413625,1.5591522,2001
18770,r3i1p1f1,2001,05,23,1.4490205973791155,20.000628,3.1025271,2001
18771,r3i1p1f1,2001,05,24,0.0,23.656923,6.3175035,2001
18772,r3i1p1f1,2001,05,25,0.0,24.769094,9.484727,2001
18773,r3i1p1f1,2001,05,26,0.0,28.541594,10.780137,2001
18774,r3i1p1f1,2001,05,27,0.0,28.82983,12.757352,2001
18775,r3i1p1f1,2001,05,28,0.0,28.99459,12.154167,2001
18776,r3i1p1f1,2001,05,29,0.0,28.127848,11.871097,2001
18777,r3i1p1f1,2001,05,30,0.0,26.321486,11.445338,2001
18778,r3i1p1f1,2001,05,31,0.0,28.097427,9.512297,2001
18779,r3i1p1f1,2001,06,01,0.0,28.753538,10.795738,2001
18780,r3i1p1f1,2001,06,02,0.0,27.258577,10.96738,2001
18781,r3i1p1f1,2001,06,03,0.0,27.100256,9.889356,2001
18782,r3i1p1f1,2001,06,04,0.0,29.918629,10.781231,2001
18783,r3i1p1f1,2001,06,05,0.0,33.74452,13.884305,2001
18784,r3i1p1f1,2001,06,06,0.0,32.548832,15.992178,2001
18785,r3i1p1f1,2001,06,07,0.0,30.754177,12.441918,2001
18786,r3i1p1f1,2001,06,08,0.0,31.80286,13.821394,2001
18787,r3i1p1f1,2001,06,09,0.0,31.303116,13.929265,2001
18788,r3i1p1f1,2001,06,10,0.0,28.91653,12.378096,2001
18789,r3i1p1f1,2001,06,11,0.0,28.95134,11.3014345,2001
18790,r3i1p1f1,2001,06,12,0.0,25.47056,8.548878,2001
18791,r3i1p1f1,2001,06,13,0.0,24.490213,9.107065,2001
18792,r3i1p1f1,2001,06,14,0.0,22.518738,6.9789896,2001
18793,r3i1p1f1,2001,06,15,0.0,24.927479,7.1229186,2001
18794,r3i1p1f1,2001,06,16,0.0,24.352888,7.650256,2001
18795,r3i1p1f1,2001,06,17,0.0,19.587446,3.9832962,2001
18796,r3i1p1f1,2001,06,18,0.16469708190063675,15.316682,3.8741739,2001
18797,r3i1p1f1,2001,06,19,0.2921491863641055,15.107739,2.722713,2001
18798,r3i1p1f1,2001,06,20,0.0012038482389853972,20.241243,3.1745253,2001
18799,r3i1p1f1,2001,06,21,0.0,20.03321,8.065367,2001
18800,r3i1p1f1,2001,06,22,0.0,21.447666,6.0827627,2001
18801,r3i1p1f1,2001,06,23,0.0,24.846058,8.402842,2001
18802,r3i1p1f1,2001,06,24,0.0,25.071173,9.126722,2001
18803,r3i1p1f1,2001,06,25,0.0,24.253313,9.94513,2001
18804,r3i1p1f1,2001,06,26,0.0,26.021694,8.781393,2001
18805,r3i1p1f1,2001,06,27,0.0,28.684347,10.431481,2001
18806,r3i1p1f1,2001,06,28,0.0,29.380714,12.431533,2001
18807,r3i1p1f1,2001,06,29,0.0,31.577194,13.78376,2001
18808,r3i1p1f1,2001,06,30,0.0,34.224365,15.467186,2001
18809,r3i1p1f1,2001,07,01,0.0,35.115444,16.460138,2001
18810,r3i1p1f1,2001,07,02,0.0,34.421165,17.47806,2001
18811,r3i1p1f1,2001,07,03,0.0,34.092236,15.905345,2001
18812,r3i1p1f1,2001,07,04,0.0,35.966858,16.638866,2001
18813,r3i1p1f1,2001,07,05,0.0,35.21946,18.526451,2001
18814,r3i1p1f1,2001,07,06,0.0,34.187447,17.869795,2001
18815,r3i1p1f1,2001,07,07,0.0,32.944706,17.030855,2001
18816,r3i1p1f1,2001,07,08,0.0,31.621296,15.120643,2001
18817,r3i1p1f1,2001,07,09,0.0,31.139565,13.930734,2001
18818,r3i1p1f1,2001,07,10,0.0,31.23227,15.438263,2001
18819,r3i1p1f1,2001,07,11,0.0,31.083853,15.201461,2001
18820,r3i1p1f1,2001,07,12,0.0,30.129017,14.455097,2001
18821,r3i1p1f1,2001,07,13,0.0,29.82718,13.928932,2001
18822,r3i1p1f1,2001,07,14,0.0,31.647926,13.996333,2001
18823,r3i1p1f1,2001,07,15,0.0,32.996162,15.705826,2001
18824,r3i1p1f1,2001,07,16,0.0,32.85914,16.945517,2001
18825,r3i1p1f1,2001,07,17,0.0,33.529736,16.540043,2001
18826,r3i1p1f1,2001,07,18,0.0,37.85248,19.444513,2001
18827,r3i1p1f1,2001,07,19,0.0,36.749012,18.919992,2001
18828,r3i1p1f1,2001,07,20,0.0,35.330585,17.641632,2001
18829,r3i1p1f1,2001,07,21,0.0,35.368237,18.736837,2001
18830,r3i1p1f1,2001,07,22,0.0,34.649517,18.586292,2001
18831,r3i1p1f1,2001,07,23,0.013555631066035283,34.007885,17.282797,2001
18832,r3i1p1f1,2001,07,24,0.07620339456479996,33.29156,18.615526,2001
18833,r3i1p1f1,2001,07,25,0.0,33.90872,16.936028,2001
18834,r3i1p1f1,2001,07,26,1.3640313243836557,33.677025,20.740566,2001
18835,r3i1p1f1,2001,07,27,0.028693972547587595,33.22297,18.12083,2001
18836,r3i1p1f1,2001,07,28,0.0010450624502386506,32.915104,17.252338,2001
18837,r3i1p1f1,2001,07,29,0.0,32.82041,16.708412,2001
18838,r3i1p1f1,2001,07,30,0.0,33.821075,16.354034,2001
18839,r3i1p1f1,2001,07,31,0.0,34.64422,17.022554,2001
18840,r3i1p1f1,2001,08,01,0.0,34.325893,17.907969,2001
18841,r3i1p1f1,2001,08,02,0.0,31.64909,15.536555,2001
18842,r3i1p1f1,2001,08,03,0.0,31.147943,13.659249,2001
18843,r3i1p1f1,2001,08,04,0.0,30.872746,14.577053,2001
18844,r3i1p1f1,2001,08,05,0.0,29.85738,14.026614,2001
18845,r3i1p1f1,2001,08,06,0.0,30.578392,12.576601,2001
18846,r3i1p1f1,2001,08,07,0.0,32.280285,14.45607,2001
18847,r3i1p1f1,2001,08,08,0.0,31.985102,15.134804,2001
18848,r3i1p1f1,2001,08,09,0.0,33.040096,14.081567,2001
18849,r3i1p1f1,2001,08,10,0.0,32.187073,15.266493,2001
18850,r3i1p1f1,2001,08,11,0.0,31.861393,15.694483,2001
18851,r3i1p1f1,2001,08,12,0.0,31.830809,14.516127,2001
18852,r3i1p1f1,2001,08,13,0.0,29.957811,13.362132,2001
18853,r3i1p1f1,2001,08,14,0.0,29.218735,12.012854,2001
18854,r3i1p1f1,2001,08,15,0.0,28.15231,11.834034,2001
18855,r3i1p1f1,2001,08,16,0.0,29.050077,11.44311,2001
18856,r3i1p1f1,2001,08,17,0.0,30.443672,13.940454,2001
18857,r3i1p1f1,2001,08,18,0.0,29.323055,13.710568,2001
18858,r3i1p1f1,2001,08,19,0.0,27.396694,12.356548,2001
18859,r3i1p1f1,2001,08,20,0.0,28.152987,12.189483,2001
18860,r3i1p1f1,2001,08,21,0.0,29.103603,13.041436,2001
18861,r3i1p1f1,2001,08,22,0.0,32.28072,13.835559,2001
18862,r3i1p1f1,2001,08,23,0.0,33.988365,16.23925,2001
18863,r3i1p1f1,2001,08,24,0.0,33.649357,16.85208,2001
18864,r3i1p1f1,2001,08,25,0.0,32.657497,16.103779,2001
18865,r3i1p1f1,2001,08,26,0.0,31.687798,15.965509,2001
18866,r3i1p1f1,2001,08,27,0.0,30.58356,15.846353,2001
18867,r3i1p1f1,2001,08,28,0.0,30.359629,14.170794,2001
18868,r3i1p1f1,2001,08,29,0.0,29.800228,13.388125,2001
18869,r3i1p1f1,2001,08,30,0.0,28.74335,12.369322,2001
18870,r3i1p1f1,2001,08,31,0.0,27.72761,10.902839,2001
18871,r3i1p1f1,2001,09,01,0.0,27.371874,11.029042,2001
18872,r3i1p1f1,2001,09,02,0.0,25.71523,8.933231,2001
18873,r3i1p1f1,2001,09,03,0.0,26.424557,9.003498,2001
18874,r3i1p1f1,2001,09,04,0.0,29.100813,11.941926,2001
18875,r3i1p1f1,2001,09,05,0.0,29.447147,12.298877,2001
18876,r3i1p1f1,2001,09,06,0.0,28.575424,11.960242,2001
18877,r3i1p1f1,2001,09,07,0.0,29.648148,11.432242,2001
18878,r3i1p1f1,2001,09,08,0.0,30.494425,12.4327755,2001
18879,r3i1p1f1,2001,09,09,0.0,30.041796,12.548009,2001
18880,r3i1p1f1,2001,09,10,0.0,29.531506,11.611754,2001
18881,r3i1p1f1,2001,09,11,0.0,27.630445,11.9690895,2001
18882,r3i1p1f1,2001,09,12,0.0,26.735167,10.537495,2001
18883,r3i1p1f1,2001,09,13,0.0,21.02295,4.4950914,2001
18884,r3i1p1f1,2001,09,14,0.0,14.275393,1.1959028,2001
18885,r3i1p1f1,2001,09,15,0.0,20.344185,1.918001,2001
18886,r3i1p1f1,2001,09,16,0.0,23.842527,5.193356,2001
18887,r3i1p1f1,2001,09,17,0.1744373666281861,22.407999,8.601368,2001
18888,r3i1p1f1,2001,09,18,0.06801110606542543,20.117777,7.919296,2001
18889,r3i1p1f1,2001,09,19,0.0,19.100965,4.9799514,2001
18890,r3i1p1f1,2001,09,20,0.0,18.591614,3.717447,2001
18891,r3i1p1f1,2001,09,21,0.0,22.589565,3.7376683,2001
18892,r3i1p1f1,2001,09,22,0.0,23.033175,6.4898925,2001
18893,r3i1p1f1,2001,09,23,0.0,20.464169,4.598178,2001
18894,r3i1p1f1,2001,09,24,0.0,23.702774,5.497314,2001
18895,r3i1p1f1,2001,09,25,0.0,25.492695,7.0282497,2001
18896,r3i1p1f1,2001,09,26,0.0,28.016935,8.964615,2001
18897,r3i1p1f1,2001,09,27,0.0,30.050735,10.52765,2001
18898,r3i1p1f1,2001,09,28,0.0,29.698095,11.232479,2001
18899,r3i1p1f1,2001,09,29,0.0,29.089806,12.972759,2001
18900,r3i1p1f1,2001,09,30,0.0,27.608562,11.2379265,2001
18901,r3i1p1f1,2001,10,01,0.0,25.962894,9.949646,2001
18902,r3i1p1f1,2001,10,02,0.0,23.8677,8.394545,2001
18903,r3i1p1f1,2001,10,03,0.0,22.74346,8.722372,2001
18904,r3i1p1f1,2001,10,04,0.0,22.789436,7.922964,2001
18905,r3i1p1f1,2001,10,05,0.0,24.034187,8.564599,2001
18906,r3i1p1f1,2001,10,06,0.0,25.248493,8.233589,2001
18907,r3i1p1f1,2001,10,07,0.0,26.169188,10.363116,2001
18908,r3i1p1f1,2001,10,08,0.0,27.52426,11.079001,2001
18909,r3i1p1f1,2001,10,09,0.0,29.016668,12.161506,2001
18910,r3i1p1f1,2001,10,10,0.0,29.831411,12.500035,2001
18911,r3i1p1f1,2001,10,11,0.0,29.993172,12.750333,2001
18912,r3i1p1f1,2001,10,12,0.0,30.056988,12.966676,2001
18913,r3i1p1f1,2001,10,13,0.0,29.975359,12.739297,2001
18914,r3i1p1f1,2001,10,14,0.0,28.966732,12.360918,2001
18915,r3i1p1f1,2001,10,15,0.0,27.236094,10.684859,2001
18916,r3i1p1f1,2001,10,16,0.0,25.245768,9.7365465,2001
18917,r3i1p1f1,2001,10,17,15.786466561411018,24.680666,11.805949,2001
18918,r3i1p1f1,2001,10,18,0.019308000973021416,15.194079,5.2358747,2001
18919,r3i1p1f1,2001,10,19,30.083207293462596,14.0406685,4.083704,2001
18920,r3i1p1f1,2001,10,20,0.0022485590307042003,18.05641,3.2349846,2001
18921,r3i1p1f1,2001,10,21,0.0,17.823988,4.0259256,2001
18922,r3i1p1f1,2001,10,22,0.0,15.587006,4.5414944,2001
18923,r3i1p1f1,2001,10,23,8.012324785848154,15.182364,5.982092,2001
18924,r3i1p1f1,2001,10,24,0.0,20.844051,4.013685,2001
18925,r3i1p1f1,2001,10,25,0.0,23.677937,7.6658473,2001
18926,r3i1p1f1,2001,10,26,0.0,24.36914,8.046317,2001
18927,r3i1p1f1,2001,10,27,0.0,21.727726,9.144054,2001
18928,r3i1p1f1,2001,10,28,0.0,16.064945,4.3264513,2001
18929,r3i1p1f1,2001,10,29,0.0,16.879086,5.941747,2001
18930,r3i1p1f1,2001,10,30,21.433921263700253,15.576022,7.4110823,2001
18931,r3i1p1f1,2001,10,31,33.080075634643435,11.776495,2.3154416,2001
18932,r3i1p1f1,2001,11,01,0.0,16.157442,0.0789347,2001
18933,r3i1p1f1,2001,11,02,0.0,22.130653,4.974227,2001
18934,r3i1p1f1,2001,11,03,0.0,20.261696,5.793029,2001
18935,r3i1p1f1,2001,11,04,0.0,12.636008,0.2958862,2001
18936,r3i1p1f1,2001,11,05,0.04947281437412848,10.314203,-2.4662542,2001
18937,r3i1p1f1,2001,11,06,20.84884573092782,7.090802,-0.48067173,2001
18938,r3i1p1f1,2001,11,07,21.178769901100743,3.80579,-3.2849696,2001
18939,r3i1p1f1,2001,11,08,2.112507421770715,8.4592085,-0.51089436,2001
18940,r3i1p1f1,2001,11,09,0.0,11.760998,0.49860197,2001
18941,r3i1p1f1,2001,11,10,0.0,17.245548,2.9729238,2001
18942,r3i1p1f1,2001,11,11,0.0,19.634092,7.1621027,2001
18943,r3i1p1f1,2001,11,12,0.0,18.715172,5.4937944,2001
18944,r3i1p1f1,2001,11,13,0.0,18.461807,4.9256926,2001
18945,r3i1p1f1,2001,11,14,0.0,16.775942,7.264085,2001
18946,r3i1p1f1,2001,11,15,0.0,18.382048,3.8992028,2001
18947,r3i1p1f1,2001,11,16,0.0,19.23747,4.3564296,2001
18948,r3i1p1f1,2001,11,17,0.0,17.322552,2.8131483,2001
18949,r3i1p1f1,2001,11,18,0.0,18.319136,3.7028065,2001
18950,r3i1p1f1,2001,11,19,0.0,20.572033,5.249592,2001
18951,r3i1p1f1,2001,11,20,0.0,20.920118,6.755844,2001
18952,r3i1p1f1,2001,11,21,0.0,17.757854,4.3976007,2001
18953,r3i1p1f1,2001,11,22,0.0,9.112798,-1.3328618,2001
18954,r3i1p1f1,2001,11,23,0.0,7.940816,-3.4025595,2001
18955,r3i1p1f1,2001,11,24,0.0,4.2676244,-4.803345,2001
18956,r3i1p1f1,2001,11,25,0.0,5.8212757,-7.5049734,2001
18957,r3i1p1f1,2001,11,26,1.3862175129409144,2.5817847,-5.188627,2001
18958,r3i1p1f1,2001,11,27,8.74942503272139,3.1834903,-2.9016063,2001
18959,r3i1p1f1,2001,11,28,0.0,8.367881,-8.89276,2001
18960,r3i1p1f1,2001,11,29,0.0,10.999614,-5.4890685,2001
18961,r3i1p1f1,2001,11,30,0.0,11.416775,-1.2842629,2001
18962,r3i1p1f1,2001,12,01,3.2616600823147515,7.3653307,-1.615493,2001
18963,r3i1p1f1,2001,12,02,0.0,9.440393,-2.4082778,2001
18964,r3i1p1f1,2001,12,03,0.0,10.894749,-1.3471913,2001
18965,r3i1p1f1,2001,12,04,3.07266422854522,6.2042084,-3.7651725,2001
18966,r3i1p1f1,2001,12,05,0.5287962670799492,4.9276032,-4.7294683,2001
18967,r3i1p1f1,2001,12,06,18.353160989078646,2.9734836,-2.2768283,2001
18968,r3i1p1f1,2001,12,07,0.0,6.3757896,-8.373243,2001
18969,r3i1p1f1,2001,12,08,0.12629361866091035,2.069229,-11.778898,2001
18970,r3i1p1f1,2001,12,09,0.0,2.3431692,-10.268067,2001
18971,r3i1p1f1,2001,12,10,0.0,5.129146,-7.8028164,2001
18972,r3i1p1f1,2001,12,11,0.0,6.9774866,-7.772287,2001
18973,r3i1p1f1,2001,12,12,28.877447062711184,0.48831773,-6.966857,2001
18974,r3i1p1f1,2001,12,13,0.15902302217287606,1.2881244,-12.275373,2001
18975,r3i1p1f1,2001,12,14,0.0,3.366039,-9.025668,2001
18976,r3i1p1f1,2001,12,15,2.875017277102942,0.40288705,-5.5479183,2001
18977,r3i1p1f1,2001,12,16,0.0,1.0351186,-13.257437,2001
18978,r3i1p1f1,2001,12,17,0.0,4.674584,-9.857234,2001
18979,r3i1p1f1,2001,12,18,0.0,7.367644,-3.3870897,2001
18980,r3i1p1f1,2001,12,19,0.0,12.149591,-1.671238,2001
18981,r3i1p1f1,2001,12,20,0.0,9.235224,-5.696205,2001
18982,r3i1p1f1,2001,12,21,0.0,6.5588427,-5.285103,2001
18983,r3i1p1f1,2001,12,22,0.0,9.185461,0.48497233,2001
18984,r3i1p1f1,2001,12,23,0.0,10.516674,-2.825812,2001
18985,r3i1p1f1,2001,12,24,0.0,9.023212,-2.7030451,2001
18986,r3i1p1f1,2001,12,25,0.27641982709802077,5.8646607,1.6475137,2001
18987,r3i1p1f1,2001,12,26,0.01098197045441913,7.622742,-4.6410136,2001
18988,r3i1p1f1,2001,12,27,0.0,10.971744,-1.5053608,2001
18989,r3i1p1f1,2001,12,28,0.0,11.192493,-0.0986964,2001
18990,r3i1p1f1,2001,12,29,0.0,11.545271,0.13626409,2001
18991,r3i1p1f1,2001,12,30,0.0,9.767136,-0.6033014,2001
18992,r3i1p1f1,2001,12,31,14.001768703670486,5.821752,-0.5435021,2001
18993,r3i1p1f1,2002,01,01,0.0,9.3145275,-3.7141008,2002
18994,r3i1p1f1,2002,01,02,0.0,13.119879,-0.15095577,2002
18995,r3i1p1f1,2002,01,03,0.0,14.948648,4.1562824,2002
18996,r3i1p1f1,2002,01,04,0.0,15.532393,5.994576,2002
18997,r3i1p1f1,2002,01,05,0.1411973101910821,13.61103,3.555964,2002
18998,r3i1p1f1,2002,01,06,20.740487534356745,6.46308,1.8797103,2002
18999,r3i1p1f1,2002,01,07,13.739802002888418,4.078057,-1.8310924,2002
19000,r3i1p1f1,2002,01,08,55.665673815498224,7.4706497,1.4948988,2002
19001,r3i1p1f1,2002,01,09,17.58272086950264,8.104643,3.8406813,2002
19002,r3i1p1f1,2002,01,10,89.32216511058964,13.262449,2.0441961,2002
19003,r3i1p1f1,2002,01,11,14.354392531401428,5.131723,-3.3014045,2002
19004,r3i1p1f1,2002,01,12,0.0,10.009039,-4.3310175,2002
19005,r3i1p1f1,2002,01,13,0.0,9.3657465,-2.1267984,2002
19006,r3i1p1f1,2002,01,14,0.0,9.839406,-1.4563981,2002
19007,r3i1p1f1,2002,01,15,0.0,8.370457,-1.5482136,2002
19008,r3i1p1f1,2002,01,16,0.0,7.066287,-5.64396,2002
19009,r3i1p1f1,2002,01,17,0.0,7.1766305,-5.6140866,2002
19010,r3i1p1f1,2002,01,18,0.0,7.260073,-4.1586533,2002
19011,r3i1p1f1,2002,01,19,6.82702250625497,4.214635,-4.380736,2002
19012,r3i1p1f1,2002,01,20,19.00527653710206,4.0662713,-0.7459673,2002
19013,r3i1p1f1,2002,01,21,9.205763692979849,10.161538,1.0509012,2002
19014,r3i1p1f1,2002,01,22,0.0,13.404405,-0.85283875,2002
19015,r3i1p1f1,2002,01,23,10.124181944411248,8.320379,2.257598,2002
19016,r3i1p1f1,2002,01,24,58.74747253562275,6.8897076,1.47088,2002
19017,r3i1p1f1,2002,01,25,90.56727062714727,6.08799,-0.9386211,2002
19018,r3i1p1f1,2002,01,26,33.238059838645555,1.05821,-4.1271086,2002
19019,r3i1p1f1,2002,01,27,1.8240520456330207,4.5544105,-7.3162794,2002
19020,r3i1p1f1,2002,01,28,0.0,8.317419,-3.725702,2002
19021,r3i1p1f1,2002,01,29,0.0,11.27304,-2.041712,2002
19022,r3i1p1f1,2002,01,30,0.0,11.027875,-0.6512843,2002
19023,r3i1p1f1,2002,01,31,5.36297758999832,6.1227975,-3.9832728,2002
19024,r3i1p1f1,2002,02,01,11.108086919289475,1.8854678,-4.404258,2002
19025,r3i1p1f1,2002,02,02,0.0,8.086294,-4.0949297,2002
19026,r3i1p1f1,2002,02,03,0.0,9.810709,-3.522564,2002
19027,r3i1p1f1,2002,02,04,0.0,10.344375,2.4640124,2002
19028,r3i1p1f1,2002,02,05,0.0,12.632226,0.8448192,2002
19029,r3i1p1f1,2002,02,06,0.0,11.278521,-2.1585133,2002
19030,r3i1p1f1,2002,02,07,0.0,8.207715,-2.3968637,2002
19031,r3i1p1f1,2002,02,08,0.0,11.219688,-1.2119057,2002
19032,r3i1p1f1,2002,02,09,0.0,15.749648,-0.15486112,2002
19033,r3i1p1f1,2002,02,10,0.0,15.707366,2.3001602,2002
19034,r3i1p1f1,2002,02,11,0.0,13.493151,2.8423114,2002
19035,r3i1p1f1,2002,02,12,5.183016415685415,8.4458475,1.1700007,2002
19036,r3i1p1f1,2002,02,13,6.154970465937176,9.2838545,-0.80207354,2002
19037,r3i1p1f1,2002,02,14,0.08938055700702152,10.939136,1.6720335,2002
19038,r3i1p1f1,2002,02,15,0.665612858900108,11.538715,0.6684299,2002
19039,r3i1p1f1,2002,02,16,6.0718879078098995,5.601626,-0.8151742,2002
19040,r3i1p1f1,2002,02,17,5.218450227862616,4.3005133,-3.5606563,2002
19041,r3i1p1f1,2002,02,18,39.867736183499034,4.705602,-0.5535056,2002
19042,r3i1p1f1,2002,02,19,1.30450454845758,7.59899,-2.6022623,2002
19043,r3i1p1f1,2002,02,20,0.0,7.776805,-3.897673,2002
19044,r3i1p1f1,2002,02,21,0.6247902910169949,6.275166,-5.306717,2002
19045,r3i1p1f1,2002,02,22,0.0,6.8906517,-5.7807226,2002
19046,r3i1p1f1,2002,02,23,0.0,9.15225,-3.9031527,2002
19047,r3i1p1f1,2002,02,24,0.0,10.616171,-2.7687345,2002
19048,r3i1p1f1,2002,02,25,3.93199014238474,6.628688,-3.8321245,2002
19049,r3i1p1f1,2002,02,26,0.0,6.585376,-5.5196533,2002
19050,r3i1p1f1,2002,02,27,0.0,9.959026,-3.6480699,2002
19051,r3i1p1f1,2002,02,28,0.0,12.503175,-2.2173352,2002
19052,r3i1p1f1,2002,03,01,0.0,14.756516,-0.6454902,2002
19053,r3i1p1f1,2002,03,02,0.0,13.125499,0.80792147,2002
19054,r3i1p1f1,2002,03,03,4.346026587307661,6.1782093,-4.3405805,2002
19055,r3i1p1f1,2002,03,04,0.0,4.6043315,-6.25505,2002
19056,r3i1p1f1,2002,03,05,0.0,9.539073,-4.7719173,2002
19057,r3i1p1f1,2002,03,06,0.0,12.576305,-3.1037962,2002
19058,r3i1p1f1,2002,03,07,0.0,12.645487,-1.5246658,2002
19059,r3i1p1f1,2002,03,08,6.881657556636799,5.632162,-2.6247303,2002
19060,r3i1p1f1,2002,03,09,4.026245232824677,4.635897,-3.1091466,2002
19061,r3i1p1f1,2002,03,10,14.170481690885744,1.0753151,-3.804538,2002
19062,r3i1p1f1,2002,03,11,22.17139812970632,3.0068283,-2.8445349,2002
19063,r3i1p1f1,2002,03,12,0.0,8.583545,-8.593628,2002
19064,r3i1p1f1,2002,03,13,0.0,11.525281,-0.88582784,2002
19065,r3i1p1f1,2002,03,14,10.18351511003474,11.93288,1.0393703,2002
19066,r3i1p1f1,2002,03,15,2.001969732105193,14.573478,4.4167504,2002
19067,r3i1p1f1,2002,03,16,13.116836614024482,11.497862,2.2345684,2002
19068,r3i1p1f1,2002,03,17,5.003811467414428,5.5994277,-0.3652173,2002
19069,r3i1p1f1,2002,03,18,0.0,12.457306,-1.4066215,2002
19070,r3i1p1f1,2002,03,19,0.0,15.473593,0.11179267,2002
19071,r3i1p1f1,2002,03,20,0.0,15.123155,0.8016526,2002
19072,r3i1p1f1,2002,03,21,0.0,14.954294,0.31108293,2002
19073,r3i1p1f1,2002,03,22,0.0,12.930555,1.8783257,2002
19074,r3i1p1f1,2002,03,23,0.0,13.361924,-0.79250056,2002
19075,r3i1p1f1,2002,03,24,0.0,14.033232,2.0566823,2002
19076,r3i1p1f1,2002,03,25,0.0,18.733267,4.667113,2002
19077,r3i1p1f1,2002,03,26,0.0,19.501823,3.7712922,2002
19078,r3i1p1f1,2002,03,27,0.5946207039654071,16.163298,4.5260158,2002
19079,r3i1p1f1,2002,03,28,0.4044643428642303,11.001179,3.8069808,2002
19080,r3i1p1f1,2002,03,29,0.0,16.291067,0.0014013696,2002
19081,r3i1p1f1,2002,03,30,0.0,16.500494,2.4188495,2002
19082,r3i1p1f1,2002,03,31,1.0477244620951272,11.299451,-0.80638194,2002
19083,r3i1p1f1,2002,04,01,2.332056811313745,10.507692,-2.7372656,2002
19084,r3i1p1f1,2002,04,02,1.6574029235710583,13.879251,3.0368297,2002
19085,r3i1p1f1,2002,04,03,19.72319161960561,11.3488035,2.239065,2002
19086,r3i1p1f1,2002,04,04,37.905495623616794,9.034758,-0.8491379,2002
19087,r3i1p1f1,2002,04,05,16.930099364100514,5.540769,-3.9833083,2002
19088,r3i1p1f1,2002,04,06,0.3317033186728,8.230516,-1.0774251,2002
19089,r3i1p1f1,2002,04,07,28.301640869559424,5.686677,0.5367164,2002
19090,r3i1p1f1,2002,04,08,0.002445718756031343,11.232446,-1.9554188,2002
19091,r3i1p1f1,2002,04,09,0.0,15.870391,-0.022650944,2002
19092,r3i1p1f1,2002,04,10,0.03826385990051724,15.73396,3.5069802,2002
19093,r3i1p1f1,2002,04,11,2.873374357410572,12.301683,3.8829713,2002
19094,r3i1p1f1,2002,04,12,7.736846959213787,10.69809,-0.9512659,2002
19095,r3i1p1f1,2002,04,13,0.3290421382859533,12.626559,1.0137956,2002
19096,r3i1p1f1,2002,04,14,32.21341832540929,7.161452,-0.16740587,2002
19097,r3i1p1f1,2002,04,15,0.0,12.147166,-1.1097367,2002
19098,r3i1p1f1,2002,04,16,0.8356293348984573,13.797374,1.1965108,2002
19099,r3i1p1f1,2002,04,17,0.0,18.099682,1.9353403,2002
19100,r3i1p1f1,2002,04,18,0.0,23.121273,5.374662,2002
19101,r3i1p1f1,2002,04,19,0.0,23.38894,7.252859,2002
19102,r3i1p1f1,2002,04,20,0.0,22.598536,7.331501,2002
19103,r3i1p1f1,2002,04,21,0.0,20.560223,6.5889134,2002
19104,r3i1p1f1,2002,04,22,0.0,18.308064,2.9417062,2002
19105,r3i1p1f1,2002,04,23,0.0,17.90489,2.9598417,2002
19106,r3i1p1f1,2002,04,24,0.0,17.639608,3.4229844,2002
19107,r3i1p1f1,2002,04,25,0.0,19.491144,3.8205879,2002
19108,r3i1p1f1,2002,04,26,3.104580217692082,16.40451,2.297002,2002
19109,r3i1p1f1,2002,04,27,33.93721398591113,5.6318903,-1.8611444,2002
19110,r3i1p1f1,2002,04,28,1.9313619900530237,8.487,-5.90985,2002
19111,r3i1p1f1,2002,04,29,1.271833795104421,8.812655,-1.0505627,2002
19112,r3i1p1f1,2002,04,30,2.868930345223481,6.5067687,0.89068884,2002
19113,r3i1p1f1,2002,05,01,0.003799676204308573,18.005095,2.3338842,2002
19114,r3i1p1f1,2002,05,02,0.5057130129180701,15.641142,1.518032,2002
19115,r3i1p1f1,2002,05,03,27.37807560356726,12.487946,4.63529,2002
19116,r3i1p1f1,2002,05,04,0.25327314207587687,16.193825,3.8099694,2002
19117,r3i1p1f1,2002,05,05,0.0,14.68159,5.1611023,2002
19118,r3i1p1f1,2002,05,06,0.0,13.143591,5.1206703,2002
19119,r3i1p1f1,2002,05,07,0.5825064276761719,10.721714,1.1135145,2002
19120,r3i1p1f1,2002,05,08,0.0,15.570235,-0.25785533,2002
19121,r3i1p1f1,2002,05,09,0.0,15.047395,1.1227803,2002
19122,r3i1p1f1,2002,05,10,1.5698295909475604,13.038084,-0.049438953,2002
19123,r3i1p1f1,2002,05,11,3.071125431176226,9.5739975,-1.2433088,2002
19124,r3i1p1f1,2002,05,12,0.0,12.856154,2.4194386,2002
19125,r3i1p1f1,2002,05,13,0.5548712960214623,17.216728,0.4816038,2002
19126,r3i1p1f1,2002,05,14,0.0,20.780722,4.228857,2002
19127,r3i1p1f1,2002,05,15,0.0,18.879395,5.2393084,2002
19128,r3i1p1f1,2002,05,16,17.030049962187675,9.94126,0.59277797,2002
19129,r3i1p1f1,2002,05,17,0.0,20.531433,2.5183115,2002
19130,r3i1p1f1,2002,05,18,0.0,22.4882,4.6327386,2002
19131,r3i1p1f1,2002,05,19,0.5010476777801829,19.09391,6.1367817,2002
19132,r3i1p1f1,2002,05,20,7.99307127477062,12.657471,3.5779583,2002
19133,r3i1p1f1,2002,05,21,8.828314991459544,12.085167,1.4339184,2002
19134,r3i1p1f1,2002,05,22,0.0,20.898636,4.5762706,2002
19135,r3i1p1f1,2002,05,23,0.0,26.161745,8.944713,2002
19136,r3i1p1f1,2002,05,24,0.04952075264315538,25.280676,10.858833,2002
19137,r3i1p1f1,2002,05,25,0.12765762178452478,17.632435,7.7841797,2002
19138,r3i1p1f1,2002,05,26,0.0,22.947506,5.853637,2002
19139,r3i1p1f1,2002,05,27,0.0,22.730833,9.430062,2002
19140,r3i1p1f1,2002,05,28,0.0,20.317347,7.624703,2002
19141,r3i1p1f1,2002,05,29,0.0,21.102262,5.446287,2002
19142,r3i1p1f1,2002,05,30,0.0,19.839993,5.6105533,2002
19143,r3i1p1f1,2002,05,31,0.0059056297208084476,17.640148,5.5760164,2002
19144,r3i1p1f1,2002,06,01,2.742120750994409,14.000385,3.0412416,2002
19145,r3i1p1f1,2002,06,02,0.24829937871177926,16.992956,0.21159062,2002
19146,r3i1p1f1,2002,06,03,0.0,18.598448,3.2558224,2002
19147,r3i1p1f1,2002,06,04,0.0,21.426123,4.3064423,2002
19148,r3i1p1f1,2002,06,05,0.0,23.173431,6.0206904,2002
19149,r3i1p1f1,2002,06,06,0.0,24.626778,7.368804,2002
19150,r3i1p1f1,2002,06,07,0.0,23.988012,8.930087,2002
19151,r3i1p1f1,2002,06,08,0.0,21.508986,8.517424,2002
19152,r3i1p1f1,2002,06,09,0.0,24.289612,6.461064,2002
19153,r3i1p1f1,2002,06,10,1.6146950057047529,24.148966,9.18582,2002
19154,r3i1p1f1,2002,06,11,0.2729211112876472,22.146048,9.854326,2002
19155,r3i1p1f1,2002,06,12,4.748658153249907,18.240889,4.2309723,2002
19156,r3i1p1f1,2002,06,13,0.16067744727479294,14.527473,8.507504,2002
19157,r3i1p1f1,2002,06,14,3.1481654441066844,13.004671,7.205338,2002
19158,r3i1p1f1,2002,06,15,7.928757494588162,11.774455,4.928511,2002
19159,r3i1p1f1,2002,06,16,0.0,17.824429,2.6703627,2002
19160,r3i1p1f1,2002,06,17,0.0,21.514927,3.9294064,2002
19161,r3i1p1f1,2002,06,18,0.0,27.25898,8.021549,2002
19162,r3i1p1f1,2002,06,19,0.0,27.485909,12.112669,2002
19163,r3i1p1f1,2002,06,20,0.0,27.157864,11.982014,2002
19164,r3i1p1f1,2002,06,21,0.0,28.367657,12.039782,2002
19165,r3i1p1f1,2002,06,22,0.0,30.836145,13.193552,2002
19166,r3i1p1f1,2002,06,23,0.11915701662043207,30.763641,15.147777,2002
19167,r3i1p1f1,2002,06,24,0.6988546302493074,28.24704,13.892744,2002
19168,r3i1p1f1,2002,06,25,0.0,24.879194,11.966483,2002
19169,r3i1p1f1,2002,06,26,0.0,23.103077,8.508144,2002
19170,r3i1p1f1,2002,06,27,0.0,23.168358,7.821143,2002
19171,r3i1p1f1,2002,06,28,0.0,24.936308,9.062071,2002
19172,r3i1p1f1,2002,06,29,0.0,25.305092,10.204716,2002
19173,r3i1p1f1,2002,06,30,0.0,24.01674,8.007297,2002
19174,r3i1p1f1,2002,07,01,0.0,18.64367,5.9407897,2002
19175,r3i1p1f1,2002,07,02,0.0041776661467003194,19.402906,7.185358,2002
19176,r3i1p1f1,2002,07,03,0.0,22.28809,7.04824,2002
19177,r3i1p1f1,2002,07,04,0.0,23.610863,8.299959,2002
19178,r3i1p1f1,2002,07,05,0.0,24.142376,8.22573,2002
19179,r3i1p1f1,2002,07,06,0.0,26.61086,10.849308,2002
19180,r3i1p1f1,2002,07,07,0.0,28.97631,11.618939,2002
19181,r3i1p1f1,2002,07,08,0.0,30.398457,13.681949,2002
19182,r3i1p1f1,2002,07,09,0.0,30.005144,14.126776,2002
19183,r3i1p1f1,2002,07,10,0.0,25.394836,9.940908,2002
19184,r3i1p1f1,2002,07,11,0.0,20.952854,6.7845774,2002
19185,r3i1p1f1,2002,07,12,0.21184593968332352,16.62687,4.0919576,2002
19186,r3i1p1f1,2002,07,13,0.0,25.909248,7.2858434,2002
19187,r3i1p1f1,2002,07,14,0.0,30.75246,12.123087,2002
19188,r3i1p1f1,2002,07,15,0.0,32.51262,14.556087,2002
19189,r3i1p1f1,2002,07,16,0.0,33.668736,15.563804,2002
19190,r3i1p1f1,2002,07,17,0.0,33.093784,15.239759,2002
19191,r3i1p1f1,2002,07,18,0.0,32.428864,14.523068,2002
19192,r3i1p1f1,2002,07,19,0.0,33.228195,16.149855,2002
19193,r3i1p1f1,2002,07,20,0.0,32.985355,17.264894,2002
19194,r3i1p1f1,2002,07,21,0.000616015255984262,32.28003,16.53439,2002
19195,r3i1p1f1,2002,07,22,0.8661956929963229,30.741245,14.340771,2002
19196,r3i1p1f1,2002,07,23,0.8711454892411559,30.31252,15.484976,2002
19197,r3i1p1f1,2002,07,24,1.508126960374954,27.7972,14.79062,2002
19198,r3i1p1f1,2002,07,25,0.0,27.197363,12.379453,2002
19199,r3i1p1f1,2002,07,26,0.0,27.888582,12.423699,2002
19200,r3i1p1f1,2002,07,27,1.7650872488287093,28.709667,12.745044,2002
19201,r3i1p1f1,2002,07,28,0.1119497989676395,27.003834,13.518597,2002
19202,r3i1p1f1,2002,07,29,0.0,29.158249,10.811257,2002
19203,r3i1p1f1,2002,07,30,0.00039327764840747575,30.472105,12.553643,2002
19204,r3i1p1f1,2002,07,31,0.0,29.648104,13.706009,2002
19205,r3i1p1f1,2002,08,01,0.0,28.904701,11.958655,2002
19206,r3i1p1f1,2002,08,02,0.0,28.958204,12.297651,2002
19207,r3i1p1f1,2002,08,03,0.0,29.597075,11.973307,2002
19208,r3i1p1f1,2002,08,04,0.0,29.46417,11.711429,2002
19209,r3i1p1f1,2002,08,05,0.0,28.776625,14.38953,2002
19210,r3i1p1f1,2002,08,06,0.0,28.180748,11.164006,2002
19211,r3i1p1f1,2002,08,07,0.0,23.982706,7.8791404,2002
19212,r3i1p1f1,2002,08,08,0.0,27.686617,9.88821,2002
19213,r3i1p1f1,2002,08,09,0.0,31.448086,12.97005,2002
19214,r3i1p1f1,2002,08,10,0.0,34.59359,15.488629,2002
19215,r3i1p1f1,2002,08,11,0.0,34.006943,17.021547,2002
19216,r3i1p1f1,2002,08,12,0.0,31.66347,14.203473,2002
19217,r3i1p1f1,2002,08,13,0.0,24.923563,9.546778,2002
19218,r3i1p1f1,2002,08,14,0.0,29.344082,10.720716,2002
19219,r3i1p1f1,2002,08,15,0.0,29.027697,12.718546,2002
19220,r3i1p1f1,2002,08,16,0.0,27.372799,11.661553,2002
19221,r3i1p1f1,2002,08,17,0.0,26.172112,10.058879,2002
19222,r3i1p1f1,2002,08,18,0.0,26.595215,8.760283,2002
19223,r3i1p1f1,2002,08,19,0.0,27.745434,9.877724,2002
19224,r3i1p1f1,2002,08,20,0.0,26.199184,10.213131,2002
19225,r3i1p1f1,2002,08,21,0.0,28.251785,9.671312,2002
19226,r3i1p1f1,2002,08,22,0.0,30.638668,12.665243,2002
19227,r3i1p1f1,2002,08,23,0.04974729128757884,29.09218,14.358886,2002
19228,r3i1p1f1,2002,08,24,0.0,28.1243,12.2533045,2002
19229,r3i1p1f1,2002,08,25,0.0,27.123539,13.837025,2002
19230,r3i1p1f1,2002,08,26,0.02907786489997402,28.294718,10.718219,2002
19231,r3i1p1f1,2002,08,27,0.0,29.038824,11.409492,2002
19232,r3i1p1f1,2002,08,28,0.0,28.295158,11.370224,2002
19233,r3i1p1f1,2002,08,29,0.0,27.067593,9.438635,2002
19234,r3i1p1f1,2002,08,30,0.0,27.329243,10.304674,2002
19235,r3i1p1f1,2002,08,31,0.004999385687130454,27.176172,11.190102,2002
19236,r3i1p1f1,2002,09,01,0.0,29.512032,12.160025,2002
19237,r3i1p1f1,2002,09,02,0.0,30.892593,12.787415,2002
19238,r3i1p1f1,2002,09,03,0.0,30.47149,14.575043,2002
19239,r3i1p1f1,2002,09,04,0.0,29.285542,13.155649,2002
19240,r3i1p1f1,2002,09,05,0.0,26.423044,11.3772955,2002
19241,r3i1p1f1,2002,09,06,0.0,23.813364,6.9829483,2002
19242,r3i1p1f1,2002,09,07,0.0,27.389994,9.463251,2002
19243,r3i1p1f1,2002,09,08,0.0,26.837378,10.585303,2002
19244,r3i1p1f1,2002,09,09,0.0,30.039196,11.75872,2002
19245,r3i1p1f1,2002,09,10,0.0,32.646454,14.365811,2002
19246,r3i1p1f1,2002,09,11,0.0,33.425407,15.708092,2002
19247,r3i1p1f1,2002,09,12,0.0,32.55576,14.952241,2002
19248,r3i1p1f1,2002,09,13,0.0,31.284914,13.849237,2002
19249,r3i1p1f1,2002,09,14,0.0,28.60701,12.057169,2002
19250,r3i1p1f1,2002,09,15,0.0,28.97129,12.658109,2002
19251,r3i1p1f1,2002,09,16,0.0,28.461227,13.238333,2002
19252,r3i1p1f1,2002,09,17,0.0,28.714895,12.58443,2002
19253,r3i1p1f1,2002,09,18,0.0,28.938894,13.038597,2002
19254,r3i1p1f1,2002,09,19,0.0,29.736717,12.854498,2002
19255,r3i1p1f1,2002,09,20,0.0,29.278368,13.132438,2002
19256,r3i1p1f1,2002,09,21,0.0,29.227457,13.202546,2002
19257,r3i1p1f1,2002,09,22,0.0,31.185987,13.929992,2002
19258,r3i1p1f1,2002,09,23,0.0,29.880266,13.037048,2002
19259,r3i1p1f1,2002,09,24,2.1129301308782917,17.400854,8.478999,2002
19260,r3i1p1f1,2002,09,25,0.0,14.31009,5.8358793,2002
19261,r3i1p1f1,2002,09,26,0.0,19.248936,3.9951248,2002
19262,r3i1p1f1,2002,09,27,0.0,20.988829,5.1920333,2002
19263,r3i1p1f1,2002,09,28,0.0,21.61951,6.9215646,2002
19264,r3i1p1f1,2002,09,29,0.0,21.090433,6.3887186,2002
19265,r3i1p1f1,2002,09,30,0.005676064297164741,19.1687,5.317871,2002
19266,r3i1p1f1,2002,10,01,11.36756738951111,13.758185,4.307491,2002
19267,r3i1p1f1,2002,10,02,0.0,15.894272,2.8764777,2002
19268,r3i1p1f1,2002,10,03,0.0,23.429155,5.814317,2002
19269,r3i1p1f1,2002,10,04,0.0,23.729727,8.683749,2002
19270,r3i1p1f1,2002,10,05,0.0,21.87703,8.424767,2002
19271,r3i1p1f1,2002,10,06,0.0,20.936563,7.0745683,2002
19272,r3i1p1f1,2002,10,07,0.0,21.026644,7.131186,2002
19273,r3i1p1f1,2002,10,08,0.0,20.114635,7.1904917,2002
19274,r3i1p1f1,2002,10,09,0.0,19.069235,8.2609415,2002
19275,r3i1p1f1,2002,10,10,0.0,23.018839,8.122565,2002
19276,r3i1p1f1,2002,10,11,0.0,26.660181,9.501617,2002
19277,r3i1p1f1,2002,10,12,0.0,28.753006,11.559119,2002
19278,r3i1p1f1,2002,10,13,0.0,28.204523,11.042911,2002
19279,r3i1p1f1,2002,10,14,0.0,26.261602,10.650459,2002
19280,r3i1p1f1,2002,10,15,0.0,26.597284,9.453504,2002
19281,r3i1p1f1,2002,10,16,0.0,27.713257,10.697031,2002
19282,r3i1p1f1,2002,10,17,0.0,26.95127,10.624931,2002
19283,r3i1p1f1,2002,10,18,0.0,23.110744,8.318386,2002
19284,r3i1p1f1,2002,10,19,0.0,15.9164095,2.787522,2002
19285,r3i1p1f1,2002,10,20,0.4046804881287052,11.830064,-0.044598497,2002
19286,r3i1p1f1,2002,10,21,0.5720294756955762,11.900769,-0.37499976,2002
19287,r3i1p1f1,2002,10,22,0.0,20.619488,2.7105947,2002
19288,r3i1p1f1,2002,10,23,0.0,20.742249,4.846318,2002
19289,r3i1p1f1,2002,10,24,2.708135404540563,18.500473,5.4745264,2002
19290,r3i1p1f1,2002,10,25,0.0,13.825547,-0.97221357,2002
19291,r3i1p1f1,2002,10,26,0.0,17.521044,1.3481823,2002
19292,r3i1p1f1,2002,10,27,0.0,19.787619,3.8262563,2002
19293,r3i1p1f1,2002,10,28,0.0,20.148243,4.7855315,2002
19294,r3i1p1f1,2002,10,29,0.0,17.781788,5.086982,2002
19295,r3i1p1f1,2002,10,30,0.33663395596177953,13.5196085,5.713404,2002
19296,r3i1p1f1,2002,10,31,0.0,14.403848,0.6654048,2002
19297,r3i1p1f1,2002,11,01,0.0,15.92898,3.3574696,2002
19298,r3i1p1f1,2002,11,02,0.0,20.069378,4.174918,2002
19299,r3i1p1f1,2002,11,03,0.0,19.455137,5.175634,2002
19300,r3i1p1f1,2002,11,04,0.0,19.44414,3.9561524,2002
19301,r3i1p1f1,2002,11,05,15.733830423682535,16.970848,4.2485056,2002
19302,r3i1p1f1,2002,11,06,0.31150997383520007,7.665146,-2.76853,2002
19303,r3i1p1f1,2002,11,07,0.0,11.51687,-2.589742,2002
19304,r3i1p1f1,2002,11,08,0.0,14.82457,-1.1557153,2002
19305,r3i1p1f1,2002,11,09,0.0,19.108927,3.5608833,2002
19306,r3i1p1f1,2002,11,10,0.0,21.540937,4.703935,2002
19307,r3i1p1f1,2002,11,11,0.0,21.290033,5.93308,2002
19308,r3i1p1f1,2002,11,12,0.0,20.007488,6.247397,2002
19309,r3i1p1f1,2002,11,13,0.0,22.059893,5.4006386,2002
19310,r3i1p1f1,2002,11,14,0.0,20.255527,6.597655,2002
19311,r3i1p1f1,2002,11,15,0.0,22.590988,5.8452168,2002
19312,r3i1p1f1,2002,11,16,0.0,20.592634,6.714367,2002
19313,r3i1p1f1,2002,11,17,0.005441488649107908,17.148449,6.035868,2002
19314,r3i1p1f1,2002,11,18,2.8556531246546286,11.8129,4.108487,2002
19315,r3i1p1f1,2002,11,19,0.0,14.818857,1.3883079,2002
19316,r3i1p1f1,2002,11,20,0.0,16.126862,2.2734475,2002
19317,r3i1p1f1,2002,11,21,0.798459257164627,13.837338,1.6739091,2002
19318,r3i1p1f1,2002,11,22,12.012721190120303,3.5665305,-4.4233685,2002
19319,r3i1p1f1,2002,11,23,6.871091710682346,-1.351807,-6.722487,2002
19320,r3i1p1f1,2002,11,24,0.0,-0.6948256,-16.406431,2002
19321,r3i1p1f1,2002,11,25,0.0,1.0911005,-17.580103,2002
19322,r3i1p1f1,2002,11,26,0.0,7.213163,-11.889604,2002
19323,r3i1p1f1,2002,11,27,0.0,8.568944,-9.397985,2002
19324,r3i1p1f1,2002,11,28,0.0,12.052772,-2.9039211,2002
19325,r3i1p1f1,2002,11,29,0.0,13.475403,-3.6288626,2002
19326,r3i1p1f1,2002,11,30,0.0,17.427185,1.4048138,2002
19327,r3i1p1f1,2002,12,01,0.0,15.673996,2.4921162,2002
19328,r3i1p1f1,2002,12,02,0.0,16.118183,3.3545163,2002
19329,r3i1p1f1,2002,12,03,0.0,19.267986,3.5536451,2002
19330,r3i1p1f1,2002,12,04,0.0,20.16166,4.017904,2002
19331,r3i1p1f1,2002,12,05,0.0,19.031672,3.378979,2002
19332,r3i1p1f1,2002,12,06,0.0,17.054546,5.4711394,2002
19333,r3i1p1f1,2002,12,07,20.27854488941988,8.778057,0.29365918,2002
19334,r3i1p1f1,2002,12,08,4.957065684108161,5.784612,-0.6961646,2002
19335,r3i1p1f1,2002,12,09,0.0,12.312475,-2.5544012,2002
19336,r3i1p1f1,2002,12,10,0.0,14.812698,0.64035183,2002
19337,r3i1p1f1,2002,12,11,0.0,14.943575,0.86211014,2002
19338,r3i1p1f1,2002,12,12,0.0,13.642523,3.6991246,2002
19339,r3i1p1f1,2002,12,13,37.5821974643163,8.138192,0.1769863,2002
19340,r3i1p1f1,2002,12,14,30.504371245440684,3.4914606,-1.4645549,2002
19341,r3i1p1f1,2002,12,15,21.27695901343893,3.9754996,-2.9954324,2002
19342,r3i1p1f1,2002,12,16,0.0,9.314071,-4.627184,2002
19343,r3i1p1f1,2002,12,17,0.0,9.984128,1.7589593,2002
19344,r3i1p1f1,2002,12,18,4.6562825292073144,5.155287,-2.6601067,2002
19345,r3i1p1f1,2002,12,19,0.0,9.094895,-3.4073558,2002
19346,r3i1p1f1,2002,12,20,8.642188011435792,3.804836,-2.42378,2002
19347,r3i1p1f1,2002,12,21,0.0,6.9383054,-6.393378,2002
19348,r3i1p1f1,2002,12,22,0.0,10.2815275,-0.46216488,2002
19349,r3i1p1f1,2002,12,23,0.721752406618754,9.270938,1.5012226,2002
19350,r3i1p1f1,2002,12,24,63.84405732939118,3.70866,-0.67948055,2002
19351,r3i1p1f1,2002,12,25,0.5709119053790346,8.009442,-4.7282195,2002
19352,r3i1p1f1,2002,12,26,0.0,7.9957776,-3.9753444,2002
19353,r3i1p1f1,2002,12,27,0.0,7.7118587,-3.5065825,2002
19354,r3i1p1f1,2002,12,28,0.0,3.4593463,-6.3360453,2002
19355,r3i1p1f1,2002,12,29,0.0,3.319275,-6.6920257,2002
19356,r3i1p1f1,2002,12,30,0.0,2.7468877,-7.85722,2002
19357,r3i1p1f1,2002,12,31,0.0,4.7510395,-7.2056265,2002
19358,r3i1p1f1,2003,01,01,0.0,7.389281,-5.2688136,2003
19359,r3i1p1f1,2003,01,02,2.087440302918702,3.399318,-3.6852427,2003
19360,r3i1p1f1,2003,01,03,0.0,5.4466662,-7.3487453,2003
19361,r3i1p1f1,2003,01,04,0.0,2.7777493,-8.87156,2003
19362,r3i1p1f1,2003,01,05,0.0,2.8352637,-9.48095,2003
19363,r3i1p1f1,2003,01,06,0.003841435490788794,8.050328,-3.2880898,2003
19364,r3i1p1f1,2003,01,07,0.0,8.246401,-4.215003,2003
19365,r3i1p1f1,2003,01,08,0.0,9.329666,-1.9649013,2003
19366,r3i1p1f1,2003,01,09,0.0,9.799199,-3.2868447,2003
19367,r3i1p1f1,2003,01,10,0.0,11.721539,-2.617102,2003
19368,r3i1p1f1,2003,01,11,1.4854861794255587,8.027751,-0.7503109,2003
19369,r3i1p1f1,2003,01,12,25.52305051664773,6.470552,2.2627037,2003
19370,r3i1p1f1,2003,01,13,17.872699270925583,8.141125,2.6666791,2003
19371,r3i1p1f1,2003,01,14,0.0,11.612653,1.6403573,2003
19372,r3i1p1f1,2003,01,15,47.37800377617149,7.436953,1.8680776,2003
19373,r3i1p1f1,2003,01,16,23.012411648922257,7.472306,-0.5224043,2003
19374,r3i1p1f1,2003,01,17,0.0,12.838898,1.4753664,2003
19375,r3i1p1f1,2003,01,18,0.0,14.099192,3.2590654,2003
19376,r3i1p1f1,2003,01,19,0.0,17.475794,5.4924912,2003
19377,r3i1p1f1,2003,01,20,0.0,19.808277,6.413367,2003
19378,r3i1p1f1,2003,01,21,0.0,18.320429,6.4936156,2003
19379,r3i1p1f1,2003,01,22,0.0,14.408213,3.9276934,2003
19380,r3i1p1f1,2003,01,23,1.423946558938233,12.217453,2.8473923,2003
19381,r3i1p1f1,2003,01,24,0.0,11.192787,-0.026125604,2003
19382,r3i1p1f1,2003,01,25,0.0,13.135693,1.5812637,2003
19383,r3i1p1f1,2003,01,26,0.0,12.516262,2.552581,2003
19384,r3i1p1f1,2003,01,27,0.0,14.256786,2.2240775,2003
19385,r3i1p1f1,2003,01,28,3.988632123448616,10.169238,0.19348668,2003
19386,r3i1p1f1,2003,01,29,22.35509530567613,6.1646795,0.8469153,2003
19387,r3i1p1f1,2003,01,30,0.0,9.723756,-0.12490512,2003
19388,r3i1p1f1,2003,01,31,0.25552538343043507,8.905237,0.3295159,2003
19389,r3i1p1f1,2003,02,01,0.0,13.445996,0.81376404,2003
19390,r3i1p1f1,2003,02,02,0.0,15.627176,1.1632342,2003
19391,r3i1p1f1,2003,02,03,0.0,15.538741,2.0092292,2003
19392,r3i1p1f1,2003,02,04,0.0,14.19729,3.1028712,2003
19393,r3i1p1f1,2003,02,05,0.0,11.804593,0.6514268,2003
19394,r3i1p1f1,2003,02,06,0.01142765479591234,8.948539,-1.189069,2003
19395,r3i1p1f1,2003,02,07,4.194602103540857,3.9431524,-4.1752357,2003
19396,r3i1p1f1,2003,02,08,3.2956873199126626,3.952286,-3.247637,2003
19397,r3i1p1f1,2003,02,09,0.0,9.460847,-1.3362359,2003
19398,r3i1p1f1,2003,02,10,0.0,11.971516,-1.4530884,2003
19399,r3i1p1f1,2003,02,11,0.0,11.284675,-0.6566436,2003
19400,r3i1p1f1,2003,02,12,0.397600030134383,10.074413,1.2767688,2003
19401,r3i1p1f1,2003,02,13,0.0,13.86593,3.720318,2003
19402,r3i1p1f1,2003,02,14,23.41861381979757,8.415096,1.7727332,2003
19403,r3i1p1f1,2003,02,15,9.367013873576836,8.349011,-0.640411,2003
19404,r3i1p1f1,2003,02,16,0.0,15.751399,2.0127912,2003
19405,r3i1p1f1,2003,02,17,0.0,17.551352,3.555567,2003
19406,r3i1p1f1,2003,02,18,0.0,20.789368,4.170018,2003
19407,r3i1p1f1,2003,02,19,0.0,20.638914,3.4624484,2003
19408,r3i1p1f1,2003,02,20,0.0,19.029518,5.5306354,2003
19409,r3i1p1f1,2003,02,21,3.142047983151554,16.47052,4.3570614,2003
19410,r3i1p1f1,2003,02,22,6.7977461083118165,11.102406,2.646928,2003
19411,r3i1p1f1,2003,02,23,0.0,12.118542,-0.61195505,2003
19412,r3i1p1f1,2003,02,24,7.647721682626166,8.532938,0.34994686,2003
19413,r3i1p1f1,2003,02,25,0.046256497061174164,14.493357,3.1683905,2003
19414,r3i1p1f1,2003,02,26,81.367831927185,11.02434,1.5898515,2003
19415,r3i1p1f1,2003,02,27,31.466359868155497,2.1504474,-1.9408541,2003
19416,r3i1p1f1,2003,02,28,5.118315003040296,4.3165555,-3.5870266,2003
19417,r3i1p1f1,2003,03,01,15.569845082140283,7.184043,-1.6941329,2003
19418,r3i1p1f1,2003,03,02,0.0,13.263851,-0.7385994,2003
19419,r3i1p1f1,2003,03,03,0.0,16.292934,2.4963887,2003
19420,r3i1p1f1,2003,03,04,0.0,19.472878,3.1692855,2003
19421,r3i1p1f1,2003,03,05,0.0,17.93619,5.2974424,2003
19422,r3i1p1f1,2003,03,06,0.0,16.385609,3.081386,2003
19423,r3i1p1f1,2003,03,07,0.0,20.568941,4.887649,2003
19424,r3i1p1f1,2003,03,08,0.0,22.964857,7.3618836,2003
19425,r3i1p1f1,2003,03,09,0.0,23.638325,8.976368,2003
19426,r3i1p1f1,2003,03,10,0.0,23.12286,11.599095,2003
19427,r3i1p1f1,2003,03,11,18.802211781669605,17.182474,3.1160629,2003
19428,r3i1p1f1,2003,03,12,36.87763552328474,9.162933,0.86281997,2003
19429,r3i1p1f1,2003,03,13,28.515388870513753,3.8470235,-2.0047734,2003
19430,r3i1p1f1,2003,03,14,23.10142882511412,3.540467,-2.8753362,2003
19431,r3i1p1f1,2003,03,15,30.73205474371973,3.4265378,-1.8406631,2003
19432,r3i1p1f1,2003,03,16,35.593656690693216,3.1452732,-1.8501858,2003
19433,r3i1p1f1,2003,03,17,10.384527883051257,4.480267,-0.90493613,2003
19434,r3i1p1f1,2003,03,18,0.04994384454269158,9.52642,-5.4430957,2003
19435,r3i1p1f1,2003,03,19,8.643185283902934,6.4325466,-2.4366806,2003
19436,r3i1p1f1,2003,03,20,1.8862425699281677,6.9081283,-5.3488584,2003
19437,r3i1p1f1,2003,03,21,0.0,8.405158,-5.0072994,2003
19438,r3i1p1f1,2003,03,22,0.0,8.117602,-6.1396184,2003
19439,r3i1p1f1,2003,03,23,0.09263448661218526,7.036467,-3.5575082,2003
19440,r3i1p1f1,2003,03,24,0.0,11.877089,-5.0518823,2003
19441,r3i1p1f1,2003,03,25,0.0,13.656701,-2.6116452,2003
19442,r3i1p1f1,2003,03,26,0.0,13.427823,-1.2945083,2003
19443,r3i1p1f1,2003,03,27,9.639728841399407,7.278417,0.54273766,2003
19444,r3i1p1f1,2003,03,28,17.11331268674449,6.133367,-0.23267892,2003
19445,r3i1p1f1,2003,03,29,11.523308461044891,7.594699,1.5633795,2003
19446,r3i1p1f1,2003,03,30,57.70704021775409,7.4377313,3.097011,2003
19447,r3i1p1f1,2003,03,31,0.14914242465716884,15.706217,0.64831936,2003
19448,r3i1p1f1,2003,04,01,0.0,18.222832,1.1241056,2003
19449,r3i1p1f1,2003,04,02,0.0,19.832249,3.3961878,2003
19450,r3i1p1f1,2003,04,03,0.0,23.37932,4.908364,2003
19451,r3i1p1f1,2003,04,04,0.0,25.713583,7.5081754,2003
19452,r3i1p1f1,2003,04,05,0.0,25.929052,9.23648,2003
19453,r3i1p1f1,2003,04,06,0.0,25.153028,8.927375,2003
19454,r3i1p1f1,2003,04,07,0.0,24.908237,7.428938,2003
19455,r3i1p1f1,2003,04,08,0.0,22.802588,9.326431,2003
19456,r3i1p1f1,2003,04,09,0.009828243453643824,17.38263,7.527425,2003
19457,r3i1p1f1,2003,04,10,0.0,16.597132,3.3784175,2003
19458,r3i1p1f1,2003,04,11,0.0,13.93702,1.7095636,2003
19459,r3i1p1f1,2003,04,12,0.0,13.460603,-0.15005523,2003
19460,r3i1p1f1,2003,04,13,0.0,12.957135,1.6116551,2003
19461,r3i1p1f1,2003,04,14,0.0,11.37147,2.6670842,2003
19462,r3i1p1f1,2003,04,15,7.776224424091389,8.193454,0.81900895,2003
19463,r3i1p1f1,2003,04,16,0.0,17.01042,-0.4252572,2003
19464,r3i1p1f1,2003,04,17,0.0,22.97741,3.9325643,2003
19465,r3i1p1f1,2003,04,18,0.0,22.657572,6.255159,2003
19466,r3i1p1f1,2003,04,19,6.331474996726397,15.967208,-0.095484324,2003
19467,r3i1p1f1,2003,04,20,0.7589378270878162,10.265856,-0.7503793,2003
19468,r3i1p1f1,2003,04,21,4.529705609341986,11.834793,-1.1527795,2003
19469,r3i1p1f1,2003,04,22,0.0,20.91651,1.69425,2003
19470,r3i1p1f1,2003,04,23,0.0,23.038652,5.1548715,2003
19471,r3i1p1f1,2003,04,24,0.0,21.94844,5.8985023,2003
19472,r3i1p1f1,2003,04,25,0.0,18.680124,4.5952053,2003
19473,r3i1p1f1,2003,04,26,0.0,16.327808,1.0114292,2003
19474,r3i1p1f1,2003,04,27,0.0,12.072989,-2.258348,2003
19475,r3i1p1f1,2003,04,28,0.0,13.03421,-2.3420193,2003
19476,r3i1p1f1,2003,04,29,0.0,15.94413,0.52402323,2003
19477,r3i1p1f1,2003,04,30,0.0,16.889774,1.5288764,2003
19478,r3i1p1f1,2003,05,01,0.0,16.768824,3.256965,2003
19479,r3i1p1f1,2003,05,02,0.0,20.110065,3.5732899,2003
19480,r3i1p1f1,2003,05,03,0.0,20.393116,4.568755,2003
19481,r3i1p1f1,2003,05,04,0.0,19.59935,5.6790357,2003
19482,r3i1p1f1,2003,05,05,0.0,18.48305,3.0872438,2003
19483,r3i1p1f1,2003,05,06,0.0,20.598185,4.349887,2003
19484,r3i1p1f1,2003,05,07,0.0,20.300028,6.7163467,2003
19485,r3i1p1f1,2003,05,08,0.0,20.110054,4.2935624,2003
19486,r3i1p1f1,2003,05,09,3.684508328756477,16.187916,2.6502578,2003
19487,r3i1p1f1,2003,05,10,11.421553823962121,9.742065,1.7609316,2003
19488,r3i1p1f1,2003,05,11,0.0,21.682852,4.795969,2003
19489,r3i1p1f1,2003,05,12,0.0,24.55531,8.063065,2003
19490,r3i1p1f1,2003,05,13,0.0,23.917253,9.125569,2003
19491,r3i1p1f1,2003,05,14,0.0,21.93429,6.4785395,2003
19492,r3i1p1f1,2003,05,15,0.0,20.054472,6.177129,2003
19493,r3i1p1f1,2003,05,16,0.0,21.787024,5.838685,2003
19494,r3i1p1f1,2003,05,17,0.0,24.196068,9.593074,2003
19495,r3i1p1f1,2003,05,18,1.4440539326690334,17.959612,3.4429371,2003
19496,r3i1p1f1,2003,05,19,4.53566728028818,13.7186985,2.0960991,2003
19497,r3i1p1f1,2003,05,20,8.333703583239663,13.497756,-0.040827703,2003
19498,r3i1p1f1,2003,05,21,2.1893174966910585,14.543872,3.8876994,2003
19499,r3i1p1f1,2003,05,22,0.013700470643877787,19.29865,6.9528575,2003
19500,r3i1p1f1,2003,05,23,0.0,22.222038,6.2394137,2003
19501,r3i1p1f1,2003,05,24,0.030478621575687277,21.72163,7.866441,2003
19502,r3i1p1f1,2003,05,25,0.0,23.75119,8.966946,2003
19503,r3i1p1f1,2003,05,26,1.6620126652254072,20.45846,6.501405,2003
19504,r3i1p1f1,2003,05,27,0.6039114138969269,19.939594,5.9118686,2003
19505,r3i1p1f1,2003,05,28,0.06438672717195004,22.699032,8.106661,2003
19506,r3i1p1f1,2003,05,29,0.0,24.262201,8.870824,2003
19507,r3i1p1f1,2003,05,30,0.0,23.404978,10.549754,2003
19508,r3i1p1f1,2003,05,31,0.006448649066059213,24.019156,8.982012,2003
19509,r3i1p1f1,2003,06,01,0.0,25.9809,6.968079,2003
19510,r3i1p1f1,2003,06,02,0.0,26.162273,9.852346,2003
19511,r3i1p1f1,2003,06,03,0.0,25.709232,8.283243,2003
19512,r3i1p1f1,2003,06,04,0.0,18.644733,6.542767,2003
19513,r3i1p1f1,2003,06,05,0.0,18.375145,2.4082444,2003
19514,r3i1p1f1,2003,06,06,0.0,21.859356,3.8268063,2003
19515,r3i1p1f1,2003,06,07,0.05372883874530855,21.400513,7.236478,2003
19516,r3i1p1f1,2003,06,08,0.0,18.54428,4.2692924,2003
19517,r3i1p1f1,2003,06,09,0.0,17.874989,3.972275,2003
19518,r3i1p1f1,2003,06,10,0.0,18.079119,4.3532705,2003
19519,r3i1p1f1,2003,06,11,0.0,20.519142,4.9030547,2003
19520,r3i1p1f1,2003,06,12,0.0,22.36867,6.807229,2003
19521,r3i1p1f1,2003,06,13,0.0,26.732685,8.508161,2003
19522,r3i1p1f1,2003,06,14,0.0,27.27643,12.1614065,2003
19523,r3i1p1f1,2003,06,15,0.0,28.39042,10.32212,2003
19524,r3i1p1f1,2003,06,16,0.0,28.440067,11.085568,2003
19525,r3i1p1f1,2003,06,17,0.0,29.910278,11.933643,2003
19526,r3i1p1f1,2003,06,18,0.0,33.318623,15.867393,2003
19527,r3i1p1f1,2003,06,19,0.0,32.23675,15.501271,2003
19528,r3i1p1f1,2003,06,20,0.0,27.895658,12.040755,2003
19529,r3i1p1f1,2003,06,21,0.0,24.403795,8.037381,2003
19530,r3i1p1f1,2003,06,22,0.0,27.352518,9.967808,2003
19531,r3i1p1f1,2003,06,23,0.0,27.994898,11.949776,2003
19532,r3i1p1f1,2003,06,24,0.0,27.780935,11.953142,2003
19533,r3i1p1f1,2003,06,25,0.0,28.183456,10.828033,2003
19534,r3i1p1f1,2003,06,26,0.0,28.090807,11.836272,2003
19535,r3i1p1f1,2003,06,27,0.0,29.986393,12.235081,2003
19536,r3i1p1f1,2003,06,28,0.0,29.09855,12.730204,2003
19537,r3i1p1f1,2003,06,29,0.0,27.792837,10.967526,2003
19538,r3i1p1f1,2003,06,30,0.0,28.361723,11.10888,2003
19539,r3i1p1f1,2003,07,01,0.0,30.12047,13.321491,2003
19540,r3i1p1f1,2003,07,02,0.0,30.247374,14.797717,2003
19541,r3i1p1f1,2003,07,03,0.0,30.216816,14.208372,2003
19542,r3i1p1f1,2003,07,04,0.0,31.20464,12.918734,2003
19543,r3i1p1f1,2003,07,05,0.0,30.632204,13.494601,2003
19544,r3i1p1f1,2003,07,06,0.0,30.926779,14.0020275,2003
19545,r3i1p1f1,2003,07,07,0.0,30.997524,14.181048,2003
19546,r3i1p1f1,2003,07,08,0.0,31.08327,14.84687,2003
19547,r3i1p1f1,2003,07,09,0.0,30.238522,14.341686,2003
19548,r3i1p1f1,2003,07,10,0.0,28.914146,13.21719,2003
19549,r3i1p1f1,2003,07,11,0.0,24.952782,9.137276,2003
19550,r3i1p1f1,2003,07,12,0.0,23.216661,8.311211,2003
19551,r3i1p1f1,2003,07,13,0.0,26.67937,9.511822,2003
19552,r3i1p1f1,2003,07,14,0.0,29.061485,11.790823,2003
19553,r3i1p1f1,2003,07,15,0.0,28.81461,13.039346,2003
19554,r3i1p1f1,2003,07,16,0.0,28.51473,12.588222,2003
19555,r3i1p1f1,2003,07,17,0.0,28.362267,13.033361,2003
19556,r3i1p1f1,2003,07,18,0.0,29.774878,12.947283,2003
19557,r3i1p1f1,2003,07,19,0.0,29.656162,13.843493,2003
19558,r3i1p1f1,2003,07,20,0.0,27.575493,11.5288315,2003
19559,r3i1p1f1,2003,07,21,0.0,26.306831,10.742677,2003
19560,r3i1p1f1,2003,07,22,0.0,23.681652,9.126296,2003
19561,r3i1p1f1,2003,07,23,0.7575880218562241,24.558687,11.2776165,2003
19562,r3i1p1f1,2003,07,24,0.0,27.2177,9.372321,2003
19563,r3i1p1f1,2003,07,25,0.0,29.57713,12.0040045,2003
19564,r3i1p1f1,2003,07,26,0.0,29.361698,12.14362,2003
19565,r3i1p1f1,2003,07,27,0.0,28.977314,14.014241,2003
19566,r3i1p1f1,2003,07,28,0.0,29.2814,13.529927,2003
19567,r3i1p1f1,2003,07,29,0.074153711428057,29.820995,13.277321,2003
19568,r3i1p1f1,2003,07,30,0.030979157523497156,29.873623,12.866662,2003
19569,r3i1p1f1,2003,07,31,0.019375831930358942,30.716839,12.880728,2003
19570,r3i1p1f1,2003,08,01,0.0,29.617353,12.926712,2003
19571,r3i1p1f1,2003,08,02,0.0,28.53844,11.51629,2003
19572,r3i1p1f1,2003,08,03,0.0,30.567556,11.957092,2003
19573,r3i1p1f1,2003,08,04,0.0,30.678236,13.10801,2003
19574,r3i1p1f1,2003,08,05,0.0,29.113203,12.260144,2003
19575,r3i1p1f1,2003,08,06,0.0,24.66492,9.166579,2003
19576,r3i1p1f1,2003,08,07,0.0,25.579674,9.430351,2003
19577,r3i1p1f1,2003,08,08,0.0,25.085135,9.4814,2003
19578,r3i1p1f1,2003,08,09,0.0,26.804186,10.151548,2003
19579,r3i1p1f1,2003,08,10,0.0,27.930544,11.445958,2003
19580,r3i1p1f1,2003,08,11,0.0,30.387766,13.774166,2003
19581,r3i1p1f1,2003,08,12,0.06030591275224364,30.38372,14.471334,2003
19582,r3i1p1f1,2003,08,13,0.0011455320514199372,29.33977,13.413415,2003
19583,r3i1p1f1,2003,08,14,0.0,30.128979,14.202588,2003
19584,r3i1p1f1,2003,08,15,0.0,33.525578,15.184513,2003
19585,r3i1p1f1,2003,08,16,0.0,34.028984,16.80257,2003
19586,r3i1p1f1,2003,08,17,0.0,34.041874,16.094604,2003
19587,r3i1p1f1,2003,08,18,0.0,33.176506,15.323108,2003
19588,r3i1p1f1,2003,08,19,0.0,32.160248,14.55785,2003
19589,r3i1p1f1,2003,08,20,0.0,28.190968,12.272752,2003
19590,r3i1p1f1,2003,08,21,0.05804273716517185,24.470058,12.077517,2003
19591,r3i1p1f1,2003,08,22,0.0,22.72303,8.696904,2003
19592,r3i1p1f1,2003,08,23,0.0,21.36494,6.3496056,2003
19593,r3i1p1f1,2003,08,24,0.0,23.234205,5.665405,2003
19594,r3i1p1f1,2003,08,25,0.0,28.365744,9.525697,2003
19595,r3i1p1f1,2003,08,26,0.0,29.868025,12.178838,2003
19596,r3i1p1f1,2003,08,27,0.0,30.719576,12.8651085,2003
19597,r3i1p1f1,2003,08,28,0.0,30.995735,14.559066,2003
19598,r3i1p1f1,2003,08,29,0.0,30.506395,12.712634,2003
19599,r3i1p1f1,2003,08,30,0.0,28.418446,11.221794,2003
19600,r3i1p1f1,2003,08,31,0.0,25.93049,7.5181513,2003
19601,r3i1p1f1,2003,09,01,0.0,25.079758,9.323905,2003
19602,r3i1p1f1,2003,09,02,0.0,23.273643,7.790228,2003
19603,r3i1p1f1,2003,09,03,0.0,22.778109,5.587959,2003
19604,r3i1p1f1,2003,09,04,0.0,25.897173,8.257321,2003
19605,r3i1p1f1,2003,09,05,0.0,25.235435,9.515424,2003
19606,r3i1p1f1,2003,09,06,0.0,22.64549,6.4917717,2003
19607,r3i1p1f1,2003,09,07,0.0,25.705992,8.282411,2003
19608,r3i1p1f1,2003,09,08,0.0,27.950235,10.393141,2003
19609,r3i1p1f1,2003,09,09,0.0,29.113928,11.942407,2003
19610,r3i1p1f1,2003,09,10,0.0,30.86907,12.893729,2003
19611,r3i1p1f1,2003,09,11,0.0,31.294842,13.389564,2003
19612,r3i1p1f1,2003,09,12,0.0,29.427582,14.367574,2003
19613,r3i1p1f1,2003,09,13,0.0,26.58213,11.564309,2003
19614,r3i1p1f1,2003,09,14,0.011995124422307862,23.363667,7.3624134,2003
19615,r3i1p1f1,2003,09,15,0.0,21.64141,6.4996524,2003
19616,r3i1p1f1,2003,09,16,0.0,21.729753,6.273592,2003
19617,r3i1p1f1,2003,09,17,0.0,22.57484,5.2659636,2003
19618,r3i1p1f1,2003,09,18,0.0,21.928036,5.9178114,2003
19619,r3i1p1f1,2003,09,19,0.0,20.992004,4.7854424,2003
19620,r3i1p1f1,2003,09,20,0.0,24.35101,5.965514,2003
19621,r3i1p1f1,2003,09,21,0.2918211181455071,23.204218,10.716473,2003
19622,r3i1p1f1,2003,09,22,0.0,20.973738,7.731826,2003
19623,r3i1p1f1,2003,09,23,6.3235122331350695,15.862411,5.2136436,2003
19624,r3i1p1f1,2003,09,24,43.16807578709957,7.6958237,0.4127327,2003
19625,r3i1p1f1,2003,09,25,0.0,16.881252,-0.36768275,2003
19626,r3i1p1f1,2003,09,26,0.0,18.321733,1.789783,2003
19627,r3i1p1f1,2003,09,27,0.0,17.008383,2.9040565,2003
19628,r3i1p1f1,2003,09,28,0.0,14.504315,1.6900735,2003
19629,r3i1p1f1,2003,09,29,0.0,19.853443,3.2647593,2003
19630,r3i1p1f1,2003,09,30,0.0,21.413097,5.551333,2003
19631,r3i1p1f1,2003,10,01,0.0,23.870497,7.099457,2003
19632,r3i1p1f1,2003,10,02,0.0,23.683304,7.664892,2003
19633,r3i1p1f1,2003,10,03,0.0022018539694775093,21.181568,9.98344,2003
19634,r3i1p1f1,2003,10,04,0.0,22.126375,5.830177,2003
19635,r3i1p1f1,2003,10,05,0.0,20.858187,5.0964713,2003
19636,r3i1p1f1,2003,10,06,0.0,19.876196,4.853202,2003
19637,r3i1p1f1,2003,10,07,0.0,24.59625,7.5294304,2003
19638,r3i1p1f1,2003,10,08,0.0,26.912952,10.196101,2003
19639,r3i1p1f1,2003,10,09,0.0,28.050915,10.997666,2003
19640,r3i1p1f1,2003,10,10,0.0,27.864754,10.222107,2003
19641,r3i1p1f1,2003,10,11,0.0,26.835716,9.77035,2003
19642,r3i1p1f1,2003,10,12,0.0,24.422909,8.421772,2003
19643,r3i1p1f1,2003,10,13,0.0,22.934418,7.8186636,2003
19644,r3i1p1f1,2003,10,14,0.0,20.156816,5.675372,2003
19645,r3i1p1f1,2003,10,15,0.0,14.708155,2.885663,2003
19646,r3i1p1f1,2003,10,16,0.0,18.725956,2.7400768,2003
19647,r3i1p1f1,2003,10,17,0.0,21.517874,4.565773,2003
19648,r3i1p1f1,2003,10,18,0.0,22.177456,6.646304,2003
19649,r3i1p1f1,2003,10,19,0.0,21.879986,7.868941,2003
19650,r3i1p1f1,2003,10,20,0.0,23.34503,7.3754654,2003
19651,r3i1p1f1,2003,10,21,0.0,23.425116,7.001626,2003
19652,r3i1p1f1,2003,10,22,0.0,23.936964,6.9238205,2003
19653,r3i1p1f1,2003,10,23,0.0,25.348907,8.729103,2003
19654,r3i1p1f1,2003,10,24,0.0,27.264238,9.034342,2003
19655,r3i1p1f1,2003,10,25,0.0,25.827383,11.7176895,2003
19656,r3i1p1f1,2003,10,26,0.3070033051986492,21.708773,6.111012,2003
19657,r3i1p1f1,2003,10,27,0.0,13.30512,-0.50789374,2003
19658,r3i1p1f1,2003,10,28,0.0,14.481807,0.35030314,2003
19659,r3i1p1f1,2003,10,29,0.0,15.003691,1.290164,2003
19660,r3i1p1f1,2003,10,30,0.0,14.258037,2.601464,2003
19661,r3i1p1f1,2003,10,31,1.2454561730632314,15.275936,6.465204,2003
19662,r3i1p1f1,2003,11,01,58.83390993664139,12.0220785,1.9929156,2003
19663,r3i1p1f1,2003,11,02,2.6948627123171094,6.8581257,-0.3830066,2003
19664,r3i1p1f1,2003,11,03,16.050525076417742,4.3265543,-2.2065432,2003
19665,r3i1p1f1,2003,11,04,24.81868206033189,6.3791347,-1.2860019,2003
19666,r3i1p1f1,2003,11,05,52.660092414895956,6.819122,0.49955717,2003
19667,r3i1p1f1,2003,11,06,42.899176765135245,3.4896338,-1.7700671,2003
19668,r3i1p1f1,2003,11,07,0.6791072310941098,6.176797,-4.285062,2003
19669,r3i1p1f1,2003,11,08,0.0,9.4263935,-1.4517275,2003
19670,r3i1p1f1,2003,11,09,3.0913702851026565,8.088026,-0.0033924482,2003
19671,r3i1p1f1,2003,11,10,9.320983789726405,7.9117327,1.3782796,2003
19672,r3i1p1f1,2003,11,11,51.77208290092255,10.851728,2.9237735,2003
19673,r3i1p1f1,2003,11,12,45.905907790323624,9.730144,0.9846703,2003
19674,r3i1p1f1,2003,11,13,4.894049503721027,5.634588,-1.5032259,2003
19675,r3i1p1f1,2003,11,14,6.38197255048956,6.475406,-1.0260352,2003
19676,r3i1p1f1,2003,11,15,1.866938642648931,6.5871463,-1.6055655,2003
19677,r3i1p1f1,2003,11,16,27.758279305539634,10.071831,1.9993175,2003
19678,r3i1p1f1,2003,11,17,62.470026814231744,8.50262,1.8369324,2003
19679,r3i1p1f1,2003,11,18,24.653855173260364,5.360973,-0.47021437,2003
19680,r3i1p1f1,2003,11,19,11.13104122142479,8.969913,1.7842678,2003
19681,r3i1p1f1,2003,11,20,2.3678336371583435,9.421737,1.9207073,2003
19682,r3i1p1f1,2003,11,21,15.124053421650865,10.730228,-1.0324502,2003
19683,r3i1p1f1,2003,11,22,0.0,13.189245,-0.13295485,2003
19684,r3i1p1f1,2003,11,23,0.07877535558930647,12.290783,0.19079186,2003
19685,r3i1p1f1,2003,11,24,10.65717709272193,9.056313,2.935211,2003
19686,r3i1p1f1,2003,11,25,7.255113666178659,9.883169,0.3329647,2003
19687,r3i1p1f1,2003,11,26,33.36399400386175,7.228473,0.8904656,2003
19688,r3i1p1f1,2003,11,27,0.0,12.271865,-1.6787711,2003
19689,r3i1p1f1,2003,11,28,0.0,11.644503,-1.1711586,2003
19690,r3i1p1f1,2003,11,29,0.100238471503345,11.4475355,0.05396668,2003
19691,r3i1p1f1,2003,11,30,10.813836021177275,8.253642,2.4697206,2003
19692,r3i1p1f1,2003,12,01,1.8258927877468523,9.884301,2.7198813,2003
19693,r3i1p1f1,2003,12,02,0.0,13.407678,1.4042425,2003
19694,r3i1p1f1,2003,12,03,0.0,14.682171,1.090994,2003
19695,r3i1p1f1,2003,12,04,2.384514610065181,12.187446,2.914179,2003
19696,r3i1p1f1,2003,12,05,0.0,13.7279005,1.178254,2003
19697,r3i1p1f1,2003,12,06,0.0,13.331573,1.4091027,2003
19698,r3i1p1f1,2003,12,07,0.0,14.078393,1.1088217,2003
19699,r3i1p1f1,2003,12,08,0.0,13.829692,0.47746345,2003
19700,r3i1p1f1,2003,12,09,0.0,11.457441,-0.95755464,2003
19701,r3i1p1f1,2003,12,10,0.0,11.86823,-0.7123297,2003
19702,r3i1p1f1,2003,12,11,0.08778002500004109,10.401159,0.21117266,2003
19703,r3i1p1f1,2003,12,12,0.0,12.806133,0.33962685,2003
19704,r3i1p1f1,2003,12,13,0.0,11.895124,-0.876461,2003
19705,r3i1p1f1,2003,12,14,21.450140832090064,6.3999033,0.31261155,2003
19706,r3i1p1f1,2003,12,15,6.7491657469777,6.131257,-1.9182196,2003
19707,r3i1p1f1,2003,12,16,36.006554248007504,5.7808022,-0.20254779,2003
19708,r3i1p1f1,2003,12,17,25.919829786902195,4.3895197,-1.7807013,2003
19709,r3i1p1f1,2003,12,18,0.0,6.2886243,-6.677332,2003
19710,r3i1p1f1,2003,12,19,0.0,9.001371,-3.041429,2003
19711,r3i1p1f1,2003,12,20,0.0,10.197481,1.5383368,2003
19712,r3i1p1f1,2003,12,21,4.880612390498802,3.9048958,-2.0301006,2003
19713,r3i1p1f1,2003,12,22,0.23723130848099427,7.993777,-0.6100054,2003
19714,r3i1p1f1,2003,12,23,6.490078216149031,5.5004425,0.53893286,2003
19715,r3i1p1f1,2003,12,24,0.0,9.513657,-1.191976,2003
19716,r3i1p1f1,2003,12,25,0.0,12.922137,0.34146708,2003
19717,r3i1p1f1,2003,12,26,0.0,12.807328,2.9231591,2003
19718,r3i1p1f1,2003,12,27,1.4630656128725892,9.147103,3.3011887,2003
19719,r3i1p1f1,2003,12,28,0.5022861976421585,12.072629,1.7162578,2003
19720,r3i1p1f1,2003,12,29,0.0,14.148302,1.2082657,2003
19721,r3i1p1f1,2003,12,30,11.333219963125885,10.036129,2.4207284,2003
19722,r3i1p1f1,2003,12,31,43.45907228753755,10.66738,4.5163856,2003
19723,r3i1p1f1,2004,01,01,45.24000062068042,9.745872,4.2582226,2004
19724,r3i1p1f1,2004,01,02,65.51546815194581,9.774924,0.38193825,2004
19725,r3i1p1f1,2004,01,03,12.97503072648971,5.823103,0.040787667,2004
19726,r3i1p1f1,2004,01,04,11.655123448183172,4.7424808,-1.2779839,2004
19727,r3i1p1f1,2004,01,05,0.0,8.517465,-3.733674,2004
19728,r3i1p1f1,2004,01,06,0.5860203816203131,9.456907,-1.1159261,2004
19729,r3i1p1f1,2004,01,07,0.0,10.334904,0.20887795,2004
19730,r3i1p1f1,2004,01,08,8.369238477730265,7.673234,2.682195,2004
19731,r3i1p1f1,2004,01,09,5.4187127597718865,6.426183,-2.1299167,2004
19732,r3i1p1f1,2004,01,10,0.0018110164857812617,12.008083,1.7654887,2004
19733,r3i1p1f1,2004,01,11,24.928837700894004,9.297804,2.9418528,2004
19734,r3i1p1f1,2004,01,12,0.5784902416579778,10.906835,-0.23318714,2004
19735,r3i1p1f1,2004,01,13,0.0,11.191767,0.6923901,2004
19736,r3i1p1f1,2004,01,14,7.356291034719968,6.8157673,-1.2937766,2004
19737,r3i1p1f1,2004,01,15,0.0,7.266546,-3.768997,2004
19738,r3i1p1f1,2004,01,16,0.0,7.5159597,-4.1403356,2004
19739,r3i1p1f1,2004,01,17,0.0,5.7630534,-5.645116,2004
19740,r3i1p1f1,2004,01,18,0.10841724487315667,4.5397334,-2.286073,2004
19741,r3i1p1f1,2004,01,19,0.0,6.2206144,-5.8310604,2004
19742,r3i1p1f1,2004,01,20,0.0,5.074062,-7.132584,2004
19743,r3i1p1f1,2004,01,21,0.34404702377957475,4.5759206,-6.1312513,2004
19744,r3i1p1f1,2004,01,22,7.7209276498730395,4.054007,-4.9629235,2004
19745,r3i1p1f1,2004,01,23,56.01568094601757,3.694106,-2.373653,2004
19746,r3i1p1f1,2004,01,24,51.6183894862862,6.0367393,-0.42268315,2004
19747,r3i1p1f1,2004,01,25,8.650914723464092,4.00044,-0.95646495,2004
19748,r3i1p1f1,2004,01,26,0.0,9.580536,-2.406282,2004
19749,r3i1p1f1,2004,01,27,0.0,12.282249,-0.816066,2004
19750,r3i1p1f1,2004,01,28,0.0,13.68729,-0.39092132,2004
19751,r3i1p1f1,2004,01,29,0.0,11.614281,-0.83262354,2004
19752,r3i1p1f1,2004,01,30,0.0,12.812513,-1.1775724,2004
19753,r3i1p1f1,2004,01,31,0.0,11.503451,-0.8986051,2004
19754,r3i1p1f1,2004,02,01,0.0,12.136253,2.2284477,2004
19755,r3i1p1f1,2004,02,02,0.0,13.5600815,0.9055462,2004
19756,r3i1p1f1,2004,02,03,0.0,15.1534605,1.5371141,2004
19757,r3i1p1f1,2004,02,04,0.0,16.797491,3.9376388,2004
19758,r3i1p1f1,2004,02,05,0.005496258151987077,15.988247,5.213938,2004
19759,r3i1p1f1,2004,02,06,4.281255019840931,12.589645,4.8881884,2004
19760,r3i1p1f1,2004,02,07,0.32648296971609325,12.371738,3.0022507,2004
19761,r3i1p1f1,2004,02,08,0.521351238579595,6.4792676,-2.0372798,2004
19762,r3i1p1f1,2004,02,09,0.0,11.310585,-1.5274075,2004
19763,r3i1p1f1,2004,02,10,0.0,11.77001,-1.7587104,2004
19764,r3i1p1f1,2004,02,11,0.0,13.273835,1.6756382,2004
19765,r3i1p1f1,2004,02,12,0.023167088702872495,12.732573,3.832187,2004
19766,r3i1p1f1,2004,02,13,0.0,14.012722,-0.36262038,2004
19767,r3i1p1f1,2004,02,14,15.59685632880581,10.026436,1.8811926,2004
19768,r3i1p1f1,2004,02,15,8.838356296090703,9.345582,-0.036582783,2004
19769,r3i1p1f1,2004,02,16,0.0,13.042957,-0.050828602,2004
19770,r3i1p1f1,2004,02,17,46.509201432529245,9.199616,-0.83147484,2004
19771,r3i1p1f1,2004,02,18,2.944164035120354,3.3923953,-7.0789795,2004
19772,r3i1p1f1,2004,02,19,0.0,6.7237473,-5.5619345,2004
19773,r3i1p1f1,2004,02,20,0.0,6.938076,-5.967709,2004
19774,r3i1p1f1,2004,02,21,0.18595988723590332,7.0736647,-3.069813,2004
19775,r3i1p1f1,2004,02,22,0.0,9.600561,-2.3119855,2004
19776,r3i1p1f1,2004,02,23,0.0,10.631011,-2.3814256,2004
19777,r3i1p1f1,2004,02,24,0.0,10.20816,-1.7568755,2004
19778,r3i1p1f1,2004,02,25,0.0,11.7121725,-3.0251703,2004
19779,r3i1p1f1,2004,02,26,0.0,14.582908,-0.17064793,2004
19780,r3i1p1f1,2004,02,27,0.0,15.790704,1.3577814,2004
19781,r3i1p1f1,2004,02,28,0.0,16.1932,1.7881913,2004
19782,r3i1p1f1,2004,02,29,0.050408927199896425,14.864029,2.631136,2004
19783,r3i1p1f1,2004,03,01,0.002274088910780847,10.597381,-1.7751076,2004
19784,r3i1p1f1,2004,03,02,0.0,15.676345,-0.023675097,2004
19785,r3i1p1f1,2004,03,03,0.0,14.587236,0.29341635,2004
19786,r3i1p1f1,2004,03,04,4.2183681308846355,10.147504,0.271041,2004
19787,r3i1p1f1,2004,03,05,0.0,9.927398,-1.932949,2004
19788,r3i1p1f1,2004,03,06,30.67434008576368,4.9401097,-1.1254174,2004
19789,r3i1p1f1,2004,03,07,63.026889707697066,2.4250054,-2.528435,2004
19790,r3i1p1f1,2004,03,08,3.7789509408053403,3.5818238,-4.1792006,2004
19791,r3i1p1f1,2004,03,09,0.0,8.583625,-7.2408724,2004
19792,r3i1p1f1,2004,03,10,0.0,10.264881,-6.8633966,2004
19793,r3i1p1f1,2004,03,11,0.18353432701827077,8.774955,0.38894886,2004
19794,r3i1p1f1,2004,03,12,1.0973702140817247,8.579546,-0.5345014,2004
19795,r3i1p1f1,2004,03,13,0.306186689187215,11.517101,-3.502086,2004
19796,r3i1p1f1,2004,03,14,0.0,13.644663,-1.2775176,2004
19797,r3i1p1f1,2004,03,15,0.0,12.625967,1.2261479,2004
19798,r3i1p1f1,2004,03,16,21.495344927289377,6.9861097,-0.45162755,2004
19799,r3i1p1f1,2004,03,17,50.18421932809839,2.6450691,-2.6370254,2004
19800,r3i1p1f1,2004,03,18,1.2216169788811577,3.0694077,-4.911717,2004
19801,r3i1p1f1,2004,03,19,0.0,6.565461,-8.582189,2004
19802,r3i1p1f1,2004,03,20,0.0,8.811689,-6.135473,2004
19803,r3i1p1f1,2004,03,21,0.0,11.063419,-2.5277486,2004
19804,r3i1p1f1,2004,03,22,0.0,9.906072,-0.5742652,2004
19805,r3i1p1f1,2004,03,23,0.0,10.962997,-3.751209,2004
19806,r3i1p1f1,2004,03,24,0.0,10.910622,-3.714297,2004
19807,r3i1p1f1,2004,03,25,0.0,9.960603,-3.4567683,2004
19808,r3i1p1f1,2004,03,26,0.0,8.93495,-4.9755616,2004
19809,r3i1p1f1,2004,03,27,0.0,8.156299,-3.18255,2004
19810,r3i1p1f1,2004,03,28,0.0,11.63742,-4.4820395,2004
19811,r3i1p1f1,2004,03,29,0.0,12.409455,-2.10282,2004
19812,r3i1p1f1,2004,03,30,0.0,15.127515,0.036489744,2004
19813,r3i1p1f1,2004,03,31,0.0,16.721989,1.644339,2004
19814,r3i1p1f1,2004,04,01,0.0,21.085648,4.081499,2004
19815,r3i1p1f1,2004,04,02,0.0,20.71045,6.1427217,2004
19816,r3i1p1f1,2004,04,03,0.0,21.91107,6.0558743,2004
19817,r3i1p1f1,2004,04,04,0.0,22.247799,5.7635074,2004
19818,r3i1p1f1,2004,04,05,0.0,22.375387,6.4042687,2004
19819,r3i1p1f1,2004,04,06,0.0,22.155516,5.2132497,2004
19820,r3i1p1f1,2004,04,07,0.0,19.255857,3.6397054,2004
19821,r3i1p1f1,2004,04,08,0.8369098265623172,12.367172,-0.9869334,2004
19822,r3i1p1f1,2004,04,09,0.02398085290271985,13.028504,0.67312443,2004
19823,r3i1p1f1,2004,04,10,0.19551526671468883,16.012728,3.9226446,2004
19824,r3i1p1f1,2004,04,11,0.0,23.61225,4.506337,2004
19825,r3i1p1f1,2004,04,12,0.0,24.284687,7.8331923,2004
19826,r3i1p1f1,2004,04,13,0.0,25.072487,8.801166,2004
19827,r3i1p1f1,2004,04,14,0.0,22.649986,4.5626383,2004
19828,r3i1p1f1,2004,04,15,0.0,17.970638,3.3618279,2004
19829,r3i1p1f1,2004,04,16,0.0,16.461615,0.966794,2004
19830,r3i1p1f1,2004,04,17,0.0,12.787739,-0.9502425,2004
19831,r3i1p1f1,2004,04,18,0.0,12.297061,-1.4056239,2004
19832,r3i1p1f1,2004,04,19,0.0,14.052635,-2.7672834,2004
19833,r3i1p1f1,2004,04,20,3.645042655261932,10.828281,-3.135987,2004
19834,r3i1p1f1,2004,04,21,10.99186621508316,7.4483175,-3.1437,2004
19835,r3i1p1f1,2004,04,22,0.0,16.084114,-0.07479282,2004
19836,r3i1p1f1,2004,04,23,0.0,22.191957,2.1108809,2004
19837,r3i1p1f1,2004,04,24,0.0,23.350315,5.827035,2004
19838,r3i1p1f1,2004,04,25,3.4336385353526566,18.354336,5.0060983,2004
19839,r3i1p1f1,2004,04,26,1.1813449749560707,13.182002,3.2359524,2004
19840,r3i1p1f1,2004,04,27,0.0,17.422472,0.108639605,2004
19841,r3i1p1f1,2004,04,28,0.0,20.597067,4.1846557,2004
19842,r3i1p1f1,2004,04,29,0.0,22.613802,6.660222,2004
19843,r3i1p1f1,2004,04,30,0.0,22.939648,7.375128,2004
19844,r3i1p1f1,2004,05,01,0.0,20.48369,5.954031,2004
19845,r3i1p1f1,2004,05,02,0.620135816375535,18.144428,4.8422914,2004
19846,r3i1p1f1,2004,05,03,1.1638199308531751,20.595533,2.2883806,2004
19847,r3i1p1f1,2004,05,04,0.0,22.43779,7.5090632,2004
19848,r3i1p1f1,2004,05,05,0.0,25.691013,6.550201,2004
19849,r3i1p1f1,2004,05,06,0.0,26.56199,10.381503,2004
19850,r3i1p1f1,2004,05,07,0.0,27.82874,10.831793,2004
19851,r3i1p1f1,2004,05,08,0.0,29.03697,11.474604,2004
19852,r3i1p1f1,2004,05,09,0.0,29.300625,12.365433,2004
19853,r3i1p1f1,2004,05,10,0.0,28.247639,13.245916,2004
19854,r3i1p1f1,2004,05,11,0.0,29.086374,11.551772,2004
19855,r3i1p1f1,2004,05,12,0.0,29.384161,11.75,2004
19856,r3i1p1f1,2004,05,13,0.0,27.859612,11.582773,2004
19857,r3i1p1f1,2004,05,14,0.0,27.413202,11.799006,2004
19858,r3i1p1f1,2004,05,15,0.0,26.845722,10.985652,2004
19859,r3i1p1f1,2004,05,16,0.0,25.693836,9.884224,2004
19860,r3i1p1f1,2004,05,17,0.0,24.1229,7.345898,2004
19861,r3i1p1f1,2004,05,18,0.0,23.939156,7.827674,2004
19862,r3i1p1f1,2004,05,19,0.0,26.394772,8.965948,2004
19863,r3i1p1f1,2004,05,20,0.0,27.859653,9.886133,2004
19864,r3i1p1f1,2004,05,21,0.0,28.705463,10.767528,2004
19865,r3i1p1f1,2004,05,22,0.0,29.289621,11.006706,2004
19866,r3i1p1f1,2004,05,23,0.0,27.550772,12.869618,2004
19867,r3i1p1f1,2004,05,24,0.0,21.175005,8.796143,2004
19868,r3i1p1f1,2004,05,25,0.0,17.886944,4.640532,2004
19869,r3i1p1f1,2004,05,26,0.0,17.75393,2.6492753,2004
19870,r3i1p1f1,2004,05,27,0.0,18.678633,4.331262,2004
19871,r3i1p1f1,2004,05,28,4.6882709353858925,15.765419,0.4441877,2004
19872,r3i1p1f1,2004,05,29,0.0,20.410583,4.715911,2004
19873,r3i1p1f1,2004,05,30,0.0,20.94308,6.5673122,2004
19874,r3i1p1f1,2004,05,31,0.0,21.622364,6.726582,2004
19875,r3i1p1f1,2004,06,01,0.0,24.023884,6.3755927,2004
19876,r3i1p1f1,2004,06,02,0.0,27.30447,9.020302,2004
19877,r3i1p1f1,2004,06,03,0.0,31.05998,11.730984,2004
19878,r3i1p1f1,2004,06,04,0.0,33.27975,14.262115,2004
19879,r3i1p1f1,2004,06,05,0.0,32.95929,15.952542,2004
19880,r3i1p1f1,2004,06,06,0.0,30.387623,12.144523,2004
19881,r3i1p1f1,2004,06,07,0.0,31.074156,14.619135,2004
19882,r3i1p1f1,2004,06,08,0.0,30.299137,15.66952,2004
19883,r3i1p1f1,2004,06,09,0.0,28.230528,10.449471,2004
19884,r3i1p1f1,2004,06,10,0.0,27.565462,12.556438,2004
19885,r3i1p1f1,2004,06,11,0.0,28.31901,11.524536,2004
19886,r3i1p1f1,2004,06,12,0.31982823437781344,27.039572,12.676567,2004
19887,r3i1p1f1,2004,06,13,0.08988190299868093,25.126503,10.870711,2004
19888,r3i1p1f1,2004,06,14,0.004946490700699781,26.821157,9.993752,2004
19889,r3i1p1f1,2004,06,15,0.0,26.56216,10.299654,2004
19890,r3i1p1f1,2004,06,16,0.0,25.55342,10.910515,2004
19891,r3i1p1f1,2004,06,17,3.8167855121029883,21.462282,6.288227,2004
19892,r3i1p1f1,2004,06,18,0.8127503435006427,19.356058,5.186656,2004
19893,r3i1p1f1,2004,06,19,0.0,22.350706,6.947376,2004
19894,r3i1p1f1,2004,06,20,0.0,24.236834,8.385523,2004
19895,r3i1p1f1,2004,06,21,0.0,26.505993,9.391187,2004
19896,r3i1p1f1,2004,06,22,0.0,26.115088,10.225336,2004
19897,r3i1p1f1,2004,06,23,0.0,24.359095,8.660395,2004
19898,r3i1p1f1,2004,06,24,0.0,23.797613,8.108657,2004
19899,r3i1p1f1,2004,06,25,0.0,22.873857,7.1494102,2004
19900,r3i1p1f1,2004,06,26,0.0,24.990055,8.727779,2004
19901,r3i1p1f1,2004,06,27,0.0,31.676954,11.466155,2004
19902,r3i1p1f1,2004,06,28,0.0,31.903585,14.582717,2004
19903,r3i1p1f1,2004,06,29,0.0,30.398544,13.395651,2004
19904,r3i1p1f1,2004,06,30,0.0,27.36654,9.9685545,2004
19905,r3i1p1f1,2004,07,01,0.0,26.345049,11.072478,2004
19906,r3i1p1f1,2004,07,02,0.0,22.524488,9.083863,2004
19907,r3i1p1f1,2004,07,03,0.0,22.444998,6.739829,2004
19908,r3i1p1f1,2004,07,04,0.12434908613182702,22.621517,8.801956,2004
19909,r3i1p1f1,2004,07,05,0.44980364036746323,21.996122,10.315638,2004
19910,r3i1p1f1,2004,07,06,11.483289493940232,23.670048,12.348277,2004
19911,r3i1p1f1,2004,07,07,0.9640423896550936,20.306637,6.4115696,2004
19912,r3i1p1f1,2004,07,08,0.0,20.81069,6.8310003,2004
19913,r3i1p1f1,2004,07,09,0.0,20.78452,7.2845583,2004
19914,r3i1p1f1,2004,07,10,0.01759471603068768,20.488667,7.710438,2004
19915,r3i1p1f1,2004,07,11,0.01605484482608613,19.436499,6.571842,2004
19916,r3i1p1f1,2004,07,12,0.2799250655937756,19.183578,8.422158,2004
19917,r3i1p1f1,2004,07,13,0.2165624159572058,23.717287,11.01902,2004
19918,r3i1p1f1,2004,07,14,0.8491506147325517,27.460112,12.224,2004
19919,r3i1p1f1,2004,07,15,0.0,27.157114,12.677925,2004
19920,r3i1p1f1,2004,07,16,0.0,26.828745,12.715744,2004
19921,r3i1p1f1,2004,07,17,0.0,28.51498,12.087325,2004
19922,r3i1p1f1,2004,07,18,0.0,31.869724,13.826819,2004
19923,r3i1p1f1,2004,07,19,0.0046555989205157135,33.49253,17.687685,2004
19924,r3i1p1f1,2004,07,20,0.003866981454561219,33.092403,17.20071,2004
19925,r3i1p1f1,2004,07,21,0.020517071319964567,32.35782,15.535827,2004
19926,r3i1p1f1,2004,07,22,0.0,31.04887,15.607837,2004
19927,r3i1p1f1,2004,07,23,0.0,29.667406,13.910848,2004
19928,r3i1p1f1,2004,07,24,1.8986703565970904,28.988182,14.504074,2004
19929,r3i1p1f1,2004,07,25,17.690606973758946,18.376368,8.602564,2004
19930,r3i1p1f1,2004,07,26,0.14578737718693446,23.081604,6.228168,2004
19931,r3i1p1f1,2004,07,27,0.0,26.995481,9.041138,2004
19932,r3i1p1f1,2004,07,28,0.0,27.001835,11.239216,2004
19933,r3i1p1f1,2004,07,29,0.0,26.454634,10.920471,2004
19934,r3i1p1f1,2004,07,30,0.0,25.633936,9.954394,2004
19935,r3i1p1f1,2004,07,31,0.0,25.842482,9.503655,2004
19936,r3i1p1f1,2004,08,01,0.0,29.382914,12.477011,2004
19937,r3i1p1f1,2004,08,02,0.0,29.343765,13.529969,2004
19938,r3i1p1f1,2004,08,03,0.0,28.3364,12.122601,2004
19939,r3i1p1f1,2004,08,04,0.0,29.578907,12.594951,2004
19940,r3i1p1f1,2004,08,05,0.0,30.764612,12.639479,2004
19941,r3i1p1f1,2004,08,06,0.0,30.941803,13.737988,2004
19942,r3i1p1f1,2004,08,07,0.0,30.391142,14.062625,2004
19943,r3i1p1f1,2004,08,08,0.0,28.377064,12.217451,2004
19944,r3i1p1f1,2004,08,09,0.0,28.682026,11.020596,2004
19945,r3i1p1f1,2004,08,10,0.0,28.841213,11.520476,2004
19946,r3i1p1f1,2004,08,11,0.0,29.805061,11.90989,2004
19947,r3i1p1f1,2004,08,12,0.0,29.00474,12.586469,2004
19948,r3i1p1f1,2004,08,13,0.0,27.537848,10.394942,2004
19949,r3i1p1f1,2004,08,14,0.0,25.352556,9.448381,2004
19950,r3i1p1f1,2004,08,15,0.0,26.752382,9.075911,2004
19951,r3i1p1f1,2004,08,16,0.0,27.806913,9.857318,2004
19952,r3i1p1f1,2004,08,17,0.0,28.157804,10.404167,2004
19953,r3i1p1f1,2004,08,18,0.0,27.20986,10.491451,2004
19954,r3i1p1f1,2004,08,19,0.0,26.885363,9.689301,2004
19955,r3i1p1f1,2004,08,20,0.0,28.527405,10.915954,2004
19956,r3i1p1f1,2004,08,21,0.0,31.39233,12.761728,2004
19957,r3i1p1f1,2004,08,22,0.0,32.597763,14.944822,2004
19958,r3i1p1f1,2004,08,23,0.0,32.89439,15.61423,2004
19959,r3i1p1f1,2004,08,24,0.0,33.293297,15.900539,2004
19960,r3i1p1f1,2004,08,25,0.0,32.721375,16.061922,2004
19961,r3i1p1f1,2004,08,26,0.0,31.215368,14.494414,2004
19962,r3i1p1f1,2004,08,27,0.0,28.729769,11.946459,2004
19963,r3i1p1f1,2004,08,28,0.0,28.47753,11.222342,2004
19964,r3i1p1f1,2004,08,29,0.0,28.224255,11.489644,2004
19965,r3i1p1f1,2004,08,30,0.0,30.615047,12.566261,2004
19966,r3i1p1f1,2004,08,31,0.0,32.28212,13.762212,2004
19967,r3i1p1f1,2004,09,01,0.0,32.3256,14.267335,2004
19968,r3i1p1f1,2004,09,02,0.0,31.497303,14.676531,2004
19969,r3i1p1f1,2004,09,03,0.0,31.745531,14.916048,2004
19970,r3i1p1f1,2004,09,04,0.0,32.096848,15.383768,2004
19971,r3i1p1f1,2004,09,05,0.0,33.29285,15.374981,2004
19972,r3i1p1f1,2004,09,06,0.0,34.294476,16.934952,2004
19973,r3i1p1f1,2004,09,07,0.0,34.752945,17.532434,2004
19974,r3i1p1f1,2004,09,08,0.0,28.820595,14.124779,2004
19975,r3i1p1f1,2004,09,09,0.0,27.216032,13.175995,2004
19976,r3i1p1f1,2004,09,10,0.0,26.738445,12.548565,2004
19977,r3i1p1f1,2004,09,11,3.340822680289229,29.688728,16.304592,2004
19978,r3i1p1f1,2004,09,12,0.01895834804695608,24.454044,9.521107,2004
19979,r3i1p1f1,2004,09,13,0.0,27.19474,10.807435,2004
19980,r3i1p1f1,2004,09,14,0.0,27.40349,12.374116,2004
19981,r3i1p1f1,2004,09,15,0.0,26.025513,10.058953,2004
19982,r3i1p1f1,2004,09,16,0.0,21.666256,6.7925863,2004
19983,r3i1p1f1,2004,09,17,0.0,19.550049,5.393807,2004
19984,r3i1p1f1,2004,09,18,0.0,20.29449,4.9951797,2004
19985,r3i1p1f1,2004,09,19,0.0,25.255358,6.782704,2004
19986,r3i1p1f1,2004,09,20,0.0,26.678547,10.373647,2004
19987,r3i1p1f1,2004,09,21,3.627030316535016,27.72247,11.998894,2004
19988,r3i1p1f1,2004,09,22,0.0,18.131773,5.3339257,2004
19989,r3i1p1f1,2004,09,23,1.6808874840295942,17.690998,5.543476,2004
19990,r3i1p1f1,2004,09,24,10.324148026311855,14.248395,3.5397758,2004
19991,r3i1p1f1,2004,09,25,0.0,17.781849,2.356789,2004
19992,r3i1p1f1,2004,09,26,0.0,20.254494,5.280565,2004
19993,r3i1p1f1,2004,09,27,0.0,23.266703,6.055372,2004
19994,r3i1p1f1,2004,09,28,0.0,24.527798,7.50664,2004
19995,r3i1p1f1,2004,09,29,0.0,23.332716,7.7765384,2004
19996,r3i1p1f1,2004,09,30,0.0,21.268133,7.8294444,2004
19997,r3i1p1f1,2004,10,01,0.0,17.80058,1.9024125,2004
19998,r3i1p1f1,2004,10,02,0.0,19.676174,3.299519,2004
19999,r3i1p1f1,2004,10,03,0.0,21.79408,4.8089333,2004
20000,r3i1p1f1,2004,10,04,0.0,20.90826,3.5838816,2004
20001,r3i1p1f1,2004,10,05,0.0,23.323753,6.477756,2004
20002,r3i1p1f1,2004,10,06,0.0,25.223087,8.899221,2004
20003,r3i1p1f1,2004,10,07,0.0,23.300486,8.266978,2004
20004,r3i1p1f1,2004,10,08,0.0,21.209995,6.4960666,2004
20005,r3i1p1f1,2004,10,09,0.0,21.05195,5.47786,2004
20006,r3i1p1f1,2004,10,10,0.0,24.467548,7.1221743,2004
20007,r3i1p1f1,2004,10,11,0.0,26.228916,10.0219345,2004
20008,r3i1p1f1,2004,10,12,0.0,25.304178,7.616106,2004
20009,r3i1p1f1,2004,10,13,0.0,16.55035,2.1056762,2004
20010,r3i1p1f1,2004,10,14,0.21946433267945203,15.147141,3.6059282,2004
20011,r3i1p1f1,2004,10,15,0.0,13.092174,0.8192248,2004
20012,r3i1p1f1,2004,10,16,0.0,15.580832,0.62753844,2004
20013,r3i1p1f1,2004,10,17,0.0,18.118021,1.3301003,2004
20014,r3i1p1f1,2004,10,18,0.0,20.99219,4.464321,2004
20015,r3i1p1f1,2004,10,19,0.0,25.780575,7.982716,2004
20016,r3i1p1f1,2004,10,20,0.0,29.320095,10.870709,2004
20017,r3i1p1f1,2004,10,21,0.0,29.509441,12.801147,2004
20018,r3i1p1f1,2004,10,22,0.0,29.752075,12.683987,2004
20019,r3i1p1f1,2004,10,23,0.0,28.34857,12.352995,2004
20020,r3i1p1f1,2004,10,24,0.0,27.14931,11.272906,2004
20021,r3i1p1f1,2004,10,25,0.0,25.318987,11.156439,2004
20022,r3i1p1f1,2004,10,26,0.0,24.04151,8.4825115,2004
20023,r3i1p1f1,2004,10,27,0.04464262348942851,25.099224,10.372571,2004
20024,r3i1p1f1,2004,10,28,5.089624418025395,14.17452,1.0621519,2004
20025,r3i1p1f1,2004,10,29,21.09880713289481,3.5631673,-3.4921596,2004
20026,r3i1p1f1,2004,10,30,15.267628142732734,3.952445,-1.5370355,2004
20027,r3i1p1f1,2004,10,31,0.0,12.1320715,-5.537216,2004
20028,r3i1p1f1,2004,11,01,0.0,13.43969,-1.8378084,2004
20029,r3i1p1f1,2004,11,02,0.0,13.502359,5.219524,2004
20030,r3i1p1f1,2004,11,03,0.002206993629347141,12.506599,1.1481515,2004
20031,r3i1p1f1,2004,11,04,0.18401566990896276,5.056444,-5.369896,2004
20032,r3i1p1f1,2004,11,05,0.0,6.8448772,-4.0204196,2004
20033,r3i1p1f1,2004,11,06,0.0,8.962136,-6.570859,2004
20034,r3i1p1f1,2004,11,07,0.0,9.360149,-5.1448874,2004
20035,r3i1p1f1,2004,11,08,0.0,10.779295,-2.7849004,2004
20036,r3i1p1f1,2004,11,09,1.5058813307213743,6.9912424,-0.940464,2004
20037,r3i1p1f1,2004,11,10,1.285637558842274,7.032538,-0.7771113,2004
20038,r3i1p1f1,2004,11,11,1.4462430991299793,9.170734,-1.0919579,2004
20039,r3i1p1f1,2004,11,12,17.626354573171977,11.592702,3.1878526,2004
20040,r3i1p1f1,2004,11,13,59.76389399729669,9.813096,2.7695518,2004
20041,r3i1p1f1,2004,11,14,0.0,13.840146,-2.0310333,2004
20042,r3i1p1f1,2004,11,15,0.0,17.019882,2.5908475,2004
20043,r3i1p1f1,2004,11,16,10.846153103231796,14.002515,0.9069666,2004
20044,r3i1p1f1,2004,11,17,0.0,8.590794,-3.6445043,2004
20045,r3i1p1f1,2004,11,18,0.3504729947101288,7.840702,-2.9651322,2004
20046,r3i1p1f1,2004,11,19,0.0,12.705998,-0.7586652,2004
20047,r3i1p1f1,2004,11,20,0.0,13.911852,1.2742847,2004
20048,r3i1p1f1,2004,11,21,0.0,13.605037,0.74720776,2004
20049,r3i1p1f1,2004,11,22,0.011616658517404607,12.484221,1.9589001,2004
20050,r3i1p1f1,2004,11,23,0.0,16.93336,5.3745804,2004
20051,r3i1p1f1,2004,11,24,17.874066497346288,15.246514,4.036266,2004
20052,r3i1p1f1,2004,11,25,0.9930566762417775,9.200606,1.4260466,2004
20053,r3i1p1f1,2004,11,26,0.9719455908021988,8.617498,-1.6799895,2004
20054,r3i1p1f1,2004,11,27,34.1725759992474,4.655104,0.45139417,2004
20055,r3i1p1f1,2004,11,28,0.009449748444910111,6.70092,-4.6430435,2004
20056,r3i1p1f1,2004,11,29,0.0,10.347074,-5.262296,2004
20057,r3i1p1f1,2004,11,30,0.0,8.944917,0.005186739,2004
20058,r3i1p1f1,2004,12,01,0.0,11.249014,-0.39152363,2004
20059,r3i1p1f1,2004,12,02,0.0,13.45589,0.90579057,2004
20060,r3i1p1f1,2004,12,03,3.37582917724687,8.38771,-1.605602,2004
20061,r3i1p1f1,2004,12,04,17.42857914957169,4.0031,-0.40395916,2004
20062,r3i1p1f1,2004,12,05,0.0,8.993087,-2.1347537,2004
20063,r3i1p1f1,2004,12,06,0.0,10.350801,-1.138626,2004
20064,r3i1p1f1,2004,12,07,0.0,8.634366,-2.690671,2004
20065,r3i1p1f1,2004,12,08,26.194691209514673,3.5509596,-5.0348926,2004
20066,r3i1p1f1,2004,12,09,13.43374513702369,4.028886,-0.84819996,2004
20067,r3i1p1f1,2004,12,10,0.0,9.970017,-0.2642912,2004
20068,r3i1p1f1,2004,12,11,22.714338162423747,6.444462,-4.5780344,2004
20069,r3i1p1f1,2004,12,12,12.980610478706168,5.6585836,0.34604067,2004
20070,r3i1p1f1,2004,12,13,0.7318479005909083,5.9501753,-1.6895812,2004
20071,r3i1p1f1,2004,12,14,0.0,9.925029,-0.75786585,2004
20072,r3i1p1f1,2004,12,15,0.1322959528280128,9.860592,2.1340399,2004
20073,r3i1p1f1,2004,12,16,2.6674228098846995,8.580207,-1.2615412,2004
20074,r3i1p1f1,2004,12,17,0.5893489678304544,5.93198,-2.3604348,2004
20075,r3i1p1f1,2004,12,18,0.0,10.932996,-1.7064948,2004
20076,r3i1p1f1,2004,12,19,0.0,15.840516,1.9881971,2004
20077,r3i1p1f1,2004,12,20,0.0,15.596938,1.698799,2004
20078,r3i1p1f1,2004,12,21,0.0,15.104673,3.3937774,2004
20079,r3i1p1f1,2004,12,22,0.0,16.77732,2.6313028,2004
20080,r3i1p1f1,2004,12,23,0.0,15.313713,2.2827258,2004
20081,r3i1p1f1,2004,12,24,0.0,16.07285,3.9070492,2004
20082,r3i1p1f1,2004,12,25,0.0,13.465981,2.5882866,2004
20083,r3i1p1f1,2004,12,26,0.0,10.008045,-1.3296479,2004
20084,r3i1p1f1,2004,12,27,0.0,8.260362,-1.4540321,2004
20085,r3i1p1f1,2004,12,28,0.0,6.600274,-5.030107,2004
20086,r3i1p1f1,2004,12,29,0.0,4.0385013,-5.2174573,2004
20087,r3i1p1f1,2004,12,30,0.0,5.0711937,-5.9325914,2004
20088,r3i1p1f1,2004,12,31,0.0,8.887709,-4.258829,2004
20089,r3i1p1f1,2005,01,01,0.0,10.484664,-4.004635,2005
20090,r3i1p1f1,2005,01,02,0.0,11.764342,-1.0106595,2005
20091,r3i1p1f1,2005,01,03,0.0,11.120555,1.3369983,2005
20092,r3i1p1f1,2005,01,04,8.059990167040317,5.9190054,-0.7791509,2005
20093,r3i1p1f1,2005,01,05,11.309861242587335,1.4893887,-4.5963655,2005
20094,r3i1p1f1,2005,01,06,0.0,4.856109,-6.9913273,2005
20095,r3i1p1f1,2005,01,07,0.0,5.1030993,-9.094461,2005
20096,r3i1p1f1,2005,01,08,0.0,7.6995215,-4.437673,2005
20097,r3i1p1f1,2005,01,09,0.0,6.083688,-4.312631,2005
20098,r3i1p1f1,2005,01,10,0.0,3.5298166,-9.025953,2005
20099,r3i1p1f1,2005,01,11,0.0,6.9544387,-6.965866,2005
20100,r3i1p1f1,2005,01,12,0.3226150437656447,5.56089,-1.1938955,2005
20101,r3i1p1f1,2005,01,13,36.29833053013212,2.9575918,-1.8440887,2005
20102,r3i1p1f1,2005,01,14,12.727557548542359,1.8773568,-4.0394397,2005
20103,r3i1p1f1,2005,01,15,26.559854840467636,3.0545921,-2.974098,2005
20104,r3i1p1f1,2005,01,16,0.8895659292312829,5.6069183,-0.28814334,2005
20105,r3i1p1f1,2005,01,17,0.0,10.267013,-0.64786166,2005
20106,r3i1p1f1,2005,01,18,0.0,10.64918,-2.2891603,2005
20107,r3i1p1f1,2005,01,19,0.0,9.393175,-4.6126294,2005
20108,r3i1p1f1,2005,01,20,14.389430608379802,2.6223495,-7.028199,2005
20109,r3i1p1f1,2005,01,21,52.47687302823914,5.848338,-0.124985486,2005
20110,r3i1p1f1,2005,01,22,19.081643113167956,8.298459,2.5212865,2005
20111,r3i1p1f1,2005,01,23,30.605676270237094,9.224895,-0.47923407,2005
20112,r3i1p1f1,2005,01,24,1.0226570515920972,7.515876,0.27513036,2005
20113,r3i1p1f1,2005,01,25,15.43172944312621,8.106842,2.4538856,2005
20114,r3i1p1f1,2005,01,26,0.0,13.167919,0.103415266,2005
20115,r3i1p1f1,2005,01,27,0.0,13.285145,1.5458906,2005
20116,r3i1p1f1,2005,01,28,0.0,13.640492,0.86725384,2005
20117,r3i1p1f1,2005,01,29,0.0,14.67613,0.12223771,2005
20118,r3i1p1f1,2005,01,30,0.0,17.980871,3.2948818,2005
20119,r3i1p1f1,2005,01,31,0.0,17.91471,4.4643154,2005
20120,r3i1p1f1,2005,02,01,0.0,18.433739,4.873851,2005
20121,r3i1p1f1,2005,02,02,0.0,16.686277,6.510112,2005
20122,r3i1p1f1,2005,02,03,0.0,15.082318,2.3839755,2005
20123,r3i1p1f1,2005,02,04,0.0,15.322982,1.264024,2005
20124,r3i1p1f1,2005,02,05,0.0,14.381857,2.0412726,2005
20125,r3i1p1f1,2005,02,06,1.3773066328691417,10.9391,2.0373826,2005
20126,r3i1p1f1,2005,02,07,0.0,11.457224,0.15848307,2005
20127,r3i1p1f1,2005,02,08,0.036115182784238926,11.115861,-2.0546143,2005
20128,r3i1p1f1,2005,02,09,0.0,10.903588,-1.4819441,2005
20129,r3i1p1f1,2005,02,10,0.0,11.181793,-2.40302,2005
20130,r3i1p1f1,2005,02,11,0.0,9.843858,-2.9526243,2005
20131,r3i1p1f1,2005,02,12,0.0,12.587025,-3.4820287,2005
20132,r3i1p1f1,2005,02,13,0.0,12.46222,-2.9806483,2005
20133,r3i1p1f1,2005,02,14,0.0,13.308852,-3.173511,2005
20134,r3i1p1f1,2005,02,15,0.1690772818141053,12.604835,1.4066081,2005
20135,r3i1p1f1,2005,02,16,0.5585631779946485,10.920497,0.1384162,2005
20136,r3i1p1f1,2005,02,17,0.0,14.268703,0.49395525,2005
20137,r3i1p1f1,2005,02,18,0.0,13.774723,2.111031,2005
20138,r3i1p1f1,2005,02,19,13.876791450954778,8.905991,0.28656203,2005
20139,r3i1p1f1,2005,02,20,0.0,13.715243,-1.3011686,2005
20140,r3i1p1f1,2005,02,21,0.0,16.242151,1.8749466,2005
20141,r3i1p1f1,2005,02,22,0.0,16.488123,5.8407173,2005
20142,r3i1p1f1,2005,02,23,0.0,15.590068,3.2238457,2005
20143,r3i1p1f1,2005,02,24,0.0,14.120746,1.359144,2005
20144,r3i1p1f1,2005,02,25,0.0,13.612805,1.1737267,2005
20145,r3i1p1f1,2005,02,26,0.0,13.170013,0.44579637,2005
20146,r3i1p1f1,2005,02,27,0.0,13.369248,0.37898037,2005
20147,r3i1p1f1,2005,02,28,0.0,14.302007,0.98414695,2005
20148,r3i1p1f1,2005,03,01,0.0,18.575771,2.12659,2005
20149,r3i1p1f1,2005,03,02,0.0,21.43498,5.740004,2005
20150,r3i1p1f1,2005,03,03,0.0,22.0483,6.353923,2005
20151,r3i1p1f1,2005,03,04,0.0,20.966478,7.55143,2005
20152,r3i1p1f1,2005,03,05,0.0,11.960337,0.3713411,2005
20153,r3i1p1f1,2005,03,06,0.0,10.763777,-2.6040382,2005
20154,r3i1p1f1,2005,03,07,0.0,12.093205,-2.974765,2005
20155,r3i1p1f1,2005,03,08,0.0,12.035806,-1.515345,2005
20156,r3i1p1f1,2005,03,09,2.9365875477148955,8.575585,-0.7139287,2005
20157,r3i1p1f1,2005,03,10,0.0,15.947614,0.063648604,2005
20158,r3i1p1f1,2005,03,11,0.0,19.271236,4.4286733,2005
20159,r3i1p1f1,2005,03,12,1.1964775305961284,15.502355,2.2002301,2005
20160,r3i1p1f1,2005,03,13,0.0,16.23343,3.0075226,2005
20161,r3i1p1f1,2005,03,14,0.0,15.461427,4.291219,2005
20162,r3i1p1f1,2005,03,15,0.0,14.097792,-0.8320976,2005
20163,r3i1p1f1,2005,03,16,0.0,15.545407,1.9694769,2005
20164,r3i1p1f1,2005,03,17,0.2622703784206686,15.183965,2.3513803,2005
20165,r3i1p1f1,2005,03,18,10.990409876563048,13.092602,3.0173316,2005
20166,r3i1p1f1,2005,03,19,3.543841038021798,12.791962,-0.38919383,2005
20167,r3i1p1f1,2005,03,20,0.03251015778483921,15.302619,1.3750226,2005
20168,r3i1p1f1,2005,03,21,1.3431451320349497,13.183685,3.8552122,2005
20169,r3i1p1f1,2005,03,22,0.0,13.868309,1.0857236,2005
20170,r3i1p1f1,2005,03,23,0.0,17.430376,2.3292654,2005
20171,r3i1p1f1,2005,03,24,0.0,19.605095,3.7025757,2005
20172,r3i1p1f1,2005,03,25,0.0,20.14155,3.5078633,2005
20173,r3i1p1f1,2005,03,26,0.0,19.828424,5.486113,2005
20174,r3i1p1f1,2005,03,27,0.0,21.020927,6.853237,2005
20175,r3i1p1f1,2005,03,28,0.0,21.77466,5.7900143,2005
20176,r3i1p1f1,2005,03,29,0.0,21.67792,7.3943696,2005
20177,r3i1p1f1,2005,03,30,0.0,20.003574,5.5042634,2005
20178,r3i1p1f1,2005,03,31,0.0,18.891335,5.554766,2005
20179,r3i1p1f1,2005,04,01,0.0,18.381971,2.517404,2005
20180,r3i1p1f1,2005,04,02,14.905266068557179,15.016857,1.7472098,2005
20181,r3i1p1f1,2005,04,03,8.281046528166993,5.635182,-3.9923332,2005
20182,r3i1p1f1,2005,04,04,0.0,13.3841505,-0.78804773,2005
20183,r3i1p1f1,2005,04,05,0.14957835144167275,12.723012,-1.0996665,2005
20184,r3i1p1f1,2005,04,06,3.093415364013421,7.969505,0.04224085,2005
20185,r3i1p1f1,2005,04,07,16.790161373730946,4.455506,0.47833043,2005
20186,r3i1p1f1,2005,04,08,0.0,17.224863,0.64577454,2005
20187,r3i1p1f1,2005,04,09,0.0,17.661455,1.9298698,2005
20188,r3i1p1f1,2005,04,10,0.0,19.498585,3.6129587,2005
20189,r3i1p1f1,2005,04,11,0.0,20.084494,3.8460944,2005
20190,r3i1p1f1,2005,04,12,0.0,18.643824,4.432251,2005
20191,r3i1p1f1,2005,04,13,8.204131211325722,9.971198,1.4454821,2005
20192,r3i1p1f1,2005,04,14,0.7277043269775612,15.538476,0.26420447,2005
20193,r3i1p1f1,2005,04,15,0.0,18.104813,4.79451,2005
20194,r3i1p1f1,2005,04,16,24.956561995081994,13.643998,2.36401,2005
20195,r3i1p1f1,2005,04,17,0.25284197169974887,16.827105,1.7116709,2005
20196,r3i1p1f1,2005,04,18,0.45389403896574787,15.449388,3.165889,2005
20197,r3i1p1f1,2005,04,19,0.0,22.419361,4.580539,2005
20198,r3i1p1f1,2005,04,20,0.0,25.28538,7.6247983,2005
20199,r3i1p1f1,2005,04,21,0.0,23.949902,9.824367,2005
20200,r3i1p1f1,2005,04,22,0.0,20.258883,4.4880724,2005
20201,r3i1p1f1,2005,04,23,0.0,18.009365,4.1203775,2005
20202,r3i1p1f1,2005,04,24,0.0,16.140022,3.9964411,2005
20203,r3i1p1f1,2005,04,25,0.0,19.853657,2.823316,2005
20204,r3i1p1f1,2005,04,26,3.1009456590637505,16.831724,1.2883639,2005
20205,r3i1p1f1,2005,04,27,0.0,11.27207,-2.7921627,2005
20206,r3i1p1f1,2005,04,28,6.229373386036298,5.53137,-1.2788248,2005
20207,r3i1p1f1,2005,04,29,10.339499502324065,5.16767,-2.2629514,2005
20208,r3i1p1f1,2005,04,30,0.0,12.434732,-1.2565204,2005
20209,r3i1p1f1,2005,05,01,0.0,20.64693,3.4707332,2005
20210,r3i1p1f1,2005,05,02,0.0,20.267757,5.9576077,2005
20211,r3i1p1f1,2005,05,03,0.0,19.655453,4.61514,2005
20212,r3i1p1f1,2005,05,04,0.0,22.989813,6.9384975,2005
20213,r3i1p1f1,2005,05,05,0.0,23.102585,8.510026,2005
20214,r3i1p1f1,2005,05,06,0.0,17.951893,4.534586,2005
20215,r3i1p1f1,2005,05,07,0.7667377656616736,10.679032,-1.987583,2005
20216,r3i1p1f1,2005,05,08,1.0741414440225956,8.828012,-3.4826994,2005
20217,r3i1p1f1,2005,05,09,0.0,19.910946,2.461096,2005
20218,r3i1p1f1,2005,05,10,0.0,21.881287,6.8842006,2005
20219,r3i1p1f1,2005,05,11,0.0,20.194101,5.7184877,2005
20220,r3i1p1f1,2005,05,12,0.0,23.21157,7.5829663,2005
20221,r3i1p1f1,2005,05,13,0.0,22.864054,9.588983,2005
20222,r3i1p1f1,2005,05,14,0.0,21.91456,7.37537,2005
20223,r3i1p1f1,2005,05,15,0.0,28.003057,10.003662,2005
20224,r3i1p1f1,2005,05,16,0.0,28.826412,12.070337,2005
20225,r3i1p1f1,2005,05,17,0.0,27.964674,13.024435,2005
20226,r3i1p1f1,2005,05,18,0.0,23.937958,8.950482,2005
20227,r3i1p1f1,2005,05,19,0.0,24.378065,8.894112,2005
20228,r3i1p1f1,2005,05,20,3.3202854848289127,19.79139,8.5194,2005
20229,r3i1p1f1,2005,05,21,2.2935806570259096,16.08288,4.9041834,2005
20230,r3i1p1f1,2005,05,22,16.71579264496502,12.039726,0.45924082,2005
20231,r3i1p1f1,2005,05,23,26.52310292898236,3.809977,-2.5760963,2005
20232,r3i1p1f1,2005,05,24,0.0,13.986903,1.3458825,2005
20233,r3i1p1f1,2005,05,25,0.0,15.344474,1.7138731,2005
20234,r3i1p1f1,2005,05,26,0.0,15.41383,3.0279484,2005
20235,r3i1p1f1,2005,05,27,0.0,15.4812565,2.7894294,2005
20236,r3i1p1f1,2005,05,28,0.0,16.721245,2.3926866,2005
20237,r3i1p1f1,2005,05,29,0.0,18.827032,5.5694776,2005
20238,r3i1p1f1,2005,05,30,0.0,18.179071,4.9274864,2005
20239,r3i1p1f1,2005,05,31,0.0,15.948073,4.4015026,2005
20240,r3i1p1f1,2005,06,01,0.0,16.695477,3.3023157,2005
20241,r3i1p1f1,2005,06,02,0.38519894038281083,16.948637,2.755039,2005
20242,r3i1p1f1,2005,06,03,1.5279867696862264,16.577421,0.9691558,2005
20243,r3i1p1f1,2005,06,04,6.898830374197324,14.351337,3.143161,2005
20244,r3i1p1f1,2005,06,05,0.1719252866582553,17.62029,3.3202026,2005
20245,r3i1p1f1,2005,06,06,0.2157308155705993,21.458961,5.233947,2005
20246,r3i1p1f1,2005,06,07,2.058854378150212,22.415556,6.571935,2005
20247,r3i1p1f1,2005,06,08,0.004197148863520277,25.685768,8.889021,2005
20248,r3i1p1f1,2005,06,09,0.0,28.546856,10.825281,2005
20249,r3i1p1f1,2005,06,10,0.10343440440728476,30.587645,13.273581,2005
20250,r3i1p1f1,2005,06,11,0.7092088028960126,31.784908,14.457372,2005
20251,r3i1p1f1,2005,06,12,0.03144122188371655,31.74699,15.091591,2005
20252,r3i1p1f1,2005,06,13,0.0,30.443472,14.605581,2005
20253,r3i1p1f1,2005,06,14,0.0,27.531305,12.2961,2005
20254,r3i1p1f1,2005,06,15,0.0,24.58021,10.479041,2005
20255,r3i1p1f1,2005,06,16,0.0,26.739191,9.858154,2005
20256,r3i1p1f1,2005,06,17,0.0,30.016764,11.181003,2005
20257,r3i1p1f1,2005,06,18,0.07815316815762535,29.993277,13.968827,2005
20258,r3i1p1f1,2005,06,19,0.013093177633556096,28.255424,13.392315,2005
20259,r3i1p1f1,2005,06,20,0.0,26.471807,11.322216,2005
20260,r3i1p1f1,2005,06,21,0.0,23.524435,10.130081,2005
20261,r3i1p1f1,2005,06,22,0.0,22.005943,7.9756265,2005
20262,r3i1p1f1,2005,06,23,0.0,26.382385,7.996669,2005
20263,r3i1p1f1,2005,06,24,0.0,29.05119,11.032851,2005
20264,r3i1p1f1,2005,06,25,0.0,30.369587,13.887583,2005
20265,r3i1p1f1,2005,06,26,0.0,31.808697,15.428182,2005
20266,r3i1p1f1,2005,06,27,0.0,31.535278,16.02275,2005
20267,r3i1p1f1,2005,06,28,0.0,30.529976,13.8528185,2005
20268,r3i1p1f1,2005,06,29,0.0,27.810728,12.191415,2005
20269,r3i1p1f1,2005,06,30,0.0,26.337267,11.343096,2005
20270,r3i1p1f1,2005,07,01,0.0,26.74442,11.10682,2005
20271,r3i1p1f1,2005,07,02,0.0,26.638592,10.902531,2005
20272,r3i1p1f1,2005,07,03,0.0,25.872427,9.170877,2005
20273,r3i1p1f1,2005,07,04,0.0,26.308208,10.285929,2005
20274,r3i1p1f1,2005,07,05,0.0,27.423151,12.606831,2005
20275,r3i1p1f1,2005,07,06,0.0,28.661272,12.07309,2005
20276,r3i1p1f1,2005,07,07,0.0,33.559597,14.725059,2005
20277,r3i1p1f1,2005,07,08,0.0,33.503204,16.15771,2005
20278,r3i1p1f1,2005,07,09,0.2828961762516931,33.692238,17.179398,2005
20279,r3i1p1f1,2005,07,10,0.06671563674708043,32.527363,17.973787,2005
20280,r3i1p1f1,2005,07,11,0.672405654423576,32.423397,18.841019,2005
20281,r3i1p1f1,2005,07,12,0.020719979473046567,32.5772,18.467833,2005
20282,r3i1p1f1,2005,07,13,1.1256807896164613,31.596249,17.403954,2005
20283,r3i1p1f1,2005,07,14,0.0,27.598501,14.643036,2005
20284,r3i1p1f1,2005,07,15,0.0,26.953405,12.975262,2005
20285,r3i1p1f1,2005,07,16,0.0013830383786147362,28.170938,12.417652,2005
20286,r3i1p1f1,2005,07,17,0.0,31.771708,14.246302,2005
20287,r3i1p1f1,2005,07,18,0.0,32.725685,17.160841,2005
20288,r3i1p1f1,2005,07,19,0.0,31.934652,17.199804,2005
20289,r3i1p1f1,2005,07,20,0.0,30.730553,15.547846,2005
20290,r3i1p1f1,2005,07,21,0.0,30.405365,14.441553,2005
20291,r3i1p1f1,2005,07,22,0.0,31.79644,14.353776,2005
20292,r3i1p1f1,2005,07,23,0.0,31.844044,16.065136,2005
20293,r3i1p1f1,2005,07,24,0.0,31.920338,14.842302,2005
20294,r3i1p1f1,2005,07,25,0.0,31.867256,14.64925,2005
20295,r3i1p1f1,2005,07,26,0.0,31.130981,14.709342,2005
20296,r3i1p1f1,2005,07,27,0.0,29.54858,13.117225,2005
20297,r3i1p1f1,2005,07,28,0.0,26.745497,11.273715,2005
20298,r3i1p1f1,2005,07,29,0.0,26.541922,10.356965,2005
20299,r3i1p1f1,2005,07,30,0.0,26.042976,10.847454,2005
20300,r3i1p1f1,2005,07,31,0.0,26.571894,11.620812,2005
20301,r3i1p1f1,2005,08,01,0.0,30.375011,12.471288,2005
20302,r3i1p1f1,2005,08,02,0.0,31.971933,15.259122,2005
20303,r3i1p1f1,2005,08,03,0.0,32.480618,14.929468,2005
20304,r3i1p1f1,2005,08,04,0.0,33.62948,15.847354,2005
20305,r3i1p1f1,2005,08,05,0.0,35.973587,17.04105,2005
20306,r3i1p1f1,2005,08,06,0.0,35.983578,18.694134,2005
20307,r3i1p1f1,2005,08,07,0.0,34.294872,17.339993,2005
20308,r3i1p1f1,2005,08,08,0.0,30.42818,14.0022,2005
20309,r3i1p1f1,2005,08,09,0.0,29.341002,12.905782,2005
20310,r3i1p1f1,2005,08,10,0.0,28.897175,12.703744,2005
20311,r3i1p1f1,2005,08,11,0.0,27.87521,11.702371,2005
20312,r3i1p1f1,2005,08,12,0.0,25.875994,9.562405,2005
20313,r3i1p1f1,2005,08,13,0.0,28.626013,10.37646,2005
20314,r3i1p1f1,2005,08,14,0.0,31.574703,13.6824875,2005
20315,r3i1p1f1,2005,08,15,0.0,31.007603,14.859402,2005
20316,r3i1p1f1,2005,08,16,0.0,29.230167,11.986973,2005
20317,r3i1p1f1,2005,08,17,0.0,26.790695,9.757977,2005
20318,r3i1p1f1,2005,08,18,0.0,27.190554,10.272252,2005
20319,r3i1p1f1,2005,08,19,0.0,28.139166,11.415632,2005
20320,r3i1p1f1,2005,08,20,0.0,28.596624,11.162497,2005
20321,r3i1p1f1,2005,08,21,0.0,30.059055,11.625175,2005
20322,r3i1p1f1,2005,08,22,0.0,30.831228,13.434097,2005
20323,r3i1p1f1,2005,08,23,0.0,30.27235,16.054493,2005
20324,r3i1p1f1,2005,08,24,0.0,31.411701,15.19933,2005
20325,r3i1p1f1,2005,08,25,0.0,32.792126,15.899385,2005
20326,r3i1p1f1,2005,08,26,0.0,32.203106,16.025162,2005
20327,r3i1p1f1,2005,08,27,0.016772047475617575,30.485886,14.979913,2005
20328,r3i1p1f1,2005,08,28,0.0,30.383776,14.229612,2005
20329,r3i1p1f1,2005,08,29,0.001626267782596283,30.39902,14.298777,2005
20330,r3i1p1f1,2005,08,30,0.0,29.76695,13.846894,2005
20331,r3i1p1f1,2005,08,31,0.0,23.631277,8.324674,2005
20332,r3i1p1f1,2005,09,01,0.30747364308856623,18.157732,5.6406903,2005
20333,r3i1p1f1,2005,09,02,0.5734335152450704,18.538464,4.2738037,2005
20334,r3i1p1f1,2005,09,03,0.0,18.812296,6.7135158,2005
20335,r3i1p1f1,2005,09,04,0.0,20.529787,7.1280684,2005
20336,r3i1p1f1,2005,09,05,0.0,23.015503,6.6516347,2005
20337,r3i1p1f1,2005,09,06,0.0,22.979277,8.932831,2005
20338,r3i1p1f1,2005,09,07,0.0,22.519173,8.903089,2005
20339,r3i1p1f1,2005,09,08,0.0,22.032703,7.2619863,2005
20340,r3i1p1f1,2005,09,09,0.0,22.023941,7.072948,2005
20341,r3i1p1f1,2005,09,10,47.95716719887232,23.992065,10.987687,2005
20342,r3i1p1f1,2005,09,11,0.4445592178901854,14.701852,4.552745,2005
20343,r3i1p1f1,2005,09,12,0.0,16.334438,5.49106,2005
20344,r3i1p1f1,2005,09,13,0.0,22.37575,4.99744,2005
20345,r3i1p1f1,2005,09,14,0.0,27.907003,10.022096,2005
20346,r3i1p1f1,2005,09,15,0.0,30.146696,12.650125,2005
20347,r3i1p1f1,2005,09,16,0.0,30.673338,13.351366,2005
20348,r3i1p1f1,2005,09,17,0.0,29.63654,13.036497,2005
20349,r3i1p1f1,2005,09,18,0.0,28.686289,11.523748,2005
20350,r3i1p1f1,2005,09,19,0.0,26.03627,9.898526,2005
20351,r3i1p1f1,2005,09,20,0.0,25.583658,9.833377,2005
20352,r3i1p1f1,2005,09,21,0.0,27.448473,10.443201,2005
20353,r3i1p1f1,2005,09,22,0.0,27.20462,9.999401,2005
20354,r3i1p1f1,2005,09,23,0.0,26.354727,11.638186,2005
20355,r3i1p1f1,2005,09,24,45.15749991467027,23.489447,11.412772,2005
20356,r3i1p1f1,2005,09,25,110.56978549612195,17.284792,9.669406,2005
20357,r3i1p1f1,2005,09,26,4.920306431028477,11.632129,3.5700588,2005
20358,r3i1p1f1,2005,09,27,0.0,16.010418,0.5911395,2005
20359,r3i1p1f1,2005,09,28,0.0,16.651087,1.4624454,2005
20360,r3i1p1f1,2005,09,29,0.0,15.716608,2.9376361,2005
20361,r3i1p1f1,2005,09,30,1.3062750048400056,13.451593,0.6521586,2005
20362,r3i1p1f1,2005,10,01,0.0,14.392535,-2.433568,2005
20363,r3i1p1f1,2005,10,02,0.0,16.854212,1.4786246,2005
20364,r3i1p1f1,2005,10,03,0.0,18.55278,3.0708025,2005
20365,r3i1p1f1,2005,10,04,0.0,21.194643,3.9353542,2005
20366,r3i1p1f1,2005,10,05,0.0,22.12061,4.9452515,2005
20367,r3i1p1f1,2005,10,06,0.0,23.698828,6.6306252,2005
20368,r3i1p1f1,2005,10,07,0.0,22.744856,6.8993893,2005
20369,r3i1p1f1,2005,10,08,0.0,23.757269,6.9545493,2005
20370,r3i1p1f1,2005,10,09,0.0,25.568012,8.441934,2005
20371,r3i1p1f1,2005,10,10,0.0,24.932981,9.4128065,2005
20372,r3i1p1f1,2005,10,11,0.0,25.758242,8.471368,2005
20373,r3i1p1f1,2005,10,12,0.0,23.98673,8.552434,2005
20374,r3i1p1f1,2005,10,13,0.0,21.856668,6.607634,2005
20375,r3i1p1f1,2005,10,14,0.0,21.559238,4.7799616,2005
20376,r3i1p1f1,2005,10,15,0.0,21.091797,6.780028,2005
20377,r3i1p1f1,2005,10,16,0.9832457748033401,17.213715,3.4322007,2005
20378,r3i1p1f1,2005,10,17,0.0,18.815592,2.1705432,2005
20379,r3i1p1f1,2005,10,18,0.0,20.454313,4.5717688,2005
20380,r3i1p1f1,2005,10,19,0.0,19.792315,7.751084,2005
20381,r3i1p1f1,2005,10,20,0.0,22.071474,6.150533,2005
20382,r3i1p1f1,2005,10,21,0.0,23.141222,6.98197,2005
20383,r3i1p1f1,2005,10,22,0.0,22.167171,5.2355494,2005
20384,r3i1p1f1,2005,10,23,0.0,20.318832,5.794128,2005
20385,r3i1p1f1,2005,10,24,0.0,15.876758,2.3847578,2005
20386,r3i1p1f1,2005,10,25,0.0,17.27313,4.005315,2005
20387,r3i1p1f1,2005,10,26,0.0,19.856152,4.670455,2005
20388,r3i1p1f1,2005,10,27,0.0,20.421688,4.491945,2005
20389,r3i1p1f1,2005,10,28,2.8369432944792177,18.405682,3.0470068,2005
20390,r3i1p1f1,2005,10,29,0.0,12.341555,-2.4360218,2005
20391,r3i1p1f1,2005,10,30,7.564414687160599,8.902447,-0.44878978,2005
20392,r3i1p1f1,2005,10,31,27.537957087502274,3.5146036,-2.2573285,2005
20393,r3i1p1f1,2005,11,01,0.804587592651124,5.4040923,-4.119215,2005
20394,r3i1p1f1,2005,11,02,0.015386892520932872,10.366609,-3.2626476,2005
20395,r3i1p1f1,2005,11,03,0.0,14.04669,-2.0368137,2005
20396,r3i1p1f1,2005,11,04,0.0,13.882669,-0.89175254,2005
20397,r3i1p1f1,2005,11,05,0.0,15.253887,-0.07334433,2005
20398,r3i1p1f1,2005,11,06,0.0,16.249807,1.512219,2005
20399,r3i1p1f1,2005,11,07,0.0,19.346247,3.364635,2005
20400,r3i1p1f1,2005,11,08,0.0,18.665516,3.5032396,2005
20401,r3i1p1f1,2005,11,09,0.0,19.180391,4.9502096,2005
20402,r3i1p1f1,2005,11,10,0.0,19.900341,5.106253,2005
20403,r3i1p1f1,2005,11,11,0.0,18.199144,6.7020855,2005
20404,r3i1p1f1,2005,11,12,0.0,14.193499,1.8260319,2005
20405,r3i1p1f1,2005,11,13,0.0,16.950357,3.0330703,2005
20406,r3i1p1f1,2005,11,14,0.0,16.572567,4.3352633,2005
20407,r3i1p1f1,2005,11,15,0.0,17.380018,3.3001676,2005
20408,r3i1p1f1,2005,11,16,0.0,19.609215,4.738923,2005
20409,r3i1p1f1,2005,11,17,0.0,19.920542,3.3321064,2005
20410,r3i1p1f1,2005,11,18,0.0,16.373869,4.631377,2005
20411,r3i1p1f1,2005,11,19,0.0,12.853568,2.4013665,2005
20412,r3i1p1f1,2005,11,20,9.36437635328299,11.133678,-1.3509783,2005
20413,r3i1p1f1,2005,11,21,0.0,12.066326,-0.26404053,2005
20414,r3i1p1f1,2005,11,22,0.0,17.09846,1.295226,2005
20415,r3i1p1f1,2005,11,23,0.0,19.024477,6.13431,2005
20416,r3i1p1f1,2005,11,24,0.0,20.906416,6.981406,2005
20417,r3i1p1f1,2005,11,25,0.0,22.397642,6.2243934,2005
20418,r3i1p1f1,2005,11,26,0.0,22.00243,4.4973702,2005
20419,r3i1p1f1,2005,11,27,0.0,20.860647,5.5735116,2005
20420,r3i1p1f1,2005,11,28,0.0,20.577759,6.2010574,2005
20421,r3i1p1f1,2005,11,29,0.0,21.303051,5.1475315,2005
20422,r3i1p1f1,2005,11,30,0.0,20.717142,5.3073583,2005
20423,r3i1p1f1,2005,12,01,0.0019295482687946212,16.432964,5.8116045,2005
20424,r3i1p1f1,2005,12,02,30.710606384826335,9.202217,-0.6792503,2005
20425,r3i1p1f1,2005,12,03,6.507620536783514,3.8966875,-5.4775696,2005
20426,r3i1p1f1,2005,12,04,0.2473059234800626,4.646833,-5.285946,2005
20427,r3i1p1f1,2005,12,05,6.627840940621498,3.952137,-3.8100634,2005
20428,r3i1p1f1,2005,12,06,0.0,9.703602,-0.58274585,2005
20429,r3i1p1f1,2005,12,07,0.8867161118072736,10.5614395,2.5654128,2005
20430,r3i1p1f1,2005,12,08,56.765829651665534,8.664103,2.0241885,2005
20431,r3i1p1f1,2005,12,09,88.28117717057467,9.846384,5.659903,2005
20432,r3i1p1f1,2005,12,10,10.779938587036572,7.8758144,-5.5794926,2005
20433,r3i1p1f1,2005,12,11,0.0,0.789719,-13.249983,2005
20434,r3i1p1f1,2005,12,12,0.0,2.2640092,-10.677498,2005
20435,r3i1p1f1,2005,12,13,47.33171994846902,2.634684,-4.1345487,2005
20436,r3i1p1f1,2005,12,14,35.14224499415018,8.471492,2.0134392,2005
20437,r3i1p1f1,2005,12,15,7.90744051191723,10.968601,4.091459,2005
20438,r3i1p1f1,2005,12,16,27.505032190023677,10.277013,0.6876955,2005
20439,r3i1p1f1,2005,12,17,0.0,10.13352,-2.9348981,2005
20440,r3i1p1f1,2005,12,18,0.0,11.070619,-0.27876684,2005
20441,r3i1p1f1,2005,12,19,9.959923954509003,5.0710115,-6.018323,2005
20442,r3i1p1f1,2005,12,20,0.0,6.097582,-5.7786345,2005
20443,r3i1p1f1,2005,12,21,0.0,9.47633,-5.165874,2005
20444,r3i1p1f1,2005,12,22,0.0,9.241106,-4.5144467,2005
20445,r3i1p1f1,2005,12,23,12.448408255525129,3.1963048,-2.5386035,2005
20446,r3i1p1f1,2005,12,24,0.0,5.106836,-5.0751233,2005
20447,r3i1p1f1,2005,12,25,0.0,4.5062385,-4.952463,2005
20448,r3i1p1f1,2005,12,26,0.0,5.409202,-5.804029,2005
20449,r3i1p1f1,2005,12,27,0.0,8.764484,-4.741337,2005
20450,r3i1p1f1,2005,12,28,0.02379590667583455,6.5380497,-2.1621797,2005
20451,r3i1p1f1,2005,12,29,4.596689627406273,4.6244917,-4.511298,2005
20452,r3i1p1f1,2005,12,30,51.51299417607094,5.9377794,0.6770757,2005
20453,r3i1p1f1,2005,12,31,55.35725559794197,6.78423,2.6139603,2005
20454,r3i1p1f1,2006,01,01,85.12743352177112,7.504386,1.9872155,2006
20455,r3i1p1f1,2006,01,02,56.84942077649267,7.8412733,2.370964,2006
20456,r3i1p1f1,2006,01,03,79.85352790473323,9.087664,3.075004,2006
20457,r3i1p1f1,2006,01,04,7.3424709826787495,5.5196834,-1.0074677,2006
20458,r3i1p1f1,2006,01,05,0.0,9.77407,-0.60774976,2006
20459,r3i1p1f1,2006,01,06,0.0,10.613125,-1.5121113,2006
20460,r3i1p1f1,2006,01,07,0.0,9.642983,-2.0896513,2006
20461,r3i1p1f1,2006,01,08,0.0,7.8419204,-2.545553,2006
20462,r3i1p1f1,2006,01,09,0.0,9.274176,-3.5036898,2006
20463,r3i1p1f1,2006,01,10,0.0,11.368579,-2.3445554,2006
20464,r3i1p1f1,2006,01,11,0.0,9.918651,3.998626,2006
20465,r3i1p1f1,2006,01,12,0.5171817290829495,11.025782,-0.8038044,2006
20466,r3i1p1f1,2006,01,13,0.0,11.535358,-2.0119312,2006
20467,r3i1p1f1,2006,01,14,0.0,10.135289,0.91832703,2006
20468,r3i1p1f1,2006,01,15,1.635524424416776,9.83939,-1.5260493,2006
20469,r3i1p1f1,2006,01,16,0.0,15.1547575,0.8514419,2006
20470,r3i1p1f1,2006,01,17,0.0,16.466396,5.5159054,2006
20471,r3i1p1f1,2006,01,18,0.19982263242318846,15.417816,5.146793,2006
20472,r3i1p1f1,2006,01,19,0.0,14.935813,1.6791359,2006
20473,r3i1p1f1,2006,01,20,0.0,13.591418,3.0166478,2006
20474,r3i1p1f1,2006,01,21,0.0,9.958396,4.5343966,2006
20475,r3i1p1f1,2006,01,22,0.0,14.534616,1.5035651,2006
20476,r3i1p1f1,2006,01,23,0.0,17.234516,2.5684516,2006
20477,r3i1p1f1,2006,01,24,0.0,17.437439,3.0760572,2006
20478,r3i1p1f1,2006,01,25,0.0,17.801178,4.317423,2006
20479,r3i1p1f1,2006,01,26,0.0,16.61505,4.0894065,2006
20480,r3i1p1f1,2006,01,27,0.0,13.170864,2.1728594,2006
20481,r3i1p1f1,2006,01,28,0.0,12.914249,1.3631294,2006
20482,r3i1p1f1,2006,01,29,15.204555964048364,9.115204,0.41494864,2006
20483,r3i1p1f1,2006,01,30,67.6505393838804,8.887404,2.468753,2006
20484,r3i1p1f1,2006,01,31,74.51682861796336,5.3679605,0.401508,2006
20485,r3i1p1f1,2006,02,01,40.35719542053381,4.1755958,-1.5649983,2006
20486,r3i1p1f1,2006,02,02,1.9280709120242758,5.254031,-2.4481428,2006
20487,r3i1p1f1,2006,02,03,14.177942385063751,7.4530616,-0.41843453,2006
20488,r3i1p1f1,2006,02,04,33.33509636209592,6.4983215,0.84958804,2006
20489,r3i1p1f1,2006,02,05,0.6920066810141036,8.200642,-4.3732395,2006
20490,r3i1p1f1,2006,02,06,0.0,5.872077,-5.0528092,2006
20491,r3i1p1f1,2006,02,07,0.0,8.67272,-5.6221232,2006
20492,r3i1p1f1,2006,02,08,0.0,11.844116,-4.1595025,2006
20493,r3i1p1f1,2006,02,09,0.0,12.632169,-0.44689506,2006
20494,r3i1p1f1,2006,02,10,0.0,11.975492,-0.9656882,2006
20495,r3i1p1f1,2006,02,11,0.0,9.786206,-2.2023764,2006
20496,r3i1p1f1,2006,02,12,4.21572155028116,4.8334565,-4.6399827,2006
20497,r3i1p1f1,2006,02,13,0.0,4.955223,-7.749849,2006
20498,r3i1p1f1,2006,02,14,0.0,10.994729,-5.7517686,2006
20499,r3i1p1f1,2006,02,15,0.0,9.300554,-5.1039567,2006
20500,r3i1p1f1,2006,02,16,0.0,12.772924,-1.8729601,2006
20501,r3i1p1f1,2006,02,17,0.0,11.638892,-0.95308644,2006
20502,r3i1p1f1,2006,02,18,0.0,10.896151,-2.2706063,2006
20503,r3i1p1f1,2006,02,19,0.0,10.413263,-3.5632143,2006
20504,r3i1p1f1,2006,02,20,0.0,10.60244,-4.0676904,2006
20505,r3i1p1f1,2006,02,21,0.0,11.820931,-0.03116059,2006
20506,r3i1p1f1,2006,02,22,5.674174170225773,6.9525223,0.63251877,2006
20507,r3i1p1f1,2006,02,23,4.033370942297073,9.042071,-1.245853,2006
20508,r3i1p1f1,2006,02,24,17.426758090407116,7.6538196,1.541862,2006
20509,r3i1p1f1,2006,02,25,2.372326053725709,9.085894,-0.6524933,2006
20510,r3i1p1f1,2006,02,26,48.99207576619167,6.920547,0.6487874,2006
20511,r3i1p1f1,2006,02,27,13.202108913193163,1.8922608,-4.1255426,2006
20512,r3i1p1f1,2006,02,28,1.600126545963576,11.618833,-0.58945847,2006
20513,r3i1p1f1,2006,03,01,0.0,13.723682,0.25628597,2006
20514,r3i1p1f1,2006,03,02,0.0,17.305635,2.8471422,2006
20515,r3i1p1f1,2006,03,03,0.0,20.180048,4.9680705,2006
20516,r3i1p1f1,2006,03,04,0.0,19.301216,6.827836,2006
20517,r3i1p1f1,2006,03,05,0.0,17.32892,2.536033,2006
20518,r3i1p1f1,2006,03,06,0.0,16.62719,1.9444336,2006
20519,r3i1p1f1,2006,03,07,0.05109666319760053,15.383138,2.9325123,2006
20520,r3i1p1f1,2006,03,08,10.80082547912178,8.910041,1.3255907,2006
20521,r3i1p1f1,2006,03,09,6.929104815016648,8.068898,0.548651,2006
20522,r3i1p1f1,2006,03,10,13.865287328678134,7.0059958,-1.0841856,2006
20523,r3i1p1f1,2006,03,11,33.76025067348229,3.9263527,-1.2982901,2006
20524,r3i1p1f1,2006,03,12,31.027068518788408,3.85921,-1.7475911,2006
20525,r3i1p1f1,2006,03,13,0.0,8.339766,-3.2408235,2006
20526,r3i1p1f1,2006,03,14,0.0,10.167688,-2.8615527,2006
20527,r3i1p1f1,2006,03,15,0.0,13.441488,-1.2536967,2006
20528,r3i1p1f1,2006,03,16,0.0,13.012791,0.11148422,2006
20529,r3i1p1f1,2006,03,17,0.0,13.805692,-0.29068878,2006
20530,r3i1p1f1,2006,03,18,0.0,14.97499,2.2279983,2006
20531,r3i1p1f1,2006,03,19,13.043251754961124,11.979906,1.8210081,2006
20532,r3i1p1f1,2006,03,20,31.32120360081133,9.1476965,1.4305023,2006
20533,r3i1p1f1,2006,03,21,35.591181170342395,8.285514,1.0882596,2006
20534,r3i1p1f1,2006,03,22,5.191254318005552,9.225858,-2.7746975,2006
20535,r3i1p1f1,2006,03,23,0.0,11.910866,-1.632774,2006
20536,r3i1p1f1,2006,03,24,22.196413579053786,7.0713835,-4.651045,2006
20537,r3i1p1f1,2006,03,25,0.2278180490329281,3.0349188,-3.9998982,2006
20538,r3i1p1f1,2006,03,26,0.0,11.196697,-5.022359,2006
20539,r3i1p1f1,2006,03,27,0.0,15.366809,-0.65896654,2006
20540,r3i1p1f1,2006,03,28,0.0,15.544578,4.6094704,2006
20541,r3i1p1f1,2006,03,29,0.0,18.154076,1.2580067,2006
20542,r3i1p1f1,2006,03,30,0.0,19.36044,2.598348,2006
20543,r3i1p1f1,2006,03,31,1.6480368826849277,17.590284,3.0793302,2006
20544,r3i1p1f1,2006,04,01,2.7029970556644627,14.719595,0.5309657,2006
20545,r3i1p1f1,2006,04,02,0.42480499758096957,14.189065,2.2227159,2006
20546,r3i1p1f1,2006,04,03,14.840482428400335,7.9009724,2.0192604,2006
20547,r3i1p1f1,2006,04,04,0.7382171537181804,18.154566,1.2997297,2006
20548,r3i1p1f1,2006,04,05,0.0,21.431921,4.3676934,2006
20549,r3i1p1f1,2006,04,06,0.0,23.414045,6.9071264,2006
20550,r3i1p1f1,2006,04,07,0.0,21.14029,10.575121,2006
20551,r3i1p1f1,2006,04,08,1.2400474741681184,17.004135,4.6972013,2006
20552,r3i1p1f1,2006,04,09,0.0,13.957125,1.061532,2006
20553,r3i1p1f1,2006,04,10,20.434529687228956,10.132021,2.139213,2006
20554,r3i1p1f1,2006,04,11,47.48910733645684,8.053797,2.4486814,2006
20555,r3i1p1f1,2006,04,12,34.71861158093242,9.452682,0.4346505,2006
20556,r3i1p1f1,2006,04,13,7.457057339965296,8.098656,-0.6499292,2006
20557,r3i1p1f1,2006,04,14,5.201749961021338,9.016963,-3.131176,2006
20558,r3i1p1f1,2006,04,15,33.778240338065906,6.125578,-0.8893113,2006
20559,r3i1p1f1,2006,04,16,11.423760170337596,7.243043,-1.843583,2006
20560,r3i1p1f1,2006,04,17,1.4988973554672587,11.767699,-0.760367,2006
20561,r3i1p1f1,2006,04,18,7.209017587746003,10.007924,-3.4252968,2006
20562,r3i1p1f1,2006,04,19,19.783764104603936,5.4764066,-0.29821742,2006
20563,r3i1p1f1,2006,04,20,39.077990828081965,4.720098,-3.259973,2006
20564,r3i1p1f1,2006,04,21,7.8920710785161265,5.3776135,-2.7895663,2006
20565,r3i1p1f1,2006,04,22,3.749206253652167,9.473734,-4.9443083,2006
20566,r3i1p1f1,2006,04,23,0.0,14.22735,-0.636377,2006
20567,r3i1p1f1,2006,04,24,0.0,14.41144,1.7122122,2006
20568,r3i1p1f1,2006,04,25,0.0,18.834589,2.8079689,2006
20569,r3i1p1f1,2006,04,26,0.0,18.522518,5.5554795,2006
20570,r3i1p1f1,2006,04,27,16.843436338852992,14.452846,1.8759925,2006
20571,r3i1p1f1,2006,04,28,25.37952300994412,13.803536,7.091197,2006
20572,r3i1p1f1,2006,04,29,72.03114183472567,12.514249,4.123065,2006
20573,r3i1p1f1,2006,04,30,38.20635833483385,5.652809,0.36387125,2006
20574,r3i1p1f1,2006,05,01,6.448984914038048,6.860891,-0.5523388,2006
20575,r3i1p1f1,2006,05,02,0.0,14.894273,-1.8131763,2006
20576,r3i1p1f1,2006,05,03,0.0,14.357675,1.2316061,2006
20577,r3i1p1f1,2006,05,04,21.228901263767558,8.0561075,-1.2775494,2006
20578,r3i1p1f1,2006,05,05,5.315516131476646,3.896298,-4.5787306,2006
20579,r3i1p1f1,2006,05,06,0.0,11.971605,-2.8183286,2006
20580,r3i1p1f1,2006,05,07,0.0,17.38146,2.0296898,2006
20581,r3i1p1f1,2006,05,08,0.0,18.825817,4.2904177,2006
20582,r3i1p1f1,2006,05,09,0.0,18.247702,4.0100865,2006
20583,r3i1p1f1,2006,05,10,0.6595887861438218,15.742271,0.6489487,2006
20584,r3i1p1f1,2006,05,11,0.007273076641324319,13.198178,-1.0607905,2006
20585,r3i1p1f1,2006,05,12,0.0,13.0092,2.6840248,2006
20586,r3i1p1f1,2006,05,13,0.0,15.347266,0.1880847,2006
20587,r3i1p1f1,2006,05,14,0.0,19.752241,2.721354,2006
20588,r3i1p1f1,2006,05,15,0.0,22.69995,5.7644954,2006
20589,r3i1p1f1,2006,05,16,0.0,22.564318,8.713992,2006
20590,r3i1p1f1,2006,05,17,0.0,26.710207,8.068056,2006
20591,r3i1p1f1,2006,05,18,0.0,28.973122,10.735512,2006
20592,r3i1p1f1,2006,05,19,0.0,28.490597,12.410554,2006
20593,r3i1p1f1,2006,05,20,0.0,26.287882,10.720296,2006
20594,r3i1p1f1,2006,05,21,0.0,24.857424,8.82415,2006
20595,r3i1p1f1,2006,05,22,0.0,23.359657,8.178681,2006
20596,r3i1p1f1,2006,05,23,0.0,21.153444,7.148663,2006
20597,r3i1p1f1,2006,05,24,0.0,24.834524,8.086566,2006
20598,r3i1p1f1,2006,05,25,1.8505741824595277,22.744175,8.688799,2006
20599,r3i1p1f1,2006,05,26,25.598748310432327,12.605288,1.8932389,2006
20600,r3i1p1f1,2006,05,27,0.0,18.260685,0.6169187,2006
20601,r3i1p1f1,2006,05,28,0.0,21.532879,5.041134,2006
20602,r3i1p1f1,2006,05,29,1.980849482750177,19.363407,3.5701926,2006
20603,r3i1p1f1,2006,05,30,0.9548066313551604,18.239645,4.5463734,2006
20604,r3i1p1f1,2006,05,31,1.5925151974538734,18.195286,4.5232234,2006
20605,r3i1p1f1,2006,06,01,3.0821765184411656,21.255482,6.478018,2006
20606,r3i1p1f1,2006,06,02,0.0,26.069365,9.2844515,2006
20607,r3i1p1f1,2006,06,03,0.0,28.16525,11.846134,2006
20608,r3i1p1f1,2006,06,04,0.0,27.007378,12.019886,2006
20609,r3i1p1f1,2006,06,05,0.0,24.987495,10.023245,2006
20610,r3i1p1f1,2006,06,06,0.0,24.897364,8.313375,2006
20611,r3i1p1f1,2006,06,07,0.0,22.573742,7.351909,2006
20612,r3i1p1f1,2006,06,08,0.0020767217440726725,20.38094,6.185211,2006
20613,r3i1p1f1,2006,06,09,6.912633698084392,12.561951,8.557403,2006
20614,r3i1p1f1,2006,06,10,0.0,19.743376,5.949793,2006
20615,r3i1p1f1,2006,06,11,0.0,26.209726,6.694656,2006
20616,r3i1p1f1,2006,06,12,0.0,29.420677,10.560083,2006
20617,r3i1p1f1,2006,06,13,0.0,27.779217,11.466534,2006
20618,r3i1p1f1,2006,06,14,0.0,22.708824,5.931391,2006
20619,r3i1p1f1,2006,06,15,0.0,23.33793,6.5510097,2006
20620,r3i1p1f1,2006,06,16,0.0,23.210104,8.548262,2006
20621,r3i1p1f1,2006,06,17,0.0,23.197067,9.853219,2006
20622,r3i1p1f1,2006,06,18,0.0,22.70794,8.480128,2006
20623,r3i1p1f1,2006,06,19,0.0,21.279722,4.899393,2006
20624,r3i1p1f1,2006,06,20,0.0,19.520178,3.4944348,2006
20625,r3i1p1f1,2006,06,21,0.0,19.00522,4.5320935,2006
20626,r3i1p1f1,2006,06,22,0.0,19.213099,5.099198,2006
20627,r3i1p1f1,2006,06,23,0.0,23.632406,5.51106,2006
20628,r3i1p1f1,2006,06,24,0.0,27.254261,8.795005,2006
20629,r3i1p1f1,2006,06,25,0.0,26.862947,10.811569,2006
20630,r3i1p1f1,2006,06,26,0.0,25.549961,9.719609,2006
20631,r3i1p1f1,2006,06,27,0.0,24.317305,9.642752,2006
20632,r3i1p1f1,2006,06,28,0.0,28.70379,11.135298,2006
20633,r3i1p1f1,2006,06,29,0.0,32.575058,13.812567,2006
20634,r3i1p1f1,2006,06,30,0.0,31.776913,14.2490635,2006
20635,r3i1p1f1,2006,07,01,0.0,28.204357,13.137305,2006
20636,r3i1p1f1,2006,07,02,0.0,28.871738,12.281711,2006
20637,r3i1p1f1,2006,07,03,0.0,31.789778,12.775541,2006
20638,r3i1p1f1,2006,07,04,0.0,31.888435,13.425857,2006
20639,r3i1p1f1,2006,07,05,0.0,31.160204,13.35519,2006
20640,r3i1p1f1,2006,07,06,0.0,30.33511,13.4965925,2006
20641,r3i1p1f1,2006,07,07,0.0,30.755608,12.449835,2006
20642,r3i1p1f1,2006,07,08,0.0,32.65958,13.537538,2006
20643,r3i1p1f1,2006,07,09,0.0,31.95949,15.631436,2006
20644,r3i1p1f1,2006,07,10,0.0,28.880308,12.895415,2006
20645,r3i1p1f1,2006,07,11,0.0,28.31576,11.78667,2006
20646,r3i1p1f1,2006,07,12,0.0,29.339611,11.333631,2006
20647,r3i1p1f1,2006,07,13,0.0,28.86574,11.902315,2006
20648,r3i1p1f1,2006,07,14,0.0,27.349833,10.131511,2006
20649,r3i1p1f1,2006,07,15,0.0,27.783401,12.773139,2006
20650,r3i1p1f1,2006,07,16,0.0,28.087187,12.0641,2006
20651,r3i1p1f1,2006,07,17,0.0,28.900385,12.975565,2006
20652,r3i1p1f1,2006,07,18,0.07219773381764658,28.60822,12.17744,2006
20653,r3i1p1f1,2006,07,19,0.0,25.590448,9.280245,2006
20654,r3i1p1f1,2006,07,20,0.09893465566595919,25.97472,11.476856,2006
20655,r3i1p1f1,2006,07,21,0.03988927852141818,24.813013,9.589576,2006
20656,r3i1p1f1,2006,07,22,0.0,25.130266,8.836236,2006
20657,r3i1p1f1,2006,07,23,0.0,25.693317,8.901158,2006
20658,r3i1p1f1,2006,07,24,0.0,27.48981,10.841063,2006
20659,r3i1p1f1,2006,07,25,0.0,28.622667,11.69374,2006
20660,r3i1p1f1,2006,07,26,0.0,30.385248,12.097114,2006
20661,r3i1p1f1,2006,07,27,0.0,30.911913,13.3033085,2006
20662,r3i1p1f1,2006,07,28,0.0,30.629774,13.436765,2006
20663,r3i1p1f1,2006,07,29,0.0,32.461334,12.654944,2006
20664,r3i1p1f1,2006,07,30,0.0,32.29147,14.895273,2006
20665,r3i1p1f1,2006,07,31,0.0,31.969002,14.224887,2006
20666,r3i1p1f1,2006,08,01,0.0,30.78503,12.725441,2006
20667,r3i1p1f1,2006,08,02,0.0,30.715275,13.125431,2006
20668,r3i1p1f1,2006,08,03,0.0,31.29536,12.6140585,2006
20669,r3i1p1f1,2006,08,04,0.0,32.40076,13.913933,2006
20670,r3i1p1f1,2006,08,05,0.0,33.164444,14.763958,2006
20671,r3i1p1f1,2006,08,06,0.0,32.159393,14.78583,2006
20672,r3i1p1f1,2006,08,07,0.0,29.147728,12.420387,2006
20673,r3i1p1f1,2006,08,08,0.0,27.69249,11.033925,2006
20674,r3i1p1f1,2006,08,09,0.0,31.18997,12.02627,2006
20675,r3i1p1f1,2006,08,10,0.0,34.390915,14.562309,2006
20676,r3i1p1f1,2006,08,11,0.0,33.009632,16.936407,2006
20677,r3i1p1f1,2006,08,12,0.0,28.764122,12.752041,2006
20678,r3i1p1f1,2006,08,13,0.0,27.784725,10.590845,2006
20679,r3i1p1f1,2006,08,14,0.0,30.00862,11.635534,2006
20680,r3i1p1f1,2006,08,15,0.0,32.639793,14.043844,2006
20681,r3i1p1f1,2006,08,16,0.0,31.951967,14.563497,2006
20682,r3i1p1f1,2006,08,17,0.0,32.742462,14.337032,2006
20683,r3i1p1f1,2006,08,18,0.0,33.840626,16.00314,2006
20684,r3i1p1f1,2006,08,19,0.0,33.172287,16.255966,2006
20685,r3i1p1f1,2006,08,20,0.0,32.310448,17.012522,2006
20686,r3i1p1f1,2006,08,21,0.0,31.385355,14.904154,2006
20687,r3i1p1f1,2006,08,22,0.0,30.325611,13.395241,2006
20688,r3i1p1f1,2006,08,23,0.0,28.055965,11.4155655,2006
20689,r3i1p1f1,2006,08,24,0.0,27.002653,11.348429,2006
20690,r3i1p1f1,2006,08,25,0.0,30.458052,12.233376,2006
20691,r3i1p1f1,2006,08,26,0.0,31.232613,13.797526,2006
20692,r3i1p1f1,2006,08,27,0.0,31.900824,14.763048,2006
20693,r3i1p1f1,2006,08,28,0.0,30.767254,16.650024,2006
20694,r3i1p1f1,2006,08,29,0.0026950434594733737,27.574066,13.150868,2006
20695,r3i1p1f1,2006,08,30,0.0,25.878134,10.550646,2006
20696,r3i1p1f1,2006,08,31,0.0,23.555918,8.374518,2006
20697,r3i1p1f1,2006,09,01,0.0,27.373375,9.855168,2006
20698,r3i1p1f1,2006,09,02,0.0,27.831253,11.728017,2006
20699,r3i1p1f1,2006,09,03,0.0,27.827473,12.468393,2006
20700,r3i1p1f1,2006,09,04,0.02241091807311597,30.140253,13.38898,2006
20701,r3i1p1f1,2006,09,05,0.0,32.97903,15.185393,2006
20702,r3i1p1f1,2006,09,06,0.0,33.74818,15.75602,2006
20703,r3i1p1f1,2006,09,07,0.0,33.393105,16.377901,2006
20704,r3i1p1f1,2006,09,08,0.0,33.120033,16.034502,2006
20705,r3i1p1f1,2006,09,09,0.0,32.124115,15.878491,2006
20706,r3i1p1f1,2006,09,10,0.0,30.17246,13.724088,2006
20707,r3i1p1f1,2006,09,11,0.0,31.448753,14.453024,2006
20708,r3i1p1f1,2006,09,12,0.0,33.834003,15.310463,2006
20709,r3i1p1f1,2006,09,13,0.0,34.2831,16.912975,2006
20710,r3i1p1f1,2006,09,14,0.0,35.320293,17.217064,2006
20711,r3i1p1f1,2006,09,15,0.0,33.658707,16.407316,2006
20712,r3i1p1f1,2006,09,16,0.0,31.392775,15.308037,2006
20713,r3i1p1f1,2006,09,17,0.0,28.8596,11.211284,2006
20714,r3i1p1f1,2006,09,18,0.014323402061372212,27.062267,11.30622,2006
20715,r3i1p1f1,2006,09,19,0.0,21.219986,8.387575,2006
20716,r3i1p1f1,2006,09,20,0.6303362276077294,24.962593,8.856552,2006
20717,r3i1p1f1,2006,09,21,0.06459215227024336,21.604517,8.111684,2006
20718,r3i1p1f1,2006,09,22,0.005667043947859814,21.156578,7.0693245,2006
20719,r3i1p1f1,2006,09,23,0.0,25.276556,8.945867,2006
20720,r3i1p1f1,2006,09,24,0.0,28.45895,11.22172,2006
20721,r3i1p1f1,2006,09,25,0.0,28.921589,12.1115265,2006
20722,r3i1p1f1,2006,09,26,0.0,28.071337,12.226626,2006
20723,r3i1p1f1,2006,09,27,0.0,28.233568,13.026598,2006
20724,r3i1p1f1,2006,09,28,0.0,26.592878,13.766437,2006
20725,r3i1p1f1,2006,09,29,0.0,29.144148,11.875738,2006
20726,r3i1p1f1,2006,09,30,0.0,28.675043,12.012545,2006
20727,r3i1p1f1,2006,10,01,0.0,30.318987,12.215463,2006
20728,r3i1p1f1,2006,10,02,0.07959964905718439,30.108835,14.494026,2006
20729,r3i1p1f1,2006,10,03,0.0,22.212936,9.528591,2006
20730,r3i1p1f1,2006,10,04,0.0,22.478512,6.986536,2006
20731,r3i1p1f1,2006,10,05,0.0,22.846878,6.893959,2006
20732,r3i1p1f1,2006,10,06,0.0,22.769493,9.462384,2006
20733,r3i1p1f1,2006,10,07,0.8417137178950821,22.435371,10.106285,2006
20734,r3i1p1f1,2006,10,08,0.13004677966819145,20.742786,6.654086,2006
20735,r3i1p1f1,2006,10,09,3.883716072979089,20.651194,8.76231,2006
20736,r3i1p1f1,2006,10,10,0.7778725222459272,17.072374,5.1608257,2006
20737,r3i1p1f1,2006,10,11,0.0,20.572525,4.260507,2006
20738,r3i1p1f1,2006,10,12,0.0,19.675013,6.3385034,2006
20739,r3i1p1f1,2006,10,13,3.3675337348445042,18.194075,3.9984741,2006
20740,r3i1p1f1,2006,10,14,0.0,19.844582,4.921378,2006
20741,r3i1p1f1,2006,10,15,0.0,23.609322,6.686848,2006
20742,r3i1p1f1,2006,10,16,0.0,24.879047,8.037702,2006
20743,r3i1p1f1,2006,10,17,0.0,24.390675,10.531065,2006
20744,r3i1p1f1,2006,10,18,0.4865140707567518,23.103195,8.516051,2006
20745,r3i1p1f1,2006,10,19,0.0,20.802658,4.400777,2006
20746,r3i1p1f1,2006,10,20,0.0,20.40449,5.818074,2006
20747,r3i1p1f1,2006,10,21,0.0,20.243162,6.8614492,2006
20748,r3i1p1f1,2006,10,22,14.670907922233088,21.050858,6.587904,2006
20749,r3i1p1f1,2006,10,23,0.0,13.730701,0.1859981,2006
20750,r3i1p1f1,2006,10,24,0.0,16.677734,2.6703744,2006
20751,r3i1p1f1,2006,10,25,0.0,17.769796,3.202504,2006
20752,r3i1p1f1,2006,10,26,0.0,16.43804,4.244372,2006
20753,r3i1p1f1,2006,10,27,0.0,18.244774,3.859337,2006
20754,r3i1p1f1,2006,10,28,0.0,21.553926,5.785685,2006
20755,r3i1p1f1,2006,10,29,0.0,22.516275,7.589495,2006
20756,r3i1p1f1,2006,10,30,0.0,26.148476,8.959632,2006
20757,r3i1p1f1,2006,10,31,65.81344978491727,29.868652,13.817772,2006
20758,r3i1p1f1,2006,11,01,4.3310771948630356,13.5082855,2.3721266,2006
20759,r3i1p1f1,2006,11,02,10.499938200595544,10.376037,1.868155,2006
20760,r3i1p1f1,2006,11,03,0.5174780541749083,11.127237,-0.30072254,2006
20761,r3i1p1f1,2006,11,04,0.0,16.197302,0.84422815,2006
20762,r3i1p1f1,2006,11,05,0.0,16.425718,1.325079,2006
20763,r3i1p1f1,2006,11,06,0.0,14.403233,2.6202238,2006
20764,r3i1p1f1,2006,11,07,0.0,7.693998,-3.1969905,2006
20765,r3i1p1f1,2006,11,08,0.0,10.741736,-3.6053538,2006
20766,r3i1p1f1,2006,11,09,0.0,14.363605,-0.50104815,2006
20767,r3i1p1f1,2006,11,10,4.921860298169409,11.674472,1.9456165,2006
20768,r3i1p1f1,2006,11,11,22.25682290246416,5.049429,-3.9285784,2006
20769,r3i1p1f1,2006,11,12,0.0,5.4834547,-9.403414,2006
20770,r3i1p1f1,2006,11,13,18.4711658003691,2.497254,-7.723222,2006
20771,r3i1p1f1,2006,11,14,43.678308957207356,3.2789855,-0.5011288,2006
20772,r3i1p1f1,2006,11,15,14.20968781442896,5.2708316,-0.9285488,2006
20773,r3i1p1f1,2006,11,16,5.625040936789254,7.9588447,-0.031962138,2006
20774,r3i1p1f1,2006,11,17,1.581072256502873,8.496517,-0.29102483,2006
20775,r3i1p1f1,2006,11,18,58.29679831666382,5.569277,0.24190624,2006
20776,r3i1p1f1,2006,11,19,60.060775603510834,4.7261724,-0.74777424,2006
20777,r3i1p1f1,2006,11,20,49.85781372279713,4.437041,-0.9508554,2006
20778,r3i1p1f1,2006,11,21,0.0028373399369516655,5.3875437,-1.7666118,2006
20779,r3i1p1f1,2006,11,22,0.0,5.1806583,-6.6397033,2006
20780,r3i1p1f1,2006,11,23,0.0,3.3089242,-8.540987,2006
20781,r3i1p1f1,2006,11,24,0.0,9.018393,-6.8153763,2006
20782,r3i1p1f1,2006,11,25,0.0,12.426944,-0.9612084,2006
20783,r3i1p1f1,2006,11,26,0.0,14.229005,0.83154273,2006
20784,r3i1p1f1,2006,11,27,1.3860855999251056,11.90671,4.42023,2006
20785,r3i1p1f1,2006,11,28,0.0,12.499839,-0.9703852,2006
20786,r3i1p1f1,2006,11,29,0.0,14.250543,0.23203431,2006
20787,r3i1p1f1,2006,11,30,0.0,13.717637,0.5766735,2006
20788,r3i1p1f1,2006,12,01,0.0,14.751943,2.5268474,2006
20789,r3i1p1f1,2006,12,02,0.0,13.765973,4.1927104,2006
20790,r3i1p1f1,2006,12,03,1.1006446699627161,11.450445,2.956286,2006
20791,r3i1p1f1,2006,12,04,1.5363887895211137,11.264685,2.2137794,2006
20792,r3i1p1f1,2006,12,05,13.411016547386106,8.10286,1.976998,2006
20793,r3i1p1f1,2006,12,06,9.861991651307203,7.3508964,-0.390331,2006
20794,r3i1p1f1,2006,12,07,0.0,12.730062,0.59631646,2006
20795,r3i1p1f1,2006,12,08,0.0,11.580647,-0.21900573,2006
20796,r3i1p1f1,2006,12,09,7.5425303008064235,6.667531,-1.9346176,2006
20797,r3i1p1f1,2006,12,10,6.319617717350698,5.2806873,-1.5664667,2006
20798,r3i1p1f1,2006,12,11,0.03874190971194031,10.138431,0.16001734,2006
20799,r3i1p1f1,2006,12,12,5.428232175089713,5.989434,-1.170635,2006
20800,r3i1p1f1,2006,12,13,0.1828116796260522,5.2267003,-1.3227094,2006
20801,r3i1p1f1,2006,12,14,5.210448477526753,4.9243975,-1.5004804,2006
20802,r3i1p1f1,2006,12,15,0.0,8.218451,-0.09743668,2006
20803,r3i1p1f1,2006,12,16,52.108301810528104,4.691494,-0.18787496,2006
20804,r3i1p1f1,2006,12,17,61.221119134049665,7.397835,2.0217254,2006
20805,r3i1p1f1,2006,12,18,2.20276294256971,10.210682,-1.3176231,2006
20806,r3i1p1f1,2006,12,19,0.0,14.231841,1.8836737,2006
20807,r3i1p1f1,2006,12,20,0.0,15.0922785,3.759631,2006
20808,r3i1p1f1,2006,12,21,0.0,14.111228,4.865664,2006
20809,r3i1p1f1,2006,12,22,0.0,14.129537,2.3003216,2006
20810,r3i1p1f1,2006,12,23,25.006114578756847,9.568404,2.64475,2006
20811,r3i1p1f1,2006,12,24,0.0,11.126552,0.24827555,2006
20812,r3i1p1f1,2006,12,25,0.0,10.9577465,1.292619,2006
20813,r3i1p1f1,2006,12,26,10.265174802809366,6.4966545,1.3042812,2006
20814,r3i1p1f1,2006,12,27,0.0,7.854064,-2.5818229,2006
20815,r3i1p1f1,2006,12,28,0.0,8.885489,-2.6031287,2006
20816,r3i1p1f1,2006,12,29,0.0,9.218754,-2.3536146,2006
20817,r3i1p1f1,2006,12,30,0.09982722423094521,7.765226,1.7555034,2006
20818,r3i1p1f1,2006,12,31,0.0,10.346005,-0.13838597,2006
20819,r3i1p1f1,2007,01,01,0.0,9.745721,-2.3686154,2007
20820,r3i1p1f1,2007,01,02,0.0,7.6609645,-2.7474263,2007
20821,r3i1p1f1,2007,01,03,0.0,7.70528,-4.3414736,2007
20822,r3i1p1f1,2007,01,04,0.0,7.433903,-4.3753138,2007
20823,r3i1p1f1,2007,01,05,0.0,7.6369414,-4.237383,2007
20824,r3i1p1f1,2007,01,06,0.0,10.272776,-3.4167187,2007
20825,r3i1p1f1,2007,01,07,0.0,11.577805,-0.8812469,2007
20826,r3i1p1f1,2007,01,08,0.0,12.918387,1.0208329,2007
20827,r3i1p1f1,2007,01,09,0.0,11.622217,3.5401971,2007
20828,r3i1p1f1,2007,01,10,3.1618844583901686,5.891071,-2.5752938,2007
20829,r3i1p1f1,2007,01,11,5.6186726226434605,5.3665876,-4.7239804,2007
20830,r3i1p1f1,2007,01,12,27.79198275192788,4.6067276,-0.48570934,2007
20831,r3i1p1f1,2007,01,13,0.0,7.9901733,0.9270063,2007
20832,r3i1p1f1,2007,01,14,0.0,10.144522,-2.6158216,2007
20833,r3i1p1f1,2007,01,15,0.0,10.892523,-1.773868,2007
20834,r3i1p1f1,2007,01,16,0.0,9.231388,1.1544243,2007
20835,r3i1p1f1,2007,01,17,0.0,7.899179,-1.3961517,2007
20836,r3i1p1f1,2007,01,18,0.0,8.117043,-4.5260873,2007
20837,r3i1p1f1,2007,01,19,0.003578503674361855,5.3406124,-5.5901055,2007
20838,r3i1p1f1,2007,01,20,0.04598030324192032,8.551351,-1.1581963,2007
20839,r3i1p1f1,2007,01,21,0.0,11.5126295,-1.5106301,2007
20840,r3i1p1f1,2007,01,22,0.0,11.707523,-0.4519172,2007
20841,r3i1p1f1,2007,01,23,0.0,11.180991,-1.082747,2007
20842,r3i1p1f1,2007,01,24,0.0,10.875468,-0.8839667,2007
20843,r3i1p1f1,2007,01,25,0.0,11.56928,-1.356339,2007
20844,r3i1p1f1,2007,01,26,0.0,10.520005,-1.9755256,2007
20845,r3i1p1f1,2007,01,27,3.554016537734577,6.3939133,-1.094876,2007
20846,r3i1p1f1,2007,01,28,0.0,11.073257,-1.996981,2007
20847,r3i1p1f1,2007,01,29,0.0,12.119284,0.5531716,2007
20848,r3i1p1f1,2007,01,30,0.0,15.279411,2.9766548,2007
20849,r3i1p1f1,2007,01,31,0.0,14.479045,2.3155334,2007
20850,r3i1p1f1,2007,02,01,0.0,14.031225,1.2983817,2007
20851,r3i1p1f1,2007,02,02,4.7223874439767215,11.017582,-0.29544222,2007
20852,r3i1p1f1,2007,02,03,3.8584539715597392,5.180195,-1.8037263,2007
20853,r3i1p1f1,2007,02,04,24.645502664344875,8.870405,0.40422347,2007
20854,r3i1p1f1,2007,02,05,25.94958377977539,7.552415,-0.16231157,2007
20855,r3i1p1f1,2007,02,06,17.76021011173725,4.1832557,-2.9823909,2007
20856,r3i1p1f1,2007,02,07,8.403751360693652,4.1948795,-4.41709,2007
20857,r3i1p1f1,2007,02,08,41.06577688239907,5.9229302,-0.20672554,2007
20858,r3i1p1f1,2007,02,09,43.798652587850626,6.890114,0.01455391,2007
20859,r3i1p1f1,2007,02,10,28.334115021617006,5.3632727,0.21337165,2007
20860,r3i1p1f1,2007,02,11,0.0,11.644632,-0.58442426,2007
20861,r3i1p1f1,2007,02,12,1.368920131120065,9.262368,-3.934012,2007
20862,r3i1p1f1,2007,02,13,25.92816761768374,7.948528,0.35360765,2007
20863,r3i1p1f1,2007,02,14,35.14425737758804,6.478593,1.5548329,2007
20864,r3i1p1f1,2007,02,15,34.50816306653187,6.7075977,2.413646,2007
20865,r3i1p1f1,2007,02,16,0.0,10.488505,-2.5794108,2007
20866,r3i1p1f1,2007,02,17,21.533025955585273,3.4998703,-2.1862476,2007
20867,r3i1p1f1,2007,02,18,0.0,5.6530204,-6.355273,2007
20868,r3i1p1f1,2007,02,19,0.0,5.821056,-5.522537,2007
20869,r3i1p1f1,2007,02,20,39.916184044590125,3.1031127,-2.5399373,2007
20870,r3i1p1f1,2007,02,21,0.0,8.987781,-1.7640725,2007
20871,r3i1p1f1,2007,02,22,0.0,11.788973,-1.5921942,2007
20872,r3i1p1f1,2007,02,23,21.747671054235024,6.787802,-1.9527864,2007
20873,r3i1p1f1,2007,02,24,5.743987683366102,2.8493967,-7.1297164,2007
20874,r3i1p1f1,2007,02,25,7.614615955696392,1.961999,-5.1241426,2007
20875,r3i1p1f1,2007,02,26,22.41229025499993,2.4015198,-4.26116,2007
20876,r3i1p1f1,2007,02,27,0.0,7.189419,-0.7600359,2007
20877,r3i1p1f1,2007,02,28,9.129761464014576,3.7704544,-2.1852736,2007
20878,r3i1p1f1,2007,03,01,2.0683241956966842,8.707798,-1.1915953,2007
20879,r3i1p1f1,2007,03,02,4.57350884695954,7.1909485,-3.7120912,2007
20880,r3i1p1f1,2007,03,03,6.612508039535514,5.623403,-0.14526117,2007
20881,r3i1p1f1,2007,03,04,0.0,11.62465,0.79252255,2007
20882,r3i1p1f1,2007,03,05,0.0,17.013905,0.5028532,2007
20883,r3i1p1f1,2007,03,06,0.0,15.707103,3.7459705,2007
20884,r3i1p1f1,2007,03,07,4.08907956248425,11.012188,4.9343834,2007
20885,r3i1p1f1,2007,03,08,0.0,14.330101,1.2294984,2007
20886,r3i1p1f1,2007,03,09,6.941614609279082,11.492832,4.654552,2007
20887,r3i1p1f1,2007,03,10,0.009888751293673474,13.860926,3.703097,2007
20888,r3i1p1f1,2007,03,11,12.160030917852724,13.579482,1.7816952,2007
20889,r3i1p1f1,2007,03,12,53.082383419141955,12.174163,5.6197014,2007
20890,r3i1p1f1,2007,03,13,70.22821506681412,8.610471,0.93517816,2007
20891,r3i1p1f1,2007,03,14,53.54391914596291,6.282992,0.17128463,2007
20892,r3i1p1f1,2007,03,15,7.260449129879769,4.051591,-3.8021982,2007
20893,r3i1p1f1,2007,03,16,20.585268295958247,4.1021523,-1.6116974,2007
20894,r3i1p1f1,2007,03,17,0.9018862765515223,6.6341496,-0.26803714,2007
20895,r3i1p1f1,2007,03,18,1.9598981951467547,11.49356,-4.774384,2007
20896,r3i1p1f1,2007,03,19,0.0,14.381622,-1.2348634,2007
20897,r3i1p1f1,2007,03,20,0.5217580150776101,12.428971,-0.6236966,2007
20898,r3i1p1f1,2007,03,21,24.71411976791722,6.6362677,0.5808404,2007
20899,r3i1p1f1,2007,03,22,0.2159368029280909,13.82107,-1.3244698,2007
20900,r3i1p1f1,2007,03,23,0.0,17.120365,1.5423259,2007
20901,r3i1p1f1,2007,03,24,0.0,17.775253,4.0310636,2007
20902,r3i1p1f1,2007,03,25,0.0,17.34468,3.6186223,2007
20903,r3i1p1f1,2007,03,26,0.0,19.22195,4.7670364,2007
20904,r3i1p1f1,2007,03,27,0.0,20.991373,3.9635744,2007
20905,r3i1p1f1,2007,03,28,17.1874834690243,15.879106,1.5625186,2007
20906,r3i1p1f1,2007,03,29,9.882557703148402,5.610786,-3.7810402,2007
20907,r3i1p1f1,2007,03,30,0.0,11.104948,-1.6305777,2007
20908,r3i1p1f1,2007,03,31,0.0,14.678155,1.3074965,2007
20909,r3i1p1f1,2007,04,01,0.0,14.792936,1.356357,2007
20910,r3i1p1f1,2007,04,02,0.0,16.216604,1.0144423,2007
20911,r3i1p1f1,2007,04,03,0.0,17.734415,1.1792463,2007
20912,r3i1p1f1,2007,04,04,0.0,19.178837,3.26228,2007
20913,r3i1p1f1,2007,04,05,0.0,17.943459,6.9237833,2007
20914,r3i1p1f1,2007,04,06,15.843870775700596,12.817975,0.5218303,2007
20915,r3i1p1f1,2007,04,07,14.190591439776318,3.193162,-2.6703057,2007
20916,r3i1p1f1,2007,04,08,0.0,8.474454,-1.4160639,2007
20917,r3i1p1f1,2007,04,09,0.0,13.939514,-0.92466813,2007
20918,r3i1p1f1,2007,04,10,0.0,13.85991,1.5283569,2007
20919,r3i1p1f1,2007,04,11,0.0,16.979013,3.2678754,2007
20920,r3i1p1f1,2007,04,12,0.0,21.01167,3.6069856,2007
20921,r3i1p1f1,2007,04,13,0.0,19.191746,6.92006,2007
20922,r3i1p1f1,2007,04,14,0.0,21.395126,4.7831945,2007
20923,r3i1p1f1,2007,04,15,0.0,23.128862,6.901313,2007
20924,r3i1p1f1,2007,04,16,0.6518324900274532,19.09086,6.1818237,2007
20925,r3i1p1f1,2007,04,17,0.0,18.53765,4.9188056,2007
20926,r3i1p1f1,2007,04,18,0.0,19.915316,4.9479046,2007
20927,r3i1p1f1,2007,04,19,0.0,19.087759,5.698052,2007
20928,r3i1p1f1,2007,04,20,0.0,17.741842,3.0353942,2007
20929,r3i1p1f1,2007,04,21,9.545916428109386,13.282762,0.4485384,2007
20930,r3i1p1f1,2007,04,22,0.0,18.983898,2.5526419,2007
20931,r3i1p1f1,2007,04,23,0.0,18.08545,4.296682,2007
20932,r3i1p1f1,2007,04,24,0.0,16.891378,2.8736749,2007
20933,r3i1p1f1,2007,04,25,0.0,15.76044,2.7122605,2007
20934,r3i1p1f1,2007,04,26,28.805754948897583,8.371455,-1.3479415,2007
20935,r3i1p1f1,2007,04,27,1.4139556539272522,11.576096,-0.6287387,2007
20936,r3i1p1f1,2007,04,28,0.0,17.42703,1.9395188,2007
20937,r3i1p1f1,2007,04,29,0.0,21.068512,4.9984293,2007
20938,r3i1p1f1,2007,04,30,0.0,22.390913,6.45805,2007
20939,r3i1p1f1,2007,05,01,0.02740997366153782,21.596092,9.926417,2007
20940,r3i1p1f1,2007,05,02,0.0,20.768671,5.8007765,2007
20941,r3i1p1f1,2007,05,03,0.0,24.673464,7.9847746,2007
20942,r3i1p1f1,2007,05,04,0.0,24.399961,8.868906,2007
20943,r3i1p1f1,2007,05,05,0.0,19.600262,2.8679051,2007
20944,r3i1p1f1,2007,05,06,0.0,12.783937,-1.5531336,2007
20945,r3i1p1f1,2007,05,07,0.0,18.507822,1.1020576,2007
20946,r3i1p1f1,2007,05,08,0.0,22.048178,5.656161,2007
20947,r3i1p1f1,2007,05,09,0.0,25.108452,7.3144903,2007
20948,r3i1p1f1,2007,05,10,0.0,25.668793,8.999294,2007
20949,r3i1p1f1,2007,05,11,0.0,26.346413,11.070809,2007
20950,r3i1p1f1,2007,05,12,0.0,27.00764,8.956269,2007
20951,r3i1p1f1,2007,05,13,0.0,26.184906,10.909783,2007
20952,r3i1p1f1,2007,05,14,0.0,19.108974,6.396991,2007
20953,r3i1p1f1,2007,05,15,0.0,13.943198,0.91834027,2007
20954,r3i1p1f1,2007,05,16,3.14950574555903,10.510654,-2.132845,2007
20955,r3i1p1f1,2007,05,17,3.305565842061984,2.728515,-5.447377,2007
20956,r3i1p1f1,2007,05,18,0.608526926244897,7.943796,-1.2349172,2007
20957,r3i1p1f1,2007,05,19,0.0,18.041035,0.7985746,2007
20958,r3i1p1f1,2007,05,20,0.17689342019270712,18.701862,3.3649514,2007
20959,r3i1p1f1,2007,05,21,16.61660497468945,15.424499,3.0830276,2007
20960,r3i1p1f1,2007,05,22,0.7213810878295733,18.820381,2.4892654,2007
20961,r3i1p1f1,2007,05,23,2.4382712689418296,16.302319,2.1342132,2007
20962,r3i1p1f1,2007,05,24,0.9337538939450353,17.428164,4.6117625,2007
20963,r3i1p1f1,2007,05,25,0.32697339698451716,23.28017,5.7772036,2007
20964,r3i1p1f1,2007,05,26,0.0,27.242994,9.086748,2007
20965,r3i1p1f1,2007,05,27,0.0,28.876291,12.579377,2007
20966,r3i1p1f1,2007,05,28,0.0,29.682863,12.93644,2007
20967,r3i1p1f1,2007,05,29,0.0,30.067108,12.3951645,2007
20968,r3i1p1f1,2007,05,30,0.005420138768386096,28.158192,12.668079,2007
20969,r3i1p1f1,2007,05,31,0.35495845314519675,22.888813,9.686122,2007
20970,r3i1p1f1,2007,06,01,0.033309633574007375,32.07086,12.129686,2007
20971,r3i1p1f1,2007,06,02,2.535155695697636,29.446928,14.299308,2007
20972,r3i1p1f1,2007,06,03,0.304223212725973,23.587578,10.759975,2007
20973,r3i1p1f1,2007,06,04,0.0,20.51056,9.502055,2007
20974,r3i1p1f1,2007,06,05,0.0,23.869135,8.158812,2007
20975,r3i1p1f1,2007,06,06,0.0,28.403276,9.879402,2007
20976,r3i1p1f1,2007,06,07,0.0,28.255377,13.018949,2007
20977,r3i1p1f1,2007,06,08,0.0,26.703598,10.498995,2007
20978,r3i1p1f1,2007,06,09,0.0,24.513454,8.0480175,2007
20979,r3i1p1f1,2007,06,10,0.0,22.509398,8.410591,2007
20980,r3i1p1f1,2007,06,11,0.0,21.935059,7.66683,2007
20981,r3i1p1f1,2007,06,12,0.0,25.906143,8.13939,2007
20982,r3i1p1f1,2007,06,13,0.0,28.753092,10.927233,2007
20983,r3i1p1f1,2007,06,14,0.0,29.943783,11.931338,2007
20984,r3i1p1f1,2007,06,15,0.0,28.86152,12.153644,2007
20985,r3i1p1f1,2007,06,16,0.0,27.497866,10.187606,2007
20986,r3i1p1f1,2007,06,17,0.0,26.007717,9.592541,2007
20987,r3i1p1f1,2007,06,18,0.0,24.48556,8.814623,2007
20988,r3i1p1f1,2007,06,19,0.0,26.587805,10.343358,2007
20989,r3i1p1f1,2007,06,20,0.0,27.57632,9.939729,2007
20990,r3i1p1f1,2007,06,21,0.0,27.225266,10.938487,2007
20991,r3i1p1f1,2007,06,22,0.7225369725155791,24.84353,11.200345,2007
20992,r3i1p1f1,2007,06,23,0.0,26.284767,10.877677,2007
20993,r3i1p1f1,2007,06,24,0.0,26.84198,11.524844,2007
20994,r3i1p1f1,2007,06,25,0.0,29.94912,12.115223,2007
20995,r3i1p1f1,2007,06,26,0.0,28.816738,13.13639,2007
20996,r3i1p1f1,2007,06,27,0.0,25.438002,10.40688,2007
20997,r3i1p1f1,2007,06,28,0.0,23.767204,8.832646,2007
20998,r3i1p1f1,2007,06,29,0.0,23.876553,9.227217,2007
20999,r3i1p1f1,2007,06,30,0.0,25.60052,9.021978,2007
21000,r3i1p1f1,2007,07,01,0.0,25.514761,10.666571,2007
21001,r3i1p1f1,2007,07,02,0.0,24.710487,9.680479,2007
21002,r3i1p1f1,2007,07,03,0.0,24.212673,10.851189,2007
21003,r3i1p1f1,2007,07,04,0.0,23.72658,8.809814,2007
21004,r3i1p1f1,2007,07,05,0.0145564431716737,23.107285,8.357058,2007
21005,r3i1p1f1,2007,07,06,0.0,21.518053,7.8459396,2007
21006,r3i1p1f1,2007,07,07,0.0,23.580683,7.2186227,2007
21007,r3i1p1f1,2007,07,08,0.0,24.620562,9.855539,2007
21008,r3i1p1f1,2007,07,09,0.0,27.957159,10.822183,2007
21009,r3i1p1f1,2007,07,10,0.0,31.349749,13.596264,2007
21010,r3i1p1f1,2007,07,11,0.0,32.651573,15.63546,2007
21011,r3i1p1f1,2007,07,12,0.0,32.300617,15.751094,2007
21012,r3i1p1f1,2007,07,13,0.0,30.89572,14.201061,2007
21013,r3i1p1f1,2007,07,14,0.0,30.7113,13.388026,2007
21014,r3i1p1f1,2007,07,15,0.0,30.630213,13.982978,2007
21015,r3i1p1f1,2007,07,16,0.0,32.72389,14.485951,2007
21016,r3i1p1f1,2007,07,17,0.0,33.617126,14.856548,2007
21017,r3i1p1f1,2007,07,18,0.0,32.84459,15.628044,2007
21018,r3i1p1f1,2007,07,19,0.0,30.399752,14.482629,2007
21019,r3i1p1f1,2007,07,20,0.0,30.022215,14.0436945,2007
21020,r3i1p1f1,2007,07,21,0.0,31.53055,13.980501,2007
21021,r3i1p1f1,2007,07,22,0.0,33.909813,15.254954,2007
21022,r3i1p1f1,2007,07,23,0.0,34.172043,17.332064,2007
21023,r3i1p1f1,2007,07,24,0.0,32.02439,15.412162,2007
21024,r3i1p1f1,2007,07,25,0.0,30.496725,13.878398,2007
21025,r3i1p1f1,2007,07,26,0.0,30.899174,13.163256,2007
21026,r3i1p1f1,2007,07,27,0.0,30.117039,12.956424,2007
21027,r3i1p1f1,2007,07,28,0.0,29.28367,12.915771,2007
21028,r3i1p1f1,2007,07,29,0.0,29.386793,12.013918,2007
21029,r3i1p1f1,2007,07,30,0.0,30.11936,12.177138,2007
21030,r3i1p1f1,2007,07,31,0.0,32.517834,14.055449,2007
21031,r3i1p1f1,2007,08,01,0.0,34.25127,15.904146,2007
21032,r3i1p1f1,2007,08,02,0.0,34.26454,18.123331,2007
21033,r3i1p1f1,2007,08,03,0.0,33.909374,17.789108,2007
21034,r3i1p1f1,2007,08,04,0.0,34.680344,16.317282,2007
21035,r3i1p1f1,2007,08,05,0.0,34.196476,17.376646,2007
21036,r3i1p1f1,2007,08,06,0.0,31.436247,16.383026,2007
21037,r3i1p1f1,2007,08,07,0.0,29.345776,13.879692,2007
21038,r3i1p1f1,2007,08,08,0.0,28.120659,12.543421,2007
21039,r3i1p1f1,2007,08,09,0.0,29.004318,10.960506,2007
21040,r3i1p1f1,2007,08,10,0.0,28.570187,11.722563,2007
21041,r3i1p1f1,2007,08,11,4.47360542352008,25.832886,10.624404,2007
21042,r3i1p1f1,2007,08,12,0.0,25.30419,9.7858095,2007
21043,r3i1p1f1,2007,08,13,0.0,30.35398,11.999727,2007
21044,r3i1p1f1,2007,08,14,0.0,32.41144,14.258075,2007
21045,r3i1p1f1,2007,08,15,0.0,31.631536,15.795286,2007
21046,r3i1p1f1,2007,08,16,0.31144285209225736,31.503183,15.785338,2007
21047,r3i1p1f1,2007,08,17,0.0,30.488806,13.74497,2007
21048,r3i1p1f1,2007,08,18,0.0,30.393047,14.217128,2007
21049,r3i1p1f1,2007,08,19,0.0,30.501675,13.663673,2007
21050,r3i1p1f1,2007,08,20,0.0,32.842655,14.228754,2007
21051,r3i1p1f1,2007,08,21,0.0,32.50497,16.240046,2007
21052,r3i1p1f1,2007,08,22,0.0,31.800087,15.289561,2007
21053,r3i1p1f1,2007,08,23,0.0,29.880098,11.55065,2007
21054,r3i1p1f1,2007,08,24,0.0,25.585089,9.9552,2007
21055,r3i1p1f1,2007,08,25,0.0,26.124651,10.546095,2007
21056,r3i1p1f1,2007,08,26,0.0,25.371603,10.476494,2007
21057,r3i1p1f1,2007,08,27,0.0,23.969439,8.359908,2007
21058,r3i1p1f1,2007,08,28,0.0,23.833982,7.6122527,2007
21059,r3i1p1f1,2007,08,29,0.0,28.231815,8.776363,2007
21060,r3i1p1f1,2007,08,30,0.0,28.71091,11.229575,2007
21061,r3i1p1f1,2007,08,31,0.0,31.567423,12.474531,2007
21062,r3i1p1f1,2007,09,01,0.0,31.271976,14.361422,2007
21063,r3i1p1f1,2007,09,02,0.0,32.0088,14.844843,2007
21064,r3i1p1f1,2007,09,03,0.0,31.926191,14.61728,2007
21065,r3i1p1f1,2007,09,04,0.0,31.55624,15.072944,2007
21066,r3i1p1f1,2007,09,05,0.0,30.206825,14.079975,2007
21067,r3i1p1f1,2007,09,06,0.0,28.93107,13.329818,2007
21068,r3i1p1f1,2007,09,07,0.0,26.826866,10.505892,2007
21069,r3i1p1f1,2007,09,08,0.0,25.526005,9.692303,2007
21070,r3i1p1f1,2007,09,09,0.0,23.095354,9.0351715,2007
21071,r3i1p1f1,2007,09,10,0.36057268355905664,20.977283,7.5384417,2007
21072,r3i1p1f1,2007,09,11,0.0,21.289797,6.0013237,2007
21073,r3i1p1f1,2007,09,12,0.0,20.510775,6.1507964,2007
21074,r3i1p1f1,2007,09,13,0.0,17.493399,6.650902,2007
21075,r3i1p1f1,2007,09,14,0.0,21.645872,6.0595894,2007
21076,r3i1p1f1,2007,09,15,0.0,23.078653,6.7379904,2007
21077,r3i1p1f1,2007,09,16,0.0,25.186035,7.998408,2007
21078,r3i1p1f1,2007,09,17,0.0,25.08036,8.469739,2007
21079,r3i1p1f1,2007,09,18,0.0,26.264547,9.00513,2007
21080,r3i1p1f1,2007,09,19,0.0,27.270914,9.628224,2007
21081,r3i1p1f1,2007,09,20,0.0,25.466377,10.536092,2007
21082,r3i1p1f1,2007,09,21,0.0,25.583221,9.311497,2007
21083,r3i1p1f1,2007,09,22,0.0,27.681124,10.296323,2007
21084,r3i1p1f1,2007,09,23,0.0,26.582512,11.349993,2007
21085,r3i1p1f1,2007,09,24,0.0,24.904013,9.151471,2007
21086,r3i1p1f1,2007,09,25,0.0,27.32436,10.352175,2007
21087,r3i1p1f1,2007,09,26,0.0,28.90957,12.010369,2007
21088,r3i1p1f1,2007,09,27,0.0,28.263458,11.951428,2007
21089,r3i1p1f1,2007,09,28,0.0,26.598122,10.75217,2007
21090,r3i1p1f1,2007,09,29,0.0,28.91171,12.073707,2007
21091,r3i1p1f1,2007,09,30,0.0,28.9779,12.242691,2007
21092,r3i1p1f1,2007,10,01,0.0,27.843561,11.446829,2007
21093,r3i1p1f1,2007,10,02,0.0,24.319347,10.650041,2007
21094,r3i1p1f1,2007,10,03,0.0,22.105556,7.8584614,2007
21095,r3i1p1f1,2007,10,04,0.0,25.42825,8.96494,2007
21096,r3i1p1f1,2007,10,05,0.0,27.218702,11.399913,2007
21097,r3i1p1f1,2007,10,06,1.4188619722948428,25.865082,11.90631,2007
21098,r3i1p1f1,2007,10,07,14.50737063546273,12.696971,3.1795533,2007
21099,r3i1p1f1,2007,10,08,0.32696522171854187,12.735071,-0.10281223,2007
21100,r3i1p1f1,2007,10,09,0.0,14.870859,3.3931608,2007
21101,r3i1p1f1,2007,10,10,0.00014511153590559078,21.371548,7.1372757,2007
21102,r3i1p1f1,2007,10,11,0.0,23.931347,8.622253,2007
21103,r3i1p1f1,2007,10,12,0.0,23.865448,7.84323,2007
21104,r3i1p1f1,2007,10,13,0.0,16.911018,5.720978,2007
21105,r3i1p1f1,2007,10,14,0.007903441258493234,16.284668,5.1009355,2007
21106,r3i1p1f1,2007,10,15,0.0,17.037025,4.500349,2007
21107,r3i1p1f1,2007,10,16,0.0,18.14102,3.746168,2007
21108,r3i1p1f1,2007,10,17,0.0,20.6518,5.637726,2007
21109,r3i1p1f1,2007,10,18,0.0,19.95431,6.946511,2007
21110,r3i1p1f1,2007,10,19,35.02288034773971,19.498901,7.956107,2007
21111,r3i1p1f1,2007,10,20,6.792403198778629,14.337264,7.1363792,2007
21112,r3i1p1f1,2007,10,21,0.0,21.345118,5.969945,2007
21113,r3i1p1f1,2007,10,22,0.0,25.08767,8.484127,2007
21114,r3i1p1f1,2007,10,23,0.0,24.687819,8.3796215,2007
21115,r3i1p1f1,2007,10,24,0.0,22.403309,8.739181,2007
21116,r3i1p1f1,2007,10,25,0.0,20.422203,5.4624186,2007
21117,r3i1p1f1,2007,10,26,0.0,20.99526,6.425667,2007
21118,r3i1p1f1,2007,10,27,0.0,20.737457,7.6368084,2007
21119,r3i1p1f1,2007,10,28,0.04594456986524165,17.901701,4.236785,2007
21120,r3i1p1f1,2007,10,29,0.0,14.241732,1.0019065,2007
21121,r3i1p1f1,2007,10,30,18.705413489308405,12.228426,1.9577905,2007
21122,r3i1p1f1,2007,10,31,0.0,11.471493,-2.2800748,2007
21123,r3i1p1f1,2007,11,01,0.0,11.987149,-0.8625878,2007
21124,r3i1p1f1,2007,11,02,28.104207723548537,9.239396,2.495782,2007
21125,r3i1p1f1,2007,11,03,0.0,12.798351,-3.325125,2007
21126,r3i1p1f1,2007,11,04,0.0,20.162155,3.2388654,2007
21127,r3i1p1f1,2007,11,05,1.713732103732917,17.0637,5.4793434,2007
21128,r3i1p1f1,2007,11,06,0.0,13.042348,1.1536487,2007
21129,r3i1p1f1,2007,11,07,0.0,12.469695,2.7867963,2007
21130,r3i1p1f1,2007,11,08,0.0,13.530928,1.0187403,2007
21131,r3i1p1f1,2007,11,09,4.240648095774783,15.426475,8.644447,2007
21132,r3i1p1f1,2007,11,10,26.53350944594039,12.638938,6.543052,2007
21133,r3i1p1f1,2007,11,11,12.770541784304537,10.792377,0.57987034,2007
21134,r3i1p1f1,2007,11,12,1.276871377730889,10.092902,-1.7865835,2007
21135,r3i1p1f1,2007,11,13,0.021874711015506795,11.340885,-1.6020284,2007
21136,r3i1p1f1,2007,11,14,12.766415088615185,9.571369,1.908866,2007
21137,r3i1p1f1,2007,11,15,6.745371005672496,7.6534295,1.7206831,2007
21138,r3i1p1f1,2007,11,16,0.0,10.47118,-2.1105072,2007
21139,r3i1p1f1,2007,11,17,26.439260779634903,8.5578,2.0629141,2007
21140,r3i1p1f1,2007,11,18,0.03563085897200692,9.216475,-1.8865091,2007
21141,r3i1p1f1,2007,11,19,0.0,15.648946,1.3102927,2007
21142,r3i1p1f1,2007,11,20,0.18465719168537026,14.020244,3.6531508,2007
21143,r3i1p1f1,2007,11,21,0.0,12.603181,0.54091674,2007
21144,r3i1p1f1,2007,11,22,0.0,9.11689,-2.0572731,2007
21145,r3i1p1f1,2007,11,23,0.0,12.277367,-2.0055444,2007
21146,r3i1p1f1,2007,11,24,0.0,12.226929,-1.3764163,2007
21147,r3i1p1f1,2007,11,25,42.96856568145909,9.03116,-0.8810542,2007
21148,r3i1p1f1,2007,11,26,8.240151995989052,8.100225,1.2565106,2007
21149,r3i1p1f1,2007,11,27,73.86393783810108,10.936949,-0.9537813,2007
21150,r3i1p1f1,2007,11,28,45.51932208889507,3.3076231,-2.8927505,2007
21151,r3i1p1f1,2007,11,29,12.17916242368167,2.1226933,-4.7954273,2007
21152,r3i1p1f1,2007,11,30,0.0,3.2088423,-9.695647,2007
21153,r3i1p1f1,2007,12,01,0.0,7.025,-6.437636,2007
21154,r3i1p1f1,2007,12,02,2.9024025313494923,1.1233889,-5.573901,2007
21155,r3i1p1f1,2007,12,03,0.03821214578286009,1.6785617,-8.052212,2007
21156,r3i1p1f1,2007,12,04,0.0,2.293511,-11.135257,2007
21157,r3i1p1f1,2007,12,05,0.0,3.303578,-8.8347025,2007
21158,r3i1p1f1,2007,12,06,0.0,6.3745365,-5.0653405,2007
21159,r3i1p1f1,2007,12,07,0.0,9.680381,-2.9646373,2007
21160,r3i1p1f1,2007,12,08,0.0,6.4621987,-0.97813773,2007
21161,r3i1p1f1,2007,12,09,0.0,4.309619,-5.4878817,2007
21162,r3i1p1f1,2007,12,10,0.0,5.784554,-6.148039,2007
21163,r3i1p1f1,2007,12,11,0.0,9.718339,-2.9654067,2007
21164,r3i1p1f1,2007,12,12,0.0,13.131716,2.345879,2007
21165,r3i1p1f1,2007,12,13,0.07790989597867194,10.442919,4.2413063,2007
21166,r3i1p1f1,2007,12,14,8.823165157197142,4.7821717,-0.98188895,2007
21167,r3i1p1f1,2007,12,15,7.1610901592832406,1.9258932,-5.7300982,2007
21168,r3i1p1f1,2007,12,16,1.495493972661758,0.8970476,-9.040782,2007
21169,r3i1p1f1,2007,12,17,0.0,3.3064635,-10.336775,2007
21170,r3i1p1f1,2007,12,18,0.0,5.5777063,-9.005322,2007
21171,r3i1p1f1,2007,12,19,0.0,6.3509474,-6.9411073,2007
21172,r3i1p1f1,2007,12,20,0.0,5.6417623,-6.7759933,2007
21173,r3i1p1f1,2007,12,21,0.0,7.192836,-7.3908706,2007
21174,r3i1p1f1,2007,12,22,0.0,8.956854,-3.7485976,2007
21175,r3i1p1f1,2007,12,23,0.0,10.152185,-2.515359,2007
21176,r3i1p1f1,2007,12,24,0.0,11.750668,0.77394813,2007
21177,r3i1p1f1,2007,12,25,0.0,12.862568,3.7338712,2007
21178,r3i1p1f1,2007,12,26,0.0,10.989007,4.181434,2007
21179,r3i1p1f1,2007,12,27,0.0,11.898278,-0.20348419,2007
21180,r3i1p1f1,2007,12,28,0.0,10.249328,0.50074244,2007
21181,r3i1p1f1,2007,12,29,42.63954510618197,4.8316917,0.990348,2007
21182,r3i1p1f1,2007,12,30,0.0,8.302118,-2.8963807,2007
21183,r3i1p1f1,2007,12,31,0.0,7.4534183,-3.8329127,2007
21184,r3i1p1f1,2008,01,01,0.0,6.177135,-5.593155,2008
21185,r3i1p1f1,2008,01,02,1.3778013674661787,2.2175927,-6.0133896,2008
21186,r3i1p1f1,2008,01,03,24.3897207436691,4.148255,-1.141185,2008
21187,r3i1p1f1,2008,01,04,2.3479138483947426,9.35394,0.4575056,2008
21188,r3i1p1f1,2008,01,05,0.0,12.308844,2.3064997,2008
21189,r3i1p1f1,2008,01,06,35.07690162054802,7.4758945,2.827188,2008
21190,r3i1p1f1,2008,01,07,0.0,12.013255,-0.24623652,2008
21191,r3i1p1f1,2008,01,08,0.0,12.222338,2.398726,2008
21192,r3i1p1f1,2008,01,09,0.0,12.995787,0.27946892,2008
21193,r3i1p1f1,2008,01,10,0.0,14.761118,2.572469,2008
21194,r3i1p1f1,2008,01,11,0.0,16.625225,2.2973828,2008
21195,r3i1p1f1,2008,01,12,0.0,16.724136,1.7838963,2008
21196,r3i1p1f1,2008,01,13,0.0,15.301028,3.0825548,2008
21197,r3i1p1f1,2008,01,14,0.0,14.300111,1.821219,2008
21198,r3i1p1f1,2008,01,15,0.0,15.873538,1.9172235,2008
21199,r3i1p1f1,2008,01,16,0.0,16.372541,0.93518275,2008
21200,r3i1p1f1,2008,01,17,0.0,17.592686,3.119858,2008
21201,r3i1p1f1,2008,01,18,0.0,18.09053,2.8968046,2008
21202,r3i1p1f1,2008,01,19,0.0,17.371498,5.6010647,2008
21203,r3i1p1f1,2008,01,20,5.51534593901842,13.18057,2.4641483,2008
21204,r3i1p1f1,2008,01,21,0.0,9.386413,0.7738204,2008
21205,r3i1p1f1,2008,01,22,0.0,13.373165,1.5754874,2008
21206,r3i1p1f1,2008,01,23,0.0,13.527428,1.872683,2008
21207,r3i1p1f1,2008,01,24,0.0,14.378564,2.8387816,2008
21208,r3i1p1f1,2008,01,25,0.0,15.104255,1.3819963,2008
21209,r3i1p1f1,2008,01,26,0.0,13.843702,2.1573384,2008
21210,r3i1p1f1,2008,01,27,0.0,15.584129,2.026065,2008
21211,r3i1p1f1,2008,01,28,0.0,16.930246,2.7503831,2008
21212,r3i1p1f1,2008,01,29,0.0,16.90197,3.4198701,2008
21213,r3i1p1f1,2008,01,30,0.0,17.890123,3.4363837,2008
21214,r3i1p1f1,2008,01,31,0.0,16.8482,3.4920392,2008
21215,r3i1p1f1,2008,02,01,15.316501321074995,12.945537,3.1261466,2008
21216,r3i1p1f1,2008,02,02,0.0,13.541425,-0.36956978,2008
21217,r3i1p1f1,2008,02,03,0.0,13.669658,5.209467,2008
21218,r3i1p1f1,2008,02,04,10.814595608941378,11.078435,3.2613375,2008
21219,r3i1p1f1,2008,02,05,0.0,13.912433,1.713928,2008
21220,r3i1p1f1,2008,02,06,17.494412493818487,10.023567,3.3098395,2008
21221,r3i1p1f1,2008,02,07,7.497710669811472,7.978107,-0.8757644,2008
21222,r3i1p1f1,2008,02,08,0.0,10.456448,-1.5892638,2008
21223,r3i1p1f1,2008,02,09,38.11271699684623,5.3799615,-0.47109213,2008
21224,r3i1p1f1,2008,02,10,3.7721269134635804,5.4391685,-3.5006487,2008
21225,r3i1p1f1,2008,02,11,0.0,9.248261,-4.063753,2008
21226,r3i1p1f1,2008,02,12,0.0,9.589048,-4.139317,2008
21227,r3i1p1f1,2008,02,13,0.0,10.557031,-2.7692962,2008
21228,r3i1p1f1,2008,02,14,0.4837062902783816,5.702257,-1.0789161,2008
21229,r3i1p1f1,2008,02,15,13.57269621895332,3.0138738,-2.4037676,2008
21230,r3i1p1f1,2008,02,16,9.425633814872095,2.19517,-4.56949,2008
21231,r3i1p1f1,2008,02,17,40.43978936480064,2.0103,-2.792658,2008
21232,r3i1p1f1,2008,02,18,2.652678029986227,5.1508923,-4.4950037,2008
21233,r3i1p1f1,2008,02,19,0.0,10.211716,-5.080177,2008
21234,r3i1p1f1,2008,02,20,0.0,11.399042,-0.14950246,2008
21235,r3i1p1f1,2008,02,21,19.49648837509908,6.2186866,-0.6885993,2008
21236,r3i1p1f1,2008,02,22,4.206618890556887,5.3282776,-3.0086298,2008
21237,r3i1p1f1,2008,02,23,5.959090117846101,5.5173326,-3.377699,2008
21238,r3i1p1f1,2008,02,24,29.591667679089465,6.675922,-1.7540097,2008
21239,r3i1p1f1,2008,02,25,3.3671068751381856,3.5695748,-2.8453114,2008
21240,r3i1p1f1,2008,02,26,46.13294598989581,2.79088,-3.4203432,2008
21241,r3i1p1f1,2008,02,27,0.0,7.300944,-5.632715,2008
21242,r3i1p1f1,2008,02,28,1.0212582123226879,5.594603,-5.5716386,2008
21243,r3i1p1f1,2008,02,29,14.132252395594199,3.3330648,-3.0806198,2008
21244,r3i1p1f1,2008,03,01,0.0,7.9733357,-4.23275,2008
21245,r3i1p1f1,2008,03,02,0.0,8.2850065,-6.238719,2008
21246,r3i1p1f1,2008,03,03,0.0,8.234138,-4.9341316,2008
21247,r3i1p1f1,2008,03,04,0.0,7.2551246,-3.602162,2008
21248,r3i1p1f1,2008,03,05,0.0,6.8830957,-6.0006037,2008
21249,r3i1p1f1,2008,03,06,17.18052547290235,2.6421542,-3.080662,2008
21250,r3i1p1f1,2008,03,07,42.452484156054105,0.4710961,-3.9448123,2008
21251,r3i1p1f1,2008,03,08,21.567928195489866,-0.2156723,-8.4145975,2008
21252,r3i1p1f1,2008,03,09,20.00576633175737,1.0657668,-7.269599,2008
21253,r3i1p1f1,2008,03,10,23.69957677591102,1.0866997,-2.5186846,2008
21254,r3i1p1f1,2008,03,11,0.7381112065846346,5.7721534,-7.6131577,2008
21255,r3i1p1f1,2008,03,12,0.0,8.042106,-7.0177617,2008
21256,r3i1p1f1,2008,03,13,0.0,7.913211,-4.9434905,2008
21257,r3i1p1f1,2008,03,14,0.0,9.966792,-4.764285,2008
21258,r3i1p1f1,2008,03,15,7.804427228065355,6.4040484,-0.7957185,2008
21259,r3i1p1f1,2008,03,16,0.0,13.555578,-2.748698,2008
21260,r3i1p1f1,2008,03,17,0.0,13.511356,-0.13005652,2008
21261,r3i1p1f1,2008,03,18,0.0,19.037394,3.767351,2008
21262,r3i1p1f1,2008,03,19,0.0,22.043327,4.8221493,2008
21263,r3i1p1f1,2008,03,20,0.0,21.028408,9.768262,2008
21264,r3i1p1f1,2008,03,21,0.0,14.400331,6.4897175,2008
21265,r3i1p1f1,2008,03,22,0.0,17.09102,0.9933628,2008
21266,r3i1p1f1,2008,03,23,0.0,20.37105,4.9184046,2008
21267,r3i1p1f1,2008,03,24,0.0,19.793835,8.446493,2008
21268,r3i1p1f1,2008,03,25,0.0,16.397583,5.3931894,2008
21269,r3i1p1f1,2008,03,26,15.624376739326276,11.737973,0.65639836,2008
21270,r3i1p1f1,2008,03,27,1.3490882547079022,14.802862,1.4593585,2008
21271,r3i1p1f1,2008,03,28,2.343834005774912,13.738655,-0.62456214,2008
21272,r3i1p1f1,2008,03,29,7.036248451262701,4.0043287,-3.0642214,2008
21273,r3i1p1f1,2008,03,30,1.577501583999133,6.261067,-1.9113182,2008
21274,r3i1p1f1,2008,03,31,0.0,12.173889,-2.4140959,2008
21275,r3i1p1f1,2008,04,01,0.0,15.621951,-0.15152739,2008
21276,r3i1p1f1,2008,04,02,0.0,16.802128,3.255036,2008
21277,r3i1p1f1,2008,04,03,1.549296910544447,14.846052,5.860583,2008
21278,r3i1p1f1,2008,04,04,5.370530697492589,6.084665,-4.2353964,2008
21279,r3i1p1f1,2008,04,05,8.024182408974555,4.8732076,-5.037054,2008
21280,r3i1p1f1,2008,04,06,19.969513682697556,4.8854933,-2.222424,2008
21281,r3i1p1f1,2008,04,07,4.975608665948752,5.1753025,-2.8195126,2008
21282,r3i1p1f1,2008,04,08,3.873892582985144,4.759775,-1.7219998,2008
21283,r3i1p1f1,2008,04,09,15.037441769565799,3.427289,-3.0368788,2008
21284,r3i1p1f1,2008,04,10,2.7544327032477383,4.3180366,-3.2900476,2008
21285,r3i1p1f1,2008,04,11,3.4722512401793595,4.4760065,-3.8137774,2008
21286,r3i1p1f1,2008,04,12,0.0,13.480235,-2.6454186,2008
21287,r3i1p1f1,2008,04,13,0.0,15.826304,0.15294167,2008
21288,r3i1p1f1,2008,04,14,0.0,18.893927,2.023272,2008
21289,r3i1p1f1,2008,04,15,0.005607921392718134,18.027008,4.78935,2008
21290,r3i1p1f1,2008,04,16,1.0015760382597556,14.44732,2.8714073,2008
21291,r3i1p1f1,2008,04,17,0.0,14.991822,0.8343052,2008
21292,r3i1p1f1,2008,04,18,0.25128129297962387,13.809175,5.060869,2008
21293,r3i1p1f1,2008,04,19,0.0,13.634053,-0.8438997,2008
21294,r3i1p1f1,2008,04,20,0.0,12.747528,0.21808022,2008
21295,r3i1p1f1,2008,04,21,0.0,9.237406,-3.33785,2008
21296,r3i1p1f1,2008,04,22,0.0,14.464231,-1.5403401,2008
21297,r3i1p1f1,2008,04,23,0.0861427884573411,14.426952,1.8337569,2008
21298,r3i1p1f1,2008,04,24,2.641497692093253,13.632367,-2.1478777,2008
21299,r3i1p1f1,2008,04,25,7.472828650804187,9.867892,-1.1536915,2008
21300,r3i1p1f1,2008,04,26,3.8988051370803363,4.961184,-2.531238,2008
21301,r3i1p1f1,2008,04,27,0.7460286737879965,15.400904,-0.38109246,2008
21302,r3i1p1f1,2008,04,28,0.0,16.97887,1.0929784,2008
21303,r3i1p1f1,2008,04,29,0.02730659620474877,14.823032,6.4843063,2008
21304,r3i1p1f1,2008,04,30,0.0,13.947439,4.0088634,2008
21305,r3i1p1f1,2008,05,01,17.413820763804804,9.81364,-0.5309733,2008
21306,r3i1p1f1,2008,05,02,1.4809232865349928,8.307775,0.5779868,2008
21307,r3i1p1f1,2008,05,03,1.467438725912392,11.132364,-1.8022039,2008
21308,r3i1p1f1,2008,05,04,2.209826129278793,9.600588,-0.29133418,2008
21309,r3i1p1f1,2008,05,05,0.16813508210409628,15.12444,3.0461836,2008
21310,r3i1p1f1,2008,05,06,0.0,19.699104,3.730692,2008
21311,r3i1p1f1,2008,05,07,0.0,18.707432,5.63824,2008
21312,r3i1p1f1,2008,05,08,3.5773833543460474,14.195379,2.560317,2008
21313,r3i1p1f1,2008,05,09,1.0566704782449003,11.807362,-0.9674752,2008
21314,r3i1p1f1,2008,05,10,0.6972353658822709,12.869853,0.87202734,2008
21315,r3i1p1f1,2008,05,11,4.316076243565859,14.666748,1.631766,2008
21316,r3i1p1f1,2008,05,12,0.39073763408324386,18.719517,4.980301,2008
21317,r3i1p1f1,2008,05,13,0.1614449745949586,22.756165,6.3167896,2008
21318,r3i1p1f1,2008,05,14,0.0,23.645998,8.348079,2008
21319,r3i1p1f1,2008,05,15,4.06950982693448,17.283758,3.520437,2008
21320,r3i1p1f1,2008,05,16,10.021383697657209,14.659598,4.350277,2008
21321,r3i1p1f1,2008,05,17,0.017033870972227305,16.989862,5.1351805,2008
21322,r3i1p1f1,2008,05,18,0.0,17.517155,5.3594437,2008
21323,r3i1p1f1,2008,05,19,0.0,19.824509,5.362686,2008
21324,r3i1p1f1,2008,05,20,0.0,22.893541,7.9151154,2008
21325,r3i1p1f1,2008,05,21,6.381373500181852,19.698172,7.6283784,2008
21326,r3i1p1f1,2008,05,22,60.98020891291335,14.9293375,6.131954,2008
21327,r3i1p1f1,2008,05,23,14.413763141400475,13.321599,2.726825,2008
21328,r3i1p1f1,2008,05,24,0.34787278476103795,14.735253,6.7407713,2008
21329,r3i1p1f1,2008,05,25,0.0,19.416328,4.437114,2008
21330,r3i1p1f1,2008,05,26,0.0,22.62052,6.6199727,2008
21331,r3i1p1f1,2008,05,27,0.0,24.0878,8.04053,2008
21332,r3i1p1f1,2008,05,28,0.0,24.091774,9.030552,2008
21333,r3i1p1f1,2008,05,29,1.1609457117102513,18.64812,3.257112,2008
21334,r3i1p1f1,2008,05,30,0.015532829849306788,20.621538,6.0826936,2008
21335,r3i1p1f1,2008,05,31,0.0,21.275522,5.745034,2008
21336,r3i1p1f1,2008,06,01,0.0,19.912453,6.025801,2008
21337,r3i1p1f1,2008,06,02,0.9621694330570264,15.505096,5.642258,2008
21338,r3i1p1f1,2008,06,03,0.0,15.064264,2.7090073,2008
21339,r3i1p1f1,2008,06,04,0.0,19.319174,1.0015676,2008
21340,r3i1p1f1,2008,06,05,0.0,22.665258,4.798287,2008
21341,r3i1p1f1,2008,06,06,0.0,22.178057,7.415753,2008
21342,r3i1p1f1,2008,06,07,0.04023252128574409,19.195625,5.488127,2008
21343,r3i1p1f1,2008,06,08,0.0,17.173111,4.104854,2008
21344,r3i1p1f1,2008,06,09,0.0,16.638956,3.4978232,2008
21345,r3i1p1f1,2008,06,10,1.401075566536747,13.703521,6.1999683,2008
21346,r3i1p1f1,2008,06,11,0.36978808976097133,16.934978,4.3735943,2008
21347,r3i1p1f1,2008,06,12,8.559804443633,16.291302,3.3022711,2008
21348,r3i1p1f1,2008,06,13,7.694137391732319,12.4751625,2.806401,2008
21349,r3i1p1f1,2008,06,14,0.0,17.630192,1.4292958,2008
21350,r3i1p1f1,2008,06,15,0.0,21.158184,3.9397094,2008
21351,r3i1p1f1,2008,06,16,0.0,22.134838,6.656909,2008
21352,r3i1p1f1,2008,06,17,0.0,21.387138,8.576573,2008
21353,r3i1p1f1,2008,06,18,0.0,27.316563,10.161026,2008
21354,r3i1p1f1,2008,06,19,0.0,30.900684,13.713642,2008
21355,r3i1p1f1,2008,06,20,0.0,31.04574,14.545598,2008
21356,r3i1p1f1,2008,06,21,0.0,30.274828,15.208173,2008
21357,r3i1p1f1,2008,06,22,0.0,29.398294,14.60679,2008
21358,r3i1p1f1,2008,06,23,0.0,28.303572,12.625119,2008
21359,r3i1p1f1,2008,06,24,0.0,28.025768,10.399099,2008
21360,r3i1p1f1,2008,06,25,0.0,28.158892,10.4517,2008
21361,r3i1p1f1,2008,06,26,0.0,26.487835,10.225104,2008
21362,r3i1p1f1,2008,06,27,0.0,23.323868,7.8694324,2008
21363,r3i1p1f1,2008,06,28,0.0,23.351799,6.241637,2008
21364,r3i1p1f1,2008,06,29,0.0,26.02296,8.407072,2008
21365,r3i1p1f1,2008,06,30,0.0,29.734684,10.433362,2008
21366,r3i1p1f1,2008,07,01,0.0,32.679573,13.355518,2008
21367,r3i1p1f1,2008,07,02,0.0,33.444057,16.578772,2008
21368,r3i1p1f1,2008,07,03,0.0,34.947895,16.222538,2008
21369,r3i1p1f1,2008,07,04,0.0,35.397804,15.69172,2008
21370,r3i1p1f1,2008,07,05,0.0,35.91571,17.429527,2008
21371,r3i1p1f1,2008,07,06,0.0,36.13545,16.713356,2008
21372,r3i1p1f1,2008,07,07,0.0,32.598675,16.109703,2008
21373,r3i1p1f1,2008,07,08,0.0,28.057817,10.825076,2008
21374,r3i1p1f1,2008,07,09,0.0,25.652264,9.714157,2008
21375,r3i1p1f1,2008,07,10,0.0,29.989607,11.978392,2008
21376,r3i1p1f1,2008,07,11,0.0,32.052204,12.829408,2008
21377,r3i1p1f1,2008,07,12,0.0,31.584002,14.694695,2008
21378,r3i1p1f1,2008,07,13,0.0,29.491222,13.249231,2008
21379,r3i1p1f1,2008,07,14,0.0,28.972145,13.210854,2008
21380,r3i1p1f1,2008,07,15,0.0,29.515047,12.8718815,2008
21381,r3i1p1f1,2008,07,16,0.0,29.006968,12.297308,2008
21382,r3i1p1f1,2008,07,17,0.0,26.133951,9.67178,2008
21383,r3i1p1f1,2008,07,18,0.0,23.022455,8.2704,2008
21384,r3i1p1f1,2008,07,19,0.0,23.034843,9.129701,2008
21385,r3i1p1f1,2008,07,20,0.0,23.409931,8.679372,2008
21386,r3i1p1f1,2008,07,21,0.0,25.30656,9.830702,2008
21387,r3i1p1f1,2008,07,22,0.0,27.97805,10.917456,2008
21388,r3i1p1f1,2008,07,23,0.0,28.187424,11.190618,2008
21389,r3i1p1f1,2008,07,24,19.250320526158536,28.986061,14.415281,2008
21390,r3i1p1f1,2008,07,25,6.696616974889031,22.041655,12.902174,2008
21391,r3i1p1f1,2008,07,26,0.0,19.955448,8.990945,2008
21392,r3i1p1f1,2008,07,27,0.0,23.516981,7.371508,2008
21393,r3i1p1f1,2008,07,28,0.0,26.995773,10.5781975,2008
21394,r3i1p1f1,2008,07,29,0.0,29.179665,13.164873,2008
21395,r3i1p1f1,2008,07,30,0.0,31.275475,15.21472,2008
21396,r3i1p1f1,2008,07,31,0.0,32.635967,15.60774,2008
21397,r3i1p1f1,2008,08,01,0.9755190307930063,33.451828,16.29734,2008
21398,r3i1p1f1,2008,08,02,0.38859708940052723,32.523544,17.650154,2008
21399,r3i1p1f1,2008,08,03,1.8102677653204362,33.718246,18.085531,2008
21400,r3i1p1f1,2008,08,04,0.0,34.338398,16.61584,2008
21401,r3i1p1f1,2008,08,05,0.9601865106225503,32.53229,17.45778,2008
21402,r3i1p1f1,2008,08,06,0.0,28.311712,14.531084,2008
21403,r3i1p1f1,2008,08,07,0.0,25.158846,10.121398,2008
21404,r3i1p1f1,2008,08,08,0.0,27.619175,10.094614,2008
21405,r3i1p1f1,2008,08,09,0.0,30.616716,13.135901,2008
21406,r3i1p1f1,2008,08,10,0.0,32.33945,15.057937,2008
21407,r3i1p1f1,2008,08,11,0.04683292446363913,32.024227,15.126527,2008
21408,r3i1p1f1,2008,08,12,1.5586958024773354,29.731726,14.881014,2008
21409,r3i1p1f1,2008,08,13,3.470380874588093,28.637203,15.126837,2008
21410,r3i1p1f1,2008,08,14,0.23083139186430918,29.045717,13.062442,2008
21411,r3i1p1f1,2008,08,15,28.156052252731904,32.740314,16.372723,2008
21412,r3i1p1f1,2008,08,16,2.94203656889486,30.738628,13.540445,2008
21413,r3i1p1f1,2008,08,17,0.0,29.561625,14.612889,2008
21414,r3i1p1f1,2008,08,18,0.0,28.801853,13.4855795,2008
21415,r3i1p1f1,2008,08,19,0.0,27.741087,11.199526,2008
21416,r3i1p1f1,2008,08,20,0.0,26.269707,8.619432,2008
21417,r3i1p1f1,2008,08,21,0.0,25.996883,9.813052,2008
21418,r3i1p1f1,2008,08,22,0.0,25.577816,10.056522,2008
21419,r3i1p1f1,2008,08,23,0.0,25.082268,9.207932,2008
21420,r3i1p1f1,2008,08,24,0.0,24.081017,7.84873,2008
21421,r3i1p1f1,2008,08,25,0.0,24.647509,7.4736795,2008
21422,r3i1p1f1,2008,08,26,0.0,29.840069,12.004673,2008
21423,r3i1p1f1,2008,08,27,0.0,31.876535,14.273024,2008
21424,r3i1p1f1,2008,08,28,0.0,34.01197,14.575392,2008
21425,r3i1p1f1,2008,08,29,0.0,35.035995,16.641438,2008
21426,r3i1p1f1,2008,08,30,0.0,35.077393,18.09283,2008
21427,r3i1p1f1,2008,08,31,0.0,34.79453,18.234135,2008
21428,r3i1p1f1,2008,09,01,0.0019112592685575549,32.639587,17.584612,2008
21429,r3i1p1f1,2008,09,02,0.4994620550286,27.878452,15.330111,2008
21430,r3i1p1f1,2008,09,03,0.0,27.100527,10.133999,2008
21431,r3i1p1f1,2008,09,04,0.0,30.602741,12.308422,2008
21432,r3i1p1f1,2008,09,05,0.0,30.398613,14.347494,2008
21433,r3i1p1f1,2008,09,06,0.0,31.940569,14.964122,2008
21434,r3i1p1f1,2008,09,07,0.0,32.343834,14.6737175,2008
21435,r3i1p1f1,2008,09,08,0.0,30.723555,13.984605,2008
21436,r3i1p1f1,2008,09,09,0.0,28.665787,12.492694,2008
21437,r3i1p1f1,2008,09,10,0.0,31.459719,12.880478,2008
21438,r3i1p1f1,2008,09,11,0.0,32.847183,15.015099,2008
21439,r3i1p1f1,2008,09,12,0.0,32.239525,15.257025,2008
21440,r3i1p1f1,2008,09,13,0.0,30.564686,13.5936985,2008
21441,r3i1p1f1,2008,09,14,0.0,27.771288,12.088418,2008
21442,r3i1p1f1,2008,09,15,0.0,26.447897,9.729239,2008
21443,r3i1p1f1,2008,09,16,0.0,25.947071,9.996507,2008
21444,r3i1p1f1,2008,09,17,0.0,23.714586,7.779687,2008
21445,r3i1p1f1,2008,09,18,0.0,22.405174,6.0521517,2008
21446,r3i1p1f1,2008,09,19,0.0,23.46912,6.8864613,2008
21447,r3i1p1f1,2008,09,20,0.0,26.488552,9.209204,2008
21448,r3i1p1f1,2008,09,21,0.0,28.328505,11.241968,2008
21449,r3i1p1f1,2008,09,22,0.0,30.505505,12.451003,2008
21450,r3i1p1f1,2008,09,23,0.0,31.82318,13.113587,2008
21451,r3i1p1f1,2008,09,24,0.0,31.763788,14.010077,2008
21452,r3i1p1f1,2008,09,25,0.0,28.02439,11.9298315,2008
21453,r3i1p1f1,2008,09,26,0.0,24.733389,8.99566,2008
21454,r3i1p1f1,2008,09,27,0.0,27.407457,9.729417,2008
21455,r3i1p1f1,2008,09,28,0.0,27.552998,11.287151,2008
21456,r3i1p1f1,2008,09,29,0.009304187015483254,27.589947,11.945106,2008
21457,r3i1p1f1,2008,09,30,0.0035926445937213046,21.878603,9.549308,2008
21458,r3i1p1f1,2008,10,01,1.029504411608765,27.599846,11.918747,2008
21459,r3i1p1f1,2008,10,02,0.0,27.188255,12.427197,2008
21460,r3i1p1f1,2008,10,03,0.0,25.827173,10.585511,2008
21461,r3i1p1f1,2008,10,04,0.19159278806335733,18.355669,8.391309,2008
21462,r3i1p1f1,2008,10,05,0.0,19.815916,6.459166,2008
21463,r3i1p1f1,2008,10,06,0.0,23.39272,7.1016746,2008
21464,r3i1p1f1,2008,10,07,0.0,25.139685,9.399186,2008
21465,r3i1p1f1,2008,10,08,0.0,26.87654,10.181747,2008
21466,r3i1p1f1,2008,10,09,0.0,28.52521,12.081681,2008
21467,r3i1p1f1,2008,10,10,0.0,28.221653,12.067177,2008
21468,r3i1p1f1,2008,10,11,0.0,27.217318,11.244857,2008
21469,r3i1p1f1,2008,10,12,0.0,27.007631,10.2401705,2008
21470,r3i1p1f1,2008,10,13,0.0,26.377193,10.763441,2008
21471,r3i1p1f1,2008,10,14,0.0,23.325403,10.08292,2008
21472,r3i1p1f1,2008,10,15,0.0,25.07388,10.39045,2008
21473,r3i1p1f1,2008,10,16,0.0,24.825687,8.526554,2008
21474,r3i1p1f1,2008,10,17,0.0,24.696842,8.517688,2008
21475,r3i1p1f1,2008,10,18,0.0,25.261574,9.79885,2008
21476,r3i1p1f1,2008,10,19,0.0,25.67195,10.08552,2008
21477,r3i1p1f1,2008,10,20,0.0,24.591755,9.631063,2008
21478,r3i1p1f1,2008,10,21,0.0,20.583664,6.984038,2008
21479,r3i1p1f1,2008,10,22,0.0,17.4646,1.4066086,2008
21480,r3i1p1f1,2008,10,23,0.466113831115715,13.606245,0.9937964,2008
21481,r3i1p1f1,2008,10,24,0.0,14.071047,2.23163,2008
21482,r3i1p1f1,2008,10,25,0.0,18.897081,7.1151686,2008
21483,r3i1p1f1,2008,10,26,0.0,23.422733,6.775661,2008
21484,r3i1p1f1,2008,10,27,0.0,25.69516,8.314155,2008
21485,r3i1p1f1,2008,10,28,0.0,25.285994,10.458605,2008
21486,r3i1p1f1,2008,10,29,0.0,26.5297,10.449729,2008
21487,r3i1p1f1,2008,10,30,0.0,26.896881,11.515285,2008
21488,r3i1p1f1,2008,10,31,0.0,25.838606,8.970795,2008
21489,r3i1p1f1,2008,11,01,0.0,20.205742,6.117921,2008
21490,r3i1p1f1,2008,11,02,0.0,19.712831,3.8727818,2008
21491,r3i1p1f1,2008,11,03,0.0,20.419968,4.805926,2008
21492,r3i1p1f1,2008,11,04,0.0,23.804405,7.256335,2008
21493,r3i1p1f1,2008,11,05,0.0,27.512573,9.819241,2008
21494,r3i1p1f1,2008,11,06,0.0,28.286018,9.529757,2008
21495,r3i1p1f1,2008,11,07,0.0,26.426428,10.098962,2008
21496,r3i1p1f1,2008,11,08,0.0,24.525993,9.618577,2008
21497,r3i1p1f1,2008,11,09,4.1468913444412845,20.912373,8.615874,2008
21498,r3i1p1f1,2008,11,10,48.62110743201092,9.836658,3.574253,2008
21499,r3i1p1f1,2008,11,11,56.80793777696396,13.180696,5.5828094,2008
21500,r3i1p1f1,2008,11,12,27.367147333356307,11.392991,6.604799,2008
21501,r3i1p1f1,2008,11,13,17.280104190056015,11.751727,3.090005,2008
21502,r3i1p1f1,2008,11,14,0.0,10.221971,-2.5351264,2008
21503,r3i1p1f1,2008,11,15,0.0,9.067809,-4.396525,2008
21504,r3i1p1f1,2008,11,16,0.0,7.7351613,-3.396048,2008
21505,r3i1p1f1,2008,11,17,0.0,6.0179806,-4.654357,2008
21506,r3i1p1f1,2008,11,18,0.00871919374300265,6.1433196,-5.1637173,2008
21507,r3i1p1f1,2008,11,19,0.0,10.420887,-4.18552,2008
21508,r3i1p1f1,2008,11,20,0.0,13.966984,-1.1708878,2008
21509,r3i1p1f1,2008,11,21,0.0,13.852484,-0.85992706,2008
21510,r3i1p1f1,2008,11,22,0.0,12.248355,1.3071914,2008
21511,r3i1p1f1,2008,11,23,0.0,13.340637,-0.45875856,2008
21512,r3i1p1f1,2008,11,24,0.0,14.5417185,-0.87408394,2008
21513,r3i1p1f1,2008,11,25,0.0,16.963312,1.4775283,2008
21514,r3i1p1f1,2008,11,26,0.0,15.616382,4.1851263,2008
21515,r3i1p1f1,2008,11,27,0.0,14.698283,1.2472057,2008
21516,r3i1p1f1,2008,11,28,0.0,14.31803,0.31272742,2008
21517,r3i1p1f1,2008,11,29,1.1435128038436615,11.692102,1.4290369,2008
21518,r3i1p1f1,2008,11,30,69.21826099584761,7.686999,0.34572294,2008
21519,r3i1p1f1,2008,12,01,18.383810358844993,4.7476974,-3.7784722,2008
21520,r3i1p1f1,2008,12,02,12.303820436691717,5.1616254,-4.7474623,2008
21521,r3i1p1f1,2008,12,03,0.0,5.325731,-6.429848,2008
21522,r3i1p1f1,2008,12,04,47.81065252977178,4.0504913,-2.740756,2008
21523,r3i1p1f1,2008,12,05,97.57514609219997,5.0228577,1.1301724,2008
21524,r3i1p1f1,2008,12,06,109.08977316790505,6.96185,2.5758688,2008
21525,r3i1p1f1,2008,12,07,47.705066598657716,9.443103,4.270169,2008
21526,r3i1p1f1,2008,12,08,5.484100600963422,10.417304,3.746113,2008
21527,r3i1p1f1,2008,12,09,15.705751440423468,8.946384,1.8454449,2008
21528,r3i1p1f1,2008,12,10,89.11637690800585,11.42307,5.2366405,2008
21529,r3i1p1f1,2008,12,11,17.288272397892893,9.775747,0.49841356,2008
21530,r3i1p1f1,2008,12,12,31.635412445144826,5.79599,1.0924746,2008
21531,r3i1p1f1,2008,12,13,20.751703719265368,9.079463,2.0724175,2008
21532,r3i1p1f1,2008,12,14,0.0,13.506876,2.1778464,2008
21533,r3i1p1f1,2008,12,15,9.253601696170671,12.637498,5.0657287,2008
21534,r3i1p1f1,2008,12,16,0.7614162470226323,15.358479,8.03639,2008
21535,r3i1p1f1,2008,12,17,32.321348617858206,12.645867,4.736014,2008
21536,r3i1p1f1,2008,12,18,2.9966571406092903,10.588774,-1.4225613,2008
21537,r3i1p1f1,2008,12,19,0.0,13.7784,-0.02255963,2008
21538,r3i1p1f1,2008,12,20,0.0,11.756238,1.1490256,2008
21539,r3i1p1f1,2008,12,21,17.3183360530713,5.863071,-2.7078993,2008
21540,r3i1p1f1,2008,12,22,4.753043381252179,9.171675,-2.2124746,2008
21541,r3i1p1f1,2008,12,23,0.0,12.838222,0.19718602,2008
21542,r3i1p1f1,2008,12,24,0.0,13.22586,2.6936598,2008
21543,r3i1p1f1,2008,12,25,0.11256655776186993,12.747636,0.12861821,2008
21544,r3i1p1f1,2008,12,26,0.0,12.069124,1.5612208,2008
21545,r3i1p1f1,2008,12,27,3.8460896715007133,7.9248033,2.8144705,2008
21546,r3i1p1f1,2008,12,28,0.16429150954967267,8.514404,-2.3863575,2008
21547,r3i1p1f1,2008,12,29,0.0,6.1461635,-4.529296,2008
21548,r3i1p1f1,2008,12,30,0.0,3.605217,-6.2510757,2008
21549,r3i1p1f1,2008,12,31,0.0,2.2027266,-7.643077,2008
21550,r3i1p1f1,2009,01,01,17.457210847274645,3.6078947,-3.300112,2009
21551,r3i1p1f1,2009,01,02,0.0,9.469661,-0.8136822,2009
21552,r3i1p1f1,2009,01,03,0.0,10.417999,-1.2162056,2009
21553,r3i1p1f1,2009,01,04,0.0,7.1984615,-4.886945,2009
21554,r3i1p1f1,2009,01,05,0.0,9.382145,-3.291789,2009
21555,r3i1p1f1,2009,01,06,0.8972933270055555,11.079088,2.2756538,2009
21556,r3i1p1f1,2009,01,07,0.0,14.947491,0.6545655,2009
21557,r3i1p1f1,2009,01,08,0.0,16.174036,3.2614052,2009
21558,r3i1p1f1,2009,01,09,2.0203149101258817,12.5438,5.451211,2009
21559,r3i1p1f1,2009,01,10,26.6140385579906,7.387869,0.2925193,2009
21560,r3i1p1f1,2009,01,11,4.520255902925304,6.2485723,-1.7353909,2009
21561,r3i1p1f1,2009,01,12,26.702225298963878,4.974914,-1.3512713,2009
21562,r3i1p1f1,2009,01,13,70.9608375339916,5.6204677,0.874518,2009
21563,r3i1p1f1,2009,01,14,0.0,10.228386,0.22326803,2009
21564,r3i1p1f1,2009,01,15,1.0113052970011362,7.247929,0.29659456,2009
21565,r3i1p1f1,2009,01,16,6.290542752647429,5.9598002,-0.18567626,2009
21566,r3i1p1f1,2009,01,17,23.97937116972906,6.486403,1.3058167,2009
21567,r3i1p1f1,2009,01,18,0.0,13.067207,-0.2657384,2009
21568,r3i1p1f1,2009,01,19,0.0,13.881016,0.9445933,2009
21569,r3i1p1f1,2009,01,20,2.0698276542948166,10.947256,2.754837,2009
21570,r3i1p1f1,2009,01,21,1.9821944136358645,10.590962,-0.22646458,2009
21571,r3i1p1f1,2009,01,22,10.442226645107823,8.870618,2.243627,2009
21572,r3i1p1f1,2009,01,23,28.41392737372141,6.3839116,0.484802,2009
21573,r3i1p1f1,2009,01,24,0.0,10.091914,0.63703394,2009
21574,r3i1p1f1,2009,01,25,30.210984939415205,7.4431806,2.0367656,2009
21575,r3i1p1f1,2009,01,26,0.0,14.085037,3.3832147,2009
21576,r3i1p1f1,2009,01,27,0.0,16.163301,4.3898187,2009
21577,r3i1p1f1,2009,01,28,0.0,19.21985,5.28907,2009
21578,r3i1p1f1,2009,01,29,0.0,17.330173,6.5146904,2009
21579,r3i1p1f1,2009,01,30,0.0,15.093633,2.9460838,2009
21580,r3i1p1f1,2009,01,31,0.0,10.641339,-1.0763534,2009
21581,r3i1p1f1,2009,02,01,0.0,8.6201725,-2.9624789,2009
21582,r3i1p1f1,2009,02,02,0.0,12.475423,-0.87531334,2009
21583,r3i1p1f1,2009,02,03,0.0,15.611159,1.4382601,2009
21584,r3i1p1f1,2009,02,04,0.0,16.705406,3.866059,2009
21585,r3i1p1f1,2009,02,05,0.0,16.783907,3.5183122,2009
21586,r3i1p1f1,2009,02,06,0.0,16.486723,2.570376,2009
21587,r3i1p1f1,2009,02,07,0.0,17.24588,3.4217448,2009
21588,r3i1p1f1,2009,02,08,0.0,18.6463,3.4751225,2009
21589,r3i1p1f1,2009,02,09,0.0,20.967943,3.6716933,2009
21590,r3i1p1f1,2009,02,10,0.0,22.42301,6.3189125,2009
21591,r3i1p1f1,2009,02,11,0.0,21.490324,6.3832703,2009
21592,r3i1p1f1,2009,02,12,0.0,20.803717,5.819705,2009
21593,r3i1p1f1,2009,02,13,0.0,21.551699,5.127078,2009
21594,r3i1p1f1,2009,02,14,0.0,21.511574,6.142416,2009
21595,r3i1p1f1,2009,02,15,0.0,18.478794,5.2324376,2009
21596,r3i1p1f1,2009,02,16,0.0,18.438408,5.55657,2009
21597,r3i1p1f1,2009,02,17,0.0,17.465738,4.0782146,2009
21598,r3i1p1f1,2009,02,18,0.0,17.244408,3.3519213,2009
21599,r3i1p1f1,2009,02,19,0.0,16.857603,3.5928946,2009
21600,r3i1p1f1,2009,02,20,0.4604810226354809,14.537039,3.5304904,2009
21601,r3i1p1f1,2009,02,21,20.028876955620944,12.515025,1.5146815,2009
21602,r3i1p1f1,2009,02,22,34.118020159535504,11.359909,3.4925184,2009
21603,r3i1p1f1,2009,02,23,88.88939683766742,10.205339,1.0048052,2009
21604,r3i1p1f1,2009,02,24,9.548341106978784,2.3532526,-8.718637,2009
21605,r3i1p1f1,2009,02,25,10.302388767243093,-0.1863207,-8.146582,2009
21606,r3i1p1f1,2009,02,26,2.9646612789771383,6.1901045,-4.0815578,2009
21607,r3i1p1f1,2009,02,27,61.960349847121456,6.226969,1.3461608,2009
21608,r3i1p1f1,2009,02,28,46.60998224525859,3.369766,-3.4255285,2009
21609,r3i1p1f1,2009,03,01,7.935067997392539,2.3108273,-8.722542,2009
21610,r3i1p1f1,2009,03,02,15.410516071010774,2.4275143,-4.461916,2009
21611,r3i1p1f1,2009,03,03,27.88958869090206,2.3714,-5.407317,2009
21612,r3i1p1f1,2009,03,04,24.50197969293712,2.5952017,-3.3804088,2009
21613,r3i1p1f1,2009,03,05,4.130592122926732,4.7763033,-7.626068,2009
21614,r3i1p1f1,2009,03,06,0.015428244736731836,8.359202,-4.189342,2009
21615,r3i1p1f1,2009,03,07,6.664113733763531,5.878951,-3.8045661,2009
21616,r3i1p1f1,2009,03,08,0.065796684487539,9.448938,-5.8773193,2009
21617,r3i1p1f1,2009,03,09,0.0,10.383145,-3.031411,2009
21618,r3i1p1f1,2009,03,10,0.02029771954096903,10.336605,-2.18281,2009
21619,r3i1p1f1,2009,03,11,0.0,14.36733,-2.4533768,2009
21620,r3i1p1f1,2009,03,12,0.0,13.080573,-1.1478734,2009
21621,r3i1p1f1,2009,03,13,5.513270041831818,9.45257,2.2456965,2009
21622,r3i1p1f1,2009,03,14,0.0,10.742637,1.1158803,2009
21623,r3i1p1f1,2009,03,15,4.950486296614767,6.5386405,-3.0304785,2009
21624,r3i1p1f1,2009,03,16,7.954235691527413,3.4499407,-6.595559,2009
21625,r3i1p1f1,2009,03,17,0.0,6.444203,-6.8561835,2009
21626,r3i1p1f1,2009,03,18,0.0,9.229018,-4.8259892,2009
21627,r3i1p1f1,2009,03,19,0.0,12.1874695,-4.1016846,2009
21628,r3i1p1f1,2009,03,20,0.0,14.203589,-2.2983909,2009
21629,r3i1p1f1,2009,03,21,0.0,13.962473,1.6108451,2009
21630,r3i1p1f1,2009,03,22,0.0,13.9939785,-0.41827977,2009
21631,r3i1p1f1,2009,03,23,38.40447737786331,9.647466,-1.0654858,2009
21632,r3i1p1f1,2009,03,24,8.297099626093098,5.540537,-3.272644,2009
21633,r3i1p1f1,2009,03,25,41.40050864263781,3.9869308,-2.4559586,2009
21634,r3i1p1f1,2009,03,26,16.32776997683227,1.1880404,-7.8921213,2009
21635,r3i1p1f1,2009,03,27,98.99898722375694,1.769762,-2.9385445,2009
21636,r3i1p1f1,2009,03,28,2.9083398636047555,2.7038674,-7.8704453,2009
21637,r3i1p1f1,2009,03,29,0.0,6.329565,-10.106572,2009
21638,r3i1p1f1,2009,03,30,1.8572741328075368,4.9461536,-1.6527889,2009
21639,r3i1p1f1,2009,03,31,0.0,9.144909,-7.301807,2009
21640,r3i1p1f1,2009,04,01,5.622665294044725,4.693969,-8.481978,2009
21641,r3i1p1f1,2009,04,02,0.6703255202553823,4.23033,-7.7799664,2009
21642,r3i1p1f1,2009,04,03,0.0,7.034519,-6.9139776,2009
21643,r3i1p1f1,2009,04,04,0.0,12.24116,-4.1555676,2009
21644,r3i1p1f1,2009,04,05,0.0,18.041342,1.462172,2009
21645,r3i1p1f1,2009,04,06,0.0,17.372288,3.466161,2009
21646,r3i1p1f1,2009,04,07,0.0,15.564808,3.6513412,2009
21647,r3i1p1f1,2009,04,08,0.0,18.380424,2.617346,2009
21648,r3i1p1f1,2009,04,09,0.0,22.291956,5.548517,2009
21649,r3i1p1f1,2009,04,10,0.0,24.755882,6.875245,2009
21650,r3i1p1f1,2009,04,11,0.0,24.929207,7.312007,2009
21651,r3i1p1f1,2009,04,12,0.0,25.752676,8.278207,2009
21652,r3i1p1f1,2009,04,13,0.0,25.512514,9.607393,2009
21653,r3i1p1f1,2009,04,14,0.0,24.841675,9.083237,2009
21654,r3i1p1f1,2009,04,15,0.0,24.066198,10.350931,2009
21655,r3i1p1f1,2009,04,16,0.0,22.737972,10.171815,2009
21656,r3i1p1f1,2009,04,17,0.42838821656053033,20.510065,6.6072497,2009
21657,r3i1p1f1,2009,04,18,0.0,18.790464,3.6985307,2009
21658,r3i1p1f1,2009,04,19,0.0,17.360584,3.1171718,2009
21659,r3i1p1f1,2009,04,20,0.3054626231651606,13.812896,1.1491393,2009
21660,r3i1p1f1,2009,04,21,0.5282482127720294,9.121819,-1.1910866,2009
21661,r3i1p1f1,2009,04,22,0.18946019023898866,10.571234,-2.4807355,2009
21662,r3i1p1f1,2009,04,23,0.0,15.532091,-0.19202279,2009
21663,r3i1p1f1,2009,04,24,0.0,16.000488,0.9391218,2009
21664,r3i1p1f1,2009,04,25,0.0,19.53579,2.9751391,2009
21665,r3i1p1f1,2009,04,26,0.0,17.633589,2.5406003,2009
21666,r3i1p1f1,2009,04,27,5.411021386757248,12.189692,1.7415693,2009
21667,r3i1p1f1,2009,04,28,44.88269524452718,10.83369,3.413255,2009
21668,r3i1p1f1,2009,04,29,102.35408296514498,9.303259,3.6611505,2009
21669,r3i1p1f1,2009,04,30,8.416178680674516,6.7760625,-6.499606,2009
21670,r3i1p1f1,2009,05,01,0.0,12.167305,-3.1922395,2009
21671,r3i1p1f1,2009,05,02,13.376638496074042,9.114571,0.118809156,2009
21672,r3i1p1f1,2009,05,03,0.14211684007788886,11.071563,-3.211635,2009
21673,r3i1p1f1,2009,05,04,0.0,13.749045,0.3514039,2009
21674,r3i1p1f1,2009,05,05,0.0,17.875053,3.1722908,2009
21675,r3i1p1f1,2009,05,06,0.0,23.097424,4.651979,2009
21676,r3i1p1f1,2009,05,07,0.0,25.378328,8.1814785,2009
21677,r3i1p1f1,2009,05,08,0.0,25.163382,10.903827,2009
21678,r3i1p1f1,2009,05,09,0.0,23.272844,9.794635,2009
21679,r3i1p1f1,2009,05,10,0.0,22.015781,6.5012193,2009
21680,r3i1p1f1,2009,05,11,0.0,20.294472,6.682247,2009
21681,r3i1p1f1,2009,05,12,0.0,16.967136,2.5413554,2009
21682,r3i1p1f1,2009,05,13,0.068951869357797,15.372032,0.55844694,2009
21683,r3i1p1f1,2009,05,14,0.0,18.679674,3.4871128,2009
21684,r3i1p1f1,2009,05,15,0.0,18.534548,3.6080432,2009
21685,r3i1p1f1,2009,05,16,0.0,15.673272,2.1826794,2009
21686,r3i1p1f1,2009,05,17,0.0,11.473361,-2.8893757,2009
21687,r3i1p1f1,2009,05,18,0.0,16.478422,0.7287704,2009
21688,r3i1p1f1,2009,05,19,0.0,23.948244,5.5418954,2009
21689,r3i1p1f1,2009,05,20,0.0,25.273027,9.378122,2009
21690,r3i1p1f1,2009,05,21,0.0038434674742778667,25.208117,8.979838,2009
21691,r3i1p1f1,2009,05,22,2.1497220937530264,19.728355,6.7180963,2009
21692,r3i1p1f1,2009,05,23,0.00010749015353595544,20.400217,7.7328386,2009
21693,r3i1p1f1,2009,05,24,0.0,22.018839,6.8500166,2009
21694,r3i1p1f1,2009,05,25,0.12074164568203789,18.419476,5.6326737,2009
21695,r3i1p1f1,2009,05,26,0.02668001474567542,18.951542,5.550721,2009
21696,r3i1p1f1,2009,05,27,7.813629837044956,16.034586,3.584408,2009
21697,r3i1p1f1,2009,05,28,16.400601421360317,16.358994,2.702516,2009
21698,r3i1p1f1,2009,05,29,0.13850455748309431,23.588112,7.8328977,2009
21699,r3i1p1f1,2009,05,30,0.0,25.771427,10.212054,2009
21700,r3i1p1f1,2009,05,31,0.26331376192454053,26.020708,10.827159,2009
21701,r3i1p1f1,2009,06,01,14.742392826806999,22.999828,9.278883,2009
21702,r3i1p1f1,2009,06,02,42.72376334594906,18.751995,6.711734,2009
21703,r3i1p1f1,2009,06,03,30.530918702042026,16.243965,8.521722,2009
21704,r3i1p1f1,2009,06,04,2.179059620003069,17.783897,6.939619,2009
21705,r3i1p1f1,2009,06,05,0.0,18.180449,6.4401264,2009
21706,r3i1p1f1,2009,06,06,0.0,15.243841,2.8010862,2009
21707,r3i1p1f1,2009,06,07,0.0,21.969759,3.5214307,2009
21708,r3i1p1f1,2009,06,08,0.0,25.742836,8.056482,2009
21709,r3i1p1f1,2009,06,09,0.0,26.163807,9.963766,2009
21710,r3i1p1f1,2009,06,10,0.0,26.267544,10.940512,2009
21711,r3i1p1f1,2009,06,11,0.0,24.934736,10.911472,2009
21712,r3i1p1f1,2009,06,12,0.0,19.615398,5.39969,2009
21713,r3i1p1f1,2009,06,13,0.0,20.830002,4.6622405,2009
21714,r3i1p1f1,2009,06,14,0.0,21.312113,5.816517,2009
21715,r3i1p1f1,2009,06,15,0.0,23.532856,6.643486,2009
21716,r3i1p1f1,2009,06,16,0.0,23.440092,8.348751,2009
21717,r3i1p1f1,2009,06,17,0.008113119800231959,22.649866,8.165907,2009
21718,r3i1p1f1,2009,06,18,0.0,22.577139,7.410568,2009
21719,r3i1p1f1,2009,06,19,0.0,24.02892,8.875288,2009
21720,r3i1p1f1,2009,06,20,0.002970349726781837,24.745882,9.126153,2009
21721,r3i1p1f1,2009,06,21,2.4269532887142544,24.680605,10.172743,2009
21722,r3i1p1f1,2009,06,22,0.04303383052741226,24.033169,8.763453,2009
21723,r3i1p1f1,2009,06,23,0.0,26.775555,9.546981,2009
21724,r3i1p1f1,2009,06,24,0.0,26.511854,10.617935,2009
21725,r3i1p1f1,2009,06,25,0.0,25.775879,10.178438,2009
21726,r3i1p1f1,2009,06,26,0.0,24.4916,8.998567,2009
21727,r3i1p1f1,2009,06,27,0.0,24.478432,6.366804,2009
21728,r3i1p1f1,2009,06,28,0.0,25.259193,9.308129,2009
21729,r3i1p1f1,2009,06,29,0.0,25.298769,11.805708,2009
21730,r3i1p1f1,2009,06,30,0.0,26.864769,10.901691,2009
21731,r3i1p1f1,2009,07,01,0.0,28.505127,11.478641,2009
21732,r3i1p1f1,2009,07,02,0.024355236401836584,29.948023,13.821643,2009
21733,r3i1p1f1,2009,07,03,0.06628520250639044,31.436922,16.289284,2009
21734,r3i1p1f1,2009,07,04,0.19664854702760318,28.240585,13.892144,2009
21735,r3i1p1f1,2009,07,05,0.21105638803227952,26.128727,13.8066635,2009
21736,r3i1p1f1,2009,07,06,0.0,25.438501,10.482131,2009
21737,r3i1p1f1,2009,07,07,0.0,27.517015,11.094968,2009
21738,r3i1p1f1,2009,07,08,0.7859114919004864,29.247452,12.519874,2009
21739,r3i1p1f1,2009,07,09,0.0,30.35647,13.956013,2009
21740,r3i1p1f1,2009,07,10,0.0,30.640217,14.625281,2009
21741,r3i1p1f1,2009,07,11,0.0,30.033905,13.080906,2009
21742,r3i1p1f1,2009,07,12,0.0,25.625753,10.636469,2009
21743,r3i1p1f1,2009,07,13,0.0,25.388983,9.372805,2009
21744,r3i1p1f1,2009,07,14,0.0,25.16707,10.713218,2009
21745,r3i1p1f1,2009,07,15,0.0,24.410229,8.913772,2009
21746,r3i1p1f1,2009,07,16,0.0,22.45528,8.017761,2009
21747,r3i1p1f1,2009,07,17,0.0,24.522898,7.46972,2009
21748,r3i1p1f1,2009,07,18,0.0,30.844206,11.713626,2009
21749,r3i1p1f1,2009,07,19,0.0,33.868782,15.522605,2009
21750,r3i1p1f1,2009,07,20,0.0,33.52783,17.078043,2009
21751,r3i1p1f1,2009,07,21,0.051692643750069885,32.970127,17.326435,2009
21752,r3i1p1f1,2009,07,22,0.0,33.09186,15.793525,2009
21753,r3i1p1f1,2009,07,23,0.00026165576663946633,34.339504,16.745468,2009
21754,r3i1p1f1,2009,07,24,0.0,35.461853,16.900536,2009
21755,r3i1p1f1,2009,07,25,0.0,35.984146,18.351866,2009
21756,r3i1p1f1,2009,07,26,0.0,35.876907,18.909018,2009
21757,r3i1p1f1,2009,07,27,0.01758994966573817,34.038643,16.349932,2009
21758,r3i1p1f1,2009,07,28,0.007412486885234677,30.814259,14.073276,2009
21759,r3i1p1f1,2009,07,29,0.0,30.197384,14.518454,2009
21760,r3i1p1f1,2009,07,30,0.07582132085716646,30.355982,14.717932,2009
21761,r3i1p1f1,2009,07,31,0.18617333959187626,30.285095,15.119776,2009
21762,r3i1p1f1,2009,08,01,0.007678597160664044,27.761036,13.363931,2009
21763,r3i1p1f1,2009,08,02,0.0,25.04086,8.514646,2009
21764,r3i1p1f1,2009,08,03,0.0,24.030293,9.003964,2009
21765,r3i1p1f1,2009,08,04,0.0,25.558823,9.069245,2009
21766,r3i1p1f1,2009,08,05,0.0,28.95167,10.74381,2009
21767,r3i1p1f1,2009,08,06,0.0,31.358007,13.022945,2009
21768,r3i1p1f1,2009,08,07,0.0,32.759945,14.462034,2009
21769,r3i1p1f1,2009,08,08,0.0,32.326965,15.274599,2009
21770,r3i1p1f1,2009,08,09,0.0,31.11769,14.474351,2009
21771,r3i1p1f1,2009,08,10,0.022553792836046534,30.547083,14.14085,2009
21772,r3i1p1f1,2009,08,11,0.0,30.832338,13.880233,2009
21773,r3i1p1f1,2009,08,12,0.0,29.918566,13.804174,2009
21774,r3i1p1f1,2009,08,13,0.0,28.43437,11.715417,2009
21775,r3i1p1f1,2009,08,14,0.0,27.116762,10.475916,2009
21776,r3i1p1f1,2009,08,15,0.0,25.043707,9.438597,2009
21777,r3i1p1f1,2009,08,16,0.0,28.188131,10.173445,2009
21778,r3i1p1f1,2009,08,17,0.0,28.678747,12.232422,2009
21779,r3i1p1f1,2009,08,18,0.0,30.77276,13.353292,2009
21780,r3i1p1f1,2009,08,19,0.0,30.706436,14.507542,2009
21781,r3i1p1f1,2009,08,20,0.0,29.737232,14.144701,2009
21782,r3i1p1f1,2009,08,21,0.0,25.950996,10.977967,2009
21783,r3i1p1f1,2009,08,22,0.0,23.962042,11.54064,2009
21784,r3i1p1f1,2009,08,23,0.0,22.33278,9.198268,2009
21785,r3i1p1f1,2009,08,24,0.0,24.11853,8.189971,2009
21786,r3i1p1f1,2009,08,25,0.0,24.681156,9.090552,2009
21787,r3i1p1f1,2009,08,26,0.0,23.994474,8.705243,2009
21788,r3i1p1f1,2009,08,27,0.0,25.520288,7.8578367,2009
21789,r3i1p1f1,2009,08,28,0.0,26.683205,8.861295,2009
21790,r3i1p1f1,2009,08,29,0.7795906527606252,25.742832,10.209441,2009
21791,r3i1p1f1,2009,08,30,0.8831530689349165,24.026281,10.306666,2009
21792,r3i1p1f1,2009,08,31,1.2323102167053883,27.417788,9.898673,2009
21793,r3i1p1f1,2009,09,01,0.0,28.9545,11.859543,2009
21794,r3i1p1f1,2009,09,02,0.0,29.342928,13.441722,2009
21795,r3i1p1f1,2009,09,03,0.0,29.734447,13.840834,2009
21796,r3i1p1f1,2009,09,04,0.0,30.257324,13.2644825,2009
21797,r3i1p1f1,2009,09,05,0.0,29.2934,13.946182,2009
21798,r3i1p1f1,2009,09,06,0.0,27.570534,11.67444,2009
21799,r3i1p1f1,2009,09,07,0.0,29.563906,12.353007,2009
21800,r3i1p1f1,2009,09,08,0.0,28.807693,13.821602,2009
21801,r3i1p1f1,2009,09,09,0.0,29.182098,12.961108,2009
21802,r3i1p1f1,2009,09,10,0.0,30.555197,13.764717,2009
21803,r3i1p1f1,2009,09,11,0.0,29.811892,15.277854,2009
21804,r3i1p1f1,2009,09,12,0.0,29.29649,13.277273,2009
21805,r3i1p1f1,2009,09,13,0.0,26.09249,10.262544,2009
21806,r3i1p1f1,2009,09,14,0.0,28.361084,10.743821,2009
21807,r3i1p1f1,2009,09,15,0.0,29.35911,12.101707,2009
21808,r3i1p1f1,2009,09,16,0.0,29.125933,12.519409,2009
21809,r3i1p1f1,2009,09,17,0.0,28.307877,10.843244,2009
21810,r3i1p1f1,2009,09,18,0.0,26.878227,10.690765,2009
21811,r3i1p1f1,2009,09,19,0.0,26.814278,12.459892,2009
21812,r3i1p1f1,2009,09,20,0.0,24.540564,12.952993,2009
21813,r3i1p1f1,2009,09,21,0.0,21.658583,11.9801855,2009
21814,r3i1p1f1,2009,09,22,0.0,26.675247,11.48083,2009
21815,r3i1p1f1,2009,09,23,0.0,27.667934,11.596848,2009
21816,r3i1p1f1,2009,09,24,0.0,27.179512,12.68604,2009
21817,r3i1p1f1,2009,09,25,0.0,20.869421,6.5519614,2009
21818,r3i1p1f1,2009,09,26,0.0,16.872362,2.0528924,2009
21819,r3i1p1f1,2009,09,27,0.0,19.45086,3.515852,2009
21820,r3i1p1f1,2009,09,28,0.0,19.193735,5.16265,2009
21821,r3i1p1f1,2009,09,29,0.9788606179618479,16.630339,2.9843779,2009
21822,r3i1p1f1,2009,09,30,0.0,11.300144,-1.5772586,2009
21823,r3i1p1f1,2009,10,01,0.0,16.624184,1.3550949,2009
21824,r3i1p1f1,2009,10,02,0.0,21.479277,4.4102125,2009
21825,r3i1p1f1,2009,10,03,0.0,23.625225,7.0691085,2009
21826,r3i1p1f1,2009,10,04,0.0,24.219776,8.22796,2009
21827,r3i1p1f1,2009,10,05,0.0,22.54165,8.662092,2009
21828,r3i1p1f1,2009,10,06,0.0,21.796871,5.7717085,2009
21829,r3i1p1f1,2009,10,07,0.0,22.831118,5.628315,2009
21830,r3i1p1f1,2009,10,08,0.0,21.664448,7.586559,2009
21831,r3i1p1f1,2009,10,09,0.0,20.24523,7.1489496,2009
21832,r3i1p1f1,2009,10,10,0.0,19.750507,3.9938047,2009
21833,r3i1p1f1,2009,10,11,0.0,21.82201,5.4490285,2009
21834,r3i1p1f1,2009,10,12,0.0,22.498547,6.6330075,2009
21835,r3i1p1f1,2009,10,13,0.0,24.182014,8.014387,2009
21836,r3i1p1f1,2009,10,14,0.0,23.910688,8.164134,2009
21837,r3i1p1f1,2009,10,15,0.0,23.01912,9.289967,2009
21838,r3i1p1f1,2009,10,16,5.256358099991064,19.452238,8.353101,2009
21839,r3i1p1f1,2009,10,17,21.840794339138817,18.278677,9.640021,2009
21840,r3i1p1f1,2009,10,18,0.04314354798560472,16.422682,2.8105106,2009
21841,r3i1p1f1,2009,10,19,4.336230258080545,13.487011,4.2762575,2009
21842,r3i1p1f1,2009,10,20,0.0,10.997056,-0.9241425,2009
21843,r3i1p1f1,2009,10,21,0.0,16.561945,0.45698354,2009
21844,r3i1p1f1,2009,10,22,0.0,21.02193,3.1367805,2009
21845,r3i1p1f1,2009,10,23,0.0,22.615843,5.1846027,2009
21846,r3i1p1f1,2009,10,24,0.0,23.377186,5.7861466,2009
21847,r3i1p1f1,2009,10,25,0.0,21.798016,6.4967537,2009
21848,r3i1p1f1,2009,10,26,0.31243084597104154,14.973281,0.39965048,2009
21849,r3i1p1f1,2009,10,27,0.0,10.475335,-3.0759835,2009
21850,r3i1p1f1,2009,10,28,0.0,10.580951,-2.407011,2009
21851,r3i1p1f1,2009,10,29,0.3484526113377222,9.0041895,-2.7744374,2009
21852,r3i1p1f1,2009,10,30,0.0,12.070008,-1.7678037,2009
21853,r3i1p1f1,2009,10,31,0.0,14.041575,-1.6012393,2009
21854,r3i1p1f1,2009,11,01,3.3425644315636753,10.254235,1.6972549,2009
21855,r3i1p1f1,2009,11,02,0.9115669813916994,5.7325454,-5.3371873,2009
21856,r3i1p1f1,2009,11,03,0.0,11.025864,-3.0432985,2009
21857,r3i1p1f1,2009,11,04,0.0,14.67187,0.63030374,2009
21858,r3i1p1f1,2009,11,05,0.0,14.916107,4.135304,2009
21859,r3i1p1f1,2009,11,06,6.861274929217057,12.49994,2.0615525,2009
21860,r3i1p1f1,2009,11,07,13.67784394257653,10.463559,-3.4535587,2009
21861,r3i1p1f1,2009,11,08,0.0,1.3043705,-7.4036875,2009
21862,r3i1p1f1,2009,11,09,10.495524490742307,-0.21392407,-5.6641216,2009
21863,r3i1p1f1,2009,11,10,0.012837011079107853,0.72521055,-11.830073,2009
21864,r3i1p1f1,2009,11,11,0.0,3.7427313,-11.183119,2009
21865,r3i1p1f1,2009,11,12,0.0,8.502982,-7.7288656,2009
21866,r3i1p1f1,2009,11,13,0.0,13.50622,-4.7019625,2009
21867,r3i1p1f1,2009,11,14,0.0,16.790277,2.5360785,2009
21868,r3i1p1f1,2009,11,15,0.0,19.834663,6.782688,2009
21869,r3i1p1f1,2009,11,16,0.0,17.678984,6.5147114,2009
21870,r3i1p1f1,2009,11,17,0.0,17.234732,3.146718,2009
21871,r3i1p1f1,2009,11,18,0.0,15.803609,4.9978786,2009
21872,r3i1p1f1,2009,11,19,27.2083423958209,11.250503,4.7063966,2009
21873,r3i1p1f1,2009,11,20,10.090476317073856,11.525428,2.0750554,2009
21874,r3i1p1f1,2009,11,21,0.0,18.119137,1.7793798,2009
21875,r3i1p1f1,2009,11,22,0.0,22.480223,4.457465,2009
21876,r3i1p1f1,2009,11,23,0.1048059198135314,17.922983,8.000344,2009
21877,r3i1p1f1,2009,11,24,7.368960073194773,12.457916,5.0385914,2009
21878,r3i1p1f1,2009,11,25,0.0,13.47777,2.0358021,2009
21879,r3i1p1f1,2009,11,26,0.0,14.072661,0.791022,2009
21880,r3i1p1f1,2009,11,27,13.106274807758286,11.452257,1.490023,2009
21881,r3i1p1f1,2009,11,28,9.968184215617121,8.272816,-1.6363409,2009
21882,r3i1p1f1,2009,11,29,2.599400746648347,7.7459126,-1.6324751,2009
21883,r3i1p1f1,2009,11,30,48.25258514549779,6.7795916,0.8319136,2009
21884,r3i1p1f1,2009,12,01,0.0,4.8669486,-7.2477026,2009
21885,r3i1p1f1,2009,12,02,17.17395115655994,0.6800058,-6.8989854,2009
21886,r3i1p1f1,2009,12,03,5.120826860289334,0.698028,-8.896263,2009
21887,r3i1p1f1,2009,12,04,0.0,6.225247,-8.054464,2009
21888,r3i1p1f1,2009,12,05,0.0,6.043093,-9.429033,2009
21889,r3i1p1f1,2009,12,06,0.0,1.5928729,-10.275494,2009
21890,r3i1p1f1,2009,12,07,0.0,1.4242053,-12.008203,2009
21891,r3i1p1f1,2009,12,08,0.0,4.1016564,-10.361867,2009
21892,r3i1p1f1,2009,12,09,0.0,8.575453,-6.04073,2009
21893,r3i1p1f1,2009,12,10,0.0,14.76582,-2.939271,2009
21894,r3i1p1f1,2009,12,11,0.0,14.42615,-1.1616825,2009
21895,r3i1p1f1,2009,12,12,0.0,13.981769,-0.77288866,2009
21896,r3i1p1f1,2009,12,13,0.0,16.428461,2.3040662,2009
21897,r3i1p1f1,2009,12,14,0.0,14.779287,4.122248,2009
21898,r3i1p1f1,2009,12,15,27.783445912217232,9.300301,4.5424747,2009
21899,r3i1p1f1,2009,12,16,9.445628663448396,7.5993085,0.5718633,2009
21900,r3i1p1f1,2009,12,17,52.7467371981689,7.271472,-0.7838725,2009
21901,r3i1p1f1,2009,12,18,9.50605979305692,3.0373359,-6.119826,2009
21902,r3i1p1f1,2009,12,19,3.3029399596240467,0.56846344,-5.1832285,2009
21903,r3i1p1f1,2009,12,20,0.0,3.6576295,-10.559968,2009
21904,r3i1p1f1,2009,12,21,0.0,2.028048,-6.466254,2009
21905,r3i1p1f1,2009,12,22,0.0,0.6041412,-10.5440855,2009
21906,r3i1p1f1,2009,12,23,0.0,-0.6153043,-13.326469,2009
21907,r3i1p1f1,2009,12,24,0.0,-2.1276176,-13.545365,2009
21908,r3i1p1f1,2009,12,25,0.0,1.8226727,-9.625954,2009
21909,r3i1p1f1,2009,12,26,0.0,2.636136,-10.988471,2009
21910,r3i1p1f1,2009,12,27,0.0,4.285867,-7.0825624,2009
21911,r3i1p1f1,2009,12,28,0.0,6.2472034,-7.565947,2009
21912,r3i1p1f1,2009,12,29,0.0,5.490714,-6.263429,2009
21913,r3i1p1f1,2009,12,30,9.594677650028117,0.42592913,-9.802281,2009
21914,r3i1p1f1,2009,12,31,23.33084026046747,-1.4166995,-5.1348715,2009
21915,r3i1p1f1,2010,01,01,2.063682833910494,2.0282845,-6.740353,2010
21916,r3i1p1f1,2010,01,02,0.0,6.658306,-6.9849763,2010
21917,r3i1p1f1,2010,01,03,0.0,7.572923,-4.201718,2010
21918,r3i1p1f1,2010,01,04,6.023111229488246,6.907651,-1.5158691,2010
21919,r3i1p1f1,2010,01,05,35.6831972046118,9.793897,2.4251697,2010
21920,r3i1p1f1,2010,01,06,28.249637278924254,8.9856415,3.772337,2010
21921,r3i1p1f1,2010,01,07,19.128306604015005,8.173535,1.5330093,2010
21922,r3i1p1f1,2010,01,08,0.0,10.321829,-2.019156,2010
21923,r3i1p1f1,2010,01,09,0.0,5.9513044,-4.4371448,2010
21924,r3i1p1f1,2010,01,10,0.0,9.363557,-2.92552,2010
21925,r3i1p1f1,2010,01,11,0.0,9.381702,-3.3055792,2010
21926,r3i1p1f1,2010,01,12,0.0,9.317744,-2.6252751,2010
21927,r3i1p1f1,2010,01,13,0.0,9.634467,-0.38231897,2010
21928,r3i1p1f1,2010,01,14,0.13000927712327162,9.3814335,1.150585,2010
21929,r3i1p1f1,2010,01,15,41.60151136242539,8.74572,-0.7197044,2010
21930,r3i1p1f1,2010,01,16,0.0,8.41189,-5.3999405,2010
21931,r3i1p1f1,2010,01,17,0.0,10.2911,-2.7289286,2010
21932,r3i1p1f1,2010,01,18,0.0,9.159852,-3.785973,2010
21933,r3i1p1f1,2010,01,19,0.0,7.36354,-4.6371174,2010
21934,r3i1p1f1,2010,01,20,0.0,8.799281,-3.0511413,2010
21935,r3i1p1f1,2010,01,21,0.0,9.5173855,-5.040934,2010
21936,r3i1p1f1,2010,01,22,0.0,10.300167,-1.5161799,2010
21937,r3i1p1f1,2010,01,23,0.0,10.81216,-3.1456883,2010
21938,r3i1p1f1,2010,01,24,72.62132728080216,5.5042806,0.35571122,2010
21939,r3i1p1f1,2010,01,25,46.82858681159192,5.094006,0.7451465,2010
21940,r3i1p1f1,2010,01,26,3.2614172399534205,6.2175226,-2.7727413,2010
21941,r3i1p1f1,2010,01,27,0.0,8.938062,-3.9489229,2010
21942,r3i1p1f1,2010,01,28,0.0,5.1241393,-6.2670956,2010
21943,r3i1p1f1,2010,01,29,8.582903814538824,1.4432945,-8.651249,2010
21944,r3i1p1f1,2010,01,30,0.0,2.051125,-10.534442,2010
21945,r3i1p1f1,2010,01,31,1.3551617741445385,1.4067078,-7.6264,2010
21946,r3i1p1f1,2010,02,01,13.530017869350942,-2.246194,-9.60019,2010
21947,r3i1p1f1,2010,02,02,0.23784884443126716,-1.9656911,-12.760782,2010
21948,r3i1p1f1,2010,02,03,0.0,1.6410598,-12.140181,2010
21949,r3i1p1f1,2010,02,04,0.0,1.4362229,-9.778142,2010
21950,r3i1p1f1,2010,02,05,0.0,2.681417,-10.111745,2010
21951,r3i1p1f1,2010,02,06,0.0,8.885717,-7.1521287,2010
21952,r3i1p1f1,2010,02,07,0.0,11.073933,-2.088567,2010
21953,r3i1p1f1,2010,02,08,0.0,14.738235,-2.678248,2010
21954,r3i1p1f1,2010,02,09,0.0,15.824436,-2.8752842,2010
21955,r3i1p1f1,2010,02,10,0.0,16.18832,0.4702269,2010
21956,r3i1p1f1,2010,02,11,0.0,14.523544,1.028314,2010
21957,r3i1p1f1,2010,02,12,0.0,16.95186,4.2075357,2010
21958,r3i1p1f1,2010,02,13,0.0,16.333418,1.7573192,2010
21959,r3i1p1f1,2010,02,14,0.0,17.743864,1.908975,2010
21960,r3i1p1f1,2010,02,15,0.0,18.453281,2.6406796,2010
21961,r3i1p1f1,2010,02,16,0.0,17.811995,3.2993336,2010
21962,r3i1p1f1,2010,02,17,0.0,17.830349,3.117028,2010
21963,r3i1p1f1,2010,02,18,0.0,16.409128,4.311988,2010
21964,r3i1p1f1,2010,02,19,0.0,15.001008,2.450539,2010
21965,r3i1p1f1,2010,02,20,0.0,13.863115,2.2117794,2010
21966,r3i1p1f1,2010,02,21,0.0,13.177677,1.2195138,2010
21967,r3i1p1f1,2010,02,22,0.0,15.391349,0.9754314,2010
21968,r3i1p1f1,2010,02,23,0.0,14.947637,2.648319,2010
21969,r3i1p1f1,2010,02,24,7.691321927612941,11.3612,1.8777515,2010
21970,r3i1p1f1,2010,02,25,0.01120136910589951,15.140073,2.08386,2010
21971,r3i1p1f1,2010,02,26,0.0,16.954397,3.8138378,2010
21972,r3i1p1f1,2010,02,27,0.0,16.70879,3.9914963,2010
21973,r3i1p1f1,2010,02,28,0.0,15.662968,3.4253614,2010
21974,r3i1p1f1,2010,03,01,0.08578681374370047,14.776032,4.429919,2010
21975,r3i1p1f1,2010,03,02,0.0,14.42115,0.46733508,2010
21976,r3i1p1f1,2010,03,03,4.486912163376569,11.024789,3.49003,2010
21977,r3i1p1f1,2010,03,04,1.2175698118402292,11.805447,4.401685,2010
21978,r3i1p1f1,2010,03,05,3.8259486955595143,8.535975,-1.6881123,2010
21979,r3i1p1f1,2010,03,06,2.525755525283258,6.842245,-0.4296236,2010
21980,r3i1p1f1,2010,03,07,0.3311961491769915,9.848444,-1.6514275,2010
21981,r3i1p1f1,2010,03,08,0.8724876380591396,10.137753,0.023692051,2010
21982,r3i1p1f1,2010,03,09,20.115161560916977,10.217009,2.8289309,2010
21983,r3i1p1f1,2010,03,10,7.130875256437943,11.91553,3.3180573,2010
21984,r3i1p1f1,2010,03,11,45.37268375830823,9.1723585,4.289835,2010
21985,r3i1p1f1,2010,03,12,72.95756618443288,7.508029,2.4366333,2010
21986,r3i1p1f1,2010,03,13,18.372991507088667,4.9370747,-1.3503847,2010
21987,r3i1p1f1,2010,03,14,41.38871446791056,4.548349,-1.551231,2010
21988,r3i1p1f1,2010,03,15,52.530089123664716,4.2538295,-1.5130168,2010
21989,r3i1p1f1,2010,03,16,5.21266785853138,8.640551,-1.5785793,2010
21990,r3i1p1f1,2010,03,17,57.39009428867384,8.664727,1.2450929,2010
21991,r3i1p1f1,2010,03,18,58.21133252037199,9.23207,4.2150416,2010
21992,r3i1p1f1,2010,03,19,30.245432567684666,7.0791626,1.6607188,2010
21993,r3i1p1f1,2010,03,20,22.227892812071858,7.9931335,1.1903462,2010
21994,r3i1p1f1,2010,03,21,3.9519069189976253,8.678924,-0.25741547,2010
21995,r3i1p1f1,2010,03,22,47.90664302969449,6.330813,-0.20465808,2010
21996,r3i1p1f1,2010,03,23,8.146694307613775,6.540162,-2.3935275,2010
21997,r3i1p1f1,2010,03,24,0.0,14.509699,-1.7096965,2010
21998,r3i1p1f1,2010,03,25,0.0,16.181105,0.81231046,2010
21999,r3i1p1f1,2010,03,26,0.0,15.903408,4.950082,2010
22000,r3i1p1f1,2010,03,27,0.0,15.844106,3.6143804,2010
22001,r3i1p1f1,2010,03,28,0.0,17.479841,2.7168517,2010
22002,r3i1p1f1,2010,03,29,11.278175832060361,12.819116,0.7354875,2010
22003,r3i1p1f1,2010,03,30,9.605755130178295,10.280106,2.8824813,2010
22004,r3i1p1f1,2010,03,31,12.972401388871827,9.573442,-0.5505724,2010
22005,r3i1p1f1,2010,04,01,1.9478317152740936,10.108912,1.598788,2010
22006,r3i1p1f1,2010,04,02,32.76666979746599,11.0400505,2.4438066,2010
22007,r3i1p1f1,2010,04,03,63.61972062701457,9.861165,3.5341911,2010
22008,r3i1p1f1,2010,04,04,15.714603118555571,6.1426535,-3.236235,2010
22009,r3i1p1f1,2010,04,05,9.126495192207297,5.1635523,-1.7409755,2010
22010,r3i1p1f1,2010,04,06,0.0,13.791358,-1.7041061,2010
22011,r3i1p1f1,2010,04,07,0.0,17.73332,1.5876887,2010
22012,r3i1p1f1,2010,04,08,0.0,22.815828,4.820435,2010
22013,r3i1p1f1,2010,04,09,0.0,26.33521,9.389433,2010
22014,r3i1p1f1,2010,04,10,0.0,25.159664,12.023755,2010
22015,r3i1p1f1,2010,04,11,0.0,21.064682,6.0294995,2010
22016,r3i1p1f1,2010,04,12,0.0,21.70392,5.7857676,2010
22017,r3i1p1f1,2010,04,13,0.0,22.476591,5.7707705,2010
22018,r3i1p1f1,2010,04,14,0.0,21.130272,6.332744,2010
22019,r3i1p1f1,2010,04,15,0.13126919810402846,17.244097,5.332874,2010
22020,r3i1p1f1,2010,04,16,4.56088769110226,14.679855,0.29063782,2010
22021,r3i1p1f1,2010,04,17,6.628925096409052,13.857049,2.2841878,2010
22022,r3i1p1f1,2010,04,18,1.4944550746517244,10.185069,1.6053063,2010
22023,r3i1p1f1,2010,04,19,45.33718716059076,6.162733,0.9901427,2010
22024,r3i1p1f1,2010,04,20,2.4498960159402676,10.361082,-2.3577654,2010
22025,r3i1p1f1,2010,04,21,9.181216084337057,8.7441635,-0.4274135,2010
22026,r3i1p1f1,2010,04,22,0.0,11.145399,0.3825253,2010
22027,r3i1p1f1,2010,04,23,0.0,12.901389,1.7992612,2010
22028,r3i1p1f1,2010,04,24,8.320245135569406,9.3475895,1.4525447,2010
22029,r3i1p1f1,2010,04,25,0.0,11.355062,1.3380063,2010
22030,r3i1p1f1,2010,04,26,2.151195231463613,9.252071,-1.8750411,2010
22031,r3i1p1f1,2010,04,27,2.7843922674564006,8.636302,-4.6705813,2010
22032,r3i1p1f1,2010,04,28,0.01210067520763627,10.066773,-2.738967,2010
22033,r3i1p1f1,2010,04,29,4.192649705356943,8.895102,-0.04448273,2010
22034,r3i1p1f1,2010,04,30,9.783517309360354,9.26813,0.5052418,2010
22035,r3i1p1f1,2010,05,01,0.0,15.14961,-0.80396736,2010
22036,r3i1p1f1,2010,05,02,0.0,19.566076,3.2623413,2010
22037,r3i1p1f1,2010,05,03,0.0,23.878819,5.8153424,2010
22038,r3i1p1f1,2010,05,04,0.0,22.89937,8.744877,2010
22039,r3i1p1f1,2010,05,05,0.0,19.723372,4.5381975,2010
22040,r3i1p1f1,2010,05,06,0.0,18.898798,4.5715256,2010
22041,r3i1p1f1,2010,05,07,0.19309095828487588,13.533117,0.92755806,2010
22042,r3i1p1f1,2010,05,08,4.449272346870489,6.0509796,-6.0139303,2010
22043,r3i1p1f1,2010,05,09,2.501647434933387,4.8934703,-3.8638551,2010
22044,r3i1p1f1,2010,05,10,0.0,17.566294,0.43492022,2010
22045,r3i1p1f1,2010,05,11,0.0,18.151081,2.1437204,2010
22046,r3i1p1f1,2010,05,12,0.0,16.872469,5.218577,2010
22047,r3i1p1f1,2010,05,13,0.0,20.259506,2.7715962,2010
22048,r3i1p1f1,2010,05,14,0.0,25.292925,6.6883783,2010
22049,r3i1p1f1,2010,05,15,0.0,25.369951,8.891,2010
22050,r3i1p1f1,2010,05,16,0.0,23.424608,8.602899,2010
22051,r3i1p1f1,2010,05,17,0.0,17.586515,3.060128,2010
22052,r3i1p1f1,2010,05,18,0.0,19.809837,3.0748825,2010
22053,r3i1p1f1,2010,05,19,0.0,21.773403,7.219027,2010
22054,r3i1p1f1,2010,05,20,0.0,25.61889,9.266216,2010
22055,r3i1p1f1,2010,05,21,0.0,25.986992,11.4523,2010
22056,r3i1p1f1,2010,05,22,0.0,28.615784,10.778346,2010
22057,r3i1p1f1,2010,05,23,0.0,28.911747,12.099699,2010
22058,r3i1p1f1,2010,05,24,0.0,30.315752,12.5334635,2010
22059,r3i1p1f1,2010,05,25,0.0,29.239477,13.487056,2010
22060,r3i1p1f1,2010,05,26,0.0,29.16699,11.147103,2010
22061,r3i1p1f1,2010,05,27,0.0,31.639399,13.284281,2010
22062,r3i1p1f1,2010,05,28,0.0,31.144846,15.295147,2010
22063,r3i1p1f1,2010,05,29,0.0,28.816788,12.950708,2010
22064,r3i1p1f1,2010,05,30,0.0,26.656303,13.1835375,2010
22065,r3i1p1f1,2010,05,31,0.0,25.634336,10.541193,2010
22066,r3i1p1f1,2010,06,01,0.0,24.584902,7.560027,2010
22067,r3i1p1f1,2010,06,02,0.0,24.352943,9.18532,2010
22068,r3i1p1f1,2010,06,03,0.0,27.56448,9.743408,2010
22069,r3i1p1f1,2010,06,04,0.0,29.969315,10.958812,2010
22070,r3i1p1f1,2010,06,05,0.0,31.330284,13.220199,2010
22071,r3i1p1f1,2010,06,06,0.0,30.195253,14.338879,2010
22072,r3i1p1f1,2010,06,07,0.0,28.859756,12.445067,2010
22073,r3i1p1f1,2010,06,08,0.0,25.487099,11.049253,2010
22074,r3i1p1f1,2010,06,09,0.0,20.583174,4.152312,2010
22075,r3i1p1f1,2010,06,10,0.14595582431291787,15.05839,0.56321466,2010
22076,r3i1p1f1,2010,06,11,0.0,19.330736,1.5710227,2010
22077,r3i1p1f1,2010,06,12,0.0,22.78936,10.398137,2010
22078,r3i1p1f1,2010,06,13,0.0,23.499584,7.3253894,2010
22079,r3i1p1f1,2010,06,14,0.0,24.514593,7.9335995,2010
22080,r3i1p1f1,2010,06,15,0.0,24.166103,9.372545,2010
22081,r3i1p1f1,2010,06,16,0.03893691985132663,22.460405,7.429619,2010
22082,r3i1p1f1,2010,06,17,0.0,21.417835,7.147636,2010
22083,r3i1p1f1,2010,06,18,0.0,20.895075,6.2999144,2010
22084,r3i1p1f1,2010,06,19,0.0,25.150892,8.884542,2010
22085,r3i1p1f1,2010,06,20,0.0,26.212275,10.253247,2010
22086,r3i1p1f1,2010,06,21,0.0,29.615725,11.617751,2010
22087,r3i1p1f1,2010,06,22,0.0,32.240826,15.472779,2010
22088,r3i1p1f1,2010,06,23,0.0,33.293465,16.056543,2010
22089,r3i1p1f1,2010,06,24,0.0,32.21755,14.770169,2010
22090,r3i1p1f1,2010,06,25,0.0,28.647497,11.256693,2010
22091,r3i1p1f1,2010,06,26,0.0,24.409176,9.240551,2010
22092,r3i1p1f1,2010,06,27,0.0,23.743025,8.345033,2010
22093,r3i1p1f1,2010,06,28,18.289897674510843,20.55236,7.828683,2010
22094,r3i1p1f1,2010,06,29,16.202823526538467,14.740747,4.8361998,2010
22095,r3i1p1f1,2010,06,30,0.03196786182295335,18.854315,3.811848,2010
22096,r3i1p1f1,2010,07,01,0.0,20.891138,5.5055223,2010
22097,r3i1p1f1,2010,07,02,0.0,23.883291,7.607827,2010
22098,r3i1p1f1,2010,07,03,0.0,24.92466,8.993863,2010
22099,r3i1p1f1,2010,07,04,0.0,25.928871,8.280658,2010
22100,r3i1p1f1,2010,07,05,0.0,26.981415,10.29961,2010
22101,r3i1p1f1,2010,07,06,0.0,29.892925,12.343132,2010
22102,r3i1p1f1,2010,07,07,0.0,29.51452,12.780472,2010
22103,r3i1p1f1,2010,07,08,0.0,28.355986,12.050099,2010
22104,r3i1p1f1,2010,07,09,0.0,24.506693,8.906805,2010
22105,r3i1p1f1,2010,07,10,0.0,21.474148,7.0423303,2010
22106,r3i1p1f1,2010,07,11,0.0,28.656494,10.049087,2010
22107,r3i1p1f1,2010,07,12,0.0,30.909445,14.077527,2010
22108,r3i1p1f1,2010,07,13,0.0,31.45019,15.204332,2010
22109,r3i1p1f1,2010,07,14,0.0,31.160719,15.44355,2010
22110,r3i1p1f1,2010,07,15,0.03156112752070552,31.325815,14.241416,2010
22111,r3i1p1f1,2010,07,16,0.0,31.23754,15.9625845,2010
22112,r3i1p1f1,2010,07,17,0.0,30.335157,14.760659,2010
22113,r3i1p1f1,2010,07,18,0.0,28.974854,12.675464,2010
22114,r3i1p1f1,2010,07,19,0.0,26.696606,11.5117,2010
22115,r3i1p1f1,2010,07,20,0.0,23.832302,9.090884,2010
22116,r3i1p1f1,2010,07,21,0.0,25.68677,9.584636,2010
22117,r3i1p1f1,2010,07,22,0.0,29.000065,11.778364,2010
22118,r3i1p1f1,2010,07,23,0.0,30.556585,13.2737,2010
22119,r3i1p1f1,2010,07,24,0.00016801800244904466,30.068218,14.2246895,2010
22120,r3i1p1f1,2010,07,25,0.0,29.646725,12.547212,2010
22121,r3i1p1f1,2010,07,26,0.0,29.848948,11.889618,2010
22122,r3i1p1f1,2010,07,27,0.0,31.244856,12.934215,2010
22123,r3i1p1f1,2010,07,28,0.0,30.558388,13.630763,2010
22124,r3i1p1f1,2010,07,29,0.0,27.105854,9.932134,2010
22125,r3i1p1f1,2010,07,30,0.0,28.122952,10.735407,2010
22126,r3i1p1f1,2010,07,31,0.0,28.373838,11.917877,2010
22127,r3i1p1f1,2010,08,01,0.0,29.86603,12.647537,2010
22128,r3i1p1f1,2010,08,02,0.0,30.55468,15.160846,2010
22129,r3i1p1f1,2010,08,03,0.09721514291557373,30.010881,16.006042,2010
22130,r3i1p1f1,2010,08,04,0.0,29.69384,14.15148,2010
22131,r3i1p1f1,2010,08,05,0.0,30.519611,13.160266,2010
22132,r3i1p1f1,2010,08,06,0.0,29.904556,11.961841,2010
22133,r3i1p1f1,2010,08,07,0.0,29.049595,12.863075,2010
22134,r3i1p1f1,2010,08,08,0.023021064024712695,29.382435,12.4092455,2010
22135,r3i1p1f1,2010,08,09,0.0,31.873121,13.703227,2010
22136,r3i1p1f1,2010,08,10,0.0,34.628803,15.5889435,2010
22137,r3i1p1f1,2010,08,11,0.0,34.392017,17.6648,2010
22138,r3i1p1f1,2010,08,12,0.0,31.599495,16.98005,2010
22139,r3i1p1f1,2010,08,13,0.0,31.380861,13.98947,2010
22140,r3i1p1f1,2010,08,14,0.0,32.374466,14.8122015,2010
22141,r3i1p1f1,2010,08,15,0.0,32.39273,16.856329,2010
22142,r3i1p1f1,2010,08,16,0.0,31.634953,17.223417,2010
22143,r3i1p1f1,2010,08,17,0.0,30.311266,14.993911,2010
22144,r3i1p1f1,2010,08,18,0.0,29.13967,13.190256,2010
22145,r3i1p1f1,2010,08,19,0.0,28.65106,13.0778,2010
22146,r3i1p1f1,2010,08,20,0.0,27.59594,11.360542,2010
22147,r3i1p1f1,2010,08,21,0.0,28.427053,12.576926,2010
22148,r3i1p1f1,2010,08,22,0.0,27.533064,11.803018,2010
22149,r3i1p1f1,2010,08,23,0.0,24.360622,9.626944,2010
22150,r3i1p1f1,2010,08,24,0.0,26.976738,9.815106,2010
22151,r3i1p1f1,2010,08,25,0.0,26.671356,11.028815,2010
22152,r3i1p1f1,2010,08,26,0.0,24.847816,8.948123,2010
22153,r3i1p1f1,2010,08,27,0.0,24.155684,9.37923,2010
22154,r3i1p1f1,2010,08,28,0.0,23.479696,8.72535,2010
22155,r3i1p1f1,2010,08,29,0.0,22.61765,7.5596848,2010
22156,r3i1p1f1,2010,08,30,0.0,20.812845,5.8324885,2010
22157,r3i1p1f1,2010,08,31,0.0,20.87795,5.6721387,2010
22158,r3i1p1f1,2010,09,01,0.0,22.512651,6.7533526,2010
22159,r3i1p1f1,2010,09,02,0.0,24.893492,8.597519,2010
22160,r3i1p1f1,2010,09,03,0.0,27.504915,11.094635,2010
22161,r3i1p1f1,2010,09,04,0.0,32.070908,12.314836,2010
22162,r3i1p1f1,2010,09,05,0.0,33.699505,14.746575,2010
22163,r3i1p1f1,2010,09,06,0.0,32.85565,15.398105,2010
22164,r3i1p1f1,2010,09,07,0.0,31.85726,14.954484,2010
22165,r3i1p1f1,2010,09,08,0.0,31.663939,14.304432,2010
22166,r3i1p1f1,2010,09,09,0.0,30.721867,14.807955,2010
22167,r3i1p1f1,2010,09,10,0.0,29.517815,12.721984,2010
22168,r3i1p1f1,2010,09,11,0.0,29.712685,12.608393,2010
22169,r3i1p1f1,2010,09,12,0.0,28.927023,13.262561,2010
22170,r3i1p1f1,2010,09,13,0.0,26.092682,10.604147,2010
22171,r3i1p1f1,2010,09,14,0.0,22.41769,7.1921477,2010
22172,r3i1p1f1,2010,09,15,0.0,21.442467,6.4706697,2010
22173,r3i1p1f1,2010,09,16,0.0,21.936716,6.694075,2010
22174,r3i1p1f1,2010,09,17,0.0,25.452246,8.877945,2010
22175,r3i1p1f1,2010,09,18,0.0,24.869844,10.061855,2010
22176,r3i1p1f1,2010,09,19,0.0,24.323374,9.912125,2010
22177,r3i1p1f1,2010,09,20,0.5033942974956804,25.483828,11.311984,2010
22178,r3i1p1f1,2010,09,21,4.415079428889313,27.920813,13.616641,2010
22179,r3i1p1f1,2010,09,22,2.493149296481677,29.638458,14.072463,2010
22180,r3i1p1f1,2010,09,23,0.0,27.298164,11.023439,2010
22181,r3i1p1f1,2010,09,24,0.0,26.455996,10.133362,2010
22182,r3i1p1f1,2010,09,25,0.0,24.970743,11.189689,2010
22183,r3i1p1f1,2010,09,26,0.0,21.09684,9.421187,2010
22184,r3i1p1f1,2010,09,27,0.0,22.011213,7.2106833,2010
22185,r3i1p1f1,2010,09,28,0.0,24.912909,7.7787247,2010
22186,r3i1p1f1,2010,09,29,0.0,27.292786,10.045357,2010
22187,r3i1p1f1,2010,09,30,0.0,27.820225,10.926206,2010
22188,r3i1p1f1,2010,10,01,0.0,27.938856,10.166644,2010
22189,r3i1p1f1,2010,10,02,0.17352218128507957,27.666735,13.253818,2010
22190,r3i1p1f1,2010,10,03,0.0,20.050077,8.027508,2010
22191,r3i1p1f1,2010,10,04,0.0,15.976001,5.9351807,2010
22192,r3i1p1f1,2010,10,05,0.0,17.616251,4.727334,2010
22193,r3i1p1f1,2010,10,06,0.0,21.764482,5.8542657,2010
22194,r3i1p1f1,2010,10,07,0.0,27.590471,10.15616,2010
22195,r3i1p1f1,2010,10,08,0.0,26.93613,10.7593775,2010
22196,r3i1p1f1,2010,10,09,0.0,27.180176,11.109592,2010
22197,r3i1p1f1,2010,10,10,0.0,27.183857,11.659844,2010
22198,r3i1p1f1,2010,10,11,0.0,27.632961,11.664719,2010
22199,r3i1p1f1,2010,10,12,0.0,26.397799,10.638331,2010
22200,r3i1p1f1,2010,10,13,0.0,21.033705,6.414391,2010
22201,r3i1p1f1,2010,10,14,0.0,19.691448,3.6540465,2010
22202,r3i1p1f1,2010,10,15,0.0,22.183334,5.7116475,2010
22203,r3i1p1f1,2010,10,16,0.0,24.27908,8.664806,2010
22204,r3i1p1f1,2010,10,17,0.0,28.842772,11.936398,2010
22205,r3i1p1f1,2010,10,18,0.0,29.995466,12.784979,2010
22206,r3i1p1f1,2010,10,19,0.0,29.155966,14.128167,2010
22207,r3i1p1f1,2010,10,20,0.0,27.69572,11.87036,2010
22208,r3i1p1f1,2010,10,21,0.0,24.188454,8.701823,2010
22209,r3i1p1f1,2010,10,22,0.0,20.205257,6.2873063,2010
22210,r3i1p1f1,2010,10,23,0.0,21.830828,6.002791,2010
22211,r3i1p1f1,2010,10,24,0.0,24.627663,6.9777827,2010
22212,r3i1p1f1,2010,10,25,0.0,26.377314,9.416153,2010
22213,r3i1p1f1,2010,10,26,0.0,26.606987,9.472606,2010
22214,r3i1p1f1,2010,10,27,0.0,25.342924,8.905204,2010
22215,r3i1p1f1,2010,10,28,0.0,22.901403,7.3144264,2010
22216,r3i1p1f1,2010,10,29,0.0,21.316442,5.7909975,2010
22217,r3i1p1f1,2010,10,30,0.0,20.77748,8.50831,2010
22218,r3i1p1f1,2010,10,31,0.0,23.974682,7.2752223,2010
22219,r3i1p1f1,2010,11,01,0.0,25.618448,8.853244,2010
22220,r3i1p1f1,2010,11,02,0.0,28.093666,11.410927,2010
22221,r3i1p1f1,2010,11,03,0.0,26.939661,12.443081,2010
22222,r3i1p1f1,2010,11,04,0.0,23.924627,8.988631,2010
22223,r3i1p1f1,2010,11,05,0.0,19.545935,4.48387,2010
22224,r3i1p1f1,2010,11,06,0.0,17.630121,5.919812,2010
22225,r3i1p1f1,2010,11,07,0.0,14.136722,0.44666538,2010
22226,r3i1p1f1,2010,11,08,0.6059977533081301,9.341006,0.6177708,2010
22227,r3i1p1f1,2010,11,09,0.0,15.619101,0.033408538,2010
22228,r3i1p1f1,2010,11,10,0.6472434697666598,14.944805,4.067237,2010
22229,r3i1p1f1,2010,11,11,35.471745943160435,8.492244,0.51458323,2010
22230,r3i1p1f1,2010,11,12,6.558572054430107,4.716386,-2.5854728,2010
22231,r3i1p1f1,2010,11,13,2.65082703787668,9.280769,-2.5244348,2010
22232,r3i1p1f1,2010,11,14,0.0,11.413637,0.020205552,2010
22233,r3i1p1f1,2010,11,15,0.0,11.2910385,2.046712,2010
22234,r3i1p1f1,2010,11,16,0.24160909471040787,11.732192,1.9730066,2010
22235,r3i1p1f1,2010,11,17,0.0,14.703683,1.0885987,2010
22236,r3i1p1f1,2010,11,18,0.5911132476428879,13.168955,1.6489629,2010
22237,r3i1p1f1,2010,11,19,0.0,12.922133,-0.5256408,2010
22238,r3i1p1f1,2010,11,20,0.0,11.598958,-0.6905596,2010
22239,r3i1p1f1,2010,11,21,0.02213639335853881,11.921571,3.37385,2010
22240,r3i1p1f1,2010,11,22,0.0,15.949838,2.1535864,2010
22241,r3i1p1f1,2010,11,23,0.0,18.464834,1.9713832,2010
22242,r3i1p1f1,2010,11,24,8.829841384124991,14.206676,2.7267475,2010
22243,r3i1p1f1,2010,11,25,26.455634571366797,6.5668983,0.17925228,2010
22244,r3i1p1f1,2010,11,26,1.3378555145831534,7.5268188,-0.7904477,2010
22245,r3i1p1f1,2010,11,27,0.004169683631373214,10.585098,-0.10481343,2010
22246,r3i1p1f1,2010,11,28,34.69800332585644,8.407997,2.0257347,2010
22247,r3i1p1f1,2010,11,29,0.0,7.296866,-5.853357,2010
22248,r3i1p1f1,2010,11,30,0.0,8.972082,-3.5912373,2010
22249,r3i1p1f1,2010,12,01,0.0,13.36974,1.254417,2010
22250,r3i1p1f1,2010,12,02,0.0,15.174881,2.7942555,2010
22251,r3i1p1f1,2010,12,03,0.0,15.087605,2.6815212,2010
22252,r3i1p1f1,2010,12,04,0.0,15.552331,2.712792,2010
22253,r3i1p1f1,2010,12,05,0.0,16.334814,2.0064938,2010
22254,r3i1p1f1,2010,12,06,0.0,14.404958,3.7143948,2010
22255,r3i1p1f1,2010,12,07,0.1959209589250876,10.484376,2.7203362,2010
22256,r3i1p1f1,2010,12,08,59.874882196125235,6.942397,1.7432094,2010
22257,r3i1p1f1,2010,12,09,15.370991247044387,10.452436,0.28970098,2010
22258,r3i1p1f1,2010,12,10,48.14544109578588,9.846357,4.8052626,2010
22259,r3i1p1f1,2010,12,11,94.599103300195,12.318656,7.3499737,2010
22260,r3i1p1f1,2010,12,12,37.423512177223245,10.4184475,-0.7226103,2010
22261,r3i1p1f1,2010,12,13,38.92799741098363,3.5888345,-4.7556233,2010
22262,r3i1p1f1,2010,12,14,14.608914526577696,4.1013227,-4.7120123,2010
22263,r3i1p1f1,2010,12,15,0.0,6.031402,-8.551381,2010
22264,r3i1p1f1,2010,12,16,0.49137409778746877,1.3867851,-3.8396344,2010
22265,r3i1p1f1,2010,12,17,0.0,5.469163,-8.413412,2010
22266,r3i1p1f1,2010,12,18,0.0,5.1039977,-5.24628,2010
22267,r3i1p1f1,2010,12,19,0.0,9.430445,-3.3702054,2010
22268,r3i1p1f1,2010,12,20,0.0,12.450764,0.036205985,2010
22269,r3i1p1f1,2010,12,21,0.0,13.5450735,0.04397345,2010
22270,r3i1p1f1,2010,12,22,0.0,14.923641,0.37237322,2010
22271,r3i1p1f1,2010,12,23,0.0,13.420084,4.275825,2010
22272,r3i1p1f1,2010,12,24,0.0,12.537684,6.174668,2010
22273,r3i1p1f1,2010,12,25,17.975581518227333,8.5049305,3.1651094,2010
22274,r3i1p1f1,2010,12,26,7.827281544795321,5.4517984,-2.989835,2010
22275,r3i1p1f1,2010,12,27,2.743959110854408,5.671229,-4.524568,2010
22276,r3i1p1f1,2010,12,28,0.041697943877232704,9.2343025,1.4919416,2010
22277,r3i1p1f1,2010,12,29,28.89788392073426,7.875752,2.1763566,2010
22278,r3i1p1f1,2010,12,30,0.0,12.198066,0.52897227,2010
22279,r3i1p1f1,2010,12,31,0.0,13.537889,2.3328383,2010
22280,r3i1p1f1,2011,01,01,0.0,13.37916,2.2388532,2011
22281,r3i1p1f1,2011,01,02,6.079701794078574,8.860755,1.0928136,2011
22282,r3i1p1f1,2011,01,03,0.0,10.40727,-2.3453727,2011
22283,r3i1p1f1,2011,01,04,0.0,10.691087,-1.465929,2011
22284,r3i1p1f1,2011,01,05,0.15680669649124243,7.253932,-3.5757008,2011
22285,r3i1p1f1,2011,01,06,0.0,6.5517793,-3.8372595,2011
22286,r3i1p1f1,2011,01,07,0.0,9.229275,-3.6434007,2011
22287,r3i1p1f1,2011,01,08,0.0,9.172869,-2.808601,2011
22288,r3i1p1f1,2011,01,09,20.39594313154291,5.2392683,-2.157557,2011
22289,r3i1p1f1,2011,01,10,11.274538569054322,4.2215133,0.4788745,2011
22290,r3i1p1f1,2011,01,11,4.228063016336436,6.1956267,-1.6384196,2011
22291,r3i1p1f1,2011,01,12,0.0,10.557886,-3.9629443,2011
22292,r3i1p1f1,2011,01,13,0.6345600552633283,5.389567,-2.7218204,2011
22293,r3i1p1f1,2011,01,14,12.027197519905473,2.242777,-1.2926167,2011
22294,r3i1p1f1,2011,01,15,11.555790547955487,4.7308617,-1.2346545,2011
22295,r3i1p1f1,2011,01,16,0.0,9.149833,-1.6437536,2011
22296,r3i1p1f1,2011,01,17,20.56240964876978,4.2565017,-0.38569596,2011
22297,r3i1p1f1,2011,01,18,0.0,8.623978,-3.863129,2011
22298,r3i1p1f1,2011,01,19,0.0,9.712503,-2.7422683,2011
22299,r3i1p1f1,2011,01,20,0.0,9.012437,-2.4803894,2011
22300,r3i1p1f1,2011,01,21,0.0,9.040163,-2.1822667,2011
22301,r3i1p1f1,2011,01,22,29.581744693170645,4.8505034,-2.4202185,2011
22302,r3i1p1f1,2011,01,23,104.65806480497122,7.2969265,1.8744067,2011
22303,r3i1p1f1,2011,01,24,2.561515845704171,8.645255,-3.3575592,2011
22304,r3i1p1f1,2011,01,25,0.0,8.676866,-2.8571553,2011
22305,r3i1p1f1,2011,01,26,0.0,11.371436,-1.549641,2011
22306,r3i1p1f1,2011,01,27,0.0,14.292688,1.9577115,2011
22307,r3i1p1f1,2011,01,28,0.0,13.4087715,-0.11767899,2011
22308,r3i1p1f1,2011,01,29,0.0,13.584782,1.401588,2011
22309,r3i1p1f1,2011,01,30,38.223950131061045,8.771146,1.6691792,2011
22310,r3i1p1f1,2011,01,31,60.00180731184388,9.282573,3.7776208,2011
22311,r3i1p1f1,2011,02,01,0.30782946062237515,7.947853,-1.9343063,2011
22312,r3i1p1f1,2011,02,02,2.0737872156084785,4.9713597,-2.916493,2011
22313,r3i1p1f1,2011,02,03,0.0,15.800351,-0.33581084,2011
22314,r3i1p1f1,2011,02,04,0.0,15.674317,2.5632505,2011
22315,r3i1p1f1,2011,02,05,14.122086116970566,11.208937,2.5304916,2011
22316,r3i1p1f1,2011,02,06,0.0,10.716798,1.8384532,2011
22317,r3i1p1f1,2011,02,07,10.617559664502839,7.7399783,-1.340708,2011
22318,r3i1p1f1,2011,02,08,38.03703450891925,6.516182,-0.2292866,2011
22319,r3i1p1f1,2011,02,09,26.69208643982481,3.7734265,-2.3854175,2011
22320,r3i1p1f1,2011,02,10,0.0,5.1641893,-6.2142477,2011
22321,r3i1p1f1,2011,02,11,0.0,6.32309,-8.482791,2011
22322,r3i1p1f1,2011,02,12,0.0,6.530938,-6.7994733,2011
22323,r3i1p1f1,2011,02,13,0.03722345255051838,8.217987,-1.0168672,2011
22324,r3i1p1f1,2011,02,14,0.0,11.899391,-3.0706532,2011
22325,r3i1p1f1,2011,02,15,1.4434900896240404,10.022235,1.7153667,2011
22326,r3i1p1f1,2011,02,16,2.3399898054010824,12.006035,1.5978999,2011
22327,r3i1p1f1,2011,02,17,24.310066050996905,11.676312,4.5883036,2011
22328,r3i1p1f1,2011,02,18,11.304265747113325,10.4617,0.4634111,2011
22329,r3i1p1f1,2011,02,19,12.089981356640285,7.9829807,1.4060386,2011
22330,r3i1p1f1,2011,02,20,0.0,12.436155,-0.22215393,2011
22331,r3i1p1f1,2011,02,21,0.0,13.142244,1.2384045,2011
22332,r3i1p1f1,2011,02,22,0.0,15.257715,2.2691214,2011
22333,r3i1p1f1,2011,02,23,0.0,15.454729,2.7257571,2011
22334,r3i1p1f1,2011,02,24,0.0,15.436398,3.254963,2011
22335,r3i1p1f1,2011,02,25,0.0,14.574741,4.1645284,2011
22336,r3i1p1f1,2011,02,26,6.863387725101539,5.8590665,-0.35980135,2011
22337,r3i1p1f1,2011,02,27,0.0,12.965426,-0.8857069,2011
22338,r3i1p1f1,2011,02,28,0.0,15.693151,2.1280093,2011
22339,r3i1p1f1,2011,03,01,0.0,17.907925,3.7117124,2011
22340,r3i1p1f1,2011,03,02,0.0,17.498823,3.924192,2011
22341,r3i1p1f1,2011,03,03,0.0,15.543833,5.204897,2011
22342,r3i1p1f1,2011,03,04,15.404261269998786,9.489881,-1.739287,2011
22343,r3i1p1f1,2011,03,05,3.03105625751318,7.335964,-4.8091674,2011
22344,r3i1p1f1,2011,03,06,0.0,11.660781,-1.6924841,2011
22345,r3i1p1f1,2011,03,07,3.986861404557299,8.495052,1.0082191,2011
22346,r3i1p1f1,2011,03,08,0.0,8.951189,-4.2383738,2011
22347,r3i1p1f1,2011,03,09,0.0,11.938891,-2.17098,2011
22348,r3i1p1f1,2011,03,10,0.0,11.291469,-1.3122394,2011
22349,r3i1p1f1,2011,03,11,0.7858876164965821,10.887558,-0.9744546,2011
22350,r3i1p1f1,2011,03,12,0.0278675711199053,13.222382,-1.3317673,2011
22351,r3i1p1f1,2011,03,13,0.25765158586995984,10.039077,-1.9992502,2011
22352,r3i1p1f1,2011,03,14,10.406790544756836,7.168701,-1.1943682,2011
22353,r3i1p1f1,2011,03,15,0.2002150276798363,9.739255,-3.94534,2011
22354,r3i1p1f1,2011,03,16,4.9502469164987195,11.568479,1.4109565,2011
22355,r3i1p1f1,2011,03,17,86.69911917102964,10.6816635,3.369109,2011
22356,r3i1p1f1,2011,03,18,17.24627892851315,4.6217875,-1.7103269,2011
22357,r3i1p1f1,2011,03,19,0.0,13.918093,-1.1828339,2011
22358,r3i1p1f1,2011,03,20,0.0,14.675875,0.76202416,2011
22359,r3i1p1f1,2011,03,21,0.0,16.428152,1.1347505,2011
22360,r3i1p1f1,2011,03,22,0.0,16.838135,2.60851,2011
22361,r3i1p1f1,2011,03,23,0.8265188093470275,14.570739,6.346121,2011
22362,r3i1p1f1,2011,03,24,10.75901350628364,8.81552,-0.82524633,2011
22363,r3i1p1f1,2011,03,25,34.40077025872214,8.444167,1.467934,2011
22364,r3i1p1f1,2011,03,26,4.343767630435698,10.932543,-2.5821867,2011
22365,r3i1p1f1,2011,03,27,22.35665753924925,9.162203,2.6929471,2011
22366,r3i1p1f1,2011,03,28,31.419557247212843,9.499092,3.9958725,2011
22367,r3i1p1f1,2011,03,29,1.3450507638481213,12.552997,2.1024702,2011
22368,r3i1p1f1,2011,03,30,0.0,21.638264,4.4245796,2011
22369,r3i1p1f1,2011,03,31,0.0,23.366451,8.232298,2011
22370,r3i1p1f1,2011,04,01,0.14216750814260817,22.877193,8.862406,2011
22371,r3i1p1f1,2011,04,02,0.0,20.129372,6.506282,2011
22372,r3i1p1f1,2011,04,03,0.0,20.151583,6.674072,2011
22373,r3i1p1f1,2011,04,04,0.9693654640087563,16.526667,5.4179506,2011
22374,r3i1p1f1,2011,04,05,17.538173073262442,11.841517,1.8146392,2011
22375,r3i1p1f1,2011,04,06,11.351939918485618,12.523771,2.5856965,2011
22376,r3i1p1f1,2011,04,07,0.0,15.988516,5.812613,2011
22377,r3i1p1f1,2011,04,08,0.0,16.356462,3.0474827,2011
22378,r3i1p1f1,2011,04,09,0.0,16.767372,2.5500827,2011
22379,r3i1p1f1,2011,04,10,3.5492922183613316,10.978433,2.5873718,2011
22380,r3i1p1f1,2011,04,11,65.13809415168669,6.736901,-1.7558422,2011
22381,r3i1p1f1,2011,04,12,13.290078687101701,3.4219732,-3.2751453,2011
22382,r3i1p1f1,2011,04,13,0.3048468545066977,12.239919,-3.9721634,2011
22383,r3i1p1f1,2011,04,14,0.0,17.09948,0.55417544,2011
22384,r3i1p1f1,2011,04,15,0.0,20.136053,3.7023783,2011
22385,r3i1p1f1,2011,04,16,0.0,23.3455,6.6986275,2011
22386,r3i1p1f1,2011,04,17,0.0,22.93698,5.747622,2011
22387,r3i1p1f1,2011,04,18,0.0,18.78141,5.030382,2011
22388,r3i1p1f1,2011,04,19,0.0,16.873756,3.3925138,2011
22389,r3i1p1f1,2011,04,20,0.0,19.499552,3.5011113,2011
22390,r3i1p1f1,2011,04,21,0.0,19.745348,4.576533,2011
22391,r3i1p1f1,2011,04,22,0.0,18.36304,5.432486,2011
22392,r3i1p1f1,2011,04,23,0.0,20.961395,4.22082,2011
22393,r3i1p1f1,2011,04,24,0.0,24.505512,6.2603903,2011
22394,r3i1p1f1,2011,04,25,0.0,25.650719,9.549055,2011
22395,r3i1p1f1,2011,04,26,0.0,26.732725,10.625926,2011
22396,r3i1p1f1,2011,04,27,1.7661845170502937,24.473654,9.565422,2011
22397,r3i1p1f1,2011,04,28,0.0019621815897009677,22.798729,8.9514065,2011
22398,r3i1p1f1,2011,04,29,0.0,23.84333,8.205196,2011
22399,r3i1p1f1,2011,04,30,0.0,25.822105,10.268709,2011
22400,r3i1p1f1,2011,05,01,0.0,27.111052,11.861321,2011
22401,r3i1p1f1,2011,05,02,0.0,28.993876,12.102703,2011
22402,r3i1p1f1,2011,05,03,0.0,28.482555,11.242102,2011
22403,r3i1p1f1,2011,05,04,0.0,28.038528,12.027451,2011
22404,r3i1p1f1,2011,05,05,0.0,25.304874,10.393069,2011
22405,r3i1p1f1,2011,05,06,0.0,22.264845,8.579906,2011
22406,r3i1p1f1,2011,05,07,0.0,21.002352,6.157044,2011
22407,r3i1p1f1,2011,05,08,0.0,20.283585,7.5155272,2011
22408,r3i1p1f1,2011,05,09,0.0,19.361122,5.663783,2011
22409,r3i1p1f1,2011,05,10,0.0,21.138725,6.816085,2011
22410,r3i1p1f1,2011,05,11,0.0,20.424011,8.325408,2011
22411,r3i1p1f1,2011,05,12,0.0786491238901171,18.798319,5.2442346,2011
22412,r3i1p1f1,2011,05,13,3.4305284044852384,10.092465,2.3125157,2011
22413,r3i1p1f1,2011,05,14,0.3906220657594723,15.024475,1.0387969,2011
22414,r3i1p1f1,2011,05,15,3.834391486548396,11.447617,4.297682,2011
22415,r3i1p1f1,2011,05,16,20.459422667811037,10.218394,-2.1692007,2011
22416,r3i1p1f1,2011,05,17,0.001025806781590769,13.827872,-1.7740641,2011
22417,r3i1p1f1,2011,05,18,0.0,19.535229,3.7662466,2011
22418,r3i1p1f1,2011,05,19,0.0,19.168695,5.4636426,2011
22419,r3i1p1f1,2011,05,20,0.0,17.65281,3.6325412,2011
22420,r3i1p1f1,2011,05,21,0.0,21.613483,4.6757817,2011
22421,r3i1p1f1,2011,05,22,0.0,24.728497,7.3570952,2011
22422,r3i1p1f1,2011,05,23,0.0,23.741323,8.70595,2011
22423,r3i1p1f1,2011,05,24,2.2809464342380554,17.648205,3.6817362,2011
22424,r3i1p1f1,2011,05,25,0.0,15.574061,2.981347,2011
22425,r3i1p1f1,2011,05,26,0.0,19.112146,3.6285908,2011
22426,r3i1p1f1,2011,05,27,0.0,21.980886,5.081888,2011
22427,r3i1p1f1,2011,05,28,0.0,24.433369,8.309426,2011
22428,r3i1p1f1,2011,05,29,0.0,24.94305,9.257817,2011
22429,r3i1p1f1,2011,05,30,0.0,24.436552,9.3543,2011
22430,r3i1p1f1,2011,05,31,0.0,22.788322,7.325829,2011
22431,r3i1p1f1,2011,06,01,0.0,23.639822,7.2240334,2011
22432,r3i1p1f1,2011,06,02,3.028455308269354,23.65994,6.6844726,2011
22433,r3i1p1f1,2011,06,03,25.84412406125155,15.599425,6.6850634,2011
22434,r3i1p1f1,2011,06,04,1.3219733034738486,15.177999,2.5115507,2011
22435,r3i1p1f1,2011,06,05,5.267082571318545,16.439545,2.922104,2011
22436,r3i1p1f1,2011,06,06,6.460653046815423,13.045858,4.80233,2011
22437,r3i1p1f1,2011,06,07,0.26584827390156296,14.458352,2.9964812,2011
22438,r3i1p1f1,2011,06,08,0.017057810787503656,14.096619,2.6484993,2011
22439,r3i1p1f1,2011,06,09,0.1667370882626672,13.311864,3.605448,2011
22440,r3i1p1f1,2011,06,10,0.07829608527428814,15.716875,5.90959,2011
22441,r3i1p1f1,2011,06,11,0.0,19.343418,4.6958113,2011
22442,r3i1p1f1,2011,06,12,0.0,22.302885,6.6787434,2011
22443,r3i1p1f1,2011,06,13,0.2633169957047549,20.239286,6.1715636,2011
22444,r3i1p1f1,2011,06,14,9.501998258546289,14.208663,5.302414,2011
22445,r3i1p1f1,2011,06,15,0.0,24.664816,6.8759904,2011
22446,r3i1p1f1,2011,06,16,0.0,27.582102,9.78902,2011
22447,r3i1p1f1,2011,06,17,0.0,27.716892,12.469985,2011
22448,r3i1p1f1,2011,06,18,0.0,27.187813,12.199753,2011
22449,r3i1p1f1,2011,06,19,0.0,26.681442,10.453976,2011
22450,r3i1p1f1,2011,06,20,0.0,25.057602,10.3046665,2011
22451,r3i1p1f1,2011,06,21,0.0,23.747015,9.214522,2011
22452,r3i1p1f1,2011,06,22,0.0,21.881521,8.366178,2011
22453,r3i1p1f1,2011,06,23,0.0,20.103302,3.9740217,2011
22454,r3i1p1f1,2011,06,24,0.0,23.137608,5.739379,2011
22455,r3i1p1f1,2011,06,25,0.0,25.525131,9.642454,2011
22456,r3i1p1f1,2011,06,26,0.0,26.219646,10.724208,2011
22457,r3i1p1f1,2011,06,27,0.0,26.549538,11.130123,2011
22458,r3i1p1f1,2011,06,28,0.7089716798969006,26.591988,10.830389,2011
22459,r3i1p1f1,2011,06,29,0.0,29.398445,12.24578,2011
22460,r3i1p1f1,2011,06,30,0.0,33.368145,14.659201,2011
22461,r3i1p1f1,2011,07,01,0.2922240915818532,33.25599,15.867081,2011
22462,r3i1p1f1,2011,07,02,0.017059579381327097,29.04584,15.51727,2011
22463,r3i1p1f1,2011,07,03,0.0,25.130457,9.748614,2011
22464,r3i1p1f1,2011,07,04,0.0,24.090677,8.141927,2011
22465,r3i1p1f1,2011,07,05,0.0,26.376976,8.907527,2011
22466,r3i1p1f1,2011,07,06,0.0,26.89283,12.589238,2011
22467,r3i1p1f1,2011,07,07,0.0,25.638905,11.754186,2011
22468,r3i1p1f1,2011,07,08,0.0,25.338108,10.055908,2011
22469,r3i1p1f1,2011,07,09,0.0,24.84784,8.859196,2011
22470,r3i1p1f1,2011,07,10,0.0,24.391237,7.771428,2011
22471,r3i1p1f1,2011,07,11,0.0,26.725765,10.054684,2011
22472,r3i1p1f1,2011,07,12,0.0,26.676033,11.060935,2011
22473,r3i1p1f1,2011,07,13,0.0,25.967512,10.671053,2011
22474,r3i1p1f1,2011,07,14,0.0,27.228031,9.741096,2011
22475,r3i1p1f1,2011,07,15,0.0,28.37557,11.123966,2011
22476,r3i1p1f1,2011,07,16,0.0,28.226467,11.7266865,2011
22477,r3i1p1f1,2011,07,17,0.0,28.738266,12.050782,2011
22478,r3i1p1f1,2011,07,18,0.0,28.436506,12.17813,2011
22479,r3i1p1f1,2011,07,19,0.0,27.423086,11.385971,2011
22480,r3i1p1f1,2011,07,20,0.0,26.42737,9.83865,2011
22481,r3i1p1f1,2011,07,21,0.0,26.844336,11.068758,2011
22482,r3i1p1f1,2011,07,22,0.0,29.969997,13.135203,2011
22483,r3i1p1f1,2011,07,23,0.0006670342899221731,31.057907,15.139316,2011
22484,r3i1p1f1,2011,07,24,0.0009799471483443324,31.519968,16.051691,2011
22485,r3i1p1f1,2011,07,25,0.0,31.681442,15.193806,2011
22486,r3i1p1f1,2011,07,26,0.0,34.07817,15.726028,2011
22487,r3i1p1f1,2011,07,27,0.0,34.010677,16.639883,2011
22488,r3i1p1f1,2011,07,28,0.0,33.1781,15.625431,2011
22489,r3i1p1f1,2011,07,29,0.0,32.244476,14.775372,2011
22490,r3i1p1f1,2011,07,30,0.0,34.16091,15.010421,2011
22491,r3i1p1f1,2011,07,31,0.0,34.052773,17.4793,2011
22492,r3i1p1f1,2011,08,01,0.04330035574783228,31.836763,17.337275,2011
22493,r3i1p1f1,2011,08,02,0.0,30.352861,15.143817,2011
22494,r3i1p1f1,2011,08,03,0.0,28.715374,12.337696,2011
22495,r3i1p1f1,2011,08,04,0.0,28.200384,11.99152,2011
22496,r3i1p1f1,2011,08,05,0.0,28.247637,10.941235,2011
22497,r3i1p1f1,2011,08,06,0.0,29.343327,12.697558,2011
22498,r3i1p1f1,2011,08,07,0.46378316811138864,27.761858,12.247833,2011
22499,r3i1p1f1,2011,08,08,2.317180880345404,28.647745,12.31491,2011
22500,r3i1p1f1,2011,08,09,0.0,27.542736,11.142936,2011
22501,r3i1p1f1,2011,08,10,0.0,27.023129,11.044761,2011
22502,r3i1p1f1,2011,08,11,0.0,28.343575,12.056969,2011
22503,r3i1p1f1,2011,08,12,0.4117451283443523,30.85106,14.475956,2011
22504,r3i1p1f1,2011,08,13,0.0,30.712925,13.472947,2011
22505,r3i1p1f1,2011,08,14,0.0,31.819466,14.017719,2011
22506,r3i1p1f1,2011,08,15,0.0,32.620422,15.64753,2011
22507,r3i1p1f1,2011,08,16,2.789346881610599,32.22057,16.680529,2011
22508,r3i1p1f1,2011,08,17,0.1156073811503838,30.722185,14.657019,2011
22509,r3i1p1f1,2011,08,18,0.0,32.28432,14.78968,2011
22510,r3i1p1f1,2011,08,19,0.0,32.72156,15.412831,2011
22511,r3i1p1f1,2011,08,20,0.0,32.277996,15.086535,2011
22512,r3i1p1f1,2011,08,21,0.0,29.950949,14.760989,2011
22513,r3i1p1f1,2011,08,22,0.0,26.692953,11.844434,2011
22514,r3i1p1f1,2011,08,23,0.0,25.935131,10.300357,2011
22515,r3i1p1f1,2011,08,24,0.0,26.556229,9.12513,2011
22516,r3i1p1f1,2011,08,25,0.0,28.767563,10.626885,2011
22517,r3i1p1f1,2011,08,26,0.0,29.420675,12.810154,2011
22518,r3i1p1f1,2011,08,27,0.0,31.7411,14.46605,2011
22519,r3i1p1f1,2011,08,28,0.0,31.665894,13.978317,2011
22520,r3i1p1f1,2011,08,29,0.0,30.461126,12.425987,2011
22521,r3i1p1f1,2011,08,30,0.0,25.5749,8.621653,2011
22522,r3i1p1f1,2011,08,31,0.0,28.0811,9.2842865,2011
22523,r3i1p1f1,2011,09,01,0.0,30.438395,12.439822,2011
22524,r3i1p1f1,2011,09,02,0.0,29.850943,13.188853,2011
22525,r3i1p1f1,2011,09,03,0.0,28.984116,12.367896,2011
22526,r3i1p1f1,2011,09,04,0.0,30.086924,11.183303,2011
22527,r3i1p1f1,2011,09,05,0.0,31.171173,13.043267,2011
22528,r3i1p1f1,2011,09,06,0.0,30.229984,13.051356,2011
22529,r3i1p1f1,2011,09,07,0.0,26.240799,9.947264,2011
22530,r3i1p1f1,2011,09,08,0.0,27.840168,10.968224,2011
22531,r3i1p1f1,2011,09,09,0.0,28.543373,12.689155,2011
22532,r3i1p1f1,2011,09,10,0.0,27.992805,12.921782,2011
22533,r3i1p1f1,2011,09,11,0.0,27.999304,11.463289,2011
22534,r3i1p1f1,2011,09,12,0.0,28.742807,11.862869,2011
22535,r3i1p1f1,2011,09,13,0.0,27.289429,11.090262,2011
22536,r3i1p1f1,2011,09,14,0.0,26.784288,10.397285,2011
22537,r3i1p1f1,2011,09,15,0.0,27.724583,10.966806,2011
22538,r3i1p1f1,2011,09,16,0.0,27.071533,11.117588,2011
22539,r3i1p1f1,2011,09,17,0.0,25.753677,11.868431,2011
22540,r3i1p1f1,2011,09,18,0.0,24.746319,8.640065,2011
22541,r3i1p1f1,2011,09,19,0.0,25.416359,8.849672,2011
22542,r3i1p1f1,2011,09,20,0.0,24.805502,9.955472,2011
22543,r3i1p1f1,2011,09,21,0.0,28.113052,11.16472,2011
22544,r3i1p1f1,2011,09,22,0.0,30.233828,12.332643,2011
22545,r3i1p1f1,2011,09,23,0.0,32.111588,13.999457,2011
22546,r3i1p1f1,2011,09,24,0.0,33.31651,16.068642,2011
22547,r3i1p1f1,2011,09,25,0.0,32.73948,15.612569,2011
22548,r3i1p1f1,2011,09,26,0.0,31.94222,15.438865,2011
22549,r3i1p1f1,2011,09,27,0.0,27.975227,11.608457,2011
22550,r3i1p1f1,2011,09,28,0.0,26.77133,11.720835,2011
22551,r3i1p1f1,2011,09,29,0.0,25.74842,10.30459,2011
22552,r3i1p1f1,2011,09,30,0.0,29.100832,12.61656,2011
22553,r3i1p1f1,2011,10,01,0.0,29.189997,13.489537,2011
22554,r3i1p1f1,2011,10,02,0.0,27.93231,13.456814,2011
22555,r3i1p1f1,2011,10,03,0.0,28.64176,10.913525,2011
22556,r3i1p1f1,2011,10,04,0.0,29.251873,11.302811,2011
22557,r3i1p1f1,2011,10,05,0.0,29.391087,12.026569,2011
22558,r3i1p1f1,2011,10,06,0.0,28.244785,13.355333,2011
22559,r3i1p1f1,2011,10,07,0.0,25.531822,10.730021,2011
22560,r3i1p1f1,2011,10,08,0.0,27.707085,10.935645,2011
22561,r3i1p1f1,2011,10,09,0.0,30.928019,13.142094,2011
22562,r3i1p1f1,2011,10,10,0.0,32.64207,14.855399,2011
22563,r3i1p1f1,2011,10,11,0.0,32.872055,15.785997,2011
22564,r3i1p1f1,2011,10,12,0.0,29.76833,15.711845,2011
22565,r3i1p1f1,2011,10,13,0.0,22.370783,10.885714,2011
22566,r3i1p1f1,2011,10,14,0.0,25.70586,10.556674,2011
22567,r3i1p1f1,2011,10,15,0.06707586565569632,24.483953,10.358403,2011
22568,r3i1p1f1,2011,10,16,0.0,23.14843,10.567735,2011
22569,r3i1p1f1,2011,10,17,0.0,23.836153,8.217889,2011
22570,r3i1p1f1,2011,10,18,0.0,23.627102,10.421371,2011
22571,r3i1p1f1,2011,10,19,0.0,23.210222,7.6144304,2011
22572,r3i1p1f1,2011,10,20,0.0,23.062805,8.086273,2011
22573,r3i1p1f1,2011,10,21,14.121330762282014,16.68954,4.238644,2011
22574,r3i1p1f1,2011,10,22,0.7687910161621403,10.030963,0.92187506,2011
22575,r3i1p1f1,2011,10,23,2.3343657910453133,9.091215,1.1870029,2011
22576,r3i1p1f1,2011,10,24,6.394171147258021,7.8924985,-1.5849508,2011
22577,r3i1p1f1,2011,10,25,0.0,14.819655,-2.7121136,2011
22578,r3i1p1f1,2011,10,26,0.0,15.295676,1.3006427,2011
22579,r3i1p1f1,2011,10,27,0.0,15.576844,2.8454096,2011
22580,r3i1p1f1,2011,10,28,0.0,19.052158,3.6516376,2011
22581,r3i1p1f1,2011,10,29,0.0,17.67195,2.611903,2011
22582,r3i1p1f1,2011,10,30,0.0,17.528355,4.7406683,2011
22583,r3i1p1f1,2011,10,31,0.0,16.729609,3.129584,2011
22584,r3i1p1f1,2011,11,01,18.099311576224864,14.184307,0.37937123,2011
22585,r3i1p1f1,2011,11,02,59.03780832641611,5.024678,-0.39527616,2011
22586,r3i1p1f1,2011,11,03,0.38692104273267386,9.702265,-1.1122292,2011
22587,r3i1p1f1,2011,11,04,2.988244796697951,9.611233,-1.6902823,2011
22588,r3i1p1f1,2011,11,05,17.633367409488482,7.710753,1.215239,2011
22589,r3i1p1f1,2011,11,06,0.0,10.330719,1.2298075,2011
22590,r3i1p1f1,2011,11,07,0.007036862102962148,10.108075,3.0770433,2011
22591,r3i1p1f1,2011,11,08,20.88682541109033,8.282786,0.5706584,2011
22592,r3i1p1f1,2011,11,09,0.0,11.656998,-1.531484,2011
22593,r3i1p1f1,2011,11,10,0.0,15.166004,1.0638626,2011
22594,r3i1p1f1,2011,11,11,0.4720652932040761,13.391746,2.9357777,2011
22595,r3i1p1f1,2011,11,12,0.7503853975274404,9.506139,-0.57831615,2011
22596,r3i1p1f1,2011,11,13,0.0,8.517013,-6.6438107,2011
22597,r3i1p1f1,2011,11,14,0.0,9.024288,-5.465722,2011
22598,r3i1p1f1,2011,11,15,0.0,10.230905,-2.7911332,2011
22599,r3i1p1f1,2011,11,16,0.0,12.062656,-2.9780686,2011
22600,r3i1p1f1,2011,11,17,0.0,11.885693,-1.732621,2011
22601,r3i1p1f1,2011,11,18,0.0,13.637279,-2.687439,2011
22602,r3i1p1f1,2011,11,19,0.3244457986224198,11.174175,0.6058074,2011
22603,r3i1p1f1,2011,11,20,12.984246298621752,6.2003818,-1.3029085,2011
22604,r3i1p1f1,2011,11,21,0.0,9.588747,-2.9244463,2011
22605,r3i1p1f1,2011,11,22,1.700126325809642,9.885337,-0.3150096,2011
22606,r3i1p1f1,2011,11,23,0.0,13.153266,-1.3813455,2011
22607,r3i1p1f1,2011,11,24,0.0,16.481245,1.8323114,2011
22608,r3i1p1f1,2011,11,25,1.709581490553989,13.684737,2.766688,2011
22609,r3i1p1f1,2011,11,26,12.790157446196597,5.9930725,0.7492975,2011
22610,r3i1p1f1,2011,11,27,50.52839350200405,6.0094733,0.84975916,2011
22611,r3i1p1f1,2011,11,28,43.94886897827842,5.092757,-0.24942178,2011
22612,r3i1p1f1,2011,11,29,6.332785015355943,9.197039,1.0900309,2011
22613,r3i1p1f1,2011,11,30,0.0,13.259985,2.9716768,2011
22614,r3i1p1f1,2011,12,01,0.0,15.32849,6.0328836,2011
22615,r3i1p1f1,2011,12,02,0.0,17.445091,4.463715,2011
22616,r3i1p1f1,2011,12,03,0.0,19.316505,5.4858985,2011
22617,r3i1p1f1,2011,12,04,0.3274371557812341,17.240788,6.133318,2011
22618,r3i1p1f1,2011,12,05,0.0,11.068384,-1.1446216,2011
22619,r3i1p1f1,2011,12,06,0.0,14.1238575,1.6712625,2011
22620,r3i1p1f1,2011,12,07,0.0,16.894005,3.9747858,2011
22621,r3i1p1f1,2011,12,08,0.0,18.427588,5.504124,2011
22622,r3i1p1f1,2011,12,09,0.0,19.43413,4.9131927,2011
22623,r3i1p1f1,2011,12,10,0.0,18.581615,4.070307,2011
22624,r3i1p1f1,2011,12,11,0.0,16.200487,3.8371532,2011
22625,r3i1p1f1,2011,12,12,0.0,16.148394,3.2704601,2011
22626,r3i1p1f1,2011,12,13,0.0,15.650124,3.5006454,2011
22627,r3i1p1f1,2011,12,14,0.0,14.153257,1.6260427,2011
22628,r3i1p1f1,2011,12,15,13.256631797106055,8.631086,3.7459114,2011
22629,r3i1p1f1,2011,12,16,0.0,13.351748,-1.244971,2011
22630,r3i1p1f1,2011,12,17,0.0,13.014412,0.9832771,2011
22631,r3i1p1f1,2011,12,18,0.0,11.961247,0.9794228,2011
22632,r3i1p1f1,2011,12,19,0.0,14.166117,1.5041282,2011
22633,r3i1p1f1,2011,12,20,0.0,15.005998,2.2343454,2011
22634,r3i1p1f1,2011,12,21,0.0,15.125986,2.7987328,2011
22635,r3i1p1f1,2011,12,22,0.0,15.594629,3.6853633,2011
22636,r3i1p1f1,2011,12,23,0.0,13.074609,2.7198339,2011
22637,r3i1p1f1,2011,12,24,0.0,13.111214,0.75729936,2011
22638,r3i1p1f1,2011,12,25,0.0,14.744704,0.97117794,2011
22639,r3i1p1f1,2011,12,26,0.0,13.922884,1.0629193,2011
22640,r3i1p1f1,2011,12,27,0.0,12.06038,1.0992345,2011
22641,r3i1p1f1,2011,12,28,7.552078660381468,5.044473,-1.2727629,2011
22642,r3i1p1f1,2011,12,29,105.5548632517457,9.955228,1.3223367,2011
22643,r3i1p1f1,2011,12,30,1.8907006367379309,5.522322,-4.346065,2011
22644,r3i1p1f1,2011,12,31,0.0,8.187683,-6.9835067,2011
22645,r3i1p1f1,2012,01,01,37.96008605951149,2.0761287,-5.905544,2012
22646,r3i1p1f1,2012,01,02,23.48063496787003,1.0434026,-2.77821,2012
22647,r3i1p1f1,2012,01,03,5.264047732941291,4.9973044,-2.0715218,2012
22648,r3i1p1f1,2012,01,04,0.0,7.386448,-6.6704445,2012
22649,r3i1p1f1,2012,01,05,0.020913356657777177,4.044899,-8.722241,2012
22650,r3i1p1f1,2012,01,06,11.254472600826135,1.5134358,-9.899001,2012
22651,r3i1p1f1,2012,01,07,5.798285160562955,3.1800866,-6.3877935,2012
22652,r3i1p1f1,2012,01,08,0.0,9.0072565,-3.0262687,2012
22653,r3i1p1f1,2012,01,09,0.0,8.025299,-5.960692,2012
22654,r3i1p1f1,2012,01,10,0.0,6.168726,-5.621044,2012
22655,r3i1p1f1,2012,01,11,0.0,8.615193,-3.3966217,2012
22656,r3i1p1f1,2012,01,12,0.0,9.673648,-2.2779973,2012
22657,r3i1p1f1,2012,01,13,0.0,11.022591,-2.5516672,2012
22658,r3i1p1f1,2012,01,14,0.0,11.985723,-1.0678025,2012
22659,r3i1p1f1,2012,01,15,0.0,10.10875,-0.6141656,2012
22660,r3i1p1f1,2012,01,16,0.0,8.329354,-3.8010786,2012
22661,r3i1p1f1,2012,01,17,0.0,7.943556,-3.3038516,2012
22662,r3i1p1f1,2012,01,18,0.0,11.481692,-2.4577284,2012
22663,r3i1p1f1,2012,01,19,0.0,9.27996,-2.6055381,2012
22664,r3i1p1f1,2012,01,20,0.0,5.712981,-6.3743644,2012
22665,r3i1p1f1,2012,01,21,0.0,5.3227444,-7.1339765,2012
22666,r3i1p1f1,2012,01,22,0.0,9.656771,-5.143734,2012
22667,r3i1p1f1,2012,01,23,0.0,9.227362,-1.3794054,2012
22668,r3i1p1f1,2012,01,24,59.50718996801267,3.435938,-1.1871413,2012
22669,r3i1p1f1,2012,01,25,50.018878871771065,2.8624039,-2.0893457,2012
22670,r3i1p1f1,2012,01,26,49.224699455264364,1.5444424,-3.6050646,2012
22671,r3i1p1f1,2012,01,27,1.1948242126604065,4.3498883,-4.60198,2012
22672,r3i1p1f1,2012,01,28,33.72159655647058,1.7414516,-4.2994866,2012
22673,r3i1p1f1,2012,01,29,8.402996719968016,2.5680852,-4.099483,2012
22674,r3i1p1f1,2012,01,30,0.0,6.352978,-6.0650935,2012
22675,r3i1p1f1,2012,01,31,45.055842017264744,3.097596,-0.18199071,2012
22676,r3i1p1f1,2012,02,01,1.7370240084250996,4.8386354,-7.5393367,2012
22677,r3i1p1f1,2012,02,02,0.0,4.9204493,-6.5950894,2012
22678,r3i1p1f1,2012,02,03,0.0,7.2537303,-5.139796,2012
22679,r3i1p1f1,2012,02,04,0.0,7.423233,-4.5408883,2012
22680,r3i1p1f1,2012,02,05,0.0,9.39657,-3.0044413,2012
22681,r3i1p1f1,2012,02,06,0.0,12.632914,-1.5303776,2012
22682,r3i1p1f1,2012,02,07,0.0,11.244744,-1.1231066,2012
22683,r3i1p1f1,2012,02,08,0.0,14.101306,-0.987136,2012
22684,r3i1p1f1,2012,02,09,0.0,13.456741,1.0516691,2012
22685,r3i1p1f1,2012,02,10,0.0,13.221815,1.4389718,2012
22686,r3i1p1f1,2012,02,11,0.0,15.999333,1.1494502,2012
22687,r3i1p1f1,2012,02,12,0.0,17.946375,1.0673943,2012
22688,r3i1p1f1,2012,02,13,0.0,16.383705,4.8275785,2012
22689,r3i1p1f1,2012,02,14,5.84522531824309,9.01906,2.905997,2012
22690,r3i1p1f1,2012,02,15,0.4380174089898279,10.655627,0.9964411,2012
22691,r3i1p1f1,2012,02,16,15.775255070107768,7.0622215,2.2889953,2012
22692,r3i1p1f1,2012,02,17,20.567715977392112,12.954833,2.3686116,2012
22693,r3i1p1f1,2012,02,18,0.0,15.726115,4.9571986,2012
22694,r3i1p1f1,2012,02,19,16.988332107614138,12.146149,3.4122837,2012
22695,r3i1p1f1,2012,02,20,24.68510664950468,6.9112983,-1.9132842,2012
22696,r3i1p1f1,2012,02,21,0.0,13.51093,-0.37051755,2012
22697,r3i1p1f1,2012,02,22,0.0,15.681133,3.6545365,2012
22698,r3i1p1f1,2012,02,23,0.0,13.751049,2.4273272,2012
22699,r3i1p1f1,2012,02,24,11.209176115899984,8.591752,2.317458,2012
22700,r3i1p1f1,2012,02,25,20.205058539929603,10.189377,1.6592833,2012
22701,r3i1p1f1,2012,02,26,22.78723341388334,9.008169,-0.5783334,2012
22702,r3i1p1f1,2012,02,27,1.027543305826839,8.707769,-1.1693139,2012
22703,r3i1p1f1,2012,02,28,11.37430729087148,3.6687217,-2.6674366,2012
22704,r3i1p1f1,2012,02,29,33.2922863945561,0.98778534,-5.678776,2012
22705,r3i1p1f1,2012,03,01,13.050585911045538,1.6424379,-6.2634354,2012
22706,r3i1p1f1,2012,03,02,50.78631903911867,5.413664,0.4224111,2012
22707,r3i1p1f1,2012,03,03,78.63493122062401,5.144429,-0.40968302,2012
22708,r3i1p1f1,2012,03,04,11.487231511235127,2.035576,-6.505635,2012
22709,r3i1p1f1,2012,03,05,0.0,6.4788756,-6.7999873,2012
22710,r3i1p1f1,2012,03,06,0.0,6.904432,-6.926261,2012
22711,r3i1p1f1,2012,03,07,11.524093313920801,2.766572,-4.222305,2012
22712,r3i1p1f1,2012,03,08,0.6989045908420323,5.362412,-3.8870125,2012
22713,r3i1p1f1,2012,03,09,6.488703083864254,7.7243686,-4.504301,2012
22714,r3i1p1f1,2012,03,10,33.31562169141283,7.536308,1.2436297,2012
22715,r3i1p1f1,2012,03,11,64.85070991574933,6.5630846,2.997176,2012
22716,r3i1p1f1,2012,03,12,21.166034017560857,7.429959,0.81933373,2012
22717,r3i1p1f1,2012,03,13,5.94662462765547,9.191157,0.56197804,2012
22718,r3i1p1f1,2012,03,14,0.0,13.642257,0.9114806,2012
22719,r3i1p1f1,2012,03,15,0.0,14.759494,1.0289109,2012
22720,r3i1p1f1,2012,03,16,2.545681663976115,13.467022,2.2683048,2012
22721,r3i1p1f1,2012,03,17,43.86712273484782,7.7429495,0.1854825,2012
22722,r3i1p1f1,2012,03,18,4.133250852043458,5.842628,-4.0753107,2012
22723,r3i1p1f1,2012,03,19,0.6361998053953836,7.268024,1.5336716,2012
22724,r3i1p1f1,2012,03,20,5.605143016605564,6.0809364,-1.6033391,2012
22725,r3i1p1f1,2012,03,21,12.854001992137023,6.925787,-0.88843954,2012
22726,r3i1p1f1,2012,03,22,0.0,10.521556,-1.3563887,2012
22727,r3i1p1f1,2012,03,23,0.0,10.457248,0.09977856,2012
22728,r3i1p1f1,2012,03,24,0.0,10.634028,-2.626238,2012
22729,r3i1p1f1,2012,03,25,0.0,11.151207,0.14722066,2012
22730,r3i1p1f1,2012,03,26,0.0,10.995308,-2.3382123,2012
22731,r3i1p1f1,2012,03,27,0.0,9.988677,-2.0459628,2012
22732,r3i1p1f1,2012,03,28,0.0,9.896282,-3.836208,2012
22733,r3i1p1f1,2012,03,29,0.0,11.004116,-2.9807434,2012
22734,r3i1p1f1,2012,03,30,0.0,12.880382,-1.1186987,2012
22735,r3i1p1f1,2012,03,31,0.0,15.480369,-1.1130245,2012
22736,r3i1p1f1,2012,04,01,5.955314297247433,11.492193,-0.18792291,2012
22737,r3i1p1f1,2012,04,02,0.0,12.642427,4.510061,2012
22738,r3i1p1f1,2012,04,03,0.02477998564963376,13.112428,0.2497047,2012
22739,r3i1p1f1,2012,04,04,0.0,14.3533945,2.2791975,2012
22740,r3i1p1f1,2012,04,05,0.0,20.26768,3.1836367,2012
22741,r3i1p1f1,2012,04,06,0.0,22.17186,4.8629603,2012
22742,r3i1p1f1,2012,04,07,0.0,20.510843,6.5478034,2012
22743,r3i1p1f1,2012,04,08,13.00757481459234,13.249808,0.17569773,2012
22744,r3i1p1f1,2012,04,09,0.0,14.604853,-0.722539,2012
22745,r3i1p1f1,2012,04,10,0.0,15.189302,0.3100697,2012
22746,r3i1p1f1,2012,04,11,0.0,14.248623,3.2580078,2012
22747,r3i1p1f1,2012,04,12,0.0,14.214631,1.8880544,2012
22748,r3i1p1f1,2012,04,13,0.0,14.511243,1.271591,2012
22749,r3i1p1f1,2012,04,14,0.0,12.527602,3.3717449,2012
22750,r3i1p1f1,2012,04,15,0.0,15.912427,-0.11572854,2012
22751,r3i1p1f1,2012,04,16,0.00793894471012448,15.852417,1.2307355,2012
22752,r3i1p1f1,2012,04,17,3.216838356073774,8.26178,0.07423707,2012
22753,r3i1p1f1,2012,04,18,0.1795452484848762,13.11682,-0.99712247,2012
22754,r3i1p1f1,2012,04,19,0.0,13.323768,2.255092,2012
22755,r3i1p1f1,2012,04,20,11.286250373278131,9.1756115,0.40800086,2012
22756,r3i1p1f1,2012,04,21,19.2655990133062,11.292541,0.32216325,2012
22757,r3i1p1f1,2012,04,22,26.064611799818906,9.925934,0.4777712,2012
22758,r3i1p1f1,2012,04,23,0.0,15.8151,-1.4657962,2012
22759,r3i1p1f1,2012,04,24,0.0007796523277647793,14.652995,2.4395716,2012
22760,r3i1p1f1,2012,04,25,0.0,19.344952,2.2264214,2012
22761,r3i1p1f1,2012,04,26,0.0,21.620783,3.6246095,2012
22762,r3i1p1f1,2012,04,27,0.0,21.116678,4.966391,2012
22763,r3i1p1f1,2012,04,28,0.6617391352177181,18.453049,4.3653245,2012
22764,r3i1p1f1,2012,04,29,1.4697008908880984,17.240786,3.4938576,2012
22765,r3i1p1f1,2012,04,30,0.2985130074528953,16.946579,2.4562824,2012
22766,r3i1p1f1,2012,05,01,0.0,16.960524,1.1109703,2012
22767,r3i1p1f1,2012,05,02,0.0,18.851664,2.4817863,2012
22768,r3i1p1f1,2012,05,03,0.0,19.285183,6.168114,2012
22769,r3i1p1f1,2012,05,04,0.0,22.038334,4.9478273,2012
22770,r3i1p1f1,2012,05,05,0.0,24.7488,8.332104,2012
22771,r3i1p1f1,2012,05,06,0.0,22.586351,9.419033,2012
22772,r3i1p1f1,2012,05,07,0.0,19.048859,6.993995,2012
22773,r3i1p1f1,2012,05,08,0.21557087545117706,24.186052,6.326787,2012
22774,r3i1p1f1,2012,05,09,6.202406730517396,19.467268,5.3857546,2012
22775,r3i1p1f1,2012,05,10,0.0,24.025738,8.874497,2012
22776,r3i1p1f1,2012,05,11,0.0,27.146255,10.521897,2012
22777,r3i1p1f1,2012,05,12,0.0,28.984404,11.259054,2012
22778,r3i1p1f1,2012,05,13,0.23944933659789203,26.844757,10.073728,2012
22779,r3i1p1f1,2012,05,14,0.0,25.517944,9.656653,2012
22780,r3i1p1f1,2012,05,15,0.09892052430108092,20.063078,6.455122,2012
22781,r3i1p1f1,2012,05,16,5.307978367904741,11.82496,0.28096,2012
22782,r3i1p1f1,2012,05,17,0.3532714969806923,10.659581,3.0456169,2012
22783,r3i1p1f1,2012,05,18,1.1045936158456913,13.36143,0.6830415,2012
22784,r3i1p1f1,2012,05,19,0.0,17.658045,1.4886348,2012
22785,r3i1p1f1,2012,05,20,0.0,20.605734,4.4628334,2012
22786,r3i1p1f1,2012,05,21,0.0,23.231436,7.371063,2012
22787,r3i1p1f1,2012,05,22,0.0,23.487673,9.333022,2012
22788,r3i1p1f1,2012,05,23,0.0,22.64358,8.096529,2012
22789,r3i1p1f1,2012,05,24,0.0,20.269802,6.501093,2012
22790,r3i1p1f1,2012,05,25,0.0,18.643175,5.9884286,2012
22791,r3i1p1f1,2012,05,26,0.0,18.886778,3.4417133,2012
22792,r3i1p1f1,2012,05,27,0.0,22.850986,5.6960044,2012
22793,r3i1p1f1,2012,05,28,0.0,22.576427,6.3702855,2012
22794,r3i1p1f1,2012,05,29,0.0,22.430998,9.02523,2012
22795,r3i1p1f1,2012,05,30,0.0,23.56138,8.380993,2012
22796,r3i1p1f1,2012,05,31,0.0,24.458757,10.611626,2012
22797,r3i1p1f1,2012,06,01,0.0,24.143656,9.285889,2012
22798,r3i1p1f1,2012,06,02,0.0,23.751678,7.5060287,2012
22799,r3i1p1f1,2012,06,03,0.0,21.419825,5.4142933,2012
22800,r3i1p1f1,2012,06,04,0.0,16.827204,3.3432555,2012
22801,r3i1p1f1,2012,06,05,0.0,17.70438,3.7296853,2012
22802,r3i1p1f1,2012,06,06,0.0,21.273672,5.876216,2012
22803,r3i1p1f1,2012,06,07,0.0,24.547632,7.3977942,2012
22804,r3i1p1f1,2012,06,08,0.23656975076607378,22.729141,7.8006244,2012
22805,r3i1p1f1,2012,06,09,0.0,23.014002,5.806245,2012
22806,r3i1p1f1,2012,06,10,0.0,22.880802,8.302847,2012
22807,r3i1p1f1,2012,06,11,0.0,26.933762,7.567517,2012
22808,r3i1p1f1,2012,06,12,0.0,32.186234,12.901061,2012
22809,r3i1p1f1,2012,06,13,0.0,32.202347,15.115284,2012
22810,r3i1p1f1,2012,06,14,0.0,31.021954,14.224176,2012
22811,r3i1p1f1,2012,06,15,0.0,28.389458,12.447944,2012
22812,r3i1p1f1,2012,06,16,0.0,28.738346,12.215199,2012
22813,r3i1p1f1,2012,06,17,0.0,29.697184,12.615867,2012
22814,r3i1p1f1,2012,06,18,0.7282304663309142,28.689575,11.80229,2012
22815,r3i1p1f1,2012,06,19,11.317070719393852,23.173512,8.680375,2012
22816,r3i1p1f1,2012,06,20,1.1902719486801958,18.21685,10.685101,2012
22817,r3i1p1f1,2012,06,21,0.3530735689166345,22.056381,8.863811,2012
22818,r3i1p1f1,2012,06,22,0.0,25.192982,9.68256,2012
22819,r3i1p1f1,2012,06,23,0.0,26.591324,11.157089,2012
22820,r3i1p1f1,2012,06,24,0.0,26.38234,11.370366,2012
22821,r3i1p1f1,2012,06,25,0.0,25.531971,9.652844,2012
22822,r3i1p1f1,2012,06,26,0.0,23.746962,7.606365,2012
22823,r3i1p1f1,2012,06,27,0.0,20.959057,6.7219505,2012
22824,r3i1p1f1,2012,06,28,0.0,18.57386,5.1293383,2012
22825,r3i1p1f1,2012,06,29,0.0,24.561121,6.781207,2012
22826,r3i1p1f1,2012,06,30,0.0,26.378332,9.80873,2012
22827,r3i1p1f1,2012,07,01,0.0,26.114399,11.906147,2012
22828,r3i1p1f1,2012,07,02,0.0,26.918566,9.91529,2012
22829,r3i1p1f1,2012,07,03,0.0,26.606531,11.992446,2012
22830,r3i1p1f1,2012,07,04,0.0,26.04009,10.5101185,2012
22831,r3i1p1f1,2012,07,05,0.0,25.334337,10.637157,2012
22832,r3i1p1f1,2012,07,06,0.0,25.624277,11.353918,2012
22833,r3i1p1f1,2012,07,07,0.0,28.830936,11.804579,2012
22834,r3i1p1f1,2012,07,08,0.0,32.90807,13.688417,2012
22835,r3i1p1f1,2012,07,09,0.0,33.04203,16.282837,2012
22836,r3i1p1f1,2012,07,10,0.0,32.661034,15.645041,2012
22837,r3i1p1f1,2012,07,11,0.0,31.166492,15.16046,2012
22838,r3i1p1f1,2012,07,12,0.0,32.65518,13.973856,2012
22839,r3i1p1f1,2012,07,13,0.0,32.415867,16.279613,2012
22840,r3i1p1f1,2012,07,14,0.0,30.550074,14.2744875,2012
22841,r3i1p1f1,2012,07,15,0.0,26.988163,12.27046,2012
22842,r3i1p1f1,2012,07,16,2.0552088736669822,27.240654,12.939382,2012
22843,r3i1p1f1,2012,07,17,7.525728392034867,29.66696,16.796629,2012
22844,r3i1p1f1,2012,07,18,9.06200961801101,29.335575,17.357285,2012
22845,r3i1p1f1,2012,07,19,9.778585566470467,26.188463,15.301469,2012
22846,r3i1p1f1,2012,07,20,3.4667274378223643,25.554325,12.518818,2012
22847,r3i1p1f1,2012,07,21,0.013173807038631486,24.078747,9.91235,2012
22848,r3i1p1f1,2012,07,22,0.0,23.854406,7.9811816,2012
22849,r3i1p1f1,2012,07,23,0.6371611358956312,20.714025,7.6718774,2012
22850,r3i1p1f1,2012,07,24,2.719017950814879,20.880781,7.2742453,2012
22851,r3i1p1f1,2012,07,25,1.064380474915532,20.426912,9.255697,2012
22852,r3i1p1f1,2012,07,26,0.0,25.229769,6.7188993,2012
22853,r3i1p1f1,2012,07,27,0.0,27.035395,9.7699175,2012
22854,r3i1p1f1,2012,07,28,0.0,27.677088,10.9456,2012
22855,r3i1p1f1,2012,07,29,0.0,27.55208,10.311731,2012
22856,r3i1p1f1,2012,07,30,0.0,27.214735,10.309725,2012
22857,r3i1p1f1,2012,07,31,0.0,30.056984,12.294332,2012
22858,r3i1p1f1,2012,08,01,0.0,31.457928,14.353087,2012
22859,r3i1p1f1,2012,08,02,0.0,32.31665,14.43572,2012
22860,r3i1p1f1,2012,08,03,0.0,31.861557,15.084795,2012
22861,r3i1p1f1,2012,08,04,0.0,30.945282,14.673793,2012
22862,r3i1p1f1,2012,08,05,0.0,30.328499,13.524622,2012
22863,r3i1p1f1,2012,08,06,0.0,31.69596,14.200043,2012
22864,r3i1p1f1,2012,08,07,0.0,32.007633,14.366634,2012
22865,r3i1p1f1,2012,08,08,0.0,33.123856,14.181226,2012
22866,r3i1p1f1,2012,08,09,0.0,33.0922,15.181622,2012
22867,r3i1p1f1,2012,08,10,0.0,31.955006,13.757525,2012
22868,r3i1p1f1,2012,08,11,0.0,25.960747,9.24055,2012
22869,r3i1p1f1,2012,08,12,0.0,23.62052,9.191688,2012
22870,r3i1p1f1,2012,08,13,0.0,27.549433,10.188424,2012
22871,r3i1p1f1,2012,08,14,0.0,30.269945,12.705057,2012
22872,r3i1p1f1,2012,08,15,0.0,29.6037,13.346647,2012
22873,r3i1p1f1,2012,08,16,0.0,28.25282,12.270806,2012
22874,r3i1p1f1,2012,08,17,0.0,25.71357,10.270618,2012
22875,r3i1p1f1,2012,08,18,0.0,23.889273,7.49579,2012
22876,r3i1p1f1,2012,08,19,0.0,20.176239,4.113802,2012
22877,r3i1p1f1,2012,08,20,0.0,24.724737,6.86188,2012
22878,r3i1p1f1,2012,08,21,0.0,31.180214,11.512211,2012
22879,r3i1p1f1,2012,08,22,0.0,30.823425,12.632148,2012
22880,r3i1p1f1,2012,08,23,0.0,29.817087,12.239052,2012
22881,r3i1p1f1,2012,08,24,0.0,29.331982,11.633976,2012
22882,r3i1p1f1,2012,08,25,0.0,29.07593,11.453055,2012
22883,r3i1p1f1,2012,08,26,0.0,29.037155,11.074415,2012
22884,r3i1p1f1,2012,08,27,0.0,31.17812,12.028352,2012
22885,r3i1p1f1,2012,08,28,0.0,33.866695,14.663109,2012
22886,r3i1p1f1,2012,08,29,0.0,33.86445,15.910678,2012
22887,r3i1p1f1,2012,08,30,0.0,32.59253,15.487227,2012
22888,r3i1p1f1,2012,08,31,0.0,32.291042,14.126767,2012
22889,r3i1p1f1,2012,09,01,0.0,32.73672,14.405875,2012
22890,r3i1p1f1,2012,09,02,0.0,31.436954,14.917722,2012
22891,r3i1p1f1,2012,09,03,0.0,29.58533,14.804726,2012
22892,r3i1p1f1,2012,09,04,2.734721744778462,29.69692,14.553103,2012
22893,r3i1p1f1,2012,09,05,0.0,25.67827,10.923916,2012
22894,r3i1p1f1,2012,09,06,0.0,30.363052,11.723381,2012
22895,r3i1p1f1,2012,09,07,0.0,33.254623,14.112499,2012
22896,r3i1p1f1,2012,09,08,0.0,34.01886,15.637942,2012
22897,r3i1p1f1,2012,09,09,0.0,33.433807,17.148563,2012
22898,r3i1p1f1,2012,09,10,0.0,32.30123,16.027458,2012
22899,r3i1p1f1,2012,09,11,0.0,27.918566,12.624282,2012
22900,r3i1p1f1,2012,09,12,0.0,27.556503,11.1704035,2012
22901,r3i1p1f1,2012,09,13,0.0,26.961208,10.1286125,2012
22902,r3i1p1f1,2012,09,14,0.0,22.169477,9.062418,2012
22903,r3i1p1f1,2012,09,15,0.0,19.642206,7.708174,2012
22904,r3i1p1f1,2012,09,16,0.0,19.10653,5.6655674,2012
22905,r3i1p1f1,2012,09,17,0.0,24.16776,6.741946,2012
22906,r3i1p1f1,2012,09,18,0.0,27.983189,9.050732,2012
22907,r3i1p1f1,2012,09,19,0.0,30.162477,11.899597,2012
22908,r3i1p1f1,2012,09,20,0.0,31.248703,14.916946,2012
22909,r3i1p1f1,2012,09,21,0.0,31.34511,14.723623,2012
22910,r3i1p1f1,2012,09,22,0.0,30.702953,14.904424,2012
22911,r3i1p1f1,2012,09,23,0.0,31.177706,13.534018,2012
22912,r3i1p1f1,2012,09,24,0.005427287128680435,30.396584,16.340467,2012
22913,r3i1p1f1,2012,09,25,0.06865907453175168,28.399832,13.631965,2012
22914,r3i1p1f1,2012,09,26,2.1571119141873694,31.215334,15.145015,2012
22915,r3i1p1f1,2012,09,27,0.0,30.96871,15.791284,2012
22916,r3i1p1f1,2012,09,28,2.4202277309469586,31.77668,17.497452,2012
22917,r3i1p1f1,2012,09,29,0.0,30.073645,15.098422,2012
22918,r3i1p1f1,2012,09,30,0.05595519362127801,26.285088,13.211806,2012
22919,r3i1p1f1,2012,10,01,0.0,26.950308,12.382486,2012
22920,r3i1p1f1,2012,10,02,0.0,25.853878,12.107363,2012
22921,r3i1p1f1,2012,10,03,0.0,24.237162,10.161784,2012
22922,r3i1p1f1,2012,10,04,0.0,28.50415,11.700129,2012
22923,r3i1p1f1,2012,10,05,0.0,28.392277,11.760639,2012
22924,r3i1p1f1,2012,10,06,0.0,28.788977,12.238297,2012
22925,r3i1p1f1,2012,10,07,0.0,27.042284,12.370326,2012
22926,r3i1p1f1,2012,10,08,0.0,24.583397,10.927478,2012
22927,r3i1p1f1,2012,10,09,0.0,26.482761,10.83087,2012
22928,r3i1p1f1,2012,10,10,0.0,28.19597,11.87348,2012
22929,r3i1p1f1,2012,10,11,0.0,30.352392,13.064821,2012
22930,r3i1p1f1,2012,10,12,0.0,30.719677,12.642238,2012
22931,r3i1p1f1,2012,10,13,0.0,30.27315,13.2013,2012
22932,r3i1p1f1,2012,10,14,0.0,27.969162,12.66243,2012
22933,r3i1p1f1,2012,10,15,0.0,29.48397,12.904979,2012
22934,r3i1p1f1,2012,10,16,0.0,29.609213,12.776353,2012
22935,r3i1p1f1,2012,10,17,0.0,28.416298,14.214083,2012
22936,r3i1p1f1,2012,10,18,0.0,25.520964,12.834306,2012
22937,r3i1p1f1,2012,10,19,0.0,27.768381,11.680986,2012
22938,r3i1p1f1,2012,10,20,0.0,28.77488,12.133844,2012
22939,r3i1p1f1,2012,10,21,0.0,27.76851,12.609953,2012
22940,r3i1p1f1,2012,10,22,0.0,26.670364,10.86666,2012
22941,r3i1p1f1,2012,10,23,0.16247427510710336,22.397446,9.53637,2012
22942,r3i1p1f1,2012,10,24,0.9000582542763655,17.522476,5.955697,2012
22943,r3i1p1f1,2012,10,25,0.0,21.643076,6.4631715,2012
22944,r3i1p1f1,2012,10,26,0.0,21.96348,8.379535,2012
22945,r3i1p1f1,2012,10,27,0.028825990586100442,20.103397,7.3418517,2012
22946,r3i1p1f1,2012,10,28,0.0,15.312961,3.9343226,2012
22947,r3i1p1f1,2012,10,29,0.0,19.452923,3.7793295,2012
22948,r3i1p1f1,2012,10,30,0.0,19.041206,5.4814577,2012
22949,r3i1p1f1,2012,10,31,0.0,20.341352,8.271771,2012
22950,r3i1p1f1,2012,11,01,0.3270794966068168,19.246033,8.058534,2012
22951,r3i1p1f1,2012,11,02,21.47484207158222,15.302938,7.084642,2012
22952,r3i1p1f1,2012,11,03,56.22450699539561,12.257996,4.3754215,2012
22953,r3i1p1f1,2012,11,04,14.61407111874953,11.2902775,4.1279554,2012
22954,r3i1p1f1,2012,11,05,0.0,12.837145,1.6699146,2012
22955,r3i1p1f1,2012,11,06,0.0,16.016043,2.4305947,2012
22956,r3i1p1f1,2012,11,07,3.3414063565463663,13.9068365,5.861746,2012
22957,r3i1p1f1,2012,11,08,18.422713500484335,11.596053,5.730018,2012
22958,r3i1p1f1,2012,11,09,23.83796402841414,10.480473,2.389259,2012
22959,r3i1p1f1,2012,11,10,0.0,16.32502,2.5634184,2012
22960,r3i1p1f1,2012,11,11,0.0,18.243216,5.568961,2012
22961,r3i1p1f1,2012,11,12,0.0,20.382555,6.3211236,2012
22962,r3i1p1f1,2012,11,13,0.0,21.413998,6.847709,2012
22963,r3i1p1f1,2012,11,14,0.0,22.444174,7.435981,2012
22964,r3i1p1f1,2012,11,15,0.0,22.173922,6.252642,2012
22965,r3i1p1f1,2012,11,16,0.0,18.860628,8.489625,2012
22966,r3i1p1f1,2012,11,17,0.0,14.680066,5.136041,2012
22967,r3i1p1f1,2012,11,18,0.0,16.056469,5.24721,2012
22968,r3i1p1f1,2012,11,19,0.0,18.2919,6.6622787,2012
22969,r3i1p1f1,2012,11,20,0.0,17.994738,6.856391,2012
22970,r3i1p1f1,2012,11,21,1.615405209725539,14.71058,4.0000887,2012
22971,r3i1p1f1,2012,11,22,0.0,8.1455345,-2.4551442,2012
22972,r3i1p1f1,2012,11,23,0.0,7.000454,-3.525167,2012
22973,r3i1p1f1,2012,11,24,0.0,13.309238,-0.76123303,2012
22974,r3i1p1f1,2012,11,25,0.40244547342713066,13.189433,2.2322977,2012
22975,r3i1p1f1,2012,11,26,12.923777147673382,10.615851,5.125719,2012
22976,r3i1p1f1,2012,11,27,0.0,10.628931,-1.5994923,2012
22977,r3i1p1f1,2012,11,28,0.0,10.804006,-3.1192043,2012
22978,r3i1p1f1,2012,11,29,0.358344038939226,8.533616,1.2097585,2012
22979,r3i1p1f1,2012,11,30,0.0,11.909402,1.4848448,2012
22980,r3i1p1f1,2012,12,01,0.0,14.824773,2.7617338,2012
22981,r3i1p1f1,2012,12,02,0.0,13.369528,2.0196762,2012
22982,r3i1p1f1,2012,12,03,0.785742914166277,9.704771,1.8481143,2012
22983,r3i1p1f1,2012,12,04,0.06820600078514728,11.013369,1.6248026,2012
22984,r3i1p1f1,2012,12,05,0.0,13.116247,0.97850394,2012
22985,r3i1p1f1,2012,12,06,0.0,11.735137,-0.32262808,2012
22986,r3i1p1f1,2012,12,07,0.0,12.020762,0.32394278,2012
22987,r3i1p1f1,2012,12,08,0.0,11.283304,0.58581656,2012
22988,r3i1p1f1,2012,12,09,0.0,12.625102,2.3236904,2012
22989,r3i1p1f1,2012,12,10,0.0,15.5487995,1.6303902,2012
22990,r3i1p1f1,2012,12,11,0.0,13.51381,1.0321394,2012
22991,r3i1p1f1,2012,12,12,9.767976704537624,7.6213584,-1.2697687,2012
22992,r3i1p1f1,2012,12,13,0.0,9.424873,-2.7554598,2012
22993,r3i1p1f1,2012,12,14,1.3872781840051942,8.853794,-1.8990816,2012
22994,r3i1p1f1,2012,12,15,4.777271533806159,7.619637,-2.105035,2012
22995,r3i1p1f1,2012,12,16,32.030837877506485,5.648311,1.3586975,2012
22996,r3i1p1f1,2012,12,17,19.54364537837376,5.973849,1.0884273,2012
22997,r3i1p1f1,2012,12,18,56.03701850938562,6.639228,-0.23196928,2012
22998,r3i1p1f1,2012,12,19,5.942566886369605,6.6406984,-1.2040037,2012
22999,r3i1p1f1,2012,12,20,61.94246657878945,8.031568,3.01214,2012
23000,r3i1p1f1,2012,12,21,41.61002879325105,7.545776,2.850277,2012
23001,r3i1p1f1,2012,12,22,0.6397760314269506,6.213609,-4.2160063,2012
23002,r3i1p1f1,2012,12,23,0.0,6.8160944,-5.246546,2012
23003,r3i1p1f1,2012,12,24,0.0,11.532425,-1.8466703,2012
23004,r3i1p1f1,2012,12,25,0.0,9.7202425,-1.7622006,2012
23005,r3i1p1f1,2012,12,26,0.0,9.281445,-2.7195938,2012
23006,r3i1p1f1,2012,12,27,4.049269008943443,5.8513827,0.32636005,2012
23007,r3i1p1f1,2012,12,28,0.0,7.47472,-4.7487836,2012
23008,r3i1p1f1,2012,12,29,0.0,3.678798,-7.4887924,2012
23009,r3i1p1f1,2012,12,30,0.030673491260370753,3.452065,-6.493973,2012
23010,r3i1p1f1,2012,12,31,59.17906569022881,1.33087,-4.528494,2012
23011,r3i1p1f1,2013,01,01,47.89966108571542,2.1196823,-2.015045,2013
23012,r3i1p1f1,2013,01,02,0.5429153998863369,5.5677085,-1.2149711,2013
23013,r3i1p1f1,2013,01,03,10.314289084022963,2.0679426,-2.6569614,2013
23014,r3i1p1f1,2013,01,04,21.70123336101441,0.06236597,-5.0504136,2013
23015,r3i1p1f1,2013,01,05,0.0,3.273129,-11.01629,2013
23016,r3i1p1f1,2013,01,06,17.1107510359051,-0.030235186,-5.7517734,2013
23017,r3i1p1f1,2013,01,07,56.56725223617334,5.2747407,-1.9762312,2013
23018,r3i1p1f1,2013,01,08,0.0,8.991832,-3.235653,2013
23019,r3i1p1f1,2013,01,09,12.08291325142215,3.6232438,-2.998916,2013
23020,r3i1p1f1,2013,01,10,0.0,8.081427,-5.9916396,2013
23021,r3i1p1f1,2013,01,11,0.0,9.168281,0.21842745,2013
23022,r3i1p1f1,2013,01,12,0.0,9.990047,-2.1081293,2013
23023,r3i1p1f1,2013,01,13,0.0,8.635525,-3.4244921,2013
23024,r3i1p1f1,2013,01,14,9.117866511223838,5.287073,-3.5890255,2013
23025,r3i1p1f1,2013,01,15,71.03026885245191,8.906393,2.7727978,2013
23026,r3i1p1f1,2013,01,16,4.244181790885418,10.441676,3.2093232,2013
23027,r3i1p1f1,2013,01,17,42.37218524917568,12.2211685,6.1105485,2013
23028,r3i1p1f1,2013,01,18,34.079462561854406,10.96516,4.7241144,2013
23029,r3i1p1f1,2013,01,19,0.00884554476789689,11.690521,1.7310402,2013
23030,r3i1p1f1,2013,01,20,0.0,11.3531475,0.7548409,2013
23031,r3i1p1f1,2013,01,21,12.21099228622686,7.0506,1.0841982,2013
23032,r3i1p1f1,2013,01,22,0.0,8.057704,-0.80986404,2013
23033,r3i1p1f1,2013,01,23,52.49846881794694,5.044464,0.83083165,2013
23034,r3i1p1f1,2013,01,24,111.81659622019843,6.0913258,-1.6529644,2013
23035,r3i1p1f1,2013,01,25,5.403926915957862,2.7804775,-3.1398463,2013
23036,r3i1p1f1,2013,01,26,0.0,5.806695,-7.5428195,2013
23037,r3i1p1f1,2013,01,27,0.0,5.5509205,-7.6499953,2013
23038,r3i1p1f1,2013,01,28,20.394375616390455,0.3714838,-5.5336943,2013
23039,r3i1p1f1,2013,01,29,11.339264745689242,0.32792136,-4.083537,2013
23040,r3i1p1f1,2013,01,30,1.0495498461990025,9.237245,-2.420543,2013
23041,r3i1p1f1,2013,01,31,0.0,11.948641,0.017099421,2013
23042,r3i1p1f1,2013,02,01,0.0008709095326546384,10.261779,4.9587226,2013
23043,r3i1p1f1,2013,02,02,1.709630569147473,7.4660535,-2.1924987,2013
23044,r3i1p1f1,2013,02,03,1.9276418750355093,11.414452,0.39346826,2013
23045,r3i1p1f1,2013,02,04,25.624314712752636,7.8104486,0.46981883,2013
23046,r3i1p1f1,2013,02,05,0.08470903175245774,9.380901,-1.3941834,2013
23047,r3i1p1f1,2013,02,06,35.31943930214957,4.8798785,-1.8911033,2013
23048,r3i1p1f1,2013,02,07,0.04354457246096756,9.21596,-1.4541948,2013
23049,r3i1p1f1,2013,02,08,39.04577513029309,5.4370008,-1.4483607,2013
23050,r3i1p1f1,2013,02,09,9.603674422856114,2.8663757,-3.3481977,2013
23051,r3i1p1f1,2013,02,10,0.0,5.9195824,-8.112664,2013
23052,r3i1p1f1,2013,02,11,1.891996501590735,2.2550044,-10.875129,2013
23053,r3i1p1f1,2013,02,12,25.949605244922598,5.3606997,-3.0179012,2013
23054,r3i1p1f1,2013,02,13,70.56057203659101,8.440453,-1.1143652,2013
23055,r3i1p1f1,2013,02,14,12.889517675035965,3.04067,-2.4966905,2013
23056,r3i1p1f1,2013,02,15,19.51334805619952,2.1876504,-3.972668,2013
23057,r3i1p1f1,2013,02,16,2.247538500715133,5.985128,-5.843205,2013
23058,r3i1p1f1,2013,02,17,0.0,9.156563,-3.6461847,2013
23059,r3i1p1f1,2013,02,18,0.0,9.373664,-5.8829956,2013
23060,r3i1p1f1,2013,02,19,0.0,2.325722,-10.70706,2013
23061,r3i1p1f1,2013,02,20,0.0,3.536426,-9.964385,2013
23062,r3i1p1f1,2013,02,21,0.0,5.3744125,-8.274651,2013
23063,r3i1p1f1,2013,02,22,0.4708438112055247,6.1464148,-7.3518777,2013
23064,r3i1p1f1,2013,02,23,26.64914535799701,4.7069206,-4.537993,2013
23065,r3i1p1f1,2013,02,24,28.81792377631523,5.3066797,-2.0727072,2013
23066,r3i1p1f1,2013,02,25,43.213035399094224,8.465641,2.6295815,2013
23067,r3i1p1f1,2013,02,26,85.0866285887988,11.116372,2.4426203,2013
23068,r3i1p1f1,2013,02,27,42.05358138700065,4.6949396,-1.4019338,2013
23069,r3i1p1f1,2013,02,28,9.364668254975664,3.6258266,-2.3179796,2013
23070,r3i1p1f1,2013,03,01,0.02987600685293345,10.232416,-2.1892972,2013
23071,r3i1p1f1,2013,03,02,0.0,11.247651,-2.1611109,2013
23072,r3i1p1f1,2013,03,03,0.0,16.597433,0.2375656,2013
23073,r3i1p1f1,2013,03,04,0.0,18.34151,3.2233453,2013
23074,r3i1p1f1,2013,03,05,6.799888778340047,13.722963,4.5124288,2013
23075,r3i1p1f1,2013,03,06,0.0,12.872622,-1.3386787,2013
23076,r3i1p1f1,2013,03,07,0.0,15.486762,0.75286454,2013
23077,r3i1p1f1,2013,03,08,0.0,16.72499,2.4599614,2013
23078,r3i1p1f1,2013,03,09,0.0,15.593433,6.482217,2013
23079,r3i1p1f1,2013,03,10,0.48306274854296233,15.239932,3.753132,2013
23080,r3i1p1f1,2013,03,11,18.611121803865228,8.306727,2.37839,2013
23081,r3i1p1f1,2013,03,12,51.32264096142822,5.7665615,0.4772497,2013
23082,r3i1p1f1,2013,03,13,39.95238241102351,6.284211,-1.5864937,2013
23083,r3i1p1f1,2013,03,14,0.0,10.58291,-3.3751328,2013
23084,r3i1p1f1,2013,03,15,14.343027809732838,7.2942595,-1.6939664,2013
23085,r3i1p1f1,2013,03,16,61.0970833436831,6.512401,1.0279729,2013
23086,r3i1p1f1,2013,03,17,39.04412900783906,2.290781,-3.3789396,2013
23087,r3i1p1f1,2013,03,18,10.303534202639161,2.1220932,-3.8011558,2013
23088,r3i1p1f1,2013,03,19,5.367418365571403,3.759501,-6.5712576,2013
23089,r3i1p1f1,2013,03,20,0.0,7.3944983,-7.7429996,2013
23090,r3i1p1f1,2013,03,21,0.3242980526058665,5.9654684,-3.2693157,2013
23091,r3i1p1f1,2013,03,22,7.968088873473645,4.310477,-3.166716,2013
23092,r3i1p1f1,2013,03,23,37.53157817317467,3.453709,-1.739897,2013
23093,r3i1p1f1,2013,03,24,4.64343991357294,2.8656774,-7.1354766,2013
23094,r3i1p1f1,2013,03,25,0.0,8.546846,-4.2161736,2013
23095,r3i1p1f1,2013,03,26,0.0,13.8379135,-2.9877264,2013
23096,r3i1p1f1,2013,03,27,0.0,13.42572,0.95541483,2013
23097,r3i1p1f1,2013,03,28,18.462761679639744,10.649878,3.9868805,2013
23098,r3i1p1f1,2013,03,29,0.0,16.717333,3.6444042,2013
23099,r3i1p1f1,2013,03,30,0.0,19.618727,3.5078125,2013
23100,r3i1p1f1,2013,03,31,0.0,21.50699,5.830253,2013
23101,r3i1p1f1,2013,04,01,0.0,23.167131,6.855784,2013
23102,r3i1p1f1,2013,04,02,0.0,23.972595,6.662963,2013
23103,r3i1p1f1,2013,04,03,0.0,23.426275,7.630126,2013
23104,r3i1p1f1,2013,04,04,0.0,22.539885,7.57755,2013
23105,r3i1p1f1,2013,04,05,0.0,21.72433,6.569293,2013
23106,r3i1p1f1,2013,04,06,0.019219444144063777,20.80646,5.7713284,2013
23107,r3i1p1f1,2013,04,07,20.054365356918424,9.9756565,-1.3664266,2013
23108,r3i1p1f1,2013,04,08,3.2041278757165665,5.86299,-4.4636617,2013
23109,r3i1p1f1,2013,04,09,0.0,11.451169,-0.78432196,2013
23110,r3i1p1f1,2013,04,10,0.0,17.329323,1.4002093,2013
23111,r3i1p1f1,2013,04,11,0.0,18.238743,2.7020993,2013
23112,r3i1p1f1,2013,04,12,3.706964498231077,13.11867,-0.13619305,2013
23113,r3i1p1f1,2013,04,13,0.0,10.42039,-3.1048527,2013
23114,r3i1p1f1,2013,04,14,0.0,12.525201,-2.077581,2013
23115,r3i1p1f1,2013,04,15,0.0,16.784822,1.8223765,2013
23116,r3i1p1f1,2013,04,16,0.0,20.234528,5.319473,2013
23117,r3i1p1f1,2013,04,17,0.0,20.629498,4.380799,2013
23118,r3i1p1f1,2013,04,18,0.13491383789713787,18.426088,1.9973052,2013
23119,r3i1p1f1,2013,04,19,0.0,13.274135,-0.41833013,2013
23120,r3i1p1f1,2013,04,20,0.0,15.348559,-0.10042205,2013
23121,r3i1p1f1,2013,04,21,0.0,18.372663,1.7111183,2013
23122,r3i1p1f1,2013,04,22,0.0,20.16878,4.04801,2013
23123,r3i1p1f1,2013,04,23,0.0,20.59599,6.9179406,2013
23124,r3i1p1f1,2013,04,24,0.0,22.262764,6.589422,2013
23125,r3i1p1f1,2013,04,25,0.12468838708867368,21.508612,6.461692,2013
23126,r3i1p1f1,2013,04,26,0.0,18.47399,3.7140985,2013
23127,r3i1p1f1,2013,04,27,9.293393541041663,12.279767,0.84947515,2013
23128,r3i1p1f1,2013,04,28,30.220563358345412,9.408706,3.0266066,2013
23129,r3i1p1f1,2013,04,29,5.435324330411325,12.079882,2.018217,2013
23130,r3i1p1f1,2013,04,30,0.0,18.980774,2.8282416,2013
23131,r3i1p1f1,2013,05,01,0.0,17.809458,1.9737195,2013
23132,r3i1p1f1,2013,05,02,0.27899540291400626,15.05177,1.8656656,2013
23133,r3i1p1f1,2013,05,03,12.467557772853118,11.361187,0.17045215,2013
23134,r3i1p1f1,2013,05,04,30.811597070485156,11.534332,0.18402891,2013
23135,r3i1p1f1,2013,05,05,26.321285182463104,9.228959,0.3895504,2013
23136,r3i1p1f1,2013,05,06,11.187753616372662,7.932122,-3.1189783,2013
23137,r3i1p1f1,2013,05,07,8.238566516267479,6.188401,-6.4931035,2013
23138,r3i1p1f1,2013,05,08,0.0,17.434912,-0.2327785,2013
23139,r3i1p1f1,2013,05,09,0.0,17.876081,4.0738635,2013
23140,r3i1p1f1,2013,05,10,0.0,18.006174,7.7070165,2013
23141,r3i1p1f1,2013,05,11,0.0,19.93917,7.230211,2013
23142,r3i1p1f1,2013,05,12,0.0,19.80437,5.393614,2013
23143,r3i1p1f1,2013,05,13,17.87813481274306,13.804164,2.41428,2013
23144,r3i1p1f1,2013,05,14,2.0271029340189046,10.324264,3.24329,2013
23145,r3i1p1f1,2013,05,15,0.0,18.749405,1.0296909,2013
23146,r3i1p1f1,2013,05,16,0.0,24.169012,6.4728656,2013
23147,r3i1p1f1,2013,05,17,0.0,26.762222,9.370504,2013
23148,r3i1p1f1,2013,05,18,0.0,27.276659,10.753583,2013
23149,r3i1p1f1,2013,05,19,0.0,28.499796,11.1799135,2013
23150,r3i1p1f1,2013,05,20,0.0,28.193573,11.397086,2013
23151,r3i1p1f1,2013,05,21,0.0,28.10733,10.863025,2013
23152,r3i1p1f1,2013,05,22,0.0,27.575876,12.569174,2013
23153,r3i1p1f1,2013,05,23,0.0,25.965658,10.805856,2013
23154,r3i1p1f1,2013,05,24,0.0,21.798254,7.8339972,2013
23155,r3i1p1f1,2013,05,25,0.0,18.560612,5.1574125,2013
23156,r3i1p1f1,2013,05,26,5.142523281698997,13.167951,1.0274174,2013
23157,r3i1p1f1,2013,05,27,7.372397529252339,10.441299,2.5062106,2013
23158,r3i1p1f1,2013,05,28,0.0023027027246395222,15.328063,3.5006409,2013
23159,r3i1p1f1,2013,05,29,0.0,20.506628,3.4124084,2013
23160,r3i1p1f1,2013,05,30,0.0,24.691502,7.267112,2013
23161,r3i1p1f1,2013,05,31,0.0,27.086912,9.731575,2013
23162,r3i1p1f1,2013,06,01,0.0,26.927563,10.5851755,2013
23163,r3i1p1f1,2013,06,02,0.0,25.767061,10.64907,2013
23164,r3i1p1f1,2013,06,03,0.0,24.823986,7.4550858,2013
23165,r3i1p1f1,2013,06,04,0.0,29.291964,9.645552,2013
23166,r3i1p1f1,2013,06,05,0.0,31.355663,11.561086,2013
23167,r3i1p1f1,2013,06,06,0.0,29.584848,12.584958,2013
23168,r3i1p1f1,2013,06,07,0.0,24.800554,10.239563,2013
23169,r3i1p1f1,2013,06,08,0.0,25.648495,9.251452,2013
23170,r3i1p1f1,2013,06,09,0.0,27.032503,11.295094,2013
23171,r3i1p1f1,2013,06,10,0.0,28.276764,13.804225,2013
23172,r3i1p1f1,2013,06,11,0.0,29.129824,11.812423,2013
23173,r3i1p1f1,2013,06,12,0.0,28.026735,12.848931,2013
23174,r3i1p1f1,2013,06,13,0.0,28.547426,11.323131,2013
23175,r3i1p1f1,2013,06,14,0.0,29.961847,12.492757,2013
23176,r3i1p1f1,2013,06,15,0.0,29.91482,14.229973,2013
23177,r3i1p1f1,2013,06,16,0.0,28.983362,14.444905,2013
23178,r3i1p1f1,2013,06,17,0.0,31.311514,13.81427,2013
23179,r3i1p1f1,2013,06,18,0.0,32.890743,16.312815,2013
23180,r3i1p1f1,2013,06,19,0.0,31.741293,14.552582,2013
23181,r3i1p1f1,2013,06,20,0.0,28.231356,10.48657,2013
23182,r3i1p1f1,2013,06,21,0.0,28.202486,13.077388,2013
23183,r3i1p1f1,2013,06,22,0.0,26.94972,11.336543,2013
23184,r3i1p1f1,2013,06,23,0.0,26.072426,10.254648,2013
23185,r3i1p1f1,2013,06,24,0.0,28.451664,11.763463,2013
23186,r3i1p1f1,2013,06,25,0.0,30.741257,13.238223,2013
23187,r3i1p1f1,2013,06,26,0.0,30.959776,14.666269,2013
23188,r3i1p1f1,2013,06,27,0.0,29.990513,13.743181,2013
23189,r3i1p1f1,2013,06,28,0.25212947695859167,26.064175,11.138707,2013
23190,r3i1p1f1,2013,06,29,0.0,24.684975,9.964457,2013
23191,r3i1p1f1,2013,06,30,0.0,23.72433,8.983918,2013
23192,r3i1p1f1,2013,07,01,0.0,24.556515,8.258267,2013
23193,r3i1p1f1,2013,07,02,0.0,29.314863,11.120942,2013
23194,r3i1p1f1,2013,07,03,0.0,32.043884,14.603483,2013
23195,r3i1p1f1,2013,07,04,0.0,32.124928,15.914829,2013
23196,r3i1p1f1,2013,07,05,0.0,30.890766,14.571287,2013
23197,r3i1p1f1,2013,07,06,0.0,29.620625,14.172818,2013
23198,r3i1p1f1,2013,07,07,0.0,28.583372,13.192066,2013
23199,r3i1p1f1,2013,07,08,0.0,29.425453,13.036828,2013
23200,r3i1p1f1,2013,07,09,0.0,30.549944,13.577834,2013
23201,r3i1p1f1,2013,07,10,0.0,30.455597,15.774852,2013
23202,r3i1p1f1,2013,07,11,0.0,29.817936,14.062554,2013
23203,r3i1p1f1,2013,07,12,0.0,29.479383,14.468268,2013
23204,r3i1p1f1,2013,07,13,0.0,30.907581,14.096544,2013
23205,r3i1p1f1,2013,07,14,0.0,33.662964,14.550661,2013
23206,r3i1p1f1,2013,07,15,0.0,34.834026,15.9721365,2013
23207,r3i1p1f1,2013,07,16,0.0,34.24715,17.024847,2013
23208,r3i1p1f1,2013,07,17,0.0,30.608028,14.222837,2013
23209,r3i1p1f1,2013,07,18,0.0,26.715967,10.926786,2013
23210,r3i1p1f1,2013,07,19,0.0,29.33101,12.241761,2013
23211,r3i1p1f1,2013,07,20,0.0,29.380772,13.36821,2013
23212,r3i1p1f1,2013,07,21,0.0,28.824812,13.587891,2013
23213,r3i1p1f1,2013,07,22,0.0,27.791477,10.546922,2013
23214,r3i1p1f1,2013,07,23,0.0,29.308168,11.375412,2013
23215,r3i1p1f1,2013,07,24,0.0,30.382706,12.215225,2013
23216,r3i1p1f1,2013,07,25,0.0,29.502768,13.500305,2013
23217,r3i1p1f1,2013,07,26,0.0,28.841482,12.064308,2013
23218,r3i1p1f1,2013,07,27,0.0,29.656588,12.550879,2013
23219,r3i1p1f1,2013,07,28,0.0,33.064518,14.536205,2013
23220,r3i1p1f1,2013,07,29,0.0,33.80509,15.968937,2013
23221,r3i1p1f1,2013,07,30,0.0,33.511017,16.21901,2013
23222,r3i1p1f1,2013,07,31,0.0,33.06499,15.577498,2013
23223,r3i1p1f1,2013,08,01,0.0,31.654978,14.276933,2013
23224,r3i1p1f1,2013,08,02,0.0,33.13728,14.9144535,2013
23225,r3i1p1f1,2013,08,03,0.0,35.317837,16.249413,2013
23226,r3i1p1f1,2013,08,04,0.0,36.074112,16.939556,2013
23227,r3i1p1f1,2013,08,05,0.0,35.416485,17.741653,2013
23228,r3i1p1f1,2013,08,06,0.0,29.963993,16.852568,2013
23229,r3i1p1f1,2013,08,07,0.0,29.428823,12.687466,2013
23230,r3i1p1f1,2013,08,08,0.0,28.149061,11.275402,2013
23231,r3i1p1f1,2013,08,09,0.0,24.848167,9.583954,2013
23232,r3i1p1f1,2013,08,10,0.0,23.710573,7.3633766,2013
23233,r3i1p1f1,2013,08,11,0.0,25.461563,8.227438,2013
23234,r3i1p1f1,2013,08,12,0.0,24.757032,9.444332,2013
23235,r3i1p1f1,2013,08,13,0.3440864450806801,21.39195,8.128225,2013
23236,r3i1p1f1,2013,08,14,0.6382603644803901,24.177576,9.856201,2013
23237,r3i1p1f1,2013,08,15,0.0014229195106676535,25.056267,8.964037,2013
23238,r3i1p1f1,2013,08,16,0.0,27.572039,10.786662,2013
23239,r3i1p1f1,2013,08,17,0.4321737227177149,28.868319,11.812693,2013
23240,r3i1p1f1,2013,08,18,0.0003998178918233239,30.915361,14.01606,2013
23241,r3i1p1f1,2013,08,19,0.339637891547203,30.349209,14.847063,2013
23242,r3i1p1f1,2013,08,20,0.0,31.689157,13.684609,2013
23243,r3i1p1f1,2013,08,21,0.0,31.310139,14.444064,2013
23244,r3i1p1f1,2013,08,22,0.0,31.373398,13.409191,2013
23245,r3i1p1f1,2013,08,23,0.0,31.840353,13.661391,2013
23246,r3i1p1f1,2013,08,24,0.00042542282914693813,30.11865,14.038195,2013
23247,r3i1p1f1,2013,08,25,0.0,29.42775,12.727788,2013
23248,r3i1p1f1,2013,08,26,0.0,29.274866,13.938749,2013
23249,r3i1p1f1,2013,08,27,0.0,29.16836,12.789878,2013
23250,r3i1p1f1,2013,08,28,0.0,29.710907,12.614243,2013
23251,r3i1p1f1,2013,08,29,0.0,29.469347,12.983056,2013
23252,r3i1p1f1,2013,08,30,0.0,29.065416,12.045454,2013
23253,r3i1p1f1,2013,08,31,0.0,29.615433,11.074249,2013
23254,r3i1p1f1,2013,09,01,0.0,30.804932,12.835971,2013
23255,r3i1p1f1,2013,09,02,0.0,30.18803,13.199531,2013
23256,r3i1p1f1,2013,09,03,0.0,26.462635,10.664991,2013
23257,r3i1p1f1,2013,09,04,0.0,26.82495,9.864103,2013
23258,r3i1p1f1,2013,09,05,0.0,26.241663,10.407477,2013
23259,r3i1p1f1,2013,09,06,0.0,27.201122,10.863801,2013
23260,r3i1p1f1,2013,09,07,0.0,30.93495,11.632822,2013
23261,r3i1p1f1,2013,09,08,0.0,31.440254,12.489701,2013
23262,r3i1p1f1,2013,09,09,0.0,29.576864,13.976126,2013
23263,r3i1p1f1,2013,09,10,0.0,27.468552,12.582119,2013
23264,r3i1p1f1,2013,09,11,0.0,29.529371,12.704468,2013
23265,r3i1p1f1,2013,09,12,0.0,29.254652,13.587165,2013
23266,r3i1p1f1,2013,09,13,0.0,27.457386,12.390035,2013
23267,r3i1p1f1,2013,09,14,0.0,24.192535,12.16523,2013
23268,r3i1p1f1,2013,09,15,0.03774549419942655,20.627111,10.440114,2013
23269,r3i1p1f1,2013,09,16,0.0,24.016346,7.5957265,2013
23270,r3i1p1f1,2013,09,17,0.0,23.353498,9.56441,2013
23271,r3i1p1f1,2013,09,18,0.1452914226990144,21.567938,7.270848,2013
23272,r3i1p1f1,2013,09,19,0.0,17.386936,4.1754026,2013
23273,r3i1p1f1,2013,09,20,0.0,18.379807,5.190128,2013
23274,r3i1p1f1,2013,09,21,0.0,23.132372,6.7088776,2013
23275,r3i1p1f1,2013,09,22,0.0,23.489614,8.134449,2013
23276,r3i1p1f1,2013,09,23,0.0,22.79683,9.021333,2013
23277,r3i1p1f1,2013,09,24,0.0,23.803709,9.520548,2013
23278,r3i1p1f1,2013,09,25,0.0,26.17078,10.241479,2013
23279,r3i1p1f1,2013,09,26,0.0,26.708845,11.351455,2013
23280,r3i1p1f1,2013,09,27,0.0,26.686869,11.146572,2013
23281,r3i1p1f1,2013,09,28,0.0,25.336124,11.271449,2013
23282,r3i1p1f1,2013,09,29,0.0,23.640312,9.248564,2013
23283,r3i1p1f1,2013,09,30,0.0,24.386494,7.8924375,2013
23284,r3i1p1f1,2013,10,01,0.0,25.70584,8.243214,2013
23285,r3i1p1f1,2013,10,02,0.0,24.899307,9.37539,2013
23286,r3i1p1f1,2013,10,03,0.0,23.26056,8.682274,2013
23287,r3i1p1f1,2013,10,04,0.0,24.227268,8.571419,2013
23288,r3i1p1f1,2013,10,05,0.0,29.22663,11.087786,2013
23289,r3i1p1f1,2013,10,06,0.0,31.003996,13.889398,2013
23290,r3i1p1f1,2013,10,07,0.0,31.51448,14.072389,2013
23291,r3i1p1f1,2013,10,08,0.0,30.705563,13.293077,2013
23292,r3i1p1f1,2013,10,09,0.0,30.357107,12.72384,2013
23293,r3i1p1f1,2013,10,10,0.0,30.606607,13.548838,2013
23294,r3i1p1f1,2013,10,11,0.0,29.35998,12.962967,2013
23295,r3i1p1f1,2013,10,12,0.0,28.507988,13.192063,2013
23296,r3i1p1f1,2013,10,13,0.0,27.78052,14.353032,2013
23297,r3i1p1f1,2013,10,14,4.0072131039587,26.413607,14.435952,2013
23298,r3i1p1f1,2013,10,15,0.0,23.873568,8.415427,2013
23299,r3i1p1f1,2013,10,16,0.0,24.588839,8.872424,2013
23300,r3i1p1f1,2013,10,17,0.0,25.19537,9.57991,2013
23301,r3i1p1f1,2013,10,18,0.0,24.830126,9.261587,2013
23302,r3i1p1f1,2013,10,19,0.154146856910206,23.898607,10.66955,2013
23303,r3i1p1f1,2013,10,20,3.9999285129995674,15.035518,8.336401,2013
23304,r3i1p1f1,2013,10,21,0.0,18.924639,3.6831791,2013
23305,r3i1p1f1,2013,10,22,0.0,23.600248,7.1741138,2013
23306,r3i1p1f1,2013,10,23,0.0,25.446455,10.36011,2013
23307,r3i1p1f1,2013,10,24,0.0,26.727488,10.579981,2013
23308,r3i1p1f1,2013,10,25,0.0,29.66128,12.229682,2013
23309,r3i1p1f1,2013,10,26,0.0,29.959608,12.065983,2013
23310,r3i1p1f1,2013,10,27,0.0,27.973442,13.589387,2013
23311,r3i1p1f1,2013,10,28,0.0,24.209435,11.331744,2013
23312,r3i1p1f1,2013,10,29,0.4380443927259062,19.937891,8.839791,2013
23313,r3i1p1f1,2013,10,30,71.90162589479434,12.22859,6.605163,2013
23314,r3i1p1f1,2013,10,31,62.25667367444227,17.697163,6.700545,2013
23315,r3i1p1f1,2013,11,01,0.0,16.01577,2.779145,2013
23316,r3i1p1f1,2013,11,02,0.0,14.910113,0.33362043,2013
23317,r3i1p1f1,2013,11,03,0.0,13.562687,0.87400013,2013
23318,r3i1p1f1,2013,11,04,0.0,14.579704,2.4970531,2013
23319,r3i1p1f1,2013,11,05,0.0,15.251184,2.473747,2013
23320,r3i1p1f1,2013,11,06,7.9073845570459715,13.522481,2.820222,2013
23321,r3i1p1f1,2013,11,07,74.62376259561432,8.814396,4.043907,2013
23322,r3i1p1f1,2013,11,08,43.39778571340599,8.225545,1.6032014,2013
23323,r3i1p1f1,2013,11,09,0.9851622766291257,8.532051,-2.1265419,2013
23324,r3i1p1f1,2013,11,10,2.108979977799065,10.670773,-0.20954297,2013
23325,r3i1p1f1,2013,11,11,5.142731544880294,9.19898,-0.70410186,2013
23326,r3i1p1f1,2013,11,12,0.34613241954694357,8.193114,1.3478256,2013
23327,r3i1p1f1,2013,11,13,0.0,10.351448,-2.9558144,2013
23328,r3i1p1f1,2013,11,14,0.0,12.120043,-2.0901992,2013
23329,r3i1p1f1,2013,11,15,0.3697629175612268,12.42167,2.165534,2013
23330,r3i1p1f1,2013,11,16,40.794556318341115,7.754123,0.81359726,2013
23331,r3i1p1f1,2013,11,17,18.91953422455117,4.098416,-1.6501968,2013
23332,r3i1p1f1,2013,11,18,40.92710709787513,5.180822,0.08471061,2013
23333,r3i1p1f1,2013,11,19,47.861559419451574,8.716371,2.7065313,2013
23334,r3i1p1f1,2013,11,20,61.245085053930154,9.101437,2.2389095,2013
23335,r3i1p1f1,2013,11,21,17.980952965291706,6.636475,0.67895633,2013
23336,r3i1p1f1,2013,11,22,0.0,7.6892676,-4.885616,2013
23337,r3i1p1f1,2013,11,23,10.592349963017591,6.360498,-0.019396508,2013
23338,r3i1p1f1,2013,11,24,41.060615892178916,7.2274237,0.7833243,2013
23339,r3i1p1f1,2013,11,25,7.739681815713228,7.6004205,1.0739319,2013
23340,r3i1p1f1,2013,11,26,51.621677863754726,11.820889,2.9183595,2013
23341,r3i1p1f1,2013,11,27,35.12622373681025,13.632351,0.083758436,2013
23342,r3i1p1f1,2013,11,28,21.862434163248462,5.0018077,-1.2401521,2013
23343,r3i1p1f1,2013,11,29,44.360202055816586,3.3134494,-1.5820807,2013
23344,r3i1p1f1,2013,11,30,70.22496165805741,3.7936733,-2.0521467,2013
23345,r3i1p1f1,2013,12,01,12.660454830103461,1.5122333,-5.2687716,2013
23346,r3i1p1f1,2013,12,02,2.7652578564907584,1.9337822,-8.240643,2013
23347,r3i1p1f1,2013,12,03,0.0,4.601293,-8.055088,2013
23348,r3i1p1f1,2013,12,04,0.0,7.2618775,-7.2897224,2013
23349,r3i1p1f1,2013,12,05,0.0,4.1241236,-7.1380177,2013
23350,r3i1p1f1,2013,12,06,0.0,-0.0879466,-10.384426,2013
23351,r3i1p1f1,2013,12,07,0.0,0.32383016,-10.998196,2013
23352,r3i1p1f1,2013,12,08,0.0,3.5172575,-8.106288,2013
23353,r3i1p1f1,2013,12,09,0.0,7.286108,-5.2016983,2013
23354,r3i1p1f1,2013,12,10,0.0,10.25876,-2.4520533,2013
23355,r3i1p1f1,2013,12,11,5.415458952254419,6.922949,-3.854987,2013
23356,r3i1p1f1,2013,12,12,26.492493646219373,7.7108307,1.6914412,2013
23357,r3i1p1f1,2013,12,13,5.606866652823029,8.364981,1.2259846,2013
23358,r3i1p1f1,2013,12,14,51.47344594772317,8.707914,2.4205139,2013
23359,r3i1p1f1,2013,12,15,12.737487280422723,6.583775,1.1463178,2013
23360,r3i1p1f1,2013,12,16,11.573797776547604,5.333176,-1.634176,2013
23361,r3i1p1f1,2013,12,17,26.343637012484436,6.0614862,-0.087528996,2013
23362,r3i1p1f1,2013,12,18,46.85788186953256,5.610461,-0.5230348,2013
23363,r3i1p1f1,2013,12,19,14.155999147394477,4.5680304,-1.8180659,2013
23364,r3i1p1f1,2013,12,20,10.529490675023562,5.1064844,-1.5583562,2013
23365,r3i1p1f1,2013,12,21,32.858262026045274,6.9169493,2.0905356,2013
23366,r3i1p1f1,2013,12,22,7.083802333520333,6.225064,0.36222282,2013
23367,r3i1p1f1,2013,12,23,0.0,9.243413,-2.471497,2013
23368,r3i1p1f1,2013,12,24,0.0,11.296366,-1.8173183,2013
23369,r3i1p1f1,2013,12,25,0.0,11.228875,-0.8683862,2013
23370,r3i1p1f1,2013,12,26,8.227012405098465,3.709558,-1.5088236,2013
23371,r3i1p1f1,2013,12,27,0.2975325507960454,5.3711753,-2.3645592,2013
23372,r3i1p1f1,2013,12,28,0.0,4.636739,-6.9455495,2013
23373,r3i1p1f1,2013,12,29,26.115879573320086,-0.04771837,-6.6676526,2013
23374,r3i1p1f1,2013,12,30,0.01242849393747747,2.7093093,-11.501319,2013
23375,r3i1p1f1,2013,12,31,47.941600925926316,0.048586186,-6.952808,2013
23376,r3i1p1f1,2014,01,01,13.798834742230706,2.2408571,-6.861668,2014
23377,r3i1p1f1,2014,01,02,0.0,3.4232605,-6.988833,2014
23378,r3i1p1f1,2014,01,03,0.0,4.956074,-6.7768645,2014
23379,r3i1p1f1,2014,01,04,0.0,3.212159,-6.1687455,2014
23380,r3i1p1f1,2014,01,05,0.0,8.036634,-5.600013,2014
23381,r3i1p1f1,2014,01,06,0.0,6.563402,-7.0221467,2014
23382,r3i1p1f1,2014,01,07,0.0,1.8838854,-8.8916645,2014
23383,r3i1p1f1,2014,01,08,0.0,3.2571354,-8.514318,2014
23384,r3i1p1f1,2014,01,09,13.842832609263592,0.91967875,-6.364983,2014
23385,r3i1p1f1,2014,01,10,23.306652006546134,-0.3129536,-4.3293786,2014
23386,r3i1p1f1,2014,01,11,10.45914056563848,0.35450968,-6.796486,2014
23387,r3i1p1f1,2014,01,12,21.84332660108339,2.3714447,-5.740991,2014
23388,r3i1p1f1,2014,01,13,0.0,3.98135,-9.448676,2014
23389,r3i1p1f1,2014,01,14,0.0,-1.6794969,-13.972891,2014
23390,r3i1p1f1,2014,01,15,0.0,-3.1609223,-13.803185,2014
23391,r3i1p1f1,2014,01,16,0.0,-1.6219645,-14.28797,2014
23392,r3i1p1f1,2014,01,17,0.0,0.6472475,-15.01423,2014
23393,r3i1p1f1,2014,01,18,0.0,0.4893514,-14.651764,2014
23394,r3i1p1f1,2014,01,19,0.0,1.3746922,-12.451029,2014
23395,r3i1p1f1,2014,01,20,37.101838620085466,-0.27133864,-5.9961233,2014
23396,r3i1p1f1,2014,01,21,95.66825818956683,4.3007674,-3.0672014,2014
23397,r3i1p1f1,2014,01,22,79.69286994714486,4.9133534,-0.46796742,2014
23398,r3i1p1f1,2014,01,23,27.8210722809155,4.092867,-1.9290603,2014
23399,r3i1p1f1,2014,01,24,36.51639873722544,3.6317139,-1.6769394,2014
23400,r3i1p1f1,2014,01,25,2.018119489065085,3.575516,-3.7431593,2014
23401,r3i1p1f1,2014,01,26,0.0,5.7262635,-8.342117,2014
23402,r3i1p1f1,2014,01,27,0.0,4.8119307,-8.644156,2014
23403,r3i1p1f1,2014,01,28,0.0,1.8585082,-10.050964,2014
23404,r3i1p1f1,2014,01,29,0.0,6.54932,-5.0963073,2014
23405,r3i1p1f1,2014,01,30,0.0,9.058055,-3.4797192,2014
23406,r3i1p1f1,2014,01,31,0.0,8.72339,-4.6986494,2014
23407,r3i1p1f1,2014,02,01,0.0,6.6084433,-4.9057345,2014
23408,r3i1p1f1,2014,02,02,0.0,6.9656997,-4.775148,2014
23409,r3i1p1f1,2014,02,03,0.0,9.144485,-3.4734623,2014
23410,r3i1p1f1,2014,02,04,0.0,12.283862,-1.3662599,2014
23411,r3i1p1f1,2014,02,05,0.0,13.927664,0.4612573,2014
23412,r3i1p1f1,2014,02,06,0.0,15.76732,1.3981628,2014
23413,r3i1p1f1,2014,02,07,0.0,16.27179,1.2985374,2014
23414,r3i1p1f1,2014,02,08,0.0,15.709563,1.25632,2014
23415,r3i1p1f1,2014,02,09,0.0,13.696017,0.7655455,2014
23416,r3i1p1f1,2014,02,10,0.0,12.533007,0.28426868,2014
23417,r3i1p1f1,2014,02,11,0.0,12.960871,-0.082147665,2014
23418,r3i1p1f1,2014,02,12,0.0,18.501024,3.0651722,2014
23419,r3i1p1f1,2014,02,13,0.0,17.208052,3.1624508,2014
23420,r3i1p1f1,2014,02,14,0.0,16.881233,2.310982,2014
23421,r3i1p1f1,2014,02,15,0.0,17.245476,2.4459858,2014
23422,r3i1p1f1,2014,02,16,0.0,15.915147,2.564832,2014
23423,r3i1p1f1,2014,02,17,0.0,15.225525,1.4928207,2014
23424,r3i1p1f1,2014,02,18,0.0,14.170634,0.992727,2014
23425,r3i1p1f1,2014,02,19,0.0,13.934544,0.3251532,2014
23426,r3i1p1f1,2014,02,20,0.0,12.89387,-0.61947626,2014
23427,r3i1p1f1,2014,02,21,0.033075596806348154,8.54467,0.5012127,2014
23428,r3i1p1f1,2014,02,22,2.636709462125222,9.405563,2.3911824,2014
23429,r3i1p1f1,2014,02,23,15.793129092688966,8.466828,1.5808804,2014
23430,r3i1p1f1,2014,02,24,10.171077856610186,6.061302,-3.6617348,2014
23431,r3i1p1f1,2014,02,25,32.14955542475524,1.8823142,-4.962842,2014
23432,r3i1p1f1,2014,02,26,7.293286383432324,0.8098333,-6.6680536,2014
23433,r3i1p1f1,2014,02,27,41.952543849076484,0.08844161,-5.3419757,2014
23434,r3i1p1f1,2014,02,28,14.541216047119201,-3.4296665,-11.63713,2014
23435,r3i1p1f1,2014,03,01,1.0577760238735017,1.1562909,-12.078777,2014
23436,r3i1p1f1,2014,03,02,30.796663606490352,1.871039,-2.7567117,2014
23437,r3i1p1f1,2014,03,03,0.0,9.915194,-6.882922,2014
23438,r3i1p1f1,2014,03,04,0.0,12.278721,-3.659247,2014
23439,r3i1p1f1,2014,03,05,0.0,13.932902,-0.113926284,2014
23440,r3i1p1f1,2014,03,06,0.0,18.461838,1.9634327,2014
23441,r3i1p1f1,2014,03,07,0.0,18.826237,2.7713718,2014
23442,r3i1p1f1,2014,03,08,0.0,18.33561,2.3740344,2014
23443,r3i1p1f1,2014,03,09,0.0,17.329224,2.6977582,2014
23444,r3i1p1f1,2014,03,10,0.0,16.40114,3.2358935,2014
23445,r3i1p1f1,2014,03,11,0.0,15.615552,6.2477136,2014
23446,r3i1p1f1,2014,03,12,0.013046574435736003,14.763945,5.7044396,2014
23447,r3i1p1f1,2014,03,13,30.70277811861352,10.237859,0.27573323,2014
23448,r3i1p1f1,2014,03,14,3.9177905262285524,5.40761,-1.3068305,2014
23449,r3i1p1f1,2014,03,15,16.487323444973875,3.4075987,-1.6868092,2014
23450,r3i1p1f1,2014,03,16,40.42106046782512,3.5728586,-2.3038504,2014
23451,r3i1p1f1,2014,03,17,1.5039001126225278,7.550852,-0.10339742,2014
23452,r3i1p1f1,2014,03,18,0.0,12.295209,-3.4479058,2014
23453,r3i1p1f1,2014,03,19,0.5558244402652092,10.9187355,3.18166,2014
23454,r3i1p1f1,2014,03,20,2.169151616812757,9.645405,0.2594028,2014
23455,r3i1p1f1,2014,03,21,1.1868811331384534,8.177587,-0.6585583,2014
23456,r3i1p1f1,2014,03,22,19.102883238443418,5.0261803,-2.6283965,2014
23457,r3i1p1f1,2014,03,23,6.151663824015199,3.1512868,-5.431684,2014
23458,r3i1p1f1,2014,03,24,3.1167917240006653,7.050951,-1.3946719,2014
23459,r3i1p1f1,2014,03,25,39.78682772354468,6.180516,-0.34582245,2014
23460,r3i1p1f1,2014,03,26,4.838575471627624,2.9360318,-7.6150227,2014
23461,r3i1p1f1,2014,03,27,20.026227899238858,2.3350346,-2.4651482,2014
23462,r3i1p1f1,2014,03,28,0.0,11.476436,-4.8052764,2014
23463,r3i1p1f1,2014,03,29,0.0,20.255537,0.9529686,2014
23464,r3i1p1f1,2014,03,30,0.0,24.285933,5.6201577,2014
23465,r3i1p1f1,2014,03,31,0.0,25.416317,8.718202,2014
23466,r3i1p1f1,2014,04,01,0.0,23.305477,11.001811,2014
23467,r3i1p1f1,2014,04,02,3.4673886808856254,16.214243,2.195775,2014
23468,r3i1p1f1,2014,04,03,11.119152958455839,3.5872958,-2.657373,2014
23469,r3i1p1f1,2014,04,04,0.0,11.736513,-2.9299517,2014
23470,r3i1p1f1,2014,04,05,0.0,11.455372,-0.622182,2014
23471,r3i1p1f1,2014,04,06,0.0,13.095568,-0.09364601,2014
23472,r3i1p1f1,2014,04,07,0.0,12.822107,1.1065577,2014
23473,r3i1p1f1,2014,04,08,0.0,21.02007,2.355679,2014
23474,r3i1p1f1,2014,04,09,0.0,20.244661,5.634475,2014
23475,r3i1p1f1,2014,04,10,0.0,17.78461,5.2441444,2014
23476,r3i1p1f1,2014,04,11,0.0,17.543423,3.5866413,2014
23477,r3i1p1f1,2014,04,12,0.0,19.705696,4.7584605,2014
23478,r3i1p1f1,2014,04,13,0.0,22.6975,6.852858,2014
23479,r3i1p1f1,2014,04,14,0.0,22.723782,6.5202355,2014
23480,r3i1p1f1,2014,04,15,0.0,20.147394,7.3213677,2014
23481,r3i1p1f1,2014,04,16,0.22626481594144074,12.128889,2.3448546,2014
23482,r3i1p1f1,2014,04,17,0.7511655075320863,8.747527,-1.618431,2014
23483,r3i1p1f1,2014,04,18,0.0,12.657588,-2.9653213,2014
23484,r3i1p1f1,2014,04,19,20.008695729714084,8.903941,-0.36195663,2014
23485,r3i1p1f1,2014,04,20,21.21171668128993,4.40044,-1.4870278,2014
23486,r3i1p1f1,2014,04,21,12.353227646044138,4.4448495,-3.2979894,2014
23487,r3i1p1f1,2014,04,22,3.222964495944325,6.3866634,-2.104386,2014
23488,r3i1p1f1,2014,04,23,0.0,10.4646,-2.4336357,2014
23489,r3i1p1f1,2014,04,24,0.0,14.062935,-2.0055428,2014
23490,r3i1p1f1,2014,04,25,0.0,15.361462,-0.13909163,2014
23491,r3i1p1f1,2014,04,26,0.0,18.543596,4.399044,2014
23492,r3i1p1f1,2014,04,27,0.0,19.118364,4.2762313,2014
23493,r3i1p1f1,2014,04,28,0.0,20.905012,6.808962,2014
23494,r3i1p1f1,2014,04,29,0.0,21.469296,7.247284,2014
23495,r3i1p1f1,2014,04,30,0.0,21.28176,6.803388,2014
23496,r3i1p1f1,2014,05,01,0.0,20.502571,5.778268,2014
23497,r3i1p1f1,2014,05,02,2.6466815553584113,17.67093,4.7639885,2014
23498,r3i1p1f1,2014,05,03,0.0,15.212768,4.6049232,2014
23499,r3i1p1f1,2014,05,04,13.046255037127258,11.530248,-1.8147175,2014
23500,r3i1p1f1,2014,05,05,5.9689988875394,0.67272824,-5.2004843,2014
23501,r3i1p1f1,2014,05,06,24.660835663886054,0.93551856,-4.6352253,2014
23502,r3i1p1f1,2014,05,07,0.0,8.991022,-4.4057345,2014
23503,r3i1p1f1,2014,05,08,0.0,13.344037,-0.8027407,2014
23504,r3i1p1f1,2014,05,09,0.0,12.880629,2.5175266,2014
23505,r3i1p1f1,2014,05,10,1.350627082712507,9.641413,-1.6227167,2014
23506,r3i1p1f1,2014,05,11,0.0,14.994505,1.1116623,2014
23507,r3i1p1f1,2014,05,12,0.0,16.19581,2.265498,2014
23508,r3i1p1f1,2014,05,13,0.030360386536861034,16.81108,1.6601713,2014
23509,r3i1p1f1,2014,05,14,1.7559323222437677,12.90174,1.3466947,2014
23510,r3i1p1f1,2014,05,15,0.10443551903958187,15.816014,6.158541,2014
23511,r3i1p1f1,2014,05,16,0.0,20.973272,4.9445214,2014
23512,r3i1p1f1,2014,05,17,0.0,21.589676,5.341138,2014
23513,r3i1p1f1,2014,05,18,0.0,22.421146,6.606946,2014
23514,r3i1p1f1,2014,05,19,0.0,24.264355,8.651641,2014
23515,r3i1p1f1,2014,05,20,0.0,27.167107,10.091642,2014
23516,r3i1p1f1,2014,05,21,0.0,28.443102,11.369297,2014
23517,r3i1p1f1,2014,05,22,0.0,29.09472,12.977176,2014
23518,r3i1p1f1,2014,05,23,0.41448883367641093,25.40005,11.966695,2014
23519,r3i1p1f1,2014,05,24,0.0,24.84434,8.072556,2014
23520,r3i1p1f1,2014,05,25,0.0,23.972046,8.9232645,2014
23521,r3i1p1f1,2014,05,26,4.791334786090087,16.763697,4.5507307,2014
23522,r3i1p1f1,2014,05,27,8.3027342723079,10.393266,1.059994,2014
23523,r3i1p1f1,2014,05,28,18.671336518845667,8.522081,-0.29449886,2014
23524,r3i1p1f1,2014,05,29,0.0,12.786217,-1.842025,2014
23525,r3i1p1f1,2014,05,30,4.28713367475307,8.95484,-0.24451582,2014
23526,r3i1p1f1,2014,05,31,1.8965864796451857,14.646261,1.8609544,2014
23527,r3i1p1f1,2014,06,01,0.0,20.56443,5.844977,2014
23528,r3i1p1f1,2014,06,02,0.0,24.405508,6.695174,2014
23529,r3i1p1f1,2014,06,03,0.0,25.463415,8.289078,2014
23530,r3i1p1f1,2014,06,04,0.0,23.879816,9.229453,2014
23531,r3i1p1f1,2014,06,05,10.013979024255317,23.292639,7.9804564,2014
23532,r3i1p1f1,2014,06,06,0.0,23.14426,8.02356,2014
23533,r3i1p1f1,2014,06,07,0.0,23.179987,8.176122,2014
23534,r3i1p1f1,2014,06,08,0.0,29.998161,10.634708,2014
23535,r3i1p1f1,2014,06,09,0.0,30.847095,12.93374,2014
23536,r3i1p1f1,2014,06,10,0.006500804508840175,29.110521,14.631516,2014
23537,r3i1p1f1,2014,06,11,0.0,26.65807,11.607097,2014
23538,r3i1p1f1,2014,06,12,0.0,25.158028,9.245521,2014
23539,r3i1p1f1,2014,06,13,0.0,24.783216,8.339486,2014
23540,r3i1p1f1,2014,06,14,0.0,24.994387,9.121854,2014
23541,r3i1p1f1,2014,06,15,0.043863286076597625,25.060051,9.704272,2014
23542,r3i1p1f1,2014,06,16,1.2067955435333333,26.8152,8.962775,2014
23543,r3i1p1f1,2014,06,17,0.0,26.642296,11.17612,2014
23544,r3i1p1f1,2014,06,18,0.0,21.880045,8.245545,2014
23545,r3i1p1f1,2014,06,19,0.0,23.78077,6.388183,2014
23546,r3i1p1f1,2014,06,20,0.0,26.008322,8.552067,2014
23547,r3i1p1f1,2014,06,21,0.0,27.154305,9.446182,2014
23548,r3i1p1f1,2014,06,22,0.0,26.51358,12.430123,2014
23549,r3i1p1f1,2014,06,23,0.0,28.963097,11.816448,2014
23550,r3i1p1f1,2014,06,24,0.0,28.838545,12.422737,2014
23551,r3i1p1f1,2014,06,25,0.0,27.249077,11.666581,2014
23552,r3i1p1f1,2014,06,26,0.0,29.50998,10.197464,2014
23553,r3i1p1f1,2014,06,27,0.0,31.115374,12.385995,2014
23554,r3i1p1f1,2014,06,28,0.0,30.0025,13.4141655,2014
23555,r3i1p1f1,2014,06,29,0.0,29.034948,10.9632225,2014
23556,r3i1p1f1,2014,06,30,0.0,28.296068,11.3338,2014
23557,r3i1p1f1,2014,07,01,0.0,27.696915,10.437882,2014
23558,r3i1p1f1,2014,07,02,0.0,28.714495,10.476178,2014
23559,r3i1p1f1,2014,07,03,0.0,28.83113,13.492163,2014
23560,r3i1p1f1,2014,07,04,0.0,27.659985,10.231956,2014
23561,r3i1p1f1,2014,07,05,0.0,25.51022,8.158445,2014
23562,r3i1p1f1,2014,07,06,0.0,27.243675,9.655625,2014
23563,r3i1p1f1,2014,07,07,0.0,27.872105,11.630875,2014
23564,r3i1p1f1,2014,07,08,0.0,27.964645,11.281168,2014
23565,r3i1p1f1,2014,07,09,0.0,29.26807,11.999572,2014
23566,r3i1p1f1,2014,07,10,0.0,28.923246,13.306839,2014
23567,r3i1p1f1,2014,07,11,0.0,27.747578,11.51079,2014
23568,r3i1p1f1,2014,07,12,0.0,26.531261,9.857832,2014
23569,r3i1p1f1,2014,07,13,0.0,31.016783,12.861932,2014
23570,r3i1p1f1,2014,07,14,0.0,31.576193,14.683746,2014
23571,r3i1p1f1,2014,07,15,0.0,31.439684,14.443813,2014
23572,r3i1p1f1,2014,07,16,0.0,31.029564,14.355581,2014
23573,r3i1p1f1,2014,07,17,0.0,31.403385,14.564767,2014
23574,r3i1p1f1,2014,07,18,0.0,32.436638,15.5048065,2014
23575,r3i1p1f1,2014,07,19,0.0,33.18741,16.885248,2014
23576,r3i1p1f1,2014,07,20,0.0,34.054657,17.256561,2014
23577,r3i1p1f1,2014,07,21,0.0,33.668457,15.921498,2014
23578,r3i1p1f1,2014,07,22,0.0,33.517223,15.164329,2014
23579,r3i1p1f1,2014,07,23,0.0,34.243164,16.4393,2014
23580,r3i1p1f1,2014,07,24,0.0,33.993908,16.491972,2014
23581,r3i1p1f1,2014,07,25,0.0,33.11986,15.844363,2014
23582,r3i1p1f1,2014,07,26,0.0019968694112704774,32.406487,15.42275,2014
23583,r3i1p1f1,2014,07,27,0.0,32.90395,16.40388,2014
23584,r3i1p1f1,2014,07,28,0.0,32.591713,17.116436,2014
23585,r3i1p1f1,2014,07,29,0.0,34.64633,17.164165,2014
23586,r3i1p1f1,2014,07,30,0.0,34.341076,18.560534,2014
23587,r3i1p1f1,2014,07,31,0.6386384787267736,30.977137,16.087378,2014
23588,r3i1p1f1,2014,08,01,1.2327281389795979,26.596579,15.574819,2014
23589,r3i1p1f1,2014,08,02,0.0,24.430162,10.491184,2014
23590,r3i1p1f1,2014,08,03,0.0,24.539701,8.854751,2014
23591,r3i1p1f1,2014,08,04,0.0,24.620047,8.315275,2014
23592,r3i1p1f1,2014,08,05,0.0,24.181217,8.266687,2014
23593,r3i1p1f1,2014,08,06,0.0,24.319098,8.294608,2014
23594,r3i1p1f1,2014,08,07,0.0,25.456642,9.734816,2014
23595,r3i1p1f1,2014,08,08,0.0,26.72855,9.749824,2014
23596,r3i1p1f1,2014,08,09,0.0,28.032812,10.679175,2014
23597,r3i1p1f1,2014,08,10,0.0,29.582386,11.783937,2014
23598,r3i1p1f1,2014,08,11,0.31796329843162213,29.318611,13.81977,2014
23599,r3i1p1f1,2014,08,12,2.7306276213877076,26.53586,11.871494,2014
23600,r3i1p1f1,2014,08,13,0.054641780374559426,24.636534,9.989236,2014
23601,r3i1p1f1,2014,08,14,0.0,28.561815,11.561579,2014
23602,r3i1p1f1,2014,08,15,0.0,32.391365,14.923333,2014
23603,r3i1p1f1,2014,08,16,0.015658372783371687,33.046555,17.667406,2014
23604,r3i1p1f1,2014,08,17,0.023971915805687832,31.624998,17.343071,2014
23605,r3i1p1f1,2014,08,18,0.0,31.766289,16.002163,2014
23606,r3i1p1f1,2014,08,19,0.38815521251021173,31.957336,16.844988,2014
23607,r3i1p1f1,2014,08,20,3.832357349873698,32.836494,18.320866,2014
23608,r3i1p1f1,2014,08,21,0.22261610551810773,32.220947,17.034836,2014
23609,r3i1p1f1,2014,08,22,0.02210129498148729,32.830593,14.699645,2014
23610,r3i1p1f1,2014,08,23,0.016721019677022827,32.2185,16.035095,2014
23611,r3i1p1f1,2014,08,24,0.0,31.48021,15.581262,2014
23612,r3i1p1f1,2014,08,25,0.0,29.988703,13.491027,2014
23613,r3i1p1f1,2014,08,26,0.0,26.904114,12.18682,2014
23614,r3i1p1f1,2014,08,27,0.0,22.810768,8.7441,2014
23615,r3i1p1f1,2014,08,28,0.0,25.100067,9.864423,2014
23616,r3i1p1f1,2014,08,29,0.0,26.232471,11.480866,2014
23617,r3i1p1f1,2014,08,30,0.0,25.589277,10.627853,2014
23618,r3i1p1f1,2014,08,31,0.0,24.316246,9.49856,2014
23619,r3i1p1f1,2014,09,01,0.0,26.499643,10.391309,2014
23620,r3i1p1f1,2014,09,02,0.0,26.51822,11.715303,2014
23621,r3i1p1f1,2014,09,03,0.0,26.944231,10.775498,2014
23622,r3i1p1f1,2014,09,04,0.0,26.757236,9.969954,2014
23623,r3i1p1f1,2014,09,05,0.0,27.240953,10.372984,2014
23624,r3i1p1f1,2014,09,06,0.0,30.152138,11.946055,2014
23625,r3i1p1f1,2014,09,07,0.0,32.23661,14.066661,2014
23626,r3i1p1f1,2014,09,08,0.0,31.058193,14.4173,2014
23627,r3i1p1f1,2014,09,09,0.0,28.784676,15.111145,2014
23628,r3i1p1f1,2014,09,10,0.002831408729482638,27.878546,14.061743,2014
23629,r3i1p1f1,2014,09,11,0.0,26.85221,10.676482,2014
23630,r3i1p1f1,2014,09,12,0.0,21.917284,8.415648,2014
23631,r3i1p1f1,2014,09,13,0.0,25.463306,9.0847025,2014
23632,r3i1p1f1,2014,09,14,0.0,29.28387,11.21032,2014
23633,r3i1p1f1,2014,09,15,0.0,31.968834,13.69981,2014
23634,r3i1p1f1,2014,09,16,0.0,33.873554,15.463658,2014
23635,r3i1p1f1,2014,09,17,0.0,35.33262,16.981163,2014
23636,r3i1p1f1,2014,09,18,0.0,34.762466,16.384459,2014
23637,r3i1p1f1,2014,09,19,0.0,32.15349,15.841209,2014
23638,r3i1p1f1,2014,09,20,0.0,32.38806,15.54353,2014
23639,r3i1p1f1,2014,09,21,0.0,31.265327,14.863726,2014
23640,r3i1p1f1,2014,09,22,0.01917046965421545,26.47401,11.876241,2014
23641,r3i1p1f1,2014,09,23,0.8366134784745028,25.701063,12.8235235,2014
23642,r3i1p1f1,2014,09,24,0.37951174178344543,21.26859,9.6986,2014
23643,r3i1p1f1,2014,09,25,0.0,23.933073,9.189785,2014
23644,r3i1p1f1,2014,09,26,0.0,25.610384,9.678869,2014
23645,r3i1p1f1,2014,09,27,0.0,24.62851,9.418207,2014
23646,r3i1p1f1,2014,09,28,0.0,25.258732,9.89405,2014
23647,r3i1p1f1,2014,09,29,0.0,27.76089,11.377624,2014
23648,r3i1p1f1,2014,09,30,0.0,28.335356,12.172191,2014
23649,r3i1p1f1,2014,10,01,0.0,26.937931,11.493057,2014
23650,r3i1p1f1,2014,10,02,0.5487569110827233,21.002922,5.4116116,2014
23651,r3i1p1f1,2014,10,03,1.5779910827021875,11.764671,-1.7051208,2014
23652,r3i1p1f1,2014,10,04,0.0,11.966136,-2.3323774,2014
23653,r3i1p1f1,2014,10,05,0.35777659497015474,12.0424795,-0.17982991,2014
23654,r3i1p1f1,2014,10,06,0.5480157928296218,14.675638,0.0152056655,2014
23655,r3i1p1f1,2014,10,07,0.19209972501573103,19.157969,2.3389437,2014
23656,r3i1p1f1,2014,10,08,0.3831448275473361,19.609707,5.5838075,2014
23657,r3i1p1f1,2014,10,09,0.0,20.630457,6.2574997,2014
23658,r3i1p1f1,2014,10,10,0.0,24.527422,7.7353754,2014
23659,r3i1p1f1,2014,10,11,0.0,23.69015,9.030009,2014
23660,r3i1p1f1,2014,10,12,0.0,23.523342,9.299453,2014
23661,r3i1p1f1,2014,10,13,0.0,22.555086,8.431105,2014
23662,r3i1p1f1,2014,10,14,0.0,21.500986,8.322125,2014
23663,r3i1p1f1,2014,10,15,0.0,20.71486,7.5484185,2014
23664,r3i1p1f1,2014,10,16,0.0,20.665258,4.875864,2014
23665,r3i1p1f1,2014,10,17,0.0,19.499664,3.8780465,2014
23666,r3i1p1f1,2014,10,18,0.06388843911209781,15.990716,0.56421137,2014
23667,r3i1p1f1,2014,10,19,0.0,13.734677,-0.26793548,2014
23668,r3i1p1f1,2014,10,20,0.0,18.325008,2.6899095,2014
23669,r3i1p1f1,2014,10,21,0.0,21.077063,5.3468747,2014
23670,r3i1p1f1,2014,10,22,0.5162289545344385,19.62717,6.158059,2014
23671,r3i1p1f1,2014,10,23,43.29969830271837,10.401792,4.310432,2014
23672,r3i1p1f1,2014,10,24,0.0,13.813027,-0.6673039,2014
23673,r3i1p1f1,2014,10,25,0.0,18.181362,5.24787,2014
23674,r3i1p1f1,2014,10,26,0.0,23.680326,7.2475033,2014
23675,r3i1p1f1,2014,10,27,0.0,22.782007,8.56419,2014
23676,r3i1p1f1,2014,10,28,0.0,19.420519,6.99066,2014
23677,r3i1p1f1,2014,10,29,0.0,13.427747,-0.93069786,2014
23678,r3i1p1f1,2014,10,30,0.2043587608281278,10.765741,0.10647559,2014
23679,r3i1p1f1,2014,10,31,0.0,11.935652,-1.250881,2014
23680,r3i1p1f1,2014,11,01,12.474849929812512,9.395276,0.9054048,2014
23681,r3i1p1f1,2014,11,02,20.943926230890945,3.3744333,-1.589543,2014
23682,r3i1p1f1,2014,11,03,0.00940405941372247,6.225559,-3.800542,2014
23683,r3i1p1f1,2014,11,04,0.0,12.7996235,-5.373704,2014
23684,r3i1p1f1,2014,11,05,0.0,16.086533,-1.2436289,2014
23685,r3i1p1f1,2014,11,06,0.0,14.177515,0.63761294,2014
23686,r3i1p1f1,2014,11,07,8.306236195188065,12.074718,1.6222218,2014
23687,r3i1p1f1,2014,11,08,32.251497708555114,9.658064,2.8465247,2014
23688,r3i1p1f1,2014,11,09,0.0,11.305653,-1.0572364,2014
23689,r3i1p1f1,2014,11,10,0.0,13.921039,-0.6424391,2014
23690,r3i1p1f1,2014,11,11,0.0,16.373022,1.5359448,2014
23691,r3i1p1f1,2014,11,12,0.0,15.656433,2.4278362,2014
23692,r3i1p1f1,2014,11,13,0.8163024672141642,12.619802,3.1128397,2014
23693,r3i1p1f1,2014,11,14,33.7551961677443,11.742084,5.2252645,2014
23694,r3i1p1f1,2014,11,15,8.616920917962776,13.15668,2.6515853,2014
23695,r3i1p1f1,2014,11,16,56.293278214472686,10.757409,5.3041754,2014
23696,r3i1p1f1,2014,11,17,49.54995183078082,10.209487,2.6545238,2014
23697,r3i1p1f1,2014,11,18,0.46377068404246147,12.518271,1.3396508,2014
23698,r3i1p1f1,2014,11,19,0.0,16.537079,4.365388,2014
23699,r3i1p1f1,2014,11,20,0.0,20.073776,7.6933,2014
23700,r3i1p1f1,2014,11,21,0.0,19.118942,6.560713,2014
23701,r3i1p1f1,2014,11,22,0.0,19.10897,5.9485936,2014
23702,r3i1p1f1,2014,11,23,0.0,17.409369,5.2911897,2014
23703,r3i1p1f1,2014,11,24,3.128887498812554,13.636975,2.6353443,2014
23704,r3i1p1f1,2014,11,25,0.45280269143021495,15.533455,2.9072073,2014
23705,r3i1p1f1,2014,11,26,0.5478031776683087,16.629416,4.5548196,2014
23706,r3i1p1f1,2014,11,27,0.040062516583068496,15.773363,2.8866432,2014
23707,r3i1p1f1,2014,11,28,8.50755462122738,11.789056,1.975595,2014
23708,r3i1p1f1,2014,11,29,47.863318535842396,7.1896935,3.1555285,2014
23709,r3i1p1f1,2014,11,30,2.9625176464737466,14.642574,0.2756789,2014
23710,r3i1p1f1,2014,12,01,0.0,14.6760435,3.1193736,2014
23711,r3i1p1f1,2014,12,02,0.0,15.128083,2.547249,2014
23712,r3i1p1f1,2014,12,03,0.0,15.278125,5.391252,2014
23713,r3i1p1f1,2014,12,04,35.44626297478221,13.250587,5.0006557,2014
23714,r3i1p1f1,2014,12,05,21.739097004511247,5.0331135,-0.27107236,2014
23715,r3i1p1f1,2014,12,06,32.07695200230534,2.2386632,-3.1368666,2014
23716,r3i1p1f1,2014,12,07,23.801615811565792,1.306976,-4.1788936,2014
23717,r3i1p1f1,2014,12,08,17.667805803418894,0.28736123,-5.1862903,2014
23718,r3i1p1f1,2014,12,09,64.47865590453148,0.18866032,-5.850845,2014
23719,r3i1p1f1,2014,12,10,4.758874444240447,0.39388996,-5.4187913,2014
23720,r3i1p1f1,2014,12,11,1.6808888344377537,3.6484625,-6.713313,2014
23721,r3i1p1f1,2014,12,12,14.803529087159978,3.122151,-3.2982748,2014
23722,r3i1p1f1,2014,12,13,0.0,8.602251,-3.1168795,2014
23723,r3i1p1f1,2014,12,14,0.0,8.507513,1.4389527,2014
23724,r3i1p1f1,2014,12,15,2.069450487492998,11.417308,2.9597347,2014
23725,r3i1p1f1,2014,12,16,0.0,13.086945,6.8086543,2014
23726,r3i1p1f1,2014,12,17,0.47851586484619857,12.928045,6.4205027,2014
23727,r3i1p1f1,2014,12,18,6.60865075513261,10.365147,5.718805,2014
23728,r3i1p1f1,2014,12,19,17.96373762282249,9.9065695,3.2177453,2014
23729,r3i1p1f1,2014,12,20,7.003374953944187,4.942526,-0.68076056,2014
23730,r3i1p1f1,2014,12,21,0.017874686914422597,9.942434,-2.7343786,2014
23731,r3i1p1f1,2014,12,22,14.702760435466189,7.1463523,1.1674105,2014
23732,r3i1p1f1,2014,12,23,0.0,9.959016,2.5032475,2014
23733,r3i1p1f1,2014,12,24,30.541105882117623,5.0512705,-0.13302869,2014
23734,r3i1p1f1,2014,12,25,3.4122335052308315,5.1525493,-6.3469596,2014
23735,r3i1p1f1,2014,12,26,0.0,7.1298103,-4.6584306,2014
23736,r3i1p1f1,2014,12,27,31.99636263307184,1.629333,-2.3512707,2014
23737,r3i1p1f1,2014,12,28,0.027862777259494913,5.2746596,-5.3681993,2014
23738,r3i1p1f1,2014,12,29,0.0,5.9335885,-5.6964073,2014
23739,r3i1p1f1,2014,12,30,0.02421362181561754,3.6953025,-1.8254368,2014
23740,r3i1p1f1,2014,12,31,7.062294688435749,-0.45785636,-8.806442,2014
