index,member_id,Year,Month,Day,Pr (mm),Tasmax (degC),Tasmin (degC),Year
0,r2i1p1f1,2015,01,01,0.0,9.175849,-2.9281387,2015
1,r2i1p1f1,2015,01,02,0.0,7.916359,-2.8023262,2015
2,r2i1p1f1,2015,01,03,0.0,7.904808,-3.5332956,2015
3,r2i1p1f1,2015,01,04,0.0,8.999812,-3.2681613,2015
4,r2i1p1f1,2015,01,05,0.0,11.596447,-1.861163,2015
5,r2i1p1f1,2015,01,06,0.0,14.089875,1.573398,2015
6,r2i1p1f1,2015,01,07,0.0,15.518709,2.3478236,2015
7,r2i1p1f1,2015,01,08,0.0,15.848804,2.0862052,2015
8,r2i1p1f1,2015,01,09,0.0,11.418898,1.6268381,2015
9,r2i1p1f1,2015,01,10,0.0,11.648056,1.6457857,2015
10,r2i1p1f1,2015,01,11,0.2790753444806171,11.4039345,1.5410568,2015
11,r2i1p1f1,2015,01,12,0.0,8.633207,-1.2578465,2015
12,r2i1p1f1,2015,01,13,0.0,6.6634016,-1.8574481,2015
13,r2i1p1f1,2015,01,14,0.0,7.5092416,-4.359035,2015
14,r2i1p1f1,2015,01,15,0.0,10.239613,-2.5378885,2015
15,r2i1p1f1,2015,01,16,0.0,13.10011,-1.0315247,2015
16,r2i1p1f1,2015,01,17,0.0,13.012937,0.7499105,2015
17,r2i1p1f1,2015,01,18,0.0,13.060811,0.99231637,2015
18,r2i1p1f1,2015,01,19,0.0,13.39793,0.24121958,2015
19,r2i1p1f1,2015,01,20,0.0,13.845454,1.4523463,2015
20,r2i1p1f1,2015,01,21,0.0,13.338609,3.1748378,2015
21,r2i1p1f1,2015,01,22,0.0,15.548121,1.7313927,2015
22,r2i1p1f1,2015,01,23,0.0,13.437612,2.5241587,2015
23,r2i1p1f1,2015,01,24,35.15042907820316,13.92271,1.7254777,2015
24,r2i1p1f1,2015,01,25,0.11712092516518169,9.233798,2.6882365,2015
25,r2i1p1f1,2015,01,26,14.565989458424156,8.31955,0.057212457,2015
26,r2i1p1f1,2015,01,27,51.31089649794376,8.993907,3.2371237,2015
27,r2i1p1f1,2015,01,28,9.163771388693931,9.160434,-3.1238618,2015
28,r2i1p1f1,2015,01,29,0.02933262468332032,7.8040905,-1.7585955,2015
29,r2i1p1f1,2015,01,30,22.958730026948615,8.122746,-0.50924027,2015
30,r2i1p1f1,2015,01,31,5.639832419865343,9.044743,2.4472456,2015
31,r2i1p1f1,2015,02,01,33.81004446928273,11.675999,5.2617536,2015
32,r2i1p1f1,2015,02,02,7.512690030506519,10.613964,0.79444605,2015
33,r2i1p1f1,2015,02,03,18.06300157068108,10.437552,-1.9693514,2015
34,r2i1p1f1,2015,02,04,24.75245515615825,10.554966,3.009328,2015
35,r2i1p1f1,2015,02,05,69.37203378329286,12.156063,6.6060305,2015
36,r2i1p1f1,2015,02,06,77.31075834453804,12.02643,7.7525387,2015
37,r2i1p1f1,2015,02,07,18.874240622380967,11.567369,-1.5162882,2015
38,r2i1p1f1,2015,02,08,0.0,9.343487,-2.2689896,2015
39,r2i1p1f1,2015,02,09,0.009856236863470258,9.113514,-3.3320947,2015
40,r2i1p1f1,2015,02,10,0.0,11.261902,-0.21607944,2015
41,r2i1p1f1,2015,02,11,0.10815437894393654,10.102863,3.8983655,2015
42,r2i1p1f1,2015,02,12,15.922752495498571,13.53419,3.7320201,2015
43,r2i1p1f1,2015,02,13,18.941880934198707,12.830323,4.2435565,2015
44,r2i1p1f1,2015,02,14,0.8357279459573874,9.85772,1.1254526,2015
45,r2i1p1f1,2015,02,15,0.0,13.110043,1.188579,2015
46,r2i1p1f1,2015,02,16,0.0,16.854094,2.8829112,2015
47,r2i1p1f1,2015,02,17,0.0,17.10212,4.461655,2015
48,r2i1p1f1,2015,02,18,0.0,17.146599,4.928913,2015
49,r2i1p1f1,2015,02,19,0.0,17.694695,4.8044324,2015
50,r2i1p1f1,2015,02,20,0.0,17.938498,4.124281,2015
51,r2i1p1f1,2015,02,21,0.17551556385342337,18.589827,5.2467666,2015
52,r2i1p1f1,2015,02,22,0.6255933922489021,10.753902,5.4156923,2015
53,r2i1p1f1,2015,02,23,0.0,13.607782,4.1553173,2015
54,r2i1p1f1,2015,02,24,0.0,15.23615,2.827046,2015
55,r2i1p1f1,2015,02,25,0.0,13.554908,0.9647451,2015
56,r2i1p1f1,2015,02,26,0.2460934947748683,14.039406,3.8064165,2015
57,r2i1p1f1,2015,02,27,23.839652228889463,10.098654,2.4580936,2015
58,r2i1p1f1,2015,02,28,0.9979118090541306,11.4027605,2.3914473,2015
59,r2i1p1f1,2015,03,01,0.2676021276613483,13.955693,1.2410588,2015
60,r2i1p1f1,2015,03,02,16.291569499230718,10.109093,1.1052595,2015
61,r2i1p1f1,2015,03,03,40.357874896290014,11.882518,4.0724936,2015
62,r2i1p1f1,2015,03,04,27.404307385950233,12.622517,3.0872865,2015
63,r2i1p1f1,2015,03,05,22.173580471644527,9.213828,4.2238073,2015
64,r2i1p1f1,2015,03,06,29.997916635375077,9.698782,4.983215,2015
65,r2i1p1f1,2015,03,07,15.08268520801721,10.190079,3.1570768,2015
66,r2i1p1f1,2015,03,08,2.5542020902889817,13.440245,5.929107,2015
67,r2i1p1f1,2015,03,09,0.006865151271995273,16.55655,2.7831292,2015
68,r2i1p1f1,2015,03,10,0.0,18.244463,1.4202658,2015
69,r2i1p1f1,2015,03,11,0.0,18.293621,4.1422744,2015
70,r2i1p1f1,2015,03,12,0.4180397339951014,15.799672,7.456602,2015
71,r2i1p1f1,2015,03,13,0.0,16.877861,5.7515545,2015
72,r2i1p1f1,2015,03,14,0.0,18.081867,4.3425465,2015
73,r2i1p1f1,2015,03,15,1.9101021620372194,17.365206,5.981901,2015
74,r2i1p1f1,2015,03,16,0.0,16.74524,4.04194,2015
75,r2i1p1f1,2015,03,17,1.0291857960169182,14.233741,5.0523853,2015
76,r2i1p1f1,2015,03,18,0.0,15.240049,3.763799,2015
77,r2i1p1f1,2015,03,19,22.034733094733383,9.849715,3.7593617,2015
78,r2i1p1f1,2015,03,20,4.552054507209391,13.0514345,0.92217284,2015
79,r2i1p1f1,2015,03,21,0.0,16.375784,0.63831663,2015
80,r2i1p1f1,2015,03,22,2.772034642447352,15.909339,3.0192752,2015
81,r2i1p1f1,2015,03,23,5.421894029279883,13.479667,7.099517,2015
82,r2i1p1f1,2015,03,24,22.571304788834823,12.145719,2.0494313,2015
83,r2i1p1f1,2015,03,25,0.0,13.053239,0.3002938,2015
84,r2i1p1f1,2015,03,26,0.0,16.98487,1.6889929,2015
85,r2i1p1f1,2015,03,27,0.0,20.365953,4.514359,2015
86,r2i1p1f1,2015,03,28,0.0,21.23478,5.1140103,2015
87,r2i1p1f1,2015,03,29,0.0,22.114485,6.470705,2015
88,r2i1p1f1,2015,03,30,0.0,22.63522,7.594841,2015
89,r2i1p1f1,2015,03,31,2.1889175353777546,21.131596,6.0036144,2015
90,r2i1p1f1,2015,04,01,0.011650625987158492,13.080265,0.15739621,2015
91,r2i1p1f1,2015,04,02,0.4577160757719412,13.584269,2.919306,2015
92,r2i1p1f1,2015,04,03,0.20356193235784303,13.375126,0.36915663,2015
93,r2i1p1f1,2015,04,04,19.48009440493479,12.43826,-0.55595756,2015
94,r2i1p1f1,2015,04,05,37.40579633922607,10.484547,3.614448,2015
95,r2i1p1f1,2015,04,06,7.160330310148311,18.199553,5.8385577,2015
96,r2i1p1f1,2015,04,07,0.0,20.451164,5.2024865,2015
97,r2i1p1f1,2015,04,08,0.0,20.765348,5.143297,2015
98,r2i1p1f1,2015,04,09,4.97121298192269,19.772629,6.353971,2015
99,r2i1p1f1,2015,04,10,9.103833930066685,12.233584,6.6943445,2015
100,r2i1p1f1,2015,04,11,8.428338121257184,13.1527815,5.1976385,2015
101,r2i1p1f1,2015,04,12,0.007208974784589373,19.545692,2.746632,2015
102,r2i1p1f1,2015,04,13,0.0,21.55258,5.335866,2015
103,r2i1p1f1,2015,04,14,0.003405829738767352,21.384115,6.7978077,2015
104,r2i1p1f1,2015,04,15,49.7719216538826,17.146307,2.5071952,2015
105,r2i1p1f1,2015,04,16,19.850651516389917,7.3403454,3.3491924,2015
106,r2i1p1f1,2015,04,17,5.6068599693759325,7.0474663,0.7680113,2015
107,r2i1p1f1,2015,04,18,0.0,13.567039,-1.1489108,2015
108,r2i1p1f1,2015,04,19,0.0,17.611217,1.5658065,2015
109,r2i1p1f1,2015,04,20,0.0,20.353472,5.0036354,2015
110,r2i1p1f1,2015,04,21,0.0,21.922804,7.6566772,2015
111,r2i1p1f1,2015,04,22,0.0,22.75944,8.230076,2015
112,r2i1p1f1,2015,04,23,0.1613681066658046,19.98034,4.094857,2015
113,r2i1p1f1,2015,04,24,0.0,10.641749,-2.725952,2015
114,r2i1p1f1,2015,04,25,0.0,12.267099,-0.90228057,2015
115,r2i1p1f1,2015,04,26,0.0,16.720583,1.116975,2015
116,r2i1p1f1,2015,04,27,0.0,20.011814,4.579195,2015
117,r2i1p1f1,2015,04,28,0.0,22.868782,8.222433,2015
118,r2i1p1f1,2015,04,29,0.016359503933927044,23.39692,8.922192,2015
119,r2i1p1f1,2015,04,30,0.0,23.121563,7.5499854,2015
120,r2i1p1f1,2015,05,01,0.223496009880364,21.52002,6.116033,2015
121,r2i1p1f1,2015,05,02,0.2305399218130333,18.234062,6.230852,2015
122,r2i1p1f1,2015,05,03,0.046491167643125664,18.156523,5.4809904,2015
123,r2i1p1f1,2015,05,04,0.0,18.014097,5.1755714,2015
124,r2i1p1f1,2015,05,05,0.60692277322687,17.215616,3.8174825,2015
125,r2i1p1f1,2015,05,06,0.3702752701826739,16.415413,3.2320633,2015
126,r2i1p1f1,2015,05,07,0.004436598374013556,21.070353,4.424185,2015
127,r2i1p1f1,2015,05,08,0.2911792037821215,21.226437,6.1362076,2015
128,r2i1p1f1,2015,05,09,1.7999444175984536,21.586086,7.778015,2015
129,r2i1p1f1,2015,05,10,0.0,24.21038,10.032608,2015
130,r2i1p1f1,2015,05,11,0.0,25.59612,10.008006,2015
131,r2i1p1f1,2015,05,12,0.1095347244927325,24.672977,8.111416,2015
132,r2i1p1f1,2015,05,13,0.0,25.97138,9.993431,2015
133,r2i1p1f1,2015,05,14,0.0,25.557991,8.634632,2015
134,r2i1p1f1,2015,05,15,0.0,26.174465,6.507903,2015
135,r2i1p1f1,2015,05,16,0.0,24.30715,6.635708,2015
136,r2i1p1f1,2015,05,17,0.0,25.697016,8.642132,2015
137,r2i1p1f1,2015,05,18,2.5371644939355065,24.269325,6.1120415,2015
138,r2i1p1f1,2015,05,19,0.518932011891593,20.97494,5.1150026,2015
139,r2i1p1f1,2015,05,20,9.489571018980314,17.036787,6.3440266,2015
140,r2i1p1f1,2015,05,21,37.430609675720916,16.869654,9.736433,2015
141,r2i1p1f1,2015,05,22,2.2928044192667585,17.005745,7.074357,2015
142,r2i1p1f1,2015,05,23,0.648527556325007,17.221088,5.3576527,2015
143,r2i1p1f1,2015,05,24,0.17596852782588712,16.349298,5.990834,2015
144,r2i1p1f1,2015,05,25,4.990951988162351,18.022923,6.8768783,2015
145,r2i1p1f1,2015,05,26,0.0,22.446285,5.9190993,2015
146,r2i1p1f1,2015,05,27,0.0,25.863201,9.81897,2015
147,r2i1p1f1,2015,05,28,0.0,27.607815,10.856764,2015
148,r2i1p1f1,2015,05,29,0.0,28.855679,10.866579,2015
149,r2i1p1f1,2015,05,30,0.0,28.515045,12.092905,2015
150,r2i1p1f1,2015,05,31,0.0,28.64444,11.805381,2015
151,r2i1p1f1,2015,06,01,1.555488609051281,24.298252,6.2565565,2015
152,r2i1p1f1,2015,06,02,0.0,23.881357,6.8270373,2015
153,r2i1p1f1,2015,06,03,0.0,22.415157,7.1268563,2015
154,r2i1p1f1,2015,06,04,0.0,22.567299,6.296006,2015
155,r2i1p1f1,2015,06,05,0.1172433950159757,21.350294,3.4997492,2015
156,r2i1p1f1,2015,06,06,3.16955968324919,16.368555,4.075643,2015
157,r2i1p1f1,2015,06,07,1.4118716703023892,18.715939,9.637966,2015
158,r2i1p1f1,2015,06,08,0.0,22.665394,8.539713,2015
159,r2i1p1f1,2015,06,09,0.0,26.858412,9.634678,2015
160,r2i1p1f1,2015,06,10,0.0,31.214027,13.067075,2015
161,r2i1p1f1,2015,06,11,0.0,32.823753,14.377254,2015
162,r2i1p1f1,2015,06,12,0.0,31.877947,10.161201,2015
163,r2i1p1f1,2015,06,13,0.0,25.207054,6.28595,2015
164,r2i1p1f1,2015,06,14,0.0,22.329992,5.611843,2015
165,r2i1p1f1,2015,06,15,0.0,20.373316,8.195205,2015
166,r2i1p1f1,2015,06,16,0.027178178333997494,19.36207,8.961039,2015
167,r2i1p1f1,2015,06,17,0.7453864003764465,17.996803,4.790267,2015
168,r2i1p1f1,2015,06,18,0.0,22.873356,7.7757254,2015
169,r2i1p1f1,2015,06,19,0.0,28.250694,10.74994,2015
170,r2i1p1f1,2015,06,20,0.0,32.87378,15.6840315,2015
171,r2i1p1f1,2015,06,21,0.0,33.54103,16.665154,2015
172,r2i1p1f1,2015,06,22,0.0,33.245903,14.649372,2015
173,r2i1p1f1,2015,06,23,0.0,33.50589,16.17408,2015
174,r2i1p1f1,2015,06,24,0.0,34.360275,13.770365,2015
175,r2i1p1f1,2015,06,25,0.0,32.851177,15.827297,2015
176,r2i1p1f1,2015,06,26,1.8401367941805802,30.146894,9.439446,2015
177,r2i1p1f1,2015,06,27,0.36999424919486046,26.577589,8.958991,2015
178,r2i1p1f1,2015,06,28,0.0,26.64225,10.087124,2015
179,r2i1p1f1,2015,06,29,0.0,26.88328,9.326106,2015
180,r2i1p1f1,2015,06,30,0.0,26.054794,7.2074246,2015
181,r2i1p1f1,2015,07,01,0.0,24.268284,9.041898,2015
182,r2i1p1f1,2015,07,02,0.0,24.045406,5.7040052,2015
183,r2i1p1f1,2015,07,03,0.0,25.583937,8.31818,2015
184,r2i1p1f1,2015,07,04,0.0,26.116852,9.1382475,2015
185,r2i1p1f1,2015,07,05,0.0,29.54892,12.5863695,2015
186,r2i1p1f1,2015,07,06,0.0,31.835432,14.819297,2015
187,r2i1p1f1,2015,07,07,0.0,32.402218,14.288542,2015
188,r2i1p1f1,2015,07,08,0.0,32.487305,13.693874,2015
189,r2i1p1f1,2015,07,09,0.0,34.606064,14.608904,2015
190,r2i1p1f1,2015,07,10,0.0,35.111313,13.177564,2015
191,r2i1p1f1,2015,07,11,0.0,33.541245,15.092289,2015
192,r2i1p1f1,2015,07,12,0.0,32.30825,15.498012,2015
193,r2i1p1f1,2015,07,13,0.0,32.679264,13.389144,2015
194,r2i1p1f1,2015,07,14,0.0,31.37344,11.7342005,2015
195,r2i1p1f1,2015,07,15,0.0,29.627237,10.603781,2015
196,r2i1p1f1,2015,07,16,0.0,28.656532,9.7764435,2015
197,r2i1p1f1,2015,07,17,0.0,28.640083,10.091284,2015
198,r2i1p1f1,2015,07,18,0.0,29.30477,10.008774,2015
199,r2i1p1f1,2015,07,19,0.0,28.910244,9.555379,2015
200,r2i1p1f1,2015,07,20,0.0,28.428888,8.977893,2015
201,r2i1p1f1,2015,07,21,0.0,28.681356,11.50225,2015
202,r2i1p1f1,2015,07,22,0.0,29.463636,10.592945,2015
203,r2i1p1f1,2015,07,23,0.0,29.222466,9.137488,2015
204,r2i1p1f1,2015,07,24,0.0,26.469034,8.85834,2015
205,r2i1p1f1,2015,07,25,0.0,27.819715,10.351937,2015
206,r2i1p1f1,2015,07,26,0.0,31.195122,12.661992,2015
207,r2i1p1f1,2015,07,27,0.0,33.24821,14.31361,2015
208,r2i1p1f1,2015,07,28,0.0,35.149208,15.771793,2015
209,r2i1p1f1,2015,07,29,0.0,34.824295,15.64796,2015
210,r2i1p1f1,2015,07,30,0.0,34.053074,15.665582,2015
211,r2i1p1f1,2015,07,31,0.0,33.072983,13.872889,2015
212,r2i1p1f1,2015,08,01,0.0,31.497715,13.402706,2015
213,r2i1p1f1,2015,08,02,0.0,31.744564,13.161824,2015
214,r2i1p1f1,2015,08,03,0.0,31.050102,12.309597,2015
215,r2i1p1f1,2015,08,04,0.0,30.043179,9.821291,2015
216,r2i1p1f1,2015,08,05,0.0,30.278605,10.781306,2015
217,r2i1p1f1,2015,08,06,0.0,32.641613,13.864048,2015
218,r2i1p1f1,2015,08,07,0.0,34.751812,16.512117,2015
219,r2i1p1f1,2015,08,08,0.0,36.77511,19.664482,2015
220,r2i1p1f1,2015,08,09,0.004751953019876964,37.1884,16.857033,2015
221,r2i1p1f1,2015,08,10,0.009114360636885976,33.935013,15.38448,2015
222,r2i1p1f1,2015,08,11,0.31457098539249273,33.253086,16.428083,2015
223,r2i1p1f1,2015,08,12,22.377939504747246,28.45989,9.474705,2015
224,r2i1p1f1,2015,08,13,0.0050072785597876646,31.077341,15.394466,2015
225,r2i1p1f1,2015,08,14,0.3785191748647776,31.72815,13.861051,2015
226,r2i1p1f1,2015,08,15,0.7204002867567283,28.83977,13.268009,2015
227,r2i1p1f1,2015,08,16,0.02488484037712624,29.715633,14.5076685,2015
228,r2i1p1f1,2015,08,17,0.18129647966134144,27.267986,11.249879,2015
229,r2i1p1f1,2015,08,18,0.0,27.95224,10.114469,2015
230,r2i1p1f1,2015,08,19,0.0,28.81781,11.641782,2015
231,r2i1p1f1,2015,08,20,0.0,29.295607,10.995179,2015
232,r2i1p1f1,2015,08,21,0.0,29.29168,12.77969,2015
233,r2i1p1f1,2015,08,22,0.0,30.733253,13.43595,2015
234,r2i1p1f1,2015,08,23,0.0,35.080944,15.087114,2015
235,r2i1p1f1,2015,08,24,0.0,38.80129,18.816402,2015
236,r2i1p1f1,2015,08,25,0.4007414003751819,38.198822,18.176537,2015
237,r2i1p1f1,2015,08,26,2.636967989025152,24.496956,8.337792,2015
238,r2i1p1f1,2015,08,27,0.036628099405788817,29.408325,14.194782,2015
239,r2i1p1f1,2015,08,28,0.0,30.502115,15.616335,2015
240,r2i1p1f1,2015,08,29,0.0,31.434706,11.705858,2015
241,r2i1p1f1,2015,08,30,0.0,29.704277,10.020204,2015
242,r2i1p1f1,2015,08,31,0.0,27.163826,9.467716,2015
243,r2i1p1f1,2015,09,01,0.0,25.906075,8.728739,2015
244,r2i1p1f1,2015,09,02,0.00839509921206627,27.405067,10.521666,2015
245,r2i1p1f1,2015,09,03,0.0,24.600452,9.0226,2015
246,r2i1p1f1,2015,09,04,0.0,24.226767,7.676223,2015
247,r2i1p1f1,2015,09,05,0.0,26.088821,8.584268,2015
248,r2i1p1f1,2015,09,06,0.0,27.495321,9.810141,2015
249,r2i1p1f1,2015,09,07,0.0,28.720198,9.408371,2015
250,r2i1p1f1,2015,09,08,0.0,25.136026,7.2693033,2015
251,r2i1p1f1,2015,09,09,0.0,22.975563,6.458302,2015
252,r2i1p1f1,2015,09,10,0.0,24.270622,8.000723,2015
253,r2i1p1f1,2015,09,11,0.0,27.529291,9.73728,2015
254,r2i1p1f1,2015,09,12,0.0,29.605177,15.514455,2015
255,r2i1p1f1,2015,09,13,0.0,32.12796,12.992181,2015
256,r2i1p1f1,2015,09,14,0.0,30.28707,12.145954,2015
257,r2i1p1f1,2015,09,15,0.0,31.15519,13.869633,2015
258,r2i1p1f1,2015,09,16,0.0,32.47573,14.375256,2015
259,r2i1p1f1,2015,09,17,0.0,30.926676,12.108584,2015
260,r2i1p1f1,2015,09,18,0.0,31.171936,12.852017,2015
261,r2i1p1f1,2015,09,19,0.0,33.799362,14.913798,2015
262,r2i1p1f1,2015,09,20,0.0,34.25959,15.675729,2015
263,r2i1p1f1,2015,09,21,0.003057481308132992,34.003036,17.757914,2015
264,r2i1p1f1,2015,09,22,0.00657210907775152,34.553932,20.68934,2015
265,r2i1p1f1,2015,09,23,0.05994346211082302,35.226364,20.55457,2015
266,r2i1p1f1,2015,09,24,0.0,33.852493,14.902839,2015
267,r2i1p1f1,2015,09,25,0.0,29.988176,12.88188,2015
268,r2i1p1f1,2015,09,26,0.0,29.741703,11.22173,2015
269,r2i1p1f1,2015,09,27,0.0,31.860958,13.559764,2015
270,r2i1p1f1,2015,09,28,0.0,34.49427,15.5532875,2015
271,r2i1p1f1,2015,09,29,0.6212864181179611,33.98386,14.949056,2015
272,r2i1p1f1,2015,09,30,0.3497675422977409,29.64236,15.240169,2015
273,r2i1p1f1,2015,10,01,3.9006591821504344,25.773779,11.462712,2015
274,r2i1p1f1,2015,10,02,0.0,28.484497,13.381931,2015
275,r2i1p1f1,2015,10,03,0.0,29.605896,13.905451,2015
276,r2i1p1f1,2015,10,04,0.0,32.342728,14.743979,2015
277,r2i1p1f1,2015,10,05,0.0,34.80519,16.715015,2015
278,r2i1p1f1,2015,10,06,0.0,35.214275,19.077318,2015
279,r2i1p1f1,2015,10,07,0.0,33.215744,17.588295,2015
280,r2i1p1f1,2015,10,08,0.0,33.53685,18.139658,2015
281,r2i1p1f1,2015,10,09,0.0,34.0569,17.674606,2015
282,r2i1p1f1,2015,10,10,0.8837002316084863,32.335182,14.117312,2015
283,r2i1p1f1,2015,10,11,0.0,21.123442,7.044043,2015
284,r2i1p1f1,2015,10,12,0.4200743609857227,22.622238,8.198645,2015
285,r2i1p1f1,2015,10,13,2.515944974533113,20.181639,7.6806087,2015
286,r2i1p1f1,2015,10,14,0.09573197667123168,23.445663,11.007873,2015
287,r2i1p1f1,2015,10,15,0.0,23.649416,10.471971,2015
288,r2i1p1f1,2015,10,16,0.0,24.913544,10.477795,2015
289,r2i1p1f1,2015,10,17,0.0,23.44636,7.2641754,2015
290,r2i1p1f1,2015,10,18,0.0,21.711687,8.678087,2015
291,r2i1p1f1,2015,10,19,0.0,24.175617,8.01724,2015
292,r2i1p1f1,2015,10,20,0.0,25.59699,10.608038,2015
293,r2i1p1f1,2015,10,21,0.0,27.054344,12.926361,2015
294,r2i1p1f1,2015,10,22,0.0,27.623322,12.633604,2015
295,r2i1p1f1,2015,10,23,0.0,27.530174,11.7177925,2015
296,r2i1p1f1,2015,10,24,0.0,26.083097,10.465326,2015
297,r2i1p1f1,2015,10,25,0.0,26.167292,9.088078,2015
298,r2i1p1f1,2015,10,26,0.0,26.905235,11.494394,2015
299,r2i1p1f1,2015,10,27,0.0,27.18475,10.793372,2015
300,r2i1p1f1,2015,10,28,0.0,25.686974,10.099712,2015
301,r2i1p1f1,2015,10,29,0.0,24.450674,9.331164,2015
302,r2i1p1f1,2015,10,30,0.0,22.664845,9.992332,2015
303,r2i1p1f1,2015,10,31,0.0,23.818624,7.7466908,2015
304,r2i1p1f1,2015,11,01,1.596643605500958,19.942034,6.6389995,2015
305,r2i1p1f1,2015,11,02,0.005133803006174276,13.81846,0.94484603,2015
306,r2i1p1f1,2015,11,03,0.0,16.714266,0.95419365,2015
307,r2i1p1f1,2015,11,04,0.0,19.35682,4.661742,2015
308,r2i1p1f1,2015,11,05,39.633489964398905,16.043694,1.6182812,2015
309,r2i1p1f1,2015,11,06,14.455126146549446,11.138539,2.370557,2015
310,r2i1p1f1,2015,11,07,8.901729620424703,8.863731,0.49721602,2015
311,r2i1p1f1,2015,11,08,0.0937729538691201,15.623882,1.0495908,2015
312,r2i1p1f1,2015,11,09,0.0,18.693567,4.9952054,2015
313,r2i1p1f1,2015,11,10,0.0,19.953432,5.050997,2015
314,r2i1p1f1,2015,11,11,9.828270381501625,16.368368,4.0181074,2015
315,r2i1p1f1,2015,11,12,0.0,7.78719,-2.75945,2015
316,r2i1p1f1,2015,11,13,0.0,8.755414,-4.609095,2015
317,r2i1p1f1,2015,11,14,0.0,12.33846,-1.9475176,2015
318,r2i1p1f1,2015,11,15,0.0,13.595978,0.18402879,2015
319,r2i1p1f1,2015,11,16,2.5074638888497702,12.944957,-0.72776103,2015
320,r2i1p1f1,2015,11,17,22.155997004119854,8.002163,2.6080077,2015
321,r2i1p1f1,2015,11,18,22.16844284303079,7.7048926,2.3988292,2015
322,r2i1p1f1,2015,11,19,10.389031902627721,13.032738,5.266374,2015
323,r2i1p1f1,2015,11,20,0.0,17.72674,5.5951214,2015
324,r2i1p1f1,2015,11,21,0.0,18.42324,6.3636036,2015
325,r2i1p1f1,2015,11,22,3.8849112469279135,14.725163,3.11685,2015
326,r2i1p1f1,2015,11,23,5.132137328871522,10.484351,4.0935507,2015
327,r2i1p1f1,2015,11,24,0.0,14.100695,0.8556107,2015
328,r2i1p1f1,2015,11,25,0.0,15.640459,0.87924314,2015
329,r2i1p1f1,2015,11,26,0.0,11.139523,-0.6004846,2015
330,r2i1p1f1,2015,11,27,0.0,12.074025,-0.051310327,2015
331,r2i1p1f1,2015,11,28,0.0,14.505842,1.7108124,2015
332,r2i1p1f1,2015,11,29,0.0,18.482327,4.1149235,2015
333,r2i1p1f1,2015,11,30,0.0,19.68336,5.8867154,2015
334,r2i1p1f1,2015,12,01,0.021701155901610036,16.110228,7.71496,2015
335,r2i1p1f1,2015,12,02,0.04894437474831648,17.710173,7.3765354,2015
336,r2i1p1f1,2015,12,03,0.06267073291894576,17.666252,6.6310234,2015
337,r2i1p1f1,2015,12,04,0.022914191913514514,14.598504,8.110696,2015
338,r2i1p1f1,2015,12,05,6.922510283538941,11.08725,6.6846695,2015
339,r2i1p1f1,2015,12,06,18.72483355618897,10.785241,-0.10788891,2015
340,r2i1p1f1,2015,12,07,0.20333826204250727,6.3994236,-3.5825331,2015
341,r2i1p1f1,2015,12,08,0.3215882272968429,6.870368,-4.0720005,2015
342,r2i1p1f1,2015,12,09,36.0200270642963,7.6890936,-0.90100646,2015
343,r2i1p1f1,2015,12,10,23.870124831591966,7.464548,2.4114265,2015
344,r2i1p1f1,2015,12,11,59.66785384953255,9.53637,0.3149066,2015
345,r2i1p1f1,2015,12,12,17.525890311480907,5.9137654,0.61276096,2015
346,r2i1p1f1,2015,12,13,4.175022837546294,7.7998834,0.37488085,2015
347,r2i1p1f1,2015,12,14,0.0,13.823063,1.6569036,2015
348,r2i1p1f1,2015,12,15,1.9353377067034216,13.882495,2.1493807,2015
349,r2i1p1f1,2015,12,16,4.038839817016537,8.892185,-0.10290766,2015
350,r2i1p1f1,2015,12,17,3.709261766312011,7.4074087,1.4531733,2015
351,r2i1p1f1,2015,12,18,0.0,9.795478,-1.343431,2015
352,r2i1p1f1,2015,12,19,0.0,12.377208,-0.7212429,2015
353,r2i1p1f1,2015,12,20,0.1209320869406838,11.658794,0.7440902,2015
354,r2i1p1f1,2015,12,21,0.0,8.984095,3.3505383,2015
355,r2i1p1f1,2015,12,22,0.0,11.418598,-0.64423656,2015
356,r2i1p1f1,2015,12,23,0.0,12.322108,-0.9677053,2015
357,r2i1p1f1,2015,12,24,1.059465811397331,5.5452175,0.28923485,2015
358,r2i1p1f1,2015,12,25,0.0,6.293237,-3.5951946,2015
359,r2i1p1f1,2015,12,26,3.4271971566909087,6.9262915,-0.48356405,2015
360,r2i1p1f1,2015,12,27,0.6983986969032685,10.070984,0.95829827,2015
361,r2i1p1f1,2015,12,28,0.0015455293578270357,9.190975,-2.9502554,2015
362,r2i1p1f1,2015,12,29,7.3667020610173495,6.726537,-0.24059169,2015
363,r2i1p1f1,2015,12,30,29.403947437094757,8.442242,2.8532934,2015
364,r2i1p1f1,2015,12,31,30.845364356537175,8.47228,3.0691233,2015
365,r2i1p1f1,2016,01,01,17.792415021631314,7.474352,-4.7511153,2016
366,r2i1p1f1,2016,01,02,8.897801507055192,5.3852096,0.6418008,2016
367,r2i1p1f1,2016,01,03,30.550474271876737,7.626898,1.0252931,2016
368,r2i1p1f1,2016,01,04,21.37723105115583,5.5029154,0.44855493,2016
369,r2i1p1f1,2016,01,05,0.0,6.5662403,-6.4299316,2016
370,r2i1p1f1,2016,01,06,0.05175458534267818,7.8742847,-0.7065047,2016
371,r2i1p1f1,2016,01,07,0.10238791774099809,7.1993375,1.2780215,2016
372,r2i1p1f1,2016,01,08,0.0,8.905496,-3.7846935,2016
373,r2i1p1f1,2016,01,09,0.0,8.178205,-1.4023056,2016
374,r2i1p1f1,2016,01,10,0.0,9.68833,-0.3779243,2016
375,r2i1p1f1,2016,01,11,0.0,10.328818,-1.5557723,2016
376,r2i1p1f1,2016,01,12,0.0,10.762515,1.3075554,2016
377,r2i1p1f1,2016,01,13,0.0,11.559295,1.5578779,2016
378,r2i1p1f1,2016,01,14,0.0,9.088722,-4.6983166,2016
379,r2i1p1f1,2016,01,15,0.0,6.5982533,-3.3827407,2016
380,r2i1p1f1,2016,01,16,0.06710300888812526,6.5231295,-1.8793144,2016
381,r2i1p1f1,2016,01,17,0.0,7.0727015,-1.8627725,2016
382,r2i1p1f1,2016,01,18,0.0,8.928421,-1.9697655,2016
383,r2i1p1f1,2016,01,19,0.0,11.358407,-1.5139635,2016
384,r2i1p1f1,2016,01,20,0.0,14.819835,-0.21296814,2016
385,r2i1p1f1,2016,01,21,0.05399831031809299,13.951776,1.6235669,2016
386,r2i1p1f1,2016,01,22,4.140437730825397,7.252689,1.284903,2016
387,r2i1p1f1,2016,01,23,0.0,7.7101526,-2.2967966,2016
388,r2i1p1f1,2016,01,24,0.0,10.239519,-1.4993696,2016
389,r2i1p1f1,2016,01,25,0.0,11.410368,-1.1191834,2016
390,r2i1p1f1,2016,01,26,0.0,13.353829,0.95203125,2016
391,r2i1p1f1,2016,01,27,0.0,16.101683,3.016039,2016
392,r2i1p1f1,2016,01,28,0.0,15.283628,5.9356413,2016
393,r2i1p1f1,2016,01,29,0.0,14.417596,3.3601434,2016
394,r2i1p1f1,2016,01,30,0.0,17.18247,4.083878,2016
395,r2i1p1f1,2016,01,31,0.0,17.721104,4.7323914,2016
396,r2i1p1f1,2016,02,01,0.0,15.750914,5.3968835,2016
397,r2i1p1f1,2016,02,02,0.0,15.660831,5.6728573,2016
398,r2i1p1f1,2016,02,03,0.0956703628617106,15.30411,2.6024106,2016
399,r2i1p1f1,2016,02,04,0.0,14.037389,1.5989412,2016
400,r2i1p1f1,2016,02,05,1.858845245305929,12.5622,3.4241383,2016
401,r2i1p1f1,2016,02,06,3.1979240758460037,8.713535,4.1147757,2016
402,r2i1p1f1,2016,02,07,0.0,11.496944,1.5302334,2016
403,r2i1p1f1,2016,02,08,0.0,16.554264,2.4273882,2016
404,r2i1p1f1,2016,02,09,0.0,19.550844,4.6609883,2016
405,r2i1p1f1,2016,02,10,0.0,18.66558,5.025679,2016
406,r2i1p1f1,2016,02,11,0.0,18.545834,4.829803,2016
407,r2i1p1f1,2016,02,12,0.0,18.319185,5.632213,2016
408,r2i1p1f1,2016,02,13,0.0,16.198135,3.7285614,2016
409,r2i1p1f1,2016,02,14,0.0,15.957713,3.1650903,2016
410,r2i1p1f1,2016,02,15,0.0,16.28002,3.0102446,2016
411,r2i1p1f1,2016,02,16,0.0,17.765907,3.8294966,2016
412,r2i1p1f1,2016,02,17,0.0,18.80827,4.970714,2016
413,r2i1p1f1,2016,02,18,0.0,20.08133,5.0867043,2016
414,r2i1p1f1,2016,02,19,0.0,18.749924,5.7832446,2016
415,r2i1p1f1,2016,02,20,0.02242809064227913,14.969075,3.0732346,2016
416,r2i1p1f1,2016,02,21,2.3164566247260154,8.247418,-0.95062566,2016
417,r2i1p1f1,2016,02,22,30.254096150019905,10.872949,0.51639295,2016
418,r2i1p1f1,2016,02,23,56.36083574354416,10.619076,4.9490256,2016
419,r2i1p1f1,2016,02,24,10.281931650069964,9.45298,-1.0074954,2016
420,r2i1p1f1,2016,02,25,18.485410074572428,10.846248,1.9735552,2016
421,r2i1p1f1,2016,02,26,0.0,13.470878,0.7941135,2016
422,r2i1p1f1,2016,02,27,0.0,17.008707,2.8981311,2016
423,r2i1p1f1,2016,02,28,0.0,16.130922,4.110877,2016
424,r2i1p1f1,2016,02,29,0.0,13.946426,4.0920353,2016
425,r2i1p1f1,2016,03,01,0.0,13.905589,1.2912903,2016
426,r2i1p1f1,2016,03,02,0.0,18.407875,2.098907,2016
427,r2i1p1f1,2016,03,03,0.0,19.927534,3.0213785,2016
428,r2i1p1f1,2016,03,04,0.0,19.434435,5.3991375,2016
429,r2i1p1f1,2016,03,05,6.504155558741331,15.285341,7.2974234,2016
430,r2i1p1f1,2016,03,06,0.25209470150002744,12.915437,1.592237,2016
431,r2i1p1f1,2016,03,07,0.0,14.340661,1.208063,2016
432,r2i1p1f1,2016,03,08,1.0539628576225368,16.208174,2.268651,2016
433,r2i1p1f1,2016,03,09,7.8047851055544015,12.721871,1.9776696,2016
434,r2i1p1f1,2016,03,10,4.0586556773803295,12.654499,1.7670318,2016
435,r2i1p1f1,2016,03,11,48.00450227048714,12.490853,5.6128063,2016
436,r2i1p1f1,2016,03,12,0.0,11.765013,-2.6150863,2016
437,r2i1p1f1,2016,03,13,0.0,14.37324,-2.422094,2016
438,r2i1p1f1,2016,03,14,0.314489832601339,14.670356,3.8637772,2016
439,r2i1p1f1,2016,03,15,0.0,16.665041,2.5350654,2016
440,r2i1p1f1,2016,03,16,0.3351209525135346,17.346233,5.135781,2016
441,r2i1p1f1,2016,03,17,0.0,16.207766,3.1247008,2016
442,r2i1p1f1,2016,03,18,0.0,16.882765,5.6704817,2016
443,r2i1p1f1,2016,03,19,0.0,17.58224,3.7897305,2016
444,r2i1p1f1,2016,03,20,0.0,19.774849,5.1445665,2016
445,r2i1p1f1,2016,03,21,0.0,22.300728,6.603822,2016
446,r2i1p1f1,2016,03,22,0.0,22.272175,6.852141,2016
447,r2i1p1f1,2016,03,23,0.0,23.50934,6.774727,2016
448,r2i1p1f1,2016,03,24,0.0,23.423937,7.631254,2016
449,r2i1p1f1,2016,03,25,0.1319666951758336,21.251463,7.0552254,2016
450,r2i1p1f1,2016,03,26,0.0,15.873823,7.1067314,2016
451,r2i1p1f1,2016,03,27,0.47868328420008766,12.822128,-1.946178,2016
452,r2i1p1f1,2016,03,28,0.0,11.820738,-3.4025857,2016
453,r2i1p1f1,2016,03,29,7.263408453775355,10.544176,1.1366177,2016
454,r2i1p1f1,2016,03,30,1.097481776071163,9.567365,3.843276,2016
455,r2i1p1f1,2016,03,31,0.0,14.321237,-3.2322755,2016
456,r2i1p1f1,2016,04,01,0.0,17.593609,0.0035456552,2016
457,r2i1p1f1,2016,04,02,0.0,21.83253,4.0756364,2016
458,r2i1p1f1,2016,04,03,0.0,23.84637,6.4296575,2016
459,r2i1p1f1,2016,04,04,2.8250529493334398,20.897844,5.798454,2016
460,r2i1p1f1,2016,04,05,1.987940612696093,11.67037,-3.644224,2016
461,r2i1p1f1,2016,04,06,14.469747901057417,11.037506,-1.8682526,2016
462,r2i1p1f1,2016,04,07,16.56717510168164,7.124275,1.4849238,2016
463,r2i1p1f1,2016,04,08,10.373003615859488,7.159334,2.3191507,2016
464,r2i1p1f1,2016,04,09,0.01609442099379521,12.501391,-1.4936385,2016
465,r2i1p1f1,2016,04,10,0.0,15.365834,-0.79373574,2016
466,r2i1p1f1,2016,04,11,0.0,17.499779,2.0084748,2016
467,r2i1p1f1,2016,04,12,0.0,17.660883,2.7348928,2016
468,r2i1p1f1,2016,04,13,0.0,19.95754,4.56195,2016
469,r2i1p1f1,2016,04,14,0.0,23.170328,7.8503385,2016
470,r2i1p1f1,2016,04,15,0.0,24.514782,7.674822,2016
471,r2i1p1f1,2016,04,16,0.0,25.389202,8.778124,2016
472,r2i1p1f1,2016,04,17,0.0,24.68105,8.057665,2016
473,r2i1p1f1,2016,04,18,0.0,22.17358,6.716852,2016
474,r2i1p1f1,2016,04,19,0.0,16.942324,3.9535708,2016
475,r2i1p1f1,2016,04,20,0.0,15.281452,0.967644,2016
476,r2i1p1f1,2016,04,21,0.0,12.552537,-2.2431865,2016
477,r2i1p1f1,2016,04,22,0.0,14.6562195,-1.518529,2016
478,r2i1p1f1,2016,04,23,0.0,19.608025,2.3974543,2016
479,r2i1p1f1,2016,04,24,0.0,21.565575,5.764092,2016
480,r2i1p1f1,2016,04,25,0.0,23.478601,6.5200458,2016
481,r2i1p1f1,2016,04,26,0.0,24.736315,8.626141,2016
482,r2i1p1f1,2016,04,27,0.0,23.311089,6.001745,2016
483,r2i1p1f1,2016,04,28,1.4797412427242307,17.700474,3.3951788,2016
484,r2i1p1f1,2016,04,29,0.0,19.006546,4.326901,2016
485,r2i1p1f1,2016,04,30,0.0,20.090332,5.5386066,2016
486,r2i1p1f1,2016,05,01,0.0,19.837725,3.582992,2016
487,r2i1p1f1,2016,05,02,0.0,20.784565,5.2823467,2016
488,r2i1p1f1,2016,05,03,0.0,21.837343,3.1396852,2016
489,r2i1p1f1,2016,05,04,0.0,16.02113,-0.22905143,2016
490,r2i1p1f1,2016,05,05,0.3251783098789929,11.497081,-2.4513288,2016
491,r2i1p1f1,2016,05,06,0.0,16.171476,-0.07823626,2016
492,r2i1p1f1,2016,05,07,0.0,19.259146,3.0430484,2016
493,r2i1p1f1,2016,05,08,0.0,24.030735,7.241082,2016
494,r2i1p1f1,2016,05,09,0.0,25.805511,8.02421,2016
495,r2i1p1f1,2016,05,10,0.0,25.710009,8.527715,2016
496,r2i1p1f1,2016,05,11,0.0,23.303078,6.645113,2016
497,r2i1p1f1,2016,05,12,0.0,28.317322,10.923324,2016
498,r2i1p1f1,2016,05,13,0.0,30.63273,12.22396,2016
499,r2i1p1f1,2016,05,14,0.0,29.904703,9.987387,2016
500,r2i1p1f1,2016,05,15,0.0,16.243828,-0.72275144,2016
501,r2i1p1f1,2016,05,16,0.0,13.550081,-2.385807,2016
502,r2i1p1f1,2016,05,17,0.0,17.998451,1.0708406,2016
503,r2i1p1f1,2016,05,18,0.0,24.312426,6.6405935,2016
504,r2i1p1f1,2016,05,19,0.0,26.828447,8.699169,2016
505,r2i1p1f1,2016,05,20,0.0,28.248987,9.732485,2016
506,r2i1p1f1,2016,05,21,0.0,27.799751,10.476587,2016
507,r2i1p1f1,2016,05,22,0.0,29.738953,12.579565,2016
508,r2i1p1f1,2016,05,23,0.0,31.038889,12.3952675,2016
509,r2i1p1f1,2016,05,24,0.0,31.009146,13.532336,2016
510,r2i1p1f1,2016,05,25,0.0,31.685055,12.612922,2016
511,r2i1p1f1,2016,05,26,0.0,31.256443,12.101832,2016
512,r2i1p1f1,2016,05,27,0.02280164262629114,31.882603,12.060446,2016
513,r2i1p1f1,2016,05,28,0.00878021860444278,30.442863,12.569103,2016
514,r2i1p1f1,2016,05,29,0.0,28.738274,8.45113,2016
515,r2i1p1f1,2016,05,30,0.0,24.049732,6.9195614,2016
516,r2i1p1f1,2016,05,31,0.0,24.833553,8.888836,2016
517,r2i1p1f1,2016,06,01,0.0,27.651695,11.025525,2016
518,r2i1p1f1,2016,06,02,0.0,29.375694,11.505649,2016
519,r2i1p1f1,2016,06,03,0.0,31.422028,11.758209,2016
520,r2i1p1f1,2016,06,04,0.0,34.57649,15.8243065,2016
521,r2i1p1f1,2016,06,05,0.0,36.97546,18.58177,2016
522,r2i1p1f1,2016,06,06,0.0,38.44048,18.538855,2016
523,r2i1p1f1,2016,06,07,0.0,37.2765,14.973402,2016
524,r2i1p1f1,2016,06,08,0.0,32.78707,12.056794,2016
525,r2i1p1f1,2016,06,09,0.0,22.589186,5.735132,2016
526,r2i1p1f1,2016,06,10,0.0,22.025291,3.2321417,2016
527,r2i1p1f1,2016,06,11,0.0,22.500145,6.4469337,2016
528,r2i1p1f1,2016,06,12,0.0,21.698517,6.9893847,2016
529,r2i1p1f1,2016,06,13,0.0,21.573204,6.891615,2016
530,r2i1p1f1,2016,06,14,4.865589424662176,16.439365,1.2824473,2016
531,r2i1p1f1,2016,06,15,4.984427648889778,10.173039,5.3080893,2016
532,r2i1p1f1,2016,06,16,0.0,20.392668,3.3286946,2016
533,r2i1p1f1,2016,06,17,0.0,27.879574,9.001438,2016
534,r2i1p1f1,2016,06,18,0.0,34.284157,16.674871,2016
535,r2i1p1f1,2016,06,19,0.0,37.00972,19.27634,2016
536,r2i1p1f1,2016,06,20,0.0,36.84315,15.679243,2016
537,r2i1p1f1,2016,06,21,0.016171663799013913,34.51598,14.128516,2016
538,r2i1p1f1,2016,06,22,0.0,31.679783,14.701087,2016
539,r2i1p1f1,2016,06,23,0.0,32.010445,14.238651,2016
540,r2i1p1f1,2016,06,24,0.0,30.904062,12.661771,2016
541,r2i1p1f1,2016,06,25,0.0,30.87736,10.62791,2016
542,r2i1p1f1,2016,06,26,0.0,30.52142,9.566148,2016
543,r2i1p1f1,2016,06,27,0.0,28.384392,8.1155205,2016
544,r2i1p1f1,2016,06,28,0.0,25.899551,7.9084964,2016
545,r2i1p1f1,2016,06,29,0.0,23.596535,7.72439,2016
546,r2i1p1f1,2016,06,30,0.0,20.874218,7.5090084,2016
547,r2i1p1f1,2016,07,01,0.0,21.82893,7.379839,2016
548,r2i1p1f1,2016,07,02,0.0,23.913372,7.863459,2016
549,r2i1p1f1,2016,07,03,0.0,26.242662,9.052134,2016
550,r2i1p1f1,2016,07,04,0.0,28.259727,11.193058,2016
551,r2i1p1f1,2016,07,05,0.0,28.373306,11.393919,2016
552,r2i1p1f1,2016,07,06,0.0,29.230326,11.71007,2016
553,r2i1p1f1,2016,07,07,0.0,31.540886,11.948482,2016
554,r2i1p1f1,2016,07,08,0.0,34.68509,15.344716,2016
555,r2i1p1f1,2016,07,09,0.0,36.573776,17.563578,2016
556,r2i1p1f1,2016,07,10,0.0,37.323147,16.248072,2016
557,r2i1p1f1,2016,07,11,0.0,36.817036,15.815001,2016
558,r2i1p1f1,2016,07,12,0.0,35.919827,15.036259,2016
559,r2i1p1f1,2016,07,13,0.0,33.820812,12.450271,2016
560,r2i1p1f1,2016,07,14,0.0,30.522186,13.978636,2016
561,r2i1p1f1,2016,07,15,0.0,28.922188,10.822583,2016
562,r2i1p1f1,2016,07,16,0.0,32.24952,13.427902,2016
563,r2i1p1f1,2016,07,17,0.0,33.396545,13.268253,2016
564,r2i1p1f1,2016,07,18,0.0,33.605827,13.940435,2016
565,r2i1p1f1,2016,07,19,0.0,32.545635,13.831641,2016
566,r2i1p1f1,2016,07,20,0.0,31.812233,14.9572735,2016
567,r2i1p1f1,2016,07,21,0.0,32.891098,12.246758,2016
568,r2i1p1f1,2016,07,22,0.0,32.49765,11.440619,2016
569,r2i1p1f1,2016,07,23,0.0,30.380707,12.260907,2016
570,r2i1p1f1,2016,07,24,0.0,32.497635,13.505122,2016
571,r2i1p1f1,2016,07,25,0.0,33.554825,13.851002,2016
572,r2i1p1f1,2016,07,26,0.0,34.05571,12.939175,2016
573,r2i1p1f1,2016,07,27,0.0,32.077724,13.028305,2016
574,r2i1p1f1,2016,07,28,0.0,32.907566,13.828969,2016
575,r2i1p1f1,2016,07,29,0.0,35.321728,17.02536,2016
576,r2i1p1f1,2016,07,30,0.0,36.885696,17.577074,2016
577,r2i1p1f1,2016,07,31,0.0,38.00081,19.280975,2016
578,r2i1p1f1,2016,08,01,0.0,36.95619,18.144651,2016
579,r2i1p1f1,2016,08,02,0.0,36.518234,18.786133,2016
580,r2i1p1f1,2016,08,03,0.0,36.784805,17.632406,2016
581,r2i1p1f1,2016,08,04,0.0,36.3694,15.746399,2016
582,r2i1p1f1,2016,08,05,0.0,35.294865,13.833846,2016
583,r2i1p1f1,2016,08,06,0.0,30.338356,10.973023,2016
584,r2i1p1f1,2016,08,07,0.0,27.542704,11.041393,2016
585,r2i1p1f1,2016,08,08,0.0,26.867662,9.699159,2016
586,r2i1p1f1,2016,08,09,0.0,28.195152,12.073384,2016
587,r2i1p1f1,2016,08,10,0.0,30.046984,13.867632,2016
588,r2i1p1f1,2016,08,11,0.0,31.801954,14.023008,2016
589,r2i1p1f1,2016,08,12,0.0,33.763626,15.593769,2016
590,r2i1p1f1,2016,08,13,0.0,34.415195,13.123155,2016
591,r2i1p1f1,2016,08,14,0.021846283289050916,30.928427,10.827574,2016
592,r2i1p1f1,2016,08,15,0.0,29.852047,11.1785555,2016
593,r2i1p1f1,2016,08,16,0.0,29.77726,14.358666,2016
594,r2i1p1f1,2016,08,17,0.0,30.82328,13.660499,2016
595,r2i1p1f1,2016,08,18,0.0,32.300926,15.446869,2016
596,r2i1p1f1,2016,08,19,0.0,32.453445,12.9703,2016
597,r2i1p1f1,2016,08,20,0.0,31.919325,13.666963,2016
598,r2i1p1f1,2016,08,21,0.0,31.963308,13.57941,2016
599,r2i1p1f1,2016,08,22,0.0,32.266808,12.2327795,2016
600,r2i1p1f1,2016,08,23,0.0,32.340023,14.905234,2016
601,r2i1p1f1,2016,08,24,0.0,36.843216,17.401247,2016
602,r2i1p1f1,2016,08,25,0.3942101069128512,36.15178,17.114555,2016
603,r2i1p1f1,2016,08,26,0.0,36.384136,18.587433,2016
604,r2i1p1f1,2016,08,27,0.0,36.98738,21.120317,2016
605,r2i1p1f1,2016,08,28,0.04073149530086084,37.813572,18.2516,2016
606,r2i1p1f1,2016,08,29,0.0,37.409355,16.159227,2016
607,r2i1p1f1,2016,08,30,0.0,34.141632,15.2758875,2016
608,r2i1p1f1,2016,08,31,0.0,33.67934,15.393331,2016
609,r2i1p1f1,2016,09,01,0.0,34.860744,15.265725,2016
610,r2i1p1f1,2016,09,02,0.0,32.2942,14.100074,2016
611,r2i1p1f1,2016,09,03,0.0,32.455032,15.114609,2016
612,r2i1p1f1,2016,09,04,0.0,33.45903,14.381719,2016
613,r2i1p1f1,2016,09,05,0.0,35.868202,16.396404,2016
614,r2i1p1f1,2016,09,06,0.0,38.080772,18.872698,2016
615,r2i1p1f1,2016,09,07,0.0,38.658722,20.615725,2016
616,r2i1p1f1,2016,09,08,0.0,39.288223,20.624334,2016
617,r2i1p1f1,2016,09,09,0.0,38.08917,19.13101,2016
618,r2i1p1f1,2016,09,10,0.0,39.060886,19.002827,2016
619,r2i1p1f1,2016,09,11,0.0,35.68757,18.35576,2016
620,r2i1p1f1,2016,09,12,0.0,28.400679,10.401979,2016
621,r2i1p1f1,2016,09,13,0.0,25.87317,7.7050247,2016
622,r2i1p1f1,2016,09,14,0.0,25.091022,8.949076,2016
623,r2i1p1f1,2016,09,15,0.0,23.821482,7.6699624,2016
624,r2i1p1f1,2016,09,16,0.0,23.294443,7.0136266,2016
625,r2i1p1f1,2016,09,17,0.0,24.139563,6.4224067,2016
626,r2i1p1f1,2016,09,18,0.0,24.099993,6.020362,2016
627,r2i1p1f1,2016,09,19,0.0,26.213486,9.715054,2016
628,r2i1p1f1,2016,09,20,0.0,26.813133,11.194935,2016
629,r2i1p1f1,2016,09,21,0.0,22.606102,6.9656367,2016
630,r2i1p1f1,2016,09,22,0.0,22.940819,5.9885693,2016
631,r2i1p1f1,2016,09,23,0.0,27.4461,8.298709,2016
632,r2i1p1f1,2016,09,24,0.0,30.194038,10.784486,2016
633,r2i1p1f1,2016,09,25,0.0,30.377218,12.647886,2016
634,r2i1p1f1,2016,09,26,0.0,31.175917,12.8420925,2016
635,r2i1p1f1,2016,09,27,0.0,31.56035,14.527459,2016
636,r2i1p1f1,2016,09,28,0.0,33.21454,15.221331,2016
637,r2i1p1f1,2016,09,29,0.0,33.337936,14.582067,2016
638,r2i1p1f1,2016,09,30,0.0,34.414585,14.071338,2016
639,r2i1p1f1,2016,10,01,87.90310367839993,29.564796,10.15156,2016
640,r2i1p1f1,2016,10,02,2.9503238661774844,14.760485,8.99193,2016
641,r2i1p1f1,2016,10,03,6.750668230665724,15.691659,4.868751,2016
642,r2i1p1f1,2016,10,04,1.55637545448144,15.93474,2.4925694,2016
643,r2i1p1f1,2016,10,05,32.70653395263707,16.978176,7.5553436,2016
644,r2i1p1f1,2016,10,06,0.0,19.110603,5.807121,2016
645,r2i1p1f1,2016,10,07,0.0,21.814293,7.289255,2016
646,r2i1p1f1,2016,10,08,0.0,24.465946,8.219069,2016
647,r2i1p1f1,2016,10,09,0.0,26.5219,11.837039,2016
648,r2i1p1f1,2016,10,10,0.0,26.787354,10.644596,2016
649,r2i1p1f1,2016,10,11,0.0,26.4152,11.3153,2016
650,r2i1p1f1,2016,10,12,0.0,25.706707,10.47806,2016
651,r2i1p1f1,2016,10,13,0.0,25.84319,11.474357,2016
652,r2i1p1f1,2016,10,14,0.0,26.821,10.16954,2016
653,r2i1p1f1,2016,10,15,0.0,26.232674,10.347051,2016
654,r2i1p1f1,2016,10,16,0.0,25.865908,12.152768,2016
655,r2i1p1f1,2016,10,17,0.0,26.69235,11.77594,2016
656,r2i1p1f1,2016,10,18,0.0,27.656807,11.188828,2016
657,r2i1p1f1,2016,10,19,0.0,28.052912,9.462933,2016
658,r2i1p1f1,2016,10,20,0.0,26.155582,8.505672,2016
659,r2i1p1f1,2016,10,21,0.0,24.60244,7.8554316,2016
660,r2i1p1f1,2016,10,22,0.0,23.379742,11.12087,2016
661,r2i1p1f1,2016,10,23,0.0,21.992,9.569669,2016
662,r2i1p1f1,2016,10,24,0.0,21.968475,8.113312,2016
663,r2i1p1f1,2016,10,25,0.06775610547293809,20.49123,6.389194,2016
664,r2i1p1f1,2016,10,26,21.69652307911747,13.703274,8.950968,2016
665,r2i1p1f1,2016,10,27,0.0,17.268055,4.168998,2016
666,r2i1p1f1,2016,10,28,0.0,17.306314,5.0652943,2016
667,r2i1p1f1,2016,10,29,0.620788965261454,17.529427,6.40898,2016
668,r2i1p1f1,2016,10,30,38.303643537074095,13.934221,5.7986116,2016
669,r2i1p1f1,2016,10,31,0.0,10.884437,1.8386612,2016
670,r2i1p1f1,2016,11,01,0.0,13.2798195,0.46984994,2016
671,r2i1p1f1,2016,11,02,0.0,16.59418,1.4745431,2016
672,r2i1p1f1,2016,11,03,0.0,17.698008,4.908506,2016
673,r2i1p1f1,2016,11,04,0.0,17.927126,3.901788,2016
674,r2i1p1f1,2016,11,05,0.0,15.577084,2.754797,2016
675,r2i1p1f1,2016,11,06,3.064302757351811,12.661682,4.722564,2016
676,r2i1p1f1,2016,11,07,0.7616041026039966,12.610311,6.085667,2016
677,r2i1p1f1,2016,11,08,0.5261250599858158,13.974394,3.00187,2016
678,r2i1p1f1,2016,11,09,0.0,19.489777,7.1936016,2016
679,r2i1p1f1,2016,11,10,0.0,21.099182,7.236913,2016
680,r2i1p1f1,2016,11,11,0.0,21.177586,8.093593,2016
681,r2i1p1f1,2016,11,12,0.0,21.21919,8.761517,2016
682,r2i1p1f1,2016,11,13,2.4200049641425636,14.768245,4.776705,2016
683,r2i1p1f1,2016,11,14,0.012874060166723211,18.852104,7.0028486,2016
684,r2i1p1f1,2016,11,15,0.0,16.473986,4.990097,2016
685,r2i1p1f1,2016,11,16,0.021429270577755233,19.589832,7.4966464,2016
686,r2i1p1f1,2016,11,17,0.0,19.195532,6.145246,2016
687,r2i1p1f1,2016,11,18,0.6851972933191064,14.950197,5.2387505,2016
688,r2i1p1f1,2016,11,19,0.0,12.472115,1.4727443,2016
689,r2i1p1f1,2016,11,20,0.0,11.408077,0.55254656,2016
690,r2i1p1f1,2016,11,21,0.0,10.182618,-1.3989987,2016
691,r2i1p1f1,2016,11,22,0.0,12.801753,-1.5874301,2016
692,r2i1p1f1,2016,11,23,0.0,14.049562,1.352041,2016
693,r2i1p1f1,2016,11,24,0.0,13.500042,0.31045592,2016
694,r2i1p1f1,2016,11,25,4.875512923263159,12.890019,2.4099622,2016
695,r2i1p1f1,2016,11,26,0.1403191050275865,10.578166,2.4245524,2016
696,r2i1p1f1,2016,11,27,0.0,16.280737,3.665965,2016
697,r2i1p1f1,2016,11,28,0.0,17.544561,4.6186237,2016
698,r2i1p1f1,2016,11,29,0.0,14.804252,3.253516,2016
699,r2i1p1f1,2016,11,30,0.0,14.080589,-0.929753,2016
700,r2i1p1f1,2016,12,01,0.0,13.39842,0.4505976,2016
701,r2i1p1f1,2016,12,02,0.0,13.99971,2.4042473,2016
702,r2i1p1f1,2016,12,03,0.0,14.815792,3.955775,2016
703,r2i1p1f1,2016,12,04,23.877819986228133,6.8910336,-0.0005395677,2016
704,r2i1p1f1,2016,12,05,1.0345476142447296,10.672366,2.7085874,2016
705,r2i1p1f1,2016,12,06,6.4588767587338225,11.963331,6.4479966,2016
706,r2i1p1f1,2016,12,07,0.0,14.732985,5.357718,2016
707,r2i1p1f1,2016,12,08,0.0,15.946289,3.7904522,2016
708,r2i1p1f1,2016,12,09,0.0,16.276875,4.660303,2016
709,r2i1p1f1,2016,12,10,17.019654735577205,13.804179,7.4364862,2016
710,r2i1p1f1,2016,12,11,4.871641130068838,13.089121,5.5095005,2016
711,r2i1p1f1,2016,12,12,7.366024181010289,11.970226,5.6289716,2016
712,r2i1p1f1,2016,12,13,14.219360361039435,12.91479,8.280735,2016
713,r2i1p1f1,2016,12,14,0.0,12.185823,0.98818016,2016
714,r2i1p1f1,2016,12,15,0.0,10.171406,-2.1721516,2016
715,r2i1p1f1,2016,12,16,0.0,11.308765,2.47738,2016
716,r2i1p1f1,2016,12,17,0.0,12.14521,4.4136987,2016
717,r2i1p1f1,2016,12,18,0.0,15.130408,1.0605379,2016
718,r2i1p1f1,2016,12,19,0.0,15.730684,2.7917738,2016
719,r2i1p1f1,2016,12,20,0.0,13.602699,3.7285776,2016
720,r2i1p1f1,2016,12,21,0.0,14.626188,3.931415,2016
721,r2i1p1f1,2016,12,22,0.0,17.194145,6.3017907,2016
722,r2i1p1f1,2016,12,23,0.0,18.745853,8.167533,2016
723,r2i1p1f1,2016,12,24,0.0,18.211445,7.122772,2016
724,r2i1p1f1,2016,12,25,1.0735932465081532,18.166159,5.224287,2016
725,r2i1p1f1,2016,12,26,13.648332366051363,11.647314,8.60306,2016
726,r2i1p1f1,2016,12,27,0.0,11.967959,0.96873313,2016
727,r2i1p1f1,2016,12,28,0.0,12.1368265,-1.6285961,2016
728,r2i1p1f1,2016,12,29,0.0,11.939655,-0.5685284,2016
729,r2i1p1f1,2016,12,30,0.0,8.562558,0.009968598,2016
730,r2i1p1f1,2016,12,31,0.0,11.839648,0.59691775,2016
731,r2i1p1f1,2017,01,01,0.0,12.949139,1.3187433,2017
732,r2i1p1f1,2017,01,02,0.0,15.348921,2.8473103,2017
733,r2i1p1f1,2017,01,03,0.0,16.264301,3.0887952,2017
734,r2i1p1f1,2017,01,04,0.0,14.22064,2.5360804,2017
735,r2i1p1f1,2017,01,05,0.10450948080915623,10.669777,1.7110288,2017
736,r2i1p1f1,2017,01,06,0.0,11.698275,0.97334987,2017
737,r2i1p1f1,2017,01,07,4.007854389851673,9.588639,-0.2774547,2017
738,r2i1p1f1,2017,01,08,49.90695047745248,6.7069345,2.6743863,2017
739,r2i1p1f1,2017,01,09,41.27111181501277,9.714989,-4.3657346,2017
740,r2i1p1f1,2017,01,10,27.598664635843306,1.5934242,-8.147711,2017
741,r2i1p1f1,2017,01,11,5.17913700778081,5.558232,0.7589953,2017
742,r2i1p1f1,2017,01,12,0.0,8.59954,0.8057772,2017
743,r2i1p1f1,2017,01,13,0.0,11.047679,1.1672909,2017
744,r2i1p1f1,2017,01,14,0.0,12.888018,1.2856543,2017
745,r2i1p1f1,2017,01,15,0.0,14.180927,2.0439672,2017
746,r2i1p1f1,2017,01,16,0.0,15.4753895,3.7004259,2017
747,r2i1p1f1,2017,01,17,0.0,16.102692,4.216625,2017
748,r2i1p1f1,2017,01,18,0.0,16.83746,4.392753,2017
749,r2i1p1f1,2017,01,19,0.0,17.627665,4.6380405,2017
750,r2i1p1f1,2017,01,20,0.0,17.250425,4.249374,2017
751,r2i1p1f1,2017,01,21,0.0,17.426287,4.885285,2017
752,r2i1p1f1,2017,01,22,0.007339980787435252,14.356035,5.5463696,2017
753,r2i1p1f1,2017,01,23,6.449322799471702,9.527179,3.0066295,2017
754,r2i1p1f1,2017,01,24,0.0,10.905987,-0.43903795,2017
755,r2i1p1f1,2017,01,25,4.964886899779231,8.864868,2.8488417,2017
756,r2i1p1f1,2017,01,26,5.343424652892281,9.743266,1.48793,2017
757,r2i1p1f1,2017,01,27,3.375429054710821,11.21751,1.258184,2017
758,r2i1p1f1,2017,01,28,41.85073401276895,11.62723,5.1096983,2017
759,r2i1p1f1,2017,01,29,19.92639853306173,10.950166,-1.2947166,2017
760,r2i1p1f1,2017,01,30,14.475832328389515,5.743977,-3.3038445,2017
761,r2i1p1f1,2017,01,31,74.34725400817115,2.502682,-2.077112,2017
762,r2i1p1f1,2017,02,01,12.503766804729821,2.4844635,-3.8699422,2017
763,r2i1p1f1,2017,02,02,14.949860548279048,3.3489451,-2.9635096,2017
764,r2i1p1f1,2017,02,03,0.0,5.126259,-5.248982,2017
765,r2i1p1f1,2017,02,04,0.0,5.5602417,-3.8362875,2017
766,r2i1p1f1,2017,02,05,0.0,9.31003,-0.015164746,2017
767,r2i1p1f1,2017,02,06,60.75749951778562,8.74141,3.39473,2017
768,r2i1p1f1,2017,02,07,26.671054345661105,9.320208,-5.264666,2017
769,r2i1p1f1,2017,02,08,0.0,7.8112063,-1.4415845,2017
770,r2i1p1f1,2017,02,09,0.05798557449452346,9.93048,2.5132616,2017
771,r2i1p1f1,2017,02,10,0.0,12.320237,-1.5424191,2017
772,r2i1p1f1,2017,02,11,0.0,8.9461355,-0.9882299,2017
773,r2i1p1f1,2017,02,12,7.018071571155815,7.9987173,-0.21079175,2017
774,r2i1p1f1,2017,02,13,15.30358388172317,9.1745825,0.55566305,2017
775,r2i1p1f1,2017,02,14,0.0,8.680114,-1.1128284,2017
776,r2i1p1f1,2017,02,15,0.7213174395701571,9.007301,0.4671758,2017
777,r2i1p1f1,2017,02,16,14.266360086367058,8.778049,2.4748652,2017
778,r2i1p1f1,2017,02,17,1.9724492239333813,10.93399,-2.2549052,2017
779,r2i1p1f1,2017,02,18,0.40626711297306883,9.747639,-1.4667004,2017
780,r2i1p1f1,2017,02,19,17.105203992241513,6.4959564,2.1870785,2017
781,r2i1p1f1,2017,02,20,13.701337337931818,6.7347946,-2.8490214,2017
782,r2i1p1f1,2017,02,21,39.34605576869217,5.391849,-2.763032,2017
783,r2i1p1f1,2017,02,22,0.21224349341082416,8.042123,-2.3682938,2017
784,r2i1p1f1,2017,02,23,0.0441807917013648,9.964647,-1.2805599,2017
785,r2i1p1f1,2017,02,24,7.681008027657299,10.942746,-2.7255092,2017
786,r2i1p1f1,2017,02,25,14.336327297587559,7.895174,0.19321479,2017
787,r2i1p1f1,2017,02,26,4.937013648236643,7.4582553,-0.029174486,2017
788,r2i1p1f1,2017,02,27,25.31013376865303,7.53006,0.30518812,2017
789,r2i1p1f1,2017,02,28,24.165116299627698,8.358189,-4.508227,2017
790,r2i1p1f1,2017,03,01,20.89656209491295,4.550696,-6.9362807,2017
791,r2i1p1f1,2017,03,02,1.5023584229425069,6.2270484,2.0802383,2017
792,r2i1p1f1,2017,03,03,11.887334197933797,4.3172936,-3.5033636,2017
793,r2i1p1f1,2017,03,04,19.958438842513715,7.9061594,-2.8877172,2017
794,r2i1p1f1,2017,03,05,35.992303287639515,7.6277823,-1.2061121,2017
795,r2i1p1f1,2017,03,06,16.87732271366258,5.494745,-4.855495,2017
796,r2i1p1f1,2017,03,07,13.418510796941518,2.1165466,-3.7075398,2017
797,r2i1p1f1,2017,03,08,28.243968566675903,3.056247,-3.149106,2017
798,r2i1p1f1,2017,03,09,0.33165653140940776,7.0169005,-3.2671025,2017
799,r2i1p1f1,2017,03,10,0.04785635499615637,9.1268215,1.6730747,2017
800,r2i1p1f1,2017,03,11,0.0029741559956164565,11.647617,-0.6397773,2017
801,r2i1p1f1,2017,03,12,0.0,11.476628,0.2787821,2017
802,r2i1p1f1,2017,03,13,0.014660055740023381,12.041269,3.4001322,2017
803,r2i1p1f1,2017,03,14,6.684346188467316,13.676568,0.87367713,2017
804,r2i1p1f1,2017,03,15,11.05584669730888,13.528164,4.6773596,2017
805,r2i1p1f1,2017,03,16,0.04986998527840569,14.328576,3.984496,2017
806,r2i1p1f1,2017,03,17,36.8004116571683,13.94866,0.03394842,2017
807,r2i1p1f1,2017,03,18,11.713865360525233,8.128264,-3.4846525,2017
808,r2i1p1f1,2017,03,19,20.276185947659542,6.1861033,1.546415,2017
809,r2i1p1f1,2017,03,20,0.21311908149073133,9.408906,-0.9695264,2017
810,r2i1p1f1,2017,03,21,0.0,16.222048,-0.3494773,2017
811,r2i1p1f1,2017,03,22,0.0,18.088804,4.018711,2017
812,r2i1p1f1,2017,03,23,0.0,15.233143,5.0892816,2017
813,r2i1p1f1,2017,03,24,0.41316155713957414,15.313058,5.5892997,2017
814,r2i1p1f1,2017,03,25,14.839846664835932,13.862017,0.3667493,2017
815,r2i1p1f1,2017,03,26,18.90815630340512,9.646417,-4.63373,2017
816,r2i1p1f1,2017,03,27,9.1909556099381,9.365923,-5.2962375,2017
817,r2i1p1f1,2017,03,28,13.96735036478276,10.775173,1.6571356,2017
818,r2i1p1f1,2017,03,29,0.01740813520427764,12.989441,3.4727755,2017
819,r2i1p1f1,2017,03,30,0.0,14.891902,1.6562431,2017
820,r2i1p1f1,2017,03,31,8.675646409392357,13.802144,0.39026034,2017
821,r2i1p1f1,2017,04,01,0.7481908915224267,7.1123943,-2.2357628,2017
822,r2i1p1f1,2017,04,02,0.0,14.308504,-1.115967,2017
823,r2i1p1f1,2017,04,03,0.0,19.299856,2.686856,2017
824,r2i1p1f1,2017,04,04,0.0,20.691109,3.4761705,2017
825,r2i1p1f1,2017,04,05,6.466015211242393,19.883114,7.044986,2017
826,r2i1p1f1,2017,04,06,0.06827963084106159,11.5980015,2.695883,2017
827,r2i1p1f1,2017,04,07,0.0,17.375534,2.6052237,2017
828,r2i1p1f1,2017,04,08,0.0,21.676262,5.364764,2017
829,r2i1p1f1,2017,04,09,0.0,25.139526,8.902278,2017
830,r2i1p1f1,2017,04,10,0.0,25.834755,8.273835,2017
831,r2i1p1f1,2017,04,11,0.0,25.572876,9.751949,2017
832,r2i1p1f1,2017,04,12,0.0,26.215744,10.010252,2017
833,r2i1p1f1,2017,04,13,0.0,27.276682,10.928201,2017
834,r2i1p1f1,2017,04,14,0.0,25.987442,9.51985,2017
835,r2i1p1f1,2017,04,15,0.26252212055624113,24.558977,7.3258767,2017
836,r2i1p1f1,2017,04,16,19.544976593533647,13.5423355,2.6185162,2017
837,r2i1p1f1,2017,04,17,15.130160350094002,7.973488,3.5410576,2017
838,r2i1p1f1,2017,04,18,0.9555648593504884,13.346345,2.4750893,2017
839,r2i1p1f1,2017,04,19,0.031205089089780813,18.275362,2.6367097,2017
840,r2i1p1f1,2017,04,20,0.0,21.705505,5.4438014,2017
841,r2i1p1f1,2017,04,21,0.0,23.03546,6.158037,2017
842,r2i1p1f1,2017,04,22,0.0,23.080606,6.641998,2017
843,r2i1p1f1,2017,04,23,0.0,23.033905,7.536516,2017
844,r2i1p1f1,2017,04,24,2.3693324420037243,21.239107,6.3375297,2017
845,r2i1p1f1,2017,04,25,0.0526571850059554,19.785149,5.975525,2017
846,r2i1p1f1,2017,04,26,0.0,19.788292,5.8733444,2017
847,r2i1p1f1,2017,04,27,0.0,20.127794,4.9099216,2017
848,r2i1p1f1,2017,04,28,0.0,20.886744,6.590371,2017
849,r2i1p1f1,2017,04,29,0.0,24.103294,9.102648,2017
850,r2i1p1f1,2017,04,30,0.0,25.112091,7.769829,2017
851,r2i1p1f1,2017,05,01,0.0,20.136936,3.1592593,2017
852,r2i1p1f1,2017,05,02,0.0,20.709743,5.4722295,2017
853,r2i1p1f1,2017,05,03,0.0,22.43953,6.2370462,2017
854,r2i1p1f1,2017,05,04,0.0,20.253849,3.629316,2017
855,r2i1p1f1,2017,05,05,0.0,19.176474,3.7662807,2017
856,r2i1p1f1,2017,05,06,0.004086963326699333,18.880196,2.1470187,2017
857,r2i1p1f1,2017,05,07,0.0,13.420827,-0.9134727,2017
858,r2i1p1f1,2017,05,08,0.0,16.753716,0.33855295,2017
859,r2i1p1f1,2017,05,09,0.0,18.698355,2.6284146,2017
860,r2i1p1f1,2017,05,10,0.0,19.523655,4.1481066,2017
861,r2i1p1f1,2017,05,11,0.0,18.599262,2.8556767,2017
862,r2i1p1f1,2017,05,12,0.0,18.137135,0.8166171,2017
863,r2i1p1f1,2017,05,13,0.0,15.24743,-0.7231512,2017
864,r2i1p1f1,2017,05,14,0.0,17.291481,0.1078603,2017
865,r2i1p1f1,2017,05,15,0.0,23.125359,5.461813,2017
866,r2i1p1f1,2017,05,16,0.008824001224638778,25.14618,8.595277,2017
867,r2i1p1f1,2017,05,17,0.0,24.988707,6.508015,2017
868,r2i1p1f1,2017,05,18,0.0,22.241444,5.1499186,2017
869,r2i1p1f1,2017,05,19,0.0,26.64265,8.429061,2017
870,r2i1p1f1,2017,05,20,0.0,29.79757,12.075201,2017
871,r2i1p1f1,2017,05,21,0.01942216830457255,31.46287,14.4513855,2017
872,r2i1p1f1,2017,05,22,0.0,32.502075,14.387285,2017
873,r2i1p1f1,2017,05,23,0.0,32.47045,11.672619,2017
874,r2i1p1f1,2017,05,24,0.0,30.491905,12.174646,2017
875,r2i1p1f1,2017,05,25,0.0,32.552605,15.318905,2017
876,r2i1p1f1,2017,05,26,0.0,33.73017,15.5095825,2017
877,r2i1p1f1,2017,05,27,0.0,34.327736,13.3303585,2017
878,r2i1p1f1,2017,05,28,0.0,28.602997,11.059721,2017
879,r2i1p1f1,2017,05,29,0.3837774374005676,25.922823,9.331009,2017
880,r2i1p1f1,2017,05,30,1.1224034903079882,24.150927,7.838372,2017
881,r2i1p1f1,2017,05,31,1.5133152780435921,23.256905,7.8382545,2017
882,r2i1p1f1,2017,06,01,0.2676050296940957,27.412853,7.8354697,2017
883,r2i1p1f1,2017,06,02,0.0,27.852262,9.219104,2017
884,r2i1p1f1,2017,06,03,0.09732065598200279,27.848387,9.655865,2017
885,r2i1p1f1,2017,06,04,0.0,28.488443,8.571001,2017
886,r2i1p1f1,2017,06,05,0.0,28.13311,7.4372153,2017
887,r2i1p1f1,2017,06,06,4.958872331599196,19.524557,2.5227423,2017
888,r2i1p1f1,2017,06,07,0.02014077690546401,20.166904,6.642754,2017
889,r2i1p1f1,2017,06,08,0.0,21.063362,4.3723817,2017
890,r2i1p1f1,2017,06,09,0.013302684419613797,21.80899,5.6870956,2017
891,r2i1p1f1,2017,06,10,0.26236983976559713,23.846281,10.320023,2017
892,r2i1p1f1,2017,06,11,1.9145620809695174,23.701653,7.8070636,2017
893,r2i1p1f1,2017,06,12,0.14502983376587508,26.869425,10.528765,2017
894,r2i1p1f1,2017,06,13,7.990018188093018,24.640614,6.731748,2017
895,r2i1p1f1,2017,06,14,3.9430226431989013,21.121489,3.4174552,2017
896,r2i1p1f1,2017,06,15,0.0,28.216845,12.864968,2017
897,r2i1p1f1,2017,06,16,0.0,30.982994,14.833093,2017
898,r2i1p1f1,2017,06,17,0.004693218033935409,31.241133,14.233992,2017
899,r2i1p1f1,2017,06,18,0.0,32.96099,15.573223,2017
900,r2i1p1f1,2017,06,19,0.0,34.200016,15.507877,2017
901,r2i1p1f1,2017,06,20,0.0,34.199783,14.5598955,2017
902,r2i1p1f1,2017,06,21,0.0,34.020004,15.860413,2017
903,r2i1p1f1,2017,06,22,0.0,36.45486,17.478926,2017
904,r2i1p1f1,2017,06,23,0.40244107713078847,37.47728,17.851353,2017
905,r2i1p1f1,2017,06,24,0.01035250497807283,37.155457,17.70997,2017
906,r2i1p1f1,2017,06,25,2.054492360241511,36.58775,15.341895,2017
907,r2i1p1f1,2017,06,26,2.876719160030916,32.78502,15.118419,2017
908,r2i1p1f1,2017,06,27,15.484295154612937,28.991049,10.322933,2017
909,r2i1p1f1,2017,06,28,0.0,30.397278,14.91629,2017
910,r2i1p1f1,2017,06,29,0.0,33.796062,16.874535,2017
911,r2i1p1f1,2017,06,30,0.2452625485148019,33.259975,19.258696,2017
912,r2i1p1f1,2017,07,01,0.8551854777010703,31.711037,15.730803,2017
913,r2i1p1f1,2017,07,02,0.0,33.175327,17.913849,2017
914,r2i1p1f1,2017,07,03,14.670713274449554,32.227757,15.281106,2017
915,r2i1p1f1,2017,07,04,0.0,31.71128,12.509321,2017
916,r2i1p1f1,2017,07,05,0.0,34.25411,17.959633,2017
917,r2i1p1f1,2017,07,06,0.12520848895292147,29.024624,14.761089,2017
918,r2i1p1f1,2017,07,07,0.0,28.379847,12.020171,2017
919,r2i1p1f1,2017,07,08,0.0,30.798431,13.269881,2017
920,r2i1p1f1,2017,07,09,0.0,31.234306,9.185996,2017
921,r2i1p1f1,2017,07,10,0.0,29.086721,12.235781,2017
922,r2i1p1f1,2017,07,11,0.0,28.709408,12.084733,2017
923,r2i1p1f1,2017,07,12,0.8715585915524571,30.388876,12.937862,2017
924,r2i1p1f1,2017,07,13,0.0,32.044086,14.101992,2017
925,r2i1p1f1,2017,07,14,0.0,30.102081,11.3859825,2017
926,r2i1p1f1,2017,07,15,0.0,29.889116,8.882799,2017
927,r2i1p1f1,2017,07,16,0.0,26.91819,7.6792746,2017
928,r2i1p1f1,2017,07,17,0.0,26.063492,10.4394245,2017
929,r2i1p1f1,2017,07,18,0.0,29.235962,12.222483,2017
930,r2i1p1f1,2017,07,19,0.0,31.746372,13.261633,2017
931,r2i1p1f1,2017,07,20,0.0,35.648552,15.42928,2017
932,r2i1p1f1,2017,07,21,0.0,36.7058,20.07978,2017
933,r2i1p1f1,2017,07,22,0.0,36.613968,19.030367,2017
934,r2i1p1f1,2017,07,23,0.0,36.569958,18.930077,2017
935,r2i1p1f1,2017,07,24,0.0,35.360855,18.22832,2017
936,r2i1p1f1,2017,07,25,0.0,30.633545,10.104426,2017
937,r2i1p1f1,2017,07,26,0.0,28.121712,8.773694,2017
938,r2i1p1f1,2017,07,27,0.0,29.430061,10.815267,2017
939,r2i1p1f1,2017,07,28,0.0,30.818813,11.499561,2017
940,r2i1p1f1,2017,07,29,0.0,31.605675,10.522055,2017
941,r2i1p1f1,2017,07,30,0.0,29.663692,7.9617867,2017
942,r2i1p1f1,2017,07,31,0.0,29.746813,10.943012,2017
943,r2i1p1f1,2017,08,01,0.0,31.21717,13.622515,2017
944,r2i1p1f1,2017,08,02,0.0,33.185513,13.871608,2017
945,r2i1p1f1,2017,08,03,0.0,33.5179,15.203179,2017
946,r2i1p1f1,2017,08,04,0.0,33.124928,14.773281,2017
947,r2i1p1f1,2017,08,05,1.0941451699181926,33.51076,14.885385,2017
948,r2i1p1f1,2017,08,06,0.0,32.824066,13.682484,2017
949,r2i1p1f1,2017,08,07,0.0,32.689945,14.130303,2017
950,r2i1p1f1,2017,08,08,0.029464874478435377,33.398872,13.39073,2017
951,r2i1p1f1,2017,08,09,0.0,32.80394,12.008492,2017
952,r2i1p1f1,2017,08,10,0.08011802059968431,31.99945,13.91462,2017
953,r2i1p1f1,2017,08,11,0.0,30.770613,11.2952,2017
954,r2i1p1f1,2017,08,12,0.0,29.731743,10.695023,2017
955,r2i1p1f1,2017,08,13,0.0,26.732492,6.9251075,2017
956,r2i1p1f1,2017,08,14,0.0,24.382298,5.7933464,2017
957,r2i1p1f1,2017,08,15,0.0,28.600403,11.037765,2017
958,r2i1p1f1,2017,08,16,0.0,31.075914,12.762028,2017
959,r2i1p1f1,2017,08,17,0.0,31.74862,13.145184,2017
960,r2i1p1f1,2017,08,18,0.0,32.334026,12.136579,2017
961,r2i1p1f1,2017,08,19,0.0,32.691673,11.270717,2017
962,r2i1p1f1,2017,08,20,0.0,30.701439,9.645699,2017
963,r2i1p1f1,2017,08,21,0.0,27.478539,10.530372,2017
964,r2i1p1f1,2017,08,22,0.0,27.240196,9.794994,2017
965,r2i1p1f1,2017,08,23,0.0,28.590502,9.388866,2017
966,r2i1p1f1,2017,08,24,0.0,27.612026,7.399064,2017
967,r2i1p1f1,2017,08,25,0.0,26.913618,7.429814,2017
968,r2i1p1f1,2017,08,26,0.0,26.192532,8.69541,2017
969,r2i1p1f1,2017,08,27,0.0,28.109049,11.310372,2017
970,r2i1p1f1,2017,08,28,0.0,28.191654,8.737324,2017
971,r2i1p1f1,2017,08,29,0.0,25.646471,5.305624,2017
972,r2i1p1f1,2017,08,30,0.0,23.439253,5.830954,2017
973,r2i1p1f1,2017,08,31,0.0,25.405453,8.459897,2017
974,r2i1p1f1,2017,09,01,0.0,25.497322,8.8932295,2017
975,r2i1p1f1,2017,09,02,0.0,25.923676,7.2362843,2017
976,r2i1p1f1,2017,09,03,0.0,25.417519,5.887207,2017
977,r2i1p1f1,2017,09,04,0.0,25.202612,7.5287848,2017
978,r2i1p1f1,2017,09,05,0.0,27.764889,10.686373,2017
979,r2i1p1f1,2017,09,06,0.0,31.829817,13.419046,2017
980,r2i1p1f1,2017,09,07,0.0,32.648926,12.200207,2017
981,r2i1p1f1,2017,09,08,0.0,30.61805,12.781647,2017
982,r2i1p1f1,2017,09,09,0.0,31.52107,13.343128,2017
983,r2i1p1f1,2017,09,10,0.0,29.762634,9.707794,2017
984,r2i1p1f1,2017,09,11,0.0,26.461477,9.434401,2017
985,r2i1p1f1,2017,09,12,0.0,23.892311,6.818013,2017
986,r2i1p1f1,2017,09,13,0.0,24.150343,8.143419,2017
987,r2i1p1f1,2017,09,14,1.9231035963684917e-05,23.44889,5.8122506,2017
988,r2i1p1f1,2017,09,15,0.10166581640760342,21.72486,4.197936,2017
989,r2i1p1f1,2017,09,16,0.0,21.681847,3.4511075,2017
990,r2i1p1f1,2017,09,17,0.0,21.605736,7.647521,2017
991,r2i1p1f1,2017,09,18,0.0,21.537706,4.8872366,2017
992,r2i1p1f1,2017,09,19,0.0,23.873602,6.88601,2017
993,r2i1p1f1,2017,09,20,0.0,30.012573,11.920112,2017
994,r2i1p1f1,2017,09,21,0.0,33.46601,15.022121,2017
995,r2i1p1f1,2017,09,22,0.0,34.7417,15.330158,2017
996,r2i1p1f1,2017,09,23,0.0,35.338036,15.909081,2017
997,r2i1p1f1,2017,09,24,0.0,35.26566,16.03316,2017
998,r2i1p1f1,2017,09,25,0.0,35.585068,17.02223,2017
999,r2i1p1f1,2017,09,26,0.0,35.45912,15.732066,2017
1000,r2i1p1f1,2017,09,27,0.0,34.00104,14.667792,2017
1001,r2i1p1f1,2017,09,28,0.0,31.453728,11.154361,2017
1002,r2i1p1f1,2017,09,29,0.1514971622924577,28.071865,8.221142,2017
1003,r2i1p1f1,2017,09,30,6.179936906274008,14.686277,5.6407204,2017
1004,r2i1p1f1,2017,10,01,0.06448747844842728,18.610851,5.3504944,2017
1005,r2i1p1f1,2017,10,02,0.0,18.960915,3.995436,2017
1006,r2i1p1f1,2017,10,03,0.0,22.45353,6.7875314,2017
1007,r2i1p1f1,2017,10,04,0.0,23.221554,5.945862,2017
1008,r2i1p1f1,2017,10,05,0.0,22.779835,6.1622043,2017
1009,r2i1p1f1,2017,10,06,0.0,24.320889,9.128749,2017
1010,r2i1p1f1,2017,10,07,0.0,25.098637,11.319726,2017
1011,r2i1p1f1,2017,10,08,0.00714565084649621,23.246376,7.895228,2017
1012,r2i1p1f1,2017,10,09,0.0,22.653194,6.3535023,2017
1013,r2i1p1f1,2017,10,10,0.0,21.978363,4.4747434,2017
1014,r2i1p1f1,2017,10,11,0.0,19.469675,2.036795,2017
1015,r2i1p1f1,2017,10,12,0.0,21.588625,4.4090815,2017
1016,r2i1p1f1,2017,10,13,0.0,25.084,8.040487,2017
1017,r2i1p1f1,2017,10,14,0.0,25.576534,7.9352,2017
1018,r2i1p1f1,2017,10,15,0.013187149590976333,22.394297,4.4891186,2017
1019,r2i1p1f1,2017,10,16,0.0,18.722618,10.019421,2017
1020,r2i1p1f1,2017,10,17,0.0037056639484944753,21.000435,6.3267255,2017
1021,r2i1p1f1,2017,10,18,0.0,21.940052,4.2478833,2017
1022,r2i1p1f1,2017,10,19,0.0,22.980848,6.0504804,2017
1023,r2i1p1f1,2017,10,20,0.0,24.235233,7.7292895,2017
1024,r2i1p1f1,2017,10,21,0.0,27.678223,10.476948,2017
1025,r2i1p1f1,2017,10,22,0.0,27.988543,11.34551,2017
1026,r2i1p1f1,2017,10,23,0.0,29.337301,10.608776,2017
1027,r2i1p1f1,2017,10,24,0.0,28.350538,8.143804,2017
1028,r2i1p1f1,2017,10,25,59.90627006540308,20.10354,4.776411,2017
1029,r2i1p1f1,2017,10,26,27.21576618396284,13.507585,6.735659,2017
1030,r2i1p1f1,2017,10,27,48.46503252265393,11.606496,5.7729173,2017
1031,r2i1p1f1,2017,10,28,20.340537103129464,12.334223,4.662709,2017
1032,r2i1p1f1,2017,10,29,1.6294588938308152,11.997809,3.3075695,2017
1033,r2i1p1f1,2017,10,30,3.8781136625402723,12.255134,4.3294744,2017
1034,r2i1p1f1,2017,10,31,0.0,16.020979,1.7141821,2017
1035,r2i1p1f1,2017,11,01,0.0,18.922432,5.128444,2017
1036,r2i1p1f1,2017,11,02,0.0,19.482948,7.269018,2017
1037,r2i1p1f1,2017,11,03,0.0,17.668472,4.1433115,2017
1038,r2i1p1f1,2017,11,04,0.06146431719002976,15.699751,4.010416,2017
1039,r2i1p1f1,2017,11,05,4.488246058235745,12.944724,4.870896,2017
1040,r2i1p1f1,2017,11,06,0.0,13.641746,4.554218,2017
1041,r2i1p1f1,2017,11,07,0.2382625153813933,17.234001,5.5049906,2017
1042,r2i1p1f1,2017,11,08,0.0,19.024973,5.5818343,2017
1043,r2i1p1f1,2017,11,09,0.0,20.409243,7.603675,2017
1044,r2i1p1f1,2017,11,10,0.0,20.611467,7.6379385,2017
1045,r2i1p1f1,2017,11,11,0.0,18.285723,8.085262,2017
1046,r2i1p1f1,2017,11,12,0.0,16.223915,5.2040877,2017
1047,r2i1p1f1,2017,11,13,0.0,16.140625,4.8983,2017
1048,r2i1p1f1,2017,11,14,0.0,15.814976,0.49170935,2017
1049,r2i1p1f1,2017,11,15,0.0,15.406723,2.6993303,2017
1050,r2i1p1f1,2017,11,16,0.0,17.503908,5.420113,2017
1051,r2i1p1f1,2017,11,17,0.0,17.599743,5.259746,2017
1052,r2i1p1f1,2017,11,18,0.0,18.191734,6.252889,2017
1053,r2i1p1f1,2017,11,19,0.0,18.074581,4.9113827,2017
1054,r2i1p1f1,2017,11,20,0.0,18.752314,6.790812,2017
1055,r2i1p1f1,2017,11,21,0.0,18.769388,4.195193,2017
1056,r2i1p1f1,2017,11,22,0.0,17.895716,5.1951156,2017
1057,r2i1p1f1,2017,11,23,0.0,18.14596,5.515772,2017
1058,r2i1p1f1,2017,11,24,0.0,19.47046,7.318812,2017
1059,r2i1p1f1,2017,11,25,0.0,19.945704,5.013472,2017
1060,r2i1p1f1,2017,11,26,0.0,20.685966,7.698019,2017
1061,r2i1p1f1,2017,11,27,0.0,21.078005,7.555215,2017
1062,r2i1p1f1,2017,11,28,0.4025866411438983,16.144402,5.444597,2017
1063,r2i1p1f1,2017,11,29,0.003798855595960049,10.9234295,-1.0258206,2017
1064,r2i1p1f1,2017,11,30,0.0,14.159626,-2.3283138,2017
1065,r2i1p1f1,2017,12,01,0.09164287654073178,16.251564,3.9515414,2017
1066,r2i1p1f1,2017,12,02,18.160553016343783,8.737587,0.729908,2017
1067,r2i1p1f1,2017,12,03,0.0,4.9276114,-6.058279,2017
1068,r2i1p1f1,2017,12,04,0.0,7.834224,-3.673734,2017
1069,r2i1p1f1,2017,12,05,0.0,8.918444,-4.0331006,2017
1070,r2i1p1f1,2017,12,06,0.0021513274532480864,10.653139,-1.927617,2017
1071,r2i1p1f1,2017,12,07,41.03700876730727,10.552604,1.8356605,2017
1072,r2i1p1f1,2017,12,08,21.137984283086553,5.945849,-0.23677567,2017
1073,r2i1p1f1,2017,12,09,0.7394254748930962,5.36622,-1.8137804,2017
1074,r2i1p1f1,2017,12,10,13.638174904372136,4.818033,0.48377138,2017
1075,r2i1p1f1,2017,12,11,0.0,9.262041,-3.0999706,2017
1076,r2i1p1f1,2017,12,12,0.0,11.779103,-1.3235193,2017
1077,r2i1p1f1,2017,12,13,0.0,13.089687,0.17322105,2017
1078,r2i1p1f1,2017,12,14,3.827276909714783,8.683516,0.21553612,2017
1079,r2i1p1f1,2017,12,15,10.42129351260428,8.106652,-2.119297,2017
1080,r2i1p1f1,2017,12,16,0.0,7.6772275,-2.7041984,2017
1081,r2i1p1f1,2017,12,17,0.0,8.374439,-3.3798032,2017
1082,r2i1p1f1,2017,12,18,0.0,11.558949,-2.3555672,2017
1083,r2i1p1f1,2017,12,19,0.0,12.189192,0.50357336,2017
1084,r2i1p1f1,2017,12,20,0.0,13.057469,0.4516592,2017
1085,r2i1p1f1,2017,12,21,0.0,11.9916115,2.050496,2017
1086,r2i1p1f1,2017,12,22,13.658177700676788,9.62028,2.485921,2017
1087,r2i1p1f1,2017,12,23,1.1742626228738118,10.409977,5.4376802,2017
1088,r2i1p1f1,2017,12,24,0.0,12.18355,2.0708542,2017
1089,r2i1p1f1,2017,12,25,0.0,13.7522335,2.0153368,2017
1090,r2i1p1f1,2017,12,26,43.55668574717129,10.136812,5.024294,2017
1091,r2i1p1f1,2017,12,27,33.35647557541961,9.33409,1.9067767,2017
1092,r2i1p1f1,2017,12,28,6.825534571589742,7.7341666,-3.8607516,2017
1093,r2i1p1f1,2017,12,29,0.01457903587720466,3.931978,-3.831046,2017
1094,r2i1p1f1,2017,12,30,28.95020246214699,6.6890087,0.22043483,2017
1095,r2i1p1f1,2017,12,31,20.036593520489987,7.8012295,1.3719057,2017
1096,r2i1p1f1,2018,01,01,39.34743810332293,7.046449,1.1636928,2018
1097,r2i1p1f1,2018,01,02,30.989925301400945,7.17133,0.66735876,2018
1098,r2i1p1f1,2018,01,03,41.16557869219832,6.8377123,-3.8399591,2018
1099,r2i1p1f1,2018,01,04,18.069548636776744,5.9972477,1.2997277,2018
1100,r2i1p1f1,2018,01,05,83.06799098354531,8.5025625,3.4585218,2018
1101,r2i1p1f1,2018,01,06,34.883944082776,9.920942,-0.111948065,2018
1102,r2i1p1f1,2018,01,07,0.0586525487506151,4.8310037,-0.81353056,2018
1103,r2i1p1f1,2018,01,08,7.877581275022294,6.0106373,-0.09237369,2018
1104,r2i1p1f1,2018,01,09,114.23985666478984,8.065323,3.3080664,2018
1105,r2i1p1f1,2018,01,10,5.8257423203997405,7.7862897,-5.1148868,2018
1106,r2i1p1f1,2018,01,11,13.501173967961222,5.229704,0.051359124,2018
1107,r2i1p1f1,2018,01,12,41.48497514579503,7.7756543,0.59220994,2018
1108,r2i1p1f1,2018,01,13,43.16058996992069,8.546685,2.2482004,2018
1109,r2i1p1f1,2018,01,14,15.818623051018221,8.2499,-2.614972,2018
1110,r2i1p1f1,2018,01,15,19.422020080492075,3.8706524,-1.5833261,2018
1111,r2i1p1f1,2018,01,16,3.987437334438937,2.485168,-3.6494281,2018
1112,r2i1p1f1,2018,01,17,0.0,4.741984,-8.900417,2018
1113,r2i1p1f1,2018,01,18,2.8583381794533125,2.0803866,-11.034452,2018
1114,r2i1p1f1,2018,01,19,2.659385193987873,1.0289323,-2.1660457,2018
1115,r2i1p1f1,2018,01,20,0.0,5.131784,-1.8164961,2018
1116,r2i1p1f1,2018,01,21,0.0,10.34129,-2.0414457,2018
1117,r2i1p1f1,2018,01,22,0.0,10.68947,0.4411865,2018
1118,r2i1p1f1,2018,01,23,29.333498117193813,6.596946,0.48195702,2018
1119,r2i1p1f1,2018,01,24,81.45422927118489,8.135038,4.102306,2018
1120,r2i1p1f1,2018,01,25,32.86358406276122,9.104867,-4.2426586,2018
1121,r2i1p1f1,2018,01,26,0.05689266449735442,6.5490766,-3.687706,2018
1122,r2i1p1f1,2018,01,27,0.0,7.8618784,0.5796756,2018
1123,r2i1p1f1,2018,01,28,0.0,9.176368,-1.7204309,2018
1124,r2i1p1f1,2018,01,29,0.0,10.004883,-0.9062309,2018
1125,r2i1p1f1,2018,01,30,0.0,11.010731,-1.451079,2018
1126,r2i1p1f1,2018,01,31,0.0,12.039539,-0.9216779,2018
1127,r2i1p1f1,2018,02,01,0.0,11.857825,2.1996114,2018
1128,r2i1p1f1,2018,02,02,0.2678309256509692,13.922555,4.285234,2018
1129,r2i1p1f1,2018,02,03,14.157669150426955,12.3539505,1.0802975,2018
1130,r2i1p1f1,2018,02,04,0.4173641489842339,7.510897,2.3220825,2018
1131,r2i1p1f1,2018,02,05,0.0,9.743087,-0.9813102,2018
1132,r2i1p1f1,2018,02,06,4.49100768032622,8.751415,-2.3140745,2018
1133,r2i1p1f1,2018,02,07,7.871019603078366,7.1757617,-2.6815042,2018
1134,r2i1p1f1,2018,02,08,14.40168469616765,6.565649,0.93713826,2018
1135,r2i1p1f1,2018,02,09,36.19341154553695,8.471927,3.709804,2018
1136,r2i1p1f1,2018,02,10,0.0,7.4904404,-3.902849,2018
1137,r2i1p1f1,2018,02,11,0.0,8.825414,-4.13509,2018
1138,r2i1p1f1,2018,02,12,0.0,10.202262,-2.7181292,2018
1139,r2i1p1f1,2018,02,13,0.0,9.401221,-1.5443166,2018
1140,r2i1p1f1,2018,02,14,10.206911266163843,7.2361135,-1.5081277,2018
1141,r2i1p1f1,2018,02,15,8.079679001411932,6.7591076,1.3020842,2018
1142,r2i1p1f1,2018,02,16,9.351230538635491,7.2553635,0.49413857,2018
1143,r2i1p1f1,2018,02,17,0.0,7.104723,-3.14915,2018
1144,r2i1p1f1,2018,02,18,0.0,9.524337,-2.6526194,2018
1145,r2i1p1f1,2018,02,19,0.0,12.030904,0.05268722,2018
1146,r2i1p1f1,2018,02,20,0.0,14.700819,2.0832698,2018
1147,r2i1p1f1,2018,02,21,0.0,14.034371,1.6269076,2018
1148,r2i1p1f1,2018,02,22,0.0,15.337278,3.559171,2018
1149,r2i1p1f1,2018,02,23,0.0,16.18016,4.3241034,2018
1150,r2i1p1f1,2018,02,24,0.0,17.959518,4.5468607,2018
1151,r2i1p1f1,2018,02,25,0.0,18.313246,7.3023887,2018
1152,r2i1p1f1,2018,02,26,14.723506448535773,14.200363,6.064478,2018
1153,r2i1p1f1,2018,02,27,0.0,12.078056,1.6446413,2018
1154,r2i1p1f1,2018,02,28,2.666194107433739,9.957137,-1.4410561,2018
1155,r2i1p1f1,2018,03,01,0.8390695367779699,6.1852055,-4.0962625,2018
1156,r2i1p1f1,2018,03,02,5.090276421469753,5.4135885,-2.8014727,2018
1157,r2i1p1f1,2018,03,03,9.384552889559927,5.802967,0.8895727,2018
1158,r2i1p1f1,2018,03,04,0.0,13.798718,-0.24110147,2018
1159,r2i1p1f1,2018,03,05,0.0,13.143296,0.017301295,2018
1160,r2i1p1f1,2018,03,06,6.35192657805419,10.658405,-0.39726612,2018
1161,r2i1p1f1,2018,03,07,3.5858240757193016,6.4090796,-0.62648,2018
1162,r2i1p1f1,2018,03,08,18.014108941497398,8.420713,2.9851217,2018
1163,r2i1p1f1,2018,03,09,19.416386968441657,9.579144,-0.9743681,2018
1164,r2i1p1f1,2018,03,10,11.236001749921343,7.475469,-2.4984136,2018
1165,r2i1p1f1,2018,03,11,0.0,11.271543,-1.3496867,2018
1166,r2i1p1f1,2018,03,12,0.0,15.961346,0.8579875,2018
1167,r2i1p1f1,2018,03,13,0.00493576008011587,15.908641,2.172301,2018
1168,r2i1p1f1,2018,03,14,6.761212556261853,15.01592,2.086595,2018
1169,r2i1p1f1,2018,03,15,0.0,10.181251,-2.9575946,2018
1170,r2i1p1f1,2018,03,16,0.01957009385478159,10.086784,-0.8309072,2018
1171,r2i1p1f1,2018,03,17,1.1558921762571117,8.599109,0.4388744,2018
1172,r2i1p1f1,2018,03,18,18.408032510888006,7.0650253,3.3486755,2018
1173,r2i1p1f1,2018,03,19,1.1975960272089026,8.312861,-2.924085,2018
1174,r2i1p1f1,2018,03,20,0.0,10.320744,-2.475803,2018
1175,r2i1p1f1,2018,03,21,3.478621432361706,10.239178,0.7478051,2018
1176,r2i1p1f1,2018,03,22,3.627267694287184,12.347351,4.7925854,2018
1177,r2i1p1f1,2018,03,23,0.20606208045705898,14.355122,2.2320747,2018
1178,r2i1p1f1,2018,03,24,28.14517957813223,13.499989,5.222778,2018
1179,r2i1p1f1,2018,03,25,9.812886931467801,9.42316,-0.055956893,2018
1180,r2i1p1f1,2018,03,26,0.0,12.204155,-2.742031,2018
1181,r2i1p1f1,2018,03,27,0.0,13.440169,-0.8962562,2018
1182,r2i1p1f1,2018,03,28,0.0,14.904602,1.9817507,2018
1183,r2i1p1f1,2018,03,29,1.4003192109271367,11.855462,0.98899037,2018
1184,r2i1p1f1,2018,03,30,0.0547665462590885,7.169863,-4.9558096,2018
1185,r2i1p1f1,2018,03,31,0.0,10.002663,-3.7162383,2018
1186,r2i1p1f1,2018,04,01,0.0,10.936421,-0.49011979,2018
1187,r2i1p1f1,2018,04,02,0.035943636521551525,14.879438,0.04898135,2018
1188,r2i1p1f1,2018,04,03,0.0,18.789228,0.77803344,2018
1189,r2i1p1f1,2018,04,04,0.0,19.034246,1.3351729,2018
1190,r2i1p1f1,2018,04,05,0.0,12.782892,4.376943,2018
1191,r2i1p1f1,2018,04,06,10.900638960811193,9.901715,5.342496,2018
1192,r2i1p1f1,2018,04,07,0.005415789109974867,12.954614,1.1997511,2018
1193,r2i1p1f1,2018,04,08,0.0008561703708664936,11.804142,-1.2386295,2018
1194,r2i1p1f1,2018,04,09,0.0,10.193422,-2.5907335,2018
1195,r2i1p1f1,2018,04,10,0.0,9.627101,-1.3431792,2018
1196,r2i1p1f1,2018,04,11,0.0,13.757301,1.1629068,2018
1197,r2i1p1f1,2018,04,12,0.0,17.265312,1.9115541,2018
1198,r2i1p1f1,2018,04,13,0.0,18.104095,2.596606,2018
1199,r2i1p1f1,2018,04,14,0.0,19.94263,3.716508,2018
1200,r2i1p1f1,2018,04,15,0.0,21.526804,6.3416076,2018
1201,r2i1p1f1,2018,04,16,0.0,23.468758,7.5586376,2018
1202,r2i1p1f1,2018,04,17,0.0,23.798868,8.792947,2018
1203,r2i1p1f1,2018,04,18,0.0,21.867455,5.1281686,2018
1204,r2i1p1f1,2018,04,19,0.0,18.392189,0.021390332,2018
1205,r2i1p1f1,2018,04,20,0.0,11.2373,-1.8832207,2018
1206,r2i1p1f1,2018,04,21,0.0,12.367679,-2.1669068,2018
1207,r2i1p1f1,2018,04,22,0.7054950410406491,10.43711,-3.0844774,2018
1208,r2i1p1f1,2018,04,23,0.0,17.806505,-0.18651935,2018
1209,r2i1p1f1,2018,04,24,0.02565682716522133,18.359072,3.2371678,2018
1210,r2i1p1f1,2018,04,25,45.595447503001196,10.520494,4.26514,2018
1211,r2i1p1f1,2018,04,26,6.04724441492408,11.00006,2.3140225,2018
1212,r2i1p1f1,2018,04,27,0.008237059205384867,16.889624,1.7341956,2018
1213,r2i1p1f1,2018,04,28,0.0,17.947657,2.5577145,2018
1214,r2i1p1f1,2018,04,29,21.801085763217998,15.585671,1.240718,2018
1215,r2i1p1f1,2018,04,30,21.39269209255872,9.708819,5.23664,2018
1216,r2i1p1f1,2018,05,01,15.32377163930505,10.207129,1.5392976,2018
1217,r2i1p1f1,2018,05,02,6.375102502499885,9.957329,1.3660911,2018
1218,r2i1p1f1,2018,05,03,2.4185016336105036,11.126865,1.6525202,2018
1219,r2i1p1f1,2018,05,04,5.511464042160696,12.883131,3.4651794,2018
1220,r2i1p1f1,2018,05,05,0.8191106382696489,15.1097975,2.9045799,2018
1221,r2i1p1f1,2018,05,06,7.674227535056843,9.83015,-0.8016323,2018
1222,r2i1p1f1,2018,05,07,9.144839896561052,5.4521093,-5.1713758,2018
1223,r2i1p1f1,2018,05,08,0.64206041261059,8.323994,-4.2716312,2018
1224,r2i1p1f1,2018,05,09,0.20227556666227997,13.686989,0.47970977,2018
1225,r2i1p1f1,2018,05,10,0.06890839376865188,17.772772,2.9411592,2018
1226,r2i1p1f1,2018,05,11,3.2464858533785446,17.133657,6.6685085,2018
1227,r2i1p1f1,2018,05,12,0.0,20.896965,4.738071,2018
1228,r2i1p1f1,2018,05,13,0.0,23.018007,7.383848,2018
1229,r2i1p1f1,2018,05,14,0.0,23.863527,7.3284674,2018
1230,r2i1p1f1,2018,05,15,0.0,23.887169,7.9097543,2018
1231,r2i1p1f1,2018,05,16,0.0,20.991718,6.0195804,2018
1232,r2i1p1f1,2018,05,17,0.0,19.72531,5.2180147,2018
1233,r2i1p1f1,2018,05,18,0.0,18.966421,4.6618257,2018
1234,r2i1p1f1,2018,05,19,0.0,19.402962,3.7546806,2018
1235,r2i1p1f1,2018,05,20,0.07008964948909124,19.039293,4.9352856,2018
1236,r2i1p1f1,2018,05,21,0.0,18.780437,2.6148539,2018
1237,r2i1p1f1,2018,05,22,0.0,22.824158,6.899481,2018
1238,r2i1p1f1,2018,05,23,0.0,24.748083,7.598694,2018
1239,r2i1p1f1,2018,05,24,0.0,25.21296,8.607927,2018
1240,r2i1p1f1,2018,05,25,0.0,24.988518,8.171692,2018
1241,r2i1p1f1,2018,05,26,0.10310527464980623,24.251928,8.342339,2018
1242,r2i1p1f1,2018,05,27,0.13491210341953774,22.604248,7.4839773,2018
1243,r2i1p1f1,2018,05,28,0.0,20.320768,6.072254,2018
1244,r2i1p1f1,2018,05,29,0.0,19.575535,5.1060123,2018
1245,r2i1p1f1,2018,05,30,0.0,21.665253,5.9952416,2018
1246,r2i1p1f1,2018,05,31,0.0,25.293026,9.95049,2018
1247,r2i1p1f1,2018,06,01,0.0,27.864315,10.304986,2018
1248,r2i1p1f1,2018,06,02,0.0,27.679548,7.352584,2018
1249,r2i1p1f1,2018,06,03,0.0,27.99884,9.236881,2018
1250,r2i1p1f1,2018,06,04,0.0,31.44904,14.742657,2018
1251,r2i1p1f1,2018,06,05,0.0,31.905718,10.273631,2018
1252,r2i1p1f1,2018,06,06,0.0,29.37601,10.247646,2018
1253,r2i1p1f1,2018,06,07,0.0,30.375204,12.50312,2018
1254,r2i1p1f1,2018,06,08,0.0,31.337524,14.131029,2018
1255,r2i1p1f1,2018,06,09,0.0,31.922024,15.509996,2018
1256,r2i1p1f1,2018,06,10,0.0,34.45994,16.959547,2018
1257,r2i1p1f1,2018,06,11,0.0,35.98174,18.704046,2018
1258,r2i1p1f1,2018,06,12,0.0,36.1487,19.090357,2018
1259,r2i1p1f1,2018,06,13,0.0,36.366795,18.517931,2018
1260,r2i1p1f1,2018,06,14,0.0,36.62825,16.484343,2018
1261,r2i1p1f1,2018,06,15,0.36720043467539654,37.795597,19.124048,2018
1262,r2i1p1f1,2018,06,16,1.4551100949574902,37.94905,21.932255,2018
1263,r2i1p1f1,2018,06,17,0.0,38.792816,18.041016,2018
1264,r2i1p1f1,2018,06,18,0.0,37.08628,16.844242,2018
1265,r2i1p1f1,2018,06,19,0.0,31.838419,11.516998,2018
1266,r2i1p1f1,2018,06,20,0.0,27.538124,9.914503,2018
1267,r2i1p1f1,2018,06,21,0.049339712313667405,28.504099,12.6427765,2018
1268,r2i1p1f1,2018,06,22,0.0,28.74058,11.978077,2018
1269,r2i1p1f1,2018,06,23,0.0,32.424297,13.806845,2018
1270,r2i1p1f1,2018,06,24,0.0,32.965244,13.409881,2018
1271,r2i1p1f1,2018,06,25,0.0,30.470865,10.252754,2018
1272,r2i1p1f1,2018,06,26,0.0,29.358564,10.61197,2018
1273,r2i1p1f1,2018,06,27,0.0,30.8271,11.983906,2018
1274,r2i1p1f1,2018,06,28,0.0,32.255573,13.415303,2018
1275,r2i1p1f1,2018,06,29,0.0,36.756947,18.391369,2018
1276,r2i1p1f1,2018,06,30,0.0,37.61516,17.942488,2018
1277,r2i1p1f1,2018,07,01,0.0,36.63251,16.301968,2018
1278,r2i1p1f1,2018,07,02,0.0,35.300117,16.228241,2018
1279,r2i1p1f1,2018,07,03,0.0,33.981686,16.51375,2018
1280,r2i1p1f1,2018,07,04,2.1569606880802894,33.592613,12.8373375,2018
1281,r2i1p1f1,2018,07,05,0.0,30.19877,13.153858,2018
1282,r2i1p1f1,2018,07,06,0.0,31.456669,13.16729,2018
1283,r2i1p1f1,2018,07,07,0.0,34.33992,16.086687,2018
1284,r2i1p1f1,2018,07,08,0.0,35.16599,16.063534,2018
1285,r2i1p1f1,2018,07,09,0.0,35.417263,17.23739,2018
1286,r2i1p1f1,2018,07,10,0.0,33.657204,13.611634,2018
1287,r2i1p1f1,2018,07,11,0.0,31.39495,10.996144,2018
1288,r2i1p1f1,2018,07,12,0.0,28.234333,9.33631,2018
1289,r2i1p1f1,2018,07,13,0.0,27.2973,7.847408,2018
1290,r2i1p1f1,2018,07,14,0.0,27.96699,9.356907,2018
1291,r2i1p1f1,2018,07,15,0.0,29.733084,10.731925,2018
1292,r2i1p1f1,2018,07,16,0.0,30.184252,11.703999,2018
1293,r2i1p1f1,2018,07,17,0.0,31.710938,14.630666,2018
1294,r2i1p1f1,2018,07,18,0.0,32.849983,14.266688,2018
1295,r2i1p1f1,2018,07,19,0.0,32.949913,13.25996,2018
1296,r2i1p1f1,2018,07,20,0.0,32.256805,13.891776,2018
1297,r2i1p1f1,2018,07,21,0.0,32.44508,11.638322,2018
1298,r2i1p1f1,2018,07,22,0.0,31.910698,12.449088,2018
1299,r2i1p1f1,2018,07,23,0.0,31.00361,11.650264,2018
1300,r2i1p1f1,2018,07,24,0.0006240479706320912,31.888515,11.722674,2018
1301,r2i1p1f1,2018,07,25,0.32296778772433754,32.16798,12.815923,2018
1302,r2i1p1f1,2018,07,26,0.017573691911820788,33.165543,16.075161,2018
1303,r2i1p1f1,2018,07,27,0.0,34.476864,17.875795,2018
1304,r2i1p1f1,2018,07,28,0.0,35.681873,15.614493,2018
1305,r2i1p1f1,2018,07,29,0.0,34.746414,17.013298,2018
1306,r2i1p1f1,2018,07,30,0.0,31.337294,10.276951,2018
1307,r2i1p1f1,2018,07,31,0.0,30.842241,11.422045,2018
1308,r2i1p1f1,2018,08,01,0.0,32.955566,12.579412,2018
1309,r2i1p1f1,2018,08,02,0.0,33.782486,14.018357,2018
1310,r2i1p1f1,2018,08,03,0.0,34.57866,17.27591,2018
1311,r2i1p1f1,2018,08,04,0.0,35.002056,16.487312,2018
1312,r2i1p1f1,2018,08,05,0.0,36.007133,16.966179,2018
1313,r2i1p1f1,2018,08,06,0.0,36.368633,17.985071,2018
1314,r2i1p1f1,2018,08,07,0.0008646113201393746,36.277287,18.383415,2018
1315,r2i1p1f1,2018,08,08,0.0,35.339252,16.37855,2018
1316,r2i1p1f1,2018,08,09,0.0,34.365257,13.941447,2018
1317,r2i1p1f1,2018,08,10,0.0,34.48706,13.827226,2018
1318,r2i1p1f1,2018,08,11,0.0,36.22655,17.462635,2018
1319,r2i1p1f1,2018,08,12,0.0,38.48215,19.546844,2018
1320,r2i1p1f1,2018,08,13,0.0,38.865723,19.219275,2018
1321,r2i1p1f1,2018,08,14,0.0,38.50499,20.268774,2018
1322,r2i1p1f1,2018,08,15,0.0,36.982723,15.746273,2018
1323,r2i1p1f1,2018,08,16,0.0,36.491306,18.595863,2018
1324,r2i1p1f1,2018,08,17,0.0,37.082058,19.274942,2018
1325,r2i1p1f1,2018,08,18,0.46712072204968536,36.726105,16.561584,2018
1326,r2i1p1f1,2018,08,19,0.0,37.620136,21.42858,2018
1327,r2i1p1f1,2018,08,20,12.821653461256233,38.496723,17.074364,2018
1328,r2i1p1f1,2018,08,21,3.0415658753895514,36.18625,14.559566,2018
1329,r2i1p1f1,2018,08,22,0.0011291802138657658,32.96982,16.895191,2018
1330,r2i1p1f1,2018,08,23,0.0,34.766838,18.611351,2018
1331,r2i1p1f1,2018,08,24,0.0,34.91533,17.61302,2018
1332,r2i1p1f1,2018,08,25,0.0,33.920063,13.477218,2018
1333,r2i1p1f1,2018,08,26,0.0005794461230834713,33.593235,15.713224,2018
1334,r2i1p1f1,2018,08,27,0.0,34.671097,17.168455,2018
1335,r2i1p1f1,2018,08,28,0.0,36.759018,20.552711,2018
1336,r2i1p1f1,2018,08,29,0.3212554182482563,38.184746,20.557474,2018
1337,r2i1p1f1,2018,08,30,0.0,36.166145,17.813406,2018
1338,r2i1p1f1,2018,08,31,0.0,37.586838,18.655579,2018
1339,r2i1p1f1,2018,09,01,0.0,36.90077,19.171745,2018
1340,r2i1p1f1,2018,09,02,0.0,38.133633,19.977272,2018
1341,r2i1p1f1,2018,09,03,0.0,39.686768,21.191738,2018
1342,r2i1p1f1,2018,09,04,0.4363238645694878,39.086006,19.623405,2018
1343,r2i1p1f1,2018,09,05,0.0,33.454964,15.558265,2018
1344,r2i1p1f1,2018,09,06,0.0,36.201313,16.612194,2018
1345,r2i1p1f1,2018,09,07,0.10160085798815999,35.46843,18.236027,2018
1346,r2i1p1f1,2018,09,08,0.0,34.684505,17.910122,2018
1347,r2i1p1f1,2018,09,09,0.0,36.381878,19.302053,2018
1348,r2i1p1f1,2018,09,10,0.0,36.916687,19.99113,2018
1349,r2i1p1f1,2018,09,11,0.0,37.678745,19.993263,2018
1350,r2i1p1f1,2018,09,12,0.0,37.64537,20.157854,2018
1351,r2i1p1f1,2018,09,13,0.0,36.53676,17.781666,2018
1352,r2i1p1f1,2018,09,14,0.0,34.876907,15.023817,2018
1353,r2i1p1f1,2018,09,15,0.0,32.000645,13.245195,2018
1354,r2i1p1f1,2018,09,16,0.005500010047398973,31.879734,14.325546,2018
1355,r2i1p1f1,2018,09,17,4.400476516508434e-06,32.014908,14.230737,2018
1356,r2i1p1f1,2018,09,18,0.0,29.721914,12.237993,2018
1357,r2i1p1f1,2018,09,19,0.0,29.266941,11.049762,2018
1358,r2i1p1f1,2018,09,20,0.0,28.120531,10.561591,2018
1359,r2i1p1f1,2018,09,21,0.027751632433137274,24.408262,10.618794,2018
1360,r2i1p1f1,2018,09,22,0.0,25.084679,8.530422,2018
1361,r2i1p1f1,2018,09,23,0.0,25.781984,6.535038,2018
1362,r2i1p1f1,2018,09,24,0.0,23.713392,5.686742,2018
1363,r2i1p1f1,2018,09,25,0.011176936163792561,24.002022,9.181719,2018
1364,r2i1p1f1,2018,09,26,0.0,26.672497,9.809553,2018
1365,r2i1p1f1,2018,09,27,0.0,30.103271,11.637248,2018
1366,r2i1p1f1,2018,09,28,0.0,30.779642,12.07317,2018
1367,r2i1p1f1,2018,09,29,0.0,28.507053,11.994474,2018
1368,r2i1p1f1,2018,09,30,0.0,26.755873,10.88623,2018
1369,r2i1p1f1,2018,10,01,0.0,25.306585,8.904883,2018
1370,r2i1p1f1,2018,10,02,0.0,25.707506,7.574463,2018
1371,r2i1p1f1,2018,10,03,0.0,24.40311,7.270417,2018
1372,r2i1p1f1,2018,10,04,0.0,20.847034,3.521834,2018
1373,r2i1p1f1,2018,10,05,0.0,22.35258,5.9626236,2018
1374,r2i1p1f1,2018,10,06,0.0,22.926964,5.641043,2018
1375,r2i1p1f1,2018,10,07,0.0,25.735912,6.6920776,2018
1376,r2i1p1f1,2018,10,08,0.0,26.443907,8.497716,2018
1377,r2i1p1f1,2018,10,09,0.0,30.965528,13.72398,2018
1378,r2i1p1f1,2018,10,10,0.0,31.776863,15.352634,2018
1379,r2i1p1f1,2018,10,11,0.0,32.586586,14.183447,2018
1380,r2i1p1f1,2018,10,12,0.0,31.834953,12.980793,2018
1381,r2i1p1f1,2018,10,13,0.0,31.014208,12.641097,2018
1382,r2i1p1f1,2018,10,14,0.0,25.761778,11.545287,2018
1383,r2i1p1f1,2018,10,15,0.0,25.224167,8.852749,2018
1384,r2i1p1f1,2018,10,16,0.0,25.357952,9.35416,2018
1385,r2i1p1f1,2018,10,17,0.0,26.760017,10.06708,2018
1386,r2i1p1f1,2018,10,18,0.0,27.690203,11.841385,2018
1387,r2i1p1f1,2018,10,19,0.0,25.943424,9.471627,2018
1388,r2i1p1f1,2018,10,20,0.2675712207064862,16.316578,2.2054791,2018
1389,r2i1p1f1,2018,10,21,0.0,16.761457,0.5611136,2018
1390,r2i1p1f1,2018,10,22,0.0,23.525911,6.208082,2018
1391,r2i1p1f1,2018,10,23,0.0,23.396017,8.135418,2018
1392,r2i1p1f1,2018,10,24,0.0,24.00653,7.8137045,2018
1393,r2i1p1f1,2018,10,25,0.0,24.23496,10.30301,2018
1394,r2i1p1f1,2018,10,26,0.0,24.525347,9.626005,2018
1395,r2i1p1f1,2018,10,27,0.0,25.381483,10.908559,2018
1396,r2i1p1f1,2018,10,28,0.0,25.687767,12.012698,2018
1397,r2i1p1f1,2018,10,29,0.0,26.550255,10.5812645,2018
1398,r2i1p1f1,2018,10,30,0.0,25.494251,9.701386,2018
1399,r2i1p1f1,2018,10,31,0.0,23.075634,8.496024,2018
1400,r2i1p1f1,2018,11,01,0.0,23.36139,8.681683,2018
1401,r2i1p1f1,2018,11,02,0.0,23.55518,4.6170077,2018
1402,r2i1p1f1,2018,11,03,0.0,16.968956,1.9114062,2018
1403,r2i1p1f1,2018,11,04,0.0,19.462841,2.9838798,2018
1404,r2i1p1f1,2018,11,05,0.0,20.842972,4.2267323,2018
1405,r2i1p1f1,2018,11,06,0.0,21.810253,6.6773105,2018
1406,r2i1p1f1,2018,11,07,2.746337823430167,16.116827,1.9743536,2018
1407,r2i1p1f1,2018,11,08,0.0,10.851987,-2.1893427,2018
1408,r2i1p1f1,2018,11,09,2.9120549799586115,11.923534,1.8162172,2018
1409,r2i1p1f1,2018,11,10,19.45403569525297,11.104385,5.652051,2018
1410,r2i1p1f1,2018,11,11,11.38321706739589,11.157074,3.8773737,2018
1411,r2i1p1f1,2018,11,12,45.12554395842017,8.311747,0.36486048,2018
1412,r2i1p1f1,2018,11,13,0.011488113705127034,7.783248,0.73398465,2018
1413,r2i1p1f1,2018,11,14,0.0,9.895638,-2.2780435,2018
1414,r2i1p1f1,2018,11,15,0.10946816605610366,10.304215,0.49938658,2018
1415,r2i1p1f1,2018,11,16,0.0,15.051597,-0.16564386,2018
1416,r2i1p1f1,2018,11,17,3.044510715017168,14.047939,0.998376,2018
1417,r2i1p1f1,2018,11,18,0.0,10.181957,-2.646397,2018
1418,r2i1p1f1,2018,11,19,0.0,13.049602,-0.36792266,2018
1419,r2i1p1f1,2018,11,20,0.017279756684729364,14.306911,-0.23781347,2018
1420,r2i1p1f1,2018,11,21,10.502505939621187,7.6081095,-1.973092,2018
1421,r2i1p1f1,2018,11,22,0.0,4.9708533,-4.3813586,2018
1422,r2i1p1f1,2018,11,23,0.0,7.643221,-5.05573,2018
1423,r2i1p1f1,2018,11,24,0.0,11.095187,-3.1631155,2018
1424,r2i1p1f1,2018,11,25,0.0,12.056374,-1.1115905,2018
1425,r2i1p1f1,2018,11,26,0.0,12.898624,0.039375253,2018
1426,r2i1p1f1,2018,11,27,0.0,13.23122,-1.2914575,2018
1427,r2i1p1f1,2018,11,28,0.0,11.823582,-2.736404,2018
1428,r2i1p1f1,2018,11,29,0.0,6.5869474,-7.1940317,2018
1429,r2i1p1f1,2018,11,30,0.0,8.989009,-5.605905,2018
1430,r2i1p1f1,2018,12,01,0.0,12.830682,2.4298358,2018
1431,r2i1p1f1,2018,12,02,0.0,17.290886,5.8898697,2018
1432,r2i1p1f1,2018,12,03,0.0,18.604301,5.5141764,2018
1433,r2i1p1f1,2018,12,04,0.0,18.50985,5.362313,2018
1434,r2i1p1f1,2018,12,05,0.0,17.15142,2.3654377,2018
1435,r2i1p1f1,2018,12,06,0.0,17.854612,4.8903317,2018
1436,r2i1p1f1,2018,12,07,0.0,20.157837,6.2920437,2018
1437,r2i1p1f1,2018,12,08,3.911387084906437,16.413027,5.540413,2018
1438,r2i1p1f1,2018,12,09,0.46983717192858876,7.209583,-3.2687967,2018
1439,r2i1p1f1,2018,12,10,0.0,8.636719,-2.8169413,2018
1440,r2i1p1f1,2018,12,11,0.0,12.680347,1.7737437,2018
1441,r2i1p1f1,2018,12,12,0.7882064085492857,12.0336,1.0802064,2018
1442,r2i1p1f1,2018,12,13,0.0,14.479748,5.06707,2018
1443,r2i1p1f1,2018,12,14,0.0,15.750029,7.2462134,2018
1444,r2i1p1f1,2018,12,15,0.0,14.933635,4.024231,2018
1445,r2i1p1f1,2018,12,16,0.0,7.558937,-3.6059315,2018
1446,r2i1p1f1,2018,12,17,0.0,8.361797,-4.2210903,2018
1447,r2i1p1f1,2018,12,18,0.0,8.76476,-2.0078764,2018
1448,r2i1p1f1,2018,12,19,0.0,12.688074,-1.9412295,2018
1449,r2i1p1f1,2018,12,20,0.0,14.077569,2.6135826,2018
1450,r2i1p1f1,2018,12,21,0.0,16.292862,2.549634,2018
1451,r2i1p1f1,2018,12,22,0.0,18.012611,6.2274213,2018
1452,r2i1p1f1,2018,12,23,0.0,18.30827,5.309038,2018
1453,r2i1p1f1,2018,12,24,0.0,19.113056,6.0986834,2018
1454,r2i1p1f1,2018,12,25,0.0,15.247604,5.3076863,2018
1455,r2i1p1f1,2018,12,26,0.37096705130466034,13.224484,4.739435,2018
1456,r2i1p1f1,2018,12,27,0.0,13.403865,-1.5696273,2018
1457,r2i1p1f1,2018,12,28,0.0,12.080463,0.8610392,2018
1458,r2i1p1f1,2018,12,29,0.0,16.893393,4.481129,2018
1459,r2i1p1f1,2018,12,30,0.0,17.27859,6.7807007,2018
1460,r2i1p1f1,2018,12,31,0.021554927093347942,16.946733,4.942099,2018
1461,r2i1p1f1,2019,01,01,0.0,13.324218,6.6470056,2019
1462,r2i1p1f1,2019,01,02,0.0,13.115695,0.3224373,2019
1463,r2i1p1f1,2019,01,03,0.0,14.699923,1.7813356,2019
1464,r2i1p1f1,2019,01,04,0.0,18.716812,4.9432616,2019
1465,r2i1p1f1,2019,01,05,0.0,18.373747,6.817969,2019
1466,r2i1p1f1,2019,01,06,0.0,19.396872,6.631426,2019
1467,r2i1p1f1,2019,01,07,0.0,18.98856,5.0732617,2019
1468,r2i1p1f1,2019,01,08,0.0,18.752144,4.969532,2019
1469,r2i1p1f1,2019,01,09,0.0,19.577486,5.589189,2019
1470,r2i1p1f1,2019,01,10,0.0,20.677921,6.353235,2019
1471,r2i1p1f1,2019,01,11,0.0,19.895195,5.466674,2019
1472,r2i1p1f1,2019,01,12,0.0,18.342834,3.0480323,2019
1473,r2i1p1f1,2019,01,13,9.492165646861395,16.261679,3.5540206,2019
1474,r2i1p1f1,2019,01,14,35.872749430564,14.590205,9.702452,2019
1475,r2i1p1f1,2019,01,15,70.70089038315928,14.094307,9.585627,2019
1476,r2i1p1f1,2019,01,16,46.71465219998936,12.944447,6.570018,2019
1477,r2i1p1f1,2019,01,17,6.815120510322004,10.694167,2.9916732,2019
1478,r2i1p1f1,2019,01,18,0.0,11.260159,-1.2462475,2019
1479,r2i1p1f1,2019,01,19,0.3443285472343405,8.675732,2.6587205,2019
1480,r2i1p1f1,2019,01,20,25.024127047072398,10.138331,2.8247423,2019
1481,r2i1p1f1,2019,01,21,40.78096341550008,12.829379,6.776924,2019
1482,r2i1p1f1,2019,01,22,5.94454183860762,13.432232,3.4562244,2019
1483,r2i1p1f1,2019,01,23,3.975548265134421,9.163927,-0.2360657,2019
1484,r2i1p1f1,2019,01,24,37.14688339168788,7.2724795,2.800933,2019
1485,r2i1p1f1,2019,01,25,5.887780315390501,7.906199,0.9774103,2019
1486,r2i1p1f1,2019,01,26,0.0,11.235678,-0.61875385,2019
1487,r2i1p1f1,2019,01,27,0.0,13.686008,0.5211582,2019
1488,r2i1p1f1,2019,01,28,0.0,14.752872,2.8619373,2019
1489,r2i1p1f1,2019,01,29,0.0,12.3540325,3.116271,2019
1490,r2i1p1f1,2019,01,30,0.0,13.177355,2.4809928,2019
1491,r2i1p1f1,2019,01,31,0.031292380663217045,13.318658,4.0987096,2019
1492,r2i1p1f1,2019,02,01,0.0,12.451008,3.5894115,2019
1493,r2i1p1f1,2019,02,02,0.0,14.55109,3.7594745,2019
1494,r2i1p1f1,2019,02,03,0.0,15.31165,5.4879785,2019
1495,r2i1p1f1,2019,02,04,35.59050514559203,11.89735,8.525692,2019
1496,r2i1p1f1,2019,02,05,2.092320083454524,10.947361,-0.68819594,2019
1497,r2i1p1f1,2019,02,06,0.0,11.543018,-2.683336,2019
1498,r2i1p1f1,2019,02,07,0.0,12.596983,1.5588111,2019
1499,r2i1p1f1,2019,02,08,0.0,13.662425,2.2046726,2019
1500,r2i1p1f1,2019,02,09,0.5151590994046273,12.288815,2.7892778,2019
1501,r2i1p1f1,2019,02,10,0.8915684835017146,13.4508095,4.1871257,2019
1502,r2i1p1f1,2019,02,11,0.0,13.739808,2.9355578,2019
1503,r2i1p1f1,2019,02,12,0.34600592280185083,17.673576,4.5536995,2019
1504,r2i1p1f1,2019,02,13,0.0,17.490131,5.9132495,2019
1505,r2i1p1f1,2019,02,14,0.0,17.521524,4.7799764,2019
1506,r2i1p1f1,2019,02,15,0.0,16.091917,5.3660355,2019
1507,r2i1p1f1,2019,02,16,0.0,16.252697,3.5715709,2019
1508,r2i1p1f1,2019,02,17,0.0,16.998714,5.5738444,2019
1509,r2i1p1f1,2019,02,18,0.0,17.87161,6.1088715,2019
1510,r2i1p1f1,2019,02,19,0.0,18.387169,5.330436,2019
1511,r2i1p1f1,2019,02,20,0.0,16.417465,6.1590767,2019
1512,r2i1p1f1,2019,02,21,0.0,14.935445,5.4698834,2019
1513,r2i1p1f1,2019,02,22,0.0,16.268784,4.9569483,2019
1514,r2i1p1f1,2019,02,23,0.0,16.008904,2.6474874,2019
1515,r2i1p1f1,2019,02,24,0.0,18.330711,5.9020705,2019
1516,r2i1p1f1,2019,02,25,0.0,20.06352,8.169137,2019
1517,r2i1p1f1,2019,02,26,0.0,20.153334,8.117571,2019
1518,r2i1p1f1,2019,02,27,0.0,20.769682,7.469185,2019
1519,r2i1p1f1,2019,02,28,0.0,21.142044,8.944319,2019
1520,r2i1p1f1,2019,03,01,0.0,21.280046,7.00611,2019
1521,r2i1p1f1,2019,03,02,0.7958733494916714,21.433172,6.488444,2019
1522,r2i1p1f1,2019,03,03,13.438120777482254,15.648151,4.179938,2019
1523,r2i1p1f1,2019,03,04,42.63267644946609,11.673292,8.666323,2019
1524,r2i1p1f1,2019,03,05,15.671880491026968,9.879531,6.34262,2019
1525,r2i1p1f1,2019,03,06,14.538726494902221,11.049466,4.9603696,2019
1526,r2i1p1f1,2019,03,07,0.0,19.017443,1.9697787,2019
1527,r2i1p1f1,2019,03,08,0.0,21.223644,5.102644,2019
1528,r2i1p1f1,2019,03,09,0.0,22.165009,8.889743,2019
1529,r2i1p1f1,2019,03,10,0.0,23.569412,9.191316,2019
1530,r2i1p1f1,2019,03,11,0.0,19.95875,7.039488,2019
1531,r2i1p1f1,2019,03,12,0.0,17.133488,4.0589623,2019
1532,r2i1p1f1,2019,03,13,4.708114334584934,15.70343,3.8262236,2019
1533,r2i1p1f1,2019,03,14,14.057369497095351,8.418251,-0.94404054,2019
1534,r2i1p1f1,2019,03,15,31.434730583714554,12.0413265,2.175758,2019
1535,r2i1p1f1,2019,03,16,2.9137813847228244,13.544377,-0.6251081,2019
1536,r2i1p1f1,2019,03,17,19.7686419247475,13.186509,-1.4112271,2019
1537,r2i1p1f1,2019,03,18,44.26884575449321,11.107585,7.5217786,2019
1538,r2i1p1f1,2019,03,19,44.7132362096454,11.474272,7.294922,2019
1539,r2i1p1f1,2019,03,20,41.22658348060213,12.860241,8.267728,2019
1540,r2i1p1f1,2019,03,21,21.566174783947645,14.804484,5.8353696,2019
1541,r2i1p1f1,2019,03,22,0.35403042218149494,12.356608,1.8377944,2019
1542,r2i1p1f1,2019,03,23,0.0,16.85166,1.7733021,2019
1543,r2i1p1f1,2019,03,24,0.0,20.10568,2.5738144,2019
1544,r2i1p1f1,2019,03,25,0.01783634452294791,19.590134,4.9142404,2019
1545,r2i1p1f1,2019,03,26,9.757658010835257,13.443483,8.962953,2019
1546,r2i1p1f1,2019,03,27,13.662163914250414,11.779231,4.379834,2019
1547,r2i1p1f1,2019,03,28,0.0,14.907595,-1.0485555,2019
1548,r2i1p1f1,2019,03,29,0.0,14.299057,2.3454046,2019
1549,r2i1p1f1,2019,03,30,34.71354806351883,9.789743,4.0063686,2019
1550,r2i1p1f1,2019,03,31,12.213814446840843,6.1733565,1.1205503,2019
1551,r2i1p1f1,2019,04,01,7.008104960186756,9.604679,2.7138312,2019
1552,r2i1p1f1,2019,04,02,0.0,14.201597,1.3560939,2019
1553,r2i1p1f1,2019,04,03,0.0,15.753959,1.2587686,2019
1554,r2i1p1f1,2019,04,04,0.0,19.753609,3.6669545,2019
1555,r2i1p1f1,2019,04,05,0.0,20.782312,8.230129,2019
1556,r2i1p1f1,2019,04,06,0.32812343505712604,18.874805,5.6867414,2019
1557,r2i1p1f1,2019,04,07,0.0,18.494585,3.4060163,2019
1558,r2i1p1f1,2019,04,08,1.0363046254724395,18.750679,7.4908237,2019
1559,r2i1p1f1,2019,04,09,0.0,16.61351,3.4879918,2019
1560,r2i1p1f1,2019,04,10,10.60149692016239,14.706824,2.0756102,2019
1561,r2i1p1f1,2019,04,11,0.0,10.697204,-3.5094626,2019
1562,r2i1p1f1,2019,04,12,0.010953893399801018,7.5857577,0.27914223,2019
1563,r2i1p1f1,2019,04,13,0.0,12.145975,-2.2772605,2019
1564,r2i1p1f1,2019,04,14,0.0,15.540654,-0.05369695,2019
1565,r2i1p1f1,2019,04,15,0.0,18.441147,2.3003802,2019
1566,r2i1p1f1,2019,04,16,0.0,20.468136,5.1582346,2019
1567,r2i1p1f1,2019,04,17,0.0,22.40003,6.953776,2019
1568,r2i1p1f1,2019,04,18,0.0,22.953833,7.381185,2019
1569,r2i1p1f1,2019,04,19,0.0,23.71067,9.524947,2019
1570,r2i1p1f1,2019,04,20,4.933118927658597,21.320333,7.043956,2019
1571,r2i1p1f1,2019,04,21,9.150684326414193,16.749144,2.1285515,2019
1572,r2i1p1f1,2019,04,22,6.9000633574546555,6.5036426,-1.527123,2019
1573,r2i1p1f1,2019,04,23,28.024589035703684,7.0516686,0.32862282,2019
1574,r2i1p1f1,2019,04,24,1.3060563630574507,10.623108,-2.644354,2019
1575,r2i1p1f1,2019,04,25,0.0,14.226442,0.4053269,2019
1576,r2i1p1f1,2019,04,26,0.0,16.901394,1.6116918,2019
1577,r2i1p1f1,2019,04,27,0.0,19.05395,3.341891,2019
1578,r2i1p1f1,2019,04,28,0.0,21.095066,4.64431,2019
1579,r2i1p1f1,2019,04,29,0.0,22.391273,7.4049783,2019
1580,r2i1p1f1,2019,04,30,0.0,22.774204,9.187892,2019
1581,r2i1p1f1,2019,05,01,0.0,21.115334,6.318304,2019
1582,r2i1p1f1,2019,05,02,0.0,21.567726,6.495158,2019
1583,r2i1p1f1,2019,05,03,0.0,21.389378,4.4467225,2019
1584,r2i1p1f1,2019,05,04,0.0,17.640146,1.1245743,2019
1585,r2i1p1f1,2019,05,05,0.0,21.511131,5.2569876,2019
1586,r2i1p1f1,2019,05,06,0.0,22.94863,7.097127,2019
1587,r2i1p1f1,2019,05,07,0.0,23.517189,6.5721107,2019
1588,r2i1p1f1,2019,05,08,0.05467106657306431,22.57447,2.490659,2019
1589,r2i1p1f1,2019,05,09,1.4538463542976388,17.916363,2.5689976,2019
1590,r2i1p1f1,2019,05,10,7.480119787931017,15.617379,5.748125,2019
1591,r2i1p1f1,2019,05,11,0.0,17.802876,2.8400917,2019
1592,r2i1p1f1,2019,05,12,0.0,18.201588,3.4269223,2019
1593,r2i1p1f1,2019,05,13,1.4078442723075568,18.244184,4.2867746,2019
1594,r2i1p1f1,2019,05,14,2.9149458825031616,15.635491,2.8748477,2019
1595,r2i1p1f1,2019,05,15,0.0,18.932688,2.7620702,2019
1596,r2i1p1f1,2019,05,16,0.0,19.418182,4.7881064,2019
1597,r2i1p1f1,2019,05,17,0.03372834071342368,19.303051,5.102212,2019
1598,r2i1p1f1,2019,05,18,0.0,21.62014,5.8611407,2019
1599,r2i1p1f1,2019,05,19,0.0,23.855652,7.6073174,2019
1600,r2i1p1f1,2019,05,20,0.0,24.926046,8.300551,2019
1601,r2i1p1f1,2019,05,21,0.0,25.480078,7.500678,2019
1602,r2i1p1f1,2019,05,22,0.0,25.15252,5.795657,2019
1603,r2i1p1f1,2019,05,23,0.5500310977367917,25.40312,6.102168,2019
1604,r2i1p1f1,2019,05,24,6.1911662221234565,12.800064,5.607228,2019
1605,r2i1p1f1,2019,05,25,0.5470142848935211,18.011246,4.212002,2019
1606,r2i1p1f1,2019,05,26,0.0,22.136936,5.9602304,2019
1607,r2i1p1f1,2019,05,27,0.0,26.112125,10.124007,2019
1608,r2i1p1f1,2019,05,28,0.0,29.163046,11.902323,2019
1609,r2i1p1f1,2019,05,29,0.0,29.783173,12.290604,2019
1610,r2i1p1f1,2019,05,30,0.0,29.647993,13.045319,2019
1611,r2i1p1f1,2019,05,31,0.0,30.015995,14.61742,2019
1612,r2i1p1f1,2019,06,01,0.492044185193663,29.855927,14.8791485,2019
1613,r2i1p1f1,2019,06,02,1.081881589857403,26.436209,9.337153,2019
1614,r2i1p1f1,2019,06,03,0.0,28.470375,11.940826,2019
1615,r2i1p1f1,2019,06,04,0.0,30.141375,13.921181,2019
1616,r2i1p1f1,2019,06,05,0.0,30.27375,11.9179,2019
1617,r2i1p1f1,2019,06,06,0.0,26.982693,8.763872,2019
1618,r2i1p1f1,2019,06,07,0.0,24.352135,5.0275955,2019
1619,r2i1p1f1,2019,06,08,0.0,22.149235,6.8449473,2019
1620,r2i1p1f1,2019,06,09,0.0,24.843397,7.8537717,2019
1621,r2i1p1f1,2019,06,10,0.0,29.256313,11.54412,2019
1622,r2i1p1f1,2019,06,11,0.0,31.285488,11.822834,2019
1623,r2i1p1f1,2019,06,12,0.0,31.277096,12.183002,2019
1624,r2i1p1f1,2019,06,13,0.0,29.422953,10.321522,2019
1625,r2i1p1f1,2019,06,14,0.09304077892124951,26.76897,11.217488,2019
1626,r2i1p1f1,2019,06,15,17.114791015956143,17.329155,2.0346963,2019
1627,r2i1p1f1,2019,06,16,0.5612288705663104,13.336361,6.598275,2019
1628,r2i1p1f1,2019,06,17,1.2495186200453645,16.37623,6.219646,2019
1629,r2i1p1f1,2019,06,18,0.6179322787602359,18.539207,6.9488583,2019
1630,r2i1p1f1,2019,06,19,0.21415354920009122,20.61954,6.763909,2019
1631,r2i1p1f1,2019,06,20,0.03596517381083686,23.017235,7.561166,2019
1632,r2i1p1f1,2019,06,21,0.0,28.445353,10.83764,2019
1633,r2i1p1f1,2019,06,22,0.0,29.206642,10.512729,2019
1634,r2i1p1f1,2019,06,23,0.0,29.443333,11.948917,2019
1635,r2i1p1f1,2019,06,24,0.011719314534275327,28.1022,11.2255745,2019
1636,r2i1p1f1,2019,06,25,0.072866862308274,26.39318,9.012107,2019
1637,r2i1p1f1,2019,06,26,0.0,29.019579,12.051524,2019
1638,r2i1p1f1,2019,06,27,1.5456936167993263,27.725039,9.903147,2019
1639,r2i1p1f1,2019,06,28,0.24766398028077674,27.611458,7.88877,2019
1640,r2i1p1f1,2019,06,29,0.0,28.404268,9.016663,2019
1641,r2i1p1f1,2019,06,30,0.0,29.573225,11.740731,2019
1642,r2i1p1f1,2019,07,01,0.0,30.630228,10.72848,2019
1643,r2i1p1f1,2019,07,02,0.0,30.769188,9.709742,2019
1644,r2i1p1f1,2019,07,03,0.0,26.191416,7.8997684,2019
1645,r2i1p1f1,2019,07,04,0.0,27.116152,12.469227,2019
1646,r2i1p1f1,2019,07,05,0.0,28.576403,11.583819,2019
1647,r2i1p1f1,2019,07,06,0.0,27.668411,9.084173,2019
1648,r2i1p1f1,2019,07,07,0.0,26.29307,7.9322085,2019
1649,r2i1p1f1,2019,07,08,0.0,28.89924,11.276226,2019
1650,r2i1p1f1,2019,07,09,0.0,29.56819,10.205304,2019
1651,r2i1p1f1,2019,07,10,0.0,26.225893,8.819672,2019
1652,r2i1p1f1,2019,07,11,0.0,25.802473,7.441609,2019
1653,r2i1p1f1,2019,07,12,0.0,26.978748,8.48126,2019
1654,r2i1p1f1,2019,07,13,0.0,30.214725,11.842012,2019
1655,r2i1p1f1,2019,07,14,0.0,33.43322,15.733534,2019
1656,r2i1p1f1,2019,07,15,0.0,35.035015,14.832033,2019
1657,r2i1p1f1,2019,07,16,0.0002403221685653989,34.335747,18.152758,2019
1658,r2i1p1f1,2019,07,17,0.0005750996479036985,33.998188,16.781029,2019
1659,r2i1p1f1,2019,07,18,0.0,29.691315,12.122401,2019
1660,r2i1p1f1,2019,07,19,0.0,30.919107,12.98349,2019
1661,r2i1p1f1,2019,07,20,0.0,31.080393,13.254467,2019
1662,r2i1p1f1,2019,07,21,0.0,30.496063,13.219822,2019
1663,r2i1p1f1,2019,07,22,0.0,30.232252,9.137578,2019
1664,r2i1p1f1,2019,07,23,0.0,28.776346,8.635165,2019
1665,r2i1p1f1,2019,07,24,0.0,29.674278,11.162615,2019
1666,r2i1p1f1,2019,07,25,0.0,32.009853,13.87445,2019
1667,r2i1p1f1,2019,07,26,0.0,34.04775,14.993118,2019
1668,r2i1p1f1,2019,07,27,0.0,34.55829,15.95302,2019
1669,r2i1p1f1,2019,07,28,0.0,34.898304,15.332289,2019
1670,r2i1p1f1,2019,07,29,0.0,34.052273,15.157678,2019
1671,r2i1p1f1,2019,07,30,0.0,33.698418,12.919156,2019
1672,r2i1p1f1,2019,07,31,0.0,31.441807,12.726217,2019
1673,r2i1p1f1,2019,08,01,0.0,30.137987,10.824241,2019
1674,r2i1p1f1,2019,08,02,0.0,29.831444,9.599869,2019
1675,r2i1p1f1,2019,08,03,0.0,31.797493,11.844006,2019
1676,r2i1p1f1,2019,08,04,0.0,32.90021,13.551071,2019
1677,r2i1p1f1,2019,08,05,0.0,33.271355,16.421156,2019
1678,r2i1p1f1,2019,08,06,0.0,31.31504,12.306603,2019
1679,r2i1p1f1,2019,08,07,0.0,32.65203,14.305945,2019
1680,r2i1p1f1,2019,08,08,0.13991013784107054,33.53044,13.048386,2019
1681,r2i1p1f1,2019,08,09,0.18873122589866398,32.02246,13.2897625,2019
1682,r2i1p1f1,2019,08,10,0.0,28.838749,10.197599,2019
1683,r2i1p1f1,2019,08,11,0.0,31.69813,15.861345,2019
1684,r2i1p1f1,2019,08,12,0.0,33.75108,13.462272,2019
1685,r2i1p1f1,2019,08,13,0.0,34.01996,13.85272,2019
1686,r2i1p1f1,2019,08,14,0.08359401363122743,33.492004,14.286798,2019
1687,r2i1p1f1,2019,08,15,0.0,33.198616,13.411475,2019
1688,r2i1p1f1,2019,08,16,0.0,33.735504,14.479036,2019
1689,r2i1p1f1,2019,08,17,0.0,33.856247,16.253904,2019
1690,r2i1p1f1,2019,08,18,0.0,35.536373,18.497185,2019
1691,r2i1p1f1,2019,08,19,0.0,36.774994,18.234636,2019
1692,r2i1p1f1,2019,08,20,0.0,38.382942,16.76381,2019
1693,r2i1p1f1,2019,08,21,0.0,37.860245,17.028122,2019
1694,r2i1p1f1,2019,08,22,0.0,33.022507,13.883892,2019
1695,r2i1p1f1,2019,08,23,0.0,33.705276,14.419508,2019
1696,r2i1p1f1,2019,08,24,0.2080053522831804,34.62314,14.99743,2019
1697,r2i1p1f1,2019,08,25,0.0,32.527695,15.817937,2019
1698,r2i1p1f1,2019,08,26,0.0,32.537113,14.427987,2019
1699,r2i1p1f1,2019,08,27,0.0,32.11032,13.95374,2019
1700,r2i1p1f1,2019,08,28,0.0,29.859545,10.366863,2019
1701,r2i1p1f1,2019,08,29,0.0,30.69927,12.291683,2019
1702,r2i1p1f1,2019,08,30,0.0,31.222813,11.672161,2019
1703,r2i1p1f1,2019,08,31,0.0,33.050888,12.939318,2019
1704,r2i1p1f1,2019,09,01,0.0,34.093937,16.326542,2019
1705,r2i1p1f1,2019,09,02,0.0,34.93329,15.390028,2019
1706,r2i1p1f1,2019,09,03,0.0,33.281395,14.791387,2019
1707,r2i1p1f1,2019,09,04,0.0,33.58099,14.428826,2019
1708,r2i1p1f1,2019,09,05,0.0,32.48232,14.606127,2019
1709,r2i1p1f1,2019,09,06,0.0,28.316101,8.895076,2019
1710,r2i1p1f1,2019,09,07,0.0,24.041155,7.481687,2019
1711,r2i1p1f1,2019,09,08,0.0,26.541588,10.082245,2019
1712,r2i1p1f1,2019,09,09,0.0,28.007175,12.809902,2019
1713,r2i1p1f1,2019,09,10,0.0,26.97353,8.102804,2019
1714,r2i1p1f1,2019,09,11,0.0,26.87158,9.885311,2019
1715,r2i1p1f1,2019,09,12,0.0,27.664373,9.289102,2019
1716,r2i1p1f1,2019,09,13,0.0,26.715034,8.700435,2019
1717,r2i1p1f1,2019,09,14,0.0,26.115658,7.8575535,2019
1718,r2i1p1f1,2019,09,15,0.0,28.461952,11.50143,2019
1719,r2i1p1f1,2019,09,16,0.0,29.852077,12.066756,2019
1720,r2i1p1f1,2019,09,17,0.0,31.824612,13.700332,2019
1721,r2i1p1f1,2019,09,18,0.0,34.60504,18.54278,2019
1722,r2i1p1f1,2019,09,19,0.0,35.377678,17.18534,2019
1723,r2i1p1f1,2019,09,20,0.007945446395751787,31.848106,14.2496605,2019
1724,r2i1p1f1,2019,09,21,0.011395238016120857,29.840982,12.526682,2019
1725,r2i1p1f1,2019,09,22,0.14556824480109753,30.031868,12.893611,2019
1726,r2i1p1f1,2019,09,23,7.311191808571493,24.134918,7.560768,2019
1727,r2i1p1f1,2019,09,24,0.05967462450371386,20.993816,9.966291,2019
1728,r2i1p1f1,2019,09,25,0.0,22.427464,6.7410436,2019
1729,r2i1p1f1,2019,09,26,0.0,23.650648,7.374082,2019
1730,r2i1p1f1,2019,09,27,5.188948840918783,21.645895,4.5014377,2019
1731,r2i1p1f1,2019,09,28,0.0,21.661697,7.9490314,2019
1732,r2i1p1f1,2019,09,29,0.04369304092506354,22.609863,9.627054,2019
1733,r2i1p1f1,2019,09,30,29.843662552229944,18.443735,7.623112,2019
1734,r2i1p1f1,2019,10,01,0.012650881404852043,18.833212,6.105166,2019
1735,r2i1p1f1,2019,10,02,0.3072179258253982,18.372808,7.1891193,2019
1736,r2i1p1f1,2019,10,03,7.145136584608736,16.02758,4.865883,2019
1737,r2i1p1f1,2019,10,04,0.5706142920985258,19.413353,5.6027403,2019
1738,r2i1p1f1,2019,10,05,5.003547595390501,16.843485,5.3629694,2019
1739,r2i1p1f1,2019,10,06,4.951170907473568,14.7104845,4.749638,2019
1740,r2i1p1f1,2019,10,07,0.0,18.07225,7.0734024,2019
1741,r2i1p1f1,2019,10,08,0.0,22.60231,8.558827,2019
1742,r2i1p1f1,2019,10,09,0.0,22.698837,8.597126,2019
1743,r2i1p1f1,2019,10,10,0.0,23.25376,9.147212,2019
1744,r2i1p1f1,2019,10,11,0.0,23.060816,8.289054,2019
1745,r2i1p1f1,2019,10,12,0.0,23.998322,8.544626,2019
1746,r2i1p1f1,2019,10,13,0.0,25.546276,8.884624,2019
1747,r2i1p1f1,2019,10,14,0.0,25.874588,10.894204,2019
1748,r2i1p1f1,2019,10,15,0.0,26.13066,10.57255,2019
1749,r2i1p1f1,2019,10,16,0.0,26.031013,8.394725,2019
1750,r2i1p1f1,2019,10,17,0.0,23.96981,6.829292,2019
1751,r2i1p1f1,2019,10,18,0.0,23.872135,6.680216,2019
1752,r2i1p1f1,2019,10,19,0.0,23.001476,8.033184,2019
1753,r2i1p1f1,2019,10,20,0.0,22.613003,8.08302,2019
1754,r2i1p1f1,2019,10,21,0.0,22.72944,6.8013363,2019
1755,r2i1p1f1,2019,10,22,0.0,23.708277,6.7135544,2019
1756,r2i1p1f1,2019,10,23,0.0,25.375856,10.767306,2019
1757,r2i1p1f1,2019,10,24,0.0,24.992989,12.052299,2019
1758,r2i1p1f1,2019,10,25,0.0,25.613138,11.12324,2019
1759,r2i1p1f1,2019,10,26,0.0,23.724426,7.5647836,2019
1760,r2i1p1f1,2019,10,27,0.0010224158245364379,20.257374,10.066676,2019
1761,r2i1p1f1,2019,10,28,0.004039668192490353,17.75998,9.547246,2019
1762,r2i1p1f1,2019,10,29,0.0,18.254856,6.607468,2019
1763,r2i1p1f1,2019,10,30,0.0,22.637714,6.413492,2019
1764,r2i1p1f1,2019,10,31,0.0,24.99544,10.324301,2019
1765,r2i1p1f1,2019,11,01,0.0,25.435324,10.723242,2019
1766,r2i1p1f1,2019,11,02,7.018348444489675,21.417906,5.228582,2019
1767,r2i1p1f1,2019,11,03,0.0,17.700304,7.0091295,2019
1768,r2i1p1f1,2019,11,04,5.402185642105906,16.74105,4.536091,2019
1769,r2i1p1f1,2019,11,05,0.8803865806953581,14.788361,4.3031235,2019
1770,r2i1p1f1,2019,11,06,7.432101238418909,13.747615,5.4875464,2019
1771,r2i1p1f1,2019,11,07,36.107836996234255,14.751495,8.618648,2019
1772,r2i1p1f1,2019,11,08,7.816982166336572,14.026626,5.108045,2019
1773,r2i1p1f1,2019,11,09,0.0005167113158677239,10.041485,-3.5790372,2019
1774,r2i1p1f1,2019,11,10,0.0,8.043954,-4.5931573,2019
1775,r2i1p1f1,2019,11,11,45.71863579367346,7.977333,0.4094197,2019
1776,r2i1p1f1,2019,11,12,25.81397957965237,9.785278,3.2441921,2019
1777,r2i1p1f1,2019,11,13,28.37415285048337,10.144286,0.2729875,2019
1778,r2i1p1f1,2019,11,14,1.4249416133225168,5.6705346,-2.7993104,2019
1779,r2i1p1f1,2019,11,15,23.541160243439663,10.303728,-0.3676849,2019
1780,r2i1p1f1,2019,11,16,7.431214559733235,10.598702,3.9269214,2019
1781,r2i1p1f1,2019,11,17,20.992932207877857,10.390802,5.135954,2019
1782,r2i1p1f1,2019,11,18,0.0,14.56871,3.0964975,2019
1783,r2i1p1f1,2019,11,19,0.0,15.34019,2.7789595,2019
1784,r2i1p1f1,2019,11,20,0.0,16.526203,3.3017092,2019
1785,r2i1p1f1,2019,11,21,0.0,16.547594,5.18415,2019
1786,r2i1p1f1,2019,11,22,0.0,17.49915,5.070002,2019
1787,r2i1p1f1,2019,11,23,0.0,19.055616,7.431668,2019
1788,r2i1p1f1,2019,11,24,0.0,20.378895,6.6226754,2019
1789,r2i1p1f1,2019,11,25,0.0,18.78724,6.6228404,2019
1790,r2i1p1f1,2019,11,26,11.759511010268398,11.21364,5.3166227,2019
1791,r2i1p1f1,2019,11,27,2.8584577330661887,7.7646966,1.8071295,2019
1792,r2i1p1f1,2019,11,28,4.100691939390799,11.540058,2.8874571,2019
1793,r2i1p1f1,2019,11,29,0.1300101162428291,13.713604,1.9364082,2019
1794,r2i1p1f1,2019,11,30,35.90468463880825,10.283115,5.398006,2019
1795,r2i1p1f1,2019,12,01,0.0,10.246469,-0.64733815,2019
1796,r2i1p1f1,2019,12,02,5.041823385454336e-05,12.118308,3.5117636,2019
1797,r2i1p1f1,2019,12,03,10.29349394593737,11.033085,5.316543,2019
1798,r2i1p1f1,2019,12,04,0.0,10.496471,-0.8650857,2019
1799,r2i1p1f1,2019,12,05,0.0,12.161289,0.11695226,2019
1800,r2i1p1f1,2019,12,06,0.0,16.774683,4.625439,2019
1801,r2i1p1f1,2019,12,07,0.0,17.578415,5.137814,2019
1802,r2i1p1f1,2019,12,08,0.0,12.833263,3.7057974,2019
1803,r2i1p1f1,2019,12,09,0.0,15.529758,4.3600206,2019
1804,r2i1p1f1,2019,12,10,0.0,15.301802,4.990405,2019
1805,r2i1p1f1,2019,12,11,0.0,16.418177,6.009451,2019
1806,r2i1p1f1,2019,12,12,0.0,17.483368,6.8850665,2019
1807,r2i1p1f1,2019,12,13,0.0,17.697395,6.952775,2019
1808,r2i1p1f1,2019,12,14,3.2620185506743837,15.606659,5.407022,2019
1809,r2i1p1f1,2019,12,15,0.0,12.240167,-0.4060041,2019
1810,r2i1p1f1,2019,12,16,0.0,12.963407,0.8481768,2019
1811,r2i1p1f1,2019,12,17,0.0,13.9067545,2.2722495,2019
1812,r2i1p1f1,2019,12,18,0.0,14.388968,3.3737814,2019
1813,r2i1p1f1,2019,12,19,0.0,14.778593,2.4802768,2019
1814,r2i1p1f1,2019,12,20,0.0,14.006139,0.49662134,2019
1815,r2i1p1f1,2019,12,21,0.5570742551071817,13.280894,3.334106,2019
1816,r2i1p1f1,2019,12,22,20.630197609261813,9.564693,5.876844,2019
1817,r2i1p1f1,2019,12,23,0.0,6.966754,-5.2290597,2019
1818,r2i1p1f1,2019,12,24,0.034812908387493735,6.654658,-2.5008209,2019
1819,r2i1p1f1,2019,12,25,46.80174899076519,7.547466,1.4015651,2019
1820,r2i1p1f1,2019,12,26,6.478188909443361,9.940957,-1.8225754,2019
1821,r2i1p1f1,2019,12,27,0.0,11.096002,-1.972033,2019
1822,r2i1p1f1,2019,12,28,0.0,10.713737,1.0076599,2019
1823,r2i1p1f1,2019,12,29,8.753230337470086,6.307422,2.1799595,2019
1824,r2i1p1f1,2019,12,30,0.4775350940064982,9.836014,2.9053926,2019
1825,r2i1p1f1,2019,12,31,0.0,13.9283,2.1061878,2019
1826,r2i1p1f1,2020,01,01,0.0,14.147163,1.6098832,2020
1827,r2i1p1f1,2020,01,02,0.0018499611314837239,12.204227,4.5117016,2020
1828,r2i1p1f1,2020,01,03,0.0,14.735399,3.1641502,2020
1829,r2i1p1f1,2020,01,04,0.0,14.222787,2.461623,2020
1830,r2i1p1f1,2020,01,05,0.0,15.750317,2.2987933,2020
1831,r2i1p1f1,2020,01,06,0.0,14.042248,3.0907648,2020
1832,r2i1p1f1,2020,01,07,0.0,15.226547,3.6042154,2020
1833,r2i1p1f1,2020,01,08,0.0,16.290035,3.4815695,2020
1834,r2i1p1f1,2020,01,09,0.34410576474321886,14.422067,4.6707354,2020
1835,r2i1p1f1,2020,01,10,3.7329080073902787,13.846509,5.9307714,2020
1836,r2i1p1f1,2020,01,11,1.995299953233598,10.962822,5.448189,2020
1837,r2i1p1f1,2020,01,12,0.0,10.938237,1.6511873,2020
1838,r2i1p1f1,2020,01,13,0.0,7.5714774,-3.510892,2020
1839,r2i1p1f1,2020,01,14,0.0,12.29029,-2.559038,2020
1840,r2i1p1f1,2020,01,15,0.0,11.836101,0.44631514,2020
1841,r2i1p1f1,2020,01,16,0.0,11.498581,0.72327787,2020
1842,r2i1p1f1,2020,01,17,0.0,12.796514,2.4083474,2020
1843,r2i1p1f1,2020,01,18,0.0,12.63673,0.9827795,2020
1844,r2i1p1f1,2020,01,19,0.00664091445514714,16.006296,3.2837572,2020
1845,r2i1p1f1,2020,01,20,12.194717575948744,16.038212,4.3069596,2020
1846,r2i1p1f1,2020,01,21,0.041226416712447644,14.240991,9.309555,2020
1847,r2i1p1f1,2020,01,22,46.052373255224666,13.500264,7.216267,2020
1848,r2i1p1f1,2020,01,23,12.685305669447189,12.50798,6.6365457,2020
1849,r2i1p1f1,2020,01,24,48.38707833478111,12.074032,6.941455,2020
1850,r2i1p1f1,2020,01,25,7.428106708152882,10.461046,-0.9217093,2020
1851,r2i1p1f1,2020,01,26,1.386153775757748,6.471661,-1.9088216,2020
1852,r2i1p1f1,2020,01,27,57.58664183595101,7.0637374,-0.51296633,2020
1853,r2i1p1f1,2020,01,28,0.16877500758027963,7.082432,-6.0426474,2020
1854,r2i1p1f1,2020,01,29,0.011892958127646125,6.421376,-0.44898134,2020
1855,r2i1p1f1,2020,01,30,23.690985382563667,6.156198,-1.9159385,2020
1856,r2i1p1f1,2020,01,31,67.2298189245339,7.479744,0.34685394,2020
1857,r2i1p1f1,2020,02,01,40.80322677036747,11.702001,6.2682476,2020
1858,r2i1p1f1,2020,02,02,13.33498591757234,16.85584,6.624796,2020
1859,r2i1p1f1,2020,02,03,0.1653649665072976,18.77492,7.188761,2020
1860,r2i1p1f1,2020,02,04,60.17513935948955,15.179784,11.636059,2020
1861,r2i1p1f1,2020,02,05,2.4213199598250412,13.789584,2.17134,2020
1862,r2i1p1f1,2020,02,06,0.0,11.214244,-1.304184,2020
1863,r2i1p1f1,2020,02,07,0.0,11.071392,-1.5678139,2020
1864,r2i1p1f1,2020,02,08,0.0,13.03689,1.2959619,2020
1865,r2i1p1f1,2020,02,09,14.44735904915433,11.190799,-0.17708561,2020
1866,r2i1p1f1,2020,02,10,3.1203944274466267,11.397152,2.9724677,2020
1867,r2i1p1f1,2020,02,11,0.0,12.177165,2.3204901,2020
1868,r2i1p1f1,2020,02,12,0.0,12.820023,0.85248715,2020
1869,r2i1p1f1,2020,02,13,0.0,11.85405,0.39026514,2020
1870,r2i1p1f1,2020,02,14,3.0829125672880764,9.144694,1.4857414,2020
1871,r2i1p1f1,2020,02,15,15.257131869839213,8.726507,4.337904,2020
1872,r2i1p1f1,2020,02,16,18.402002079710655,9.59986,3.3292284,2020
1873,r2i1p1f1,2020,02,17,27.5081697587666,10.922556,-0.60919833,2020
1874,r2i1p1f1,2020,02,18,0.0,11.110631,-0.624123,2020
1875,r2i1p1f1,2020,02,19,0.0,15.118618,1.1700613,2020
1876,r2i1p1f1,2020,02,20,0.0,14.726693,2.5581276,2020
1877,r2i1p1f1,2020,02,21,30.332115666533355,13.943782,3.3239167,2020
1878,r2i1p1f1,2020,02,22,12.602835109009902,8.390662,3.251925,2020
1879,r2i1p1f1,2020,02,23,1.1684468513124102,6.3880963,0.04503939,2020
1880,r2i1p1f1,2020,02,24,0.0,12.508703,-0.5283847,2020
1881,r2i1p1f1,2020,02,25,0.0,15.105048,3.7322273,2020
1882,r2i1p1f1,2020,02,26,2.764406029740485,13.508733,3.8012898,2020
1883,r2i1p1f1,2020,02,27,0.011329104472679319,11.85342,1.2198286,2020
1884,r2i1p1f1,2020,02,28,0.0,9.7446575,-0.65902394,2020
1885,r2i1p1f1,2020,02,29,0.0,11.918263,0.5708076,2020
1886,r2i1p1f1,2020,03,01,0.0,16.133621,-2.4890926,2020
1887,r2i1p1f1,2020,03,02,0.0,15.660865,0.10758337,2020
1888,r2i1p1f1,2020,03,03,7.431355374683335,9.476263,2.527638,2020
1889,r2i1p1f1,2020,03,04,2.5519475531410762,11.609065,6.5942364,2020
1890,r2i1p1f1,2020,03,05,0.5215846771534416,15.2347145,2.0089908,2020
1891,r2i1p1f1,2020,03,06,0.0,15.668248,4.7967243,2020
1892,r2i1p1f1,2020,03,07,0.0,15.45341,1.0088503,2020
1893,r2i1p1f1,2020,03,08,0.0,16.597738,0.68781626,2020
1894,r2i1p1f1,2020,03,09,3.1599756452123984,15.420839,3.7411108,2020
1895,r2i1p1f1,2020,03,10,36.98691234894795,9.573566,4.6743727,2020
1896,r2i1p1f1,2020,03,11,25.237156201546895,10.855891,-3.547987,2020
1897,r2i1p1f1,2020,03,12,5.025074378170302,6.614256,-3.605471,2020
1898,r2i1p1f1,2020,03,13,2.4713072122722224,7.991867,2.162923,2020
1899,r2i1p1f1,2020,03,14,0.0,12.139587,-1.0111803,2020
1900,r2i1p1f1,2020,03,15,12.03602003351989,12.838921,-1.2320112,2020
1901,r2i1p1f1,2020,03,16,77.72038640541723,11.775232,2.9750426,2020
1902,r2i1p1f1,2020,03,17,19.044424941284888,6.779044,2.7029696,2020
1903,r2i1p1f1,2020,03,18,25.468087233275583,8.664649,1.0684613,2020
1904,r2i1p1f1,2020,03,19,22.11710274390839,8.605666,-3.5014791,2020
1905,r2i1p1f1,2020,03,20,6.782347294756619,10.871783,0.04388465,2020
1906,r2i1p1f1,2020,03,21,0.0,14.180253,0.47068602,2020
1907,r2i1p1f1,2020,03,22,4.221578646531299,11.671799,-0.9492557,2020
1908,r2i1p1f1,2020,03,23,13.4089789150039,5.6858773,0.67158973,2020
1909,r2i1p1f1,2020,03,24,3.269904160799797,7.787057,-0.1939862,2020
1910,r2i1p1f1,2020,03,25,0.0,13.450487,-3.3506632,2020
1911,r2i1p1f1,2020,03,26,0.0,13.576331,-0.9322104,2020
1912,r2i1p1f1,2020,03,27,0.05180154898312139,12.657452,5.8436627,2020
1913,r2i1p1f1,2020,03,28,0.0,16.945023,4.0477166,2020
1914,r2i1p1f1,2020,03,29,0.0,18.936035,2.1737387,2020
1915,r2i1p1f1,2020,03,30,0.0,17.65093,2.0642262,2020
1916,r2i1p1f1,2020,03,31,8.501299974886933,13.507701,3.8746076,2020
1917,r2i1p1f1,2020,04,01,1.4949864970844828,11.946651,-0.6892735,2020
1918,r2i1p1f1,2020,04,02,1.4118267226535863,7.153754,-5.9931245,2020
1919,r2i1p1f1,2020,04,03,13.953274066443555,5.4595604,-0.5108922,2020
1920,r2i1p1f1,2020,04,04,16.390249751202646,6.8882833,-4.095808,2020
1921,r2i1p1f1,2020,04,05,20.688582448565285,10.724584,-0.7088391,2020
1922,r2i1p1f1,2020,04,06,6.9358522922868815,11.791521,3.2380207,2020
1923,r2i1p1f1,2020,04,07,4.551922080293025,12.1398115,3.5753644,2020
1924,r2i1p1f1,2020,04,08,1.6248067499873287,15.43845,4.4340167,2020
1925,r2i1p1f1,2020,04,09,0.0,18.884737,3.720133,2020
1926,r2i1p1f1,2020,04,10,0.0,21.5545,4.3436813,2020
1927,r2i1p1f1,2020,04,11,15.298206727675279,21.044552,6.4558625,2020
1928,r2i1p1f1,2020,04,12,7.348761432928086,10.982699,0.1401221,2020
1929,r2i1p1f1,2020,04,13,0.0,14.672701,-0.50550306,2020
1930,r2i1p1f1,2020,04,14,0.0,15.478629,3.1107244,2020
1931,r2i1p1f1,2020,04,15,0.048931925630313344,15.278713,5.0913925,2020
1932,r2i1p1f1,2020,04,16,0.0,17.421463,3.8493145,2020
1933,r2i1p1f1,2020,04,17,0.0,18.457245,3.7926924,2020
1934,r2i1p1f1,2020,04,18,0.0,20.52022,4.661811,2020
1935,r2i1p1f1,2020,04,19,0.0,21.363962,6.958155,2020
1936,r2i1p1f1,2020,04,20,0.0,22.574348,8.210548,2020
1937,r2i1p1f1,2020,04,21,1.671137207188167,21.958773,8.129154,2020
1938,r2i1p1f1,2020,04,22,0.0,26.167393,11.126531,2020
1939,r2i1p1f1,2020,04,23,0.0,26.38278,9.032511,2020
1940,r2i1p1f1,2020,04,24,20.504815416825295,15.657825,1.701551,2020
1941,r2i1p1f1,2020,04,25,0.0,13.256641,0.9423133,2020
1942,r2i1p1f1,2020,04,26,0.0,13.800981,0.71341914,2020
1943,r2i1p1f1,2020,04,27,0.0,12.7113695,1.6011838,2020
1944,r2i1p1f1,2020,04,28,0.0,15.348558,0.66940093,2020
1945,r2i1p1f1,2020,04,29,0.5161696088322287,15.751053,2.4259238,2020
1946,r2i1p1f1,2020,04,30,0.0006919183988429722,14.312407,2.3036947,2020
1947,r2i1p1f1,2020,05,01,0.0,18.389568,2.1228483,2020
1948,r2i1p1f1,2020,05,02,0.0,21.310366,5.5299463,2020
1949,r2i1p1f1,2020,05,03,0.0,22.685795,6.919638,2020
1950,r2i1p1f1,2020,05,04,0.0,22.885693,9.0063505,2020
1951,r2i1p1f1,2020,05,05,0.0,25.095413,8.954444,2020
1952,r2i1p1f1,2020,05,06,0.0,28.122063,12.564815,2020
1953,r2i1p1f1,2020,05,07,0.0,28.119919,12.472882,2020
1954,r2i1p1f1,2020,05,08,0.0,27.98628,11.134685,2020
1955,r2i1p1f1,2020,05,09,0.0,25.875484,7.9256067,2020
1956,r2i1p1f1,2020,05,10,0.027272102852293756,21.659739,4.1403027,2020
1957,r2i1p1f1,2020,05,11,1.4736401646132435,9.10186,-3.7028384,2020
1958,r2i1p1f1,2020,05,12,0.0,16.904757,2.3578906,2020
1959,r2i1p1f1,2020,05,13,0.0,20.304207,4.93722,2020
1960,r2i1p1f1,2020,05,14,0.0,20.793587,4.1104164,2020
1961,r2i1p1f1,2020,05,15,0.0,25.578222,7.864948,2020
1962,r2i1p1f1,2020,05,16,0.0,27.433014,10.119136,2020
1963,r2i1p1f1,2020,05,17,0.0,28.85366,11.411792,2020
1964,r2i1p1f1,2020,05,18,0.0,29.338005,12.324131,2020
1965,r2i1p1f1,2020,05,19,0.0,27.24324,9.1295595,2020
1966,r2i1p1f1,2020,05,20,0.0,25.557566,9.137694,2020
1967,r2i1p1f1,2020,05,21,0.0,26.71816,8.956145,2020
1968,r2i1p1f1,2020,05,22,0.0,27.358042,9.392836,2020
1969,r2i1p1f1,2020,05,23,0.0,29.418797,13.003252,2020
1970,r2i1p1f1,2020,05,24,0.0,31.72301,12.664746,2020
1971,r2i1p1f1,2020,05,25,0.0,33.517426,14.996397,2020
1972,r2i1p1f1,2020,05,26,2.117782746967123,31.324667,12.678612,2020
1973,r2i1p1f1,2020,05,27,0.08368657554456149,31.753166,12.908502,2020
1974,r2i1p1f1,2020,05,28,1.1943262015847722,30.781338,11.7005205,2020
1975,r2i1p1f1,2020,05,29,1.891921690278764,27.473991,10.369591,2020
1976,r2i1p1f1,2020,05,30,4.87560369933675,25.627703,9.174494,2020
1977,r2i1p1f1,2020,05,31,1.198399528544769,26.394766,10.210061,2020
1978,r2i1p1f1,2020,06,01,1.1126892457696158,21.625387,6.4529185,2020
1979,r2i1p1f1,2020,06,02,1.8793187565506742,24.161932,9.665381,2020
1980,r2i1p1f1,2020,06,03,0.14603427689507953,27.693184,11.211529,2020
1981,r2i1p1f1,2020,06,04,0.011846964071082766,30.931953,13.400354,2020
1982,r2i1p1f1,2020,06,05,0.01821372521817466,34.893402,16.964304,2020
1983,r2i1p1f1,2020,06,06,9.131982349845202,22.802454,5.02222,2020
1984,r2i1p1f1,2020,06,07,0.0,20.789295,9.315609,2020
1985,r2i1p1f1,2020,06,08,0.0,23.333357,6.407115,2020
1986,r2i1p1f1,2020,06,09,0.0,24.025246,7.689436,2020
1987,r2i1p1f1,2020,06,10,0.0,25.171806,8.909683,2020
1988,r2i1p1f1,2020,06,11,0.0,27.894579,10.075144,2020
1989,r2i1p1f1,2020,06,12,0.0,29.796486,10.659077,2020
1990,r2i1p1f1,2020,06,13,0.0,30.887325,13.139616,2020
1991,r2i1p1f1,2020,06,14,0.0,31.311241,14.450575,2020
1992,r2i1p1f1,2020,06,15,0.0,32.094524,13.791299,2020
1993,r2i1p1f1,2020,06,16,0.0,31.6509,11.648792,2020
1994,r2i1p1f1,2020,06,17,0.0,29.340555,8.879599,2020
1995,r2i1p1f1,2020,06,18,0.0,24.643343,7.176348,2020
1996,r2i1p1f1,2020,06,19,0.0,25.341694,8.968606,2020
1997,r2i1p1f1,2020,06,20,0.0,27.475157,9.675831,2020
1998,r2i1p1f1,2020,06,21,0.0,29.294909,12.23026,2020
1999,r2i1p1f1,2020,06,22,0.0,30.772936,13.785289,2020
2000,r2i1p1f1,2020,06,23,0.0,31.698137,13.34087,2020
2001,r2i1p1f1,2020,06,24,0.0,32.726772,12.904895,2020
2002,r2i1p1f1,2020,06,25,0.0,32.354576,14.323071,2020
2003,r2i1p1f1,2020,06,26,0.0,31.214766,10.12235,2020
2004,r2i1p1f1,2020,06,27,0.0,29.363808,9.272056,2020
2005,r2i1p1f1,2020,06,28,0.0,28.305025,10.9085045,2020
2006,r2i1p1f1,2020,06,29,0.0,29.58532,11.152042,2020
2007,r2i1p1f1,2020,06,30,0.0,31.159641,12.381703,2020
2008,r2i1p1f1,2020,07,01,0.0,32.614143,13.013452,2020
2009,r2i1p1f1,2020,07,02,0.0,33.76555,14.431,2020
2010,r2i1p1f1,2020,07,03,0.0,34.40059,14.993992,2020
2011,r2i1p1f1,2020,07,04,0.0,34.712517,15.3621,2020
2012,r2i1p1f1,2020,07,05,0.0,34.452057,15.557307,2020
2013,r2i1p1f1,2020,07,06,0.0,34.175053,15.636932,2020
2014,r2i1p1f1,2020,07,07,0.0,34.444218,17.241997,2020
2015,r2i1p1f1,2020,07,08,0.07805377481417963,33.454594,13.40591,2020
2016,r2i1p1f1,2020,07,09,0.006316949838947039,32.035446,12.8826065,2020
2017,r2i1p1f1,2020,07,10,0.0,30.986027,13.487492,2020
2018,r2i1p1f1,2020,07,11,0.0,31.275387,14.208611,2020
2019,r2i1p1f1,2020,07,12,0.0,31.327833,14.550917,2020
2020,r2i1p1f1,2020,07,13,0.0,32.26587,14.2501745,2020
2021,r2i1p1f1,2020,07,14,0.0,34.07,14.476766,2020
2022,r2i1p1f1,2020,07,15,0.0,34.97691,14.691433,2020
2023,r2i1p1f1,2020,07,16,0.0,34.006336,13.193993,2020
2024,r2i1p1f1,2020,07,17,0.00812422769058685,31.991892,12.15546,2020
2025,r2i1p1f1,2020,07,18,0.0,30.930756,13.740866,2020
2026,r2i1p1f1,2020,07,19,0.0,31.144012,15.362599,2020
2027,r2i1p1f1,2020,07,20,0.0,33.08677,15.058382,2020
2028,r2i1p1f1,2020,07,21,0.0,33.84973,17.322166,2020
2029,r2i1p1f1,2020,07,22,0.0,33.545025,15.52725,2020
2030,r2i1p1f1,2020,07,23,0.0,33.304817,13.872936,2020
2031,r2i1p1f1,2020,07,24,0.0,33.10819,12.402157,2020
2032,r2i1p1f1,2020,07,25,0.0,32.660427,14.13185,2020
2033,r2i1p1f1,2020,07,26,0.0,32.56938,13.060893,2020
2034,r2i1p1f1,2020,07,27,0.0,30.919199,12.414741,2020
2035,r2i1p1f1,2020,07,28,0.0,31.493187,12.808602,2020
2036,r2i1p1f1,2020,07,29,0.0,34.03096,14.984015,2020
2037,r2i1p1f1,2020,07,30,0.0,34.767952,15.989142,2020
2038,r2i1p1f1,2020,07,31,0.0,34.41485,15.085903,2020
2039,r2i1p1f1,2020,08,01,0.01378405504510738,34.57437,14.865087,2020
2040,r2i1p1f1,2020,08,02,0.0,33.241142,13.808554,2020
2041,r2i1p1f1,2020,08,03,0.3077908827435749,31.674377,12.856641,2020
2042,r2i1p1f1,2020,08,04,0.0,31.661062,14.076377,2020
2043,r2i1p1f1,2020,08,05,0.0,32.300426,13.485108,2020
2044,r2i1p1f1,2020,08,06,0.3187941325450083,31.956259,11.603259,2020
2045,r2i1p1f1,2020,08,07,0.0,29.66435,11.080271,2020
2046,r2i1p1f1,2020,08,08,0.0,28.637688,10.438148,2020
2047,r2i1p1f1,2020,08,09,0.0,30.933022,11.311805,2020
2048,r2i1p1f1,2020,08,10,0.015282086133083794,32.308186,14.695526,2020
2049,r2i1p1f1,2020,08,11,0.0,32.701244,14.259277,2020
2050,r2i1p1f1,2020,08,12,0.0,32.986874,11.662292,2020
2051,r2i1p1f1,2020,08,13,0.0,32.31456,12.768553,2020
2052,r2i1p1f1,2020,08,14,0.0,34.445774,15.758157,2020
2053,r2i1p1f1,2020,08,15,0.0,34.765675,17.309458,2020
2054,r2i1p1f1,2020,08,16,1.585217820954199,33.25199,12.744252,2020
2055,r2i1p1f1,2020,08,17,1.0001097987696994,27.798079,8.130822,2020
2056,r2i1p1f1,2020,08,18,0.0,28.622166,13.263778,2020
2057,r2i1p1f1,2020,08,19,0.0,30.15917,16.853813,2020
2058,r2i1p1f1,2020,08,20,0.0,31.852394,12.149967,2020
2059,r2i1p1f1,2020,08,21,0.0,31.148647,10.08723,2020
2060,r2i1p1f1,2020,08,22,0.0,28.074568,8.351971,2020
2061,r2i1p1f1,2020,08,23,0.0,24.89978,6.346734,2020
2062,r2i1p1f1,2020,08,24,0.0,26.392305,9.767039,2020
2063,r2i1p1f1,2020,08,25,0.0,30.846466,12.758253,2020
2064,r2i1p1f1,2020,08,26,0.0,32.181858,12.667778,2020
2065,r2i1p1f1,2020,08,27,0.0,33.65632,13.975291,2020
2066,r2i1p1f1,2020,08,28,0.0,34.13933,13.841592,2020
2067,r2i1p1f1,2020,08,29,0.0,34.24427,14.308345,2020
2068,r2i1p1f1,2020,08,30,0.0,33.167942,13.418975,2020
2069,r2i1p1f1,2020,08,31,0.0,32.281673,12.029614,2020
2070,r2i1p1f1,2020,09,01,0.0,31.290127,13.54551,2020
2071,r2i1p1f1,2020,09,02,0.0,32.30223,14.899129,2020
2072,r2i1p1f1,2020,09,03,0.0,34.601444,16.763939,2020
2073,r2i1p1f1,2020,09,04,0.0,36.47003,17.879662,2020
2074,r2i1p1f1,2020,09,05,0.0,34.97123,16.95271,2020
2075,r2i1p1f1,2020,09,06,0.0,34.444046,15.12546,2020
2076,r2i1p1f1,2020,09,07,0.0,33.469852,14.694578,2020
2077,r2i1p1f1,2020,09,08,0.0,31.841099,13.763239,2020
2078,r2i1p1f1,2020,09,09,0.0,30.91668,13.419697,2020
2079,r2i1p1f1,2020,09,10,0.0,29.97007,10.929009,2020
2080,r2i1p1f1,2020,09,11,0.0,26.7988,8.001035,2020
2081,r2i1p1f1,2020,09,12,0.0,26.09484,9.425795,2020
2082,r2i1p1f1,2020,09,13,0.0,27.6968,10.675048,2020
2083,r2i1p1f1,2020,09,14,0.0,30.116142,12.408978,2020
2084,r2i1p1f1,2020,09,15,0.0,31.282253,14.342017,2020
2085,r2i1p1f1,2020,09,16,0.0,31.35966,11.96348,2020
2086,r2i1p1f1,2020,09,17,0.0,29.44792,10.65448,2020
2087,r2i1p1f1,2020,09,18,0.0,30.343723,13.165583,2020
2088,r2i1p1f1,2020,09,19,0.0,31.419474,15.265778,2020
2089,r2i1p1f1,2020,09,20,0.0,26.608595,8.12362,2020
2090,r2i1p1f1,2020,09,21,0.0,24.877958,5.3893414,2020
2091,r2i1p1f1,2020,09,22,0.0,22.264442,5.296748,2020
2092,r2i1p1f1,2020,09,23,0.0,23.4799,8.197984,2020
2093,r2i1p1f1,2020,09,24,0.0,23.897902,6.9773245,2020
2094,r2i1p1f1,2020,09,25,0.0,24.702354,7.9700146,2020
2095,r2i1p1f1,2020,09,26,0.0,25.77329,7.9190454,2020
2096,r2i1p1f1,2020,09,27,0.0,28.850151,11.290653,2020
2097,r2i1p1f1,2020,09,28,0.0,30.756649,13.904313,2020
2098,r2i1p1f1,2020,09,29,0.0,31.063904,13.167739,2020
2099,r2i1p1f1,2020,09,30,0.0,30.556051,14.882405,2020
2100,r2i1p1f1,2020,10,01,0.0,31.202677,12.547764,2020
2101,r2i1p1f1,2020,10,02,0.0,29.991354,13.3681965,2020
2102,r2i1p1f1,2020,10,03,0.0,31.572899,15.022703,2020
2103,r2i1p1f1,2020,10,04,0.0,31.23539,13.230278,2020
2104,r2i1p1f1,2020,10,05,0.0,30.560268,11.581971,2020
2105,r2i1p1f1,2020,10,06,0.0,24.951942,8.081727,2020
2106,r2i1p1f1,2020,10,07,0.0,25.47949,9.922943,2020
2107,r2i1p1f1,2020,10,08,0.0,26.14885,9.165824,2020
2108,r2i1p1f1,2020,10,09,0.0,25.302786,9.762344,2020
2109,r2i1p1f1,2020,10,10,0.01378713277517818,26.280495,12.463284,2020
2110,r2i1p1f1,2020,10,11,0.39568525123740983,26.809343,11.790913,2020
2111,r2i1p1f1,2020,10,12,0.0,27.494688,12.151642,2020
2112,r2i1p1f1,2020,10,13,0.0,27.960377,12.66667,2020
2113,r2i1p1f1,2020,10,14,0.0,28.64873,14.015991,2020
2114,r2i1p1f1,2020,10,15,0.0,31.665873,14.070882,2020
2115,r2i1p1f1,2020,10,16,0.0,32.574944,14.345052,2020
2116,r2i1p1f1,2020,10,17,0.0,31.244411,13.419361,2020
2117,r2i1p1f1,2020,10,18,0.0,27.197542,10.358551,2020
2118,r2i1p1f1,2020,10,19,0.0,24.461256,9.192353,2020
2119,r2i1p1f1,2020,10,20,0.0,24.32779,8.890608,2020
2120,r2i1p1f1,2020,10,21,0.0,25.041008,8.969529,2020
2121,r2i1p1f1,2020,10,22,0.0,27.693884,11.478611,2020
2122,r2i1p1f1,2020,10,23,0.0,28.427979,12.235752,2020
2123,r2i1p1f1,2020,10,24,0.0,28.119976,11.893323,2020
2124,r2i1p1f1,2020,10,25,0.0,27.703907,9.444353,2020
2125,r2i1p1f1,2020,10,26,0.0,25.31823,8.51062,2020
2126,r2i1p1f1,2020,10,27,0.6833419401061747,22.157845,8.463082,2020
2127,r2i1p1f1,2020,10,28,9.320423766564545,17.854006,7.3224955,2020
2128,r2i1p1f1,2020,10,29,0.03843829035758972,16.049778,4.4022927,2020
2129,r2i1p1f1,2020,10,30,0.08671710278917999,14.876216,4.6427393,2020
2130,r2i1p1f1,2020,10,31,0.003745065578186768,16.392729,2.1517458,2020
2131,r2i1p1f1,2020,11,01,24.91620873024658,15.513951,3.426833,2020
2132,r2i1p1f1,2020,11,02,5.4778699934445285,11.226241,0.90128165,2020
2133,r2i1p1f1,2020,11,03,7.338775642745077,9.248363,-0.86191803,2020
2134,r2i1p1f1,2020,11,04,23.16820858486608,9.695191,2.9808872,2020
2135,r2i1p1f1,2020,11,05,42.39327003451763,12.206632,3.4137144,2020
2136,r2i1p1f1,2020,11,06,23.56612781240983,12.638804,6.230604,2020
2137,r2i1p1f1,2020,11,07,15.008749490607443,12.043426,6.3099174,2020
2138,r2i1p1f1,2020,11,08,1.3025232204427084,14.337729,1.0860581,2020
2139,r2i1p1f1,2020,11,09,0.0,15.47881,2.1247084,2020
2140,r2i1p1f1,2020,11,10,8.82977719070368,12.752487,4.0740395,2020
2141,r2i1p1f1,2020,11,11,17.15710382771931,10.90118,6.0333347,2020
2142,r2i1p1f1,2020,11,12,0.0,11.834328,2.645576,2020
2143,r2i1p1f1,2020,11,13,0.0,13.8270235,1.2147336,2020
2144,r2i1p1f1,2020,11,14,0.0,13.876397,0.49544275,2020
2145,r2i1p1f1,2020,11,15,0.0038785668948548846,12.709599,4.6416683,2020
2146,r2i1p1f1,2020,11,16,31.056965321477037,9.815386,2.5695224,2020
2147,r2i1p1f1,2020,11,17,0.0,8.494548,-2.2443695,2020
2148,r2i1p1f1,2020,11,18,0.0,11.789028,1.766953,2020
2149,r2i1p1f1,2020,11,19,0.020156857226538705,12.171668,0.39729416,2020
2150,r2i1p1f1,2020,11,20,3.375182653326192,9.770692,4.362916,2020
2151,r2i1p1f1,2020,11,21,0.0,15.838918,2.791186,2020
2152,r2i1p1f1,2020,11,22,0.0,16.919746,3.779354,2020
2153,r2i1p1f1,2020,11,23,0.0,16.7147,6.029362,2020
2154,r2i1p1f1,2020,11,24,0.0,18.124453,6.844591,2020
2155,r2i1p1f1,2020,11,25,0.0,18.41323,7.0280256,2020
2156,r2i1p1f1,2020,11,26,4.25913423179054,11.9276905,3.8648682,2020
2157,r2i1p1f1,2020,11,27,0.0,7.8687067,-0.12973373,2020
2158,r2i1p1f1,2020,11,28,0.0,11.253568,-2.970805,2020
2159,r2i1p1f1,2020,11,29,0.0,11.9114485,0.14903715,2020
2160,r2i1p1f1,2020,11,30,0.0,12.558729,2.465582,2020
2161,r2i1p1f1,2020,12,01,0.1340858832691083,12.924499,0.59618974,2020
2162,r2i1p1f1,2020,12,02,1.951958013080457,10.36111,1.467429,2020
2163,r2i1p1f1,2020,12,03,0.0,10.211674,-0.13633431,2020
2164,r2i1p1f1,2020,12,04,0.0,11.971886,1.597328,2020
2165,r2i1p1f1,2020,12,05,0.0,13.211858,3.1823714,2020
2166,r2i1p1f1,2020,12,06,0.0,14.406291,2.2610364,2020
2167,r2i1p1f1,2020,12,07,0.0,14.582275,1.8980128,2020
2168,r2i1p1f1,2020,12,08,48.42757378646638,7.933099,1.345123,2020
2169,r2i1p1f1,2020,12,09,15.72482881401811,7.3443885,-0.5722616,2020
2170,r2i1p1f1,2020,12,10,38.983649067085935,7.9450192,1.7278519,2020
2171,r2i1p1f1,2020,12,11,40.48612950882671,8.441292,2.8482323,2020
2172,r2i1p1f1,2020,12,12,4.783114066253802,7.579786,-1.1950799,2020
2173,r2i1p1f1,2020,12,13,0.1157093719484692,8.0276785,0.3070631,2020
2174,r2i1p1f1,2020,12,14,0.0,8.683685,-2.2604957,2020
2175,r2i1p1f1,2020,12,15,0.0,10.140399,-1.3165047,2020
2176,r2i1p1f1,2020,12,16,0.0,13.186497,-0.05991337,2020
2177,r2i1p1f1,2020,12,17,0.0,14.134905,2.2460997,2020
2178,r2i1p1f1,2020,12,18,0.0,15.323277,3.124841,2020
2179,r2i1p1f1,2020,12,19,0.0,14.60384,2.7538762,2020
2180,r2i1p1f1,2020,12,20,0.0,13.932404,4.246267,2020
2181,r2i1p1f1,2020,12,21,0.0,13.9269495,2.4863234,2020
2182,r2i1p1f1,2020,12,22,0.0,15.424456,2.6595857,2020
2183,r2i1p1f1,2020,12,23,0.005501262694451725,15.4021,5.012987,2020
2184,r2i1p1f1,2020,12,24,2.780720561315775,12.012572,3.8853302,2020
2185,r2i1p1f1,2020,12,25,16.283121126980404,9.245838,4.5695934,2020
2186,r2i1p1f1,2020,12,26,3.767647198822033,9.922592,2.3566504,2020
2187,r2i1p1f1,2020,12,27,3.7912757607728054,9.076281,-0.6853628,2020
2188,r2i1p1f1,2020,12,28,16.674860052626173,8.799453,1.0129219,2020
2189,r2i1p1f1,2020,12,29,0.0,10.806451,0.74873877,2020
2190,r2i1p1f1,2020,12,30,13.902782852528617,7.6685324,3.272498,2020
2191,r2i1p1f1,2020,12,31,0.0,9.367824,-1.8916669,2020
2192,r2i1p1f1,2021,01,01,0.0,10.639561,-0.91499645,2021
2193,r2i1p1f1,2021,01,02,0.0,10.364925,-0.813001,2021
2194,r2i1p1f1,2021,01,03,0.0,10.913406,-0.8825271,2021
2195,r2i1p1f1,2021,01,04,0.0,10.465593,-1.9660615,2021
2196,r2i1p1f1,2021,01,05,0.0,8.627662,-1.6008857,2021
2197,r2i1p1f1,2021,01,06,0.0,9.164581,-1.7156514,2021
2198,r2i1p1f1,2021,01,07,0.0,10.2083435,-2.235192,2021
2199,r2i1p1f1,2021,01,08,0.0,8.3424425,-2.4916692,2021
2200,r2i1p1f1,2021,01,09,0.0803737400474347,7.815893,1.278927,2021
2201,r2i1p1f1,2021,01,10,0.0,8.955385,-3.0001144,2021
2202,r2i1p1f1,2021,01,11,0.0,10.83621,-2.950345,2021
2203,r2i1p1f1,2021,01,12,0.0,12.995138,-1.588804,2021
2204,r2i1p1f1,2021,01,13,6.598969114020292,11.0413265,0.75122803,2021
2205,r2i1p1f1,2021,01,14,8.196892945682066,11.603992,3.5612712,2021
2206,r2i1p1f1,2021,01,15,0.0,12.60287,1.0531211,2021
2207,r2i1p1f1,2021,01,16,0.0,14.113376,2.8816013,2021
2208,r2i1p1f1,2021,01,17,0.0,15.170805,3.1363199,2021
2209,r2i1p1f1,2021,01,18,0.0,15.412578,2.5806139,2021
2210,r2i1p1f1,2021,01,19,0.0,15.024231,2.807509,2021
2211,r2i1p1f1,2021,01,20,0.0,15.069589,3.5012944,2021
2212,r2i1p1f1,2021,01,21,0.0,15.057046,3.5069025,2021
2213,r2i1p1f1,2021,01,22,0.0,15.770002,3.483235,2021
2214,r2i1p1f1,2021,01,23,0.0,12.448824,4.1468678,2021
2215,r2i1p1f1,2021,01,24,0.0,9.602369,0.702745,2021
2216,r2i1p1f1,2021,01,25,0.0,8.4547615,-2.812239,2021
2217,r2i1p1f1,2021,01,26,3.8070685499633328,8.003061,-1.8654382,2021
2218,r2i1p1f1,2021,01,27,0.09246518939107773,7.5001507,-1.053967,2021
2219,r2i1p1f1,2021,01,28,0.0,8.72495,-2.8179502,2021
2220,r2i1p1f1,2021,01,29,0.0,9.220708,-2.5834618,2021
2221,r2i1p1f1,2021,01,30,0.0,9.152029,-3.4823408,2021
2222,r2i1p1f1,2021,01,31,0.020725906324514654,9.024371,-2.8063536,2021
2223,r2i1p1f1,2021,02,01,0.34655310357720737,7.159746,-2.5598161,2021
2224,r2i1p1f1,2021,02,02,0.0,9.368621,-2.5617523,2021
2225,r2i1p1f1,2021,02,03,0.0,8.636705,-3.6175203,2021
2226,r2i1p1f1,2021,02,04,58.34907032622141,7.49779,-1.714415,2021
2227,r2i1p1f1,2021,02,05,9.128888153679782,9.906895,4.1620235,2021
2228,r2i1p1f1,2021,02,06,27.00739440151665,9.724389,4.044862,2021
2229,r2i1p1f1,2021,02,07,4.125824516643206,8.628645,-1.6736674,2021
2230,r2i1p1f1,2021,02,08,0.0,8.166802,-1.1483451,2021
2231,r2i1p1f1,2021,02,09,0.0,9.476521,-1.4314475,2021
2232,r2i1p1f1,2021,02,10,0.0,12.012218,-1.5636986,2021
2233,r2i1p1f1,2021,02,11,0.0,13.151469,-2.76735,2021
2234,r2i1p1f1,2021,02,12,0.05374712538923632,11.979841,-1.418611,2021
2235,r2i1p1f1,2021,02,13,20.874272860783094,9.936829,3.7722833,2021
2236,r2i1p1f1,2021,02,14,20.941017325458233,10.884532,4.2387943,2021
2237,r2i1p1f1,2021,02,15,10.055591535410713,9.8611765,1.4956045,2021
2238,r2i1p1f1,2021,02,16,35.33050211844966,7.3491178,-1.6073314,2021
2239,r2i1p1f1,2021,02,17,6.9998224888081495,6.216098,-2.665521,2021
2240,r2i1p1f1,2021,02,18,15.486459438579914,6.357102,-2.7301695,2021
2241,r2i1p1f1,2021,02,19,2.2809882484580157,6.1483974,-1.5626863,2021
2242,r2i1p1f1,2021,02,20,44.96451786981197,6.2046266,-0.23194732,2021
2243,r2i1p1f1,2021,02,21,11.337368543604498,6.057323,-3.767929,2021
2244,r2i1p1f1,2021,02,22,0.936736064136312,6.9037876,-5.227046,2021
2245,r2i1p1f1,2021,02,23,0.0,8.652407,-3.9475374,2021
2246,r2i1p1f1,2021,02,24,0.0,10.334884,-0.18736798,2021
2247,r2i1p1f1,2021,02,25,15.848129414007417,8.33989,-0.85553366,2021
2248,r2i1p1f1,2021,02,26,30.748639393641497,8.0309,0.028083589,2021
2249,r2i1p1f1,2021,02,27,22.524167127176042,9.655208,-2.7255282,2021
2250,r2i1p1f1,2021,02,28,9.182274443901406,5.8992944,-1.9024037,2021
2251,r2i1p1f1,2021,03,01,0.0,9.866662,-1.5059733,2021
2252,r2i1p1f1,2021,03,02,0.0,11.530245,-2.0084684,2021
2253,r2i1p1f1,2021,03,03,0.0,13.050976,1.5271397,2021
2254,r2i1p1f1,2021,03,04,0.0,17.97004,1.2459874,2021
2255,r2i1p1f1,2021,03,05,0.0,18.079231,3.6212416,2021
2256,r2i1p1f1,2021,03,06,0.0,15.82571,4.699692,2021
2257,r2i1p1f1,2021,03,07,0.0,18.923458,4.7213855,2021
2258,r2i1p1f1,2021,03,08,0.0,18.814156,4.5118117,2021
2259,r2i1p1f1,2021,03,09,0.0,19.29293,3.4465015,2021
2260,r2i1p1f1,2021,03,10,0.6461534052220941,15.012151,4.8594646,2021
2261,r2i1p1f1,2021,03,11,4.8907898923289395,16.631308,5.8494225,2021
2262,r2i1p1f1,2021,03,12,0.0,19.248198,3.333459,2021
2263,r2i1p1f1,2021,03,13,0.0,20.45986,4.5175977,2021
2264,r2i1p1f1,2021,03,14,0.0,19.43676,5.0890965,2021
2265,r2i1p1f1,2021,03,15,0.34667960281922205,17.387016,2.9143014,2021
2266,r2i1p1f1,2021,03,16,5.9172068528596355,13.154445,6.230711,2021
2267,r2i1p1f1,2021,03,17,2.37247185968954,12.535202,5.6367517,2021
2268,r2i1p1f1,2021,03,18,5.401077600072313,12.988581,1.3529674,2021
2269,r2i1p1f1,2021,03,19,0.017526192004879704,12.335671,2.8151705,2021
2270,r2i1p1f1,2021,03,20,8.819953869692654,11.026537,2.7717156,2021
2271,r2i1p1f1,2021,03,21,20.62926439621151,11.599934,7.328076,2021
2272,r2i1p1f1,2021,03,22,0.842150052631041,15.355776,0.28752252,2021
2273,r2i1p1f1,2021,03,23,2.6675171901160866,15.99568,3.5536065,2021
2274,r2i1p1f1,2021,03,24,13.22252399941135,12.756175,6.9797955,2021
2275,r2i1p1f1,2021,03,25,0.02534540126362117,13.4004755,4.5467887,2021
2276,r2i1p1f1,2021,03,26,3.00085438611859,11.72905,1.0290571,2021
2277,r2i1p1f1,2021,03,27,0.012757671356666833,15.204717,-1.6917936,2021
2278,r2i1p1f1,2021,03,28,0.0,15.400323,1.6931444,2021
2279,r2i1p1f1,2021,03,29,0.0,16.963474,2.0184526,2021
2280,r2i1p1f1,2021,03,30,0.0,19.054045,3.4148133,2021
2281,r2i1p1f1,2021,03,31,0.0,19.913395,6.9178786,2021
2282,r2i1p1f1,2021,04,01,0.19918050168143964,17.471214,2.8119586,2021
2283,r2i1p1f1,2021,04,02,7.183015637292556,13.548091,4.401512,2021
2284,r2i1p1f1,2021,04,03,14.492912615764908,9.514567,2.1931365,2021
2285,r2i1p1f1,2021,04,04,4.08063041099922,8.1122265,-3.668444,2021
2286,r2i1p1f1,2021,04,05,1.2819356099953438,10.371327,-0.6091298,2021
2287,r2i1p1f1,2021,04,06,0.0,15.543749,-1.5326295,2021
2288,r2i1p1f1,2021,04,07,0.0,16.216629,1.9149461,2021
2289,r2i1p1f1,2021,04,08,0.00014317563028498625,13.652819,0.98255664,2021
2290,r2i1p1f1,2021,04,09,2.560800256253515,12.328566,2.7128863,2021
2291,r2i1p1f1,2021,04,10,3.175353047851104,10.76025,-0.63668025,2021
2292,r2i1p1f1,2021,04,11,0.0,15.283924,0.7796209,2021
2293,r2i1p1f1,2021,04,12,0.0,15.4512615,1.2865574,2021
2294,r2i1p1f1,2021,04,13,0.0,18.25924,3.245036,2021
2295,r2i1p1f1,2021,04,14,0.0,21.426382,5.09148,2021
2296,r2i1p1f1,2021,04,15,0.0,23.723671,7.7621026,2021
2297,r2i1p1f1,2021,04,16,0.0,26.049328,9.514607,2021
2298,r2i1p1f1,2021,04,17,0.0,25.984587,9.230471,2021
2299,r2i1p1f1,2021,04,18,0.0,21.198055,5.902096,2021
2300,r2i1p1f1,2021,04,19,0.0,14.632789,0.7577235,2021
2301,r2i1p1f1,2021,04,20,0.1480933159655251,14.5368,0.8456852,2021
2302,r2i1p1f1,2021,04,21,0.0,16.020468,1.4049274,2021
2303,r2i1p1f1,2021,04,22,0.05379980281645658,16.960476,5.1370416,2021
2304,r2i1p1f1,2021,04,23,0.0,19.501785,2.5834663,2021
2305,r2i1p1f1,2021,04,24,0.0,21.989666,5.4303365,2021
2306,r2i1p1f1,2021,04,25,0.7125921266606383,23.344957,8.084342,2021
2307,r2i1p1f1,2021,04,26,4.78996810861414,12.359794,0.26144823,2021
2308,r2i1p1f1,2021,04,27,0.0,14.4087715,0.39057976,2021
2309,r2i1p1f1,2021,04,28,0.0,18.46183,2.3868878,2021
2310,r2i1p1f1,2021,04,29,0.0,21.908073,6.425645,2021
2311,r2i1p1f1,2021,04,30,0.0,22.500118,6.002734,2021
2312,r2i1p1f1,2021,05,01,0.0,20.84445,4.8821774,2021
2313,r2i1p1f1,2021,05,02,0.0,23.222296,6.9203415,2021
2314,r2i1p1f1,2021,05,03,0.0,26.738638,8.725017,2021
2315,r2i1p1f1,2021,05,04,0.0,26.98096,9.98368,2021
2316,r2i1p1f1,2021,05,05,0.0,26.394032,8.499019,2021
2317,r2i1p1f1,2021,05,06,0.0,24.511574,8.31367,2021
2318,r2i1p1f1,2021,05,07,0.0,22.810825,5.309344,2021
2319,r2i1p1f1,2021,05,08,0.0,21.080498,2.7838492,2021
2320,r2i1p1f1,2021,05,09,0.0,19.179546,1.8950278,2021
2321,r2i1p1f1,2021,05,10,0.0,20.0449,1.6820737,2021
2322,r2i1p1f1,2021,05,11,0.23358275429927744,19.798347,3.6073048,2021
2323,r2i1p1f1,2021,05,12,24.375125662845676,16.038641,6.8274665,2021
2324,r2i1p1f1,2021,05,13,6.170548509658147,14.328264,6.0168676,2021
2325,r2i1p1f1,2021,05,14,0.2776819188454738,14.688014,5.6876545,2021
2326,r2i1p1f1,2021,05,15,0.004778797671178836,14.403248,5.64979,2021
2327,r2i1p1f1,2021,05,16,11.909890703418569,12.849869,4.8735385,2021
2328,r2i1p1f1,2021,05,17,1.2439301419362891,15.514864,3.4837532,2021
2329,r2i1p1f1,2021,05,18,0.0,19.363554,2.557454,2021
2330,r2i1p1f1,2021,05,19,0.0,20.404816,5.86487,2021
2331,r2i1p1f1,2021,05,20,0.9604794337064959,21.19665,6.0475464,2021
2332,r2i1p1f1,2021,05,21,0.0,20.95573,6.261852,2021
2333,r2i1p1f1,2021,05,22,0.2130383287294535,22.59914,6.322973,2021
2334,r2i1p1f1,2021,05,23,0.16431872668931646,25.463535,8.156887,2021
2335,r2i1p1f1,2021,05,24,0.0,27.15689,10.150563,2021
2336,r2i1p1f1,2021,05,25,0.0,27.456394,9.574962,2021
2337,r2i1p1f1,2021,05,26,0.0,27.638893,8.98887,2021
2338,r2i1p1f1,2021,05,27,0.0,26.54398,7.690991,2021
2339,r2i1p1f1,2021,05,28,0.0,25.817533,6.455907,2021
2340,r2i1p1f1,2021,05,29,0.0,24.89135,8.043338,2021
2341,r2i1p1f1,2021,05,30,0.0,25.996164,9.227932,2021
2342,r2i1p1f1,2021,05,31,0.0,27.375685,10.297736,2021
2343,r2i1p1f1,2021,06,01,0.0,27.687134,10.707295,2021
2344,r2i1p1f1,2021,06,02,0.007169992932176683,27.66368,10.902149,2021
2345,r2i1p1f1,2021,06,03,0.0,26.844261,12.061616,2021
2346,r2i1p1f1,2021,06,04,0.15207515400561533,31.959316,12.451067,2021
2347,r2i1p1f1,2021,06,05,6.833734986366835,28.856009,10.434039,2021
2348,r2i1p1f1,2021,06,06,5.781559099852984,23.51636,6.1893597,2021
2349,r2i1p1f1,2021,06,07,4.52058272164777,22.398197,10.581879,2021
2350,r2i1p1f1,2021,06,08,0.0,32.99199,17.305824,2021
2351,r2i1p1f1,2021,06,09,2.5283254808471156,31.527365,16.021227,2021
2352,r2i1p1f1,2021,06,10,7.088150419258454,29.172556,8.541533,2021
2353,r2i1p1f1,2021,06,11,3.9529205273026946,22.520817,6.1541777,2021
2354,r2i1p1f1,2021,06,12,12.11332629025037,15.259968,9.80303,2021
2355,r2i1p1f1,2021,06,13,6.616375823625731,16.809593,9.019972,2021
2356,r2i1p1f1,2021,06,14,2.8180141262964753,17.796509,2.8175795,2021
2357,r2i1p1f1,2021,06,15,0.71833750754422,24.982906,7.4528284,2021
2358,r2i1p1f1,2021,06,16,4.731120940544997,20.050467,2.834482,2021
2359,r2i1p1f1,2021,06,17,0.0006335673106150352,27.088982,10.090195,2021
2360,r2i1p1f1,2021,06,18,0.0,27.65341,12.593921,2021
2361,r2i1p1f1,2021,06,19,0.0,27.946012,13.354498,2021
2362,r2i1p1f1,2021,06,20,0.0,28.606815,10.202632,2021
2363,r2i1p1f1,2021,06,21,0.002787784978863783,25.58905,7.5329413,2021
2364,r2i1p1f1,2021,06,22,0.017623451276449487,21.574749,5.500313,2021
2365,r2i1p1f1,2021,06,23,0.0,25.34237,8.976163,2021
2366,r2i1p1f1,2021,06,24,0.0,28.30094,11.140784,2021
2367,r2i1p1f1,2021,06,25,2.618435563493904,21.793808,3.6985142,2021
2368,r2i1p1f1,2021,06,26,4.5963142860273365,20.052757,6.5214024,2021
2369,r2i1p1f1,2021,06,27,0.0,25.475533,11.581546,2021
2370,r2i1p1f1,2021,06,28,0.0,26.730352,10.630256,2021
2371,r2i1p1f1,2021,06,29,0.0,26.881674,8.77989,2021
2372,r2i1p1f1,2021,06,30,0.0,29.33096,10.402737,2021
2373,r2i1p1f1,2021,07,01,0.0,33.000996,15.2717,2021
2374,r2i1p1f1,2021,07,02,0.0,33.96169,12.314296,2021
2375,r2i1p1f1,2021,07,03,0.014457989118454861,33.015663,11.651623,2021
2376,r2i1p1f1,2021,07,04,0.0,24.57599,6.565434,2021
2377,r2i1p1f1,2021,07,05,0.0,23.768684,5.8209596,2021
2378,r2i1p1f1,2021,07,06,0.0,25.21052,7.2599225,2021
2379,r2i1p1f1,2021,07,07,0.0,25.81117,7.7727747,2021
2380,r2i1p1f1,2021,07,08,0.0,25.0317,5.636254,2021
2381,r2i1p1f1,2021,07,09,0.0,27.456636,9.005379,2021
2382,r2i1p1f1,2021,07,10,0.0,29.103844,10.678566,2021
2383,r2i1p1f1,2021,07,11,0.0,29.930763,11.248025,2021
2384,r2i1p1f1,2021,07,12,0.0,30.204708,12.05531,2021
2385,r2i1p1f1,2021,07,13,0.0,31.327602,12.934751,2021
2386,r2i1p1f1,2021,07,14,0.0,34.072006,14.693929,2021
2387,r2i1p1f1,2021,07,15,0.0,35.726456,16.37851,2021
2388,r2i1p1f1,2021,07,16,0.0,36.165012,16.850012,2021
2389,r2i1p1f1,2021,07,17,0.0,36.467346,17.916084,2021
2390,r2i1p1f1,2021,07,18,0.0,36.451305,17.048637,2021
2391,r2i1p1f1,2021,07,19,0.0,35.395615,15.972728,2021
2392,r2i1p1f1,2021,07,20,3.681113306561201,28.892883,9.096945,2021
2393,r2i1p1f1,2021,07,21,0.005925245932303369,30.036245,13.188954,2021
2394,r2i1p1f1,2021,07,22,0.0,30.798733,17.58423,2021
2395,r2i1p1f1,2021,07,23,1.253047960643272,28.482304,9.448717,2021
2396,r2i1p1f1,2021,07,24,0.0,26.949821,10.720485,2021
2397,r2i1p1f1,2021,07,25,0.0,29.470245,11.79742,2021
2398,r2i1p1f1,2021,07,26,0.0,31.226997,13.592329,2021
2399,r2i1p1f1,2021,07,27,0.0,33.012302,13.961028,2021
2400,r2i1p1f1,2021,07,28,0.0,33.605633,13.146479,2021
2401,r2i1p1f1,2021,07,29,0.0,33.674255,14.041866,2021
2402,r2i1p1f1,2021,07,30,0.0,34.58995,17.798485,2021
2403,r2i1p1f1,2021,07,31,0.0,36.258415,17.727976,2021
2404,r2i1p1f1,2021,08,01,0.1588339055160759,37.10773,17.564217,2021
2405,r2i1p1f1,2021,08,02,0.0,31.384766,12.812563,2021
2406,r2i1p1f1,2021,08,03,0.0,32.97611,15.954836,2021
2407,r2i1p1f1,2021,08,04,0.0,32.927963,16.216385,2021
2408,r2i1p1f1,2021,08,05,0.0,33.69558,14.512288,2021
2409,r2i1p1f1,2021,08,06,0.0,33.15315,15.34483,2021
2410,r2i1p1f1,2021,08,07,0.0,34.835526,16.93071,2021
2411,r2i1p1f1,2021,08,08,0.0,35.656845,17.445929,2021
2412,r2i1p1f1,2021,08,09,0.0,36.89927,18.710625,2021
2413,r2i1p1f1,2021,08,10,0.0,35.520454,15.913186,2021
2414,r2i1p1f1,2021,08,11,0.0,35.28725,15.074923,2021
2415,r2i1p1f1,2021,08,12,0.0,34.451237,15.808009,2021
2416,r2i1p1f1,2021,08,13,0.0010918336101894965,34.66916,16.433235,2021
2417,r2i1p1f1,2021,08,14,0.0,35.13172,18.859089,2021
2418,r2i1p1f1,2021,08,15,0.0,35.227142,17.132458,2021
2419,r2i1p1f1,2021,08,16,0.0,35.202656,15.992109,2021
2420,r2i1p1f1,2021,08,17,0.0,35.100815,13.9742,2021
2421,r2i1p1f1,2021,08,18,0.0,35.2774,17.237251,2021
2422,r2i1p1f1,2021,08,19,0.0,37.850174,18.106712,2021
2423,r2i1p1f1,2021,08,20,0.0,40.323505,18.8781,2021
2424,r2i1p1f1,2021,08,21,0.9816393693427017,37.3354,15.004534,2021
2425,r2i1p1f1,2021,08,22,0.0,35.642174,17.796045,2021
2426,r2i1p1f1,2021,08,23,0.0,36.896973,20.263147,2021
2427,r2i1p1f1,2021,08,24,0.0,38.27952,19.89154,2021
2428,r2i1p1f1,2021,08,25,0.0,38.794334,20.658627,2021
2429,r2i1p1f1,2021,08,26,0.0,39.39516,20.295458,2021
2430,r2i1p1f1,2021,08,27,0.0,38.353218,18.354929,2021
2431,r2i1p1f1,2021,08,28,0.013265297127418307,36.6519,19.786745,2021
2432,r2i1p1f1,2021,08,29,0.0,33.766506,16.61084,2021
2433,r2i1p1f1,2021,08,30,0.0,32.440536,12.452282,2021
2434,r2i1p1f1,2021,08,31,0.0,30.948494,10.231828,2021
2435,r2i1p1f1,2021,09,01,0.0,31.275608,12.884616,2021
2436,r2i1p1f1,2021,09,02,0.0,31.561842,12.569918,2021
2437,r2i1p1f1,2021,09,03,0.0,31.22211,12.7114105,2021
2438,r2i1p1f1,2021,09,04,0.0,27.526224,8.126057,2021
2439,r2i1p1f1,2021,09,05,0.0,23.932276,5.7554927,2021
2440,r2i1p1f1,2021,09,06,4.67660571791555,18.845215,5.1366487,2021
2441,r2i1p1f1,2021,09,07,0.3729915784788318,19.514145,6.007009,2021
2442,r2i1p1f1,2021,09,08,0.5540794067655952,24.214197,9.410594,2021
2443,r2i1p1f1,2021,09,09,0.0,27.915201,11.514099,2021
2444,r2i1p1f1,2021,09,10,0.0,29.589989,12.951688,2021
2445,r2i1p1f1,2021,09,11,0.0,29.935116,12.595394,2021
2446,r2i1p1f1,2021,09,12,0.0,30.148245,12.878552,2021
2447,r2i1p1f1,2021,09,13,0.0,30.404667,13.3868685,2021
2448,r2i1p1f1,2021,09,14,0.0,30.89703,13.060343,2021
2449,r2i1p1f1,2021,09,15,0.03931226910935948,29.020002,11.975965,2021
2450,r2i1p1f1,2021,09,16,0.0,26.64984,8.335595,2021
2451,r2i1p1f1,2021,09,17,0.0,24.342813,7.522465,2021
2452,r2i1p1f1,2021,09,18,0.0,24.662193,7.1879406,2021
2453,r2i1p1f1,2021,09,19,0.0,24.95637,6.9325066,2021
2454,r2i1p1f1,2021,09,20,0.0,23.949022,6.564055,2021
2455,r2i1p1f1,2021,09,21,0.0,23.455826,6.462237,2021
2456,r2i1p1f1,2021,09,22,0.0,22.922422,5.903453,2021
2457,r2i1p1f1,2021,09,23,0.0,24.630821,9.057859,2021
2458,r2i1p1f1,2021,09,24,0.11834636998173664,25.070442,8.916074,2021
2459,r2i1p1f1,2021,09,25,5.102136572918425,23.8709,9.013683,2021
2460,r2i1p1f1,2021,09,26,0.17063553434013556,23.415956,10.77264,2021
2461,r2i1p1f1,2021,09,27,0.0,26.489029,12.073201,2021
2462,r2i1p1f1,2021,09,28,0.0,26.844063,10.586609,2021
2463,r2i1p1f1,2021,09,29,0.0,27.426615,10.3595295,2021
2464,r2i1p1f1,2021,09,30,0.0,27.88639,9.150169,2021
2465,r2i1p1f1,2021,10,01,0.0,23.89521,6.087986,2021
2466,r2i1p1f1,2021,10,02,0.0,19.991028,5.654282,2021
2467,r2i1p1f1,2021,10,03,0.0,19.530998,5.653527,2021
2468,r2i1p1f1,2021,10,04,10.792658385571485,14.39965,5.3586864,2021
2469,r2i1p1f1,2021,10,05,9.27379850613761,14.242689,6.27355,2021
2470,r2i1p1f1,2021,10,06,2.0499984535206295,15.655029,4.6805134,2021
2471,r2i1p1f1,2021,10,07,0.09157750919825958,19.249449,7.9856205,2021
2472,r2i1p1f1,2021,10,08,0.0,20.0542,5.6891847,2021
2473,r2i1p1f1,2021,10,09,0.0,21.06022,5.8476486,2021
2474,r2i1p1f1,2021,10,10,0.0,23.149422,7.6127415,2021
2475,r2i1p1f1,2021,10,11,0.0,22.636507,5.867455,2021
2476,r2i1p1f1,2021,10,12,0.0,22.665594,7.274969,2021
2477,r2i1p1f1,2021,10,13,0.0,26.15339,10.599193,2021
2478,r2i1p1f1,2021,10,14,0.0,29.32697,12.672033,2021
2479,r2i1p1f1,2021,10,15,0.0,31.23546,16.300941,2021
2480,r2i1p1f1,2021,10,16,0.5421581947757659,29.404507,13.903507,2021
2481,r2i1p1f1,2021,10,17,0.35865471429019635,18.849302,8.66535,2021
2482,r2i1p1f1,2021,10,18,3.6539655910019064,17.674278,7.8724723,2021
2483,r2i1p1f1,2021,10,19,0.012550220958473801,24.23826,11.816231,2021
2484,r2i1p1f1,2021,10,20,0.0,24.705608,12.450654,2021
2485,r2i1p1f1,2021,10,21,0.0,24.663448,12.425567,2021
2486,r2i1p1f1,2021,10,22,0.034135364649046096,24.027704,11.066725,2021
2487,r2i1p1f1,2021,10,23,5.942935085997192,18.615387,7.3901443,2021
2488,r2i1p1f1,2021,10,24,0.2577709318188681,19.260284,8.305104,2021
2489,r2i1p1f1,2021,10,25,0.0016498970126122003,23.145638,10.049213,2021
2490,r2i1p1f1,2021,10,26,3.672969091633149,19.32441,6.0571117,2021
2491,r2i1p1f1,2021,10,27,0.0042383092363706965,20.810295,8.669262,2021
2492,r2i1p1f1,2021,10,28,0.4487734258702858,17.894676,6.756697,2021
2493,r2i1p1f1,2021,10,29,0.0,19.939156,8.199885,2021
2494,r2i1p1f1,2021,10,30,0.0,20.599354,8.242086,2021
2495,r2i1p1f1,2021,10,31,17.759396780365932,17.324333,6.7515035,2021
2496,r2i1p1f1,2021,11,01,1.0592448666670862,15.448563,4.0469832,2021
2497,r2i1p1f1,2021,11,02,2.374449569811077,15.488234,3.9415736,2021
2498,r2i1p1f1,2021,11,03,33.428656379874155,11.643849,5.938386,2021
2499,r2i1p1f1,2021,11,04,0.0,14.380061,4.095286,2021
2500,r2i1p1f1,2021,11,05,11.247972228102299,13.765876,3.2934816,2021
2501,r2i1p1f1,2021,11,06,8.631502105879463,12.114377,2.0915787,2021
2502,r2i1p1f1,2021,11,07,0.2534504472578192,11.950883,1.291366,2021
2503,r2i1p1f1,2021,11,08,48.20169207159779,10.770275,4.071775,2021
2504,r2i1p1f1,2021,11,09,10.962745659526263,8.556807,2.502817,2021
2505,r2i1p1f1,2021,11,10,68.2296155981021,7.849045,3.8035219,2021
2506,r2i1p1f1,2021,11,11,0.0,11.981388,-2.4230595,2021
2507,r2i1p1f1,2021,11,12,0.0,13.433645,0.7332377,2021
2508,r2i1p1f1,2021,11,13,6.325450600581917,12.192524,3.520059,2021
2509,r2i1p1f1,2021,11,14,0.0,14.821224,2.772865,2021
2510,r2i1p1f1,2021,11,15,0.0,16.893875,4.9655595,2021
2511,r2i1p1f1,2021,11,16,0.0,18.864162,4.341254,2021
2512,r2i1p1f1,2021,11,17,0.0,12.611362,6.855442,2021
2513,r2i1p1f1,2021,11,18,0.0,17.19337,3.9608145,2021
2514,r2i1p1f1,2021,11,19,0.0,17.711771,5.9604664,2021
2515,r2i1p1f1,2021,11,20,0.0,18.397236,7.043732,2021
2516,r2i1p1f1,2021,11,21,0.5668372586114856,12.990103,4.3756547,2021
2517,r2i1p1f1,2021,11,22,0.0,17.918417,7.0883603,2021
2518,r2i1p1f1,2021,11,23,0.0009606976163922809,18.14292,6.387928,2021
2519,r2i1p1f1,2021,11,24,14.47910697588668,13.763267,6.281811,2021
2520,r2i1p1f1,2021,11,25,0.3130910501567996,11.732511,2.4390612,2021
2521,r2i1p1f1,2021,11,26,2.455632374818606,11.422621,2.1736178,2021
2522,r2i1p1f1,2021,11,27,0.0,10.448279,1.9117271,2021
2523,r2i1p1f1,2021,11,28,18.126633176325413,9.99255,4.129749,2021
2524,r2i1p1f1,2021,11,29,4.180022034233843,10.310775,3.7806392,2021
2525,r2i1p1f1,2021,11,30,0.0,15.291685,1.6871338,2021
2526,r2i1p1f1,2021,12,01,0.0,15.681819,4.3109226,2021
2527,r2i1p1f1,2021,12,02,0.0,15.491004,3.9518275,2021
2528,r2i1p1f1,2021,12,03,0.0,13.089055,3.5778139,2021
2529,r2i1p1f1,2021,12,04,6.981269560253622,11.703513,5.191142,2021
2530,r2i1p1f1,2021,12,05,29.06524180325505,11.501335,5.6393566,2021
2531,r2i1p1f1,2021,12,06,4.5221427074352505,13.847492,6.820986,2021
2532,r2i1p1f1,2021,12,07,2.3544885750851563,14.172538,7.6648083,2021
2533,r2i1p1f1,2021,12,08,3.244799978199353,12.1696,7.629281,2021
2534,r2i1p1f1,2021,12,09,51.86872073536506,13.17138,9.191738,2021
2535,r2i1p1f1,2021,12,10,0.0,17.531792,3.2584743,2021
2536,r2i1p1f1,2021,12,11,0.0,16.772593,5.4456725,2021
2537,r2i1p1f1,2021,12,12,12.430322230557067,13.689418,6.486465,2021
2538,r2i1p1f1,2021,12,13,0.0,10.871304,1.5369678,2021
2539,r2i1p1f1,2021,12,14,0.0,15.679698,4.406015,2021
2540,r2i1p1f1,2021,12,15,0.0,17.471546,5.4963245,2021
2541,r2i1p1f1,2021,12,16,0.0,18.165085,4.4500628,2021
2542,r2i1p1f1,2021,12,17,0.0,12.926458,4.407519,2021
2543,r2i1p1f1,2021,12,18,0.0,15.010159,2.2400224,2021
2544,r2i1p1f1,2021,12,19,5.672216663776908,10.08637,4.3947945,2021
2545,r2i1p1f1,2021,12,20,0.0,14.63982,3.3687594,2021
2546,r2i1p1f1,2021,12,21,0.0,16.877272,4.9598,2021
2547,r2i1p1f1,2021,12,22,0.0,17.216024,6.0883203,2021
2548,r2i1p1f1,2021,12,23,0.0,14.862804,4.7633233,2021
2549,r2i1p1f1,2021,12,24,0.0,16.552055,4.560336,2021
2550,r2i1p1f1,2021,12,25,2.2818975809968833,16.24615,4.5445127,2021
2551,r2i1p1f1,2021,12,26,0.0,9.586437,0.4116369,2021
2552,r2i1p1f1,2021,12,27,0.0,10.815481,0.9827529,2021
2553,r2i1p1f1,2021,12,28,0.0,14.232044,2.8565857,2021
2554,r2i1p1f1,2021,12,29,0.0,16.079128,4.0648503,2021
2555,r2i1p1f1,2021,12,30,0.0,14.789006,4.0843563,2021
2556,r2i1p1f1,2021,12,31,0.0,10.003019,4.12029,2021
2557,r2i1p1f1,2022,01,01,0.012443687774066348,9.085537,-1.0568464,2022
2558,r2i1p1f1,2022,01,02,2.2010352600318583,7.545663,1.4113314,2022
2559,r2i1p1f1,2022,01,03,0.0,9.391484,-1.4842162,2022
2560,r2i1p1f1,2022,01,04,0.0,8.38465,-1.1739943,2022
2561,r2i1p1f1,2022,01,05,0.0,9.885815,-2.2597408,2022
2562,r2i1p1f1,2022,01,06,0.0,8.377007,-2.8613176,2022
2563,r2i1p1f1,2022,01,07,35.279355862076045,5.7728043,0.889004,2022
2564,r2i1p1f1,2022,01,08,0.7865367048502492,7.373937,0.19914669,2022
2565,r2i1p1f1,2022,01,09,3.049412517283656,6.478497,-0.6748607,2022
2566,r2i1p1f1,2022,01,10,30.14074906386668,9.9014845,2.5238917,2022
2567,r2i1p1f1,2022,01,11,0.38008595019505265,12.51952,2.0149624,2022
2568,r2i1p1f1,2022,01,12,10.433462460241572,13.022943,5.5681396,2022
2569,r2i1p1f1,2022,01,13,4.808765714517449,12.357911,6.6635113,2022
2570,r2i1p1f1,2022,01,14,0.01702831705188146,10.1126795,1.4944392,2022
2571,r2i1p1f1,2022,01,15,0.0,10.059204,-2.7011921,2022
2572,r2i1p1f1,2022,01,16,19.322283935525775,7.6257544,2.1716146,2022
2573,r2i1p1f1,2022,01,17,0.0,9.872257,-0.08720287,2022
2574,r2i1p1f1,2022,01,18,1.1845482813214403,9.49358,3.21874,2022
2575,r2i1p1f1,2022,01,19,6.759535993296595,9.440235,2.85569,2022
2576,r2i1p1f1,2022,01,20,0.0,8.291399,-3.040346,2022
2577,r2i1p1f1,2022,01,21,0.0,8.053877,-3.7746315,2022
2578,r2i1p1f1,2022,01,22,2.850097861721679,6.281348,-1.171661,2022
2579,r2i1p1f1,2022,01,23,0.0,7.862697,-1.0778632,2022
2580,r2i1p1f1,2022,01,24,0.0,8.962348,-3.2197247,2022
2581,r2i1p1f1,2022,01,25,0.0,10.019328,-2.516261,2022
2582,r2i1p1f1,2022,01,26,0.0,10.114685,0.8356014,2022
2583,r2i1p1f1,2022,01,27,0.0,11.759978,1.9896039,2022
2584,r2i1p1f1,2022,01,28,0.0,11.484216,0.26218313,2022
2585,r2i1p1f1,2022,01,29,0.0,13.639932,1.4773602,2022
2586,r2i1p1f1,2022,01,30,0.0,15.17717,3.0775614,2022
2587,r2i1p1f1,2022,01,31,0.0,16.61786,3.8069391,2022
2588,r2i1p1f1,2022,02,01,0.0,17.165405,4.4751225,2022
2589,r2i1p1f1,2022,02,02,0.0,16.092787,4.164014,2022
2590,r2i1p1f1,2022,02,03,0.0,16.783611,3.2348576,2022
2591,r2i1p1f1,2022,02,04,0.004313800951649682,17.052887,2.015054,2022
2592,r2i1p1f1,2022,02,05,2.3320774426451862,12.236237,2.2952416,2022
2593,r2i1p1f1,2022,02,06,5.464069521212878,15.272871,6.8638678,2022
2594,r2i1p1f1,2022,02,07,0.0,15.823342,5.498709,2022
2595,r2i1p1f1,2022,02,08,0.0,17.93205,5.592013,2022
2596,r2i1p1f1,2022,02,09,0.0,18.748377,6.1412024,2022
2597,r2i1p1f1,2022,02,10,0.0,19.063978,5.8365836,2022
2598,r2i1p1f1,2022,02,11,33.69049284956418,13.217509,5.5747056,2022
2599,r2i1p1f1,2022,02,12,0.0,9.963276,-0.98753333,2022
2600,r2i1p1f1,2022,02,13,0.0,12.951808,-1.351526,2022
2601,r2i1p1f1,2022,02,14,0.0,13.849567,0.53478074,2022
2602,r2i1p1f1,2022,02,15,21.399138023025444,12.324723,3.5592341,2022
2603,r2i1p1f1,2022,02,16,3.898568365883648,12.168448,7.0534906,2022
2604,r2i1p1f1,2022,02,17,0.0,13.80098,0.9878524,2022
2605,r2i1p1f1,2022,02,18,0.0,12.993224,-0.16173632,2022
2606,r2i1p1f1,2022,02,19,1.4815880104571022,13.850687,2.4393973,2022
2607,r2i1p1f1,2022,02,20,25.276332588327932,11.310278,1.2060978,2022
2608,r2i1p1f1,2022,02,21,65.66655466449447,10.028499,3.0587244,2022
2609,r2i1p1f1,2022,02,22,41.45708978721814,12.62965,6.577899,2022
2610,r2i1p1f1,2022,02,23,22.740976781096833,12.395156,4.565633,2022
2611,r2i1p1f1,2022,02,24,6.619810851111652,11.850104,-1.1492937,2022
2612,r2i1p1f1,2022,02,25,0.0,11.809521,0.40384924,2022
2613,r2i1p1f1,2022,02,26,0.0,13.111885,0.8127544,2022
2614,r2i1p1f1,2022,02,27,0.0,13.094769,0.38383144,2022
2615,r2i1p1f1,2022,02,28,0.0,14.119503,0.83883214,2022
2616,r2i1p1f1,2022,03,01,0.0,15.526979,-0.4039935,2022
2617,r2i1p1f1,2022,03,02,0.023321886646954226,15.717922,0.8509287,2022
2618,r2i1p1f1,2022,03,03,10.804560989299716,10.188123,2.9225507,2022
2619,r2i1p1f1,2022,03,04,11.314597767432133,11.507192,2.5186753,2022
2620,r2i1p1f1,2022,03,05,20.304837057483383,14.309621,4.938963,2022
2621,r2i1p1f1,2022,03,06,1.1734410015833419,15.046711,2.7955158,2022
2622,r2i1p1f1,2022,03,07,5.894665322352921,11.650876,6.399038,2022
2623,r2i1p1f1,2022,03,08,39.37494492674887,11.382432,6.2639284,2022
2624,r2i1p1f1,2022,03,09,3.594168728773184,15.821075,-0.1172915,2022
2625,r2i1p1f1,2022,03,10,0.0,16.633566,2.899324,2022
2626,r2i1p1f1,2022,03,11,0.0,14.934221,1.9173743,2022
2627,r2i1p1f1,2022,03,12,0.0,17.92897,2.19067,2022
2628,r2i1p1f1,2022,03,13,0.0,21.17005,6.589085,2022
2629,r2i1p1f1,2022,03,14,0.0,20.607891,6.3392773,2022
2630,r2i1p1f1,2022,03,15,1.5842850165199707,20.486681,3.5892935,2022
2631,r2i1p1f1,2022,03,16,5.771904769039793,10.801437,2.4475048,2022
2632,r2i1p1f1,2022,03,17,0.0017104023754654918,10.153995,0.5957625,2022
2633,r2i1p1f1,2022,03,18,0.4224535161881704,14.028957,2.816526,2022
2634,r2i1p1f1,2022,03,19,0.0,17.520287,1.2718595,2022
2635,r2i1p1f1,2022,03,20,0.0,18.785341,3.560294,2022
2636,r2i1p1f1,2022,03,21,0.0,18.613394,3.676159,2022
2637,r2i1p1f1,2022,03,22,3.766942482025115,14.44562,2.9069304,2022
2638,r2i1p1f1,2022,03,23,16.579362841002876,11.194457,3.6371052,2022
2639,r2i1p1f1,2022,03,24,39.26923089384218,9.746421,1.7328148,2022
2640,r2i1p1f1,2022,03,25,45.42825016669667,11.702194,2.703757,2022
2641,r2i1p1f1,2022,03,26,0.04743395156765473,19.125624,3.6991785,2022
2642,r2i1p1f1,2022,03,27,0.0,18.813343,2.7254176,2022
2643,r2i1p1f1,2022,03,28,0.0,18.05259,4.313605,2022
2644,r2i1p1f1,2022,03,29,0.0,19.391289,4.818701,2022
2645,r2i1p1f1,2022,03,30,0.0,22.212189,5.720731,2022
2646,r2i1p1f1,2022,03,31,0.0,23.429478,7.678242,2022
2647,r2i1p1f1,2022,04,01,0.0,24.181005,8.659466,2022
2648,r2i1p1f1,2022,04,02,0.0,19.294205,5.9414935,2022
2649,r2i1p1f1,2022,04,03,0.0,17.289131,4.8519573,2022
2650,r2i1p1f1,2022,04,04,0.0,17.083447,2.2512004,2022
2651,r2i1p1f1,2022,04,05,0.0,19.95473,5.252906,2022
2652,r2i1p1f1,2022,04,06,0.0,19.699167,6.390115,2022
2653,r2i1p1f1,2022,04,07,0.0,18.27911,3.207024,2022
2654,r2i1p1f1,2022,04,08,0.0,18.619072,1.9959136,2022
2655,r2i1p1f1,2022,04,09,0.0,16.056719,-0.2679666,2022
2656,r2i1p1f1,2022,04,10,0.0,18.243187,1.4170918,2022
2657,r2i1p1f1,2022,04,11,0.0,20.922297,4.1007133,2022
2658,r2i1p1f1,2022,04,12,0.0,21.561495,6.1107016,2022
2659,r2i1p1f1,2022,04,13,0.0,22.640076,6.5332966,2022
2660,r2i1p1f1,2022,04,14,0.0,23.276722,4.302042,2022
2661,r2i1p1f1,2022,04,15,0.0,21.746729,7.1240673,2022
2662,r2i1p1f1,2022,04,16,0.0,21.38143,7.594234,2022
2663,r2i1p1f1,2022,04,17,0.0,26.01496,8.407824,2022
2664,r2i1p1f1,2022,04,18,0.0,28.334806,10.930441,2022
2665,r2i1p1f1,2022,04,19,0.021696413386962377,29.50055,10.64836,2022
2666,r2i1p1f1,2022,04,20,6.417172410692729,22.794884,3.5377858,2022
2667,r2i1p1f1,2022,04,21,26.99300603062511,15.45165,7.033411,2022
2668,r2i1p1f1,2022,04,22,8.972246854511923,9.838311,5.0459423,2022
2669,r2i1p1f1,2022,04,23,0.0005556032306230918,16.065115,-0.055308715,2022
2670,r2i1p1f1,2022,04,24,0.0,18.49744,0.7771022,2022
2671,r2i1p1f1,2022,04,25,0.0,21.133596,4.6631856,2022
2672,r2i1p1f1,2022,04,26,0.0,21.889858,5.8690557,2022
2673,r2i1p1f1,2022,04,27,0.0,23.022898,6.5489407,2022
2674,r2i1p1f1,2022,04,28,0.0,26.087164,9.078816,2022
2675,r2i1p1f1,2022,04,29,0.0,28.403378,11.360132,2022
2676,r2i1p1f1,2022,04,30,0.0,29.002224,11.132083,2022
2677,r2i1p1f1,2022,05,01,0.0,26.886436,9.227168,2022
2678,r2i1p1f1,2022,05,02,0.0,21.92131,4.6231956,2022
2679,r2i1p1f1,2022,05,03,0.0,17.201311,3.4077804,2022
2680,r2i1p1f1,2022,05,04,0.0,19.04449,2.4660382,2022
2681,r2i1p1f1,2022,05,05,0.6254717450701719,20.340559,4.6338844,2022
2682,r2i1p1f1,2022,05,06,0.0,20.108887,3.4452612,2022
2683,r2i1p1f1,2022,05,07,0.0,20.912432,3.6197119,2022
2684,r2i1p1f1,2022,05,08,0.0,21.93688,4.731896,2022
2685,r2i1p1f1,2022,05,09,0.0,24.34768,7.175962,2022
2686,r2i1p1f1,2022,05,10,0.0,24.324694,6.365847,2022
2687,r2i1p1f1,2022,05,11,0.0,18.916924,3.1529908,2022
2688,r2i1p1f1,2022,05,12,0.0,22.430937,7.021266,2022
2689,r2i1p1f1,2022,05,13,0.0,26.268257,9.298416,2022
2690,r2i1p1f1,2022,05,14,0.0,27.35653,8.388539,2022
2691,r2i1p1f1,2022,05,15,0.0,25.623238,7.291043,2022
2692,r2i1p1f1,2022,05,16,0.0,23.57108,6.8734884,2022
2693,r2i1p1f1,2022,05,17,0.0,29.227654,12.412903,2022
2694,r2i1p1f1,2022,05,18,0.8248411381373444,28.496311,10.269581,2022
2695,r2i1p1f1,2022,05,19,18.37747472382034,23.271954,5.318208,2022
2696,r2i1p1f1,2022,05,20,1.4237239860818818,28.523851,12.467,2022
2697,r2i1p1f1,2022,05,21,4.626259022535351,23.079666,4.566756,2022
2698,r2i1p1f1,2022,05,22,5.43295973466229,22.119902,8.13103,2022
2699,r2i1p1f1,2022,05,23,1.3747682984671883,23.23986,8.527286,2022
2700,r2i1p1f1,2022,05,24,0.0002972930275291219,24.220572,8.635025,2022
2701,r2i1p1f1,2022,05,25,0.052190364776016906,21.969069,7.8063374,2022
2702,r2i1p1f1,2022,05,26,0.0,22.037642,6.534291,2022
2703,r2i1p1f1,2022,05,27,0.0,22.881523,7.488155,2022
2704,r2i1p1f1,2022,05,28,0.0,24.772728,6.4662023,2022
2705,r2i1p1f1,2022,05,29,0.0,27.545815,9.015348,2022
2706,r2i1p1f1,2022,05,30,0.0,27.755177,10.5791,2022
2707,r2i1p1f1,2022,05,31,0.34544225963424324,26.30936,8.830244,2022
2708,r2i1p1f1,2022,06,01,0.3156942109967531,23.997637,8.372081,2022
2709,r2i1p1f1,2022,06,02,0.7005295894259689,23.790081,9.468093,2022
2710,r2i1p1f1,2022,06,03,0.10548935615588562,22.70121,7.375547,2022
2711,r2i1p1f1,2022,06,04,0.0,21.95933,7.679344,2022
2712,r2i1p1f1,2022,06,05,0.0010184345910602133,25.19056,8.933011,2022
2713,r2i1p1f1,2022,06,06,0.0,27.734169,9.163676,2022
2714,r2i1p1f1,2022,06,07,0.0,26.086967,5.853753,2022
2715,r2i1p1f1,2022,06,08,0.0,24.022137,5.7661386,2022
2716,r2i1p1f1,2022,06,09,0.0,26.060928,8.337571,2022
2717,r2i1p1f1,2022,06,10,0.0,28.315239,10.592482,2022
2718,r2i1p1f1,2022,06,11,0.0,28.445662,7.6581354,2022
2719,r2i1p1f1,2022,06,12,0.0,27.527576,9.198803,2022
2720,r2i1p1f1,2022,06,13,0.0,30.182976,12.2271385,2022
2721,r2i1p1f1,2022,06,14,0.0,31.494432,13.45084,2022
2722,r2i1p1f1,2022,06,15,0.0,31.228323,11.155384,2022
2723,r2i1p1f1,2022,06,16,0.0,29.71504,12.187919,2022
2724,r2i1p1f1,2022,06,17,0.0,30.190989,13.673174,2022
2725,r2i1p1f1,2022,06,18,0.01165638750535436,30.22787,11.988497,2022
2726,r2i1p1f1,2022,06,19,0.0,31.137848,13.521159,2022
2727,r2i1p1f1,2022,06,20,0.005411479469330516,31.849998,12.117774,2022
2728,r2i1p1f1,2022,06,21,0.0,30.652994,11.727315,2022
2729,r2i1p1f1,2022,06,22,0.0,30.74197,13.529285,2022
2730,r2i1p1f1,2022,06,23,0.0,31.23339,13.958843,2022
2731,r2i1p1f1,2022,06,24,0.0,31.25826,11.545879,2022
2732,r2i1p1f1,2022,06,25,0.0,31.269915,10.434459,2022
2733,r2i1p1f1,2022,06,26,0.0,30.54171,12.3937645,2022
2734,r2i1p1f1,2022,06,27,0.0,33.079346,15.671984,2022
2735,r2i1p1f1,2022,06,28,0.0,37.13273,17.528727,2022
2736,r2i1p1f1,2022,06,29,0.0,38.975567,20.32329,2022
2737,r2i1p1f1,2022,06,30,0.0,37.946014,20.724419,2022
2738,r2i1p1f1,2022,07,01,0.0,39.76799,20.609568,2022
2739,r2i1p1f1,2022,07,02,0.0,37.012703,17.413761,2022
2740,r2i1p1f1,2022,07,03,0.0,33.5111,13.738419,2022
2741,r2i1p1f1,2022,07,04,0.0,29.37778,9.204711,2022
2742,r2i1p1f1,2022,07,05,0.0,26.503517,8.033667,2022
2743,r2i1p1f1,2022,07,06,0.0,27.218346,9.59536,2022
2744,r2i1p1f1,2022,07,07,0.0,28.10571,8.896632,2022
2745,r2i1p1f1,2022,07,08,0.0,27.872234,8.477215,2022
2746,r2i1p1f1,2022,07,09,0.0,28.670353,10.458395,2022
2747,r2i1p1f1,2022,07,10,0.0,29.760563,11.604506,2022
2748,r2i1p1f1,2022,07,11,0.0,33.263245,14.9632435,2022
2749,r2i1p1f1,2022,07,12,0.0,36.19228,17.536177,2022
2750,r2i1p1f1,2022,07,13,0.0,36.16737,16.803747,2022
2751,r2i1p1f1,2022,07,14,0.06858531232865062,35.395134,16.28099,2022
2752,r2i1p1f1,2022,07,15,0.08445269963885949,32.63768,15.312079,2022
2753,r2i1p1f1,2022,07,16,0.0,33.32881,15.294732,2022
2754,r2i1p1f1,2022,07,17,0.0,32.298733,14.674432,2022
2755,r2i1p1f1,2022,07,18,0.0,32.358494,13.274733,2022
2756,r2i1p1f1,2022,07,19,0.0,33.73048,14.785222,2022
2757,r2i1p1f1,2022,07,20,0.0,35.09509,17.97625,2022
2758,r2i1p1f1,2022,07,21,0.0,35.555138,17.019688,2022
2759,r2i1p1f1,2022,07,22,0.0,36.177425,17.898245,2022
2760,r2i1p1f1,2022,07,23,0.02628923139127437,33.162216,15.26712,2022
2761,r2i1p1f1,2022,07,24,0.0,33.584225,15.668179,2022
2762,r2i1p1f1,2022,07,25,0.0,33.288723,15.332768,2022
2763,r2i1p1f1,2022,07,26,0.0,34.09769,15.3607435,2022
2764,r2i1p1f1,2022,07,27,0.0,35.38118,16.54546,2022
2765,r2i1p1f1,2022,07,28,0.0,36.673088,18.682308,2022
2766,r2i1p1f1,2022,07,29,0.0,34.67102,17.1382,2022
2767,r2i1p1f1,2022,07,30,0.0,35.1815,16.562057,2022
2768,r2i1p1f1,2022,07,31,0.0,34.44321,15.852047,2022
2769,r2i1p1f1,2022,08,01,0.0,35.18005,16.441027,2022
2770,r2i1p1f1,2022,08,02,0.0,34.48358,13.233689,2022
2771,r2i1p1f1,2022,08,03,0.0,33.1814,16.860344,2022
2772,r2i1p1f1,2022,08,04,0.0,34.2054,16.152592,2022
2773,r2i1p1f1,2022,08,05,0.0,34.075684,14.447224,2022
2774,r2i1p1f1,2022,08,06,0.0,34.72727,14.243593,2022
2775,r2i1p1f1,2022,08,07,0.0,34.50421,12.807889,2022
2776,r2i1p1f1,2022,08,08,0.0,31.239372,11.177176,2022
2777,r2i1p1f1,2022,08,09,0.0,29.91766,12.505598,2022
2778,r2i1p1f1,2022,08,10,0.0,32.25284,13.756626,2022
2779,r2i1p1f1,2022,08,11,0.0,33.11975,14.626992,2022
2780,r2i1p1f1,2022,08,12,0.0,33.496624,15.853733,2022
2781,r2i1p1f1,2022,08,13,0.0,32.94806,14.197656,2022
2782,r2i1p1f1,2022,08,14,0.0,32.286514,11.589426,2022
2783,r2i1p1f1,2022,08,15,0.0,31.841896,12.147131,2022
2784,r2i1p1f1,2022,08,16,0.0,33.360058,15.049831,2022
2785,r2i1p1f1,2022,08,17,0.0,34.063408,15.2797985,2022
2786,r2i1p1f1,2022,08,18,0.0,32.522934,14.80501,2022
2787,r2i1p1f1,2022,08,19,0.0,32.14508,13.714023,2022
2788,r2i1p1f1,2022,08,20,0.0,31.333748,13.5879,2022
2789,r2i1p1f1,2022,08,21,0.0,32.521435,13.216753,2022
2790,r2i1p1f1,2022,08,22,0.0,33.405895,14.146687,2022
2791,r2i1p1f1,2022,08,23,0.0,33.033638,12.4366045,2022
2792,r2i1p1f1,2022,08,24,0.0,31.056871,11.062797,2022
2793,r2i1p1f1,2022,08,25,0.0,31.23934,12.249532,2022
2794,r2i1p1f1,2022,08,26,0.0,28.774025,11.207404,2022
2795,r2i1p1f1,2022,08,27,0.0,29.107473,10.617105,2022
2796,r2i1p1f1,2022,08,28,0.0,29.493813,10.551319,2022
2797,r2i1p1f1,2022,08,29,0.0,24.799479,7.1917977,2022
2798,r2i1p1f1,2022,08,30,0.0,21.934362,6.026089,2022
2799,r2i1p1f1,2022,08,31,0.0,24.035448,4.4712887,2022
2800,r2i1p1f1,2022,09,01,0.0,27.408556,9.143197,2022
2801,r2i1p1f1,2022,09,02,0.0,28.249569,9.470198,2022
2802,r2i1p1f1,2022,09,03,0.0,28.256433,12.337751,2022
2803,r2i1p1f1,2022,09,04,0.0,25.055424,6.538057,2022
2804,r2i1p1f1,2022,09,05,0.0,27.164951,8.599697,2022
2805,r2i1p1f1,2022,09,06,0.0,28.85485,9.280638,2022
2806,r2i1p1f1,2022,09,07,0.0,27.215914,7.1720114,2022
2807,r2i1p1f1,2022,09,08,0.0,23.584625,7.8386264,2022
2808,r2i1p1f1,2022,09,09,0.009526492431177758,24.461428,6.6968985,2022
2809,r2i1p1f1,2022,09,10,0.0,25.178734,7.8537664,2022
2810,r2i1p1f1,2022,09,11,0.0,26.29304,8.502773,2022
2811,r2i1p1f1,2022,09,12,0.0,29.362854,12.910433,2022
2812,r2i1p1f1,2022,09,13,0.0,31.883873,15.3088665,2022
2813,r2i1p1f1,2022,09,14,0.0,31.706673,14.771678,2022
2814,r2i1p1f1,2022,09,15,0.0,32.29974,15.758935,2022
2815,r2i1p1f1,2022,09,16,0.0,32.595894,13.76803,2022
2816,r2i1p1f1,2022,09,17,0.0,28.989061,11.540435,2022
2817,r2i1p1f1,2022,09,18,0.0,31.44336,14.27158,2022
2818,r2i1p1f1,2022,09,19,0.0,33.66679,16.917595,2022
2819,r2i1p1f1,2022,09,20,0.0,34.50554,16.063122,2022
2820,r2i1p1f1,2022,09,21,0.0,34.67452,17.233686,2022
2821,r2i1p1f1,2022,09,22,0.0,35.377,18.826828,2022
2822,r2i1p1f1,2022,09,23,0.0,36.185287,17.010767,2022
2823,r2i1p1f1,2022,09,24,0.0,33.718243,14.436495,2022
2824,r2i1p1f1,2022,09,25,0.0,26.282963,7.8625436,2022
2825,r2i1p1f1,2022,09,26,0.0,18.199537,0.6621641,2022
2826,r2i1p1f1,2022,09,27,0.0,16.983467,-1.2443777,2022
2827,r2i1p1f1,2022,09,28,0.0,19.447502,2.4548774,2022
2828,r2i1p1f1,2022,09,29,0.0,21.463701,5.6996017,2022
2829,r2i1p1f1,2022,09,30,0.0,22.84968,7.454496,2022
2830,r2i1p1f1,2022,10,01,0.0,24.344501,7.6173654,2022
2831,r2i1p1f1,2022,10,02,0.0,26.301693,9.071925,2022
2832,r2i1p1f1,2022,10,03,0.0,28.369688,10.846752,2022
2833,r2i1p1f1,2022,10,04,0.0,28.653072,11.283621,2022
2834,r2i1p1f1,2022,10,05,0.0,28.673597,10.653769,2022
2835,r2i1p1f1,2022,10,06,0.0,27.111015,8.711595,2022
2836,r2i1p1f1,2022,10,07,0.0,16.091639,-1.0362246,2022
2837,r2i1p1f1,2022,10,08,0.0,18.400791,1.7762179,2022
2838,r2i1p1f1,2022,10,09,0.0,22.038025,5.1947694,2022
2839,r2i1p1f1,2022,10,10,0.0,22.75083,8.026571,2022
2840,r2i1p1f1,2022,10,11,0.0,23.937826,7.1690087,2022
2841,r2i1p1f1,2022,10,12,0.0,25.537968,9.842189,2022
2842,r2i1p1f1,2022,10,13,0.0,25.767962,9.405527,2022
2843,r2i1p1f1,2022,10,14,0.0,25.198376,8.64857,2022
2844,r2i1p1f1,2022,10,15,0.0,22.023066,7.0996923,2022
2845,r2i1p1f1,2022,10,16,0.0,20.39114,3.4379947,2022
2846,r2i1p1f1,2022,10,17,0.0,23.495638,7.5795746,2022
2847,r2i1p1f1,2022,10,18,0.0,27.352638,10.530378,2022
2848,r2i1p1f1,2022,10,19,0.0,29.603872,12.07408,2022
2849,r2i1p1f1,2022,10,20,0.0,23.77145,9.165856,2022
2850,r2i1p1f1,2022,10,21,0.0,24.92833,11.311337,2022
2851,r2i1p1f1,2022,10,22,0.0,26.074394,8.823245,2022
2852,r2i1p1f1,2022,10,23,3.3531046320888436,24.550844,9.306902,2022
2853,r2i1p1f1,2022,10,24,39.85557070118375,14.658403,7.7024384,2022
2854,r2i1p1f1,2022,10,25,0.0,17.575563,3.6859393,2022
2855,r2i1p1f1,2022,10,26,0.0,18.05996,6.19291,2022
2856,r2i1p1f1,2022,10,27,5.019917326637824,15.05306,6.057843,2022
2857,r2i1p1f1,2022,10,28,9.068512872636347,14.227962,8.0813465,2022
2858,r2i1p1f1,2022,10,29,0.0,21.886038,6.6421666,2022
2859,r2i1p1f1,2022,10,30,0.0,23.489483,9.049517,2022
2860,r2i1p1f1,2022,10,31,0.0,23.691977,10.569632,2022
2861,r2i1p1f1,2022,11,01,0.0,24.626232,10.543148,2022
2862,r2i1p1f1,2022,11,02,0.0,24.703253,10.482655,2022
2863,r2i1p1f1,2022,11,03,0.0,22.085295,10.479565,2022
2864,r2i1p1f1,2022,11,04,0.0,18.23802,3.6012769,2022
2865,r2i1p1f1,2022,11,05,0.0,21.476416,5.790184,2022
2866,r2i1p1f1,2022,11,06,0.0,22.450157,8.891844,2022
2867,r2i1p1f1,2022,11,07,0.0,23.774208,8.76933,2022
2868,r2i1p1f1,2022,11,08,0.0,23.616308,8.09605,2022
2869,r2i1p1f1,2022,11,09,72.06446175259771,16.318415,5.5333786,2022
2870,r2i1p1f1,2022,11,10,29.592164487257833,8.983867,3.4523442,2022
2871,r2i1p1f1,2022,11,11,7.596605123671907,9.738195,3.5538006,2022
2872,r2i1p1f1,2022,11,12,4.470225945431139,11.801042,4.748149,2022
2873,r2i1p1f1,2022,11,13,0.0,13.140418,0.70287186,2022
2874,r2i1p1f1,2022,11,14,0.0,14.153968,0.69250655,2022
2875,r2i1p1f1,2022,11,15,0.0,14.804713,3.5503094,2022
2876,r2i1p1f1,2022,11,16,41.16728039589361,10.698737,5.047819,2022
2877,r2i1p1f1,2022,11,17,25.65727061155485,6.5327015,3.3350155,2022
2878,r2i1p1f1,2022,11,18,0.10625725772115402,7.518531,-0.22047128,2022
2879,r2i1p1f1,2022,11,19,0.14271488525992027,8.438509,-4.0718875,2022
2880,r2i1p1f1,2022,11,20,0.0,8.959352,1.1541032,2022
2881,r2i1p1f1,2022,11,21,0.0,11.19202,-1.8899951,2022
2882,r2i1p1f1,2022,11,22,0.0,11.176737,-1.5331998,2022
2883,r2i1p1f1,2022,11,23,0.0,10.795643,1.6920991,2022
2884,r2i1p1f1,2022,11,24,3.133108683539376,11.5332,-0.036770344,2022
2885,r2i1p1f1,2022,11,25,2.576382174208902,9.071147,1.0696285,2022
2886,r2i1p1f1,2022,11,26,9.60218235022694,11.245621,4.4869676,2022
2887,r2i1p1f1,2022,11,27,30.07294157796423,10.8473215,5.363255,2022
2888,r2i1p1f1,2022,11,28,4.035064485242401,6.0688405,-1.9711442,2022
2889,r2i1p1f1,2022,11,29,0.0012229934270635567,7.736045,0.25315392,2022
2890,r2i1p1f1,2022,11,30,0.012542476224552956,7.5830383,-2.6117811,2022
2891,r2i1p1f1,2022,12,01,10.858747916654465,6.726848,2.2204568,2022
2892,r2i1p1f1,2022,12,02,0.0,10.607214,-0.9008597,2022
2893,r2i1p1f1,2022,12,03,0.0,12.044054,1.0023423,2022
2894,r2i1p1f1,2022,12,04,0.0,13.300551,1.962784,2022
2895,r2i1p1f1,2022,12,05,0.15784219698957713,12.878539,4.4236526,2022
2896,r2i1p1f1,2022,12,06,0.0,9.612221,-0.116949454,2022
2897,r2i1p1f1,2022,12,07,0.0,8.977867,-1.7918593,2022
2898,r2i1p1f1,2022,12,08,0.0,8.019793,-3.4742866,2022
2899,r2i1p1f1,2022,12,09,0.0,6.238902,-1.930116,2022
2900,r2i1p1f1,2022,12,10,0.0,5.9062786,-4.468277,2022
2901,r2i1p1f1,2022,12,11,7.331885576286368,6.8887076,-1.1454008,2022
2902,r2i1p1f1,2022,12,12,0.0,8.237096,-3.23711,2022
2903,r2i1p1f1,2022,12,13,0.0,9.259009,-1.1093452,2022
2904,r2i1p1f1,2022,12,14,1.4044880338076382,8.349833,-2.5453382,2022
2905,r2i1p1f1,2022,12,15,21.12628383383708,6.3375454,-0.6454315,2022
2906,r2i1p1f1,2022,12,16,42.696478763537016,10.031128,3.17838,2022
2907,r2i1p1f1,2022,12,17,2.256906631100719,12.564748,4.185418,2022
2908,r2i1p1f1,2022,12,18,0.05346683705056421,11.585836,5.8069863,2022
2909,r2i1p1f1,2022,12,19,2.800598540932242,10.951089,5.4013596,2022
2910,r2i1p1f1,2022,12,20,0.0017661711581240525,10.22282,1.3072311,2022
2911,r2i1p1f1,2022,12,21,0.0,10.512435,-0.78321147,2022
2912,r2i1p1f1,2022,12,22,0.0,12.770146,1.0280838,2022
2913,r2i1p1f1,2022,12,23,0.0,12.849596,1.6667991,2022
2914,r2i1p1f1,2022,12,24,0.0,11.646722,0.72273517,2022
2915,r2i1p1f1,2022,12,25,0.2618876387941782,9.35351,-0.43384266,2022
2916,r2i1p1f1,2022,12,26,0.0,11.772681,-0.17659596,2022
2917,r2i1p1f1,2022,12,27,0.0,11.576498,1.0544156,2022
2918,r2i1p1f1,2022,12,28,1.709612381671377,9.15203,0.66035616,2022
2919,r2i1p1f1,2022,12,29,2.942506643660181,7.238499,-1.8654736,2022
2920,r2i1p1f1,2022,12,30,0.0,9.94318,-0.689132,2022
2921,r2i1p1f1,2022,12,31,0.01271886167160119,10.380827,-0.6766527,2022
2922,r2i1p1f1,2023,01,01,54.01179850450717,7.1144834,-1.0957952,2023
2923,r2i1p1f1,2023,01,02,12.927482400391455,7.3355103,-1.2178279,2023
2924,r2i1p1f1,2023,01,03,0.3057441675878181,5.507364,0.49414507,2023
2925,r2i1p1f1,2023,01,04,8.170911253637314,3.995541,-1.3020777,2023
2926,r2i1p1f1,2023,01,05,15.544310503446468,6.208923,1.0206428,2023
2927,r2i1p1f1,2023,01,06,54.886221775450394,8.924153,3.1636121,2023
2928,r2i1p1f1,2023,01,07,19.99098366504768,8.251267,0.35566956,2023
2929,r2i1p1f1,2023,01,08,0.0,8.385154,-3.5864906,2023
2930,r2i1p1f1,2023,01,09,12.037348963190198,7.255622,-3.3811712,2023
2931,r2i1p1f1,2023,01,10,31.85299253091216,6.6783757,2.6133373,2023
2932,r2i1p1f1,2023,01,11,9.380227577457845,6.1801143,2.2128787,2023
2933,r2i1p1f1,2023,01,12,12.715024293083843,6.6266785,-3.8228068,2023
2934,r2i1p1f1,2023,01,13,0.0,4.8056726,-9.37935,2023
2935,r2i1p1f1,2023,01,14,0.0,7.9996815,-3.1312253,2023
2936,r2i1p1f1,2023,01,15,0.0,9.137146,-1.8586345,2023
2937,r2i1p1f1,2023,01,16,0.0,10.749845,-1.9558122,2023
2938,r2i1p1f1,2023,01,17,0.0,10.477305,-0.667547,2023
2939,r2i1p1f1,2023,01,18,0.0,9.327763,2.547427,2023
2940,r2i1p1f1,2023,01,19,0.020571164407101605,10.584093,2.9060812,2023
2941,r2i1p1f1,2023,01,20,0.0,13.291096,4.2177625,2023
2942,r2i1p1f1,2023,01,21,0.0,15.058643,1.4518588,2023
2943,r2i1p1f1,2023,01,22,0.0,14.003604,0.51206946,2023
2944,r2i1p1f1,2023,01,23,0.0,12.571529,3.02322,2023
2945,r2i1p1f1,2023,01,24,0.0,11.877685,2.511122,2023
2946,r2i1p1f1,2023,01,25,5.700173881177761,7.943495,3.4941878,2023
2947,r2i1p1f1,2023,01,26,0.0,11.383402,-0.86167526,2023
2948,r2i1p1f1,2023,01,27,0.0,14.205817,-0.027020667,2023
2949,r2i1p1f1,2023,01,28,0.0,15.130352,0.9255155,2023
2950,r2i1p1f1,2023,01,29,0.0,12.65285,1.1088262,2023
2951,r2i1p1f1,2023,01,30,0.0,14.143269,3.160777,2023
2952,r2i1p1f1,2023,01,31,0.0,18.749271,4.0313215,2023
2953,r2i1p1f1,2023,02,01,0.0,20.759562,7.4899464,2023
2954,r2i1p1f1,2023,02,02,37.262617277156096,15.880046,4.3720756,2023
2955,r2i1p1f1,2023,02,03,2.4553284523335606,8.93491,-0.423601,2023
2956,r2i1p1f1,2023,02,04,0.0,11.324684,-0.25291777,2023
2957,r2i1p1f1,2023,02,05,0.0,14.092097,0.7437627,2023
2958,r2i1p1f1,2023,02,06,0.0,15.27712,2.0372467,2023
2959,r2i1p1f1,2023,02,07,0.0,14.60043,3.544114,2023
2960,r2i1p1f1,2023,02,08,2.1365667822180967,14.581735,2.8058298,2023
2961,r2i1p1f1,2023,02,09,21.494383614663093,10.7496195,3.6113596,2023
2962,r2i1p1f1,2023,02,10,0.0,13.147166,1.5503818,2023
2963,r2i1p1f1,2023,02,11,0.0,13.145228,0.66056937,2023
2964,r2i1p1f1,2023,02,12,0.0,13.312376,0.87812024,2023
2965,r2i1p1f1,2023,02,13,0.0,13.218891,1.2657113,2023
2966,r2i1p1f1,2023,02,14,0.0,14.362242,2.5667906,2023
2967,r2i1p1f1,2023,02,15,0.0,15.49998,1.433867,2023
2968,r2i1p1f1,2023,02,16,0.0,13.113076,1.775427,2023
2969,r2i1p1f1,2023,02,17,0.0,13.0282545,0.91639954,2023
2970,r2i1p1f1,2023,02,18,0.0,14.897444,0.8127383,2023
2971,r2i1p1f1,2023,02,19,0.0,14.835643,3.0586832,2023
2972,r2i1p1f1,2023,02,20,0.0,15.844652,2.0112386,2023
2973,r2i1p1f1,2023,02,21,0.35026740024477476,11.751194,1.3350611,2023
2974,r2i1p1f1,2023,02,22,6.205642102850106,8.625619,-1.1147597,2023
2975,r2i1p1f1,2023,02,23,0.28566766895892215,10.846421,-1.1687636,2023
2976,r2i1p1f1,2023,02,24,0.11213872188591267,12.1910515,-0.5841001,2023
2977,r2i1p1f1,2023,02,25,6.551504764615856,11.093177,0.85278106,2023
2978,r2i1p1f1,2023,02,26,24.627245680312626,10.596267,5.222231,2023
2979,r2i1p1f1,2023,02,27,9.673896409276495,6.9215913,-4.776403,2023
2980,r2i1p1f1,2023,02,28,9.131481095425897,6.6555276,-2.8374815,2023
2981,r2i1p1f1,2023,03,01,2.322234286918956,5.822471,-0.5445941,2023
2982,r2i1p1f1,2023,03,02,0.0,13.813859,0.43381417,2023
2983,r2i1p1f1,2023,03,03,0.0,16.855146,0.20179823,2023
2984,r2i1p1f1,2023,03,04,0.0,17.271626,1.7889137,2023
2985,r2i1p1f1,2023,03,05,0.0,11.497714,-0.9076049,2023
2986,r2i1p1f1,2023,03,06,0.0,12.211408,-1.7881029,2023
2987,r2i1p1f1,2023,03,07,0.0,13.612239,-2.0583906,2023
2988,r2i1p1f1,2023,03,08,0.31049436847752077,12.630737,-0.99775356,2023
2989,r2i1p1f1,2023,03,09,0.0,9.670198,-1.4082947,2023
2990,r2i1p1f1,2023,03,10,0.0,12.017773,-3.2546716,2023
2991,r2i1p1f1,2023,03,11,0.0,12.627613,0.6427943,2023
2992,r2i1p1f1,2023,03,12,0.0,14.235088,-0.37627327,2023
2993,r2i1p1f1,2023,03,13,0.0,14.498908,0.37826994,2023
2994,r2i1p1f1,2023,03,14,0.29804031768208006,12.003727,1.7381433,2023
2995,r2i1p1f1,2023,03,15,0.0,14.567066,1.7512379,2023
2996,r2i1p1f1,2023,03,16,0.0,14.269034,1.6914746,2023
2997,r2i1p1f1,2023,03,17,0.0,13.314126,1.624278,2023
2998,r2i1p1f1,2023,03,18,0.0,17.641851,1.384337,2023
2999,r2i1p1f1,2023,03,19,0.0,18.679186,3.7571402,2023
3000,r2i1p1f1,2023,03,20,0.025537150122545427,18.847382,2.9969258,2023
3001,r2i1p1f1,2023,03,21,25.227448649093276,14.679742,2.3230276,2023
3002,r2i1p1f1,2023,03,22,13.180375787851517,8.689811,-0.40624845,2023
3003,r2i1p1f1,2023,03,23,17.83852632743219,6.7879467,-4.6203527,2023
3004,r2i1p1f1,2023,03,24,22.575914486060356,5.7090344,0.10784202,2023
3005,r2i1p1f1,2023,03,25,0.25559051036907476,13.827226,-0.024734179,2023
3006,r2i1p1f1,2023,03,26,0.0,18.167767,1.4893261,2023
3007,r2i1p1f1,2023,03,27,0.0,21.548391,4.763776,2023
3008,r2i1p1f1,2023,03,28,0.0,21.756744,8.415076,2023
3009,r2i1p1f1,2023,03,29,0.0,24.19901,9.2323065,2023
3010,r2i1p1f1,2023,03,30,0.0,25.542496,9.160604,2023
3011,r2i1p1f1,2023,03,31,0.0,26.068756,10.279412,2023
3012,r2i1p1f1,2023,04,01,0.0,25.885786,9.4231415,2023
3013,r2i1p1f1,2023,04,02,0.0,23.88787,8.133288,2023
3014,r2i1p1f1,2023,04,03,0.0,23.771044,7.689584,2023
3015,r2i1p1f1,2023,04,04,0.8438009970831217,22.101631,6.7512693,2023
3016,r2i1p1f1,2023,04,05,13.151657163871278,18.002808,5.389473,2023
3017,r2i1p1f1,2023,04,06,0.0,13.708735,0.26692498,2023
3018,r2i1p1f1,2023,04,07,0.0,16.97535,1.489723,2023
3019,r2i1p1f1,2023,04,08,0.0,17.078588,4.0012755,2023
3020,r2i1p1f1,2023,04,09,0.0,24.894169,8.631771,2023
3021,r2i1p1f1,2023,04,10,0.0,25.92968,10.142437,2023
3022,r2i1p1f1,2023,04,11,0.0,26.040054,9.681353,2023
3023,r2i1p1f1,2023,04,12,16.931123686299543,19.528378,4.0190654,2023
3024,r2i1p1f1,2023,04,13,47.14942903010524,6.125246,-1.5329787,2023
3025,r2i1p1f1,2023,04,14,6.833207487954951,5.23462,-2.3734884,2023
3026,r2i1p1f1,2023,04,15,9.877382846218552,5.2492805,0.30154774,2023
3027,r2i1p1f1,2023,04,16,0.0,14.491832,-2.659886,2023
3028,r2i1p1f1,2023,04,17,0.0,20.045378,1.6786096,2023
3029,r2i1p1f1,2023,04,18,0.0,21.339046,5.1887264,2023
3030,r2i1p1f1,2023,04,19,0.0,22.608742,6.796414,2023
3031,r2i1p1f1,2023,04,20,0.0,22.484867,7.689459,2023
3032,r2i1p1f1,2023,04,21,0.0,24.72632,8.547283,2023
3033,r2i1p1f1,2023,04,22,0.0,24.940891,11.278072,2023
3034,r2i1p1f1,2023,04,23,0.0,26.580803,11.413784,2023
3035,r2i1p1f1,2023,04,24,0.0,27.802298,12.980036,2023
3036,r2i1p1f1,2023,04,25,0.0,28.526163,13.698994,2023
3037,r2i1p1f1,2023,04,26,0.0,28.285494,9.59428,2023
3038,r2i1p1f1,2023,04,27,0.0,19.387384,3.4284277,2023
3039,r2i1p1f1,2023,04,28,0.014910403024259722,14.435652,-0.85068375,2023
3040,r2i1p1f1,2023,04,29,0.0,17.641958,1.468546,2023
3041,r2i1p1f1,2023,04,30,0.0,18.12767,3.664766,2023
3042,r2i1p1f1,2023,05,01,0.0,19.559832,3.7588344,2023
3043,r2i1p1f1,2023,05,02,0.0,23.956917,7.162647,2023
3044,r2i1p1f1,2023,05,03,0.0,26.529186,10.157185,2023
3045,r2i1p1f1,2023,05,04,0.0,28.428724,12.093165,2023
3046,r2i1p1f1,2023,05,05,0.0,30.237709,11.791676,2023
3047,r2i1p1f1,2023,05,06,0.015839505613257643,27.920475,10.911455,2023
3048,r2i1p1f1,2023,05,07,0.0,25.276907,8.648421,2023
3049,r2i1p1f1,2023,05,08,0.0,25.770882,9.562881,2023
3050,r2i1p1f1,2023,05,09,0.0,25.184694,8.272397,2023
3051,r2i1p1f1,2023,05,10,0.0,25.548136,8.969395,2023
3052,r2i1p1f1,2023,05,11,0.0,26.918354,11.140237,2023
3053,r2i1p1f1,2023,05,12,0.0430844638515282,26.710531,11.622429,2023
3054,r2i1p1f1,2023,05,13,0.0,27.38152,11.446377,2023
3055,r2i1p1f1,2023,05,14,0.0,26.73341,9.765129,2023
3056,r2i1p1f1,2023,05,15,0.21085016715005622,25.55479,8.22762,2023
3057,r2i1p1f1,2023,05,16,0.014340541110868799,24.094704,8.21884,2023
3058,r2i1p1f1,2023,05,17,34.82146302308138,21.24928,9.558571,2023
3059,r2i1p1f1,2023,05,18,1.4167938876369135,19.350227,8.466405,2023
3060,r2i1p1f1,2023,05,19,0.0,23.3415,8.640547,2023
3061,r2i1p1f1,2023,05,20,0.0,26.274101,9.615526,2023
3062,r2i1p1f1,2023,05,21,0.0002460404914472747,28.759338,11.254055,2023
3063,r2i1p1f1,2023,05,22,0.0,28.292316,11.872164,2023
3064,r2i1p1f1,2023,05,23,0.0,28.124798,11.333126,2023
3065,r2i1p1f1,2023,05,24,0.0,28.823256,11.079691,2023
3066,r2i1p1f1,2023,05,25,0.0,28.421158,9.243251,2023
3067,r2i1p1f1,2023,05,26,0.0,24.312143,6.5556054,2023
3068,r2i1p1f1,2023,05,27,0.0,23.075558,6.4769516,2023
3069,r2i1p1f1,2023,05,28,0.0,25.554947,8.18964,2023
3070,r2i1p1f1,2023,05,29,0.0,30.512997,12.739704,2023
3071,r2i1p1f1,2023,05,30,0.6847408884596007,27.033047,9.345076,2023
3072,r2i1p1f1,2023,05,31,2.2966732575468995,25.765327,6.674387,2023
3073,r2i1p1f1,2023,06,01,5.718298268425315,21.971857,5.163991,2023
3074,r2i1p1f1,2023,06,02,9.518439841576765,17.530434,4.3315167,2023
3075,r2i1p1f1,2023,06,03,0.4538018880907657,20.339561,10.069803,2023
3076,r2i1p1f1,2023,06,04,2.7440760498649297,19.875198,5.798605,2023
3077,r2i1p1f1,2023,06,05,10.680612349369767,15.846013,3.846551,2023
3078,r2i1p1f1,2023,06,06,4.914988029378264,18.020134,3.8150084,2023
3079,r2i1p1f1,2023,06,07,1.6454917742748876,24.704,7.7429867,2023
3080,r2i1p1f1,2023,06,08,0.037452264223247766,24.175116,9.198451,2023
3081,r2i1p1f1,2023,06,09,0.6078742028819306,20.962395,4.7428837,2023
3082,r2i1p1f1,2023,06,10,0.6796776214400779,20.840073,7.574612,2023
3083,r2i1p1f1,2023,06,11,0.0,27.84905,11.870187,2023
3084,r2i1p1f1,2023,06,12,0.0,31.636295,15.64939,2023
3085,r2i1p1f1,2023,06,13,2.3782859151538105,27.464918,8.598212,2023
3086,r2i1p1f1,2023,06,14,0.38104795820004256,28.78268,11.546989,2023
3087,r2i1p1f1,2023,06,15,9.835370947507727,21.787436,6.761549,2023
3088,r2i1p1f1,2023,06,16,0.0031934640446706908,25.119694,10.603952,2023
3089,r2i1p1f1,2023,06,17,0.03428789277677424,27.373108,11.358555,2023
3090,r2i1p1f1,2023,06,18,0.0,27.853039,11.220661,2023
3091,r2i1p1f1,2023,06,19,0.0,26.03587,10.877413,2023
3092,r2i1p1f1,2023,06,20,0.0,31.82724,14.763395,2023
3093,r2i1p1f1,2023,06,21,0.0,33.713985,15.275757,2023
3094,r2i1p1f1,2023,06,22,0.0,33.67818,16.297096,2023
3095,r2i1p1f1,2023,06,23,0.0,34.98032,17.450096,2023
3096,r2i1p1f1,2023,06,24,0.0,35.61513,15.678292,2023
3097,r2i1p1f1,2023,06,25,0.0,35.35502,16.64473,2023
3098,r2i1p1f1,2023,06,26,0.0,37.436127,19.295248,2023
3099,r2i1p1f1,2023,06,27,0.0,38.035725,20.85675,2023
3100,r2i1p1f1,2023,06,28,0.88992426144614,37.371346,17.588959,2023
3101,r2i1p1f1,2023,06,29,1.7697998565836315,24.881577,10.202775,2023
3102,r2i1p1f1,2023,06,30,0.0,23.679735,9.548816,2023
3103,r2i1p1f1,2023,07,01,0.0,28.088154,11.485009,2023
3104,r2i1p1f1,2023,07,02,0.0,33.721783,14.163519,2023
3105,r2i1p1f1,2023,07,03,0.0,36.35194,17.489079,2023
3106,r2i1p1f1,2023,07,04,0.004009564145235345,36.934597,16.805246,2023
3107,r2i1p1f1,2023,07,05,0.0,34.254288,14.33914,2023
3108,r2i1p1f1,2023,07,06,0.0,30.984104,12.821041,2023
3109,r2i1p1f1,2023,07,07,0.0,29.806488,13.557491,2023
3110,r2i1p1f1,2023,07,08,0.0113642907308531,31.95711,15.391689,2023
3111,r2i1p1f1,2023,07,09,0.0,31.733852,13.508003,2023
3112,r2i1p1f1,2023,07,10,2.316489999100213,28.628746,9.623252,2023
3113,r2i1p1f1,2023,07,11,0.5999646863884323,21.585869,11.6182165,2023
3114,r2i1p1f1,2023,07,12,0.0,24.882692,11.699731,2023
3115,r2i1p1f1,2023,07,13,0.0,29.607927,13.132832,2023
3116,r2i1p1f1,2023,07,14,0.0712156534063979,30.814186,15.940925,2023
3117,r2i1p1f1,2023,07,15,0.0,31.710243,13.617149,2023
3118,r2i1p1f1,2023,07,16,0.015807347972440766,30.976414,11.072584,2023
3119,r2i1p1f1,2023,07,17,0.812501118707587,31.689732,13.725273,2023
3120,r2i1p1f1,2023,07,18,0.0,35.207115,19.118547,2023
3121,r2i1p1f1,2023,07,19,0.0,36.754536,19.031404,2023
3122,r2i1p1f1,2023,07,20,0.0,37.12211,18.422928,2023
3123,r2i1p1f1,2023,07,21,0.0,35.907307,15.7448225,2023
3124,r2i1p1f1,2023,07,22,0.0,34.88226,14.928887,2023
3125,r2i1p1f1,2023,07,23,0.0,34.836044,14.207952,2023
3126,r2i1p1f1,2023,07,24,0.0,35.16176,17.328632,2023
3127,r2i1p1f1,2023,07,25,0.0,35.11081,18.667078,2023
3128,r2i1p1f1,2023,07,26,0.0,35.235615,16.95951,2023
3129,r2i1p1f1,2023,07,27,0.0,34.400192,13.271161,2023
3130,r2i1p1f1,2023,07,28,0.0,32.75141,12.131441,2023
3131,r2i1p1f1,2023,07,29,0.0,32.98427,15.013048,2023
3132,r2i1p1f1,2023,07,30,0.0,33.191235,15.069624,2023
3133,r2i1p1f1,2023,07,31,0.0,33.146824,15.868755,2023
3134,r2i1p1f1,2023,08,01,0.0,34.087486,15.995372,2023
3135,r2i1p1f1,2023,08,02,0.0,35.459118,16.2967,2023
3136,r2i1p1f1,2023,08,03,0.0,35.287594,14.739368,2023
3137,r2i1p1f1,2023,08,04,0.0,36.389584,18.134682,2023
3138,r2i1p1f1,2023,08,05,0.025977442601288203,36.359734,17.778421,2023
3139,r2i1p1f1,2023,08,06,0.0,33.984795,14.2667,2023
3140,r2i1p1f1,2023,08,07,0.0,33.519703,15.399114,2023
3141,r2i1p1f1,2023,08,08,0.0,33.837875,16.259,2023
3142,r2i1p1f1,2023,08,09,0.0,34.25846,16.07255,2023
3143,r2i1p1f1,2023,08,10,0.0,34.27443,15.535697,2023
3144,r2i1p1f1,2023,08,11,0.0,33.27762,12.774506,2023
3145,r2i1p1f1,2023,08,12,0.0,32.759315,12.251174,2023
3146,r2i1p1f1,2023,08,13,0.0,33.6695,14.195018,2023
3147,r2i1p1f1,2023,08,14,0.0,35.076096,17.510073,2023
3148,r2i1p1f1,2023,08,15,0.18736217107289121,35.57012,15.842906,2023
3149,r2i1p1f1,2023,08,16,0.0,32.915844,13.880433,2023
3150,r2i1p1f1,2023,08,17,0.0,30.964745,15.247648,2023
3151,r2i1p1f1,2023,08,18,0.0,32.041573,14.941735,2023
3152,r2i1p1f1,2023,08,19,0.0,33.111977,13.780362,2023
3153,r2i1p1f1,2023,08,20,0.7008037684499868,29.182533,8.920432,2023
3154,r2i1p1f1,2023,08,21,0.0,28.21447,13.582134,2023
3155,r2i1p1f1,2023,08,22,0.0,27.809229,11.360925,2023
3156,r2i1p1f1,2023,08,23,0.0011809244568894428,29.18188,11.896991,2023
3157,r2i1p1f1,2023,08,24,0.0,26.6119,14.122805,2023
3158,r2i1p1f1,2023,08,25,0.0,27.528744,12.401722,2023
3159,r2i1p1f1,2023,08,26,0.0,29.183537,10.890986,2023
3160,r2i1p1f1,2023,08,27,0.0,27.329536,7.4867105,2023
3161,r2i1p1f1,2023,08,28,0.0,24.970613,7.524214,2023
3162,r2i1p1f1,2023,08,29,0.0,28.831566,9.507928,2023
3163,r2i1p1f1,2023,08,30,0.0,29.742697,10.446862,2023
3164,r2i1p1f1,2023,08,31,0.0,30.082695,11.211278,2023
3165,r2i1p1f1,2023,09,01,0.0,32.72398,14.666979,2023
3166,r2i1p1f1,2023,09,02,0.0,33.937225,15.300012,2023
3167,r2i1p1f1,2023,09,03,0.0,30.508823,11.603426,2023
3168,r2i1p1f1,2023,09,04,0.0,28.782549,10.6762495,2023
3169,r2i1p1f1,2023,09,05,0.0,28.439453,9.444817,2023
3170,r2i1p1f1,2023,09,06,0.0,28.370605,9.228415,2023
3171,r2i1p1f1,2023,09,07,0.0,27.659405,9.665409,2023
3172,r2i1p1f1,2023,09,08,0.0,26.88151,12.270645,2023
3173,r2i1p1f1,2023,09,09,0.0,31.503914,14.626617,2023
3174,r2i1p1f1,2023,09,10,0.0,33.71346,16.807045,2023
3175,r2i1p1f1,2023,09,11,0.0,36.130226,17.64811,2023
3176,r2i1p1f1,2023,09,12,0.0725993722653584,36.908997,17.145758,2023
3177,r2i1p1f1,2023,09,13,8.777818219289202,33.770386,15.460371,2023
3178,r2i1p1f1,2023,09,14,0.08614092721472844,35.671772,18.046568,2023
3179,r2i1p1f1,2023,09,15,0.0,33.63936,16.096987,2023
3180,r2i1p1f1,2023,09,16,0.0,34.024372,17.11846,2023
3181,r2i1p1f1,2023,09,17,0.0,33.233757,17.035027,2023
3182,r2i1p1f1,2023,09,18,0.0,34.442024,17.1956,2023
3183,r2i1p1f1,2023,09,19,0.0,35.117146,19.971367,2023
3184,r2i1p1f1,2023,09,20,0.0,35.58649,15.724819,2023
3185,r2i1p1f1,2023,09,21,0.0,34.1784,16.83264,2023
3186,r2i1p1f1,2023,09,22,0.016788267203082796,34.218323,16.55686,2023
3187,r2i1p1f1,2023,09,23,0.0,33.505608,17.528996,2023
3188,r2i1p1f1,2023,09,24,0.0,34.308586,18.622196,2023
3189,r2i1p1f1,2023,09,25,0.07038291378194117,34.69822,15.382034,2023
3190,r2i1p1f1,2023,09,26,0.0,31.742455,9.946605,2023
3191,r2i1p1f1,2023,09,27,11.61913666821306,17.624542,3.3074713,2023
3192,r2i1p1f1,2023,09,28,0.2308220665099725,12.583633,4.8235607,2023
3193,r2i1p1f1,2023,09,29,0.0,18.95302,3.8045337,2023
3194,r2i1p1f1,2023,09,30,0.0,23.220276,5.6256886,2023
3195,r2i1p1f1,2023,10,01,1.136152415975289,20.933563,7.612101,2023
3196,r2i1p1f1,2023,10,02,0.29584897781731456,21.304953,8.859872,2023
3197,r2i1p1f1,2023,10,03,0.0,21.228746,7.7770014,2023
3198,r2i1p1f1,2023,10,04,0.0,22.006859,6.5122166,2023
3199,r2i1p1f1,2023,10,05,0.0,22.969933,7.0003986,2023
3200,r2i1p1f1,2023,10,06,0.0,24.224619,7.8035755,2023
3201,r2i1p1f1,2023,10,07,0.0,26.474848,10.841849,2023
3202,r2i1p1f1,2023,10,08,0.0,26.383396,10.658507,2023
3203,r2i1p1f1,2023,10,09,0.0,26.603416,10.417263,2023
3204,r2i1p1f1,2023,10,10,0.0,27.488337,11.869974,2023
3205,r2i1p1f1,2023,10,11,0.0,27.979614,11.640944,2023
3206,r2i1p1f1,2023,10,12,0.0,28.726213,12.269548,2023
3207,r2i1p1f1,2023,10,13,0.0,29.174232,11.78847,2023
3208,r2i1p1f1,2023,10,14,0.0,26.431309,10.848728,2023
3209,r2i1p1f1,2023,10,15,0.0,28.146847,13.619161,2023
3210,r2i1p1f1,2023,10,16,0.0,29.52137,11.456803,2023
3211,r2i1p1f1,2023,10,17,0.0,23.620216,6.3731394,2023
3212,r2i1p1f1,2023,10,18,0.0,25.67729,8.253445,2023
3213,r2i1p1f1,2023,10,19,0.0,26.50555,10.801872,2023
3214,r2i1p1f1,2023,10,20,9.363094770890257,21.44915,5.672771,2023
3215,r2i1p1f1,2023,10,21,1.7246614605312516,11.95657,5.1322107,2023
3216,r2i1p1f1,2023,10,22,0.0,14.2128725,0.9021278,2023
3217,r2i1p1f1,2023,10,23,0.0,15.814482,0.70489395,2023
3218,r2i1p1f1,2023,10,24,0.0,17.442785,5.4539046,2023
3219,r2i1p1f1,2023,10,25,0.0,18.857292,5.406344,2023
3220,r2i1p1f1,2023,10,26,0.0,18.272049,2.5299852,2023
3221,r2i1p1f1,2023,10,27,6.010744968148174,13.958195,4.512718,2023
3222,r2i1p1f1,2023,10,28,9.472554548392509,11.836301,0.114370555,2023
3223,r2i1p1f1,2023,10,29,0.0,14.761929,0.4655105,2023
3224,r2i1p1f1,2023,10,30,0.0,18.581453,4.414975,2023
3225,r2i1p1f1,2023,10,31,0.0,21.688328,7.277917,2023
3226,r2i1p1f1,2023,11,01,0.0,22.750807,9.719845,2023
3227,r2i1p1f1,2023,11,02,0.0,21.623075,7.870988,2023
3228,r2i1p1f1,2023,11,03,0.0,19.99605,6.417036,2023
3229,r2i1p1f1,2023,11,04,0.0,21.714827,7.0925717,2023
3230,r2i1p1f1,2023,11,05,0.0,22.925837,8.522303,2023
3231,r2i1p1f1,2023,11,06,0.0,24.124067,9.512139,2023
3232,r2i1p1f1,2023,11,07,0.0,24.016365,9.298458,2023
3233,r2i1p1f1,2023,11,08,0.0,23.022926,7.8795786,2023
3234,r2i1p1f1,2023,11,09,0.0,22.927187,7.8073177,2023
3235,r2i1p1f1,2023,11,10,0.0,22.61161,6.751541,2023
3236,r2i1p1f1,2023,11,11,0.0,23.230314,6.6109924,2023
3237,r2i1p1f1,2023,11,12,0.0,21.197224,4.7389235,2023
3238,r2i1p1f1,2023,11,13,25.038347105146386,13.655643,4.3193617,2023
3239,r2i1p1f1,2023,11,14,42.96651590120746,9.604099,2.78228,2023
3240,r2i1p1f1,2023,11,15,21.393831499881344,5.7451625,-2.2193158,2023
3241,r2i1p1f1,2023,11,16,56.179788869121694,6.442081,0.9564315,2023
3242,r2i1p1f1,2023,11,17,23.04564998848946,6.17618,-1.4042435,2023
3243,r2i1p1f1,2023,11,18,47.5602169521153,5.720894,-2.498173,2023
3244,r2i1p1f1,2023,11,19,0.16087621513989347,4.4178934,-6.2294216,2023
3245,r2i1p1f1,2023,11,20,0.0,4.553887,-4.614253,2023
3246,r2i1p1f1,2023,11,21,0.0,6.939427,-3.6343002,2023
3247,r2i1p1f1,2023,11,22,0.0,8.478733,-3.20148,2023
3248,r2i1p1f1,2023,11,23,0.0,10.050869,-2.5038254,2023
3249,r2i1p1f1,2023,11,24,0.0,12.358352,2.3963017,2023
3250,r2i1p1f1,2023,11,25,0.0,13.158989,-0.72576374,2023
3251,r2i1p1f1,2023,11,26,0.0,11.162228,1.3176641,2023
3252,r2i1p1f1,2023,11,27,0.0,12.441566,-0.694867,2023
3253,r2i1p1f1,2023,11,28,0.0,12.792811,-1.7278849,2023
3254,r2i1p1f1,2023,11,29,0.0,12.9213915,-0.12724526,2023
3255,r2i1p1f1,2023,11,30,0.38381991082587774,13.422291,1.0497345,2023
3256,r2i1p1f1,2023,12,01,0.0,10.846881,3.6086833,2023
3257,r2i1p1f1,2023,12,02,6.501427441276064,9.78228,2.4806411,2023
3258,r2i1p1f1,2023,12,03,0.0,11.557166,0.35500205,2023
3259,r2i1p1f1,2023,12,04,0.0,11.882314,0.08262888,2023
3260,r2i1p1f1,2023,12,05,0.0,13.923786,2.9072895,2023
3261,r2i1p1f1,2023,12,06,0.0,16.618826,5.768773,2023
3262,r2i1p1f1,2023,12,07,0.0,18.490408,5.391913,2023
3263,r2i1p1f1,2023,12,08,0.0,16.618645,3.9806316,2023
3264,r2i1p1f1,2023,12,09,0.0,16.47651,5.2186556,2023
3265,r2i1p1f1,2023,12,10,0.0,15.507565,3.2449615,2023
3266,r2i1p1f1,2023,12,11,0.0,13.9867935,0.4192941,2023
3267,r2i1p1f1,2023,12,12,3.437226253697645,6.377795,-3.149476,2023
3268,r2i1p1f1,2023,12,13,22.879368481517304,8.406637,0.86391973,2023
3269,r2i1p1f1,2023,12,14,1.5215599010161895,7.6844025,0.70304966,2023
3270,r2i1p1f1,2023,12,15,2.3045101539651114,7.700898,2.7721176,2023
3271,r2i1p1f1,2023,12,16,11.175759088109771,8.009856,2.2120883,2023
3272,r2i1p1f1,2023,12,17,0.0,12.169788,-1.6793398,2023
3273,r2i1p1f1,2023,12,18,0.0,12.348361,0.27939022,2023
3274,r2i1p1f1,2023,12,19,18.814578270462334,10.332364,2.649127,2023
3275,r2i1p1f1,2023,12,20,27.434871506375202,10.522385,3.333868,2023
3276,r2i1p1f1,2023,12,21,22.507348148087658,6.5734158,1.077189,2023
3277,r2i1p1f1,2023,12,22,0.0,5.893977,-3.0120976,2023
3278,r2i1p1f1,2023,12,23,41.98801026577712,5.013142,-1.7163669,2023
3279,r2i1p1f1,2023,12,24,37.555423629964935,2.1720173,-2.1174035,2023
3280,r2i1p1f1,2023,12,25,8.616012481866164,2.181898,-2.4940865,2023
3281,r2i1p1f1,2023,12,26,0.0,3.5423393,-8.332169,2023
3282,r2i1p1f1,2023,12,27,0.0,3.537284,-9.473805,2023
3283,r2i1p1f1,2023,12,28,4.009570999886591,-0.25522768,-12.755727,2023
3284,r2i1p1f1,2023,12,29,19.21406605215452,-1.0292181,-6.1619167,2023
3285,r2i1p1f1,2023,12,30,25.860626083886018,2.2234278,-4.3850207,2023
3286,r2i1p1f1,2023,12,31,58.07920406368794,8.025843,-1.1490153,2023
3287,r2i1p1f1,2024,01,01,3.375697938463418,8.494741,3.6174138,2024
3288,r2i1p1f1,2024,01,02,0.0,9.882861,-1.5035806,2024
3289,r2i1p1f1,2024,01,03,0.0,10.164777,-1.6977216,2024
3290,r2i1p1f1,2024,01,04,0.0,11.795851,0.8695636,2024
3291,r2i1p1f1,2024,01,05,0.0,12.7441845,2.3207316,2024
3292,r2i1p1f1,2024,01,06,0.0,11.963268,2.5019217,2024
3293,r2i1p1f1,2024,01,07,0.01940158963407157,9.9665785,-0.9542987,2024
3294,r2i1p1f1,2024,01,08,0.0,10.186053,-1.3120971,2024
3295,r2i1p1f1,2024,01,09,0.0,10.83735,-1.0674077,2024
3296,r2i1p1f1,2024,01,10,0.0,13.132582,1.2341607,2024
3297,r2i1p1f1,2024,01,11,0.008475856066070264,12.533314,3.3563285,2024
3298,r2i1p1f1,2024,01,12,1.4685839976891657,12.387592,6.101145,2024
3299,r2i1p1f1,2024,01,13,0.0,13.596912,3.9938846,2024
3300,r2i1p1f1,2024,01,14,0.0,13.985728,4.6290092,2024
3301,r2i1p1f1,2024,01,15,0.052532121543436006,14.211211,6.3293214,2024
3302,r2i1p1f1,2024,01,16,0.0,14.374276,0.75240284,2024
3303,r2i1p1f1,2024,01,17,0.0,14.359953,4.0132375,2024
3304,r2i1p1f1,2024,01,18,1.2097381686345443,11.899394,5.8080063,2024
3305,r2i1p1f1,2024,01,19,0.0,13.410583,-0.2500294,2024
3306,r2i1p1f1,2024,01,20,0.0,12.397726,-2.0803165,2024
3307,r2i1p1f1,2024,01,21,0.0,9.72822,-1.7182536,2024
3308,r2i1p1f1,2024,01,22,4.644243767910439,8.320919,0.36287674,2024
3309,r2i1p1f1,2024,01,23,11.823077217832179,7.811847,3.813159,2024
3310,r2i1p1f1,2024,01,24,0.03912012257387687,11.645392,2.7500968,2024
3311,r2i1p1f1,2024,01,25,46.23952267575078,12.14211,6.3646855,2024
3312,r2i1p1f1,2024,01,26,7.433666099905167,12.739948,5.9517736,2024
3313,r2i1p1f1,2024,01,27,0.0,12.892309,0.4432937,2024
3314,r2i1p1f1,2024,01,28,0.0,11.776798,3.1935782,2024
3315,r2i1p1f1,2024,01,29,0.0,15.220261,7.675961,2024
3316,r2i1p1f1,2024,01,30,0.0,17.12881,5.010045,2024
3317,r2i1p1f1,2024,01,31,0.0,18.829582,4.4633975,2024
3318,r2i1p1f1,2024,02,01,0.0,18.785805,4.9838047,2024
3319,r2i1p1f1,2024,02,02,0.0,17.412655,5.50044,2024
3320,r2i1p1f1,2024,02,03,0.0,16.901268,4.6266437,2024
3321,r2i1p1f1,2024,02,04,0.0,15.18297,2.8512645,2024
3322,r2i1p1f1,2024,02,05,6.573723538951981,10.220554,2.7392964,2024
3323,r2i1p1f1,2024,02,06,0.10475610770299681,11.853025,3.0756721,2024
3324,r2i1p1f1,2024,02,07,16.36375170073734,13.003119,2.5481806,2024
3325,r2i1p1f1,2024,02,08,5.508749718956096,12.583141,5.393484,2024
3326,r2i1p1f1,2024,02,09,0.027386277361074463,13.673029,3.7829714,2024
3327,r2i1p1f1,2024,02,10,0.0,11.220151,-1.5219973,2024
3328,r2i1p1f1,2024,02,11,19.00422934031667,9.700846,-1.4046383,2024
3329,r2i1p1f1,2024,02,12,21.233244240465865,8.927425,0.9681709,2024
3330,r2i1p1f1,2024,02,13,11.423546281139352,7.396021,2.7751358,2024
3331,r2i1p1f1,2024,02,14,0.0,8.650503,-1.9591107,2024
3332,r2i1p1f1,2024,02,15,0.0,8.381596,-0.23621136,2024
3333,r2i1p1f1,2024,02,16,0.0,11.113956,-0.1567022,2024
3334,r2i1p1f1,2024,02,17,0.0,12.479649,-0.1925576,2024
3335,r2i1p1f1,2024,02,18,0.0,12.419098,0.29796138,2024
3336,r2i1p1f1,2024,02,19,0.0,13.159245,1.0290546,2024
3337,r2i1p1f1,2024,02,20,0.0,13.445286,1.492587,2024
3338,r2i1p1f1,2024,02,21,0.0,11.793308,1.2485042,2024
3339,r2i1p1f1,2024,02,22,0.0,15.408281,2.595084,2024
3340,r2i1p1f1,2024,02,23,0.0,17.894665,3.656712,2024
3341,r2i1p1f1,2024,02,24,0.0,18.073597,4.490199,2024
3342,r2i1p1f1,2024,02,25,0.26992812606749794,14.674035,4.933045,2024
3343,r2i1p1f1,2024,02,26,0.0,17.266415,3.604544,2024
3344,r2i1p1f1,2024,02,27,0.0,18.636387,5.6475973,2024
3345,r2i1p1f1,2024,02,28,0.0,17.290344,2.990737,2024
3346,r2i1p1f1,2024,02,29,0.0,16.238043,2.277502,2024
3347,r2i1p1f1,2024,03,01,0.3293949818953479,14.3451805,-1.3002118,2024
3348,r2i1p1f1,2024,03,02,12.147288212054264,6.1699443,1.8504244,2024
3349,r2i1p1f1,2024,03,03,25.48721107414167,7.3556724,1.5554986,2024
3350,r2i1p1f1,2024,03,04,23.821074372153817,9.157508,-6.24053,2024
3351,r2i1p1f1,2024,03,05,9.735799064037565,5.228919,-3.7821512,2024
3352,r2i1p1f1,2024,03,06,39.03516439895611,8.026769,-0.61587656,2024
3353,r2i1p1f1,2024,03,07,37.18702493715682,8.371002,1.6395833,2024
3354,r2i1p1f1,2024,03,08,4.027287228609566,9.605198,3.647939,2024
3355,r2i1p1f1,2024,03,09,0.012372452238196274,16.552006,1.9622614,2024
3356,r2i1p1f1,2024,03,10,0.0,17.943977,3.1090286,2024
3357,r2i1p1f1,2024,03,11,6.072788884819147,16.07281,3.4937618,2024
3358,r2i1p1f1,2024,03,12,0.20179110386493448,14.950709,0.54368246,2024
3359,r2i1p1f1,2024,03,13,0.05642035728214978,12.965464,2.2314048,2024
3360,r2i1p1f1,2024,03,14,0.14909696626546065,13.028164,0.89371026,2024
3361,r2i1p1f1,2024,03,15,0.0,14.76287,0.5873575,2024
3362,r2i1p1f1,2024,03,16,0.0,15.069238,2.665719,2024
3363,r2i1p1f1,2024,03,17,0.014668124242689373,14.30248,2.1536603,2024
3364,r2i1p1f1,2024,03,18,1.248467295044975,15.537931,4.829734,2024
3365,r2i1p1f1,2024,03,19,0.16498402833349246,15.6346,2.6070895,2024
3366,r2i1p1f1,2024,03,20,8.520492620857567,16.057304,10.372901,2024
3367,r2i1p1f1,2024,03,21,0.0018302935359315597,14.368615,0.83459276,2024
3368,r2i1p1f1,2024,03,22,0.0,14.602559,-1.0760655,2024
3369,r2i1p1f1,2024,03,23,18.555812174236053,11.459154,0.110859446,2024
3370,r2i1p1f1,2024,03,24,9.518837561824967,7.3265476,-2.5553644,2024
3371,r2i1p1f1,2024,03,25,0.0,11.6926155,-0.40491068,2024
3372,r2i1p1f1,2024,03,26,0.0,14.350244,-0.2868749,2024
3373,r2i1p1f1,2024,03,27,0.0,17.17174,2.309252,2024
3374,r2i1p1f1,2024,03,28,0.0,19.152376,5.154202,2024
3375,r2i1p1f1,2024,03,29,0.0,20.308756,5.865259,2024
3376,r2i1p1f1,2024,03,30,0.0,17.476267,3.9579952,2024
3377,r2i1p1f1,2024,03,31,0.0,14.935926,-0.5307958,2024
3378,r2i1p1f1,2024,04,01,0.0,18.03322,2.3715677,2024
3379,r2i1p1f1,2024,04,02,0.0,19.24432,3.8099322,2024
3380,r2i1p1f1,2024,04,03,0.0,20.769312,4.784586,2024
3381,r2i1p1f1,2024,04,04,0.0,18.16875,3.3935404,2024
3382,r2i1p1f1,2024,04,05,0.0,16.865429,1.0512902,2024
3383,r2i1p1f1,2024,04,06,0.8639197136062648,14.032683,-0.012770865,2024
3384,r2i1p1f1,2024,04,07,0.0,15.935752,0.9448295,2024
3385,r2i1p1f1,2024,04,08,0.0,18.157606,2.0938337,2024
3386,r2i1p1f1,2024,04,09,4.227683948977301,18.373268,0.6696904,2024
3387,r2i1p1f1,2024,04,10,16.466895886333077,12.536823,5.4014025,2024
3388,r2i1p1f1,2024,04,11,0.0,15.320652,3.6655753,2024
3389,r2i1p1f1,2024,04,12,0.0,16.721167,1.2997772,2024
3390,r2i1p1f1,2024,04,13,8.717350253209588,17.232374,2.9218817,2024
3391,r2i1p1f1,2024,04,14,35.53132961192205,11.037637,5.9132094,2024
3392,r2i1p1f1,2024,04,15,17.409120507636544,10.485962,3.5045798,2024
3393,r2i1p1f1,2024,04,16,2.750215373930587,12.522027,-0.5378857,2024
3394,r2i1p1f1,2024,04,17,11.89518725959715,12.41272,1.2155918,2024
3395,r2i1p1f1,2024,04,18,11.144852216261825,7.016823,-2.6928036,2024
3396,r2i1p1f1,2024,04,19,0.0,13.413615,-1.3159286,2024
3397,r2i1p1f1,2024,04,20,0.0,16.003191,-0.29454073,2024
3398,r2i1p1f1,2024,04,21,0.0,17.768011,1.753887,2024
3399,r2i1p1f1,2024,04,22,0.7313537828849803,18.228024,3.65104,2024
3400,r2i1p1f1,2024,04,23,0.0,17.277725,3.6317248,2024
3401,r2i1p1f1,2024,04,24,0.13042417649558047,15.657227,3.7416878,2024
3402,r2i1p1f1,2024,04,25,0.08027415808555816,13.89204,4.2432766,2024
3403,r2i1p1f1,2024,04,26,6.783529622958895,12.774046,2.5480418,2024
3404,r2i1p1f1,2024,04,27,0.0,14.192238,-0.8594881,2024
3405,r2i1p1f1,2024,04,28,0.0,15.645518,3.343574,2024
3406,r2i1p1f1,2024,04,29,0.0,17.797354,4.824008,2024
3407,r2i1p1f1,2024,04,30,0.0,21.182945,5.737336,2024
3408,r2i1p1f1,2024,05,01,0.0,24.1902,9.184599,2024
3409,r2i1p1f1,2024,05,02,0.0,24.294655,8.749325,2024
3410,r2i1p1f1,2024,05,03,0.0,18.617887,3.0385509,2024
3411,r2i1p1f1,2024,05,04,0.0,15.621831,0.0058255726,2024
3412,r2i1p1f1,2024,05,05,0.0,19.680868,3.3503675,2024
3413,r2i1p1f1,2024,05,06,0.0,24.195765,7.848077,2024
3414,r2i1p1f1,2024,05,07,0.0,28.304499,10.5238,2024
3415,r2i1p1f1,2024,05,08,0.0,28.95098,12.527683,2024
3416,r2i1p1f1,2024,05,09,0.0,29.602608,10.777815,2024
3417,r2i1p1f1,2024,05,10,0.0,28.26335,10.684487,2024
3418,r2i1p1f1,2024,05,11,0.0,24.672905,6.495459,2024
3419,r2i1p1f1,2024,05,12,0.0,22.220161,6.268101,2024
3420,r2i1p1f1,2024,05,13,0.0,27.136162,10.182234,2024
3421,r2i1p1f1,2024,05,14,0.0,29.361162,12.226548,2024
3422,r2i1p1f1,2024,05,15,0.0,30.178959,12.1768055,2024
3423,r2i1p1f1,2024,05,16,0.0,29.941624,10.46423,2024
3424,r2i1p1f1,2024,05,17,0.16083661687389395,24.279789,5.698218,2024
3425,r2i1p1f1,2024,05,18,0.2266761138344009,14.077269,0.95150334,2024
3426,r2i1p1f1,2024,05,19,0.0,15.893376,0.07084126,2024
3427,r2i1p1f1,2024,05,20,0.0,22.578281,5.0811195,2024
3428,r2i1p1f1,2024,05,21,0.0,28.27772,10.79754,2024
3429,r2i1p1f1,2024,05,22,0.0,30.524681,12.398796,2024
3430,r2i1p1f1,2024,05,23,0.7594446545468259,26.30114,6.287073,2024
3431,r2i1p1f1,2024,05,24,0.0,22.065178,9.01,2024
3432,r2i1p1f1,2024,05,25,0.0,22.93788,7.688152,2024
3433,r2i1p1f1,2024,05,26,0.0,22.602638,6.088665,2024
3434,r2i1p1f1,2024,05,27,0.0,24.550016,9.131393,2024
3435,r2i1p1f1,2024,05,28,0.0,27.191126,10.850681,2024
3436,r2i1p1f1,2024,05,29,0.0,30.947304,12.446006,2024
3437,r2i1p1f1,2024,05,30,0.0,32.2715,15.172109,2024
3438,r2i1p1f1,2024,05,31,0.07042573481612635,33.11207,15.040181,2024
3439,r2i1p1f1,2024,06,01,1.8940528044652183,30.127708,9.475168,2024
3440,r2i1p1f1,2024,06,02,25.430330020299152,25.057844,3.7620316,2024
3441,r2i1p1f1,2024,06,03,26.252124426537193,14.988334,10.133477,2024
3442,r2i1p1f1,2024,06,04,6.595301613583615,17.1885,8.43339,2024
3443,r2i1p1f1,2024,06,05,1.276993767271506,21.06549,7.255975,2024
3444,r2i1p1f1,2024,06,06,14.410001499754799,16.979788,4.411181,2024
3445,r2i1p1f1,2024,06,07,2.5448629768703768,17.393147,7.2289143,2024
3446,r2i1p1f1,2024,06,08,0.480298502507992,21.75173,10.370747,2024
3447,r2i1p1f1,2024,06,09,0.0,23.154676,8.281094,2024
3448,r2i1p1f1,2024,06,10,0.02884881743625556,24.218937,10.889018,2024
3449,r2i1p1f1,2024,06,11,0.003424587657718803,21.200426,5.973431,2024
3450,r2i1p1f1,2024,06,12,0.0,24.262089,7.525756,2024
3451,r2i1p1f1,2024,06,13,0.0,26.275124,9.327032,2024
3452,r2i1p1f1,2024,06,14,0.0,26.126478,7.9275494,2024
3453,r2i1p1f1,2024,06,15,0.0,24.67037,6.7558255,2024
3454,r2i1p1f1,2024,06,16,0.0,27.130419,8.077329,2024
3455,r2i1p1f1,2024,06,17,0.0,32.54337,14.542043,2024
3456,r2i1p1f1,2024,06,18,0.0,33.580273,12.83015,2024
3457,r2i1p1f1,2024,06,19,0.0,33.52343,14.931632,2024
3458,r2i1p1f1,2024,06,20,0.11585131314859609,32.942387,15.002516,2024
3459,r2i1p1f1,2024,06,21,1.8211104722695381,32.0722,14.915407,2024
3460,r2i1p1f1,2024,06,22,0.0,32.973537,15.042977,2024
3461,r2i1p1f1,2024,06,23,0.0,27.822065,9.8767185,2024
3462,r2i1p1f1,2024,06,24,0.0,28.020992,10.172836,2024
3463,r2i1p1f1,2024,06,25,0.0,28.11805,9.6074705,2024
3464,r2i1p1f1,2024,06,26,0.0,30.865837,12.703648,2024
3465,r2i1p1f1,2024,06,27,0.0,32.875584,15.595891,2024
3466,r2i1p1f1,2024,06,28,0.0,33.4262,17.091072,2024
3467,r2i1p1f1,2024,06,29,0.0,32.848457,14.62275,2024
3468,r2i1p1f1,2024,06,30,0.0,33.13986,13.570249,2024
3469,r2i1p1f1,2024,07,01,0.0,32.89605,13.822423,2024
3470,r2i1p1f1,2024,07,02,0.0,33.822247,12.868329,2024
3471,r2i1p1f1,2024,07,03,0.0,33.26909,12.368634,2024
3472,r2i1p1f1,2024,07,04,0.0,31.970171,11.917887,2024
3473,r2i1p1f1,2024,07,05,0.0,31.018328,11.934044,2024
3474,r2i1p1f1,2024,07,06,0.0,30.022379,11.9610405,2024
3475,r2i1p1f1,2024,07,07,0.0,28.77539,11.173864,2024
3476,r2i1p1f1,2024,07,08,0.0,28.127277,9.540634,2024
3477,r2i1p1f1,2024,07,09,0.0,30.417843,11.204183,2024
3478,r2i1p1f1,2024,07,10,0.0,31.185015,11.033762,2024
3479,r2i1p1f1,2024,07,11,0.0,28.381296,8.4266,2024
3480,r2i1p1f1,2024,07,12,0.0,28.542885,9.954241,2024
3481,r2i1p1f1,2024,07,13,0.0,31.8765,14.60347,2024
3482,r2i1p1f1,2024,07,14,0.0,33.981216,15.336848,2024
3483,r2i1p1f1,2024,07,15,0.0,33.9479,14.880607,2024
3484,r2i1p1f1,2024,07,16,0.0,33.23303,15.980351,2024
3485,r2i1p1f1,2024,07,17,0.0,32.95236,12.566914,2024
3486,r2i1p1f1,2024,07,18,0.0,30.721931,10.129981,2024
3487,r2i1p1f1,2024,07,19,0.0,28.10005,9.817059,2024
3488,r2i1p1f1,2024,07,20,0.0,29.547024,11.03532,2024
3489,r2i1p1f1,2024,07,21,0.0,30.164974,12.598882,2024
3490,r2i1p1f1,2024,07,22,0.0,32.83855,13.955378,2024
3491,r2i1p1f1,2024,07,23,0.0,33.912155,16.934181,2024
3492,r2i1p1f1,2024,07,24,0.0,34.175217,15.733943,2024
3493,r2i1p1f1,2024,07,25,0.0,34.00261,13.852428,2024
3494,r2i1p1f1,2024,07,26,0.0,34.726707,16.999779,2024
3495,r2i1p1f1,2024,07,27,0.0,35.467655,16.658356,2024
3496,r2i1p1f1,2024,07,28,0.0,36.348362,17.062195,2024
3497,r2i1p1f1,2024,07,29,0.6261058995505664,31.804392,12.278711,2024
3498,r2i1p1f1,2024,07,30,0.0,30.180834,13.344099,2024
3499,r2i1p1f1,2024,07,31,0.0,32.356617,12.641235,2024
3500,r2i1p1f1,2024,08,01,2.210925608159542,31.260563,11.655869,2024
3501,r2i1p1f1,2024,08,02,0.0023674821932218038,32.934288,16.956017,2024
3502,r2i1p1f1,2024,08,03,0.0,35.184296,18.222359,2024
3503,r2i1p1f1,2024,08,04,0.5804334477716111,35.172607,17.369865,2024
3504,r2i1p1f1,2024,08,05,0.034866012720158324,36.04254,17.358387,2024
3505,r2i1p1f1,2024,08,06,0.0,37.37807,19.832533,2024
3506,r2i1p1f1,2024,08,07,0.638435434711937,38.499878,20.47252,2024
3507,r2i1p1f1,2024,08,08,0.9211603365656629,38.45219,19.061783,2024
3508,r2i1p1f1,2024,08,09,0.29311454545677407,33.525673,13.186686,2024
3509,r2i1p1f1,2024,08,10,0.0,34.646343,16.892065,2024
3510,r2i1p1f1,2024,08,11,0.0,35.66946,17.556988,2024
3511,r2i1p1f1,2024,08,12,0.0,34.85692,16.115086,2024
3512,r2i1p1f1,2024,08,13,0.0,33.743557,12.835989,2024
3513,r2i1p1f1,2024,08,14,0.0,31.897583,13.186596,2024
3514,r2i1p1f1,2024,08,15,0.0,33.018597,14.42532,2024
3515,r2i1p1f1,2024,08,16,0.0,33.715935,16.034252,2024
3516,r2i1p1f1,2024,08,17,0.0,31.994486,11.897781,2024
3517,r2i1p1f1,2024,08,18,0.0,31.06291,12.981466,2024
3518,r2i1p1f1,2024,08,19,0.0,32.10827,13.964134,2024
3519,r2i1p1f1,2024,08,20,0.0,33.46089,14.300522,2024
3520,r2i1p1f1,2024,08,21,0.0,34.48918,14.431377,2024
3521,r2i1p1f1,2024,08,22,0.003987271202277043,35.079147,16.182549,2024
3522,r2i1p1f1,2024,08,23,0.0,33.430878,12.60466,2024
3523,r2i1p1f1,2024,08,24,0.0,33.069523,14.575352,2024
3524,r2i1p1f1,2024,08,25,0.0,33.795746,16.682045,2024
3525,r2i1p1f1,2024,08,26,0.0,33.756237,12.591183,2024
3526,r2i1p1f1,2024,08,27,0.0,31.900007,11.543999,2024
3527,r2i1p1f1,2024,08,28,0.0,29.797201,10.709099,2024
3528,r2i1p1f1,2024,08,29,0.0,30.921793,13.64308,2024
3529,r2i1p1f1,2024,08,30,0.0,32.32476,13.263278,2024
3530,r2i1p1f1,2024,08,31,0.0,33.09835,12.815837,2024
3531,r2i1p1f1,2024,09,01,0.0,32.186222,13.752026,2024
3532,r2i1p1f1,2024,09,02,0.0,29.888786,11.280898,2024
3533,r2i1p1f1,2024,09,03,0.0,28.205055,11.792985,2024
3534,r2i1p1f1,2024,09,04,0.0,31.947344,14.003335,2024
3535,r2i1p1f1,2024,09,05,0.0,32.403423,13.377648,2024
3536,r2i1p1f1,2024,09,06,0.0,32.002964,12.109366,2024
3537,r2i1p1f1,2024,09,07,0.0,29.878975,10.723669,2024
3538,r2i1p1f1,2024,09,08,0.0,28.368786,10.637533,2024
3539,r2i1p1f1,2024,09,09,0.0,29.938921,12.156041,2024
3540,r2i1p1f1,2024,09,10,0.0,31.780247,12.917538,2024
3541,r2i1p1f1,2024,09,11,0.0,31.597944,11.059263,2024
3542,r2i1p1f1,2024,09,12,0.0,29.459421,11.3032465,2024
3543,r2i1p1f1,2024,09,13,0.0,30.814182,12.8190975,2024
3544,r2i1p1f1,2024,09,14,0.0,31.711922,16.591835,2024
3545,r2i1p1f1,2024,09,15,0.0,31.552328,11.238768,2024
3546,r2i1p1f1,2024,09,16,0.0,30.115852,12.558853,2024
3547,r2i1p1f1,2024,09,17,0.0,25.228565,8.238682,2024
3548,r2i1p1f1,2024,09,18,0.0,24.012857,5.890307,2024
3549,r2i1p1f1,2024,09,19,0.0,25.062956,6.3446574,2024
3550,r2i1p1f1,2024,09,20,0.0,29.19019,8.721647,2024
3551,r2i1p1f1,2024,09,21,0.0,30.780548,10.38283,2024
3552,r2i1p1f1,2024,09,22,0.339005331215958,27.207937,13.108074,2024
3553,r2i1p1f1,2024,09,23,4.898032208097902,18.895458,6.964213,2024
3554,r2i1p1f1,2024,09,24,0.5991861058305403,19.207212,8.234187,2024
3555,r2i1p1f1,2024,09,25,0.0,22.977495,6.255991,2024
3556,r2i1p1f1,2024,09,26,0.0,23.717073,7.709574,2024
3557,r2i1p1f1,2024,09,27,0.0,23.011742,9.066027,2024
3558,r2i1p1f1,2024,09,28,0.0,25.4564,8.673194,2024
3559,r2i1p1f1,2024,09,29,0.0,28.342869,11.850857,2024
3560,r2i1p1f1,2024,09,30,0.08873681108525489,29.539028,13.367854,2024
3561,r2i1p1f1,2024,10,01,0.0,29.606567,13.234349,2024
3562,r2i1p1f1,2024,10,02,0.0,30.487383,13.754896,2024
3563,r2i1p1f1,2024,10,03,0.0,30.572123,14.88681,2024
3564,r2i1p1f1,2024,10,04,0.0,28.279541,10.393894,2024
3565,r2i1p1f1,2024,10,05,0.009274734111386351,23.367706,6.0346093,2024
3566,r2i1p1f1,2024,10,06,0.0,22.432999,8.332433,2024
3567,r2i1p1f1,2024,10,07,0.0,25.083187,9.614094,2024
3568,r2i1p1f1,2024,10,08,0.0,28.451607,12.935161,2024
3569,r2i1p1f1,2024,10,09,0.0,29.292145,13.731513,2024
3570,r2i1p1f1,2024,10,10,0.0,27.093178,13.0204115,2024
3571,r2i1p1f1,2024,10,11,1.7152767272250458,26.405735,10.727249,2024
3572,r2i1p1f1,2024,10,12,0.3078760203919728,26.274109,12.094854,2024
3573,r2i1p1f1,2024,10,13,0.02922202602348989,24.95302,12.123013,2024
3574,r2i1p1f1,2024,10,14,0.0,24.480427,11.448201,2024
3575,r2i1p1f1,2024,10,15,0.0,24.271833,9.744104,2024
3576,r2i1p1f1,2024,10,16,0.0,24.322397,9.437253,2024
3577,r2i1p1f1,2024,10,17,0.0,25.769566,10.284341,2024
3578,r2i1p1f1,2024,10,18,0.0,25.581347,10.9183,2024
3579,r2i1p1f1,2024,10,19,0.0,26.271593,11.870986,2024
3580,r2i1p1f1,2024,10,20,0.0,27.115948,10.956335,2024
3581,r2i1p1f1,2024,10,21,0.0,27.90402,12.412693,2024
3582,r2i1p1f1,2024,10,22,0.0,26.710009,11.081757,2024
3583,r2i1p1f1,2024,10,23,2.2911477850129813,22.602497,7.5118213,2024
3584,r2i1p1f1,2024,10,24,4.062646603378539,18.690088,7.4602594,2024
3585,r2i1p1f1,2024,10,25,0.002937781670198092,24.1249,12.62402,2024
3586,r2i1p1f1,2024,10,26,0.09073670275938639,23.405966,9.022335,2024
3587,r2i1p1f1,2024,10,27,0.0,22.977272,8.831961,2024
3588,r2i1p1f1,2024,10,28,0.0,23.166948,8.618657,2024
3589,r2i1p1f1,2024,10,29,16.66386226825125,18.745632,5.161459,2024
3590,r2i1p1f1,2024,10,30,8.67614436846793,13.007557,3.364467,2024
3591,r2i1p1f1,2024,10,31,0.0,12.661944,-0.52574813,2024
3592,r2i1p1f1,2024,11,01,0.0,17.716671,2.2809055,2024
3593,r2i1p1f1,2024,11,02,0.0,20.792686,6.952853,2024
3594,r2i1p1f1,2024,11,03,0.0,20.213747,5.7656593,2024
3595,r2i1p1f1,2024,11,04,0.0,20.605038,6.6100736,2024
3596,r2i1p1f1,2024,11,05,0.0,22.377794,7.1427426,2024
3597,r2i1p1f1,2024,11,06,0.0,21.886854,6.983667,2024
3598,r2i1p1f1,2024,11,07,0.0,22.141777,6.795536,2024
3599,r2i1p1f1,2024,11,08,0.0,20.099958,7.627825,2024
3600,r2i1p1f1,2024,11,09,0.0,19.468128,3.9897892,2024
3601,r2i1p1f1,2024,11,10,37.82052119859145,17.007221,3.1077323,2024
3602,r2i1p1f1,2024,11,11,46.117905903520295,8.664994,4.5760627,2024
3603,r2i1p1f1,2024,11,12,30.275963493113522,8.126574,0.4274311,2024
3604,r2i1p1f1,2024,11,13,4.174119223952744,4.9200377,-1.0995176,2024
3605,r2i1p1f1,2024,11,14,0.0,7.954794,-1.8687314,2024
3606,r2i1p1f1,2024,11,15,0.0,8.806925,-4.5083447,2024
3607,r2i1p1f1,2024,11,16,8.302269200817136,8.690174,-1.6061072,2024
3608,r2i1p1f1,2024,11,17,10.98236995175057,10.4173975,1.3255473,2024
3609,r2i1p1f1,2024,11,18,40.77337571143289,11.398983,-0.27661058,2024
3610,r2i1p1f1,2024,11,19,28.39464431167471,7.4067144,1.2234495,2024
3611,r2i1p1f1,2024,11,20,1.7514006658984727,7.356686,-0.47754186,2024
3612,r2i1p1f1,2024,11,21,4.18049575376358,9.258083,-0.7255588,2024
3613,r2i1p1f1,2024,11,22,9.890111230231469,7.940861,1.6193309,2024
3614,r2i1p1f1,2024,11,23,14.344231447694256,7.442893,1.2978588,2024
3615,r2i1p1f1,2024,11,24,3.5797290137452364,9.983897,1.7393875,2024
3616,r2i1p1f1,2024,11,25,14.965101584743934,10.3021345,3.0378323,2024
3617,r2i1p1f1,2024,11,26,7.229286342362684,12.821052,5.897235,2024
3618,r2i1p1f1,2024,11,27,3.7580010527790364,12.059526,1.5498962,2024
3619,r2i1p1f1,2024,11,28,0.8570793417980838,8.83676,0.94673985,2024
3620,r2i1p1f1,2024,11,29,5.405993807016785,8.187231,-2.4444234,2024
3621,r2i1p1f1,2024,11,30,32.22367683774792,6.898087,-0.56736743,2024
3622,r2i1p1f1,2024,12,01,9.878682345129164,8.945727,2.324432,2024
3623,r2i1p1f1,2024,12,02,3.7893203786552476,7.5749106,1.5821162,2024
3624,r2i1p1f1,2024,12,03,0.24008963391679572,10.8110695,3.233378,2024
3625,r2i1p1f1,2024,12,04,7.027387213838665,13.022768,6.574831,2024
3626,r2i1p1f1,2024,12,05,0.0,14.666554,6.947072,2024
3627,r2i1p1f1,2024,12,06,0.0,13.004986,6.016611,2024
3628,r2i1p1f1,2024,12,07,0.0,16.961086,4.254208,2024
3629,r2i1p1f1,2024,12,08,0.0,18.929821,5.328098,2024
3630,r2i1p1f1,2024,12,09,0.0,16.472256,5.469759,2024
3631,r2i1p1f1,2024,12,10,0.008838600085425696,15.25853,6.867917,2024
3632,r2i1p1f1,2024,12,11,46.1497676151339,14.572673,8.778656,2024
3633,r2i1p1f1,2024,12,12,1.1622476737784382,12.303295,4.597433,2024
3634,r2i1p1f1,2024,12,13,11.033569815231203,13.088131,7.4105945,2024
3635,r2i1p1f1,2024,12,14,0.0,13.960804,3.1690774,2024
3636,r2i1p1f1,2024,12,15,0.0,15.978112,3.8974218,2024
3637,r2i1p1f1,2024,12,16,0.0,17.528677,5.8011746,2024
3638,r2i1p1f1,2024,12,17,0.0,17.465477,7.1400623,2024
3639,r2i1p1f1,2024,12,18,0.0,13.575823,5.2157173,2024
3640,r2i1p1f1,2024,12,19,0.0,10.746396,-0.63584346,2024
3641,r2i1p1f1,2024,12,20,0.0,8.6557665,-1.0936548,2024
3642,r2i1p1f1,2024,12,21,0.0,11.225222,-0.3597774,2024
3643,r2i1p1f1,2024,12,22,0.0,12.2525215,0.3631514,2024
3644,r2i1p1f1,2024,12,23,0.0,13.176297,0.3912994,2024
3645,r2i1p1f1,2024,12,24,0.0,11.83968,-0.54067796,2024
3646,r2i1p1f1,2024,12,25,0.0,9.654885,-0.5098318,2024
3647,r2i1p1f1,2024,12,26,0.0,12.6443205,0.8418799,2024
3648,r2i1p1f1,2024,12,27,0.0,14.33408,2.241475,2024
3649,r2i1p1f1,2024,12,28,0.0,15.48859,3.7347434,2024
3650,r2i1p1f1,2024,12,29,0.0,15.689643,4.237683,2024
3651,r2i1p1f1,2024,12,30,0.0,15.782237,4.177257,2024
3652,r2i1p1f1,2024,12,31,0.0,16.548025,4.207183,2024
3653,r2i1p1f1,2025,01,01,0.0,15.475739,3.1725826,2025
3654,r2i1p1f1,2025,01,02,0.0,15.9998255,4.507857,2025
3655,r2i1p1f1,2025,01,03,0.0,16.238037,3.7224998,2025
3656,r2i1p1f1,2025,01,04,0.0,14.858444,1.055742,2025
3657,r2i1p1f1,2025,01,05,0.0,14.057901,1.8963648,2025
3658,r2i1p1f1,2025,01,06,0.0,14.713292,1.491675,2025
3659,r2i1p1f1,2025,01,07,0.0,15.353658,1.0142152,2025
3660,r2i1p1f1,2025,01,08,1.8086793551162827,8.84353,-2.316282,2025
3661,r2i1p1f1,2025,01,09,1.9263450114749503,4.0826173,0.9092046,2025
3662,r2i1p1f1,2025,01,10,0.0,4.793201,-9.313979,2025
3663,r2i1p1f1,2025,01,11,0.0,5.9772673,-6.429067,2025
3664,r2i1p1f1,2025,01,12,3.291266886668609,4.9042144,-0.19484408,2025
3665,r2i1p1f1,2025,01,13,54.151991049729986,10.687413,0.06652398,2025
3666,r2i1p1f1,2025,01,14,57.330398272461025,12.968794,7.370764,2025
3667,r2i1p1f1,2025,01,15,17.425054734485457,12.789597,6.2173405,2025
3668,r2i1p1f1,2025,01,16,57.29679054275039,12.29122,7.045896,2025
3669,r2i1p1f1,2025,01,17,13.72156410475327,13.2531,4.9995823,2025
3670,r2i1p1f1,2025,01,18,21.5665605806862,10.596469,-0.86184335,2025
3671,r2i1p1f1,2025,01,19,37.60230468396912,9.312693,3.8465102,2025
3672,r2i1p1f1,2025,01,20,22.233849780172932,14.073133,7.0274553,2025
3673,r2i1p1f1,2025,01,21,0.0,14.449258,4.3159204,2025
3674,r2i1p1f1,2025,01,22,0.0,14.894446,3.0885875,2025
3675,r2i1p1f1,2025,01,23,11.440300837921313,14.285607,6.206376,2025
3676,r2i1p1f1,2025,01,24,5.3297387961265486,12.598044,7.82572,2025
3677,r2i1p1f1,2025,01,25,0.2788604724628385,13.485215,6.0928736,2025
3678,r2i1p1f1,2025,01,26,0.35205928027153277,14.606648,6.383063,2025
3679,r2i1p1f1,2025,01,27,0.0,18.264301,5.486635,2025
3680,r2i1p1f1,2025,01,28,0.0,18.278717,6.2889285,2025
3681,r2i1p1f1,2025,01,29,13.976262543110352,15.475462,4.388938,2025
3682,r2i1p1f1,2025,01,30,0.0,10.621609,1.1751412,2025
3683,r2i1p1f1,2025,01,31,0.0,11.392334,-0.064971395,2025
3684,r2i1p1f1,2025,02,01,0.0,12.47663,0.3307643,2025
3685,r2i1p1f1,2025,02,02,0.8073024902273573,9.957407,0.026798777,2025
3686,r2i1p1f1,2025,02,03,11.953768355658667,9.761302,4.1955366,2025
3687,r2i1p1f1,2025,02,04,0.5731023173552785,10.579688,3.1565378,2025
3688,r2i1p1f1,2025,02,05,0.0,12.498694,-0.753674,2025
3689,r2i1p1f1,2025,02,06,0.2939409311750296,12.317553,0.11735879,2025
3690,r2i1p1f1,2025,02,07,2.178060577642782,8.673645,1.6564794,2025
3691,r2i1p1f1,2025,02,08,0.0,10.454304,0.23275423,2025
3692,r2i1p1f1,2025,02,09,0.0,10.88436,0.40837157,2025
3693,r2i1p1f1,2025,02,10,0.01704316955510876,10.441354,0.2855143,2025
3694,r2i1p1f1,2025,02,11,1.3344165525950302,12.592442,1.6285828,2025
3695,r2i1p1f1,2025,02,12,0.3617905372493624,12.913583,2.9295413,2025
3696,r2i1p1f1,2025,02,13,1.1041125417250441,9.788652,2.6685956,2025
3697,r2i1p1f1,2025,02,14,48.12802990491036,10.012621,1.6467214,2025
3698,r2i1p1f1,2025,02,15,33.387166669945145,11.572784,5.3646755,2025
3699,r2i1p1f1,2025,02,16,11.411629038906312,12.461376,1.671716,2025
3700,r2i1p1f1,2025,02,17,0.0,9.779103,-1.5046713,2025
3701,r2i1p1f1,2025,02,18,2.2232231246334777,10.661602,-0.7377382,2025
3702,r2i1p1f1,2025,02,19,13.21673752145216,12.608135,3.663743,2025
3703,r2i1p1f1,2025,02,20,51.22436107340036,12.833761,8.015791,2025
3704,r2i1p1f1,2025,02,21,16.01625277523908,12.375927,0.59194213,2025
3705,r2i1p1f1,2025,02,22,0.0,11.361471,-2.6339016,2025
3706,r2i1p1f1,2025,02,23,0.0,14.243959,0.9126676,2025
3707,r2i1p1f1,2025,02,24,0.0,15.315016,2.64047,2025
3708,r2i1p1f1,2025,02,25,0.07028786621958716,14.51772,1.5949372,2025
3709,r2i1p1f1,2025,02,26,26.606024449210963,12.831602,2.1106975,2025
3710,r2i1p1f1,2025,02,27,20.46780748828496,13.165397,5.3932786,2025
3711,r2i1p1f1,2025,02,28,0.0746858563729802,15.141652,0.5089072,2025
3712,r2i1p1f1,2025,03,01,2.20538101640102,9.407972,-0.5932157,2025
3713,r2i1p1f1,2025,03,02,29.029714317584876,9.921322,3.6255815,2025
3714,r2i1p1f1,2025,03,03,12.60923795234703,10.026789,0.38735533,2025
3715,r2i1p1f1,2025,03,04,34.58285093656741,10.019123,4.901653,2025
3716,r2i1p1f1,2025,03,05,39.28662315302063,12.616333,7.2845907,2025
3717,r2i1p1f1,2025,03,06,7.9995779428600144,12.192728,-1.4351662,2025
3718,r2i1p1f1,2025,03,07,0.7971025084316352,11.498527,1.3343444,2025
3719,r2i1p1f1,2025,03,08,0.0,13.89024,0.33582127,2025
3720,r2i1p1f1,2025,03,09,0.0,13.814541,0.06026067,2025
3721,r2i1p1f1,2025,03,10,0.0,15.605099,4.954584,2025
3722,r2i1p1f1,2025,03,11,0.0,17.881538,1.6191412,2025
3723,r2i1p1f1,2025,03,12,0.0,18.479977,2.6545155,2025
3724,r2i1p1f1,2025,03,13,0.0,18.247805,1.8916113,2025
3725,r2i1p1f1,2025,03,14,0.0,17.707766,1.6595635,2025
3726,r2i1p1f1,2025,03,15,0.05105812831516232,16.347134,6.266559,2025
3727,r2i1p1f1,2025,03,16,0.0,15.83713,4.9012628,2025
3728,r2i1p1f1,2025,03,17,0.0,16.440058,1.265043,2025
3729,r2i1p1f1,2025,03,18,0.0,16.364685,2.0095053,2025
3730,r2i1p1f1,2025,03,19,32.53610194842622,13.609907,5.6629486,2025
3731,r2i1p1f1,2025,03,20,4.01962132987137,10.83255,2.1914701,2025
3732,r2i1p1f1,2025,03,21,0.017720145478961058,14.404809,1.4866825,2025
3733,r2i1p1f1,2025,03,22,0.0,15.753713,2.407445,2025
3734,r2i1p1f1,2025,03,23,0.0,15.919353,4.5422344,2025
3735,r2i1p1f1,2025,03,24,0.0,16.324469,2.2585022,2025
3736,r2i1p1f1,2025,03,25,0.0,20.023684,4.7579536,2025
3737,r2i1p1f1,2025,03,26,0.0,22.068933,8.117495,2025
3738,r2i1p1f1,2025,03,27,15.030453061626758,15.440947,1.6145186,2025
3739,r2i1p1f1,2025,03,28,11.36243199338196,7.8253675,-1.3988738,2025
3740,r2i1p1f1,2025,03,29,12.645094635081477,7.431322,1.5999013,2025
3741,r2i1p1f1,2025,03,30,58.88181260379497,11.409711,3.7825682,2025
3742,r2i1p1f1,2025,03,31,37.61601934056671,15.2780285,4.378732,2025
3743,r2i1p1f1,2025,04,01,0.0,18.943588,3.9675548,2025
3744,r2i1p1f1,2025,04,02,0.0,18.616413,3.7402081,2025
3745,r2i1p1f1,2025,04,03,0.7293584595799985,18.203056,6.054848,2025
3746,r2i1p1f1,2025,04,04,0.18369693452768843,17.462168,3.4653003,2025
3747,r2i1p1f1,2025,04,05,9.708918506430564,17.771347,4.299199,2025
3748,r2i1p1f1,2025,04,06,4.30109695049623,9.04047,-3.24828,2025
3749,r2i1p1f1,2025,04,07,0.0,13.124666,-0.7593604,2025
3750,r2i1p1f1,2025,04,08,0.0,16.791513,1.2842124,2025
3751,r2i1p1f1,2025,04,09,0.0,18.273062,4.6356754,2025
3752,r2i1p1f1,2025,04,10,0.11442872532825277,11.500926,-1.8902441,2025
3753,r2i1p1f1,2025,04,11,0.0,11.4159,-4.25042,2025
3754,r2i1p1f1,2025,04,12,0.031374279933515936,11.748356,0.22376479,2025
3755,r2i1p1f1,2025,04,13,0.6462744640884921,11.3964815,-0.7097158,2025
3756,r2i1p1f1,2025,04,14,0.0,15.43401,0.77354115,2025
3757,r2i1p1f1,2025,04,15,0.3202916057773564,17.41169,0.56473833,2025
3758,r2i1p1f1,2025,04,16,0.005820493834107765,18.013994,2.9845665,2025
3759,r2i1p1f1,2025,04,17,4.83147131133137,14.664276,3.00308,2025
3760,r2i1p1f1,2025,04,18,11.735294630079807,8.345968,3.313163,2025
3761,r2i1p1f1,2025,04,19,1.4234986911674241,10.284012,1.4010295,2025
3762,r2i1p1f1,2025,04,20,0.0,15.014378,1.0780282,2025
3763,r2i1p1f1,2025,04,21,0.0,16.922802,0.93553245,2025
3764,r2i1p1f1,2025,04,22,0.0,17.343306,3.3888333,2025
3765,r2i1p1f1,2025,04,23,0.46526652595275664,17.926344,4.605879,2025
3766,r2i1p1f1,2025,04,24,0.013260260311653838,17.972872,3.4780014,2025
3767,r2i1p1f1,2025,04,25,0.036154655572318006,18.826954,6.977399,2025
3768,r2i1p1f1,2025,04,26,0.0,15.899791,1.9022102,2025
3769,r2i1p1f1,2025,04,27,0.0,20.261707,4.0845056,2025
3770,r2i1p1f1,2025,04,28,0.0,26.039913,9.017705,2025
3771,r2i1p1f1,2025,04,29,0.0,28.357243,10.213454,2025
3772,r2i1p1f1,2025,04,30,0.0,28.266914,10.090086,2025
3773,r2i1p1f1,2025,05,01,7.176858573075151,20.056263,4.3435345,2025
3774,r2i1p1f1,2025,05,02,4.67272649153756,8.984226,2.0602188,2025
3775,r2i1p1f1,2025,05,03,0.0,16.723188,0.49895376,2025
3776,r2i1p1f1,2025,05,04,0.0,21.405443,3.9873056,2025
3777,r2i1p1f1,2025,05,05,0.0,21.8368,4.9571404,2025
3778,r2i1p1f1,2025,05,06,12.233403646632723,21.43808,5.847154,2025
3779,r2i1p1f1,2025,05,07,1.599589070701768,13.250086,1.0815847,2025
3780,r2i1p1f1,2025,05,08,21.572560070853797,11.69531,3.620522,2025
3781,r2i1p1f1,2025,05,09,0.0,11.898659,2.4923227,2025
3782,r2i1p1f1,2025,05,10,0.5359118039365285,13.331495,4.2382317,2025
3783,r2i1p1f1,2025,05,11,14.65753180818865,13.870921,5.9838004,2025
3784,r2i1p1f1,2025,05,12,2.239430937436282,17.074575,6.6252418,2025
3785,r2i1p1f1,2025,05,13,0.0,19.375977,3.7378044,2025
3786,r2i1p1f1,2025,05,14,0.0,24.99505,5.926856,2025
3787,r2i1p1f1,2025,05,15,0.0,27.105045,9.977944,2025
3788,r2i1p1f1,2025,05,16,0.0,27.534054,10.751072,2025
3789,r2i1p1f1,2025,05,17,1.04738034640377,26.681553,8.588764,2025
3790,r2i1p1f1,2025,05,18,0.0,19.748623,6.454668,2025
3791,r2i1p1f1,2025,05,19,0.32428397104240503,23.067852,7.777871,2025
3792,r2i1p1f1,2025,05,20,0.3079738576033719,25.507952,11.619855,2025
3793,r2i1p1f1,2025,05,21,0.16122470533446176,24.143879,8.984128,2025
3794,r2i1p1f1,2025,05,22,0.0,23.727308,9.995425,2025
3795,r2i1p1f1,2025,05,23,0.0,26.4232,10.456014,2025
3796,r2i1p1f1,2025,05,24,0.0,30.19485,11.700486,2025
3797,r2i1p1f1,2025,05,25,0.025920433517967467,30.835777,14.633602,2025
3798,r2i1p1f1,2025,05,26,0.28931024643270575,24.843105,8.793888,2025
3799,r2i1p1f1,2025,05,27,0.0,29.483622,13.324252,2025
3800,r2i1p1f1,2025,05,28,0.21459300137394166,26.746801,8.6727705,2025
3801,r2i1p1f1,2025,05,29,0.3704571904449949,25.84915,9.414486,2025
3802,r2i1p1f1,2025,05,30,1.3206350683276469,24.538675,8.6125145,2025
3803,r2i1p1f1,2025,05,31,0.31832050498223907,26.05079,10.947693,2025
3804,r2i1p1f1,2025,06,01,3.8092554380995125,20.866264,6.3035645,2025
3805,r2i1p1f1,2025,06,02,7.664210264067606,21.009228,6.3202004,2025
3806,r2i1p1f1,2025,06,03,3.71793150634403,22.64438,7.8829412,2025
3807,r2i1p1f1,2025,06,04,5.724574428160167,23.19706,7.371763,2025
3808,r2i1p1f1,2025,06,05,2.014439924778344,24.801271,9.195768,2025
3809,r2i1p1f1,2025,06,06,0.5222936814902823,24.69947,8.1756315,2025
3810,r2i1p1f1,2025,06,07,9.827696976617517,19.511932,1.4708381,2025
3811,r2i1p1f1,2025,06,08,5.410352986189082,18.56928,8.650017,2025
3812,r2i1p1f1,2025,06,09,0.8433937021834481,19.295012,9.431274,2025
3813,r2i1p1f1,2025,06,10,0.0030071283617871813,22.467596,7.701234,2025
3814,r2i1p1f1,2025,06,11,0.0,22.13248,3.9324307,2025
3815,r2i1p1f1,2025,06,12,0.0,25.223576,7.518704,2025
3816,r2i1p1f1,2025,06,13,0.29309972569535603,26.807814,8.740206,2025
3817,r2i1p1f1,2025,06,14,0.0,27.441162,8.809103,2025
3818,r2i1p1f1,2025,06,15,8.38544739922611,17.705753,1.4169431,2025
3819,r2i1p1f1,2025,06,16,47.54009901248537,13.151716,4.713202,2025
3820,r2i1p1f1,2025,06,17,13.117859422084166,9.461742,4.708886,2025
3821,r2i1p1f1,2025,06,18,0.14970376154508358,18.373934,7.517834,2025
3822,r2i1p1f1,2025,06,19,0.0,20.01805,7.406274,2025
3823,r2i1p1f1,2025,06,20,0.0,20.325897,4.743173,2025
3824,r2i1p1f1,2025,06,21,0.0,20.637062,5.4106774,2025
3825,r2i1p1f1,2025,06,22,0.08873399256117409,19.971594,7.5059366,2025
3826,r2i1p1f1,2025,06,23,0.0,20.259768,5.0635967,2025
3827,r2i1p1f1,2025,06,24,0.0,23.00332,5.9153805,2025
3828,r2i1p1f1,2025,06,25,0.0,28.394424,9.907449,2025
3829,r2i1p1f1,2025,06,26,0.0,30.735146,12.620251,2025
3830,r2i1p1f1,2025,06,27,0.0,30.67687,10.77188,2025
3831,r2i1p1f1,2025,06,28,0.0,28.764845,10.525714,2025
3832,r2i1p1f1,2025,06,29,0.0,31.684519,13.51843,2025
3833,r2i1p1f1,2025,06,30,0.0,32.18283,14.901611,2025
3834,r2i1p1f1,2025,07,01,0.0,32.7323,13.920631,2025
3835,r2i1p1f1,2025,07,02,0.0,32.333237,13.739451,2025
3836,r2i1p1f1,2025,07,03,0.0,30.57071,12.3878765,2025
3837,r2i1p1f1,2025,07,04,0.0,32.161472,12.918435,2025
3838,r2i1p1f1,2025,07,05,0.0,32.268463,14.794939,2025
3839,r2i1p1f1,2025,07,06,0.0,32.494778,14.289463,2025
3840,r2i1p1f1,2025,07,07,0.0,32.678272,14.425213,2025
3841,r2i1p1f1,2025,07,08,0.0,33.176304,12.888202,2025
3842,r2i1p1f1,2025,07,09,0.0,32.902733,12.278352,2025
3843,r2i1p1f1,2025,07,10,0.0,35.745075,17.198715,2025
3844,r2i1p1f1,2025,07,11,0.0,35.97313,18.167402,2025
3845,r2i1p1f1,2025,07,12,0.0,35.68462,16.03106,2025
3846,r2i1p1f1,2025,07,13,0.0,36.628464,20.157814,2025
3847,r2i1p1f1,2025,07,14,0.0,37.25793,20.013142,2025
3848,r2i1p1f1,2025,07,15,0.0,38.541912,19.982977,2025
3849,r2i1p1f1,2025,07,16,0.0,39.532635,22.007982,2025
3850,r2i1p1f1,2025,07,17,0.0,39.473347,22.497032,2025
3851,r2i1p1f1,2025,07,18,0.0,40.32064,20.47168,2025
3852,r2i1p1f1,2025,07,19,0.0,38.604874,16.328243,2025
3853,r2i1p1f1,2025,07,20,0.0,35.273296,15.014928,2025
3854,r2i1p1f1,2025,07,21,0.0,33.514393,13.806595,2025
3855,r2i1p1f1,2025,07,22,0.0,33.345207,16.717266,2025
3856,r2i1p1f1,2025,07,23,0.0662578475328246,34.91564,17.698889,2025
3857,r2i1p1f1,2025,07,24,0.0,35.819363,15.889345,2025
3858,r2i1p1f1,2025,07,25,0.48438742005600943,34.14891,14.378549,2025
3859,r2i1p1f1,2025,07,26,0.0,32.414795,15.9994,2025
3860,r2i1p1f1,2025,07,27,0.0,32.313625,13.170074,2025
3861,r2i1p1f1,2025,07,28,0.0,31.714678,11.658535,2025
3862,r2i1p1f1,2025,07,29,0.0,31.763197,13.37856,2025
3863,r2i1p1f1,2025,07,30,0.0,34.39299,16.385597,2025
3864,r2i1p1f1,2025,07,31,0.0,35.65154,17.84794,2025
3865,r2i1p1f1,2025,08,01,3.7639004528045916,35.773174,16.407452,2025
3866,r2i1p1f1,2025,08,02,0.012436301381768544,34.62763,16.97648,2025
3867,r2i1p1f1,2025,08,03,0.0,35.837685,19.29295,2025
3868,r2i1p1f1,2025,08,04,0.006414070776372682,35.76046,15.603605,2025
3869,r2i1p1f1,2025,08,05,0.42041447886731476,35.087166,17.161152,2025
3870,r2i1p1f1,2025,08,06,0.7466864744856139,34.924477,16.37432,2025
3871,r2i1p1f1,2025,08,07,0.0,34.2717,14.518867,2025
3872,r2i1p1f1,2025,08,08,0.0,34.116795,13.410944,2025
3873,r2i1p1f1,2025,08,09,0.0,34.00519,14.267317,2025
3874,r2i1p1f1,2025,08,10,0.10131036849543307,31.048862,12.812031,2025
3875,r2i1p1f1,2025,08,11,0.0,30.067312,15.391832,2025
3876,r2i1p1f1,2025,08,12,0.0,31.76335,15.936774,2025
3877,r2i1p1f1,2025,08,13,0.0,32.31612,14.798492,2025
3878,r2i1p1f1,2025,08,14,0.0,30.73094,10.521989,2025
3879,r2i1p1f1,2025,08,15,0.0,29.36042,9.496395,2025
3880,r2i1p1f1,2025,08,16,0.0,28.977596,8.88052,2025
3881,r2i1p1f1,2025,08,17,0.0,30.161055,11.328277,2025
3882,r2i1p1f1,2025,08,18,0.0,30.834738,12.289014,2025
3883,r2i1p1f1,2025,08,19,0.0,31.017433,12.833511,2025
3884,r2i1p1f1,2025,08,20,0.0,32.826782,13.718577,2025
3885,r2i1p1f1,2025,08,21,0.013939332632162404,33.468697,15.58926,2025
3886,r2i1p1f1,2025,08,22,0.0,28.331993,11.447353,2025
3887,r2i1p1f1,2025,08,23,0.0,27.751398,9.2530985,2025
3888,r2i1p1f1,2025,08,24,0.0,28.521599,8.015349,2025
3889,r2i1p1f1,2025,08,25,0.0,27.583813,8.631684,2025
3890,r2i1p1f1,2025,08,26,0.0,29.398983,11.447332,2025
3891,r2i1p1f1,2025,08,27,0.0,31.76003,13.151676,2025
3892,r2i1p1f1,2025,08,28,0.0,33.641006,12.864949,2025
3893,r2i1p1f1,2025,08,29,0.0,31.512077,11.112344,2025
3894,r2i1p1f1,2025,08,30,0.0,29.234114,10.115407,2025
3895,r2i1p1f1,2025,08,31,0.0,26.570625,7.779757,2025
3896,r2i1p1f1,2025,09,01,0.0,25.093416,6.1200747,2025
3897,r2i1p1f1,2025,09,02,0.0,22.704573,5.902089,2025
3898,r2i1p1f1,2025,09,03,0.0,22.639296,5.8733435,2025
3899,r2i1p1f1,2025,09,04,0.0,22.602942,6.603091,2025
3900,r2i1p1f1,2025,09,05,0.0,24.617472,6.555517,2025
3901,r2i1p1f1,2025,09,06,0.0,27.369652,9.281748,2025
3902,r2i1p1f1,2025,09,07,0.0013917484807279834,32.25611,13.498422,2025
3903,r2i1p1f1,2025,09,08,0.0,33.377182,14.812542,2025
3904,r2i1p1f1,2025,09,09,0.0,34.16778,15.146918,2025
3905,r2i1p1f1,2025,09,10,0.0,24.878513,9.200079,2025
3906,r2i1p1f1,2025,09,11,0.0,26.328682,10.173437,2025
3907,r2i1p1f1,2025,09,12,0.0,26.797312,9.39835,2025
3908,r2i1p1f1,2025,09,13,0.0,25.23133,8.185986,2025
3909,r2i1p1f1,2025,09,14,0.0,26.24413,8.961399,2025
3910,r2i1p1f1,2025,09,15,0.0,28.353148,9.548699,2025
3911,r2i1p1f1,2025,09,16,0.0,31.62997,13.730377,2025
3912,r2i1p1f1,2025,09,17,0.001262629604070753,32.61549,17.623922,2025
3913,r2i1p1f1,2025,09,18,0.0,32.33701,15.241054,2025
3914,r2i1p1f1,2025,09,19,7.065617272756697,28.073956,9.568712,2025
3915,r2i1p1f1,2025,09,20,0.049142014455583194,24.17022,11.547136,2025
3916,r2i1p1f1,2025,09,21,0.0,29.071577,14.446954,2025
3917,r2i1p1f1,2025,09,22,0.0,29.7802,12.198797,2025
3918,r2i1p1f1,2025,09,23,0.0,28.00022,11.996082,2025
3919,r2i1p1f1,2025,09,24,0.01877815775515046,27.290651,12.278783,2025
3920,r2i1p1f1,2025,09,25,1.2849575422251291,26.398005,12.509711,2025
3921,r2i1p1f1,2025,09,26,1.2455537370954062,23.668312,9.818458,2025
3922,r2i1p1f1,2025,09,27,0.0555287177860464,24.303627,10.6354065,2025
3923,r2i1p1f1,2025,09,28,0.0,24.012009,9.38858,2025
3924,r2i1p1f1,2025,09,29,0.0,24.416187,8.924138,2025
3925,r2i1p1f1,2025,09,30,0.0,26.006289,9.393909,2025
3926,r2i1p1f1,2025,10,01,0.0,27.49801,9.266635,2025
3927,r2i1p1f1,2025,10,02,0.0,27.579735,10.102236,2025
3928,r2i1p1f1,2025,10,03,0.0,26.948967,9.364962,2025
3929,r2i1p1f1,2025,10,04,0.0,26.16262,10.239799,2025
3930,r2i1p1f1,2025,10,05,0.0,29.05107,13.952367,2025
3931,r2i1p1f1,2025,10,06,0.0,29.798428,13.258183,2025
3932,r2i1p1f1,2025,10,07,0.0,28.700518,11.721934,2025
3933,r2i1p1f1,2025,10,08,4.667749191276016,26.824057,11.9072075,2025
3934,r2i1p1f1,2025,10,09,4.676015355835261,20.142153,7.2610073,2025
3935,r2i1p1f1,2025,10,10,3.016595123966681,20.396477,9.350924,2025
3936,r2i1p1f1,2025,10,11,0.0,23.327341,10.608039,2025
3937,r2i1p1f1,2025,10,12,9.99653994831533,18.43364,6.8123913,2025
3938,r2i1p1f1,2025,10,13,34.29825289640576,15.256434,9.337739,2025
3939,r2i1p1f1,2025,10,14,19.823905179600843,16.926134,6.985877,2025
3940,r2i1p1f1,2025,10,15,0.0,24.265171,9.737675,2025
3941,r2i1p1f1,2025,10,16,0.0,25.5719,11.086209,2025
3942,r2i1p1f1,2025,10,17,0.0,25.309383,11.423801,2025
3943,r2i1p1f1,2025,10,18,0.0,24.561646,12.063701,2025
3944,r2i1p1f1,2025,10,19,0.0,24.63306,11.400903,2025
3945,r2i1p1f1,2025,10,20,0.0,25.089514,9.40211,2025
3946,r2i1p1f1,2025,10,21,0.0,25.768764,11.751594,2025
3947,r2i1p1f1,2025,10,22,0.0,24.99459,12.376783,2025
3948,r2i1p1f1,2025,10,23,0.0,23.361183,10.390483,2025
3949,r2i1p1f1,2025,10,24,0.0,23.846659,9.256666,2025
3950,r2i1p1f1,2025,10,25,0.0,25.241253,10.580525,2025
3951,r2i1p1f1,2025,10,26,0.013975854176351277,23.296448,8.374187,2025
3952,r2i1p1f1,2025,10,27,0.0,16.772623,3.9331317,2025
3953,r2i1p1f1,2025,10,28,0.0,18.792444,4.7842016,2025
3954,r2i1p1f1,2025,10,29,0.0,18.893093,4.674744,2025
3955,r2i1p1f1,2025,10,30,0.0,18.30306,5.5889697,2025
3956,r2i1p1f1,2025,10,31,0.0,20.223108,7.96521,2025
3957,r2i1p1f1,2025,11,01,0.0,22.490898,7.7979794,2025
3958,r2i1p1f1,2025,11,02,0.0,23.865576,7.783288,2025
3959,r2i1p1f1,2025,11,03,2.6736516334949556,19.142473,6.1771455,2025
3960,r2i1p1f1,2025,11,04,0.10267825607570558,19.74076,9.623058,2025
3961,r2i1p1f1,2025,11,05,0.0,19.124828,3.5873096,2025
3962,r2i1p1f1,2025,11,06,0.0,21.027842,5.281272,2025
3963,r2i1p1f1,2025,11,07,0.0,21.03518,5.078698,2025
3964,r2i1p1f1,2025,11,08,0.0,22.943111,8.415684,2025
3965,r2i1p1f1,2025,11,09,0.8800607591581411,21.097595,7.7257757,2025
3966,r2i1p1f1,2025,11,10,40.64315676223487,13.482465,8.656006,2025
3967,r2i1p1f1,2025,11,11,56.872407468472375,10.923443,4.689772,2025
3968,r2i1p1f1,2025,11,12,7.01112507841799,8.45923,-0.8580125,2025
3969,r2i1p1f1,2025,11,13,0.010156582902709488,7.428616,-4.21679,2025
3970,r2i1p1f1,2025,11,14,15.02759508557574,7.973441,-0.6225422,2025
3971,r2i1p1f1,2025,11,15,36.88724765124789,11.939783,3.9847956,2025
3972,r2i1p1f1,2025,11,16,0.0,13.459629,-0.45771754,2025
3973,r2i1p1f1,2025,11,17,0.0,15.480808,2.0075305,2025
3974,r2i1p1f1,2025,11,18,0.0,16.743023,5.321459,2025
3975,r2i1p1f1,2025,11,19,0.0,17.215633,5.3626423,2025
3976,r2i1p1f1,2025,11,20,0.0,13.193328,5.366782,2025
3977,r2i1p1f1,2025,11,21,0.0,14.4693365,1.4279706,2025
3978,r2i1p1f1,2025,11,22,0.0,13.193377,-0.20289797,2025
3979,r2i1p1f1,2025,11,23,0.03854421972846467,15.326699,3.438817,2025
3980,r2i1p1f1,2025,11,24,19.250201276008738,9.821281,5.217579,2025
3981,r2i1p1f1,2025,11,25,0.0,13.46982,-0.535124,2025
3982,r2i1p1f1,2025,11,26,0.0,15.247927,1.5267438,2025
3983,r2i1p1f1,2025,11,27,29.427372481040948,10.559314,3.6013956,2025
3984,r2i1p1f1,2025,11,28,32.96613172396974,9.753316,3.938001,2025
3985,r2i1p1f1,2025,11,29,7.344057796160541,10.157156,4.98681,2025
3986,r2i1p1f1,2025,11,30,0.0,16.298853,2.044663,2025
3987,r2i1p1f1,2025,12,01,0.0,15.969884,3.5094426,2025
3988,r2i1p1f1,2025,12,02,28.53062947615399,12.237137,1.4491259,2025
3989,r2i1p1f1,2025,12,03,11.982019734580263,10.20901,5.4634213,2025
3990,r2i1p1f1,2025,12,04,27.35666867938562,9.954916,4.688261,2025
3991,r2i1p1f1,2025,12,05,5.164261909703782,7.4730616,-0.7638265,2025
3992,r2i1p1f1,2025,12,06,0.0,10.47757,-1.7704846,2025
3993,r2i1p1f1,2025,12,07,0.0,12.677983,-0.52391976,2025
3994,r2i1p1f1,2025,12,08,38.07764535522438,11.713185,0.45040718,2025
3995,r2i1p1f1,2025,12,09,64.62102148798294,8.4987955,4.0329895,2025
3996,r2i1p1f1,2025,12,10,5.919336981168044,8.930383,-0.86272615,2025
3997,r2i1p1f1,2025,12,11,0.0,8.226505,-0.7787936,2025
3998,r2i1p1f1,2025,12,12,16.34365824938868,7.881983,1.38224,2025
3999,r2i1p1f1,2025,12,13,0.5154137235876988,8.4341345,1.15175,2025
4000,r2i1p1f1,2025,12,14,0.0,9.877392,-2.0940886,2025
4001,r2i1p1f1,2025,12,15,0.0,8.310413,-2.9523416,2025
4002,r2i1p1f1,2025,12,16,0.0,7.9888706,-2.0911515,2025
4003,r2i1p1f1,2025,12,17,0.0,9.93295,1.0705912,2025
4004,r2i1p1f1,2025,12,18,0.0,10.722795,0.2430261,2025
4005,r2i1p1f1,2025,12,19,1.1052010373248322,9.200737,-0.90207356,2025
4006,r2i1p1f1,2025,12,20,0.0,10.141761,0.29095915,2025
4007,r2i1p1f1,2025,12,21,0.008928399302021717,9.27177,2.4308078,2025
4008,r2i1p1f1,2025,12,22,0.4593270455870879,11.230244,0.36612913,2025
4009,r2i1p1f1,2025,12,23,22.18794593009079,9.397339,2.9549046,2025
4010,r2i1p1f1,2025,12,24,0.0,8.122454,-3.254075,2025
4011,r2i1p1f1,2025,12,25,14.47121299470382,6.2952175,-3.7849672,2025
4012,r2i1p1f1,2025,12,26,10.18985928285474,5.402843,0.21652842,2025
4013,r2i1p1f1,2025,12,27,11.174376385679352,7.0627165,-0.007531643,2025
4014,r2i1p1f1,2025,12,28,5.868237669574228,6.8535213,-1.1743047,2025
4015,r2i1p1f1,2025,12,29,0.0,5.171655,-4.144876,2025
4016,r2i1p1f1,2025,12,30,0.0,5.2996955,-6.2037654,2025
4017,r2i1p1f1,2025,12,31,0.0,8.508192,-1.5428045,2025
4018,r2i1p1f1,2026,01,01,0.0,9.317636,-1.9743222,2026
4019,r2i1p1f1,2026,01,02,0.0,9.287837,-3.6281912,2026
4020,r2i1p1f1,2026,01,03,0.0,7.6911798,-2.3807003,2026
4021,r2i1p1f1,2026,01,04,0.0,8.125217,-3.053173,2026
4022,r2i1p1f1,2026,01,05,1.3199326896710772,7.4856067,-1.7908883,2026
4023,r2i1p1f1,2026,01,06,10.513012494129725,5.789175,1.5659852,2026
4024,r2i1p1f1,2026,01,07,0.0,8.674493,-1.9692721,2026
4025,r2i1p1f1,2026,01,08,0.0,10.423656,-1.5538123,2026
4026,r2i1p1f1,2026,01,09,0.0,15.216932,2.2294898,2026
4027,r2i1p1f1,2026,01,10,0.0,15.984341,3.3005836,2026
4028,r2i1p1f1,2026,01,11,1.2382737889993223,14.734617,2.39826,2026
4029,r2i1p1f1,2026,01,12,16.18308058277762,10.208457,4.3272667,2026
4030,r2i1p1f1,2026,01,13,61.76905215543229,10.074025,2.3333473,2026
4031,r2i1p1f1,2026,01,14,37.160121498891385,7.534901,0.9258105,2026
4032,r2i1p1f1,2026,01,15,4.733331674344754,6.791444,1.3606931,2026
4033,r2i1p1f1,2026,01,16,0.0,8.683738,-2.3136876,2026
4034,r2i1p1f1,2026,01,17,0.0,8.793635,-2.210762,2026
4035,r2i1p1f1,2026,01,18,0.0,8.53856,-2.418451,2026
4036,r2i1p1f1,2026,01,19,0.0,9.629269,-3.265102,2026
4037,r2i1p1f1,2026,01,20,0.0,11.175833,-2.1240058,2026
4038,r2i1p1f1,2026,01,21,0.0,11.683745,0.3231007,2026
4039,r2i1p1f1,2026,01,22,0.0,15.177026,3.2539456,2026
4040,r2i1p1f1,2026,01,23,0.0,16.125347,4.7384725,2026
4041,r2i1p1f1,2026,01,24,1.2849946496430675,16.548553,6.246641,2026
4042,r2i1p1f1,2026,01,25,0.0,16.123806,3.3230984,2026
4043,r2i1p1f1,2026,01,26,0.0,14.929467,2.5456192,2026
4044,r2i1p1f1,2026,01,27,0.0,13.7394495,5.406086,2026
4045,r2i1p1f1,2026,01,28,0.0,15.080651,3.7298498,2026
4046,r2i1p1f1,2026,01,29,0.0,16.408932,3.6707916,2026
4047,r2i1p1f1,2026,01,30,0.0,17.538033,4.4119406,2026
4048,r2i1p1f1,2026,01,31,0.0,19.23568,6.648993,2026
4049,r2i1p1f1,2026,02,01,0.0,19.02107,7.3403845,2026
4050,r2i1p1f1,2026,02,02,0.0,17.800896,6.432708,2026
4051,r2i1p1f1,2026,02,03,0.0,19.129269,5.5078015,2026
4052,r2i1p1f1,2026,02,04,0.0,19.27685,4.943921,2026
4053,r2i1p1f1,2026,02,05,0.0,18.541853,3.7751226,2026
4054,r2i1p1f1,2026,02,06,0.0,16.461823,3.401774,2026
4055,r2i1p1f1,2026,02,07,0.0,15.945278,4.307163,2026
4056,r2i1p1f1,2026,02,08,0.0,17.147825,4.539429,2026
4057,r2i1p1f1,2026,02,09,0.0,18.235666,3.852544,2026
4058,r2i1p1f1,2026,02,10,0.0,18.772173,4.204585,2026
4059,r2i1p1f1,2026,02,11,3.1090641736767566,18.106237,5.3551416,2026
4060,r2i1p1f1,2026,02,12,24.39243002445437,11.478734,4.6871676,2026
4061,r2i1p1f1,2026,02,13,0.0,15.406728,4.284117,2026
4062,r2i1p1f1,2026,02,14,0.0,16.364204,2.2792358,2026
4063,r2i1p1f1,2026,02,15,0.49182163011209923,13.627699,3.1241472,2026
4064,r2i1p1f1,2026,02,16,0.007517229778386536,11.947799,1.088783,2026
4065,r2i1p1f1,2026,02,17,0.0,13.424343,-0.4357924,2026
4066,r2i1p1f1,2026,02,18,0.0,15.029918,0.4666201,2026
4067,r2i1p1f1,2026,02,19,1.4811346472242803,10.604202,1.871525,2026
4068,r2i1p1f1,2026,02,20,0.22698575216963945,13.37466,1.2174287,2026
4069,r2i1p1f1,2026,02,21,0.0,11.41414,0.91220117,2026
4070,r2i1p1f1,2026,02,22,31.97112092966563,12.253513,4.6981378,2026
4071,r2i1p1f1,2026,02,23,0.9856307013052401,10.822182,-2.40389,2026
4072,r2i1p1f1,2026,02,24,0.0,12.20974,-1.6829746,2026
4073,r2i1p1f1,2026,02,25,0.0,14.008493,1.0047677,2026
4074,r2i1p1f1,2026,02,26,0.9935642364865771,12.506648,1.4326981,2026
4075,r2i1p1f1,2026,02,27,4.376976514231501,14.420668,3.64211,2026
4076,r2i1p1f1,2026,02,28,0.0,13.552479,1.0766151,2026
4077,r2i1p1f1,2026,03,01,8.5699962273452,8.16703,0.5936526,2026
4078,r2i1p1f1,2026,03,02,3.113840144152391,4.9919696,0.3831633,2026
4079,r2i1p1f1,2026,03,03,0.0,11.860576,-1.1045711,2026
4080,r2i1p1f1,2026,03,04,0.0,13.478174,-1.4399529,2026
4081,r2i1p1f1,2026,03,05,0.0,16.101303,0.35054556,2026
4082,r2i1p1f1,2026,03,06,0.0,18.70278,3.019269,2026
4083,r2i1p1f1,2026,03,07,0.0,20.018637,5.0799813,2026
4084,r2i1p1f1,2026,03,08,0.0,21.938917,6.005762,2026
4085,r2i1p1f1,2026,03,09,0.0,23.188385,7.40202,2026
4086,r2i1p1f1,2026,03,10,0.0,23.722574,9.034687,2026
4087,r2i1p1f1,2026,03,11,0.0,24.281986,8.612656,2026
4088,r2i1p1f1,2026,03,12,0.0,22.578363,7.0987725,2026
4089,r2i1p1f1,2026,03,13,0.0,20.435143,4.570536,2026
4090,r2i1p1f1,2026,03,14,0.0037711589243372146,19.939238,3.801868,2026
4091,r2i1p1f1,2026,03,15,0.002231024291177164,12.919075,0.57515484,2026
4092,r2i1p1f1,2026,03,16,0.0,13.181454,-1.2952898,2026
4093,r2i1p1f1,2026,03,17,0.0,13.8633,-1.7736331,2026
4094,r2i1p1f1,2026,03,18,0.0,13.545697,-0.6364082,2026
4095,r2i1p1f1,2026,03,19,0.48633535348017176,12.656073,3.380873,2026
4096,r2i1p1f1,2026,03,20,0.038381654565000645,12.21407,-0.6516678,2026
4097,r2i1p1f1,2026,03,21,0.0,13.859861,-2.2186935,2026
4098,r2i1p1f1,2026,03,22,0.0,15.962677,-0.8633923,2026
4099,r2i1p1f1,2026,03,23,0.0,16.992802,3.4968455,2026
4100,r2i1p1f1,2026,03,24,0.0,17.08232,4.984667,2026
4101,r2i1p1f1,2026,03,25,0.0,16.92713,1.9361559,2026
4102,r2i1p1f1,2026,03,26,3.6227775055522216,14.255656,2.3335981,2026
4103,r2i1p1f1,2026,03,27,1.4300847112167503,15.595535,0.9908831,2026
4104,r2i1p1f1,2026,03,28,4.3829646189124105,18.232744,4.274608,2026
4105,r2i1p1f1,2026,03,29,0.0,19.678976,6.036013,2026
4106,r2i1p1f1,2026,03,30,0.0,19.632202,5.0535483,2026
4107,r2i1p1f1,2026,03,31,0.0,20.768314,4.091852,2026
4108,r2i1p1f1,2026,04,01,0.0,20.80844,6.31006,2026
4109,r2i1p1f1,2026,04,02,0.0,21.56373,6.9069376,2026
4110,r2i1p1f1,2026,04,03,0.0,22.29074,7.355874,2026
4111,r2i1p1f1,2026,04,04,0.0,22.179667,6.7025065,2026
4112,r2i1p1f1,2026,04,05,0.0,23.826878,6.0284967,2026
4113,r2i1p1f1,2026,04,06,0.7998172125667224,22.52487,6.485239,2026
4114,r2i1p1f1,2026,04,07,1.7682486379271722,17.51761,9.03249,2026
4115,r2i1p1f1,2026,04,08,2.908438039560224,15.893086,3.8503003,2026
4116,r2i1p1f1,2026,04,09,0.3132022161025816,14.17963,4.27103,2026
4117,r2i1p1f1,2026,04,10,25.01170024916064,13.034035,0.3407432,2026
4118,r2i1p1f1,2026,04,11,7.448943491340287,15.125469,4.2193747,2026
4119,r2i1p1f1,2026,04,12,0.18557258426881162,15.301102,4.5742884,2026
4120,r2i1p1f1,2026,04,13,6.044839144436764,10.946234,4.8808722,2026
4121,r2i1p1f1,2026,04,14,0.0015386116956506157,19.050867,1.5389028,2026
4122,r2i1p1f1,2026,04,15,0.0,21.571873,5.459412,2026
4123,r2i1p1f1,2026,04,16,0.0,22.778954,7.7974505,2026
4124,r2i1p1f1,2026,04,17,0.0,21.697763,6.1969023,2026
4125,r2i1p1f1,2026,04,18,0.0,17.558401,2.5535452,2026
4126,r2i1p1f1,2026,04,19,0.0,16.536009,2.1963923,2026
4127,r2i1p1f1,2026,04,20,0.005102416980662383,17.071249,2.4830675,2026
4128,r2i1p1f1,2026,04,21,6.4096648102292875,14.721929,6.7934976,2026
4129,r2i1p1f1,2026,04,22,0.5401723912200396,19.910418,4.8077717,2026
4130,r2i1p1f1,2026,04,23,0.0,21.190277,5.30785,2026
4131,r2i1p1f1,2026,04,24,3.11986273421212,21.42629,5.62617,2026
4132,r2i1p1f1,2026,04,25,18.28937774116639,13.135715,2.3487713,2026
4133,r2i1p1f1,2026,04,26,0.8913368411185729,11.84673,2.942424,2026
4134,r2i1p1f1,2026,04,27,7.027808012662717,8.9951105,3.1624556,2026
4135,r2i1p1f1,2026,04,28,20.741832825115125,9.177659,3.4368217,2026
4136,r2i1p1f1,2026,04,29,16.13963332711137,7.819762,1.0310313,2026
4137,r2i1p1f1,2026,04,30,0.3585014067027714,10.942473,1.4276358,2026
4138,r2i1p1f1,2026,05,01,0.0,15.786879,-0.081881255,2026
4139,r2i1p1f1,2026,05,02,0.0,18.83928,4.2832265,2026
4140,r2i1p1f1,2026,05,03,0.0,19.62603,4.1635494,2026
4141,r2i1p1f1,2026,05,04,0.0,19.81496,5.4971848,2026
4142,r2i1p1f1,2026,05,05,0.0,17.175386,4.019534,2026
4143,r2i1p1f1,2026,05,06,0.0,18.70033,2.7695086,2026
4144,r2i1p1f1,2026,05,07,0.0,18.123959,2.6146193,2026
4145,r2i1p1f1,2026,05,08,0.0,18.778946,3.0348835,2026
4146,r2i1p1f1,2026,05,09,0.0,18.990654,5.0693927,2026
4147,r2i1p1f1,2026,05,10,0.8022928340324142,16.970194,6.1765375,2026
4148,r2i1p1f1,2026,05,11,0.0,20.77889,4.839799,2026
4149,r2i1p1f1,2026,05,12,0.0,23.203278,9.455404,2026
4150,r2i1p1f1,2026,05,13,22.350714877386224,21.563955,7.5775332,2026
4151,r2i1p1f1,2026,05,14,1.4105544043218288,20.074543,8.016927,2026
4152,r2i1p1f1,2026,05,15,0.0,21.895237,7.6879444,2026
4153,r2i1p1f1,2026,05,16,0.0,23.176594,7.6434445,2026
4154,r2i1p1f1,2026,05,17,0.0,23.313515,6.668751,2026
4155,r2i1p1f1,2026,05,18,0.0,22.813377,7.0962515,2026
4156,r2i1p1f1,2026,05,19,0.0,24.1817,8.114429,2026
4157,r2i1p1f1,2026,05,20,0.0,28.620396,12.811733,2026
4158,r2i1p1f1,2026,05,21,0.0,31.24588,15.993993,2026
4159,r2i1p1f1,2026,05,22,0.0,31.709177,14.777764,2026
4160,r2i1p1f1,2026,05,23,0.0,31.348488,13.103884,2026
4161,r2i1p1f1,2026,05,24,1.8586857731861528,25.308313,8.92591,2026
4162,r2i1p1f1,2026,05,25,0.15367153241641063,26.28846,9.759294,2026
4163,r2i1p1f1,2026,05,26,2.0574072792442166,25.847054,9.11509,2026
4164,r2i1p1f1,2026,05,27,0.19837168329104315,25.446663,12.4427805,2026
4165,r2i1p1f1,2026,05,28,0.0008073169738054276,25.643936,12.001594,2026
4166,r2i1p1f1,2026,05,29,0.0,25.989399,9.484595,2026
4167,r2i1p1f1,2026,05,30,0.1849121789490482,20.436298,4.1250772,2026
4168,r2i1p1f1,2026,05,31,0.0,18.514618,3.6600206,2026
4169,r2i1p1f1,2026,06,01,0.0,22.235905,6.4908805,2026
4170,r2i1p1f1,2026,06,02,0.0,23.144863,6.8979034,2026
4171,r2i1p1f1,2026,06,03,0.0,25.617174,10.047375,2026
4172,r2i1p1f1,2026,06,04,0.0,26.972736,8.915506,2026
4173,r2i1p1f1,2026,06,05,0.0,25.395164,4.513271,2026
4174,r2i1p1f1,2026,06,06,0.0,18.996632,4.363393,2026
4175,r2i1p1f1,2026,06,07,0.0,22.974205,7.019619,2026
4176,r2i1p1f1,2026,06,08,0.0,25.287981,7.8481216,2026
4177,r2i1p1f1,2026,06,09,0.030511353179463185,25.94474,8.461102,2026
4178,r2i1p1f1,2026,06,10,0.039290023028115684,22.730022,8.078103,2026
4179,r2i1p1f1,2026,06,11,0.11347264335199725,21.328289,8.324383,2026
4180,r2i1p1f1,2026,06,12,0.003604098958476243,22.634888,9.167438,2026
4181,r2i1p1f1,2026,06,13,0.19944335169839178,23.724451,8.018026,2026
4182,r2i1p1f1,2026,06,14,0.28375366437103366,23.479567,9.325153,2026
4183,r2i1p1f1,2026,06,15,1.3370940324648473,19.468271,4.074403,2026
4184,r2i1p1f1,2026,06,16,0.003299573768344999,19.963835,7.5249577,2026
4185,r2i1p1f1,2026,06,17,0.0,23.450611,9.777185,2026
4186,r2i1p1f1,2026,06,18,0.08225197857427702,24.582039,9.76541,2026
4187,r2i1p1f1,2026,06,19,0.0024703708731976803,28.695261,12.686917,2026
4188,r2i1p1f1,2026,06,20,0.0,30.110891,15.536477,2026
4189,r2i1p1f1,2026,06,21,0.3172101089830903,29.72484,11.605272,2026
4190,r2i1p1f1,2026,06,22,0.9845666821775012,24.076765,8.455458,2026
4191,r2i1p1f1,2026,06,23,0.17031952797879057,24.840363,10.10761,2026
4192,r2i1p1f1,2026,06,24,0.0,25.395535,9.972253,2026
4193,r2i1p1f1,2026,06,25,0.0,26.738752,10.251283,2026
4194,r2i1p1f1,2026,06,26,0.0,29.83351,13.662585,2026
4195,r2i1p1f1,2026,06,27,0.0,32.300056,14.585709,2026
4196,r2i1p1f1,2026,06,28,0.0,32.263565,14.534936,2026
4197,r2i1p1f1,2026,06,29,0.0,33.227253,13.697807,2026
4198,r2i1p1f1,2026,06,30,0.0,33.22589,12.665983,2026
4199,r2i1p1f1,2026,07,01,0.0,32.926407,12.7491455,2026
4200,r2i1p1f1,2026,07,02,0.0,31.891947,13.613344,2026
4201,r2i1p1f1,2026,07,03,0.0,31.42357,12.64803,2026
4202,r2i1p1f1,2026,07,04,0.0,29.904846,11.000791,2026
4203,r2i1p1f1,2026,07,05,0.0,25.736814,7.9854527,2026
4204,r2i1p1f1,2026,07,06,0.0,30.836386,12.071526,2026
4205,r2i1p1f1,2026,07,07,0.0,31.408806,14.734175,2026
4206,r2i1p1f1,2026,07,08,0.04041685497213621,31.055216,13.103987,2026
4207,r2i1p1f1,2026,07,09,0.0,35.177486,18.01255,2026
4208,r2i1p1f1,2026,07,10,0.700717811020013,34.7358,16.376905,2026
4209,r2i1p1f1,2026,07,11,1.2969684272327697,21.551027,12.653818,2026
4210,r2i1p1f1,2026,07,12,0.0,31.245033,11.6202345,2026
4211,r2i1p1f1,2026,07,13,0.0,32.2743,15.440009,2026
4212,r2i1p1f1,2026,07,14,0.0,33.194115,18.324675,2026
4213,r2i1p1f1,2026,07,15,0.79865027211099,29.689545,12.535767,2026
4214,r2i1p1f1,2026,07,16,0.0,29.230629,12.602388,2026
4215,r2i1p1f1,2026,07,17,0.0,30.214485,11.930964,2026
4216,r2i1p1f1,2026,07,18,0.0,33.362156,14.508203,2026
4217,r2i1p1f1,2026,07,19,0.0,34.25654,16.40861,2026
4218,r2i1p1f1,2026,07,20,0.0,34.47321,15.5961,2026
4219,r2i1p1f1,2026,07,21,0.0,33.814804,14.450112,2026
4220,r2i1p1f1,2026,07,22,0.0,33.404804,16.541359,2026
4221,r2i1p1f1,2026,07,23,0.0,34.052288,17.90213,2026
4222,r2i1p1f1,2026,07,24,0.0,34.139507,16.146513,2026
4223,r2i1p1f1,2026,07,25,0.0,32.823837,14.889587,2026
4224,r2i1p1f1,2026,07,26,0.9806175997255195,30.23155,12.434834,2026
4225,r2i1p1f1,2026,07,27,0.00475116066809278,28.807247,12.070938,2026
4226,r2i1p1f1,2026,07,28,0.0,27.537191,12.566436,2026
4227,r2i1p1f1,2026,07,29,0.0,26.561213,10.073805,2026
4228,r2i1p1f1,2026,07,30,0.0,27.363274,9.769941,2026
4229,r2i1p1f1,2026,07,31,0.0,29.835253,9.992085,2026
4230,r2i1p1f1,2026,08,01,0.0,30.678764,12.176329,2026
4231,r2i1p1f1,2026,08,02,0.0,31.262491,14.301278,2026
4232,r2i1p1f1,2026,08,03,0.0,30.965355,12.149264,2026
4233,r2i1p1f1,2026,08,04,0.0,33.051804,13.8362465,2026
4234,r2i1p1f1,2026,08,05,0.0,33.842525,16.392252,2026
4235,r2i1p1f1,2026,08,06,0.0,33.878033,14.062554,2026
4236,r2i1p1f1,2026,08,07,0.0,34.08071,16.113714,2026
4237,r2i1p1f1,2026,08,08,0.0,33.99705,15.746455,2026
4238,r2i1p1f1,2026,08,09,0.0,33.43982,11.514642,2026
4239,r2i1p1f1,2026,08,10,0.0,31.466179,11.83258,2026
4240,r2i1p1f1,2026,08,11,0.0,31.477308,14.439606,2026
4241,r2i1p1f1,2026,08,12,0.08857838143399022,30.587563,12.147747,2026
4242,r2i1p1f1,2026,08,13,0.0,33.281746,13.659802,2026
4243,r2i1p1f1,2026,08,14,0.14334311981656356,31.436754,12.680377,2026
4244,r2i1p1f1,2026,08,15,0.041075661374634365,31.087416,11.629421,2026
4245,r2i1p1f1,2026,08,16,8.10919274989601,21.98035,6.98596,2026
4246,r2i1p1f1,2026,08,17,0.003764014559237694,24.286324,12.26891,2026
4247,r2i1p1f1,2026,08,18,0.0,27.327824,10.951161,2026
4248,r2i1p1f1,2026,08,19,0.0,30.220757,14.465831,2026
4249,r2i1p1f1,2026,08,20,0.0,31.065622,12.5236635,2026
4250,r2i1p1f1,2026,08,21,0.0,28.316946,12.187771,2026
4251,r2i1p1f1,2026,08,22,0.0,27.881493,10.553473,2026
4252,r2i1p1f1,2026,08,23,0.0,29.50735,11.300554,2026
4253,r2i1p1f1,2026,08,24,0.0,31.827494,12.748417,2026
4254,r2i1p1f1,2026,08,25,0.0,32.594437,14.114269,2026
4255,r2i1p1f1,2026,08,26,0.0,33.555832,12.821053,2026
4256,r2i1p1f1,2026,08,27,0.0,29.109432,9.538282,2026
4257,r2i1p1f1,2026,08,28,0.0,24.844458,5.6818333,2026
4258,r2i1p1f1,2026,08,29,0.0,24.789955,8.266656,2026
4259,r2i1p1f1,2026,08,30,0.0,25.83701,7.633889,2026
4260,r2i1p1f1,2026,08,31,0.0,26.297462,6.247015,2026
4261,r2i1p1f1,2026,09,01,0.0,24.825865,7.3008337,2026
4262,r2i1p1f1,2026,09,02,0.0,24.974037,6.696666,2026
4263,r2i1p1f1,2026,09,03,0.0,24.482231,6.6371965,2026
4264,r2i1p1f1,2026,09,04,0.0,21.292276,3.3203576,2026
4265,r2i1p1f1,2026,09,05,0.0,22.836803,4.512745,2026
4266,r2i1p1f1,2026,09,06,0.0,24.327507,7.1318293,2026
4267,r2i1p1f1,2026,09,07,0.0,25.511642,6.075739,2026
4268,r2i1p1f1,2026,09,08,0.0,25.518604,7.9320045,2026
4269,r2i1p1f1,2026,09,09,0.0,30.399065,12.284259,2026
4270,r2i1p1f1,2026,09,10,0.0,32.142605,16.048685,2026
4271,r2i1p1f1,2026,09,11,0.0,33.002384,12.228976,2026
4272,r2i1p1f1,2026,09,12,0.0,26.353281,8.036582,2026
4273,r2i1p1f1,2026,09,13,0.0,23.72287,7.355482,2026
4274,r2i1p1f1,2026,09,14,0.0,25.718672,8.366951,2026
4275,r2i1p1f1,2026,09,15,0.0,29.28279,12.171005,2026
4276,r2i1p1f1,2026,09,16,0.0,31.709394,14.214115,2026
4277,r2i1p1f1,2026,09,17,0.0,32.908382,16.545036,2026
4278,r2i1p1f1,2026,09,18,0.0,32.84746,16.038248,2026
4279,r2i1p1f1,2026,09,19,0.0,33.127464,16.032501,2026
4280,r2i1p1f1,2026,09,20,0.0,32.586014,14.265599,2026
4281,r2i1p1f1,2026,09,21,0.0,30.899296,12.748473,2026
4282,r2i1p1f1,2026,09,22,0.0,31.252878,12.279235,2026
4283,r2i1p1f1,2026,09,23,0.0,32.748512,14.850963,2026
4284,r2i1p1f1,2026,09,24,0.0,35.68068,17.842617,2026
4285,r2i1p1f1,2026,09,25,0.0,36.075188,18.057884,2026
4286,r2i1p1f1,2026,09,26,0.0,35.530132,18.26758,2026
4287,r2i1p1f1,2026,09,27,0.0,35.366817,18.384943,2026
4288,r2i1p1f1,2026,09,28,0.0,30.853567,13.365728,2026
4289,r2i1p1f1,2026,09,29,0.0,25.529678,10.319146,2026
4290,r2i1p1f1,2026,09,30,0.0,26.914507,9.844462,2026
4291,r2i1p1f1,2026,10,01,0.0,29.52571,12.419514,2026
4292,r2i1p1f1,2026,10,02,0.0,29.888523,14.086853,2026
4293,r2i1p1f1,2026,10,03,0.0,31.980368,16.555624,2026
4294,r2i1p1f1,2026,10,04,0.0,32.623928,15.163169,2026
4295,r2i1p1f1,2026,10,05,0.0,33.0843,14.406498,2026
4296,r2i1p1f1,2026,10,06,0.0,34.347404,16.319735,2026
4297,r2i1p1f1,2026,10,07,0.0,34.810104,18.618517,2026
4298,r2i1p1f1,2026,10,08,0.0,33.341434,16.812105,2026
4299,r2i1p1f1,2026,10,09,0.0,33.611355,15.605491,2026
4300,r2i1p1f1,2026,10,10,0.0,32.37315,14.630081,2026
4301,r2i1p1f1,2026,10,11,0.0,30.621857,13.066228,2026
4302,r2i1p1f1,2026,10,12,0.0,26.167326,10.917838,2026
4303,r2i1p1f1,2026,10,13,0.0,26.15738,11.971436,2026
4304,r2i1p1f1,2026,10,14,0.0,26.74857,10.992216,2026
4305,r2i1p1f1,2026,10,15,0.0,27.418797,11.894237,2026
4306,r2i1p1f1,2026,10,16,0.0,28.025045,14.493153,2026
4307,r2i1p1f1,2026,10,17,0.0,28.834438,12.473955,2026
4308,r2i1p1f1,2026,10,18,0.0,28.823677,12.236232,2026
4309,r2i1p1f1,2026,10,19,0.0,26.657955,10.441276,2026
4310,r2i1p1f1,2026,10,20,0.0,27.130875,12.050693,2026
4311,r2i1p1f1,2026,10,21,0.0,27.606041,12.511121,2026
4312,r2i1p1f1,2026,10,22,0.0,28.707197,13.2476635,2026
4313,r2i1p1f1,2026,10,23,0.0,29.754099,13.480325,2026
4314,r2i1p1f1,2026,10,24,0.0,31.444832,13.924101,2026
4315,r2i1p1f1,2026,10,25,0.0,31.777914,14.27512,2026
4316,r2i1p1f1,2026,10,26,0.0,31.771498,15.264413,2026
4317,r2i1p1f1,2026,10,27,0.0,30.313961,12.735394,2026
4318,r2i1p1f1,2026,10,28,0.0,26.007822,11.164899,2026
4319,r2i1p1f1,2026,10,29,0.0,22.116587,7.530504,2026
4320,r2i1p1f1,2026,10,30,0.0,22.079754,8.896177,2026
4321,r2i1p1f1,2026,10,31,0.0,22.710896,8.10973,2026
4322,r2i1p1f1,2026,11,01,0.0,24.322126,9.471221,2026
4323,r2i1p1f1,2026,11,02,0.0,24.74533,11.12983,2026
4324,r2i1p1f1,2026,11,03,0.0,26.663092,11.828964,2026
4325,r2i1p1f1,2026,11,04,0.0,26.371761,11.371451,2026
4326,r2i1p1f1,2026,11,05,0.0,28.378292,12.487511,2026
4327,r2i1p1f1,2026,11,06,0.6540070974040191,25.688446,10.106924,2026
4328,r2i1p1f1,2026,11,07,10.073764255503193,16.200523,8.529978,2026
4329,r2i1p1f1,2026,11,08,7.28260276596302,14.01041,5.5852537,2026
4330,r2i1p1f1,2026,11,09,10.924071068802732,13.122061,5.370283,2026
4331,r2i1p1f1,2026,11,10,0.004394478628455545,14.115032,4.3586187,2026
4332,r2i1p1f1,2026,11,11,0.0,19.152977,5.316244,2026
4333,r2i1p1f1,2026,11,12,0.0,20.741148,6.62232,2026
4334,r2i1p1f1,2026,11,13,0.0,20.886055,7.202072,2026
4335,r2i1p1f1,2026,11,14,0.0,20.805643,9.041304,2026
4336,r2i1p1f1,2026,11,15,0.0,20.375557,7.2839236,2026
4337,r2i1p1f1,2026,11,16,0.0,24.561134,11.2606535,2026
4338,r2i1p1f1,2026,11,17,0.0,25.216078,9.47858,2026
4339,r2i1p1f1,2026,11,18,0.0,23.265413,7.763633,2026
4340,r2i1p1f1,2026,11,19,0.0,19.755205,10.4021845,2026
4341,r2i1p1f1,2026,11,20,0.0,23.337118,9.651309,2026
4342,r2i1p1f1,2026,11,21,0.0,25.240284,9.367596,2026
4343,r2i1p1f1,2026,11,22,0.30059385607614786,24.332811,5.5117908,2026
4344,r2i1p1f1,2026,11,23,13.888990591840411,14.833986,4.4155755,2026
4345,r2i1p1f1,2026,11,24,0.0,13.580087,1.3782735,2026
4346,r2i1p1f1,2026,11,25,11.799581635204959,12.793606,1.8329926,2026
4347,r2i1p1f1,2026,11,26,26.039329488958174,9.070825,4.3360496,2026
4348,r2i1p1f1,2026,11,27,0.0037408742855404853,9.131621,-0.48759025,2026
4349,r2i1p1f1,2026,11,28,42.284117329108994,6.7393055,2.3177297,2026
4350,r2i1p1f1,2026,11,29,0.0,10.850004,-2.902866,2026
4351,r2i1p1f1,2026,11,30,0.0,13.366927,0.17860937,2026
4352,r2i1p1f1,2026,12,01,0.0,15.537748,3.0644407,2026
4353,r2i1p1f1,2026,12,02,0.0,16.792501,5.1226335,2026
4354,r2i1p1f1,2026,12,03,0.0,18.769073,6.6392717,2026
4355,r2i1p1f1,2026,12,04,0.0,18.281683,7.0864844,2026
4356,r2i1p1f1,2026,12,05,0.0,15.909785,4.581671,2026
4357,r2i1p1f1,2026,12,06,0.0,15.805108,3.3188465,2026
4358,r2i1p1f1,2026,12,07,0.0,12.561993,-0.48016563,2026
4359,r2i1p1f1,2026,12,08,0.0,12.628785,0.7233742,2026
4360,r2i1p1f1,2026,12,09,0.0,15.420312,3.7721045,2026
4361,r2i1p1f1,2026,12,10,0.0,16.331139,4.1148076,2026
4362,r2i1p1f1,2026,12,11,0.0,19.105473,6.238966,2026
4363,r2i1p1f1,2026,12,12,0.0,19.965652,7.909239,2026
4364,r2i1p1f1,2026,12,13,0.0,18.423906,8.513871,2026
4365,r2i1p1f1,2026,12,14,0.0,17.936289,5.2627387,2026
4366,r2i1p1f1,2026,12,15,0.0,18.763523,3.4724736,2026
4367,r2i1p1f1,2026,12,16,0.0,20.152939,6.40286,2026
4368,r2i1p1f1,2026,12,17,0.0,19.500679,6.310858,2026
4369,r2i1p1f1,2026,12,18,0.0,19.328579,8.133128,2026
4370,r2i1p1f1,2026,12,19,0.0,18.87062,4.3510876,2026
4371,r2i1p1f1,2026,12,20,0.0,15.631756,1.0544709,2026
4372,r2i1p1f1,2026,12,21,0.0,13.609814,0.7742764,2026
4373,r2i1p1f1,2026,12,22,0.0,17.374876,4.7887278,2026
4374,r2i1p1f1,2026,12,23,0.0,19.231083,7.078354,2026
4375,r2i1p1f1,2026,12,24,0.0,20.43097,2.6936085,2026
4376,r2i1p1f1,2026,12,25,0.0,5.7935123,-7.008049,2026
4377,r2i1p1f1,2026,12,26,0.0,5.2885194,-6.7651577,2026
4378,r2i1p1f1,2026,12,27,0.0,5.938705,-5.817,2026
4379,r2i1p1f1,2026,12,28,0.0,6.7364583,-3.5180116,2026
4380,r2i1p1f1,2026,12,29,0.0,9.188021,-5.490223,2026
4381,r2i1p1f1,2026,12,30,1.969205593046297,9.132637,-0.6972198,2026
4382,r2i1p1f1,2026,12,31,56.65041119791567,5.630728,-2.0425754,2026
4383,r2i1p1f1,2027,01,01,0.11063091156984228,3.2772326,-11.394492,2027
4384,r2i1p1f1,2027,01,02,17.612611738150008,1.5746789,-2.6517394,2027
4385,r2i1p1f1,2027,01,03,0.0,4.6033406,-3.6859257,2027
4386,r2i1p1f1,2027,01,04,0.0,7.2669272,-2.9722624,2027
4387,r2i1p1f1,2027,01,05,0.0,8.806164,-2.6685672,2027
4388,r2i1p1f1,2027,01,06,0.0,10.5246315,-3.429645,2027
4389,r2i1p1f1,2027,01,07,19.801214802646427,9.300411,2.5277147,2027
4390,r2i1p1f1,2027,01,08,1.7096757953254382,9.998718,0.58003974,2027
4391,r2i1p1f1,2027,01,09,0.0,12.495189,-2.0371394,2027
4392,r2i1p1f1,2027,01,10,0.0,11.473058,1.0952904,2027
4393,r2i1p1f1,2027,01,11,0.0,11.788904,1.6654015,2027
4394,r2i1p1f1,2027,01,12,0.0,14.125431,2.52931,2027
4395,r2i1p1f1,2027,01,13,0.0,17.212072,2.825315,2027
4396,r2i1p1f1,2027,01,14,0.0,17.539547,3.321203,2027
4397,r2i1p1f1,2027,01,15,0.0,17.417717,4.5705757,2027
4398,r2i1p1f1,2027,01,16,0.0,14.368013,3.3694136,2027
4399,r2i1p1f1,2027,01,17,0.06884593631184543,12.797219,1.5381143,2027
4400,r2i1p1f1,2027,01,18,0.0,16.292988,3.5546548,2027
4401,r2i1p1f1,2027,01,19,0.0,15.215215,1.9652464,2027
4402,r2i1p1f1,2027,01,20,0.0,13.877234,1.9455668,2027
4403,r2i1p1f1,2027,01,21,0.0,15.606605,4.488966,2027
4404,r2i1p1f1,2027,01,22,0.0,16.973839,3.0081985,2027
4405,r2i1p1f1,2027,01,23,0.0,17.541088,4.413202,2027
4406,r2i1p1f1,2027,01,24,0.0,17.649609,3.4158776,2027
4407,r2i1p1f1,2027,01,25,0.0,17.657284,3.7311163,2027
4408,r2i1p1f1,2027,01,26,0.0,17.930393,5.5679083,2027
4409,r2i1p1f1,2027,01,27,0.0,18.043327,5.1013184,2027
4410,r2i1p1f1,2027,01,28,0.0,17.096869,4.154057,2027
4411,r2i1p1f1,2027,01,29,0.0,18.428123,4.093195,2027
4412,r2i1p1f1,2027,01,30,0.0,17.938908,3.3070314,2027
4413,r2i1p1f1,2027,01,31,0.0,15.452747,3.734998,2027
4414,r2i1p1f1,2027,02,01,0.0,15.933582,2.9186375,2027
4415,r2i1p1f1,2027,02,02,0.0,16.566463,3.6173232,2027
4416,r2i1p1f1,2027,02,03,0.0,17.606619,5.343756,2027
4417,r2i1p1f1,2027,02,04,0.0,19.232965,5.8646126,2027
4418,r2i1p1f1,2027,02,05,0.0,20.228874,6.265351,2027
4419,r2i1p1f1,2027,02,06,0.0,21.31644,7.7260404,2027
4420,r2i1p1f1,2027,02,07,0.0,21.16054,7.9396076,2027
4421,r2i1p1f1,2027,02,08,0.0,20.795828,7.1809635,2027
4422,r2i1p1f1,2027,02,09,0.0,20.669146,7.6369967,2027
4423,r2i1p1f1,2027,02,10,0.0,20.611343,7.710593,2027
4424,r2i1p1f1,2027,02,11,0.0,20.163824,6.093714,2027
4425,r2i1p1f1,2027,02,12,0.0,13.46886,-2.4119234,2027
4426,r2i1p1f1,2027,02,13,0.0,5.7805157,-6.746378,2027
4427,r2i1p1f1,2027,02,14,0.0,7.974015,-5.436956,2027
4428,r2i1p1f1,2027,02,15,0.0,10.073261,-2.7697704,2027
4429,r2i1p1f1,2027,02,16,0.0,14.854621,1.7724786,2027
4430,r2i1p1f1,2027,02,17,0.0,19.330076,4.914551,2027
4431,r2i1p1f1,2027,02,18,0.0,19.587057,4.513152,2027
4432,r2i1p1f1,2027,02,19,0.0,16.361856,3.6724806,2027
4433,r2i1p1f1,2027,02,20,6.433352830026706,15.764996,5.225962,2027
4434,r2i1p1f1,2027,02,21,0.08395281693083234,11.021389,3.7116024,2027
4435,r2i1p1f1,2027,02,22,0.0,11.528091,-1.1797248,2027
4436,r2i1p1f1,2027,02,23,0.0,13.775837,-0.103491575,2027
4437,r2i1p1f1,2027,02,24,0.0,15.046112,2.2231112,2027
4438,r2i1p1f1,2027,02,25,44.8421027551376,11.407781,1.826015,2027
4439,r2i1p1f1,2027,02,26,0.356724528921859,6.583362,-5.151678,2027
4440,r2i1p1f1,2027,02,27,14.16451937675447,6.258312,-2.7396626,2027
4441,r2i1p1f1,2027,02,28,34.13881531159859,6.1206055,-1.9500844,2027
4442,r2i1p1f1,2027,03,01,8.09083229152634,7.474012,-6.9560413,2027
4443,r2i1p1f1,2027,03,02,3.45598935155067,7.3005924,-2.3598735,2027
4444,r2i1p1f1,2027,03,03,30.670867279695813,7.444338,0.06965908,2027
4445,r2i1p1f1,2027,03,04,5.668891135269405,9.329891,0.7191783,2027
4446,r2i1p1f1,2027,03,05,0.0,11.459626,-0.19776927,2027
4447,r2i1p1f1,2027,03,06,0.0,13.793041,-3.1370578,2027
4448,r2i1p1f1,2027,03,07,0.012927297461828857,12.659532,-0.6406162,2027
4449,r2i1p1f1,2027,03,08,16.28155279540806,10.022809,4.9392724,2027
4450,r2i1p1f1,2027,03,09,14.300652156930482,9.620025,5.0137196,2027
4451,r2i1p1f1,2027,03,10,0.2667817129704986,14.10883,2.243272,2027
4452,r2i1p1f1,2027,03,11,0.0,13.737941,-2.7717812,2027
4453,r2i1p1f1,2027,03,12,0.0,15.317196,-0.2729392,2027
4454,r2i1p1f1,2027,03,13,0.0,15.4278755,1.7254429,2027
4455,r2i1p1f1,2027,03,14,0.0,15.049164,1.199339,2027
4456,r2i1p1f1,2027,03,15,0.0,15.173084,2.0302546,2027
4457,r2i1p1f1,2027,03,16,22.795946953920065,9.108316,3.6013074,2027
4458,r2i1p1f1,2027,03,17,1.9509503465542366,11.322848,-0.750672,2027
4459,r2i1p1f1,2027,03,18,0.0,13.30558,-0.35288742,2027
4460,r2i1p1f1,2027,03,19,0.0,15.753452,1.72244,2027
4461,r2i1p1f1,2027,03,20,0.0,16.522047,1.8184253,2027
4462,r2i1p1f1,2027,03,21,0.0,17.161873,3.1051147,2027
4463,r2i1p1f1,2027,03,22,0.0,17.710625,7.065322,2027
4464,r2i1p1f1,2027,03,23,0.0,16.757027,3.3540764,2027
4465,r2i1p1f1,2027,03,24,0.732038236697008,17.23315,7.072701,2027
4466,r2i1p1f1,2027,03,25,0.0,17.423944,6.089634,2027
4467,r2i1p1f1,2027,03,26,0.0,17.55536,2.7076056,2027
4468,r2i1p1f1,2027,03,27,0.006507266107291798,17.107021,2.9526744,2027
4469,r2i1p1f1,2027,03,28,0.0,15.81005,4.6448317,2027
4470,r2i1p1f1,2027,03,29,0.0,14.959837,0.8677258,2027
4471,r2i1p1f1,2027,03,30,0.0,16.478935,0.28151968,2027
4472,r2i1p1f1,2027,03,31,0.0,21.379116,4.5369096,2027
4473,r2i1p1f1,2027,04,01,0.0,23.39379,9.005779,2027
4474,r2i1p1f1,2027,04,02,0.00447817310487153,23.388216,6.093431,2027
4475,r2i1p1f1,2027,04,03,23.04321566443832,11.421121,-2.5966272,2027
4476,r2i1p1f1,2027,04,04,5.402259003062682,4.171226,-0.5312145,2027
4477,r2i1p1f1,2027,04,05,3.504938202939911,6.852329,-1.0598271,2027
4478,r2i1p1f1,2027,04,06,0.05842038890193635,11.967722,-1.5240811,2027
4479,r2i1p1f1,2027,04,07,0.0,14.926006,-0.14815702,2027
4480,r2i1p1f1,2027,04,08,0.5732373640171318,12.937791,2.0609214,2027
4481,r2i1p1f1,2027,04,09,0.0,13.931866,1.8330239,2027
4482,r2i1p1f1,2027,04,10,2.659827845241125,10.060497,-1.4687135,2027
4483,r2i1p1f1,2027,04,11,4.134387816907292,6.779623,-4.7289495,2027
4484,r2i1p1f1,2027,04,12,0.0,11.591259,-4.043601,2027
4485,r2i1p1f1,2027,04,13,0.9893713939419513,11.071598,3.7639656,2027
4486,r2i1p1f1,2027,04,14,0.008142007482092595,15.671452,0.604954,2027
4487,r2i1p1f1,2027,04,15,0.0,19.487257,3.0324957,2027
4488,r2i1p1f1,2027,04,16,0.0,20.370623,4.834982,2027
4489,r2i1p1f1,2027,04,17,0.0,22.882795,7.5835934,2027
4490,r2i1p1f1,2027,04,18,0.0,23.37809,8.071214,2027
4491,r2i1p1f1,2027,04,19,0.34573200542240556,19.072266,5.918566,2027
4492,r2i1p1f1,2027,04,20,7.912499214444324,14.789028,3.0763414,2027
4493,r2i1p1f1,2027,04,21,5.125779672471253,14.221819,4.9062414,2027
4494,r2i1p1f1,2027,04,22,0.0,15.637139,3.6792612,2027
4495,r2i1p1f1,2027,04,23,0.4437869529397176,15.700943,5.65617,2027
4496,r2i1p1f1,2027,04,24,1.6249717486857662,20.720987,6.688816,2027
4497,r2i1p1f1,2027,04,25,0.0,24.392202,8.902474,2027
4498,r2i1p1f1,2027,04,26,0.0,25.596498,9.656816,2027
4499,r2i1p1f1,2027,04,27,0.0,25.672905,10.493406,2027
4500,r2i1p1f1,2027,04,28,1.0456000926353681,22.54168,7.615736,2027
4501,r2i1p1f1,2027,04,29,0.058556258704811626,24.978275,10.525479,2027
4502,r2i1p1f1,2027,04,30,0.09073327789792529,25.081818,10.689086,2027
4503,r2i1p1f1,2027,05,01,0.2217959987319773,25.449165,8.76729,2027
4504,r2i1p1f1,2027,05,02,0.23084956633852016,24.263353,6.0424304,2027
4505,r2i1p1f1,2027,05,03,17.893261299468577,12.4658,8.945695,2027
4506,r2i1p1f1,2027,05,04,0.0,17.316801,3.067176,2027
4507,r2i1p1f1,2027,05,05,0.0,18.14405,4.3699536,2027
4508,r2i1p1f1,2027,05,06,2.4456017038687605,18.128199,4.519347,2027
4509,r2i1p1f1,2027,05,07,4.4000170255458215,13.947303,6.0482607,2027
4510,r2i1p1f1,2027,05,08,2.4718314199159153,12.655964,6.0256824,2027
4511,r2i1p1f1,2027,05,09,0.9028447558421249,11.989844,0.9346763,2027
4512,r2i1p1f1,2027,05,10,0.0,15.620767,-0.41201803,2027
4513,r2i1p1f1,2027,05,11,0.0,17.73309,1.7051162,2027
4514,r2i1p1f1,2027,05,12,0.19559684415071388,20.315292,5.754353,2027
4515,r2i1p1f1,2027,05,13,2.180892618787311,20.097908,4.514639,2027
4516,r2i1p1f1,2027,05,14,2.2558999123475587,18.722723,4.617393,2027
4517,r2i1p1f1,2027,05,15,0.30216472191568755,10.069297,3.6259952,2027
4518,r2i1p1f1,2027,05,16,7.074394173503151,10.109214,5.295622,2027
4519,r2i1p1f1,2027,05,17,0.22992601159010917,15.412142,2.8342624,2027
4520,r2i1p1f1,2027,05,18,0.0,17.70645,2.1344,2027
4521,r2i1p1f1,2027,05,19,0.08126076886583178,19.178095,4.3735714,2027
4522,r2i1p1f1,2027,05,20,0.09478906099502638,19.48803,3.5321782,2027
4523,r2i1p1f1,2027,05,21,0.25908345867833305,18.979832,5.5079775,2027
4524,r2i1p1f1,2027,05,22,2.8416241230104333,12.886135,5.0865602,2027
4525,r2i1p1f1,2027,05,23,0.0,15.391564,5.7609506,2027
4526,r2i1p1f1,2027,05,24,0.0,18.910318,2.9509017,2027
4527,r2i1p1f1,2027,05,25,0.0704546145243512,20.436007,3.399049,2027
4528,r2i1p1f1,2027,05,26,0.016300731294904836,20.489893,4.142243,2027
4529,r2i1p1f1,2027,05,27,20.548902385763768,19.464989,8.399143,2027
4530,r2i1p1f1,2027,05,28,40.73039471768425,12.846787,8.9199705,2027
4531,r2i1p1f1,2027,05,29,3.834333144249058,16.31459,5.7790585,2027
4532,r2i1p1f1,2027,05,30,0.0,21.189672,6.423982,2027
4533,r2i1p1f1,2027,05,31,0.0,25.023808,9.111362,2027
4534,r2i1p1f1,2027,06,01,0.0,26.197725,10.264257,2027
4535,r2i1p1f1,2027,06,02,0.5331826400379214,25.612633,7.8655777,2027
4536,r2i1p1f1,2027,06,03,0.10555851193032595,17.664112,5.065011,2027
4537,r2i1p1f1,2027,06,04,1.4932883504286565,15.862847,7.455549,2027
4538,r2i1p1f1,2027,06,05,0.5564971000154628,18.192701,6.644721,2027
4539,r2i1p1f1,2027,06,06,0.024873067377484404,18.683607,6.174752,2027
4540,r2i1p1f1,2027,06,07,0.00565903097822229,19.09081,6.2161884,2027
4541,r2i1p1f1,2027,06,08,0.21334316070351633,20.582228,7.4728436,2027
4542,r2i1p1f1,2027,06,09,0.0,22.512926,6.9047084,2027
4543,r2i1p1f1,2027,06,10,0.0,22.784267,7.3003125,2027
4544,r2i1p1f1,2027,06,11,1.4061050791980279,18.043299,4.5289354,2027
4545,r2i1p1f1,2027,06,12,0.06278556425058923,17.718075,9.132204,2027
4546,r2i1p1f1,2027,06,13,0.0,22.607136,9.979836,2027
4547,r2i1p1f1,2027,06,14,0.0035310458770254627,28.101679,11.926601,2027
4548,r2i1p1f1,2027,06,15,0.003277179530414287,31.75139,15.08173,2027
4549,r2i1p1f1,2027,06,16,0.0,32.673607,16.102165,2027
4550,r2i1p1f1,2027,06,17,0.0,32.770203,16.301693,2027
4551,r2i1p1f1,2027,06,18,0.17202523818014015,29.936201,12.490174,2027
4552,r2i1p1f1,2027,06,19,0.0,30.867184,17.133806,2027
4553,r2i1p1f1,2027,06,20,0.0,33.001938,15.396735,2027
4554,r2i1p1f1,2027,06,21,5.098283888892752,31.27363,13.046125,2027
4555,r2i1p1f1,2027,06,22,0.0,30.212803,14.908939,2027
4556,r2i1p1f1,2027,06,23,0.0,31.597965,15.233601,2027
4557,r2i1p1f1,2027,06,24,0.0,32.257343,14.071479,2027
4558,r2i1p1f1,2027,06,25,0.0,32.173042,12.109791,2027
4559,r2i1p1f1,2027,06,26,0.0,30.55072,13.613253,2027
4560,r2i1p1f1,2027,06,27,0.0,31.256538,14.705921,2027
4561,r2i1p1f1,2027,06,28,0.0,31.411787,13.062097,2027
4562,r2i1p1f1,2027,06,29,0.0,31.074821,15.0235615,2027
4563,r2i1p1f1,2027,06,30,0.0,32.041836,13.299219,2027
4564,r2i1p1f1,2027,07,01,0.0,33.112606,12.8991785,2027
4565,r2i1p1f1,2027,07,02,0.0,32.077682,16.148922,2027
4566,r2i1p1f1,2027,07,03,0.0,32.301815,15.622982,2027
4567,r2i1p1f1,2027,07,04,0.0,33.000088,13.711102,2027
4568,r2i1p1f1,2027,07,05,0.0,31.843187,13.160184,2027
4569,r2i1p1f1,2027,07,06,0.0,30.66408,13.670541,2027
4570,r2i1p1f1,2027,07,07,0.0,33.224827,15.394357,2027
4571,r2i1p1f1,2027,07,08,0.0,33.663784,13.60461,2027
4572,r2i1p1f1,2027,07,09,0.0,32.934593,14.69449,2027
4573,r2i1p1f1,2027,07,10,0.0,33.642998,16.669456,2027
4574,r2i1p1f1,2027,07,11,0.0,34.099983,17.731417,2027
4575,r2i1p1f1,2027,07,12,0.0,34.302105,17.433437,2027
4576,r2i1p1f1,2027,07,13,0.0,35.41268,16.439009,2027
4577,r2i1p1f1,2027,07,14,0.0,35.13273,16.794502,2027
4578,r2i1p1f1,2027,07,15,0.0,36.640236,18.182278,2027
4579,r2i1p1f1,2027,07,16,0.0,38.809967,20.086979,2027
4580,r2i1p1f1,2027,07,17,0.0,39.458378,19.836082,2027
4581,r2i1p1f1,2027,07,18,0.0,39.05324,18.128765,2027
4582,r2i1p1f1,2027,07,19,0.0,37.127243,18.858063,2027
4583,r2i1p1f1,2027,07,20,0.0,34.864933,14.172135,2027
4584,r2i1p1f1,2027,07,21,0.0,32.40319,11.810809,2027
4585,r2i1p1f1,2027,07,22,0.0,30.369938,12.13261,2027
4586,r2i1p1f1,2027,07,23,0.0,31.148245,14.589728,2027
4587,r2i1p1f1,2027,07,24,0.0,32.774494,15.749329,2027
4588,r2i1p1f1,2027,07,25,0.0,34.82479,16.795216,2027
4589,r2i1p1f1,2027,07,26,0.0,35.383953,16.589401,2027
4590,r2i1p1f1,2027,07,27,0.0,35.829544,16.232752,2027
4591,r2i1p1f1,2027,07,28,0.0,35.080936,15.600218,2027
4592,r2i1p1f1,2027,07,29,0.0,34.56775,15.228093,2027
4593,r2i1p1f1,2027,07,30,0.0,36.472393,17.475357,2027
4594,r2i1p1f1,2027,07,31,0.0,38.981018,21.355387,2027
4595,r2i1p1f1,2027,08,01,0.0,39.680336,22.58677,2027
4596,r2i1p1f1,2027,08,02,0.0,41.960163,25.173634,2027
4597,r2i1p1f1,2027,08,03,0.0,40.7873,23.22875,2027
4598,r2i1p1f1,2027,08,04,0.0,40.28557,20.743294,2027
4599,r2i1p1f1,2027,08,05,0.0,37.527767,18.327816,2027
4600,r2i1p1f1,2027,08,06,0.0,37.88212,18.151741,2027
4601,r2i1p1f1,2027,08,07,0.0,35.152832,14.112849,2027
4602,r2i1p1f1,2027,08,08,0.0,31.203186,11.045731,2027
4603,r2i1p1f1,2027,08,09,0.0,29.436666,10.023997,2027
4604,r2i1p1f1,2027,08,10,0.0,31.338982,14.772132,2027
4605,r2i1p1f1,2027,08,11,0.0,31.932547,13.183612,2027
4606,r2i1p1f1,2027,08,12,0.0,31.231218,13.151849,2027
4607,r2i1p1f1,2027,08,13,0.0,31.260773,15.035008,2027
4608,r2i1p1f1,2027,08,14,0.0,33.695763,15.303355,2027
4609,r2i1p1f1,2027,08,15,0.0,34.26941,14.760483,2027
4610,r2i1p1f1,2027,08,16,0.0,33.378986,14.153744,2027
4611,r2i1p1f1,2027,08,17,0.0,31.272102,12.179349,2027
4612,r2i1p1f1,2027,08,18,0.0,31.7228,13.566567,2027
4613,r2i1p1f1,2027,08,19,0.0,32.155064,13.7149315,2027
4614,r2i1p1f1,2027,08,20,0.0,33.1953,11.951391,2027
4615,r2i1p1f1,2027,08,21,0.0,33.14837,13.79992,2027
4616,r2i1p1f1,2027,08,22,0.0,34.22031,14.074219,2027
4617,r2i1p1f1,2027,08,23,0.0,35.094646,14.010952,2027
4618,r2i1p1f1,2027,08,24,0.0,33.314163,16.128365,2027
4619,r2i1p1f1,2027,08,25,0.0020377120108605595,30.728981,15.5144825,2027
4620,r2i1p1f1,2027,08,26,0.0,30.831167,14.014348,2027
4621,r2i1p1f1,2027,08,27,0.0,29.69709,13.588036,2027
4622,r2i1p1f1,2027,08,28,0.0,29.89229,10.365494,2027
4623,r2i1p1f1,2027,08,29,0.0,26.50855,7.6380253,2027
4624,r2i1p1f1,2027,08,30,0.0,26.128258,9.19751,2027
4625,r2i1p1f1,2027,08,31,0.0,29.346954,10.970923,2027
4626,r2i1p1f1,2027,09,01,0.0,30.958475,12.439277,2027
4627,r2i1p1f1,2027,09,02,0.0,33.126617,14.524031,2027
4628,r2i1p1f1,2027,09,03,0.0,34.335686,15.03459,2027
4629,r2i1p1f1,2027,09,04,0.0,33.384945,13.653799,2027
4630,r2i1p1f1,2027,09,05,0.0,32.032364,14.877304,2027
4631,r2i1p1f1,2027,09,06,0.0,32.43714,13.43502,2027
4632,r2i1p1f1,2027,09,07,0.0,31.617153,15.371609,2027
4633,r2i1p1f1,2027,09,08,0.0,32.895023,16.322102,2027
4634,r2i1p1f1,2027,09,09,0.0,33.280613,16.79896,2027
4635,r2i1p1f1,2027,09,10,0.0,33.023735,15.648836,2027
4636,r2i1p1f1,2027,09,11,0.0,33.00674,14.982188,2027
4637,r2i1p1f1,2027,09,12,0.0,33.960815,17.17378,2027
4638,r2i1p1f1,2027,09,13,0.0,34.694386,15.617907,2027
4639,r2i1p1f1,2027,09,14,0.0,34.106796,16.573576,2027
4640,r2i1p1f1,2027,09,15,0.0,34.57104,15.877239,2027
4641,r2i1p1f1,2027,09,16,0.0,34.277225,16.16587,2027
4642,r2i1p1f1,2027,09,17,0.0,31.601383,14.117591,2027
4643,r2i1p1f1,2027,09,18,0.8206065710510302,25.438318,10.508236,2027
4644,r2i1p1f1,2027,09,19,0.11835413292828889,27.886864,11.213481,2027
4645,r2i1p1f1,2027,09,20,3.5672009258405524,25.464928,9.170315,2027
4646,r2i1p1f1,2027,09,21,0.21660142326140885,24.580694,11.261872,2027
4647,r2i1p1f1,2027,09,22,0.13716319919012676,20.918144,8.811197,2027
4648,r2i1p1f1,2027,09,23,0.0,23.834188,8.962016,2027
4649,r2i1p1f1,2027,09,24,0.0,24.25707,10.453473,2027
4650,r2i1p1f1,2027,09,25,0.0,26.68764,10.418909,2027
4651,r2i1p1f1,2027,09,26,0.0,28.3872,12.1037445,2027
4652,r2i1p1f1,2027,09,27,0.0,29.898947,13.249455,2027
4653,r2i1p1f1,2027,09,28,0.0,27.220097,11.624264,2027
4654,r2i1p1f1,2027,09,29,0.7194885877694901,17.652468,6.263681,2027
4655,r2i1p1f1,2027,09,30,0.0,21.95092,8.592872,2027
4656,r2i1p1f1,2027,10,01,0.0,25.495,9.474864,2027
4657,r2i1p1f1,2027,10,02,0.0,29.295942,13.865486,2027
4658,r2i1p1f1,2027,10,03,0.03295328079957471,28.930077,10.536507,2027
4659,r2i1p1f1,2027,10,04,0.14404700227714784,19.661678,6.52448,2027
4660,r2i1p1f1,2027,10,05,0.0,16.635796,2.4733238,2027
4661,r2i1p1f1,2027,10,06,0.0,19.82083,2.2004817,2027
4662,r2i1p1f1,2027,10,07,0.0,22.470768,6.4879813,2027
4663,r2i1p1f1,2027,10,08,0.0,25.192436,8.366665,2027
4664,r2i1p1f1,2027,10,09,0.0,25.816927,9.392665,2027
4665,r2i1p1f1,2027,10,10,0.0,28.225595,12.531965,2027
4666,r2i1p1f1,2027,10,11,0.0,29.395565,14.435015,2027
4667,r2i1p1f1,2027,10,12,0.0,30.568495,13.159511,2027
4668,r2i1p1f1,2027,10,13,0.0,27.934113,8.244861,2027
4669,r2i1p1f1,2027,10,14,9.214353922925511,19.652678,4.1878104,2027
4670,r2i1p1f1,2027,10,15,8.431345787676037,12.271923,7.551617,2027
4671,r2i1p1f1,2027,10,16,3.8422628728540076,13.416225,4.8990936,2027
4672,r2i1p1f1,2027,10,17,0.0,17.516848,6.764679,2027
4673,r2i1p1f1,2027,10,18,0.0,21.101515,6.0444813,2027
4674,r2i1p1f1,2027,10,19,0.0,24.066027,7.4423895,2027
4675,r2i1p1f1,2027,10,20,0.0,24.938059,9.533694,2027
4676,r2i1p1f1,2027,10,21,0.07146426823965157,20.875477,4.9905944,2027
4677,r2i1p1f1,2027,10,22,20.10124077501132,15.904105,8.352769,2027
4678,r2i1p1f1,2027,10,23,0.9785514292161679,20.22172,6.994,2027
4679,r2i1p1f1,2027,10,24,0.0,23.591228,9.542622,2027
4680,r2i1p1f1,2027,10,25,0.0003054237140531768,21.494043,7.5893383,2027
4681,r2i1p1f1,2027,10,26,7.733497791787158,18.623774,5.7834687,2027
4682,r2i1p1f1,2027,10,27,0.26024495609817677,20.682589,7.1084933,2027
4683,r2i1p1f1,2027,10,28,0.0,22.208387,7.6687536,2027
4684,r2i1p1f1,2027,10,29,9.030165729473083,17.168354,5.386984,2027
4685,r2i1p1f1,2027,10,30,2.7594408359163936,13.691589,7.108004,2027
4686,r2i1p1f1,2027,10,31,0.0,17.05448,4.378604,2027
4687,r2i1p1f1,2027,11,01,0.0,20.600838,7.049546,2027
4688,r2i1p1f1,2027,11,02,0.0,20.811617,7.9712353,2027
4689,r2i1p1f1,2027,11,03,0.46420547278103186,17.69839,4.129397,2027
4690,r2i1p1f1,2027,11,04,0.0,21.22831,7.6651173,2027
4691,r2i1p1f1,2027,11,05,0.0,20.815413,6.8572893,2027
4692,r2i1p1f1,2027,11,06,0.0,19.57748,8.113078,2027
4693,r2i1p1f1,2027,11,07,0.0,20.92263,7.571455,2027
4694,r2i1p1f1,2027,11,08,0.0,19.061714,7.180579,2027
4695,r2i1p1f1,2027,11,09,0.0,18.346489,5.0035763,2027
4696,r2i1p1f1,2027,11,10,0.0,17.231813,4.214395,2027
4697,r2i1p1f1,2027,11,11,0.0,18.335876,6.6904616,2027
4698,r2i1p1f1,2027,11,12,0.0,19.090624,4.5154214,2027
4699,r2i1p1f1,2027,11,13,0.0,20.336296,6.1295695,2027
4700,r2i1p1f1,2027,11,14,0.0,20.221245,9.8297415,2027
4701,r2i1p1f1,2027,11,15,0.1956693532747522,20.877632,8.383633,2027
4702,r2i1p1f1,2027,11,16,0.06565273747582978,18.782387,8.152049,2027
4703,r2i1p1f1,2027,11,17,0.0,19.49749,6.285627,2027
4704,r2i1p1f1,2027,11,18,0.0,20.543175,6.666106,2027
4705,r2i1p1f1,2027,11,19,0.0,17.772776,3.0758922,2027
4706,r2i1p1f1,2027,11,20,0.0,17.648132,4.847824,2027
4707,r2i1p1f1,2027,11,21,0.0,19.290552,6.662754,2027
4708,r2i1p1f1,2027,11,22,0.0,20.638847,6.264459,2027
4709,r2i1p1f1,2027,11,23,0.0,21.932312,7.046915,2027
4710,r2i1p1f1,2027,11,24,0.0,21.296986,6.830703,2027
4711,r2i1p1f1,2027,11,25,0.0,21.094343,5.898925,2027
4712,r2i1p1f1,2027,11,26,8.227583263033011,15.046583,4.4271297,2027
4713,r2i1p1f1,2027,11,27,0.19675069361255737,11.410928,3.5751233,2027
4714,r2i1p1f1,2027,11,28,1.2085580452179556,11.515858,3.8080978,2027
4715,r2i1p1f1,2027,11,29,55.020045537821716,12.398032,5.956951,2027
4716,r2i1p1f1,2027,11,30,35.84672367796884,10.852215,0.08500465,2027
4717,r2i1p1f1,2027,12,01,0.0,9.092967,-1.5965476,2027
4718,r2i1p1f1,2027,12,02,0.2936442746431567,7.919019,-1.2797025,2027
4719,r2i1p1f1,2027,12,03,0.02066811648546718,10.588181,0.62231046,2027
4720,r2i1p1f1,2027,12,04,0.0,12.992398,0.35528004,2027
4721,r2i1p1f1,2027,12,05,0.0,14.93759,0.8635161,2027
4722,r2i1p1f1,2027,12,06,0.49492140265101625,13.001528,1.8189498,2027
4723,r2i1p1f1,2027,12,07,0.7569358986089014,12.07647,3.604787,2027
4724,r2i1p1f1,2027,12,08,0.0,13.292756,2.9300284,2027
4725,r2i1p1f1,2027,12,09,0.26338799021914383,13.072157,5.390129,2027
4726,r2i1p1f1,2027,12,10,0.0,13.874638,2.6294875,2027
4727,r2i1p1f1,2027,12,11,0.0,14.371601,0.28748307,2027
4728,r2i1p1f1,2027,12,12,0.0,13.634472,1.0044935,2027
4729,r2i1p1f1,2027,12,13,0.0,10.606636,1.8030431,2027
4730,r2i1p1f1,2027,12,14,0.0,13.16027,1.868931,2027
4731,r2i1p1f1,2027,12,15,0.0,13.531539,3.164031,2027
4732,r2i1p1f1,2027,12,16,0.0,13.981941,-1.5666112,2027
4733,r2i1p1f1,2027,12,17,0.23187997830973472,13.081801,0.54708457,2027
4734,r2i1p1f1,2027,12,18,0.0,9.638475,0.13991414,2027
4735,r2i1p1f1,2027,12,19,0.8482803244305614,9.522411,-1.1694814,2027
4736,r2i1p1f1,2027,12,20,8.5754840965933,10.457385,1.7831091,2027
4737,r2i1p1f1,2027,12,21,21.865744536444254,11.929396,4.6806726,2027
4738,r2i1p1f1,2027,12,22,20.561224454650073,11.498886,1.1723808,2027
4739,r2i1p1f1,2027,12,23,0.0011519095096446108,7.4074664,-4.483263,2027
4740,r2i1p1f1,2027,12,24,2.6936050542985868,7.111685,-1.634784,2027
4741,r2i1p1f1,2027,12,25,2.0582775633045003,7.263483,-1.9563103,2027
4742,r2i1p1f1,2027,12,26,0.0,7.334181,-4.0421205,2027
4743,r2i1p1f1,2027,12,27,0.0,10.997335,-2.1973176,2027
4744,r2i1p1f1,2027,12,28,0.0,11.196208,-0.08160649,2027
4745,r2i1p1f1,2027,12,29,0.0,14.052288,0.559548,2027
4746,r2i1p1f1,2027,12,30,0.0,15.797619,2.9608977,2027
4747,r2i1p1f1,2027,12,31,0.0,17.762728,3.4029694,2027
4748,r2i1p1f1,2028,01,01,0.0,13.942114,1.5253977,2028
4749,r2i1p1f1,2028,01,02,0.7160069254723567,11.30917,1.7163838,2028
4750,r2i1p1f1,2028,01,03,32.998574679368176,10.05176,4.8745747,2028
4751,r2i1p1f1,2028,01,04,5.52228287692742,10.676097,4.0548973,2028
4752,r2i1p1f1,2028,01,05,11.17358540168425,9.06113,3.758872,2028
4753,r2i1p1f1,2028,01,06,14.328200837826444,9.055768,0.6644232,2028
4754,r2i1p1f1,2028,01,07,0.0,12.032753,-1.5964774,2028
4755,r2i1p1f1,2028,01,08,0.0,12.191746,-0.22146548,2028
4756,r2i1p1f1,2028,01,09,0.0,11.768379,0.18400897,2028
4757,r2i1p1f1,2028,01,10,24.115215249184985,7.2824545,1.0264614,2028
4758,r2i1p1f1,2028,01,11,0.10257675834282054,10.707205,0.65331316,2028
4759,r2i1p1f1,2028,01,12,0.0,10.287525,-1.6588731,2028
4760,r2i1p1f1,2028,01,13,0.0,12.176481,0.041204453,2028
4761,r2i1p1f1,2028,01,14,0.0,13.009554,2.0365672,2028
4762,r2i1p1f1,2028,01,15,0.0,10.967595,-0.9494488,2028
4763,r2i1p1f1,2028,01,16,0.0,10.984131,1.2057542,2028
4764,r2i1p1f1,2028,01,17,0.0,14.982858,2.8175554,2028
4765,r2i1p1f1,2028,01,18,0.0,16.049248,3.6676233,2028
4766,r2i1p1f1,2028,01,19,0.0,17.74238,4.5177975,2028
4767,r2i1p1f1,2028,01,20,0.0,16.918339,4.100672,2028
4768,r2i1p1f1,2028,01,21,0.10821886850749252,12.395942,2.6371586,2028
4769,r2i1p1f1,2028,01,22,1.4095044374244026,8.460092,-0.28401306,2028
4770,r2i1p1f1,2028,01,23,0.050912511676415306,9.282784,-1.6427245,2028
4771,r2i1p1f1,2028,01,24,0.41397590143077423,8.570439,-0.43844286,2028
4772,r2i1p1f1,2028,01,25,49.95570969331311,6.5743,2.0101883,2028
4773,r2i1p1f1,2028,01,26,0.0,8.159384,-1.8717616,2028
4774,r2i1p1f1,2028,01,27,0.0,8.556043,0.4197047,2028
4775,r2i1p1f1,2028,01,28,0.0,12.429858,3.0535536,2028
4776,r2i1p1f1,2028,01,29,0.0,16.730875,3.4505336,2028
4777,r2i1p1f1,2028,01,30,0.0,17.22081,4.6787076,2028
4778,r2i1p1f1,2028,01,31,0.0,17.735928,4.997019,2028
4779,r2i1p1f1,2028,02,01,0.0,18.11945,3.3726587,2028
4780,r2i1p1f1,2028,02,02,0.0,14.786214,4.5990124,2028
4781,r2i1p1f1,2028,02,03,22.06006836022425,10.731061,5.439229,2028
4782,r2i1p1f1,2028,02,04,0.0,11.458881,3.446576,2028
4783,r2i1p1f1,2028,02,05,17.16278324593077,12.103349,4.317272,2028
4784,r2i1p1f1,2028,02,06,5.490593938895927,11.349159,1.175517,2028
4785,r2i1p1f1,2028,02,07,0.0,12.508826,-0.8184531,2028
4786,r2i1p1f1,2028,02,08,0.0,14.134801,0.22965495,2028
4787,r2i1p1f1,2028,02,09,0.0,13.412244,1.3790296,2028
4788,r2i1p1f1,2028,02,10,0.0,14.016787,1.4991095,2028
4789,r2i1p1f1,2028,02,11,0.0,17.544678,2.848612,2028
4790,r2i1p1f1,2028,02,12,0.0,18.484163,3.038833,2028
4791,r2i1p1f1,2028,02,13,0.0,16.433716,3.1119606,2028
4792,r2i1p1f1,2028,02,14,0.02131514366396914,13.284985,2.3516133,2028
4793,r2i1p1f1,2028,02,15,15.205387619926114,9.269465,1.4082621,2028
4794,r2i1p1f1,2028,02,16,0.5471973114367756,9.854448,-0.033256635,2028
4795,r2i1p1f1,2028,02,17,3.068634619717159,10.30769,-1.803521,2028
4796,r2i1p1f1,2028,02,18,36.3542980645434,9.847574,3.6058638,2028
4797,r2i1p1f1,2028,02,19,39.67190113035031,8.880491,1.9176612,2028
4798,r2i1p1f1,2028,02,20,20.387007947351776,8.919143,-1.3987501,2028
4799,r2i1p1f1,2028,02,21,25.602582160718157,10.41664,1.5864186,2028
4800,r2i1p1f1,2028,02,22,5.4307208400587115,9.6325865,-2.5469382,2028
4801,r2i1p1f1,2028,02,23,3.872130296025489,8.010498,-2.9933176,2028
4802,r2i1p1f1,2028,02,24,59.32671745176776,7.0701346,-1.851238,2028
4803,r2i1p1f1,2028,02,25,63.498048905603355,6.715307,0.36874083,2028
4804,r2i1p1f1,2028,02,26,0.0026077395432366757,10.267881,-1.1818151,2028
4805,r2i1p1f1,2028,02,27,0.0,11.639042,-1.5458713,2028
4806,r2i1p1f1,2028,02,28,0.0,11.722722,0.85130745,2028
4807,r2i1p1f1,2028,02,29,0.0,12.892269,1.8360811,2028
4808,r2i1p1f1,2028,03,01,0.0,14.150262,0.65118545,2028
4809,r2i1p1f1,2028,03,02,0.016106272914839792,14.069125,1.8791894,2028
4810,r2i1p1f1,2028,03,03,2.374660814695062,10.411845,-1.8223902,2028
4811,r2i1p1f1,2028,03,04,0.46659895688208053,7.3189754,0.3230968,2028
4812,r2i1p1f1,2028,03,05,0.0,11.028538,-2.6972203,2028
4813,r2i1p1f1,2028,03,06,0.0,13.841037,-2.1600387,2028
4814,r2i1p1f1,2028,03,07,0.0,15.974701,-0.18089002,2028
4815,r2i1p1f1,2028,03,08,12.079942009404476,10.08567,-3.002228,2028
4816,r2i1p1f1,2028,03,09,22.670415077254802,6.2176905,-2.6913345,2028
4817,r2i1p1f1,2028,03,10,4.168889366735584,4.018493,-3.6768467,2028
4818,r2i1p1f1,2028,03,11,0.0,9.323869,1.1955664,2028
4819,r2i1p1f1,2028,03,12,0.5744106192253184,9.708955,4.1766753,2028
4820,r2i1p1f1,2028,03,13,0.0,9.795591,-1.6992215,2028
4821,r2i1p1f1,2028,03,14,0.0,9.874647,-3.991182,2028
4822,r2i1p1f1,2028,03,15,0.0,9.169953,-3.3208323,2028
4823,r2i1p1f1,2028,03,16,0.0,12.162776,-2.1198614,2028
4824,r2i1p1f1,2028,03,17,0.0,16.524738,0.15161556,2028
4825,r2i1p1f1,2028,03,18,0.0,19.434914,3.0678096,2028
4826,r2i1p1f1,2028,03,19,0.0,19.010464,3.1505516,2028
4827,r2i1p1f1,2028,03,20,1.7489082172232884,13.547862,1.4770665,2028
4828,r2i1p1f1,2028,03,21,2.3072284382294583,9.86188,2.7873442,2028
4829,r2i1p1f1,2028,03,22,1.0496232336492994,13.755824,1.4827075,2028
4830,r2i1p1f1,2028,03,23,32.72931899264222,12.442194,4.0302362,2028
4831,r2i1p1f1,2028,03,24,29.761531853000633,10.231877,5.247381,2028
4832,r2i1p1f1,2028,03,25,0.0,12.315369,1.7624207,2028
4833,r2i1p1f1,2028,03,26,0.0,17.624905,0.79964423,2028
4834,r2i1p1f1,2028,03,27,0.0,18.753649,4.561741,2028
4835,r2i1p1f1,2028,03,28,0.0,18.550598,6.998387,2028
4836,r2i1p1f1,2028,03,29,0.007086224377417238,18.311306,3.3920584,2028
4837,r2i1p1f1,2028,03,30,0.0,16.575447,1.1168361,2028
4838,r2i1p1f1,2028,03,31,0.0,18.17646,3.4794972,2028
4839,r2i1p1f1,2028,04,01,0.0,17.701847,3.6332293,2028
4840,r2i1p1f1,2028,04,02,0.0,19.991295,6.749621,2028
4841,r2i1p1f1,2028,04,03,0.0,20.103577,5.830912,2028
4842,r2i1p1f1,2028,04,04,0.0,19.20344,4.9580503,2028
4843,r2i1p1f1,2028,04,05,0.0,17.987587,2.6150017,2028
4844,r2i1p1f1,2028,04,06,0.0,18.417303,4.513737,2028
4845,r2i1p1f1,2028,04,07,0.3184053749407667,19.002203,6.1695466,2028
4846,r2i1p1f1,2028,04,08,0.0,18.884834,3.997916,2028
4847,r2i1p1f1,2028,04,09,0.5559333010751288,17.60444,2.0347471,2028
4848,r2i1p1f1,2028,04,10,14.471005282490523,13.332819,7.180215,2028
4849,r2i1p1f1,2028,04,11,5.7371687204295085,9.758447,4.0661354,2028
4850,r2i1p1f1,2028,04,12,0.17936018857653835,16.451729,2.5374002,2028
4851,r2i1p1f1,2028,04,13,0.0,20.64661,4.7633424,2028
4852,r2i1p1f1,2028,04,14,0.0,19.496977,4.34677,2028
4853,r2i1p1f1,2028,04,15,0.0,21.232216,6.1150374,2028
4854,r2i1p1f1,2028,04,16,0.0,22.480652,5.9427123,2028
4855,r2i1p1f1,2028,04,17,0.0,23.261797,6.6925535,2028
4856,r2i1p1f1,2028,04,18,0.19141220225264988,24.269392,5.667227,2028
4857,r2i1p1f1,2028,04,19,18.644498377398122,11.342468,2.7504594,2028
4858,r2i1p1f1,2028,04,20,8.057369685536742,7.7108493,2.6525412,2028
4859,r2i1p1f1,2028,04,21,8.258021316407849,10.429798,3.7370007,2028
4860,r2i1p1f1,2028,04,22,26.242200145952665,9.579418,4.618362,2028
4861,r2i1p1f1,2028,04,23,15.952422813251133,11.818413,2.5703256,2028
4862,r2i1p1f1,2028,04,24,2.523428697725194,15.163452,2.3510475,2028
4863,r2i1p1f1,2028,04,25,0.0,17.108307,1.0406288,2028
4864,r2i1p1f1,2028,04,26,0.015123386600635058,18.100496,4.275356,2028
4865,r2i1p1f1,2028,04,27,2.7533283297884736,13.714352,6.7371387,2028
4866,r2i1p1f1,2028,04,28,3.4951333544313457,14.30644,1.9611166,2028
4867,r2i1p1f1,2028,04,29,4.2136050735848585,8.576275,3.3433173,2028
4868,r2i1p1f1,2028,04,30,0.3376379834662657,13.243576,3.0887804,2028
4869,r2i1p1f1,2028,05,01,0.0,16.710802,1.6837529,2028
4870,r2i1p1f1,2028,05,02,0.0,19.180767,3.0558975,2028
4871,r2i1p1f1,2028,05,03,2.2965579581523343,18.43638,3.4338758,2028
4872,r2i1p1f1,2028,05,04,0.11678038640638988,17.549564,3.4164493,2028
4873,r2i1p1f1,2028,05,05,0.10546189021169994,19.218433,7.2932673,2028
4874,r2i1p1f1,2028,05,06,2.5763185306075798,18.457708,2.9433,2028
4875,r2i1p1f1,2028,05,07,28.91451225077617,11.740197,6.090361,2028
4876,r2i1p1f1,2028,05,08,3.8386133351025364,13.876825,3.7510867,2028
4877,r2i1p1f1,2028,05,09,0.0,17.198723,3.3189154,2028
4878,r2i1p1f1,2028,05,10,2.652304086473123,16.902346,6.419729,2028
4879,r2i1p1f1,2028,05,11,1.679707984855483,17.453835,5.9744167,2028
4880,r2i1p1f1,2028,05,12,3.064830157563847,18.283136,8.326168,2028
4881,r2i1p1f1,2028,05,13,2.4440253228931397,20.445808,6.38146,2028
4882,r2i1p1f1,2028,05,14,0.0,23.100664,7.424288,2028
4883,r2i1p1f1,2028,05,15,0.0,23.349813,8.804586,2028
4884,r2i1p1f1,2028,05,16,0.0,23.027344,8.251397,2028
4885,r2i1p1f1,2028,05,17,0.1714630621336255,22.390707,8.86952,2028
4886,r2i1p1f1,2028,05,18,0.5670446596923284,24.507734,7.9094906,2028
4887,r2i1p1f1,2028,05,19,0.0,26.862684,11.019385,2028
4888,r2i1p1f1,2028,05,20,0.0,29.83806,12.462468,2028
4889,r2i1p1f1,2028,05,21,0.0,30.972483,12.746205,2028
4890,r2i1p1f1,2028,05,22,2.2421969252718554,22.66942,3.7461455,2028
4891,r2i1p1f1,2028,05,23,8.522457081415524,22.432478,6.674513,2028
4892,r2i1p1f1,2028,05,24,3.4250535386377123,17.409365,10.175224,2028
4893,r2i1p1f1,2028,05,25,0.0,23.467049,8.013184,2028
4894,r2i1p1f1,2028,05,26,0.0,24.419487,8.312917,2028
4895,r2i1p1f1,2028,05,27,0.0,17.974304,3.1464627,2028
4896,r2i1p1f1,2028,05,28,0.5089890732506319,15.915717,2.8801394,2028
4897,r2i1p1f1,2028,05,29,0.35463043623167323,20.732985,4.5319934,2028
4898,r2i1p1f1,2028,05,30,0.2754582790430504,22.395546,8.454597,2028
4899,r2i1p1f1,2028,05,31,0.1070905295364355,22.656075,9.532279,2028
4900,r2i1p1f1,2028,06,01,0.0,23.549019,8.696745,2028
4901,r2i1p1f1,2028,06,02,0.0,25.9884,9.779706,2028
4902,r2i1p1f1,2028,06,03,0.0,27.181227,10.61694,2028
4903,r2i1p1f1,2028,06,04,0.0,28.478403,11.370397,2028
4904,r2i1p1f1,2028,06,05,0.0,30.077562,12.826108,2028
4905,r2i1p1f1,2028,06,06,0.0,32.1394,14.55986,2028
4906,r2i1p1f1,2028,06,07,0.0,34.413864,19.310991,2028
4907,r2i1p1f1,2028,06,08,0.002124371667378,35.083477,18.878275,2028
4908,r2i1p1f1,2028,06,09,0.03898417904224516,35.57883,16.709755,2028
4909,r2i1p1f1,2028,06,10,0.9886821512736788,29.509548,11.891602,2028
4910,r2i1p1f1,2028,06,11,1.1009131966375207,20.759007,8.440662,2028
4911,r2i1p1f1,2028,06,12,0.0,28.419617,14.011369,2028
4912,r2i1p1f1,2028,06,13,0.0,32.85425,16.14205,2028
4913,r2i1p1f1,2028,06,14,0.0,33.387882,13.115949,2028
4914,r2i1p1f1,2028,06,15,0.0,28.741608,10.53549,2028
4915,r2i1p1f1,2028,06,16,0.0,29.372812,13.867249,2028
4916,r2i1p1f1,2028,06,17,0.0,30.549522,13.630039,2028
4917,r2i1p1f1,2028,06,18,0.0,31.381601,13.62179,2028
4918,r2i1p1f1,2028,06,19,0.0,29.150675,12.864901,2028
4919,r2i1p1f1,2028,06,20,0.0,28.03349,10.737502,2028
4920,r2i1p1f1,2028,06,21,0.0,29.54011,13.170218,2028
4921,r2i1p1f1,2028,06,22,0.0,30.32743,13.068134,2028
4922,r2i1p1f1,2028,06,23,0.0,31.745358,13.1488,2028
4923,r2i1p1f1,2028,06,24,0.0,30.634975,11.247837,2028
4924,r2i1p1f1,2028,06,25,0.0,28.034798,9.672291,2028
4925,r2i1p1f1,2028,06,26,0.0,27.381218,8.859111,2028
4926,r2i1p1f1,2028,06,27,0.0,23.719385,7.921292,2028
4927,r2i1p1f1,2028,06,28,0.0,24.437002,8.452164,2028
4928,r2i1p1f1,2028,06,29,0.0,27.642237,10.977946,2028
4929,r2i1p1f1,2028,06,30,0.0,32.60171,13.175474,2028
4930,r2i1p1f1,2028,07,01,0.0,34.61442,14.452292,2028
4931,r2i1p1f1,2028,07,02,0.0,34.496105,15.654711,2028
4932,r2i1p1f1,2028,07,03,0.0,34.578716,15.374717,2028
4933,r2i1p1f1,2028,07,04,0.0,35.652817,16.470467,2028
4934,r2i1p1f1,2028,07,05,0.0,36.16888,19.685532,2028
4935,r2i1p1f1,2028,07,06,0.0,36.80441,18.094976,2028
4936,r2i1p1f1,2028,07,07,0.0,34.491493,12.678571,2028
4937,r2i1p1f1,2028,07,08,0.0,30.791008,13.205202,2028
4938,r2i1p1f1,2028,07,09,0.0,34.120037,15.509914,2028
4939,r2i1p1f1,2028,07,10,0.0,35.71237,17.838438,2028
4940,r2i1p1f1,2028,07,11,0.0,36.06281,14.353573,2028
4941,r2i1p1f1,2028,07,12,0.0,30.44587,13.226266,2028
4942,r2i1p1f1,2028,07,13,3.0036286431368353,29.180473,12.21264,2028
4943,r2i1p1f1,2028,07,14,0.0,33.757713,18.842756,2028
4944,r2i1p1f1,2028,07,15,1.6015073633752763,34.61506,15.897053,2028
4945,r2i1p1f1,2028,07,16,0.0,36.00808,17.555696,2028
4946,r2i1p1f1,2028,07,17,0.0,37.181297,19.566704,2028
4947,r2i1p1f1,2028,07,18,0.048161222500198164,37.065674,19.370047,2028
4948,r2i1p1f1,2028,07,19,0.0,32.72216,15.604828,2028
4949,r2i1p1f1,2028,07,20,0.0,36.025238,18.846403,2028
4950,r2i1p1f1,2028,07,21,0.11568643822101876,36.043198,17.101109,2028
4951,r2i1p1f1,2028,07,22,1.5312700577396754,35.801243,16.08246,2028
4952,r2i1p1f1,2028,07,23,0.0,32.219807,13.412293,2028
4953,r2i1p1f1,2028,07,24,0.0,34.925846,17.46656,2028
4954,r2i1p1f1,2028,07,25,0.003744152490980923,37.08713,20.64312,2028
4955,r2i1p1f1,2028,07,26,0.1641921484406339,37.440323,16.470621,2028
4956,r2i1p1f1,2028,07,27,0.0,35.25655,17.447617,2028
4957,r2i1p1f1,2028,07,28,0.0,37.94351,21.806892,2028
4958,r2i1p1f1,2028,07,29,0.0,38.728424,21.396841,2028
4959,r2i1p1f1,2028,07,30,0.0,38.988083,17.803421,2028
4960,r2i1p1f1,2028,07,31,0.0,37.675434,18.887478,2028
4961,r2i1p1f1,2028,08,01,0.0,37.526077,19.870209,2028
4962,r2i1p1f1,2028,08,02,0.0,38.367134,20.672377,2028
4963,r2i1p1f1,2028,08,03,0.0,39.19725,19.021347,2028
4964,r2i1p1f1,2028,08,04,0.0,34.4806,13.867891,2028
4965,r2i1p1f1,2028,08,05,0.0,35.085686,16.406755,2028
4966,r2i1p1f1,2028,08,06,0.0,36.678352,19.491129,2028
4967,r2i1p1f1,2028,08,07,0.0,37.260574,17.547234,2028
4968,r2i1p1f1,2028,08,08,0.0,36.925957,16.361599,2028
4969,r2i1p1f1,2028,08,09,0.0,35.698933,15.144451,2028
4970,r2i1p1f1,2028,08,10,0.0,35.49266,15.056813,2028
4971,r2i1p1f1,2028,08,11,0.0,35.950546,18.912968,2028
4972,r2i1p1f1,2028,08,12,0.0024834697796904948,36.303772,16.964882,2028
4973,r2i1p1f1,2028,08,13,0.0,37.607388,21.428057,2028
4974,r2i1p1f1,2028,08,14,0.012752238944813143,38.98242,20.869837,2028
4975,r2i1p1f1,2028,08,15,0.0,39.259705,22.187843,2028
4976,r2i1p1f1,2028,08,16,0.0,38.981045,19.090982,2028
4977,r2i1p1f1,2028,08,17,0.0,36.367294,17.903395,2028
4978,r2i1p1f1,2028,08,18,0.0,34.73,13.807255,2028
4979,r2i1p1f1,2028,08,19,0.0,32.45838,14.2512865,2028
4980,r2i1p1f1,2028,08,20,0.0,32.463215,14.788762,2028
4981,r2i1p1f1,2028,08,21,0.0,32.96163,14.265834,2028
4982,r2i1p1f1,2028,08,22,0.0,34.21119,14.372238,2028
4983,r2i1p1f1,2028,08,23,0.0,34.403027,12.28267,2028
4984,r2i1p1f1,2028,08,24,0.034331473727888806,25.91047,8.65767,2028
4985,r2i1p1f1,2028,08,25,0.7270063494615897,22.421715,7.6291223,2028
4986,r2i1p1f1,2028,08,26,0.007557053325513152,24.49073,9.933414,2028
4987,r2i1p1f1,2028,08,27,0.0,26.620687,9.293926,2028
4988,r2i1p1f1,2028,08,28,0.0,27.092754,9.912546,2028
4989,r2i1p1f1,2028,08,29,0.0,24.915535,5.6958733,2028
4990,r2i1p1f1,2028,08,30,0.0,23.28698,6.0055413,2028
4991,r2i1p1f1,2028,08,31,0.0,22.90799,6.23369,2028
4992,r2i1p1f1,2028,09,01,0.0,23.252272,6.334037,2028
4993,r2i1p1f1,2028,09,02,0.0,24.313162,7.693063,2028
4994,r2i1p1f1,2028,09,03,0.0,25.166182,7.042082,2028
4995,r2i1p1f1,2028,09,04,0.0,26.827356,9.336955,2028
4996,r2i1p1f1,2028,09,05,0.0,27.214022,9.692717,2028
4997,r2i1p1f1,2028,09,06,0.0,27.910261,10.360312,2028
4998,r2i1p1f1,2028,09,07,0.0,30.828444,15.465489,2028
4999,r2i1p1f1,2028,09,08,0.0,34.573654,14.99365,2028
5000,r2i1p1f1,2028,09,09,0.0,35.276016,15.78954,2028
5001,r2i1p1f1,2028,09,10,1.199071554094644,36.27792,17.316742,2028
5002,r2i1p1f1,2028,09,11,0.0,25.450321,7.7007394,2028
5003,r2i1p1f1,2028,09,12,0.0,23.227608,3.7812157,2028
5004,r2i1p1f1,2028,09,13,0.0,23.076302,5.981962,2028
5005,r2i1p1f1,2028,09,14,0.0,25.911903,7.743745,2028
5006,r2i1p1f1,2028,09,15,0.0,28.845316,9.774214,2028
5007,r2i1p1f1,2028,09,16,0.0,32.35003,13.377359,2028
5008,r2i1p1f1,2028,09,17,0.0,33.09407,14.8126545,2028
5009,r2i1p1f1,2028,09,18,0.0,34.567703,15.915715,2028
5010,r2i1p1f1,2028,09,19,0.0,34.97522,15.097814,2028
5011,r2i1p1f1,2028,09,20,0.0,31.388424,13.383377,2028
5012,r2i1p1f1,2028,09,21,0.0,30.910418,12.681744,2028
5013,r2i1p1f1,2028,09,22,0.0,30.076115,12.18893,2028
5014,r2i1p1f1,2028,09,23,0.015649232045689132,28.482836,9.840975,2028
5015,r2i1p1f1,2028,09,24,0.0,25.119463,9.986935,2028
5016,r2i1p1f1,2028,09,25,0.10957633032830927,22.841217,8.345676,2028
5017,r2i1p1f1,2028,09,26,0.5208957147260662,18.070177,4.780152,2028
5018,r2i1p1f1,2028,09,27,0.5776646565209376,20.908274,6.700014,2028
5019,r2i1p1f1,2028,09,28,0.0,23.473278,8.474602,2028
5020,r2i1p1f1,2028,09,29,0.0,25.089539,9.226098,2028
5021,r2i1p1f1,2028,09,30,0.02186127494496759,25.41085,9.160142,2028
5022,r2i1p1f1,2028,10,01,0.0,23.022072,7.408639,2028
5023,r2i1p1f1,2028,10,02,0.0,23.274687,7.7451487,2028
5024,r2i1p1f1,2028,10,03,0.0,25.952013,8.695048,2028
5025,r2i1p1f1,2028,10,04,0.0,26.589048,8.715544,2028
5026,r2i1p1f1,2028,10,05,0.0,25.256279,8.051678,2028
5027,r2i1p1f1,2028,10,06,0.0,24.976067,6.849745,2028
5028,r2i1p1f1,2028,10,07,0.0,25.794273,9.358056,2028
5029,r2i1p1f1,2028,10,08,0.0,26.635712,9.061749,2028
5030,r2i1p1f1,2028,10,09,0.0,26.752434,11.023258,2028
5031,r2i1p1f1,2028,10,10,0.0,24.976826,8.543093,2028
5032,r2i1p1f1,2028,10,11,0.0,25.166142,8.328838,2028
5033,r2i1p1f1,2028,10,12,0.0,25.589325,8.60292,2028
5034,r2i1p1f1,2028,10,13,0.0,27.682465,11.282175,2028
5035,r2i1p1f1,2028,10,14,0.0,29.043135,13.210054,2028
5036,r2i1p1f1,2028,10,15,0.0,29.720198,12.120784,2028
5037,r2i1p1f1,2028,10,16,0.0,26.708271,10.880184,2028
5038,r2i1p1f1,2028,10,17,0.0,25.276466,9.691211,2028
5039,r2i1p1f1,2028,10,18,0.0,21.81152,6.549786,2028
5040,r2i1p1f1,2028,10,19,0.0,23.725716,7.857589,2028
5041,r2i1p1f1,2028,10,20,0.0,26.336733,9.907228,2028
5042,r2i1p1f1,2028,10,21,0.0,26.340157,11.121065,2028
5043,r2i1p1f1,2028,10,22,0.0,27.030514,11.372704,2028
5044,r2i1p1f1,2028,10,23,0.0,29.394958,13.903094,2028
5045,r2i1p1f1,2028,10,24,0.0,28.752293,12.014362,2028
5046,r2i1p1f1,2028,10,25,0.0,29.653212,14.779522,2028
5047,r2i1p1f1,2028,10,26,0.0,29.44394,11.988692,2028
5048,r2i1p1f1,2028,10,27,0.0,22.933994,7.64968,2028
5049,r2i1p1f1,2028,10,28,0.0,24.311651,10.075111,2028
5050,r2i1p1f1,2028,10,29,0.0,25.430618,9.486546,2028
5051,r2i1p1f1,2028,10,30,0.0,22.85585,7.1130524,2028
5052,r2i1p1f1,2028,10,31,0.0,22.97256,6.7426105,2028
5053,r2i1p1f1,2028,11,01,6.981311799881951,16.118416,6.4009447,2028
5054,r2i1p1f1,2028,11,02,0.0,8.962397,-2.3322535,2028
5055,r2i1p1f1,2028,11,03,0.0,16.217337,-0.85865563,2028
5056,r2i1p1f1,2028,11,04,0.0,20.341972,4.6518693,2028
5057,r2i1p1f1,2028,11,05,0.0,22.390919,8.065221,2028
5058,r2i1p1f1,2028,11,06,0.0,22.398865,9.229994,2028
5059,r2i1p1f1,2028,11,07,0.14554866119169674,20.19099,8.446409,2028
5060,r2i1p1f1,2028,11,08,0.16538958461751463,22.71976,10.093378,2028
5061,r2i1p1f1,2028,11,09,0.0,22.58718,8.342419,2028
5062,r2i1p1f1,2028,11,10,0.0,22.107689,8.877128,2028
5063,r2i1p1f1,2028,11,11,0.0,23.241356,8.351235,2028
5064,r2i1p1f1,2028,11,12,0.0,23.109327,9.649326,2028
5065,r2i1p1f1,2028,11,13,0.0,21.889051,8.815344,2028
5066,r2i1p1f1,2028,11,14,0.0,21.81085,7.1595373,2028
5067,r2i1p1f1,2028,11,15,0.0,22.715075,6.145369,2028
5068,r2i1p1f1,2028,11,16,0.0,20.144114,5.130717,2028
5069,r2i1p1f1,2028,11,17,0.0,20.372837,2.833522,2028
5070,r2i1p1f1,2028,11,18,6.023053960075231,13.521756,3.3916652,2028
5071,r2i1p1f1,2028,11,19,20.12620009359125,12.647083,7.4172688,2028
5072,r2i1p1f1,2028,11,20,0.0,14.454768,-0.5114536,2028
5073,r2i1p1f1,2028,11,21,0.0,13.685925,0.7182786,2028
5074,r2i1p1f1,2028,11,22,5.945983102927244,11.643131,3.2389205,2028
5075,r2i1p1f1,2028,11,23,0.5058380854961797,6.873961,-4.932356,2028
5076,r2i1p1f1,2028,11,24,0.0,7.9966908,-7.595789,2028
5077,r2i1p1f1,2028,11,25,9.568146895981045,8.463149,-4.3439627,2028
5078,r2i1p1f1,2028,11,26,19.421288438775264,4.8082404,-4.1117864,2028
5079,r2i1p1f1,2028,11,27,0.007507598911615787,6.1168704,-3.8561184,2028
5080,r2i1p1f1,2028,11,28,2.3000451032274327,8.235499,-1.1364436,2028
5081,r2i1p1f1,2028,11,29,0.0,14.012946,2.518216,2028
5082,r2i1p1f1,2028,11,30,0.0,16.617416,2.5547109,2028
5083,r2i1p1f1,2028,12,01,0.0,16.171694,5.370065,2028
5084,r2i1p1f1,2028,12,02,0.0,17.540253,4.7919445,2028
5085,r2i1p1f1,2028,12,03,0.09918567322984018,18.244232,5.9967575,2028
5086,r2i1p1f1,2028,12,04,19.22091103283492,17.041466,5.908366,2028
5087,r2i1p1f1,2028,12,05,35.13448580670229,12.046443,6.0561876,2028
5088,r2i1p1f1,2028,12,06,9.815179897054804,6.717311,-2.6854653,2028
5089,r2i1p1f1,2028,12,07,0.0031648893127567135,6.711294,-3.7111385,2028
5090,r2i1p1f1,2028,12,08,0.0019477635419207218,7.290752,-4.798581,2028
5091,r2i1p1f1,2028,12,09,0.0,12.3286085,-1.2653486,2028
5092,r2i1p1f1,2028,12,10,0.0,13.779762,-0.7388098,2028
5093,r2i1p1f1,2028,12,11,0.0,12.525031,0.25885618,2028
5094,r2i1p1f1,2028,12,12,0.0,12.126816,3.177312,2028
5095,r2i1p1f1,2028,12,13,0.0,13.009218,0.3036177,2028
5096,r2i1p1f1,2028,12,14,0.0,13.015438,0.9683316,2028
5097,r2i1p1f1,2028,12,15,7.576312914125083,10.804788,3.7480388,2028
5098,r2i1p1f1,2028,12,16,0.013542604870053765,9.640741,-1.3161558,2028
5099,r2i1p1f1,2028,12,17,0.0,9.761235,-0.77770895,2028
5100,r2i1p1f1,2028,12,18,8.362358599242725,7.549892,0.021695772,2028
5101,r2i1p1f1,2028,12,19,0.0,9.421625,-3.0361645,2028
5102,r2i1p1f1,2028,12,20,0.0,10.425431,-1.295658,2028
5103,r2i1p1f1,2028,12,21,0.0,12.438463,-0.57908225,2028
5104,r2i1p1f1,2028,12,22,0.0,11.499829,1.9025502,2028
5105,r2i1p1f1,2028,12,23,0.0,7.229175,-3.839495,2028
5106,r2i1p1f1,2028,12,24,0.0,7.4851294,-3.449174,2028
5107,r2i1p1f1,2028,12,25,0.0,9.79105,-1.2647207,2028
5108,r2i1p1f1,2028,12,26,0.0,9.270422,-0.7776113,2028
5109,r2i1p1f1,2028,12,27,0.0,10.061348,0.87204754,2028
5110,r2i1p1f1,2028,12,28,0.9373725636464769,8.745183,2.502328,2028
5111,r2i1p1f1,2028,12,29,0.0,9.5499,-0.8048632,2028
5112,r2i1p1f1,2028,12,30,0.0,13.965684,1.2307062,2028
5113,r2i1p1f1,2028,12,31,0.0,13.319431,1.3203561,2028
5114,r2i1p1f1,2029,01,01,0.0,11.405283,0.59293723,2029
5115,r2i1p1f1,2029,01,02,0.0,13.333388,1.1348464,2029
5116,r2i1p1f1,2029,01,03,0.0,15.399975,2.548164,2029
5117,r2i1p1f1,2029,01,04,0.0,15.687893,1.8696787,2029
5118,r2i1p1f1,2029,01,05,0.0,14.216046,1.3215194,2029
5119,r2i1p1f1,2029,01,06,0.0,14.372031,2.6783094,2029
5120,r2i1p1f1,2029,01,07,0.0,13.919665,3.4869483,2029
5121,r2i1p1f1,2029,01,08,0.0,15.04248,4.696776,2029
5122,r2i1p1f1,2029,01,09,0.0,15.761577,3.2590785,2029
5123,r2i1p1f1,2029,01,10,0.0,17.382875,4.1126156,2029
5124,r2i1p1f1,2029,01,11,0.0,17.858692,5.278233,2029
5125,r2i1p1f1,2029,01,12,0.0,17.95588,4.3027115,2029
5126,r2i1p1f1,2029,01,13,0.0,18.659887,4.9166327,2029
5127,r2i1p1f1,2029,01,14,0.1364735209790524,15.188558,3.977028,2029
5128,r2i1p1f1,2029,01,15,0.0,16.44749,2.9641464,2029
5129,r2i1p1f1,2029,01,16,0.0,16.567581,4.0333176,2029
5130,r2i1p1f1,2029,01,17,0.0,17.87617,3.848276,2029
5131,r2i1p1f1,2029,01,18,0.0,17.09193,4.4970517,2029
5132,r2i1p1f1,2029,01,19,0.0,16.621454,3.2590654,2029
5133,r2i1p1f1,2029,01,20,0.0,17.274862,4.2876105,2029
5134,r2i1p1f1,2029,01,21,0.0,18.60863,5.6018353,2029
5135,r2i1p1f1,2029,01,22,0.0,18.857328,5.4519978,2029
5136,r2i1p1f1,2029,01,23,0.0,18.865181,5.742062,2029
5137,r2i1p1f1,2029,01,24,0.0,17.727623,4.2980003,2029
5138,r2i1p1f1,2029,01,25,34.41492415313405,11.605627,0.9844869,2029
5139,r2i1p1f1,2029,01,26,15.154785947015625,11.651167,6.276549,2029
5140,r2i1p1f1,2029,01,27,69.15844931354513,11.508492,7.3684483,2029
5141,r2i1p1f1,2029,01,28,5.3608220780972715,12.77328,3.7244089,2029
5142,r2i1p1f1,2029,01,29,6.057309537266065,11.925651,-1.9917579,2029
5143,r2i1p1f1,2029,01,30,35.361956973792985,9.813743,2.6216984,2029
5144,r2i1p1f1,2029,01,31,0.0,13.282531,3.6653786,2029
5145,r2i1p1f1,2029,02,01,0.0,13.558162,1.6731589,2029
5146,r2i1p1f1,2029,02,02,0.5093236454968064,12.457858,3.5772367,2029
5147,r2i1p1f1,2029,02,03,0.04744679779946637,13.047583,2.474056,2029
5148,r2i1p1f1,2029,02,04,0.0,13.088549,1.0962417,2029
5149,r2i1p1f1,2029,02,05,0.0,14.485005,2.8687975,2029
5150,r2i1p1f1,2029,02,06,0.0,14.064108,3.2032986,2029
5151,r2i1p1f1,2029,02,07,0.24549649378968752,10.568059,0.725358,2029
5152,r2i1p1f1,2029,02,08,0.38723008422607563,10.033436,0.2514367,2029
5153,r2i1p1f1,2029,02,09,0.0,13.568287,1.4649708,2029
5154,r2i1p1f1,2029,02,10,0.0,16.608406,3.0133173,2029
5155,r2i1p1f1,2029,02,11,0.0,16.811651,3.3250632,2029
5156,r2i1p1f1,2029,02,12,0.0,13.128465,1.5137305,2029
5157,r2i1p1f1,2029,02,13,0.0,13.991558,-0.0052069556,2029
5158,r2i1p1f1,2029,02,14,0.006586235667782603,14.387614,0.60923207,2029
5159,r2i1p1f1,2029,02,15,5.65515063597104,8.688402,1.810595,2029
5160,r2i1p1f1,2029,02,16,15.527979245052848,7.5416317,0.408773,2029
5161,r2i1p1f1,2029,02,17,40.0667559079011,10.185179,4.3768487,2029
5162,r2i1p1f1,2029,02,18,0.03794196010176165,10.5875845,-1.0065509,2029
5163,r2i1p1f1,2029,02,19,0.0,12.75645,0.54038423,2029
5164,r2i1p1f1,2029,02,20,0.0,13.38206,0.597216,2029
5165,r2i1p1f1,2029,02,21,1.8188858754001558,12.381328,2.1300528,2029
5166,r2i1p1f1,2029,02,22,50.61972067487659,6.890675,3.2923589,2029
5167,r2i1p1f1,2029,02,23,22.067468086743247,11.399572,2.6177757,2029
5168,r2i1p1f1,2029,02,24,3.8950798972336997,12.197912,0.3609974,2029
5169,r2i1p1f1,2029,02,25,19.616240864706924,9.458144,-2.2277102,2029
5170,r2i1p1f1,2029,02,26,10.79305782401434,5.8905687,-2.7081861,2029
5171,r2i1p1f1,2029,02,27,27.30017132271314,7.5357184,0.35634407,2029
5172,r2i1p1f1,2029,02,28,0.029340939909161534,7.6338024,-1.8429216,2029
5173,r2i1p1f1,2029,03,01,10.161555511785991,6.1887383,-0.30392668,2029
5174,r2i1p1f1,2029,03,02,32.33379830780905,6.304296,1.2254695,2029
5175,r2i1p1f1,2029,03,03,0.0,11.085081,-3.545058,2029
5176,r2i1p1f1,2029,03,04,0.4901740530698362,11.446912,-1.8751398,2029
5177,r2i1p1f1,2029,03,05,1.031864387802628,10.66373,5.5461054,2029
5178,r2i1p1f1,2029,03,06,0.0,11.6570215,2.0578754,2029
5179,r2i1p1f1,2029,03,07,25.170539706596173,11.6097355,1.3489168,2029
5180,r2i1p1f1,2029,03,08,5.934634488693291,5.1315546,-0.12723944,2029
5181,r2i1p1f1,2029,03,09,0.0,12.55071,-1.1710672,2029
5182,r2i1p1f1,2029,03,10,0.0,16.199203,2.4905217,2029
5183,r2i1p1f1,2029,03,11,0.0,18.480757,3.5081916,2029
5184,r2i1p1f1,2029,03,12,0.0011244493123285793,20.021996,5.335895,2029
5185,r2i1p1f1,2029,03,13,0.0,19.480583,2.6136427,2029
5186,r2i1p1f1,2029,03,14,0.031400608850162826,17.259134,5.0625043,2029
5187,r2i1p1f1,2029,03,15,0.2735656802826725,15.374668,6.578938,2029
5188,r2i1p1f1,2029,03,16,11.344963626379467,14.66296,5.7667017,2029
5189,r2i1p1f1,2029,03,17,33.741396260347756,12.004976,3.0712118,2029
5190,r2i1p1f1,2029,03,18,4.803931239467829,7.224449,-2.812704,2029
5191,r2i1p1f1,2029,03,19,60.7238550495822,8.238169,3.885182,2029
5192,r2i1p1f1,2029,03,20,25.514785953055252,8.050883,1.9928839,2029
5193,r2i1p1f1,2029,03,21,6.33749539555879,7.6191964,-5.4631324,2029
5194,r2i1p1f1,2029,03,22,7.755578225805948,6.6695147,1.3595805,2029
5195,r2i1p1f1,2029,03,23,0.0,13.817158,-0.4650596,2029
5196,r2i1p1f1,2029,03,24,0.0,16.073433,0.8020152,2029
5197,r2i1p1f1,2029,03,25,0.0,17.29237,4.580407,2029
5198,r2i1p1f1,2029,03,26,0.0,18.751217,5.1712956,2029
5199,r2i1p1f1,2029,03,27,0.0,21.535826,7.7825894,2029
5200,r2i1p1f1,2029,03,28,0.0,23.524054,8.7570095,2029
5201,r2i1p1f1,2029,03,29,0.0,24.543884,9.97602,2029
5202,r2i1p1f1,2029,03,30,0.0,25.73713,9.902507,2029
5203,r2i1p1f1,2029,03,31,0.04679702327621271,23.034864,7.5391974,2029
5204,r2i1p1f1,2029,04,01,28.095507651596563,17.299843,6.808182,2029
5205,r2i1p1f1,2029,04,02,25.344083224626957,12.710666,9.338748,2029
5206,r2i1p1f1,2029,04,03,4.325644474420187,15.760771,6.9130154,2029
5207,r2i1p1f1,2029,04,04,0.003719102005561581,20.126553,6.21015,2029
5208,r2i1p1f1,2029,04,05,0.0,22.678286,7.026485,2029
5209,r2i1p1f1,2029,04,06,0.0,23.054192,7.6512136,2029
5210,r2i1p1f1,2029,04,07,0.025618356357881567,23.627298,8.60743,2029
5211,r2i1p1f1,2029,04,08,0.6912830122388414,18.16232,5.336559,2029
5212,r2i1p1f1,2029,04,09,2.141712947116048,14.872118,7.527966,2029
5213,r2i1p1f1,2029,04,10,6.478177076041902,12.287991,2.4211109,2029
5214,r2i1p1f1,2029,04,11,0.5117110179639894,8.589854,-0.6449272,2029
5215,r2i1p1f1,2029,04,12,15.925080109900591,9.484499,2.528095,2029
5216,r2i1p1f1,2029,04,13,11.388130839986843,10.034991,-1.6268338,2029
5217,r2i1p1f1,2029,04,14,50.438144419422315,9.287406,3.6908722,2029
5218,r2i1p1f1,2029,04,15,11.0202777826089,9.278254,-0.46253946,2029
5219,r2i1p1f1,2029,04,16,20.745449503374402,9.135938,0.9223434,2029
5220,r2i1p1f1,2029,04,17,3.65562185725139,9.406642,0.3181857,2029
5221,r2i1p1f1,2029,04,18,0.0,12.555993,0.74346334,2029
5222,r2i1p1f1,2029,04,19,17.614388117317503,9.926983,2.858388,2029
5223,r2i1p1f1,2029,04,20,30.228015673856135,13.342257,1.7790699,2029
5224,r2i1p1f1,2029,04,21,1.6593065273070806,13.360811,2.0807164,2029
5225,r2i1p1f1,2029,04,22,0.2544901640249009,12.359928,2.9434361,2029
5226,r2i1p1f1,2029,04,23,0.03314720634080004,12.47242,3.4851933,2029
5227,r2i1p1f1,2029,04,24,0.23675603313790816,12.83971,2.80476,2029
5228,r2i1p1f1,2029,04,25,0.004294771019885957,16.306763,2.1856956,2029
5229,r2i1p1f1,2029,04,26,0.26058368906092255,14.737087,2.9044847,2029
5230,r2i1p1f1,2029,04,27,0.36172831381122705,14.476444,5.2901783,2029
5231,r2i1p1f1,2029,04,28,3.4439487882224284,12.415386,2.855628,2029
5232,r2i1p1f1,2029,04,29,0.007456208118128416,17.463736,1.4869169,2029
5233,r2i1p1f1,2029,04,30,0.0,16.799252,3.6205606,2029
5234,r2i1p1f1,2029,05,01,0.0049577303798287176,15.544272,4.345177,2029
5235,r2i1p1f1,2029,05,02,0.0,19.084621,3.3807666,2029
5236,r2i1p1f1,2029,05,03,0.0,21.95724,6.4904127,2029
5237,r2i1p1f1,2029,05,04,0.0,22.71711,8.986903,2029
5238,r2i1p1f1,2029,05,05,0.0,21.144918,7.2769403,2029
5239,r2i1p1f1,2029,05,06,0.0,25.899023,10.381836,2029
5240,r2i1p1f1,2029,05,07,0.0,28.47628,12.475239,2029
5241,r2i1p1f1,2029,05,08,0.0,29.36322,14.050401,2029
5242,r2i1p1f1,2029,05,09,0.0,27.837917,11.380308,2029
5243,r2i1p1f1,2029,05,10,0.0,25.498518,10.685125,2029
5244,r2i1p1f1,2029,05,11,0.0,25.3864,9.314,2029
5245,r2i1p1f1,2029,05,12,0.0,24.81577,9.394727,2029
5246,r2i1p1f1,2029,05,13,0.0,25.591118,10.301991,2029
5247,r2i1p1f1,2029,05,14,0.0,26.460716,9.773183,2029
5248,r2i1p1f1,2029,05,15,0.0,25.538935,9.014353,2029
5249,r2i1p1f1,2029,05,16,0.0,28.815918,11.866622,2029
5250,r2i1p1f1,2029,05,17,0.0,29.892456,11.083987,2029
5251,r2i1p1f1,2029,05,18,0.0,23.643951,6.959829,2029
5252,r2i1p1f1,2029,05,19,0.0,24.187218,8.352967,2029
5253,r2i1p1f1,2029,05,20,0.0,27.39084,11.309169,2029
5254,r2i1p1f1,2029,05,21,0.0,28.758718,12.690945,2029
5255,r2i1p1f1,2029,05,22,0.0,29.335304,13.496239,2029
5256,r2i1p1f1,2029,05,23,0.0,31.00831,12.61628,2029
5257,r2i1p1f1,2029,05,24,0.0,31.862362,13.8917885,2029
5258,r2i1p1f1,2029,05,25,0.42423998788194694,28.515299,9.9896345,2029
5259,r2i1p1f1,2029,05,26,0.0,31.250679,14.765004,2029
5260,r2i1p1f1,2029,05,27,0.0,33.511818,16.569393,2029
5261,r2i1p1f1,2029,05,28,0.010696585923142266,32.627174,14.357267,2029
5262,r2i1p1f1,2029,05,29,0.9093295213347119,33.261047,14.500236,2029
5263,r2i1p1f1,2029,05,30,0.0,32.954933,16.290083,2029
5264,r2i1p1f1,2029,05,31,0.0,32.477364,15.959486,2029
5265,r2i1p1f1,2029,06,01,0.0,33.461647,16.009016,2029
5266,r2i1p1f1,2029,06,02,0.0,33.778248,15.797889,2029
5267,r2i1p1f1,2029,06,03,0.0,31.94107,15.166138,2029
5268,r2i1p1f1,2029,06,04,0.0,32.468494,15.261385,2029
5269,r2i1p1f1,2029,06,05,0.0024642683456477243,33.973934,13.035393,2029
5270,r2i1p1f1,2029,06,06,0.0,32.112362,11.464582,2029
5271,r2i1p1f1,2029,06,07,0.0,26.945824,9.348777,2029
5272,r2i1p1f1,2029,06,08,0.03981964686090578,25.041716,9.312084,2029
5273,r2i1p1f1,2029,06,09,1.1387031162854555,21.146355,6.064623,2029
5274,r2i1p1f1,2029,06,10,0.28799706506106304,22.399559,5.38418,2029
5275,r2i1p1f1,2029,06,11,0.0,26.50068,9.346808,2029
5276,r2i1p1f1,2029,06,12,0.0,26.700409,8.972739,2029
5277,r2i1p1f1,2029,06,13,0.0,27.132751,10.596825,2029
5278,r2i1p1f1,2029,06,14,0.0,27.530571,10.554565,2029
5279,r2i1p1f1,2029,06,15,0.0,28.333084,12.333067,2029
5280,r2i1p1f1,2029,06,16,0.0,29.075361,11.72724,2029
5281,r2i1p1f1,2029,06,17,0.0,30.121712,13.264104,2029
5282,r2i1p1f1,2029,06,18,0.0,30.815712,11.822727,2029
5283,r2i1p1f1,2029,06,19,0.0,30.356363,10.63618,2029
5284,r2i1p1f1,2029,06,20,0.0,30.974026,14.212769,2029
5285,r2i1p1f1,2029,06,21,0.0,32.12799,14.521382,2029
5286,r2i1p1f1,2029,06,22,0.0,33.558266,12.988765,2029
5287,r2i1p1f1,2029,06,23,0.0,34.23558,14.1330385,2029
5288,r2i1p1f1,2029,06,24,0.0,34.00244,15.7200365,2029
5289,r2i1p1f1,2029,06,25,0.0006820800308560138,32.770855,16.716967,2029
5290,r2i1p1f1,2029,06,26,0.0,32.69084,14.670212,2029
5291,r2i1p1f1,2029,06,27,0.0,35.355507,16.185337,2029
5292,r2i1p1f1,2029,06,28,0.0,35.986046,19.077515,2029
5293,r2i1p1f1,2029,06,29,0.0,35.65664,16.879808,2029
5294,r2i1p1f1,2029,06,30,0.0,33.92626,15.755042,2029
5295,r2i1p1f1,2029,07,01,0.0,33.57993,11.909468,2029
5296,r2i1p1f1,2029,07,02,0.0,32.191097,13.589533,2029
5297,r2i1p1f1,2029,07,03,0.0,32.266144,14.150083,2029
5298,r2i1p1f1,2029,07,04,0.0,33.375565,14.604224,2029
5299,r2i1p1f1,2029,07,05,0.0,34.81685,16.235104,2029
5300,r2i1p1f1,2029,07,06,0.0,34.729477,14.932853,2029
5301,r2i1p1f1,2029,07,07,0.0,34.568413,15.127216,2029
5302,r2i1p1f1,2029,07,08,0.0,34.79959,15.28324,2029
5303,r2i1p1f1,2029,07,09,0.0,35.809685,18.06287,2029
5304,r2i1p1f1,2029,07,10,0.0,36.12901,18.674541,2029
5305,r2i1p1f1,2029,07,11,0.0,35.090908,16.858328,2029
5306,r2i1p1f1,2029,07,12,0.0,35.258965,16.197987,2029
5307,r2i1p1f1,2029,07,13,0.0006690069767500972,34.71819,15.568054,2029
5308,r2i1p1f1,2029,07,14,0.0,33.04882,15.8064,2029
5309,r2i1p1f1,2029,07,15,0.0,32.332867,14.125267,2029
5310,r2i1p1f1,2029,07,16,0.0,31.71399,12.193244,2029
5311,r2i1p1f1,2029,07,17,0.0,31.543518,14.371013,2029
5312,r2i1p1f1,2029,07,18,0.0,33.15518,14.745601,2029
5313,r2i1p1f1,2029,07,19,0.0,33.754375,16.308601,2029
5314,r2i1p1f1,2029,07,20,0.0,34.56671,16.837471,2029
5315,r2i1p1f1,2029,07,21,0.0,35.529736,15.063836,2029
5316,r2i1p1f1,2029,07,22,0.0,35.25379,16.334639,2029
5317,r2i1p1f1,2029,07,23,0.0,35.86829,18.404991,2029
5318,r2i1p1f1,2029,07,24,0.0,36.399532,18.174227,2029
5319,r2i1p1f1,2029,07,25,0.0,36.213516,17.072289,2029
5320,r2i1p1f1,2029,07,26,0.0,35.957253,18.091915,2029
5321,r2i1p1f1,2029,07,27,0.0,35.369026,17.25957,2029
5322,r2i1p1f1,2029,07,28,0.0,36.381443,18.519182,2029
5323,r2i1p1f1,2029,07,29,0.0,37.361378,18.84565,2029
5324,r2i1p1f1,2029,07,30,0.0,35.685184,15.537957,2029
5325,r2i1p1f1,2029,07,31,0.0,37.29467,19.893,2029
5326,r2i1p1f1,2029,08,01,0.0,36.526894,17.37882,2029
5327,r2i1p1f1,2029,08,02,0.0,30.12779,13.396874,2029
5328,r2i1p1f1,2029,08,03,0.0,31.778704,14.370263,2029
5329,r2i1p1f1,2029,08,04,0.0,32.625057,13.581635,2029
5330,r2i1p1f1,2029,08,05,0.0,33.255478,14.475311,2029
5331,r2i1p1f1,2029,08,06,0.0,34.973072,16.601389,2029
5332,r2i1p1f1,2029,08,07,0.0,36.335255,15.906187,2029
5333,r2i1p1f1,2029,08,08,0.0,35.27617,18.565744,2029
5334,r2i1p1f1,2029,08,09,0.0,35.28072,15.460178,2029
5335,r2i1p1f1,2029,08,10,0.0,33.62363,13.51276,2029
5336,r2i1p1f1,2029,08,11,0.0,31.293587,12.203608,2029
5337,r2i1p1f1,2029,08,12,0.0,31.287567,13.311513,2029
5338,r2i1p1f1,2029,08,13,0.0,32.77397,13.956884,2029
5339,r2i1p1f1,2029,08,14,0.0,34.47415,16.573479,2029
5340,r2i1p1f1,2029,08,15,0.0,34.758713,15.52589,2029
5341,r2i1p1f1,2029,08,16,0.0,34.109882,14.874088,2029
5342,r2i1p1f1,2029,08,17,0.0,33.671444,14.245006,2029
5343,r2i1p1f1,2029,08,18,0.0,32.45665,12.284984,2029
5344,r2i1p1f1,2029,08,19,0.0,30.539185,11.034382,2029
5345,r2i1p1f1,2029,08,20,0.0,28.767365,8.811228,2029
5346,r2i1p1f1,2029,08,21,0.0,27.377247,8.423131,2029
5347,r2i1p1f1,2029,08,22,0.0,26.763561,8.199978,2029
5348,r2i1p1f1,2029,08,23,0.0,28.021023,11.100052,2029
5349,r2i1p1f1,2029,08,24,0.0,32.143547,13.65566,2029
5350,r2i1p1f1,2029,08,25,0.0,34.581505,16.8668,2029
5351,r2i1p1f1,2029,08,26,0.0,36.487576,17.20346,2029
5352,r2i1p1f1,2029,08,27,0.0,35.780666,20.95185,2029
5353,r2i1p1f1,2029,08,28,0.0,34.95316,20.869429,2029
5354,r2i1p1f1,2029,08,29,9.775295065276168,36.800674,15.138058,2029
5355,r2i1p1f1,2029,08,30,0.0,32.17036,13.513801,2029
5356,r2i1p1f1,2029,08,31,0.0,34.74616,17.542356,2029
5357,r2i1p1f1,2029,09,01,0.0,34.816227,16.566,2029
5358,r2i1p1f1,2029,09,02,0.08671077384860837,34.693363,15.708376,2029
5359,r2i1p1f1,2029,09,03,0.0,34.27084,16.814915,2029
5360,r2i1p1f1,2029,09,04,0.0,32.825897,14.3184395,2029
5361,r2i1p1f1,2029,09,05,0.0,30.239023,10.597578,2029
5362,r2i1p1f1,2029,09,06,0.0,25.07888,9.005642,2029
5363,r2i1p1f1,2029,09,07,0.0,23.846647,6.207018,2029
5364,r2i1p1f1,2029,09,08,0.0,24.15868,5.7947483,2029
5365,r2i1p1f1,2029,09,09,0.0,22.197609,7.2178903,2029
5366,r2i1p1f1,2029,09,10,0.0,22.641537,5.7908573,2029
5367,r2i1p1f1,2029,09,11,0.0,24.717943,7.562183,2029
5368,r2i1p1f1,2029,09,12,0.0,28.390707,10.747358,2029
5369,r2i1p1f1,2029,09,13,0.0,29.51433,11.549253,2029
5370,r2i1p1f1,2029,09,14,0.0,30.250946,10.9964,2029
5371,r2i1p1f1,2029,09,15,0.0,28.743046,9.308315,2029
5372,r2i1p1f1,2029,09,16,0.0,27.025963,9.570732,2029
5373,r2i1p1f1,2029,09,17,0.0,30.881168,13.0569,2029
5374,r2i1p1f1,2029,09,18,0.0,32.93303,16.235996,2029
5375,r2i1p1f1,2029,09,19,0.0,34.835396,15.636753,2029
5376,r2i1p1f1,2029,09,20,0.0,33.77202,14.293147,2029
5377,r2i1p1f1,2029,09,21,0.0,31.027012,10.978752,2029
5378,r2i1p1f1,2029,09,22,0.0,24.738573,6.8196106,2029
5379,r2i1p1f1,2029,09,23,0.0,26.94914,11.0484,2029
5380,r2i1p1f1,2029,09,24,0.0,27.609056,10.361631,2029
5381,r2i1p1f1,2029,09,25,0.0,24.768745,7.902466,2029
5382,r2i1p1f1,2029,09,26,0.0,24.227959,4.003834,2029
5383,r2i1p1f1,2029,09,27,0.0,21.98913,9.060613,2029
5384,r2i1p1f1,2029,09,28,0.0,17.315626,4.226058,2029
5385,r2i1p1f1,2029,09,29,0.0,17.19161,-0.03598886,2029
5386,r2i1p1f1,2029,09,30,0.0,20.35009,2.517535,2029
5387,r2i1p1f1,2029,10,01,0.0,23.530148,6.4390893,2029
5388,r2i1p1f1,2029,10,02,0.0,28.065914,10.615374,2029
5389,r2i1p1f1,2029,10,03,0.0,30.667131,12.873479,2029
5390,r2i1p1f1,2029,10,04,0.0,32.01271,14.346083,2029
5391,r2i1p1f1,2029,10,05,0.0,31.97889,13.601391,2029
5392,r2i1p1f1,2029,10,06,0.0,30.748514,12.651164,2029
5393,r2i1p1f1,2029,10,07,0.0,24.253447,9.473611,2029
5394,r2i1p1f1,2029,10,08,0.0,25.33716,10.4820595,2029
5395,r2i1p1f1,2029,10,09,0.0,25.806025,7.98527,2029
5396,r2i1p1f1,2029,10,10,0.12274184048237657,23.961493,9.582854,2029
5397,r2i1p1f1,2029,10,11,0.0,24.377037,8.002392,2029
5398,r2i1p1f1,2029,10,12,0.0,23.43765,7.227444,2029
5399,r2i1p1f1,2029,10,13,0.0,24.870165,8.345315,2029
5400,r2i1p1f1,2029,10,14,0.0,27.762564,12.7158985,2029
5401,r2i1p1f1,2029,10,15,0.0,30.543953,14.829891,2029
5402,r2i1p1f1,2029,10,16,0.0,31.57169,13.932234,2029
5403,r2i1p1f1,2029,10,17,0.0,31.269104,13.575016,2029
5404,r2i1p1f1,2029,10,18,0.0,26.848457,10.278507,2029
5405,r2i1p1f1,2029,10,19,0.0,23.94945,6.867052,2029
5406,r2i1p1f1,2029,10,20,0.0,22.764338,6.706632,2029
5407,r2i1p1f1,2029,10,21,0.0,23.228373,8.709316,2029
5408,r2i1p1f1,2029,10,22,12.551988280284831,18.67879,4.1620264,2029
5409,r2i1p1f1,2029,10,23,0.0,19.58783,3.0931795,2029
5410,r2i1p1f1,2029,10,24,0.0,14.096806,-1.3872684,2029
5411,r2i1p1f1,2029,10,25,2.8691129472235843e-05,13.215607,-0.45742682,2029
5412,r2i1p1f1,2029,10,26,0.0,15.309794,-1.5944265,2029
5413,r2i1p1f1,2029,10,27,0.0,20.310898,4.618784,2029
5414,r2i1p1f1,2029,10,28,0.0,20.897243,5.9476547,2029
5415,r2i1p1f1,2029,10,29,0.0,20.824005,5.0796795,2029
5416,r2i1p1f1,2029,10,30,0.0,20.036922,5.456158,2029
5417,r2i1p1f1,2029,10,31,0.0,24.542881,6.8312426,2029
5418,r2i1p1f1,2029,11,01,0.0,26.227669,10.603824,2029
5419,r2i1p1f1,2029,11,02,0.0,27.586239,11.1048355,2029
5420,r2i1p1f1,2029,11,03,0.0,25.52794,8.358605,2029
5421,r2i1p1f1,2029,11,04,0.0,20.444101,6.4168034,2029
5422,r2i1p1f1,2029,11,05,0.0,21.99894,5.0923724,2029
5423,r2i1p1f1,2029,11,06,0.0,23.777245,9.596808,2029
5424,r2i1p1f1,2029,11,07,3.886081619714332,18.516157,0.26469797,2029
5425,r2i1p1f1,2029,11,08,21.276038895666716,12.569982,4.63426,2029
5426,r2i1p1f1,2029,11,09,18.14785908650265,8.70932,3.3860729,2029
5427,r2i1p1f1,2029,11,10,54.603155188669916,9.863516,3.3908,2029
5428,r2i1p1f1,2029,11,11,5.9382069152206896,11.6354685,1.6001265,2029
5429,r2i1p1f1,2029,11,12,8.000552736166355,8.364079,-3.8586056,2029
5430,r2i1p1f1,2029,11,13,9.118796580764865,7.01431,1.655317,2029
5431,r2i1p1f1,2029,11,14,0.0,9.323524,-2.969218,2029
5432,r2i1p1f1,2029,11,15,0.0,14.088136,-0.75518584,2029
5433,r2i1p1f1,2029,11,16,0.0,15.200375,2.494701,2029
5434,r2i1p1f1,2029,11,17,0.0,16.291986,3.3551111,2029
5435,r2i1p1f1,2029,11,18,0.0,15.46051,3.3148742,2029
5436,r2i1p1f1,2029,11,19,0.5025729029057402,13.615007,3.6841822,2029
5437,r2i1p1f1,2029,11,20,0.0,15.296182,3.4237814,2029
5438,r2i1p1f1,2029,11,21,0.07225063877740467,14.749022,4.6355324,2029
5439,r2i1p1f1,2029,11,22,0.0,17.755175,5.854346,2029
5440,r2i1p1f1,2029,11,23,0.0,18.0082,5.2617774,2029
5441,r2i1p1f1,2029,11,24,0.0,18.65049,6.5656443,2029
5442,r2i1p1f1,2029,11,25,0.6562900554399675,17.572517,5.7131224,2029
5443,r2i1p1f1,2029,11,26,2.788007921492408,17.175545,5.042971,2029
5444,r2i1p1f1,2029,11,27,21.491368065107963,11.193821,0.25412163,2029
5445,r2i1p1f1,2029,11,28,0.0,7.713068,-2.918421,2029
5446,r2i1p1f1,2029,11,29,0.0,7.882989,-0.9534772,2029
5447,r2i1p1f1,2029,11,30,0.0,10.13777,-1.802987,2029
5448,r2i1p1f1,2029,12,01,0.0,12.816952,-0.80187,2029
5449,r2i1p1f1,2029,12,02,0.0,12.0853815,-0.4285237,2029
5450,r2i1p1f1,2029,12,03,0.0,12.306896,1.7409009,2029
5451,r2i1p1f1,2029,12,04,0.0,14.107986,1.8043433,2029
5452,r2i1p1f1,2029,12,05,0.0,15.788069,2.5428593,2029
5453,r2i1p1f1,2029,12,06,0.0,16.658854,3.1594687,2029
5454,r2i1p1f1,2029,12,07,0.0,17.443134,4.185613,2029
5455,r2i1p1f1,2029,12,08,0.0,16.909342,4.190634,2029
5456,r2i1p1f1,2029,12,09,0.0,15.385426,4.6306515,2029
5457,r2i1p1f1,2029,12,10,0.0,17.444544,5.663525,2029
5458,r2i1p1f1,2029,12,11,0.0,18.312105,4.6465816,2029
5459,r2i1p1f1,2029,12,12,0.0,17.606134,3.5605938,2029
5460,r2i1p1f1,2029,12,13,0.0,17.814226,5.330668,2029
5461,r2i1p1f1,2029,12,14,0.0,18.484058,4.245734,2029
5462,r2i1p1f1,2029,12,15,0.0,18.975235,6.718664,2029
5463,r2i1p1f1,2029,12,16,15.461454100841365,14.821311,6.8093314,2029
5464,r2i1p1f1,2029,12,17,0.3207238810830404,10.947532,1.1636834,2029
5465,r2i1p1f1,2029,12,18,0.0,10.806232,-0.0014315711,2029
5466,r2i1p1f1,2029,12,19,0.0,14.014378,-0.35787454,2029
5467,r2i1p1f1,2029,12,20,0.0,13.43742,1.0675697,2029
5468,r2i1p1f1,2029,12,21,0.0,11.170627,-1.1014707,2029
5469,r2i1p1f1,2029,12,22,1.0176230464196578,8.946318,-1.74667,2029
5470,r2i1p1f1,2029,12,23,0.0,12.291983,3.0163932,2029
5471,r2i1p1f1,2029,12,24,0.0,12.833852,1.673924,2029
5472,r2i1p1f1,2029,12,25,0.0,13.636414,1.9854306,2029
5473,r2i1p1f1,2029,12,26,0.0,15.49723,2.3160257,2029
5474,r2i1p1f1,2029,12,27,0.0,16.396715,4.034941,2029
5475,r2i1p1f1,2029,12,28,5.131391045887312,15.640742,4.8337536,2029
5476,r2i1p1f1,2029,12,29,0.0,7.3579397,-4.5797114,2029
5477,r2i1p1f1,2029,12,30,0.0,8.764672,-1.9703538,2029
5478,r2i1p1f1,2029,12,31,10.774456307058244,8.250589,-2.0955253,2029
5479,r2i1p1f1,2030,01,01,37.02977520697459,8.422568,3.869267,2030
5480,r2i1p1f1,2030,01,02,3.2086244124798213,7.1394043,0.5965709,2030
5481,r2i1p1f1,2030,01,03,9.77247844912199,8.364798,1.4726213,2030
5482,r2i1p1f1,2030,01,04,18.369040367178968,8.507853,2.807324,2030
5483,r2i1p1f1,2030,01,05,0.0,10.335826,-2.2958355,2030
5484,r2i1p1f1,2030,01,06,0.0,11.229229,0.7590186,2030
5485,r2i1p1f1,2030,01,07,0.0,11.759007,1.1049658,2030
5486,r2i1p1f1,2030,01,08,0.0,9.200126,-0.40244648,2030
5487,r2i1p1f1,2030,01,09,0.0,9.766111,-2.5077646,2030
5488,r2i1p1f1,2030,01,10,0.6691322766165797,9.1999,-0.75977653,2030
5489,r2i1p1f1,2030,01,11,0.6481074797648034,8.442985,1.9800739,2030
5490,r2i1p1f1,2030,01,12,1.2228239824452203,9.448205,3.5332985,2030
5491,r2i1p1f1,2030,01,13,2.6716856226016716,9.941029,4.634547,2030
5492,r2i1p1f1,2030,01,14,0.15124102394565853,14.393099,5.1211324,2030
5493,r2i1p1f1,2030,01,15,0.0,16.391811,4.2834864,2030
5494,r2i1p1f1,2030,01,16,0.0,17.336761,5.5223265,2030
5495,r2i1p1f1,2030,01,17,0.0,15.097746,1.5726843,2030
5496,r2i1p1f1,2030,01,18,0.0,10.255299,-1.3893007,2030
5497,r2i1p1f1,2030,01,19,0.0,13.561369,0.8581272,2030
5498,r2i1p1f1,2030,01,20,0.0,15.994792,4.0134907,2030
5499,r2i1p1f1,2030,01,21,0.0,15.664542,3.4839811,2030
5500,r2i1p1f1,2030,01,22,0.0,16.251606,4.9718533,2030
5501,r2i1p1f1,2030,01,23,0.0,15.829736,5.125421,2030
5502,r2i1p1f1,2030,01,24,0.0,17.525112,5.9674435,2030
5503,r2i1p1f1,2030,01,25,0.010895328705373686,11.932575,1.6783074,2030
5504,r2i1p1f1,2030,01,26,0.0,8.288372,-3.5663943,2030
5505,r2i1p1f1,2030,01,27,0.0,5.886014,-5.02289,2030
5506,r2i1p1f1,2030,01,28,0.0,8.6988535,-2.751557,2030
5507,r2i1p1f1,2030,01,29,0.0,11.608487,-0.043547682,2030
5508,r2i1p1f1,2030,01,30,0.0,13.609194,0.10180632,2030
5509,r2i1p1f1,2030,01,31,0.0,15.928364,0.97151214,2030
5510,r2i1p1f1,2030,02,01,1.1613308251355647,14.322372,1.3018255,2030
5511,r2i1p1f1,2030,02,02,52.91682363967993,8.952448,3.6886978,2030
5512,r2i1p1f1,2030,02,03,0.4136061241297284,7.5938516,-3.1503193,2030
5513,r2i1p1f1,2030,02,04,32.739652523741825,6.5055184,-1.8301405,2030
5514,r2i1p1f1,2030,02,05,15.1220711872611,3.046828,-2.8193874,2030
5515,r2i1p1f1,2030,02,06,13.494485997216543,3.1302671,-1.1339664,2030
5516,r2i1p1f1,2030,02,07,11.47635559536866,8.497692,0.31054264,2030
5517,r2i1p1f1,2030,02,08,19.989894983245904,11.055569,3.075905,2030
5518,r2i1p1f1,2030,02,09,3.6312369873030548,11.728653,1.2137617,2030
5519,r2i1p1f1,2030,02,10,0.8982083741955194,11.424848,0.4936134,2030
5520,r2i1p1f1,2030,02,11,1.455853203461288,10.452694,-0.16132991,2030
5521,r2i1p1f1,2030,02,12,41.32495157973608,10.690402,5.2209864,2030
5522,r2i1p1f1,2030,02,13,4.6334336307836566,10.874351,-0.7550381,2030
5523,r2i1p1f1,2030,02,14,0.0,10.449365,-1.2063277,2030
5524,r2i1p1f1,2030,02,15,0.0,14.609196,1.7810012,2030
5525,r2i1p1f1,2030,02,16,0.0,16.493196,3.7747679,2030
5526,r2i1p1f1,2030,02,17,0.0,16.477694,3.0378675,2030
5527,r2i1p1f1,2030,02,18,0.0,10.360426,-1.5383029,2030
5528,r2i1p1f1,2030,02,19,0.0,10.041694,-0.7607558,2030
5529,r2i1p1f1,2030,02,20,0.0,12.077251,1.4203823,2030
5530,r2i1p1f1,2030,02,21,0.0,16.367798,4.2209754,2030
5531,r2i1p1f1,2030,02,22,0.0,17.387022,5.5593224,2030
5532,r2i1p1f1,2030,02,23,0.0,19.30548,5.8192844,2030
5533,r2i1p1f1,2030,02,24,0.0,18.582415,5.8375683,2030
5534,r2i1p1f1,2030,02,25,0.0,18.894361,6.887719,2030
5535,r2i1p1f1,2030,02,26,0.0,19.664053,7.107305,2030
5536,r2i1p1f1,2030,02,27,0.0,19.713037,7.3993716,2030
5537,r2i1p1f1,2030,02,28,0.0,18.597315,7.143069,2030
5538,r2i1p1f1,2030,03,01,0.0,17.608873,4.2570987,2030
5539,r2i1p1f1,2030,03,02,0.0,17.025679,5.4397416,2030
5540,r2i1p1f1,2030,03,03,0.0,18.538986,4.2525616,2030
5541,r2i1p1f1,2030,03,04,0.0,18.801283,3.9739668,2030
5542,r2i1p1f1,2030,03,05,0.0,17.498198,2.171813,2030
5543,r2i1p1f1,2030,03,06,0.0,18.585266,6.2580495,2030
5544,r2i1p1f1,2030,03,07,0.11765036705924103,19.402903,6.1324716,2030
5545,r2i1p1f1,2030,03,08,18.746647531770577,11.68917,2.7919571,2030
5546,r2i1p1f1,2030,03,09,0.004115646993341215,10.185756,1.5250359,2030
5547,r2i1p1f1,2030,03,10,0.0,13.091264,-1.9233627,2030
5548,r2i1p1f1,2030,03,11,8.158457821764387,11.715974,1.2297813,2030
5549,r2i1p1f1,2030,03,12,13.661480397058767,10.331512,6.698607,2030
5550,r2i1p1f1,2030,03,13,14.434798535330629,12.728645,6.7236576,2030
5551,r2i1p1f1,2030,03,14,0.0,15.92295,3.6289313,2030
5552,r2i1p1f1,2030,03,15,0.0,18.588905,2.233513,2030
5553,r2i1p1f1,2030,03,16,0.0,18.464193,3.1610348,2030
5554,r2i1p1f1,2030,03,17,8.139386504490176,15.6281805,4.1426477,2030
5555,r2i1p1f1,2030,03,18,1.0221256118484234,13.825491,0.5530718,2030
5556,r2i1p1f1,2030,03,19,9.205126425729304,11.115593,2.1965911,2030
5557,r2i1p1f1,2030,03,20,3.3159947322360495,8.186962,3.7049227,2030
5558,r2i1p1f1,2030,03,21,2.1535205667532864,9.746183,1.1865327,2030
5559,r2i1p1f1,2030,03,22,0.0,14.669743,-1.982677,2030
5560,r2i1p1f1,2030,03,23,0.0,15.683892,0.7153838,2030
5561,r2i1p1f1,2030,03,24,0.2042287665233289,15.758475,3.8802805,2030
5562,r2i1p1f1,2030,03,25,0.04517789739111322,11.422337,-3.0540133,2030
5563,r2i1p1f1,2030,03,26,0.3667590856593961,8.1848,-0.9669988,2030
5564,r2i1p1f1,2030,03,27,11.722532745534409,8.61631,4.4114294,2030
5565,r2i1p1f1,2030,03,28,8.59512638016895,9.991392,-3.504674,2030
5566,r2i1p1f1,2030,03,29,0.0,12.962524,-3.1619136,2030
5567,r2i1p1f1,2030,03,30,0.0,16.94784,0.6112961,2030
5568,r2i1p1f1,2030,03,31,0.06307806197582977,17.75556,4.065897,2030
5569,r2i1p1f1,2030,04,01,0.0,13.218128,-0.33186612,2030
5570,r2i1p1f1,2030,04,02,10.203475935304596,6.536417,-3.4904583,2030
5571,r2i1p1f1,2030,04,03,12.626853092115198,8.142034,-2.018112,2030
5572,r2i1p1f1,2030,04,04,9.544523893623591,9.19509,-2.5799215,2030
5573,r2i1p1f1,2030,04,05,31.035864497971488,6.9258046,2.1523263,2030
5574,r2i1p1f1,2030,04,06,24.058360983326565,6.9145346,-5.510477,2030
5575,r2i1p1f1,2030,04,07,3.355182651466748,4.364706,-1.6469827,2030
5576,r2i1p1f1,2030,04,08,8.782969979233712,11.540707,-0.15752336,2030
5577,r2i1p1f1,2030,04,09,0.0,17.756577,1.2394418,2030
5578,r2i1p1f1,2030,04,10,0.0,19.983284,3.1604939,2030
5579,r2i1p1f1,2030,04,11,0.0,19.719904,3.8955412,2030
5580,r2i1p1f1,2030,04,12,0.0,18.365698,4.382419,2030
5581,r2i1p1f1,2030,04,13,0.0,17.361742,3.2383852,2030
5582,r2i1p1f1,2030,04,14,0.0,17.457222,2.73023,2030
5583,r2i1p1f1,2030,04,15,0.0,22.569286,5.8651447,2030
5584,r2i1p1f1,2030,04,16,0.0,25.109612,8.807833,2030
5585,r2i1p1f1,2030,04,17,0.0,25.23272,11.135382,2030
5586,r2i1p1f1,2030,04,18,0.41110578575924706,23.34892,8.421117,2030
5587,r2i1p1f1,2030,04,19,0.0,17.52963,4.282427,2030
5588,r2i1p1f1,2030,04,20,0.0,15.79755,0.9310449,2030
5589,r2i1p1f1,2030,04,21,0.41702071310396605,15.740753,3.1288478,2030
5590,r2i1p1f1,2030,04,22,1.6360759378017065,15.959488,4.479415,2030
5591,r2i1p1f1,2030,04,23,0.0,20.499947,4.156097,2030
5592,r2i1p1f1,2030,04,24,0.0,25.460386,9.875732,2030
5593,r2i1p1f1,2030,04,25,0.0,28.226372,11.610595,2030
5594,r2i1p1f1,2030,04,26,0.0,28.616713,11.713848,2030
5595,r2i1p1f1,2030,04,27,0.08931654139701095,24.22255,7.760935,2030
5596,r2i1p1f1,2030,04,28,4.903644676810082,13.446745,1.4705353,2030
5597,r2i1p1f1,2030,04,29,0.0,16.754513,0.8423856,2030
5598,r2i1p1f1,2030,04,30,0.07860568852038341,16.713844,2.628353,2030
5599,r2i1p1f1,2030,05,01,0.0,14.794403,2.1798506,2030
5600,r2i1p1f1,2030,05,02,0.0,16.612299,1.3603785,2030
5601,r2i1p1f1,2030,05,03,0.02268018606628175,15.573635,2.9629064,2030
5602,r2i1p1f1,2030,05,04,19.067440149592585,9.93938,4.497583,2030
5603,r2i1p1f1,2030,05,05,0.0,16.989162,1.4401207,2030
5604,r2i1p1f1,2030,05,06,0.0,20.515001,4.8284936,2030
5605,r2i1p1f1,2030,05,07,0.0,26.029163,9.741959,2030
5606,r2i1p1f1,2030,05,08,0.0,28.24479,13.761322,2030
5607,r2i1p1f1,2030,05,09,0.0,27.869955,11.811148,2030
5608,r2i1p1f1,2030,05,10,0.0,25.382225,7.5347614,2030
5609,r2i1p1f1,2030,05,11,0.0,17.537601,4.7688,2030
5610,r2i1p1f1,2030,05,12,0.0,22.700935,6.2982593,2030
5611,r2i1p1f1,2030,05,13,0.0,28.810795,10.682319,2030
5612,r2i1p1f1,2030,05,14,0.0,30.583076,12.972855,2030
5613,r2i1p1f1,2030,05,15,0.0,31.79368,14.584054,2030
5614,r2i1p1f1,2030,05,16,0.0,33.399467,13.473743,2030
5615,r2i1p1f1,2030,05,17,0.596268891422369,32.011093,13.527618,2030
5616,r2i1p1f1,2030,05,18,1.4805793873051698,27.69228,10.610344,2030
5617,r2i1p1f1,2030,05,19,0.0,25.2903,4.8759723,2030
5618,r2i1p1f1,2030,05,20,5.814026433915842,15.590099,2.5257137,2030
5619,r2i1p1f1,2030,05,21,9.23545809874895,13.06507,6.026034,2030
5620,r2i1p1f1,2030,05,22,2.7484107474322172,14.415653,6.10884,2030
5621,r2i1p1f1,2030,05,23,1.0169211670159939,18.033922,5.5685463,2030
5622,r2i1p1f1,2030,05,24,0.009943553504854208,17.598127,5.9923954,2030
5623,r2i1p1f1,2030,05,25,0.10636174883984495,18.183643,4.6017594,2030
5624,r2i1p1f1,2030,05,26,0.0,21.00792,4.372949,2030
5625,r2i1p1f1,2030,05,27,0.0,21.245913,7.236524,2030
5626,r2i1p1f1,2030,05,28,0.0,19.517502,3.0378582,2030
5627,r2i1p1f1,2030,05,29,0.0,22.994808,5.882493,2030
5628,r2i1p1f1,2030,05,30,0.0,23.84371,8.743392,2030
5629,r2i1p1f1,2030,05,31,0.0,19.166542,6.041731,2030
5630,r2i1p1f1,2030,06,01,0.0,20.091608,5.1613507,2030
5631,r2i1p1f1,2030,06,02,0.0,22.503918,5.5933237,2030
5632,r2i1p1f1,2030,06,03,0.0,26.046362,8.550259,2030
5633,r2i1p1f1,2030,06,04,0.0,30.213274,11.907771,2030
5634,r2i1p1f1,2030,06,05,0.0,32.444332,15.008128,2030
5635,r2i1p1f1,2030,06,06,0.0,32.182243,12.829609,2030
5636,r2i1p1f1,2030,06,07,0.0,27.885939,10.231312,2030
5637,r2i1p1f1,2030,06,08,0.0,21.93435,4.996434,2030
5638,r2i1p1f1,2030,06,09,0.0,19.713364,3.6062677,2030
5639,r2i1p1f1,2030,06,10,0.0,22.426872,5.721988,2030
5640,r2i1p1f1,2030,06,11,0.0,26.717155,10.262724,2030
5641,r2i1p1f1,2030,06,12,0.0,29.23462,11.848917,2030
5642,r2i1p1f1,2030,06,13,0.0,29.94206,11.028717,2030
5643,r2i1p1f1,2030,06,14,0.06399947160389274,29.95853,11.277896,2030
5644,r2i1p1f1,2030,06,15,0.022700671866004996,29.821953,12.523633,2030
5645,r2i1p1f1,2030,06,16,0.330961513350303,28.672594,12.105218,2030
5646,r2i1p1f1,2030,06,17,0.2195419148279143,30.582481,12.499691,2030
5647,r2i1p1f1,2030,06,18,0.04200630687876128,31.771738,12.9861555,2030
5648,r2i1p1f1,2030,06,19,0.8111879044918169,29.557686,11.942106,2030
5649,r2i1p1f1,2030,06,20,0.7414725901981001,23.540922,9.240853,2030
5650,r2i1p1f1,2030,06,21,0.25231470626749797,24.858921,9.51375,2030
5651,r2i1p1f1,2030,06,22,0.48033641733127297,28.590584,11.902623,2030
5652,r2i1p1f1,2030,06,23,0.03439592792346957,28.873482,13.112392,2030
5653,r2i1p1f1,2030,06,24,0.0,30.267937,13.390135,2030
5654,r2i1p1f1,2030,06,25,0.0,30.227169,11.565056,2030
5655,r2i1p1f1,2030,06,26,0.0,26.959017,12.55106,2030
5656,r2i1p1f1,2030,06,27,0.0,28.867981,13.19447,2030
5657,r2i1p1f1,2030,06,28,0.0,29.995243,13.657085,2030
5658,r2i1p1f1,2030,06,29,0.0,30.4232,11.626812,2030
5659,r2i1p1f1,2030,06,30,0.0,27.879328,10.389464,2030
5660,r2i1p1f1,2030,07,01,0.0,26.26245,9.55118,2030
5661,r2i1p1f1,2030,07,02,0.0,26.621063,8.236976,2030
5662,r2i1p1f1,2030,07,03,0.0,26.805624,7.851849,2030
5663,r2i1p1f1,2030,07,04,0.0,26.994436,7.317289,2030
5664,r2i1p1f1,2030,07,05,0.0,26.988155,9.509441,2030
5665,r2i1p1f1,2030,07,06,0.0,27.367138,9.131673,2030
5666,r2i1p1f1,2030,07,07,0.0,27.941479,9.812162,2030
5667,r2i1p1f1,2030,07,08,0.0,32.484848,15.370769,2030
5668,r2i1p1f1,2030,07,09,0.0,33.500996,14.524309,2030
5669,r2i1p1f1,2030,07,10,0.0,30.203413,10.633952,2030
5670,r2i1p1f1,2030,07,11,0.0,31.343893,14.849175,2030
5671,r2i1p1f1,2030,07,12,0.0,32.80241,13.817186,2030
5672,r2i1p1f1,2030,07,13,0.0,32.25439,13.043558,2030
5673,r2i1p1f1,2030,07,14,0.0,31.191315,11.880404,2030
5674,r2i1p1f1,2030,07,15,0.0,28.9379,9.035126,2030
5675,r2i1p1f1,2030,07,16,0.0,27.478743,8.874087,2030
5676,r2i1p1f1,2030,07,17,0.0,31.248068,12.628459,2030
5677,r2i1p1f1,2030,07,18,0.0,32.767967,15.629017,2030
5678,r2i1p1f1,2030,07,19,0.0,33.061207,13.231708,2030
5679,r2i1p1f1,2030,07,20,0.0,30.296957,11.4745035,2030
5680,r2i1p1f1,2030,07,21,0.0,33.0415,14.154132,2030
5681,r2i1p1f1,2030,07,22,0.0,33.1626,14.3006525,2030
5682,r2i1p1f1,2030,07,23,0.0,33.44409,12.858131,2030
5683,r2i1p1f1,2030,07,24,0.0,30.399849,13.597286,2030
5684,r2i1p1f1,2030,07,25,0.0,32.840515,13.691135,2030
5685,r2i1p1f1,2030,07,26,0.0,35.10161,16.539757,2030
5686,r2i1p1f1,2030,07,27,0.0,35.71243,14.618534,2030
5687,r2i1p1f1,2030,07,28,0.0,31.720133,12.6196,2030
5688,r2i1p1f1,2030,07,29,0.0,31.397617,11.627384,2030
5689,r2i1p1f1,2030,07,30,0.0,32.5757,11.975933,2030
5690,r2i1p1f1,2030,07,31,0.0,34.659378,15.284239,2030
5691,r2i1p1f1,2030,08,01,0.0,35.383404,16.40128,2030
5692,r2i1p1f1,2030,08,02,0.0,35.73587,16.967253,2030
5693,r2i1p1f1,2030,08,03,0.0,36.68608,19.252342,2030
5694,r2i1p1f1,2030,08,04,0.0,35.977634,19.438944,2030
5695,r2i1p1f1,2030,08,05,0.0,35.79016,16.747002,2030
5696,r2i1p1f1,2030,08,06,0.0,34.396122,14.27473,2030
5697,r2i1p1f1,2030,08,07,0.0,32.19017,11.52221,2030
5698,r2i1p1f1,2030,08,08,0.0,28.788462,8.55712,2030
5699,r2i1p1f1,2030,08,09,0.0,26.14404,7.5401926,2030
5700,r2i1p1f1,2030,08,10,0.0,26.964605,8.91608,2030
5701,r2i1p1f1,2030,08,11,0.0,27.751219,8.82849,2030
5702,r2i1p1f1,2030,08,12,0.0,27.520868,10.009596,2030
5703,r2i1p1f1,2030,08,13,0.0,29.59488,11.556854,2030
5704,r2i1p1f1,2030,08,14,0.0,30.725075,10.169796,2030
5705,r2i1p1f1,2030,08,15,0.0,28.471828,7.0634203,2030
5706,r2i1p1f1,2030,08,16,0.0,25.05786,7.3674755,2030
5707,r2i1p1f1,2030,08,17,0.0,24.592916,6.9690475,2030
5708,r2i1p1f1,2030,08,18,0.0,27.947344,9.908864,2030
5709,r2i1p1f1,2030,08,19,0.0,30.931396,11.608654,2030
5710,r2i1p1f1,2030,08,20,0.0,32.007133,12.006478,2030
5711,r2i1p1f1,2030,08,21,0.0,32.102486,14.545881,2030
5712,r2i1p1f1,2030,08,22,0.0,33.741062,16.19262,2030
5713,r2i1p1f1,2030,08,23,0.0,34.74075,16.188026,2030
5714,r2i1p1f1,2030,08,24,0.0,33.84764,16.398605,2030
5715,r2i1p1f1,2030,08,25,0.0,35.58636,15.517446,2030
5716,r2i1p1f1,2030,08,26,0.0,33.371056,12.583685,2030
5717,r2i1p1f1,2030,08,27,0.0,29.449913,9.41197,2030
5718,r2i1p1f1,2030,08,28,0.0,29.415754,10.908191,2030
5719,r2i1p1f1,2030,08,29,0.0,31.679588,11.941001,2030
5720,r2i1p1f1,2030,08,30,0.09330501761724008,31.691053,12.504452,2030
5721,r2i1p1f1,2030,08,31,0.0,30.1795,11.136931,2030
5722,r2i1p1f1,2030,09,01,0.0,29.82475,13.300793,2030
5723,r2i1p1f1,2030,09,02,0.0,30.754723,13.697771,2030
5724,r2i1p1f1,2030,09,03,0.0,33.70848,13.689583,2030
5725,r2i1p1f1,2030,09,04,0.0,29.87914,12.853211,2030
5726,r2i1p1f1,2030,09,05,0.0,30.836714,13.540507,2030
5727,r2i1p1f1,2030,09,06,0.0,30.39466,11.552345,2030
5728,r2i1p1f1,2030,09,07,0.0,27.273272,10.082219,2030
5729,r2i1p1f1,2030,09,08,0.0,27.124744,10.582005,2030
5730,r2i1p1f1,2030,09,09,0.0,28.008663,10.286945,2030
5731,r2i1p1f1,2030,09,10,0.0,27.869907,9.002945,2030
5732,r2i1p1f1,2030,09,11,0.0,29.304178,13.169357,2030
5733,r2i1p1f1,2030,09,12,0.0,30.07169,14.636932,2030
5734,r2i1p1f1,2030,09,13,0.4334921248073442,30.808554,13.266898,2030
5735,r2i1p1f1,2030,09,14,0.009393233267473988,29.68022,13.782516,2030
5736,r2i1p1f1,2030,09,15,0.0,30.548347,13.759858,2030
5737,r2i1p1f1,2030,09,16,0.0,29.542032,11.987806,2030
5738,r2i1p1f1,2030,09,17,0.0,26.783403,8.50848,2030
5739,r2i1p1f1,2030,09,18,0.0,25.120186,6.054103,2030
5740,r2i1p1f1,2030,09,19,0.0,23.101889,5.881629,2030
5741,r2i1p1f1,2030,09,20,0.0,24.571466,6.861154,2030
5742,r2i1p1f1,2030,09,21,0.0,25.366524,7.1395197,2030
5743,r2i1p1f1,2030,09,22,0.0,25.050741,8.064806,2030
5744,r2i1p1f1,2030,09,23,0.0,23.35389,6.9559503,2030
5745,r2i1p1f1,2030,09,24,0.0,23.40151,5.8357596,2030
5746,r2i1p1f1,2030,09,25,0.0,24.713873,6.5789905,2030
5747,r2i1p1f1,2030,09,26,0.0,27.26592,10.0602,2030
5748,r2i1p1f1,2030,09,27,0.0,28.636467,10.502323,2030
5749,r2i1p1f1,2030,09,28,0.0,28.133259,9.324482,2030
5750,r2i1p1f1,2030,09,29,0.0,23.827171,7.144542,2030
5751,r2i1p1f1,2030,09,30,0.0,23.749897,6.9087315,2030
5752,r2i1p1f1,2030,10,01,0.0,24.400457,5.9745083,2030
5753,r2i1p1f1,2030,10,02,0.007087015961815268,20.256855,5.155086,2030
5754,r2i1p1f1,2030,10,03,0.0,21.535088,6.6115184,2030
5755,r2i1p1f1,2030,10,04,0.0,22.665625,6.389391,2030
5756,r2i1p1f1,2030,10,05,0.0,23.475256,9.431449,2030
5757,r2i1p1f1,2030,10,06,0.0,23.638863,6.5705657,2030
5758,r2i1p1f1,2030,10,07,0.0,22.903812,6.6912136,2030
5759,r2i1p1f1,2030,10,08,0.0,23.756346,7.2897525,2030
5760,r2i1p1f1,2030,10,09,0.0,28.301609,11.447968,2030
5761,r2i1p1f1,2030,10,10,0.0,32.13799,15.011272,2030
5762,r2i1p1f1,2030,10,11,0.0,33.94963,16.340603,2030
5763,r2i1p1f1,2030,10,12,0.0,34.17552,15.710205,2030
5764,r2i1p1f1,2030,10,13,0.0,33.018925,13.813885,2030
5765,r2i1p1f1,2030,10,14,0.0,29.469704,13.565714,2030
5766,r2i1p1f1,2030,10,15,0.0,23.78112,7.229032,2030
5767,r2i1p1f1,2030,10,16,0.0,23.240108,6.3226433,2030
5768,r2i1p1f1,2030,10,17,0.0,27.626993,10.385874,2030
5769,r2i1p1f1,2030,10,18,0.0,29.535288,12.168852,2030
5770,r2i1p1f1,2030,10,19,0.0,28.991407,11.831706,2030
5771,r2i1p1f1,2030,10,20,9.495587229093871,18.10131,4.5348415,2030
5772,r2i1p1f1,2030,10,21,0.0428713242484946,11.642023,-3.3125103,2030
5773,r2i1p1f1,2030,10,22,0.0,11.024153,-3.5969594,2030
5774,r2i1p1f1,2030,10,23,0.0,13.382362,-1.4147029,2030
5775,r2i1p1f1,2030,10,24,0.0,16.6949,6.908739,2030
5776,r2i1p1f1,2030,10,25,0.0,20.046694,5.6655407,2030
5777,r2i1p1f1,2030,10,26,0.0,21.624033,7.0295115,2030
5778,r2i1p1f1,2030,10,27,0.0,22.614145,6.740837,2030
5779,r2i1p1f1,2030,10,28,0.0,22.159891,7.4106107,2030
5780,r2i1p1f1,2030,10,29,0.0,22.548597,6.4284077,2030
5781,r2i1p1f1,2030,10,30,0.0,22.583984,6.403742,2030
5782,r2i1p1f1,2030,10,31,0.0,18.008995,2.1419916,2030
5783,r2i1p1f1,2030,11,01,0.0,17.346865,4.1477184,2030
5784,r2i1p1f1,2030,11,02,0.0,19.772663,4.5381703,2030
5785,r2i1p1f1,2030,11,03,0.0,22.458302,6.2672453,2030
5786,r2i1p1f1,2030,11,04,0.0,23.055809,6.305773,2030
5787,r2i1p1f1,2030,11,05,0.0,21.987762,8.076047,2030
5788,r2i1p1f1,2030,11,06,0.0,22.558376,6.501002,2030
5789,r2i1p1f1,2030,11,07,0.0,17.881733,2.987247,2030
5790,r2i1p1f1,2030,11,08,0.0,14.684655,1.8666445,2030
5791,r2i1p1f1,2030,11,09,0.0,16.110527,1.7608178,2030
5792,r2i1p1f1,2030,11,10,0.0,19.878147,3.0794613,2030
5793,r2i1p1f1,2030,11,11,0.0,22.487583,6.093479,2030
5794,r2i1p1f1,2030,11,12,0.0,22.804134,7.640069,2030
5795,r2i1p1f1,2030,11,13,0.0,22.794125,7.339555,2030
5796,r2i1p1f1,2030,11,14,0.0,22.53797,6.633434,2030
5797,r2i1p1f1,2030,11,15,0.07425303076615819,21.419472,6.8098254,2030
5798,r2i1p1f1,2030,11,16,2.3098448380324044,18.238974,3.372489,2030
5799,r2i1p1f1,2030,11,17,0.0,20.040075,5.689854,2030
5800,r2i1p1f1,2030,11,18,0.0,18.300955,4.973577,2030
5801,r2i1p1f1,2030,11,19,0.0,16.669846,2.981738,2030
5802,r2i1p1f1,2030,11,20,0.0,19.755165,3.6260839,2030
5803,r2i1p1f1,2030,11,21,0.0,21.45231,5.8653173,2030
5804,r2i1p1f1,2030,11,22,0.0,22.978115,7.660929,2030
5805,r2i1p1f1,2030,11,23,0.0,21.905165,9.666659,2030
5806,r2i1p1f1,2030,11,24,0.0,21.752241,5.0630426,2030
5807,r2i1p1f1,2030,11,25,0.0,21.568626,5.2291803,2030
5808,r2i1p1f1,2030,11,26,0.0,7.9352756,-7.6462774,2030
5809,r2i1p1f1,2030,11,27,0.0,9.290049,-4.618056,2030
5810,r2i1p1f1,2030,11,28,0.0,11.897038,-2.219475,2030
5811,r2i1p1f1,2030,11,29,0.0,19.49439,2.9806767,2030
5812,r2i1p1f1,2030,11,30,0.0,20.673681,3.945187,2030
5813,r2i1p1f1,2030,12,01,0.0,15.746508,3.8535707,2030
5814,r2i1p1f1,2030,12,02,0.0,13.844955,0.59960854,2030
5815,r2i1p1f1,2030,12,03,0.0,15.308468,3.8123143,2030
5816,r2i1p1f1,2030,12,04,0.0,16.353037,5.3493977,2030
5817,r2i1p1f1,2030,12,05,0.0,16.543562,3.1880186,2030
5818,r2i1p1f1,2030,12,06,0.0,15.41047,2.6497335,2030
5819,r2i1p1f1,2030,12,07,0.0,15.567513,3.8908877,2030
5820,r2i1p1f1,2030,12,08,0.0,15.680501,2.043151,2030
5821,r2i1p1f1,2030,12,09,0.0,12.62881,-0.35673794,2030
5822,r2i1p1f1,2030,12,10,0.0,10.639064,-2.500958,2030
5823,r2i1p1f1,2030,12,11,0.0,11.843333,-0.7785541,2030
5824,r2i1p1f1,2030,12,12,0.0,14.738624,3.6871452,2030
5825,r2i1p1f1,2030,12,13,0.0,14.642979,0.8281207,2030
5826,r2i1p1f1,2030,12,14,0.0,14.440022,-0.15192392,2030
5827,r2i1p1f1,2030,12,15,0.0,8.85043,-2.2832878,2030
5828,r2i1p1f1,2030,12,16,0.0,11.750681,-2.4455152,2030
5829,r2i1p1f1,2030,12,17,0.0,14.364574,-0.02889718,2030
5830,r2i1p1f1,2030,12,18,0.0009976630167329859,15.78225,1.1454145,2030
5831,r2i1p1f1,2030,12,19,16.15774624142432,9.705029,-2.437676,2030
5832,r2i1p1f1,2030,12,20,0.060014785776729695,-3.0552187,-13.10651,2030
5833,r2i1p1f1,2030,12,21,12.926806290795412,2.6358159,-6.197127,2030
5834,r2i1p1f1,2030,12,22,36.9793954439956,3.3525248,-3.7402632,2030
5835,r2i1p1f1,2030,12,23,10.639250416546986,4.1919203,2.397366,2030
5836,r2i1p1f1,2030,12,24,4.547200102800275,6.906268,-0.5149637,2030
5837,r2i1p1f1,2030,12,25,39.13499847767525,6.949087,0.42376375,2030
5838,r2i1p1f1,2030,12,26,60.99287979850487,7.720537,-5.027319,2030
5839,r2i1p1f1,2030,12,27,19.760186052371864,4.522302,-5.895086,2030
5840,r2i1p1f1,2030,12,28,27.208575375698274,8.032574,2.0684137,2030
5841,r2i1p1f1,2030,12,29,12.489680580983986,7.546391,0.5720644,2030
5842,r2i1p1f1,2030,12,30,3.8025593026986826,6.3783245,-0.03774378,2030
5843,r2i1p1f1,2030,12,31,0.0,8.165974,0.88802874,2030
5844,r2i1p1f1,2031,01,01,11.018729081933998,9.432209,3.2902968,2031
5845,r2i1p1f1,2031,01,02,0.0,15.028637,2.8299532,2031
5846,r2i1p1f1,2031,01,03,0.0,15.932044,2.6665802,2031
5847,r2i1p1f1,2031,01,04,0.0,16.803652,5.2353864,2031
5848,r2i1p1f1,2031,01,05,5.966751227401801,17.99157,7.9513645,2031
5849,r2i1p1f1,2031,01,06,59.08536505958182,13.889526,9.364559,2031
5850,r2i1p1f1,2031,01,07,90.13384186837357,12.4256,8.498988,2031
5851,r2i1p1f1,2031,01,08,15.183413877821295,12.348307,-3.6568756,2031
5852,r2i1p1f1,2031,01,09,7.8931785279451105,6.5521274,-1.6503786,2031
5853,r2i1p1f1,2031,01,10,31.523152536465204,5.714875,-1.2060599,2031
5854,r2i1p1f1,2031,01,11,1.0066474829557137,3.4116092,-2.6133623,2031
5855,r2i1p1f1,2031,01,12,7.31091070574621,2.38831,-6.998499,2031
5856,r2i1p1f1,2031,01,13,4.445793384343233,7.920734,-4.2751384,2031
5857,r2i1p1f1,2031,01,14,0.8972942342211354,8.308164,-3.6557367,2031
5858,r2i1p1f1,2031,01,15,4.8421858979850185,8.518781,2.242289,2031
5859,r2i1p1f1,2031,01,16,14.039238472639681,8.316218,1.0767924,2031
5860,r2i1p1f1,2031,01,17,11.956758604628703,7.621036,0.6951041,2031
5861,r2i1p1f1,2031,01,18,33.802132014898234,8.554513,0.8061836,2031
5862,r2i1p1f1,2031,01,19,60.239578385517234,10.235971,4.1232495,2031
5863,r2i1p1f1,2031,01,20,43.22889408631454,8.834522,3.0217235,2031
5864,r2i1p1f1,2031,01,21,9.518224935391117,6.950768,-0.88676685,2031
5865,r2i1p1f1,2031,01,22,20.234137923034723,9.6029005,2.8452463,2031
5866,r2i1p1f1,2031,01,23,27.969206927809864,10.499545,4.0990505,2031
5867,r2i1p1f1,2031,01,24,36.43879106239183,11.246663,7.4445724,2031
5868,r2i1p1f1,2031,01,25,3.0309794355389386,11.2404995,0.64174986,2031
5869,r2i1p1f1,2031,01,26,0.0,11.364422,-1.0215783,2031
5870,r2i1p1f1,2031,01,27,0.0,13.331867,0.30377278,2031
5871,r2i1p1f1,2031,01,28,0.0,12.852101,1.5512958,2031
5872,r2i1p1f1,2031,01,29,0.7550815286947454,8.886907,3.1735525,2031
5873,r2i1p1f1,2031,01,30,0.12953417615335638,13.53345,4.2261224,2031
5874,r2i1p1f1,2031,01,31,0.0,16.266079,2.4803998,2031
5875,r2i1p1f1,2031,02,01,0.0,16.94141,3.6261373,2031
5876,r2i1p1f1,2031,02,02,2.4801093650239636,13.441366,2.061174,2031
5877,r2i1p1f1,2031,02,03,1.3113337456076124,8.828798,4.780178,2031
5878,r2i1p1f1,2031,02,04,50.04224611184327,10.641807,5.6627617,2031
5879,r2i1p1f1,2031,02,05,35.408767434273614,12.782963,5.067422,2031
5880,r2i1p1f1,2031,02,06,8.670883182890066,11.978091,4.6046395,2031
5881,r2i1p1f1,2031,02,07,15.391108251640162,12.201238,6.3803687,2031
5882,r2i1p1f1,2031,02,08,0.03369869116340851,11.978404,6.30915,2031
5883,r2i1p1f1,2031,02,09,0.0,15.005378,5.542238,2031
5884,r2i1p1f1,2031,02,10,5.105140695206956,12.61359,7.541931,2031
5885,r2i1p1f1,2031,02,11,0.0,15.618995,1.474324,2031
5886,r2i1p1f1,2031,02,12,0.0,20.531292,5.309528,2031
5887,r2i1p1f1,2031,02,13,0.0,17.215164,6.0747905,2031
5888,r2i1p1f1,2031,02,14,0.0,15.074705,6.194775,2031
5889,r2i1p1f1,2031,02,15,0.0,14.589098,3.1501715,2031
5890,r2i1p1f1,2031,02,16,11.480572291566205,8.951445,0.55793786,2031
5891,r2i1p1f1,2031,02,17,0.6110389770697111,8.774071,1.7769557,2031
5892,r2i1p1f1,2031,02,18,1.1423293035079496,9.919854,1.9122633,2031
5893,r2i1p1f1,2031,02,19,0.0,14.87824,2.1304083,2031
5894,r2i1p1f1,2031,02,20,0.0,18.450394,5.6001835,2031
5895,r2i1p1f1,2031,02,21,0.0,19.567818,5.992724,2031
5896,r2i1p1f1,2031,02,22,0.0,18.972221,7.2749023,2031
5897,r2i1p1f1,2031,02,23,0.0,19.866676,7.2357354,2031
5898,r2i1p1f1,2031,02,24,0.0,20.55927,7.25515,2031
5899,r2i1p1f1,2031,02,25,0.0,18.351488,7.9559193,2031
5900,r2i1p1f1,2031,02,26,0.0,18.754902,7.7966595,2031
5901,r2i1p1f1,2031,02,27,0.48097925800902885,17.770378,6.5559278,2031
5902,r2i1p1f1,2031,02,28,0.0,16.063364,5.724395,2031
5903,r2i1p1f1,2031,03,01,0.0,17.499329,3.2808614,2031
5904,r2i1p1f1,2031,03,02,7.332076048896852,14.602656,2.7063482,2031
5905,r2i1p1f1,2031,03,03,0.896457797385608,9.930771,1.4316853,2031
5906,r2i1p1f1,2031,03,04,0.0,12.897809,-0.31949002,2031
5907,r2i1p1f1,2031,03,05,0.0,14.927486,0.591558,2031
5908,r2i1p1f1,2031,03,06,0.0,15.789969,2.4153507,2031
5909,r2i1p1f1,2031,03,07,0.0,20.665215,4.2419095,2031
5910,r2i1p1f1,2031,03,08,0.033065207003346586,20.800886,7.470968,2031
5911,r2i1p1f1,2031,03,09,0.0,17.901411,5.9346013,2031
5912,r2i1p1f1,2031,03,10,1.8024933236233665,15.467931,2.6820412,2031
5913,r2i1p1f1,2031,03,11,4.205619628055501,9.538694,1.6149782,2031
5914,r2i1p1f1,2031,03,12,0.010291445460097748,15.078352,1.3205274,2031
5915,r2i1p1f1,2031,03,13,0.0,18.144737,3.9274008,2031
5916,r2i1p1f1,2031,03,14,0.0,19.665018,4.3422985,2031
5917,r2i1p1f1,2031,03,15,0.0,21.17161,5.556342,2031
5918,r2i1p1f1,2031,03,16,0.0,21.37452,7.455168,2031
5919,r2i1p1f1,2031,03,17,3.5667192361529487,14.084372,2.8559875,2031
5920,r2i1p1f1,2031,03,18,0.0,15.716282,-0.2677549,2031
5921,r2i1p1f1,2031,03,19,0.0,18.501797,2.9711666,2031
5922,r2i1p1f1,2031,03,20,0.0,18.340363,1.9212998,2031
5923,r2i1p1f1,2031,03,21,3.727773197965689,17.786047,2.7053354,2031
5924,r2i1p1f1,2031,03,22,17.86028640672157,9.911372,2.1394103,2031
5925,r2i1p1f1,2031,03,23,14.828104824346156,6.9329104,2.014882,2031
5926,r2i1p1f1,2031,03,24,4.675714332279313,7.794667,-1.4499623,2031
5927,r2i1p1f1,2031,03,25,7.094454263915395,8.088694,1.5226773,2031
5928,r2i1p1f1,2031,03,26,0.0,15.201087,0.22893721,2031
5929,r2i1p1f1,2031,03,27,0.0,18.266418,1.3612101,2031
5930,r2i1p1f1,2031,03,28,0.0,21.030144,4.9326754,2031
5931,r2i1p1f1,2031,03,29,0.0,23.1026,6.840578,2031
5932,r2i1p1f1,2031,03,30,0.0,24.450142,8.899032,2031
5933,r2i1p1f1,2031,03,31,0.0,25.848618,10.281569,2031
5934,r2i1p1f1,2031,04,01,0.0,26.060257,10.529602,2031
5935,r2i1p1f1,2031,04,02,0.0,24.573425,9.362339,2031
5936,r2i1p1f1,2031,04,03,0.0,21.758684,7.90032,2031
5937,r2i1p1f1,2031,04,04,0.0,24.639263,8.17067,2031
5938,r2i1p1f1,2031,04,05,0.0,26.734646,10.50195,2031
5939,r2i1p1f1,2031,04,06,0.0,28.298288,11.980647,2031
5940,r2i1p1f1,2031,04,07,0.0,27.869001,10.701649,2031
5941,r2i1p1f1,2031,04,08,0.0,21.525831,5.4487147,2031
5942,r2i1p1f1,2031,04,09,0.22959674706726219,20.352627,6.537682,2031
5943,r2i1p1f1,2031,04,10,3.179226035967986,17.86016,3.6702876,2031
5944,r2i1p1f1,2031,04,11,3.22663567408199,14.844908,7.470414,2031
5945,r2i1p1f1,2031,04,12,0.0,19.438662,3.8338165,2031
5946,r2i1p1f1,2031,04,13,0.0,19.433184,3.715463,2031
5947,r2i1p1f1,2031,04,14,0.0,21.996286,5.9234743,2031
5948,r2i1p1f1,2031,04,15,0.0,25.518938,9.04729,2031
5949,r2i1p1f1,2031,04,16,0.0,25.581501,9.987593,2031
5950,r2i1p1f1,2031,04,17,0.0,25.985056,7.9662867,2031
5951,r2i1p1f1,2031,04,18,4.883379695559142,17.607964,0.56942964,2031
5952,r2i1p1f1,2031,04,19,0.0,11.492779,0.3745478,2031
5953,r2i1p1f1,2031,04,20,0.0,15.279609,-0.2791941,2031
5954,r2i1p1f1,2031,04,21,0.0,17.901543,3.3602493,2031
5955,r2i1p1f1,2031,04,22,0.0,18.82029,3.9024882,2031
5956,r2i1p1f1,2031,04,23,0.0,18.804617,3.8475935,2031
5957,r2i1p1f1,2031,04,24,0.0,19.101585,4.271524,2031
5958,r2i1p1f1,2031,04,25,0.008214882325319195,19.977417,7.0689583,2031
5959,r2i1p1f1,2031,04,26,0.0,23.146345,7.43971,2031
5960,r2i1p1f1,2031,04,27,0.0,24.31266,7.5998197,2031
5961,r2i1p1f1,2031,04,28,0.0,23.506107,6.7888293,2031
5962,r2i1p1f1,2031,04,29,0.0,17.456738,1.8669461,2031
5963,r2i1p1f1,2031,04,30,0.0,17.290411,4.6338086,2031
5964,r2i1p1f1,2031,05,01,0.0,19.373903,3.584804,2031
5965,r2i1p1f1,2031,05,02,0.0,24.422077,7.9331183,2031
5966,r2i1p1f1,2031,05,03,0.0,25.675009,9.775645,2031
5967,r2i1p1f1,2031,05,04,0.0,28.114126,12.3699665,2031
5968,r2i1p1f1,2031,05,05,0.0,29.984606,12.9686365,2031
5969,r2i1p1f1,2031,05,06,0.0,29.432121,11.631662,2031
5970,r2i1p1f1,2031,05,07,0.0,25.5696,9.638271,2031
5971,r2i1p1f1,2031,05,08,0.0,24.198986,9.157613,2031
5972,r2i1p1f1,2031,05,09,0.016558015340706334,25.007195,7.77017,2031
5973,r2i1p1f1,2031,05,10,0.0,25.455679,9.448233,2031
5974,r2i1p1f1,2031,05,11,2.839797696469759,20.347681,5.2359095,2031
5975,r2i1p1f1,2031,05,12,0.0,18.991419,6.1643662,2031
5976,r2i1p1f1,2031,05,13,1.3205778429778547,19.992235,3.7036371,2031
5977,r2i1p1f1,2031,05,14,27.5037337674803,10.514158,2.4168172,2031
5978,r2i1p1f1,2031,05,15,4.029807623578563,7.4924445,1.7858026,2031
5979,r2i1p1f1,2031,05,16,0.018972970531194733,15.913716,0.15766747,2031
5980,r2i1p1f1,2031,05,17,0.0,20.02625,3.3139021,2031
5981,r2i1p1f1,2031,05,18,0.0,23.149378,7.7186627,2031
5982,r2i1p1f1,2031,05,19,0.0,25.341557,8.922302,2031
5983,r2i1p1f1,2031,05,20,0.0,28.154581,11.384321,2031
5984,r2i1p1f1,2031,05,21,0.13816019106798194,30.83903,14.991113,2031
5985,r2i1p1f1,2031,05,22,1.2579335489590449,31.651329,14.981047,2031
5986,r2i1p1f1,2031,05,23,0.24150083590939175,32.068516,14.530055,2031
5987,r2i1p1f1,2031,05,24,0.7648430054928212,27.519966,9.673597,2031
5988,r2i1p1f1,2031,05,25,0.4065188258209673,32.17271,14.869461,2031
5989,r2i1p1f1,2031,05,26,3.677834653069567,24.85991,8.1416235,2031
5990,r2i1p1f1,2031,05,27,4.984941306520341,26.017357,8.044788,2031
5991,r2i1p1f1,2031,05,28,2.6198251976893516,23.728909,7.3539896,2031
5992,r2i1p1f1,2031,05,29,0.0006058145004317339,28.0942,12.342726,2031
5993,r2i1p1f1,2031,05,30,9.316778657944269,23.42517,6.162783,2031
5994,r2i1p1f1,2031,05,31,8.652087409734577,20.678553,3.491907,2031
5995,r2i1p1f1,2031,06,01,8.154890428727413,18.178118,6.368393,2031
5996,r2i1p1f1,2031,06,02,7.235939337624586,17.569546,9.9126,2031
5997,r2i1p1f1,2031,06,03,0.0,23.014875,9.530233,2031
5998,r2i1p1f1,2031,06,04,0.0,26.728325,10.397256,2031
5999,r2i1p1f1,2031,06,05,0.0,28.53996,11.423055,2031
6000,r2i1p1f1,2031,06,06,0.0,29.83313,11.258178,2031
6001,r2i1p1f1,2031,06,07,0.0,30.029337,10.959995,2031
6002,r2i1p1f1,2031,06,08,0.0,26.55878,8.057469,2031
6003,r2i1p1f1,2031,06,09,0.0,24.707197,6.076007,2031
6004,r2i1p1f1,2031,06,10,0.0005531874649022939,18.651447,4.839992,2031
6005,r2i1p1f1,2031,06,11,0.566640290264786,17.578732,6.150191,2031
6006,r2i1p1f1,2031,06,12,0.34089228356606327,24.076271,11.758859,2031
6007,r2i1p1f1,2031,06,13,0.0,29.222609,15.216836,2031
6008,r2i1p1f1,2031,06,14,0.0,34.30943,18.137272,2031
6009,r2i1p1f1,2031,06,15,0.0,35.16661,18.840727,2031
6010,r2i1p1f1,2031,06,16,0.0,34.971592,16.101461,2031
6011,r2i1p1f1,2031,06,17,0.0,33.571995,13.635914,2031
6012,r2i1p1f1,2031,06,18,0.0,30.770426,10.912619,2031
6013,r2i1p1f1,2031,06,19,0.0,27.551985,8.547382,2031
6014,r2i1p1f1,2031,06,20,0.0,28.405487,12.698917,2031
6015,r2i1p1f1,2031,06,21,0.0,30.024523,13.63543,2031
6016,r2i1p1f1,2031,06,22,0.0,30.345018,9.544461,2031
6017,r2i1p1f1,2031,06,23,0.0,27.207401,10.137516,2031
6018,r2i1p1f1,2031,06,24,0.0,28.771776,11.082184,2031
6019,r2i1p1f1,2031,06,25,0.0,30.973776,13.646236,2031
6020,r2i1p1f1,2031,06,26,0.0,32.271088,14.932447,2031
6021,r2i1p1f1,2031,06,27,0.0,33.044968,16.321754,2031
6022,r2i1p1f1,2031,06,28,0.0,33.48508,17.034872,2031
6023,r2i1p1f1,2031,06,29,0.0,32.50705,14.426703,2031
6024,r2i1p1f1,2031,06,30,0.0,31.498692,10.79554,2031
6025,r2i1p1f1,2031,07,01,0.0,32.1698,14.437566,2031
6026,r2i1p1f1,2031,07,02,0.0,32.647205,12.75518,2031
6027,r2i1p1f1,2031,07,03,0.0,29.174818,9.83572,2031
6028,r2i1p1f1,2031,07,04,0.0,27.806204,10.631551,2031
6029,r2i1p1f1,2031,07,05,0.0,29.902039,14.603459,2031
6030,r2i1p1f1,2031,07,06,0.0,30.5868,12.046227,2031
6031,r2i1p1f1,2031,07,07,0.0,29.805538,10.586889,2031
6032,r2i1p1f1,2031,07,08,0.0,31.735378,12.239489,2031
6033,r2i1p1f1,2031,07,09,0.0,33.32629,14.567947,2031
6034,r2i1p1f1,2031,07,10,0.0,35.120636,16.50076,2031
6035,r2i1p1f1,2031,07,11,0.0,34.95798,16.545172,2031
6036,r2i1p1f1,2031,07,12,0.0,36.03828,16.256977,2031
6037,r2i1p1f1,2031,07,13,0.0,35.216934,16.286093,2031
6038,r2i1p1f1,2031,07,14,0.0,34.955303,15.237583,2031
6039,r2i1p1f1,2031,07,15,0.0,33.50226,15.260452,2031
6040,r2i1p1f1,2031,07,16,0.0,29.579128,10.816603,2031
6041,r2i1p1f1,2031,07,17,0.0,28.906616,10.506361,2031
6042,r2i1p1f1,2031,07,18,0.0,29.92076,10.032139,2031
6043,r2i1p1f1,2031,07,19,0.0,30.324982,10.709998,2031
6044,r2i1p1f1,2031,07,20,0.0,30.320591,13.998043,2031
6045,r2i1p1f1,2031,07,21,0.0,32.640602,14.073344,2031
6046,r2i1p1f1,2031,07,22,0.0,33.62954,15.988874,2031
6047,r2i1p1f1,2031,07,23,0.0,34.282917,16.514317,2031
6048,r2i1p1f1,2031,07,24,0.0,33.89405,14.495723,2031
6049,r2i1p1f1,2031,07,25,0.0,33.221695,13.363621,2031
6050,r2i1p1f1,2031,07,26,0.0,32.08983,12.626357,2031
6051,r2i1p1f1,2031,07,27,0.0,29.504599,10.391034,2031
6052,r2i1p1f1,2031,07,28,0.0,27.41057,7.5746613,2031
6053,r2i1p1f1,2031,07,29,0.0,25.205912,7.744692,2031
6054,r2i1p1f1,2031,07,30,0.0,27.828749,9.069198,2031
6055,r2i1p1f1,2031,07,31,0.0,33.11051,13.263159,2031
6056,r2i1p1f1,2031,08,01,0.0033121342767117312,34.81673,16.985783,2031
6057,r2i1p1f1,2031,08,02,0.0,35.244587,17.020048,2031
6058,r2i1p1f1,2031,08,03,0.0,35.536606,18.729128,2031
6059,r2i1p1f1,2031,08,04,0.0,36.608013,18.874569,2031
6060,r2i1p1f1,2031,08,05,0.0,38.06066,18.614214,2031
6061,r2i1p1f1,2031,08,06,0.0,37.50134,20.348803,2031
6062,r2i1p1f1,2031,08,07,0.0,38.480965,18.785332,2031
6063,r2i1p1f1,2031,08,08,0.0,36.844143,15.932451,2031
6064,r2i1p1f1,2031,08,09,0.0,32.270786,13.58491,2031
6065,r2i1p1f1,2031,08,10,0.0,30.33623,11.490529,2031
6066,r2i1p1f1,2031,08,11,0.0,30.002176,10.291267,2031
6067,r2i1p1f1,2031,08,12,0.0,27.64073,8.663569,2031
6068,r2i1p1f1,2031,08,13,0.0,29.188667,10.261478,2031
6069,r2i1p1f1,2031,08,14,0.0,32.539726,14.531982,2031
6070,r2i1p1f1,2031,08,15,0.0,35.900356,16.795218,2031
6071,r2i1p1f1,2031,08,16,0.0,36.517525,16.469992,2031
6072,r2i1p1f1,2031,08,17,0.0,35.53608,15.897637,2031
6073,r2i1p1f1,2031,08,18,0.15949746800743014,32.380135,16.37696,2031
6074,r2i1p1f1,2031,08,19,0.0,31.833714,15.322615,2031
6075,r2i1p1f1,2031,08,20,0.0,35.008137,17.36454,2031
6076,r2i1p1f1,2031,08,21,0.0,36.27558,19.101885,2031
6077,r2i1p1f1,2031,08,22,0.0,38.619217,17.428371,2031
6078,r2i1p1f1,2031,08,23,2.4628027923881746,36.398182,16.146173,2031
6079,r2i1p1f1,2031,08,24,0.0,32.70984,14.902625,2031
6080,r2i1p1f1,2031,08,25,0.0,33.13229,18.314127,2031
6081,r2i1p1f1,2031,08,26,0.0,36.019855,15.771193,2031
6082,r2i1p1f1,2031,08,27,0.0,36.530106,17.235626,2031
6083,r2i1p1f1,2031,08,28,0.0,37.113766,19.475378,2031
6084,r2i1p1f1,2031,08,29,0.0,36.615097,18.987083,2031
6085,r2i1p1f1,2031,08,30,0.0,37.811985,20.230919,2031
6086,r2i1p1f1,2031,08,31,0.0,38.81144,20.160387,2031
6087,r2i1p1f1,2031,09,01,0.0,38.589996,18.487253,2031
6088,r2i1p1f1,2031,09,02,0.0,34.064743,15.800125,2031
6089,r2i1p1f1,2031,09,03,0.0,33.21391,16.78907,2031
6090,r2i1p1f1,2031,09,04,0.0,35.049652,17.951166,2031
6091,r2i1p1f1,2031,09,05,0.0,35.55545,19.032127,2031
6092,r2i1p1f1,2031,09,06,0.0,36.031784,18.140297,2031
6093,r2i1p1f1,2031,09,07,0.0,36.665897,17.622852,2031
6094,r2i1p1f1,2031,09,08,0.0,35.53518,16.480156,2031
6095,r2i1p1f1,2031,09,09,0.0,36.196682,18.903883,2031
6096,r2i1p1f1,2031,09,10,0.0,36.582363,18.312084,2031
6097,r2i1p1f1,2031,09,11,0.033315773122666315,36.037724,17.009111,2031
6098,r2i1p1f1,2031,09,12,0.0,31.10519,13.775064,2031
6099,r2i1p1f1,2031,09,13,0.0,30.39289,14.100109,2031
6100,r2i1p1f1,2031,09,14,0.0,31.504936,13.139271,2031
6101,r2i1p1f1,2031,09,15,0.0,29.53856,9.850502,2031
6102,r2i1p1f1,2031,09,16,0.0,24.253778,4.194655,2031
6103,r2i1p1f1,2031,09,17,0.0,20.865395,5.662021,2031
6104,r2i1p1f1,2031,09,18,0.0,21.852104,7.9443774,2031
6105,r2i1p1f1,2031,09,19,0.0,22.542448,8.069331,2031
6106,r2i1p1f1,2031,09,20,0.0,26.311241,8.367446,2031
6107,r2i1p1f1,2031,09,21,0.0,29.114079,12.272274,2031
6108,r2i1p1f1,2031,09,22,0.0,29.433262,12.009052,2031
6109,r2i1p1f1,2031,09,23,0.0,29.60543,11.608843,2031
6110,r2i1p1f1,2031,09,24,0.0,31.374416,12.193732,2031
6111,r2i1p1f1,2031,09,25,0.0,30.937191,12.372728,2031
6112,r2i1p1f1,2031,09,26,0.0,28.45149,9.267707,2031
6113,r2i1p1f1,2031,09,27,0.0,23.668459,5.9609823,2031
6114,r2i1p1f1,2031,09,28,0.0,24.0126,6.7917166,2031
6115,r2i1p1f1,2031,09,29,0.0,24.653484,6.266962,2031
6116,r2i1p1f1,2031,09,30,0.0,24.874231,5.97875,2031
6117,r2i1p1f1,2031,10,01,0.0,24.918999,6.561139,2031
6118,r2i1p1f1,2031,10,02,0.0,24.147078,5.7066016,2031
6119,r2i1p1f1,2031,10,03,0.0,23.511831,4.7724085,2031
6120,r2i1p1f1,2031,10,04,0.0,21.10554,5.5138154,2031
6121,r2i1p1f1,2031,10,05,0.0,21.23585,5.8966336,2031
6122,r2i1p1f1,2031,10,06,0.0,26.605362,8.29421,2031
6123,r2i1p1f1,2031,10,07,0.0,31.047258,13.658317,2031
6124,r2i1p1f1,2031,10,08,0.0,31.575369,14.327225,2031
6125,r2i1p1f1,2031,10,09,0.0,33.505936,12.824873,2031
6126,r2i1p1f1,2031,10,10,0.0,31.149645,12.966422,2031
6127,r2i1p1f1,2031,10,11,0.0,26.20691,10.867469,2031
6128,r2i1p1f1,2031,10,12,0.0,22.785648,5.5165324,2031
6129,r2i1p1f1,2031,10,13,0.0,18.603498,6.5956464,2031
6130,r2i1p1f1,2031,10,14,0.0,20.144691,4.1565137,2031
6131,r2i1p1f1,2031,10,15,4.086459093798567,16.64229,2.3721626,2031
6132,r2i1p1f1,2031,10,16,0.0,21.370373,5.1712184,2031
6133,r2i1p1f1,2031,10,17,0.0,25.435642,9.224312,2031
6134,r2i1p1f1,2031,10,18,0.0,27.866142,10.76651,2031
6135,r2i1p1f1,2031,10,19,0.0,29.482029,13.676285,2031
6136,r2i1p1f1,2031,10,20,0.0,28.501509,13.391193,2031
6137,r2i1p1f1,2031,10,21,0.0,24.658127,8.580293,2031
6138,r2i1p1f1,2031,10,22,0.0,29.118835,11.631925,2031
6139,r2i1p1f1,2031,10,23,0.0,31.405788,16.243511,2031
6140,r2i1p1f1,2031,10,24,0.0,31.516829,16.163776,2031
6141,r2i1p1f1,2031,10,25,0.0,29.540998,13.11133,2031
6142,r2i1p1f1,2031,10,26,0.0,27.894592,12.233272,2031
6143,r2i1p1f1,2031,10,27,0.0,27.434141,11.350333,2031
6144,r2i1p1f1,2031,10,28,0.0,27.382517,12.275174,2031
6145,r2i1p1f1,2031,10,29,0.0,26.957651,11.566425,2031
6146,r2i1p1f1,2031,10,30,0.0,26.150967,10.885528,2031
6147,r2i1p1f1,2031,10,31,0.0,26.296303,12.493639,2031
6148,r2i1p1f1,2031,11,01,0.5607507328704742,27.505886,12.791618,2031
6149,r2i1p1f1,2031,11,02,0.3295712452427324,25.193329,11.1462965,2031
6150,r2i1p1f1,2031,11,03,0.0,25.650587,11.502928,2031
6151,r2i1p1f1,2031,11,04,0.0,25.074936,10.444244,2031
6152,r2i1p1f1,2031,11,05,0.0,23.989508,9.959248,2031
6153,r2i1p1f1,2031,11,06,0.0,24.72137,8.432525,2031
6154,r2i1p1f1,2031,11,07,0.0,24.292439,7.1633105,2031
6155,r2i1p1f1,2031,11,08,0.0,23.590284,6.8783274,2031
6156,r2i1p1f1,2031,11,09,0.0926336768316105,23.704851,9.584113,2031
6157,r2i1p1f1,2031,11,10,1.5225668403672898,16.860365,4.8642483,2031
6158,r2i1p1f1,2031,11,11,0.016600039452896453,15.998727,5.8941445,2031
6159,r2i1p1f1,2031,11,12,0.0,17.015066,3.8826997,2031
6160,r2i1p1f1,2031,11,13,0.0,17.726934,5.9647474,2031
6161,r2i1p1f1,2031,11,14,0.0,18.07498,4.1848392,2031
6162,r2i1p1f1,2031,11,15,0.0,17.925377,4.3844438,2031
6163,r2i1p1f1,2031,11,16,0.0,19.186256,5.7928257,2031
6164,r2i1p1f1,2031,11,17,0.22608757245450306,16.538116,4.3506036,2031
6165,r2i1p1f1,2031,11,18,0.0,11.343067,-1.8548875,2031
6166,r2i1p1f1,2031,11,19,0.0,13.113585,-0.1824301,2031
6167,r2i1p1f1,2031,11,20,0.0,15.474677,3.0678408,2031
6168,r2i1p1f1,2031,11,21,0.0,16.50045,3.061595,2031
6169,r2i1p1f1,2031,11,22,0.0,17.557856,3.1776273,2031
6170,r2i1p1f1,2031,11,23,0.0,18.21192,1.8368481,2031
6171,r2i1p1f1,2031,11,24,0.0,20.067976,4.4344687,2031
6172,r2i1p1f1,2031,11,25,0.0,23.210747,8.490064,2031
6173,r2i1p1f1,2031,11,26,0.0,24.501284,7.9257245,2031
6174,r2i1p1f1,2031,11,27,0.0,21.455246,4.987047,2031
6175,r2i1p1f1,2031,11,28,0.0,10.26181,-2.1550136,2031
6176,r2i1p1f1,2031,11,29,0.0,9.495749,-5.7399654,2031
6177,r2i1p1f1,2031,11,30,0.0,11.259472,-1.6141913,2031
6178,r2i1p1f1,2031,12,01,1.9549766733803153,12.1812725,1.8455768,2031
6179,r2i1p1f1,2031,12,02,32.13330478965872,12.742299,6.822575,2031
6180,r2i1p1f1,2031,12,03,5.209956514352143,12.62032,0.40892044,2031
6181,r2i1p1f1,2031,12,04,5.728795093500594,4.1850414,-2.500501,2031
6182,r2i1p1f1,2031,12,05,0.0013351950201467844,-0.5293736,-10.719814,2031
6183,r2i1p1f1,2031,12,06,0.0,-3.3472483,-14.007704,2031
6184,r2i1p1f1,2031,12,07,0.0,1.527849,-10.863996,2031
6185,r2i1p1f1,2031,12,08,0.0,5.7494445,-6.0064206,2031
6186,r2i1p1f1,2031,12,09,0.0,7.2366843,-4.520361,2031
6187,r2i1p1f1,2031,12,10,3.2285045281241764,8.27535,-1.8630617,2031
6188,r2i1p1f1,2031,12,11,4.979570736372807,7.3719635,-2.047677,2031
6189,r2i1p1f1,2031,12,12,11.199935244439985,8.336009,3.111959,2031
6190,r2i1p1f1,2031,12,13,51.33703004612471,12.686203,3.8341658,2031
6191,r2i1p1f1,2031,12,14,58.65207301321789,13.181511,8.406468,2031
6192,r2i1p1f1,2031,12,15,31.385896818028414,10.491734,-0.58602697,2031
6193,r2i1p1f1,2031,12,16,0.0486258155831365,6.5965157,-3.7422562,2031
6194,r2i1p1f1,2031,12,17,0.0,7.010895,-2.753251,2031
6195,r2i1p1f1,2031,12,18,0.0,7.601363,-2.9171693,2031
6196,r2i1p1f1,2031,12,19,0.0,9.43361,-2.1945288,2031
6197,r2i1p1f1,2031,12,20,0.0,9.590462,-2.6252584,2031
6198,r2i1p1f1,2031,12,21,0.0,11.222913,-1.4769251,2031
6199,r2i1p1f1,2031,12,22,0.0,11.3726225,-1.3699205,2031
6200,r2i1p1f1,2031,12,23,1.6574728593695909,10.496951,0.37314332,2031
6201,r2i1p1f1,2031,12,24,7.368728032088256,8.460872,-1.8047945,2031
6202,r2i1p1f1,2031,12,25,0.0,11.783035,-1.3206419,2031
6203,r2i1p1f1,2031,12,26,0.0,13.287424,-0.92655796,2031
6204,r2i1p1f1,2031,12,27,0.16647635444684283,12.085982,-1.234745,2031
6205,r2i1p1f1,2031,12,28,14.17177025887213,5.8959064,1.5296758,2031
6206,r2i1p1f1,2031,12,29,15.963161835747997,8.9866295,3.7854626,2031
6207,r2i1p1f1,2031,12,30,3.5591377255741463,8.251041,2.0978105,2031
6208,r2i1p1f1,2031,12,31,9.106037363108044,10.291493,1.4805042,2031
6209,r2i1p1f1,2032,01,01,15.81664172060755,11.01907,4.300542,2032
6210,r2i1p1f1,2032,01,02,3.8201521091423274,8.567,2.455657,2032
6211,r2i1p1f1,2032,01,03,1.1040697071166505,9.433743,3.4322748,2032
6212,r2i1p1f1,2032,01,04,14.125155784313392,10.3392515,4.6476526,2032
6213,r2i1p1f1,2032,01,05,43.990285754262004,11.297561,6.700648,2032
6214,r2i1p1f1,2032,01,06,0.0,11.01907,-1.271968,2032
6215,r2i1p1f1,2032,01,07,0.0,14.564104,0.97678906,2032
6216,r2i1p1f1,2032,01,08,0.0,14.837538,2.8494568,2032
6217,r2i1p1f1,2032,01,09,0.0,16.990421,3.2009094,2032
6218,r2i1p1f1,2032,01,10,0.629038464921905,16.30607,2.4436164,2032
6219,r2i1p1f1,2032,01,11,12.74825842217524,15.30307,4.8008313,2032
6220,r2i1p1f1,2032,01,12,0.0,15.228672,3.2565234,2032
6221,r2i1p1f1,2032,01,13,23.83863912882589,12.547355,6.8532453,2032
6222,r2i1p1f1,2032,01,14,13.054463494336233,11.91489,2.5540907,2032
6223,r2i1p1f1,2032,01,15,0.0,8.429763,-1.9815638,2032
6224,r2i1p1f1,2032,01,16,0.0,12.750942,0.42187595,2032
6225,r2i1p1f1,2032,01,17,0.0,12.101985,4.359659,2032
6226,r2i1p1f1,2032,01,18,2.3109987904263107,13.18634,5.88925,2032
6227,r2i1p1f1,2032,01,19,0.0,13.939411,-0.032137446,2032
6228,r2i1p1f1,2032,01,20,33.75883436201548,12.857241,1.1222701,2032
6229,r2i1p1f1,2032,01,21,59.58568946880405,9.661432,4.9411716,2032
6230,r2i1p1f1,2032,01,22,41.76956760675239,8.70289,3.5835528,2032
6231,r2i1p1f1,2032,01,23,0.0,8.170302,-3.4366236,2032
6232,r2i1p1f1,2032,01,24,4.372427820453595,7.6788507,-2.873363,2032
6233,r2i1p1f1,2032,01,25,31.57963070043479,8.876051,1.5909277,2032
6234,r2i1p1f1,2032,01,26,34.73759521220927,10.078062,6.0449076,2032
6235,r2i1p1f1,2032,01,27,67.33435789428768,10.26793,0.3357929,2032
6236,r2i1p1f1,2032,01,28,0.0,9.44658,-1.8463593,2032
6237,r2i1p1f1,2032,01,29,0.0,14.355469,2.87996,2032
6238,r2i1p1f1,2032,01,30,0.0,16.311604,4.3679495,2032
6239,r2i1p1f1,2032,01,31,1.1727167950198236,14.706887,5.3551354,2032
6240,r2i1p1f1,2032,02,01,0.0,17.450233,6.4593325,2032
6241,r2i1p1f1,2032,02,02,0.0,18.552528,5.876091,2032
6242,r2i1p1f1,2032,02,03,0.0,18.456429,7.0198374,2032
6243,r2i1p1f1,2032,02,04,0.06335836440030107,18.466576,6.852077,2032
6244,r2i1p1f1,2032,02,05,0.0,13.475037,2.6238883,2032
6245,r2i1p1f1,2032,02,06,0.0,13.6208105,1.4663901,2032
6246,r2i1p1f1,2032,02,07,0.0,14.183277,2.941835,2032
6247,r2i1p1f1,2032,02,08,36.06754678712605,13.923224,5.5849557,2032
6248,r2i1p1f1,2032,02,09,0.0,14.629288,5.003839,2032
6249,r2i1p1f1,2032,02,10,0.0,14.129164,3.956617,2032
6250,r2i1p1f1,2032,02,11,0.0,15.868013,4.1423745,2032
6251,r2i1p1f1,2032,02,12,0.0,17.221992,4.628391,2032
6252,r2i1p1f1,2032,02,13,0.0,17.70771,4.533867,2032
6253,r2i1p1f1,2032,02,14,0.0,17.58239,4.2626295,2032
6254,r2i1p1f1,2032,02,15,0.0,18.63506,5.1439962,2032
6255,r2i1p1f1,2032,02,16,0.0,19.171463,5.4390492,2032
6256,r2i1p1f1,2032,02,17,0.0,18.898891,5.4976025,2032
6257,r2i1p1f1,2032,02,18,0.29905599568564867,17.978714,5.1500645,2032
6258,r2i1p1f1,2032,02,19,2.2649068667874417,11.388372,4.0583134,2032
6259,r2i1p1f1,2032,02,20,0.11944736773443765,13.503474,3.7629573,2032
6260,r2i1p1f1,2032,02,21,0.0,13.784359,1.6781392,2032
6261,r2i1p1f1,2032,02,22,0.8818225983702632,10.784397,4.332964,2032
6262,r2i1p1f1,2032,02,23,28.443416834488744,13.92502,5.677869,2032
6263,r2i1p1f1,2032,02,24,10.35014413796489,15.272666,4.1195154,2032
6264,r2i1p1f1,2032,02,25,0.9457056997689506,14.48358,3.7256649,2032
6265,r2i1p1f1,2032,02,26,0.0,14.381565,3.4134681,2032
6266,r2i1p1f1,2032,02,27,0.20137348353301832,13.545897,5.082372,2032
6267,r2i1p1f1,2032,02,28,8.139897652836225,15.66866,5.578288,2032
6268,r2i1p1f1,2032,02,29,9.565365427988581,12.085338,2.663927,2032
6269,r2i1p1f1,2032,03,01,12.207166651933221,7.8708973,1.4179888,2032
6270,r2i1p1f1,2032,03,02,8.648100577033802,13.218714,0.2643496,2032
6271,r2i1p1f1,2032,03,03,14.458160352114646,15.089835,1.0551046,2032
6272,r2i1p1f1,2032,03,04,35.66763853723387,9.960778,1.1203959,2032
6273,r2i1p1f1,2032,03,05,17.248353472223243,6.153597,1.2816514,2032
6274,r2i1p1f1,2032,03,06,15.618023977913253,6.109702,0.5284377,2032
6275,r2i1p1f1,2032,03,07,16.661689301872684,10.740438,2.0968115,2032
6276,r2i1p1f1,2032,03,08,0.5361257850381662,13.503041,1.1505946,2032
6277,r2i1p1f1,2032,03,09,0.0,13.756573,0.5253293,2032
6278,r2i1p1f1,2032,03,10,1.9882439904222338,10.704163,6.1316686,2032
6279,r2i1p1f1,2032,03,11,0.0,15.861459,1.1431563,2032
6280,r2i1p1f1,2032,03,12,0.0,17.124575,3.6200588,2032
6281,r2i1p1f1,2032,03,13,0.0,17.464058,2.7272482,2032
6282,r2i1p1f1,2032,03,14,0.27253751382829705,15.807346,5.2137356,2032
6283,r2i1p1f1,2032,03,15,9.107599865274096,12.497785,3.4980826,2032
6284,r2i1p1f1,2032,03,16,0.0,12.44914,-1.4772048,2032
6285,r2i1p1f1,2032,03,17,0.0,16.837042,0.20520088,2032
6286,r2i1p1f1,2032,03,18,0.0,20.250994,4.278975,2032
6287,r2i1p1f1,2032,03,19,0.0,20.583334,5.649844,2032
6288,r2i1p1f1,2032,03,20,0.0,16.640808,4.375317,2032
6289,r2i1p1f1,2032,03,21,0.0,17.68555,3.6634555,2032
6290,r2i1p1f1,2032,03,22,0.0,21.116886,4.4572325,2032
6291,r2i1p1f1,2032,03,23,0.0,22.221973,7.830619,2032
6292,r2i1p1f1,2032,03,24,0.0,17.222322,2.3048077,2032
6293,r2i1p1f1,2032,03,25,0.0,19.36526,3.4391668,2032
6294,r2i1p1f1,2032,03,26,0.0,20.046059,5.5758405,2032
6295,r2i1p1f1,2032,03,27,0.0,21.185133,5.5276356,2032
6296,r2i1p1f1,2032,03,28,0.0,21.509264,5.032488,2032
6297,r2i1p1f1,2032,03,29,0.0,22.049515,6.1257396,2032
6298,r2i1p1f1,2032,03,30,0.0,23.45742,7.5458255,2032
6299,r2i1p1f1,2032,03,31,0.0,23.749111,6.90093,2032
6300,r2i1p1f1,2032,04,01,0.0,22.879631,6.048125,2032
6301,r2i1p1f1,2032,04,02,0.0,15.488926,2.535736,2032
6302,r2i1p1f1,2032,04,03,0.0,17.687918,1.7952256,2032
6303,r2i1p1f1,2032,04,04,0.0,18.760565,2.2117047,2032
6304,r2i1p1f1,2032,04,05,0.0,19.98436,2.6821578,2032
6305,r2i1p1f1,2032,04,06,9.714221047352112,18.696253,0.90015155,2032
6306,r2i1p1f1,2032,04,07,26.213023754098685,11.638508,4.3172383,2032
6307,r2i1p1f1,2032,04,08,10.129906746078632,7.721465,0.993556,2032
6308,r2i1p1f1,2032,04,09,3.3038665393007705,7.749756,0.5351907,2032
6309,r2i1p1f1,2032,04,10,0.0018516715499572456,13.149303,-0.4363648,2032
6310,r2i1p1f1,2032,04,11,15.32345471005101,12.228077,-1.7168317,2032
6311,r2i1p1f1,2032,04,12,26.900607812422095,11.569152,2.7668314,2032
6312,r2i1p1f1,2032,04,13,18.713245340131834,6.305208,-0.16800547,2032
6313,r2i1p1f1,2032,04,14,6.5426495061501555,6.4537716,-8.174667,2032
6314,r2i1p1f1,2032,04,15,1.9578824129439454,7.2339377,0.24777263,2032
6315,r2i1p1f1,2032,04,16,0.0,15.684292,-0.3785769,2032
6316,r2i1p1f1,2032,04,17,0.7241727766995609,15.988734,1.83257,2032
6317,r2i1p1f1,2032,04,18,0.0,18.965263,3.886018,2032
6318,r2i1p1f1,2032,04,19,0.0,19.696392,4.512343,2032
6319,r2i1p1f1,2032,04,20,0.0,21.583462,6.907116,2032
6320,r2i1p1f1,2032,04,21,0.0,23.01975,7.9135685,2032
6321,r2i1p1f1,2032,04,22,14.848083888330166,18.49333,5.021728,2032
6322,r2i1p1f1,2032,04,23,10.738467998226042,9.26432,-3.1567063,2032
6323,r2i1p1f1,2032,04,24,0.0,14.387015,-0.18514283,2032
6324,r2i1p1f1,2032,04,25,0.0,17.675257,2.0646412,2032
6325,r2i1p1f1,2032,04,26,0.0,17.962029,5.1994166,2032
6326,r2i1p1f1,2032,04,27,0.0,17.832033,4.8985195,2032
6327,r2i1p1f1,2032,04,28,2.2022834548465653,14.351381,1.4273763,2032
6328,r2i1p1f1,2032,04,29,0.0,14.513103,0.54935944,2032
6329,r2i1p1f1,2032,04,30,0.0,20.30173,4.038776,2032
6330,r2i1p1f1,2032,05,01,0.0,21.936277,6.0722165,2032
6331,r2i1p1f1,2032,05,02,0.0,24.648775,8.122201,2032
6332,r2i1p1f1,2032,05,03,0.0,26.659822,10.815229,2032
6333,r2i1p1f1,2032,05,04,0.0,29.493675,12.81123,2032
6334,r2i1p1f1,2032,05,05,0.0,30.371552,12.596004,2032
6335,r2i1p1f1,2032,05,06,0.0,26.61734,8.769182,2032
6336,r2i1p1f1,2032,05,07,0.0,19.628347,2.8334525,2032
6337,r2i1p1f1,2032,05,08,0.0,17.74086,1.8919775,2032
6338,r2i1p1f1,2032,05,09,0.0,19.36889,1.1199981,2032
6339,r2i1p1f1,2032,05,10,0.0,23.108856,7.0693994,2032
6340,r2i1p1f1,2032,05,11,0.0,24.68761,8.386074,2032
6341,r2i1p1f1,2032,05,12,0.4096891435402483,23.01828,6.264929,2032
6342,r2i1p1f1,2032,05,13,3.1696060296553696,18.8397,5.4938364,2032
6343,r2i1p1f1,2032,05,14,0.012851185783802066,20.224081,6.1891074,2032
6344,r2i1p1f1,2032,05,15,0.0,22.50025,6.7543592,2032
6345,r2i1p1f1,2032,05,16,0.0,25.646069,8.657181,2032
6346,r2i1p1f1,2032,05,17,0.0,29.035492,11.209453,2032
6347,r2i1p1f1,2032,05,18,0.0,31.030853,14.138215,2032
6348,r2i1p1f1,2032,05,19,0.0,30.993565,13.563502,2032
6349,r2i1p1f1,2032,05,20,0.0,30.159018,14.114773,2032
6350,r2i1p1f1,2032,05,21,0.0,31.018951,15.699907,2032
6351,r2i1p1f1,2032,05,22,0.0,32.00568,15.369415,2032
6352,r2i1p1f1,2032,05,23,0.0,32.170444,14.465734,2032
6353,r2i1p1f1,2032,05,24,0.0,32.887215,13.913713,2032
6354,r2i1p1f1,2032,05,25,0.0,32.49788,13.057312,2032
6355,r2i1p1f1,2032,05,26,0.0,30.860226,11.800817,2032
6356,r2i1p1f1,2032,05,27,0.0,27.049788,10.48048,2032
6357,r2i1p1f1,2032,05,28,0.0,30.444502,14.331798,2032
6358,r2i1p1f1,2032,05,29,0.0,32.594654,15.733995,2032
6359,r2i1p1f1,2032,05,30,0.0,33.268047,16.292288,2032
6360,r2i1p1f1,2032,05,31,0.0,32.817574,14.603115,2032
6361,r2i1p1f1,2032,06,01,0.0,32.908703,11.474499,2032
6362,r2i1p1f1,2032,06,02,0.0,25.705149,9.43046,2032
6363,r2i1p1f1,2032,06,03,0.03279250108789711,23.370266,7.228969,2032
6364,r2i1p1f1,2032,06,04,0.04748772832883219,19.057152,8.323193,2032
6365,r2i1p1f1,2032,06,05,0.0,27.794323,10.54417,2032
6366,r2i1p1f1,2032,06,06,0.0,33.807194,16.039349,2032
6367,r2i1p1f1,2032,06,07,0.0,37.635025,19.616493,2032
6368,r2i1p1f1,2032,06,08,0.0,38.12503,21.42222,2032
6369,r2i1p1f1,2032,06,09,0.0,37.76873,20.403536,2032
6370,r2i1p1f1,2032,06,10,0.0,32.189804,13.574882,2032
6371,r2i1p1f1,2032,06,11,0.0,23.636574,6.414696,2032
6372,r2i1p1f1,2032,06,12,0.0,22.751175,5.5734687,2032
6373,r2i1p1f1,2032,06,13,0.0,28.097734,11.383101,2032
6374,r2i1p1f1,2032,06,14,0.0,29.80848,10.458447,2032
6375,r2i1p1f1,2032,06,15,0.0,27.779182,6.537143,2032
6376,r2i1p1f1,2032,06,16,0.0,21.297771,4.5876,2032
6377,r2i1p1f1,2032,06,17,0.0,22.731428,6.364999,2032
6378,r2i1p1f1,2032,06,18,0.0,28.7537,10.786603,2032
6379,r2i1p1f1,2032,06,19,0.12540621751497838,29.809269,11.516934,2032
6380,r2i1p1f1,2032,06,20,0.615344379320959,26.134071,8.517687,2032
6381,r2i1p1f1,2032,06,21,0.0029144589461793657,25.827284,9.333286,2032
6382,r2i1p1f1,2032,06,22,8.796842129407878,19.51211,2.149723,2032
6383,r2i1p1f1,2032,06,23,8.98276396949882,16.640907,3.487062,2032
6384,r2i1p1f1,2032,06,24,9.048711992554104,16.691946,8.872346,2032
6385,r2i1p1f1,2032,06,25,6.2523422394995976,17.492304,7.095259,2032
6386,r2i1p1f1,2032,06,26,2.212048608575401,19.228607,6.2025547,2032
6387,r2i1p1f1,2032,06,27,4.611273957152662,20.269266,8.025869,2032
6388,r2i1p1f1,2032,06,28,4.3932894750696505,17.517014,4.522746,2032
6389,r2i1p1f1,2032,06,29,3.193998127426312,23.165022,8.729477,2032
6390,r2i1p1f1,2032,06,30,0.06267235603445442,23.290222,9.229098,2032
6391,r2i1p1f1,2032,07,01,0.0,24.359884,9.485457,2032
6392,r2i1p1f1,2032,07,02,0.0,25.681416,11.237134,2032
6393,r2i1p1f1,2032,07,03,0.0,27.441284,12.470573,2032
6394,r2i1p1f1,2032,07,04,0.0,28.965769,13.088326,2032
6395,r2i1p1f1,2032,07,05,0.0,30.192745,12.981963,2032
6396,r2i1p1f1,2032,07,06,0.0,30.149174,12.462538,2032
6397,r2i1p1f1,2032,07,07,0.0,30.993141,13.167492,2032
6398,r2i1p1f1,2032,07,08,0.0,30.747389,14.288635,2032
6399,r2i1p1f1,2032,07,09,0.0,31.421547,13.8324375,2032
6400,r2i1p1f1,2032,07,10,0.0,32.3022,15.075034,2032
6401,r2i1p1f1,2032,07,11,0.0,34.28563,16.634108,2032
6402,r2i1p1f1,2032,07,12,0.0,34.531834,16.750797,2032
6403,r2i1p1f1,2032,07,13,0.05405636925388535,33.813976,16.324287,2032
6404,r2i1p1f1,2032,07,14,0.0,34.19884,19.109886,2032
6405,r2i1p1f1,2032,07,15,0.4777175445838111,34.791286,17.284027,2032
6406,r2i1p1f1,2032,07,16,0.00027300147849018686,34.2785,19.077963,2032
6407,r2i1p1f1,2032,07,17,0.5480009745951975,34.74692,15.592671,2032
6408,r2i1p1f1,2032,07,18,0.0,32.71219,13.477886,2032
6409,r2i1p1f1,2032,07,19,0.0,29.779894,12.405331,2032
6410,r2i1p1f1,2032,07,20,0.0,31.94683,13.055635,2032
6411,r2i1p1f1,2032,07,21,0.0,33.44981,14.633274,2032
6412,r2i1p1f1,2032,07,22,0.0,33.818,15.484957,2032
6413,r2i1p1f1,2032,07,23,0.01683042173681315,34.041492,13.83114,2032
6414,r2i1p1f1,2032,07,24,0.0,27.628843,10.149908,2032
6415,r2i1p1f1,2032,07,25,0.0,27.189579,8.542315,2032
6416,r2i1p1f1,2032,07,26,0.0,29.631767,11.011986,2032
6417,r2i1p1f1,2032,07,27,0.011398987226129975,30.81611,12.881145,2032
6418,r2i1p1f1,2032,07,28,0.0024546056920371484,28.952654,15.281525,2032
6419,r2i1p1f1,2032,07,29,0.0019338354832143523,25.71926,11.404312,2032
6420,r2i1p1f1,2032,07,30,0.0,27.61809,10.336872,2032
6421,r2i1p1f1,2032,07,31,0.0,28.919228,9.4446945,2032
6422,r2i1p1f1,2032,08,01,0.0,31.981092,13.486791,2032
6423,r2i1p1f1,2032,08,02,0.0,33.225628,14.387137,2032
6424,r2i1p1f1,2032,08,03,0.0,34.35298,14.430431,2032
6425,r2i1p1f1,2032,08,04,0.0,34.42675,16.506721,2032
6426,r2i1p1f1,2032,08,05,0.0,34.02071,17.092875,2032
6427,r2i1p1f1,2032,08,06,0.0,33.409813,13.524619,2032
6428,r2i1p1f1,2032,08,07,0.0,31.624477,12.113203,2032
6429,r2i1p1f1,2032,08,08,0.0,29.784782,10.181458,2032
6430,r2i1p1f1,2032,08,09,0.0,28.975346,10.191047,2032
6431,r2i1p1f1,2032,08,10,0.0,27.99619,9.882665,2032
6432,r2i1p1f1,2032,08,11,0.0,29.287014,10.711412,2032
6433,r2i1p1f1,2032,08,12,0.0,29.554352,11.242957,2032
6434,r2i1p1f1,2032,08,13,0.0,31.343773,14.672509,2032
6435,r2i1p1f1,2032,08,14,0.0,34.502373,16.743975,2032
6436,r2i1p1f1,2032,08,15,0.0,36.27358,16.115644,2032
6437,r2i1p1f1,2032,08,16,0.0,36.576244,17.264626,2032
6438,r2i1p1f1,2032,08,17,0.0,36.271194,18.279184,2032
6439,r2i1p1f1,2032,08,18,0.0,36.01898,19.188438,2032
6440,r2i1p1f1,2032,08,19,0.0,37.17773,16.647606,2032
6441,r2i1p1f1,2032,08,20,0.0,35.336124,13.973692,2032
6442,r2i1p1f1,2032,08,21,0.04028091241252696,31.008888,12.922914,2032
6443,r2i1p1f1,2032,08,22,0.1722365669820647,27.872406,12.413284,2032
6444,r2i1p1f1,2032,08,23,0.005675110719494114,29.233469,12.939503,2032
6445,r2i1p1f1,2032,08,24,0.0,28.80842,13.575961,2032
6446,r2i1p1f1,2032,08,25,0.0,30.572092,13.099657,2032
6447,r2i1p1f1,2032,08,26,0.0,32.537502,12.033721,2032
6448,r2i1p1f1,2032,08,27,0.001578654791956069,33.180214,15.211354,2032
6449,r2i1p1f1,2032,08,28,0.5222774576850497,29.05558,10.7038965,2032
6450,r2i1p1f1,2032,08,29,1.735279964827896,28.585798,11.996136,2032
6451,r2i1p1f1,2032,08,30,16.75477004189929,28.547813,11.666681,2032
6452,r2i1p1f1,2032,08,31,0.0,29.330973,15.008419,2032
6453,r2i1p1f1,2032,09,01,0.0,29.148499,12.8370905,2032
6454,r2i1p1f1,2032,09,02,0.515427361096954,27.279095,11.384544,2032
6455,r2i1p1f1,2032,09,03,0.0045506501010095235,27.325861,12.482449,2032
6456,r2i1p1f1,2032,09,04,0.004909960080112796,29.230804,12.975154,2032
6457,r2i1p1f1,2032,09,05,0.0,31.058432,16.379133,2032
6458,r2i1p1f1,2032,09,06,0.0,32.05765,13.128927,2032
6459,r2i1p1f1,2032,09,07,0.0,29.766945,11.514794,2032
6460,r2i1p1f1,2032,09,08,0.0,27.1504,9.696984,2032
6461,r2i1p1f1,2032,09,09,0.0,31.720757,13.052216,2032
6462,r2i1p1f1,2032,09,10,0.0,34.681667,16.277937,2032
6463,r2i1p1f1,2032,09,11,0.0,33.454258,16.538202,2032
6464,r2i1p1f1,2032,09,12,0.0,33.088585,14.704885,2032
6465,r2i1p1f1,2032,09,13,0.0,33.078938,15.155779,2032
6466,r2i1p1f1,2032,09,14,0.0,32.211914,14.374764,2032
6467,r2i1p1f1,2032,09,15,0.0,33.81297,16.86672,2032
6468,r2i1p1f1,2032,09,16,0.0,33.447277,14.951733,2032
6469,r2i1p1f1,2032,09,17,0.0,33.604656,16.084768,2032
6470,r2i1p1f1,2032,09,18,0.0,33.173626,15.857801,2032
6471,r2i1p1f1,2032,09,19,0.0,32.920982,15.64728,2032
6472,r2i1p1f1,2032,09,20,0.0,30.32628,13.814871,2032
6473,r2i1p1f1,2032,09,21,0.0,31.706337,14.7483635,2032
6474,r2i1p1f1,2032,09,22,0.3577942164668002,32.43361,14.290188,2032
6475,r2i1p1f1,2032,09,23,0.0,34.719925,17.041048,2032
6476,r2i1p1f1,2032,09,24,2.658375531763113,30.964714,10.964726,2032
6477,r2i1p1f1,2032,09,25,45.876612714528164,16.556347,11.693749,2032
6478,r2i1p1f1,2032,09,26,0.0,21.22523,8.074775,2032
6479,r2i1p1f1,2032,09,27,0.0,24.05612,7.106463,2032
6480,r2i1p1f1,2032,09,28,0.0,24.424824,7.5402203,2032
6481,r2i1p1f1,2032,09,29,0.0,25.030355,8.394442,2032
6482,r2i1p1f1,2032,09,30,0.0,24.081774,7.786549,2032
6483,r2i1p1f1,2032,10,01,0.0998470027809617,18.666674,2.4709806,2032
6484,r2i1p1f1,2032,10,02,3.63035442048556,17.757936,3.1241035,2032
6485,r2i1p1f1,2032,10,03,1.0074709089934686,17.805534,6.0371013,2032
6486,r2i1p1f1,2032,10,04,13.899131175867296,17.280804,6.6840687,2032
6487,r2i1p1f1,2032,10,05,0.11664771807886609,20.850773,6.887977,2032
6488,r2i1p1f1,2032,10,06,0.0,23.2728,7.4272647,2032
6489,r2i1p1f1,2032,10,07,0.27985190727122244,23.289143,8.088896,2032
6490,r2i1p1f1,2032,10,08,0.04193462364128209,22.04705,6.971406,2032
6491,r2i1p1f1,2032,10,09,15.538300075058942,17.379168,5.82919,2032
6492,r2i1p1f1,2032,10,10,0.00019076373933002433,12.241452,2.669612,2032
6493,r2i1p1f1,2032,10,11,0.0,13.964001,0.62296593,2032
6494,r2i1p1f1,2032,10,12,0.0876169996331555,13.772507,4.1914067,2032
6495,r2i1p1f1,2032,10,13,0.0,17.116701,3.8300018,2032
6496,r2i1p1f1,2032,10,14,0.0,18.656815,5.178393,2032
6497,r2i1p1f1,2032,10,15,0.0,20.483364,5.884646,2032
6498,r2i1p1f1,2032,10,16,0.0,20.94982,8.052593,2032
6499,r2i1p1f1,2032,10,17,0.0,22.305603,7.9319754,2032
6500,r2i1p1f1,2032,10,18,0.0,23.69716,8.545475,2032
6501,r2i1p1f1,2032,10,19,0.0,24.545778,9.6130905,2032
6502,r2i1p1f1,2032,10,20,0.0,25.184286,9.581051,2032
6503,r2i1p1f1,2032,10,21,0.0,23.953135,5.565798,2032
6504,r2i1p1f1,2032,10,22,0.0,21.229292,8.263634,2032
6505,r2i1p1f1,2032,10,23,0.0,22.587837,8.404327,2032
6506,r2i1p1f1,2032,10,24,0.0,22.291832,8.115707,2032
6507,r2i1p1f1,2032,10,25,0.0,23.479786,8.370695,2032
6508,r2i1p1f1,2032,10,26,0.0,23.641298,8.22615,2032
6509,r2i1p1f1,2032,10,27,0.0,24.023628,7.0416355,2032
6510,r2i1p1f1,2032,10,28,0.0,23.647448,7.7286444,2032
6511,r2i1p1f1,2032,10,29,0.00238725606322987,22.438477,9.1126375,2032
6512,r2i1p1f1,2032,10,30,0.0,21.96946,6.9966335,2032
6513,r2i1p1f1,2032,10,31,0.0,22.624063,10.231585,2032
6514,r2i1p1f1,2032,11,01,0.0,23.359861,7.9315915,2032
6515,r2i1p1f1,2032,11,02,0.0,24.089333,8.35449,2032
6516,r2i1p1f1,2032,11,03,0.0,24.300621,8.294384,2032
6517,r2i1p1f1,2032,11,04,2.7394575130159637,18.32255,4.072268,2032
6518,r2i1p1f1,2032,11,05,0.0,21.937416,9.3281555,2032
6519,r2i1p1f1,2032,11,06,0.36658875820378967,20.976837,6.911158,2032
6520,r2i1p1f1,2032,11,07,0.192725162582974,17.416056,7.426191,2032
6521,r2i1p1f1,2032,11,08,0.0,23.100327,7.822413,2032
6522,r2i1p1f1,2032,11,09,0.0,21.792046,9.293662,2032
6523,r2i1p1f1,2032,11,10,0.0,22.691713,10.077859,2032
6524,r2i1p1f1,2032,11,11,0.0,22.73794,9.837962,2032
6525,r2i1p1f1,2032,11,12,1.1959823372080791,20.525932,8.436255,2032
6526,r2i1p1f1,2032,11,13,0.011111977983091492,17.801615,5.9465,2032
6527,r2i1p1f1,2032,11,14,0.0,15.980262,0.6218111,2032
6528,r2i1p1f1,2032,11,15,20.389399185842194,13.683607,3.0685303,2032
6529,r2i1p1f1,2032,11,16,51.60596599598648,11.679677,7.124286,2032
6530,r2i1p1f1,2032,11,17,0.0,12.320047,0.897899,2032
6531,r2i1p1f1,2032,11,18,0.0,12.507847,-0.9591878,2032
6532,r2i1p1f1,2032,11,19,0.0,14.536052,1.3944342,2032
6533,r2i1p1f1,2032,11,20,0.0,18.582762,4.7988753,2032
6534,r2i1p1f1,2032,11,21,0.0,20.16415,7.087976,2032
6535,r2i1p1f1,2032,11,22,0.0033654468097665813,18.702019,2.694451,2032
6536,r2i1p1f1,2032,11,23,3.3595990636968054,13.074739,3.6097956,2032
6537,r2i1p1f1,2032,11,24,10.672210095799528,8.661274,3.6680756,2032
6538,r2i1p1f1,2032,11,25,34.91050056727545,9.424122,4.7251935,2032
6539,r2i1p1f1,2032,11,26,69.9308806884801,11.41149,3.5169988,2032
6540,r2i1p1f1,2032,11,27,0.0,9.079225,-3.9405022,2032
6541,r2i1p1f1,2032,11,28,0.63513847029526,8.484443,-0.87900996,2032
6542,r2i1p1f1,2032,11,29,0.014482503047474893,16.19578,4.5095167,2032
6543,r2i1p1f1,2032,11,30,0.0,20.185015,6.634939,2032
6544,r2i1p1f1,2032,12,01,0.0037672077468187126,19.861744,6.398372,2032
6545,r2i1p1f1,2032,12,02,7.926543283997489,14.001159,9.752094,2032
6546,r2i1p1f1,2032,12,03,0.0,13.874776,4.1674566,2032
6547,r2i1p1f1,2032,12,04,0.0,14.862575,2.1664526,2032
6548,r2i1p1f1,2032,12,05,0.0,15.020865,2.397953,2032
6549,r2i1p1f1,2032,12,06,0.001035512650560122,13.198292,2.9381516,2032
6550,r2i1p1f1,2032,12,07,28.4053787789162,9.08666,3.2618027,2032
6551,r2i1p1f1,2032,12,08,0.0066261692154512275,10.752877,-0.033518154,2032
6552,r2i1p1f1,2032,12,09,0.0,12.265171,-0.37403476,2032
6553,r2i1p1f1,2032,12,10,0.0,12.088969,0.4585807,2032
6554,r2i1p1f1,2032,12,11,0.0,13.128656,-0.9243325,2032
6555,r2i1p1f1,2032,12,12,0.0,12.50631,-0.37264517,2032
6556,r2i1p1f1,2032,12,13,0.0,11.991995,1.242822,2032
6557,r2i1p1f1,2032,12,14,0.1416389764642645,10.373524,1.5272231,2032
6558,r2i1p1f1,2032,12,15,14.75679014074558,8.159416,0.65367746,2032
6559,r2i1p1f1,2032,12,16,18.091164776660662,12.297329,2.608943,2032
6560,r2i1p1f1,2032,12,17,0.5253005304211911,12.074486,1.3548291,2032
6561,r2i1p1f1,2032,12,18,1.845565770301505,9.5880165,4.0908713,2032
6562,r2i1p1f1,2032,12,19,26.420831398172595,9.889342,2.8344133,2032
6563,r2i1p1f1,2032,12,20,0.0,10.170681,-2.177508,2032
6564,r2i1p1f1,2032,12,21,0.0,10.640786,-1.0320405,2032
6565,r2i1p1f1,2032,12,22,0.0,9.949155,-1.152988,2032
6566,r2i1p1f1,2032,12,23,0.0,10.741475,-0.31998265,2032
6567,r2i1p1f1,2032,12,24,0.0,11.713224,0.42871258,2032
6568,r2i1p1f1,2032,12,25,0.0,12.291508,-0.69199514,2032
6569,r2i1p1f1,2032,12,26,0.0,12.186435,0.71908945,2032
6570,r2i1p1f1,2032,12,27,32.119875403441256,8.333602,-0.8615458,2032
6571,r2i1p1f1,2032,12,28,11.570234042886796,8.444216,0.4968146,2032
6572,r2i1p1f1,2032,12,29,0.0,8.103175,-2.8954246,2032
6573,r2i1p1f1,2032,12,30,0.0,7.4320626,-4.644461,2032
6574,r2i1p1f1,2032,12,31,0.0,7.444024,-2.927226,2032
6575,r2i1p1f1,2033,01,01,0.06800791209116142,6.8634467,-1.9427122,2033
6576,r2i1p1f1,2033,01,02,0.20596983567884308,8.565071,0.80617404,2033
6577,r2i1p1f1,2033,01,03,0.0,9.448826,1.0028979,2033
6578,r2i1p1f1,2033,01,04,7.761652025283183,8.285053,3.5313063,2033
6579,r2i1p1f1,2033,01,05,1.5890779358869622,8.328957,-2.3507297,2033
6580,r2i1p1f1,2033,01,06,0.0,7.538693,-3.125009,2033
6581,r2i1p1f1,2033,01,07,7.298945143799074,6.9604025,2.10407,2033
6582,r2i1p1f1,2033,01,08,0.0,4.1182194,-8.710804,2033
6583,r2i1p1f1,2033,01,09,8.115737956904923,1.2314663,-8.459394,2033
6584,r2i1p1f1,2033,01,10,0.0,4.8742,-9.652236,2033
6585,r2i1p1f1,2033,01,11,0.0,1.2738355,-13.495829,2033
6586,r2i1p1f1,2033,01,12,0.0,4.6908607,-7.961297,2033
6587,r2i1p1f1,2033,01,13,0.0,4.866949,-4.19177,2033
6588,r2i1p1f1,2033,01,14,0.0,6.0199223,1.4154453,2033
6589,r2i1p1f1,2033,01,15,0.0,7.2667866,-1.5884598,2033
6590,r2i1p1f1,2033,01,16,0.0,10.254225,-2.761792,2033
6591,r2i1p1f1,2033,01,17,0.0,10.049309,-2.271902,2033
6592,r2i1p1f1,2033,01,18,0.0,11.921446,0.7077706,2033
6593,r2i1p1f1,2033,01,19,0.0,11.148675,-1.4736723,2033
6594,r2i1p1f1,2033,01,20,0.0,11.191192,-0.3793232,2033
6595,r2i1p1f1,2033,01,21,0.0,11.226429,-0.556566,2033
6596,r2i1p1f1,2033,01,22,0.0,14.540211,0.77841514,2033
6597,r2i1p1f1,2033,01,23,0.0,14.061293,1.7515172,2033
6598,r2i1p1f1,2033,01,24,0.0,9.590566,-3.6694882,2033
6599,r2i1p1f1,2033,01,25,0.0,7.4103665,-3.7228193,2033
6600,r2i1p1f1,2033,01,26,0.0,8.363476,-3.8308077,2033
6601,r2i1p1f1,2033,01,27,3.8048089846370203,6.770253,-2.9144363,2033
6602,r2i1p1f1,2033,01,28,0.151798635920386,7.8091726,-0.9343054,2033
6603,r2i1p1f1,2033,01,29,0.0,7.914721,-1.719731,2033
6604,r2i1p1f1,2033,01,30,0.0,10.171752,-3.384959,2033
6605,r2i1p1f1,2033,01,31,0.0,10.65696,-3.425568,2033
6606,r2i1p1f1,2033,02,01,4.3330012039177745,8.986045,-0.947346,2033
6607,r2i1p1f1,2033,02,02,20.57976346950454,10.756896,2.0815144,2033
6608,r2i1p1f1,2033,02,03,0.0,12.554827,0.6124184,2033
6609,r2i1p1f1,2033,02,04,0.0,11.086576,-0.652229,2033
6610,r2i1p1f1,2033,02,05,0.0,12.549595,-0.11931515,2033
6611,r2i1p1f1,2033,02,06,0.0,12.630754,1.9108099,2033
6612,r2i1p1f1,2033,02,07,7.497525498365576,8.759001,-2.1055834,2033
6613,r2i1p1f1,2033,02,08,0.0,8.554586,-1.6226554,2033
6614,r2i1p1f1,2033,02,09,0.0,9.550395,-0.4542395,2033
6615,r2i1p1f1,2033,02,10,0.0,13.592888,0.870166,2033
6616,r2i1p1f1,2033,02,11,0.0,13.843725,1.762023,2033
6617,r2i1p1f1,2033,02,12,0.0,15.904653,3.770159,2033
6618,r2i1p1f1,2033,02,13,0.0,17.18384,4.164343,2033
6619,r2i1p1f1,2033,02,14,0.0,17.662424,3.1501224,2033
6620,r2i1p1f1,2033,02,15,0.0,16.207878,3.3251498,2033
6621,r2i1p1f1,2033,02,16,0.0,18.119978,4.434064,2033
6622,r2i1p1f1,2033,02,17,0.0,19.319672,6.4920926,2033
6623,r2i1p1f1,2033,02,18,0.0,19.632252,5.12986,2033
6624,r2i1p1f1,2033,02,19,29.50003580263001,13.100685,3.8919957,2033
6625,r2i1p1f1,2033,02,20,0.44310345870144374,7.287908,-3.4166412,2033
6626,r2i1p1f1,2033,02,21,0.0,7.301686,-3.068009,2033
6627,r2i1p1f1,2033,02,22,0.0,11.133065,-1.8441933,2033
6628,r2i1p1f1,2033,02,23,0.0,15.203352,1.7883366,2033
6629,r2i1p1f1,2033,02,24,0.0,16.19381,4.12624,2033
6630,r2i1p1f1,2033,02,25,0.0,15.92629,2.718674,2033
6631,r2i1p1f1,2033,02,26,0.0,15.380408,1.3833896,2033
6632,r2i1p1f1,2033,02,27,0.0,11.609995,0.5130242,2033
6633,r2i1p1f1,2033,02,28,1.037029251608601,10.146619,0.8137476,2033
6634,r2i1p1f1,2033,03,01,5.162791762904817,9.75803,0.53573585,2033
6635,r2i1p1f1,2033,03,02,0.0,15.368382,1.049856,2033
6636,r2i1p1f1,2033,03,03,0.0,16.721537,-0.14481646,2033
6637,r2i1p1f1,2033,03,04,0.0,16.40699,0.7688345,2033
6638,r2i1p1f1,2033,03,05,0.07173365488597483,14.176699,2.4609537,2033
6639,r2i1p1f1,2033,03,06,0.0,12.956631,2.3972254,2033
6640,r2i1p1f1,2033,03,07,0.0,12.853191,1.0854108,2033
6641,r2i1p1f1,2033,03,08,0.0,14.552285,1.9519479,2033
6642,r2i1p1f1,2033,03,09,0.0,13.348311,2.7824974,2033
6643,r2i1p1f1,2033,03,10,0.13048646364381966,16.870775,5.0297365,2033
6644,r2i1p1f1,2033,03,11,0.5403681135703664,18.278948,4.5048647,2033
6645,r2i1p1f1,2033,03,12,9.475318082911599,17.503582,6.6343846,2033
6646,r2i1p1f1,2033,03,13,0.02740900699791382,13.198685,-0.8259048,2033
6647,r2i1p1f1,2033,03,14,0.0,18.751461,2.0860176,2033
6648,r2i1p1f1,2033,03,15,0.0006075969167795847,19.719063,5.670767,2033
6649,r2i1p1f1,2033,03,16,0.103523814050277,19.55323,8.343689,2033
6650,r2i1p1f1,2033,03,17,2.4549440496969055,19.538282,6.1678076,2033
6651,r2i1p1f1,2033,03,18,5.611005126024793,13.638112,3.0425081,2033
6652,r2i1p1f1,2033,03,19,0.0,16.139044,0.1930185,2033
6653,r2i1p1f1,2033,03,20,0.0,18.568611,4.807337,2033
6654,r2i1p1f1,2033,03,21,0.0,17.957462,4.641201,2033
6655,r2i1p1f1,2033,03,22,0.0,17.499733,1.4489825,2033
6656,r2i1p1f1,2033,03,23,23.426428527454846,15.09631,0.80407304,2033
6657,r2i1p1f1,2033,03,24,18.60614884599272,11.880272,5.9490275,2033
6658,r2i1p1f1,2033,03,25,0.0,15.29313,2.657609,2033
6659,r2i1p1f1,2033,03,26,0.0,16.070675,1.7707318,2033
6660,r2i1p1f1,2033,03,27,0.0,16.856184,2.192583,2033
6661,r2i1p1f1,2033,03,28,0.0,16.486092,2.5126903,2033
6662,r2i1p1f1,2033,03,29,0.0,15.986147,4.464278,2033
6663,r2i1p1f1,2033,03,30,0.006886038928399785,18.06113,5.5755925,2033
6664,r2i1p1f1,2033,03,31,5.570775221701751,18.87242,4.683016,2033
6665,r2i1p1f1,2033,04,01,3.4540664676569577,11.865104,-0.6334807,2033
6666,r2i1p1f1,2033,04,02,5.157338288074698,8.47573,-0.45268118,2033
6667,r2i1p1f1,2033,04,03,0.9148106791428745,9.68794,0.7795558,2033
6668,r2i1p1f1,2033,04,04,5.017392767831552,8.795863,-2.9393513,2033
6669,r2i1p1f1,2033,04,05,0.0,15.618153,-1.0490636,2033
6670,r2i1p1f1,2033,04,06,0.0,17.61241,0.8104135,2033
6671,r2i1p1f1,2033,04,07,0.0,19.586634,4.282307,2033
6672,r2i1p1f1,2033,04,08,0.0,23.111294,6.019789,2033
6673,r2i1p1f1,2033,04,09,0.0,24.297768,7.888464,2033
6674,r2i1p1f1,2033,04,10,0.0,22.471508,5.4467907,2033
6675,r2i1p1f1,2033,04,11,0.021340956504900532,17.665028,4.0276947,2033
6676,r2i1p1f1,2033,04,12,7.9436686290137,12.448737,2.899065,2033
6677,r2i1p1f1,2033,04,13,16.407024420186644,9.1024275,-1.4272783,2033
6678,r2i1p1f1,2033,04,14,0.0,9.459075,-1.402335,2033
6679,r2i1p1f1,2033,04,15,0.036172553728874846,9.391059,0.66454786,2033
6680,r2i1p1f1,2033,04,16,0.05089551918899815,14.43471,-1.775971,2033
6681,r2i1p1f1,2033,04,17,0.4463286624513785,15.311726,1.4789112,2033
6682,r2i1p1f1,2033,04,18,4.257526036280979,12.908449,3.3041263,2033
6683,r2i1p1f1,2033,04,19,3.151517275830429,13.172468,1.5137814,2033
6684,r2i1p1f1,2033,04,20,0.0,16.589546,2.7141025,2033
6685,r2i1p1f1,2033,04,21,0.0,18.720016,4.6926594,2033
6686,r2i1p1f1,2033,04,22,0.0,22.922262,7.2579365,2033
6687,r2i1p1f1,2033,04,23,0.0,24.017723,7.181165,2033
6688,r2i1p1f1,2033,04,24,0.0,24.954817,8.431122,2033
6689,r2i1p1f1,2033,04,25,0.04208443897368852,22.833935,7.0231323,2033
6690,r2i1p1f1,2033,04,26,5.857101909714402,18.501026,4.686866,2033
6691,r2i1p1f1,2033,04,27,0.03965030609549558,13.737355,1.4852052,2033
6692,r2i1p1f1,2033,04,28,1.2025632917584517,12.32418,2.5065002,2033
6693,r2i1p1f1,2033,04,29,0.0,14.9881525,1.8149338,2033
6694,r2i1p1f1,2033,04,30,0.0,17.11311,0.84082335,2033
6695,r2i1p1f1,2033,05,01,0.0,19.651125,3.1520169,2033
6696,r2i1p1f1,2033,05,02,1.1785876262820238,19.448019,3.3355289,2033
6697,r2i1p1f1,2033,05,03,0.0,18.729494,3.1290982,2033
6698,r2i1p1f1,2033,05,04,1.7016832839431117,14.617763,3.7805595,2033
6699,r2i1p1f1,2033,05,05,18.04680277718944,12.746731,5.609341,2033
6700,r2i1p1f1,2033,05,06,27.86976605420932,11.139641,6.5829144,2033
6701,r2i1p1f1,2033,05,07,1.321499468190268,12.73484,4.545077,2033
6702,r2i1p1f1,2033,05,08,0.0025915944888765807,19.032839,2.4147303,2033
6703,r2i1p1f1,2033,05,09,0.0,21.238255,4.4059772,2033
6704,r2i1p1f1,2033,05,10,0.0,22.218699,8.517068,2033
6705,r2i1p1f1,2033,05,11,0.0,21.08619,8.534357,2033
6706,r2i1p1f1,2033,05,12,0.0020685740310000256,19.978909,5.7149215,2033
6707,r2i1p1f1,2033,05,13,0.010376944828749401,21.071735,7.7002892,2033
6708,r2i1p1f1,2033,05,14,0.008088271897577215,22.416075,7.8001003,2033
6709,r2i1p1f1,2033,05,15,0.0,23.850565,9.384435,2033
6710,r2i1p1f1,2033,05,16,0.0,25.379253,10.786913,2033
6711,r2i1p1f1,2033,05,17,0.0,27.577599,11.315502,2033
6712,r2i1p1f1,2033,05,18,0.0,30.766066,12.467881,2033
6713,r2i1p1f1,2033,05,19,0.0,30.541945,14.069652,2033
6714,r2i1p1f1,2033,05,20,0.0,29.287716,11.374467,2033
6715,r2i1p1f1,2033,05,21,0.0,29.214369,10.376277,2033
6716,r2i1p1f1,2033,05,22,0.0,27.990963,9.021214,2033
6717,r2i1p1f1,2033,05,23,0.8742539296235918,23.754154,7.460266,2033
6718,r2i1p1f1,2033,05,24,2.9343825941396062,22.225325,8.330051,2033
6719,r2i1p1f1,2033,05,25,1.5294901764093538,20.321041,8.919218,2033
6720,r2i1p1f1,2033,05,26,0.5248669338982381,20.613247,6.7399426,2033
6721,r2i1p1f1,2033,05,27,0.0,20.370188,5.3716407,2033
6722,r2i1p1f1,2033,05,28,0.0,24.41828,6.4853015,2033
6723,r2i1p1f1,2033,05,29,0.0,28.569082,11.091059,2033
6724,r2i1p1f1,2033,05,30,0.0,30.238176,13.550542,2033
6725,r2i1p1f1,2033,05,31,0.0,30.923567,13.788291,2033
6726,r2i1p1f1,2033,06,01,0.0,30.552385,13.426479,2033
6727,r2i1p1f1,2033,06,02,0.0,30.042015,13.571249,2033
6728,r2i1p1f1,2033,06,03,0.0,29.767906,11.793922,2033
6729,r2i1p1f1,2033,06,04,0.0,28.555908,11.96872,2033
6730,r2i1p1f1,2033,06,05,0.0,29.111572,12.374438,2033
6731,r2i1p1f1,2033,06,06,0.0,29.352617,11.552987,2033
6732,r2i1p1f1,2033,06,07,0.0,30.016706,13.089236,2033
6733,r2i1p1f1,2033,06,08,0.0,30.927137,14.473524,2033
6734,r2i1p1f1,2033,06,09,0.0,31.676188,15.32515,2033
6735,r2i1p1f1,2033,06,10,0.0,33.127792,17.164057,2033
6736,r2i1p1f1,2033,06,11,0.0,30.25477,12.33324,2033
6737,r2i1p1f1,2033,06,12,0.0,26.568237,8.248463,2033
6738,r2i1p1f1,2033,06,13,0.0,29.837294,12.849293,2033
6739,r2i1p1f1,2033,06,14,0.0,31.225237,14.357164,2033
6740,r2i1p1f1,2033,06,15,0.0,31.958845,12.279344,2033
6741,r2i1p1f1,2033,06,16,0.0,28.459608,9.917169,2033
6742,r2i1p1f1,2033,06,17,0.0,28.302269,8.966024,2033
6743,r2i1p1f1,2033,06,18,0.0,30.423105,11.170977,2033
6744,r2i1p1f1,2033,06,19,0.0,31.404799,14.1791115,2033
6745,r2i1p1f1,2033,06,20,0.0,33.73038,15.573305,2033
6746,r2i1p1f1,2033,06,21,0.0,35.580303,18.149992,2033
6747,r2i1p1f1,2033,06,22,0.0,36.099995,17.185402,2033
6748,r2i1p1f1,2033,06,23,0.0,34.400112,16.452236,2033
6749,r2i1p1f1,2033,06,24,0.0,32.02794,15.499546,2033
6750,r2i1p1f1,2033,06,25,0.0,30.601053,11.260747,2033
6751,r2i1p1f1,2033,06,26,0.0,29.388462,9.420931,2033
6752,r2i1p1f1,2033,06,27,0.0,35.244347,15.550273,2033
6753,r2i1p1f1,2033,06,28,0.0,36.934425,18.649298,2033
6754,r2i1p1f1,2033,06,29,0.0,37.459164,21.045753,2033
6755,r2i1p1f1,2033,06,30,0.0,37.402447,16.60885,2033
6756,r2i1p1f1,2033,07,01,0.3257789121562382,37.331253,16.857117,2033
6757,r2i1p1f1,2033,07,02,0.0,32.931038,15.116917,2033
6758,r2i1p1f1,2033,07,03,0.0,34.586777,18.079779,2033
6759,r2i1p1f1,2033,07,04,0.108727496535721,35.33079,16.055502,2033
6760,r2i1p1f1,2033,07,05,0.0,35.246048,18.090816,2033
6761,r2i1p1f1,2033,07,06,0.0,35.61294,16.579527,2033
6762,r2i1p1f1,2033,07,07,0.0,33.472763,13.361285,2033
6763,r2i1p1f1,2033,07,08,0.0,27.629295,8.330161,2033
6764,r2i1p1f1,2033,07,09,0.0,24.484182,4.586459,2033
6765,r2i1p1f1,2033,07,10,0.0,26.3574,8.430021,2033
6766,r2i1p1f1,2033,07,11,0.0,28.663788,9.858951,2033
6767,r2i1p1f1,2033,07,12,0.0,31.40919,12.591298,2033
6768,r2i1p1f1,2033,07,13,0.0,33.207195,14.523597,2033
6769,r2i1p1f1,2033,07,14,0.0,33.173817,13.799803,2033
6770,r2i1p1f1,2033,07,15,0.09099342692024948,33.056137,12.55481,2033
6771,r2i1p1f1,2033,07,16,0.0,31.42358,12.730331,2033
6772,r2i1p1f1,2033,07,17,0.0,30.78404,13.352194,2033
6773,r2i1p1f1,2033,07,18,0.0,31.646349,13.112342,2033
6774,r2i1p1f1,2033,07,19,0.0,34.126884,16.289099,2033
6775,r2i1p1f1,2033,07,20,0.0,34.977005,16.482008,2033
6776,r2i1p1f1,2033,07,21,0.0,34.93849,17.72308,2033
6777,r2i1p1f1,2033,07,22,0.0,34.41365,16.065027,2033
6778,r2i1p1f1,2033,07,23,0.0,34.276463,15.845008,2033
6779,r2i1p1f1,2033,07,24,0.0,33.66071,14.439885,2033
6780,r2i1p1f1,2033,07,25,0.0,32.426315,12.253304,2033
6781,r2i1p1f1,2033,07,26,0.0,28.557709,9.903312,2033
6782,r2i1p1f1,2033,07,27,0.0,27.496004,10.593568,2033
6783,r2i1p1f1,2033,07,28,0.0,27.848482,8.93026,2033
6784,r2i1p1f1,2033,07,29,0.0,27.766106,8.422194,2033
6785,r2i1p1f1,2033,07,30,0.0,29.225529,9.657396,2033
6786,r2i1p1f1,2033,07,31,0.0,30.36575,11.907993,2033
6787,r2i1p1f1,2033,08,01,0.0,31.792572,13.132097,2033
6788,r2i1p1f1,2033,08,02,0.0,33.52007,12.988975,2033
6789,r2i1p1f1,2033,08,03,0.0,34.306557,16.132904,2033
6790,r2i1p1f1,2033,08,04,0.025315066795883467,34.32155,14.185223,2033
6791,r2i1p1f1,2033,08,05,0.0051622471801238135,33.240818,16.351055,2033
6792,r2i1p1f1,2033,08,06,0.0,33.105732,14.892532,2033
6793,r2i1p1f1,2033,08,07,0.0,31.975555,14.985862,2033
6794,r2i1p1f1,2033,08,08,0.0,31.476036,13.650288,2033
6795,r2i1p1f1,2033,08,09,0.0,31.943594,12.663912,2033
6796,r2i1p1f1,2033,08,10,0.0,33.45654,14.677874,2033
6797,r2i1p1f1,2033,08,11,0.0,34.701195,15.19633,2033
6798,r2i1p1f1,2033,08,12,0.0,34.71437,15.230179,2033
6799,r2i1p1f1,2033,08,13,0.0,34.81917,15.183402,2033
6800,r2i1p1f1,2033,08,14,0.0,33.111843,15.394825,2033
6801,r2i1p1f1,2033,08,15,0.0,31.655474,11.486624,2033
6802,r2i1p1f1,2033,08,16,0.0,31.264303,11.843907,2033
6803,r2i1p1f1,2033,08,17,0.0,32.335564,13.9256115,2033
6804,r2i1p1f1,2033,08,18,0.0,35.148663,17.553213,2033
6805,r2i1p1f1,2033,08,19,0.0,35.890812,19.109657,2033
6806,r2i1p1f1,2033,08,20,0.0,35.898148,18.595417,2033
6807,r2i1p1f1,2033,08,21,0.0,36.081448,18.45915,2033
6808,r2i1p1f1,2033,08,22,0.0,37.020493,18.209549,2033
6809,r2i1p1f1,2033,08,23,0.0,37.456898,19.708523,2033
6810,r2i1p1f1,2033,08,24,0.0,38.732506,22.183489,2033
6811,r2i1p1f1,2033,08,25,0.0,38.60477,20.66251,2033
6812,r2i1p1f1,2033,08,26,0.0,38.92786,17.987705,2033
6813,r2i1p1f1,2033,08,27,0.0,36.66448,20.459297,2033
6814,r2i1p1f1,2033,08,28,0.0,37.603287,19.331459,2033
6815,r2i1p1f1,2033,08,29,0.0,37.511433,19.148598,2033
6816,r2i1p1f1,2033,08,30,0.0,37.529007,18.599749,2033
6817,r2i1p1f1,2033,08,31,0.0,36.116867,18.001122,2033
6818,r2i1p1f1,2033,09,01,0.0,34.02611,18.011595,2033
6819,r2i1p1f1,2033,09,02,0.0,35.45356,18.460836,2033
6820,r2i1p1f1,2033,09,03,0.0,36.388325,19.071365,2033
6821,r2i1p1f1,2033,09,04,0.0,34.681396,16.360502,2033
6822,r2i1p1f1,2033,09,05,0.0,32.46957,15.424369,2033
6823,r2i1p1f1,2033,09,06,0.0,31.511244,14.84198,2033
6824,r2i1p1f1,2033,09,07,0.0,33.495167,14.926815,2033
6825,r2i1p1f1,2033,09,08,0.0,34.050903,17.60386,2033
6826,r2i1p1f1,2033,09,09,0.0,34.689175,17.278103,2033
6827,r2i1p1f1,2033,09,10,0.0,34.302948,16.425625,2033
6828,r2i1p1f1,2033,09,11,0.0,35.96919,18.331657,2033
6829,r2i1p1f1,2033,09,12,0.0,35.862885,18.653679,2033
6830,r2i1p1f1,2033,09,13,0.0,37.302654,19.471743,2033
6831,r2i1p1f1,2033,09,14,0.0,37.49477,19.383966,2033
6832,r2i1p1f1,2033,09,15,0.0,37.48475,21.031324,2033
6833,r2i1p1f1,2033,09,16,0.0,36.969223,20.035849,2033
6834,r2i1p1f1,2033,09,17,0.0,35.2293,16.367636,2033
6835,r2i1p1f1,2033,09,18,0.0,30.601845,12.207862,2033
6836,r2i1p1f1,2033,09,19,0.0,28.964592,11.812178,2033
6837,r2i1p1f1,2033,09,20,0.0,29.139648,11.972617,2033
6838,r2i1p1f1,2033,09,21,0.0,27.06777,8.928845,2033
6839,r2i1p1f1,2033,09,22,0.0,28.458717,12.042945,2033
6840,r2i1p1f1,2033,09,23,0.0,28.95104,12.647178,2033
6841,r2i1p1f1,2033,09,24,0.0,31.263136,12.513485,2033
6842,r2i1p1f1,2033,09,25,0.0,31.431223,14.321631,2033
6843,r2i1p1f1,2033,09,26,0.0,32.16227,14.430525,2033
6844,r2i1p1f1,2033,09,27,0.0,33.12697,16.710798,2033
6845,r2i1p1f1,2033,09,28,0.0,34.38777,17.287827,2033
6846,r2i1p1f1,2033,09,29,0.0,34.527653,16.093786,2033
6847,r2i1p1f1,2033,09,30,0.0,32.67105,12.919403,2033
6848,r2i1p1f1,2033,10,01,0.0,28.139282,10.313103,2033
6849,r2i1p1f1,2033,10,02,0.0,22.426344,6.449431,2033
6850,r2i1p1f1,2033,10,03,0.0,20.257101,3.4004092,2033
6851,r2i1p1f1,2033,10,04,0.1378441259248575,19.305027,5.161546,2033
6852,r2i1p1f1,2033,10,05,0.10210282212881339,16.798698,4.7480726,2033
6853,r2i1p1f1,2033,10,06,0.0,20.786102,3.731193,2033
6854,r2i1p1f1,2033,10,07,0.0,22.7044,5.7138524,2033
6855,r2i1p1f1,2033,10,08,0.0,23.125727,7.796865,2033
6856,r2i1p1f1,2033,10,09,6.538732614558285,19.259705,4.665514,2033
6857,r2i1p1f1,2033,10,10,0.0,22.11346,6.638097,2033
6858,r2i1p1f1,2033,10,11,0.0,22.664268,6.865817,2033
6859,r2i1p1f1,2033,10,12,0.0,24.191557,8.401709,2033
6860,r2i1p1f1,2033,10,13,0.0,21.294313,3.0469594,2033
6861,r2i1p1f1,2033,10,14,0.0,13.785269,-2.0444298,2033
6862,r2i1p1f1,2033,10,15,0.0,13.056164,-2.43114,2033
6863,r2i1p1f1,2033,10,16,0.0,17.165632,5.307821,2033
6864,r2i1p1f1,2033,10,17,0.0,21.058723,6.2091274,2033
6865,r2i1p1f1,2033,10,18,0.4277036222958941,22.019997,6.771742,2033
6866,r2i1p1f1,2033,10,19,0.0,24.868752,10.30902,2033
6867,r2i1p1f1,2033,10,20,0.0,26.768654,12.610089,2033
6868,r2i1p1f1,2033,10,21,0.0,29.487623,13.387334,2033
6869,r2i1p1f1,2033,10,22,0.0,26.98005,7.904865,2033
6870,r2i1p1f1,2033,10,23,1.7683423737537396,15.907752,1.4859546,2033
6871,r2i1p1f1,2033,10,24,0.0,13.327808,1.2539659,2033
6872,r2i1p1f1,2033,10,25,0.0,13.410961,-1.704791,2033
6873,r2i1p1f1,2033,10,26,0.0,13.893886,0.5677276,2033
6874,r2i1p1f1,2033,10,27,0.0,14.612747,-0.04098945,2033
6875,r2i1p1f1,2033,10,28,0.03815729899088183,18.232397,6.896816,2033
6876,r2i1p1f1,2033,10,29,0.0,18.641195,4.6267967,2033
6877,r2i1p1f1,2033,10,30,0.0,19.513624,4.033598,2033
6878,r2i1p1f1,2033,10,31,0.0,22.328117,7.208024,2033
6879,r2i1p1f1,2033,11,01,0.0,23.564552,8.81979,2033
6880,r2i1p1f1,2033,11,02,0.0,24.763369,10.216187,2033
6881,r2i1p1f1,2033,11,03,0.0,24.156775,8.985589,2033
6882,r2i1p1f1,2033,11,04,0.0,24.019112,7.9263263,2033
6883,r2i1p1f1,2033,11,05,0.0,25.088156,9.741454,2033
6884,r2i1p1f1,2033,11,06,0.08448190956187318,21.517443,8.884483,2033
6885,r2i1p1f1,2033,11,07,24.372393051089603,16.485771,2.617715,2033
6886,r2i1p1f1,2033,11,08,1.6381047648280855,8.597901,0.2298727,2033
6887,r2i1p1f1,2033,11,09,0.0,11.465093,-1.10834,2033
6888,r2i1p1f1,2033,11,10,0.0,13.529842,2.0999951,2033
6889,r2i1p1f1,2033,11,11,0.0,16.31326,4.0737505,2033
6890,r2i1p1f1,2033,11,12,0.0,18.933393,5.548354,2033
6891,r2i1p1f1,2033,11,13,0.0,22.39221,8.443057,2033
6892,r2i1p1f1,2033,11,14,0.0,22.600006,10.410557,2033
6893,r2i1p1f1,2033,11,15,0.0,22.977951,9.363115,2033
6894,r2i1p1f1,2033,11,16,0.0,21.878267,9.961976,2033
6895,r2i1p1f1,2033,11,17,0.0,22.047,8.398549,2033
6896,r2i1p1f1,2033,11,18,0.0,22.536324,9.7364855,2033
6897,r2i1p1f1,2033,11,19,0.0,22.591835,7.9304175,2033
6898,r2i1p1f1,2033,11,20,0.0,23.470469,8.938179,2033
6899,r2i1p1f1,2033,11,21,0.0,24.380106,9.759183,2033
6900,r2i1p1f1,2033,11,22,0.0,24.234612,7.8110538,2033
6901,r2i1p1f1,2033,11,23,0.0,24.34855,7.2158484,2033
6902,r2i1p1f1,2033,11,24,0.0,23.592373,10.967864,2033
6903,r2i1p1f1,2033,11,25,0.0,22.099567,10.813374,2033
6904,r2i1p1f1,2033,11,26,0.0,22.065607,7.0355244,2033
6905,r2i1p1f1,2033,11,27,0.0,19.933193,4.3636284,2033
6906,r2i1p1f1,2033,11,28,0.0,16.583641,1.5680466,2033
6907,r2i1p1f1,2033,11,29,0.0,13.731994,4.204859,2033
6908,r2i1p1f1,2033,11,30,19.146625651046634,10.094291,5.1112223,2033
6909,r2i1p1f1,2033,12,01,4.366895081557232,7.7726917,3.08352,2033
6910,r2i1p1f1,2033,12,02,7.839468030579155,8.689308,2.7401783,2033
6911,r2i1p1f1,2033,12,03,4.137215933315019,8.874242,1.7005893,2033
6912,r2i1p1f1,2033,12,04,34.354520080887596,8.285665,1.678093,2033
6913,r2i1p1f1,2033,12,05,43.81106668151915,7.552306,1.584476,2033
6914,r2i1p1f1,2033,12,06,19.251607258820513,8.063256,2.992747,2033
6915,r2i1p1f1,2033,12,07,21.004522340081166,7.5435696,2.6918635,2033
6916,r2i1p1f1,2033,12,08,0.0,10.056385,-2.5534549,2033
6917,r2i1p1f1,2033,12,09,0.0,11.279691,-0.69097334,2033
6918,r2i1p1f1,2033,12,10,0.0,13.249532,0.2213679,2033
6919,r2i1p1f1,2033,12,11,0.0,16.68937,3.5177605,2033
6920,r2i1p1f1,2033,12,12,0.0,17.693455,4.5954328,2033
6921,r2i1p1f1,2033,12,13,0.3375680712068174,14.406074,4.4835987,2033
6922,r2i1p1f1,2033,12,14,0.0,13.408475,1.6673527,2033
6923,r2i1p1f1,2033,12,15,0.0,11.575989,1.8768877,2033
6924,r2i1p1f1,2033,12,16,0.0,11.170689,0.8734841,2033
6925,r2i1p1f1,2033,12,17,20.353021248592995,9.779134,4.3274503,2033
6926,r2i1p1f1,2033,12,18,0.0,8.820026,0.2870418,2033
6927,r2i1p1f1,2033,12,19,0.0,12.698944,1.159851,2033
6928,r2i1p1f1,2033,12,20,0.0,16.524715,3.8794932,2033
6929,r2i1p1f1,2033,12,21,0.0,17.851463,6.683759,2033
6930,r2i1p1f1,2033,12,22,0.0,18.656668,5.164713,2033
6931,r2i1p1f1,2033,12,23,0.0,17.374193,4.931844,2033
6932,r2i1p1f1,2033,12,24,0.0,16.093313,3.7474403,2033
6933,r2i1p1f1,2033,12,25,0.0,16.377861,5.2433906,2033
6934,r2i1p1f1,2033,12,26,0.0,16.122847,5.297145,2033
6935,r2i1p1f1,2033,12,27,0.5181693626582273,11.766071,2.5200846,2033
6936,r2i1p1f1,2033,12,28,5.725199766038713,7.4877834,1.0199332,2033
6937,r2i1p1f1,2033,12,29,4.218951290954465,7.465599,-3.545399,2033
6938,r2i1p1f1,2033,12,30,0.0,3.4737117,-7.896719,2033
6939,r2i1p1f1,2033,12,31,8.395567809395743,4.247961,-4.8159575,2033
6940,r2i1p1f1,2034,01,01,27.465270511834206,1.3541416,-2.784971,2034
6941,r2i1p1f1,2034,01,02,28.864296417305013,3.6140528,-0.17449744,2034
6942,r2i1p1f1,2034,01,03,0.060000312907959596,4.186919,-8.6415,2034
6943,r2i1p1f1,2034,01,04,0.0,5.530118,-8.096327,2034
6944,r2i1p1f1,2034,01,05,0.0,4.31762,-3.7630603,2034
6945,r2i1p1f1,2034,01,06,0.0,4.349648,-0.7084425,2034
6946,r2i1p1f1,2034,01,07,0.007838813417038182,9.685001,0.9366242,2034
6947,r2i1p1f1,2034,01,08,0.0,8.834924,-2.2686906,2034
6948,r2i1p1f1,2034,01,09,0.0,6.9164047,-4.8680105,2034
6949,r2i1p1f1,2034,01,10,0.0,7.482727,-5.1551757,2034
6950,r2i1p1f1,2034,01,11,1.5585555231723447,6.473607,-2.891761,2034
6951,r2i1p1f1,2034,01,12,0.0,5.6486177,-1.5720978,2034
6952,r2i1p1f1,2034,01,13,0.0,6.898676,-3.1188054,2034
6953,r2i1p1f1,2034,01,14,0.1681561016340538,7.720499,-0.81988925,2034
6954,r2i1p1f1,2034,01,15,3.243980006379843,7.256569,2.208709,2034
6955,r2i1p1f1,2034,01,16,0.0,8.338361,3.882804,2034
6956,r2i1p1f1,2034,01,17,0.0,13.482699,2.6354568,2034
6957,r2i1p1f1,2034,01,18,0.0,14.638057,2.2661047,2034
6958,r2i1p1f1,2034,01,19,0.0,15.445899,4.2159567,2034
6959,r2i1p1f1,2034,01,20,0.0,12.372025,2.352138,2034
6960,r2i1p1f1,2034,01,21,0.0,12.578972,0.9555186,2034
6961,r2i1p1f1,2034,01,22,0.0,15.458581,3.4913876,2034
6962,r2i1p1f1,2034,01,23,0.0,17.653496,5.4281425,2034
6963,r2i1p1f1,2034,01,24,0.0,17.551924,5.2730756,2034
6964,r2i1p1f1,2034,01,25,0.10132894614413995,16.746147,5.2304316,2034
6965,r2i1p1f1,2034,01,26,27.97303490997365,10.15542,1.7763867,2034
6966,r2i1p1f1,2034,01,27,2.203922816534032,3.8338683,-2.6592894,2034
6967,r2i1p1f1,2034,01,28,0.0,7.767601,-3.5981293,2034
6968,r2i1p1f1,2034,01,29,0.0,8.406362,-0.3503164,2034
6969,r2i1p1f1,2034,01,30,0.0,10.362446,-0.17716943,2034
6970,r2i1p1f1,2034,01,31,0.0,13.874824,2.661511,2034
6971,r2i1p1f1,2034,02,01,0.0,17.110495,3.7118356,2034
6972,r2i1p1f1,2034,02,02,0.0,17.686863,5.8282995,2034
6973,r2i1p1f1,2034,02,03,0.7363747487488581,15.235358,4.8289156,2034
6974,r2i1p1f1,2034,02,04,0.0,12.273058,1.6997212,2034
6975,r2i1p1f1,2034,02,05,0.0,13.023613,0.70101047,2034
6976,r2i1p1f1,2034,02,06,0.0,15.471015,3.4601493,2034
6977,r2i1p1f1,2034,02,07,0.0,17.276224,5.1356726,2034
6978,r2i1p1f1,2034,02,08,0.0,17.405926,5.417076,2034
6979,r2i1p1f1,2034,02,09,0.0,17.172813,4.713981,2034
6980,r2i1p1f1,2034,02,10,0.0,17.974218,6.250629,2034
6981,r2i1p1f1,2034,02,11,0.0,18.922329,7.3539724,2034
6982,r2i1p1f1,2034,02,12,0.0,19.678396,6.5946913,2034
6983,r2i1p1f1,2034,02,13,0.0,19.593,6.240983,2034
6984,r2i1p1f1,2034,02,14,0.0,16.58827,4.7386317,2034
6985,r2i1p1f1,2034,02,15,0.0,15.294765,2.687695,2034
6986,r2i1p1f1,2034,02,16,0.0,15.867988,3.0255563,2034
6987,r2i1p1f1,2034,02,17,0.0,18.161503,4.1596856,2034
6988,r2i1p1f1,2034,02,18,0.0,17.201878,4.9039416,2034
6989,r2i1p1f1,2034,02,19,0.0,14.225597,1.5713543,2034
6990,r2i1p1f1,2034,02,20,0.0,14.070034,1.1240675,2034
6991,r2i1p1f1,2034,02,21,0.0,15.611568,2.854399,2034
6992,r2i1p1f1,2034,02,22,0.0,16.61773,3.504835,2034
6993,r2i1p1f1,2034,02,23,0.0,15.203445,1.1219727,2034
6994,r2i1p1f1,2034,02,24,6.046703638821782,7.287275,-0.47494185,2034
6995,r2i1p1f1,2034,02,25,21.859555305854883,8.969342,1.888674,2034
6996,r2i1p1f1,2034,02,26,0.0,11.155572,-0.20980924,2034
6997,r2i1p1f1,2034,02,27,0.08849787803910658,12.601668,-1.0850881,2034
6998,r2i1p1f1,2034,02,28,17.707698133926897,6.9020214,1.2685063,2034
6999,r2i1p1f1,2034,03,01,16.173558938317,6.91125,0.16338195,2034
7000,r2i1p1f1,2034,03,02,4.122125312551361,6.3054285,-3.0214715,2034
7001,r2i1p1f1,2034,03,03,0.0,11.437595,0.20064586,2034
7002,r2i1p1f1,2034,03,04,0.0,13.750167,0.72276855,2034
7003,r2i1p1f1,2034,03,05,0.0,11.938003,0.9982221,2034
7004,r2i1p1f1,2034,03,06,0.0,15.392181,1.1619227,2034
7005,r2i1p1f1,2034,03,07,0.0,17.49697,2.04234,2034
7006,r2i1p1f1,2034,03,08,0.0,17.87694,3.16066,2034
7007,r2i1p1f1,2034,03,09,0.0,20.398685,4.0671473,2034
7008,r2i1p1f1,2034,03,10,0.0,19.376862,5.4397492,2034
7009,r2i1p1f1,2034,03,11,0.0,16.81499,3.9590302,2034
7010,r2i1p1f1,2034,03,12,0.0,19.8333,5.3956647,2034
7011,r2i1p1f1,2034,03,13,0.0,20.547417,6.319862,2034
7012,r2i1p1f1,2034,03,14,0.0,21.983686,6.9474797,2034
7013,r2i1p1f1,2034,03,15,0.0,19.625587,4.3031197,2034
7014,r2i1p1f1,2034,03,16,0.7016233354647738,19.06293,4.1582785,2034
7015,r2i1p1f1,2034,03,17,6.769462784905045,19.222046,5.13676,2034
7016,r2i1p1f1,2034,03,18,4.4502614359657855,12.280622,5.631053,2034
7017,r2i1p1f1,2034,03,19,2.722641243730095,7.7903595,-3.4325604,2034
7018,r2i1p1f1,2034,03,20,0.0,13.438854,-2.6222022,2034
7019,r2i1p1f1,2034,03,21,0.3637612324894235,13.513882,-0.11792728,2034
7020,r2i1p1f1,2034,03,22,9.848133477544252,13.121109,4.1029873,2034
7021,r2i1p1f1,2034,03,23,3.4692263476472363,15.391017,6.6099343,2034
7022,r2i1p1f1,2034,03,24,0.0,20.201887,4.766508,2034
7023,r2i1p1f1,2034,03,25,0.0,22.547215,7.384283,2034
7024,r2i1p1f1,2034,03,26,0.0,25.59833,8.962124,2034
7025,r2i1p1f1,2034,03,27,0.0,25.937355,11.206775,2034
7026,r2i1p1f1,2034,03,28,0.0,26.583424,13.535175,2034
7027,r2i1p1f1,2034,03,29,0.0,27.702732,10.248301,2034
7028,r2i1p1f1,2034,03,30,1.2282049098757852,22.176435,7.4133506,2034
7029,r2i1p1f1,2034,03,31,11.685849346304167,13.929799,5.231419,2034
7030,r2i1p1f1,2034,04,01,0.0,16.840378,3.6639469,2034
7031,r2i1p1f1,2034,04,02,0.0,19.21703,6.506149,2034
7032,r2i1p1f1,2034,04,03,0.0006137156788099674,15.55918,1.3432136,2034
7033,r2i1p1f1,2034,04,04,0.004571798939423388,12.470555,-1.8964301,2034
7034,r2i1p1f1,2034,04,05,0.0,14.45949,-0.09178877,2034
7035,r2i1p1f1,2034,04,06,0.0,19.752043,3.485042,2034
7036,r2i1p1f1,2034,04,07,0.0,22.797173,6.7771544,2034
7037,r2i1p1f1,2034,04,08,0.0,24.523556,7.8619766,2034
7038,r2i1p1f1,2034,04,09,0.0,24.845829,6.0891623,2034
7039,r2i1p1f1,2034,04,10,0.0,20.539549,7.859481,2034
7040,r2i1p1f1,2034,04,11,0.8221817779599405,20.423258,6.8060966,2034
7041,r2i1p1f1,2034,04,12,1.7457028975059075,20.60494,5.628844,2034
7042,r2i1p1f1,2034,04,13,0.0,23.773352,7.6300135,2034
7043,r2i1p1f1,2034,04,14,0.0,25.804657,8.802189,2034
7044,r2i1p1f1,2034,04,15,0.006563994156749686,26.15617,9.320333,2034
7045,r2i1p1f1,2034,04,16,0.0,24.369247,8.533482,2034
7046,r2i1p1f1,2034,04,17,0.0,19.998657,3.8218205,2034
7047,r2i1p1f1,2034,04,18,0.0,18.378817,0.84048086,2034
7048,r2i1p1f1,2034,04,19,0.0,17.927725,0.21231121,2034
7049,r2i1p1f1,2034,04,20,12.792830666967347,12.540342,4.0898323,2034
7050,r2i1p1f1,2034,04,21,0.8134443640358313,15.082645,4.5519934,2034
7051,r2i1p1f1,2034,04,22,0.0,19.208519,3.3399324,2034
7052,r2i1p1f1,2034,04,23,0.0,21.679007,5.5189075,2034
7053,r2i1p1f1,2034,04,24,0.0,23.7307,7.250567,2034
7054,r2i1p1f1,2034,04,25,0.0,23.051813,7.570644,2034
7055,r2i1p1f1,2034,04,26,0.0,24.785084,8.422984,2034
7056,r2i1p1f1,2034,04,27,0.012950078735229908,24.796375,7.866645,2034
7057,r2i1p1f1,2034,04,28,0.023086420787876705,22.393501,8.440118,2034
7058,r2i1p1f1,2034,04,29,0.0,20.171473,6.4274216,2034
7059,r2i1p1f1,2034,04,30,0.0,21.944012,6.4111505,2034
7060,r2i1p1f1,2034,05,01,0.0,23.886515,7.806173,2034
7061,r2i1p1f1,2034,05,02,0.0,26.292656,9.011491,2034
7062,r2i1p1f1,2034,05,03,0.0,28.741652,13.585721,2034
7063,r2i1p1f1,2034,05,04,0.0,29.62446,13.482777,2034
7064,r2i1p1f1,2034,05,05,0.0,27.811783,11.056278,2034
7065,r2i1p1f1,2034,05,06,0.0,22.556858,5.9595976,2034
7066,r2i1p1f1,2034,05,07,0.0,21.929985,3.8850021,2034
7067,r2i1p1f1,2034,05,08,0.0,19.311785,2.8924582,2034
7068,r2i1p1f1,2034,05,09,0.0,20.097404,5.461057,2034
7069,r2i1p1f1,2034,05,10,0.0,22.653004,4.4082866,2034
7070,r2i1p1f1,2034,05,11,0.0,24.075436,6.499483,2034
7071,r2i1p1f1,2034,05,12,0.0,25.232925,8.735027,2034
7072,r2i1p1f1,2034,05,13,3.2367374367595403,22.24959,2.7916155,2034
7073,r2i1p1f1,2034,05,14,20.197048969566822,14.299438,6.5344605,2034
7074,r2i1p1f1,2034,05,15,28.389639367742348,14.493776,9.353281,2034
7075,r2i1p1f1,2034,05,16,0.0,17.283176,3.8013234,2034
7076,r2i1p1f1,2034,05,17,0.0,21.892313,6.0392795,2034
7077,r2i1p1f1,2034,05,18,0.0,28.356432,12.272363,2034
7078,r2i1p1f1,2034,05,19,0.0,31.613346,15.190272,2034
7079,r2i1p1f1,2034,05,20,0.0,33.285976,16.645641,2034
7080,r2i1p1f1,2034,05,21,0.0,35.567585,17.402378,2034
7081,r2i1p1f1,2034,05,22,0.0,35.921696,18.240294,2034
7082,r2i1p1f1,2034,05,23,0.811502728583946,34.819275,15.385944,2034
7083,r2i1p1f1,2034,05,24,0.6974234387826073,36.766476,15.855046,2034
7084,r2i1p1f1,2034,05,25,0.0,31.438986,13.121416,2034
7085,r2i1p1f1,2034,05,26,0.0,27.885769,12.148427,2034
7086,r2i1p1f1,2034,05,27,0.0,31.959272,15.738636,2034
7087,r2i1p1f1,2034,05,28,1.3087240421953084,28.675354,11.200936,2034
7088,r2i1p1f1,2034,05,29,3.5541845120633297,24.322355,8.826276,2034
7089,r2i1p1f1,2034,05,30,1.3660065577028035,26.113712,8.5488615,2034
7090,r2i1p1f1,2034,05,31,0.0,25.539986,10.599167,2034
7091,r2i1p1f1,2034,06,01,0.0,28.017426,10.741854,2034
7092,r2i1p1f1,2034,06,02,0.0,30.639418,14.455882,2034
7093,r2i1p1f1,2034,06,03,0.0,31.913046,14.692348,2034
7094,r2i1p1f1,2034,06,04,0.007639119212399237,31.759758,13.503802,2034
7095,r2i1p1f1,2034,06,05,0.0,25.744446,7.272578,2034
7096,r2i1p1f1,2034,06,06,0.0,21.489187,3.7204356,2034
7097,r2i1p1f1,2034,06,07,0.0,19.18514,5.1629777,2034
7098,r2i1p1f1,2034,06,08,0.0,23.234854,6.916844,2034
7099,r2i1p1f1,2034,06,09,0.0,27.755999,11.172215,2034
7100,r2i1p1f1,2034,06,10,0.0,29.91112,12.728243,2034
7101,r2i1p1f1,2034,06,11,0.0,32.13594,14.786131,2034
7102,r2i1p1f1,2034,06,12,0.0,32.9317,15.6207075,2034
7103,r2i1p1f1,2034,06,13,0.0,32.006973,13.424832,2034
7104,r2i1p1f1,2034,06,14,0.0,31.76178,12.216679,2034
7105,r2i1p1f1,2034,06,15,0.0,30.08901,11.812835,2034
7106,r2i1p1f1,2034,06,16,0.0,27.119902,9.976591,2034
7107,r2i1p1f1,2034,06,17,0.0,28.261902,10.79429,2034
7108,r2i1p1f1,2034,06,18,0.0,29.184177,11.111207,2034
7109,r2i1p1f1,2034,06,19,0.0,29.404572,9.960804,2034
7110,r2i1p1f1,2034,06,20,0.0,28.899132,8.325206,2034
7111,r2i1p1f1,2034,06,21,0.0,29.224583,11.502593,2034
7112,r2i1p1f1,2034,06,22,0.0,30.581041,14.670772,2034
7113,r2i1p1f1,2034,06,23,0.0,30.875057,12.828634,2034
7114,r2i1p1f1,2034,06,24,0.0,29.620836,10.856175,2034
7115,r2i1p1f1,2034,06,25,0.0,29.755306,12.314067,2034
7116,r2i1p1f1,2034,06,26,0.0,32.197056,13.473874,2034
7117,r2i1p1f1,2034,06,27,0.0,32.40923,13.733235,2034
7118,r2i1p1f1,2034,06,28,0.0,33.21528,14.8236475,2034
7119,r2i1p1f1,2034,06,29,0.0,32.563683,12.55498,2034
7120,r2i1p1f1,2034,06,30,0.0,34.82615,15.591941,2034
7121,r2i1p1f1,2034,07,01,0.0,36.04166,17.522675,2034
7122,r2i1p1f1,2034,07,02,0.0,36.351067,18.766638,2034
7123,r2i1p1f1,2034,07,03,0.1479789029872336,34.436146,14.069288,2034
7124,r2i1p1f1,2034,07,04,0.0,32.77786,14.623317,2034
7125,r2i1p1f1,2034,07,05,0.0,33.664177,14.49847,2034
7126,r2i1p1f1,2034,07,06,0.0,33.38164,13.962827,2034
7127,r2i1p1f1,2034,07,07,0.0,32.246468,13.26993,2034
7128,r2i1p1f1,2034,07,08,0.0,32.476192,12.949776,2034
7129,r2i1p1f1,2034,07,09,0.0,33.412025,13.652802,2034
7130,r2i1p1f1,2034,07,10,0.0,32.80782,12.0649,2034
7131,r2i1p1f1,2034,07,11,0.0,30.036638,12.004292,2034
7132,r2i1p1f1,2034,07,12,0.0,29.915901,12.7849,2034
7133,r2i1p1f1,2034,07,13,0.0,30.97777,11.683738,2034
7134,r2i1p1f1,2034,07,14,0.0,31.702078,11.248317,2034
7135,r2i1p1f1,2034,07,15,0.0,31.106092,10.82201,2034
7136,r2i1p1f1,2034,07,16,0.0,29.420837,11.339987,2034
7137,r2i1p1f1,2034,07,17,0.0,31.101084,12.97868,2034
7138,r2i1p1f1,2034,07,18,0.0,33.016464,13.686593,2034
7139,r2i1p1f1,2034,07,19,0.0,33.540543,14.232178,2034
7140,r2i1p1f1,2034,07,20,0.0,34.03444,14.9687605,2034
7141,r2i1p1f1,2034,07,21,0.0,33.948338,13.267795,2034
7142,r2i1p1f1,2034,07,22,0.0,34.35899,15.769024,2034
7143,r2i1p1f1,2034,07,23,0.0,35.622494,17.243505,2034
7144,r2i1p1f1,2034,07,24,0.0,35.904724,17.093489,2034
7145,r2i1p1f1,2034,07,25,0.0,35.35991,17.762152,2034
7146,r2i1p1f1,2034,07,26,0.0,37.278194,19.823086,2034
7147,r2i1p1f1,2034,07,27,0.0,37.44689,20.202358,2034
7148,r2i1p1f1,2034,07,28,0.0,37.81857,17.276459,2034
7149,r2i1p1f1,2034,07,29,0.0,34.955917,15.9462805,2034
7150,r2i1p1f1,2034,07,30,0.0,34.37229,13.242203,2034
7151,r2i1p1f1,2034,07,31,0.0,31.901394,12.301624,2034
7152,r2i1p1f1,2034,08,01,0.0,31.84947,13.729841,2034
7153,r2i1p1f1,2034,08,02,0.0,35.21681,16.690165,2034
7154,r2i1p1f1,2034,08,03,0.0,36.592117,18.354864,2034
7155,r2i1p1f1,2034,08,04,0.0,37.71208,17.38705,2034
7156,r2i1p1f1,2034,08,05,0.0,35.604034,15.50434,2034
7157,r2i1p1f1,2034,08,06,0.0,35.341614,15.228221,2034
7158,r2i1p1f1,2034,08,07,0.0,34.58035,15.031974,2034
7159,r2i1p1f1,2034,08,08,0.0,31.689419,13.211462,2034
7160,r2i1p1f1,2034,08,09,0.0,32.96874,14.170554,2034
7161,r2i1p1f1,2034,08,10,0.0,33.463535,14.324707,2034
7162,r2i1p1f1,2034,08,11,0.0,32.121414,13.11248,2034
7163,r2i1p1f1,2034,08,12,0.0,32.576015,12.798623,2034
7164,r2i1p1f1,2034,08,13,0.0,34.694717,15.956829,2034
7165,r2i1p1f1,2034,08,14,0.0,35.377354,16.852486,2034
7166,r2i1p1f1,2034,08,15,0.0,37.06741,17.975838,2034
7167,r2i1p1f1,2034,08,16,0.0,37.86104,19.140371,2034
7168,r2i1p1f1,2034,08,17,0.0,37.350998,17.922707,2034
7169,r2i1p1f1,2034,08,18,0.0,34.252174,12.142465,2034
7170,r2i1p1f1,2034,08,19,0.0,29.288876,9.054338,2034
7171,r2i1p1f1,2034,08,20,0.0,27.5003,9.572155,2034
7172,r2i1p1f1,2034,08,21,0.0,27.830757,10.16886,2034
7173,r2i1p1f1,2034,08,22,0.0,28.758667,9.683204,2034
7174,r2i1p1f1,2034,08,23,0.0,31.296797,14.298525,2034
7175,r2i1p1f1,2034,08,24,0.0,34.43826,14.682604,2034
7176,r2i1p1f1,2034,08,25,0.0,35.287952,14.960673,2034
7177,r2i1p1f1,2034,08,26,0.0,35.55977,15.7812395,2034
7178,r2i1p1f1,2034,08,27,0.0,35.173668,14.280857,2034
7179,r2i1p1f1,2034,08,28,0.0,34.599087,19.593136,2034
7180,r2i1p1f1,2034,08,29,0.0,36.735306,19.606686,2034
7181,r2i1p1f1,2034,08,30,0.0,37.98369,18.940308,2034
7182,r2i1p1f1,2034,08,31,0.0,38.313927,17.28082,2034
7183,r2i1p1f1,2034,09,01,0.0,35.628464,16.539017,2034
7184,r2i1p1f1,2034,09,02,0.0,33.465595,13.840572,2034
7185,r2i1p1f1,2034,09,03,0.0,32.17913,12.996048,2034
7186,r2i1p1f1,2034,09,04,0.0,27.050581,9.658008,2034
7187,r2i1p1f1,2034,09,05,0.0,26.491718,9.544214,2034
7188,r2i1p1f1,2034,09,06,0.0,24.113575,6.830131,2034
7189,r2i1p1f1,2034,09,07,0.0,24.207016,5.7764387,2034
7190,r2i1p1f1,2034,09,08,0.0,23.269594,3.942504,2034
7191,r2i1p1f1,2034,09,09,0.0,22.366419,2.5458596,2034
7192,r2i1p1f1,2034,09,10,0.0,21.909946,5.261347,2034
7193,r2i1p1f1,2034,09,11,0.0,20.261963,6.2443857,2034
7194,r2i1p1f1,2034,09,12,0.0,25.753937,10.218736,2034
7195,r2i1p1f1,2034,09,13,0.0,27.77283,10.187565,2034
7196,r2i1p1f1,2034,09,14,0.0,30.339857,12.925769,2034
7197,r2i1p1f1,2034,09,15,0.0,34.23773,16.77543,2034
7198,r2i1p1f1,2034,09,16,0.0,36.851116,19.001299,2034
7199,r2i1p1f1,2034,09,17,0.0,36.865665,19.450949,2034
7200,r2i1p1f1,2034,09,18,0.0,36.3063,18.204554,2034
7201,r2i1p1f1,2034,09,19,0.0,33.3982,13.554711,2034
7202,r2i1p1f1,2034,09,20,0.0,28.717312,9.156231,2034
7203,r2i1p1f1,2034,09,21,0.0,25.708138,9.070012,2034
7204,r2i1p1f1,2034,09,22,0.0,24.110224,6.8301954,2034
7205,r2i1p1f1,2034,09,23,0.0,25.732996,10.08166,2034
7206,r2i1p1f1,2034,09,24,0.0,33.305534,15.678406,2034
7207,r2i1p1f1,2034,09,25,0.0,35.183945,18.309835,2034
7208,r2i1p1f1,2034,09,26,0.0,35.13996,17.735682,2034
7209,r2i1p1f1,2034,09,27,0.0,35.0519,16.211037,2034
7210,r2i1p1f1,2034,09,28,0.0,33.098648,14.586548,2034
7211,r2i1p1f1,2034,09,29,0.0,31.833082,15.4103155,2034
7212,r2i1p1f1,2034,09,30,0.0,34.097855,16.683777,2034
7213,r2i1p1f1,2034,10,01,0.0,35.114437,18.32907,2034
7214,r2i1p1f1,2034,10,02,0.0,35.56295,17.901836,2034
7215,r2i1p1f1,2034,10,03,0.0,35.024467,18.018581,2034
7216,r2i1p1f1,2034,10,04,0.0,34.42853,16.708239,2034
7217,r2i1p1f1,2034,10,05,0.0,33.931683,15.554583,2034
7218,r2i1p1f1,2034,10,06,0.0,32.521545,14.394741,2034
7219,r2i1p1f1,2034,10,07,0.0,32.374634,15.304779,2034
7220,r2i1p1f1,2034,10,08,0.0,33.403,15.776381,2034
7221,r2i1p1f1,2034,10,09,0.0,32.83267,15.098866,2034
7222,r2i1p1f1,2034,10,10,0.0,33.152546,16.698448,2034
7223,r2i1p1f1,2034,10,11,0.8848525631378834,31.427992,12.615204,2034
7224,r2i1p1f1,2034,10,12,1.1384115398413996,19.431461,8.021693,2034
7225,r2i1p1f1,2034,10,13,10.802715992713274,18.281807,7.6189704,2034
7226,r2i1p1f1,2034,10,14,2.9427091648813075,17.320522,7.421151,2034
7227,r2i1p1f1,2034,10,15,0.0,22.753223,9.856355,2034
7228,r2i1p1f1,2034,10,16,0.0,23.080513,8.504892,2034
7229,r2i1p1f1,2034,10,17,0.0,22.881409,6.8048906,2034
7230,r2i1p1f1,2034,10,18,1.4944449212634936,19.668682,5.2056103,2034
7231,r2i1p1f1,2034,10,19,4.021854574739336,19.071863,6.9293084,2034
7232,r2i1p1f1,2034,10,20,0.20968398466720828,19.929487,8.281334,2034
7233,r2i1p1f1,2034,10,21,0.22624853658612665,20.608171,9.997358,2034
7234,r2i1p1f1,2034,10,22,0.04568885085518559,18.726053,8.530755,2034
7235,r2i1p1f1,2034,10,23,0.0,23.4055,7.6145205,2034
7236,r2i1p1f1,2034,10,24,0.0,24.958517,10.49793,2034
7237,r2i1p1f1,2034,10,25,0.0,24.667992,9.534824,2034
7238,r2i1p1f1,2034,10,26,0.0,24.789452,10.214017,2034
7239,r2i1p1f1,2034,10,27,0.0,25.382696,11.753897,2034
7240,r2i1p1f1,2034,10,28,0.0,26.237505,10.97215,2034
7241,r2i1p1f1,2034,10,29,0.05670204052421468,23.396784,6.180457,2034
7242,r2i1p1f1,2034,10,30,3.181373378947683,15.056788,6.4536524,2034
7243,r2i1p1f1,2034,10,31,0.9775647899232354,18.022482,4.0867004,2034
7244,r2i1p1f1,2034,11,01,23.06026251608273,13.858233,7.169291,2034
7245,r2i1p1f1,2034,11,02,0.027957068255091144,11.501099,0.4045496,2034
7246,r2i1p1f1,2034,11,03,0.0,14.375658,1.0241001,2034
7247,r2i1p1f1,2034,11,04,0.0,15.315272,1.3771199,2034
7248,r2i1p1f1,2034,11,05,0.0,16.332245,4.7592463,2034
7249,r2i1p1f1,2034,11,06,0.0,19.340305,5.2062764,2034
7250,r2i1p1f1,2034,11,07,0.0,21.649567,7.2528677,2034
7251,r2i1p1f1,2034,11,08,0.0,24.014765,9.979691,2034
7252,r2i1p1f1,2034,11,09,0.0,24.267342,10.170734,2034
7253,r2i1p1f1,2034,11,10,0.0,25.50922,9.278456,2034
7254,r2i1p1f1,2034,11,11,0.0,22.81208,7.1618357,2034
7255,r2i1p1f1,2034,11,12,0.0,21.010315,8.597019,2034
7256,r2i1p1f1,2034,11,13,0.0,21.374456,9.113585,2034
7257,r2i1p1f1,2034,11,14,0.0,21.103008,7.9635415,2034
7258,r2i1p1f1,2034,11,15,0.0,22.090752,9.504284,2034
7259,r2i1p1f1,2034,11,16,0.03327284658780627,22.264067,9.579961,2034
7260,r2i1p1f1,2034,11,17,1.2843413256689473,17.912874,7.104514,2034
7261,r2i1p1f1,2034,11,18,12.626484495194745,15.239887,8.4044075,2034
7262,r2i1p1f1,2034,11,19,5.1157287109617755,12.803143,6.694933,2034
7263,r2i1p1f1,2034,11,20,0.16385850800588742,15.0238,7.3682284,2034
7264,r2i1p1f1,2034,11,21,0.0,19.13148,5.4980464,2034
7265,r2i1p1f1,2034,11,22,0.0,20.316038,8.038678,2034
7266,r2i1p1f1,2034,11,23,0.0,18.948948,8.187161,2034
7267,r2i1p1f1,2034,11,24,0.014637185449828394,20.65007,10.42629,2034
7268,r2i1p1f1,2034,11,25,0.0,19.351675,8.476975,2034
7269,r2i1p1f1,2034,11,26,0.0,16.767426,8.386614,2034
7270,r2i1p1f1,2034,11,27,0.002329622668639786,17.583069,4.934676,2034
7271,r2i1p1f1,2034,11,28,0.601473112885742,16.72307,6.9864244,2034
7272,r2i1p1f1,2034,11,29,1.8151831664681595,13.589954,5.5781574,2034
7273,r2i1p1f1,2034,11,30,0.0,17.411867,3.8838649,2034
7274,r2i1p1f1,2034,12,01,0.0,16.722511,6.25676,2034
7275,r2i1p1f1,2034,12,02,0.0,17.58577,5.6646824,2034
7276,r2i1p1f1,2034,12,03,0.0,17.412989,5.288647,2034
7277,r2i1p1f1,2034,12,04,0.0,18.94365,7.445973,2034
7278,r2i1p1f1,2034,12,05,27.18431532557588,17.874191,4.2558217,2034
7279,r2i1p1f1,2034,12,06,15.128995217105512,8.071211,4.259033,2034
7280,r2i1p1f1,2034,12,07,11.547353477544675,9.158072,5.1754966,2034
7281,r2i1p1f1,2034,12,08,5.571309593111806,10.34283,0.37263095,2034
7282,r2i1p1f1,2034,12,09,72.43481321493164,11.200067,4.8555527,2034
7283,r2i1p1f1,2034,12,10,56.621063983038766,11.233761,0.5977507,2034
7284,r2i1p1f1,2034,12,11,21.141639761106035,8.359066,3.6397693,2034
7285,r2i1p1f1,2034,12,12,2.162751194765633,7.1545277,0.94431186,2034
7286,r2i1p1f1,2034,12,13,31.613168886542553,7.551519,-0.2514299,2034
7287,r2i1p1f1,2034,12,14,7.457536045387769,10.005448,2.6919332,2034
7288,r2i1p1f1,2034,12,15,4.726078088469876,7.31146,2.514161,2034
7289,r2i1p1f1,2034,12,16,17.86534023922286,9.251459,3.182656,2034
7290,r2i1p1f1,2034,12,17,0.0,10.991306,0.9302776,2034
7291,r2i1p1f1,2034,12,18,0.024185787367514422,11.2649765,2.5898547,2034
7292,r2i1p1f1,2034,12,19,11.015928203778458,8.491176,1.197432,2034
7293,r2i1p1f1,2034,12,20,14.102203114089207,9.338001,4.168542,2034
7294,r2i1p1f1,2034,12,21,10.202455759190343,10.109898,3.6133652,2034
7295,r2i1p1f1,2034,12,22,2.103721470501796,10.865619,3.5017815,2034
7296,r2i1p1f1,2034,12,23,9.198249100336398,9.952144,0.47597662,2034
7297,r2i1p1f1,2034,12,24,13.122041729729972,9.935394,4.3940687,2034
7298,r2i1p1f1,2034,12,25,6.323609363880678,10.276656,5.6041803,2034
7299,r2i1p1f1,2034,12,26,0.0047698846174171194,14.554142,2.8362815,2034
7300,r2i1p1f1,2034,12,27,0.009883111579256365,14.875959,3.55495,2034
7301,r2i1p1f1,2034,12,28,0.0,12.583073,1.7077935,2034
7302,r2i1p1f1,2034,12,29,0.0,12.232754,2.5381372,2034
7303,r2i1p1f1,2034,12,30,0.0,11.1993685,0.55253327,2034
7304,r2i1p1f1,2034,12,31,0.0,11.58041,1.2258303,2034
7305,r2i1p1f1,2035,01,01,0.0,12.907606,1.8730787,2035
7306,r2i1p1f1,2035,01,02,0.0,14.799693,3.2173204,2035
7307,r2i1p1f1,2035,01,03,0.0,15.54131,4.489535,2035
7308,r2i1p1f1,2035,01,04,0.0,15.379623,3.0839899,2035
7309,r2i1p1f1,2035,01,05,0.0,12.401759,0.7149892,2035
7310,r2i1p1f1,2035,01,06,0.09894017881038053,8.753192,4.242435,2035
7311,r2i1p1f1,2035,01,07,0.0,11.6161585,-0.09335502,2035
7312,r2i1p1f1,2035,01,08,0.0,13.454296,0.15210591,2035
7313,r2i1p1f1,2035,01,09,0.9069112551202352,13.481792,3.610569,2035
7314,r2i1p1f1,2035,01,10,4.179057779492723,6.803422,-0.08277231,2035
7315,r2i1p1f1,2035,01,11,0.0,8.199864,-3.3520815,2035
7316,r2i1p1f1,2035,01,12,0.0,10.798572,-1.5272291,2035
7317,r2i1p1f1,2035,01,13,0.0,12.504874,0.87965244,2035
7318,r2i1p1f1,2035,01,14,4.94442105878079,9.406802,-1.376595,2035
7319,r2i1p1f1,2035,01,15,6.9922810131402,8.006122,2.3568907,2035
7320,r2i1p1f1,2035,01,16,31.503512111703458,7.9126873,0.013074239,2035
7321,r2i1p1f1,2035,01,17,5.133530378719797,5.9221973,-1.2915088,2035
7322,r2i1p1f1,2035,01,18,4.833475727582481,6.9200583,-0.42369112,2035
7323,r2i1p1f1,2035,01,19,24.115775395785022,7.5975933,1.3277075,2035
7324,r2i1p1f1,2035,01,20,7.854809856905831,9.414978,2.087598,2035
7325,r2i1p1f1,2035,01,21,13.451389100737288,9.7104645,1.2991079,2035
7326,r2i1p1f1,2035,01,22,0.0,9.33987,3.543384,2035
7327,r2i1p1f1,2035,01,23,0.0,11.71046,1.252,2035
7328,r2i1p1f1,2035,01,24,23.50061723482213,12.490041,1.6478884,2035
7329,r2i1p1f1,2035,01,25,27.83812386333011,10.117113,-1.7439495,2035
7330,r2i1p1f1,2035,01,26,7.969502766923142,6.101804,1.2600933,2035
7331,r2i1p1f1,2035,01,27,9.44798584594082,6.621144,-2.851446,2035
7332,r2i1p1f1,2035,01,28,13.733362360471801,8.71138,2.5979967,2035
7333,r2i1p1f1,2035,01,29,0.1895078911161363,12.790726,2.6548543,2035
7334,r2i1p1f1,2035,01,30,18.39342593739275,12.457933,1.7994933,2035
7335,r2i1p1f1,2035,01,31,6.522437617513788,9.196257,-3.04731,2035
7336,r2i1p1f1,2035,02,01,9.388495060147761,7.1358624,-0.59333795,2035
7337,r2i1p1f1,2035,02,02,11.536938337758329,7.6677856,1.3401453,2035
7338,r2i1p1f1,2035,02,03,25.034707650047494,7.5726175,-0.78490573,2035
7339,r2i1p1f1,2035,02,04,29.479017188350554,7.3891287,0.698434,2035
7340,r2i1p1f1,2035,02,05,16.734443570589974,9.964358,1.5584489,2035
7341,r2i1p1f1,2035,02,06,0.0,11.053321,-2.2810245,2035
7342,r2i1p1f1,2035,02,07,3.9393830186611467,8.856039,0.19579618,2035
7343,r2i1p1f1,2035,02,08,5.027918335440518,9.784136,1.7503098,2035
7344,r2i1p1f1,2035,02,09,0.0,12.390837,0.5018285,2035
7345,r2i1p1f1,2035,02,10,0.0,13.9075775,0.03694953,2035
7346,r2i1p1f1,2035,02,11,0.0,16.66583,2.908801,2035
7347,r2i1p1f1,2035,02,12,0.0,16.427193,4.0063796,2035
7348,r2i1p1f1,2035,02,13,0.0,17.234268,4.516097,2035
7349,r2i1p1f1,2035,02,14,0.0,18.183636,5.288296,2035
7350,r2i1p1f1,2035,02,15,0.0,16.828234,3.9199634,2035
7351,r2i1p1f1,2035,02,16,0.0,16.75122,4.952425,2035
7352,r2i1p1f1,2035,02,17,0.0,16.38835,4.6378446,2035
7353,r2i1p1f1,2035,02,18,0.0,17.128483,4.0782695,2035
7354,r2i1p1f1,2035,02,19,0.0,17.765085,4.0758243,2035
7355,r2i1p1f1,2035,02,20,0.0,17.174122,5.0804176,2035
7356,r2i1p1f1,2035,02,21,0.0,17.271936,4.9013796,2035
7357,r2i1p1f1,2035,02,22,0.0,18.54238,5.5260415,2035
7358,r2i1p1f1,2035,02,23,0.0,18.417002,4.6229625,2035
7359,r2i1p1f1,2035,02,24,0.0,18.064917,4.5635786,2035
7360,r2i1p1f1,2035,02,25,0.0,19.67323,6.730069,2035
7361,r2i1p1f1,2035,02,26,0.0,20.268908,6.0133734,2035
7362,r2i1p1f1,2035,02,27,0.0,19.74124,6.0081344,2035
7363,r2i1p1f1,2035,02,28,0.005511717085937562,18.481525,6.5615487,2035
7364,r2i1p1f1,2035,03,01,5.413681401023496,12.93655,8.079184,2035
7365,r2i1p1f1,2035,03,02,0.0,16.22509,1.5838411,2035
7366,r2i1p1f1,2035,03,03,26.535138151666615,16.871946,3.1716092,2035
7367,r2i1p1f1,2035,03,04,4.968641618546599,10.822418,0.87178016,2035
7368,r2i1p1f1,2035,03,05,0.0,15.373561,0.3621024,2035
7369,r2i1p1f1,2035,03,06,0.13494367494786275,15.967731,2.8328698,2035
7370,r2i1p1f1,2035,03,07,19.125609522279774,12.624666,4.080464,2035
7371,r2i1p1f1,2035,03,08,0.0,11.073696,0.20246369,2035
7372,r2i1p1f1,2035,03,09,0.0,14.133591,-0.53109294,2035
7373,r2i1p1f1,2035,03,10,0.8973315133289361,14.122115,1.6920542,2035
7374,r2i1p1f1,2035,03,11,0.9740301446640842,9.709023,1.3905962,2035
7375,r2i1p1f1,2035,03,12,0.0,13.331196,-1.1926425,2035
7376,r2i1p1f1,2035,03,13,0.0,14.905574,0.58670735,2035
7377,r2i1p1f1,2035,03,14,0.0,16.902748,2.4616046,2035
7378,r2i1p1f1,2035,03,15,0.0,18.511919,4.872904,2035
7379,r2i1p1f1,2035,03,16,0.0,20.789793,5.5536046,2035
7380,r2i1p1f1,2035,03,17,0.0,19.95037,5.2740207,2035
7381,r2i1p1f1,2035,03,18,0.0,21.229153,5.249942,2035
7382,r2i1p1f1,2035,03,19,0.0,21.703396,6.257371,2035
7383,r2i1p1f1,2035,03,20,0.0,21.443571,6.6896505,2035
7384,r2i1p1f1,2035,03,21,0.0,21.760685,6.6517673,2035
7385,r2i1p1f1,2035,03,22,0.018367554866927094,19.067059,2.6192093,2035
7386,r2i1p1f1,2035,03,23,10.683201239316986,14.210209,6.131599,2035
7387,r2i1p1f1,2035,03,24,1.6793513526863535,11.149946,1.7416371,2035
7388,r2i1p1f1,2035,03,25,0.0,12.972512,0.23578586,2035
7389,r2i1p1f1,2035,03,26,0.34124141770206506,14.300522,2.942838,2035
7390,r2i1p1f1,2035,03,27,0.0,17.066399,-0.14046139,2035
7391,r2i1p1f1,2035,03,28,40.74809818339418,13.43095,2.2220225,2035
7392,r2i1p1f1,2035,03,29,25.007533577809227,14.747474,6.5413957,2035
7393,r2i1p1f1,2035,03,30,0.0,16.163042,3.4936335,2035
7394,r2i1p1f1,2035,03,31,4.49209576602243,15.628145,3.9803123,2035
7395,r2i1p1f1,2035,04,01,2.6492675058307213,16.22567,2.95524,2035
7396,r2i1p1f1,2035,04,02,0.0,17.887743,1.3178934,2035
7397,r2i1p1f1,2035,04,03,2.1430706715534598,17.589285,3.192706,2035
7398,r2i1p1f1,2035,04,04,1.1721015926241307,8.676808,-2.3949685,2035
7399,r2i1p1f1,2035,04,05,0.0,15.279041,2.4337573,2035
7400,r2i1p1f1,2035,04,06,0.0,21.265814,3.4946115,2035
7401,r2i1p1f1,2035,04,07,0.0,21.999523,5.1930795,2035
7402,r2i1p1f1,2035,04,08,0.01694074683200597,21.403774,5.7064457,2035
7403,r2i1p1f1,2035,04,09,0.017281014515901916,17.793205,4.953718,2035
7404,r2i1p1f1,2035,04,10,12.031312656836235,13.550814,2.588554,2035
7405,r2i1p1f1,2035,04,11,3.612142134696228,14.126247,0.30790484,2035
7406,r2i1p1f1,2035,04,12,2.7098862105617627,14.638857,3.841901,2035
7407,r2i1p1f1,2035,04,13,12.050355064047835,14.974703,5.6963787,2035
7408,r2i1p1f1,2035,04,14,0.3977963978911703,16.517778,3.4501178,2035
7409,r2i1p1f1,2035,04,15,0.0008177586778401746,16.56818,4.5345745,2035
7410,r2i1p1f1,2035,04,16,11.646553607170063,14.341509,2.9777453,2035
7411,r2i1p1f1,2035,04,17,29.148130141402362,8.734395,-2.321086,2035
7412,r2i1p1f1,2035,04,18,1.317960904998472,9.836683,-5.6184497,2035
7413,r2i1p1f1,2035,04,19,59.101320252375444,6.290865,0.5208289,2035
7414,r2i1p1f1,2035,04,20,17.226857823834507,7.71315,-1.3950555,2035
7415,r2i1p1f1,2035,04,21,19.52530516285833,6.0934777,-1.7283219,2035
7416,r2i1p1f1,2035,04,22,0.0,11.937465,-5.2722354,2035
7417,r2i1p1f1,2035,04,23,0.011749716395570431,16.876059,-0.23391002,2035
7418,r2i1p1f1,2035,04,24,0.0,18.520462,3.4620194,2035
7419,r2i1p1f1,2035,04,25,0.0,18.121504,4.574285,2035
7420,r2i1p1f1,2035,04,26,0.0,20.263453,5.4489756,2035
7421,r2i1p1f1,2035,04,27,0.0,23.659142,8.075595,2035
7422,r2i1p1f1,2035,04,28,0.0,25.084326,9.812811,2035
7423,r2i1p1f1,2035,04,29,0.0,25.791098,10.667673,2035
7424,r2i1p1f1,2035,04,30,0.0,23.848059,9.109604,2035
7425,r2i1p1f1,2035,05,01,0.0,24.01212,8.942364,2035
7426,r2i1p1f1,2035,05,02,0.0,25.893194,9.671507,2035
7427,r2i1p1f1,2035,05,03,0.0,25.161062,9.939717,2035
7428,r2i1p1f1,2035,05,04,0.0,19.74606,6.1946187,2035
7429,r2i1p1f1,2035,05,05,0.0,19.805225,4.889288,2035
7430,r2i1p1f1,2035,05,06,0.0,20.265377,5.1119757,2035
7431,r2i1p1f1,2035,05,07,0.7004499627271343,19.760212,5.3515596,2035
7432,r2i1p1f1,2035,05,08,0.0,15.7451105,2.4125433,2035
7433,r2i1p1f1,2035,05,09,0.0,19.791819,3.3252122,2035
7434,r2i1p1f1,2035,05,10,0.0,22.822828,5.8080835,2035
7435,r2i1p1f1,2035,05,11,0.0,25.697853,8.890068,2035
7436,r2i1p1f1,2035,05,12,0.0,29.049229,11.75618,2035
7437,r2i1p1f1,2035,05,13,0.0,32.123905,14.544659,2035
7438,r2i1p1f1,2035,05,14,0.0,33.29564,14.273871,2035
7439,r2i1p1f1,2035,05,15,0.0,32.795723,11.914921,2035
7440,r2i1p1f1,2035,05,16,0.002204665156568808,27.813847,10.196612,2035
7441,r2i1p1f1,2035,05,17,0.0,26.051338,7.2815375,2035
7442,r2i1p1f1,2035,05,18,0.0,25.64074,8.674537,2035
7443,r2i1p1f1,2035,05,19,0.0,26.347403,9.048535,2035
7444,r2i1p1f1,2035,05,20,0.0,26.272728,9.9882765,2035
7445,r2i1p1f1,2035,05,21,0.0,25.301813,7.6466565,2035
7446,r2i1p1f1,2035,05,22,0.0,25.549187,9.163647,2035
7447,r2i1p1f1,2035,05,23,0.0,26.445183,7.964142,2035
7448,r2i1p1f1,2035,05,24,3.1648916229300994,21.322779,3.0645514,2035
7449,r2i1p1f1,2035,05,25,1.0520420182416501,17.356668,4.774981,2035
7450,r2i1p1f1,2035,05,26,15.771483935350261,17.260061,6.2528934,2035
7451,r2i1p1f1,2035,05,27,54.496779036708176,12.060757,5.5213084,2035
7452,r2i1p1f1,2035,05,28,7.7665283737132995,12.29812,2.856032,2035
7453,r2i1p1f1,2035,05,29,7.514983700707489,16.137297,3.1151874,2035
7454,r2i1p1f1,2035,05,30,1.6952394399481818,18.36121,3.9481192,2035
7455,r2i1p1f1,2035,05,31,0.900910290607726,22.253325,6.9606647,2035
7456,r2i1p1f1,2035,06,01,0.0,23.43969,11.957821,2035
7457,r2i1p1f1,2035,06,02,0.0,23.41632,7.0868278,2035
7458,r2i1p1f1,2035,06,03,0.01307694492425071,21.555546,1.7441504,2035
7459,r2i1p1f1,2035,06,04,0.0,19.420485,6.1764708,2035
7460,r2i1p1f1,2035,06,05,0.0,19.963142,6.5905356,2035
7461,r2i1p1f1,2035,06,06,0.0,22.708418,6.379205,2035
7462,r2i1p1f1,2035,06,07,0.0,24.899916,6.993872,2035
7463,r2i1p1f1,2035,06,08,0.0,29.034782,10.2343445,2035
7464,r2i1p1f1,2035,06,09,0.0,30.437462,12.174305,2035
7465,r2i1p1f1,2035,06,10,0.0,30.189728,10.11292,2035
7466,r2i1p1f1,2035,06,11,0.0,25.980469,8.096508,2035
7467,r2i1p1f1,2035,06,12,0.0,30.472311,11.125621,2035
7468,r2i1p1f1,2035,06,13,0.0,31.1743,11.093549,2035
7469,r2i1p1f1,2035,06,14,0.0,28.264204,8.961614,2035
7470,r2i1p1f1,2035,06,15,0.0,23.35041,8.577974,2035
7471,r2i1p1f1,2035,06,16,0.0,26.25594,10.291653,2035
7472,r2i1p1f1,2035,06,17,0.0,31.408224,13.177492,2035
7473,r2i1p1f1,2035,06,18,0.0,31.902317,13.645879,2035
7474,r2i1p1f1,2035,06,19,0.0,26.00045,8.720412,2035
7475,r2i1p1f1,2035,06,20,0.0,25.813263,9.264461,2035
7476,r2i1p1f1,2035,06,21,0.0,28.759361,10.478351,2035
7477,r2i1p1f1,2035,06,22,0.0,30.582083,11.714475,2035
7478,r2i1p1f1,2035,06,23,0.0,34.516033,15.429277,2035
7479,r2i1p1f1,2035,06,24,0.0,36.0322,19.359688,2035
7480,r2i1p1f1,2035,06,25,0.0,36.882122,17.47268,2035
7481,r2i1p1f1,2035,06,26,0.0,36.04788,15.0159645,2035
7482,r2i1p1f1,2035,06,27,0.0,32.832504,16.086584,2035
7483,r2i1p1f1,2035,06,28,0.0,34.785473,17.224241,2035
7484,r2i1p1f1,2035,06,29,0.0,35.26527,15.9379225,2035
7485,r2i1p1f1,2035,06,30,0.0,31.579485,10.808642,2035
7486,r2i1p1f1,2035,07,01,0.0,32.1801,10.727185,2035
7487,r2i1p1f1,2035,07,02,0.0,28.623396,10.991131,2035
7488,r2i1p1f1,2035,07,03,0.0,28.442423,11.741224,2035
7489,r2i1p1f1,2035,07,04,0.0,31.199043,12.852057,2035
7490,r2i1p1f1,2035,07,05,0.0,33.19842,12.578312,2035
7491,r2i1p1f1,2035,07,06,0.0,34.042885,14.965859,2035
7492,r2i1p1f1,2035,07,07,0.0,34.09343,13.789664,2035
7493,r2i1p1f1,2035,07,08,0.0,32.336338,13.931194,2035
7494,r2i1p1f1,2035,07,09,0.0,32.42296,15.481428,2035
7495,r2i1p1f1,2035,07,10,0.00725856416465831,33.2334,14.2349615,2035
7496,r2i1p1f1,2035,07,11,0.0,33.293694,13.289762,2035
7497,r2i1p1f1,2035,07,12,0.0,32.27878,13.28048,2035
7498,r2i1p1f1,2035,07,13,0.0,34.93683,15.790565,2035
7499,r2i1p1f1,2035,07,14,0.0,35.33649,17.54983,2035
7500,r2i1p1f1,2035,07,15,1.7768402427009278,34.598907,15.487532,2035
7501,r2i1p1f1,2035,07,16,0.0,29.721872,14.781752,2035
7502,r2i1p1f1,2035,07,17,0.0,31.38146,13.861406,2035
7503,r2i1p1f1,2035,07,18,0.0,32.77477,15.683212,2035
7504,r2i1p1f1,2035,07,19,0.0,35.113518,20.477901,2035
7505,r2i1p1f1,2035,07,20,0.41944382951442094,35.464146,17.520893,2035
7506,r2i1p1f1,2035,07,21,0.09622154557291651,35.20228,17.556211,2035
7507,r2i1p1f1,2035,07,22,0.0,35.749737,19.568394,2035
7508,r2i1p1f1,2035,07,23,1.6478262999271465,35.54489,16.740032,2035
7509,r2i1p1f1,2035,07,24,0.0,34.88949,17.382933,2035
7510,r2i1p1f1,2035,07,25,0.0,35.234867,17.732992,2035
7511,r2i1p1f1,2035,07,26,0.0,34.813164,16.304905,2035
7512,r2i1p1f1,2035,07,27,0.6574137541974778,33.711166,14.338863,2035
7513,r2i1p1f1,2035,07,28,0.0,30.415113,12.366706,2035
7514,r2i1p1f1,2035,07,29,0.0,31.018955,13.27711,2035
7515,r2i1p1f1,2035,07,30,0.0,30.761576,12.1272545,2035
7516,r2i1p1f1,2035,07,31,0.0,28.949873,10.972408,2035
7517,r2i1p1f1,2035,08,01,0.0,31.316738,13.437739,2035
7518,r2i1p1f1,2035,08,02,0.0,33.64982,15.059407,2035
7519,r2i1p1f1,2035,08,03,0.0,35.100876,15.295902,2035
7520,r2i1p1f1,2035,08,04,0.0,36.02375,18.483503,2035
7521,r2i1p1f1,2035,08,05,0.0,35.638733,16.565985,2035
7522,r2i1p1f1,2035,08,06,0.0,37.97859,20.51246,2035
7523,r2i1p1f1,2035,08,07,0.1477154997701291,38.392426,19.355099,2035
7524,r2i1p1f1,2035,08,08,1.9563310986541183,36.570217,14.808611,2035
7525,r2i1p1f1,2035,08,09,0.0,34.774323,16.79389,2035
7526,r2i1p1f1,2035,08,10,0.0,36.275223,17.491795,2035
7527,r2i1p1f1,2035,08,11,0.0,36.797356,18.863108,2035
7528,r2i1p1f1,2035,08,12,0.0,36.93974,19.079933,2035
7529,r2i1p1f1,2035,08,13,0.0,36.525547,17.884691,2035
7530,r2i1p1f1,2035,08,14,0.0,35.49655,15.756169,2035
7531,r2i1p1f1,2035,08,15,0.0,35.699055,14.741835,2035
7532,r2i1p1f1,2035,08,16,0.0,34.956177,15.392181,2035
7533,r2i1p1f1,2035,08,17,0.0,34.333904,15.355534,2035
7534,r2i1p1f1,2035,08,18,0.0,35.613274,16.911976,2035
7535,r2i1p1f1,2035,08,19,0.0,35.768955,15.045617,2035
7536,r2i1p1f1,2035,08,20,0.0,34.348633,15.260529,2035
7537,r2i1p1f1,2035,08,21,0.0,34.675434,19.712292,2035
7538,r2i1p1f1,2035,08,22,0.0,34.65456,16.516302,2035
7539,r2i1p1f1,2035,08,23,0.21601199946417182,34.14023,15.56548,2035
7540,r2i1p1f1,2035,08,24,0.0,31.969133,15.550859,2035
7541,r2i1p1f1,2035,08,25,0.0017088029721890052,33.621258,16.823166,2035
7542,r2i1p1f1,2035,08,26,0.028962021679035388,35.995834,18.266697,2035
7543,r2i1p1f1,2035,08,27,0.004638202619844378,36.476517,19.667948,2035
7544,r2i1p1f1,2035,08,28,0.0,37.18013,19.502968,2035
7545,r2i1p1f1,2035,08,29,0.0003256831519138359,36.286858,19.895576,2035
7546,r2i1p1f1,2035,08,30,0.0,36.217064,18.895102,2035
7547,r2i1p1f1,2035,08,31,0.0,35.37828,16.877697,2035
7548,r2i1p1f1,2035,09,01,0.0,34.752823,17.210361,2035
7549,r2i1p1f1,2035,09,02,0.0,33.050934,14.33155,2035
7550,r2i1p1f1,2035,09,03,0.0,26.291098,7.3122616,2035
7551,r2i1p1f1,2035,09,04,0.0,25.018482,7.3385806,2035
7552,r2i1p1f1,2035,09,05,0.0,24.50822,7.8572445,2035
7553,r2i1p1f1,2035,09,06,0.0,28.14875,10.889671,2035
7554,r2i1p1f1,2035,09,07,0.0,32.19297,14.00354,2035
7555,r2i1p1f1,2035,09,08,0.0,33.63544,15.136699,2035
7556,r2i1p1f1,2035,09,09,0.0,34.220806,16.073454,2035
7557,r2i1p1f1,2035,09,10,0.0,34.463352,16.24711,2035
7558,r2i1p1f1,2035,09,11,0.0,33.19401,17.225206,2035
7559,r2i1p1f1,2035,09,12,0.0,31.590492,13.550727,2035
7560,r2i1p1f1,2035,09,13,0.0,29.144657,11.972753,2035
7561,r2i1p1f1,2035,09,14,0.0,28.48447,11.687978,2035
7562,r2i1p1f1,2035,09,15,0.0,32.647762,15.731181,2035
7563,r2i1p1f1,2035,09,16,0.01941381897268002,31.88263,13.650923,2035
7564,r2i1p1f1,2035,09,17,0.0,26.727623,12.566625,2035
7565,r2i1p1f1,2035,09,18,0.0,24.46606,10.824943,2035
7566,r2i1p1f1,2035,09,19,0.026837433574655734,25.308489,5.379404,2035
7567,r2i1p1f1,2035,09,20,0.0,22.898333,8.240122,2035
7568,r2i1p1f1,2035,09,21,0.0,24.77558,9.099675,2035
7569,r2i1p1f1,2035,09,22,0.0,25.746508,9.273507,2035
7570,r2i1p1f1,2035,09,23,0.0,28.285192,11.241157,2035
7571,r2i1p1f1,2035,09,24,0.0,29.860086,12.740393,2035
7572,r2i1p1f1,2035,09,25,0.0,30.257132,13.06767,2035
7573,r2i1p1f1,2035,09,26,0.0,31.039446,12.734863,2035
7574,r2i1p1f1,2035,09,27,0.11805739432020346,30.980574,13.397969,2035
7575,r2i1p1f1,2035,09,28,0.0871606209670972,30.379005,13.274732,2035
7576,r2i1p1f1,2035,09,29,0.0,29.829393,14.531701,2035
7577,r2i1p1f1,2035,09,30,5.682163897358805,25.372828,7.3511124,2035
7578,r2i1p1f1,2035,10,01,10.943848113811327,22.008766,7.874345,2035
7579,r2i1p1f1,2035,10,02,8.999564912369351,14.098936,9.3623295,2035
7580,r2i1p1f1,2035,10,03,0.2308593124496383,13.823528,6.008039,2035
7581,r2i1p1f1,2035,10,04,0.0,15.801356,1.0374074,2035
7582,r2i1p1f1,2035,10,05,0.0,18.625307,2.6209745,2035
7583,r2i1p1f1,2035,10,06,0.0,21.93226,6.3873553,2035
7584,r2i1p1f1,2035,10,07,0.0,23.356514,7.520925,2035
7585,r2i1p1f1,2035,10,08,0.0,24.425554,8.891201,2035
7586,r2i1p1f1,2035,10,09,0.0,23.16083,9.876286,2035
7587,r2i1p1f1,2035,10,10,0.0,21.966808,9.394838,2035
7588,r2i1p1f1,2035,10,11,0.0,22.015055,9.52808,2035
7589,r2i1p1f1,2035,10,12,0.0,22.911583,8.568882,2035
7590,r2i1p1f1,2035,10,13,0.0,23.914736,8.327188,2035
7591,r2i1p1f1,2035,10,14,0.0,24.161308,5.821955,2035
7592,r2i1p1f1,2035,10,15,0.17002445033540425,22.182508,5.1667075,2035
7593,r2i1p1f1,2035,10,16,5.3360191531737655,16.152029,9.414911,2035
7594,r2i1p1f1,2035,10,17,0.22801270933427986,17.875154,7.997578,2035
7595,r2i1p1f1,2035,10,18,0.1867594424879826,19.445387,8.6711,2035
7596,r2i1p1f1,2035,10,19,0.8334733190508814,19.306694,7.6549845,2035
7597,r2i1p1f1,2035,10,20,0.0,20.103027,8.967815,2035
7598,r2i1p1f1,2035,10,21,2.897709101621615,18.940054,8.872463,2035
7599,r2i1p1f1,2035,10,22,0.0,22.124914,9.851222,2035
7600,r2i1p1f1,2035,10,23,0.0,21.85335,5.9185886,2035
7601,r2i1p1f1,2035,10,24,0.0,20.708723,6.805311,2035
7602,r2i1p1f1,2035,10,25,9.735187773094367,14.922965,7.1375294,2035
7603,r2i1p1f1,2035,10,26,3.6254749042427648,14.635766,5.6216083,2035
7604,r2i1p1f1,2035,10,27,0.03134224875793734,13.941294,1.6983346,2035
7605,r2i1p1f1,2035,10,28,0.0,13.557501,0.949111,2035
7606,r2i1p1f1,2035,10,29,0.0,15.73673,1.4219642,2035
7607,r2i1p1f1,2035,10,30,0.0,16.188108,1.8619611,2035
7608,r2i1p1f1,2035,10,31,0.1565972235809454,16.016966,4.418674,2035
7609,r2i1p1f1,2035,11,01,0.0,21.3312,6.406975,2035
7610,r2i1p1f1,2035,11,02,0.0,24.864023,10.216183,2035
7611,r2i1p1f1,2035,11,03,4.50039360118808,20.242767,5.1793017,2035
7612,r2i1p1f1,2035,11,04,20.949631553594372,13.537477,5.3106174,2035
7613,r2i1p1f1,2035,11,05,0.3008969235033021,11.434657,1.8592404,2035
7614,r2i1p1f1,2035,11,06,55.85289640148403,11.668201,5.247224,2035
7615,r2i1p1f1,2035,11,07,16.36480948576491,10.778782,3.2143068,2035
7616,r2i1p1f1,2035,11,08,0.0004921357572129637,11.45721,2.8504214,2035
7617,r2i1p1f1,2035,11,09,0.0,13.063164,1.6845775,2035
7618,r2i1p1f1,2035,11,10,0.0,15.609056,2.454421,2035
7619,r2i1p1f1,2035,11,11,0.16561684922464792,15.002725,4.3905745,2035
7620,r2i1p1f1,2035,11,12,0.0,15.131568,4.388447,2035
7621,r2i1p1f1,2035,11,13,0.0,16.064426,4.3611197,2035
7622,r2i1p1f1,2035,11,14,0.0,14.088226,4.6489177,2035
7623,r2i1p1f1,2035,11,15,0.0,15.635045,5.116911,2035
7624,r2i1p1f1,2035,11,16,0.0,17.519753,5.4719706,2035
7625,r2i1p1f1,2035,11,17,0.0,17.711636,5.9781203,2035
7626,r2i1p1f1,2035,11,18,0.0,17.607513,5.7450066,2035
7627,r2i1p1f1,2035,11,19,0.523055830234398,14.061961,5.747161,2035
7628,r2i1p1f1,2035,11,20,0.5289832654852944,9.029805,3.9156826,2035
7629,r2i1p1f1,2035,11,21,0.0,11.206028,-1.7283611,2035
7630,r2i1p1f1,2035,11,22,4.371476638391414,10.944096,0.74679816,2035
7631,r2i1p1f1,2035,11,23,0.0,11.289586,-0.41068947,2035
7632,r2i1p1f1,2035,11,24,0.0,14.819938,1.9013854,2035
7633,r2i1p1f1,2035,11,25,0.0,16.523003,3.5484238,2035
7634,r2i1p1f1,2035,11,26,3.491041163022146,13.711025,-0.4111076,2035
7635,r2i1p1f1,2035,11,27,0.6162363689327321,6.897192,0.8798236,2035
7636,r2i1p1f1,2035,11,28,0.08629055839151079,9.448576,2.5044334,2035
7637,r2i1p1f1,2035,11,29,0.0,12.772871,0.8512114,2035
7638,r2i1p1f1,2035,11,30,0.0,15.143626,2.306984,2035
7639,r2i1p1f1,2035,12,01,12.946392923322492,13.11667,2.0531192,2035
7640,r2i1p1f1,2035,12,02,2.807417058113515,8.933625,4.831581,2035
7641,r2i1p1f1,2035,12,03,17.606360644913366,8.249463,2.8856606,2035
7642,r2i1p1f1,2035,12,04,0.0,6.43305,-4.53379,2035
7643,r2i1p1f1,2035,12,05,0.0,10.415309,-0.9075962,2035
7644,r2i1p1f1,2035,12,06,0.0,14.010448,1.1293406,2035
7645,r2i1p1f1,2035,12,07,0.0,15.329778,2.6757212,2035
7646,r2i1p1f1,2035,12,08,0.0,16.231314,2.4349678,2035
7647,r2i1p1f1,2035,12,09,0.0,14.742008,1.3465123,2035
7648,r2i1p1f1,2035,12,10,0.0,15.103522,3.0282075,2035
7649,r2i1p1f1,2035,12,11,0.0,12.0691395,4.9395957,2035
7650,r2i1p1f1,2035,12,12,0.0,12.566464,0.6058873,2035
7651,r2i1p1f1,2035,12,13,13.19992368480598,14.513387,1.0807092,2035
7652,r2i1p1f1,2035,12,14,0.44449778631587833,7.8711267,0.61702704,2035
7653,r2i1p1f1,2035,12,15,0.0,8.551496,-0.49294245,2035
7654,r2i1p1f1,2035,12,16,0.0,9.052036,2.991569,2035
7655,r2i1p1f1,2035,12,17,0.0,11.729877,1.621766,2035
7656,r2i1p1f1,2035,12,18,0.0,12.346424,0.28480038,2035
7657,r2i1p1f1,2035,12,19,0.0,15.182417,2.190443,2035
7658,r2i1p1f1,2035,12,20,0.0,17.147911,2.3686016,2035
7659,r2i1p1f1,2035,12,21,1.5793879788816412,15.744091,2.5441182,2035
7660,r2i1p1f1,2035,12,22,4.083734145919493,10.587043,5.1385784,2035
7661,r2i1p1f1,2035,12,23,0.0,14.1666765,0.61986566,2035
7662,r2i1p1f1,2035,12,24,7.005123159387949,15.291912,1.637533,2035
7663,r2i1p1f1,2035,12,25,0.0,11.438346,4.476429,2035
7664,r2i1p1f1,2035,12,26,0.0,10.924959,0.6828329,2035
7665,r2i1p1f1,2035,12,27,2.214305910172243,6.9022427,1.6792977,2035
7666,r2i1p1f1,2035,12,28,21.82031105758142,7.9596124,2.208023,2035
7667,r2i1p1f1,2035,12,29,10.683010213071498,8.078374,-2.747695,2035
7668,r2i1p1f1,2035,12,30,0.0,6.244439,-2.112592,2035
7669,r2i1p1f1,2035,12,31,0.16969981352303876,6.1109176,-1.4023073,2035
7670,r2i1p1f1,2036,01,01,0.0,6.6993713,-1.613687,2036
7671,r2i1p1f1,2036,01,02,1.8587236603707424,5.2144666,-0.441188,2036
7672,r2i1p1f1,2036,01,03,0.0,9.178897,-3.0882666,2036
7673,r2i1p1f1,2036,01,04,3.994094584754748,8.462827,1.0742921,2036
7674,r2i1p1f1,2036,01,05,0.0,9.235275,1.2130829,2036
7675,r2i1p1f1,2036,01,06,0.0,8.933298,-1.7218922,2036
7676,r2i1p1f1,2036,01,07,0.0,9.763935,-1.8267579,2036
7677,r2i1p1f1,2036,01,08,0.0,10.439304,-1.6064118,2036
7678,r2i1p1f1,2036,01,09,0.0,11.210171,-1.7329297,2036
7679,r2i1p1f1,2036,01,10,0.0,12.155431,0.6808052,2036
7680,r2i1p1f1,2036,01,11,0.0,12.322954,1.2352829,2036
7681,r2i1p1f1,2036,01,12,0.0,11.216007,-0.078779966,2036
7682,r2i1p1f1,2036,01,13,0.0,11.593124,0.1197327,2036
7683,r2i1p1f1,2036,01,14,0.0,13.256916,0.28872326,2036
7684,r2i1p1f1,2036,01,15,0.0,12.861538,0.21470134,2036
7685,r2i1p1f1,2036,01,16,0.0,11.402309,-0.08269882,2036
7686,r2i1p1f1,2036,01,17,0.0,7.456087,-3.7629979,2036
7687,r2i1p1f1,2036,01,18,0.0,4.2248964,-8.124531,2036
7688,r2i1p1f1,2036,01,19,0.0,3.8354008,-7.344553,2036
7689,r2i1p1f1,2036,01,20,0.0,4.1459117,-7.3697934,2036
7690,r2i1p1f1,2036,01,21,23.72369270733543,2.0110366,-2.5692916,2036
7691,r2i1p1f1,2036,01,22,0.9828913383159943,5.0019326,-1.2576499,2036
7692,r2i1p1f1,2036,01,23,17.010553901127423,3.8850245,-3.0047457,2036
7693,r2i1p1f1,2036,01,24,24.008155918636476,5.5586185,0.32657656,2036
7694,r2i1p1f1,2036,01,25,1.7202315361146248,7.7713566,1.2363629,2036
7695,r2i1p1f1,2036,01,26,0.0,9.632791,-1.6588277,2036
7696,r2i1p1f1,2036,01,27,0.0,10.001369,-1.6891563,2036
7697,r2i1p1f1,2036,01,28,0.0,11.703202,-1.1495678,2036
7698,r2i1p1f1,2036,01,29,0.0,12.193359,-0.2750304,2036
7699,r2i1p1f1,2036,01,30,0.0,12.102684,1.5819122,2036
7700,r2i1p1f1,2036,01,31,0.0,14.757265,1.9817632,2036
7701,r2i1p1f1,2036,02,01,0.0,16.004744,3.0957618,2036
7702,r2i1p1f1,2036,02,02,0.0,16.112148,3.0470881,2036
7703,r2i1p1f1,2036,02,03,0.0,15.034822,4.02499,2036
7704,r2i1p1f1,2036,02,04,0.0,18.10977,5.7522125,2036
7705,r2i1p1f1,2036,02,05,0.0,17.765593,4.9324703,2036
7706,r2i1p1f1,2036,02,06,0.0,18.430307,6.252878,2036
7707,r2i1p1f1,2036,02,07,0.0,17.900887,3.9945421,2036
7708,r2i1p1f1,2036,02,08,5.19385395659242,11.35097,3.0601947,2036
7709,r2i1p1f1,2036,02,09,0.06185868747792256,11.126134,1.6222324,2036
7710,r2i1p1f1,2036,02,10,0.0,12.43951,0.055854585,2036
7711,r2i1p1f1,2036,02,11,0.0,13.134182,-0.68447644,2036
7712,r2i1p1f1,2036,02,12,0.0,14.005018,0.7617581,2036
7713,r2i1p1f1,2036,02,13,0.0,13.348957,3.3813758,2036
7714,r2i1p1f1,2036,02,14,0.0,14.8259325,0.91686946,2036
7715,r2i1p1f1,2036,02,15,0.0,16.039598,3.170302,2036
7716,r2i1p1f1,2036,02,16,0.0,17.3387,5.797808,2036
7717,r2i1p1f1,2036,02,17,0.0,17.448158,3.8767586,2036
7718,r2i1p1f1,2036,02,18,0.1571115785267807,18.95946,4.643989,2036
7719,r2i1p1f1,2036,02,19,29.42685776124563,11.318164,-0.3490578,2036
7720,r2i1p1f1,2036,02,20,0.08011637312899111,8.782803,-0.3682054,2036
7721,r2i1p1f1,2036,02,21,8.974643361125345,8.165268,-1.4626853,2036
7722,r2i1p1f1,2036,02,22,19.91596320467579,8.095983,0.40040308,2036
7723,r2i1p1f1,2036,02,23,8.406831461064712,7.8963785,-0.21254492,2036
7724,r2i1p1f1,2036,02,24,11.56165085906764,10.423946,-1.5983497,2036
7725,r2i1p1f1,2036,02,25,0.0,11.599772,-2.57586,2036
7726,r2i1p1f1,2036,02,26,7.465494237999337,10.400084,-0.3386265,2036
7727,r2i1p1f1,2036,02,27,2.2407725190447536,6.008988,-0.42493403,2036
7728,r2i1p1f1,2036,02,28,0.0,8.42016,-3.9414465,2036
7729,r2i1p1f1,2036,02,29,4.263573063684589,8.273356,-3.212285,2036
7730,r2i1p1f1,2036,03,01,10.602695510624471,7.428951,0.67990726,2036
7731,r2i1p1f1,2036,03,02,15.063797056063777,8.073681,-3.2411263,2036
7732,r2i1p1f1,2036,03,03,0.0,9.478298,-3.308508,2036
7733,r2i1p1f1,2036,03,04,0.3318166782833032,7.972124,0.7660578,2036
7734,r2i1p1f1,2036,03,05,0.3217071792906978,12.692959,2.727834,2036
7735,r2i1p1f1,2036,03,06,0.0,16.017054,1.7576051,2036
7736,r2i1p1f1,2036,03,07,0.0,16.16263,2.8631468,2036
7737,r2i1p1f1,2036,03,08,0.0,15.385871,1.995012,2036
7738,r2i1p1f1,2036,03,09,0.0,14.13419,-0.50554645,2036
7739,r2i1p1f1,2036,03,10,0.0,14.603424,-0.008056853,2036
7740,r2i1p1f1,2036,03,11,0.0,16.497751,2.6476526,2036
7741,r2i1p1f1,2036,03,12,0.0,17.850525,3.0432172,2036
7742,r2i1p1f1,2036,03,13,0.0,14.49096,-0.64747465,2036
7743,r2i1p1f1,2036,03,14,0.0,15.0496,-1.3313307,2036
7744,r2i1p1f1,2036,03,15,0.04187693421044969,16.309523,-0.5199592,2036
7745,r2i1p1f1,2036,03,16,1.7469852462227209,10.786628,-5.1035213,2036
7746,r2i1p1f1,2036,03,17,5.0293447285241655,5.1706414,-0.23504966,2036
7747,r2i1p1f1,2036,03,18,5.355032440451168,5.098819,-1.6040323,2036
7748,r2i1p1f1,2036,03,19,30.91829548429814,4.939577,-4.3322725,2036
7749,r2i1p1f1,2036,03,20,3.1936364894022518,7.4268374,-4.3654485,2036
7750,r2i1p1f1,2036,03,21,0.0,10.162687,-1.8226433,2036
7751,r2i1p1f1,2036,03,22,0.0,15.0213585,-0.13900429,2036
7752,r2i1p1f1,2036,03,23,0.0,17.186104,1.2239172,2036
7753,r2i1p1f1,2036,03,24,0.0,18.293692,4.941852,2036
7754,r2i1p1f1,2036,03,25,0.0,19.159088,4.4935036,2036
7755,r2i1p1f1,2036,03,26,0.0007550352790985926,18.780304,3.7341335,2036
7756,r2i1p1f1,2036,03,27,0.0,16.460457,2.623065,2036
7757,r2i1p1f1,2036,03,28,0.0,16.961742,3.0766733,2036
7758,r2i1p1f1,2036,03,29,0.0,15.540758,0.10608641,2036
7759,r2i1p1f1,2036,03,30,0.0,17.620369,0.86671656,2036
7760,r2i1p1f1,2036,03,31,0.0,19.371576,6.8012075,2036
7761,r2i1p1f1,2036,04,01,0.003337750035825593,20.048073,5.2413983,2036
7762,r2i1p1f1,2036,04,02,0.5533749455935322,19.30992,4.582431,2036
7763,r2i1p1f1,2036,04,03,0.0,18.242804,3.7035213,2036
7764,r2i1p1f1,2036,04,04,2.299329564439745,18.134611,4.2829194,2036
7765,r2i1p1f1,2036,04,05,0.0,13.303194,-0.8423054,2036
7766,r2i1p1f1,2036,04,06,0.0,17.959435,0.78308964,2036
7767,r2i1p1f1,2036,04,07,0.0,20.96399,4.4231777,2036
7768,r2i1p1f1,2036,04,08,0.0,23.676643,6.7270346,2036
7769,r2i1p1f1,2036,04,09,0.0,22.550125,6.774666,2036
7770,r2i1p1f1,2036,04,10,0.0,24.76684,9.261504,2036
7771,r2i1p1f1,2036,04,11,0.0,26.093102,9.054218,2036
7772,r2i1p1f1,2036,04,12,0.0,25.47502,8.753319,2036
7773,r2i1p1f1,2036,04,13,3.195078398402984,21.033398,6.709988,2036
7774,r2i1p1f1,2036,04,14,0.002381543436058564,18.903048,6.2349277,2036
7775,r2i1p1f1,2036,04,15,0.0,17.438545,3.8132265,2036
7776,r2i1p1f1,2036,04,16,0.0,17.752968,2.2489378,2036
7777,r2i1p1f1,2036,04,17,0.0,19.481056,3.1537316,2036
7778,r2i1p1f1,2036,04,18,0.0,25.376213,7.907607,2036
7779,r2i1p1f1,2036,04,19,0.0,27.781317,10.573398,2036
7780,r2i1p1f1,2036,04,20,0.0,28.549507,11.892789,2036
7781,r2i1p1f1,2036,04,21,0.0,28.840834,12.707838,2036
7782,r2i1p1f1,2036,04,22,0.0,28.430769,11.000068,2036
7783,r2i1p1f1,2036,04,23,0.01664918422648043,27.183256,10.763161,2036
7784,r2i1p1f1,2036,04,24,0.0,25.665136,9.864353,2036
7785,r2i1p1f1,2036,04,25,0.0,22.39323,6.1604652,2036
7786,r2i1p1f1,2036,04,26,0.0,20.20262,4.0202417,2036
7787,r2i1p1f1,2036,04,27,0.0,20.737068,3.9017115,2036
7788,r2i1p1f1,2036,04,28,0.0,16.903624,-0.2102313,2036
7789,r2i1p1f1,2036,04,29,0.0,18.16011,2.4493742,2036
7790,r2i1p1f1,2036,04,30,0.0,18.840908,1.4322495,2036
7791,r2i1p1f1,2036,05,01,0.0,19.02815,1.871691,2036
7792,r2i1p1f1,2036,05,02,0.0,20.461468,4.713171,2036
7793,r2i1p1f1,2036,05,03,0.0,21.641973,5.4715,2036
7794,r2i1p1f1,2036,05,04,0.0,22.108582,4.8850155,2036
7795,r2i1p1f1,2036,05,05,0.0,20.109869,4.133556,2036
7796,r2i1p1f1,2036,05,06,0.0,26.60093,9.704497,2036
7797,r2i1p1f1,2036,05,07,0.0,28.466148,7.9275427,2036
7798,r2i1p1f1,2036,05,08,0.0,21.082989,2.7811978,2036
7799,r2i1p1f1,2036,05,09,0.0,20.169945,3.4991162,2036
7800,r2i1p1f1,2036,05,10,0.0,23.115204,7.0743237,2036
7801,r2i1p1f1,2036,05,11,0.0,24.968563,7.6427817,2036
7802,r2i1p1f1,2036,05,12,0.0,23.93648,5.695355,2036
7803,r2i1p1f1,2036,05,13,0.03631898916864884,21.056257,5.804758,2036
7804,r2i1p1f1,2036,05,14,2.001144344163208,18.903372,4.4557095,2036
7805,r2i1p1f1,2036,05,15,0.22907161019247724,19.10183,4.0531564,2036
7806,r2i1p1f1,2036,05,16,0.0,21.39353,6.357181,2036
7807,r2i1p1f1,2036,05,17,0.32370185427055276,26.42542,9.379192,2036
7808,r2i1p1f1,2036,05,18,2.588202123439487,23.663687,6.3467526,2036
7809,r2i1p1f1,2036,05,19,0.1262150713500887,22.994987,7.7659388,2036
7810,r2i1p1f1,2036,05,20,0.0,24.914062,9.505019,2036
7811,r2i1p1f1,2036,05,21,0.0,26.275263,10.190658,2036
7812,r2i1p1f1,2036,05,22,0.0,26.899755,10.547475,2036
7813,r2i1p1f1,2036,05,23,0.0,26.421257,7.7484393,2036
7814,r2i1p1f1,2036,05,24,0.0,23.897264,4.837223,2036
7815,r2i1p1f1,2036,05,25,0.0,18.974173,3.9501894,2036
7816,r2i1p1f1,2036,05,26,0.0,21.719242,5.575044,2036
7817,r2i1p1f1,2036,05,27,0.0,22.68829,5.605195,2036
7818,r2i1p1f1,2036,05,28,0.022069316128181526,21.44868,4.6410003,2036
7819,r2i1p1f1,2036,05,29,1.8958704167744145,19.138523,4.2479944,2036
7820,r2i1p1f1,2036,05,30,0.7860829401124647,20.252092,4.9841404,2036
7821,r2i1p1f1,2036,05,31,3.9450054956091662,19.907104,4.6416974,2036
7822,r2i1p1f1,2036,06,01,0.28643643267400876,18.401863,9.455542,2036
7823,r2i1p1f1,2036,06,02,0.0,21.146553,6.2344036,2036
7824,r2i1p1f1,2036,06,03,0.0,23.871098,4.073261,2036
7825,r2i1p1f1,2036,06,04,0.0,26.603437,10.174362,2036
7826,r2i1p1f1,2036,06,05,0.0,26.898306,7.8732343,2036
7827,r2i1p1f1,2036,06,06,0.0,24.749687,6.8505507,2036
7828,r2i1p1f1,2036,06,07,0.0,22.827929,7.2839527,2036
7829,r2i1p1f1,2036,06,08,0.0,23.693007,7.8664255,2036
7830,r2i1p1f1,2036,06,09,0.0,25.030693,7.798128,2036
7831,r2i1p1f1,2036,06,10,0.0,26.137794,9.410101,2036
7832,r2i1p1f1,2036,06,11,0.0,30.423977,12.97672,2036
7833,r2i1p1f1,2036,06,12,0.0,35.160515,17.905334,2036
7834,r2i1p1f1,2036,06,13,0.0,35.80453,17.48136,2036
7835,r2i1p1f1,2036,06,14,0.0,35.52233,15.790983,2036
7836,r2i1p1f1,2036,06,15,0.0,33.96068,16.02552,2036
7837,r2i1p1f1,2036,06,16,0.0,33.87592,17.408165,2036
7838,r2i1p1f1,2036,06,17,0.0,34.633926,15.29686,2036
7839,r2i1p1f1,2036,06,18,0.04266893408839678,35.194115,15.896234,2036
7840,r2i1p1f1,2036,06,19,0.414455088412069,34.091953,16.250244,2036
7841,r2i1p1f1,2036,06,20,0.0,32.046005,14.849986,2036
7842,r2i1p1f1,2036,06,21,0.0,30.55148,14.778754,2036
7843,r2i1p1f1,2036,06,22,0.0,34.585873,18.18224,2036
7844,r2i1p1f1,2036,06,23,0.018225741223432124,36.468063,18.78308,2036
7845,r2i1p1f1,2036,06,24,0.0,36.821327,20.452991,2036
7846,r2i1p1f1,2036,06,25,0.04078531482036851,32.085247,15.588126,2036
7847,r2i1p1f1,2036,06,26,10.491695712348914,31.39998,13.59551,2036
7848,r2i1p1f1,2036,06,27,0.0,29.8882,17.340477,2036
7849,r2i1p1f1,2036,06,28,0.0,35.376926,17.901356,2036
7850,r2i1p1f1,2036,06,29,0.0,38.55836,22.581795,2036
7851,r2i1p1f1,2036,06,30,5.815653294098411,36.580738,18.154385,2036
7852,r2i1p1f1,2036,07,01,3.2286931211501724,33.965652,13.950589,2036
7853,r2i1p1f1,2036,07,02,0.0,28.649366,15.177867,2036
7854,r2i1p1f1,2036,07,03,0.0,31.198256,18.023933,2036
7855,r2i1p1f1,2036,07,04,0.0,32.27183,14.588735,2036
7856,r2i1p1f1,2036,07,05,0.0,33.544975,16.839619,2036
7857,r2i1p1f1,2036,07,06,0.0,35.197903,17.69949,2036
7858,r2i1p1f1,2036,07,07,0.3833109705738025,34.797153,17.376314,2036
7859,r2i1p1f1,2036,07,08,0.0,37.096397,18.608252,2036
7860,r2i1p1f1,2036,07,09,0.0,37.95731,20.041174,2036
7861,r2i1p1f1,2036,07,10,0.0,38.000065,19.480944,2036
7862,r2i1p1f1,2036,07,11,0.0,34.916725,16.25029,2036
7863,r2i1p1f1,2036,07,12,0.0,34.01361,17.258375,2036
7864,r2i1p1f1,2036,07,13,0.0,33.58342,16.605492,2036
7865,r2i1p1f1,2036,07,14,0.0,31.623634,11.260527,2036
7866,r2i1p1f1,2036,07,15,0.0,25.573246,7.5207586,2036
7867,r2i1p1f1,2036,07,16,0.0,25.66878,6.475461,2036
7868,r2i1p1f1,2036,07,17,0.0,26.51855,7.973973,2036
7869,r2i1p1f1,2036,07,18,0.0,29.302769,10.924069,2036
7870,r2i1p1f1,2036,07,19,0.0,31.599033,12.211894,2036
7871,r2i1p1f1,2036,07,20,0.0,32.347702,12.070919,2036
7872,r2i1p1f1,2036,07,21,0.0,32.749767,12.402971,2036
7873,r2i1p1f1,2036,07,22,0.0,33.7416,14.614833,2036
7874,r2i1p1f1,2036,07,23,0.0,33.06758,16.63398,2036
7875,r2i1p1f1,2036,07,24,0.0,34.189606,16.80886,2036
7876,r2i1p1f1,2036,07,25,0.0,35.24572,17.775913,2036
7877,r2i1p1f1,2036,07,26,0.0,35.696312,19.46108,2036
7878,r2i1p1f1,2036,07,27,0.0,36.093575,19.498835,2036
7879,r2i1p1f1,2036,07,28,0.0,35.81673,14.465565,2036
7880,r2i1p1f1,2036,07,29,0.0,32.94974,11.600791,2036
7881,r2i1p1f1,2036,07,30,0.0,27.273623,7.6759434,2036
7882,r2i1p1f1,2036,07,31,0.0,26.11127,8.210992,2036
7883,r2i1p1f1,2036,08,01,0.0,26.16619,7.7880096,2036
7884,r2i1p1f1,2036,08,02,0.0,31.429783,12.6617985,2036
7885,r2i1p1f1,2036,08,03,0.0,35.400333,15.923855,2036
7886,r2i1p1f1,2036,08,04,0.0,37.197296,17.732382,2036
7887,r2i1p1f1,2036,08,05,0.0,38.857204,21.463463,2036
7888,r2i1p1f1,2036,08,06,0.0,40.500458,23.489464,2036
7889,r2i1p1f1,2036,08,07,0.0,40.653496,21.936457,2036
7890,r2i1p1f1,2036,08,08,0.01401887166139204,40.6163,21.432364,2036
7891,r2i1p1f1,2036,08,09,0.10428159594084718,39.495716,18.18083,2036
7892,r2i1p1f1,2036,08,10,0.0,34.84041,16.399544,2036
7893,r2i1p1f1,2036,08,11,0.0008794352424956742,35.309113,17.168058,2036
7894,r2i1p1f1,2036,08,12,0.0,32.378197,14.338983,2036
7895,r2i1p1f1,2036,08,13,0.0,33.926933,14.3042345,2036
7896,r2i1p1f1,2036,08,14,0.0,33.87248,14.666726,2036
7897,r2i1p1f1,2036,08,15,0.0,33.024757,14.817448,2036
7898,r2i1p1f1,2036,08,16,0.0,34.918484,17.201485,2036
7899,r2i1p1f1,2036,08,17,0.0,35.90245,17.212137,2036
7900,r2i1p1f1,2036,08,18,0.0,35.702374,19.295183,2036
7901,r2i1p1f1,2036,08,19,0.0,34.962612,17.462961,2036
7902,r2i1p1f1,2036,08,20,0.0,35.728596,17.34341,2036
7903,r2i1p1f1,2036,08,21,0.0,35.33919,17.516075,2036
7904,r2i1p1f1,2036,08,22,0.0,34.648193,16.927366,2036
7905,r2i1p1f1,2036,08,23,0.0,36.252117,18.87401,2036
7906,r2i1p1f1,2036,08,24,0.0,37.15296,22.223764,2036
7907,r2i1p1f1,2036,08,25,0.0,36.6291,20.352587,2036
7908,r2i1p1f1,2036,08,26,0.0,35.60676,15.809494,2036
7909,r2i1p1f1,2036,08,27,0.0,34.181606,14.312565,2036
7910,r2i1p1f1,2036,08,28,0.0,33.778484,14.087757,2036
7911,r2i1p1f1,2036,08,29,0.0,32.678574,13.579956,2036
7912,r2i1p1f1,2036,08,30,0.0,32.0197,11.995053,2036
7913,r2i1p1f1,2036,08,31,0.0,31.651049,10.288242,2036
7914,r2i1p1f1,2036,09,01,0.0,29.40723,11.907432,2036
7915,r2i1p1f1,2036,09,02,0.0,29.788744,10.814519,2036
7916,r2i1p1f1,2036,09,03,0.0,28.84515,9.955809,2036
7917,r2i1p1f1,2036,09,04,0.0,28.628248,8.511284,2036
7918,r2i1p1f1,2036,09,05,0.0,25.344492,6.525747,2036
7919,r2i1p1f1,2036,09,06,0.0,24.884315,9.226817,2036
7920,r2i1p1f1,2036,09,07,0.0,28.334385,11.006626,2036
7921,r2i1p1f1,2036,09,08,0.0,30.888306,12.74137,2036
7922,r2i1p1f1,2036,09,09,0.0,31.71446,14.701656,2036
7923,r2i1p1f1,2036,09,10,0.0,32.949406,15.775659,2036
7924,r2i1p1f1,2036,09,11,0.0,34.026955,14.611631,2036
7925,r2i1p1f1,2036,09,12,0.0,28.68253,9.589579,2036
7926,r2i1p1f1,2036,09,13,0.0,24.401724,6.668914,2036
7927,r2i1p1f1,2036,09,14,0.0,28.094673,10.196339,2036
7928,r2i1p1f1,2036,09,15,0.0,32.519493,14.740208,2036
7929,r2i1p1f1,2036,09,16,0.0,32.984238,13.438841,2036
7930,r2i1p1f1,2036,09,17,0.0,27.610046,8.622128,2036
7931,r2i1p1f1,2036,09,18,0.0,25.112831,6.2332644,2036
7932,r2i1p1f1,2036,09,19,0.0,24.088305,8.489298,2036
7933,r2i1p1f1,2036,09,20,0.0,25.193453,10.261003,2036
7934,r2i1p1f1,2036,09,21,1.44766280748172,23.832912,8.330523,2036
7935,r2i1p1f1,2036,09,22,0.03843562988095073,21.001814,8.484599,2036
7936,r2i1p1f1,2036,09,23,0.0,23.790392,10.114417,2036
7937,r2i1p1f1,2036,09,24,0.0,27.355263,10.069058,2036
7938,r2i1p1f1,2036,09,25,0.0,28.677193,11.830786,2036
7939,r2i1p1f1,2036,09,26,1.370380082417555,24.8459,6.3067164,2036
7940,r2i1p1f1,2036,09,27,1.1581137419341303,16.60887,5.764509,2036
7941,r2i1p1f1,2036,09,28,0.0,20.435934,4.8217654,2036
7942,r2i1p1f1,2036,09,29,0.0,24.042458,7.9595356,2036
7943,r2i1p1f1,2036,09,30,0.0,26.045824,9.548243,2036
7944,r2i1p1f1,2036,10,01,0.0,29.495035,10.535716,2036
7945,r2i1p1f1,2036,10,02,0.0,30.190416,12.704821,2036
7946,r2i1p1f1,2036,10,03,0.0,31.062996,14.115947,2036
7947,r2i1p1f1,2036,10,04,0.0,31.159264,14.80729,2036
7948,r2i1p1f1,2036,10,05,0.0,31.43982,13.430525,2036
7949,r2i1p1f1,2036,10,06,0.0,31.553772,14.659505,2036
7950,r2i1p1f1,2036,10,07,0.0012296920431253966,29.230965,15.637137,2036
7951,r2i1p1f1,2036,10,08,0.0,29.806458,13.436659,2036
7952,r2i1p1f1,2036,10,09,0.0,30.461273,13.720837,2036
7953,r2i1p1f1,2036,10,10,0.0,29.047455,12.563389,2036
7954,r2i1p1f1,2036,10,11,0.0,26.916012,9.650484,2036
7955,r2i1p1f1,2036,10,12,0.0,19.062607,3.4675221,2036
7956,r2i1p1f1,2036,10,13,0.0,16.722782,1.6001735,2036
7957,r2i1p1f1,2036,10,14,0.0,20.584486,3.918603,2036
7958,r2i1p1f1,2036,10,15,0.0,22.280323,7.049815,2036
7959,r2i1p1f1,2036,10,16,0.0,24.705692,8.558715,2036
7960,r2i1p1f1,2036,10,17,0.0,25.922539,10.008434,2036
7961,r2i1p1f1,2036,10,18,0.0,26.13325,9.076842,2036
7962,r2i1p1f1,2036,10,19,1.888430745111691e-05,24.456116,6.0374613,2036
7963,r2i1p1f1,2036,10,20,2.6619228117624516,15.303432,8.599445,2036
7964,r2i1p1f1,2036,10,21,12.138163795589207,15.363151,9.412312,2036
7965,r2i1p1f1,2036,10,22,0.0,21.789652,8.026189,2036
7966,r2i1p1f1,2036,10,23,0.0,26.205421,9.542324,2036
7967,r2i1p1f1,2036,10,24,0.0,27.694466,14.225429,2036
7968,r2i1p1f1,2036,10,25,0.0,29.746765,15.106273,2036
7969,r2i1p1f1,2036,10,26,0.0,29.867105,14.301548,2036
7970,r2i1p1f1,2036,10,27,0.0,28.781223,13.75619,2036
7971,r2i1p1f1,2036,10,28,0.003380693851795513,26.052992,13.087198,2036
7972,r2i1p1f1,2036,10,29,0.0,24.39338,9.455532,2036
7973,r2i1p1f1,2036,10,30,0.0,25.701014,9.725042,2036
7974,r2i1p1f1,2036,10,31,0.0,26.941553,12.231839,2036
7975,r2i1p1f1,2036,11,01,0.0,27.664879,13.604599,2036
7976,r2i1p1f1,2036,11,02,0.0,26.967451,11.537563,2036
7977,r2i1p1f1,2036,11,03,0.0,23.420368,8.353215,2036
7978,r2i1p1f1,2036,11,04,0.0,21.642717,7.1788526,2036
7979,r2i1p1f1,2036,11,05,0.0,21.410065,6.0525007,2036
7980,r2i1p1f1,2036,11,06,27.291027530736756,16.811283,5.494565,2036
7981,r2i1p1f1,2036,11,07,2.705594368126185,11.8220415,4.4129786,2036
7982,r2i1p1f1,2036,11,08,0.0,14.608577,2.9009466,2036
7983,r2i1p1f1,2036,11,09,0.0,16.75454,3.1716652,2036
7984,r2i1p1f1,2036,11,10,0.0,17.987314,6.234141,2036
7985,r2i1p1f1,2036,11,11,0.017331071830994915,18.820091,6.6976314,2036
7986,r2i1p1f1,2036,11,12,8.87353608986814,16.629799,4.027394,2036
7987,r2i1p1f1,2036,11,13,21.143721686530625,11.199303,2.9507782,2036
7988,r2i1p1f1,2036,11,14,0.019342094492458273,7.39593,-0.9587822,2036
7989,r2i1p1f1,2036,11,15,0.0,9.12474,-3.6129727,2036
7990,r2i1p1f1,2036,11,16,0.0,11.265779,-2.0615952,2036
7991,r2i1p1f1,2036,11,17,0.36049382551937015,11.247707,2.0565367,2036
7992,r2i1p1f1,2036,11,18,0.0,11.567183,-0.47110558,2036
7993,r2i1p1f1,2036,11,19,0.0,9.483379,-4.047863,2036
7994,r2i1p1f1,2036,11,20,0.0,11.842701,-1.5029002,2036
7995,r2i1p1f1,2036,11,21,0.0,12.903179,-1.3993325,2036
7996,r2i1p1f1,2036,11,22,0.0,15.516887,1.2487035,2036
7997,r2i1p1f1,2036,11,23,0.0,17.250374,4.917919,2036
7998,r2i1p1f1,2036,11,24,0.0,19.21581,2.117237,2036
7999,r2i1p1f1,2036,11,25,0.0,21.365646,7.5862403,2036
8000,r2i1p1f1,2036,11,26,0.0,23.243391,7.257576,2036
8001,r2i1p1f1,2036,11,27,5.906470100819661,18.434591,5.7622967,2036
8002,r2i1p1f1,2036,11,28,15.498838603161857,11.968217,6.990675,2036
8003,r2i1p1f1,2036,11,29,0.0,11.896228,0.70257396,2036
8004,r2i1p1f1,2036,11,30,8.513052212128969,12.288432,2.4877615,2036
8005,r2i1p1f1,2036,12,01,3.8335512767844193,10.5566,4.288908,2036
8006,r2i1p1f1,2036,12,02,0.010459456098033115,10.580904,-0.054115456,2036
8007,r2i1p1f1,2036,12,03,0.0,13.438276,1.568514,2036
8008,r2i1p1f1,2036,12,04,0.0,14.765971,3.201645,2036
8009,r2i1p1f1,2036,12,05,0.0,15.835344,3.5403807,2036
8010,r2i1p1f1,2036,12,06,0.0,15.680705,3.2426283,2036
8011,r2i1p1f1,2036,12,07,2.4597739232689264,15.491657,4.279997,2036
8012,r2i1p1f1,2036,12,08,1.008257591149686,11.894772,6.564621,2036
8013,r2i1p1f1,2036,12,09,0.0,13.281217,2.5238223,2036
8014,r2i1p1f1,2036,12,10,0.3970931174535508,12.871401,3.3706143,2036
8015,r2i1p1f1,2036,12,11,5.454867215667036,16.011715,8.950281,2036
8016,r2i1p1f1,2036,12,12,6.977623036436853,16.343948,9.312139,2036
8017,r2i1p1f1,2036,12,13,10.830496791481892,16.048754,8.798904,2036
8018,r2i1p1f1,2036,12,14,32.1857827664644,16.294264,9.960705,2036
8019,r2i1p1f1,2036,12,15,8.45269416569181,15.928704,7.6556864,2036
8020,r2i1p1f1,2036,12,16,0.0,9.656292,2.9343524,2036
8021,r2i1p1f1,2036,12,17,0.0,11.028667,0.66523963,2036
8022,r2i1p1f1,2036,12,18,0.0,13.537157,0.9920916,2036
8023,r2i1p1f1,2036,12,19,0.0,15.518246,0.69204843,2036
8024,r2i1p1f1,2036,12,20,0.7149565068743868,14.014594,3.6057107,2036
8025,r2i1p1f1,2036,12,21,0.0,13.192947,2.4956007,2036
8026,r2i1p1f1,2036,12,22,0.0,13.538622,2.0454578,2036
8027,r2i1p1f1,2036,12,23,0.0,14.943098,2.0784223,2036
8028,r2i1p1f1,2036,12,24,0.0,15.551939,2.8370836,2036
8029,r2i1p1f1,2036,12,25,0.0,13.540123,1.8672354,2036
8030,r2i1p1f1,2036,12,26,0.0,15.141135,2.9928787,2036
8031,r2i1p1f1,2036,12,27,0.003402636866667308,12.697887,3.1889586,2036
8032,r2i1p1f1,2036,12,28,0.0,14.34629,1.6356201,2036
8033,r2i1p1f1,2036,12,29,0.0,15.030736,3.650588,2036
8034,r2i1p1f1,2036,12,30,0.02437797953689369,13.511087,2.78604,2036
8035,r2i1p1f1,2036,12,31,0.2824458816121478,7.6920147,1.2578069,2036
8036,r2i1p1f1,2037,01,01,0.0,11.836045,0.38790745,2037
8037,r2i1p1f1,2037,01,02,0.03740139791261754,12.259598,3.3150568,2037
8038,r2i1p1f1,2037,01,03,40.712421653734054,8.422493,2.9799135,2037
8039,r2i1p1f1,2037,01,04,5.478681928923379,5.7264986,-5.022885,2037
8040,r2i1p1f1,2037,01,05,23.614769858977525,3.672275,-1.957972,2037
8041,r2i1p1f1,2037,01,06,3.862056577884232,3.23244,-1.673635,2037
8042,r2i1p1f1,2037,01,07,66.99554148672178,7.850635,0.59591895,2037
8043,r2i1p1f1,2037,01,08,16.724566859011247,6.4865136,-2.7568738,2037
8044,r2i1p1f1,2037,01,09,8.29432960244958,6.412241,-1.9284005,2037
8045,r2i1p1f1,2037,01,10,0.003865570855410283,6.4729877,-1.0501741,2037
8046,r2i1p1f1,2037,01,11,20.3347504832891,7.3724113,-0.47486243,2037
8047,r2i1p1f1,2037,01,12,78.19817534573303,9.192791,2.7612884,2037
8048,r2i1p1f1,2037,01,13,22.490354584078887,8.002632,-1.8603503,2037
8049,r2i1p1f1,2037,01,14,18.413495167169458,6.421095,0.54337305,2037
8050,r2i1p1f1,2037,01,15,53.67784331265284,7.08691,0.36231628,2037
8051,r2i1p1f1,2037,01,16,65.72240743371367,10.737915,2.3190908,2037
8052,r2i1p1f1,2037,01,17,31.732717648992548,10.108509,3.993236,2037
8053,r2i1p1f1,2037,01,18,4.530018868415198,7.0121613,-2.2640011,2037
8054,r2i1p1f1,2037,01,19,0.0,7.8925705,-3.0101664,2037
8055,r2i1p1f1,2037,01,20,0.0,10.153584,-1.9876442,2037
8056,r2i1p1f1,2037,01,21,0.0,11.4371395,-0.24443749,2037
8057,r2i1p1f1,2037,01,22,0.0,12.102215,0.30929872,2037
8058,r2i1p1f1,2037,01,23,0.0,13.048385,0.6245266,2037
8059,r2i1p1f1,2037,01,24,0.05773675666205236,13.50914,3.29393,2037
8060,r2i1p1f1,2037,01,25,0.0,11.390845,0.17161995,2037
8061,r2i1p1f1,2037,01,26,0.0,9.7650795,-1.6295257,2037
8062,r2i1p1f1,2037,01,27,0.0,8.551598,-0.54505414,2037
8063,r2i1p1f1,2037,01,28,1.8954271028576386,7.8307867,-0.8856114,2037
8064,r2i1p1f1,2037,01,29,0.0,17.251385,3.1933858,2037
8065,r2i1p1f1,2037,01,30,0.0,16.452553,3.8820143,2037
8066,r2i1p1f1,2037,01,31,0.0,16.714668,2.0252187,2037
8067,r2i1p1f1,2037,02,01,22.088478554724134,11.514648,3.3552332,2037
8068,r2i1p1f1,2037,02,02,55.842853067588294,6.7671695,3.1736543,2037
8069,r2i1p1f1,2037,02,03,3.1834050987299634,5.2061243,-4.687326,2037
8070,r2i1p1f1,2037,02,04,0.0,9.138647,-1.5948263,2037
8071,r2i1p1f1,2037,02,05,0.0,9.704087,-2.2463872,2037
8072,r2i1p1f1,2037,02,06,17.137611960765753,8.205805,-3.075635,2037
8073,r2i1p1f1,2037,02,07,23.38127339462517,9.276897,3.8414526,2037
8074,r2i1p1f1,2037,02,08,9.454549742281415,11.150987,4.6890936,2037
8075,r2i1p1f1,2037,02,09,30.88115573846153,12.31599,5.234011,2037
8076,r2i1p1f1,2037,02,10,8.753889134254678,15.544575,7.67177,2037
8077,r2i1p1f1,2037,02,11,24.215970342993387,13.225092,7.2107654,2037
8078,r2i1p1f1,2037,02,12,0.0,14.081355,-0.22389685,2037
8079,r2i1p1f1,2037,02,13,0.0,14.307922,2.0777886,2037
8080,r2i1p1f1,2037,02,14,0.0,11.538052,2.17991,2037
8081,r2i1p1f1,2037,02,15,4.194746903749547,12.014353,5.0371423,2037
8082,r2i1p1f1,2037,02,16,0.2662274235945006,10.684374,-1.729627,2037
8083,r2i1p1f1,2037,02,17,12.637880833335657,11.863239,-0.4189622,2037
8084,r2i1p1f1,2037,02,18,51.23200928501319,12.806667,7.401808,2037
8085,r2i1p1f1,2037,02,19,42.3715870223532,12.614604,5.8042164,2037
8086,r2i1p1f1,2037,02,20,3.717064636597911,10.353966,0.18729629,2037
8087,r2i1p1f1,2037,02,21,0.0,14.23272,1.3927991,2037
8088,r2i1p1f1,2037,02,22,14.193049364257604,15.865934,2.9180205,2037
8089,r2i1p1f1,2037,02,23,61.509099488466745,14.554982,6.669787,2037
8090,r2i1p1f1,2037,02,24,88.93419973392156,15.684869,6.544877,2037
8091,r2i1p1f1,2037,02,25,35.356489536388835,11.015806,1.8303564,2037
8092,r2i1p1f1,2037,02,26,23.273700708250544,9.172699,-3.7257795,2037
8093,r2i1p1f1,2037,02,27,9.063711037538269,6.7860184,-1.9740047,2037
8094,r2i1p1f1,2037,02,28,29.084599625275587,7.5093765,-0.955663,2037
8095,r2i1p1f1,2037,03,01,1.0417948001276045,9.468154,-1.6386439,2037
8096,r2i1p1f1,2037,03,02,8.869380373516833,5.6574063,0.035573058,2037
8097,r2i1p1f1,2037,03,03,1.8694739560089602,6.3785877,0.84093165,2037
8098,r2i1p1f1,2037,03,04,0.0,14.401958,-2.3538036,2037
8099,r2i1p1f1,2037,03,05,0.0,14.774029,1.2081769,2037
8100,r2i1p1f1,2037,03,06,0.0,18.378254,1.4827659,2037
8101,r2i1p1f1,2037,03,07,0.0,20.002228,5.8311214,2037
8102,r2i1p1f1,2037,03,08,0.0,21.413445,7.277504,2037
8103,r2i1p1f1,2037,03,09,0.0,21.714182,8.943495,2037
8104,r2i1p1f1,2037,03,10,0.0,19.1552,5.367316,2037
8105,r2i1p1f1,2037,03,11,0.0,18.87579,4.2475452,2037
8106,r2i1p1f1,2037,03,12,0.0,19.704653,4.3127303,2037
8107,r2i1p1f1,2037,03,13,0.0,20.79831,4.154261,2037
8108,r2i1p1f1,2037,03,14,0.0,20.218357,7.9036813,2037
8109,r2i1p1f1,2037,03,15,3.9111637432711177,14.01383,3.4282238,2037
8110,r2i1p1f1,2037,03,16,0.0,12.504499,-0.052610185,2037
8111,r2i1p1f1,2037,03,17,0.0,15.298381,-0.6760451,2037
8112,r2i1p1f1,2037,03,18,0.43570927762175415,16.04487,0.3990503,2037
8113,r2i1p1f1,2037,03,19,0.04149462311033858,14.447606,6.7725077,2037
8114,r2i1p1f1,2037,03,20,33.739657070691464,13.716487,7.5911465,2037
8115,r2i1p1f1,2037,03,21,1.6278448503612708,12.628719,-1.2173163,2037
8116,r2i1p1f1,2037,03,22,0.0,13.468458,-0.037694506,2037
8117,r2i1p1f1,2037,03,23,0.0,14.892454,4.330022,2037
8118,r2i1p1f1,2037,03,24,0.0,20.371195,3.168909,2037
8119,r2i1p1f1,2037,03,25,0.0,19.903128,4.4935794,2037
8120,r2i1p1f1,2037,03,26,4.757578120177186,17.131645,2.756087,2037
8121,r2i1p1f1,2037,03,27,11.12955483145015,10.8085165,3.1929288,2037
8122,r2i1p1f1,2037,03,28,26.21510511271481,8.787511,-1.4072421,2037
8123,r2i1p1f1,2037,03,29,40.38295518766972,7.774821,1.5506238,2037
8124,r2i1p1f1,2037,03,30,2.4839049545050784,6.598018,-4.858037,2037
8125,r2i1p1f1,2037,03,31,0.4207575616732129,7.1216226,-0.53089464,2037
8126,r2i1p1f1,2037,04,01,19.903592497576028,11.720357,-0.7786707,2037
8127,r2i1p1f1,2037,04,02,44.616809005128744,12.55827,1.1518352,2037
8128,r2i1p1f1,2037,04,03,0.9568298784586204,13.396706,4.001058,2037
8129,r2i1p1f1,2037,04,04,0.0,15.121572,3.7225935,2037
8130,r2i1p1f1,2037,04,05,0.4877344836359043,14.70408,5.9926486,2037
8131,r2i1p1f1,2037,04,06,0.0,17.724064,1.9665171,2037
8132,r2i1p1f1,2037,04,07,5.095972166793672,17.190115,3.7976303,2037
8133,r2i1p1f1,2037,04,08,0.0,15.682048,1.6382957,2037
8134,r2i1p1f1,2037,04,09,0.1402950408646575,17.467896,4.3401446,2037
8135,r2i1p1f1,2037,04,10,0.01592598982824711,17.641068,4.413884,2037
8136,r2i1p1f1,2037,04,11,0.0,17.928064,2.9168854,2037
8137,r2i1p1f1,2037,04,12,0.7198634283099636,18.47718,3.4966724,2037
8138,r2i1p1f1,2037,04,13,12.00271649622664,11.161213,-0.84375054,2037
8139,r2i1p1f1,2037,04,14,0.5388370508399021,10.828526,1.373421,2037
8140,r2i1p1f1,2037,04,15,0.6049568394814742,12.654209,0.9923308,2037
8141,r2i1p1f1,2037,04,16,0.015240155335050076,13.694977,0.6352912,2037
8142,r2i1p1f1,2037,04,17,0.0,13.103481,-2.1921163,2037
8143,r2i1p1f1,2037,04,18,3.331819492541399,10.666526,1.9571182,2037
8144,r2i1p1f1,2037,04,19,6.759113247187543,10.52138,3.0203843,2037
8145,r2i1p1f1,2037,04,20,10.323399189701377,8.975475,-1.8156542,2037
8146,r2i1p1f1,2037,04,21,29.74391591051244,7.3532505,0.0044907993,2037
8147,r2i1p1f1,2037,04,22,7.237307144373517,7.3640485,-1.5631096,2037
8148,r2i1p1f1,2037,04,23,0.0,14.82389,-0.31858402,2037
8149,r2i1p1f1,2037,04,24,0.0,17.946182,1.8031038,2037
8150,r2i1p1f1,2037,04,25,0.0,20.530596,4.637325,2037
8151,r2i1p1f1,2037,04,26,0.0,22.275906,6.897018,2037
8152,r2i1p1f1,2037,04,27,0.0,22.51809,8.35329,2037
8153,r2i1p1f1,2037,04,28,0.0,22.706226,7.7091427,2037
8154,r2i1p1f1,2037,04,29,0.0,21.95051,7.7753015,2037
8155,r2i1p1f1,2037,04,30,0.11043520490829906,22.504349,8.838243,2037
8156,r2i1p1f1,2037,05,01,0.0,22.800774,8.793652,2037
8157,r2i1p1f1,2037,05,02,0.0,24.311487,10.204576,2037
8158,r2i1p1f1,2037,05,03,0.0,24.712877,11.444174,2037
8159,r2i1p1f1,2037,05,04,0.0,25.261105,10.247333,2037
8160,r2i1p1f1,2037,05,05,0.0,17.897795,2.5101678,2037
8161,r2i1p1f1,2037,05,06,0.0,19.35584,2.7999828,2037
8162,r2i1p1f1,2037,05,07,0.0,22.314589,6.5885644,2037
8163,r2i1p1f1,2037,05,08,0.0,27.06124,12.064287,2037
8164,r2i1p1f1,2037,05,09,0.0,29.40523,13.757195,2037
8165,r2i1p1f1,2037,05,10,0.0,29.226288,13.4976225,2037
8166,r2i1p1f1,2037,05,11,0.0,28.852821,11.870961,2037
8167,r2i1p1f1,2037,05,12,0.9694818026218854,26.108213,9.174999,2037
8168,r2i1p1f1,2037,05,13,1.1003341959394675,20.833622,7.142286,2037
8169,r2i1p1f1,2037,05,14,2.863017874821594,20.75658,7.649338,2037
8170,r2i1p1f1,2037,05,15,0.7597300406700924,26.052282,11.789735,2037
8171,r2i1p1f1,2037,05,16,0.0,27.319553,12.415035,2037
8172,r2i1p1f1,2037,05,17,0.0,27.970451,12.6097145,2037
8173,r2i1p1f1,2037,05,18,0.0,26.4481,9.848429,2037
8174,r2i1p1f1,2037,05,19,0.0,26.376537,9.094499,2037
8175,r2i1p1f1,2037,05,20,0.0,25.505913,8.495811,2037
8176,r2i1p1f1,2037,05,21,0.0,25.451548,6.530815,2037
8177,r2i1p1f1,2037,05,22,0.0,21.265,3.7860866,2037
8178,r2i1p1f1,2037,05,23,0.0,22.02995,4.4279222,2037
8179,r2i1p1f1,2037,05,24,0.0,25.137321,8.594186,2037
8180,r2i1p1f1,2037,05,25,0.0,26.317633,9.493867,2037
8181,r2i1p1f1,2037,05,26,0.0,26.785479,9.089564,2037
8182,r2i1p1f1,2037,05,27,0.0013737187600781908,24.603655,6.875649,2037
8183,r2i1p1f1,2037,05,28,3.8603175372628584,19.408018,5.6974444,2037
8184,r2i1p1f1,2037,05,29,4.09954593404791,15.488586,6.0727587,2037
8185,r2i1p1f1,2037,05,30,0.029680627449124586,18.22671,3.752272,2037
8186,r2i1p1f1,2037,05,31,0.0,24.19789,8.4001875,2037
8187,r2i1p1f1,2037,06,01,0.0,29.762886,11.435797,2037
8188,r2i1p1f1,2037,06,02,0.0,31.91491,12.1186075,2037
8189,r2i1p1f1,2037,06,03,0.5111995268521241,28.011835,9.151744,2037
8190,r2i1p1f1,2037,06,04,0.013768984808848472,26.457588,11.058894,2037
8191,r2i1p1f1,2037,06,05,0.006739936907251831,24.031694,3.1854293,2037
8192,r2i1p1f1,2037,06,06,0.7149630218464154,18.139376,7.1829734,2037
8193,r2i1p1f1,2037,06,07,0.03668944541459496,19.009748,5.5626764,2037
8194,r2i1p1f1,2037,06,08,1.2091134487747013,17.807266,5.85528,2037
8195,r2i1p1f1,2037,06,09,0.9798816324064319,16.864643,4.351226,2037
8196,r2i1p1f1,2037,06,10,0.8933889241234283,19.315144,5.3912225,2037
8197,r2i1p1f1,2037,06,11,12.163477011517898,15.123121,7.459296,2037
8198,r2i1p1f1,2037,06,12,1.0538014801682039,17.67854,7.9463882,2037
8199,r2i1p1f1,2037,06,13,0.0,23.177042,8.682116,2037
8200,r2i1p1f1,2037,06,14,0.0,24.852297,11.003507,2037
8201,r2i1p1f1,2037,06,15,0.0729547762830407,25.933186,11.281525,2037
8202,r2i1p1f1,2037,06,16,0.0,30.760368,14.0778475,2037
8203,r2i1p1f1,2037,06,17,0.0,35.75753,18.327892,2037
8204,r2i1p1f1,2037,06,18,0.0,37.1695,18.938782,2037
8205,r2i1p1f1,2037,06,19,0.0,37.531517,18.918102,2037
8206,r2i1p1f1,2037,06,20,0.07599233222208568,35.56695,18.871347,2037
8207,r2i1p1f1,2037,06,21,0.0,34.988182,16.512459,2037
8208,r2i1p1f1,2037,06,22,0.0,34.436783,14.617403,2037
8209,r2i1p1f1,2037,06,23,0.0,33.228943,14.076198,2037
8210,r2i1p1f1,2037,06,24,0.0,31.246578,11.744049,2037
8211,r2i1p1f1,2037,06,25,0.0,31.126583,13.475267,2037
8212,r2i1p1f1,2037,06,26,0.0,29.38674,11.423018,2037
8213,r2i1p1f1,2037,06,27,0.0,27.755207,10.699446,2037
8214,r2i1p1f1,2037,06,28,0.0,27.32814,9.175635,2037
8215,r2i1p1f1,2037,06,29,0.0,26.627243,9.054923,2037
8216,r2i1p1f1,2037,06,30,0.0,27.643047,9.729563,2037
8217,r2i1p1f1,2037,07,01,0.0,28.234158,11.068924,2037
8218,r2i1p1f1,2037,07,02,0.0,30.758396,12.02711,2037
8219,r2i1p1f1,2037,07,03,0.015403817451442592,33.338425,15.775258,2037
8220,r2i1p1f1,2037,07,04,0.0012196138413855806,33.789314,15.879852,2037
8221,r2i1p1f1,2037,07,05,0.0,35.06535,18.614704,2037
8222,r2i1p1f1,2037,07,06,0.0,35.46232,15.326672,2037
8223,r2i1p1f1,2037,07,07,0.0,31.99312,13.46487,2037
8224,r2i1p1f1,2037,07,08,0.0,34.03905,14.937703,2037
8225,r2i1p1f1,2037,07,09,0.0,36.596054,19.12471,2037
8226,r2i1p1f1,2037,07,10,0.0,37.75592,20.931171,2037
8227,r2i1p1f1,2037,07,11,0.0,39.042007,19.475767,2037
8228,r2i1p1f1,2037,07,12,0.0,38.036373,16.597029,2037
8229,r2i1p1f1,2037,07,13,0.0,34.936817,14.966481,2037
8230,r2i1p1f1,2037,07,14,0.0,31.736437,13.392565,2037
8231,r2i1p1f1,2037,07,15,0.0,33.40006,15.368319,2037
8232,r2i1p1f1,2037,07,16,0.0,33.62369,12.921446,2037
8233,r2i1p1f1,2037,07,17,0.0,31.980143,12.770963,2037
8234,r2i1p1f1,2037,07,18,0.0,29.78778,11.130485,2037
8235,r2i1p1f1,2037,07,19,0.0,30.364777,13.85793,2037
8236,r2i1p1f1,2037,07,20,0.0,32.006874,12.213843,2037
8237,r2i1p1f1,2037,07,21,0.0,32.025955,11.921024,2037
8238,r2i1p1f1,2037,07,22,0.0,29.792196,9.847462,2037
8239,r2i1p1f1,2037,07,23,0.0,29.193935,9.990537,2037
8240,r2i1p1f1,2037,07,24,0.0,29.265465,11.113905,2037
8241,r2i1p1f1,2037,07,25,0.0010793883802762139,31.076141,13.735541,2037
8242,r2i1p1f1,2037,07,26,0.0,30.178335,10.581656,2037
8243,r2i1p1f1,2037,07,27,0.0,28.584158,10.251827,2037
8244,r2i1p1f1,2037,07,28,0.0,27.984352,9.370243,2037
8245,r2i1p1f1,2037,07,29,0.0,32.376083,11.978901,2037
8246,r2i1p1f1,2037,07,30,0.0,34.65765,15.336582,2037
8247,r2i1p1f1,2037,07,31,0.0,35.83523,19.507181,2037
8248,r2i1p1f1,2037,08,01,0.053036501458336716,36.58049,18.823662,2037
8249,r2i1p1f1,2037,08,02,0.24677416003555663,35.92216,16.96741,2037
8250,r2i1p1f1,2037,08,03,0.0,34.31557,14.730442,2037
8251,r2i1p1f1,2037,08,04,0.2266657845439113,31.042715,16.43966,2037
8252,r2i1p1f1,2037,08,05,0.0,33.52099,15.926412,2037
8253,r2i1p1f1,2037,08,06,0.0,35.357735,17.272745,2037
8254,r2i1p1f1,2037,08,07,0.0,34.878807,17.129309,2037
8255,r2i1p1f1,2037,08,08,2.2352888218279077,31.176903,12.535607,2037
8256,r2i1p1f1,2037,08,09,0.0,28.781277,11.940602,2037
8257,r2i1p1f1,2037,08,10,0.0,31.978577,16.500502,2037
8258,r2i1p1f1,2037,08,11,0.0,35.937138,19.599419,2037
8259,r2i1p1f1,2037,08,12,0.22184612480486976,36.76195,16.48775,2037
8260,r2i1p1f1,2037,08,13,2.962404264712859,33.58292,12.460865,2037
8261,r2i1p1f1,2037,08,14,0.0,24.753744,13.116392,2037
8262,r2i1p1f1,2037,08,15,0.0,27.015535,11.820798,2037
8263,r2i1p1f1,2037,08,16,0.0,30.421366,14.173557,2037
8264,r2i1p1f1,2037,08,17,0.0,33.607445,17.631325,2037
8265,r2i1p1f1,2037,08,18,0.0,34.93149,17.50868,2037
8266,r2i1p1f1,2037,08,19,0.0,34.602444,16.52541,2037
8267,r2i1p1f1,2037,08,20,0.0,36.487198,16.230247,2037
8268,r2i1p1f1,2037,08,21,0.0,35.676083,16.317194,2037
8269,r2i1p1f1,2037,08,22,0.0,36.415264,17.496227,2037
8270,r2i1p1f1,2037,08,23,0.0,36.40659,16.463959,2037
8271,r2i1p1f1,2037,08,24,0.0,35.336887,16.371056,2037
8272,r2i1p1f1,2037,08,25,0.0,36.65656,17.549002,2037
8273,r2i1p1f1,2037,08,26,0.0,37.071056,16.441072,2037
8274,r2i1p1f1,2037,08,27,0.0,36.95867,17.716732,2037
8275,r2i1p1f1,2037,08,28,0.0,34.502514,19.431587,2037
8276,r2i1p1f1,2037,08,29,0.002101883228533552,35.56104,17.538994,2037
8277,r2i1p1f1,2037,08,30,0.0,36.610554,20.415195,2037
8278,r2i1p1f1,2037,08,31,0.0,37.85401,19.969673,2037
8279,r2i1p1f1,2037,09,01,0.0,37.49843,18.47985,2037
8280,r2i1p1f1,2037,09,02,0.0,35.13689,15.990734,2037
8281,r2i1p1f1,2037,09,03,0.0,29.72457,10.206882,2037
8282,r2i1p1f1,2037,09,04,0.0,25.674381,7.319119,2037
8283,r2i1p1f1,2037,09,05,0.0,26.074095,8.753165,2037
8284,r2i1p1f1,2037,09,06,0.0,31.293531,14.818905,2037
8285,r2i1p1f1,2037,09,07,0.0,31.617088,14.517312,2037
8286,r2i1p1f1,2037,09,08,0.0,33.87975,16.135689,2037
8287,r2i1p1f1,2037,09,09,0.0,34.097248,16.295067,2037
8288,r2i1p1f1,2037,09,10,0.0,35.57795,17.675741,2037
8289,r2i1p1f1,2037,09,11,0.0,36.598686,17.5827,2037
8290,r2i1p1f1,2037,09,12,0.0,37.305874,19.879883,2037
8291,r2i1p1f1,2037,09,13,0.0,38.146572,21.600342,2037
8292,r2i1p1f1,2037,09,14,0.0,36.973267,18.216883,2037
8293,r2i1p1f1,2037,09,15,0.0,32.414825,14.89455,2037
8294,r2i1p1f1,2037,09,16,0.04083605217601871,32.624966,15.201569,2037
8295,r2i1p1f1,2037,09,17,0.09505298027718823,31.529442,12.616016,2037
8296,r2i1p1f1,2037,09,18,0.06785475404171848,27.906137,13.155297,2037
8297,r2i1p1f1,2037,09,19,0.0,28.492506,11.50391,2037
8298,r2i1p1f1,2037,09,20,0.0,30.126305,13.259832,2037
8299,r2i1p1f1,2037,09,21,0.0,30.694954,12.440349,2037
8300,r2i1p1f1,2037,09,22,0.0,30.929932,13.982855,2037
8301,r2i1p1f1,2037,09,23,0.0,31.868795,13.928005,2037
8302,r2i1p1f1,2037,09,24,0.0,33.81169,16.515274,2037
8303,r2i1p1f1,2037,09,25,0.0,33.957565,13.476655,2037
8304,r2i1p1f1,2037,09,26,0.0,31.794966,13.33482,2037
8305,r2i1p1f1,2037,09,27,0.0,31.276665,13.810859,2037
8306,r2i1p1f1,2037,09,28,0.0,31.773111,14.140878,2037
8307,r2i1p1f1,2037,09,29,0.0,31.712746,14.792404,2037
8308,r2i1p1f1,2037,09,30,0.016807086649350822,29.788876,12.498333,2037
8309,r2i1p1f1,2037,10,01,6.34712008456404,23.027498,8.722767,2037
8310,r2i1p1f1,2037,10,02,0.0,22.140306,9.043278,2037
8311,r2i1p1f1,2037,10,03,0.0,22.56269,8.113495,2037
8312,r2i1p1f1,2037,10,04,0.0,27.014315,8.959414,2037
8313,r2i1p1f1,2037,10,05,0.0,28.70679,12.804275,2037
8314,r2i1p1f1,2037,10,06,0.0,29.459251,11.385657,2037
8315,r2i1p1f1,2037,10,07,0.0,29.087318,10.877363,2037
8316,r2i1p1f1,2037,10,08,0.0,29.94437,13.837638,2037
8317,r2i1p1f1,2037,10,09,0.0,30.517962,13.783161,2037
8318,r2i1p1f1,2037,10,10,0.0,30.082664,13.334802,2037
8319,r2i1p1f1,2037,10,11,0.0,28.257545,11.888883,2037
8320,r2i1p1f1,2037,10,12,0.0,30.96378,15.346837,2037
8321,r2i1p1f1,2037,10,13,0.0,31.800877,13.9959755,2037
8322,r2i1p1f1,2037,10,14,0.0,32.444427,15.958866,2037
8323,r2i1p1f1,2037,10,15,0.0,31.855015,14.610524,2037
8324,r2i1p1f1,2037,10,16,0.0,28.347742,10.2773285,2037
8325,r2i1p1f1,2037,10,17,0.0,21.303654,5.1850824,2037
8326,r2i1p1f1,2037,10,18,0.0,23.304543,7.7826657,2037
8327,r2i1p1f1,2037,10,19,0.0,25.639378,10.355548,2037
8328,r2i1p1f1,2037,10,20,0.0,26.803452,11.5472145,2037
8329,r2i1p1f1,2037,10,21,0.4245714030162162,23.483116,5.8292923,2037
8330,r2i1p1f1,2037,10,22,0.0,22.199785,8.546376,2037
8331,r2i1p1f1,2037,10,23,0.0,23.487469,10.780764,2037
8332,r2i1p1f1,2037,10,24,0.0,23.803627,8.372915,2037
8333,r2i1p1f1,2037,10,25,0.0,21.83207,6.6877837,2037
8334,r2i1p1f1,2037,10,26,0.0,22.54342,8.068672,2037
8335,r2i1p1f1,2037,10,27,0.0,23.231201,7.3194885,2037
8336,r2i1p1f1,2037,10,28,0.0,24.11416,7.520701,2037
8337,r2i1p1f1,2037,10,29,0.0,24.169367,9.213332,2037
8338,r2i1p1f1,2037,10,30,0.33559687230990676,24.641151,9.948864,2037
8339,r2i1p1f1,2037,10,31,0.0,23.472265,10.053386,2037
8340,r2i1p1f1,2037,11,01,0.0,22.68443,7.179306,2037
8341,r2i1p1f1,2037,11,02,0.0,18.225016,3.6057901,2037
8342,r2i1p1f1,2037,11,03,0.0,19.14245,4.3899927,2037
8343,r2i1p1f1,2037,11,04,0.04850919272030296,19.094437,8.089087,2037
8344,r2i1p1f1,2037,11,05,0.0,19.255915,4.9171557,2037
8345,r2i1p1f1,2037,11,06,0.023168244138105365,21.395887,7.5724072,2037
8346,r2i1p1f1,2037,11,07,0.0,22.031788,8.750714,2037
8347,r2i1p1f1,2037,11,08,0.016436758608051605,20.828959,6.2700553,2037
8348,r2i1p1f1,2037,11,09,0.0,21.602518,9.150499,2037
8349,r2i1p1f1,2037,11,10,8.212746841218177,16.536257,4.390396,2037
8350,r2i1p1f1,2037,11,11,54.276442303307704,13.949772,5.3389573,2037
8351,r2i1p1f1,2037,11,12,30.208931699962704,8.843,3.3908541,2037
8352,r2i1p1f1,2037,11,13,17.668648929429764,7.421316,0.35465696,2037
8353,r2i1p1f1,2037,11,14,52.10102745186305,7.526681,0.6529229,2037
8354,r2i1p1f1,2037,11,15,12.128884203957568,7.3562603,-1.549212,2037
8355,r2i1p1f1,2037,11,16,29.10842636702,6.3629084,-0.1780482,2037
8356,r2i1p1f1,2037,11,17,0.0,9.635631,-0.5273403,2037
8357,r2i1p1f1,2037,11,18,1.1198085887514253,9.88507,1.8173578,2037
8358,r2i1p1f1,2037,11,19,32.96055316604907,10.784328,2.808353,2037
8359,r2i1p1f1,2037,11,20,0.12596651610010667,8.881282,-0.44150004,2037
8360,r2i1p1f1,2037,11,21,0.8320672106265192,9.725222,0.8470616,2037
8361,r2i1p1f1,2037,11,22,14.22541500587613,10.288494,0.43532106,2037
8362,r2i1p1f1,2037,11,23,0.0,8.454027,-2.816895,2037
8363,r2i1p1f1,2037,11,24,0.0,9.386155,-0.24818431,2037
8364,r2i1p1f1,2037,11,25,0.06915545699825998,9.66929,-0.9474513,2037
8365,r2i1p1f1,2037,11,26,0.1063917580040652,10.113111,2.4965317,2037
8366,r2i1p1f1,2037,11,27,0.0,15.2897,2.2004395,2037
8367,r2i1p1f1,2037,11,28,0.0,17.37994,4.596695,2037
8368,r2i1p1f1,2037,11,29,0.0,18.236034,7.592353,2037
8369,r2i1p1f1,2037,11,30,0.0,18.715895,6.583336,2037
8370,r2i1p1f1,2037,12,01,4.057209777579374,16.559416,5.405647,2037
8371,r2i1p1f1,2037,12,02,30.09952007832908,9.948706,4.8566837,2037
8372,r2i1p1f1,2037,12,03,10.032330636522602,7.0673428,0.8136899,2037
8373,r2i1p1f1,2037,12,04,0.3560545023276518,7.7849545,-0.5304705,2037
8374,r2i1p1f1,2037,12,05,0.0,9.213984,-3.7814548,2037
8375,r2i1p1f1,2037,12,06,0.0,7.4720554,-2.731096,2037
8376,r2i1p1f1,2037,12,07,0.025308092142495298,4.8673725,-1.5925647,2037
8377,r2i1p1f1,2037,12,08,0.8993373749603961,9.726251,1.8818929,2037
8378,r2i1p1f1,2037,12,09,0.0,11.903797,2.514837,2037
8379,r2i1p1f1,2037,12,10,0.0,10.208614,1.7830787,2037
8380,r2i1p1f1,2037,12,11,1.309963417918425,9.041815,0.8560384,2037
8381,r2i1p1f1,2037,12,12,14.947939253215736,7.67653,1.0779455,2037
8382,r2i1p1f1,2037,12,13,31.12653388234321,9.1994915,2.2856078,2037
8383,r2i1p1f1,2037,12,14,1.230257520842315,9.695525,-1.6589181,2037
8384,r2i1p1f1,2037,12,15,8.642111707831646,7.7939386,0.823689,2037
8385,r2i1p1f1,2037,12,16,37.585184018098516,8.668467,3.824126,2037
8386,r2i1p1f1,2037,12,17,21.33154804341757,7.6852865,-0.43414253,2037
8387,r2i1p1f1,2037,12,18,0.0,9.894664,0.24485572,2037
8388,r2i1p1f1,2037,12,19,0.0,10.201736,-1.6122371,2037
8389,r2i1p1f1,2037,12,20,0.055607940566915204,8.32234,-2.4992723,2037
8390,r2i1p1f1,2037,12,21,46.508624760281236,6.6243,1.9167044,2037
8391,r2i1p1f1,2037,12,22,43.073706995164684,7.6788874,1.5845951,2037
8392,r2i1p1f1,2037,12,23,4.500029688460927,8.910534,0.14430125,2037
8393,r2i1p1f1,2037,12,24,0.0,10.93051,-1.5579516,2037
8394,r2i1p1f1,2037,12,25,0.0,12.221883,0.38536322,2037
8395,r2i1p1f1,2037,12,26,0.0,13.337671,-0.10954014,2037
8396,r2i1p1f1,2037,12,27,0.0,7.0010476,-0.34145465,2037
8397,r2i1p1f1,2037,12,28,0.0,6.1999216,-2.1983392,2037
8398,r2i1p1f1,2037,12,29,1.1649416553154879,7.387312,-1.8858814,2037
8399,r2i1p1f1,2037,12,30,0.0,8.864721,0.07577017,2037
8400,r2i1p1f1,2037,12,31,0.0,8.14348,-1.5878901,2037
8401,r2i1p1f1,2038,01,01,0.0,8.773257,-2.3099904,2038
8402,r2i1p1f1,2038,01,02,0.0,8.463864,-2.8238099,2038
8403,r2i1p1f1,2038,01,03,0.0,8.7243,-2.6735168,2038
8404,r2i1p1f1,2038,01,04,0.0,8.534351,-1.6390824,2038
8405,r2i1p1f1,2038,01,05,0.0,5.1538367,-6.5026965,2038
8406,r2i1p1f1,2038,01,06,0.0,4.576997,-6.4375963,2038
8407,r2i1p1f1,2038,01,07,0.0,7.002207,-3.7599127,2038
8408,r2i1p1f1,2038,01,08,0.0,8.3949375,-2.990785,2038
8409,r2i1p1f1,2038,01,09,0.0,9.972218,-2.1492324,2038
8410,r2i1p1f1,2038,01,10,0.0,12.958389,0.97659385,2038
8411,r2i1p1f1,2038,01,11,0.0,13.795515,1.3022124,2038
8412,r2i1p1f1,2038,01,12,0.0,10.783428,-0.30983055,2038
8413,r2i1p1f1,2038,01,13,0.0,11.045059,2.9923677,2038
8414,r2i1p1f1,2038,01,14,0.0,11.87635,2.252995,2038
8415,r2i1p1f1,2038,01,15,0.0,15.443244,2.517211,2038
8416,r2i1p1f1,2038,01,16,0.0,15.906489,2.9479,2038
8417,r2i1p1f1,2038,01,17,0.0,17.055046,3.8957286,2038
8418,r2i1p1f1,2038,01,18,0.0,17.99112,4.9824476,2038
8419,r2i1p1f1,2038,01,19,0.0,16.816614,4.78582,2038
8420,r2i1p1f1,2038,01,20,0.0,14.955843,4.7060566,2038
8421,r2i1p1f1,2038,01,21,1.8250198168061615,13.207614,2.3869143,2038
8422,r2i1p1f1,2038,01,22,0.0,11.589336,-0.41517723,2038
8423,r2i1p1f1,2038,01,23,0.5629901120954628,9.182417,0.76730835,2038
8424,r2i1p1f1,2038,01,24,13.338488214503741,6.734637,1.3600936,2038
8425,r2i1p1f1,2038,01,25,3.015216081712424,6.8384457,0.21761662,2038
8426,r2i1p1f1,2038,01,26,1.910610885886399,7.432735,-1.2128247,2038
8427,r2i1p1f1,2038,01,27,1.6727426959732838,8.78017,1.0845587,2038
8428,r2i1p1f1,2038,01,28,8.258429436818915,9.283613,3.846021,2038
8429,r2i1p1f1,2038,01,29,14.519321116222272,9.416942,5.64117,2038
8430,r2i1p1f1,2038,01,30,0.5617403835827872,11.431118,-2.1379697,2038
8431,r2i1p1f1,2038,01,31,0.0,10.890127,-2.3328905,2038
8432,r2i1p1f1,2038,02,01,0.0,10.298889,-1.545265,2038
8433,r2i1p1f1,2038,02,02,0.0,10.401021,0.8941754,2038
8434,r2i1p1f1,2038,02,03,0.0,11.359037,0.20069869,2038
8435,r2i1p1f1,2038,02,04,0.0,13.16993,1.1131371,2038
8436,r2i1p1f1,2038,02,05,0.0,15.94361,1.6936395,2038
8437,r2i1p1f1,2038,02,06,0.0,17.597376,3.6852443,2038
8438,r2i1p1f1,2038,02,07,0.0,18.955864,7.1196966,2038
8439,r2i1p1f1,2038,02,08,0.0,20.283508,7.3532443,2038
8440,r2i1p1f1,2038,02,09,0.0,19.381111,5.162473,2038
8441,r2i1p1f1,2038,02,10,0.0,16.3877,3.7613149,2038
8442,r2i1p1f1,2038,02,11,0.0,16.922268,1.7304552,2038
8443,r2i1p1f1,2038,02,12,0.0,11.830448,-0.2837993,2038
8444,r2i1p1f1,2038,02,13,0.0,12.181255,-0.19722684,2038
8445,r2i1p1f1,2038,02,14,0.0,10.524073,-0.24611886,2038
8446,r2i1p1f1,2038,02,15,0.922780574819626,9.436658,-1.4407272,2038
8447,r2i1p1f1,2038,02,16,0.0,9.258386,-0.19343826,2038
8448,r2i1p1f1,2038,02,17,0.0,17.21789,1.9648228,2038
8449,r2i1p1f1,2038,02,18,0.0,19.559296,5.238985,2038
8450,r2i1p1f1,2038,02,19,0.0,19.606728,4.801129,2038
8451,r2i1p1f1,2038,02,20,19.030430968268774,13.819713,1.3573003,2038
8452,r2i1p1f1,2038,02,21,1.4456322949428113,5.100258,-3.1037989,2038
8453,r2i1p1f1,2038,02,22,41.54533502369304,7.7945547,-0.9662052,2038
8454,r2i1p1f1,2038,02,23,70.59982799110003,8.346785,0.31816256,2038
8455,r2i1p1f1,2038,02,24,3.2627708705661007,6.461861,-4.4092746,2038
8456,r2i1p1f1,2038,02,25,11.46949384610707,7.931673,-1.1937332,2038
8457,r2i1p1f1,2038,02,26,29.319873075064606,7.790428,0.7168867,2038
8458,r2i1p1f1,2038,02,27,29.057824694245937,8.746713,1.8223833,2038
8459,r2i1p1f1,2038,02,28,32.25724953808822,12.10581,4.854076,2038
8460,r2i1p1f1,2038,03,01,0.7552033325886498,16.925268,2.5813541,2038
8461,r2i1p1f1,2038,03,02,0.01885727642729762,14.698297,0.48864332,2038
8462,r2i1p1f1,2038,03,03,0.8154851231751081,14.742306,2.485545,2038
8463,r2i1p1f1,2038,03,04,0.6634964874820071,16.961777,4.660742,2038
8464,r2i1p1f1,2038,03,05,6.562465433557918,15.248066,5.078678,2038
8465,r2i1p1f1,2038,03,06,2.6650781832017856,11.950889,4.979295,2038
8466,r2i1p1f1,2038,03,07,5.129494830418935,12.943735,3.5043867,2038
8467,r2i1p1f1,2038,03,08,2.9919115733264334,14.004094,1.8654618,2038
8468,r2i1p1f1,2038,03,09,0.0,15.538282,3.7584713,2038
8469,r2i1p1f1,2038,03,10,0.24443782913294854,13.604261,2.9709542,2038
8470,r2i1p1f1,2038,03,11,3.1807919018945086,11.597513,2.896868,2038
8471,r2i1p1f1,2038,03,12,0.0,15.403325,3.587266,2038
8472,r2i1p1f1,2038,03,13,0.0,18.653557,1.8592753,2038
8473,r2i1p1f1,2038,03,14,0.0,19.22294,3.6961038,2038
8474,r2i1p1f1,2038,03,15,0.011176271436852403,18.807089,4.31822,2038
8475,r2i1p1f1,2038,03,16,45.97926960486802,13.641255,5.059094,2038
8476,r2i1p1f1,2038,03,17,9.407000573446567,11.36845,5.8485284,2038
8477,r2i1p1f1,2038,03,18,0.0022400855868909275,15.796763,3.3493574,2038
8478,r2i1p1f1,2038,03,19,0.0,16.435452,0.82645404,2038
8479,r2i1p1f1,2038,03,20,0.0,15.468843,1.8845414,2038
8480,r2i1p1f1,2038,03,21,0.0,16.75391,5.302272,2038
8481,r2i1p1f1,2038,03,22,0.0,18.82963,3.0535421,2038
8482,r2i1p1f1,2038,03,23,0.0,23.059387,5.2646594,2038
8483,r2i1p1f1,2038,03,24,0.0007517080291563616,21.062853,7.7955494,2038
8484,r2i1p1f1,2038,03,25,0.07516267247638098,19.187395,4.945876,2038
8485,r2i1p1f1,2038,03,26,0.024708474600743102,15.707212,5.4121113,2038
8486,r2i1p1f1,2038,03,27,0.0,19.1586,2.4577568,2038
8487,r2i1p1f1,2038,03,28,0.0,20.204147,4.717756,2038
8488,r2i1p1f1,2038,03,29,0.0,21.732061,7.1199765,2038
8489,r2i1p1f1,2038,03,30,2.6945779479831344,20.184164,6.6023946,2038
8490,r2i1p1f1,2038,03,31,5.695083379964672,10.971344,-1.8893331,2038
8491,r2i1p1f1,2038,04,01,0.0,13.022164,-1.2574618,2038
8492,r2i1p1f1,2038,04,02,0.0,16.338615,1.4192883,2038
8493,r2i1p1f1,2038,04,03,0.0,18.443174,3.3063421,2038
8494,r2i1p1f1,2038,04,04,0.0,19.544441,3.441736,2038
8495,r2i1p1f1,2038,04,05,0.0,21.692036,5.942832,2038
8496,r2i1p1f1,2038,04,06,0.0,22.96093,7.7811337,2038
8497,r2i1p1f1,2038,04,07,0.0,23.984867,8.693614,2038
8498,r2i1p1f1,2038,04,08,0.0,25.333136,10.361217,2038
8499,r2i1p1f1,2038,04,09,0.0,24.447218,6.999248,2038
8500,r2i1p1f1,2038,04,10,0.0,25.54742,7.9125443,2038
8501,r2i1p1f1,2038,04,11,0.0,26.355324,9.516832,2038
8502,r2i1p1f1,2038,04,12,0.0,26.704659,10.492981,2038
8503,r2i1p1f1,2038,04,13,0.0,26.893623,10.304671,2038
8504,r2i1p1f1,2038,04,14,0.010748325075837784,25.816141,7.803054,2038
8505,r2i1p1f1,2038,04,15,0.0,19.228617,3.6565633,2038
8506,r2i1p1f1,2038,04,16,0.002469508808644605,20.556753,5.4270635,2038
8507,r2i1p1f1,2038,04,17,11.69291900114331,17.23066,1.6350142,2038
8508,r2i1p1f1,2038,04,18,0.0,13.055644,-1.630855,2038
8509,r2i1p1f1,2038,04,19,0.012087590175724472,14.075367,0.55041677,2038
8510,r2i1p1f1,2038,04,20,0.07533841253462015,12.780128,0.1705469,2038
8511,r2i1p1f1,2038,04,21,0.0,19.380932,2.7537565,2038
8512,r2i1p1f1,2038,04,22,0.0,20.535437,4.4007397,2038
8513,r2i1p1f1,2038,04,23,0.01704523037915351,20.987852,5.5628023,2038
8514,r2i1p1f1,2038,04,24,0.0,15.556218,-2.2332423,2038
8515,r2i1p1f1,2038,04,25,0.0,13.542031,-0.6215113,2038
8516,r2i1p1f1,2038,04,26,0.0,16.849998,0.18738577,2038
8517,r2i1p1f1,2038,04,27,0.0,20.866913,4.1856213,2038
8518,r2i1p1f1,2038,04,28,0.0,24.270088,6.781137,2038
8519,r2i1p1f1,2038,04,29,0.0,24.347479,8.192512,2038
8520,r2i1p1f1,2038,04,30,0.0,20.263548,3.9450464,2038
8521,r2i1p1f1,2038,05,01,0.0,18.007162,0.51119614,2038
8522,r2i1p1f1,2038,05,02,0.0,17.442938,1.5419887,2038
8523,r2i1p1f1,2038,05,03,0.0,18.222755,3.3758538,2038
8524,r2i1p1f1,2038,05,04,0.0,17.573044,0.08239894,2038
8525,r2i1p1f1,2038,05,05,0.0,18.35983,1.1922069,2038
8526,r2i1p1f1,2038,05,06,0.0,21.184343,3.7754588,2038
8527,r2i1p1f1,2038,05,07,0.0,23.680311,8.756941,2038
8528,r2i1p1f1,2038,05,08,0.0,24.26901,5.069079,2038
8529,r2i1p1f1,2038,05,09,0.0,24.867626,7.1604824,2038
8530,r2i1p1f1,2038,05,10,1.2148917448712382,19.033915,2.9316688,2038
8531,r2i1p1f1,2038,05,11,2.8741809983330313,15.383386,4.052857,2038
8532,r2i1p1f1,2038,05,12,0.0,19.930351,4.4526057,2038
8533,r2i1p1f1,2038,05,13,0.0,25.485954,8.141019,2038
8534,r2i1p1f1,2038,05,14,0.0,29.501404,12.95014,2038
8535,r2i1p1f1,2038,05,15,0.0,30.888882,13.773154,2038
8536,r2i1p1f1,2038,05,16,0.0,31.254137,12.762699,2038
8537,r2i1p1f1,2038,05,17,0.0,30.44987,11.465842,2038
8538,r2i1p1f1,2038,05,18,0.0,26.674807,7.3676167,2038
8539,r2i1p1f1,2038,05,19,0.1591491782733101,18.468525,3.6794734,2038
8540,r2i1p1f1,2038,05,20,0.0,19.585138,3.3234432,2038
8541,r2i1p1f1,2038,05,21,0.0,27.066233,8.862536,2038
8542,r2i1p1f1,2038,05,22,0.0,28.193972,10.390417,2038
8543,r2i1p1f1,2038,05,23,0.0,25.88541,7.165289,2038
8544,r2i1p1f1,2038,05,24,0.0,24.909502,5.412983,2038
8545,r2i1p1f1,2038,05,25,0.0,23.874107,6.052812,2038
8546,r2i1p1f1,2038,05,26,0.0,24.578165,6.7430353,2038
8547,r2i1p1f1,2038,05,27,0.0,25.593193,10.157425,2038
8548,r2i1p1f1,2038,05,28,0.0,27.72083,9.857025,2038
8549,r2i1p1f1,2038,05,29,0.42236184408466215,28.236471,10.93413,2038
8550,r2i1p1f1,2038,05,30,0.0,28.418736,11.048409,2038
8551,r2i1p1f1,2038,05,31,0.0,29.623922,12.985701,2038
8552,r2i1p1f1,2038,06,01,0.0,29.977726,10.295814,2038
8553,r2i1p1f1,2038,06,02,0.0,28.633244,9.168825,2038
8554,r2i1p1f1,2038,06,03,0.0,23.830692,5.84724,2038
8555,r2i1p1f1,2038,06,04,0.0,25.984077,5.9883175,2038
8556,r2i1p1f1,2038,06,05,0.0,27.88749,11.185147,2038
8557,r2i1p1f1,2038,06,06,0.0,32.108047,13.402172,2038
8558,r2i1p1f1,2038,06,07,0.0,37.592014,18.437296,2038
8559,r2i1p1f1,2038,06,08,0.0,37.91245,18.019928,2038
8560,r2i1p1f1,2038,06,09,0.0,36.87675,16.613718,2038
8561,r2i1p1f1,2038,06,10,0.0,31.432539,11.389827,2038
8562,r2i1p1f1,2038,06,11,0.0,27.43143,9.657878,2038
8563,r2i1p1f1,2038,06,12,0.0,28.572964,9.146054,2038
8564,r2i1p1f1,2038,06,13,0.0,28.278528,7.523512,2038
8565,r2i1p1f1,2038,06,14,0.0,26.51824,9.927593,2038
8566,r2i1p1f1,2038,06,15,0.0,26.46911,7.66424,2038
8567,r2i1p1f1,2038,06,16,0.0,25.290667,7.993189,2038
8568,r2i1p1f1,2038,06,17,0.0,27.711727,9.403348,2038
8569,r2i1p1f1,2038,06,18,0.0,28.832445,8.7993,2038
8570,r2i1p1f1,2038,06,19,0.0,28.363522,8.974923,2038
8571,r2i1p1f1,2038,06,20,0.0,28.378548,11.931209,2038
8572,r2i1p1f1,2038,06,21,0.0,30.37333,12.65898,2038
8573,r2i1p1f1,2038,06,22,0.0,30.959564,10.829069,2038
8574,r2i1p1f1,2038,06,23,0.0,26.622274,9.051545,2038
8575,r2i1p1f1,2038,06,24,0.0,26.095078,10.974284,2038
8576,r2i1p1f1,2038,06,25,0.0,32.07851,15.498762,2038
8577,r2i1p1f1,2038,06,26,0.0,35.675613,16.21842,2038
8578,r2i1p1f1,2038,06,27,0.0,36.396248,17.460197,2038
8579,r2i1p1f1,2038,06,28,0.9246075976534485,33.580036,14.836877,2038
8580,r2i1p1f1,2038,06,29,0.31145152452154434,33.389225,17.240223,2038
8581,r2i1p1f1,2038,06,30,1.2002275550855757,27.282936,11.646564,2038
8582,r2i1p1f1,2038,07,01,0.0,33.429955,16.834845,2038
8583,r2i1p1f1,2038,07,02,0.382908355049949,35.37362,20.85653,2038
8584,r2i1p1f1,2038,07,03,0.0,36.87173,18.232925,2038
8585,r2i1p1f1,2038,07,04,0.0,39.704098,22.625229,2038
8586,r2i1p1f1,2038,07,05,0.0,40.46838,24.000391,2038
8587,r2i1p1f1,2038,07,06,0.0,37.069286,16.660686,2038
8588,r2i1p1f1,2038,07,07,29.34663685518899,29.405117,10.46911,2038
8589,r2i1p1f1,2038,07,08,0.0,28.761007,14.122034,2038
8590,r2i1p1f1,2038,07,09,0.0,33.4859,17.886576,2038
8591,r2i1p1f1,2038,07,10,0.0,35.21251,18.546164,2038
8592,r2i1p1f1,2038,07,11,0.0,36.387115,18.364002,2038
8593,r2i1p1f1,2038,07,12,0.0,36.52406,18.470818,2038
8594,r2i1p1f1,2038,07,13,0.0,36.378994,18.06245,2038
8595,r2i1p1f1,2038,07,14,0.0,36.89377,18.89117,2038
8596,r2i1p1f1,2038,07,15,0.0,37.864822,18.011074,2038
8597,r2i1p1f1,2038,07,16,0.0,37.027897,16.586515,2038
8598,r2i1p1f1,2038,07,17,0.0,35.619858,17.42662,2038
8599,r2i1p1f1,2038,07,18,0.0,35.776917,18.606258,2038
8600,r2i1p1f1,2038,07,19,0.0,35.906887,16.602062,2038
8601,r2i1p1f1,2038,07,20,0.0,35.851185,18.420424,2038
8602,r2i1p1f1,2038,07,21,0.10452593019181222,35.337944,17.199074,2038
8603,r2i1p1f1,2038,07,22,0.0,35.676125,18.399597,2038
8604,r2i1p1f1,2038,07,23,0.0,36.392628,20.599827,2038
8605,r2i1p1f1,2038,07,24,0.0,36.955647,20.107323,2038
8606,r2i1p1f1,2038,07,25,0.0,37.921318,18.91514,2038
8607,r2i1p1f1,2038,07,26,0.0,37.302284,17.85951,2038
8608,r2i1p1f1,2038,07,27,0.0,36.49743,18.459646,2038
8609,r2i1p1f1,2038,07,28,0.0,37.026405,17.544172,2038
8610,r2i1p1f1,2038,07,29,0.0,37.266937,19.84221,2038
8611,r2i1p1f1,2038,07,30,0.0036196992368786596,37.842213,18.701784,2038
8612,r2i1p1f1,2038,07,31,0.0,34.355606,15.35189,2038
8613,r2i1p1f1,2038,08,01,0.0,32.33076,15.857943,2038
8614,r2i1p1f1,2038,08,02,0.003439054489717819,33.23191,16.467628,2038
8615,r2i1p1f1,2038,08,03,0.15538761607558627,34.16179,14.97113,2038
8616,r2i1p1f1,2038,08,04,0.12052862521159113,32.313705,12.382874,2038
8617,r2i1p1f1,2038,08,05,0.17233302169188391,33.028034,12.879938,2038
8618,r2i1p1f1,2038,08,06,0.0,33.806488,15.602029,2038
8619,r2i1p1f1,2038,08,07,0.0,34.33548,16.21645,2038
8620,r2i1p1f1,2038,08,08,0.0,34.613968,15.686735,2038
8621,r2i1p1f1,2038,08,09,0.0008886418299880461,33.934517,13.527298,2038
8622,r2i1p1f1,2038,08,10,0.0035714915611606557,28.041143,9.280135,2038
8623,r2i1p1f1,2038,08,11,0.0,27.109592,13.153299,2038
8624,r2i1p1f1,2038,08,12,0.0,29.205414,11.295408,2038
8625,r2i1p1f1,2038,08,13,0.0,32.768642,15.095278,2038
8626,r2i1p1f1,2038,08,14,0.0,35.21266,16.088646,2038
8627,r2i1p1f1,2038,08,15,0.0,35.572,18.105526,2038
8628,r2i1p1f1,2038,08,16,0.0,35.88584,16.900534,2038
8629,r2i1p1f1,2038,08,17,0.0,35.664993,17.168915,2038
8630,r2i1p1f1,2038,08,18,0.0,34.486717,16.2227,2038
8631,r2i1p1f1,2038,08,19,0.0,33.095413,14.439732,2038
8632,r2i1p1f1,2038,08,20,0.0,33.356956,13.970992,2038
8633,r2i1p1f1,2038,08,21,0.0,33.345753,16.698318,2038
8634,r2i1p1f1,2038,08,22,0.0,33.585846,15.232555,2038
8635,r2i1p1f1,2038,08,23,0.0,33.666306,14.157017,2038
8636,r2i1p1f1,2038,08,24,0.0,35.641254,17.05909,2038
8637,r2i1p1f1,2038,08,25,0.0,38.63221,20.854513,2038
8638,r2i1p1f1,2038,08,26,0.06600349515792914,38.251328,21.045307,2038
8639,r2i1p1f1,2038,08,27,0.026659860213840147,33.89282,15.335334,2038
8640,r2i1p1f1,2038,08,28,0.019314427731842443,31.586647,12.222393,2038
8641,r2i1p1f1,2038,08,29,0.0,29.175972,13.0014925,2038
8642,r2i1p1f1,2038,08,30,0.0,30.83503,11.471691,2038
8643,r2i1p1f1,2038,08,31,0.0,28.643162,11.01207,2038
8644,r2i1p1f1,2038,09,01,0.0,26.723793,10.92638,2038
8645,r2i1p1f1,2038,09,02,0.0,26.237728,9.26374,2038
8646,r2i1p1f1,2038,09,03,0.0,26.592426,9.253589,2038
8647,r2i1p1f1,2038,09,04,0.0,25.839779,8.200921,2038
8648,r2i1p1f1,2038,09,05,0.0,25.628458,9.009182,2038
8649,r2i1p1f1,2038,09,06,0.0,26.570848,8.509365,2038
8650,r2i1p1f1,2038,09,07,0.0,25.981699,8.62697,2038
8651,r2i1p1f1,2038,09,08,0.0,25.71121,9.636582,2038
8652,r2i1p1f1,2038,09,09,0.0,26.18062,8.435664,2038
8653,r2i1p1f1,2038,09,10,0.1114356063339983,26.830904,10.223369,2038
8654,r2i1p1f1,2038,09,11,0.02949080817415961,24.789337,8.914498,2038
8655,r2i1p1f1,2038,09,12,0.0,23.358002,6.494359,2038
8656,r2i1p1f1,2038,09,13,0.0,21.7566,3.5694945,2038
8657,r2i1p1f1,2038,09,14,0.0,20.323158,6.4362774,2038
8658,r2i1p1f1,2038,09,15,0.0,25.763205,6.855205,2038
8659,r2i1p1f1,2038,09,16,0.0,29.381924,11.484415,2038
8660,r2i1p1f1,2038,09,17,0.0,30.081408,11.566571,2038
8661,r2i1p1f1,2038,09,18,0.0,28.873423,10.46391,2038
8662,r2i1p1f1,2038,09,19,0.0,28.882408,10.731789,2038
8663,r2i1p1f1,2038,09,20,0.0,29.611612,13.071404,2038
8664,r2i1p1f1,2038,09,21,4.042706363105708,26.766739,8.450651,2038
8665,r2i1p1f1,2038,09,22,0.0,24.726265,11.116158,2038
8666,r2i1p1f1,2038,09,23,0.0,25.216438,11.847036,2038
8667,r2i1p1f1,2038,09,24,0.1563783614813019,24.438509,10.157198,2038
8668,r2i1p1f1,2038,09,25,3.0783170448998476,19.73005,8.039556,2038
8669,r2i1p1f1,2038,09,26,0.7019673906597745,20.602169,7.554418,2038
8670,r2i1p1f1,2038,09,27,0.06398692985385424,21.12018,7.3789043,2038
8671,r2i1p1f1,2038,09,28,0.0,22.643497,7.798076,2038
8672,r2i1p1f1,2038,09,29,0.0,27.858273,11.150464,2038
8673,r2i1p1f1,2038,09,30,0.0,28.646873,12.729719,2038
8674,r2i1p1f1,2038,10,01,0.0,30.201372,13.55974,2038
8675,r2i1p1f1,2038,10,02,0.0,30.61717,15.290887,2038
8676,r2i1p1f1,2038,10,03,0.0,30.714878,15.6394415,2038
8677,r2i1p1f1,2038,10,04,0.0,31.271973,15.093761,2038
8678,r2i1p1f1,2038,10,05,0.0,30.746935,13.711659,2038
8679,r2i1p1f1,2038,10,06,0.0,30.017979,12.930902,2038
8680,r2i1p1f1,2038,10,07,0.0,29.823784,13.665757,2038
8681,r2i1p1f1,2038,10,08,0.0,30.686768,12.3972225,2038
8682,r2i1p1f1,2038,10,09,0.0,26.31313,10.681497,2038
8683,r2i1p1f1,2038,10,10,0.0,27.449005,11.277556,2038
8684,r2i1p1f1,2038,10,11,0.0,28.79129,11.931286,2038
8685,r2i1p1f1,2038,10,12,0.0,27.680904,13.065842,2038
8686,r2i1p1f1,2038,10,13,0.0,27.98575,12.071038,2038
8687,r2i1p1f1,2038,10,14,0.0,28.601982,10.015591,2038
8688,r2i1p1f1,2038,10,15,0.0,28.640255,10.944775,2038
8689,r2i1p1f1,2038,10,16,0.0,27.596325,11.230925,2038
8690,r2i1p1f1,2038,10,17,0.0,24.305878,10.264311,2038
8691,r2i1p1f1,2038,10,18,21.614893354944797,18.907429,6.85832,2038
8692,r2i1p1f1,2038,10,19,4.584006605000468,16.151455,9.184337,2038
8693,r2i1p1f1,2038,10,20,0.0,21.320702,7.6825767,2038
8694,r2i1p1f1,2038,10,21,0.0,23.848368,9.529187,2038
8695,r2i1p1f1,2038,10,22,0.0,24.035164,9.600883,2038
8696,r2i1p1f1,2038,10,23,0.0,24.455605,11.375109,2038
8697,r2i1p1f1,2038,10,24,0.0,24.054405,12.245518,2038
8698,r2i1p1f1,2038,10,25,0.0,24.226109,12.566011,2038
8699,r2i1p1f1,2038,10,26,0.0009066632628673688,24.48941,8.691511,2038
8700,r2i1p1f1,2038,10,27,0.0,23.552526,9.648202,2038
8701,r2i1p1f1,2038,10,28,3.6248287942740376,18.247633,7.586692,2038
8702,r2i1p1f1,2038,10,29,4.494150334190294,18.21129,8.70615,2038
8703,r2i1p1f1,2038,10,30,0.0,22.897356,10.679496,2038
8704,r2i1p1f1,2038,10,31,0.0,23.412296,9.936884,2038
8705,r2i1p1f1,2038,11,01,0.0,21.766996,5.7568145,2038
8706,r2i1p1f1,2038,11,02,0.0,18.696632,4.8869343,2038
8707,r2i1p1f1,2038,11,03,0.0,19.823696,7.6483283,2038
8708,r2i1p1f1,2038,11,04,0.0,22.212448,8.214097,2038
8709,r2i1p1f1,2038,11,05,0.0,21.526651,6.945425,2038
8710,r2i1p1f1,2038,11,06,44.10004386227229,14.82743,7.2044353,2038
8711,r2i1p1f1,2038,11,07,0.15776303293080218,8.4777775,2.8224752,2038
8712,r2i1p1f1,2038,11,08,0.0,13.402211,0.6154028,2038
8713,r2i1p1f1,2038,11,09,0.0,16.774918,3.1254168,2038
8714,r2i1p1f1,2038,11,10,0.0,17.26893,4.925915,2038
8715,r2i1p1f1,2038,11,11,0.021308838495315285,17.271112,5.8562555,2038
8716,r2i1p1f1,2038,11,12,11.474148487195635,13.41908,4.996374,2038
8717,r2i1p1f1,2038,11,13,28.896187269674556,11.433598,6.874738,2038
8718,r2i1p1f1,2038,11,14,0.0,16.387999,2.5758538,2038
8719,r2i1p1f1,2038,11,15,0.0,17.412098,4.3096848,2038
8720,r2i1p1f1,2038,11,16,0.5089059109820937,15.764291,1.4866142,2038
8721,r2i1p1f1,2038,11,17,6.249982022643508,12.578818,6.8563275,2038
8722,r2i1p1f1,2038,11,18,0.6749079450145246,9.719426,-0.3536426,2038
8723,r2i1p1f1,2038,11,19,0.0,11.474021,-2.7462966,2038
8724,r2i1p1f1,2038,11,20,17.139255595975555,10.803104,1.3386854,2038
8725,r2i1p1f1,2038,11,21,39.50994378992618,8.164294,3.4288025,2038
8726,r2i1p1f1,2038,11,22,5.786318935881241,8.529913,2.6927729,2038
8727,r2i1p1f1,2038,11,23,0.0,7.193945,-3.5785446,2038
8728,r2i1p1f1,2038,11,24,0.7202443095138733,7.5388513,-0.7840613,2038
8729,r2i1p1f1,2038,11,25,10.872443302463353,9.194825,1.8252215,2038
8730,r2i1p1f1,2038,11,26,5.563122141757049,11.994917,4.532238,2038
8731,r2i1p1f1,2038,11,27,0.04286793362098251,10.639871,2.375658,2038
8732,r2i1p1f1,2038,11,28,0.0,12.123517,-1.6724374,2038
8733,r2i1p1f1,2038,11,29,4.637038497094181,11.535949,-2.4750404,2038
8734,r2i1p1f1,2038,11,30,36.88808408769546,7.9908338,2.1297252,2038
8735,r2i1p1f1,2038,12,01,15.53864716913722,11.737692,7.1985235,2038
8736,r2i1p1f1,2038,12,02,39.01043149980978,13.244732,8.418994,2038
8737,r2i1p1f1,2038,12,03,24.74938234936417,11.4857025,0.8086418,2038
8738,r2i1p1f1,2038,12,04,19.780362888923264,7.1607895,0.70512843,2038
8739,r2i1p1f1,2038,12,05,0.011637594252533745,7.3195286,-0.14998558,2038
8740,r2i1p1f1,2038,12,06,0.0,13.549279,0.98534,2038
8741,r2i1p1f1,2038,12,07,0.0,14.183125,2.3425586,2038
8742,r2i1p1f1,2038,12,08,0.020363538288137306,11.735567,3.597641,2038
8743,r2i1p1f1,2038,12,09,42.978383959052735,10.495066,6.221692,2038
8744,r2i1p1f1,2038,12,10,10.698336907353223,8.475165,0.09049352,2038
8745,r2i1p1f1,2038,12,11,0.0,6.674411,-1.5162587,2038
8746,r2i1p1f1,2038,12,12,0.0,9.391636,-0.7072089,2038
8747,r2i1p1f1,2038,12,13,0.037590058758496525,9.275937,-1.7446275,2038
8748,r2i1p1f1,2038,12,14,4.505671711467585,9.137205,1.1328886,2038
8749,r2i1p1f1,2038,12,15,3.508367361814635,11.889659,5.6787443,2038
8750,r2i1p1f1,2038,12,16,0.0,16.316841,4.768083,2038
8751,r2i1p1f1,2038,12,17,0.0,15.718587,6.067981,2038
8752,r2i1p1f1,2038,12,18,0.0,13.862908,4.5814247,2038
8753,r2i1p1f1,2038,12,19,2.3346854668716333,10.978557,4.291563,2038
8754,r2i1p1f1,2038,12,20,24.963835976086557,11.23558,5.96237,2038
8755,r2i1p1f1,2038,12,21,9.866856642224775,13.78206,4.3735833,2038
8756,r2i1p1f1,2038,12,22,0.05016838443339111,13.011264,4.430433,2038
8757,r2i1p1f1,2038,12,23,7.75967038825911,9.726161,5.396649,2038
8758,r2i1p1f1,2038,12,24,32.072140882883104,10.8854475,5.8851976,2038
8759,r2i1p1f1,2038,12,25,0.385010372826855,8.0990095,-1.8125616,2038
8760,r2i1p1f1,2038,12,26,0.0,9.59324,-1.8945512,2038
8761,r2i1p1f1,2038,12,27,0.0,10.62762,0.068353705,2038
8762,r2i1p1f1,2038,12,28,0.0,12.403514,1.5408341,2038
8763,r2i1p1f1,2038,12,29,0.0,12.72755,2.065652,2038
8764,r2i1p1f1,2038,12,30,0.0,13.925953,2.2875032,2038
8765,r2i1p1f1,2038,12,31,0.0,14.259552,3.3619623,2038
8766,r2i1p1f1,2039,01,01,0.0,16.324854,4.8429475,2039
8767,r2i1p1f1,2039,01,02,0.0,16.469868,4.693559,2039
8768,r2i1p1f1,2039,01,03,0.0,16.29484,4.132614,2039
8769,r2i1p1f1,2039,01,04,0.0,17.195353,5.957506,2039
8770,r2i1p1f1,2039,01,05,0.0,14.650362,5.131233,2039
8771,r2i1p1f1,2039,01,06,1.594156795562185,11.558187,6.4975305,2039
8772,r2i1p1f1,2039,01,07,0.0,10.284039,0.4282971,2039
8773,r2i1p1f1,2039,01,08,0.0,11.88786,-0.37404808,2039
8774,r2i1p1f1,2039,01,09,0.0,14.409995,2.6623144,2039
8775,r2i1p1f1,2039,01,10,0.0,14.534451,3.728599,2039
8776,r2i1p1f1,2039,01,11,0.0,15.227651,3.8610086,2039
8777,r2i1p1f1,2039,01,12,0.0,15.397949,3.0756998,2039
8778,r2i1p1f1,2039,01,13,0.0,15.814806,1.2764587,2039
8779,r2i1p1f1,2039,01,14,0.0,15.247866,1.606009,2039
8780,r2i1p1f1,2039,01,15,0.0,14.324083,3.6852078,2039
8781,r2i1p1f1,2039,01,16,0.0,12.20547,0.83108944,2039
8782,r2i1p1f1,2039,01,17,11.059668009693269,11.242942,2.4314272,2039
8783,r2i1p1f1,2039,01,18,10.83266478663063,8.299068,3.8968816,2039
8784,r2i1p1f1,2039,01,19,0.0,10.199741,-1.578689,2039
8785,r2i1p1f1,2039,01,20,0.0,11.580654,-0.42446762,2039
8786,r2i1p1f1,2039,01,21,0.0,13.070786,0.7962939,2039
8787,r2i1p1f1,2039,01,22,0.0,16.853264,3.0130396,2039
8788,r2i1p1f1,2039,01,23,0.0,17.53694,5.2890034,2039
8789,r2i1p1f1,2039,01,24,0.0,17.447123,6.3033957,2039
8790,r2i1p1f1,2039,01,25,0.0,18.69947,4.6429343,2039
8791,r2i1p1f1,2039,01,26,0.0,17.808065,5.5550776,2039
8792,r2i1p1f1,2039,01,27,0.014436095284509065,13.57773,0.05111085,2039
8793,r2i1p1f1,2039,01,28,0.0,12.439704,-0.7002813,2039
8794,r2i1p1f1,2039,01,29,0.0,14.738505,1.6302371,2039
8795,r2i1p1f1,2039,01,30,0.0,15.27269,1.2108035,2039
8796,r2i1p1f1,2039,01,31,3.9749603170548653,10.301781,0.3761353,2039
8797,r2i1p1f1,2039,02,01,33.878338179783896,7.5741816,1.30702,2039
8798,r2i1p1f1,2039,02,02,36.553620887571014,11.213562,-1.1662028,2039
8799,r2i1p1f1,2039,02,03,20.301525792092434,9.894817,1.2192609,2039
8800,r2i1p1f1,2039,02,04,66.09582767341635,10.418749,4.8455763,2039
8801,r2i1p1f1,2039,02,05,2.4219733109816843,11.105015,-0.3184724,2039
8802,r2i1p1f1,2039,02,06,25.53922899387544,10.114532,-0.47905582,2039
8803,r2i1p1f1,2039,02,07,61.162793237599544,10.438952,-3.5249686,2039
8804,r2i1p1f1,2039,02,08,33.82857361684728,7.3244042,1.8460765,2039
8805,r2i1p1f1,2039,02,09,8.553479795705243,7.775944,2.6779594,2039
8806,r2i1p1f1,2039,02,10,0.0,11.106714,0.41144568,2039
8807,r2i1p1f1,2039,02,11,0.0,13.062825,0.37054193,2039
8808,r2i1p1f1,2039,02,12,1.4413482759664475,16.534405,3.6759715,2039
8809,r2i1p1f1,2039,02,13,0.0,18.974209,5.8769207,2039
8810,r2i1p1f1,2039,02,14,0.0,20.620241,6.7953405,2039
8811,r2i1p1f1,2039,02,15,0.0,19.029762,5.4410267,2039
8812,r2i1p1f1,2039,02,16,0.0,18.242857,4.6743026,2039
8813,r2i1p1f1,2039,02,17,0.054982010760795674,18.777737,5.6900635,2039
8814,r2i1p1f1,2039,02,18,1.14989762331561,14.589135,5.803454,2039
8815,r2i1p1f1,2039,02,19,3.9375090977046057,15.307802,4.0998693,2039
8816,r2i1p1f1,2039,02,20,41.69658083991408,9.6044235,1.0641013,2039
8817,r2i1p1f1,2039,02,21,0.01848049309955968,9.362423,-2.2036438,2039
8818,r2i1p1f1,2039,02,22,14.010290234205058,6.8795147,1.7679132,2039
8819,r2i1p1f1,2039,02,23,0.11987651198523963,12.258151,-1.7290092,2039
8820,r2i1p1f1,2039,02,24,0.0,13.149899,-1.2658572,2039
8821,r2i1p1f1,2039,02,25,0.0,13.343397,1.2100139,2039
8822,r2i1p1f1,2039,02,26,0.01969198533515737,14.087148,2.103633,2039
8823,r2i1p1f1,2039,02,27,0.003588354275052552,15.590454,4.8650846,2039
8824,r2i1p1f1,2039,02,28,0.0,17.755165,4.467949,2039
8825,r2i1p1f1,2039,03,01,0.0,19.30687,3.8832905,2039
8826,r2i1p1f1,2039,03,02,0.011370893832918227,18.2784,3.616592,2039
8827,r2i1p1f1,2039,03,03,4.893286710262146,13.769712,4.7523994,2039
8828,r2i1p1f1,2039,03,04,0.0009865068932413124,15.568483,6.834868,2039
8829,r2i1p1f1,2039,03,05,16.84059578842607,14.433292,1.171516,2039
8830,r2i1p1f1,2039,03,06,2.884930295755339,5.3101735,-3.4762433,2039
8831,r2i1p1f1,2039,03,07,1.5200802025105986,6.788381,0.75155437,2039
8832,r2i1p1f1,2039,03,08,0.0,12.486676,-1.9177227,2039
8833,r2i1p1f1,2039,03,09,0.0,13.47633,1.1683568,2039
8834,r2i1p1f1,2039,03,10,0.0,16.206694,2.1472156,2039
8835,r2i1p1f1,2039,03,11,0.0,18.804836,2.9868336,2039
8836,r2i1p1f1,2039,03,12,0.0,20.683588,5.347764,2039
8837,r2i1p1f1,2039,03,13,0.0,22.223082,6.75687,2039
8838,r2i1p1f1,2039,03,14,0.0,23.079933,8.55005,2039
8839,r2i1p1f1,2039,03,15,0.0,21.188602,4.9666843,2039
8840,r2i1p1f1,2039,03,16,0.0,20.152817,4.496738,2039
8841,r2i1p1f1,2039,03,17,0.0,20.82412,6.1898956,2039
8842,r2i1p1f1,2039,03,18,0.4169980515854377,21.670925,3.7015796,2039
8843,r2i1p1f1,2039,03,19,11.780756210691834,11.863148,1.8745092,2039
8844,r2i1p1f1,2039,03,20,11.520216413373419,5.006835,-0.3715133,2039
8845,r2i1p1f1,2039,03,21,57.09062433888903,6.7561684,2.4143174,2039
8846,r2i1p1f1,2039,03,22,10.312845201008258,7.6579623,-4.2880893,2039
8847,r2i1p1f1,2039,03,23,0.0,13.768936,-2.616292,2039
8848,r2i1p1f1,2039,03,24,0.0,14.3751135,0.7350218,2039
8849,r2i1p1f1,2039,03,25,0.0,16.953678,1.8431716,2039
8850,r2i1p1f1,2039,03,26,0.0,19.249151,4.3535776,2039
8851,r2i1p1f1,2039,03,27,0.0,19.185366,3.634118,2039
8852,r2i1p1f1,2039,03,28,0.0,19.85663,4.5719223,2039
8853,r2i1p1f1,2039,03,29,0.0,23.35747,6.5885916,2039
8854,r2i1p1f1,2039,03,30,0.0,23.10829,6.2491207,2039
8855,r2i1p1f1,2039,03,31,0.0,21.661482,5.4980383,2039
8856,r2i1p1f1,2039,04,01,0.0,19.242653,4.1836147,2039
8857,r2i1p1f1,2039,04,02,0.5733455581491853,13.326339,2.3141482,2039
8858,r2i1p1f1,2039,04,03,0.0,12.163774,0.4636774,2039
8859,r2i1p1f1,2039,04,04,0.0,14.41077,0.22100963,2039
8860,r2i1p1f1,2039,04,05,0.0,15.292195,-0.24004385,2039
8861,r2i1p1f1,2039,04,06,0.0,17.23112,0.26078743,2039
8862,r2i1p1f1,2039,04,07,0.0,17.508137,1.5028806,2039
8863,r2i1p1f1,2039,04,08,0.0,19.85691,2.8029056,2039
8864,r2i1p1f1,2039,04,09,0.0,23.84173,7.1508093,2039
8865,r2i1p1f1,2039,04,10,0.0,24.105297,7.5775256,2039
8866,r2i1p1f1,2039,04,11,0.0,23.752045,6.0511785,2039
8867,r2i1p1f1,2039,04,12,0.051136567253706744,21.393358,4.909979,2039
8868,r2i1p1f1,2039,04,13,0.33605350486141106,18.9297,4.045582,2039
8869,r2i1p1f1,2039,04,14,16.985913622556836,16.14309,2.3661723,2039
8870,r2i1p1f1,2039,04,15,3.1551597470297565,8.845621,0.7574054,2039
8871,r2i1p1f1,2039,04,16,0.0,14.6413555,1.2039691,2039
8872,r2i1p1f1,2039,04,17,0.0,19.133873,2.8004346,2039
8873,r2i1p1f1,2039,04,18,0.0,19.552412,4.0330234,2039
8874,r2i1p1f1,2039,04,19,0.0,21.04583,4.7776647,2039
8875,r2i1p1f1,2039,04,20,0.0,20.83593,4.060564,2039
8876,r2i1p1f1,2039,04,21,0.16978151143121067,17.6561,0.6822202,2039
8877,r2i1p1f1,2039,04,22,0.020186665642540902,18.449955,2.9189842,2039
8878,r2i1p1f1,2039,04,23,0.6329518536517753,18.400362,2.8071904,2039
8879,r2i1p1f1,2039,04,24,11.188470374145254,14.10322,6.8664265,2039
8880,r2i1p1f1,2039,04,25,3.3710542387325404,12.777715,4.043385,2039
8881,r2i1p1f1,2039,04,26,0.0,16.053223,0.7082899,2039
8882,r2i1p1f1,2039,04,27,0.0,17.170046,3.381342,2039
8883,r2i1p1f1,2039,04,28,31.009915685899614,15.151768,5.856475,2039
8884,r2i1p1f1,2039,04,29,6.8267595675024495,12.417985,2.5924172,2039
8885,r2i1p1f1,2039,04,30,1.2318712911906005,16.88476,1.0692899,2039
8886,r2i1p1f1,2039,05,01,0.0,21.27725,5.8577266,2039
8887,r2i1p1f1,2039,05,02,0.0,20.875452,5.896256,2039
8888,r2i1p1f1,2039,05,03,0.0,21.42184,6.7364388,2039
8889,r2i1p1f1,2039,05,04,0.0,22.132462,6.3699527,2039
8890,r2i1p1f1,2039,05,05,0.0,23.662886,7.054343,2039
8891,r2i1p1f1,2039,05,06,0.0,25.807407,10.704392,2039
8892,r2i1p1f1,2039,05,07,0.0,26.84294,11.210932,2039
8893,r2i1p1f1,2039,05,08,0.0,27.827934,11.217358,2039
8894,r2i1p1f1,2039,05,09,0.0,29.153517,12.177963,2039
8895,r2i1p1f1,2039,05,10,0.0,29.612984,11.358731,2039
8896,r2i1p1f1,2039,05,11,0.0,28.528114,10.114203,2039
8897,r2i1p1f1,2039,05,12,0.0,20.745352,4.651015,2039
8898,r2i1p1f1,2039,05,13,0.0,20.462276,5.457086,2039
8899,r2i1p1f1,2039,05,14,0.0,25.02087,8.06184,2039
8900,r2i1p1f1,2039,05,15,0.0,29.38102,10.255726,2039
8901,r2i1p1f1,2039,05,16,0.0,30.285458,11.648073,2039
8902,r2i1p1f1,2039,05,17,0.0,30.396938,12.043928,2039
8903,r2i1p1f1,2039,05,18,0.01853721132647479,28.956478,12.316985,2039
8904,r2i1p1f1,2039,05,19,0.0,26.101034,9.062508,2039
8905,r2i1p1f1,2039,05,20,0.0,21.101906,2.983058,2039
8906,r2i1p1f1,2039,05,21,0.0,26.118895,6.7334976,2039
8907,r2i1p1f1,2039,05,22,0.0,26.966383,8.789535,2039
8908,r2i1p1f1,2039,05,23,0.0,26.619474,8.475618,2039
8909,r2i1p1f1,2039,05,24,0.0,30.74003,11.640313,2039
8910,r2i1p1f1,2039,05,25,0.0,31.035265,12.438038,2039
8911,r2i1p1f1,2039,05,26,0.0,27.514212,9.2544365,2039
8912,r2i1p1f1,2039,05,27,0.0,25.095068,8.565151,2039
8913,r2i1p1f1,2039,05,28,0.0,25.342033,9.255447,2039
8914,r2i1p1f1,2039,05,29,0.23200376676868473,24.01257,7.4155784,2039
8915,r2i1p1f1,2039,05,30,0.0,24.827156,8.850559,2039
8916,r2i1p1f1,2039,05,31,0.0,24.882944,5.0765934,2039
8917,r2i1p1f1,2039,06,01,2.9766189148972444,18.706709,-2.4136825,2039
8918,r2i1p1f1,2039,06,02,13.100252064123197,9.067042,5.6664767,2039
8919,r2i1p1f1,2039,06,03,0.005328950192051707,15.3345995,4.615035,2039
8920,r2i1p1f1,2039,06,04,0.0,19.147371,2.8402815,2039
8921,r2i1p1f1,2039,06,05,0.0,23.311113,5.035525,2039
8922,r2i1p1f1,2039,06,06,0.06814942921664624,23.154371,4.9006467,2039
8923,r2i1p1f1,2039,06,07,1.0176005734820137,22.206245,6.9674783,2039
8924,r2i1p1f1,2039,06,08,0.0,26.736834,10.599843,2039
8925,r2i1p1f1,2039,06,09,0.0,30.257442,12.834363,2039
8926,r2i1p1f1,2039,06,10,0.0,32.725975,15.991693,2039
8927,r2i1p1f1,2039,06,11,0.0,34.819714,17.123363,2039
8928,r2i1p1f1,2039,06,12,0.0,34.017937,14.724008,2039
8929,r2i1p1f1,2039,06,13,0.0,31.983744,12.509235,2039
8930,r2i1p1f1,2039,06,14,0.0,22.777323,4.666931,2039
8931,r2i1p1f1,2039,06,15,0.001536855916128843,25.104874,8.033474,2039
8932,r2i1p1f1,2039,06,16,0.0,28.339779,10.79198,2039
8933,r2i1p1f1,2039,06,17,0.0,29.842295,12.634174,2039
8934,r2i1p1f1,2039,06,18,0.0,30.16647,12.844199,2039
8935,r2i1p1f1,2039,06,19,0.0,29.364346,11.117889,2039
8936,r2i1p1f1,2039,06,20,0.0,26.608643,10.756321,2039
8937,r2i1p1f1,2039,06,21,0.0,28.951416,13.418431,2039
8938,r2i1p1f1,2039,06,22,0.0,33.583206,17.721533,2039
8939,r2i1p1f1,2039,06,23,0.0,35.11979,15.166735,2039
8940,r2i1p1f1,2039,06,24,0.0,35.654327,18.602997,2039
8941,r2i1p1f1,2039,06,25,0.0,35.755928,16.31556,2039
8942,r2i1p1f1,2039,06,26,0.0,33.41627,15.023143,2039
8943,r2i1p1f1,2039,06,27,0.0,31.39678,12.563781,2039
8944,r2i1p1f1,2039,06,28,0.0,31.809662,13.887649,2039
8945,r2i1p1f1,2039,06,29,0.0,33.13802,11.853244,2039
8946,r2i1p1f1,2039,06,30,0.0,30.985147,14.681497,2039
8947,r2i1p1f1,2039,07,01,0.0,29.398712,10.416383,2039
8948,r2i1p1f1,2039,07,02,0.0,26.079561,11.643245,2039
8949,r2i1p1f1,2039,07,03,0.0,30.879032,14.531209,2039
8950,r2i1p1f1,2039,07,04,0.0,33.2871,14.209513,2039
8951,r2i1p1f1,2039,07,05,0.0,34.02379,16.8138,2039
8952,r2i1p1f1,2039,07,06,0.0,35.058426,17.363108,2039
8953,r2i1p1f1,2039,07,07,0.0,37.833523,19.07256,2039
8954,r2i1p1f1,2039,07,08,0.0,39.57388,21.17108,2039
8955,r2i1p1f1,2039,07,09,0.0,39.474392,22.830536,2039
8956,r2i1p1f1,2039,07,10,0.0,39.520435,22.28532,2039
8957,r2i1p1f1,2039,07,11,0.0,37.006016,16.074757,2039
8958,r2i1p1f1,2039,07,12,0.0,33.802742,13.07555,2039
8959,r2i1p1f1,2039,07,13,0.0,33.15201,13.6033325,2039
8960,r2i1p1f1,2039,07,14,0.0,33.67023,15.289154,2039
8961,r2i1p1f1,2039,07,15,0.0,33.581482,14.961239,2039
8962,r2i1p1f1,2039,07,16,0.0,32.378223,12.521526,2039
8963,r2i1p1f1,2039,07,17,0.0,32.579357,14.111328,2039
8964,r2i1p1f1,2039,07,18,0.0,32.891888,14.962675,2039
8965,r2i1p1f1,2039,07,19,0.0,31.853472,13.197008,2039
8966,r2i1p1f1,2039,07,20,0.0,30.49745,11.089022,2039
8967,r2i1p1f1,2039,07,21,0.0,29.095642,10.323629,2039
8968,r2i1p1f1,2039,07,22,0.0,27.035408,8.157607,2039
8969,r2i1p1f1,2039,07,23,0.0,28.7044,10.740862,2039
8970,r2i1p1f1,2039,07,24,0.0,30.450369,11.846798,2039
8971,r2i1p1f1,2039,07,25,0.0,31.680311,14.698591,2039
8972,r2i1p1f1,2039,07,26,0.0,33.67256,14.372382,2039
8973,r2i1p1f1,2039,07,27,0.0,33.815254,15.213616,2039
8974,r2i1p1f1,2039,07,28,0.0,34.21767,14.251892,2039
8975,r2i1p1f1,2039,07,29,0.0,35.43581,14.928779,2039
8976,r2i1p1f1,2039,07,30,0.0,36.916428,20.72803,2039
8977,r2i1p1f1,2039,07,31,0.0,37.497185,21.117884,2039
8978,r2i1p1f1,2039,08,01,0.009583118571754312,38.342133,18.575392,2039
8979,r2i1p1f1,2039,08,02,0.10569202972874336,35.617397,14.575649,2039
8980,r2i1p1f1,2039,08,03,0.0,33.31893,14.367776,2039
8981,r2i1p1f1,2039,08,04,1.700186853690866,30.878946,12.210798,2039
8982,r2i1p1f1,2039,08,05,0.9010089043158587,30.365898,10.963933,2039
8983,r2i1p1f1,2039,08,06,0.0,30.90039,13.94505,2039
8984,r2i1p1f1,2039,08,07,0.0,31.309837,12.288609,2039
8985,r2i1p1f1,2039,08,08,0.0,30.31736,11.29249,2039
8986,r2i1p1f1,2039,08,09,0.0,33.768826,14.577547,2039
8987,r2i1p1f1,2039,08,10,0.0,34.595146,16.46926,2039
8988,r2i1p1f1,2039,08,11,0.0,34.50594,14.211129,2039
8989,r2i1p1f1,2039,08,12,0.0,32.71941,13.8045,2039
8990,r2i1p1f1,2039,08,13,0.0,31.928976,14.8365345,2039
8991,r2i1p1f1,2039,08,14,0.0,33.046143,13.673246,2039
8992,r2i1p1f1,2039,08,15,0.0,33.178257,15.195251,2039
8993,r2i1p1f1,2039,08,16,0.0,32.36621,13.49641,2039
8994,r2i1p1f1,2039,08,17,0.0,31.546902,11.667716,2039
8995,r2i1p1f1,2039,08,18,0.0,31.322056,10.74136,2039
8996,r2i1p1f1,2039,08,19,0.0,29.363451,11.103428,2039
8997,r2i1p1f1,2039,08,20,0.0,28.599976,10.317242,2039
8998,r2i1p1f1,2039,08,21,0.0,29.507473,12.901981,2039
8999,r2i1p1f1,2039,08,22,0.0,31.318678,14.454893,2039
9000,r2i1p1f1,2039,08,23,0.0,31.637367,14.927214,2039
9001,r2i1p1f1,2039,08,24,0.0,32.288383,13.664197,2039
9002,r2i1p1f1,2039,08,25,0.0,32.97272,12.65501,2039
9003,r2i1p1f1,2039,08,26,0.0,31.882042,11.032439,2039
9004,r2i1p1f1,2039,08,27,0.0,30.80189,15.998322,2039
9005,r2i1p1f1,2039,08,28,0.0,31.386396,16.374691,2039
9006,r2i1p1f1,2039,08,29,0.0,31.281364,14.755779,2039
9007,r2i1p1f1,2039,08,30,0.0,35.035576,17.483826,2039
9008,r2i1p1f1,2039,08,31,0.0,36.379665,18.741442,2039
9009,r2i1p1f1,2039,09,01,0.0,37.38394,19.58654,2039
9010,r2i1p1f1,2039,09,02,0.0,37.106865,18.284094,2039
9011,r2i1p1f1,2039,09,03,0.0,36.835754,19.958067,2039
9012,r2i1p1f1,2039,09,04,0.0,38.576767,21.176418,2039
9013,r2i1p1f1,2039,09,05,0.0,37.742325,18.536366,2039
9014,r2i1p1f1,2039,09,06,0.0,35.255936,16.369148,2039
9015,r2i1p1f1,2039,09,07,0.0,35.908268,18.824175,2039
9016,r2i1p1f1,2039,09,08,0.0,36.571243,18.029024,2039
9017,r2i1p1f1,2039,09,09,0.0,37.01245,17.406137,2039
9018,r2i1p1f1,2039,09,10,0.0,32.906834,14.308323,2039
9019,r2i1p1f1,2039,09,11,0.0,33.596363,15.804857,2039
9020,r2i1p1f1,2039,09,12,0.0,32.664455,15.42974,2039
9021,r2i1p1f1,2039,09,13,0.0,33.276386,15.52869,2039
9022,r2i1p1f1,2039,09,14,0.0,32.61949,14.103836,2039
9023,r2i1p1f1,2039,09,15,0.0,29.456888,11.961711,2039
9024,r2i1p1f1,2039,09,16,0.0,26.820446,7.4146805,2039
9025,r2i1p1f1,2039,09,17,0.0,22.86925,6.5134144,2039
9026,r2i1p1f1,2039,09,18,0.0,24.463522,9.323626,2039
9027,r2i1p1f1,2039,09,19,0.0,24.750582,7.8219104,2039
9028,r2i1p1f1,2039,09,20,0.0,23.428097,6.76462,2039
9029,r2i1p1f1,2039,09,21,0.0,24.555532,8.002499,2039
9030,r2i1p1f1,2039,09,22,0.0,26.579277,10.484511,2039
9031,r2i1p1f1,2039,09,23,0.0,27.179436,10.204919,2039
9032,r2i1p1f1,2039,09,24,0.0,27.11268,9.246918,2039
9033,r2i1p1f1,2039,09,25,0.0,26.721788,8.75773,2039
9034,r2i1p1f1,2039,09,26,0.0,24.48333,10.633535,2039
9035,r2i1p1f1,2039,09,27,0.0,25.543966,9.189425,2039
9036,r2i1p1f1,2039,09,28,0.0,29.447994,12.044406,2039
9037,r2i1p1f1,2039,09,29,0.0,30.51096,13.666853,2039
9038,r2i1p1f1,2039,09,30,0.0,32.95153,13.910287,2039
9039,r2i1p1f1,2039,10,01,0.0872389173935062,29.848045,10.430385,2039
9040,r2i1p1f1,2039,10,02,0.4279982410253069,14.981393,-0.7273846,2039
9041,r2i1p1f1,2039,10,03,0.0,12.852489,-1.9719015,2039
9042,r2i1p1f1,2039,10,04,0.0,18.10066,1.9637733,2039
9043,r2i1p1f1,2039,10,05,0.0,23.099464,6.3892074,2039
9044,r2i1p1f1,2039,10,06,0.0,26.158691,8.911338,2039
9045,r2i1p1f1,2039,10,07,0.0,28.024857,10.847958,2039
9046,r2i1p1f1,2039,10,08,0.0,29.583496,10.515126,2039
9047,r2i1p1f1,2039,10,09,9.577108819757996,26.715105,8.519368,2039
9048,r2i1p1f1,2039,10,10,25.180097771954024,14.3315935,10.132482,2039
9049,r2i1p1f1,2039,10,11,0.1602155845176867,15.997587,8.230743,2039
9050,r2i1p1f1,2039,10,12,0.0,18.123508,8.331571,2039
9051,r2i1p1f1,2039,10,13,0.0,17.22084,3.12074,2039
9052,r2i1p1f1,2039,10,14,0.0,20.948353,4.1575437,2039
9053,r2i1p1f1,2039,10,15,0.0,21.574926,5.3208404,2039
9054,r2i1p1f1,2039,10,16,0.0,19.492828,7.1626534,2039
9055,r2i1p1f1,2039,10,17,1.7348911878514173,18.739529,7.102918,2039
9056,r2i1p1f1,2039,10,18,0.45975261979549487,19.439949,5.5041656,2039
9057,r2i1p1f1,2039,10,19,0.0,22.378925,8.532068,2039
9058,r2i1p1f1,2039,10,20,0.022853120015042805,23.237032,9.500858,2039
9059,r2i1p1f1,2039,10,21,0.023571104611619376,23.159615,10.839456,2039
9060,r2i1p1f1,2039,10,22,0.0,23.514154,7.6224155,2039
9061,r2i1p1f1,2039,10,23,0.0,23.087894,6.6750083,2039
9062,r2i1p1f1,2039,10,24,0.494921764720857,19.607626,10.766025,2039
9063,r2i1p1f1,2039,10,25,0.0,16.823326,4.46709,2039
9064,r2i1p1f1,2039,10,26,0.0,16.76984,3.7170126,2039
9065,r2i1p1f1,2039,10,27,0.0,19.399853,3.024353,2039
9066,r2i1p1f1,2039,10,28,0.0,21.172493,6.7411327,2039
9067,r2i1p1f1,2039,10,29,0.0,17.605398,4.516812,2039
9068,r2i1p1f1,2039,10,30,0.0,18.647778,7.9563446,2039
9069,r2i1p1f1,2039,10,31,0.18073581255180216,17.326708,9.156819,2039
9070,r2i1p1f1,2039,11,01,0.0,19.930458,3.9044092,2039
9071,r2i1p1f1,2039,11,02,0.0,23.818771,8.159522,2039
9072,r2i1p1f1,2039,11,03,0.0,23.661762,8.823294,2039
9073,r2i1p1f1,2039,11,04,7.806968605382281,19.699154,8.23106,2039
9074,r2i1p1f1,2039,11,05,15.854449017570005,16.166533,8.074648,2039
9075,r2i1p1f1,2039,11,06,26.75584742846695,14.154054,8.781796,2039
9076,r2i1p1f1,2039,11,07,2.8628934256857974,16.250423,7.4623175,2039
9077,r2i1p1f1,2039,11,08,0.0,19.590616,6.1314907,2039
9078,r2i1p1f1,2039,11,09,0.0,20.073229,7.0959854,2039
9079,r2i1p1f1,2039,11,10,0.0,20.688032,6.2127066,2039
9080,r2i1p1f1,2039,11,11,0.9133744094413032,14.455619,3.5773637,2039
9081,r2i1p1f1,2039,11,12,0.0,8.924189,-3.0214033,2039
9082,r2i1p1f1,2039,11,13,0.0,10.087625,-3.2093723,2039
9083,r2i1p1f1,2039,11,14,0.0,14.699639,-0.42033878,2039
9084,r2i1p1f1,2039,11,15,0.0,18.75045,4.8570805,2039
9085,r2i1p1f1,2039,11,16,0.0,19.670849,7.84255,2039
9086,r2i1p1f1,2039,11,17,0.09845079948718194,19.16909,6.1329174,2039
9087,r2i1p1f1,2039,11,18,0.038229464189498685,19.554237,8.379024,2039
9088,r2i1p1f1,2039,11,19,0.0,18.36758,4.4131947,2039
9089,r2i1p1f1,2039,11,20,0.0,18.201694,3.7204823,2039
9090,r2i1p1f1,2039,11,21,4.766296651234825,15.862956,2.5144284,2039
9091,r2i1p1f1,2039,11,22,22.04598424245887,9.717437,1.850959,2039
9092,r2i1p1f1,2039,11,23,0.0,2.2850127,-7.9783325,2039
9093,r2i1p1f1,2039,11,24,0.0,4.204525,-7.342418,2039
9094,r2i1p1f1,2039,11,25,0.0,4.9176526,-7.4041595,2039
9095,r2i1p1f1,2039,11,26,0.0,7.90773,-4.247305,2039
9096,r2i1p1f1,2039,11,27,0.0,13.782881,-1.4240451,2039
9097,r2i1p1f1,2039,11,28,0.0,17.888145,2.2210002,2039
9098,r2i1p1f1,2039,11,29,0.0,17.89016,2.558222,2039
9099,r2i1p1f1,2039,11,30,0.0,17.935692,1.0956756,2039
9100,r2i1p1f1,2039,12,01,0.0,17.769325,3.6354256,2039
9101,r2i1p1f1,2039,12,02,0.0,16.200447,4.480388,2039
9102,r2i1p1f1,2039,12,03,75.6332380726235,14.525284,6.4738436,2039
9103,r2i1p1f1,2039,12,04,25.706939522569883,11.699739,6.888567,2039
9104,r2i1p1f1,2039,12,05,12.187081700358249,8.677018,0.028434064,2039
9105,r2i1p1f1,2039,12,06,5.33578588203909,6.3384576,-0.1459623,2039
9106,r2i1p1f1,2039,12,07,0.0,9.8406515,-0.19538869,2039
9107,r2i1p1f1,2039,12,08,0.0,15.898134,2.5988584,2039
9108,r2i1p1f1,2039,12,09,0.0,17.623745,3.8157055,2039
9109,r2i1p1f1,2039,12,10,0.0,17.199669,3.6975698,2039
9110,r2i1p1f1,2039,12,11,0.25257699218528273,11.219135,4.9251013,2039
9111,r2i1p1f1,2039,12,12,0.0,13.228803,1.8326422,2039
9112,r2i1p1f1,2039,12,13,0.0,17.495476,3.730916,2039
9113,r2i1p1f1,2039,12,14,0.0,18.458193,6.1345806,2039
9114,r2i1p1f1,2039,12,15,0.0,19.74351,4.9940286,2039
9115,r2i1p1f1,2039,12,16,0.0,16.153105,4.7137885,2039
9116,r2i1p1f1,2039,12,17,0.0,15.621016,3.3147488,2039
9117,r2i1p1f1,2039,12,18,0.0,14.721542,1.848718,2039
9118,r2i1p1f1,2039,12,19,0.0,14.028096,1.8047795,2039
9119,r2i1p1f1,2039,12,20,0.0,15.434136,1.584994,2039
9120,r2i1p1f1,2039,12,21,0.0,15.408349,2.8747225,2039
9121,r2i1p1f1,2039,12,22,0.0,16.64267,1.3880458,2039
9122,r2i1p1f1,2039,12,23,0.0,16.28899,4.0374565,2039
9123,r2i1p1f1,2039,12,24,0.0,14.672916,3.9464984,2039
9124,r2i1p1f1,2039,12,25,0.0,18.615564,5.110962,2039
9125,r2i1p1f1,2039,12,26,0.0,19.837639,8.043482,2039
9126,r2i1p1f1,2039,12,27,0.0,18.981709,4.526018,2039
9127,r2i1p1f1,2039,12,28,0.0,17.512897,2.0407643,2039
9128,r2i1p1f1,2039,12,29,0.0,12.295284,0.38723925,2039
9129,r2i1p1f1,2039,12,30,0.0,14.392207,1.0130274,2039
9130,r2i1p1f1,2039,12,31,0.0,15.013599,2.442809,2039
9131,r2i1p1f1,2040,01,01,0.01282900813635024,14.749817,3.3778088,2040
9132,r2i1p1f1,2040,01,02,15.184778022194223,11.691328,-0.60235095,2040
9133,r2i1p1f1,2040,01,03,0.10218079744248598,7.6353693,1.215293,2040
9134,r2i1p1f1,2040,01,04,4.372791611660887,8.023571,1.0349851,2040
9135,r2i1p1f1,2040,01,05,6.256301669282038,10.1908455,4.5836015,2040
9136,r2i1p1f1,2040,01,06,3.409605149181516,11.482356,2.5060525,2040
9137,r2i1p1f1,2040,01,07,14.507550925145551,9.070266,3.7341843,2040
9138,r2i1p1f1,2040,01,08,76.23914588912157,12.6944895,6.453816,2040
9139,r2i1p1f1,2040,01,09,63.23752020653046,13.690021,9.056044,2040
9140,r2i1p1f1,2040,01,10,2.2339300924386407,12.519709,-1.8469453,2040
9141,r2i1p1f1,2040,01,11,0.0,8.074179,-3.7153828,2040
9142,r2i1p1f1,2040,01,12,0.0,8.12435,-1.303248,2040
9143,r2i1p1f1,2040,01,13,0.0,9.585804,-0.8129911,2040
9144,r2i1p1f1,2040,01,14,5.871372509136563,8.134377,1.222138,2040
9145,r2i1p1f1,2040,01,15,0.0,11.381176,0.49516207,2040
9146,r2i1p1f1,2040,01,16,0.00010970300081680762,11.91531,-1.3607235,2040
9147,r2i1p1f1,2040,01,17,1.051376194391196,7.072453,1.3906369,2040
9148,r2i1p1f1,2040,01,18,4.035535869070372,10.988765,6.2085967,2040
9149,r2i1p1f1,2040,01,19,0.017174072570469434,13.292996,5.0741625,2040
9150,r2i1p1f1,2040,01,20,0.0,17.44115,5.3065834,2040
9151,r2i1p1f1,2040,01,21,0.0,18.517263,5.51642,2040
9152,r2i1p1f1,2040,01,22,0.0,18.887167,5.4886837,2040
9153,r2i1p1f1,2040,01,23,1.9825739614191207,13.518955,7.221155,2040
9154,r2i1p1f1,2040,01,24,2.6336080399616435,11.005796,1.7258,2040
9155,r2i1p1f1,2040,01,25,0.0,10.306984,-1.3264067,2040
9156,r2i1p1f1,2040,01,26,0.0,16.550749,2.106351,2040
9157,r2i1p1f1,2040,01,27,0.0,18.40388,5.3048844,2040
9158,r2i1p1f1,2040,01,28,0.0,19.17584,5.87108,2040
9159,r2i1p1f1,2040,01,29,0.0,19.201866,6.6683464,2040
9160,r2i1p1f1,2040,01,30,0.0,18.099417,6.197515,2040
9161,r2i1p1f1,2040,01,31,1.0075004800569332,17.367851,4.4242983,2040
9162,r2i1p1f1,2040,02,01,0.006479059993580449,12.670839,5.9679813,2040
9163,r2i1p1f1,2040,02,02,2.5199179545325023,16.648323,5.289053,2040
9164,r2i1p1f1,2040,02,03,37.43576129381836,11.896651,6.8439937,2040
9165,r2i1p1f1,2040,02,04,18.957163471350214,12.116692,5.492202,2040
9166,r2i1p1f1,2040,02,05,7.798085918830111,10.108677,-2.199043,2040
9167,r2i1p1f1,2040,02,06,0.0,9.906833,-2.2787406,2040
9168,r2i1p1f1,2040,02,07,4.7049295797762625,8.441385,-0.50830626,2040
9169,r2i1p1f1,2040,02,08,27.893254306218296,10.329438,3.6416728,2040
9170,r2i1p1f1,2040,02,09,15.026050362212118,12.526119,4.316641,2040
9171,r2i1p1f1,2040,02,10,6.467090867499792,12.851395,1.3843102,2040
9172,r2i1p1f1,2040,02,11,6.066560451438363,11.286913,2.6610596,2040
9173,r2i1p1f1,2040,02,12,14.544393534561095,10.215942,-0.27360523,2040
9174,r2i1p1f1,2040,02,13,20.474855590146035,12.1153,4.450834,2040
9175,r2i1p1f1,2040,02,14,0.0,11.03129,1.6283727,2040
9176,r2i1p1f1,2040,02,15,0.6017447325916692,8.861245,1.3903213,2040
9177,r2i1p1f1,2040,02,16,0.0,14.17198,1.3264397,2040
9178,r2i1p1f1,2040,02,17,0.0,15.514016,2.0621214,2040
9179,r2i1p1f1,2040,02,18,0.0,19.030617,5.797974,2040
9180,r2i1p1f1,2040,02,19,0.0,20.63082,4.8592834,2040
9181,r2i1p1f1,2040,02,20,0.0,10.987212,-2.436372,2040
9182,r2i1p1f1,2040,02,21,1.6613969825868935,8.378516,-1.7424016,2040
9183,r2i1p1f1,2040,02,22,4.827744207534579,8.860958,1.9444351,2040
9184,r2i1p1f1,2040,02,23,0.008617131106802844,11.126316,-0.23511145,2040
9185,r2i1p1f1,2040,02,24,0.0,8.971847,-0.55751777,2040
9186,r2i1p1f1,2040,02,25,11.227395905189042,8.135342,1.84125,2040
9187,r2i1p1f1,2040,02,26,3.8920233348108013,11.910537,2.25448,2040
9188,r2i1p1f1,2040,02,27,10.322688948508585,15.193778,3.5667915,2040
9189,r2i1p1f1,2040,02,28,33.821836389324744,11.357562,5.2509136,2040
9190,r2i1p1f1,2040,02,29,23.126047480400302,11.603252,0.56104255,2040
9191,r2i1p1f1,2040,03,01,13.12861929823157,8.2462225,-4.935095,2040
9192,r2i1p1f1,2040,03,02,4.999630558050683,8.452491,1.8502473,2040
9193,r2i1p1f1,2040,03,03,0.0,13.565739,2.7585568,2040
9194,r2i1p1f1,2040,03,04,0.31539277370029595,11.902311,-0.9741938,2040
9195,r2i1p1f1,2040,03,05,0.3622702223537999,13.901768,5.523264,2040
9196,r2i1p1f1,2040,03,06,0.0,15.423669,1.3126911,2040
9197,r2i1p1f1,2040,03,07,0.0,16.859629,4.1257324,2040
9198,r2i1p1f1,2040,03,08,0.0,16.212702,2.1421385,2040
9199,r2i1p1f1,2040,03,09,0.0,16.412136,4.791965,2040
9200,r2i1p1f1,2040,03,10,0.0,17.235075,2.6107228,2040
9201,r2i1p1f1,2040,03,11,0.0,17.56522,4.127991,2040
9202,r2i1p1f1,2040,03,12,0.0,18.771095,6.4909863,2040
9203,r2i1p1f1,2040,03,13,0.0,19.230309,3.569634,2040
9204,r2i1p1f1,2040,03,14,0.0,19.857315,6.3393774,2040
9205,r2i1p1f1,2040,03,15,0.7647410259096432,16.075617,5.560892,2040
9206,r2i1p1f1,2040,03,16,14.11767815152416,13.752535,4.5632806,2040
9207,r2i1p1f1,2040,03,17,5.288320920993783,13.332165,8.320181,2040
9208,r2i1p1f1,2040,03,18,0.01688001220827573,18.80903,3.588935,2040
9209,r2i1p1f1,2040,03,19,0.0,21.906624,4.9537177,2040
9210,r2i1p1f1,2040,03,20,0.0,21.96502,7.1264386,2040
9211,r2i1p1f1,2040,03,21,0.0,23.627409,9.037688,2040
9212,r2i1p1f1,2040,03,22,0.0,24.37011,9.548391,2040
9213,r2i1p1f1,2040,03,23,0.0,24.727997,10.1321535,2040
9214,r2i1p1f1,2040,03,24,0.0,22.754545,9.692439,2040
9215,r2i1p1f1,2040,03,25,0.0,23.767303,10.612441,2040
9216,r2i1p1f1,2040,03,26,0.0,20.044987,6.4616146,2040
9217,r2i1p1f1,2040,03,27,0.0,16.788353,4.3377967,2040
9218,r2i1p1f1,2040,03,28,0.0,16.855639,3.5777447,2040
9219,r2i1p1f1,2040,03,29,0.0,21.106586,4.717839,2040
9220,r2i1p1f1,2040,03,30,0.0,23.333313,8.931172,2040
9221,r2i1p1f1,2040,03,31,0.3281794147881101,22.468424,7.394796,2040
9222,r2i1p1f1,2040,04,01,0.0,15.654324,3.2624943,2040
9223,r2i1p1f1,2040,04,02,0.011983997674747116,16.08227,0.997783,2040
9224,r2i1p1f1,2040,04,03,0.24530431695097832,12.40686,-1.512079,2040
9225,r2i1p1f1,2040,04,04,0.0,11.704201,-4.128107,2040
9226,r2i1p1f1,2040,04,05,0.0,16.60424,1.1528422,2040
9227,r2i1p1f1,2040,04,06,0.0,20.149504,2.9840882,2040
9228,r2i1p1f1,2040,04,07,0.0,24.989464,9.049101,2040
9229,r2i1p1f1,2040,04,08,0.0,28.372643,11.854664,2040
9230,r2i1p1f1,2040,04,09,0.0,28.25269,11.893675,2040
9231,r2i1p1f1,2040,04,10,0.0,22.20995,3.8740246,2040
9232,r2i1p1f1,2040,04,11,0.0,19.410606,1.9699808,2040
9233,r2i1p1f1,2040,04,12,0.09189675909624384,11.125167,0.1939232,2040
9234,r2i1p1f1,2040,04,13,0.06050883764601167,10.203138,3.4303405,2040
9235,r2i1p1f1,2040,04,14,0.0,11.666954,-0.91206676,2040
9236,r2i1p1f1,2040,04,15,0.0,15.950634,-0.7277204,2040
9237,r2i1p1f1,2040,04,16,0.0,20.914545,3.1841989,2040
9238,r2i1p1f1,2040,04,17,0.0,26.010155,8.091255,2040
9239,r2i1p1f1,2040,04,18,0.0,26.390638,10.420483,2040
9240,r2i1p1f1,2040,04,19,1.2974656180631428,21.825813,3.665379,2040
9241,r2i1p1f1,2040,04,20,0.9398463451589123,18.668999,3.2216856,2040
9242,r2i1p1f1,2040,04,21,13.334984272910333,9.676273,-1.0367904,2040
9243,r2i1p1f1,2040,04,22,0.0,11.407914,-3.0663671,2040
9244,r2i1p1f1,2040,04,23,0.06132896983217506,12.415309,0.5068624,2040
9245,r2i1p1f1,2040,04,24,0.005088710440759314,16.652597,-1.7083776,2040
9246,r2i1p1f1,2040,04,25,0.0,19.528429,3.5376234,2040
9247,r2i1p1f1,2040,04,26,0.0,22.493134,5.978026,2040
9248,r2i1p1f1,2040,04,27,0.0,25.922506,9.46112,2040
9249,r2i1p1f1,2040,04,28,0.0,27.215544,10.135542,2040
9250,r2i1p1f1,2040,04,29,0.0,28.85873,12.670877,2040
9251,r2i1p1f1,2040,04,30,0.015040947346278699,29.107801,12.505357,2040
9252,r2i1p1f1,2040,05,01,0.0,27.024008,10.7824955,2040
9253,r2i1p1f1,2040,05,02,0.0,27.746908,12.685604,2040
9254,r2i1p1f1,2040,05,03,0.0,28.952335,11.730802,2040
9255,r2i1p1f1,2040,05,04,0.0,27.179583,10.510143,2040
9256,r2i1p1f1,2040,05,05,0.0,29.982187,14.394577,2040
9257,r2i1p1f1,2040,05,06,0.0,31.358181,14.422331,2040
9258,r2i1p1f1,2040,05,07,0.0,30.2081,11.607707,2040
9259,r2i1p1f1,2040,05,08,0.0,26.1016,9.274698,2040
9260,r2i1p1f1,2040,05,09,0.9217789788294795,21.513744,5.2889395,2040
9261,r2i1p1f1,2040,05,10,0.01712392340778024,20.612865,5.308136,2040
9262,r2i1p1f1,2040,05,11,0.001185327897701427,19.197016,4.992491,2040
9263,r2i1p1f1,2040,05,12,0.0,22.44514,6.243377,2040
9264,r2i1p1f1,2040,05,13,0.0,23.753185,8.65507,2040
9265,r2i1p1f1,2040,05,14,0.0,27.356028,11.022633,2040
9266,r2i1p1f1,2040,05,15,0.0,30.113546,12.714282,2040
9267,r2i1p1f1,2040,05,16,0.0,31.724663,12.896624,2040
9268,r2i1p1f1,2040,05,17,0.0,31.547777,14.750471,2040
9269,r2i1p1f1,2040,05,18,0.0,28.82574,9.779874,2040
9270,r2i1p1f1,2040,05,19,0.0,26.303337,9.94892,2040
9271,r2i1p1f1,2040,05,20,0.0,31.19819,13.815132,2040
9272,r2i1p1f1,2040,05,21,0.0,35.51822,16.651226,2040
9273,r2i1p1f1,2040,05,22,0.45268009507708484,35.02963,17.710466,2040
9274,r2i1p1f1,2040,05,23,1.937387575185312,26.64454,10.122122,2040
9275,r2i1p1f1,2040,05,24,0.4594283682962441,29.079952,12.616003,2040
9276,r2i1p1f1,2040,05,25,0.023260595753527014,30.64601,13.461884,2040
9277,r2i1p1f1,2040,05,26,0.006372237658069935,27.501835,7.6070642,2040
9278,r2i1p1f1,2040,05,27,0.6869357246273466,22.196955,8.517806,2040
9279,r2i1p1f1,2040,05,28,11.643305061716092,19.234285,8.314152,2040
9280,r2i1p1f1,2040,05,29,3.4759995027059176,16.521797,9.201715,2040
9281,r2i1p1f1,2040,05,30,0.0,24.39159,8.484031,2040
9282,r2i1p1f1,2040,05,31,0.015154628553659677,27.42724,11.49674,2040
9283,r2i1p1f1,2040,06,01,0.2365505489365205,20.863356,4.456053,2040
9284,r2i1p1f1,2040,06,02,4.033778900014795,17.402641,0.40613705,2040
9285,r2i1p1f1,2040,06,03,16.1719242803656,16.62985,3.5437555,2040
9286,r2i1p1f1,2040,06,04,0.9520399037910465,19.719028,8.081499,2040
9287,r2i1p1f1,2040,06,05,0.0,24.546946,10.635585,2040
9288,r2i1p1f1,2040,06,06,0.0,24.94285,8.890583,2040
9289,r2i1p1f1,2040,06,07,0.9171279601105198,20.392363,4.6033306,2040
9290,r2i1p1f1,2040,06,08,2.3599982543601072,16.821964,5.8298287,2040
9291,r2i1p1f1,2040,06,09,0.0,23.403616,8.931277,2040
9292,r2i1p1f1,2040,06,10,0.0,25.525187,11.775367,2040
9293,r2i1p1f1,2040,06,11,0.02155551951545931,25.143284,9.829366,2040
9294,r2i1p1f1,2040,06,12,0.0,26.247236,9.770253,2040
9295,r2i1p1f1,2040,06,13,0.0,28.603895,12.098807,2040
9296,r2i1p1f1,2040,06,14,0.0,30.305504,11.9295845,2040
9297,r2i1p1f1,2040,06,15,0.0,30.458107,11.178149,2040
9298,r2i1p1f1,2040,06,16,0.0,28.804329,8.455539,2040
9299,r2i1p1f1,2040,06,17,0.0,30.602695,12.097475,2040
9300,r2i1p1f1,2040,06,18,0.0,33.89208,16.288578,2040
9301,r2i1p1f1,2040,06,19,0.0,36.523502,17.043434,2040
9302,r2i1p1f1,2040,06,20,0.0,37.09999,16.0597,2040
9303,r2i1p1f1,2040,06,21,0.0,35.256104,17.885386,2040
9304,r2i1p1f1,2040,06,22,0.004562592130241683,35.293915,18.371378,2040
9305,r2i1p1f1,2040,06,23,0.0,35.126423,18.949202,2040
9306,r2i1p1f1,2040,06,24,0.0,34.365208,16.69588,2040
9307,r2i1p1f1,2040,06,25,0.0,35.589428,20.498703,2040
9308,r2i1p1f1,2040,06,26,0.0,35.048477,16.484997,2040
9309,r2i1p1f1,2040,06,27,0.23891416377637142,26.938063,9.345478,2040
9310,r2i1p1f1,2040,06,28,0.16312997468048707,31.34391,13.289135,2040
9311,r2i1p1f1,2040,06,29,0.0,33.571743,15.671282,2040
9312,r2i1p1f1,2040,06,30,0.2705354319914477,32.10369,12.377901,2040
9313,r2i1p1f1,2040,07,01,0.0,29.705257,13.219914,2040
9314,r2i1p1f1,2040,07,02,0.0,34.031693,17.379246,2040
9315,r2i1p1f1,2040,07,03,0.0,35.024586,17.806488,2040
9316,r2i1p1f1,2040,07,04,0.0,35.384094,17.06316,2040
9317,r2i1p1f1,2040,07,05,0.0,34.067947,13.86525,2040
9318,r2i1p1f1,2040,07,06,0.0,33.176315,14.38336,2040
9319,r2i1p1f1,2040,07,07,0.0,31.022287,12.677937,2040
9320,r2i1p1f1,2040,07,08,0.001983978609132464,26.656258,12.2244625,2040
9321,r2i1p1f1,2040,07,09,0.0,27.97915,10.542399,2040
9322,r2i1p1f1,2040,07,10,0.0,32.12915,13.547433,2040
9323,r2i1p1f1,2040,07,11,0.0,33.264496,14.718974,2040
9324,r2i1p1f1,2040,07,12,0.08669399837799574,32.865646,14.793196,2040
9325,r2i1p1f1,2040,07,13,0.0,32.99208,18.155357,2040
9326,r2i1p1f1,2040,07,14,0.0,37.000595,20.760212,2040
9327,r2i1p1f1,2040,07,15,0.23319822576013394,37.609344,21.107014,2040
9328,r2i1p1f1,2040,07,16,0.0016427239984295738,36.029465,17.112026,2040
9329,r2i1p1f1,2040,07,17,0.005490897865456645,40.50936,25.069492,2040
9330,r2i1p1f1,2040,07,18,0.03247360473324079,40.504063,22.223532,2040
9331,r2i1p1f1,2040,07,19,0.0,35.8535,17.169209,2040
9332,r2i1p1f1,2040,07,20,0.0,36.19877,18.88446,2040
9333,r2i1p1f1,2040,07,21,0.0,35.550003,18.234093,2040
9334,r2i1p1f1,2040,07,22,0.0,34.735046,16.166468,2040
9335,r2i1p1f1,2040,07,23,0.0,34.114986,13.979749,2040
9336,r2i1p1f1,2040,07,24,0.0,32.888252,13.547578,2040
9337,r2i1p1f1,2040,07,25,0.0,31.966621,12.3027935,2040
9338,r2i1p1f1,2040,07,26,0.0,31.448225,13.856694,2040
9339,r2i1p1f1,2040,07,27,0.0,31.66608,14.839676,2040
9340,r2i1p1f1,2040,07,28,0.0,32.758446,15.482625,2040
9341,r2i1p1f1,2040,07,29,0.0,33.51673,16.526855,2040
9342,r2i1p1f1,2040,07,30,0.0,34.508987,17.756578,2040
9343,r2i1p1f1,2040,07,31,0.0,34.106857,16.255293,2040
9344,r2i1p1f1,2040,08,01,0.0,34.31332,16.520342,2040
9345,r2i1p1f1,2040,08,02,0.0,33.819954,16.131525,2040
9346,r2i1p1f1,2040,08,03,0.0,33.004963,14.158896,2040
9347,r2i1p1f1,2040,08,04,0.0,32.89345,12.997184,2040
9348,r2i1p1f1,2040,08,05,0.0,31.264082,11.235166,2040
9349,r2i1p1f1,2040,08,06,0.0,30.556292,13.023395,2040
9350,r2i1p1f1,2040,08,07,0.0,31.85553,14.705224,2040
9351,r2i1p1f1,2040,08,08,0.0,34.145504,15.434879,2040
9352,r2i1p1f1,2040,08,09,0.001230197085533291,33.692425,17.041906,2040
9353,r2i1p1f1,2040,08,10,0.0,35.14449,16.242014,2040
9354,r2i1p1f1,2040,08,11,0.07220915613288525,35.541588,14.555659,2040
9355,r2i1p1f1,2040,08,12,0.3253868027968565,31.420929,13.196744,2040
9356,r2i1p1f1,2040,08,13,0.06359278722811723,31.27927,16.553474,2040
9357,r2i1p1f1,2040,08,14,0.0,32.93989,16.84745,2040
9358,r2i1p1f1,2040,08,15,0.0,34.900364,16.08219,2040
9359,r2i1p1f1,2040,08,16,0.0,36.03013,18.31929,2040
9360,r2i1p1f1,2040,08,17,0.0,37.968758,21.837383,2040
9361,r2i1p1f1,2040,08,18,3.6028376026138176,36.710342,17.917698,2040
9362,r2i1p1f1,2040,08,19,0.4530346221599757,38.243855,24.222225,2040
9363,r2i1p1f1,2040,08,20,0.0,39.885998,23.24968,2040
9364,r2i1p1f1,2040,08,21,6.4268618897699525,39.57789,21.034927,2040
9365,r2i1p1f1,2040,08,22,0.0,34.73166,16.988674,2040
9366,r2i1p1f1,2040,08,23,0.0,34.816895,13.548472,2040
9367,r2i1p1f1,2040,08,24,0.0,29.883768,11.658951,2040
9368,r2i1p1f1,2040,08,25,0.0,30.365435,12.403515,2040
9369,r2i1p1f1,2040,08,26,0.0,32.58117,16.207296,2040
9370,r2i1p1f1,2040,08,27,0.0,32.293777,15.053504,2040
9371,r2i1p1f1,2040,08,28,0.0,33.46197,17.252968,2040
9372,r2i1p1f1,2040,08,29,0.0,31.576088,17.706541,2040
9373,r2i1p1f1,2040,08,30,0.0,28.769432,12.893283,2040
9374,r2i1p1f1,2040,08,31,0.0,30.41841,13.563976,2040
9375,r2i1p1f1,2040,09,01,0.0,31.304365,12.285934,2040
9376,r2i1p1f1,2040,09,02,0.0,28.50115,9.314197,2040
9377,r2i1p1f1,2040,09,03,0.0,25.68635,8.789315,2040
9378,r2i1p1f1,2040,09,04,0.0,31.659145,13.684231,2040
9379,r2i1p1f1,2040,09,05,0.0,34.866608,17.259884,2040
9380,r2i1p1f1,2040,09,06,0.0,35.390453,18.517061,2040
9381,r2i1p1f1,2040,09,07,0.0,37.785603,18.372942,2040
9382,r2i1p1f1,2040,09,08,0.0,36.761913,17.930048,2040
9383,r2i1p1f1,2040,09,09,0.0,35.05641,16.926107,2040
9384,r2i1p1f1,2040,09,10,0.0,35.83542,17.485413,2040
9385,r2i1p1f1,2040,09,11,0.0,34.39795,15.564673,2040
9386,r2i1p1f1,2040,09,12,0.0,33.190918,13.316529,2040
9387,r2i1p1f1,2040,09,13,0.0,31.572561,15.111257,2040
9388,r2i1p1f1,2040,09,14,0.02295030244567897,33.442886,16.15257,2040
9389,r2i1p1f1,2040,09,15,0.0008058941375566064,33.261887,16.029243,2040
9390,r2i1p1f1,2040,09,16,1.2397756930553783,32.468918,12.569282,2040
9391,r2i1p1f1,2040,09,17,0.5978940060231253,21.015406,8.743746,2040
9392,r2i1p1f1,2040,09,18,3.8613558899669442,20.919643,6.3060384,2040
9393,r2i1p1f1,2040,09,19,58.64185479877051,17.99,9.613638,2040
9394,r2i1p1f1,2040,09,20,0.0,22.975344,10.310719,2040
9395,r2i1p1f1,2040,09,21,0.0,22.943851,10.428244,2040
9396,r2i1p1f1,2040,09,22,0.0,22.823519,7.5140553,2040
9397,r2i1p1f1,2040,09,23,0.817301301333373,20.190434,5.149875,2040
9398,r2i1p1f1,2040,09,24,0.015300437644327758,20.775795,8.898046,2040
9399,r2i1p1f1,2040,09,25,0.658720578729799,17.711294,7.672216,2040
9400,r2i1p1f1,2040,09,26,0.0,18.91296,1.5321901,2040
9401,r2i1p1f1,2040,09,27,0.0,21.079298,5.1809716,2040
9402,r2i1p1f1,2040,09,28,0.0,22.153475,8.911342,2040
9403,r2i1p1f1,2040,09,29,0.0,24.144127,7.698069,2040
9404,r2i1p1f1,2040,09,30,0.0,24.637947,8.240242,2040
9405,r2i1p1f1,2040,10,01,0.0,23.476856,6.743888,2040
9406,r2i1p1f1,2040,10,02,0.0,22.488243,8.57063,2040
9407,r2i1p1f1,2040,10,03,0.0,21.610312,4.6529565,2040
9408,r2i1p1f1,2040,10,04,0.0,20.009253,4.755749,2040
9409,r2i1p1f1,2040,10,05,0.0,22.452105,7.0914664,2040
9410,r2i1p1f1,2040,10,06,0.0,23.27208,6.0182934,2040
9411,r2i1p1f1,2040,10,07,0.0,24.054867,8.78065,2040
9412,r2i1p1f1,2040,10,08,0.0,23.498095,7.795797,2040
9413,r2i1p1f1,2040,10,09,1.1615207262138938,19.973433,5.6610756,2040
9414,r2i1p1f1,2040,10,10,0.0,21.972178,7.694228,2040
9415,r2i1p1f1,2040,10,11,0.0,22.008842,9.204792,2040
9416,r2i1p1f1,2040,10,12,0.0,19.937962,5.8408914,2040
9417,r2i1p1f1,2040,10,13,0.0,18.877893,2.753823,2040
9418,r2i1p1f1,2040,10,14,0.0,17.60959,2.3689106,2040
9419,r2i1p1f1,2040,10,15,0.0,18.695177,2.4301765,2040
9420,r2i1p1f1,2040,10,16,0.0,23.351265,7.4111576,2040
9421,r2i1p1f1,2040,10,17,0.0,22.645542,5.7126637,2040
9422,r2i1p1f1,2040,10,18,0.0,23.1009,7.5687704,2040
9423,r2i1p1f1,2040,10,19,0.0,24.4594,9.995256,2040
9424,r2i1p1f1,2040,10,20,0.0,25.513235,10.246894,2040
9425,r2i1p1f1,2040,10,21,0.0,25.611391,10.672847,2040
9426,r2i1p1f1,2040,10,22,0.0,27.657217,9.714959,2040
9427,r2i1p1f1,2040,10,23,0.0,25.315535,8.63406,2040
9428,r2i1p1f1,2040,10,24,0.0,23.775879,8.390311,2040
9429,r2i1p1f1,2040,10,25,0.0,22.178448,7.8186417,2040
9430,r2i1p1f1,2040,10,26,0.0,23.03776,7.761317,2040
9431,r2i1p1f1,2040,10,27,0.0,23.161093,7.621825,2040
9432,r2i1p1f1,2040,10,28,0.0,21.943872,7.5650015,2040
9433,r2i1p1f1,2040,10,29,0.0,22.088867,7.4115677,2040
9434,r2i1p1f1,2040,10,30,0.0,22.078497,7.2584796,2040
9435,r2i1p1f1,2040,10,31,0.0,21.35216,6.5966654,2040
9436,r2i1p1f1,2040,11,01,0.0,23.679752,8.135852,2040
9437,r2i1p1f1,2040,11,02,0.0,23.672142,8.5000515,2040
9438,r2i1p1f1,2040,11,03,0.0,23.87873,9.232011,2040
9439,r2i1p1f1,2040,11,04,0.0,24.416153,7.916792,2040
9440,r2i1p1f1,2040,11,05,0.0,25.777628,9.155303,2040
9441,r2i1p1f1,2040,11,06,0.0,24.197039,10.2961645,2040
9442,r2i1p1f1,2040,11,07,0.0,22.658957,9.332722,2040
9443,r2i1p1f1,2040,11,08,0.030082076546023018,19.842247,7.9993525,2040
9444,r2i1p1f1,2040,11,09,0.0,21.288363,7.145864,2040
9445,r2i1p1f1,2040,11,10,0.0,23.502676,7.872161,2040
9446,r2i1p1f1,2040,11,11,0.0,25.295923,13.710214,2040
9447,r2i1p1f1,2040,11,12,0.0,27.050726,8.8076515,2040
9448,r2i1p1f1,2040,11,13,0.0,22.484564,6.7721424,2040
9449,r2i1p1f1,2040,11,14,1.1609639945163508,16.62824,8.900034,2040
9450,r2i1p1f1,2040,11,15,0.0,18.385078,3.1124814,2040
9451,r2i1p1f1,2040,11,16,0.0,19.307673,2.4409428,2040
9452,r2i1p1f1,2040,11,17,24.10811257068417,13.015033,5.8001595,2040
9453,r2i1p1f1,2040,11,18,31.01138763322524,12.653279,7.9760904,2040
9454,r2i1p1f1,2040,11,19,0.0,16.610588,6.46833,2040
9455,r2i1p1f1,2040,11,20,0.0,18.699902,7.5119224,2040
9456,r2i1p1f1,2040,11,21,0.0,19.913502,7.5978665,2040
9457,r2i1p1f1,2040,11,22,0.038019071598682785,21.482967,6.469005,2040
9458,r2i1p1f1,2040,11,23,7.339401944733481,8.1995735,-3.7944946,2040
9459,r2i1p1f1,2040,11,24,0.0,2.427323,-6.328316,2040
9460,r2i1p1f1,2040,11,25,0.0,5.1572,-6.289767,2040
9461,r2i1p1f1,2040,11,26,0.0,10.279001,-2.2351277,2040
9462,r2i1p1f1,2040,11,27,0.0,13.93811,-0.4014729,2040
9463,r2i1p1f1,2040,11,28,0.0,14.766749,-0.014069345,2040
9464,r2i1p1f1,2040,11,29,0.0,14.751999,0.46282706,2040
9465,r2i1p1f1,2040,11,30,6.7301343031431315,8.473304,2.8165238,2040
9466,r2i1p1f1,2040,12,01,0.0,9.83704,-1.474126,2040
9467,r2i1p1f1,2040,12,02,0.0,11.824673,-1.4035628,2040
9468,r2i1p1f1,2040,12,03,0.0,13.519183,0.45787552,2040
9469,r2i1p1f1,2040,12,04,0.0,15.186007,2.0222087,2040
9470,r2i1p1f1,2040,12,05,0.08101222466621039,12.258638,4.0220923,2040
9471,r2i1p1f1,2040,12,06,65.56198721154942,11.207936,4.975046,2040
9472,r2i1p1f1,2040,12,07,55.940865469528944,10.748127,-0.4567045,2040
9473,r2i1p1f1,2040,12,08,10.350203088330545,6.788263,-2.3704593,2040
9474,r2i1p1f1,2040,12,09,33.68131863171584,8.768646,3.4525974,2040
9475,r2i1p1f1,2040,12,10,7.605626549820954,9.947408,4.3564672,2040
9476,r2i1p1f1,2040,12,11,0.0,10.457374,-1.9573805,2040
9477,r2i1p1f1,2040,12,12,0.0,11.214482,-2.3563187,2040
9478,r2i1p1f1,2040,12,13,1.0280604243746438,10.0511465,-1.107353,2040
9479,r2i1p1f1,2040,12,14,10.77233601208718,8.7276,4.404877,2040
9480,r2i1p1f1,2040,12,15,0.0,10.407949,-1.0292581,2040
9481,r2i1p1f1,2040,12,16,0.0,9.884044,-0.6002035,2040
9482,r2i1p1f1,2040,12,17,2.6901156509381963,8.392067,-1.2679973,2040
9483,r2i1p1f1,2040,12,18,7.189148313636906,6.803188,-5.0442944,2040
9484,r2i1p1f1,2040,12,19,9.958116173902454,6.8329296,-2.737755,2040
9485,r2i1p1f1,2040,12,20,18.23351195516807,8.578474,4.3131733,2040
9486,r2i1p1f1,2040,12,21,3.7769450493158274,10.802008,2.0700536,2040
9487,r2i1p1f1,2040,12,22,0.0,10.503553,1.412968,2040
9488,r2i1p1f1,2040,12,23,12.456440564710647,10.122743,5.0499744,2040
9489,r2i1p1f1,2040,12,24,0.01820444639193397,9.910464,-2.780593,2040
9490,r2i1p1f1,2040,12,25,0.0,9.182478,-2.1549387,2040
9491,r2i1p1f1,2040,12,26,0.0,12.549883,0.32304955,2040
9492,r2i1p1f1,2040,12,27,0.0,13.545078,0.94538283,2040
9493,r2i1p1f1,2040,12,28,0.0,15.001511,2.5987353,2040
9494,r2i1p1f1,2040,12,29,0.0,15.328212,2.4466867,2040
9495,r2i1p1f1,2040,12,30,0.0,11.196606,0.31552887,2040
9496,r2i1p1f1,2040,12,31,0.0,12.778355,2.2202966,2040
9497,r2i1p1f1,2041,01,01,0.0,14.2184725,2.9582891,2041
9498,r2i1p1f1,2041,01,02,0.0,16.852514,3.862466,2041
9499,r2i1p1f1,2041,01,03,0.0,16.775175,4.5960746,2041
9500,r2i1p1f1,2041,01,04,0.0,13.496231,-0.046989918,2041
9501,r2i1p1f1,2041,01,05,0.20676186393302487,7.7261624,-3.4075093,2041
9502,r2i1p1f1,2041,01,06,7.073189446475681,0.669336,-7.2660956,2041
9503,r2i1p1f1,2041,01,07,6.644548302529074,0.36328295,-11.003667,2041
9504,r2i1p1f1,2041,01,08,47.871258793384186,9.179062,-0.96518135,2041
9505,r2i1p1f1,2041,01,09,66.89499874482863,10.811019,6.714125,2041
9506,r2i1p1f1,2041,01,10,14.62042832329189,12.00899,-3.199543,2041
9507,r2i1p1f1,2041,01,11,4.041498019012124,3.7588778,-2.1282887,2041
9508,r2i1p1f1,2041,01,12,4.225368887887271,2.9984088,-1.8538604,2041
9509,r2i1p1f1,2041,01,13,9.018686825356781,2.9597948,-6.1440454,2041
9510,r2i1p1f1,2041,01,14,6.155699890359756,9.966618,-1.844356,2041
9511,r2i1p1f1,2041,01,15,10.48800439380102,8.37415,2.9283261,2041
9512,r2i1p1f1,2041,01,16,27.735782389572705,10.509804,5.1541734,2041
9513,r2i1p1f1,2041,01,17,9.233917567325989,9.169092,4.6552777,2041
9514,r2i1p1f1,2041,01,18,0.0,9.960375,-2.4252124,2041
9515,r2i1p1f1,2041,01,19,0.0,9.406635,-1.6459012,2041
9516,r2i1p1f1,2041,01,20,0.0,11.453158,-0.7484481,2041
9517,r2i1p1f1,2041,01,21,0.0,12.743675,-0.24770233,2041
9518,r2i1p1f1,2041,01,22,0.0,12.622889,-0.53179204,2041
9519,r2i1p1f1,2041,01,23,0.0,13.3678255,0.7072493,2041
9520,r2i1p1f1,2041,01,24,0.0003270435058766452,13.739563,1.2922221,2041
9521,r2i1p1f1,2041,01,25,10.05018904629651,10.524377,2.5426984,2041
9522,r2i1p1f1,2041,01,26,33.28341982632992,10.390636,1.1523412,2041
9523,r2i1p1f1,2041,01,27,0.039191464929899666,7.931039,-0.8295569,2041
9524,r2i1p1f1,2041,01,28,0.0,7.720896,-0.48994923,2041
9525,r2i1p1f1,2041,01,29,0.013390783351496793,8.073041,0.40977657,2041
9526,r2i1p1f1,2041,01,30,6.616084378379128,7.5174084,0.9214855,2041
9527,r2i1p1f1,2041,01,31,1.517106523624534,12.316366,1.6570348,2041
9528,r2i1p1f1,2041,02,01,2.265872889893217,11.460453,3.23309,2041
9529,r2i1p1f1,2041,02,02,0.014450928006226604,11.447411,3.7216313,2041
9530,r2i1p1f1,2041,02,03,0.0,13.754748,3.5623496,2041
9531,r2i1p1f1,2041,02,04,12.280208140873583,14.722798,0.98210377,2041
9532,r2i1p1f1,2041,02,05,0.0,11.714157,-1.377277,2041
9533,r2i1p1f1,2041,02,06,0.0,13.532811,2.445633,2041
9534,r2i1p1f1,2041,02,07,0.0,18.04619,5.3653965,2041
9535,r2i1p1f1,2041,02,08,0.0,19.772446,7.677391,2041
9536,r2i1p1f1,2041,02,09,0.0,19.14735,8.649623,2041
9537,r2i1p1f1,2041,02,10,0.0,18.64035,5.6052074,2041
9538,r2i1p1f1,2041,02,11,0.0,18.543142,5.689594,2041
9539,r2i1p1f1,2041,02,12,0.0,18.776485,6.875738,2041
9540,r2i1p1f1,2041,02,13,0.0,17.609211,5.0587444,2041
9541,r2i1p1f1,2041,02,14,0.0,18.104925,5.220798,2041
9542,r2i1p1f1,2041,02,15,0.0,18.574232,5.364327,2041
9543,r2i1p1f1,2041,02,16,0.0,19.92358,8.143144,2041
9544,r2i1p1f1,2041,02,17,0.0,22.249159,7.418699,2041
9545,r2i1p1f1,2041,02,18,0.0,21.1279,6.688119,2041
9546,r2i1p1f1,2041,02,19,0.0,20.581137,7.1795077,2041
9547,r2i1p1f1,2041,02,20,0.0,19.37873,6.285357,2041
9548,r2i1p1f1,2041,02,21,6.392313089418167,14.46924,2.878239,2041
9549,r2i1p1f1,2041,02,22,0.5998610771200674,16.017155,4.6347003,2041
9550,r2i1p1f1,2041,02,23,0.8064427757176418,15.795214,5.3730526,2041
9551,r2i1p1f1,2041,02,24,0.0,14.315471,2.860809,2041
9552,r2i1p1f1,2041,02,25,23.280022492690478,11.56239,2.50694,2041
9553,r2i1p1f1,2041,02,26,4.768783401505061,8.166863,-0.76196235,2041
9554,r2i1p1f1,2041,02,27,0.0,10.961362,-1.4620694,2041
9555,r2i1p1f1,2041,02,28,0.0,13.948242,1.4244965,2041
9556,r2i1p1f1,2041,03,01,6.086813687215908,13.871099,1.4931675,2041
9557,r2i1p1f1,2041,03,02,0.6771916903289821,15.086704,7.824467,2041
9558,r2i1p1f1,2041,03,03,0.2541054335779336,16.047022,4.0314503,2041
9559,r2i1p1f1,2041,03,04,0.07603404063161179,17.242329,1.7330385,2041
9560,r2i1p1f1,2041,03,05,10.430633790838328,14.506434,1.9235609,2041
9561,r2i1p1f1,2041,03,06,28.83246115889051,7.8267736,3.6632,2041
9562,r2i1p1f1,2041,03,07,5.234326319308025,9.489858,-4.1987686,2041
9563,r2i1p1f1,2041,03,08,0.19706530546272916,10.57858,-2.4776525,2041
9564,r2i1p1f1,2041,03,09,33.1630297958327,11.513588,-1.330667,2041
9565,r2i1p1f1,2041,03,10,36.45252148962754,12.387554,4.644373,2041
9566,r2i1p1f1,2041,03,11,12.382295701900148,12.795617,6.9900227,2041
9567,r2i1p1f1,2041,03,12,47.26810495922109,12.938139,5.95867,2041
9568,r2i1p1f1,2041,03,13,10.427366941041782,10.743258,-5.3707905,2041
9569,r2i1p1f1,2041,03,14,35.279120357881766,7.430991,2.7801836,2041
9570,r2i1p1f1,2041,03,15,0.0,12.171356,-2.7045534,2041
9571,r2i1p1f1,2041,03,16,0.0,14.3392725,-1.2384126,2041
9572,r2i1p1f1,2041,03,17,0.0,15.573388,1.0357074,2041
9573,r2i1p1f1,2041,03,18,0.0,19.797247,2.8147745,2041
9574,r2i1p1f1,2041,03,19,0.0,21.444044,5.143932,2041
9575,r2i1p1f1,2041,03,20,0.0,20.565695,5.9318104,2041
9576,r2i1p1f1,2041,03,21,17.5849787212087,15.581865,1.4775314,2041
9577,r2i1p1f1,2041,03,22,11.133363023441234,7.7945023,-2.5999475,2041
9578,r2i1p1f1,2041,03,23,38.20557414801442,7.30501,0.35904652,2041
9579,r2i1p1f1,2041,03,24,19.24752514266288,7.689909,-5.5234866,2041
9580,r2i1p1f1,2041,03,25,4.211964083742714,6.6005397,-0.79168403,2041
9581,r2i1p1f1,2041,03,26,0.0,13.490881,-2.3100119,2041
9582,r2i1p1f1,2041,03,27,0.0,18.64202,1.6664128,2041
9583,r2i1p1f1,2041,03,28,0.0,21.280418,5.663984,2041
9584,r2i1p1f1,2041,03,29,0.0,23.044415,7.3755994,2041
9585,r2i1p1f1,2041,03,30,0.0,22.137793,7.9243264,2041
9586,r2i1p1f1,2041,03,31,0.0,25.914925,8.689357,2041
9587,r2i1p1f1,2041,04,01,0.0,25.614235,9.383485,2041
9588,r2i1p1f1,2041,04,02,0.09771371891247327,22.269964,7.8263907,2041
9589,r2i1p1f1,2041,04,03,0.5410753945284341,11.460953,-0.06786045,2041
9590,r2i1p1f1,2041,04,04,0.0,12.679462,-0.90888363,2041
9591,r2i1p1f1,2041,04,05,0.0,13.377682,3.0482864,2041
9592,r2i1p1f1,2041,04,06,0.0,16.133224,3.6887949,2041
9593,r2i1p1f1,2041,04,07,0.008577341486670775,19.330406,4.061566,2041
9594,r2i1p1f1,2041,04,08,0.5934847695698409,17.894386,5.433958,2041
9595,r2i1p1f1,2041,04,09,13.148079488200892,10.983807,-2.0220466,2041
9596,r2i1p1f1,2041,04,10,17.289747907716446,5.948061,-0.84158695,2041
9597,r2i1p1f1,2041,04,11,2.573202000499464,10.995213,-0.7971588,2041
9598,r2i1p1f1,2041,04,12,0.0,16.41418,2.364293,2041
9599,r2i1p1f1,2041,04,13,0.0,18.454498,2.4390683,2041
9600,r2i1p1f1,2041,04,14,0.0,20.242212,4.0341144,2041
9601,r2i1p1f1,2041,04,15,0.0,20.135191,6.0576615,2041
9602,r2i1p1f1,2041,04,16,0.14649010525999984,18.596245,4.8761425,2041
9603,r2i1p1f1,2041,04,17,10.819075800395694,12.17991,1.7986876,2041
9604,r2i1p1f1,2041,04,18,0.0,14.402817,0.8061486,2041
9605,r2i1p1f1,2041,04,19,0.0,16.552895,3.9251773,2041
9606,r2i1p1f1,2041,04,20,0.0,16.897148,2.866788,2041
9607,r2i1p1f1,2041,04,21,0.0,17.934969,1.1026891,2041
9608,r2i1p1f1,2041,04,22,0.0,19.4601,3.7720995,2041
9609,r2i1p1f1,2041,04,23,0.02613476399346837,20.951286,6.404005,2041
9610,r2i1p1f1,2041,04,24,0.0,23.179245,7.672242,2041
9611,r2i1p1f1,2041,04,25,0.0,26.10677,10.695094,2041
9612,r2i1p1f1,2041,04,26,0.0,27.886059,12.001278,2041
9613,r2i1p1f1,2041,04,27,0.0,28.449986,11.573508,2041
9614,r2i1p1f1,2041,04,28,0.0,26.897026,10.479322,2041
9615,r2i1p1f1,2041,04,29,1.8817512386021917,24.585163,8.591901,2041
9616,r2i1p1f1,2041,04,30,2.3408958567188165,20.51325,4.974022,2041
9617,r2i1p1f1,2041,05,01,0.07780030109643121,21.37434,4.3645673,2041
9618,r2i1p1f1,2041,05,02,0.42509151467129414,17.594452,4.3455343,2041
9619,r2i1p1f1,2041,05,03,2.3166982319935414,15.124593,3.8480349,2041
9620,r2i1p1f1,2041,05,04,0.0,14.571326,-0.79840684,2041
9621,r2i1p1f1,2041,05,05,0.0,20.045542,3.112167,2041
9622,r2i1p1f1,2041,05,06,0.0,22.652445,4.795627,2041
9623,r2i1p1f1,2041,05,07,0.0,24.741936,7.016214,2041
9624,r2i1p1f1,2041,05,08,0.0,24.133116,5.7919893,2041
9625,r2i1p1f1,2041,05,09,0.0,14.764501,-1.4614841,2041
9626,r2i1p1f1,2041,05,10,0.0,15.185985,0.25575835,2041
9627,r2i1p1f1,2041,05,11,0.043566967207198104,15.429011,-0.3591619,2041
9628,r2i1p1f1,2041,05,12,0.0,18.513987,2.601538,2041
9629,r2i1p1f1,2041,05,13,0.0,22.307255,5.1588492,2041
9630,r2i1p1f1,2041,05,14,0.0,27.41529,9.515378,2041
9631,r2i1p1f1,2041,05,15,0.0,30.099527,11.8874445,2041
9632,r2i1p1f1,2041,05,16,0.0,33.335197,14.191256,2041
9633,r2i1p1f1,2041,05,17,0.0,33.475243,15.010615,2041
9634,r2i1p1f1,2041,05,18,0.0,34.998066,14.275206,2041
9635,r2i1p1f1,2041,05,19,1.476100313391271,35.57887,15.300186,2041
9636,r2i1p1f1,2041,05,20,0.0,32.80003,13.348846,2041
9637,r2i1p1f1,2041,05,21,0.709011728031328,31.806875,10.775599,2041
9638,r2i1p1f1,2041,05,22,14.08129008426613,21.599598,5.2734737,2041
9639,r2i1p1f1,2041,05,23,13.405107997482446,16.384085,9.919994,2041
9640,r2i1p1f1,2041,05,24,0.0027700034479494207,21.440233,7.84123,2041
9641,r2i1p1f1,2041,05,25,2.8648928084976433,19.942596,4.503804,2041
9642,r2i1p1f1,2041,05,26,3.6834611501831205,19.648373,5.1134224,2041
9643,r2i1p1f1,2041,05,27,20.694195119358483,15.830865,6.2578692,2041
9644,r2i1p1f1,2041,05,28,0.857719755947528,18.903627,3.8962393,2041
9645,r2i1p1f1,2041,05,29,0.0,20.599535,6.4458466,2041
9646,r2i1p1f1,2041,05,30,0.0,21.391684,4.663812,2041
9647,r2i1p1f1,2041,05,31,0.0,25.377666,7.114962,2041
9648,r2i1p1f1,2041,06,01,0.0,26.194572,9.099318,2041
9649,r2i1p1f1,2041,06,02,0.0,25.701849,8.918133,2041
9650,r2i1p1f1,2041,06,03,0.0013379228221310768,24.040531,4.504606,2041
9651,r2i1p1f1,2041,06,04,0.004345716661191545,19.143797,5.006899,2041
9652,r2i1p1f1,2041,06,05,0.0,20.836227,6.038822,2041
9653,r2i1p1f1,2041,06,06,0.0,25.88764,9.67699,2041
9654,r2i1p1f1,2041,06,07,0.0,30.029411,12.238552,2041
9655,r2i1p1f1,2041,06,08,0.0,31.3424,14.148299,2041
9656,r2i1p1f1,2041,06,09,0.0,31.567453,12.939679,2041
9657,r2i1p1f1,2041,06,10,0.0,30.152168,12.030648,2041
9658,r2i1p1f1,2041,06,11,0.0,30.043112,12.101578,2041
9659,r2i1p1f1,2041,06,12,0.0,30.752699,12.21512,2041
9660,r2i1p1f1,2041,06,13,0.0,29.83197,10.546062,2041
9661,r2i1p1f1,2041,06,14,0.0,30.010454,12.175566,2041
9662,r2i1p1f1,2041,06,15,0.001040439678945404,30.206076,12.477347,2041
9663,r2i1p1f1,2041,06,16,0.13312631219264404,30.04401,13.023713,2041
9664,r2i1p1f1,2041,06,17,0.09059148226242542,28.4245,11.89762,2041
9665,r2i1p1f1,2041,06,18,0.0,28.44805,12.569482,2041
9666,r2i1p1f1,2041,06,19,0.0,30.772469,12.954806,2041
9667,r2i1p1f1,2041,06,20,0.005614115252683405,30.480944,11.755085,2041
9668,r2i1p1f1,2041,06,21,0.0,24.298532,10.701267,2041
9669,r2i1p1f1,2041,06,22,0.0,23.852516,8.714693,2041
9670,r2i1p1f1,2041,06,23,0.0,24.703253,7.3817205,2041
9671,r2i1p1f1,2041,06,24,0.004094656151210074,24.065413,8.467833,2041
9672,r2i1p1f1,2041,06,25,0.0,25.371546,9.286457,2041
9673,r2i1p1f1,2041,06,26,0.0,30.20874,12.486602,2041
9674,r2i1p1f1,2041,06,27,0.0,32.335873,12.506679,2041
9675,r2i1p1f1,2041,06,28,0.0,32.39512,12.858925,2041
9676,r2i1p1f1,2041,06,29,0.0,33.437023,15.3269415,2041
9677,r2i1p1f1,2041,06,30,0.0,33.70646,15.341451,2041
9678,r2i1p1f1,2041,07,01,0.0,33.52346,15.468638,2041
9679,r2i1p1f1,2041,07,02,0.0,34.972713,18.2381,2041
9680,r2i1p1f1,2041,07,03,0.0,37.07749,17.436913,2041
9681,r2i1p1f1,2041,07,04,0.0,37.176773,19.857748,2041
9682,r2i1p1f1,2041,07,05,0.0,38.83782,20.690866,2041
9683,r2i1p1f1,2041,07,06,0.0,40.736282,22.909283,2041
9684,r2i1p1f1,2041,07,07,0.0,41.618458,22.574987,2041
9685,r2i1p1f1,2041,07,08,0.0,42.753677,24.117367,2041
9686,r2i1p1f1,2041,07,09,0.0,41.416336,23.744652,2041
9687,r2i1p1f1,2041,07,10,0.0,39.02913,18.680914,2041
9688,r2i1p1f1,2041,07,11,0.0,34.241272,14.098843,2041
9689,r2i1p1f1,2041,07,12,0.0,32.20469,13.12339,2041
9690,r2i1p1f1,2041,07,13,0.0,28.194017,10.713093,2041
9691,r2i1p1f1,2041,07,14,0.0,31.278866,13.069088,2041
9692,r2i1p1f1,2041,07,15,0.0,33.947556,14.449024,2041
9693,r2i1p1f1,2041,07,16,0.0,34.89616,16.080925,2041
9694,r2i1p1f1,2041,07,17,0.0,35.07015,16.49681,2041
9695,r2i1p1f1,2041,07,18,0.0,33.19811,15.489705,2041
9696,r2i1p1f1,2041,07,19,0.0,31.747179,13.262678,2041
9697,r2i1p1f1,2041,07,20,0.0,30.335903,12.778627,2041
9698,r2i1p1f1,2041,07,21,0.0,30.91183,13.807059,2041
9699,r2i1p1f1,2041,07,22,0.0,32.277485,13.231807,2041
9700,r2i1p1f1,2041,07,23,0.0,32.04866,13.464798,2041
9701,r2i1p1f1,2041,07,24,0.0,32.27004,13.654924,2041
9702,r2i1p1f1,2041,07,25,0.0,30.46477,10.79261,2041
9703,r2i1p1f1,2041,07,26,0.0,28.972317,9.93866,2041
9704,r2i1p1f1,2041,07,27,0.0,28.420261,10.700231,2041
9705,r2i1p1f1,2041,07,28,0.0,30.740746,11.924537,2041
9706,r2i1p1f1,2041,07,29,0.0,31.337484,11.882476,2041
9707,r2i1p1f1,2041,07,30,0.0,32.721027,13.72135,2041
9708,r2i1p1f1,2041,07,31,0.0,35.630844,16.986597,2041
9709,r2i1p1f1,2041,08,01,0.0,37.311546,20.084015,2041
9710,r2i1p1f1,2041,08,02,0.0,36.731266,16.438356,2041
9711,r2i1p1f1,2041,08,03,0.0,37.08728,17.82098,2041
9712,r2i1p1f1,2041,08,04,0.0,36.134842,17.86142,2041
9713,r2i1p1f1,2041,08,05,0.0,32.450256,13.925438,2041
9714,r2i1p1f1,2041,08,06,0.0,33.701096,16.372463,2041
9715,r2i1p1f1,2041,08,07,0.0,34.471584,15.511359,2041
9716,r2i1p1f1,2041,08,08,0.0,32.57349,14.7324505,2041
9717,r2i1p1f1,2041,08,09,0.004847838363275514,31.732405,11.957814,2041
9718,r2i1p1f1,2041,08,10,0.12781938427792738,31.181318,12.131234,2041
9719,r2i1p1f1,2041,08,11,0.48997293851016366,26.30058,8.545698,2041
9720,r2i1p1f1,2041,08,12,2.1589331902418962,23.760397,10.9040365,2041
9721,r2i1p1f1,2041,08,13,0.017143652377171748,25.500746,13.018569,2041
9722,r2i1p1f1,2041,08,14,3.603729367125652,24.322311,10.938862,2041
9723,r2i1p1f1,2041,08,15,0.0,29.556282,14.168504,2041
9724,r2i1p1f1,2041,08,16,0.00804750206953031,31.23489,14.422021,2041
9725,r2i1p1f1,2041,08,17,0.054505355296896596,32.24733,13.739465,2041
9726,r2i1p1f1,2041,08,18,16.379120784722545,30.168945,10.951843,2041
9727,r2i1p1f1,2041,08,19,2.837461936680441,22.237463,9.639591,2041
9728,r2i1p1f1,2041,08,20,0.02218248791905353,27.700935,15.254776,2041
9729,r2i1p1f1,2041,08,21,0.0,30.412193,13.405074,2041
9730,r2i1p1f1,2041,08,22,0.0,30.133497,14.775935,2041
9731,r2i1p1f1,2041,08,23,0.0,31.979776,14.759663,2041
9732,r2i1p1f1,2041,08,24,0.0,33.412994,16.69284,2041
9733,r2i1p1f1,2041,08,25,0.0,32.88505,12.904171,2041
9734,r2i1p1f1,2041,08,26,0.0,30.58677,13.974308,2041
9735,r2i1p1f1,2041,08,27,0.0,32.213142,14.711068,2041
9736,r2i1p1f1,2041,08,28,0.0,34.39492,13.598053,2041
9737,r2i1p1f1,2041,08,29,0.0,35.087715,13.787985,2041
9738,r2i1p1f1,2041,08,30,0.0,36.10462,16.055367,2041
9739,r2i1p1f1,2041,08,31,0.0,35.996197,18.91629,2041
9740,r2i1p1f1,2041,09,01,0.0,35.654007,20.13107,2041
9741,r2i1p1f1,2041,09,02,0.0,34.62494,17.657616,2041
9742,r2i1p1f1,2041,09,03,0.0,35.64517,19.021858,2041
9743,r2i1p1f1,2041,09,04,0.0,36.67724,18.954176,2041
9744,r2i1p1f1,2041,09,05,3.587827652688702,37.0393,18.324226,2041
9745,r2i1p1f1,2041,09,06,1.0969903340267706,33.387756,15.07035,2041
9746,r2i1p1f1,2041,09,07,0.0,31.19441,15.150715,2041
9747,r2i1p1f1,2041,09,08,0.0,31.383524,14.58085,2041
9748,r2i1p1f1,2041,09,09,0.0,31.384787,14.4017725,2041
9749,r2i1p1f1,2041,09,10,0.0,30.957432,14.030674,2041
9750,r2i1p1f1,2041,09,11,0.0,29.883066,11.511459,2041
9751,r2i1p1f1,2041,09,12,0.0,30.686886,13.400053,2041
9752,r2i1p1f1,2041,09,13,0.0,31.155382,13.336711,2041
9753,r2i1p1f1,2041,09,14,0.0,31.760643,14.577035,2041
9754,r2i1p1f1,2041,09,15,0.0,33.289192,16.472874,2041
9755,r2i1p1f1,2041,09,16,0.2809929231375463,31.781742,14.816552,2041
9756,r2i1p1f1,2041,09,17,0.0,28.132215,12.189875,2041
9757,r2i1p1f1,2041,09,18,0.0,29.214474,12.934938,2041
9758,r2i1p1f1,2041,09,19,0.0,30.49747,13.502876,2041
9759,r2i1p1f1,2041,09,20,0.0,31.245443,13.993605,2041
9760,r2i1p1f1,2041,09,21,0.0,29.786333,12.4176035,2041
9761,r2i1p1f1,2041,09,22,0.0,27.076454,8.6938715,2041
9762,r2i1p1f1,2041,09,23,0.0,24.06356,6.370668,2041
9763,r2i1p1f1,2041,09,24,0.0,22.752901,6.9178777,2041
9764,r2i1p1f1,2041,09,25,0.0,27.062853,10.135387,2041
9765,r2i1p1f1,2041,09,26,0.0,31.928602,14.69154,2041
9766,r2i1p1f1,2041,09,27,0.0,33.70198,14.9830475,2041
9767,r2i1p1f1,2041,09,28,0.0,32.873947,17.018635,2041
9768,r2i1p1f1,2041,09,29,0.6975412961992333,30.333527,15.38612,2041
9769,r2i1p1f1,2041,09,30,0.0,28.858437,15.1316395,2041
9770,r2i1p1f1,2041,10,01,0.0,27.392036,11.647914,2041
9771,r2i1p1f1,2041,10,02,0.0,27.289516,10.759409,2041
9772,r2i1p1f1,2041,10,03,0.0,26.89764,9.641632,2041
9773,r2i1p1f1,2041,10,04,0.0,26.698492,8.055091,2041
9774,r2i1p1f1,2041,10,05,0.0,27.203964,8.5970955,2041
9775,r2i1p1f1,2041,10,06,0.0,24.662674,7.2187247,2041
9776,r2i1p1f1,2041,10,07,0.0,21.602034,4.38538,2041
9777,r2i1p1f1,2041,10,08,0.0,20.557716,6.174243,2041
9778,r2i1p1f1,2041,10,09,0.0,20.750978,5.5668283,2041
9779,r2i1p1f1,2041,10,10,4.350597938901046,18.960693,5.114561,2041
9780,r2i1p1f1,2041,10,11,38.1375596948601,12.135079,6.308172,2041
9781,r2i1p1f1,2041,10,12,24.586532656167037,12.704532,6.8392615,2041
9782,r2i1p1f1,2041,10,13,0.0,15.274272,5.1445704,2041
9783,r2i1p1f1,2041,10,14,0.0,20.650719,5.921115,2041
9784,r2i1p1f1,2041,10,15,0.0,21.550539,8.91695,2041
9785,r2i1p1f1,2041,10,16,0.0,19.057877,7.8380823,2041
9786,r2i1p1f1,2041,10,17,0.013410396479685005,18.653343,6.5177355,2041
9787,r2i1p1f1,2041,10,18,0.0,20.611032,6.0273933,2041
9788,r2i1p1f1,2041,10,19,0.0,23.637999,8.132744,2041
9789,r2i1p1f1,2041,10,20,0.0,25.640547,9.7626915,2041
9790,r2i1p1f1,2041,10,21,0.12397937371133594,24.13105,9.061184,2041
9791,r2i1p1f1,2041,10,22,3.2746674798659114,17.462904,5.176235,2041
9792,r2i1p1f1,2041,10,23,0.4759603878000007,13.084576,4.248987,2041
9793,r2i1p1f1,2041,10,24,0.0,19.019112,3.5690105,2041
9794,r2i1p1f1,2041,10,25,0.0,21.601662,7.5304813,2041
9795,r2i1p1f1,2041,10,26,0.0,22.36207,9.270506,2041
9796,r2i1p1f1,2041,10,27,0.251117107745813,20.963112,7.0673904,2041
9797,r2i1p1f1,2041,10,28,0.0,19.862976,6.641062,2041
9798,r2i1p1f1,2041,10,29,0.0,17.288628,5.263031,2041
9799,r2i1p1f1,2041,10,30,0.0,18.59067,3.7341995,2041
9800,r2i1p1f1,2041,10,31,0.0,18.540073,5.246162,2041
9801,r2i1p1f1,2041,11,01,4.373898715948599,16.750893,4.9983044,2041
9802,r2i1p1f1,2041,11,02,0.0,19.111052,7.011387,2041
9803,r2i1p1f1,2041,11,03,0.0,19.214912,5.385493,2041
9804,r2i1p1f1,2041,11,04,0.0,20.847273,4.3325777,2041
9805,r2i1p1f1,2041,11,05,0.029125624996595434,22.042793,5.848544,2041
9806,r2i1p1f1,2041,11,06,1.2057893245582818,15.942189,6.9639845,2041
9807,r2i1p1f1,2041,11,07,68.86957234019064,15.040804,8.235178,2041
9808,r2i1p1f1,2041,11,08,94.08407996816095,12.613523,6.6435876,2041
9809,r2i1p1f1,2041,11,09,19.22169967906484,9.241215,2.2283463,2041
9810,r2i1p1f1,2041,11,10,21.47022403230494,10.288457,2.61522,2041
9811,r2i1p1f1,2041,11,11,11.725217286107181,11.8377285,5.279602,2041
9812,r2i1p1f1,2041,11,12,0.10771438992378535,19.04909,7.6340613,2041
9813,r2i1p1f1,2041,11,13,0.5016087277681436,19.308495,7.6675396,2041
9814,r2i1p1f1,2041,11,14,60.080244633718394,13.377875,6.2872086,2041
9815,r2i1p1f1,2041,11,15,2.1653694900209075,10.719314,0.70804775,2041
9816,r2i1p1f1,2041,11,16,0.0,15.331074,-0.15454425,2041
9817,r2i1p1f1,2041,11,17,0.0,13.417151,1.246059,2041
9818,r2i1p1f1,2041,11,18,0.0,15.488253,2.860501,2041
9819,r2i1p1f1,2041,11,19,0.0,16.796867,2.8293874,2041
9820,r2i1p1f1,2041,11,20,0.0,16.30431,3.8513002,2041
9821,r2i1p1f1,2041,11,21,12.73911048010632,10.751025,3.863611,2041
9822,r2i1p1f1,2041,11,22,21.838528672014945,10.622862,4.1980977,2041
9823,r2i1p1f1,2041,11,23,0.0,11.347081,1.432134,2041
9824,r2i1p1f1,2041,11,24,0.0,12.268546,2.3556643,2041
9825,r2i1p1f1,2041,11,25,4.728791356910733,11.868382,2.2881722,2041
9826,r2i1p1f1,2041,11,26,9.608557061665124,12.362084,4.083846,2041
9827,r2i1p1f1,2041,11,27,0.013942770078756439,11.956505,3.6693432,2041
9828,r2i1p1f1,2041,11,28,18.782998097958625,10.900927,4.018874,2041
9829,r2i1p1f1,2041,11,29,9.75713658630184,11.404423,4.3173466,2041
9830,r2i1p1f1,2041,11,30,1.279549064429375,7.6883535,1.15085,2041
9831,r2i1p1f1,2041,12,01,0.0,13.192497,0.8716906,2041
9832,r2i1p1f1,2041,12,02,0.0,13.579755,2.7155535,2041
9833,r2i1p1f1,2041,12,03,0.0,17.15609,6.058458,2041
9834,r2i1p1f1,2041,12,04,0.0,18.930754,6.1607976,2041
9835,r2i1p1f1,2041,12,05,0.0,14.226098,3.4775875,2041
9836,r2i1p1f1,2041,12,06,0.3010552120045418,11.57803,6.4303536,2041
9837,r2i1p1f1,2041,12,07,25.070271330696414,10.884426,7.0594616,2041
9838,r2i1p1f1,2041,12,08,0.0,10.656724,0.3770469,2041
9839,r2i1p1f1,2041,12,09,0.0,10.886794,-0.5057414,2041
9840,r2i1p1f1,2041,12,10,0.09538817730572191,10.753134,5.830232,2041
9841,r2i1p1f1,2041,12,11,0.0,12.97021,-0.19721232,2041
9842,r2i1p1f1,2041,12,12,0.8818151681452946,14.345756,1.0691317,2041
9843,r2i1p1f1,2041,12,13,26.279771145345876,7.3013177,2.135218,2041
9844,r2i1p1f1,2041,12,14,0.0,8.653718,0.83849204,2041
9845,r2i1p1f1,2041,12,15,0.0,13.839254,1.1901999,2041
9846,r2i1p1f1,2041,12,16,0.0,14.525455,2.5647867,2041
9847,r2i1p1f1,2041,12,17,0.0,13.32851,3.1208436,2041
9848,r2i1p1f1,2041,12,18,0.3728389267678267,13.7579365,3.528163,2041
9849,r2i1p1f1,2041,12,19,0.0,13.481574,1.4653037,2041
9850,r2i1p1f1,2041,12,20,0.0,15.885762,2.7200766,2041
9851,r2i1p1f1,2041,12,21,0.0,17.393135,3.3153465,2041
9852,r2i1p1f1,2041,12,22,0.0,17.987541,4.9180965,2041
9853,r2i1p1f1,2041,12,23,2.206914770806634,14.8784075,5.4255166,2041
9854,r2i1p1f1,2041,12,24,6.6143684637154365,12.206301,3.7378027,2041
9855,r2i1p1f1,2041,12,25,15.932475400040857,9.839734,1.087976,2041
9856,r2i1p1f1,2041,12,26,8.666089118003129,8.211238,-1.7995039,2041
9857,r2i1p1f1,2041,12,27,6.508402086103615,6.575648,1.3589982,2041
9858,r2i1p1f1,2041,12,28,22.61168246932357,8.557278,2.7029672,2041
9859,r2i1p1f1,2041,12,29,26.421692177609657,8.449382,2.7874439,2041
9860,r2i1p1f1,2041,12,30,0.0,6.226206,-3.3920386,2041
9861,r2i1p1f1,2041,12,31,0.0,10.546094,-0.1462743,2041
9862,r2i1p1f1,2042,01,01,0.0,14.813804,3.556469,2042
9863,r2i1p1f1,2042,01,02,0.0,16.91082,5.7415357,2042
9864,r2i1p1f1,2042,01,03,0.0,17.850605,7.432965,2042
9865,r2i1p1f1,2042,01,04,0.0,18.854218,7.1866817,2042
9866,r2i1p1f1,2042,01,05,0.0,16.4027,5.1781063,2042
9867,r2i1p1f1,2042,01,06,0.0,10.758748,-1.3125249,2042
9868,r2i1p1f1,2042,01,07,0.0,10.409888,0.43061262,2042
9869,r2i1p1f1,2042,01,08,0.0,11.942064,2.306285,2042
9870,r2i1p1f1,2042,01,09,0.0,14.510387,2.1248362,2042
9871,r2i1p1f1,2042,01,10,0.0,16.373287,4.4606547,2042
9872,r2i1p1f1,2042,01,11,0.0,17.32914,6.8493,2042
9873,r2i1p1f1,2042,01,12,0.0,16.697206,4.499381,2042
9874,r2i1p1f1,2042,01,13,0.0,13.705455,3.29852,2042
9875,r2i1p1f1,2042,01,14,0.0,16.237778,3.3938715,2042
9876,r2i1p1f1,2042,01,15,0.0,16.255577,4.2080297,2042
9877,r2i1p1f1,2042,01,16,0.0,15.884401,1.8269187,2042
9878,r2i1p1f1,2042,01,17,0.0,15.636915,3.7340558,2042
9879,r2i1p1f1,2042,01,18,0.0,17.335045,5.7480273,2042
9880,r2i1p1f1,2042,01,19,0.0,18.388943,5.016751,2042
9881,r2i1p1f1,2042,01,20,0.28908746297702237,17.009693,4.479238,2042
9882,r2i1p1f1,2042,01,21,21.95014313692809,11.84452,3.4833374,2042
9883,r2i1p1f1,2042,01,22,12.824555006773153,6.4750834,2.0080993,2042
9884,r2i1p1f1,2042,01,23,0.25201840691124744,7.780555,-1.7239015,2042
9885,r2i1p1f1,2042,01,24,11.027703470176675,6.9551234,-2.598685,2042
9886,r2i1p1f1,2042,01,25,31.345447961211903,7.5380325,0.18325704,2042
9887,r2i1p1f1,2042,01,26,11.440194694296224,8.458664,2.85015,2042
9888,r2i1p1f1,2042,01,27,0.0,12.477009,0.14669858,2042
9889,r2i1p1f1,2042,01,28,0.0,14.854946,3.3461397,2042
9890,r2i1p1f1,2042,01,29,0.0,16.356457,5.055612,2042
9891,r2i1p1f1,2042,01,30,0.0,18.754581,5.9402184,2042
9892,r2i1p1f1,2042,01,31,0.0,18.52254,5.9039607,2042
9893,r2i1p1f1,2042,02,01,0.0,19.144466,6.8214865,2042
9894,r2i1p1f1,2042,02,02,0.0,17.986834,4.6749907,2042
9895,r2i1p1f1,2042,02,03,0.0,16.798452,2.902974,2042
9896,r2i1p1f1,2042,02,04,0.0,13.675073,1.2321116,2042
9897,r2i1p1f1,2042,02,05,0.0,13.620589,0.98644614,2042
9898,r2i1p1f1,2042,02,06,0.0,13.94914,1.1495309,2042
9899,r2i1p1f1,2042,02,07,14.18771140924946,15.145623,5.3784137,2042
9900,r2i1p1f1,2042,02,08,30.734931569713808,14.915438,6.732176,2042
9901,r2i1p1f1,2042,02,09,13.474864744421211,11.897679,4.2332025,2042
9902,r2i1p1f1,2042,02,10,45.706806456291815,12.253737,5.224228,2042
9903,r2i1p1f1,2042,02,11,6.271438650588834,11.948061,-1.4768922,2042
9904,r2i1p1f1,2042,02,12,0.0,9.096942,-1.9374003,2042
9905,r2i1p1f1,2042,02,13,0.0,9.209305,-3.2339275,2042
9906,r2i1p1f1,2042,02,14,0.0,9.925965,-1.8133965,2042
9907,r2i1p1f1,2042,02,15,7.476395649484857,8.037993,-0.9140074,2042
9908,r2i1p1f1,2042,02,16,0.01613314916539821,11.51129,-1.8677847,2042
9909,r2i1p1f1,2042,02,17,7.5457259447773595,9.222287,-0.17792633,2042
9910,r2i1p1f1,2042,02,18,9.591277109757357,10.213167,3.5194309,2042
9911,r2i1p1f1,2042,02,19,0.29266218588190895,13.054031,2.6610355,2042
9912,r2i1p1f1,2042,02,20,1.4863290609213209,13.012501,1.6567826,2042
9913,r2i1p1f1,2042,02,21,0.059135720312042395,12.520872,1.6300093,2042
9914,r2i1p1f1,2042,02,22,0.0,12.737054,-0.75346684,2042
9915,r2i1p1f1,2042,02,23,6.4544487642422155,12.806547,-0.08204492,2042
9916,r2i1p1f1,2042,02,24,5.5741617772241625,10.743849,0.63431835,2042
9917,r2i1p1f1,2042,02,25,65.76830037811305,9.70237,4.5365257,2042
9918,r2i1p1f1,2042,02,26,29.924367801868357,13.28681,4.84163,2042
9919,r2i1p1f1,2042,02,27,22.96617956208138,14.773273,5.881069,2042
9920,r2i1p1f1,2042,02,28,54.02486825660162,14.181479,4.872196,2042
9921,r2i1p1f1,2042,03,01,34.87742683246324,8.570595,1.2547554,2042
9922,r2i1p1f1,2042,03,02,3.564696616641072,8.827188,-2.2185092,2042
9923,r2i1p1f1,2042,03,03,28.13665090216091,7.8841724,-1.6902485,2042
9924,r2i1p1f1,2042,03,04,31.26237813849002,8.30106,-4.0212874,2042
9925,r2i1p1f1,2042,03,05,16.819200619465846,10.291061,2.3500998,2042
9926,r2i1p1f1,2042,03,06,33.36415653320728,9.246073,3.5382528,2042
9927,r2i1p1f1,2042,03,07,0.13579938973862227,10.429526,-1.6435329,2042
9928,r2i1p1f1,2042,03,08,0.0,10.993555,0.8878705,2042
9929,r2i1p1f1,2042,03,09,0.0,12.805376,-0.60961217,2042
9930,r2i1p1f1,2042,03,10,20.091447908998816,9.564641,2.5747373,2042
9931,r2i1p1f1,2042,03,11,19.28421903794515,8.860181,1.5834656,2042
9932,r2i1p1f1,2042,03,12,0.0,12.884464,-0.7055584,2042
9933,r2i1p1f1,2042,03,13,0.0,17.343834,1.0955846,2042
9934,r2i1p1f1,2042,03,14,0.0,17.76274,2.5248702,2042
9935,r2i1p1f1,2042,03,15,0.0,17.101425,4.635409,2042
9936,r2i1p1f1,2042,03,16,0.0,17.186167,3.7524168,2042
9937,r2i1p1f1,2042,03,17,0.0,19.806087,3.453688,2042
9938,r2i1p1f1,2042,03,18,0.0,19.699661,3.2947338,2042
9939,r2i1p1f1,2042,03,19,0.0,20.582903,6.740853,2042
9940,r2i1p1f1,2042,03,20,0.0,22.416185,6.614275,2042
9941,r2i1p1f1,2042,03,21,0.0,21.7677,5.9596233,2042
9942,r2i1p1f1,2042,03,22,15.285951718396973,14.696263,3.2129643,2042
9943,r2i1p1f1,2042,03,23,4.445138907942692,9.83481,3.9864933,2042
9944,r2i1p1f1,2042,03,24,7.020306159085976,11.073438,3.7462256,2042
9945,r2i1p1f1,2042,03,25,0.0,15.180174,0.009346962,2042
9946,r2i1p1f1,2042,03,26,0.0,15.594554,2.7881825,2042
9947,r2i1p1f1,2042,03,27,0.49545769769565595,14.268063,3.2501342,2042
9948,r2i1p1f1,2042,03,28,0.0,19.551355,2.5041876,2042
9949,r2i1p1f1,2042,03,29,0.0,21.175201,5.9512196,2042
9950,r2i1p1f1,2042,03,30,0.0,23.550495,8.04643,2042
9951,r2i1p1f1,2042,03,31,0.0,23.141388,7.4312005,2042
9952,r2i1p1f1,2042,04,01,8.868466919534512,16.041887,2.3217998,2042
9953,r2i1p1f1,2042,04,02,12.039092469785828,10.75578,3.9323862,2042
9954,r2i1p1f1,2042,04,03,0.004774283479491714,15.695311,4.5678716,2042
9955,r2i1p1f1,2042,04,04,0.002894468946124107,15.673828,5.0819106,2042
9956,r2i1p1f1,2042,04,05,0.0,20.788267,2.7281523,2042
9957,r2i1p1f1,2042,04,06,0.0,22.061592,7.34603,2042
9958,r2i1p1f1,2042,04,07,0.0,20.502783,7.720157,2042
9959,r2i1p1f1,2042,04,08,0.0,19.954475,4.838644,2042
9960,r2i1p1f1,2042,04,09,2.366538825162934,19.402296,3.9787395,2042
9961,r2i1p1f1,2042,04,10,0.0,14.338813,0.8863267,2042
9962,r2i1p1f1,2042,04,11,0.0,21.21386,4.938888,2042
9963,r2i1p1f1,2042,04,12,0.0,23.432259,8.924436,2042
9964,r2i1p1f1,2042,04,13,0.0,21.326595,6.243281,2042
9965,r2i1p1f1,2042,04,14,0.34364279425886934,18.765394,2.6312318,2042
9966,r2i1p1f1,2042,04,15,0.0035286219599584,15.139971,2.8277931,2042
9967,r2i1p1f1,2042,04,16,0.0,17.99135,1.8093976,2042
9968,r2i1p1f1,2042,04,17,0.0,22.199045,5.5890427,2042
9969,r2i1p1f1,2042,04,18,0.0,23.35207,7.2380075,2042
9970,r2i1p1f1,2042,04,19,0.0,22.633318,6.623406,2042
9971,r2i1p1f1,2042,04,20,0.0,20.677094,4.8104305,2042
9972,r2i1p1f1,2042,04,21,0.0,25.46622,8.787015,2042
9973,r2i1p1f1,2042,04,22,0.0,27.880936,11.355095,2042
9974,r2i1p1f1,2042,04,23,0.0,27.801807,10.4343605,2042
9975,r2i1p1f1,2042,04,24,16.52583164122916,17.848305,0.95996296,2042
9976,r2i1p1f1,2042,04,25,6.460990791237009,13.921775,0.8696856,2042
9977,r2i1p1f1,2042,04,26,4.497303509984363,15.017177,5.3559895,2042
9978,r2i1p1f1,2042,04,27,56.538577828905545,17.09081,4.534601,2042
9979,r2i1p1f1,2042,04,28,0.0,16.473215,2.2431772,2042
9980,r2i1p1f1,2042,04,29,0.007575517702207435,18.079672,5.004843,2042
9981,r2i1p1f1,2042,04,30,0.019520787418514374,16.635418,4.256937,2042
9982,r2i1p1f1,2042,05,01,0.0,17.392654,0.5609235,2042
9983,r2i1p1f1,2042,05,02,0.024761093936831458,16.520931,-1.6654474,2042
9984,r2i1p1f1,2042,05,03,4.736307240591486,10.906057,3.0177572,2042
9985,r2i1p1f1,2042,05,04,7.852201795026303,10.697384,3.459163,2042
9986,r2i1p1f1,2042,05,05,19.00850214260572,10.212499,2.46503,2042
9987,r2i1p1f1,2042,05,06,61.097699654783355,8.625644,3.637271,2042
9988,r2i1p1f1,2042,05,07,2.194130707908215,13.377428,1.8480443,2042
9989,r2i1p1f1,2042,05,08,0.0,18.433132,1.1591856,2042
9990,r2i1p1f1,2042,05,09,0.0,20.726473,4.152867,2042
9991,r2i1p1f1,2042,05,10,0.0,22.298563,6.3081975,2042
9992,r2i1p1f1,2042,05,11,0.0,22.453512,6.911833,2042
9993,r2i1p1f1,2042,05,12,0.0,25.423616,9.141789,2042
9994,r2i1p1f1,2042,05,13,0.0,27.42217,11.254381,2042
9995,r2i1p1f1,2042,05,14,0.0,29.131666,12.6367035,2042
9996,r2i1p1f1,2042,05,15,0.0,29.868042,12.695731,2042
9997,r2i1p1f1,2042,05,16,0.0,30.193176,12.445442,2042
9998,r2i1p1f1,2042,05,17,0.0,26.441948,11.341115,2042
9999,r2i1p1f1,2042,05,18,0.0,27.156773,11.087455,2042
10000,r2i1p1f1,2042,05,19,0.0,27.961327,12.249158,2042
10001,r2i1p1f1,2042,05,20,0.0,29.539164,14.300731,2042
10002,r2i1p1f1,2042,05,21,0.0,31.26101,15.467305,2042
10003,r2i1p1f1,2042,05,22,0.0,32.20221,14.287693,2042
10004,r2i1p1f1,2042,05,23,0.0,31.90316,13.371423,2042
10005,r2i1p1f1,2042,05,24,0.0,30.819132,11.542192,2042
10006,r2i1p1f1,2042,05,25,0.0,29.700714,12.131802,2042
10007,r2i1p1f1,2042,05,26,0.0,25.80368,11.034069,2042
10008,r2i1p1f1,2042,05,27,0.0,24.86321,7.6757627,2042
10009,r2i1p1f1,2042,05,28,0.0,20.585785,2.9042726,2042
10010,r2i1p1f1,2042,05,29,0.0,25.779951,7.6347876,2042
10011,r2i1p1f1,2042,05,30,0.0,26.270073,8.455061,2042
10012,r2i1p1f1,2042,05,31,0.0,23.657064,6.898163,2042
10013,r2i1p1f1,2042,06,01,0.0,23.597168,7.7421627,2042
10014,r2i1p1f1,2042,06,02,0.0,23.330341,6.876182,2042
10015,r2i1p1f1,2042,06,03,0.0,21.869629,4.6918507,2042
10016,r2i1p1f1,2042,06,04,0.0,23.34402,6.1689844,2042
10017,r2i1p1f1,2042,06,05,0.0,30.476156,13.347613,2042
10018,r2i1p1f1,2042,06,06,0.0,33.41956,13.115576,2042
10019,r2i1p1f1,2042,06,07,0.0,34.30203,14.379588,2042
10020,r2i1p1f1,2042,06,08,0.0,34.478294,15.728721,2042
10021,r2i1p1f1,2042,06,09,0.0,34.995285,15.956229,2042
10022,r2i1p1f1,2042,06,10,0.0,34.416367,14.029508,2042
10023,r2i1p1f1,2042,06,11,0.0,28.980062,9.2404375,2042
10024,r2i1p1f1,2042,06,12,0.0,24.662119,9.208915,2042
10025,r2i1p1f1,2042,06,13,0.0,28.691135,12.947222,2042
10026,r2i1p1f1,2042,06,14,0.0,29.704262,10.377188,2042
10027,r2i1p1f1,2042,06,15,0.0,30.085297,8.087543,2042
10028,r2i1p1f1,2042,06,16,4.636335111592871,26.377348,7.4442782,2042
10029,r2i1p1f1,2042,06,17,0.661409107954114,21.061682,5.7370386,2042
10030,r2i1p1f1,2042,06,18,0.0,24.28542,7.7371097,2042
10031,r2i1p1f1,2042,06,19,0.0,24.78647,7.8337293,2042
10032,r2i1p1f1,2042,06,20,0.0,25.352303,8.197955,2042
10033,r2i1p1f1,2042,06,21,0.0,25.25715,9.283957,2042
10034,r2i1p1f1,2042,06,22,0.0,27.924616,11.777644,2042
10035,r2i1p1f1,2042,06,23,0.0,28.68827,12.047314,2042
10036,r2i1p1f1,2042,06,24,0.0,29.465385,10.857208,2042
10037,r2i1p1f1,2042,06,25,0.0,26.855328,7.9507427,2042
10038,r2i1p1f1,2042,06,26,0.0,23.8453,6.232168,2042
10039,r2i1p1f1,2042,06,27,0.0,25.990976,9.011665,2042
10040,r2i1p1f1,2042,06,28,0.0,34.221664,13.948685,2042
10041,r2i1p1f1,2042,06,29,0.0,39.4019,20.008804,2042
10042,r2i1p1f1,2042,06,30,0.0,39.13081,20.576244,2042
10043,r2i1p1f1,2042,07,01,0.0,39.037502,20.516903,2042
10044,r2i1p1f1,2042,07,02,0.0,36.988895,16.907501,2042
10045,r2i1p1f1,2042,07,03,0.0,36.60843,17.662933,2042
10046,r2i1p1f1,2042,07,04,0.0,38.166058,20.699968,2042
10047,r2i1p1f1,2042,07,05,0.0,39.251614,20.591215,2042
10048,r2i1p1f1,2042,07,06,0.0,39.783146,21.708946,2042
10049,r2i1p1f1,2042,07,07,0.0,36.134754,18.78164,2042
10050,r2i1p1f1,2042,07,08,0.0,35.782867,16.72306,2042
10051,r2i1p1f1,2042,07,09,0.0,33.16679,14.758945,2042
10052,r2i1p1f1,2042,07,10,0.0,32.980843,15.574017,2042
10053,r2i1p1f1,2042,07,11,0.0,34.63389,16.543875,2042
10054,r2i1p1f1,2042,07,12,0.0,35.70171,18.255459,2042
10055,r2i1p1f1,2042,07,13,0.0,35.512344,17.08033,2042
10056,r2i1p1f1,2042,07,14,0.0,36.808414,19.204216,2042
10057,r2i1p1f1,2042,07,15,0.0,38.9718,20.25895,2042
10058,r2i1p1f1,2042,07,16,0.0,40.217876,20.87296,2042
10059,r2i1p1f1,2042,07,17,0.0,40.391697,20.87628,2042
10060,r2i1p1f1,2042,07,18,0.0,40.226234,20.973248,2042
10061,r2i1p1f1,2042,07,19,0.0,37.722897,16.346857,2042
10062,r2i1p1f1,2042,07,20,0.0,34.66144,13.196608,2042
10063,r2i1p1f1,2042,07,21,0.0,31.669138,12.419376,2042
10064,r2i1p1f1,2042,07,22,0.0,30.366661,13.249337,2042
10065,r2i1p1f1,2042,07,23,0.0,31.546906,12.463918,2042
10066,r2i1p1f1,2042,07,24,0.0,31.73664,14.283749,2042
10067,r2i1p1f1,2042,07,25,0.0,30.707563,11.767617,2042
10068,r2i1p1f1,2042,07,26,0.0,32.15936,12.694098,2042
10069,r2i1p1f1,2042,07,27,0.0,32.58495,13.107073,2042
10070,r2i1p1f1,2042,07,28,0.0,33.56093,14.386647,2042
10071,r2i1p1f1,2042,07,29,0.0,33.855682,17.428188,2042
10072,r2i1p1f1,2042,07,30,0.009943388431565836,34.011616,14.455251,2042
10073,r2i1p1f1,2042,07,31,0.31623488061995886,29.035034,10.289762,2042
10074,r2i1p1f1,2042,08,01,0.615166192255856,32.928898,13.253907,2042
10075,r2i1p1f1,2042,08,02,0.05241178650976508,35.81678,17.696262,2042
10076,r2i1p1f1,2042,08,03,0.0,36.53936,19.968681,2042
10077,r2i1p1f1,2042,08,04,1.333467577569536,35.812195,15.554903,2042
10078,r2i1p1f1,2042,08,05,0.007194123645604122,33.638836,16.959991,2042
10079,r2i1p1f1,2042,08,06,0.008391116443817737,34.096943,14.758549,2042
10080,r2i1p1f1,2042,08,07,0.0,33.13101,16.904438,2042
10081,r2i1p1f1,2042,08,08,0.03187462634741678,33.628796,15.802078,2042
10082,r2i1p1f1,2042,08,09,0.0,32.095528,10.268596,2042
10083,r2i1p1f1,2042,08,10,0.0,31.527035,13.544354,2042
10084,r2i1p1f1,2042,08,11,0.0,32.031197,13.223203,2042
10085,r2i1p1f1,2042,08,12,0.0,32.86296,18.973976,2042
10086,r2i1p1f1,2042,08,13,0.0,34.6029,16.47484,2042
10087,r2i1p1f1,2042,08,14,0.0,34.151825,11.896632,2042
10088,r2i1p1f1,2042,08,15,0.0,31.321428,10.482838,2042
10089,r2i1p1f1,2042,08,16,0.0,29.495718,11.84845,2042
10090,r2i1p1f1,2042,08,17,0.0,29.285631,11.137043,2042
10091,r2i1p1f1,2042,08,18,0.0,31.255877,12.090582,2042
10092,r2i1p1f1,2042,08,19,0.0,27.45983,9.688582,2042
10093,r2i1p1f1,2042,08,20,0.0,26.899717,10.071171,2042
10094,r2i1p1f1,2042,08,21,0.0,26.776821,8.2836895,2042
10095,r2i1p1f1,2042,08,22,0.0,27.973835,8.582729,2042
10096,r2i1p1f1,2042,08,23,0.0,32.490295,12.993253,2042
10097,r2i1p1f1,2042,08,24,0.0,35.662003,16.719374,2042
10098,r2i1p1f1,2042,08,25,0.290991430529175,37.160652,16.249964,2042
10099,r2i1p1f1,2042,08,26,0.0,34.309902,18.833702,2042
10100,r2i1p1f1,2042,08,27,0.0,35.69243,16.394491,2042
10101,r2i1p1f1,2042,08,28,0.0,35.623394,15.632387,2042
10102,r2i1p1f1,2042,08,29,0.0,35.26172,16.086077,2042
10103,r2i1p1f1,2042,08,30,0.0,35.779934,15.601924,2042
10104,r2i1p1f1,2042,08,31,0.0,35.097233,14.580065,2042
10105,r2i1p1f1,2042,09,01,0.0,32.9843,15.130802,2042
10106,r2i1p1f1,2042,09,02,0.026819655249710195,33.129337,15.542238,2042
10107,r2i1p1f1,2042,09,03,0.0,33.021576,14.01388,2042
10108,r2i1p1f1,2042,09,04,0.0,31.38326,13.571024,2042
10109,r2i1p1f1,2042,09,05,0.0,29.573677,12.553836,2042
10110,r2i1p1f1,2042,09,06,0.0,26.192915,8.985433,2042
10111,r2i1p1f1,2042,09,07,0.0,25.68491,8.727535,2042
10112,r2i1p1f1,2042,09,08,0.0,27.700314,10.524352,2042
10113,r2i1p1f1,2042,09,09,0.0,33.134457,14.696472,2042
10114,r2i1p1f1,2042,09,10,0.0,32.59057,15.19792,2042
10115,r2i1p1f1,2042,09,11,0.0,31.755493,17.025534,2042
10116,r2i1p1f1,2042,09,12,0.0,31.733887,15.403734,2042
10117,r2i1p1f1,2042,09,13,0.0,28.383226,9.628795,2042
10118,r2i1p1f1,2042,09,14,0.0029328233836167783,24.376472,6.840227,2042
10119,r2i1p1f1,2042,09,15,0.0,24.95882,6.437925,2042
10120,r2i1p1f1,2042,09,16,0.0,26.274717,10.856394,2042
10121,r2i1p1f1,2042,09,17,0.0,27.07248,10.526684,2042
10122,r2i1p1f1,2042,09,18,0.0,25.214859,7.563168,2042
10123,r2i1p1f1,2042,09,19,0.0,24.33688,7.8654733,2042
10124,r2i1p1f1,2042,09,20,0.0,24.173332,9.457903,2042
10125,r2i1p1f1,2042,09,21,0.0,24.52123,9.694665,2042
10126,r2i1p1f1,2042,09,22,0.0,25.39497,10.430564,2042
10127,r2i1p1f1,2042,09,23,0.0,29.50821,12.663428,2042
10128,r2i1p1f1,2042,09,24,0.0,32.531235,15.451238,2042
10129,r2i1p1f1,2042,09,25,0.0,33.134624,15.961941,2042
10130,r2i1p1f1,2042,09,26,0.0,33.58206,16.601236,2042
10131,r2i1p1f1,2042,09,27,0.0,32.827095,14.101135,2042
10132,r2i1p1f1,2042,09,28,0.0,30.65784,13.071102,2042
10133,r2i1p1f1,2042,09,29,0.0,27.980658,12.211333,2042
10134,r2i1p1f1,2042,09,30,0.0,27.167397,10.410981,2042
10135,r2i1p1f1,2042,10,01,0.0,26.051828,7.662167,2042
10136,r2i1p1f1,2042,10,02,0.0,26.675632,9.338721,2042
10137,r2i1p1f1,2042,10,03,0.0,29.23247,11.91847,2042
10138,r2i1p1f1,2042,10,04,0.0,31.067509,15.202805,2042
10139,r2i1p1f1,2042,10,05,0.0,31.256523,13.474629,2042
10140,r2i1p1f1,2042,10,06,0.0,29.486397,11.717264,2042
10141,r2i1p1f1,2042,10,07,0.0,31.183123,13.108847,2042
10142,r2i1p1f1,2042,10,08,0.0,32.911846,14.135972,2042
10143,r2i1p1f1,2042,10,09,1.9150854752297164,31.50409,13.71727,2042
10144,r2i1p1f1,2042,10,10,4.110625643262811,23.215319,9.477673,2042
10145,r2i1p1f1,2042,10,11,27.596741197521624,15.4080305,9.123699,2042
10146,r2i1p1f1,2042,10,12,3.096841795252203,17.951057,7.839182,2042
10147,r2i1p1f1,2042,10,13,0.0,22.823143,9.974438,2042
10148,r2i1p1f1,2042,10,14,0.0,25.085619,9.895905,2042
10149,r2i1p1f1,2042,10,15,0.0,27.612774,10.561666,2042
10150,r2i1p1f1,2042,10,16,0.3405357473297954,28.133131,11.732259,2042
10151,r2i1p1f1,2042,10,17,0.022327199212668347,26.188026,10.899236,2042
10152,r2i1p1f1,2042,10,18,5.144281880484414,21.378916,8.7561455,2042
10153,r2i1p1f1,2042,10,19,1.8829691616019772,21.46975,10.235607,2042
10154,r2i1p1f1,2042,10,20,0.0,24.206467,11.008007,2042
10155,r2i1p1f1,2042,10,21,0.0,25.16363,10.526988,2042
10156,r2i1p1f1,2042,10,22,0.0,27.231367,12.648279,2042
10157,r2i1p1f1,2042,10,23,0.5658033614963642,23.943026,11.073917,2042
10158,r2i1p1f1,2042,10,24,0.0,22.91108,10.430676,2042
10159,r2i1p1f1,2042,10,25,0.0,23.568388,8.754718,2042
10160,r2i1p1f1,2042,10,26,0.0,19.740347,6.314406,2042
10161,r2i1p1f1,2042,10,27,0.0,19.266947,2.3307042,2042
10162,r2i1p1f1,2042,10,28,0.0,20.648243,4.430129,2042
10163,r2i1p1f1,2042,10,29,0.0,20.988338,7.775556,2042
10164,r2i1p1f1,2042,10,30,0.0,21.256922,8.49253,2042
10165,r2i1p1f1,2042,10,31,12.885744718732894,16.241816,9.480988,2042
10166,r2i1p1f1,2042,11,01,7.520420246282811,15.177019,6.936882,2042
10167,r2i1p1f1,2042,11,02,0.0,18.484737,5.2495923,2042
10168,r2i1p1f1,2042,11,03,0.0,21.44811,8.770565,2042
10169,r2i1p1f1,2042,11,04,0.0,22.013382,7.841218,2042
10170,r2i1p1f1,2042,11,05,0.0,21.663101,8.015633,2042
10171,r2i1p1f1,2042,11,06,0.0,20.266796,8.000804,2042
10172,r2i1p1f1,2042,11,07,0.0,19.189419,6.26418,2042
10173,r2i1p1f1,2042,11,08,0.0,17.499071,6.1850414,2042
10174,r2i1p1f1,2042,11,09,0.0,18.130632,3.8893018,2042
10175,r2i1p1f1,2042,11,10,0.0,19.00388,5.5073833,2042
10176,r2i1p1f1,2042,11,11,0.0,20.671774,4.350664,2042
10177,r2i1p1f1,2042,11,12,0.40090854084411376,17.190737,6.327428,2042
10178,r2i1p1f1,2042,11,13,1.5627930056780315,12.379618,6.882031,2042
10179,r2i1p1f1,2042,11,14,6.8466025998759505,13.378561,6.489668,2042
10180,r2i1p1f1,2042,11,15,0.0,20.751991,5.447568,2042
10181,r2i1p1f1,2042,11,16,0.0,18.40108,4.865719,2042
10182,r2i1p1f1,2042,11,17,3.07303363755409,14.828356,6.9601383,2042
10183,r2i1p1f1,2042,11,18,0.04129066210225574,17.9916,6.6383057,2042
10184,r2i1p1f1,2042,11,19,0.20076510623994182,16.54614,4.7197285,2042
10185,r2i1p1f1,2042,11,20,0.00831634868063702,16.049513,3.8439379,2042
10186,r2i1p1f1,2042,11,21,0.04897784973536545,16.265081,2.6907802,2042
10187,r2i1p1f1,2042,11,22,25.742325630744745,12.820048,4.396742,2042
10188,r2i1p1f1,2042,11,23,0.0,10.217732,3.1771703,2042
10189,r2i1p1f1,2042,11,24,0.0,12.681564,-0.12353272,2042
10190,r2i1p1f1,2042,11,25,0.0,14.418621,2.1990316,2042
10191,r2i1p1f1,2042,11,26,0.0,16.004387,1.4266714,2042
10192,r2i1p1f1,2042,11,27,0.0,17.886612,3.2661967,2042
10193,r2i1p1f1,2042,11,28,0.0,18.626892,6.856378,2042
10194,r2i1p1f1,2042,11,29,1.58979397664325,16.592949,5.26898,2042
10195,r2i1p1f1,2042,11,30,0.0,13.619938,3.3896828,2042
10196,r2i1p1f1,2042,12,01,1.7311973445572448,13.795157,8.124799,2042
10197,r2i1p1f1,2042,12,02,0.0,13.852924,1.9394995,2042
10198,r2i1p1f1,2042,12,03,0.0,16.64534,5.181677,2042
10199,r2i1p1f1,2042,12,04,0.0,16.734703,4.938963,2042
10200,r2i1p1f1,2042,12,05,0.0,13.729473,-0.5905759,2042
10201,r2i1p1f1,2042,12,06,0.0,12.192361,-0.43102667,2042
10202,r2i1p1f1,2042,12,07,0.0,13.836997,2.233041,2042
10203,r2i1p1f1,2042,12,08,0.0,13.413407,1.2333066,2042
10204,r2i1p1f1,2042,12,09,0.0,12.941326,-0.46465576,2042
10205,r2i1p1f1,2042,12,10,0.0,11.381365,0.40161568,2042
10206,r2i1p1f1,2042,12,11,0.0,11.176853,0.47524235,2042
10207,r2i1p1f1,2042,12,12,4.591797971613687,11.15083,3.6732988,2042
10208,r2i1p1f1,2042,12,13,22.103301125935104,11.35993,1.8369306,2042
10209,r2i1p1f1,2042,12,14,1.619437368299259,8.017217,-1.0794854,2042
10210,r2i1p1f1,2042,12,15,0.0,8.159445,-3.480998,2042
10211,r2i1p1f1,2042,12,16,21.98283957259264,8.018687,2.85398,2042
10212,r2i1p1f1,2042,12,17,0.0,11.092739,4.3043694,2042
10213,r2i1p1f1,2042,12,18,0.0,13.730368,2.170645,2042
10214,r2i1p1f1,2042,12,19,0.0,15.884537,5.245327,2042
10215,r2i1p1f1,2042,12,20,0.0,15.336936,4.4303665,2042
10216,r2i1p1f1,2042,12,21,0.07651270734641002,13.457705,1.6708728,2042
10217,r2i1p1f1,2042,12,22,12.35160907745012,10.245285,1.6130954,2042
10218,r2i1p1f1,2042,12,23,19.49966853994738,11.675716,4.489658,2042
10219,r2i1p1f1,2042,12,24,4.2392227290804385,10.735657,-0.07439682,2042
10220,r2i1p1f1,2042,12,25,29.840970023542468,7.829746,4.0910163,2042
10221,r2i1p1f1,2042,12,26,8.145344715558167,8.36477,3.42234,2042
10222,r2i1p1f1,2042,12,27,0.0,12.152576,-0.6640164,2042
10223,r2i1p1f1,2042,12,28,0.0,12.314899,0.17664883,2042
10224,r2i1p1f1,2042,12,29,0.0,10.995336,1.4808265,2042
10225,r2i1p1f1,2042,12,30,0.0,11.060183,0.77834165,2042
10226,r2i1p1f1,2042,12,31,0.0,12.8245735,0.96161526,2042
10227,r2i1p1f1,2043,01,01,0.0,15.404988,3.0956204,2043
10228,r2i1p1f1,2043,01,02,0.0,16.274384,4.02494,2043
10229,r2i1p1f1,2043,01,03,15.637027656339342,10.885898,-0.53854436,2043
10230,r2i1p1f1,2043,01,04,6.4459814234851365,8.480853,2.1797564,2043
10231,r2i1p1f1,2043,01,05,0.015987401695838344,9.774321,4.9716935,2043
10232,r2i1p1f1,2043,01,06,0.0,15.459732,4.1583138,2043
10233,r2i1p1f1,2043,01,07,0.0,17.154034,4.0552874,2043
10234,r2i1p1f1,2043,01,08,0.0,16.856598,4.2452817,2043
10235,r2i1p1f1,2043,01,09,9.696377251134436,15.464074,5.362382,2043
10236,r2i1p1f1,2043,01,10,29.17982700673747,11.748799,7.0610557,2043
10237,r2i1p1f1,2043,01,11,19.757377344285487,11.750054,5.3917727,2043
10238,r2i1p1f1,2043,01,12,42.04804860710283,12.455797,5.6309295,2043
10239,r2i1p1f1,2043,01,13,22.183858827611402,12.557428,5.7342367,2043
10240,r2i1p1f1,2043,01,14,0.6139616948622972,11.352203,6.1522193,2043
10241,r2i1p1f1,2043,01,15,7.041486514560802,12.0734,6.9565473,2043
10242,r2i1p1f1,2043,01,16,0.0,14.365666,1.3135923,2043
10243,r2i1p1f1,2043,01,17,0.0,14.07985,1.7362355,2043
10244,r2i1p1f1,2043,01,18,0.0,15.024822,2.6475801,2043
10245,r2i1p1f1,2043,01,19,0.0,15.605358,2.8109703,2043
10246,r2i1p1f1,2043,01,20,0.0,14.809736,1.4799776,2043
10247,r2i1p1f1,2043,01,21,0.0,13.491543,2.1091454,2043
10248,r2i1p1f1,2043,01,22,0.0,12.644067,2.9506755,2043
10249,r2i1p1f1,2043,01,23,3.048721116414299,10.127879,4.6217246,2043
10250,r2i1p1f1,2043,01,24,0.0,13.400578,1.4530089,2043
10251,r2i1p1f1,2043,01,25,0.14963850306912718,12.734015,-0.51729786,2043
10252,r2i1p1f1,2043,01,26,8.516551223692659,9.202515,3.5605054,2043
10253,r2i1p1f1,2043,01,27,0.0,9.779907,0.047982853,2043
10254,r2i1p1f1,2043,01,28,5.51606244251559,8.6579895,2.5294385,2043
10255,r2i1p1f1,2043,01,29,0.38586753596518975,9.568974,5.097439,2043
10256,r2i1p1f1,2043,01,30,0.9349349650562999,11.188389,3.0156636,2043
10257,r2i1p1f1,2043,01,31,0.0,15.495207,3.1482687,2043
10258,r2i1p1f1,2043,02,01,0.0,17.839367,3.5774662,2043
10259,r2i1p1f1,2043,02,02,0.718286288474701,16.722237,5.891531,2043
10260,r2i1p1f1,2043,02,03,0.0,16.98134,4.0058293,2043
10261,r2i1p1f1,2043,02,04,0.0,16.57986,5.131033,2043
10262,r2i1p1f1,2043,02,05,0.0,15.822247,5.323852,2043
10263,r2i1p1f1,2043,02,06,0.0,17.243784,5.043385,2043
10264,r2i1p1f1,2043,02,07,10.731079733864135,15.579839,4.1041145,2043
10265,r2i1p1f1,2043,02,08,49.62068817112595,13.813071,8.564751,2043
10266,r2i1p1f1,2043,02,09,22.859715980484907,13.251457,3.02983,2043
10267,r2i1p1f1,2043,02,10,9.607091146335733,12.987602,2.7750611,2043
10268,r2i1p1f1,2043,02,11,0.0,13.205339,1.6157824,2043
10269,r2i1p1f1,2043,02,12,0.0,14.662684,3.2211194,2043
10270,r2i1p1f1,2043,02,13,0.0,14.444631,2.9523609,2043
10271,r2i1p1f1,2043,02,14,0.0,14.617959,3.6230006,2043
10272,r2i1p1f1,2043,02,15,0.0,16.915056,3.5359929,2043
10273,r2i1p1f1,2043,02,16,0.0,17.878914,4.247793,2043
10274,r2i1p1f1,2043,02,17,0.008984799933386967,19.432951,6.1026583,2043
10275,r2i1p1f1,2043,02,18,16.581131575912877,13.733774,2.3204892,2043
10276,r2i1p1f1,2043,02,19,0.5487190085602833,7.9294662,-1.1635107,2043
10277,r2i1p1f1,2043,02,20,1.5839451683063999,10.561191,1.0754516,2043
10278,r2i1p1f1,2043,02,21,0.0,12.408289,2.6274545,2043
10279,r2i1p1f1,2043,02,22,0.0,14.743062,1.7738757,2043
10280,r2i1p1f1,2043,02,23,0.0,14.888387,2.6368036,2043
10281,r2i1p1f1,2043,02,24,0.0,15.498394,2.7823493,2043
10282,r2i1p1f1,2043,02,25,0.0,14.942158,3.289432,2043
10283,r2i1p1f1,2043,02,26,0.0,15.262608,4.1284957,2043
10284,r2i1p1f1,2043,02,27,0.0,16.351095,2.1701524,2043
10285,r2i1p1f1,2043,02,28,0.0,16.54085,5.3052883,2043
10286,r2i1p1f1,2043,03,01,57.11414803226944,8.971725,5.2787232,2043
10287,r2i1p1f1,2043,03,02,6.208398790340652,6.5613475,-2.6239524,2043
10288,r2i1p1f1,2043,03,03,0.0,13.881886,0.25347736,2043
10289,r2i1p1f1,2043,03,04,0.0,15.147997,0.15365791,2043
10290,r2i1p1f1,2043,03,05,0.0,14.518367,1.1997685,2043
10291,r2i1p1f1,2043,03,06,26.970931110736274,13.308596,4.993434,2043
10292,r2i1p1f1,2043,03,07,24.166657817568193,9.60409,-1.2392564,2043
10293,r2i1p1f1,2043,03,08,0.10854196497120938,9.167766,-0.12607548,2043
10294,r2i1p1f1,2043,03,09,1.8611738874938055,8.608471,0.47638184,2043
10295,r2i1p1f1,2043,03,10,1.0799015046245586,9.693458,0.29419798,2043
10296,r2i1p1f1,2043,03,11,0.35595367053247173,16.201925,1.9938251,2043
10297,r2i1p1f1,2043,03,12,1.5237564537926573,15.219918,3.5335076,2043
10298,r2i1p1f1,2043,03,13,0.6031082456615877,13.4557,7.7057114,2043
10299,r2i1p1f1,2043,03,14,0.04037278013129253,13.718988,6.9164824,2043
10300,r2i1p1f1,2043,03,15,2.2081674330195256,13.336592,0.8550818,2043
10301,r2i1p1f1,2043,03,16,0.2999205913511105,11.243818,1.2469937,2043
10302,r2i1p1f1,2043,03,17,0.0,15.607799,-0.6048543,2043
10303,r2i1p1f1,2043,03,18,0.0,17.762804,4.1042924,2043
10304,r2i1p1f1,2043,03,19,0.391751952111008,17.918892,4.2016006,2043
10305,r2i1p1f1,2043,03,20,10.222172226531256,9.721739,2.3184063,2043
10306,r2i1p1f1,2043,03,21,0.0,14.858553,-1.3724332,2043
10307,r2i1p1f1,2043,03,22,0.0,16.128878,4.1757984,2043
10308,r2i1p1f1,2043,03,23,0.0,16.295412,3.845904,2043
10309,r2i1p1f1,2043,03,24,0.0,19.616701,2.9372478,2043
10310,r2i1p1f1,2043,03,25,0.0,20.581936,4.751033,2043
10311,r2i1p1f1,2043,03,26,11.222526481651585,14.98827,5.5512004,2043
10312,r2i1p1f1,2043,03,27,0.0,14.938263,1.4605689,2043
10313,r2i1p1f1,2043,03,28,0.0,15.381687,1.76161,2043
10314,r2i1p1f1,2043,03,29,7.762812679925446,12.778603,0.8228719,2043
10315,r2i1p1f1,2043,03,30,27.16697800115071,11.975996,2.7904046,2043
10316,r2i1p1f1,2043,03,31,0.0,19.555183,2.8059964,2043
10317,r2i1p1f1,2043,04,01,0.0,21.072994,5.9240727,2043
10318,r2i1p1f1,2043,04,02,0.0,21.911568,5.869588,2043
10319,r2i1p1f1,2043,04,03,0.0,21.558071,7.8864956,2043
10320,r2i1p1f1,2043,04,04,0.0,20.091732,7.0156775,2043
10321,r2i1p1f1,2043,04,05,0.0,19.06094,7.580061,2043
10322,r2i1p1f1,2043,04,06,6.708824306133465,15.4747925,4.6843696,2043
10323,r2i1p1f1,2043,04,07,7.533972802420408,11.512398,0.15939729,2043
10324,r2i1p1f1,2043,04,08,0.0,13.67492,-2.0223143,2043
10325,r2i1p1f1,2043,04,09,0.11807352566393092,13.255859,2.5719638,2043
10326,r2i1p1f1,2043,04,10,0.0,14.553441,-0.78393877,2043
10327,r2i1p1f1,2043,04,11,2.705370780057592,12.411943,2.6594298,2043
10328,r2i1p1f1,2043,04,12,0.07535448767157504,15.617733,3.1710713,2043
10329,r2i1p1f1,2043,04,13,0.0,18.474115,3.114893,2043
10330,r2i1p1f1,2043,04,14,0.0,19.420303,2.5653696,2043
10331,r2i1p1f1,2043,04,15,11.880252169248706,17.89959,3.070885,2043
10332,r2i1p1f1,2043,04,16,34.15855384118913,11.1646805,4.9924135,2043
10333,r2i1p1f1,2043,04,17,0.07058932526717854,10.957653,1.1474519,2043
10334,r2i1p1f1,2043,04,18,2.139960277196451,10.175408,3.8204167,2043
10335,r2i1p1f1,2043,04,19,0.0,12.080459,2.693415,2043
10336,r2i1p1f1,2043,04,20,15.946512863934004,9.928738,0.64676934,2043
10337,r2i1p1f1,2043,04,21,1.301693865246989,9.356804,-2.0706625,2043
10338,r2i1p1f1,2043,04,22,0.0,12.625102,0.6407945,2043
10339,r2i1p1f1,2043,04,23,13.33954462352267,9.335229,2.5056527,2043
10340,r2i1p1f1,2043,04,24,14.91770474540317,7.6989346,-0.61014235,2043
10341,r2i1p1f1,2043,04,25,0.40440138034227857,10.9744,-0.411732,2043
10342,r2i1p1f1,2043,04,26,0.26457974640834436,11.777439,3.1501465,2043
10343,r2i1p1f1,2043,04,27,0.10174392579642699,13.754332,4.227461,2043
10344,r2i1p1f1,2043,04,28,0.002114690460075508,18.557644,2.6915293,2043
10345,r2i1p1f1,2043,04,29,0.0,18.951359,3.871745,2043
10346,r2i1p1f1,2043,04,30,0.0,18.670418,3.878787,2043
10347,r2i1p1f1,2043,05,01,0.0,18.9649,4.5288563,2043
10348,r2i1p1f1,2043,05,02,0.026030332628579345,17.077387,4.132573,2043
10349,r2i1p1f1,2043,05,03,0.0,15.746279,5.060195,2043
10350,r2i1p1f1,2043,05,04,0.0,19.418806,4.47896,2043
10351,r2i1p1f1,2043,05,05,0.0,22.732132,7.3038754,2043
10352,r2i1p1f1,2043,05,06,0.0,25.257576,10.643134,2043
10353,r2i1p1f1,2043,05,07,0.0,25.822027,11.521824,2043
10354,r2i1p1f1,2043,05,08,0.0,26.667133,10.876363,2043
10355,r2i1p1f1,2043,05,09,0.0,26.678797,8.7508135,2043
10356,r2i1p1f1,2043,05,10,0.0,23.67539,7.477961,2043
10357,r2i1p1f1,2043,05,11,0.0,22.750097,6.3209434,2043
10358,r2i1p1f1,2043,05,12,0.0,22.984343,7.356798,2043
10359,r2i1p1f1,2043,05,13,0.26502298169361893,20.120285,7.66446,2043
10360,r2i1p1f1,2043,05,14,0.0,19.398048,6.055437,2043
10361,r2i1p1f1,2043,05,15,0.0,21.491613,5.02697,2043
10362,r2i1p1f1,2043,05,16,0.0,21.29293,7.573723,2043
10363,r2i1p1f1,2043,05,17,0.0,20.668812,5.8720493,2043
10364,r2i1p1f1,2043,05,18,0.04129619337049917,17.009941,6.244971,2043
10365,r2i1p1f1,2043,05,19,0.0,21.61204,4.8211412,2043
10366,r2i1p1f1,2043,05,20,0.0,25.288294,7.291231,2043
10367,r2i1p1f1,2043,05,21,0.0,28.182259,11.73596,2043
10368,r2i1p1f1,2043,05,22,0.0,30.754154,13.437243,2043
10369,r2i1p1f1,2043,05,23,0.0,31.72307,15.382655,2043
10370,r2i1p1f1,2043,05,24,0.0,32.62432,15.773972,2043
10371,r2i1p1f1,2043,05,25,1.3989440162522015,29.6473,12.605989,2043
10372,r2i1p1f1,2043,05,26,0.8589897947672398,26.210257,11.501134,2043
10373,r2i1p1f1,2043,05,27,0.41454933038949093,29.431131,14.535085,2043
10374,r2i1p1f1,2043,05,28,5.525377429978562,23.554222,7.421233,2043
10375,r2i1p1f1,2043,05,29,1.8917218228068577,24.114231,8.417625,2043
10376,r2i1p1f1,2043,05,30,1.386811104451624,24.392212,9.124062,2043
10377,r2i1p1f1,2043,05,31,6.253361279939895,22.879448,8.550854,2043
10378,r2i1p1f1,2043,06,01,2.4025928075843694,24.009932,9.820522,2043
10379,r2i1p1f1,2043,06,02,0.0,26.103226,11.443037,2043
10380,r2i1p1f1,2043,06,03,0.0,28.175865,11.34695,2043
10381,r2i1p1f1,2043,06,04,0.0,32.234898,14.226525,2043
10382,r2i1p1f1,2043,06,05,0.0,37.043076,17.889645,2043
10383,r2i1p1f1,2043,06,06,0.0,37.49498,20.190247,2043
10384,r2i1p1f1,2043,06,07,0.0,36.88876,18.701426,2043
10385,r2i1p1f1,2043,06,08,0.0,36.13903,15.406582,2043
10386,r2i1p1f1,2043,06,09,0.0,32.821003,14.75069,2043
10387,r2i1p1f1,2043,06,10,0.0,31.18277,13.832799,2043
10388,r2i1p1f1,2043,06,11,0.0,32.27237,15.390574,2043
10389,r2i1p1f1,2043,06,12,0.0,30.970032,12.587342,2043
10390,r2i1p1f1,2043,06,13,0.0,30.741367,13.792168,2043
10391,r2i1p1f1,2043,06,14,0.0,31.499115,16.102058,2043
10392,r2i1p1f1,2043,06,15,0.0,31.697374,12.461635,2043
10393,r2i1p1f1,2043,06,16,0.0,34.016933,17.79724,2043
10394,r2i1p1f1,2043,06,17,0.0,35.053276,16.729546,2043
10395,r2i1p1f1,2043,06,18,0.0,35.402927,15.241157,2043
10396,r2i1p1f1,2043,06,19,0.0,33.173515,13.586849,2043
10397,r2i1p1f1,2043,06,20,0.0,32.211025,15.038605,2043
10398,r2i1p1f1,2043,06,21,0.0,32.371338,14.346154,2043
10399,r2i1p1f1,2043,06,22,0.0,31.53778,12.609104,2043
10400,r2i1p1f1,2043,06,23,0.0,30.190958,11.698744,2043
10401,r2i1p1f1,2043,06,24,0.0,28.686594,11.4421625,2043
10402,r2i1p1f1,2043,06,25,0.0,30.824493,12.485245,2043
10403,r2i1p1f1,2043,06,26,0.0,33.948803,15.2034235,2043
10404,r2i1p1f1,2043,06,27,0.0,35.148228,17.048185,2043
10405,r2i1p1f1,2043,06,28,0.0,35.93052,16.163322,2043
10406,r2i1p1f1,2043,06,29,0.0,33.06715,11.922543,2043
10407,r2i1p1f1,2043,06,30,0.0,29.443163,10.8096485,2043
10408,r2i1p1f1,2043,07,01,0.0,28.615261,12.36561,2043
10409,r2i1p1f1,2043,07,02,0.0,32.994274,15.061064,2043
10410,r2i1p1f1,2043,07,03,0.0,33.8148,13.515456,2043
10411,r2i1p1f1,2043,07,04,0.0,33.755363,13.712739,2043
10412,r2i1p1f1,2043,07,05,0.0,33.330948,13.853259,2043
10413,r2i1p1f1,2043,07,06,0.0,32.300594,13.193058,2043
10414,r2i1p1f1,2043,07,07,0.0,26.709785,7.957762,2043
10415,r2i1p1f1,2043,07,08,0.0,25.00439,6.433569,2043
10416,r2i1p1f1,2043,07,09,0.0,25.269773,6.9681096,2043
10417,r2i1p1f1,2043,07,10,0.0,24.875946,6.163802,2043
10418,r2i1p1f1,2043,07,11,0.0,25.39302,7.0935326,2043
10419,r2i1p1f1,2043,07,12,0.0,29.294756,12.11958,2043
10420,r2i1p1f1,2043,07,13,0.016864659846760333,29.552206,9.91916,2043
10421,r2i1p1f1,2043,07,14,0.0,29.104872,12.614936,2043
10422,r2i1p1f1,2043,07,15,0.0,29.541206,12.324883,2043
10423,r2i1p1f1,2043,07,16,0.0,30.27726,12.416782,2043
10424,r2i1p1f1,2043,07,17,0.0036857591112493537,33.172085,15.345676,2043
10425,r2i1p1f1,2043,07,18,0.0008783497833064757,33.976135,15.891388,2043
10426,r2i1p1f1,2043,07,19,0.0,34.785206,17.081394,2043
10427,r2i1p1f1,2043,07,20,0.005782540210930165,35.293823,18.13546,2043
10428,r2i1p1f1,2043,07,21,0.18000608372403804,34.04223,14.116908,2043
10429,r2i1p1f1,2043,07,22,0.0,35.78036,18.025276,2043
10430,r2i1p1f1,2043,07,23,0.011728083336493,36.183666,20.412224,2043
10431,r2i1p1f1,2043,07,24,0.0,36.593266,18.737726,2043
10432,r2i1p1f1,2043,07,25,0.0,36.932236,17.66722,2043
10433,r2i1p1f1,2043,07,26,0.0,36.510147,18.90874,2043
10434,r2i1p1f1,2043,07,27,0.0,36.985523,20.937212,2043
10435,r2i1p1f1,2043,07,28,0.0,36.38713,17.746267,2043
10436,r2i1p1f1,2043,07,29,0.0,35.50674,17.11417,2043
10437,r2i1p1f1,2043,07,30,0.0,36.19318,15.456931,2043
10438,r2i1p1f1,2043,07,31,2.447044955488309,32.188198,13.71424,2043
10439,r2i1p1f1,2043,08,01,3.4022857242689497,28.964804,9.919683,2043
10440,r2i1p1f1,2043,08,02,1.5090093441472163e-05,28.06675,11.67579,2043
10441,r2i1p1f1,2043,08,03,0.0,28.56484,13.556446,2043
10442,r2i1p1f1,2043,08,04,0.0009931177373800892,30.269588,13.475482,2043
10443,r2i1p1f1,2043,08,05,0.0,30.880318,10.000354,2043
10444,r2i1p1f1,2043,08,06,0.0,30.229622,10.015375,2043
10445,r2i1p1f1,2043,08,07,0.0,30.108986,10.040487,2043
10446,r2i1p1f1,2043,08,08,0.0,31.318756,11.04896,2043
10447,r2i1p1f1,2043,08,09,0.0,31.29194,10.439825,2043
10448,r2i1p1f1,2043,08,10,0.0,33.548943,14.658225,2043
10449,r2i1p1f1,2043,08,11,0.0,36.133232,17.877905,2043
10450,r2i1p1f1,2043,08,12,0.0,36.819748,18.230368,2043
10451,r2i1p1f1,2043,08,13,0.0,36.52583,17.042503,2043
10452,r2i1p1f1,2043,08,14,0.0,35.89785,15.395499,2043
10453,r2i1p1f1,2043,08,15,0.0,33.679115,14.46931,2043
10454,r2i1p1f1,2043,08,16,0.0,29.75092,10.024935,2043
10455,r2i1p1f1,2043,08,17,0.0,28.439575,9.071486,2043
10456,r2i1p1f1,2043,08,18,0.0,29.345982,10.361389,2043
10457,r2i1p1f1,2043,08,19,0.0,30.058174,10.270618,2043
10458,r2i1p1f1,2043,08,20,0.0,27.818804,8.430997,2043
10459,r2i1p1f1,2043,08,21,0.0,28.130287,9.894024,2043
10460,r2i1p1f1,2043,08,22,0.0,29.873623,12.936668,2043
10461,r2i1p1f1,2043,08,23,0.0,30.499634,13.466159,2043
10462,r2i1p1f1,2043,08,24,0.0,33.166435,16.767965,2043
10463,r2i1p1f1,2043,08,25,0.0,34.500797,14.789867,2043
10464,r2i1p1f1,2043,08,26,0.0,33.078964,12.136446,2043
10465,r2i1p1f1,2043,08,27,0.0,30.133192,13.763378,2043
10466,r2i1p1f1,2043,08,28,0.0,33.75233,16.875816,2043
10467,r2i1p1f1,2043,08,29,0.0,36.29781,17.942179,2043
10468,r2i1p1f1,2043,08,30,0.0,36.58853,18.053959,2043
10469,r2i1p1f1,2043,08,31,0.0,36.201927,17.078041,2043
10470,r2i1p1f1,2043,09,01,0.4473419425266911,37.122894,18.154036,2043
10471,r2i1p1f1,2043,09,02,0.0,34.014153,15.865158,2043
10472,r2i1p1f1,2043,09,03,3.5994570627167377,34.636765,16.932095,2043
10473,r2i1p1f1,2043,09,04,1.1649706655859404,31.050974,13.856117,2043
10474,r2i1p1f1,2043,09,05,17.73133287079105,27.307465,11.697274,2043
10475,r2i1p1f1,2043,09,06,2.1523333403891343,30.917881,16.256296,2043
10476,r2i1p1f1,2043,09,07,0.0,34.45403,18.822886,2043
10477,r2i1p1f1,2043,09,08,0.0,36.379,19.344889,2043
10478,r2i1p1f1,2043,09,09,27.127043276141194,36.573944,16.815159,2043
10479,r2i1p1f1,2043,09,10,0.005892249043881748,31.52996,16.612541,2043
10480,r2i1p1f1,2043,09,11,0.018297062220540283,32.501293,16.008268,2043
10481,r2i1p1f1,2043,09,12,0.0,32.679287,14.40308,2043
10482,r2i1p1f1,2043,09,13,0.0,33.857285,15.063069,2043
10483,r2i1p1f1,2043,09,14,0.0,33.65095,15.3360405,2043
10484,r2i1p1f1,2043,09,15,0.0,34.288902,16.881317,2043
10485,r2i1p1f1,2043,09,16,1.2133419535359735,32.72378,14.164341,2043
10486,r2i1p1f1,2043,09,17,2.9548331527621485,32.38944,15.023614,2043
10487,r2i1p1f1,2043,09,18,1.620420400612943,28.114714,13.954528,2043
10488,r2i1p1f1,2043,09,19,0.24522414479406507,29.56614,13.999938,2043
10489,r2i1p1f1,2043,09,20,0.0,30.869713,15.855748,2043
10490,r2i1p1f1,2043,09,21,0.010862479939532932,32.878433,17.044697,2043
10491,r2i1p1f1,2043,09,22,0.0,35.469692,18.90528,2043
10492,r2i1p1f1,2043,09,23,0.0,36.168514,19.313688,2043
10493,r2i1p1f1,2043,09,24,0.0,35.613403,17.30325,2043
10494,r2i1p1f1,2043,09,25,3.2030405380737648,34.654533,15.819624,2043
10495,r2i1p1f1,2043,09,26,3.1468588746520254,28.620104,11.574727,2043
10496,r2i1p1f1,2043,09,27,0.04911176796440486,27.200937,12.934272,2043
10497,r2i1p1f1,2043,09,28,0.31274268590095744,28.193405,12.746022,2043
10498,r2i1p1f1,2043,09,29,0.00024518446366528224,28.974165,13.847662,2043
10499,r2i1p1f1,2043,09,30,0.0,29.526438,12.356899,2043
10500,r2i1p1f1,2043,10,01,0.0,29.25985,11.823385,2043
10501,r2i1p1f1,2043,10,02,0.0,28.486162,12.0593815,2043
10502,r2i1p1f1,2043,10,03,0.0,30.58214,14.481162,2043
10503,r2i1p1f1,2043,10,04,0.0,31.995121,14.220186,2043
10504,r2i1p1f1,2043,10,05,0.0,33.061165,16.26052,2043
10505,r2i1p1f1,2043,10,06,0.0,34.180058,16.945498,2043
10506,r2i1p1f1,2043,10,07,0.0,34.213547,17.726582,2043
10507,r2i1p1f1,2043,10,08,0.04742660128727039,33.502796,14.668878,2043
10508,r2i1p1f1,2043,10,09,10.370518665604322,24.935543,9.200514,2043
10509,r2i1p1f1,2043,10,10,5.234635675424215,15.78045,9.770916,2043
10510,r2i1p1f1,2043,10,11,0.0,19.998291,8.592132,2043
10511,r2i1p1f1,2043,10,12,0.0,21.99717,7.4516797,2043
10512,r2i1p1f1,2043,10,13,0.0,23.051567,6.2379827,2043
10513,r2i1p1f1,2043,10,14,0.0,24.32944,8.180316,2043
10514,r2i1p1f1,2043,10,15,0.0,27.150093,9.952618,2043
10515,r2i1p1f1,2043,10,16,0.0,27.103018,10.447134,2043
10516,r2i1p1f1,2043,10,17,0.0,25.712412,9.356954,2043
10517,r2i1p1f1,2043,10,18,0.0,25.41806,8.676229,2043
10518,r2i1p1f1,2043,10,19,0.0,24.182806,8.702277,2043
10519,r2i1p1f1,2043,10,20,0.0,25.101847,9.172574,2043
10520,r2i1p1f1,2043,10,21,0.0,26.34974,9.437045,2043
10521,r2i1p1f1,2043,10,22,0.0,25.396553,9.659383,2043
10522,r2i1p1f1,2043,10,23,0.0,25.308891,9.392449,2043
10523,r2i1p1f1,2043,10,24,0.0,25.364906,10.257332,2043
10524,r2i1p1f1,2043,10,25,0.0,22.991472,5.927553,2043
10525,r2i1p1f1,2043,10,26,0.0,17.447527,2.895862,2043
10526,r2i1p1f1,2043,10,27,0.0,14.088699,-1.3012242,2043
10527,r2i1p1f1,2043,10,28,0.0,17.258112,1.6521478,2043
10528,r2i1p1f1,2043,10,29,0.0,21.67806,5.054201,2043
10529,r2i1p1f1,2043,10,30,0.002474391567375278,23.559603,8.32735,2043
10530,r2i1p1f1,2043,10,31,0.0,23.125248,9.216128,2043
10531,r2i1p1f1,2043,11,01,0.0,21.513693,6.794727,2043
10532,r2i1p1f1,2043,11,02,0.0,23.788366,8.667375,2043
10533,r2i1p1f1,2043,11,03,0.0,25.552752,11.8467455,2043
10534,r2i1p1f1,2043,11,04,0.0,26.433914,11.453714,2043
10535,r2i1p1f1,2043,11,05,0.0,27.964764,12.316613,2043
10536,r2i1p1f1,2043,11,06,0.0,27.872524,10.24482,2043
10537,r2i1p1f1,2043,11,07,0.0,24.990488,7.8798404,2043
10538,r2i1p1f1,2043,11,08,0.0,15.250835,-0.5762012,2043
10539,r2i1p1f1,2043,11,09,0.0,7.6837583,-2.6381004,2043
10540,r2i1p1f1,2043,11,10,0.0,8.321156,-6.123413,2043
10541,r2i1p1f1,2043,11,11,0.0,12.926095,-1.5099994,2043
10542,r2i1p1f1,2043,11,12,0.0,14.660426,-0.4970186,2043
10543,r2i1p1f1,2043,11,13,0.0,15.566731,0.12530698,2043
10544,r2i1p1f1,2043,11,14,0.0,16.854443,4.9521513,2043
10545,r2i1p1f1,2043,11,15,0.0,14.103258,5.9359217,2043
10546,r2i1p1f1,2043,11,16,63.12812766627758,13.056022,6.410714,2043
10547,r2i1p1f1,2043,11,17,42.70944080490153,12.298972,3.1261497,2043
10548,r2i1p1f1,2043,11,18,0.0,9.106027,-0.79978913,2043
10549,r2i1p1f1,2043,11,19,0.0,14.982858,3.2645717,2043
10550,r2i1p1f1,2043,11,20,0.12966376409053737,15.91272,4.878238,2043
10551,r2i1p1f1,2043,11,21,11.276217448767056,12.559056,2.1127098,2043
10552,r2i1p1f1,2043,11,22,33.98875930288341,8.93124,2.3386598,2043
10553,r2i1p1f1,2043,11,23,8.220706325835181,6.3317103,-1.3490124,2043
10554,r2i1p1f1,2043,11,24,0.28375668817943733,8.552712,-2.3339317,2043
10555,r2i1p1f1,2043,11,25,0.0,11.583437,0.054754786,2043
10556,r2i1p1f1,2043,11,26,0.0,15.303168,1.8668556,2043
10557,r2i1p1f1,2043,11,27,0.0,15.612717,1.7674527,2043
10558,r2i1p1f1,2043,11,28,0.006358284156249283,11.962834,5.681048,2043
10559,r2i1p1f1,2043,11,29,0.0,14.019535,3.054526,2043
10560,r2i1p1f1,2043,11,30,0.0,17.895382,5.9612427,2043
10561,r2i1p1f1,2043,12,01,0.0,18.773796,6.681205,2043
10562,r2i1p1f1,2043,12,02,0.0,15.765047,4.2028093,2043
10563,r2i1p1f1,2043,12,03,0.0,15.849071,4.403982,2043
10564,r2i1p1f1,2043,12,04,0.0,16.80008,5.724606,2043
10565,r2i1p1f1,2043,12,05,0.0,16.29204,5.725208,2043
10566,r2i1p1f1,2043,12,06,0.0,20.461481,7.680616,2043
10567,r2i1p1f1,2043,12,07,0.0,21.332018,9.267329,2043
10568,r2i1p1f1,2043,12,08,0.0,19.414366,6.8290367,2043
10569,r2i1p1f1,2043,12,09,0.0,16.251755,5.50265,2043
10570,r2i1p1f1,2043,12,10,0.0,14.608758,2.6675406,2043
10571,r2i1p1f1,2043,12,11,0.0,13.445892,0.54290193,2043
10572,r2i1p1f1,2043,12,12,0.0,14.140397,1.2415996,2043
10573,r2i1p1f1,2043,12,13,0.0,17.227856,4.462623,2043
10574,r2i1p1f1,2043,12,14,0.0,18.960258,6.249364,2043
10575,r2i1p1f1,2043,12,15,0.02196636325209056,20.774963,7.232668,2043
10576,r2i1p1f1,2043,12,16,42.8856210950471,14.821438,5.4973593,2043
10577,r2i1p1f1,2043,12,17,0.02276622212775692,8.331978,-3.1510599,2043
10578,r2i1p1f1,2043,12,18,0.1935162855602357,8.552718,0.71624625,2043
10579,r2i1p1f1,2043,12,19,0.0,9.113055,-3.2629251,2043
10580,r2i1p1f1,2043,12,20,23.441392574386555,6.767573,-3.1407764,2043
10581,r2i1p1f1,2043,12,21,0.0,4.1147175,-2.353734,2043
10582,r2i1p1f1,2043,12,22,0.02306682145558625,4.927544,-1.367662,2043
10583,r2i1p1f1,2043,12,23,0.7214434602104802,9.913564,3.9727674,2043
10584,r2i1p1f1,2043,12,24,0.0,13.046849,2.949955,2043
10585,r2i1p1f1,2043,12,25,0.0,13.408736,2.695243,2043
10586,r2i1p1f1,2043,12,26,0.0,13.910618,3.2788458,2043
10587,r2i1p1f1,2043,12,27,0.11224602167203557,17.899178,6.084899,2043
10588,r2i1p1f1,2043,12,28,0.0,18.638136,6.4303308,2043
10589,r2i1p1f1,2043,12,29,0.0,18.076298,6.835101,2043
10590,r2i1p1f1,2043,12,30,0.0,16.528639,5.567179,2043
10591,r2i1p1f1,2043,12,31,0.0,17.474735,5.252978,2043
10592,r2i1p1f1,2044,01,01,0.0,15.368713,3.3592587,2044
10593,r2i1p1f1,2044,01,02,0.00040531215290684486,15.1882515,5.0579453,2044
10594,r2i1p1f1,2044,01,03,0.0,14.630253,2.8650727,2044
10595,r2i1p1f1,2044,01,04,0.0,16.345312,3.849325,2044
10596,r2i1p1f1,2044,01,05,0.0,12.062462,2.596115,2044
10597,r2i1p1f1,2044,01,06,0.0,12.01416,2.455608,2044
10598,r2i1p1f1,2044,01,07,0.0,16.048124,3.1299286,2044
10599,r2i1p1f1,2044,01,08,0.0,17.36205,5.132199,2044
10600,r2i1p1f1,2044,01,09,0.0,17.055216,6.683736,2044
10601,r2i1p1f1,2044,01,10,0.0,13.461067,2.6944673,2044
10602,r2i1p1f1,2044,01,11,0.0,9.762303,-2.5703654,2044
10603,r2i1p1f1,2044,01,12,0.0,9.76607,-1.1341761,2044
10604,r2i1p1f1,2044,01,13,0.0,13.125472,0.6147158,2044
10605,r2i1p1f1,2044,01,14,0.0,14.995167,2.199626,2044
10606,r2i1p1f1,2044,01,15,0.0,15.836321,1.374106,2044
10607,r2i1p1f1,2044,01,16,0.004058782639049241,13.688309,-0.32508463,2044
10608,r2i1p1f1,2044,01,17,11.739623990126802,7.1716866,2.295657,2044
10609,r2i1p1f1,2044,01,18,47.91256669377617,7.5766873,3.2318325,2044
10610,r2i1p1f1,2044,01,19,43.89320547124953,9.827047,4.0056987,2044
10611,r2i1p1f1,2044,01,20,40.4059714768664,11.447231,4.482495,2044
10612,r2i1p1f1,2044,01,21,86.64989386597881,11.298338,5.2414536,2044
10613,r2i1p1f1,2044,01,22,28.180442370285164,7.6786237,-0.22830258,2044
10614,r2i1p1f1,2044,01,23,0.0,8.303645,-1.7537588,2044
10615,r2i1p1f1,2044,01,24,0.0,9.297824,-2.1084278,2044
10616,r2i1p1f1,2044,01,25,0.0,10.373244,-1.4252323,2044
10617,r2i1p1f1,2044,01,26,0.0,11.669056,-2.5681288,2044
10618,r2i1p1f1,2044,01,27,0.0,11.299517,-1.6926315,2044
10619,r2i1p1f1,2044,01,28,0.0,11.671214,0.88890487,2044
10620,r2i1p1f1,2044,01,29,0.0,12.382579,2.6421163,2044
10621,r2i1p1f1,2044,01,30,0.06339978135656565,14.258987,2.2004523,2044
10622,r2i1p1f1,2044,01,31,0.0,14.638148,3.3799298,2044
10623,r2i1p1f1,2044,02,01,0.0,14.156439,4.3258014,2044
10624,r2i1p1f1,2044,02,02,1.3817975340543853,12.909295,6.8733387,2044
10625,r2i1p1f1,2044,02,03,0.0,12.920863,0.50403506,2044
10626,r2i1p1f1,2044,02,04,0.0,12.746882,1.0876299,2044
10627,r2i1p1f1,2044,02,05,0.0,12.647126,0.20228206,2044
10628,r2i1p1f1,2044,02,06,0.0,13.566557,0.8885676,2044
10629,r2i1p1f1,2044,02,07,0.0,14.615502,1.1872327,2044
10630,r2i1p1f1,2044,02,08,0.0,16.409323,2.7624857,2044
10631,r2i1p1f1,2044,02,09,0.0,17.586407,4.737482,2044
10632,r2i1p1f1,2044,02,10,0.0,18.308157,4.6345034,2044
10633,r2i1p1f1,2044,02,11,0.0,17.29731,3.9627457,2044
10634,r2i1p1f1,2044,02,12,0.0,15.240322,3.4252112,2044
10635,r2i1p1f1,2044,02,13,0.0,12.0624,-0.277477,2044
10636,r2i1p1f1,2044,02,14,0.0,11.973309,0.018241247,2044
10637,r2i1p1f1,2044,02,15,0.0,11.986324,-0.9360714,2044
10638,r2i1p1f1,2044,02,16,0.335783623864927,11.092362,1.1195703,2044
10639,r2i1p1f1,2044,02,17,6.8436013003065455,10.109343,2.180768,2044
10640,r2i1p1f1,2044,02,18,5.7140878556538155,10.429731,-0.034439087,2044
10641,r2i1p1f1,2044,02,19,7.047522875586765,11.603253,2.1499994,2044
10642,r2i1p1f1,2044,02,20,0.0,16.602135,4.5882344,2044
10643,r2i1p1f1,2044,02,21,0.0,19.654428,5.3119345,2044
10644,r2i1p1f1,2044,02,22,0.0,20.551777,7.97807,2044
10645,r2i1p1f1,2044,02,23,0.0980618322500959,20.14529,8.265335,2044
10646,r2i1p1f1,2044,02,24,0.0,16.363977,3.496633,2044
10647,r2i1p1f1,2044,02,25,0.0,15.4977,2.9539194,2044
10648,r2i1p1f1,2044,02,26,0.0,15.673699,2.3913145,2044
10649,r2i1p1f1,2044,02,27,0.0,20.188826,6.928738,2044
10650,r2i1p1f1,2044,02,28,0.0,19.052383,8.468995,2044
10651,r2i1p1f1,2044,02,29,0.0,19.091099,8.452292,2044
10652,r2i1p1f1,2044,03,01,0.0,19.402409,4.9278874,2044
10653,r2i1p1f1,2044,03,02,0.0033395758691767696,17.764074,4.898561,2044
10654,r2i1p1f1,2044,03,03,0.0,15.20245,5.2170753,2044
10655,r2i1p1f1,2044,03,04,0.0,20.568708,3.749875,2044
10656,r2i1p1f1,2044,03,05,0.0,20.47523,5.453292,2044
10657,r2i1p1f1,2044,03,06,2.0788601674780693,15.828332,4.0892777,2044
10658,r2i1p1f1,2044,03,07,8.548663632024045,12.615694,3.5862257,2044
10659,r2i1p1f1,2044,03,08,0.0008746528919800767,14.4117565,0.6977246,2044
10660,r2i1p1f1,2044,03,09,0.0,14.930034,0.1472923,2044
10661,r2i1p1f1,2044,03,10,0.0,18.364695,3.3719766,2044
10662,r2i1p1f1,2044,03,11,0.0,18.443869,2.5449858,2044
10663,r2i1p1f1,2044,03,12,0.0,19.03424,4.644101,2044
10664,r2i1p1f1,2044,03,13,0.0,18.46882,6.6262054,2044
10665,r2i1p1f1,2044,03,14,0.0,18.612587,7.2279925,2044
10666,r2i1p1f1,2044,03,15,0.0,18.758518,4.6514554,2044
10667,r2i1p1f1,2044,03,16,0.0,18.981762,5.6235275,2044
10668,r2i1p1f1,2044,03,17,0.7229185611777211,15.8863945,6.408926,2044
10669,r2i1p1f1,2044,03,18,0.0,19.737986,4.3828444,2044
10670,r2i1p1f1,2044,03,19,0.0,21.481295,6.9758215,2044
10671,r2i1p1f1,2044,03,20,0.0,19.617853,6.0089154,2044
10672,r2i1p1f1,2044,03,21,0.0,20.09675,4.299264,2044
10673,r2i1p1f1,2044,03,22,0.07828737439012912,20.571692,6.402499,2044
10674,r2i1p1f1,2044,03,23,0.0,16.757938,-0.14091618,2044
10675,r2i1p1f1,2044,03,24,0.0,18.247139,1.8066851,2044
10676,r2i1p1f1,2044,03,25,0.0,19.170723,2.26476,2044
10677,r2i1p1f1,2044,03,26,0.11105490559280007,15.212309,4.5514107,2044
10678,r2i1p1f1,2044,03,27,1.0221368840475975,14.148129,0.4133873,2044
10679,r2i1p1f1,2044,03,28,12.51620413022465,9.957908,0.6818993,2044
10680,r2i1p1f1,2044,03,29,50.98079313029302,12.174587,4.614478,2044
10681,r2i1p1f1,2044,03,30,45.721935525216395,13.479176,6.5496464,2044
10682,r2i1p1f1,2044,03,31,30.370829668572696,12.698831,3.2698827,2044
10683,r2i1p1f1,2044,04,01,1.3015817925492001,11.168126,-0.07087919,2044
10684,r2i1p1f1,2044,04,02,0.38883062921968303,14.546895,3.0499866,2044
10685,r2i1p1f1,2044,04,03,5.3796620892399005,15.243992,1.5630248,2044
10686,r2i1p1f1,2044,04,04,12.83527737653003,9.658712,-1.9819105,2044
10687,r2i1p1f1,2044,04,05,9.140157101046498,7.3671136,1.3649794,2044
10688,r2i1p1f1,2044,04,06,2.1090311120133265,9.299922,-2.1297095,2044
10689,r2i1p1f1,2044,04,07,0.0,17.070745,-0.03698063,2044
10690,r2i1p1f1,2044,04,08,0.0,22.10834,4.8118052,2044
10691,r2i1p1f1,2044,04,09,0.0,23.55526,6.6805997,2044
10692,r2i1p1f1,2044,04,10,0.0,24.162489,7.912528,2044
10693,r2i1p1f1,2044,04,11,0.0,24.323566,8.3981495,2044
10694,r2i1p1f1,2044,04,12,0.09503906530881068,23.11624,8.374126,2044
10695,r2i1p1f1,2044,04,13,0.12014142765224278,15.337394,4.429304,2044
10696,r2i1p1f1,2044,04,14,0.0,12.419596,-0.21635829,2044
10697,r2i1p1f1,2044,04,15,0.0,15.525967,0.31749976,2044
10698,r2i1p1f1,2044,04,16,0.0,17.046373,1.9581045,2044
10699,r2i1p1f1,2044,04,17,0.0,18.505981,3.1997926,2044
10700,r2i1p1f1,2044,04,18,0.0,18.519348,3.588586,2044
10701,r2i1p1f1,2044,04,19,0.0,21.39017,5.32181,2044
10702,r2i1p1f1,2044,04,20,0.0,24.32293,7.140707,2044
10703,r2i1p1f1,2044,04,21,0.021669467901119788,23.534246,8.326661,2044
10704,r2i1p1f1,2044,04,22,0.2731075215706369,21.68328,7.3374667,2044
10705,r2i1p1f1,2044,04,23,0.0,20.487858,6.2532363,2044
10706,r2i1p1f1,2044,04,24,0.5277747016037893,22.908379,7.932301,2044
10707,r2i1p1f1,2044,04,25,0.8963423799286829,21.073248,7.6278753,2044
10708,r2i1p1f1,2044,04,26,0.0,21.115881,5.46612,2044
10709,r2i1p1f1,2044,04,27,0.0,24.864721,9.176749,2044
10710,r2i1p1f1,2044,04,28,0.0,26.219852,9.602046,2044
10711,r2i1p1f1,2044,04,29,0.0,24.517569,6.855952,2044
10712,r2i1p1f1,2044,04,30,0.0,24.914925,9.049449,2044
10713,r2i1p1f1,2044,05,01,0.0,24.21337,6.1263523,2044
10714,r2i1p1f1,2044,05,02,0.0,17.176664,1.2030072,2044
10715,r2i1p1f1,2044,05,03,0.0,17.906782,3.1165962,2044
10716,r2i1p1f1,2044,05,04,0.0015968050774972653,18.120049,2.091738,2044
10717,r2i1p1f1,2044,05,05,0.02807026139635127,17.765804,0.5712121,2044
10718,r2i1p1f1,2044,05,06,1.005305338725293,18.37404,0.01973062,2044
10719,r2i1p1f1,2044,05,07,14.238707361892011,7.650808,-0.59946555,2044
10720,r2i1p1f1,2044,05,08,2.2822312476932893,10.916301,2.784011,2044
10721,r2i1p1f1,2044,05,09,3.124376593211764,10.380201,2.3513308,2044
10722,r2i1p1f1,2044,05,10,0.0,13.968662,0.00038607916,2044
10723,r2i1p1f1,2044,05,11,0.0,14.992203,0.73844105,2044
10724,r2i1p1f1,2044,05,12,0.0,15.314131,1.4324725,2044
10725,r2i1p1f1,2044,05,13,0.0,17.777153,2.5371096,2044
10726,r2i1p1f1,2044,05,14,0.0,19.855604,3.4506352,2044
10727,r2i1p1f1,2044,05,15,0.391262394396108,20.260153,5.2288785,2044
10728,r2i1p1f1,2044,05,16,0.0,18.744335,4.4992094,2044
10729,r2i1p1f1,2044,05,17,0.0,19.98908,3.1290624,2044
10730,r2i1p1f1,2044,05,18,0.006668438311407954,19.917025,2.02725,2044
10731,r2i1p1f1,2044,05,19,0.0001586728785696323,18.46267,1.9426494,2044
10732,r2i1p1f1,2044,05,20,0.2730202804741566,16.361938,3.6537611,2044
10733,r2i1p1f1,2044,05,21,0.0,17.864643,3.8519833,2044
10734,r2i1p1f1,2044,05,22,2.3445658473065123,16.400066,2.1547265,2044
10735,r2i1p1f1,2044,05,23,2.6473310646451864,17.559015,3.0071502,2044
10736,r2i1p1f1,2044,05,24,0.0,23.952477,7.626809,2044
10737,r2i1p1f1,2044,05,25,0.0,26.647926,9.011686,2044
10738,r2i1p1f1,2044,05,26,0.0,26.044287,11.696499,2044
10739,r2i1p1f1,2044,05,27,0.09151426281732711,28.176868,14.283329,2044
10740,r2i1p1f1,2044,05,28,0.0,30.374228,14.1253,2044
10741,r2i1p1f1,2044,05,29,0.0,32.21653,15.170578,2044
10742,r2i1p1f1,2044,05,30,0.0,32.921417,16.566824,2044
10743,r2i1p1f1,2044,05,31,0.0,32.575867,13.83796,2044
10744,r2i1p1f1,2044,06,01,0.0,31.755516,12.840358,2044
10745,r2i1p1f1,2044,06,02,0.0,31.773933,13.282954,2044
10746,r2i1p1f1,2044,06,03,0.0,31.361246,12.5984535,2044
10747,r2i1p1f1,2044,06,04,0.0,31.908726,14.117272,2044
10748,r2i1p1f1,2044,06,05,0.0,30.963104,14.092652,2044
10749,r2i1p1f1,2044,06,06,0.0,30.641253,9.824162,2044
10750,r2i1p1f1,2044,06,07,0.0,26.774055,8.367641,2044
10751,r2i1p1f1,2044,06,08,0.0,26.274239,8.35451,2044
10752,r2i1p1f1,2044,06,09,0.0,28.132563,9.6767235,2044
10753,r2i1p1f1,2044,06,10,0.0,28.752964,10.209081,2044
10754,r2i1p1f1,2044,06,11,0.0,27.221426,7.577423,2044
10755,r2i1p1f1,2044,06,12,0.0,23.681883,7.366565,2044
10756,r2i1p1f1,2044,06,13,0.0,25.23994,8.567764,2044
10757,r2i1p1f1,2044,06,14,0.0,29.103617,12.119089,2044
10758,r2i1p1f1,2044,06,15,0.0,31.425049,13.586567,2044
10759,r2i1p1f1,2044,06,16,0.0,32.26299,13.751279,2044
10760,r2i1p1f1,2044,06,17,0.0,32.983303,15.269567,2044
10761,r2i1p1f1,2044,06,18,0.0,34.700428,14.846939,2044
10762,r2i1p1f1,2044,06,19,0.0,35.48135,15.209834,2044
10763,r2i1p1f1,2044,06,20,0.0,38.054195,20.040571,2044
10764,r2i1p1f1,2044,06,21,0.0,38.336067,21.085817,2044
10765,r2i1p1f1,2044,06,22,0.0,35.29985,15.360762,2044
10766,r2i1p1f1,2044,06,23,0.0,36.277306,18.11316,2044
10767,r2i1p1f1,2044,06,24,0.0,37.93377,20.080038,2044
10768,r2i1p1f1,2044,06,25,0.0,38.2821,18.540052,2044
10769,r2i1p1f1,2044,06,26,0.0,35.414658,15.52063,2044
10770,r2i1p1f1,2044,06,27,0.0,34.21424,15.784387,2044
10771,r2i1p1f1,2044,06,28,0.0,36.906113,19.484953,2044
10772,r2i1p1f1,2044,06,29,0.6007200472140539,37.045532,17.951782,2044
10773,r2i1p1f1,2044,06,30,0.0,35.080505,17.628996,2044
10774,r2i1p1f1,2044,07,01,0.0,35.25082,18.398077,2044
10775,r2i1p1f1,2044,07,02,0.0,34.851517,17.932665,2044
10776,r2i1p1f1,2044,07,03,0.0,35.606655,15.79549,2044
10777,r2i1p1f1,2044,07,04,0.0,34.09818,13.693927,2044
10778,r2i1p1f1,2044,07,05,0.0,32.65772,13.896725,2044
10779,r2i1p1f1,2044,07,06,0.0,32.433254,12.752884,2044
10780,r2i1p1f1,2044,07,07,0.0,25.875988,9.047757,2044
10781,r2i1p1f1,2044,07,08,0.0,31.367977,14.27732,2044
10782,r2i1p1f1,2044,07,09,0.0,34.642906,17.17583,2044
10783,r2i1p1f1,2044,07,10,0.10276788546548232,33.490944,13.852299,2044
10784,r2i1p1f1,2044,07,11,0.0,29.081657,13.286491,2044
10785,r2i1p1f1,2044,07,12,0.0,28.606682,13.2278,2044
10786,r2i1p1f1,2044,07,13,0.0,29.144392,10.698154,2044
10787,r2i1p1f1,2044,07,14,0.0,28.09568,9.60679,2044
10788,r2i1p1f1,2044,07,15,0.0,28.43089,7.5529995,2044
10789,r2i1p1f1,2044,07,16,0.0,27.610804,9.861115,2044
10790,r2i1p1f1,2044,07,17,0.0,31.757141,14.968133,2044
10791,r2i1p1f1,2044,07,18,0.0,35.336502,18.036776,2044
10792,r2i1p1f1,2044,07,19,0.0,35.514362,16.326792,2044
10793,r2i1p1f1,2044,07,20,0.0,34.68749,16.502293,2044
10794,r2i1p1f1,2044,07,21,0.0,34.787086,15.790654,2044
10795,r2i1p1f1,2044,07,22,0.0,35.3355,15.955303,2044
10796,r2i1p1f1,2044,07,23,0.0,35.221146,16.3705,2044
10797,r2i1p1f1,2044,07,24,0.0,35.07321,15.570831,2044
10798,r2i1p1f1,2044,07,25,0.0,34.189915,16.684074,2044
10799,r2i1p1f1,2044,07,26,0.0,35.657433,16.929663,2044
10800,r2i1p1f1,2044,07,27,0.0,36.336117,16.474224,2044
10801,r2i1p1f1,2044,07,28,0.0,35.344345,15.650158,2044
10802,r2i1p1f1,2044,07,29,0.0,33.361526,13.620391,2044
10803,r2i1p1f1,2044,07,30,0.0,32.474648,13.202839,2044
10804,r2i1p1f1,2044,07,31,0.0,34.18802,14.018409,2044
10805,r2i1p1f1,2044,08,01,0.07410624193653348,34.387333,13.921475,2044
10806,r2i1p1f1,2044,08,02,0.0,34.826138,16.246859,2044
10807,r2i1p1f1,2044,08,03,0.0,34.853104,17.007896,2044
10808,r2i1p1f1,2044,08,04,0.0,34.96971,18.1325,2044
10809,r2i1p1f1,2044,08,05,0.0,36.434994,18.510622,2044
10810,r2i1p1f1,2044,08,06,0.0,37.278778,19.294119,2044
10811,r2i1p1f1,2044,08,07,0.0,38.365356,20.5754,2044
10812,r2i1p1f1,2044,08,08,0.0,39.785484,21.730156,2044
10813,r2i1p1f1,2044,08,09,0.0,40.97843,23.962566,2044
10814,r2i1p1f1,2044,08,10,0.0,40.388622,20.474566,2044
10815,r2i1p1f1,2044,08,11,0.0,36.83718,17.104954,2044
10816,r2i1p1f1,2044,08,12,0.0,34.170994,13.213001,2044
10817,r2i1p1f1,2044,08,13,0.0,30.616503,10.488041,2044
10818,r2i1p1f1,2044,08,14,0.0,29.496368,11.008112,2044
10819,r2i1p1f1,2044,08,15,0.0,29.462229,10.518363,2044
10820,r2i1p1f1,2044,08,16,0.0,31.437233,12.634517,2044
10821,r2i1p1f1,2044,08,17,0.0,32.910904,14.556037,2044
10822,r2i1p1f1,2044,08,18,0.0,32.956936,13.346767,2044
10823,r2i1p1f1,2044,08,19,0.0,33.96931,12.998409,2044
10824,r2i1p1f1,2044,08,20,0.0,35.58648,15.069707,2044
10825,r2i1p1f1,2044,08,21,0.0,36.361454,16.414118,2044
10826,r2i1p1f1,2044,08,22,0.0,37.09088,19.749771,2044
10827,r2i1p1f1,2044,08,23,0.0,35.692097,17.8947,2044
10828,r2i1p1f1,2044,08,24,0.0,35.114902,16.804659,2044
10829,r2i1p1f1,2044,08,25,0.0,36.936226,20.30398,2044
10830,r2i1p1f1,2044,08,26,2.237910763369655e-05,37.58339,19.337471,2044
10831,r2i1p1f1,2044,08,27,0.03377646182798344,34.758987,16.357227,2044
10832,r2i1p1f1,2044,08,28,0.0,33.019848,14.224925,2044
10833,r2i1p1f1,2044,08,29,0.0,32.40159,11.258144,2044
10834,r2i1p1f1,2044,08,30,0.0,29.049782,8.303192,2044
10835,r2i1p1f1,2044,08,31,0.0,26.332407,7.4352427,2044
10836,r2i1p1f1,2044,09,01,0.0,26.623255,10.304595,2044
10837,r2i1p1f1,2044,09,02,0.0,27.624813,8.166372,2044
10838,r2i1p1f1,2044,09,03,0.0,25.689316,10.033749,2044
10839,r2i1p1f1,2044,09,04,0.0,28.171059,11.307753,2044
10840,r2i1p1f1,2044,09,05,0.0,29.878597,13.03883,2044
10841,r2i1p1f1,2044,09,06,0.0,31.235863,13.957595,2044
10842,r2i1p1f1,2044,09,07,0.0,30.386766,11.227395,2044
10843,r2i1p1f1,2044,09,08,0.0,29.497013,11.017187,2044
10844,r2i1p1f1,2044,09,09,0.0,31.01139,14.026691,2044
10845,r2i1p1f1,2044,09,10,0.8710219146687237,30.600708,12.548806,2044
10846,r2i1p1f1,2044,09,11,0.0,27.760674,11.531416,2044
10847,r2i1p1f1,2044,09,12,0.0,27.232033,10.022495,2044
10848,r2i1p1f1,2044,09,13,0.0,27.779274,11.633086,2044
10849,r2i1p1f1,2044,09,14,0.0,28.246979,10.772714,2044
10850,r2i1p1f1,2044,09,15,0.0,27.82888,10.935243,2044
10851,r2i1p1f1,2044,09,16,0.0,31.668741,13.592719,2044
10852,r2i1p1f1,2044,09,17,0.0,34.209106,15.8921,2044
10853,r2i1p1f1,2044,09,18,0.0,34.05765,17.782469,2044
10854,r2i1p1f1,2044,09,19,0.0,32.6128,14.835583,2044
10855,r2i1p1f1,2044,09,20,0.0,31.372274,14.966943,2044
10856,r2i1p1f1,2044,09,21,0.0,29.686485,12.445793,2044
10857,r2i1p1f1,2044,09,22,0.0,27.96816,8.743973,2044
10858,r2i1p1f1,2044,09,23,0.0,22.16719,6.9555583,2044
10859,r2i1p1f1,2044,09,24,0.0,23.844378,6.713852,2044
10860,r2i1p1f1,2044,09,25,0.0,26.014578,8.066519,2044
10861,r2i1p1f1,2044,09,26,0.0,26.081154,8.9673,2044
10862,r2i1p1f1,2044,09,27,0.0,27.073252,10.4297285,2044
10863,r2i1p1f1,2044,09,28,0.0,26.624174,10.649244,2044
10864,r2i1p1f1,2044,09,29,0.09584685212757904,27.84066,14.67431,2044
10865,r2i1p1f1,2044,09,30,0.8491882615427215,28.026228,12.579007,2044
10866,r2i1p1f1,2044,10,01,10.642196458468334,26.113861,10.051604,2044
10867,r2i1p1f1,2044,10,02,0.6140677516214055,26.876408,11.445849,2044
10868,r2i1p1f1,2044,10,03,5.963911026196911,24.079836,9.29428,2044
10869,r2i1p1f1,2044,10,04,4.695371856962538,24.105747,8.428306,2044
10870,r2i1p1f1,2044,10,05,19.094328515711823,18.773046,9.107665,2044
10871,r2i1p1f1,2044,10,06,23.18357218289293,19.962545,8.375596,2044
10872,r2i1p1f1,2044,10,07,6.368844355935721,21.477503,10.081055,2044
10873,r2i1p1f1,2044,10,08,8.404655577578524,21.605751,10.694052,2044
10874,r2i1p1f1,2044,10,09,8.349466338091815,19.615564,8.48719,2044
10875,r2i1p1f1,2044,10,10,0.0,22.07426,7.9329953,2044
10876,r2i1p1f1,2044,10,11,0.0,23.577057,8.524847,2044
10877,r2i1p1f1,2044,10,12,0.0,24.932396,9.991863,2044
10878,r2i1p1f1,2044,10,13,0.0,24.706444,10.880425,2044
10879,r2i1p1f1,2044,10,14,0.0,22.17678,9.167632,2044
10880,r2i1p1f1,2044,10,15,0.635405727274474,21.055311,8.583984,2044
10881,r2i1p1f1,2044,10,16,8.065248995217189,15.615383,7.523915,2044
10882,r2i1p1f1,2044,10,17,5.40925391083249,15.04415,6.467266,2044
10883,r2i1p1f1,2044,10,18,0.0,19.306175,3.3443215,2044
10884,r2i1p1f1,2044,10,19,0.0,20.214497,7.1667852,2044
10885,r2i1p1f1,2044,10,20,0.0,20.440704,7.8606915,2044
10886,r2i1p1f1,2044,10,21,0.0,20.974709,7.993659,2044
10887,r2i1p1f1,2044,10,22,0.0,20.552547,8.546921,2044
10888,r2i1p1f1,2044,10,23,0.0,20.540318,8.797217,2044
10889,r2i1p1f1,2044,10,24,0.0,24.266975,8.877002,2044
10890,r2i1p1f1,2044,10,25,0.0,24.654518,9.547762,2044
10891,r2i1p1f1,2044,10,26,0.0,24.200724,10.750916,2044
10892,r2i1p1f1,2044,10,27,0.0,24.091442,11.024296,2044
10893,r2i1p1f1,2044,10,28,0.0,24.589905,9.351195,2044
10894,r2i1p1f1,2044,10,29,0.0,24.373558,8.799527,2044
10895,r2i1p1f1,2044,10,30,0.0,22.027166,7.580802,2044
10896,r2i1p1f1,2044,10,31,0.0,22.28485,7.3264,2044
10897,r2i1p1f1,2044,11,01,0.0,22.041145,7.341929,2044
10898,r2i1p1f1,2044,11,02,10.606967142291523,14.812324,7.3275476,2044
10899,r2i1p1f1,2044,11,03,0.0,15.198144,2.9546356,2044
10900,r2i1p1f1,2044,11,04,0.0,17.88979,6.90231,2044
10901,r2i1p1f1,2044,11,05,0.0,18.804298,4.564188,2044
10902,r2i1p1f1,2044,11,06,0.0,21.420174,7.0108204,2044
10903,r2i1p1f1,2044,11,07,0.009759215754456818,21.727608,7.3433337,2044
10904,r2i1p1f1,2044,11,08,0.02964363118280744,20.004705,8.650798,2044
10905,r2i1p1f1,2044,11,09,0.006672081144643016,13.518031,0.7092947,2044
10906,r2i1p1f1,2044,11,10,0.0,17.24156,3.0667212,2044
10907,r2i1p1f1,2044,11,11,0.0,18.302565,6.5193005,2044
10908,r2i1p1f1,2044,11,12,0.0,18.882097,7.7273617,2044
10909,r2i1p1f1,2044,11,13,0.012791096787623246,18.79863,6.0616646,2044
10910,r2i1p1f1,2044,11,14,0.0,18.514147,3.42196,2044
10911,r2i1p1f1,2044,11,15,39.22127063597145,14.185116,7.364419,2044
10912,r2i1p1f1,2044,11,16,0.0,9.953129,-1.4229819,2044
10913,r2i1p1f1,2044,11,17,0.0,10.151457,2.2826636,2044
10914,r2i1p1f1,2044,11,18,0.0,11.074586,1.3717189,2044
10915,r2i1p1f1,2044,11,19,0.0,16.074295,3.6745174,2044
10916,r2i1p1f1,2044,11,20,0.0,15.482405,3.705113,2044
10917,r2i1p1f1,2044,11,21,29.50056546524138,15.352024,3.881807,2044
10918,r2i1p1f1,2044,11,22,6.512822183390199,12.295418,5.612955,2044
10919,r2i1p1f1,2044,11,23,0.06037999937689165,12.798755,2.8121636,2044
10920,r2i1p1f1,2044,11,24,15.403748717653798,12.691759,2.9335318,2044
10921,r2i1p1f1,2044,11,25,33.330892785670585,10.069867,4.7017126,2044
10922,r2i1p1f1,2044,11,26,13.825466589287316,10.561522,4.3713627,2044
10923,r2i1p1f1,2044,11,27,0.0,13.372051,-0.041955683,2044
10924,r2i1p1f1,2044,11,28,0.10543381765728554,13.8525305,2.7423449,2044
10925,r2i1p1f1,2044,11,29,27.83365576256074,12.127129,5.24804,2044
10926,r2i1p1f1,2044,11,30,8.552366591891314,10.430546,3.985188,2044
10927,r2i1p1f1,2044,12,01,1.3905651158893306,12.717515,5.6701107,2044
10928,r2i1p1f1,2044,12,02,54.1018766896741,13.023584,5.7978354,2044
10929,r2i1p1f1,2044,12,03,3.5242948074255764,12.275883,5.142941,2044
10930,r2i1p1f1,2044,12,04,25.47491543882643,12.492192,3.9502995,2044
10931,r2i1p1f1,2044,12,05,24.19785948295612,13.452287,5.3633695,2044
10932,r2i1p1f1,2044,12,06,28.949799135443754,14.051423,7.9454107,2044
10933,r2i1p1f1,2044,12,07,0.02672386690392159,13.413693,4.3840322,2044
10934,r2i1p1f1,2044,12,08,0.0,13.536568,2.1896336,2044
10935,r2i1p1f1,2044,12,09,0.0,14.683162,0.53869843,2044
10936,r2i1p1f1,2044,12,10,0.0,13.252222,1.6819474,2044
10937,r2i1p1f1,2044,12,11,20.421826315214275,10.613092,1.8879147,2044
10938,r2i1p1f1,2044,12,12,59.88646902242181,13.47047,8.075555,2044
10939,r2i1p1f1,2044,12,13,55.15952609057422,14.190882,7.1283298,2044
10940,r2i1p1f1,2044,12,14,7.223844357584142,13.689274,7.0411,2044
10941,r2i1p1f1,2044,12,15,0.5004796853768312,14.569077,8.942953,2044
10942,r2i1p1f1,2044,12,16,20.920619643629834,13.845949,8.712718,2044
10943,r2i1p1f1,2044,12,17,3.1061382318284814,14.511527,2.2504997,2044
10944,r2i1p1f1,2044,12,18,2.4406113695704335,10.549944,2.3667269,2044
10945,r2i1p1f1,2044,12,19,0.0,12.551902,0.8959656,2044
10946,r2i1p1f1,2044,12,20,0.0,14.635169,2.4260962,2044
10947,r2i1p1f1,2044,12,21,0.0,15.790819,4.44928,2044
10948,r2i1p1f1,2044,12,22,0.0,15.408013,4.5007205,2044
10949,r2i1p1f1,2044,12,23,0.0,15.509028,2.4471831,2044
10950,r2i1p1f1,2044,12,24,0.0,15.975117,1.2785693,2044
10951,r2i1p1f1,2044,12,25,0.0,14.421461,2.8240182,2044
10952,r2i1p1f1,2044,12,26,0.0,16.054245,3.9277382,2044
10953,r2i1p1f1,2044,12,27,0.0,16.021791,3.950301,2044
10954,r2i1p1f1,2044,12,28,0.0,15.603038,3.063005,2044
10955,r2i1p1f1,2044,12,29,0.0,12.789621,2.4326537,2044
10956,r2i1p1f1,2044,12,30,0.0,11.524685,0.75650287,2044
10957,r2i1p1f1,2044,12,31,0.0,11.155374,-0.006505913,2044
10958,r2i1p1f1,2045,01,01,0.0,10.47098,-3.1486278,2045
10959,r2i1p1f1,2045,01,02,10.819114478499614,7.4657407,2.7057028,2045
10960,r2i1p1f1,2045,01,03,14.448861990967998,8.933519,0.86518514,2045
10961,r2i1p1f1,2045,01,04,0.0,4.7959304,-3.7964902,2045
10962,r2i1p1f1,2045,01,05,0.0,5.5892363,-6.7333126,2045
10963,r2i1p1f1,2045,01,06,1.3608863682634365,5.999339,-3.2688704,2045
10964,r2i1p1f1,2045,01,07,18.449660488803943,5.5424366,-0.58356977,2045
10965,r2i1p1f1,2045,01,08,0.1359079692093701,8.364531,-1.500317,2045
10966,r2i1p1f1,2045,01,09,61.34780479042092,8.412711,2.2373407,2045
10967,r2i1p1f1,2045,01,10,39.25092650242732,9.495828,-0.7363883,2045
10968,r2i1p1f1,2045,01,11,27.89482474036049,8.105077,2.4821894,2045
10969,r2i1p1f1,2045,01,12,22.458939517127874,8.53245,1.0875573,2045
10970,r2i1p1f1,2045,01,13,36.51823605032405,9.411996,-2.5399694,2045
10971,r2i1p1f1,2045,01,14,12.388485698511431,7.568366,0.29325545,2045
10972,r2i1p1f1,2045,01,15,64.53542680683313,10.742759,2.0952673,2045
10973,r2i1p1f1,2045,01,16,30.45875668331064,9.7373085,3.0727704,2045
10974,r2i1p1f1,2045,01,17,31.893928066756416,9.155324,2.2747679,2045
10975,r2i1p1f1,2045,01,18,0.2980940147608635,8.642958,-2.6147254,2045
10976,r2i1p1f1,2045,01,19,0.0,8.061146,-2.121826,2045
10977,r2i1p1f1,2045,01,20,0.0,9.771924,0.43380976,2045
10978,r2i1p1f1,2045,01,21,36.292883470378,6.3468404,-6.468493,2045
10979,r2i1p1f1,2045,01,22,0.0,-3.159518,-13.129726,2045
10980,r2i1p1f1,2045,01,23,0.0,2.817889,-10.163329,2045
10981,r2i1p1f1,2045,01,24,29.959371297445614,1.7406129,-9.209414,2045
10982,r2i1p1f1,2045,01,25,66.62202060033451,3.996298,-0.48981538,2045
10983,r2i1p1f1,2045,01,26,0.1727885763557424,4.851917,-2.0540073,2045
10984,r2i1p1f1,2045,01,27,19.84472523581644,4.7778068,-3.5765905,2045
10985,r2i1p1f1,2045,01,28,60.93620019382797,7.8234963,-0.4524957,2045
10986,r2i1p1f1,2045,01,29,14.798857028608836,7.377495,0.030131869,2045
10987,r2i1p1f1,2045,01,30,4.472790513943892,8.021404,-0.1754126,2045
10988,r2i1p1f1,2045,01,31,0.0,8.954313,-3.7308939,2045
10989,r2i1p1f1,2045,02,01,29.803047371387947,9.611765,-1.433845,2045
10990,r2i1p1f1,2045,02,02,1.7981199442772322,10.170567,1.9286834,2045
10991,r2i1p1f1,2045,02,03,13.986414784449153,12.498274,6.0448475,2045
10992,r2i1p1f1,2045,02,04,0.002755611785687506,14.867083,2.7773807,2045
10993,r2i1p1f1,2045,02,05,0.0,16.119616,4.0150867,2045
10994,r2i1p1f1,2045,02,06,0.0,17.237541,6.1004004,2045
10995,r2i1p1f1,2045,02,07,0.0,17.541443,4.7461333,2045
10996,r2i1p1f1,2045,02,08,0.0,16.435768,3.574513,2045
10997,r2i1p1f1,2045,02,09,0.0,18.419874,5.576225,2045
10998,r2i1p1f1,2045,02,10,0.0,19.184832,6.108486,2045
10999,r2i1p1f1,2045,02,11,0.0,19.471815,6.234173,2045
11000,r2i1p1f1,2045,02,12,0.0,18.316923,5.675039,2045
11001,r2i1p1f1,2045,02,13,0.0,17.9091,5.6381636,2045
11002,r2i1p1f1,2045,02,14,0.0,18.749947,4.870512,2045
11003,r2i1p1f1,2045,02,15,0.0,19.806149,5.3720994,2045
11004,r2i1p1f1,2045,02,16,0.0,18.4528,4.191556,2045
11005,r2i1p1f1,2045,02,17,62.95528460468631,14.184698,7.1119137,2045
11006,r2i1p1f1,2045,02,18,30.891554670233745,15.048443,8.269934,2045
11007,r2i1p1f1,2045,02,19,9.251969416894212,13.352749,4.3383846,2045
11008,r2i1p1f1,2045,02,20,0.0,11.263411,2.7016995,2045
11009,r2i1p1f1,2045,02,21,0.0,15.989188,2.449851,2045
11010,r2i1p1f1,2045,02,22,0.0,17.500135,4.0290627,2045
11011,r2i1p1f1,2045,02,23,1.6835879017435218,14.13339,5.127463,2045
11012,r2i1p1f1,2045,02,24,17.36423698857834,12.871223,1.9677944,2045
11013,r2i1p1f1,2045,02,25,10.836271482730808,8.98488,-0.15470617,2045
11014,r2i1p1f1,2045,02,26,8.604551643384184,7.911874,-1.4045901,2045
11015,r2i1p1f1,2045,02,27,8.608228937100648,7.9275384,-3.9679108,2045
11016,r2i1p1f1,2045,02,28,3.0677138587009267,7.2810974,-2.1224716,2045
11017,r2i1p1f1,2045,03,01,5.689607361000526,7.298355,0.29370832,2045
11018,r2i1p1f1,2045,03,02,2.760679312399361,6.4574714,-2.8153446,2045
11019,r2i1p1f1,2045,03,03,0.0,10.658437,-1.7017167,2045
11020,r2i1p1f1,2045,03,04,0.0,13.030835,-2.0486307,2045
11021,r2i1p1f1,2045,03,05,15.306472982479136,11.062951,-3.632172,2045
11022,r2i1p1f1,2045,03,06,22.81228622669005,6.562642,2.165042,2045
11023,r2i1p1f1,2045,03,07,33.361669979422004,6.99958,0.18520361,2045
11024,r2i1p1f1,2045,03,08,19.369918274060183,6.8088226,-6.5635824,2045
11025,r2i1p1f1,2045,03,09,11.795647432882106,5.827956,0.90419537,2045
11026,r2i1p1f1,2045,03,10,8.619373624151194,5.9900546,1.7535713,2045
11027,r2i1p1f1,2045,03,11,0.0,13.836969,-2.5706308,2045
11028,r2i1p1f1,2045,03,12,0.0,15.571138,-1.3132501,2045
11029,r2i1p1f1,2045,03,13,0.0,18.203142,2.043674,2045
11030,r2i1p1f1,2045,03,14,2.393012961488239,16.341635,0.7043789,2045
11031,r2i1p1f1,2045,03,15,24.59318086348503,9.236621,-0.19311397,2045
11032,r2i1p1f1,2045,03,16,6.202092352668842,7.426031,0.24283059,2045
11033,r2i1p1f1,2045,03,17,16.898666935958317,8.959613,1.5342513,2045
11034,r2i1p1f1,2045,03,18,46.7867441366252,10.569886,5.010648,2045
11035,r2i1p1f1,2045,03,19,60.385476566443685,12.01424,6.2966766,2045
11036,r2i1p1f1,2045,03,20,4.662112169486932,10.462461,-3.1447878,2045
11037,r2i1p1f1,2045,03,21,0.0,12.528892,-1.5081172,2045
11038,r2i1p1f1,2045,03,22,5.672607846747724,10.299683,-1.9349,2045
11039,r2i1p1f1,2045,03,23,10.577090539254641,8.04905,0.842024,2045
11040,r2i1p1f1,2045,03,24,0.0,13.802462,3.0500247,2045
11041,r2i1p1f1,2045,03,25,0.0,17.558647,-0.18246931,2045
11042,r2i1p1f1,2045,03,26,0.0,20.629969,3.4280913,2045
11043,r2i1p1f1,2045,03,27,1.4683542967631524,19.02337,4.9098835,2045
11044,r2i1p1f1,2045,03,28,36.00706968536542,14.302425,7.083787,2045
11045,r2i1p1f1,2045,03,29,0.009774381624083617,15.864339,2.4881728,2045
11046,r2i1p1f1,2045,03,30,0.0,16.38154,2.7400115,2045
11047,r2i1p1f1,2045,03,31,13.12589680437668,11.218325,4.771045,2045
11048,r2i1p1f1,2045,04,01,8.804102996327856,9.809254,2.6688912,2045
11049,r2i1p1f1,2045,04,02,0.0,13.097645,0.65917677,2045
11050,r2i1p1f1,2045,04,03,0.0,14.455196,2.781165,2045
11051,r2i1p1f1,2045,04,04,0.47902018021090953,14.466119,2.6225004,2045
11052,r2i1p1f1,2045,04,05,10.64378396176835,8.734448,4.035268,2045
11053,r2i1p1f1,2045,04,06,0.0,14.836346,-1.4020334,2045
11054,r2i1p1f1,2045,04,07,0.10954826275337837,15.112996,2.4616263,2045
11055,r2i1p1f1,2045,04,08,2.6948614511923097,10.673185,-0.3962698,2045
11056,r2i1p1f1,2045,04,09,0.0,13.022664,-2.0638688,2045
11057,r2i1p1f1,2045,04,10,0.0,18.035992,2.8737402,2045
11058,r2i1p1f1,2045,04,11,0.0,21.13358,5.7946696,2045
11059,r2i1p1f1,2045,04,12,0.0,22.653755,6.971016,2045
11060,r2i1p1f1,2045,04,13,0.0,21.46032,5.7252374,2045
11061,r2i1p1f1,2045,04,14,17.4009230712727,16.08921,3.3736947,2045
11062,r2i1p1f1,2045,04,15,0.20476602651342546,14.427104,3.9887776,2045
11063,r2i1p1f1,2045,04,16,0.0,17.555527,2.4792402,2045
11064,r2i1p1f1,2045,04,17,0.0,18.783358,4.431364,2045
11065,r2i1p1f1,2045,04,18,12.373688320894871,13.48036,3.166773,2045
11066,r2i1p1f1,2045,04,19,0.29882283519100383,11.801302,-0.22606505,2045
11067,r2i1p1f1,2045,04,20,0.0,17.565712,-0.30035865,2045
11068,r2i1p1f1,2045,04,21,0.16330431127471456,17.420877,-0.83074635,2045
11069,r2i1p1f1,2045,04,22,9.496898292172773,9.254573,1.2656116,2045
11070,r2i1p1f1,2045,04,23,0.8552724900482644,8.929726,-0.20249611,2045
11071,r2i1p1f1,2045,04,24,57.33668553584721,8.750531,2.10404,2045
11072,r2i1p1f1,2045,04,25,40.22073924315919,8.619454,2.7613447,2045
11073,r2i1p1f1,2045,04,26,66.71653711673571,8.691649,1.1910459,2045
11074,r2i1p1f1,2045,04,27,4.320130230178165,15.583869,-2.3250883,2045
11075,r2i1p1f1,2045,04,28,0.0,17.008728,1.686563,2045
11076,r2i1p1f1,2045,04,29,1.0591131341925575,15.8448925,5.4815793,2045
11077,r2i1p1f1,2045,04,30,7.3451744106137085,13.994183,5.3147492,2045
11078,r2i1p1f1,2045,05,01,7.778737082475118,16.560854,4.2783146,2045
11079,r2i1p1f1,2045,05,02,0.795218749635751,17.837563,5.126753,2045
11080,r2i1p1f1,2045,05,03,0.0,21.323343,5.779323,2045
11081,r2i1p1f1,2045,05,04,0.0,24.957558,8.992161,2045
11082,r2i1p1f1,2045,05,05,0.0,26.914936,10.199998,2045
11083,r2i1p1f1,2045,05,06,0.0,28.214699,12.085662,2045
11084,r2i1p1f1,2045,05,07,0.0,28.225613,12.666195,2045
11085,r2i1p1f1,2045,05,08,0.0,28.526224,13.350096,2045
11086,r2i1p1f1,2045,05,09,0.0,27.71864,12.6071,2045
11087,r2i1p1f1,2045,05,10,0.000809646741117831,25.991833,12.854417,2045
11088,r2i1p1f1,2045,05,11,0.0,24.686943,10.263486,2045
11089,r2i1p1f1,2045,05,12,0.0,23.979725,9.623443,2045
11090,r2i1p1f1,2045,05,13,0.0,19.249367,10.261982,2045
11091,r2i1p1f1,2045,05,14,0.004380478640086949,19.245867,7.470499,2045
11092,r2i1p1f1,2045,05,15,0.0,20.972872,7.6684933,2045
11093,r2i1p1f1,2045,05,16,8.341165228885927,18.368347,5.012224,2045
11094,r2i1p1f1,2045,05,17,0.1320873061445127,20.9197,6.3038464,2045
11095,r2i1p1f1,2045,05,18,0.0,26.33759,9.9892645,2045
11096,r2i1p1f1,2045,05,19,0.0,27.563272,8.355877,2045
11097,r2i1p1f1,2045,05,20,2.6098811944450517,22.701862,5.2493896,2045
11098,r2i1p1f1,2045,05,21,9.478130196742995,17.117565,8.063276,2045
11099,r2i1p1f1,2045,05,22,11.698540599246599,17.850916,6.529979,2045
11100,r2i1p1f1,2045,05,23,44.107387000849485,16.228119,6.974111,2045
11101,r2i1p1f1,2045,05,24,10.44141700384671,16.177418,6.727207,2045
11102,r2i1p1f1,2045,05,25,0.3488437001408329,17.963478,5.90345,2045
11103,r2i1p1f1,2045,05,26,2.045818922243825,16.579657,8.112226,2045
11104,r2i1p1f1,2045,05,27,54.65195056895027,14.18553,6.474679,2045
11105,r2i1p1f1,2045,05,28,17.841763347496453,12.586827,4.9088564,2045
11106,r2i1p1f1,2045,05,29,1.5199228301980838,14.971134,4.9330006,2045
11107,r2i1p1f1,2045,05,30,0.0,19.29378,4.655786,2045
11108,r2i1p1f1,2045,05,31,0.0,23.098904,6.7737503,2045
11109,r2i1p1f1,2045,06,01,0.0,26.518826,10.325659,2045
11110,r2i1p1f1,2045,06,02,0.0,27.982283,12.004351,2045
11111,r2i1p1f1,2045,06,03,0.0,28.017477,11.9190235,2045
11112,r2i1p1f1,2045,06,04,0.0,25.59134,11.606548,2045
11113,r2i1p1f1,2045,06,05,0.002380013575020712,24.782066,9.591971,2045
11114,r2i1p1f1,2045,06,06,0.0,24.821516,9.167605,2045
11115,r2i1p1f1,2045,06,07,0.0,25.972002,11.224512,2045
11116,r2i1p1f1,2045,06,08,0.0,28.338463,12.298296,2045
11117,r2i1p1f1,2045,06,09,0.0,28.336536,12.368504,2045
11118,r2i1p1f1,2045,06,10,0.0,27.861082,12.223461,2045
11119,r2i1p1f1,2045,06,11,0.0,28.67736,12.612106,2045
11120,r2i1p1f1,2045,06,12,0.03856346215798112,29.211256,12.368941,2045
11121,r2i1p1f1,2045,06,13,0.42815019296540413,25.313433,10.508587,2045
11122,r2i1p1f1,2045,06,14,0.0,25.21218,9.730146,2045
11123,r2i1p1f1,2045,06,15,0.0,25.208206,8.275748,2045
11124,r2i1p1f1,2045,06,16,0.0,25.87196,8.5344925,2045
11125,r2i1p1f1,2045,06,17,0.0,24.13583,8.420515,2045
11126,r2i1p1f1,2045,06,18,0.0,22.256767,8.639,2045
11127,r2i1p1f1,2045,06,19,0.0,21.621695,6.826943,2045
11128,r2i1p1f1,2045,06,20,0.0,24.077347,6.615674,2045
11129,r2i1p1f1,2045,06,21,0.0,24.5181,8.272839,2045
11130,r2i1p1f1,2045,06,22,0.0,27.039282,9.717092,2045
11131,r2i1p1f1,2045,06,23,0.0,29.249382,12.890642,2045
11132,r2i1p1f1,2045,06,24,0.0,30.37954,11.251748,2045
11133,r2i1p1f1,2045,06,25,0.0,28.923367,9.944196,2045
11134,r2i1p1f1,2045,06,26,0.0,29.162432,11.401073,2045
11135,r2i1p1f1,2045,06,27,0.0,34.674343,15.865818,2045
11136,r2i1p1f1,2045,06,28,0.0,35.59774,17.536724,2045
11137,r2i1p1f1,2045,06,29,0.0,30.141066,10.457858,2045
11138,r2i1p1f1,2045,06,30,0.0,29.79006,9.91118,2045
11139,r2i1p1f1,2045,07,01,0.0,30.548805,12.204777,2045
11140,r2i1p1f1,2045,07,02,0.0,32.411236,14.67276,2045
11141,r2i1p1f1,2045,07,03,0.0,35.101307,14.924713,2045
11142,r2i1p1f1,2045,07,04,0.0,35.463932,16.208809,2045
11143,r2i1p1f1,2045,07,05,0.0,36.07948,19.700432,2045
11144,r2i1p1f1,2045,07,06,0.0,36.24034,19.426949,2045
11145,r2i1p1f1,2045,07,07,0.0,36.133022,17.914787,2045
11146,r2i1p1f1,2045,07,08,0.0,40.0861,21.823284,2045
11147,r2i1p1f1,2045,07,09,0.0,40.39948,22.342323,2045
11148,r2i1p1f1,2045,07,10,0.13124942724971334,37.4666,18.232258,2045
11149,r2i1p1f1,2045,07,11,0.0,36.010178,17.229708,2045
11150,r2i1p1f1,2045,07,12,0.0,38.36073,21.849545,2045
11151,r2i1p1f1,2045,07,13,0.0,38.371838,20.306162,2045
11152,r2i1p1f1,2045,07,14,0.0,38.05433,17.43309,2045
11153,r2i1p1f1,2045,07,15,0.0,35.787888,16.0852,2045
11154,r2i1p1f1,2045,07,16,0.0,35.92604,16.094091,2045
11155,r2i1p1f1,2045,07,17,0.0,32.79957,14.118776,2045
11156,r2i1p1f1,2045,07,18,0.0,31.984215,13.348088,2045
11157,r2i1p1f1,2045,07,19,0.0,32.508877,12.9293785,2045
11158,r2i1p1f1,2045,07,20,0.0,31.882912,14.556693,2045
11159,r2i1p1f1,2045,07,21,0.0,32.12717,14.383312,2045
11160,r2i1p1f1,2045,07,22,0.0,32.67626,15.38028,2045
11161,r2i1p1f1,2045,07,23,0.0,34.22498,16.08539,2045
11162,r2i1p1f1,2045,07,24,0.0,34.940853,15.986884,2045
11163,r2i1p1f1,2045,07,25,0.0,36.01005,18.255222,2045
11164,r2i1p1f1,2045,07,26,0.0,37.015255,19.60675,2045
11165,r2i1p1f1,2045,07,27,0.0,38.988842,21.000359,2045
11166,r2i1p1f1,2045,07,28,0.11692759617289994,39.43425,19.000055,2045
11167,r2i1p1f1,2045,07,29,0.0,37.680767,21.445011,2045
11168,r2i1p1f1,2045,07,30,0.0,36.185074,17.60564,2045
11169,r2i1p1f1,2045,07,31,0.24373352457587316,35.826706,16.659548,2045
11170,r2i1p1f1,2045,08,01,0.011109504816886329,38.446777,20.080887,2045
11171,r2i1p1f1,2045,08,02,8.976896038734594,39.49237,19.299883,2045
11172,r2i1p1f1,2045,08,03,0.0,38.631794,19.469597,2045
11173,r2i1p1f1,2045,08,04,0.0,33.013275,14.272635,2045
11174,r2i1p1f1,2045,08,05,0.0,35.60959,17.06015,2045
11175,r2i1p1f1,2045,08,06,0.0,38.473637,21.55058,2045
11176,r2i1p1f1,2045,08,07,0.0026482478460820857,40.174145,21.454016,2045
11177,r2i1p1f1,2045,08,08,0.41263171970058465,38.52809,20.128517,2045
11178,r2i1p1f1,2045,08,09,0.6094087932524417,33.625935,15.972297,2045
11179,r2i1p1f1,2045,08,10,0.0,32.596664,15.964489,2045
11180,r2i1p1f1,2045,08,11,0.0,33.528973,16.495073,2045
11181,r2i1p1f1,2045,08,12,0.0,33.931873,15.99371,2045
11182,r2i1p1f1,2045,08,13,0.0,32.81296,14.1161585,2045
11183,r2i1p1f1,2045,08,14,0.0,30.528452,12.27315,2045
11184,r2i1p1f1,2045,08,15,0.0,27.536186,10.2568035,2045
11185,r2i1p1f1,2045,08,16,0.0,28.728115,11.391235,2045
11186,r2i1p1f1,2045,08,17,0.0,32.34694,13.755246,2045
11187,r2i1p1f1,2045,08,18,0.0,33.707794,14.507526,2045
11188,r2i1p1f1,2045,08,19,0.0,36.147102,16.20451,2045
11189,r2i1p1f1,2045,08,20,0.0,38.27092,20.441063,2045
11190,r2i1p1f1,2045,08,21,0.0,39.727837,21.662588,2045
11191,r2i1p1f1,2045,08,22,0.0,40.18984,20.256834,2045
11192,r2i1p1f1,2045,08,23,2.5214419631979013,38.67692,18.0699,2045
11193,r2i1p1f1,2045,08,24,2.6022757348528103,34.40154,15.303399,2045
11194,r2i1p1f1,2045,08,25,0.0,28.343716,10.828439,2045
11195,r2i1p1f1,2045,08,26,0.0,24.782454,7.7285256,2045
11196,r2i1p1f1,2045,08,27,0.0,26.986477,9.61531,2045
11197,r2i1p1f1,2045,08,28,0.0,30.57503,11.32491,2045
11198,r2i1p1f1,2045,08,29,0.0,33.17066,13.519103,2045
11199,r2i1p1f1,2045,08,30,0.0,34.135136,13.956213,2045
11200,r2i1p1f1,2045,08,31,0.0,33.885582,13.498758,2045
11201,r2i1p1f1,2045,09,01,0.0,31.344713,12.521505,2045
11202,r2i1p1f1,2045,09,02,0.0,29.253086,9.783882,2045
11203,r2i1p1f1,2045,09,03,0.0,28.714321,9.032244,2045
11204,r2i1p1f1,2045,09,04,0.0,27.870321,10.626701,2045
11205,r2i1p1f1,2045,09,05,0.0,29.102451,10.708397,2045
11206,r2i1p1f1,2045,09,06,0.0,32.730835,14.398124,2045
11207,r2i1p1f1,2045,09,07,0.0,34.605644,17.037693,2045
11208,r2i1p1f1,2045,09,08,0.0,34.73335,16.030369,2045
11209,r2i1p1f1,2045,09,09,0.0,34.227093,15.538757,2045
11210,r2i1p1f1,2045,09,10,0.0,29.798218,10.801444,2045
11211,r2i1p1f1,2045,09,11,0.0,30.751713,12.497807,2045
11212,r2i1p1f1,2045,09,12,0.0,33.155506,15.086119,2045
11213,r2i1p1f1,2045,09,13,0.0,34.96148,16.747078,2045
11214,r2i1p1f1,2045,09,14,0.0,36.028183,18.55599,2045
11215,r2i1p1f1,2045,09,15,0.0,34.138004,16.542944,2045
11216,r2i1p1f1,2045,09,16,0.0,31.052134,13.089818,2045
11217,r2i1p1f1,2045,09,17,0.0,32.370087,13.831715,2045
11218,r2i1p1f1,2045,09,18,6.057297438076148,26.86667,9.599014,2045
11219,r2i1p1f1,2045,09,19,0.0,22.254353,7.7286496,2045
11220,r2i1p1f1,2045,09,20,0.0,23.073343,6.819537,2045
11221,r2i1p1f1,2045,09,21,0.0,25.394497,7.3413486,2045
11222,r2i1p1f1,2045,09,22,0.0,28.896803,10.098116,2045
11223,r2i1p1f1,2045,09,23,0.0,29.183445,11.680416,2045
11224,r2i1p1f1,2045,09,24,0.0,28.205307,9.277782,2045
11225,r2i1p1f1,2045,09,25,0.0,25.271614,9.02489,2045
11226,r2i1p1f1,2045,09,26,0.0,26.896132,9.9230385,2045
11227,r2i1p1f1,2045,09,27,0.0,31.132385,13.568244,2045
11228,r2i1p1f1,2045,09,28,0.0,32.476078,14.737035,2045
11229,r2i1p1f1,2045,09,29,0.0,33.08946,16.34328,2045
11230,r2i1p1f1,2045,09,30,0.0,34.72943,15.345928,2045
11231,r2i1p1f1,2045,10,01,0.0,34.247112,15.158112,2045
11232,r2i1p1f1,2045,10,02,0.0,28.948503,9.733464,2045
11233,r2i1p1f1,2045,10,03,0.0,23.44375,5.313327,2045
11234,r2i1p1f1,2045,10,04,0.0,22.571716,4.9692826,2045
11235,r2i1p1f1,2045,10,05,0.0,23.98458,6.688105,2045
11236,r2i1p1f1,2045,10,06,0.0,25.436014,10.248803,2045
11237,r2i1p1f1,2045,10,07,0.0,25.212936,10.86382,2045
11238,r2i1p1f1,2045,10,08,0.0,25.69272,9.58501,2045
11239,r2i1p1f1,2045,10,09,0.0,26.28792,9.102343,2045
11240,r2i1p1f1,2045,10,10,0.0,26.695087,10.681469,2045
11241,r2i1p1f1,2045,10,11,0.0,27.277401,12.035994,2045
11242,r2i1p1f1,2045,10,12,0.0,27.36538,9.213795,2045
11243,r2i1p1f1,2045,10,13,0.0,27.315006,8.182897,2045
11244,r2i1p1f1,2045,10,14,0.0,27.049284,8.657735,2045
11245,r2i1p1f1,2045,10,15,0.0,26.391008,11.250567,2045
11246,r2i1p1f1,2045,10,16,0.0,26.945375,9.812845,2045
11247,r2i1p1f1,2045,10,17,0.0,27.864538,10.838107,2045
11248,r2i1p1f1,2045,10,18,0.0,30.534634,14.471517,2045
11249,r2i1p1f1,2045,10,19,0.0,32.859577,15.650005,2045
11250,r2i1p1f1,2045,10,20,0.0,33.99911,16.714792,2045
11251,r2i1p1f1,2045,10,21,0.0,34.519314,16.810616,2045
11252,r2i1p1f1,2045,10,22,0.0,33.782887,14.740794,2045
11253,r2i1p1f1,2045,10,23,0.0,30.851658,12.184086,2045
11254,r2i1p1f1,2045,10,24,0.0,29.770979,13.232539,2045
11255,r2i1p1f1,2045,10,25,0.0,27.77891,12.672617,2045
11256,r2i1p1f1,2045,10,26,0.0,27.285604,14.961857,2045
11257,r2i1p1f1,2045,10,27,0.0,28.449215,12.982407,2045
11258,r2i1p1f1,2045,10,28,0.0,29.89746,13.057721,2045
11259,r2i1p1f1,2045,10,29,0.0,31.471989,14.296219,2045
11260,r2i1p1f1,2045,10,30,0.0,30.809164,14.384411,2045
11261,r2i1p1f1,2045,10,31,0.0,28.164022,14.399377,2045
11262,r2i1p1f1,2045,11,01,0.0,27.725569,14.187957,2045
11263,r2i1p1f1,2045,11,02,0.0,26.184359,9.265592,2045
11264,r2i1p1f1,2045,11,03,1.9356075689415775,23.105318,7.130488,2045
11265,r2i1p1f1,2045,11,04,0.0,23.099974,9.887209,2045
11266,r2i1p1f1,2045,11,05,0.0,24.938255,10.94181,2045
11267,r2i1p1f1,2045,11,06,0.0,26.194818,11.8859215,2045
11268,r2i1p1f1,2045,11,07,0.0,28.549522,13.918166,2045
11269,r2i1p1f1,2045,11,08,0.0,28.533257,11.842228,2045
11270,r2i1p1f1,2045,11,09,0.0,27.18165,11.708611,2045
11271,r2i1p1f1,2045,11,10,0.0,25.716808,12.374134,2045
11272,r2i1p1f1,2045,11,11,0.0,24.939842,9.545498,2045
11273,r2i1p1f1,2045,11,12,0.0,22.97332,7.7913947,2045
11274,r2i1p1f1,2045,11,13,0.0,22.344473,7.874283,2045
11275,r2i1p1f1,2045,11,14,0.0,22.849806,7.3187966,2045
11276,r2i1p1f1,2045,11,15,0.0,19.141178,6.012235,2045
11277,r2i1p1f1,2045,11,16,0.0,19.391186,4.925864,2045
11278,r2i1p1f1,2045,11,17,0.0,20.923397,4.185503,2045
11279,r2i1p1f1,2045,11,18,0.20242026762389287,17.356928,0.07424704,2045
11280,r2i1p1f1,2045,11,19,2.4118441755717868,13.956792,4.182141,2045
11281,r2i1p1f1,2045,11,20,21.10823695647923,11.348859,6.320514,2045
11282,r2i1p1f1,2045,11,21,0.33390503520536186,8.333283,-1.8114916,2045
11283,r2i1p1f1,2045,11,22,0.0,9.409548,-3.384488,2045
11284,r2i1p1f1,2045,11,23,0.0,12.513866,-2.1674726,2045
11285,r2i1p1f1,2045,11,24,0.0,13.541976,1.4827806,2045
11286,r2i1p1f1,2045,11,25,0.0,13.994205,-0.6197121,2045
11287,r2i1p1f1,2045,11,26,0.0,14.794719,-0.6023101,2045
11288,r2i1p1f1,2045,11,27,0.0,15.966341,2.6029174,2045
11289,r2i1p1f1,2045,11,28,0.0,16.39451,-0.23513667,2045
11290,r2i1p1f1,2045,11,29,0.0,16.59566,0.795912,2045
11291,r2i1p1f1,2045,11,30,13.299548806526218,11.571404,0.7082534,2045
11292,r2i1p1f1,2045,12,01,23.710538198429276,9.313497,-1.3758456,2045
11293,r2i1p1f1,2045,12,02,14.487501864186925,13.007494,7.4631405,2045
11294,r2i1p1f1,2045,12,03,50.53571742519125,13.828383,3.4252653,2045
11295,r2i1p1f1,2045,12,04,0.0,5.8224573,-5.8290095,2045
11296,r2i1p1f1,2045,12,05,8.2350721148714,7.4710336,-2.1409464,2045
11297,r2i1p1f1,2045,12,06,2.6228060002381426,7.260354,2.3876708,2045
11298,r2i1p1f1,2045,12,07,28.371267253169208,7.134998,1.1077985,2045
11299,r2i1p1f1,2045,12,08,0.0,8.390154,-2.177725,2045
11300,r2i1p1f1,2045,12,09,9.032785309545943,7.7369823,1.6567928,2045
11301,r2i1p1f1,2045,12,10,1.8441882618390082,9.014763,-2.3992128,2045
11302,r2i1p1f1,2045,12,11,0.0,11.25695,-2.065217,2045
11303,r2i1p1f1,2045,12,12,0.0,10.726818,-1.6984501,2045
11304,r2i1p1f1,2045,12,13,2.9558639200672587,7.516331,0.4377933,2045
11305,r2i1p1f1,2045,12,14,1.7898840948646466,11.429784,3.633697,2045
11306,r2i1p1f1,2045,12,15,0.0,14.330098,1.5214868,2045
11307,r2i1p1f1,2045,12,16,0.0,16.339376,3.0038698,2045
11308,r2i1p1f1,2045,12,17,0.0,16.682865,4.2242174,2045
11309,r2i1p1f1,2045,12,18,0.0,14.590549,3.1917017,2045
11310,r2i1p1f1,2045,12,19,0.0,12.31236,-0.1997695,2045
11311,r2i1p1f1,2045,12,20,0.024274171937577194,11.7554,-0.9028954,2045
11312,r2i1p1f1,2045,12,21,0.7538762276453781,10.243265,2.8815875,2045
11313,r2i1p1f1,2045,12,22,1.6164777361439064,10.566723,4.592268,2045
11314,r2i1p1f1,2045,12,23,0.0,11.141063,0.68851674,2045
11315,r2i1p1f1,2045,12,24,4.959920133205742,9.207976,-0.100195676,2045
11316,r2i1p1f1,2045,12,25,0.7691119967375926,7.1000786,-3.5623636,2045
11317,r2i1p1f1,2045,12,26,0.0,7.2211947,-3.6107416,2045
11318,r2i1p1f1,2045,12,27,0.0,5.926901,-5.2801256,2045
11319,r2i1p1f1,2045,12,28,6.56338029878043,6.018794,-3.5015078,2045
11320,r2i1p1f1,2045,12,29,0.0673453969966431,1.0429902,-8.892098,2045
11321,r2i1p1f1,2045,12,30,22.786723122953845,2.287982,-1.7345653,2045
11322,r2i1p1f1,2045,12,31,0.0,4.6299887,-4.7110944,2045
11323,r2i1p1f1,2046,01,01,0.0,7.276634,-4.628726,2046
11324,r2i1p1f1,2046,01,02,0.0,5.792556,-5.0994406,2046
11325,r2i1p1f1,2046,01,03,0.0,5.952325,-6.160509,2046
11326,r2i1p1f1,2046,01,04,0.0,7.7749352,-2.0454776,2046
11327,r2i1p1f1,2046,01,05,7.83803475719651,7.404714,0.27075413,2046
11328,r2i1p1f1,2046,01,06,2.1533947513034946,3.7394588,-6.621,2046
11329,r2i1p1f1,2046,01,07,0.0,5.0173535,-7.375086,2046
11330,r2i1p1f1,2046,01,08,0.0,6.954941,1.8610886,2046
11331,r2i1p1f1,2046,01,09,0.0,9.850845,-0.16974671,2046
11332,r2i1p1f1,2046,01,10,0.0,11.920315,0.14254437,2046
11333,r2i1p1f1,2046,01,11,0.0,14.612703,1.427094,2046
11334,r2i1p1f1,2046,01,12,0.0,15.435116,3.5693974,2046
11335,r2i1p1f1,2046,01,13,0.0,15.773749,4.4665184,2046
11336,r2i1p1f1,2046,01,14,0.0,17.89612,4.373173,2046
11337,r2i1p1f1,2046,01,15,0.0,17.43542,6.2157073,2046
11338,r2i1p1f1,2046,01,16,0.0,18.682579,4.2727456,2046
11339,r2i1p1f1,2046,01,17,0.0333299138219445,18.402561,6.0485973,2046
11340,r2i1p1f1,2046,01,18,10.651822361000995,11.152483,6.833975,2046
11341,r2i1p1f1,2046,01,19,0.0,12.378005,1.5908415,2046
11342,r2i1p1f1,2046,01,20,0.0,10.610106,-0.93207484,2046
11343,r2i1p1f1,2046,01,21,0.8856458579202808,8.855022,-2.1520038,2046
11344,r2i1p1f1,2046,01,22,59.890728842583485,12.762892,0.6864166,2046
11345,r2i1p1f1,2046,01,23,10.34107693903934,11.965748,6.9673514,2046
11346,r2i1p1f1,2046,01,24,28.160037891939282,11.30318,4.250565,2046
11347,r2i1p1f1,2046,01,25,7.179850340617122,9.440297,1.0584579,2046
11348,r2i1p1f1,2046,01,26,58.52041143589304,8.038082,2.690392,2046
11349,r2i1p1f1,2046,01,27,31.19882539176615,9.677858,-0.24157733,2046
11350,r2i1p1f1,2046,01,28,35.07311068060517,8.654532,1.2668288,2046
11351,r2i1p1f1,2046,01,29,20.982101664503716,8.317525,1.7487696,2046
11352,r2i1p1f1,2046,01,30,1.899895991118683,10.915003,0.045808263,2046
11353,r2i1p1f1,2046,01,31,3.1220103047814973,10.678687,2.0262213,2046
11354,r2i1p1f1,2046,02,01,35.42273993152776,9.937304,5.3152695,2046
11355,r2i1p1f1,2046,02,02,1.6275049414389287,10.067025,-0.3471416,2046
11356,r2i1p1f1,2046,02,03,0.41238455092980075,10.576509,1.1136254,2046
11357,r2i1p1f1,2046,02,04,0.4182876162815319,11.075249,3.0542324,2046
11358,r2i1p1f1,2046,02,05,0.05073739193051097,10.698822,-0.7680668,2046
11359,r2i1p1f1,2046,02,06,0.0,12.141704,2.0279973,2046
11360,r2i1p1f1,2046,02,07,0.0,15.697701,3.239497,2046
11361,r2i1p1f1,2046,02,08,0.0,16.387527,3.9832714,2046
11362,r2i1p1f1,2046,02,09,0.0,18.484482,5.135206,2046
11363,r2i1p1f1,2046,02,10,0.0,17.860378,4.4690847,2046
11364,r2i1p1f1,2046,02,11,0.0,18.7341,5.7661858,2046
11365,r2i1p1f1,2046,02,12,0.0,20.376549,6.623906,2046
11366,r2i1p1f1,2046,02,13,0.0,19.07374,5.804592,2046
11367,r2i1p1f1,2046,02,14,23.099091994663468,16.042562,4.044995,2046
11368,r2i1p1f1,2046,02,15,8.422230424866939,10.64988,2.798155,2046
11369,r2i1p1f1,2046,02,16,13.856318267039569,8.077808,0.3367954,2046
11370,r2i1p1f1,2046,02,17,0.321855138300009,7.0748043,-0.15392892,2046
11371,r2i1p1f1,2046,02,18,0.0,11.285252,-0.56420743,2046
11372,r2i1p1f1,2046,02,19,0.0,15.094001,-0.4663116,2046
11373,r2i1p1f1,2046,02,20,0.5841996624269541,15.739761,1.9440607,2046
11374,r2i1p1f1,2046,02,21,5.279100207260967,7.3015323,-0.22545126,2046
11375,r2i1p1f1,2046,02,22,0.0,9.5775795,-1.0511689,2046
11376,r2i1p1f1,2046,02,23,0.0,12.762602,-1.0093175,2046
11377,r2i1p1f1,2046,02,24,0.0,13.571007,1.1576127,2046
11378,r2i1p1f1,2046,02,25,0.0,14.073433,2.5697505,2046
11379,r2i1p1f1,2046,02,26,0.0,12.267337,-0.4834019,2046
11380,r2i1p1f1,2046,02,27,0.0,10.283763,-0.80292535,2046
11381,r2i1p1f1,2046,02,28,0.0,11.227561,-0.24900633,2046
11382,r2i1p1f1,2046,03,01,0.0,13.695354,-1.1591555,2046
11383,r2i1p1f1,2046,03,02,0.0,15.690886,5.3111463,2046
11384,r2i1p1f1,2046,03,03,0.0,17.994747,2.8191767,2046
11385,r2i1p1f1,2046,03,04,0.0,19.647707,3.9144564,2046
11386,r2i1p1f1,2046,03,05,0.0,20.6458,3.7813044,2046
11387,r2i1p1f1,2046,03,06,0.0,21.45577,5.3307714,2046
11388,r2i1p1f1,2046,03,07,0.0,18.43044,5.9329815,2046
11389,r2i1p1f1,2046,03,08,1.1291845877281048,13.737297,6.458525,2046
11390,r2i1p1f1,2046,03,09,1.7671134682132106,13.262614,4.659873,2046
11391,r2i1p1f1,2046,03,10,2.8243686192240602,14.407169,5.656095,2046
11392,r2i1p1f1,2046,03,11,9.790420860821314,15.420466,5.1411567,2046
11393,r2i1p1f1,2046,03,12,0.0,20.159658,4.987497,2046
11394,r2i1p1f1,2046,03,13,0.0,20.47148,5.03907,2046
11395,r2i1p1f1,2046,03,14,0.0,21.39107,5.423805,2046
11396,r2i1p1f1,2046,03,15,0.0,21.586935,5.2766247,2046
11397,r2i1p1f1,2046,03,16,0.0,19.07005,5.47958,2046
11398,r2i1p1f1,2046,03,17,0.005066547203114169,15.811517,4.1390643,2046
11399,r2i1p1f1,2046,03,18,13.732178155260044,12.011932,3.1175177,2046
11400,r2i1p1f1,2046,03,19,19.7074916186466,9.379375,2.0646951,2046
11401,r2i1p1f1,2046,03,20,0.0,11.87247,-4.145172,2046
11402,r2i1p1f1,2046,03,21,0.2702029225304159,12.244641,1.256081,2046
11403,r2i1p1f1,2046,03,22,36.272413224651245,12.452212,3.6467912,2046
11404,r2i1p1f1,2046,03,23,32.93982024915749,15.9104,9.083134,2046
11405,r2i1p1f1,2046,03,24,2.3580947055791057,16.972843,3.4383287,2046
11406,r2i1p1f1,2046,03,25,0.0,19.697325,5.098131,2046
11407,r2i1p1f1,2046,03,26,0.0,18.322535,4.5241795,2046
11408,r2i1p1f1,2046,03,27,0.27274096736391584,16.2559,8.350901,2046
11409,r2i1p1f1,2046,03,28,0.0,14.854056,3.7789316,2046
11410,r2i1p1f1,2046,03,29,0.24514770671260067,12.707096,2.3032634,2046
11411,r2i1p1f1,2046,03,30,0.0,18.904062,2.2073233,2046
11412,r2i1p1f1,2046,03,31,0.0,25.452305,8.34701,2046
11413,r2i1p1f1,2046,04,01,0.0,26.387264,10.896432,2046
11414,r2i1p1f1,2046,04,02,0.0,26.7488,11.85348,2046
11415,r2i1p1f1,2046,04,03,0.0,26.83451,10.955615,2046
11416,r2i1p1f1,2046,04,04,0.019692330010911974,22.046988,7.5322776,2046
11417,r2i1p1f1,2046,04,05,0.0,14.552204,2.2321942,2046
11418,r2i1p1f1,2046,04,06,4.3041236292992835,12.232967,2.113041,2046
11419,r2i1p1f1,2046,04,07,29.287215544172795,11.007798,6.5363107,2046
11420,r2i1p1f1,2046,04,08,9.609704657253815,8.871521,3.771032,2046
11421,r2i1p1f1,2046,04,09,0.0,18.482983,0.34830496,2046
11422,r2i1p1f1,2046,04,10,0.0,20.886505,4.50909,2046
11423,r2i1p1f1,2046,04,11,0.0923181230064074,20.54752,6.92321,2046
11424,r2i1p1f1,2046,04,12,10.149941730651335,12.168975,8.216326,2046
11425,r2i1p1f1,2046,04,13,0.5536098569052683,15.024392,1.4805772,2046
11426,r2i1p1f1,2046,04,14,0.0,19.691593,5.4842777,2046
11427,r2i1p1f1,2046,04,15,0.0,24.93351,10.40605,2046
11428,r2i1p1f1,2046,04,16,0.0,26.377636,10.234017,2046
11429,r2i1p1f1,2046,04,17,0.0,27.148079,10.023266,2046
11430,r2i1p1f1,2046,04,18,3.6623086350346057,19.44373,8.975539,2046
11431,r2i1p1f1,2046,04,19,0.012206315386720235,25.595263,10.119695,2046
11432,r2i1p1f1,2046,04,20,0.5322973494003236,19.777527,3.655165,2046
11433,r2i1p1f1,2046,04,21,36.78989882864698,19.002811,6.835581,2046
11434,r2i1p1f1,2046,04,22,9.729647823735377,14.084779,7.988121,2046
11435,r2i1p1f1,2046,04,23,5.298643355672539,13.726122,5.0908246,2046
11436,r2i1p1f1,2046,04,24,9.058543195260427,11.257901,3.3209803,2046
11437,r2i1p1f1,2046,04,25,12.522489772618428,8.345148,3.1705523,2046
11438,r2i1p1f1,2046,04,26,0.5057974277065114,17.69877,0.68572676,2046
11439,r2i1p1f1,2046,04,27,0.20774365546003537,18.965807,4.2346387,2046
11440,r2i1p1f1,2046,04,28,0.0,18.162756,6.9465714,2046
11441,r2i1p1f1,2046,04,29,0.0,18.128948,6.4867682,2046
11442,r2i1p1f1,2046,04,30,0.0,16.134861,6.8462253,2046
11443,r2i1p1f1,2046,05,01,0.0,19.178768,3.895613,2046
11444,r2i1p1f1,2046,05,02,0.0,20.539354,4.889063,2046
11445,r2i1p1f1,2046,05,03,0.008050062751863152,20.761003,5.0974507,2046
11446,r2i1p1f1,2046,05,04,0.16619425114186015,17.969316,4.5536437,2046
11447,r2i1p1f1,2046,05,05,1.1693218180653275,16.060894,5.7553577,2046
11448,r2i1p1f1,2046,05,06,3.616354926253962,14.386407,5.136129,2046
11449,r2i1p1f1,2046,05,07,0.7769820394457838,15.701298,6.9680924,2046
11450,r2i1p1f1,2046,05,08,0.0,17.204866,6.4034934,2046
11451,r2i1p1f1,2046,05,09,0.0,21.670137,4.603667,2046
11452,r2i1p1f1,2046,05,10,0.0,22.280914,6.0546255,2046
11453,r2i1p1f1,2046,05,11,4.901683593732287,16.158699,3.0419588,2046
11454,r2i1p1f1,2046,05,12,22.66887721234525,10.918197,6.6937637,2046
11455,r2i1p1f1,2046,05,13,0.0,17.236214,2.0851338,2046
11456,r2i1p1f1,2046,05,14,0.0,19.842411,4.903301,2046
11457,r2i1p1f1,2046,05,15,0.0,21.045578,7.2481284,2046
11458,r2i1p1f1,2046,05,16,0.0,22.477999,8.120961,2046
11459,r2i1p1f1,2046,05,17,0.0,25.223299,10.122725,2046
11460,r2i1p1f1,2046,05,18,0.0,25.543428,9.836497,2046
11461,r2i1p1f1,2046,05,19,0.0,24.898077,8.515768,2046
11462,r2i1p1f1,2046,05,20,0.0,20.067923,4.319957,2046
11463,r2i1p1f1,2046,05,21,0.0,22.743233,7.624648,2046
11464,r2i1p1f1,2046,05,22,0.0,23.720942,7.230596,2046
11465,r2i1p1f1,2046,05,23,0.18847200776690443,25.159147,9.778918,2046
11466,r2i1p1f1,2046,05,24,0.004190021309113945,24.473408,9.224936,2046
11467,r2i1p1f1,2046,05,25,0.0,23.279247,8.608085,2046
11468,r2i1p1f1,2046,05,26,0.0,26.348593,10.495286,2046
11469,r2i1p1f1,2046,05,27,0.0,29.893124,12.293274,2046
11470,r2i1p1f1,2046,05,28,0.0,30.920593,13.056656,2046
11471,r2i1p1f1,2046,05,29,0.0,28.939714,8.688732,2046
11472,r2i1p1f1,2046,05,30,0.303245161222776,21.907127,3.8557417,2046
11473,r2i1p1f1,2046,05,31,0.24247090917697278,15.158144,3.0069323,2046
11474,r2i1p1f1,2046,06,01,0.0,16.742302,5.722719,2046
11475,r2i1p1f1,2046,06,02,0.0,18.85653,3.9430645,2046
11476,r2i1p1f1,2046,06,03,0.0,20.190687,5.168932,2046
11477,r2i1p1f1,2046,06,04,0.0,23.869284,6.367071,2046
11478,r2i1p1f1,2046,06,05,0.0,26.091396,8.219471,2046
11479,r2i1p1f1,2046,06,06,0.0019157340375386411,26.383629,8.436682,2046
11480,r2i1p1f1,2046,06,07,0.2334631630333206,22.290798,6.3834286,2046
11481,r2i1p1f1,2046,06,08,0.909393745757825,23.130379,6.8367753,2046
11482,r2i1p1f1,2046,06,09,0.13556052613239444,19.30842,8.048707,2046
11483,r2i1p1f1,2046,06,10,0.0,20.488731,7.823132,2046
11484,r2i1p1f1,2046,06,11,0.0,23.58886,8.477688,2046
11485,r2i1p1f1,2046,06,12,0.0,27.945478,11.066421,2046
11486,r2i1p1f1,2046,06,13,0.0,34.1839,15.711819,2046
11487,r2i1p1f1,2046,06,14,0.0,38.40129,20.038744,2046
11488,r2i1p1f1,2046,06,15,0.0,38.72102,20.14414,2046
11489,r2i1p1f1,2046,06,16,0.0,37.62608,19.063839,2046
11490,r2i1p1f1,2046,06,17,0.04087298275408102,35.74443,16.972769,2046
11491,r2i1p1f1,2046,06,18,0.5233778113620247,33.607986,16.104969,2046
11492,r2i1p1f1,2046,06,19,0.0,30.980103,14.172735,2046
11493,r2i1p1f1,2046,06,20,0.0,30.421091,13.276655,2046
11494,r2i1p1f1,2046,06,21,0.0,30.857029,14.171093,2046
11495,r2i1p1f1,2046,06,22,0.0,31.191929,14.174678,2046
11496,r2i1p1f1,2046,06,23,0.0,32.162556,13.246462,2046
11497,r2i1p1f1,2046,06,24,0.0,32.65347,12.410626,2046
11498,r2i1p1f1,2046,06,25,0.0,31.250122,13.142273,2046
11499,r2i1p1f1,2046,06,26,0.0,31.127882,12.090971,2046
11500,r2i1p1f1,2046,06,27,0.0,28.364128,11.564972,2046
11501,r2i1p1f1,2046,06,28,0.0,29.262138,11.734827,2046
11502,r2i1p1f1,2046,06,29,0.0,29.73098,13.262943,2046
11503,r2i1p1f1,2046,06,30,0.0,30.186302,11.514812,2046
11504,r2i1p1f1,2046,07,01,0.0,30.016453,13.569601,2046
11505,r2i1p1f1,2046,07,02,0.0,32.05307,14.401559,2046
11506,r2i1p1f1,2046,07,03,0.0,35.118557,17.052795,2046
11507,r2i1p1f1,2046,07,04,0.0,35.50495,17.06463,2046
11508,r2i1p1f1,2046,07,05,0.0,34.427692,18.13352,2046
11509,r2i1p1f1,2046,07,06,0.0,35.36199,16.149874,2046
11510,r2i1p1f1,2046,07,07,0.0,32.32569,13.247544,2046
11511,r2i1p1f1,2046,07,08,0.0,30.946568,12.7778015,2046
11512,r2i1p1f1,2046,07,09,0.0,31.118788,11.722886,2046
11513,r2i1p1f1,2046,07,10,0.0,33.80292,14.303687,2046
11514,r2i1p1f1,2046,07,11,0.0,34.63193,14.821406,2046
11515,r2i1p1f1,2046,07,12,0.0,35.345654,16.031593,2046
11516,r2i1p1f1,2046,07,13,0.0,33.16054,14.247435,2046
11517,r2i1p1f1,2046,07,14,0.0,31.081861,12.506928,2046
11518,r2i1p1f1,2046,07,15,0.0,31.768986,12.920322,2046
11519,r2i1p1f1,2046,07,16,0.0,33.778023,15.269104,2046
11520,r2i1p1f1,2046,07,17,0.0,35.389732,18.988737,2046
11521,r2i1p1f1,2046,07,18,0.0,34.956394,15.995195,2046
11522,r2i1p1f1,2046,07,19,0.0,34.70872,17.74243,2046
11523,r2i1p1f1,2046,07,20,0.0,33.767677,14.906178,2046
11524,r2i1p1f1,2046,07,21,0.0,32.202347,11.708771,2046
11525,r2i1p1f1,2046,07,22,0.0,32.48093,14.016105,2046
11526,r2i1p1f1,2046,07,23,0.0,33.495327,15.287547,2046
11527,r2i1p1f1,2046,07,24,0.0,33.24037,13.6849785,2046
11528,r2i1p1f1,2046,07,25,0.0,32.34791,13.883725,2046
11529,r2i1p1f1,2046,07,26,0.0,30.806583,12.176346,2046
11530,r2i1p1f1,2046,07,27,0.0,30.409828,11.756323,2046
11531,r2i1p1f1,2046,07,28,0.0,30.491232,11.225547,2046
11532,r2i1p1f1,2046,07,29,0.0,29.153307,10.3910675,2046
11533,r2i1p1f1,2046,07,30,0.0,31.081808,11.744746,2046
11534,r2i1p1f1,2046,07,31,0.0,34.148857,16.30144,2046
11535,r2i1p1f1,2046,08,01,0.0,35.800205,19.197449,2046
11536,r2i1p1f1,2046,08,02,0.0,35.73418,16.271288,2046
11537,r2i1p1f1,2046,08,03,0.0,34.80519,17.268137,2046
11538,r2i1p1f1,2046,08,04,0.0,33.297012,15.688007,2046
11539,r2i1p1f1,2046,08,05,0.0,33.16747,12.989631,2046
11540,r2i1p1f1,2046,08,06,0.0,32.797253,11.657578,2046
11541,r2i1p1f1,2046,08,07,0.0,32.644787,11.642827,2046
11542,r2i1p1f1,2046,08,08,0.0,32.295853,12.627181,2046
11543,r2i1p1f1,2046,08,09,0.0,33.080093,14.687748,2046
11544,r2i1p1f1,2046,08,10,0.0,33.101368,14.084579,2046
11545,r2i1p1f1,2046,08,11,0.0,33.05879,12.09974,2046
11546,r2i1p1f1,2046,08,12,0.0,31.96934,10.515923,2046
11547,r2i1p1f1,2046,08,13,0.0,31.202738,11.766667,2046
11548,r2i1p1f1,2046,08,14,0.0,31.733002,14.6080675,2046
11549,r2i1p1f1,2046,08,15,0.0,32.848984,14.5825,2046
11550,r2i1p1f1,2046,08,16,0.0,35.72457,16.805986,2046
11551,r2i1p1f1,2046,08,17,0.0,36.60357,18.547543,2046
11552,r2i1p1f1,2046,08,18,0.0,36.810223,18.026476,2046
11553,r2i1p1f1,2046,08,19,0.0,36.374943,17.50887,2046
11554,r2i1p1f1,2046,08,20,0.0,36.809666,19.29612,2046
11555,r2i1p1f1,2046,08,21,0.0,35.99062,18.64415,2046
11556,r2i1p1f1,2046,08,22,0.0,36.093105,17.089298,2046
11557,r2i1p1f1,2046,08,23,0.0,34.39209,14.040669,2046
11558,r2i1p1f1,2046,08,24,0.0,32.75592,13.800528,2046
11559,r2i1p1f1,2046,08,25,0.0,33.017075,15.673159,2046
11560,r2i1p1f1,2046,08,26,0.0,33.153656,14.599216,2046
11561,r2i1p1f1,2046,08,27,0.0,29.66674,11.3902855,2046
11562,r2i1p1f1,2046,08,28,0.0,31.959429,13.677235,2046
11563,r2i1p1f1,2046,08,29,0.0,33.70485,15.120518,2046
11564,r2i1p1f1,2046,08,30,0.0,34.57332,17.223534,2046
11565,r2i1p1f1,2046,08,31,0.0,34.88665,15.739921,2046
11566,r2i1p1f1,2046,09,01,0.0,29.409882,10.326845,2046
11567,r2i1p1f1,2046,09,02,0.0,23.663456,6.399075,2046
11568,r2i1p1f1,2046,09,03,0.0,23.740173,6.2740192,2046
11569,r2i1p1f1,2046,09,04,0.0,23.00162,6.1075115,2046
11570,r2i1p1f1,2046,09,05,0.0,22.562698,7.1101155,2046
11571,r2i1p1f1,2046,09,06,0.0,23.099182,7.234555,2046
11572,r2i1p1f1,2046,09,07,0.0,21.76874,5.5810866,2046
11573,r2i1p1f1,2046,09,08,0.0,22.36696,6.398201,2046
11574,r2i1p1f1,2046,09,09,0.0,24.265654,7.406756,2046
11575,r2i1p1f1,2046,09,10,0.0,25.918161,8.324245,2046
11576,r2i1p1f1,2046,09,11,0.0,27.430513,10.801074,2046
11577,r2i1p1f1,2046,09,12,0.0,29.82805,11.998121,2046
11578,r2i1p1f1,2046,09,13,0.0,32.55738,13.880596,2046
11579,r2i1p1f1,2046,09,14,0.0,35.452454,17.012564,2046
11580,r2i1p1f1,2046,09,15,0.0,38.750553,20.587234,2046
11581,r2i1p1f1,2046,09,16,0.0,40.146137,21.448753,2046
11582,r2i1p1f1,2046,09,17,0.0,38.204567,21.015673,2046
11583,r2i1p1f1,2046,09,18,0.0,37.476284,20.010876,2046
11584,r2i1p1f1,2046,09,19,0.0,36.903793,19.143538,2046
11585,r2i1p1f1,2046,09,20,0.0,36.233555,17.370737,2046
11586,r2i1p1f1,2046,09,21,0.0,34.078617,15.4068775,2046
11587,r2i1p1f1,2046,09,22,0.0,29.896929,12.672131,2046
11588,r2i1p1f1,2046,09,23,0.0,28.061424,10.751756,2046
11589,r2i1p1f1,2046,09,24,0.0,27.790762,9.960912,2046
11590,r2i1p1f1,2046,09,25,0.0,29.922743,11.884623,2046
11591,r2i1p1f1,2046,09,26,0.0,33.561855,16.29551,2046
11592,r2i1p1f1,2046,09,27,0.0,35.206596,16.7472,2046
11593,r2i1p1f1,2046,09,28,0.0,35.879208,20.191078,2046
11594,r2i1p1f1,2046,09,29,0.0,36.831623,18.736443,2046
11595,r2i1p1f1,2046,09,30,0.0,34.391556,18.090733,2046
11596,r2i1p1f1,2046,10,01,0.0,35.582573,17.69828,2046
11597,r2i1p1f1,2046,10,02,0.0,35.745834,16.97918,2046
11598,r2i1p1f1,2046,10,03,0.0,35.767586,17.051947,2046
11599,r2i1p1f1,2046,10,04,4.935577209573694,29.566755,10.738771,2046
11600,r2i1p1f1,2046,10,05,0.0,24.199955,10.639052,2046
11601,r2i1p1f1,2046,10,06,0.0,22.36953,9.825268,2046
11602,r2i1p1f1,2046,10,07,0.0,24.145016,8.646437,2046
11603,r2i1p1f1,2046,10,08,0.0,25.659096,8.328062,2046
11604,r2i1p1f1,2046,10,09,0.0,25.886345,8.377125,2046
11605,r2i1p1f1,2046,10,10,0.0,23.90728,6.6715775,2046
11606,r2i1p1f1,2046,10,11,0.0,23.78718,8.089405,2046
11607,r2i1p1f1,2046,10,12,0.0,24.654781,8.963051,2046
11608,r2i1p1f1,2046,10,13,0.0,25.008894,8.535262,2046
11609,r2i1p1f1,2046,10,14,0.0,27.566404,10.458064,2046
11610,r2i1p1f1,2046,10,15,0.0,29.830624,11.50496,2046
11611,r2i1p1f1,2046,10,16,0.0,31.92573,14.068918,2046
11612,r2i1p1f1,2046,10,17,0.0,32.120224,15.053706,2046
11613,r2i1p1f1,2046,10,18,0.0,32.227367,14.847767,2046
11614,r2i1p1f1,2046,10,19,0.0,30.973856,14.0760145,2046
11615,r2i1p1f1,2046,10,20,0.0,30.358286,12.874992,2046
11616,r2i1p1f1,2046,10,21,0.0,29.761404,11.500487,2046
11617,r2i1p1f1,2046,10,22,0.0008620677249382425,25.080704,9.512478,2046
11618,r2i1p1f1,2046,10,23,8.457127478322946e-05,23.99791,5.953178,2046
11619,r2i1p1f1,2046,10,24,11.231666251160277,16.123638,7.6756973,2046
11620,r2i1p1f1,2046,10,25,0.32684932176039183,16.937016,7.5016227,2046
11621,r2i1p1f1,2046,10,26,0.0,20.049698,4.738205,2046
11622,r2i1p1f1,2046,10,27,0.0,24.260954,8.193623,2046
11623,r2i1p1f1,2046,10,28,0.0,24.51845,11.299625,2046
11624,r2i1p1f1,2046,10,29,0.0,24.253935,6.869337,2046
11625,r2i1p1f1,2046,10,30,0.0,22.131134,8.001856,2046
11626,r2i1p1f1,2046,10,31,0.0,22.258656,6.496466,2046
11627,r2i1p1f1,2046,11,01,0.0,18.62075,3.4602733,2046
11628,r2i1p1f1,2046,11,02,0.0,21.245333,6.250524,2046
11629,r2i1p1f1,2046,11,03,0.0,21.77075,5.789769,2046
11630,r2i1p1f1,2046,11,04,0.0,22.158157,7.171731,2046
11631,r2i1p1f1,2046,11,05,0.1401033466095214,21.409904,6.9007144,2046
11632,r2i1p1f1,2046,11,06,0.07086749869813502,16.337393,6.1183667,2046
11633,r2i1p1f1,2046,11,07,0.08305959363497095,20.50338,7.6206217,2046
11634,r2i1p1f1,2046,11,08,0.2592272428501019,19.791723,6.757264,2046
11635,r2i1p1f1,2046,11,09,0.0016111656520934048,23.145084,7.591216,2046
11636,r2i1p1f1,2046,11,10,0.0,17.790762,3.3816535,2046
11637,r2i1p1f1,2046,11,11,0.0,18.80347,6.677821,2046
11638,r2i1p1f1,2046,11,12,0.0,19.60485,2.7903485,2046
11639,r2i1p1f1,2046,11,13,0.0,17.309381,3.529535,2046
11640,r2i1p1f1,2046,11,14,1.2306471467934843,14.74343,2.8379567,2046
11641,r2i1p1f1,2046,11,15,61.715083818126004,13.161706,8.068706,2046
11642,r2i1p1f1,2046,11,16,5.33589415302913,12.401496,4.128149,2046
11643,r2i1p1f1,2046,11,17,0.22711154157946112,14.561251,5.7437325,2046
11644,r2i1p1f1,2046,11,18,0.0,14.4467125,3.6471875,2046
11645,r2i1p1f1,2046,11,19,0.14589255608825624,14.141227,5.1628695,2046
11646,r2i1p1f1,2046,11,20,0.0,16.424038,4.4035,2046
11647,r2i1p1f1,2046,11,21,0.0,17.409227,2.764,2046
11648,r2i1p1f1,2046,11,22,0.0,10.977583,0.14635277,2046
11649,r2i1p1f1,2046,11,23,0.22229883460624933,12.74822,2.150056,2046
11650,r2i1p1f1,2046,11,24,0.0,13.924213,6.3241568,2046
11651,r2i1p1f1,2046,11,25,0.0,17.560059,5.9630494,2046
11652,r2i1p1f1,2046,11,26,0.0,19.567148,7.621581,2046
11653,r2i1p1f1,2046,11,27,0.0,20.10298,8.189266,2046
11654,r2i1p1f1,2046,11,28,19.434559442015598,15.059132,6.7033844,2046
11655,r2i1p1f1,2046,11,29,14.705913265288473,12.481282,6.8625903,2046
11656,r2i1p1f1,2046,11,30,11.50850455909449,11.210482,2.043248,2046
11657,r2i1p1f1,2046,12,01,0.0,11.28116,0.67597806,2046
11658,r2i1p1f1,2046,12,02,0.1512906467837638,11.982635,2.2359316,2046
11659,r2i1p1f1,2046,12,03,0.0,13.05454,0.8845615,2046
11660,r2i1p1f1,2046,12,04,0.0,13.1278,2.1561422,2046
11661,r2i1p1f1,2046,12,05,9.477021361385596,9.837994,2.694439,2046
11662,r2i1p1f1,2046,12,06,0.0,10.767307,-0.5463706,2046
11663,r2i1p1f1,2046,12,07,0.0,12.389571,-0.56023526,2046
11664,r2i1p1f1,2046,12,08,0.0,13.158547,1.6450727,2046
11665,r2i1p1f1,2046,12,09,0.0,14.1713085,2.4358797,2046
11666,r2i1p1f1,2046,12,10,0.0,15.273085,3.9985766,2046
11667,r2i1p1f1,2046,12,11,0.0,12.964836,1.1822714,2046
11668,r2i1p1f1,2046,12,12,0.0,13.801889,3.240835,2046
11669,r2i1p1f1,2046,12,13,0.0,15.176952,3.1970646,2046
11670,r2i1p1f1,2046,12,14,0.0,15.386897,3.3868763,2046
11671,r2i1p1f1,2046,12,15,2.1717046175240284,16.333073,3.553378,2046
11672,r2i1p1f1,2046,12,16,6.755817598445901,12.872114,8.129724,2046
11673,r2i1p1f1,2046,12,17,20.18876591937442,12.424723,6.96218,2046
11674,r2i1p1f1,2046,12,18,0.7982977323706564,13.859377,4.772036,2046
11675,r2i1p1f1,2046,12,19,4.0245364199108735,13.664293,2.7473097,2046
11676,r2i1p1f1,2046,12,20,40.494143204705324,10.557887,5.153748,2046
11677,r2i1p1f1,2046,12,21,11.36378691844584,9.46806,-0.62839276,2046
11678,r2i1p1f1,2046,12,22,3.67650312114165,9.616856,3.288088,2046
11679,r2i1p1f1,2046,12,23,11.018635972141055,10.262437,3.9449148,2046
11680,r2i1p1f1,2046,12,24,9.826804308295323,11.348471,3.149867,2046
11681,r2i1p1f1,2046,12,25,4.701950507956099,10.413925,0.5695699,2046
11682,r2i1p1f1,2046,12,26,0.16706863413560313,13.684815,2.4655228,2046
11683,r2i1p1f1,2046,12,27,0.0,14.436127,3.8321025,2046
11684,r2i1p1f1,2046,12,28,0.0,18.529408,6.2761745,2046
11685,r2i1p1f1,2046,12,29,0.0,17.679663,6.863908,2046
11686,r2i1p1f1,2046,12,30,10.178727038271518,15.9396925,5.734789,2046
11687,r2i1p1f1,2046,12,31,5.386718712600214,12.363187,3.7618055,2046
11688,r2i1p1f1,2047,01,01,0.7296680639583997,11.2477,5.6223493,2047
11689,r2i1p1f1,2047,01,02,0.23170516712340827,12.78758,1.7935176,2047
11690,r2i1p1f1,2047,01,03,0.0,13.09052,0.09626182,2047
11691,r2i1p1f1,2047,01,04,0.0,11.379686,0.09366666,2047
11692,r2i1p1f1,2047,01,05,0.0,11.696212,-0.34364885,2047
11693,r2i1p1f1,2047,01,06,0.0,11.064846,-0.8663361,2047
11694,r2i1p1f1,2047,01,07,4.0065219161533605,6.9611983,1.6945398,2047
11695,r2i1p1f1,2047,01,08,36.257139714143705,9.973766,2.1509895,2047
11696,r2i1p1f1,2047,01,09,40.00164466415299,12.108814,4.745452,2047
11697,r2i1p1f1,2047,01,10,33.537530750709266,12.941099,5.0448914,2047
11698,r2i1p1f1,2047,01,11,15.530684534996908,10.307522,2.1846514,2047
11699,r2i1p1f1,2047,01,12,11.042997795266274,7.445582,2.1143348,2047
11700,r2i1p1f1,2047,01,13,47.22390461861323,10.337971,5.561621,2047
11701,r2i1p1f1,2047,01,14,6.790888868818001,10.212908,0.08437824,2047
11702,r2i1p1f1,2047,01,15,0.04116994861078638,9.023683,-2.155746,2047
11703,r2i1p1f1,2047,01,16,11.41084292121377,10.043996,-0.44185224,2047
11704,r2i1p1f1,2047,01,17,62.67109187974711,9.324983,5.2420573,2047
11705,r2i1p1f1,2047,01,18,0.14327982157738006,13.689139,1.6547859,2047
11706,r2i1p1f1,2047,01,19,0.0,12.664963,-1.4218338,2047
11707,r2i1p1f1,2047,01,20,10.022304682115646,11.589472,3.8682687,2047
11708,r2i1p1f1,2047,01,21,0.0948519455960195,10.025372,5.175996,2047
11709,r2i1p1f1,2047,01,22,0.0,14.536041,1.5607777,2047
11710,r2i1p1f1,2047,01,23,0.0,14.082885,3.1413207,2047
11711,r2i1p1f1,2047,01,24,0.0,18.28087,5.9374433,2047
11712,r2i1p1f1,2047,01,25,0.0,19.7457,6.176161,2047
11713,r2i1p1f1,2047,01,26,0.0,18.98889,6.7270346,2047
11714,r2i1p1f1,2047,01,27,0.0,15.98034,6.482341,2047
11715,r2i1p1f1,2047,01,28,0.0,17.734747,5.072393,2047
11716,r2i1p1f1,2047,01,29,0.0,17.968576,6.0391016,2047
11717,r2i1p1f1,2047,01,30,0.0,16.32861,3.705501,2047
11718,r2i1p1f1,2047,01,31,0.0,14.857045,3.5346022,2047
11719,r2i1p1f1,2047,02,01,1.9842242312684277,15.532818,5.46595,2047
11720,r2i1p1f1,2047,02,02,0.0,18.189478,6.409922,2047
11721,r2i1p1f1,2047,02,03,0.0,18.657873,5.279002,2047
11722,r2i1p1f1,2047,02,04,1.3896484164263256,17.942453,7.0046444,2047
11723,r2i1p1f1,2047,02,05,1.764229229428338,16.169762,6.9649115,2047
11724,r2i1p1f1,2047,02,06,0.0,11.950091,-0.5782618,2047
11725,r2i1p1f1,2047,02,07,0.0,13.949329,-0.9708684,2047
11726,r2i1p1f1,2047,02,08,0.0,15.654175,2.7591422,2047
11727,r2i1p1f1,2047,02,09,0.0,15.492477,4.2744594,2047
11728,r2i1p1f1,2047,02,10,0.0,14.910533,3.630861,2047
11729,r2i1p1f1,2047,02,11,0.0,14.475754,3.0141633,2047
11730,r2i1p1f1,2047,02,12,1.086713527433858,13.572383,3.1525488,2047
11731,r2i1p1f1,2047,02,13,18.72444429782263,12.491517,3.9179056,2047
11732,r2i1p1f1,2047,02,14,0.0,11.946304,0.0499284,2047
11733,r2i1p1f1,2047,02,15,0.0,13.716101,0.8450177,2047
11734,r2i1p1f1,2047,02,16,0.0,13.723563,1.258949,2047
11735,r2i1p1f1,2047,02,17,0.0,13.665799,0.5788695,2047
11736,r2i1p1f1,2047,02,18,0.0,11.780662,-0.8450754,2047
11737,r2i1p1f1,2047,02,19,0.0,12.1432085,-0.10241694,2047
11738,r2i1p1f1,2047,02,20,0.0,12.985228,0.7987775,2047
11739,r2i1p1f1,2047,02,21,0.0,14.1800585,0.9192288,2047
11740,r2i1p1f1,2047,02,22,0.0,15.981518,1.0344121,2047
11741,r2i1p1f1,2047,02,23,8.399388210636971,15.903499,4.648634,2047
11742,r2i1p1f1,2047,02,24,28.34443753472442,13.104172,8.657136,2047
11743,r2i1p1f1,2047,02,25,4.423153802144952,12.926146,2.1791942,2047
11744,r2i1p1f1,2047,02,26,0.0,15.2675085,1.7702909,2047
11745,r2i1p1f1,2047,02,27,0.0,16.425758,3.1114,2047
11746,r2i1p1f1,2047,02,28,0.04270161972499409,10.589288,1.3096869,2047
11747,r2i1p1f1,2047,03,01,0.0,11.340142,-2.2599208,2047
11748,r2i1p1f1,2047,03,02,0.00964947748798295,12.383846,3.3292096,2047
11749,r2i1p1f1,2047,03,03,0.0,15.150079,1.5972754,2047
11750,r2i1p1f1,2047,03,04,0.3354527951842101,16.3572,2.6774843,2047
11751,r2i1p1f1,2047,03,05,4.931740355573311,14.19503,1.56818,2047
11752,r2i1p1f1,2047,03,06,21.872794790397165,11.222785,3.9688067,2047
11753,r2i1p1f1,2047,03,07,0.04983082182832277,12.42458,3.2018993,2047
11754,r2i1p1f1,2047,03,08,0.0,15.566274,0.3949693,2047
11755,r2i1p1f1,2047,03,09,0.0,17.722263,2.298492,2047
11756,r2i1p1f1,2047,03,10,0.0,17.687017,2.0624073,2047
11757,r2i1p1f1,2047,03,11,14.87820209849815,11.27125,5.866596,2047
11758,r2i1p1f1,2047,03,12,53.17847346086637,13.064607,8.501908,2047
11759,r2i1p1f1,2047,03,13,44.512083762310795,12.714754,5.8337994,2047
11760,r2i1p1f1,2047,03,14,0.0,12.569604,-6.5095935,2047
11761,r2i1p1f1,2047,03,15,3.5244478918571076,6.1931205,0.751024,2047
11762,r2i1p1f1,2047,03,16,32.53111595258815,10.653353,3.4851735,2047
11763,r2i1p1f1,2047,03,17,0.0,13.798817,0.40822613,2047
11764,r2i1p1f1,2047,03,18,0.0,15.603878,0.47631466,2047
11765,r2i1p1f1,2047,03,19,0.0,15.867101,2.2082613,2047
11766,r2i1p1f1,2047,03,20,0.0,17.202766,2.2534697,2047
11767,r2i1p1f1,2047,03,21,0.0,15.80736,3.1441655,2047
11768,r2i1p1f1,2047,03,22,0.0,17.195168,3.7057385,2047
11769,r2i1p1f1,2047,03,23,0.127184471035946,15.557514,6.4133472,2047
11770,r2i1p1f1,2047,03,24,0.0,15.360609,7.932152,2047
11771,r2i1p1f1,2047,03,25,13.15979991848053,14.522936,0.10687653,2047
11772,r2i1p1f1,2047,03,26,0.36737956987893394,10.902378,0.2889965,2047
11773,r2i1p1f1,2047,03,27,0.94626490678138,12.709227,2.4333484,2047
11774,r2i1p1f1,2047,03,28,0.0,15.921702,-0.08733675,2047
11775,r2i1p1f1,2047,03,29,0.0,16.483305,1.6132866,2047
11776,r2i1p1f1,2047,03,30,0.0,17.449192,5.569652,2047
11777,r2i1p1f1,2047,03,31,0.008439156044914853,19.102856,5.344816,2047
11778,r2i1p1f1,2047,04,01,0.0,21.81856,5.895749,2047
11779,r2i1p1f1,2047,04,02,0.0,22.262484,6.771848,2047
11780,r2i1p1f1,2047,04,03,0.0,22.940414,6.8955116,2047
11781,r2i1p1f1,2047,04,04,0.0,22.906218,8.116114,2047
11782,r2i1p1f1,2047,04,05,0.0,22.849981,7.6228876,2047
11783,r2i1p1f1,2047,04,06,0.0,24.945116,6.504744,2047
11784,r2i1p1f1,2047,04,07,0.0,24.127342,6.397035,2047
11785,r2i1p1f1,2047,04,08,1.4483177172678552,16.670696,4.6715283,2047
11786,r2i1p1f1,2047,04,09,2.372507624318132,11.614687,5.0164204,2047
11787,r2i1p1f1,2047,04,10,2.524275754831251,9.626055,1.8427383,2047
11788,r2i1p1f1,2047,04,11,2.147818295321713,8.682762,-0.8965108,2047
11789,r2i1p1f1,2047,04,12,0.002024223613261711,12.64746,2.2091987,2047
11790,r2i1p1f1,2047,04,13,0.0,16.041763,0.2745358,2047
11791,r2i1p1f1,2047,04,14,11.111085212451144,14.138894,1.9624236,2047
11792,r2i1p1f1,2047,04,15,0.968639228108259,12.98142,4.300029,2047
11793,r2i1p1f1,2047,04,16,0.0,17.775948,2.7477357,2047
11794,r2i1p1f1,2047,04,17,0.0,19.362604,4.108603,2047
11795,r2i1p1f1,2047,04,18,0.0,19.533592,7.7306204,2047
11796,r2i1p1f1,2047,04,19,0.0,19.88562,5.477373,2047
11797,r2i1p1f1,2047,04,20,0.0,20.19751,5.7169113,2047
11798,r2i1p1f1,2047,04,21,0.20914232300128788,20.151253,6.2346883,2047
11799,r2i1p1f1,2047,04,22,0.0,19.07744,5.5406303,2047
11800,r2i1p1f1,2047,04,23,0.005015701935917605,17.483011,5.597742,2047
11801,r2i1p1f1,2047,04,24,0.0,17.085234,2.8701756,2047
11802,r2i1p1f1,2047,04,25,0.0,19.551498,3.7100492,2047
11803,r2i1p1f1,2047,04,26,0.0,26.358171,8.358424,2047
11804,r2i1p1f1,2047,04,27,0.0,29.977888,12.439326,2047
11805,r2i1p1f1,2047,04,28,0.0,30.573635,14.263148,2047
11806,r2i1p1f1,2047,04,29,0.0,30.080414,14.3097515,2047
11807,r2i1p1f1,2047,04,30,0.0,26.802265,9.866801,2047
11808,r2i1p1f1,2047,05,01,0.0,27.723345,11.300402,2047
11809,r2i1p1f1,2047,05,02,0.3041974852749263,21.583195,6.6710734,2047
11810,r2i1p1f1,2047,05,03,0.0,24.321632,8.24066,2047
11811,r2i1p1f1,2047,05,04,0.05951014827587642,21.23642,5.3287487,2047
11812,r2i1p1f1,2047,05,05,0.0,19.529387,3.997643,2047
11813,r2i1p1f1,2047,05,06,0.032682137350548146,19.575062,2.9820578,2047
11814,r2i1p1f1,2047,05,07,9.400433615861914,15.682624,3.1109297,2047
11815,r2i1p1f1,2047,05,08,46.057133569411235,11.237767,4.1987586,2047
11816,r2i1p1f1,2047,05,09,18.15258007027296,10.393895,2.3174007,2047
11817,r2i1p1f1,2047,05,10,40.594331530155614,11.946934,4.143246,2047
11818,r2i1p1f1,2047,05,11,0.5203364888529904,14.358826,4.994002,2047
11819,r2i1p1f1,2047,05,12,11.670707923281043,14.329388,4.35822,2047
11820,r2i1p1f1,2047,05,13,0.38686702591781075,14.773928,4.6513247,2047
11821,r2i1p1f1,2047,05,14,0.0,16.320026,5.9017267,2047
11822,r2i1p1f1,2047,05,15,0.16176439014543575,15.618201,8.021513,2047
11823,r2i1p1f1,2047,05,16,4.730263663168444,13.923593,4.1267095,2047
11824,r2i1p1f1,2047,05,17,0.0469807353510987,17.537848,1.7956251,2047
11825,r2i1p1f1,2047,05,18,0.0,21.940317,4.4577446,2047
11826,r2i1p1f1,2047,05,19,0.0,25.621279,7.5246506,2047
11827,r2i1p1f1,2047,05,20,0.0,25.6743,10.410741,2047
11828,r2i1p1f1,2047,05,21,0.0,25.626736,10.00807,2047
11829,r2i1p1f1,2047,05,22,0.0,23.0731,7.956505,2047
11830,r2i1p1f1,2047,05,23,0.0,24.663904,9.393697,2047
11831,r2i1p1f1,2047,05,24,0.0,25.711264,9.809568,2047
11832,r2i1p1f1,2047,05,25,0.0,26.715508,10.491502,2047
11833,r2i1p1f1,2047,05,26,0.0,29.696747,12.183426,2047
11834,r2i1p1f1,2047,05,27,0.0,31.910946,15.040395,2047
11835,r2i1p1f1,2047,05,28,0.0,34.72503,16.817514,2047
11836,r2i1p1f1,2047,05,29,0.0,35.01174,17.479559,2047
11837,r2i1p1f1,2047,05,30,0.0,35.865982,19.23756,2047
11838,r2i1p1f1,2047,05,31,0.0,36.896637,19.984188,2047
11839,r2i1p1f1,2047,06,01,0.0,37.14984,15.493895,2047
11840,r2i1p1f1,2047,06,02,0.30569091873076104,29.999617,10.478064,2047
11841,r2i1p1f1,2047,06,03,0.013172076796763577,24.152657,8.120554,2047
11842,r2i1p1f1,2047,06,04,0.0,21.231874,7.9677887,2047
11843,r2i1p1f1,2047,06,05,0.0,25.175224,9.224941,2047
11844,r2i1p1f1,2047,06,06,0.003631266918091569,28.607212,12.156538,2047
11845,r2i1p1f1,2047,06,07,0.2525231951949536,25.403166,9.532711,2047
11846,r2i1p1f1,2047,06,08,0.9134104788245168,22.728964,5.848187,2047
11847,r2i1p1f1,2047,06,09,0.3550788133111382,20.183907,6.01915,2047
11848,r2i1p1f1,2047,06,10,0.0,24.086443,8.113261,2047
11849,r2i1p1f1,2047,06,11,0.0,26.332008,9.627043,2047
11850,r2i1p1f1,2047,06,12,0.0,26.463337,9.671536,2047
11851,r2i1p1f1,2047,06,13,0.0,30.318447,12.493649,2047
11852,r2i1p1f1,2047,06,14,0.0,31.562832,14.617262,2047
11853,r2i1p1f1,2047,06,15,0.0,31.546562,12.986332,2047
11854,r2i1p1f1,2047,06,16,0.0,31.914045,12.916417,2047
11855,r2i1p1f1,2047,06,17,0.0,31.62477,11.057424,2047
11856,r2i1p1f1,2047,06,18,0.0,27.44526,9.168916,2047
11857,r2i1p1f1,2047,06,19,0.0,29.03872,12.70833,2047
11858,r2i1p1f1,2047,06,20,0.0,31.845272,13.833639,2047
11859,r2i1p1f1,2047,06,21,0.0,33.25937,13.280568,2047
11860,r2i1p1f1,2047,06,22,0.0,33.508038,14.137001,2047
11861,r2i1p1f1,2047,06,23,0.0,33.129784,14.3804455,2047
11862,r2i1p1f1,2047,06,24,0.0,36.245926,16.836708,2047
11863,r2i1p1f1,2047,06,25,0.0,36.4113,18.731493,2047
11864,r2i1p1f1,2047,06,26,0.0,35.36618,16.675108,2047
11865,r2i1p1f1,2047,06,27,0.0,31.709038,13.313038,2047
11866,r2i1p1f1,2047,06,28,0.0,30.665182,12.156705,2047
11867,r2i1p1f1,2047,06,29,0.0,31.999254,12.865629,2047
11868,r2i1p1f1,2047,06,30,0.0,31.400595,14.007179,2047
11869,r2i1p1f1,2047,07,01,0.0,28.104244,10.651535,2047
11870,r2i1p1f1,2047,07,02,0.0,29.70051,11.466374,2047
11871,r2i1p1f1,2047,07,03,0.0,30.891472,13.710144,2047
11872,r2i1p1f1,2047,07,04,0.0,31.9933,14.311456,2047
11873,r2i1p1f1,2047,07,05,0.0,31.430752,11.988242,2047
11874,r2i1p1f1,2047,07,06,0.0,29.419521,10.809403,2047
11875,r2i1p1f1,2047,07,07,0.0,29.88856,10.227697,2047
11876,r2i1p1f1,2047,07,08,0.0,30.395142,11.134908,2047
11877,r2i1p1f1,2047,07,09,0.0,30.154385,12.0040865,2047
11878,r2i1p1f1,2047,07,10,0.0,30.43281,12.899548,2047
11879,r2i1p1f1,2047,07,11,0.0,31.776327,14.056171,2047
11880,r2i1p1f1,2047,07,12,0.0,32.971027,12.590026,2047
11881,r2i1p1f1,2047,07,13,0.0,29.20109,11.15123,2047
11882,r2i1p1f1,2047,07,14,0.0,30.641592,14.170751,2047
11883,r2i1p1f1,2047,07,15,0.0,35.100544,17.513405,2047
11884,r2i1p1f1,2047,07,16,0.0,35.451115,17.614159,2047
11885,r2i1p1f1,2047,07,17,0.0,34.264755,15.573268,2047
11886,r2i1p1f1,2047,07,18,0.0,32.188267,14.590733,2047
11887,r2i1p1f1,2047,07,19,0.0,33.954346,15.961988,2047
11888,r2i1p1f1,2047,07,20,0.0,34.60346,17.45681,2047
11889,r2i1p1f1,2047,07,21,0.0,34.773468,15.374071,2047
11890,r2i1p1f1,2047,07,22,0.0,35.433773,17.962189,2047
11891,r2i1p1f1,2047,07,23,0.0,36.019024,18.032166,2047
11892,r2i1p1f1,2047,07,24,0.0,37.734253,20.535885,2047
11893,r2i1p1f1,2047,07,25,0.0,38.854824,19.641489,2047
11894,r2i1p1f1,2047,07,26,0.0,38.232716,17.877033,2047
11895,r2i1p1f1,2047,07,27,0.0,36.88608,16.266792,2047
11896,r2i1p1f1,2047,07,28,0.0,35.22891,15.168318,2047
11897,r2i1p1f1,2047,07,29,0.0,34.29852,14.791041,2047
11898,r2i1p1f1,2047,07,30,0.0,34.995193,15.765309,2047
11899,r2i1p1f1,2047,07,31,0.0,37.317406,19.189161,2047
11900,r2i1p1f1,2047,08,01,0.0,38.49553,22.218727,2047
11901,r2i1p1f1,2047,08,02,0.0,38.70879,18.383087,2047
11902,r2i1p1f1,2047,08,03,0.0,36.380707,16.451153,2047
11903,r2i1p1f1,2047,08,04,0.0,34.228127,14.30494,2047
11904,r2i1p1f1,2047,08,05,0.0,32.712814,14.878078,2047
11905,r2i1p1f1,2047,08,06,0.0,32.144062,13.452291,2047
11906,r2i1p1f1,2047,08,07,0.0,30.91217,13.227533,2047
11907,r2i1p1f1,2047,08,08,0.0,32.407322,14.152567,2047
11908,r2i1p1f1,2047,08,09,0.0,32.61994,14.339652,2047
11909,r2i1p1f1,2047,08,10,0.0,33.928726,14.276725,2047
11910,r2i1p1f1,2047,08,11,0.0,36.401897,17.076769,2047
11911,r2i1p1f1,2047,08,12,0.0,37.624374,20.61198,2047
11912,r2i1p1f1,2047,08,13,0.0,37.83968,19.101624,2047
11913,r2i1p1f1,2047,08,14,0.0,36.771786,19.885014,2047
11914,r2i1p1f1,2047,08,15,0.0,36.485733,17.772459,2047
11915,r2i1p1f1,2047,08,16,0.0,35.079323,17.09736,2047
11916,r2i1p1f1,2047,08,17,0.0,36.177536,19.111816,2047
11917,r2i1p1f1,2047,08,18,0.8161049799127795,36.790104,17.90017,2047
11918,r2i1p1f1,2047,08,19,0.0,35.71304,16.32634,2047
11919,r2i1p1f1,2047,08,20,0.1505540836660657,34.531548,17.305521,2047
11920,r2i1p1f1,2047,08,21,0.0,36.020332,18.854511,2047
11921,r2i1p1f1,2047,08,22,0.0,37.67421,19.201963,2047
11922,r2i1p1f1,2047,08,23,0.0,40.099106,21.426859,2047
11923,r2i1p1f1,2047,08,24,0.0,39.17955,21.005667,2047
11924,r2i1p1f1,2047,08,25,2.179119149309372,40.048893,19.740303,2047
11925,r2i1p1f1,2047,08,26,0.0,36.70718,21.336912,2047
11926,r2i1p1f1,2047,08,27,4.136335085945575,34.43761,16.876339,2047
11927,r2i1p1f1,2047,08,28,0.011604751489358023,34.53482,18.16999,2047
11928,r2i1p1f1,2047,08,29,0.0,35.62125,18.73185,2047
11929,r2i1p1f1,2047,08,30,0.0,36.67663,20.075779,2047
11930,r2i1p1f1,2047,08,31,0.0,38.454315,20.738323,2047
11931,r2i1p1f1,2047,09,01,2.4028821680985857,38.852768,20.850872,2047
11932,r2i1p1f1,2047,09,02,0.0,37.80265,19.270887,2047
11933,r2i1p1f1,2047,09,03,0.0,36.36211,18.317057,2047
11934,r2i1p1f1,2047,09,04,0.0,35.546803,19.494974,2047
11935,r2i1p1f1,2047,09,05,2.6425516209883426,36.110588,17.451317,2047
11936,r2i1p1f1,2047,09,06,0.0,33.00101,16.483902,2047
11937,r2i1p1f1,2047,09,07,0.0,32.5734,16.31393,2047
11938,r2i1p1f1,2047,09,08,0.0,32.09665,14.902309,2047
11939,r2i1p1f1,2047,09,09,0.0,32.62743,16.079092,2047
11940,r2i1p1f1,2047,09,10,0.0,31.311367,14.965127,2047
11941,r2i1p1f1,2047,09,11,0.0,33.256973,16.251564,2047
11942,r2i1p1f1,2047,09,12,0.0,33.884136,16.394339,2047
11943,r2i1p1f1,2047,09,13,0.0,30.402649,12.138792,2047
11944,r2i1p1f1,2047,09,14,0.0,29.775438,11.914392,2047
11945,r2i1p1f1,2047,09,15,0.0,31.732504,14.652873,2047
11946,r2i1p1f1,2047,09,16,0.0,31.95595,14.61134,2047
11947,r2i1p1f1,2047,09,17,0.0,32.081078,14.417611,2047
11948,r2i1p1f1,2047,09,18,0.0,31.88896,14.577929,2047
11949,r2i1p1f1,2047,09,19,0.15958963178377417,31.546469,15.176054,2047
11950,r2i1p1f1,2047,09,20,2.264729091263007,25.928272,11.577833,2047
11951,r2i1p1f1,2047,09,21,0.0016919684640015475,28.459795,11.720276,2047
11952,r2i1p1f1,2047,09,22,0.0,30.486546,14.721963,2047
11953,r2i1p1f1,2047,09,23,1.5817731113571654,28.177177,11.7354145,2047
11954,r2i1p1f1,2047,09,24,0.5540082699326376,29.924873,14.124954,2047
11955,r2i1p1f1,2047,09,25,1.8633685394036092,29.434793,13.339423,2047
11956,r2i1p1f1,2047,09,26,25.392927911889274,22.960857,11.974121,2047
11957,r2i1p1f1,2047,09,27,0.0,20.966564,9.139229,2047
11958,r2i1p1f1,2047,09,28,0.0,22.210644,8.485731,2047
11959,r2i1p1f1,2047,09,29,0.0,21.977127,9.459911,2047
11960,r2i1p1f1,2047,09,30,0.0,22.552345,9.544601,2047
11961,r2i1p1f1,2047,10,01,0.0,19.562681,2.8767412,2047
11962,r2i1p1f1,2047,10,02,0.0,19.12029,0.28060114,2047
11963,r2i1p1f1,2047,10,03,0.0,23.077787,6.457066,2047
11964,r2i1p1f1,2047,10,04,0.0,24.227396,8.697258,2047
11965,r2i1p1f1,2047,10,05,0.0,25.190397,9.452638,2047
11966,r2i1p1f1,2047,10,06,0.0,26.680655,10.374327,2047
11967,r2i1p1f1,2047,10,07,0.0,28.35046,11.926051,2047
11968,r2i1p1f1,2047,10,08,0.0,29.448978,12.471116,2047
11969,r2i1p1f1,2047,10,09,0.0,29.688873,13.814732,2047
11970,r2i1p1f1,2047,10,10,0.0,30.022068,13.638633,2047
11971,r2i1p1f1,2047,10,11,0.0,30.090878,13.261225,2047
11972,r2i1p1f1,2047,10,12,0.0,27.960106,11.835293,2047
11973,r2i1p1f1,2047,10,13,0.0,28.73154,13.310915,2047
11974,r2i1p1f1,2047,10,14,0.0,30.157295,14.168241,2047
11975,r2i1p1f1,2047,10,15,0.0,31.429888,13.052888,2047
11976,r2i1p1f1,2047,10,16,0.0,30.744747,11.949421,2047
11977,r2i1p1f1,2047,10,17,0.0,27.491219,10.413007,2047
11978,r2i1p1f1,2047,10,18,0.0,25.384918,7.5980325,2047
11979,r2i1p1f1,2047,10,19,0.0,22.921242,6.6579266,2047
11980,r2i1p1f1,2047,10,20,0.02032271365806082,20.50568,4.5457582,2047
11981,r2i1p1f1,2047,10,21,0.0,18.975082,3.1605718,2047
11982,r2i1p1f1,2047,10,22,0.0,19.750618,4.5701275,2047
11983,r2i1p1f1,2047,10,23,0.0,20.368965,5.404044,2047
11984,r2i1p1f1,2047,10,24,0.0,21.487526,6.1611166,2047
11985,r2i1p1f1,2047,10,25,0.0,20.95831,6.4771123,2047
11986,r2i1p1f1,2047,10,26,0.0,22.4644,8.11732,2047
11987,r2i1p1f1,2047,10,27,0.0,22.242308,7.7192264,2047
11988,r2i1p1f1,2047,10,28,0.0,22.641102,7.833079,2047
11989,r2i1p1f1,2047,10,29,0.0,24.575666,9.286209,2047
11990,r2i1p1f1,2047,10,30,0.0,25.780039,10.772206,2047
11991,r2i1p1f1,2047,10,31,0.0,26.890442,12.04041,2047
11992,r2i1p1f1,2047,11,01,0.0,27.398567,12.945585,2047
11993,r2i1p1f1,2047,11,02,0.0,25.792568,12.121238,2047
11994,r2i1p1f1,2047,11,03,0.0,24.871061,8.176704,2047
11995,r2i1p1f1,2047,11,04,0.0,22.475098,6.691881,2047
11996,r2i1p1f1,2047,11,05,0.0,25.576952,10.682767,2047
11997,r2i1p1f1,2047,11,06,0.3161967701089452,23.81987,10.509925,2047
11998,r2i1p1f1,2047,11,07,0.0,24.065948,10.68851,2047
11999,r2i1p1f1,2047,11,08,0.0,22.501293,8.972656,2047
12000,r2i1p1f1,2047,11,09,0.0,18.613531,6.1174498,2047
12001,r2i1p1f1,2047,11,10,0.0,18.354227,3.7187395,2047
12002,r2i1p1f1,2047,11,11,0.0,20.438543,8.245516,2047
12003,r2i1p1f1,2047,11,12,0.017131824236571447,20.973076,7.828984,2047
12004,r2i1p1f1,2047,11,13,4.623272256867494,17.740047,6.421232,2047
12005,r2i1p1f1,2047,11,14,0.3937662465318681,16.820341,5.8132777,2047
12006,r2i1p1f1,2047,11,15,0.0,15.88798,4.350797,2047
12007,r2i1p1f1,2047,11,16,0.04396109835624884,14.884898,3.4393873,2047
12008,r2i1p1f1,2047,11,17,7.5645695083039755,13.863061,5.632857,2047
12009,r2i1p1f1,2047,11,18,0.0,11.273356,-0.7786184,2047
12010,r2i1p1f1,2047,11,19,0.0,13.7747345,-2.2260013,2047
12011,r2i1p1f1,2047,11,20,0.0,13.734312,-0.14763339,2047
12012,r2i1p1f1,2047,11,21,5.716086111260665,9.927809,2.72865,2047
12013,r2i1p1f1,2047,11,22,0.0,11.168069,-2.0133412,2047
12014,r2i1p1f1,2047,11,23,0.0,11.337343,-1.3281375,2047
12015,r2i1p1f1,2047,11,24,0.0,12.822414,-0.8724933,2047
12016,r2i1p1f1,2047,11,25,0.0,14.002678,2.0664213,2047
12017,r2i1p1f1,2047,11,26,0.0,13.580847,0.61827165,2047
12018,r2i1p1f1,2047,11,27,0.0,17.603325,2.5424955,2047
12019,r2i1p1f1,2047,11,28,0.0,19.78017,3.339666,2047
12020,r2i1p1f1,2047,11,29,0.0,21.682634,7.1897573,2047
12021,r2i1p1f1,2047,11,30,0.025797393908533195,19.74192,6.3074546,2047
12022,r2i1p1f1,2047,12,01,2.117375690835388,12.767308,0.7814947,2047
12023,r2i1p1f1,2047,12,02,17.25299523909598,7.3731112,2.9235015,2047
12024,r2i1p1f1,2047,12,03,0.0,3.604443,-8.274209,2047
12025,r2i1p1f1,2047,12,04,0.0,5.73324,-7.4704766,2047
12026,r2i1p1f1,2047,12,05,0.9545219096196433,6.045056,-1.4637238,2047
12027,r2i1p1f1,2047,12,06,37.16715252085123,5.11643,-2.0777543,2047
12028,r2i1p1f1,2047,12,07,0.0,3.2001648,-10.10033,2047
12029,r2i1p1f1,2047,12,08,0.0,4.106889,-9.036076,2047
12030,r2i1p1f1,2047,12,09,7.105170230533986,-0.4788432,-5.6378427,2047
12031,r2i1p1f1,2047,12,10,0.551977746386001,8.147362,0.27957317,2047
12032,r2i1p1f1,2047,12,11,0.0,9.771147,-2.5093486,2047
12033,r2i1p1f1,2047,12,12,0.0,10.079335,-1.344378,2047
12034,r2i1p1f1,2047,12,13,0.483694749004826,9.237563,-1.4674375,2047
12035,r2i1p1f1,2047,12,14,0.0,7.064237,-1.9253145,2047
12036,r2i1p1f1,2047,12,15,0.0,5.270316,-6.255941,2047
12037,r2i1p1f1,2047,12,16,0.0,4.5538316,-8.763951,2047
12038,r2i1p1f1,2047,12,17,0.0,6.850526,-6.3450003,2047
12039,r2i1p1f1,2047,12,18,0.0,8.430319,-2.789805,2047
12040,r2i1p1f1,2047,12,19,6.015020859831566,6.219152,-2.8465374,2047
12041,r2i1p1f1,2047,12,20,5.403213022373166,6.5339966,1.9919031,2047
12042,r2i1p1f1,2047,12,21,0.5007879280242378,7.986646,0.46549737,2047
12043,r2i1p1f1,2047,12,22,0.004113917066206341,7.726447,2.6353862,2047
12044,r2i1p1f1,2047,12,23,30.479700838623103,9.922145,2.6256561,2047
12045,r2i1p1f1,2047,12,24,0.0,13.22855,2.499745,2047
12046,r2i1p1f1,2047,12,25,0.0,14.715101,1.5926576,2047
12047,r2i1p1f1,2047,12,26,0.0,14.547991,3.1380773,2047
12048,r2i1p1f1,2047,12,27,0.0,15.086292,4.310064,2047
12049,r2i1p1f1,2047,12,28,0.0,14.947383,3.1011477,2047
12050,r2i1p1f1,2047,12,29,0.0,14.613848,2.7931037,2047
12051,r2i1p1f1,2047,12,30,0.0,15.417881,3.9105403,2047
12052,r2i1p1f1,2047,12,31,0.0,14.66074,4.1950245,2047
12053,r2i1p1f1,2048,01,01,0.0,12.44186,2.1289542,2048
12054,r2i1p1f1,2048,01,02,0.0,13.163232,2.8876855,2048
12055,r2i1p1f1,2048,01,03,0.0,15.713109,4.164385,2048
12056,r2i1p1f1,2048,01,04,0.0,16.810186,5.695993,2048
12057,r2i1p1f1,2048,01,05,20.98711331927916,12.75469,4.868307,2048
12058,r2i1p1f1,2048,01,06,25.687961759285827,10.050597,0.61187994,2048
12059,r2i1p1f1,2048,01,07,0.0,9.984884,-1.7808461,2048
12060,r2i1p1f1,2048,01,08,0.0,10.599518,0.7095915,2048
12061,r2i1p1f1,2048,01,09,0.8968764769235804,11.34428,2.7697217,2048
12062,r2i1p1f1,2048,01,10,0.0,12.062123,0.443879,2048
12063,r2i1p1f1,2048,01,11,0.11750347751444679,13.361313,3.292523,2048
12064,r2i1p1f1,2048,01,12,0.0,16.008556,5.71342,2048
12065,r2i1p1f1,2048,01,13,0.0,15.794037,6.395402,2048
12066,r2i1p1f1,2048,01,14,12.51582081831657,15.690761,5.346494,2048
12067,r2i1p1f1,2048,01,15,0.2918370491101996,11.327769,-0.70115536,2048
12068,r2i1p1f1,2048,01,16,19.88624238911143,8.653511,3.3535452,2048
12069,r2i1p1f1,2048,01,17,0.0,9.617507,1.2090001,2048
12070,r2i1p1f1,2048,01,18,23.631668275629636,10.215836,1.7925249,2048
12071,r2i1p1f1,2048,01,19,19.917640335916076,9.730991,2.5029922,2048
12072,r2i1p1f1,2048,01,20,5.656688459271209,7.064049,-3.240337,2048
12073,r2i1p1f1,2048,01,21,0.0,8.2449875,-1.4379514,2048
12074,r2i1p1f1,2048,01,22,6.015225141914016,6.2934628,-0.2045845,2048
12075,r2i1p1f1,2048,01,23,54.30716794944601,9.548422,2.0884068,2048
12076,r2i1p1f1,2048,01,24,113.0468389383168,10.71986,4.2741756,2048
12077,r2i1p1f1,2048,01,25,33.93446605550707,8.743526,-1.2491702,2048
12078,r2i1p1f1,2048,01,26,14.683539735631257,8.102047,0.19786125,2048
12079,r2i1p1f1,2048,01,27,14.78801390467197,7.896887,2.1977205,2048
12080,r2i1p1f1,2048,01,28,1.513427409634005,7.7755485,0.3333634,2048
12081,r2i1p1f1,2048,01,29,0.31930503613750716,8.6753845,3.3412924,2048
12082,r2i1p1f1,2048,01,30,0.0,13.162571,1.4178654,2048
12083,r2i1p1f1,2048,01,31,0.6252073104860756,15.478535,2.0778072,2048
12084,r2i1p1f1,2048,02,01,29.081610218418064,12.478072,3.3240442,2048
12085,r2i1p1f1,2048,02,02,2.2183930965653076,7.6490045,3.3541386,2048
12086,r2i1p1f1,2048,02,03,28.94036782126932,9.462429,1.1702607,2048
12087,r2i1p1f1,2048,02,04,14.004478744573134,6.624602,0.637966,2048
12088,r2i1p1f1,2048,02,05,0.4551969303633996,13.61672,3.0401998,2048
12089,r2i1p1f1,2048,02,06,0.0,19.531418,4.9274135,2048
12090,r2i1p1f1,2048,02,07,0.0,20.534094,6.409758,2048
12091,r2i1p1f1,2048,02,08,0.0,19.921314,6.389968,2048
12092,r2i1p1f1,2048,02,09,0.0,19.13814,5.7462854,2048
12093,r2i1p1f1,2048,02,10,1.0594949050016567,15.751781,2.328374,2048
12094,r2i1p1f1,2048,02,11,55.622373399683056,11.869862,7.420723,2048
12095,r2i1p1f1,2048,02,12,53.71047793450998,13.194749,7.3416986,2048
12096,r2i1p1f1,2048,02,13,7.988114031866189,9.668332,-2.6994774,2048
12097,r2i1p1f1,2048,02,14,61.106106630541035,8.399653,1.1838071,2048
12098,r2i1p1f1,2048,02,15,58.07036623409658,8.021609,3.0224864,2048
12099,r2i1p1f1,2048,02,16,20.91092549540008,8.330256,-2.5691595,2048
12100,r2i1p1f1,2048,02,17,7.070883432015762,8.836916,1.7345719,2048
12101,r2i1p1f1,2048,02,18,0.0,11.510752,-0.36114618,2048
12102,r2i1p1f1,2048,02,19,4.8344212345000415,10.826603,1.586117,2048
12103,r2i1p1f1,2048,02,20,0.0,12.3448515,0.7497723,2048
12104,r2i1p1f1,2048,02,21,0.7987612868475935,11.165847,2.640775,2048
12105,r2i1p1f1,2048,02,22,4.139970098509593,11.533415,1.9234568,2048
12106,r2i1p1f1,2048,02,23,9.806522601502365,12.698524,2.5799344,2048
12107,r2i1p1f1,2048,02,24,0.0,10.671579,0.97694886,2048
12108,r2i1p1f1,2048,02,25,0.0,13.702171,0.49592012,2048
12109,r2i1p1f1,2048,02,26,0.0,13.899451,1.8068205,2048
12110,r2i1p1f1,2048,02,27,0.7583190966556685,11.750184,2.533825,2048
12111,r2i1p1f1,2048,02,28,29.417859866225626,11.465147,2.9470263,2048
12112,r2i1p1f1,2048,02,29,7.7431658881096155,9.898586,0.35929012,2048
12113,r2i1p1f1,2048,03,01,0.4648550090905701,9.524662,0.4652349,2048
12114,r2i1p1f1,2048,03,02,0.0,13.986574,-0.922575,2048
12115,r2i1p1f1,2048,03,03,0.0,17.41329,-0.6700615,2048
12116,r2i1p1f1,2048,03,04,1.047922646432653,16.267536,1.4800324,2048
12117,r2i1p1f1,2048,03,05,0.0,19.977873,6.1715097,2048
12118,r2i1p1f1,2048,03,06,0.40061325034912443,19.874779,6.231962,2048
12119,r2i1p1f1,2048,03,07,12.60329803528748,15.491006,4.2237735,2048
12120,r2i1p1f1,2048,03,08,2.2066499566733455,11.855914,1.7444034,2048
12121,r2i1p1f1,2048,03,09,13.184754615213023,8.430303,3.0469637,2048
12122,r2i1p1f1,2048,03,10,0.39298809933825396,9.7580805,0.20327483,2048
12123,r2i1p1f1,2048,03,11,0.767240306572603,11.367661,2.570476,2048
12124,r2i1p1f1,2048,03,12,0.2091548926159703,11.441449,2.0797687,2048
12125,r2i1p1f1,2048,03,13,1.2725915062219428,10.455186,-4.4960685,2048
12126,r2i1p1f1,2048,03,14,0.4079286940111615,6.6448693,-1.4892529,2048
12127,r2i1p1f1,2048,03,15,4.752817641292495,5.4013505,-7.2017517,2048
12128,r2i1p1f1,2048,03,16,2.119977351298985,10.608952,0.31117186,2048
12129,r2i1p1f1,2048,03,17,0.0,13.192601,-2.3166723,2048
12130,r2i1p1f1,2048,03,18,0.6423281304648754,9.932112,1.5105581,2048
12131,r2i1p1f1,2048,03,19,3.2337005536305696,11.182087,4.643859,2048
12132,r2i1p1f1,2048,03,20,17.82135267603735,12.214839,2.6605113,2048
12133,r2i1p1f1,2048,03,21,0.0,11.67775,0.09358597,2048
12134,r2i1p1f1,2048,03,22,0.0,14.489343,-0.1429802,2048
12135,r2i1p1f1,2048,03,23,0.0,19.981482,3.8891602,2048
12136,r2i1p1f1,2048,03,24,0.0,22.424738,7.0696235,2048
12137,r2i1p1f1,2048,03,25,0.0,23.264208,7.4352436,2048
12138,r2i1p1f1,2048,03,26,0.0,23.038044,7.5676856,2048
12139,r2i1p1f1,2048,03,27,0.0,24.817537,9.154003,2048
12140,r2i1p1f1,2048,03,28,0.0,24.655788,9.908739,2048
12141,r2i1p1f1,2048,03,29,0.0,26.427462,10.702562,2048
12142,r2i1p1f1,2048,03,30,0.0,27.49946,11.240221,2048
12143,r2i1p1f1,2048,03,31,0.0,27.32319,11.004455,2048
12144,r2i1p1f1,2048,04,01,0.0,26.930708,11.416392,2048
12145,r2i1p1f1,2048,04,02,0.0,26.980843,12.110241,2048
12146,r2i1p1f1,2048,04,03,0.0,25.683153,13.208723,2048
12147,r2i1p1f1,2048,04,04,0.0,26.915602,12.181907,2048
12148,r2i1p1f1,2048,04,05,0.0,26.951204,10.7080345,2048
12149,r2i1p1f1,2048,04,06,0.0,24.720943,9.495622,2048
12150,r2i1p1f1,2048,04,07,0.0,21.822573,6.6146173,2048
12151,r2i1p1f1,2048,04,08,0.0,21.833464,6.1769366,2048
12152,r2i1p1f1,2048,04,09,0.0,21.558235,5.9445906,2048
12153,r2i1p1f1,2048,04,10,0.0,19.859856,3.1206746,2048
12154,r2i1p1f1,2048,04,11,8.565545587953238,14.288158,2.0783827,2048
12155,r2i1p1f1,2048,04,12,15.236491521511653,12.413175,5.5888567,2048
12156,r2i1p1f1,2048,04,13,14.808721824215354,12.8048935,6.4376993,2048
12157,r2i1p1f1,2048,04,14,1.7038557908790608,14.246755,2.7524061,2048
12158,r2i1p1f1,2048,04,15,0.45084158839472366,15.369622,2.9804235,2048
12159,r2i1p1f1,2048,04,16,0.9395105645353397,17.733768,4.281927,2048
12160,r2i1p1f1,2048,04,17,1.0638249130465738,16.673815,4.502065,2048
12161,r2i1p1f1,2048,04,18,1.819279754850811,16.99839,5.5495977,2048
12162,r2i1p1f1,2048,04,19,0.0,19.532255,5.1965027,2048
12163,r2i1p1f1,2048,04,20,6.038513279224844,16.383844,1.7317837,2048
12164,r2i1p1f1,2048,04,21,22.42924850779673,10.02598,0.48126662,2048
12165,r2i1p1f1,2048,04,22,51.11824139894452,11.176004,5.4214263,2048
12166,r2i1p1f1,2048,04,23,20.00369547167793,11.398134,1.0434918,2048
12167,r2i1p1f1,2048,04,24,0.023633131513633998,15.047908,0.68998426,2048
12168,r2i1p1f1,2048,04,25,0.0,16.142582,-0.6702709,2048
12169,r2i1p1f1,2048,04,26,3.8380737745228544,15.31625,4.6236405,2048
12170,r2i1p1f1,2048,04,27,16.317336307020014,11.55843,3.6051853,2048
12171,r2i1p1f1,2048,04,28,1.0251022114573516,14.051039,2.9537039,2048
12172,r2i1p1f1,2048,04,29,1.1590338057203553,15.533161,3.3784418,2048
12173,r2i1p1f1,2048,04,30,0.09450540824786913,14.184152,3.0911822,2048
12174,r2i1p1f1,2048,05,01,14.617157435372974,12.804326,2.2787426,2048
12175,r2i1p1f1,2048,05,02,6.907800117926399,7.8970118,-1.3993268,2048
12176,r2i1p1f1,2048,05,03,4.798709411932123,8.432951,-1.5663316,2048
12177,r2i1p1f1,2048,05,04,49.860925418761326,7.716435,0.648373,2048
12178,r2i1p1f1,2048,05,05,3.897072446079619,8.564226,0.041598585,2048
12179,r2i1p1f1,2048,05,06,0.8862347194781961,10.295437,1.2914344,2048
12180,r2i1p1f1,2048,05,07,0.0,14.441982,2.3705635,2048
12181,r2i1p1f1,2048,05,08,0.0,14.794498,4.0333376,2048
12182,r2i1p1f1,2048,05,09,0.0,18.094736,2.3748465,2048
12183,r2i1p1f1,2048,05,10,0.0,19.556265,3.992509,2048
12184,r2i1p1f1,2048,05,11,0.0,19.653738,5.1970534,2048
12185,r2i1p1f1,2048,05,12,0.0,20.619797,5.6492662,2048
12186,r2i1p1f1,2048,05,13,0.05175267253889615,19.208586,6.914324,2048
12187,r2i1p1f1,2048,05,14,0.0,18.610619,5.1556606,2048
12188,r2i1p1f1,2048,05,15,0.0,19.958109,5.1038914,2048
12189,r2i1p1f1,2048,05,16,0.0,23.827978,7.69899,2048
12190,r2i1p1f1,2048,05,17,0.0,26.562626,10.60846,2048
12191,r2i1p1f1,2048,05,18,0.0,26.590725,10.74726,2048
12192,r2i1p1f1,2048,05,19,0.0,21.736382,5.8713083,2048
12193,r2i1p1f1,2048,05,20,0.01894962422284152,18.266277,4.7160435,2048
12194,r2i1p1f1,2048,05,21,0.0,19.64023,5.442001,2048
12195,r2i1p1f1,2048,05,22,0.0,25.378977,7.8434644,2048
12196,r2i1p1f1,2048,05,23,0.0,25.988424,9.676151,2048
12197,r2i1p1f1,2048,05,24,0.0,28.036875,11.163569,2048
12198,r2i1p1f1,2048,05,25,0.0,31.292274,14.44376,2048
12199,r2i1p1f1,2048,05,26,0.0,32.237362,16.420197,2048
12200,r2i1p1f1,2048,05,27,0.0,32.14484,15.820182,2048
12201,r2i1p1f1,2048,05,28,0.0,33.185623,15.801309,2048
12202,r2i1p1f1,2048,05,29,0.0,33.00302,15.887341,2048
12203,r2i1p1f1,2048,05,30,0.0,33.06279,15.4047985,2048
12204,r2i1p1f1,2048,05,31,0.0,31.879734,14.579825,2048
12205,r2i1p1f1,2048,06,01,0.0,31.523277,13.838074,2048
12206,r2i1p1f1,2048,06,02,0.0,30.897087,15.015259,2048
12207,r2i1p1f1,2048,06,03,0.0,31.204136,14.053898,2048
12208,r2i1p1f1,2048,06,04,0.0,30.222948,11.211982,2048
12209,r2i1p1f1,2048,06,05,0.0,25.746365,6.300063,2048
12210,r2i1p1f1,2048,06,06,0.0,23.26322,6.8507495,2048
12211,r2i1p1f1,2048,06,07,0.0,22.322105,8.8581,2048
12212,r2i1p1f1,2048,06,08,0.19220061436904246,19.903587,4.683101,2048
12213,r2i1p1f1,2048,06,09,21.55393631037441,17.493994,4.4562836,2048
12214,r2i1p1f1,2048,06,10,4.736257589939896,16.544548,6.776115,2048
12215,r2i1p1f1,2048,06,11,0.10498312880145022,23.539633,9.49196,2048
12216,r2i1p1f1,2048,06,12,1.2016633280836686,20.104176,6.3410783,2048
12217,r2i1p1f1,2048,06,13,0.0,27.948421,11.131191,2048
12218,r2i1p1f1,2048,06,14,0.0,28.800652,13.865406,2048
12219,r2i1p1f1,2048,06,15,0.0,28.905233,11.558611,2048
12220,r2i1p1f1,2048,06,16,0.0,28.167053,10.441128,2048
12221,r2i1p1f1,2048,06,17,0.0,27.748638,9.904585,2048
12222,r2i1p1f1,2048,06,18,0.0,29.419033,12.747564,2048
12223,r2i1p1f1,2048,06,19,0.0,31.177338,13.744767,2048
12224,r2i1p1f1,2048,06,20,0.0,31.075691,11.958388,2048
12225,r2i1p1f1,2048,06,21,0.05818187091790605,29.466675,12.073836,2048
12226,r2i1p1f1,2048,06,22,0.0,32.322727,15.643012,2048
12227,r2i1p1f1,2048,06,23,0.0,34.90615,16.311592,2048
12228,r2i1p1f1,2048,06,24,0.0,35.697647,17.288292,2048
12229,r2i1p1f1,2048,06,25,0.0,35.612053,17.221016,2048
12230,r2i1p1f1,2048,06,26,0.0,35.108913,16.646103,2048
12231,r2i1p1f1,2048,06,27,0.0,36.20747,18.093933,2048
12232,r2i1p1f1,2048,06,28,0.0,36.18708,17.41516,2048
12233,r2i1p1f1,2048,06,29,0.0,30.893501,12.311211,2048
12234,r2i1p1f1,2048,06,30,0.0,30.668806,11.607907,2048
12235,r2i1p1f1,2048,07,01,0.0,31.158125,13.698249,2048
12236,r2i1p1f1,2048,07,02,0.0,33.44853,14.530417,2048
12237,r2i1p1f1,2048,07,03,0.0,33.031338,14.559505,2048
12238,r2i1p1f1,2048,07,04,0.0,33.440624,16.517546,2048
12239,r2i1p1f1,2048,07,05,0.0,33.920403,14.136778,2048
12240,r2i1p1f1,2048,07,06,0.0,32.700943,12.626857,2048
12241,r2i1p1f1,2048,07,07,0.0,29.396837,9.373301,2048
12242,r2i1p1f1,2048,07,08,0.0,26.844257,8.453121,2048
12243,r2i1p1f1,2048,07,09,0.0,27.896471,9.356343,2048
12244,r2i1p1f1,2048,07,10,0.0,29.108212,11.357253,2048
12245,r2i1p1f1,2048,07,11,0.0,32.04071,14.199611,2048
12246,r2i1p1f1,2048,07,12,0.0,33.21193,13.851714,2048
12247,r2i1p1f1,2048,07,13,0.0,33.27344,15.661892,2048
12248,r2i1p1f1,2048,07,14,0.0,32.562363,14.99055,2048
12249,r2i1p1f1,2048,07,15,0.013553275766753359,28.44084,10.674769,2048
12250,r2i1p1f1,2048,07,16,0.0,27.947773,10.31241,2048
12251,r2i1p1f1,2048,07,17,0.0,33.741062,15.274898,2048
12252,r2i1p1f1,2048,07,18,0.0,38.280342,18.908789,2048
12253,r2i1p1f1,2048,07,19,0.0,40.69592,24.118431,2048
12254,r2i1p1f1,2048,07,20,0.0,41.18079,23.479225,2048
12255,r2i1p1f1,2048,07,21,0.0,37.899418,18.193779,2048
12256,r2i1p1f1,2048,07,22,0.0,33.131027,13.624072,2048
12257,r2i1p1f1,2048,07,23,0.0,36.025776,19.39879,2048
12258,r2i1p1f1,2048,07,24,0.0,37.20781,20.51664,2048
12259,r2i1p1f1,2048,07,25,0.061971655804882175,37.938866,18.23117,2048
12260,r2i1p1f1,2048,07,26,0.0,34.429108,14.904201,2048
12261,r2i1p1f1,2048,07,27,0.0,33.023254,13.171701,2048
12262,r2i1p1f1,2048,07,28,0.0,32.421955,13.637709,2048
12263,r2i1p1f1,2048,07,29,0.0,33.952347,14.863449,2048
12264,r2i1p1f1,2048,07,30,0.0,36.174458,17.174744,2048
12265,r2i1p1f1,2048,07,31,0.0,38.017403,19.212296,2048
12266,r2i1p1f1,2048,08,01,0.28650310453031125,38.816936,19.640709,2048
12267,r2i1p1f1,2048,08,02,0.0,36.87321,20.203426,2048
12268,r2i1p1f1,2048,08,03,0.0,37.03879,20.009802,2048
12269,r2i1p1f1,2048,08,04,0.0,35.53569,14.9387245,2048
12270,r2i1p1f1,2048,08,05,0.0,33.976204,14.438527,2048
12271,r2i1p1f1,2048,08,06,0.0,32.713436,13.388096,2048
12272,r2i1p1f1,2048,08,07,0.0,31.203674,12.193139,2048
12273,r2i1p1f1,2048,08,08,0.0,32.403915,13.261256,2048
12274,r2i1p1f1,2048,08,09,0.0,33.15047,12.774702,2048
12275,r2i1p1f1,2048,08,10,0.0,32.497746,11.889226,2048
12276,r2i1p1f1,2048,08,11,0.0,29.330597,8.497722,2048
12277,r2i1p1f1,2048,08,12,0.0,30.858765,12.670751,2048
12278,r2i1p1f1,2048,08,13,0.0,33.396793,15.619217,2048
12279,r2i1p1f1,2048,08,14,0.0,34.287334,16.683784,2048
12280,r2i1p1f1,2048,08,15,0.0,33.67386,14.840343,2048
12281,r2i1p1f1,2048,08,16,0.0,36.34024,17.618322,2048
12282,r2i1p1f1,2048,08,17,0.0,37.68539,19.16222,2048
12283,r2i1p1f1,2048,08,18,0.0,39.40517,21.591038,2048
12284,r2i1p1f1,2048,08,19,0.0,37.70748,17.62422,2048
12285,r2i1p1f1,2048,08,20,0.0,35.88747,16.22771,2048
12286,r2i1p1f1,2048,08,21,0.0,33.131485,16.446367,2048
12287,r2i1p1f1,2048,08,22,0.0,34.216038,17.841953,2048
12288,r2i1p1f1,2048,08,23,0.0,35.93186,16.648388,2048
12289,r2i1p1f1,2048,08,24,0.0,34.415718,14.693349,2048
12290,r2i1p1f1,2048,08,25,0.0,30.582388,12.004532,2048
12291,r2i1p1f1,2048,08,26,0.0,31.883379,13.172871,2048
12292,r2i1p1f1,2048,08,27,0.03038862705579959,32.78872,15.325787,2048
12293,r2i1p1f1,2048,08,28,0.0,34.198524,17.838484,2048
12294,r2i1p1f1,2048,08,29,0.0,35.789146,17.979143,2048
12295,r2i1p1f1,2048,08,30,0.0,36.220848,17.264437,2048
12296,r2i1p1f1,2048,08,31,0.0,36.493134,17.385937,2048
12297,r2i1p1f1,2048,09,01,0.0,35.122166,18.819242,2048
12298,r2i1p1f1,2048,09,02,0.0,35.674965,18.100046,2048
12299,r2i1p1f1,2048,09,03,0.0,35.007366,15.906055,2048
12300,r2i1p1f1,2048,09,04,0.0,31.5682,13.345618,2048
12301,r2i1p1f1,2048,09,05,0.0,27.507914,10.069003,2048
12302,r2i1p1f1,2048,09,06,0.0,28.60056,13.194637,2048
12303,r2i1p1f1,2048,09,07,0.0,31.573605,15.044216,2048
12304,r2i1p1f1,2048,09,08,0.0,33.46175,15.508726,2048
12305,r2i1p1f1,2048,09,09,0.0,32.89175,13.796567,2048
12306,r2i1p1f1,2048,09,10,0.0,30.52654,13.415621,2048
12307,r2i1p1f1,2048,09,11,0.0,31.840431,14.778122,2048
12308,r2i1p1f1,2048,09,12,0.0,32.69769,12.777379,2048
12309,r2i1p1f1,2048,09,13,0.0,32.280033,14.77997,2048
12310,r2i1p1f1,2048,09,14,0.0,33.662117,16.597038,2048
12311,r2i1p1f1,2048,09,15,2.048647420673433,31.992794,14.900538,2048
12312,r2i1p1f1,2048,09,16,0.0,27.157707,10.892078,2048
12313,r2i1p1f1,2048,09,17,0.0,27.893175,12.621717,2048
12314,r2i1p1f1,2048,09,18,0.015026440158294463,27.041237,9.744313,2048
12315,r2i1p1f1,2048,09,19,0.0,26.471346,9.280731,2048
12316,r2i1p1f1,2048,09,20,0.04747993525597849,27.012604,11.669007,2048
12317,r2i1p1f1,2048,09,21,1.7875432643858602,20.617523,7.131159,2048
12318,r2i1p1f1,2048,09,22,0.0,25.632532,9.042493,2048
12319,r2i1p1f1,2048,09,23,0.0,26.446766,8.161462,2048
12320,r2i1p1f1,2048,09,24,0.0,26.931145,7.968884,2048
12321,r2i1p1f1,2048,09,25,0.0,25.092688,9.383044,2048
12322,r2i1p1f1,2048,09,26,3.5178050467948196,19.059744,6.946562,2048
12323,r2i1p1f1,2048,09,27,4.1304119148890095,19.379124,6.8076296,2048
12324,r2i1p1f1,2048,09,28,0.08607934908013704,24.44267,9.057926,2048
12325,r2i1p1f1,2048,09,29,0.07318852329945003,21.726631,6.913059,2048
12326,r2i1p1f1,2048,09,30,0.6664908967081828,21.70126,6.37217,2048
12327,r2i1p1f1,2048,10,01,0.0,24.15209,9.058545,2048
12328,r2i1p1f1,2048,10,02,0.0,26.586657,10.772103,2048
12329,r2i1p1f1,2048,10,03,0.0,27.00259,11.086759,2048
12330,r2i1p1f1,2048,10,04,0.0,26.663502,10.097331,2048
12331,r2i1p1f1,2048,10,05,0.0,26.336014,9.052458,2048
12332,r2i1p1f1,2048,10,06,0.0,25.235456,7.4264393,2048
12333,r2i1p1f1,2048,10,07,0.0,26.28203,8.862862,2048
12334,r2i1p1f1,2048,10,08,0.0,28.287462,13.974436,2048
12335,r2i1p1f1,2048,10,09,0.0,30.415894,15.059869,2048
12336,r2i1p1f1,2048,10,10,0.0,31.011763,15.760905,2048
12337,r2i1p1f1,2048,10,11,0.0,30.36007,14.476471,2048
12338,r2i1p1f1,2048,10,12,0.0,31.052816,14.546873,2048
12339,r2i1p1f1,2048,10,13,0.0,31.635475,13.832762,2048
12340,r2i1p1f1,2048,10,14,0.0,29.730251,12.30312,2048
12341,r2i1p1f1,2048,10,15,0.0,27.642483,13.130913,2048
12342,r2i1p1f1,2048,10,16,0.0,30.168484,15.0451,2048
12343,r2i1p1f1,2048,10,17,0.0,31.230495,15.020667,2048
12344,r2i1p1f1,2048,10,18,0.009158797411146224,29.874369,13.490633,2048
12345,r2i1p1f1,2048,10,19,0.0,30.798515,16.64991,2048
12346,r2i1p1f1,2048,10,20,1.0535528775449166,24.323502,13.123652,2048
12347,r2i1p1f1,2048,10,21,0.0,29.03281,13.730333,2048
12348,r2i1p1f1,2048,10,22,0.0,28.962873,14.300252,2048
12349,r2i1p1f1,2048,10,23,0.0,30.362125,14.883743,2048
12350,r2i1p1f1,2048,10,24,0.0,30.154541,15.905334,2048
12351,r2i1p1f1,2048,10,25,0.0,30.391026,16.078543,2048
12352,r2i1p1f1,2048,10,26,0.0,31.162968,16.346367,2048
12353,r2i1p1f1,2048,10,27,0.0,30.335884,14.971069,2048
12354,r2i1p1f1,2048,10,28,0.0,27.13137,13.283815,2048
12355,r2i1p1f1,2048,10,29,0.0,27.05982,12.563225,2048
12356,r2i1p1f1,2048,10,30,0.0,27.126574,11.616077,2048
12357,r2i1p1f1,2048,10,31,0.0,27.15908,11.511474,2048
12358,r2i1p1f1,2048,11,01,0.0,25.683964,11.831865,2048
12359,r2i1p1f1,2048,11,02,0.06854700491913945,19.122824,7.070183,2048
12360,r2i1p1f1,2048,11,03,0.20406851567713602,18.515272,3.7241898,2048
12361,r2i1p1f1,2048,11,04,0.0,24.326488,9.912884,2048
12362,r2i1p1f1,2048,11,05,0.0,25.812757,10.335184,2048
12363,r2i1p1f1,2048,11,06,0.0,25.987095,11.156343,2048
12364,r2i1p1f1,2048,11,07,0.0,25.64868,10.457336,2048
12365,r2i1p1f1,2048,11,08,0.0,24.979376,10.183694,2048
12366,r2i1p1f1,2048,11,09,0.0,22.985958,9.978276,2048
12367,r2i1p1f1,2048,11,10,7.955475421954361,18.750227,5.1491065,2048
12368,r2i1p1f1,2048,11,11,11.859231345681565,14.000087,6.242508,2048
12369,r2i1p1f1,2048,11,12,0.0,16.299957,3.4764645,2048
12370,r2i1p1f1,2048,11,13,0.0,17.72765,4.4710655,2048
12371,r2i1p1f1,2048,11,14,0.0,14.31426,2.5912366,2048
12372,r2i1p1f1,2048,11,15,0.0,15.794785,1.0615561,2048
12373,r2i1p1f1,2048,11,16,0.037655612925391324,14.982607,4.071468,2048
12374,r2i1p1f1,2048,11,17,0.005706416322937002,13.122781,2.939086,2048
12375,r2i1p1f1,2048,11,18,0.0,12.927456,-0.038089223,2048
12376,r2i1p1f1,2048,11,19,0.0,12.457593,-2.5052805,2048
12377,r2i1p1f1,2048,11,20,0.0,8.394314,-4.6733418,2048
12378,r2i1p1f1,2048,11,21,0.0,12.8309145,-3.555698,2048
12379,r2i1p1f1,2048,11,22,0.0,14.752299,-2.5884817,2048
12380,r2i1p1f1,2048,11,23,0.011115723714283376,16.076223,0.6304858,2048
12381,r2i1p1f1,2048,11,24,15.92221168928063,12.447456,2.3601365,2048
12382,r2i1p1f1,2048,11,25,35.79527196889103,7.2135644,2.8024447,2048
12383,r2i1p1f1,2048,11,26,20.793230839262833,5.9210057,-4.809641,2048
12384,r2i1p1f1,2048,11,27,7.25109721906847,6.4893937,-3.177021,2048
12385,r2i1p1f1,2048,11,28,0.0,6.545822,-6.8319664,2048
12386,r2i1p1f1,2048,11,29,17.215188597037923,6.3266964,-2.6032844,2048
12387,r2i1p1f1,2048,11,30,22.60866164288018,8.316659,0.4467644,2048
12388,r2i1p1f1,2048,12,01,67.94204427860677,11.4976,6.1632853,2048
12389,r2i1p1f1,2048,12,02,1.127134184650913,11.082578,-0.69581103,2048
12390,r2i1p1f1,2048,12,03,0.5776188192839982,11.783955,1.8940862,2048
12391,r2i1p1f1,2048,12,04,1.2938076408886445,12.955621,7.3530536,2048
12392,r2i1p1f1,2048,12,05,10.188111978823144,12.946472,6.687607,2048
12393,r2i1p1f1,2048,12,06,2.688588189423058,10.697872,-1.8328642,2048
12394,r2i1p1f1,2048,12,07,1.127172287419853,7.5549264,0.07714897,2048
12395,r2i1p1f1,2048,12,08,0.0,12.0559,-1.7672787,2048
12396,r2i1p1f1,2048,12,09,0.0,11.483519,-0.50892216,2048
12397,r2i1p1f1,2048,12,10,0.0,11.576589,0.47746474,2048
12398,r2i1p1f1,2048,12,11,33.900743622507434,10.285371,0.32426766,2048
12399,r2i1p1f1,2048,12,12,5.663274906106608,5.5452003,-0.82438785,2048
12400,r2i1p1f1,2048,12,13,0.0,11.17964,0.13421308,2048
12401,r2i1p1f1,2048,12,14,0.8324781613282539,13.712665,3.1405032,2048
12402,r2i1p1f1,2048,12,15,0.0,16.511793,4.1567407,2048
12403,r2i1p1f1,2048,12,16,0.0,16.864004,5.1640906,2048
12404,r2i1p1f1,2048,12,17,0.0,16.110395,4.204531,2048
12405,r2i1p1f1,2048,12,18,0.0,16.85095,5.535097,2048
12406,r2i1p1f1,2048,12,19,0.0,17.264599,6.6257343,2048
12407,r2i1p1f1,2048,12,20,0.0,17.279955,4.8700585,2048
12408,r2i1p1f1,2048,12,21,0.0,15.016909,4.278065,2048
12409,r2i1p1f1,2048,12,22,0.0,11.887588,0.18831438,2048
12410,r2i1p1f1,2048,12,23,0.0,13.780589,1.9152685,2048
12411,r2i1p1f1,2048,12,24,0.0,16.04836,4.1272397,2048
12412,r2i1p1f1,2048,12,25,0.0,16.72396,4.3557463,2048
12413,r2i1p1f1,2048,12,26,0.0,12.561086,1.1075114,2048
12414,r2i1p1f1,2048,12,27,0.0,12.684201,-0.014484299,2048
12415,r2i1p1f1,2048,12,28,0.0,14.387218,1.8850458,2048
12416,r2i1p1f1,2048,12,29,0.0,14.28959,1.8423789,2048
12417,r2i1p1f1,2048,12,30,0.0,14.278261,3.1043406,2048
12418,r2i1p1f1,2048,12,31,0.0,14.083612,2.2519035,2048
12419,r2i1p1f1,2049,01,01,0.028702666270419286,12.807733,1.1314292,2049
12420,r2i1p1f1,2049,01,02,5.1908134053746835,11.790849,1.8421682,2049
12421,r2i1p1f1,2049,01,03,0.0,9.231271,-3.2948492,2049
12422,r2i1p1f1,2049,01,04,0.25841308627114756,8.233763,1.3343436,2049
12423,r2i1p1f1,2049,01,05,0.0,9.7573,-1.290879,2049
12424,r2i1p1f1,2049,01,06,10.920592558522912,8.810642,-0.46738222,2049
12425,r2i1p1f1,2049,01,07,15.72778867132456,8.23518,3.5262918,2049
12426,r2i1p1f1,2049,01,08,0.0,11.051254,-0.33353975,2049
12427,r2i1p1f1,2049,01,09,0.0,11.7859,-2.3661375,2049
12428,r2i1p1f1,2049,01,10,0.0,11.525465,-1.3649182,2049
12429,r2i1p1f1,2049,01,11,0.0,11.00591,-1.4333093,2049
12430,r2i1p1f1,2049,01,12,14.853361019049771,7.7867074,-0.28810263,2049
12431,r2i1p1f1,2049,01,13,0.0,9.140459,-2.4879692,2049
12432,r2i1p1f1,2049,01,14,0.8838814742603063,8.550474,-3.480435,2049
12433,r2i1p1f1,2049,01,15,10.801532764298827,7.454473,2.162477,2049
12434,r2i1p1f1,2049,01,16,27.843786808625737,8.009825,2.822063,2049
12435,r2i1p1f1,2049,01,17,28.94557014333259,8.84086,1.3289056,2049
12436,r2i1p1f1,2049,01,18,0.0,8.632099,-4.922556,2049
12437,r2i1p1f1,2049,01,19,0.0,8.220174,-3.0252707,2049
12438,r2i1p1f1,2049,01,20,17.08922854413686,6.8591466,-3.349809,2049
12439,r2i1p1f1,2049,01,21,0.026068717693306098,9.619799,1.2464004,2049
12440,r2i1p1f1,2049,01,22,0.0,10.86382,-2.0592406,2049
12441,r2i1p1f1,2049,01,23,0.0,10.921238,0.13849582,2049
12442,r2i1p1f1,2049,01,24,0.0,12.533848,0.16980664,2049
12443,r2i1p1f1,2049,01,25,0.0,15.255548,2.4072745,2049
12444,r2i1p1f1,2049,01,26,0.0,15.225813,2.0607696,2049
12445,r2i1p1f1,2049,01,27,0.0,14.864236,4.1529274,2049
12446,r2i1p1f1,2049,01,28,0.0,16.844501,4.593002,2049
12447,r2i1p1f1,2049,01,29,0.0,18.850925,5.373932,2049
12448,r2i1p1f1,2049,01,30,0.0,19.2022,6.0461006,2049
12449,r2i1p1f1,2049,01,31,0.0,19.593369,5.5147953,2049
12450,r2i1p1f1,2049,02,01,0.0,20.430246,6.034715,2049
12451,r2i1p1f1,2049,02,02,0.0,20.906166,6.835507,2049
12452,r2i1p1f1,2049,02,03,0.0,18.641136,6.43687,2049
12453,r2i1p1f1,2049,02,04,0.0,13.94681,3.9334593,2049
12454,r2i1p1f1,2049,02,05,0.0,13.528225,1.7444183,2049
12455,r2i1p1f1,2049,02,06,0.0,16.242218,1.90488,2049
12456,r2i1p1f1,2049,02,07,0.0,15.911678,2.2621446,2049
12457,r2i1p1f1,2049,02,08,0.0,13.402104,0.48199907,2049
12458,r2i1p1f1,2049,02,09,0.0,14.657216,2.6717517,2049
12459,r2i1p1f1,2049,02,10,0.0,13.59048,2.510927,2049
12460,r2i1p1f1,2049,02,11,0.0,14.2438545,1.2354134,2049
12461,r2i1p1f1,2049,02,12,0.0,15.5797615,1.9344311,2049
12462,r2i1p1f1,2049,02,13,0.0,15.898724,3.707878,2049
12463,r2i1p1f1,2049,02,14,0.0,17.174267,3.4786894,2049
12464,r2i1p1f1,2049,02,15,1.9558780706347534,16.070293,3.109273,2049
12465,r2i1p1f1,2049,02,16,0.2483984585126109,13.283154,3.9659886,2049
12466,r2i1p1f1,2049,02,17,0.8022415354446366,12.921275,2.3838959,2049
12467,r2i1p1f1,2049,02,18,9.538457542703327,11.016926,4.2194047,2049
12468,r2i1p1f1,2049,02,19,7.268212642702565,10.772816,3.5533457,2049
12469,r2i1p1f1,2049,02,20,0.0,17.415972,3.4408808,2049
12470,r2i1p1f1,2049,02,21,0.0,16.347176,3.2661753,2049
12471,r2i1p1f1,2049,02,22,0.0,18.947298,6.2139797,2049
12472,r2i1p1f1,2049,02,23,15.258162606005499,18.28994,6.6260557,2049
12473,r2i1p1f1,2049,02,24,0.07266942227488471,12.090534,2.970986,2049
12474,r2i1p1f1,2049,02,25,0.0,13.578925,0.50190055,2049
12475,r2i1p1f1,2049,02,26,0.0,14.176041,2.0701928,2049
12476,r2i1p1f1,2049,02,27,0.0,12.805037,3.0312495,2049
12477,r2i1p1f1,2049,02,28,1.4671952174751368,8.940428,0.13845688,2049
12478,r2i1p1f1,2049,03,01,0.0,11.049105,-3.6961899,2049
12479,r2i1p1f1,2049,03,02,0.9569482917441974,10.621526,-3.1209242,2049
12480,r2i1p1f1,2049,03,03,13.30276994885935,6.3794785,-0.21220118,2049
12481,r2i1p1f1,2049,03,04,22.26749914661923,8.106451,3.7469008,2049
12482,r2i1p1f1,2049,03,05,15.669959870137973,12.043258,3.103271,2049
12483,r2i1p1f1,2049,03,06,0.0,15.621002,-0.91551864,2049
12484,r2i1p1f1,2049,03,07,0.0,16.311102,1.9322531,2049
12485,r2i1p1f1,2049,03,08,0.4301962514432489,12.299061,5.4779263,2049
12486,r2i1p1f1,2049,03,09,0.23101677577415103,12.536701,3.9429464,2049
12487,r2i1p1f1,2049,03,10,6.651647190457766,12.6952715,0.89829457,2049
12488,r2i1p1f1,2049,03,11,16.295975732646184,15.101244,6.890094,2049
12489,r2i1p1f1,2049,03,12,0.0,17.490965,6.28472,2049
12490,r2i1p1f1,2049,03,13,0.0,18.189196,4.805642,2049
12491,r2i1p1f1,2049,03,14,0.0,20.84474,5.553322,2049
12492,r2i1p1f1,2049,03,15,0.0,20.590254,5.9352384,2049
12493,r2i1p1f1,2049,03,16,0.0,18.472908,5.864481,2049
12494,r2i1p1f1,2049,03,17,2.5919893386060266,12.807133,3.78705,2049
12495,r2i1p1f1,2049,03,18,10.537566678249277,13.476849,5.6256433,2049
12496,r2i1p1f1,2049,03,19,0.003961631364290952,19.614016,3.0258744,2049
12497,r2i1p1f1,2049,03,20,0.0,19.421007,5.8728657,2049
12498,r2i1p1f1,2049,03,21,0.0,17.457365,4.5401998,2049
12499,r2i1p1f1,2049,03,22,0.0,21.922007,6.4409847,2049
12500,r2i1p1f1,2049,03,23,0.0,22.815165,8.048903,2049
12501,r2i1p1f1,2049,03,24,0.0,22.112177,6.5615635,2049
12502,r2i1p1f1,2049,03,25,0.0,19.664732,4.6283817,2049
12503,r2i1p1f1,2049,03,26,6.516491841614425,16.616472,-0.46804968,2049
12504,r2i1p1f1,2049,03,27,4.263327174317055,13.796764,7.849049,2049
12505,r2i1p1f1,2049,03,28,28.165203071694123,14.9061775,4.7493687,2049
12506,r2i1p1f1,2049,03,29,0.0,12.914296,0.06523498,2049
12507,r2i1p1f1,2049,03,30,14.712551335742319,11.83383,5.3645844,2049
12508,r2i1p1f1,2049,03,31,23.0434147597407,10.441692,-2.9857786,2049
12509,r2i1p1f1,2049,04,01,0.0,11.901326,-2.756175,2049
12510,r2i1p1f1,2049,04,02,0.0,12.572975,-0.9139359,2049
12511,r2i1p1f1,2049,04,03,3.0498134688627943,10.708012,1.4325248,2049
12512,r2i1p1f1,2049,04,04,0.43831618745002743,9.176879,-4.5819645,2049
12513,r2i1p1f1,2049,04,05,0.5056846972138374,7.3346615,1.2731917,2049
12514,r2i1p1f1,2049,04,06,0.0,12.224635,-1.2725332,2049
12515,r2i1p1f1,2049,04,07,0.0,15.990282,0.8957852,2049
12516,r2i1p1f1,2049,04,08,0.0,19.84218,1.7892842,2049
12517,r2i1p1f1,2049,04,09,0.0,19.59336,3.5541577,2049
12518,r2i1p1f1,2049,04,10,11.091650564230804,15.605499,2.7630954,2049
12519,r2i1p1f1,2049,04,11,52.00137798456126,11.570065,7.718589,2049
12520,r2i1p1f1,2049,04,12,15.730291456623036,11.518536,3.996569,2049
12521,r2i1p1f1,2049,04,13,9.463860885557551,13.449869,1.6658682,2049
12522,r2i1p1f1,2049,04,14,0.0,17.39052,0.6550194,2049
12523,r2i1p1f1,2049,04,15,0.3808792193467525,16.628275,3.4288657,2049
12524,r2i1p1f1,2049,04,16,0.39316152652020264,13.346209,2.5689943,2049
12525,r2i1p1f1,2049,04,17,5.253235704026338,11.586896,5.041517,2049
12526,r2i1p1f1,2049,04,18,0.0,16.517921,2.7343202,2049
12527,r2i1p1f1,2049,04,19,0.0,17.250395,2.3962736,2049
12528,r2i1p1f1,2049,04,20,0.8733018561827066,17.418882,4.4418707,2049
12529,r2i1p1f1,2049,04,21,0.0,14.297319,3.0663493,2049
12530,r2i1p1f1,2049,04,22,0.0,21.771063,5.0323963,2049
12531,r2i1p1f1,2049,04,23,0.0,25.46168,8.55679,2049
12532,r2i1p1f1,2049,04,24,0.0,26.10726,7.5793586,2049
12533,r2i1p1f1,2049,04,25,4.141079382497992,18.401724,4.195122,2049
12534,r2i1p1f1,2049,04,26,14.847349429146561,11.4867115,4.182665,2049
12535,r2i1p1f1,2049,04,27,0.0,14.571474,2.573308,2049
12536,r2i1p1f1,2049,04,28,0.0,18.551033,1.2745309,2049
12537,r2i1p1f1,2049,04,29,0.0,16.982403,2.7727149,2049
12538,r2i1p1f1,2049,04,30,0.3740378936754496,15.105822,5.26953,2049
12539,r2i1p1f1,2049,05,01,16.413029469913454,15.747957,2.3203,2049
12540,r2i1p1f1,2049,05,02,9.875638758148853,14.438839,7.6630607,2049
12541,r2i1p1f1,2049,05,03,0.01333956817006765,17.881569,5.190158,2049
12542,r2i1p1f1,2049,05,04,0.0,18.94181,2.9203007,2049
12543,r2i1p1f1,2049,05,05,0.0,20.400408,3.9021344,2049
12544,r2i1p1f1,2049,05,06,3.5964682027497474,14.068065,4.395251,2049
12545,r2i1p1f1,2049,05,07,8.456290347271533,11.345901,6.262388,2049
12546,r2i1p1f1,2049,05,08,0.24082843156065792,17.541649,3.2491415,2049
12547,r2i1p1f1,2049,05,09,0.0,20.245358,5.142141,2049
12548,r2i1p1f1,2049,05,10,0.0,23.55051,8.551009,2049
12549,r2i1p1f1,2049,05,11,0.0,26.066162,10.020433,2049
12550,r2i1p1f1,2049,05,12,0.0,26.02011,10.685642,2049
12551,r2i1p1f1,2049,05,13,0.0,28.877602,12.181174,2049
12552,r2i1p1f1,2049,05,14,0.0,29.669334,13.915037,2049
12553,r2i1p1f1,2049,05,15,0.0,30.366434,11.987067,2049
12554,r2i1p1f1,2049,05,16,0.0,29.081251,14.067693,2049
12555,r2i1p1f1,2049,05,17,0.0,28.517696,13.425245,2049
12556,r2i1p1f1,2049,05,18,0.0,27.014063,10.700552,2049
12557,r2i1p1f1,2049,05,19,0.0,28.017769,11.64323,2049
12558,r2i1p1f1,2049,05,20,0.0,28.93444,12.984915,2049
12559,r2i1p1f1,2049,05,21,0.0,29.469242,13.152384,2049
12560,r2i1p1f1,2049,05,22,0.0,29.27242,12.027784,2049
12561,r2i1p1f1,2049,05,23,0.0,28.608612,12.192593,2049
12562,r2i1p1f1,2049,05,24,0.0,30.186989,13.281211,2049
12563,r2i1p1f1,2049,05,25,0.0,32.8976,15.386971,2049
12564,r2i1p1f1,2049,05,26,0.0,35.46846,17.808796,2049
12565,r2i1p1f1,2049,05,27,0.0,37.00449,19.19903,2049
12566,r2i1p1f1,2049,05,28,12.247603620198788,27.38456,7.977644,2049
12567,r2i1p1f1,2049,05,29,10.199193796825057,23.150486,8.931664,2049
12568,r2i1p1f1,2049,05,30,0.06510687193213016,30.798393,16.709642,2049
12569,r2i1p1f1,2049,05,31,0.8509647753044192,29.834578,14.745121,2049
12570,r2i1p1f1,2049,06,01,0.8692539344792749,28.256496,11.492123,2049
12571,r2i1p1f1,2049,06,02,0.6193025729487545,26.52219,10.742699,2049
12572,r2i1p1f1,2049,06,03,2.225383311014184,22.028063,7.175102,2049
12573,r2i1p1f1,2049,06,04,0.04440605828222033,23.316994,8.321263,2049
12574,r2i1p1f1,2049,06,05,0.007807292263350973,24.815294,11.249458,2049
12575,r2i1p1f1,2049,06,06,0.0,29.277365,11.899024,2049
12576,r2i1p1f1,2049,06,07,0.0,29.920305,12.55125,2049
12577,r2i1p1f1,2049,06,08,0.18418073404973256,29.678768,12.514263,2049
12578,r2i1p1f1,2049,06,09,0.09982759563627042,28.478489,13.067056,2049
12579,r2i1p1f1,2049,06,10,0.250073173765486,28.894073,12.299215,2049
12580,r2i1p1f1,2049,06,11,0.0,26.85509,9.727946,2049
12581,r2i1p1f1,2049,06,12,0.0,25.37908,9.4497595,2049
12582,r2i1p1f1,2049,06,13,0.0,29.380577,13.460935,2049
12583,r2i1p1f1,2049,06,14,0.0,30.876595,11.873594,2049
12584,r2i1p1f1,2049,06,15,0.0,30.926033,11.548724,2049
12585,r2i1p1f1,2049,06,16,0.0,31.45316,13.926968,2049
12586,r2i1p1f1,2049,06,17,0.0,34.952404,18.774544,2049
12587,r2i1p1f1,2049,06,18,0.0,35.531807,18.562254,2049
12588,r2i1p1f1,2049,06,19,0.891306459311636,33.88823,13.244229,2049
12589,r2i1p1f1,2049,06,20,0.0,34.60057,16.186134,2049
12590,r2i1p1f1,2049,06,21,0.0,36.849106,20.398642,2049
12591,r2i1p1f1,2049,06,22,0.05186909402254969,37.51027,17.109745,2049
12592,r2i1p1f1,2049,06,23,0.04462134311324917,37.25594,19.626635,2049
12593,r2i1p1f1,2049,06,24,0.14494523138637305,36.84768,20.410397,2049
12594,r2i1p1f1,2049,06,25,0.041664163472887594,35.341564,18.64457,2049
12595,r2i1p1f1,2049,06,26,0.11235405233378515,31.319784,13.133057,2049
12596,r2i1p1f1,2049,06,27,0.0,31.83136,16.022453,2049
12597,r2i1p1f1,2049,06,28,0.0,31.84749,14.179955,2049
12598,r2i1p1f1,2049,06,29,0.0,24.00549,7.9017987,2049
12599,r2i1p1f1,2049,06,30,0.4379191828320472,24.03251,8.493301,2049
12600,r2i1p1f1,2049,07,01,0.0,28.215425,13.594736,2049
12601,r2i1p1f1,2049,07,02,0.0,31.48823,18.060598,2049
12602,r2i1p1f1,2049,07,03,1.1842710788044997,31.227634,11.792706,2049
12603,r2i1p1f1,2049,07,04,0.0,26.508606,11.32903,2049
12604,r2i1p1f1,2049,07,05,0.0,28.416962,14.111397,2049
12605,r2i1p1f1,2049,07,06,0.0,32.227253,15.41255,2049
12606,r2i1p1f1,2049,07,07,0.0,33.72377,16.492357,2049
12607,r2i1p1f1,2049,07,08,1.1310360565218502,27.429134,9.507555,2049
12608,r2i1p1f1,2049,07,09,0.0,27.649706,13.409173,2049
12609,r2i1p1f1,2049,07,10,0.0,33.543243,15.761651,2049
12610,r2i1p1f1,2049,07,11,2.418745245086029,28.066832,7.824316,2049
12611,r2i1p1f1,2049,07,12,0.4391159498482011,20.545893,11.720544,2049
12612,r2i1p1f1,2049,07,13,0.12153183479313157,23.631067,12.359166,2049
12613,r2i1p1f1,2049,07,14,4.009579920443684,23.49797,11.128025,2049
12614,r2i1p1f1,2049,07,15,0.0,24.987122,13.194096,2049
12615,r2i1p1f1,2049,07,16,0.004809278334505507,27.652626,13.308066,2049
12616,r2i1p1f1,2049,07,17,0.0,31.423204,14.135442,2049
12617,r2i1p1f1,2049,07,18,0.0,34.157055,15.7989025,2049
12618,r2i1p1f1,2049,07,19,0.0,36.376587,19.554623,2049
12619,r2i1p1f1,2049,07,20,0.0,36.999268,19.555603,2049
12620,r2i1p1f1,2049,07,21,0.0,36.11539,17.341225,2049
12621,r2i1p1f1,2049,07,22,0.0,32.37791,13.576221,2049
12622,r2i1p1f1,2049,07,23,0.0010405931220702769,31.267342,14.619927,2049
12623,r2i1p1f1,2049,07,24,0.0,32.966507,16.410788,2049
12624,r2i1p1f1,2049,07,25,0.0,33.779556,15.136196,2049
12625,r2i1p1f1,2049,07,26,0.0,34.393356,15.504979,2049
12626,r2i1p1f1,2049,07,27,0.0,33.76893,14.753774,2049
12627,r2i1p1f1,2049,07,28,0.0,35.65865,17.78172,2049
12628,r2i1p1f1,2049,07,29,0.0,36.554035,17.919502,2049
12629,r2i1p1f1,2049,07,30,0.0,37.277122,17.209526,2049
12630,r2i1p1f1,2049,07,31,0.0,34.727737,19.15588,2049
12631,r2i1p1f1,2049,08,01,0.0,37.571533,21.146772,2049
12632,r2i1p1f1,2049,08,02,0.0,39.56627,23.129906,2049
12633,r2i1p1f1,2049,08,03,0.0,42.26294,24.146399,2049
12634,r2i1p1f1,2049,08,04,0.0,42.636585,24.123213,2049
12635,r2i1p1f1,2049,08,05,0.0,41.401665,22.469162,2049
12636,r2i1p1f1,2049,08,06,0.0,39.668278,20.188982,2049
12637,r2i1p1f1,2049,08,07,0.000757081625124556,36.425888,17.602928,2049
12638,r2i1p1f1,2049,08,08,0.0,35.195633,17.825243,2049
12639,r2i1p1f1,2049,08,09,2.425750823181261,30.285261,11.141222,2049
12640,r2i1p1f1,2049,08,10,0.0,32.921005,16.165497,2049
12641,r2i1p1f1,2049,08,11,0.0,34.689487,18.222404,2049
12642,r2i1p1f1,2049,08,12,0.0,36.361458,19.85679,2049
12643,r2i1p1f1,2049,08,13,6.027697926037945,35.265327,15.773861,2049
12644,r2i1p1f1,2049,08,14,0.0,33.74729,18.586014,2049
12645,r2i1p1f1,2049,08,15,0.0,35.19439,21.437849,2049
12646,r2i1p1f1,2049,08,16,0.20071965409442782,35.964645,18.59716,2049
12647,r2i1p1f1,2049,08,17,0.0,35.556786,17.291704,2049
12648,r2i1p1f1,2049,08,18,0.0,33.66212,15.881832,2049
12649,r2i1p1f1,2049,08,19,0.0,34.173355,16.560816,2049
12650,r2i1p1f1,2049,08,20,0.0,34.867622,18.729536,2049
12651,r2i1p1f1,2049,08,21,0.0,34.328186,17.010267,2049
12652,r2i1p1f1,2049,08,22,0.0,35.002014,18.383724,2049
12653,r2i1p1f1,2049,08,23,0.0,33.455734,12.678517,2049
12654,r2i1p1f1,2049,08,24,0.0,30.422346,13.449704,2049
12655,r2i1p1f1,2049,08,25,0.0,30.341763,13.136817,2049
12656,r2i1p1f1,2049,08,26,0.0,33.1799,17.307194,2049
12657,r2i1p1f1,2049,08,27,0.3431409517361317,34.107044,16.258932,2049
12658,r2i1p1f1,2049,08,28,0.13619483833622326,33.173416,14.121495,2049
12659,r2i1p1f1,2049,08,29,0.0,28.509884,9.77001,2049
12660,r2i1p1f1,2049,08,30,0.0,26.50411,10.3364525,2049
12661,r2i1p1f1,2049,08,31,0.026569286819722038,28.089968,9.522632,2049
12662,r2i1p1f1,2049,09,01,0.0,28.013062,9.709034,2049
12663,r2i1p1f1,2049,09,02,0.0,26.388182,10.306417,2049
12664,r2i1p1f1,2049,09,03,0.0,28.345577,12.05181,2049
12665,r2i1p1f1,2049,09,04,0.0,30.180298,12.8951025,2049
12666,r2i1p1f1,2049,09,05,0.0,30.367601,12.754937,2049
12667,r2i1p1f1,2049,09,06,0.0,29.540274,10.4570675,2049
12668,r2i1p1f1,2049,09,07,0.0,28.782845,11.3395605,2049
12669,r2i1p1f1,2049,09,08,0.0,29.164768,12.027603,2049
12670,r2i1p1f1,2049,09,09,0.0,29.228828,12.246868,2049
12671,r2i1p1f1,2049,09,10,0.0,27.547264,13.112751,2049
12672,r2i1p1f1,2049,09,11,0.0,24.206997,5.4428062,2049
12673,r2i1p1f1,2049,09,12,0.0,22.525476,4.6742034,2049
12674,r2i1p1f1,2049,09,13,0.0,23.160505,7.136914,2049
12675,r2i1p1f1,2049,09,14,0.0,26.952114,9.2627945,2049
12676,r2i1p1f1,2049,09,15,0.0,30.686907,12.73274,2049
12677,r2i1p1f1,2049,09,16,0.0,31.621284,12.266653,2049
12678,r2i1p1f1,2049,09,17,0.0,30.412489,12.082435,2049
12679,r2i1p1f1,2049,09,18,0.0,25.142998,8.496188,2049
12680,r2i1p1f1,2049,09,19,0.026625753207554226,24.217123,7.4688697,2049
12681,r2i1p1f1,2049,09,20,0.1901909962235493,18.12266,3.5888357,2049
12682,r2i1p1f1,2049,09,21,0.0,23.654198,6.0908184,2049
12683,r2i1p1f1,2049,09,22,0.0,26.526913,8.417591,2049
12684,r2i1p1f1,2049,09,23,0.0,28.77948,11.942668,2049
12685,r2i1p1f1,2049,09,24,0.0,28.926432,13.619315,2049
12686,r2i1p1f1,2049,09,25,0.2685110637685284,25.353777,10.505186,2049
12687,r2i1p1f1,2049,09,26,0.0,26.251104,9.967236,2049
12688,r2i1p1f1,2049,09,27,0.0,28.910976,12.507797,2049
12689,r2i1p1f1,2049,09,28,0.003180423391313525,30.429043,12.070871,2049
12690,r2i1p1f1,2049,09,29,0.0,31.21984,12.122715,2049
12691,r2i1p1f1,2049,09,30,0.9255806249825582,29.242737,10.197569,2049
12692,r2i1p1f1,2049,10,01,18.266424047351393,19.60586,10.991542,2049
12693,r2i1p1f1,2049,10,02,0.7944202616272378,21.591295,10.883886,2049
12694,r2i1p1f1,2049,10,03,0.0,22.830793,8.636543,2049
12695,r2i1p1f1,2049,10,04,0.04264963705509217,19.433714,5.9336033,2049
12696,r2i1p1f1,2049,10,05,0.3047498095241963,13.368197,5.3610897,2049
12697,r2i1p1f1,2049,10,06,0.11925963528938155,14.162578,3.1702013,2049
12698,r2i1p1f1,2049,10,07,0.0,16.883173,3.1169899,2049
12699,r2i1p1f1,2049,10,08,0.0,19.718124,4.087386,2049
12700,r2i1p1f1,2049,10,09,0.0,20.104269,7.008574,2049
12701,r2i1p1f1,2049,10,10,0.0,17.444695,2.1867046,2049
12702,r2i1p1f1,2049,10,11,0.0,21.792976,4.234995,2049
12703,r2i1p1f1,2049,10,12,0.0,23.172709,5.3170214,2049
12704,r2i1p1f1,2049,10,13,0.0,25.63083,8.639576,2049
12705,r2i1p1f1,2049,10,14,0.0,26.389303,11.817815,2049
12706,r2i1p1f1,2049,10,15,0.0,30.265486,14.991547,2049
12707,r2i1p1f1,2049,10,16,0.0,33.489147,16.88659,2049
12708,r2i1p1f1,2049,10,17,0.0,34.38284,17.282112,2049
12709,r2i1p1f1,2049,10,18,0.0,33.058323,15.811666,2049
12710,r2i1p1f1,2049,10,19,0.0,32.91065,15.551619,2049
12711,r2i1p1f1,2049,10,20,0.0,31.272312,14.735509,2049
12712,r2i1p1f1,2049,10,21,0.0,30.975006,17.174238,2049
12713,r2i1p1f1,2049,10,22,0.0,31.699707,17.839653,2049
12714,r2i1p1f1,2049,10,23,0.0,33.429455,17.595718,2049
12715,r2i1p1f1,2049,10,24,0.0,32.426365,16.138613,2049
12716,r2i1p1f1,2049,10,25,0.0,30.905844,13.575114,2049
12717,r2i1p1f1,2049,10,26,0.0,28.84963,11.923556,2049
12718,r2i1p1f1,2049,10,27,0.0,27.905867,11.857318,2049
12719,r2i1p1f1,2049,10,28,0.0,24.72902,12.295949,2049
12720,r2i1p1f1,2049,10,29,0.0,25.643183,11.254868,2049
12721,r2i1p1f1,2049,10,30,0.0,25.650482,9.809684,2049
12722,r2i1p1f1,2049,10,31,0.0,25.449942,11.688905,2049
12723,r2i1p1f1,2049,11,01,0.0,25.588097,9.962002,2049
12724,r2i1p1f1,2049,11,02,0.0,24.310312,8.630741,2049
12725,r2i1p1f1,2049,11,03,0.0,23.197144,6.328448,2049
12726,r2i1p1f1,2049,11,04,11.862905678754032,15.284703,5.557388,2049
12727,r2i1p1f1,2049,11,05,16.956074793779408,12.368473,6.581568,2049
12728,r2i1p1f1,2049,11,06,0.0,14.258896,2.5317311,2049
12729,r2i1p1f1,2049,11,07,0.0,17.350538,2.680199,2049
12730,r2i1p1f1,2049,11,08,0.0,17.163536,5.49318,2049
12731,r2i1p1f1,2049,11,09,0.0,19.841127,5.826653,2049
12732,r2i1p1f1,2049,11,10,0.03812049549196672,20.384163,4.69853,2049
12733,r2i1p1f1,2049,11,11,7.758446109374972,17.280067,5.464765,2049
12734,r2i1p1f1,2049,11,12,7.080234216891768,14.277762,8.959439,2049
12735,r2i1p1f1,2049,11,13,0.0,12.839007,0.80319023,2049
12736,r2i1p1f1,2049,11,14,0.0,15.291585,0.59371305,2049
12737,r2i1p1f1,2049,11,15,0.0,18.238512,3.0472624,2049
12738,r2i1p1f1,2049,11,16,0.0,20.587593,5.2448063,2049
12739,r2i1p1f1,2049,11,17,0.0,22.558105,7.4452777,2049
12740,r2i1p1f1,2049,11,18,0.0,23.502779,6.5451307,2049
12741,r2i1p1f1,2049,11,19,0.0,22.024086,5.7553635,2049
12742,r2i1p1f1,2049,11,20,0.0,19.554853,4.539835,2049
12743,r2i1p1f1,2049,11,21,0.00031767337986821076,19.364326,8.910326,2049
12744,r2i1p1f1,2049,11,22,0.0,15.623527,0.27380303,2049
12745,r2i1p1f1,2049,11,23,0.0,14.23293,-0.1111847,2049
12746,r2i1p1f1,2049,11,24,0.0,13.5738735,-0.8066576,2049
12747,r2i1p1f1,2049,11,25,0.0,13.775861,-2.7097666,2049
12748,r2i1p1f1,2049,11,26,0.0,13.301266,-0.6790604,2049
12749,r2i1p1f1,2049,11,27,0.0,17.37387,2.7806354,2049
12750,r2i1p1f1,2049,11,28,0.0,19.591276,4.2849197,2049
12751,r2i1p1f1,2049,11,29,0.0,20.580206,4.9563885,2049
12752,r2i1p1f1,2049,11,30,0.0,21.892265,5.0772705,2049
12753,r2i1p1f1,2049,12,01,0.0,21.59518,9.695868,2049
12754,r2i1p1f1,2049,12,02,0.0,17.428581,5.072138,2049
12755,r2i1p1f1,2049,12,03,0.0,14.032528,1.8997779,2049
12756,r2i1p1f1,2049,12,04,0.0,14.53045,2.3416638,2049
12757,r2i1p1f1,2049,12,05,0.0,18.296486,4.195416,2049
12758,r2i1p1f1,2049,12,06,0.0,19.924778,7.2333245,2049
12759,r2i1p1f1,2049,12,07,0.0,20.879143,7.5721188,2049
12760,r2i1p1f1,2049,12,08,0.0,21.803873,7.0121636,2049
12761,r2i1p1f1,2049,12,09,0.0,21.728249,6.654678,2049
12762,r2i1p1f1,2049,12,10,0.3426612760279113,19.186653,7.7631664,2049
12763,r2i1p1f1,2049,12,11,4.0129966970312125,13.887573,8.347057,2049
12764,r2i1p1f1,2049,12,12,0.15650184319895288,11.858148,1.665994,2049
12765,r2i1p1f1,2049,12,13,0.0,14.119846,-1.0226885,2049
12766,r2i1p1f1,2049,12,14,0.0,16.186455,2.6113596,2049
12767,r2i1p1f1,2049,12,15,0.0,16.861141,2.4171603,2049
12768,r2i1p1f1,2049,12,16,0.0,15.895696,4.007008,2049
12769,r2i1p1f1,2049,12,17,0.0,17.291624,4.300701,2049
12770,r2i1p1f1,2049,12,18,0.31855591357725643,16.372633,3.9032152,2049
12771,r2i1p1f1,2049,12,19,0.0,12.816511,1.1569605,2049
12772,r2i1p1f1,2049,12,20,0.0,12.59691,1.3361608,2049
12773,r2i1p1f1,2049,12,21,12.268206708722573,10.928606,4.4499087,2049
12774,r2i1p1f1,2049,12,22,0.0,11.333261,-1.0043197,2049
12775,r2i1p1f1,2049,12,23,0.0,11.249165,-2.2274666,2049
12776,r2i1p1f1,2049,12,24,0.0,12.824757,-1.0754602,2049
12777,r2i1p1f1,2049,12,25,0.0,18.184696,4.0927563,2049
12778,r2i1p1f1,2049,12,26,0.0,20.429392,8.486733,2049
12779,r2i1p1f1,2049,12,27,0.0,20.055288,6.5471163,2049
12780,r2i1p1f1,2049,12,28,0.0,19.505806,6.7114086,2049
12781,r2i1p1f1,2049,12,29,0.0,19.329473,7.199502,2049
12782,r2i1p1f1,2049,12,30,0.0,18.898024,6.9343777,2049
12783,r2i1p1f1,2049,12,31,0.0,16.635107,5.7605357,2049
12784,r2i1p1f1,2050,01,01,0.0,16.380867,3.0244327,2050
12785,r2i1p1f1,2050,01,02,0.0,15.312598,1.8475914,2050
12786,r2i1p1f1,2050,01,03,0.0,16.688267,3.6006808,2050
12787,r2i1p1f1,2050,01,04,0.0,18.443598,4.769343,2050
12788,r2i1p1f1,2050,01,05,0.0,19.201796,6.113163,2050
12789,r2i1p1f1,2050,01,06,0.0037633321653629537,14.432417,4.8008084,2050
12790,r2i1p1f1,2050,01,07,0.0,16.76825,3.7435756,2050
12791,r2i1p1f1,2050,01,08,0.0,18.062244,4.0662394,2050
12792,r2i1p1f1,2050,01,09,0.0,14.982751,1.4696859,2050
12793,r2i1p1f1,2050,01,10,0.0,9.451958,-4.058714,2050
12794,r2i1p1f1,2050,01,11,0.0,10.3240595,-0.012549136,2050
12795,r2i1p1f1,2050,01,12,0.189387757870918,10.49829,5.496636,2050
12796,r2i1p1f1,2050,01,13,0.0,14.719413,4.1235213,2050
12797,r2i1p1f1,2050,01,14,10.140370840906598,13.715571,7.3971753,2050
12798,r2i1p1f1,2050,01,15,0.0,17.309599,3.396468,2050
12799,r2i1p1f1,2050,01,16,0.0,17.244444,4.319525,2050
12800,r2i1p1f1,2050,01,17,0.0,16.868122,4.138563,2050
12801,r2i1p1f1,2050,01,18,0.0,16.90204,4.707371,2050
12802,r2i1p1f1,2050,01,19,0.0,17.806288,4.6467795,2050
12803,r2i1p1f1,2050,01,20,0.03049272963835392,18.371996,7.0487494,2050
12804,r2i1p1f1,2050,01,21,4.632008884971128,13.195946,-0.5815333,2050
12805,r2i1p1f1,2050,01,22,0.0,9.338772,-1.8239108,2050
12806,r2i1p1f1,2050,01,23,0.0,11.275186,0.809179,2050
12807,r2i1p1f1,2050,01,24,0.0,16.973524,5.1951246,2050
12808,r2i1p1f1,2050,01,25,0.0,18.942013,5.64575,2050
12809,r2i1p1f1,2050,01,26,0.0,21.411695,7.3177185,2050
12810,r2i1p1f1,2050,01,27,0.0,20.951796,7.542037,2050
12811,r2i1p1f1,2050,01,28,0.0,21.620958,7.8189306,2050
12812,r2i1p1f1,2050,01,29,0.0,22.920824,9.03426,2050
12813,r2i1p1f1,2050,01,30,0.0,19.85936,5.190765,2050
12814,r2i1p1f1,2050,01,31,15.283382216648533,13.645824,0.69464546,2050
12815,r2i1p1f1,2050,02,01,48.669331472046906,14.366876,9.074627,2050
12816,r2i1p1f1,2050,02,02,4.740515094420061,13.872935,5.016646,2050
12817,r2i1p1f1,2050,02,03,14.858218544964075,14.024099,5.5337825,2050
12818,r2i1p1f1,2050,02,04,4.650703682898438,12.30982,4.881132,2050
12819,r2i1p1f1,2050,02,05,21.380459720967337,12.715139,2.95296,2050
12820,r2i1p1f1,2050,02,06,46.10766503610648,12.599423,6.24441,2050
12821,r2i1p1f1,2050,02,07,28.60226472021168,13.556778,6.7041492,2050
12822,r2i1p1f1,2050,02,08,74.20565103529952,14.644979,7.0603576,2050
12823,r2i1p1f1,2050,02,09,51.76998154656758,14.497628,7.178744,2050
12824,r2i1p1f1,2050,02,10,6.172930933576026,11.83715,5.0984964,2050
12825,r2i1p1f1,2050,02,11,6.979458139676353,11.52125,1.6947138,2050
12826,r2i1p1f1,2050,02,12,33.987015064303705,12.115019,5.19829,2050
12827,r2i1p1f1,2050,02,13,3.6073937950845902,12.696627,2.9705615,2050
12828,r2i1p1f1,2050,02,14,0.0,12.103186,-0.4351406,2050
12829,r2i1p1f1,2050,02,15,0.0,13.47233,-0.55368906,2050
12830,r2i1p1f1,2050,02,16,0.0,15.325291,2.1751962,2050
12831,r2i1p1f1,2050,02,17,0.0,17.486057,3.8024585,2050
12832,r2i1p1f1,2050,02,18,0.0,19.517513,6.1078234,2050
12833,r2i1p1f1,2050,02,19,0.0,21.460695,7.7903647,2050
12834,r2i1p1f1,2050,02,20,0.0,22.058393,8.386433,2050
12835,r2i1p1f1,2050,02,21,0.0,20.624748,8.572949,2050
12836,r2i1p1f1,2050,02,22,0.0,19.076342,7.5696115,2050
12837,r2i1p1f1,2050,02,23,0.0,19.350811,5.9718714,2050
12838,r2i1p1f1,2050,02,24,2.737254498583752,16.18396,6.035735,2050
12839,r2i1p1f1,2050,02,25,20.745267339577822,12.108355,5.6102276,2050
12840,r2i1p1f1,2050,02,26,0.9633420152297845,11.104589,1.8990318,2050
12841,r2i1p1f1,2050,02,27,15.61051021781168,10.068081,3.87483,2050
12842,r2i1p1f1,2050,02,28,16.909770128154378,10.47929,-0.27881676,2050
12843,r2i1p1f1,2050,03,01,9.665374901442192,11.713241,-3.248897,2050
12844,r2i1p1f1,2050,03,02,0.0,10.507185,-1.7534276,2050
12845,r2i1p1f1,2050,03,03,0.2024318617031895,9.14206,2.8434412,2050
12846,r2i1p1f1,2050,03,04,0.06286949445097889,8.675851,1.4756612,2050
12847,r2i1p1f1,2050,03,05,0.8134973490996344,8.645071,1.4916177,2050
12848,r2i1p1f1,2050,03,06,2.4877200953142165,8.542319,0.28956524,2050
12849,r2i1p1f1,2050,03,07,9.616794500198012,10.975728,-2.5175362,2050
12850,r2i1p1f1,2050,03,08,2.847591077889433,11.717987,6.233526,2050
12851,r2i1p1f1,2050,03,09,4.245406586483114,9.448777,-0.024107508,2050
12852,r2i1p1f1,2050,03,10,0.0,10.900453,-1.3830304,2050
12853,r2i1p1f1,2050,03,11,0.0,12.597563,-4.2621098,2050
12854,r2i1p1f1,2050,03,12,5.643289629551873,9.973415,-1.7714254,2050
12855,r2i1p1f1,2050,03,13,54.54658788839879,10.692231,6.9899206,2050
12856,r2i1p1f1,2050,03,14,8.291440530103955,11.686996,-0.57881814,2050
12857,r2i1p1f1,2050,03,15,0.0,16.365292,-0.37158993,2050
12858,r2i1p1f1,2050,03,16,0.0,18.79835,4.2138634,2050
12859,r2i1p1f1,2050,03,17,0.0,19.217712,4.5091586,2050
12860,r2i1p1f1,2050,03,18,2.207801070403548,16.82407,2.594081,2050
12861,r2i1p1f1,2050,03,19,5.017296507321589,7.7383,-3.894287,2050
12862,r2i1p1f1,2050,03,20,3.8365066609628684,6.617914,2.0999951,2050
12863,r2i1p1f1,2050,03,21,0.1558477546609538,13.914615,2.4823654,2050
12864,r2i1p1f1,2050,03,22,0.0,17.470451,4.877383,2050
12865,r2i1p1f1,2050,03,23,0.0,17.873169,6.9270325,2050
12866,r2i1p1f1,2050,03,24,0.0,17.773956,3.732315,2050
12867,r2i1p1f1,2050,03,25,0.0,22.950394,6.240273,2050
12868,r2i1p1f1,2050,03,26,0.0,26.880718,10.54706,2050
12869,r2i1p1f1,2050,03,27,0.0,28.579672,10.581779,2050
12870,r2i1p1f1,2050,03,28,33.89143343338219,21.356304,5.5161257,2050
12871,r2i1p1f1,2050,03,29,1.351466638141119,16.62187,7.3964243,2050
12872,r2i1p1f1,2050,03,30,0.0,17.080984,2.8383806,2050
12873,r2i1p1f1,2050,03,31,0.0,17.176805,2.5260875,2050
12874,r2i1p1f1,2050,04,01,8.328646043355548,15.187781,3.7868297,2050
12875,r2i1p1f1,2050,04,02,3.298083349454828,12.559422,3.0741453,2050
12876,r2i1p1f1,2050,04,03,44.21453518734779,10.825783,3.345895,2050
12877,r2i1p1f1,2050,04,04,34.72323341484298,12.547274,5.1416254,2050
12878,r2i1p1f1,2050,04,05,2.312770969842859,11.537846,5.338059,2050
12879,r2i1p1f1,2050,04,06,4.79414807524563,11.867093,6.201585,2050
12880,r2i1p1f1,2050,04,07,0.0,14.425147,-0.15480238,2050
12881,r2i1p1f1,2050,04,08,0.0,18.613308,1.2142577,2050
12882,r2i1p1f1,2050,04,09,0.0,18.151258,3.1143808,2050
12883,r2i1p1f1,2050,04,10,0.0,19.256516,5.794762,2050
12884,r2i1p1f1,2050,04,11,0.0,18.245672,7.232922,2050
12885,r2i1p1f1,2050,04,12,0.0,17.324978,2.882594,2050
12886,r2i1p1f1,2050,04,13,0.0,15.045628,3.3142562,2050
12887,r2i1p1f1,2050,04,14,0.008987218461697921,18.248442,1.8127187,2050
12888,r2i1p1f1,2050,04,15,0.0,21.693161,4.682256,2050
12889,r2i1p1f1,2050,04,16,0.0,21.634214,6.9629135,2050
12890,r2i1p1f1,2050,04,17,0.0,19.61503,6.5730023,2050
12891,r2i1p1f1,2050,04,18,0.0,16.410519,2.431859,2050
12892,r2i1p1f1,2050,04,19,0.0,16.486376,3.0406575,2050
12893,r2i1p1f1,2050,04,20,0.0,19.595778,3.8348825,2050
12894,r2i1p1f1,2050,04,21,0.0,22.721739,6.7519484,2050
12895,r2i1p1f1,2050,04,22,0.0,24.688786,8.22494,2050
12896,r2i1p1f1,2050,04,23,0.0,24.395807,7.1457114,2050
12897,r2i1p1f1,2050,04,24,1.4645025306890602,17.120962,3.2005677,2050
12898,r2i1p1f1,2050,04,25,0.5835216265040799,7.8951874,1.1129369,2050
12899,r2i1p1f1,2050,04,26,0.0,14.580013,0.08239301,2050
12900,r2i1p1f1,2050,04,27,0.0,18.558231,2.2107337,2050
12901,r2i1p1f1,2050,04,28,0.0,19.986683,4.6439295,2050
12902,r2i1p1f1,2050,04,29,0.0,21.569698,5.8693104,2050
12903,r2i1p1f1,2050,04,30,0.0,21.584864,6.3978825,2050
12904,r2i1p1f1,2050,05,01,0.0,23.06474,8.274921,2050
12905,r2i1p1f1,2050,05,02,0.0,24.650143,9.466274,2050
12906,r2i1p1f1,2050,05,03,0.0,26.856758,10.16621,2050
12907,r2i1p1f1,2050,05,04,0.0,29.030527,12.076413,2050
12908,r2i1p1f1,2050,05,05,0.0,29.601967,10.750198,2050
12909,r2i1p1f1,2050,05,06,0.0,26.90406,7.431003,2050
12910,r2i1p1f1,2050,05,07,0.0,22.831543,5.6928363,2050
12911,r2i1p1f1,2050,05,08,0.0,24.685425,7.9232736,2050
12912,r2i1p1f1,2050,05,09,0.0,26.5668,10.8414545,2050
12913,r2i1p1f1,2050,05,10,0.0,27.74251,12.156944,2050
12914,r2i1p1f1,2050,05,11,0.0,28.22142,10.820018,2050
12915,r2i1p1f1,2050,05,12,0.0,27.762287,11.27242,2050
12916,r2i1p1f1,2050,05,13,0.13117795051584835,24.81825,8.907274,2050
12917,r2i1p1f1,2050,05,14,0.0,31.652382,16.10471,2050
12918,r2i1p1f1,2050,05,15,0.0,32.72587,14.63627,2050
12919,r2i1p1f1,2050,05,16,0.0,29.155361,10.580627,2050
12920,r2i1p1f1,2050,05,17,0.0,20.874342,6.230697,2050
12921,r2i1p1f1,2050,05,18,0.0,23.281,8.037984,2050
12922,r2i1p1f1,2050,05,19,0.0,24.823626,9.511591,2050
12923,r2i1p1f1,2050,05,20,0.0,25.725323,7.0819974,2050
12924,r2i1p1f1,2050,05,21,0.0,26.828642,9.695991,2050
12925,r2i1p1f1,2050,05,22,0.0,27.820005,11.701266,2050
12926,r2i1p1f1,2050,05,23,0.0,25.241354,6.972141,2050
12927,r2i1p1f1,2050,05,24,0.0,23.24672,6.5497026,2050
12928,r2i1p1f1,2050,05,25,0.0,23.676706,9.059955,2050
12929,r2i1p1f1,2050,05,26,0.0,22.1681,6.642535,2050
12930,r2i1p1f1,2050,05,27,0.0,20.340723,5.381717,2050
12931,r2i1p1f1,2050,05,28,0.29033166603653626,19.241442,4.3723984,2050
12932,r2i1p1f1,2050,05,29,0.0,26.00017,10.235589,2050
12933,r2i1p1f1,2050,05,30,0.0,29.562277,13.720821,2050
12934,r2i1p1f1,2050,05,31,0.0,32.407204,15.181629,2050
12935,r2i1p1f1,2050,06,01,0.0,33.47033,16.038454,2050
12936,r2i1p1f1,2050,06,02,0.0,34.751175,17.962776,2050
12937,r2i1p1f1,2050,06,03,0.0,35.281937,18.4515,2050
12938,r2i1p1f1,2050,06,04,0.0,34.459255,13.742534,2050
12939,r2i1p1f1,2050,06,05,0.0,32.118732,12.406605,2050
12940,r2i1p1f1,2050,06,06,0.12531049687822815,29.776999,12.626506,2050
12941,r2i1p1f1,2050,06,07,0.21773625735477253,30.193813,13.807581,2050
12942,r2i1p1f1,2050,06,08,0.03521155067574,29.95156,10.679121,2050
12943,r2i1p1f1,2050,06,09,0.0,23.636723,7.428688,2050
12944,r2i1p1f1,2050,06,10,0.0,23.120993,8.332629,2050
12945,r2i1p1f1,2050,06,11,0.0,23.782156,7.222485,2050
12946,r2i1p1f1,2050,06,12,0.0,23.920912,6.807755,2050
12947,r2i1p1f1,2050,06,13,0.005004084596293978,23.236534,8.728046,2050
12948,r2i1p1f1,2050,06,14,0.0,27.397451,11.49781,2050
12949,r2i1p1f1,2050,06,15,0.0,32.01223,13.57554,2050
12950,r2i1p1f1,2050,06,16,0.0,33.12542,15.042206,2050
12951,r2i1p1f1,2050,06,17,12.210864367807517,22.321705,2.9279253,2050
12952,r2i1p1f1,2050,06,18,3.414039221593157,17.99552,3.2440064,2050
12953,r2i1p1f1,2050,06,19,0.0,24.795746,10.174922,2050
12954,r2i1p1f1,2050,06,20,0.0,26.499258,10.542886,2050
12955,r2i1p1f1,2050,06,21,0.0,27.248432,10.776618,2050
12956,r2i1p1f1,2050,06,22,0.0,27.87718,12.913001,2050
12957,r2i1p1f1,2050,06,23,0.0,29.520887,10.362843,2050
12958,r2i1p1f1,2050,06,24,0.033936501131393015,29.255087,14.138958,2050
12959,r2i1p1f1,2050,06,25,0.0,30.064775,12.554428,2050
12960,r2i1p1f1,2050,06,26,0.0,32.293903,14.816199,2050
12961,r2i1p1f1,2050,06,27,0.0,34.057747,15.775443,2050
12962,r2i1p1f1,2050,06,28,0.0,35.231827,18.279343,2050
12963,r2i1p1f1,2050,06,29,0.0,35.1942,18.368727,2050
12964,r2i1p1f1,2050,06,30,0.0,36.12256,16.525776,2050
12965,r2i1p1f1,2050,07,01,0.0,36.12702,16.556862,2050
12966,r2i1p1f1,2050,07,02,0.0,36.12145,16.918678,2050
12967,r2i1p1f1,2050,07,03,0.0,35.32113,17.518261,2050
12968,r2i1p1f1,2050,07,04,0.0,34.822224,15.21499,2050
12969,r2i1p1f1,2050,07,05,0.0,35.733906,17.422537,2050
12970,r2i1p1f1,2050,07,06,0.0,36.159874,18.593521,2050
12971,r2i1p1f1,2050,07,07,0.0,31.451773,12.970947,2050
12972,r2i1p1f1,2050,07,08,0.0,33.02421,16.226538,2050
12973,r2i1p1f1,2050,07,09,0.03688395481731277,32.953606,14.891514,2050
12974,r2i1p1f1,2050,07,10,0.0,33.57912,15.856467,2050
12975,r2i1p1f1,2050,07,11,0.08453289046883583,33.698452,16.801373,2050
12976,r2i1p1f1,2050,07,12,0.0,33.78214,16.727991,2050
12977,r2i1p1f1,2050,07,13,0.0,33.693295,17.090263,2050
12978,r2i1p1f1,2050,07,14,0.0,33.327934,14.860628,2050
12979,r2i1p1f1,2050,07,15,0.0,32.0836,12.975861,2050
12980,r2i1p1f1,2050,07,16,0.0,31.605764,12.574044,2050
12981,r2i1p1f1,2050,07,17,0.0,33.36718,15.580385,2050
12982,r2i1p1f1,2050,07,18,0.0,34.857254,18.086634,2050
12983,r2i1p1f1,2050,07,19,0.0,36.96199,20.593342,2050
12984,r2i1p1f1,2050,07,20,0.0,37.57359,21.674477,2050
12985,r2i1p1f1,2050,07,21,0.0,36.771774,18.370998,2050
12986,r2i1p1f1,2050,07,22,0.0,36.24065,16.61771,2050
12987,r2i1p1f1,2050,07,23,0.0,35.395214,18.192799,2050
12988,r2i1p1f1,2050,07,24,0.0,36.405537,18.413008,2050
12989,r2i1p1f1,2050,07,25,0.0,36.376873,15.988361,2050
12990,r2i1p1f1,2050,07,26,0.0,31.396336,11.831573,2050
12991,r2i1p1f1,2050,07,27,0.0,29.08241,10.877201,2050
12992,r2i1p1f1,2050,07,28,0.0,29.320696,8.963963,2050
12993,r2i1p1f1,2050,07,29,0.0,28.553972,10.0055275,2050
12994,r2i1p1f1,2050,07,30,0.0,33.571785,16.360285,2050
12995,r2i1p1f1,2050,07,31,0.0,36.849045,18.172058,2050
12996,r2i1p1f1,2050,08,01,0.0,38.070038,18.84931,2050
12997,r2i1p1f1,2050,08,02,0.0,40.494633,23.917046,2050
12998,r2i1p1f1,2050,08,03,0.0,41.799088,26.094025,2050
12999,r2i1p1f1,2050,08,04,0.0,41.864895,21.544247,2050
13000,r2i1p1f1,2050,08,05,0.0,41.244156,20.233246,2050
13001,r2i1p1f1,2050,08,06,0.0,37.438347,18.088287,2050
13002,r2i1p1f1,2050,08,07,0.0,36.503452,19.446245,2050
13003,r2i1p1f1,2050,08,08,0.0,36.02933,18.30155,2050
13004,r2i1p1f1,2050,08,09,0.0,36.075817,19.196522,2050
13005,r2i1p1f1,2050,08,10,0.0,37.547256,20.520561,2050
13006,r2i1p1f1,2050,08,11,0.0,39.721237,21.452118,2050
13007,r2i1p1f1,2050,08,12,0.0,40.976055,22.742748,2050
13008,r2i1p1f1,2050,08,13,0.0,39.98836,19.799747,2050
13009,r2i1p1f1,2050,08,14,0.0,35.037766,13.777814,2050
13010,r2i1p1f1,2050,08,15,0.0,32.347073,13.969799,2050
13011,r2i1p1f1,2050,08,16,0.0,35.239666,16.518894,2050
13012,r2i1p1f1,2050,08,17,0.0,36.28218,19.178862,2050
13013,r2i1p1f1,2050,08,18,0.0,38.517284,20.597094,2050
13014,r2i1p1f1,2050,08,19,0.004503082459450525,37.871128,17.069195,2050
13015,r2i1p1f1,2050,08,20,0.0,34.901836,15.056865,2050
13016,r2i1p1f1,2050,08,21,0.06773454806534573,33.74646,18.826208,2050
13017,r2i1p1f1,2050,08,22,0.0890253470515745,28.013319,12.7327175,2050
13018,r2i1p1f1,2050,08,23,0.0,27.519968,11.81469,2050
13019,r2i1p1f1,2050,08,24,0.0,28.6573,8.634569,2050
13020,r2i1p1f1,2050,08,25,0.0,30.841518,12.218808,2050
13021,r2i1p1f1,2050,08,26,0.0,32.33665,13.831768,2050
13022,r2i1p1f1,2050,08,27,0.0,32.937325,13.989605,2050
13023,r2i1p1f1,2050,08,28,0.0,33.144558,14.030376,2050
13024,r2i1p1f1,2050,08,29,0.0,31.417236,12.169343,2050
13025,r2i1p1f1,2050,08,30,0.0,30.438345,10.651532,2050
13026,r2i1p1f1,2050,08,31,0.0,32.491547,13.500051,2050
13027,r2i1p1f1,2050,09,01,0.0,33.967907,16.874226,2050
13028,r2i1p1f1,2050,09,02,0.0016644532109921784,34.784424,16.37429,2050
13029,r2i1p1f1,2050,09,03,0.0006280354455157067,33.98144,16.8934,2050
13030,r2i1p1f1,2050,09,04,0.0,34.14421,16.997198,2050
13031,r2i1p1f1,2050,09,05,0.4766305261000525,33.723854,15.207699,2050
13032,r2i1p1f1,2050,09,06,0.7077979884030583,29.52319,10.46872,2050
13033,r2i1p1f1,2050,09,07,0.0,25.690372,7.288111,2050
13034,r2i1p1f1,2050,09,08,0.0,24.13542,8.081857,2050
13035,r2i1p1f1,2050,09,09,0.0,24.396599,10.355646,2050
13036,r2i1p1f1,2050,09,10,0.0,25.237411,9.935613,2050
13037,r2i1p1f1,2050,09,11,1.9834758153365328,25.260517,8.033042,2050
13038,r2i1p1f1,2050,09,12,0.0,24.441244,6.6288776,2050
13039,r2i1p1f1,2050,09,13,0.0,24.317736,7.3035183,2050
13040,r2i1p1f1,2050,09,14,0.0,27.389154,9.248681,2050
13041,r2i1p1f1,2050,09,15,0.0,30.579594,13.184679,2050
13042,r2i1p1f1,2050,09,16,0.0,31.78911,14.071841,2050
13043,r2i1p1f1,2050,09,17,0.0,31.961483,13.234756,2050
13044,r2i1p1f1,2050,09,18,0.0,30.863678,12.288609,2050
13045,r2i1p1f1,2050,09,19,0.0,31.14999,11.915472,2050
13046,r2i1p1f1,2050,09,20,0.0,30.19709,11.94691,2050
13047,r2i1p1f1,2050,09,21,0.0,30.382463,11.886453,2050
13048,r2i1p1f1,2050,09,22,0.0,29.906664,11.390717,2050
13049,r2i1p1f1,2050,09,23,0.0,27.593103,10.629772,2050
13050,r2i1p1f1,2050,09,24,1.600601162658677,27.081213,10.123179,2050
13051,r2i1p1f1,2050,09,25,0.10347123510427991,31.0079,14.595784,2050
13052,r2i1p1f1,2050,09,26,0.0,30.920204,13.220134,2050
13053,r2i1p1f1,2050,09,27,0.0,28.626944,10.449714,2050
13054,r2i1p1f1,2050,09,28,0.0,23.818184,6.843921,2050
13055,r2i1p1f1,2050,09,29,0.0,22.55788,6.0909915,2050
13056,r2i1p1f1,2050,09,30,0.0,23.002703,8.042639,2050
13057,r2i1p1f1,2050,10,01,0.05034653386246646,24.02684,8.887554,2050
13058,r2i1p1f1,2050,10,02,0.0,24.625885,9.811733,2050
13059,r2i1p1f1,2050,10,03,0.0,25.717873,10.151674,2050
13060,r2i1p1f1,2050,10,04,0.0,26.176374,10.4543085,2050
13061,r2i1p1f1,2050,10,05,0.0,25.23067,8.217541,2050
13062,r2i1p1f1,2050,10,06,0.0,26.640877,11.432152,2050
13063,r2i1p1f1,2050,10,07,0.0,28.088041,12.064852,2050
13064,r2i1p1f1,2050,10,08,0.0,28.723375,11.003242,2050
13065,r2i1p1f1,2050,10,09,0.0,29.317837,10.974282,2050
13066,r2i1p1f1,2050,10,10,0.0,29.3139,12.785205,2050
13067,r2i1p1f1,2050,10,11,0.0,29.597202,12.733708,2050
13068,r2i1p1f1,2050,10,12,0.0,30.649332,14.048679,2050
13069,r2i1p1f1,2050,10,13,0.0,29.587128,13.741401,2050
13070,r2i1p1f1,2050,10,14,0.0,29.828539,14.922272,2050
13071,r2i1p1f1,2050,10,15,0.0,30.1346,14.783345,2050
13072,r2i1p1f1,2050,10,16,0.0,29.877567,13.642503,2050
13073,r2i1p1f1,2050,10,17,0.0,29.723206,13.558254,2050
13074,r2i1p1f1,2050,10,18,0.0,29.417955,14.428314,2050
13075,r2i1p1f1,2050,10,19,0.0,28.363949,13.295077,2050
13076,r2i1p1f1,2050,10,20,0.0,27.98002,12.525832,2050
13077,r2i1p1f1,2050,10,21,0.0,27.720335,10.613785,2050
13078,r2i1p1f1,2050,10,22,0.0,27.137957,10.448414,2050
13079,r2i1p1f1,2050,10,23,0.08436425350737409,26.102999,9.402431,2050
13080,r2i1p1f1,2050,10,24,2.133759096562926,18.870321,7.6758423,2050
13081,r2i1p1f1,2050,10,25,0.0004307843937567668,20.363398,5.2032228,2050
13082,r2i1p1f1,2050,10,26,0.0,24.718117,8.485565,2050
13083,r2i1p1f1,2050,10,27,0.0,24.007662,10.120396,2050
13084,r2i1p1f1,2050,10,28,0.0,27.301313,10.434946,2050
13085,r2i1p1f1,2050,10,29,0.0,23.224537,8.894019,2050
13086,r2i1p1f1,2050,10,30,0.0,20.122845,6.5685005,2050
13087,r2i1p1f1,2050,10,31,0.0,22.209957,8.487212,2050
13088,r2i1p1f1,2050,11,01,0.0,23.011375,8.045352,2050
13089,r2i1p1f1,2050,11,02,0.00787044132266601,20.684544,8.07078,2050
13090,r2i1p1f1,2050,11,03,0.0,18.615774,3.2155461,2050
13091,r2i1p1f1,2050,11,04,0.0,20.37951,5.5409513,2050
13092,r2i1p1f1,2050,11,05,1.1155231352660167,19.615486,6.3493752,2050
13093,r2i1p1f1,2050,11,06,6.356961340907219,13.406019,6.3402863,2050
13094,r2i1p1f1,2050,11,07,0.0,15.556117,2.789416,2050
13095,r2i1p1f1,2050,11,08,0.0,20.082628,4.6268907,2050
13096,r2i1p1f1,2050,11,09,0.0,22.603859,5.589348,2050
13097,r2i1p1f1,2050,11,10,0.0,23.457737,9.219114,2050
13098,r2i1p1f1,2050,11,11,0.0,20.446505,7.6525507,2050
13099,r2i1p1f1,2050,11,12,0.0,18.260017,5.414895,2050
13100,r2i1p1f1,2050,11,13,0.0,17.198767,4.5166354,2050
13101,r2i1p1f1,2050,11,14,0.0,17.674068,4.04314,2050
13102,r2i1p1f1,2050,11,15,0.0,19.15447,3.5665545,2050
13103,r2i1p1f1,2050,11,16,0.592502442782461,16.498487,4.8330336,2050
13104,r2i1p1f1,2050,11,17,0.7008948714428698,17.138165,4.5786467,2050
13105,r2i1p1f1,2050,11,18,10.098851038492285,13.537452,6.135991,2050
13106,r2i1p1f1,2050,11,19,7.803170665943071,9.667646,-0.14989986,2050
13107,r2i1p1f1,2050,11,20,19.04675373725695,6.4570074,-2.7708647,2050
13108,r2i1p1f1,2050,11,21,29.36155704992416,9.008481,2.4439862,2050
13109,r2i1p1f1,2050,11,22,73.46634859131882,10.684353,4.9554677,2050
13110,r2i1p1f1,2050,11,23,27.542685017215263,9.923641,-1.7385714,2050
13111,r2i1p1f1,2050,11,24,2.6046250956994754,7.4989896,-1.5064719,2050
13112,r2i1p1f1,2050,11,25,0.0,10.81724,0.6342977,2050
13113,r2i1p1f1,2050,11,26,30.30813935038168,10.200647,2.6830442,2050
13114,r2i1p1f1,2050,11,27,1.2913053872011915,10.218158,0.57221234,2050
13115,r2i1p1f1,2050,11,28,0.0,11.288517,-1.4008751,2050
13116,r2i1p1f1,2050,11,29,12.330938528180013,10.648045,-0.8930037,2050
13117,r2i1p1f1,2050,11,30,7.522187789621171,7.6613345,1.0335187,2050
13118,r2i1p1f1,2050,12,01,0.0,10.920485,-0.45758486,2050
13119,r2i1p1f1,2050,12,02,0.0,12.977423,0.95955443,2050
13120,r2i1p1f1,2050,12,03,0.0,13.385325,2.2015166,2050
13121,r2i1p1f1,2050,12,04,0.0,13.80511,3.0686178,2050
13122,r2i1p1f1,2050,12,05,0.0,15.249207,3.354748,2050
13123,r2i1p1f1,2050,12,06,0.0,13.600841,4.5515485,2050
13124,r2i1p1f1,2050,12,07,0.0,15.688519,3.9872246,2050
13125,r2i1p1f1,2050,12,08,0.0,15.616806,3.7962358,2050
13126,r2i1p1f1,2050,12,09,0.0,15.5136,3.7570944,2050
13127,r2i1p1f1,2050,12,10,0.0,14.962153,3.6682892,2050
13128,r2i1p1f1,2050,12,11,0.0,14.580499,3.8074675,2050
13129,r2i1p1f1,2050,12,12,0.0,16.214182,4.826986,2050
13130,r2i1p1f1,2050,12,13,0.0,17.231539,5.259496,2050
13131,r2i1p1f1,2050,12,14,0.0,17.004827,5.1010423,2050
13132,r2i1p1f1,2050,12,15,0.0,18.920208,7.0368967,2050
13133,r2i1p1f1,2050,12,16,0.0,19.225826,7.3499756,2050
13134,r2i1p1f1,2050,12,17,0.0,17.498177,6.242012,2050
13135,r2i1p1f1,2050,12,18,0.0,16.298367,4.7317405,2050
13136,r2i1p1f1,2050,12,19,0.0,13.209028,0.19029962,2050
13137,r2i1p1f1,2050,12,20,0.0,12.28936,0.6956133,2050
13138,r2i1p1f1,2050,12,21,0.0,11.847556,1.2370276,2050
13139,r2i1p1f1,2050,12,22,0.012127298623454408,11.46984,-0.80481714,2050
13140,r2i1p1f1,2050,12,23,8.757101705737114,9.57205,0.95914394,2050
13141,r2i1p1f1,2050,12,24,50.23822809380363,9.733527,2.497041,2050
13142,r2i1p1f1,2050,12,25,32.77426786680735,11.517803,6.12217,2050
13143,r2i1p1f1,2050,12,26,26.320228439726634,11.66086,6.479943,2050
13144,r2i1p1f1,2050,12,27,31.171014727078727,12.918713,7.3018622,2050
13145,r2i1p1f1,2050,12,28,36.90339164531906,12.869629,4.354332,2050
13146,r2i1p1f1,2050,12,29,3.8710595229701994,9.916447,1.0178773,2050
13147,r2i1p1f1,2050,12,30,0.00020272769916118705,7.519883,-0.28771698,2050
13148,r2i1p1f1,2050,12,31,11.591833647526073,8.485031,0.26253211,2050
13149,r2i1p1f1,2051,01,01,6.546313536875914,9.089656,-2.1083677,2051
13150,r2i1p1f1,2051,01,02,7.464078825614706,6.891186,1.6012217,2051
13151,r2i1p1f1,2051,01,03,5.403879386437893,6.9587154,1.2764295,2051
13152,r2i1p1f1,2051,01,04,0.0,5.3167286,-4.2596483,2051
13153,r2i1p1f1,2051,01,05,0.0,7.3852496,-2.5132215,2051
13154,r2i1p1f1,2051,01,06,0.0,7.459514,-2.6687965,2051
13155,r2i1p1f1,2051,01,07,0.0,10.33616,-2.6865108,2051
13156,r2i1p1f1,2051,01,08,0.0,10.100451,-1.3575015,2051
13157,r2i1p1f1,2051,01,09,44.117110997467535,7.58494,3.7638426,2051
13158,r2i1p1f1,2051,01,10,0.0,8.953088,-0.27057907,2051
13159,r2i1p1f1,2051,01,11,0.0,11.20126,-0.6101731,2051
13160,r2i1p1f1,2051,01,12,0.0,12.03964,0.53579926,2051
13161,r2i1p1f1,2051,01,13,0.0,12.909566,0.98512906,2051
13162,r2i1p1f1,2051,01,14,0.0,13.723608,1.8162398,2051
13163,r2i1p1f1,2051,01,15,0.0,14.521351,3.098572,2051
13164,r2i1p1f1,2051,01,16,0.0,15.683197,3.773625,2051
13165,r2i1p1f1,2051,01,17,0.0,16.678204,4.433278,2051
13166,r2i1p1f1,2051,01,18,0.0,15.218124,2.811435,2051
13167,r2i1p1f1,2051,01,19,38.268484131549485,10.722867,2.6223576,2051
13168,r2i1p1f1,2051,01,20,76.25183175769052,12.397025,6.510591,2051
13169,r2i1p1f1,2051,01,21,29.628465929272352,15.430773,8.7656145,2051
13170,r2i1p1f1,2051,01,22,45.05394950901973,14.225596,9.693892,2051
13171,r2i1p1f1,2051,01,23,5.695459410516435,11.166813,2.5498638,2051
13172,r2i1p1f1,2051,01,24,0.07826287135799248,8.874266,-1.2260087,2051
13173,r2i1p1f1,2051,01,25,0.0,10.78326,-1.3199632,2051
13174,r2i1p1f1,2051,01,26,0.0,14.265283,2.3771594,2051
13175,r2i1p1f1,2051,01,27,0.0,18.033852,5.5188117,2051
13176,r2i1p1f1,2051,01,28,0.0,18.993881,7.499009,2051
13177,r2i1p1f1,2051,01,29,0.0,20.173498,6.967619,2051
13178,r2i1p1f1,2051,01,30,0.0,19.141663,7.326334,2051
13179,r2i1p1f1,2051,01,31,0.0,19.209858,7.4642053,2051
13180,r2i1p1f1,2051,02,01,0.0,19.758844,7.01961,2051
13181,r2i1p1f1,2051,02,02,0.0,19.82584,6.72316,2051
13182,r2i1p1f1,2051,02,03,0.0,20.326078,6.8142643,2051
13183,r2i1p1f1,2051,02,04,0.0,19.972294,6.7471733,2051
13184,r2i1p1f1,2051,02,05,0.0,20.322227,6.764089,2051
13185,r2i1p1f1,2051,02,06,0.0,20.502663,7.9100604,2051
13186,r2i1p1f1,2051,02,07,0.0,20.951994,6.427819,2051
13187,r2i1p1f1,2051,02,08,0.0,20.250248,5.3191843,2051
13188,r2i1p1f1,2051,02,09,0.0,10.074792,-1.7814873,2051
13189,r2i1p1f1,2051,02,10,0.0,9.511654,-2.1787577,2051
13190,r2i1p1f1,2051,02,11,0.0,9.758004,-0.66001725,2051
13191,r2i1p1f1,2051,02,12,0.0,10.647781,-0.98594964,2051
13192,r2i1p1f1,2051,02,13,0.0,12.420581,-0.74929965,2051
13193,r2i1p1f1,2051,02,14,0.1962119781637739,12.729891,0.5318401,2051
13194,r2i1p1f1,2051,02,15,15.215885048746713,7.698715,2.7646482,2051
13195,r2i1p1f1,2051,02,16,0.19262939892996656,5.394144,-6.7564907,2051
13196,r2i1p1f1,2051,02,17,0.0,4.7341685,-7.8897715,2051
13197,r2i1p1f1,2051,02,18,0.0,5.9355593,-4.684222,2051
13198,r2i1p1f1,2051,02,19,0.0,7.452312,-3.570616,2051
13199,r2i1p1f1,2051,02,20,0.0,10.33042,-1.4717361,2051
13200,r2i1p1f1,2051,02,21,0.0,12.651346,-0.18737729,2051
13201,r2i1p1f1,2051,02,22,0.0,14.354338,0.3437921,2051
13202,r2i1p1f1,2051,02,23,0.0,15.611915,2.607184,2051
13203,r2i1p1f1,2051,02,24,6.218583580056247,15.010469,4.278336,2051
13204,r2i1p1f1,2051,02,25,33.874716764330515,13.233077,2.943164,2051
13205,r2i1p1f1,2051,02,26,6.059745114373527,12.234188,1.821173,2051
13206,r2i1p1f1,2051,02,27,30.418623530931654,10.145375,3.785951,2051
13207,r2i1p1f1,2051,02,28,18.941509502656118,9.479684,1.7335981,2051
13208,r2i1p1f1,2051,03,01,0.05714702087971091,8.591226,-1.3619957,2051
13209,r2i1p1f1,2051,03,02,0.24269250181987445,8.266903,-2.6964982,2051
13210,r2i1p1f1,2051,03,03,3.8299238969329963,8.347293,-0.46280178,2051
13211,r2i1p1f1,2051,03,04,13.74511945168706,10.7352085,-1.3579897,2051
13212,r2i1p1f1,2051,03,05,4.267360845557278,9.824605,-5.065952,2051
13213,r2i1p1f1,2051,03,06,31.85439331064117,11.066069,3.7704535,2051
13214,r2i1p1f1,2051,03,07,0.06985991412875592,12.790894,1.1849637,2051
13215,r2i1p1f1,2051,03,08,0.0,12.67112,2.6621065,2051
13216,r2i1p1f1,2051,03,09,0.0,17.816618,1.9818647,2051
13217,r2i1p1f1,2051,03,10,0.0,18.588203,3.0486422,2051
13218,r2i1p1f1,2051,03,11,0.0,19.359068,5.761768,2051
13219,r2i1p1f1,2051,03,12,0.0,18.92153,3.5974393,2051
13220,r2i1p1f1,2051,03,13,0.0,19.410906,4.508183,2051
13221,r2i1p1f1,2051,03,14,0.0,19.780796,4.188017,2051
13222,r2i1p1f1,2051,03,15,0.0,14.78043,6.4644213,2051
13223,r2i1p1f1,2051,03,16,17.15233205113691,15.477103,5.5645056,2051
13224,r2i1p1f1,2051,03,17,0.0,17.348228,2.172824,2051
13225,r2i1p1f1,2051,03,18,0.0,19.538593,2.5013382,2051
13226,r2i1p1f1,2051,03,19,2.5718104812881393,17.900995,3.0363169,2051
13227,r2i1p1f1,2051,03,20,4.938851345258399,11.397841,6.378851,2051
13228,r2i1p1f1,2051,03,21,1.3252916846340668,12.454926,2.704482,2051
13229,r2i1p1f1,2051,03,22,0.0,17.485884,0.7659678,2051
13230,r2i1p1f1,2051,03,23,0.0,18.22311,2.6909451,2051
13231,r2i1p1f1,2051,03,24,0.0,18.951515,3.6427197,2051
13232,r2i1p1f1,2051,03,25,0.0,17.814297,1.2231816,2051
13233,r2i1p1f1,2051,03,26,3.3587511992664076,13.266359,4.896781,2051
13234,r2i1p1f1,2051,03,27,16.70014676556093,12.642399,6.2697535,2051
13235,r2i1p1f1,2051,03,28,3.170206388773522,14.52888,3.537195,2051
13236,r2i1p1f1,2051,03,29,0.05636296205011604,14.796356,3.507653,2051
13237,r2i1p1f1,2051,03,30,0.0,16.31938,2.2670984,2051
13238,r2i1p1f1,2051,03,31,0.0,19.944832,2.3395076,2051
13239,r2i1p1f1,2051,04,01,0.0,21.544725,5.2794175,2051
13240,r2i1p1f1,2051,04,02,0.0,24.123772,7.585422,2051
13241,r2i1p1f1,2051,04,03,0.0,24.225563,7.646858,2051
13242,r2i1p1f1,2051,04,04,0.1249241394020828,19.825077,6.1409125,2051
13243,r2i1p1f1,2051,04,05,4.142190158336234,9.989348,0.9455306,2051
13244,r2i1p1f1,2051,04,06,11.89890569094132,7.050045,0.54165274,2051
13245,r2i1p1f1,2051,04,07,0.0,14.528815,0.4943437,2051
13246,r2i1p1f1,2051,04,08,0.0,19.901001,1.584371,2051
13247,r2i1p1f1,2051,04,09,0.0,20.717804,6.7735558,2051
13248,r2i1p1f1,2051,04,10,0.0,23.108358,8.688703,2051
13249,r2i1p1f1,2051,04,11,0.0,29.333015,11.168696,2051
13250,r2i1p1f1,2051,04,12,0.0,31.038185,12.244629,2051
13251,r2i1p1f1,2051,04,13,0.0,30.130615,12.377041,2051
13252,r2i1p1f1,2051,04,14,0.0,26.44994,10.527874,2051
13253,r2i1p1f1,2051,04,15,0.0,21.340237,6.0331907,2051
13254,r2i1p1f1,2051,04,16,0.0,17.11309,2.1052876,2051
13255,r2i1p1f1,2051,04,17,32.91305298844236,15.134312,1.835383,2051
13256,r2i1p1f1,2051,04,18,12.598041693672712,7.296508,-1.0382059,2051
13257,r2i1p1f1,2051,04,19,0.0,12.837696,-4.5340877,2051
13258,r2i1p1f1,2051,04,20,0.0,17.11793,0.42320272,2051
13259,r2i1p1f1,2051,04,21,0.0,19.027666,3.0084097,2051
13260,r2i1p1f1,2051,04,22,0.0,20.139635,5.014949,2051
13261,r2i1p1f1,2051,04,23,0.04601534706125676,17.351841,2.3947096,2051
13262,r2i1p1f1,2051,04,24,17.103862424028193,11.506312,1.3823768,2051
13263,r2i1p1f1,2051,04,25,0.0,14.620296,0.118137255,2051
13264,r2i1p1f1,2051,04,26,0.0,18.69344,2.1902494,2051
13265,r2i1p1f1,2051,04,27,0.0,21.621775,3.1646626,2051
13266,r2i1p1f1,2051,04,28,0.0,22.72759,6.19469,2051
13267,r2i1p1f1,2051,04,29,0.0,24.150545,6.6712976,2051
13268,r2i1p1f1,2051,04,30,0.4416607017816432,21.097603,5.2223525,2051
13269,r2i1p1f1,2051,05,01,1.123147836597127,21.78378,5.1817603,2051
13270,r2i1p1f1,2051,05,02,0.0,20.70769,3.8274858,2051
13271,r2i1p1f1,2051,05,03,0.0,24.201347,7.785976,2051
13272,r2i1p1f1,2051,05,04,0.7893916056673334,19.810055,3.842269,2051
13273,r2i1p1f1,2051,05,05,31.04023491123371,18.045647,3.2571373,2051
13274,r2i1p1f1,2051,05,06,5.556110628398869,13.998437,4.057451,2051
13275,r2i1p1f1,2051,05,07,27.59856151224085,13.605969,5.3000474,2051
13276,r2i1p1f1,2051,05,08,10.661613558715999,14.773546,6.632625,2051
13277,r2i1p1f1,2051,05,09,11.99353181607421,14.495357,6.2710695,2051
13278,r2i1p1f1,2051,05,10,0.1596588304209945,18.041218,6.1503806,2051
13279,r2i1p1f1,2051,05,11,0.056335764384130016,18.94671,5.095269,2051
13280,r2i1p1f1,2051,05,12,0.26262176165801066,19.861296,6.8494043,2051
13281,r2i1p1f1,2051,05,13,0.09417661713087,20.659458,8.567509,2051
13282,r2i1p1f1,2051,05,14,0.0,21.059845,7.473609,2051
13283,r2i1p1f1,2051,05,15,0.0,21.751059,6.2464204,2051
13284,r2i1p1f1,2051,05,16,0.0,23.707111,7.754424,2051
13285,r2i1p1f1,2051,05,17,0.0,23.22426,7.0497603,2051
13286,r2i1p1f1,2051,05,18,0.0,21.443413,5.344362,2051
13287,r2i1p1f1,2051,05,19,0.3051558004216304,19.30762,3.8078613,2051
13288,r2i1p1f1,2051,05,20,22.310263266263064,13.683545,5.4552264,2051
13289,r2i1p1f1,2051,05,21,0.0,18.22486,3.320029,2051
13290,r2i1p1f1,2051,05,22,0.0,23.797945,7.5065393,2051
13291,r2i1p1f1,2051,05,23,0.0,27.308712,10.417258,2051
13292,r2i1p1f1,2051,05,24,0.0,27.618828,8.441571,2051
13293,r2i1p1f1,2051,05,25,0.0,18.76656,3.7948656,2051
13294,r2i1p1f1,2051,05,26,0.0,16.845137,2.129787,2051
13295,r2i1p1f1,2051,05,27,0.0,18.936525,3.4640803,2051
13296,r2i1p1f1,2051,05,28,0.0,21.301523,4.6078997,2051
13297,r2i1p1f1,2051,05,29,0.0,25.058546,7.284426,2051
13298,r2i1p1f1,2051,05,30,0.0,24.110619,8.350973,2051
13299,r2i1p1f1,2051,05,31,0.0,27.928246,10.818746,2051
13300,r2i1p1f1,2051,06,01,0.0,30.268724,10.046585,2051
13301,r2i1p1f1,2051,06,02,0.0,28.953299,9.644521,2051
13302,r2i1p1f1,2051,06,03,0.0,28.531942,10.771606,2051
13303,r2i1p1f1,2051,06,04,0.0,27.887537,10.844673,2051
13304,r2i1p1f1,2051,06,05,0.0,30.16172,12.163538,2051
13305,r2i1p1f1,2051,06,06,0.0,31.21238,11.123906,2051
13306,r2i1p1f1,2051,06,07,0.0,31.442793,10.342506,2051
13307,r2i1p1f1,2051,06,08,0.0,31.578865,15.087971,2051
13308,r2i1p1f1,2051,06,09,0.0,32.607513,12.508811,2051
13309,r2i1p1f1,2051,06,10,0.0,32.331482,11.166223,2051
13310,r2i1p1f1,2051,06,11,0.0,30.182905,11.889601,2051
13311,r2i1p1f1,2051,06,12,0.5352550549218904,27.186806,8.348465,2051
13312,r2i1p1f1,2051,06,13,0.006732577639922965,25.528559,9.628959,2051
13313,r2i1p1f1,2051,06,14,0.0,29.209093,11.927913,2051
13314,r2i1p1f1,2051,06,15,0.0,29.01596,13.020115,2051
13315,r2i1p1f1,2051,06,16,0.0,29.918118,15.157366,2051
13316,r2i1p1f1,2051,06,17,0.0,30.59573,12.556662,2051
13317,r2i1p1f1,2051,06,18,0.0,30.167336,14.769769,2051
13318,r2i1p1f1,2051,06,19,0.0,31.919865,14.080766,2051
13319,r2i1p1f1,2051,06,20,0.0,36.99351,16.668705,2051
13320,r2i1p1f1,2051,06,21,0.0,38.755707,20.669739,2051
13321,r2i1p1f1,2051,06,22,0.0,38.99887,19.07085,2051
13322,r2i1p1f1,2051,06,23,0.0,37.30029,17.781288,2051
13323,r2i1p1f1,2051,06,24,0.0,37.517563,18.676117,2051
13324,r2i1p1f1,2051,06,25,0.0,38.658306,20.44352,2051
13325,r2i1p1f1,2051,06,26,0.0,39.95336,20.128632,2051
13326,r2i1p1f1,2051,06,27,0.0,39.535294,21.808271,2051
13327,r2i1p1f1,2051,06,28,0.0,40.36716,23.07546,2051
13328,r2i1p1f1,2051,06,29,0.28409685801307205,40.811924,19.052229,2051
13329,r2i1p1f1,2051,06,30,7.331608936374323,21.578852,3.8847117,2051
13330,r2i1p1f1,2051,07,01,1.2385802564267578,19.558474,7.174469,2051
13331,r2i1p1f1,2051,07,02,0.3951380952571526,22.304422,9.100783,2051
13332,r2i1p1f1,2051,07,03,0.030434882228291826,27.251717,12.012267,2051
13333,r2i1p1f1,2051,07,04,0.0,29.04323,10.362235,2051
13334,r2i1p1f1,2051,07,05,0.0,31.724304,12.943843,2051
13335,r2i1p1f1,2051,07,06,0.0,32.680717,15.790397,2051
13336,r2i1p1f1,2051,07,07,0.0,31.901829,16.718176,2051
13337,r2i1p1f1,2051,07,08,0.0,34.09073,17.512033,2051
13338,r2i1p1f1,2051,07,09,0.0,34.95997,18.594236,2051
13339,r2i1p1f1,2051,07,10,0.0,35.960903,18.61232,2051
13340,r2i1p1f1,2051,07,11,0.0,36.605022,19.469973,2051
13341,r2i1p1f1,2051,07,12,0.0,35.360695,15.372857,2051
13342,r2i1p1f1,2051,07,13,0.0,33.04906,12.506525,2051
13343,r2i1p1f1,2051,07,14,0.2572128018073272,32.73552,15.358707,2051
13344,r2i1p1f1,2051,07,15,0.0,33.491943,16.058481,2051
13345,r2i1p1f1,2051,07,16,0.0,35.595234,17.792572,2051
13346,r2i1p1f1,2051,07,17,0.0,37.49665,18.489122,2051
13347,r2i1p1f1,2051,07,18,0.0,38.87397,19.900995,2051
13348,r2i1p1f1,2051,07,19,0.0,39.989014,21.80552,2051
13349,r2i1p1f1,2051,07,20,0.0,40.796207,22.170815,2051
13350,r2i1p1f1,2051,07,21,0.0,41.757282,23.591076,2051
13351,r2i1p1f1,2051,07,22,0.0,40.880047,24.050196,2051
13352,r2i1p1f1,2051,07,23,0.0,41.571014,23.191143,2051
13353,r2i1p1f1,2051,07,24,0.0,37.06798,15.866468,2051
13354,r2i1p1f1,2051,07,25,0.0,32.410732,12.805912,2051
13355,r2i1p1f1,2051,07,26,0.0,31.775444,12.171169,2051
13356,r2i1p1f1,2051,07,27,0.0,32.998062,12.78781,2051
13357,r2i1p1f1,2051,07,28,0.0,33.629066,12.989966,2051
13358,r2i1p1f1,2051,07,29,0.0,35.157974,15.537225,2051
13359,r2i1p1f1,2051,07,30,0.0,36.056858,17.120527,2051
13360,r2i1p1f1,2051,07,31,0.0,36.660336,16.739986,2051
13361,r2i1p1f1,2051,08,01,0.0,36.07786,15.67715,2051
13362,r2i1p1f1,2051,08,02,0.0,35.032326,15.788969,2051
13363,r2i1p1f1,2051,08,03,0.0,35.18834,17.103252,2051
13364,r2i1p1f1,2051,08,04,0.0,35.193134,15.511573,2051
13365,r2i1p1f1,2051,08,05,0.0,34.28091,13.8610325,2051
13366,r2i1p1f1,2051,08,06,0.0,32.79512,13.836241,2051
13367,r2i1p1f1,2051,08,07,0.0,32.51428,13.629003,2051
13368,r2i1p1f1,2051,08,08,0.0,31.444048,11.961185,2051
13369,r2i1p1f1,2051,08,09,0.0,32.626114,12.218167,2051
13370,r2i1p1f1,2051,08,10,0.0,33.596874,14.934381,2051
13371,r2i1p1f1,2051,08,11,0.0037294503272278234,34.855442,17.493492,2051
13372,r2i1p1f1,2051,08,12,0.0,35.63018,18.577644,2051
13373,r2i1p1f1,2051,08,13,0.0,36.65446,17.773136,2051
13374,r2i1p1f1,2051,08,14,0.0,36.182243,17.590652,2051
13375,r2i1p1f1,2051,08,15,11.771836315392648,30.685228,10.43119,2051
13376,r2i1p1f1,2051,08,16,7.890634521322681,20.180883,6.4953213,2051
13377,r2i1p1f1,2051,08,17,0.0,24.587337,8.451291,2051
13378,r2i1p1f1,2051,08,18,0.0,24.897245,7.673066,2051
13379,r2i1p1f1,2051,08,19,0.0,24.409895,8.02364,2051
13380,r2i1p1f1,2051,08,20,0.0,27.960737,9.49668,2051
13381,r2i1p1f1,2051,08,21,0.0,29.033823,10.802514,2051
13382,r2i1p1f1,2051,08,22,0.0,29.54364,10.066686,2051
13383,r2i1p1f1,2051,08,23,0.0,29.42824,9.106129,2051
13384,r2i1p1f1,2051,08,24,0.0,28.123652,9.306116,2051
13385,r2i1p1f1,2051,08,25,0.0,29.820007,11.815105,2051
13386,r2i1p1f1,2051,08,26,0.0,31.660807,13.656884,2051
13387,r2i1p1f1,2051,08,27,0.0,35.522675,17.640015,2051
13388,r2i1p1f1,2051,08,28,0.0,36.927616,17.374903,2051
13389,r2i1p1f1,2051,08,29,0.0,35.9723,17.394302,2051
13390,r2i1p1f1,2051,08,30,0.0,35.644295,18.098272,2051
13391,r2i1p1f1,2051,08,31,0.0,37.327297,20.259163,2051
13392,r2i1p1f1,2051,09,01,0.0,37.66373,20.63337,2051
13393,r2i1p1f1,2051,09,02,0.005796269397251308,39.066563,20.352142,2051
13394,r2i1p1f1,2051,09,03,0.005180220250622369,36.32634,17.720253,2051
13395,r2i1p1f1,2051,09,04,1.2857125691994042,28.907793,9.858782,2051
13396,r2i1p1f1,2051,09,05,0.0,31.062021,16.333435,2051
13397,r2i1p1f1,2051,09,06,0.0,33.45511,19.061869,2051
13398,r2i1p1f1,2051,09,07,2.057558881017485,34.562363,17.637165,2051
13399,r2i1p1f1,2051,09,08,2.807462072286171,35.426113,17.783339,2051
13400,r2i1p1f1,2051,09,09,0.0576778959953117,34.990356,18.075363,2051
13401,r2i1p1f1,2051,09,10,0.0,35.214714,17.57653,2051
13402,r2i1p1f1,2051,09,11,0.0,35.173244,18.00576,2051
13403,r2i1p1f1,2051,09,12,0.008355925274372566,35.571426,18.009457,2051
13404,r2i1p1f1,2051,09,13,0.0,34.123177,16.118464,2051
13405,r2i1p1f1,2051,09,14,0.0,32.07808,13.001333,2051
13406,r2i1p1f1,2051,09,15,0.0,26.474516,8.015562,2051
13407,r2i1p1f1,2051,09,16,0.0,22.65657,6.2332497,2051
13408,r2i1p1f1,2051,09,17,0.0,25.927773,7.927331,2051
13409,r2i1p1f1,2051,09,18,0.0,28.136412,12.811261,2051
13410,r2i1p1f1,2051,09,19,0.0,29.798632,13.480463,2051
13411,r2i1p1f1,2051,09,20,0.0,34.324326,16.539558,2051
13412,r2i1p1f1,2051,09,21,0.0,35.86037,18.538755,2051
13413,r2i1p1f1,2051,09,22,0.0,37.12223,19.58412,2051
13414,r2i1p1f1,2051,09,23,0.0,37.69174,20.150282,2051
13415,r2i1p1f1,2051,09,24,0.0,38.014706,20.327202,2051
13416,r2i1p1f1,2051,09,25,0.0,38.036148,20.668892,2051
13417,r2i1p1f1,2051,09,26,0.0,37.08674,18.716087,2051
13418,r2i1p1f1,2051,09,27,0.0,31.802202,14.417736,2051
13419,r2i1p1f1,2051,09,28,0.0,22.997221,6.111,2051
13420,r2i1p1f1,2051,09,29,0.0,20.16869,2.9986477,2051
13421,r2i1p1f1,2051,09,30,0.0,20.618034,2.8484344,2051
13422,r2i1p1f1,2051,10,01,0.0,16.04218,5.4863453,2051
13423,r2i1p1f1,2051,10,02,0.0,19.847906,3.4879756,2051
13424,r2i1p1f1,2051,10,03,0.0,21.31269,4.964189,2051
13425,r2i1p1f1,2051,10,04,0.0,22.631227,6.2668858,2051
13426,r2i1p1f1,2051,10,05,0.0,24.112103,8.17267,2051
13427,r2i1p1f1,2051,10,06,0.0,24.848598,8.485561,2051
13428,r2i1p1f1,2051,10,07,0.0,26.900743,10.000959,2051
13429,r2i1p1f1,2051,10,08,0.0,28.237827,11.352719,2051
13430,r2i1p1f1,2051,10,09,0.05362168394640321,27.820381,12.0269,2051
13431,r2i1p1f1,2051,10,10,0.0,28.319857,14.247585,2051
13432,r2i1p1f1,2051,10,11,0.0,29.443155,13.244511,2051
13433,r2i1p1f1,2051,10,12,0.0,30.462667,12.379863,2051
13434,r2i1p1f1,2051,10,13,0.0,25.411785,8.761416,2051
13435,r2i1p1f1,2051,10,14,0.0,23.435099,8.006318,2051
13436,r2i1p1f1,2051,10,15,0.0,23.75896,8.46462,2051
13437,r2i1p1f1,2051,10,16,0.0,24.318855,8.362701,2051
13438,r2i1p1f1,2051,10,17,0.0,25.224842,9.97411,2051
13439,r2i1p1f1,2051,10,18,0.0,25.491781,11.48498,2051
13440,r2i1p1f1,2051,10,19,0.0,27.457148,12.500396,2051
13441,r2i1p1f1,2051,10,20,0.0,27.54998,9.9944935,2051
13442,r2i1p1f1,2051,10,21,0.0,25.070938,9.925053,2051
13443,r2i1p1f1,2051,10,22,0.0,26.285444,11.124432,2051
13444,r2i1p1f1,2051,10,23,0.0,26.700508,10.296825,2051
13445,r2i1p1f1,2051,10,24,0.0,26.510803,8.156849,2051
13446,r2i1p1f1,2051,10,25,0.0,20.745188,4.10391,2051
13447,r2i1p1f1,2051,10,26,2.120649764515292,15.893862,4.7912965,2051
13448,r2i1p1f1,2051,10,27,0.13960911987851432,17.162264,4.2749176,2051
13449,r2i1p1f1,2051,10,28,0.0,15.092813,2.7109325,2051
13450,r2i1p1f1,2051,10,29,4.119278339146604,12.965727,5.784145,2051
13451,r2i1p1f1,2051,10,30,0.0,11.6520815,-0.10327567,2051
13452,r2i1p1f1,2051,10,31,4.39482210551887,11.253529,0.014569653,2051
13453,r2i1p1f1,2051,11,01,64.53712216462009,8.606037,5.8694954,2051
13454,r2i1p1f1,2051,11,02,0.0766890212389626,13.061894,3.7025404,2051
13455,r2i1p1f1,2051,11,03,0.0,15.999241,2.5450957,2051
13456,r2i1p1f1,2051,11,04,0.0,16.56127,3.4259717,2051
13457,r2i1p1f1,2051,11,05,12.643109623604687,14.585652,5.7402015,2051
13458,r2i1p1f1,2051,11,06,0.3549255403072493,11.601305,3.012989,2051
13459,r2i1p1f1,2051,11,07,0.0,12.684935,0.9982229,2051
13460,r2i1p1f1,2051,11,08,8.200615744988227,11.130468,2.6708896,2051
13461,r2i1p1f1,2051,11,09,30.957514441979583,11.278637,4.7870045,2051
13462,r2i1p1f1,2051,11,10,20.104770357465895,11.163091,4.8432174,2051
13463,r2i1p1f1,2051,11,11,23.16661063232459,10.822897,4.877703,2051
13464,r2i1p1f1,2051,11,12,12.238625189399954,11.3616085,3.1453724,2051
13465,r2i1p1f1,2051,11,13,9.326090784770713,8.401484,1.9677827,2051
13466,r2i1p1f1,2051,11,14,0.0,9.361287,0.2636669,2051
13467,r2i1p1f1,2051,11,15,6.2507501145546485,9.132551,2.019836,2051
13468,r2i1p1f1,2051,11,16,40.51041322527453,11.165329,1.7217906,2051
13469,r2i1p1f1,2051,11,17,0.0,12.200084,-1.9451288,2051
13470,r2i1p1f1,2051,11,18,0.0,12.602165,0.4658395,2051
13471,r2i1p1f1,2051,11,19,21.356511678732204,7.621762,2.4277112,2051
13472,r2i1p1f1,2051,11,20,41.41265517719148,8.48753,3.0238657,2051
13473,r2i1p1f1,2051,11,21,72.7366420578619,9.711966,4.379653,2051
13474,r2i1p1f1,2051,11,22,30.625251855417446,10.3272,-2.3225412,2051
13475,r2i1p1f1,2051,11,23,0.004670685802921071,11.292533,-1.703659,2051
13476,r2i1p1f1,2051,11,24,0.0,11.229868,1.591167,2051
13477,r2i1p1f1,2051,11,25,16.970620349093224,7.883561,1.4041348,2051
13478,r2i1p1f1,2051,11,26,43.12040127624641,7.4746747,2.8623757,2051
13479,r2i1p1f1,2051,11,27,0.0,8.471325,-3.6651726,2051
13480,r2i1p1f1,2051,11,28,0.0,11.385831,1.195997,2051
13481,r2i1p1f1,2051,11,29,0.7434742198185518,10.832585,3.4256663,2051
13482,r2i1p1f1,2051,11,30,41.3486657977046,11.149707,5.499557,2051
13483,r2i1p1f1,2051,12,01,0.004162580808042549,12.627629,1.366833,2051
13484,r2i1p1f1,2051,12,02,47.35271496538189,9.339206,3.7370377,2051
13485,r2i1p1f1,2051,12,03,15.47370817547744,10.907299,0.12674952,2051
13486,r2i1p1f1,2051,12,04,0.0,12.45923,0.15712616,2051
13487,r2i1p1f1,2051,12,05,0.0,13.284096,0.49938664,2051
13488,r2i1p1f1,2051,12,06,4.8754213573829475,9.065626,2.1958203,2051
13489,r2i1p1f1,2051,12,07,33.41209594000247,10.717899,4.2657223,2051
13490,r2i1p1f1,2051,12,08,43.5156475083204,10.80846,3.7853956,2051
13491,r2i1p1f1,2051,12,09,0.17729250889146897,8.114197,-0.29146045,2051
13492,r2i1p1f1,2051,12,10,0.21737806745250055,7.794353,3.1251576,2051
13493,r2i1p1f1,2051,12,11,5.60596488533065,10.942751,3.4821424,2051
13494,r2i1p1f1,2051,12,12,0.9383723637824914,13.32383,3.9795718,2051
13495,r2i1p1f1,2051,12,13,20.511295717733447,12.991072,3.4891276,2051
13496,r2i1p1f1,2051,12,14,16.11860787634214,11.514923,5.7375355,2051
13497,r2i1p1f1,2051,12,15,2.310057595281023,10.5659895,3.8619194,2051
13498,r2i1p1f1,2051,12,16,3.232282138685605,11.189826,4.5295773,2051
13499,r2i1p1f1,2051,12,17,5.800068050666596,12.379642,7.4485135,2051
13500,r2i1p1f1,2051,12,18,0.0,15.781139,3.690623,2051
13501,r2i1p1f1,2051,12,19,0.0,20.01278,6.0096116,2051
13502,r2i1p1f1,2051,12,20,0.008881929312565262,20.2054,6.3145485,2051
13503,r2i1p1f1,2051,12,21,28.493347820767667,10.243059,5.209613,2051
13504,r2i1p1f1,2051,12,22,50.202074184198864,9.940384,4.7973404,2051
13505,r2i1p1f1,2051,12,23,35.91413107533299,9.610968,3.8310568,2051
13506,r2i1p1f1,2051,12,24,21.747208329725254,11.498718,5.7402477,2051
13507,r2i1p1f1,2051,12,25,7.455687597916949,12.523121,7.5236707,2051
13508,r2i1p1f1,2051,12,26,0.824038579912667,13.783885,5.376089,2051
13509,r2i1p1f1,2051,12,27,30.340738326776773,13.693682,5.14006,2051
13510,r2i1p1f1,2051,12,28,3.5984775265205826,12.656534,1.2684674,2051
13511,r2i1p1f1,2051,12,29,0.0,9.601392,1.2947233,2051
13512,r2i1p1f1,2051,12,30,1.3076638404385221,8.504254,1.9847732,2051
13513,r2i1p1f1,2051,12,31,22.287172696815105,8.349357,1.3952523,2051
13514,r2i1p1f1,2052,01,01,39.96344244442298,8.0268545,3.569725,2052
13515,r2i1p1f1,2052,01,02,5.8759146473221335,8.188436,3.4222233,2052
13516,r2i1p1f1,2052,01,03,0.0,11.396212,-0.19877958,2052
13517,r2i1p1f1,2052,01,04,0.0,11.935508,1.5605545,2052
13518,r2i1p1f1,2052,01,05,0.11976252120575737,10.729241,0.9430697,2052
13519,r2i1p1f1,2052,01,06,0.5771581321880603,10.135872,1.2518069,2052
13520,r2i1p1f1,2052,01,07,16.797859319376585,7.995018,2.8107877,2052
13521,r2i1p1f1,2052,01,08,5.068437933459791,6.4038305,0.3587024,2052
13522,r2i1p1f1,2052,01,09,4.434652664713212,8.02795,-0.70725477,2052
13523,r2i1p1f1,2052,01,10,0.06510600134106426,10.841046,1.5808201,2052
13524,r2i1p1f1,2052,01,11,0.0,10.291908,-0.43952805,2052
13525,r2i1p1f1,2052,01,12,0.0,9.831338,0.69811994,2052
13526,r2i1p1f1,2052,01,13,0.0,10.667979,-1.3089871,2052
13527,r2i1p1f1,2052,01,14,0.0,10.772468,0.10150782,2052
13528,r2i1p1f1,2052,01,15,0.24977607886000897,10.621565,2.2582343,2052
13529,r2i1p1f1,2052,01,16,0.0,12.483307,3.5524607,2052
13530,r2i1p1f1,2052,01,17,0.0,14.774163,0.7176237,2052
13531,r2i1p1f1,2052,01,18,0.0,16.636923,2.6387339,2052
13532,r2i1p1f1,2052,01,19,0.0,15.872738,3.1125348,2052
13533,r2i1p1f1,2052,01,20,8.717024899488024,9.913303,4.267272,2052
13534,r2i1p1f1,2052,01,21,0.9675162414680472,9.588352,2.466629,2052
13535,r2i1p1f1,2052,01,22,0.9973090811001839,10.01603,2.639289,2052
13536,r2i1p1f1,2052,01,23,0.0,10.715072,-0.07695648,2052
13537,r2i1p1f1,2052,01,24,0.0,13.764009,1.3002256,2052
13538,r2i1p1f1,2052,01,25,0.0,16.545668,3.8518605,2052
13539,r2i1p1f1,2052,01,26,16.78785828121363,16.238514,4.852825,2052
13540,r2i1p1f1,2052,01,27,22.22018603933975,12.018946,8.22458,2052
13541,r2i1p1f1,2052,01,28,0.0,11.784268,4.1392345,2052
13542,r2i1p1f1,2052,01,29,0.0,12.258819,1.3178699,2052
13543,r2i1p1f1,2052,01,30,0.1435261453792691,12.771698,5.7058406,2052
13544,r2i1p1f1,2052,01,31,0.22750332851728672,12.916419,5.73905,2052
13545,r2i1p1f1,2052,02,01,0.0,15.551075,1.189067,2052
13546,r2i1p1f1,2052,02,02,0.0,15.26721,0.43444252,2052
13547,r2i1p1f1,2052,02,03,0.0,15.618312,3.6043348,2052
13548,r2i1p1f1,2052,02,04,0.0,16.309673,5.323131,2052
13549,r2i1p1f1,2052,02,05,0.0,17.43319,4.2118063,2052
13550,r2i1p1f1,2052,02,06,0.0,19.926128,4.7168255,2052
13551,r2i1p1f1,2052,02,07,0.2856725949641259,17.375423,4.170544,2052
13552,r2i1p1f1,2052,02,08,0.013666203631146345,13.274359,4.001858,2052
13553,r2i1p1f1,2052,02,09,0.0,14.108856,1.267495,2052
13554,r2i1p1f1,2052,02,10,1.3288243277656875,14.3515215,2.657539,2052
13555,r2i1p1f1,2052,02,11,12.218433006455598,9.774241,2.8712802,2052
13556,r2i1p1f1,2052,02,12,0.0,10.3144865,-0.10412894,2052
13557,r2i1p1f1,2052,02,13,0.0,12.453795,1.0355315,2052
13558,r2i1p1f1,2052,02,14,0.03543017360243539,11.361505,-0.282851,2052
13559,r2i1p1f1,2052,02,15,3.909373574174424,8.839173,1.1768663,2052
13560,r2i1p1f1,2052,02,16,0.0,11.14114,1.5124251,2052
13561,r2i1p1f1,2052,02,17,0.0,16.600332,2.8634937,2052
13562,r2i1p1f1,2052,02,18,0.0,17.207867,4.6777477,2052
13563,r2i1p1f1,2052,02,19,0.09155895108960976,15.013716,4.1647844,2052
13564,r2i1p1f1,2052,02,20,0.05637055484157827,12.953258,2.7986832,2052
13565,r2i1p1f1,2052,02,21,0.0,14.648202,4.1809673,2052
13566,r2i1p1f1,2052,02,22,0.0,17.824348,4.3426185,2052
13567,r2i1p1f1,2052,02,23,0.0,18.605154,5.8918915,2052
13568,r2i1p1f1,2052,02,24,0.0,15.894638,3.9566329,2052
13569,r2i1p1f1,2052,02,25,0.01633115593904222,16.26454,5.075353,2052
13570,r2i1p1f1,2052,02,26,0.09907311591916823,16.076687,5.3552217,2052
13571,r2i1p1f1,2052,02,27,0.011995569730061106,15.792563,4.3725114,2052
13572,r2i1p1f1,2052,02,28,0.02963774795716745,10.95821,1.0348922,2052
13573,r2i1p1f1,2052,02,29,0.0,11.263548,0.56288326,2052
13574,r2i1p1f1,2052,03,01,0.0,13.24178,-1.8249258,2052
13575,r2i1p1f1,2052,03,02,0.0,16.093569,0.30854517,2052
13576,r2i1p1f1,2052,03,03,0.0,15.425195,2.3492935,2052
13577,r2i1p1f1,2052,03,04,0.0,18.022469,2.225585,2052
13578,r2i1p1f1,2052,03,05,0.0,20.020906,3.505488,2052
13579,r2i1p1f1,2052,03,06,0.0,22.544453,5.9671187,2052
13580,r2i1p1f1,2052,03,07,0.02045645705948118,23.419365,7.9870453,2052
13581,r2i1p1f1,2052,03,08,0.0,20.905313,6.070264,2052
13582,r2i1p1f1,2052,03,09,0.0,16.395155,4.4752088,2052
13583,r2i1p1f1,2052,03,10,0.0,15.312084,2.1327374,2052
13584,r2i1p1f1,2052,03,11,0.0,16.717373,0.92193097,2052
13585,r2i1p1f1,2052,03,12,0.0,16.88898,1.1663442,2052
13586,r2i1p1f1,2052,03,13,2.0390794667605405,17.681032,5.7763453,2052
13587,r2i1p1f1,2052,03,14,3.7805891033599437,12.344975,3.9354422,2052
13588,r2i1p1f1,2052,03,15,10.428230441084452,9.174511,-1.575471,2052
13589,r2i1p1f1,2052,03,16,0.0,11.646344,-3.163795,2052
13590,r2i1p1f1,2052,03,17,0.0,12.623205,-1.6731461,2052
13591,r2i1p1f1,2052,03,18,8.234747448454982,9.620611,-0.063816175,2052
13592,r2i1p1f1,2052,03,19,0.0,14.771693,-0.62938565,2052
13593,r2i1p1f1,2052,03,20,0.0,16.302792,1.1061711,2052
13594,r2i1p1f1,2052,03,21,0.0,17.841118,1.2513968,2052
13595,r2i1p1f1,2052,03,22,0.0,19.438393,2.7797077,2052
13596,r2i1p1f1,2052,03,23,0.0,18.307955,5.3368626,2052
13597,r2i1p1f1,2052,03,24,0.0,22.91151,8.082387,2052
13598,r2i1p1f1,2052,03,25,0.0,24.601858,6.8832617,2052
13599,r2i1p1f1,2052,03,26,6.251379289142278,18.163084,0.781884,2052
13600,r2i1p1f1,2052,03,27,12.099450489995434,10.088301,5.2717853,2052
13601,r2i1p1f1,2052,03,28,0.0,15.94232,-0.374506,2052
13602,r2i1p1f1,2052,03,29,0.0,18.328873,1.4398752,2052
13603,r2i1p1f1,2052,03,30,0.0,21.925734,5.4159026,2052
13604,r2i1p1f1,2052,03,31,0.0,23.258234,7.262318,2052
13605,r2i1p1f1,2052,04,01,0.0,27.313753,10.168814,2052
13606,r2i1p1f1,2052,04,02,0.0,27.452454,10.437641,2052
13607,r2i1p1f1,2052,04,03,0.0,27.109844,9.409428,2052
13608,r2i1p1f1,2052,04,04,0.0,25.54899,8.635824,2052
13609,r2i1p1f1,2052,04,05,0.0,20.614677,2.276517,2052
13610,r2i1p1f1,2052,04,06,0.0,17.78945,-0.28147474,2052
13611,r2i1p1f1,2052,04,07,4.234833592909126,5.6321416,-2.324481,2052
13612,r2i1p1f1,2052,04,08,12.249245561497446,3.3069453,-1.563407,2052
13613,r2i1p1f1,2052,04,09,0.009506206424703123,11.294769,-4.927163,2052
13614,r2i1p1f1,2052,04,10,0.0,14.509403,-1.4216982,2052
13615,r2i1p1f1,2052,04,11,0.0,17.540646,1.3183465,2052
13616,r2i1p1f1,2052,04,12,0.0,20.691334,2.7859633,2052
13617,r2i1p1f1,2052,04,13,0.0,21.883667,4.803916,2052
13618,r2i1p1f1,2052,04,14,0.0,24.131033,6.225437,2052
13619,r2i1p1f1,2052,04,15,0.0,24.703669,6.5791073,2052
13620,r2i1p1f1,2052,04,16,0.01005009207801777,22.622692,7.8942313,2052
13621,r2i1p1f1,2052,04,17,0.0,21.986975,6.3944926,2052
13622,r2i1p1f1,2052,04,18,0.0,22.478533,5.4949555,2052
13623,r2i1p1f1,2052,04,19,0.10713576608054609,20.773548,5.9606705,2052
13624,r2i1p1f1,2052,04,20,0.0,17.45847,0.9447048,2052
13625,r2i1p1f1,2052,04,21,0.0,17.011568,-0.6113297,2052
13626,r2i1p1f1,2052,04,22,0.0,18.623653,1.6272537,2052
13627,r2i1p1f1,2052,04,23,0.0,21.173887,5.4149237,2052
13628,r2i1p1f1,2052,04,24,0.0,24.512486,6.464627,2052
13629,r2i1p1f1,2052,04,25,0.0,24.24044,5.5338497,2052
13630,r2i1p1f1,2052,04,26,23.935935703684663,14.556425,3.6094856,2052
13631,r2i1p1f1,2052,04,27,1.160046843267537,15.993727,3.6227248,2052
13632,r2i1p1f1,2052,04,28,0.0,23.756727,7.1051598,2052
13633,r2i1p1f1,2052,04,29,0.0,26.15879,8.428722,2052
13634,r2i1p1f1,2052,04,30,0.0,28.802238,10.859539,2052
13635,r2i1p1f1,2052,05,01,0.0,29.582878,12.554047,2052
13636,r2i1p1f1,2052,05,02,0.002963854126392107,26.853085,6.9136486,2052
13637,r2i1p1f1,2052,05,03,0.0,18.258501,2.034387,2052
13638,r2i1p1f1,2052,05,04,0.0,21.143436,6.855434,2052
13639,r2i1p1f1,2052,05,05,0.0,21.319326,5.4055047,2052
13640,r2i1p1f1,2052,05,06,0.0,26.038494,7.2673383,2052
13641,r2i1p1f1,2052,05,07,0.0,28.709673,11.9154215,2052
13642,r2i1p1f1,2052,05,08,0.0,28.65638,11.495592,2052
13643,r2i1p1f1,2052,05,09,0.0,22.859257,5.897501,2052
13644,r2i1p1f1,2052,05,10,0.0,27.03696,9.644243,2052
13645,r2i1p1f1,2052,05,11,0.0,31.890337,15.229072,2052
13646,r2i1p1f1,2052,05,12,0.0,34.47683,17.295954,2052
13647,r2i1p1f1,2052,05,13,0.0,33.86153,15.658373,2052
13648,r2i1p1f1,2052,05,14,0.0,31.635593,11.801228,2052
13649,r2i1p1f1,2052,05,15,0.018397136955172755,29.411032,10.191082,2052
13650,r2i1p1f1,2052,05,16,0.0,23.153673,5.2762723,2052
13651,r2i1p1f1,2052,05,17,0.008144781054397754,19.617895,4.0305557,2052
13652,r2i1p1f1,2052,05,18,0.0,21.733479,6.3411093,2052
13653,r2i1p1f1,2052,05,19,0.0,25.418348,8.231861,2052
13654,r2i1p1f1,2052,05,20,0.0,28.208326,10.964436,2052
13655,r2i1p1f1,2052,05,21,0.0,31.031246,14.692066,2052
13656,r2i1p1f1,2052,05,22,0.0,31.169834,10.878935,2052
13657,r2i1p1f1,2052,05,23,2.4607580316796884,18.048786,-0.73442155,2052
13658,r2i1p1f1,2052,05,24,8.200564594062598,14.594345,6.8878145,2052
13659,r2i1p1f1,2052,05,25,0.0,19.607044,4.7611074,2052
13660,r2i1p1f1,2052,05,26,0.0,26.554775,8.575956,2052
13661,r2i1p1f1,2052,05,27,0.0,29.577488,12.731854,2052
13662,r2i1p1f1,2052,05,28,0.0,31.774235,14.252426,2052
13663,r2i1p1f1,2052,05,29,0.0,32.30169,15.036226,2052
13664,r2i1p1f1,2052,05,30,0.0,32.700863,13.556027,2052
13665,r2i1p1f1,2052,05,31,0.0,33.280716,15.294017,2052
13666,r2i1p1f1,2052,06,01,0.0,33.796806,11.699947,2052
13667,r2i1p1f1,2052,06,02,0.5971959167140994,26.856012,7.5179944,2052
13668,r2i1p1f1,2052,06,03,8.365841650368111,18.159346,4.82836,2052
13669,r2i1p1f1,2052,06,04,3.368403840516976,19.437744,4.998848,2052
13670,r2i1p1f1,2052,06,05,6.01666910783365,20.725014,3.0652816,2052
13671,r2i1p1f1,2052,06,06,18.132641559714102,19.010761,2.6720054,2052
13672,r2i1p1f1,2052,06,07,25.17869955945571,18.263521,3.9282236,2052
13673,r2i1p1f1,2052,06,08,0.6434521129506265,24.448051,10.957796,2052
13674,r2i1p1f1,2052,06,09,0.14937650130377733,29.38378,14.582973,2052
13675,r2i1p1f1,2052,06,10,0.0,28.985222,11.297067,2052
13676,r2i1p1f1,2052,06,11,0.0,27.517334,11.456969,2052
13677,r2i1p1f1,2052,06,12,0.0,29.040707,13.932711,2052
13678,r2i1p1f1,2052,06,13,0.0,29.923746,14.248203,2052
13679,r2i1p1f1,2052,06,14,0.0,27.92263,9.834607,2052
13680,r2i1p1f1,2052,06,15,0.0,29.361162,12.321845,2052
13681,r2i1p1f1,2052,06,16,0.0,32.83121,13.544392,2052
13682,r2i1p1f1,2052,06,17,0.0,33.724964,13.601611,2052
13683,r2i1p1f1,2052,06,18,0.0,32.248352,14.001408,2052
13684,r2i1p1f1,2052,06,19,0.0,28.853672,12.493103,2052
13685,r2i1p1f1,2052,06,20,0.0,29.186354,12.337894,2052
13686,r2i1p1f1,2052,06,21,0.0,30.564322,13.090938,2052
13687,r2i1p1f1,2052,06,22,0.0,32.779533,14.273638,2052
13688,r2i1p1f1,2052,06,23,0.0,33.623238,15.655173,2052
13689,r2i1p1f1,2052,06,24,0.0,35.003323,16.16599,2052
13690,r2i1p1f1,2052,06,25,0.0,35.752728,14.560484,2052
13691,r2i1p1f1,2052,06,26,0.0,36.086933,15.806741,2052
13692,r2i1p1f1,2052,06,27,0.10120348599684803,36.784344,18.102362,2052
13693,r2i1p1f1,2052,06,28,0.0,35.783085,18.016226,2052
13694,r2i1p1f1,2052,06,29,0.0,38.42339,20.51001,2052
13695,r2i1p1f1,2052,06,30,0.0,38.64344,20.873577,2052
13696,r2i1p1f1,2052,07,01,0.04912044184948172,37.467896,16.642694,2052
13697,r2i1p1f1,2052,07,02,0.0,29.804043,16.397745,2052
13698,r2i1p1f1,2052,07,03,0.0,34.51559,17.675058,2052
13699,r2i1p1f1,2052,07,04,0.0,36.82052,18.887909,2052
13700,r2i1p1f1,2052,07,05,0.002513377785362536,37.13132,20.533575,2052
13701,r2i1p1f1,2052,07,06,0.0,37.195713,18.485538,2052
13702,r2i1p1f1,2052,07,07,0.0,36.291138,19.980171,2052
13703,r2i1p1f1,2052,07,08,0.0,37.792057,19.447914,2052
13704,r2i1p1f1,2052,07,09,0.0,36.930973,15.612717,2052
13705,r2i1p1f1,2052,07,10,0.0,34.573296,14.221313,2052
13706,r2i1p1f1,2052,07,11,0.0,31.884922,13.115851,2052
13707,r2i1p1f1,2052,07,12,0.0,30.430891,10.875681,2052
13708,r2i1p1f1,2052,07,13,0.0,29.20296,11.0786295,2052
13709,r2i1p1f1,2052,07,14,0.0,32.3085,14.433033,2052
13710,r2i1p1f1,2052,07,15,0.0,33.85292,15.673267,2052
13711,r2i1p1f1,2052,07,16,0.0,34.455418,16.31401,2052
13712,r2i1p1f1,2052,07,17,0.0,35.170853,16.640526,2052
13713,r2i1p1f1,2052,07,18,0.0,34.63461,14.167675,2052
13714,r2i1p1f1,2052,07,19,0.0,33.706245,15.62253,2052
13715,r2i1p1f1,2052,07,20,0.0,35.572407,17.731153,2052
13716,r2i1p1f1,2052,07,21,0.0,37.11388,19.707634,2052
13717,r2i1p1f1,2052,07,22,0.0,37.8125,18.342674,2052
13718,r2i1p1f1,2052,07,23,0.0,38.501354,18.55467,2052
13719,r2i1p1f1,2052,07,24,0.0,37.791824,18.971397,2052
13720,r2i1p1f1,2052,07,25,0.0,36.4263,16.732105,2052
13721,r2i1p1f1,2052,07,26,0.0,36.062805,15.451819,2052
13722,r2i1p1f1,2052,07,27,0.0,36.18415,16.969398,2052
13723,r2i1p1f1,2052,07,28,0.0,37.623955,20.671204,2052
13724,r2i1p1f1,2052,07,29,0.0,39.730453,21.810701,2052
13725,r2i1p1f1,2052,07,30,0.003830401510640513,40.923386,20.500755,2052
13726,r2i1p1f1,2052,07,31,0.0,35.168003,15.385237,2052
13727,r2i1p1f1,2052,08,01,0.02187784734815068,28.546648,11.143705,2052
13728,r2i1p1f1,2052,08,02,0.0,28.79739,13.033532,2052
13729,r2i1p1f1,2052,08,03,0.0,33.510433,16.425325,2052
13730,r2i1p1f1,2052,08,04,0.0,36.128014,17.621439,2052
13731,r2i1p1f1,2052,08,05,0.0,40.133003,22.492653,2052
13732,r2i1p1f1,2052,08,06,0.0,41.056145,25.09708,2052
13733,r2i1p1f1,2052,08,07,0.026158708624279825,41.070217,20.223982,2052
13734,r2i1p1f1,2052,08,08,0.0,33.44618,14.246711,2052
13735,r2i1p1f1,2052,08,09,0.0,33.880817,15.575969,2052
13736,r2i1p1f1,2052,08,10,0.0,34.270878,14.448613,2052
13737,r2i1p1f1,2052,08,11,0.0,34.80738,18.08602,2052
13738,r2i1p1f1,2052,08,12,0.0,35.98758,21.17118,2052
13739,r2i1p1f1,2052,08,13,0.0,36.583157,22.081654,2052
13740,r2i1p1f1,2052,08,14,0.0,36.846684,17.453384,2052
13741,r2i1p1f1,2052,08,15,0.0,35.955894,17.93351,2052
13742,r2i1p1f1,2052,08,16,0.0,35.40101,15.721385,2052
13743,r2i1p1f1,2052,08,17,0.0,33.554733,13.01465,2052
13744,r2i1p1f1,2052,08,18,0.0,32.872837,13.144174,2052
13745,r2i1p1f1,2052,08,19,0.0,34.95077,17.6762,2052
13746,r2i1p1f1,2052,08,20,0.0,37.125076,19.828083,2052
13747,r2i1p1f1,2052,08,21,0.007129511368475505,37.31286,17.809525,2052
13748,r2i1p1f1,2052,08,22,0.0,36.975605,18.635904,2052
13749,r2i1p1f1,2052,08,23,0.0,36.336075,19.100285,2052
13750,r2i1p1f1,2052,08,24,0.0,37.88803,20.167107,2052
13751,r2i1p1f1,2052,08,25,0.004399438739710604,39.40245,21.106745,2052
13752,r2i1p1f1,2052,08,26,0.0,39.970078,22.860739,2052
13753,r2i1p1f1,2052,08,27,0.0,41.090263,22.942024,2052
13754,r2i1p1f1,2052,08,28,0.0,39.275173,20.111332,2052
13755,r2i1p1f1,2052,08,29,0.0,35.86441,17.369099,2052
13756,r2i1p1f1,2052,08,30,0.0,35.860214,17.76491,2052
13757,r2i1p1f1,2052,08,31,0.0,36.134224,15.49233,2052
13758,r2i1p1f1,2052,09,01,0.0,36.326645,17.851435,2052
13759,r2i1p1f1,2052,09,02,0.0,34.24974,16.968824,2052
13760,r2i1p1f1,2052,09,03,0.0,30.051785,11.661084,2052
13761,r2i1p1f1,2052,09,04,0.0,28.538635,9.42681,2052
13762,r2i1p1f1,2052,09,05,0.0,28.46443,10.662174,2052
13763,r2i1p1f1,2052,09,06,0.0,28.628017,12.696214,2052
13764,r2i1p1f1,2052,09,07,0.0,29.707262,12.970725,2052
13765,r2i1p1f1,2052,09,08,0.0,30.688911,12.444927,2052
13766,r2i1p1f1,2052,09,09,0.0,30.78489,13.185009,2052
13767,r2i1p1f1,2052,09,10,0.0,31.461067,13.827625,2052
13768,r2i1p1f1,2052,09,11,0.0,31.564304,13.835384,2052
13769,r2i1p1f1,2052,09,12,0.0,31.844753,14.991048,2052
13770,r2i1p1f1,2052,09,13,0.0,32.081207,13.55157,2052
13771,r2i1p1f1,2052,09,14,0.0,32.37102,13.48438,2052
13772,r2i1p1f1,2052,09,15,0.0,34.230232,17.500938,2052
13773,r2i1p1f1,2052,09,16,0.0,34.99462,18.324762,2052
13774,r2i1p1f1,2052,09,17,0.29256252591949305,35.291416,17.512753,2052
13775,r2i1p1f1,2052,09,18,1.944740018336688,35.050995,16.06553,2052
13776,r2i1p1f1,2052,09,19,0.7271356743686397,32.758553,12.44594,2052
13777,r2i1p1f1,2052,09,20,1.3830811653292585,25.665993,9.110783,2052
13778,r2i1p1f1,2052,09,21,6.331843335499343,19.198334,11.375512,2052
13779,r2i1p1f1,2052,09,22,0.0,23.466148,11.021552,2052
13780,r2i1p1f1,2052,09,23,0.0,25.237978,9.855007,2052
13781,r2i1p1f1,2052,09,24,0.0,27.05503,10.73391,2052
13782,r2i1p1f1,2052,09,25,0.0,29.188053,11.375621,2052
13783,r2i1p1f1,2052,09,26,0.0,30.456638,13.0683565,2052
13784,r2i1p1f1,2052,09,27,0.3464973753807499,30.356201,11.745582,2052
13785,r2i1p1f1,2052,09,28,0.0,24.33034,7.167879,2052
13786,r2i1p1f1,2052,09,29,0.0,24.448936,6.6400266,2052
13787,r2i1p1f1,2052,09,30,3.6795045406108784,22.316755,6.069748,2052
13788,r2i1p1f1,2052,10,01,0.03396820345642482,18.75461,8.319778,2052
13789,r2i1p1f1,2052,10,02,28.74272840854246,14.934533,7.07053,2052
13790,r2i1p1f1,2052,10,03,18.834277936684884,15.51127,6.212351,2052
13791,r2i1p1f1,2052,10,04,0.0,20.964071,6.812449,2052
13792,r2i1p1f1,2052,10,05,0.0,21.122639,8.381273,2052
13793,r2i1p1f1,2052,10,06,0.0,18.586927,5.5812335,2052
13794,r2i1p1f1,2052,10,07,0.0,19.457436,4.2003303,2052
13795,r2i1p1f1,2052,10,08,0.0,22.051027,4.7668056,2052
13796,r2i1p1f1,2052,10,09,0.0,23.827717,5.9521284,2052
13797,r2i1p1f1,2052,10,10,0.0,25.955893,10.8877,2052
13798,r2i1p1f1,2052,10,11,0.0,25.687164,10.367866,2052
13799,r2i1p1f1,2052,10,12,0.0,26.595053,11.837276,2052
13800,r2i1p1f1,2052,10,13,0.0,26.074785,8.477232,2052
13801,r2i1p1f1,2052,10,14,0.0,24.256584,8.240991,2052
13802,r2i1p1f1,2052,10,15,0.0,25.082634,9.785971,2052
13803,r2i1p1f1,2052,10,16,0.0,27.200426,11.417123,2052
13804,r2i1p1f1,2052,10,17,0.0,27.73793,12.848035,2052
13805,r2i1p1f1,2052,10,18,0.0,28.687181,13.148726,2052
13806,r2i1p1f1,2052,10,19,0.0,28.481646,13.570305,2052
13807,r2i1p1f1,2052,10,20,0.0,29.316114,15.218536,2052
13808,r2i1p1f1,2052,10,21,0.0,28.75439,12.375639,2052
13809,r2i1p1f1,2052,10,22,0.0,27.134342,11.997114,2052
13810,r2i1p1f1,2052,10,23,0.0,29.144558,13.806739,2052
13811,r2i1p1f1,2052,10,24,0.0,29.386024,14.364826,2052
13812,r2i1p1f1,2052,10,25,0.24844543629001237,27.866058,12.948303,2052
13813,r2i1p1f1,2052,10,26,0.0,24.319319,9.551434,2052
13814,r2i1p1f1,2052,10,27,0.0,25.836672,10.830768,2052
13815,r2i1p1f1,2052,10,28,0.0,27.394566,13.355889,2052
13816,r2i1p1f1,2052,10,29,0.0,28.452278,13.1827545,2052
13817,r2i1p1f1,2052,10,30,0.0,28.59154,12.931156,2052
13818,r2i1p1f1,2052,10,31,0.0019673748283821624,27.146196,15.706887,2052
13819,r2i1p1f1,2052,11,01,0.0,26.782398,13.170528,2052
13820,r2i1p1f1,2052,11,02,0.0,27.447132,12.867718,2052
13821,r2i1p1f1,2052,11,03,0.0,27.852697,13.754788,2052
13822,r2i1p1f1,2052,11,04,0.0,25.178705,9.973304,2052
13823,r2i1p1f1,2052,11,05,0.5466938884524097,19.623558,9.353092,2052
13824,r2i1p1f1,2052,11,06,0.0,24.045467,11.423249,2052
13825,r2i1p1f1,2052,11,07,0.0,25.543148,11.193844,2052
13826,r2i1p1f1,2052,11,08,0.0,25.924603,12.367655,2052
13827,r2i1p1f1,2052,11,09,0.0,25.4918,12.251957,2052
13828,r2i1p1f1,2052,11,10,0.0,24.543655,10.307221,2052
13829,r2i1p1f1,2052,11,11,0.0,23.93908,9.9339485,2052
13830,r2i1p1f1,2052,11,12,0.0,23.622227,7.3893814,2052
13831,r2i1p1f1,2052,11,13,0.0,23.32084,7.210981,2052
13832,r2i1p1f1,2052,11,14,0.0,23.585478,9.106345,2052
13833,r2i1p1f1,2052,11,15,0.0,23.821873,8.127779,2052
13834,r2i1p1f1,2052,11,16,0.0,22.976768,7.1235943,2052
13835,r2i1p1f1,2052,11,17,0.0,16.894073,1.8663088,2052
13836,r2i1p1f1,2052,11,18,0.0,17.76575,2.9047196,2052
13837,r2i1p1f1,2052,11,19,15.057060243270826,15.134081,2.9067554,2052
13838,r2i1p1f1,2052,11,20,24.79533265001237,11.493424,2.713111,2052
13839,r2i1p1f1,2052,11,21,0.8017981988547973,5.0767264,-2.4574118,2052
13840,r2i1p1f1,2052,11,22,0.0,7.6903467,-2.789093,2052
13841,r2i1p1f1,2052,11,23,0.0,9.589031,-3.0186129,2052
13842,r2i1p1f1,2052,11,24,0.0,12.527917,-1.2553171,2052
13843,r2i1p1f1,2052,11,25,0.0,13.051159,2.1199162,2052
13844,r2i1p1f1,2052,11,26,0.0,9.684504,-1.922792,2052
13845,r2i1p1f1,2052,11,27,0.0,11.405718,-2.9977527,2052
13846,r2i1p1f1,2052,11,28,0.0,15.087346,0.027854018,2052
13847,r2i1p1f1,2052,11,29,0.0,18.247862,4.0206,2052
13848,r2i1p1f1,2052,11,30,0.0,19.384647,4.8020244,2052
13849,r2i1p1f1,2052,12,01,1.1497885967060029,15.508574,5.0320873,2052
13850,r2i1p1f1,2052,12,02,35.37529152526986,8.767646,1.9039693,2052
13851,r2i1p1f1,2052,12,03,0.0,10.266661,-0.7119734,2052
13852,r2i1p1f1,2052,12,04,0.0,11.501652,0.6391577,2052
13853,r2i1p1f1,2052,12,05,0.0,11.369021,1.02862,2052
13854,r2i1p1f1,2052,12,06,0.0,15.0315075,4.375146,2052
13855,r2i1p1f1,2052,12,07,0.0,16.474104,5.815481,2052
13856,r2i1p1f1,2052,12,08,0.0,16.831877,6.4099545,2052
13857,r2i1p1f1,2052,12,09,0.0,18.446331,5.8542457,2052
13858,r2i1p1f1,2052,12,10,0.0,18.702877,6.8016486,2052
13859,r2i1p1f1,2052,12,11,0.0,18.346697,7.6347647,2052
13860,r2i1p1f1,2052,12,12,0.0,16.995302,4.346773,2052
13861,r2i1p1f1,2052,12,13,0.0,17.695618,3.759811,2052
13862,r2i1p1f1,2052,12,14,0.0,13.465193,3.2047932,2052
13863,r2i1p1f1,2052,12,15,0.7554565063287555,9.682844,0.94840026,2052
13864,r2i1p1f1,2052,12,16,41.72128852987953,7.868754,2.1759067,2052
13865,r2i1p1f1,2052,12,17,10.91910098077733,6.757983,-3.9836109,2052
13866,r2i1p1f1,2052,12,18,47.7862978594203,8.8138485,1.6751096,2052
13867,r2i1p1f1,2052,12,19,19.611437150979327,10.138973,3.570271,2052
13868,r2i1p1f1,2052,12,20,10.996025027668566,10.456001,4.4386096,2052
13869,r2i1p1f1,2052,12,21,0.0,8.000218,-2.936012,2052
13870,r2i1p1f1,2052,12,22,36.011739917012164,8.779955,1.9095912,2052
13871,r2i1p1f1,2052,12,23,57.17286358267302,11.435347,7.2838874,2052
13872,r2i1p1f1,2052,12,24,12.798015500266047,11.358062,-1.0877905,2052
13873,r2i1p1f1,2052,12,25,0.0,9.736386,-2.5362203,2052
13874,r2i1p1f1,2052,12,26,0.0,9.391972,-1.1012325,2052
13875,r2i1p1f1,2052,12,27,19.368730215137475,10.161311,3.068984,2052
13876,r2i1p1f1,2052,12,28,0.2108365055619288,12.241035,5.1080837,2052
13877,r2i1p1f1,2052,12,29,0.0,13.176667,2.295936,2052
13878,r2i1p1f1,2052,12,30,0.0,12.103292,0.43259832,2052
13879,r2i1p1f1,2052,12,31,0.0,11.82661,1.3087159,2052
13880,r2i1p1f1,2053,01,01,0.0,13.272675,0.29945597,2053
13881,r2i1p1f1,2053,01,02,0.0,14.190679,2.2131572,2053
13882,r2i1p1f1,2053,01,03,0.0,13.64813,1.5509536,2053
13883,r2i1p1f1,2053,01,04,3.05881156449459,8.582285,1.5525683,2053
13884,r2i1p1f1,2053,01,05,7.455620729797374,9.589446,4.221708,2053
13885,r2i1p1f1,2053,01,06,0.0,11.516996,0.6349471,2053
13886,r2i1p1f1,2053,01,07,0.0,10.817274,-0.033955045,2053
13887,r2i1p1f1,2053,01,08,0.0,12.369007,-0.45504963,2053
13888,r2i1p1f1,2053,01,09,0.00906614122868632,12.393611,0.79366887,2053
13889,r2i1p1f1,2053,01,10,0.2453213832950496,11.460131,1.4479575,2053
13890,r2i1p1f1,2053,01,11,0.0,11.12375,2.9313042,2053
13891,r2i1p1f1,2053,01,12,0.0,12.0696945,2.2322984,2053
13892,r2i1p1f1,2053,01,13,0.0,13.459447,2.6691134,2053
13893,r2i1p1f1,2053,01,14,0.0,13.087055,3.4800503,2053
13894,r2i1p1f1,2053,01,15,1.03461330776895,11.396305,7.0660343,2053
13895,r2i1p1f1,2053,01,16,0.0,15.602778,5.524616,2053
13896,r2i1p1f1,2053,01,17,0.0,16.67211,7.16937,2053
13897,r2i1p1f1,2053,01,18,0.0,18.957165,8.957064,2053
13898,r2i1p1f1,2053,01,19,0.0,19.776382,7.4585996,2053
13899,r2i1p1f1,2053,01,20,0.0,19.65255,7.302971,2053
13900,r2i1p1f1,2053,01,21,0.0,19.330404,6.512585,2053
13901,r2i1p1f1,2053,01,22,0.0,16.817133,7.0025654,2053
13902,r2i1p1f1,2053,01,23,0.0,16.711395,6.214449,2053
13903,r2i1p1f1,2053,01,24,0.0,17.047709,5.116628,2053
13904,r2i1p1f1,2053,01,25,0.0,16.920076,3.7079763,2053
13905,r2i1p1f1,2053,01,26,0.0,13.75645,3.9985979,2053
13906,r2i1p1f1,2053,01,27,5.822710615507276,11.746647,7.1630173,2053
13907,r2i1p1f1,2053,01,28,0.09003377908811672,12.031597,-0.11373525,2053
13908,r2i1p1f1,2053,01,29,0.0,11.019506,-1.0188702,2053
13909,r2i1p1f1,2053,01,30,0.0,13.284969,0.12621048,2053
13910,r2i1p1f1,2053,01,31,3.9419270250618865,14.637234,1.2939171,2053
13911,r2i1p1f1,2053,02,01,50.73424626098131,13.12979,8.171906,2053
13912,r2i1p1f1,2053,02,02,34.62249337899266,13.342548,7.354697,2053
13913,r2i1p1f1,2053,02,03,38.79948249741574,11.866752,6.9086866,2053
13914,r2i1p1f1,2053,02,04,24.748217299202224,14.206929,4.209494,2053
13915,r2i1p1f1,2053,02,05,42.40170891062007,14.357718,7.966857,2053
13916,r2i1p1f1,2053,02,06,51.27046325324045,16.07967,5.356298,2053
13917,r2i1p1f1,2053,02,07,42.7404834288609,13.132941,3.302421,2053
13918,r2i1p1f1,2053,02,08,48.60787950310623,10.840587,5.3884163,2053
13919,r2i1p1f1,2053,02,09,10.893937188575364,9.95762,-0.19827096,2053
13920,r2i1p1f1,2053,02,10,6.735960663934293,11.183767,3.4986525,2053
13921,r2i1p1f1,2053,02,11,2.6933433316656874,10.4715185,-2.021992,2053
13922,r2i1p1f1,2053,02,12,58.923063952533994,13.908276,2.906945,2053
13923,r2i1p1f1,2053,02,13,45.759778679712326,13.649082,8.761105,2053
13924,r2i1p1f1,2053,02,14,28.1060418648849,12.339584,2.1543298,2053
13925,r2i1p1f1,2053,02,15,3.726384994570253,6.108966,-0.21337096,2053
13926,r2i1p1f1,2053,02,16,0.0,9.993897,-3.1537476,2053
13927,r2i1p1f1,2053,02,17,0.0,10.028206,0.10011387,2053
13928,r2i1p1f1,2053,02,18,0.02554733865736125,11.442102,2.4042027,2053
13929,r2i1p1f1,2053,02,19,0.0,17.48655,4.367499,2053
13930,r2i1p1f1,2053,02,20,0.0,18.38844,6.9555774,2053
13931,r2i1p1f1,2053,02,21,0.05088953719223355,18.377275,5.2475524,2053
13932,r2i1p1f1,2053,02,22,0.0,18.842306,4.792754,2053
13933,r2i1p1f1,2053,02,23,0.5896168692572701,17.083035,7.434056,2053
13934,r2i1p1f1,2053,02,24,3.0215200190866653,16.176691,9.088516,2053
13935,r2i1p1f1,2053,02,25,0.0,20.334435,5.1582317,2053
13936,r2i1p1f1,2053,02,26,0.0,20.778967,7.2102237,2053
13937,r2i1p1f1,2053,02,27,0.16701125877034428,17.526196,4.61076,2053
13938,r2i1p1f1,2053,02,28,19.613047964230645,12.737725,5.914003,2053
13939,r2i1p1f1,2053,03,01,32.67538742902616,10.196838,3.7299511,2053
13940,r2i1p1f1,2053,03,02,8.439025552058865,11.782175,2.5691006,2053
13941,r2i1p1f1,2053,03,03,18.38769236637745,11.782144,3.5566723,2053
13942,r2i1p1f1,2053,03,04,17.45759239202016,11.687057,2.7031114,2053
13943,r2i1p1f1,2053,03,05,7.952532469107609,9.840618,1.1230763,2053
13944,r2i1p1f1,2053,03,06,62.590837870084215,7.8254285,6.1118207,2053
13945,r2i1p1f1,2053,03,07,4.350756384002352,8.229247,0.14076668,2053
13946,r2i1p1f1,2053,03,08,0.0,14.373132,0.6386803,2053
13947,r2i1p1f1,2053,03,09,0.0,14.329246,0.71359116,2053
13948,r2i1p1f1,2053,03,10,0.0,16.758724,1.6961166,2053
13949,r2i1p1f1,2053,03,11,0.0010351142918807454,17.279503,3.0854158,2053
13950,r2i1p1f1,2053,03,12,0.0,17.875692,3.7471068,2053
13951,r2i1p1f1,2053,03,13,0.0,16.907867,2.5318098,2053
13952,r2i1p1f1,2053,03,14,0.0018584248550723714,17.43406,3.8274202,2053
13953,r2i1p1f1,2053,03,15,1.3411058649182905,14.543612,3.6080275,2053
13954,r2i1p1f1,2053,03,16,5.91125554417431,14.555237,5.398745,2053
13955,r2i1p1f1,2053,03,17,31.61258918516978,13.742908,9.421992,2053
13956,r2i1p1f1,2053,03,18,12.772817770360234,12.488253,1.6310635,2053
13957,r2i1p1f1,2053,03,19,15.878833646388557,9.313034,1.9197813,2053
13958,r2i1p1f1,2053,03,20,4.307272027483577,12.114254,1.9164312,2053
13959,r2i1p1f1,2053,03,21,0.0,15.753767,0.4667584,2053
13960,r2i1p1f1,2053,03,22,0.0,20.272564,2.0842829,2053
13961,r2i1p1f1,2053,03,23,0.0,20.92394,3.8545167,2053
13962,r2i1p1f1,2053,03,24,3.6835045627356067,16.70439,2.454301,2053
13963,r2i1p1f1,2053,03,25,0.31889953340851207,15.730099,5.3228354,2053
13964,r2i1p1f1,2053,03,26,0.0,17.566751,2.1046236,2053
13965,r2i1p1f1,2053,03,27,1.792625770099221,15.896504,1.8434592,2053
13966,r2i1p1f1,2053,03,28,3.600693677367417,16.365732,4.605255,2053
13967,r2i1p1f1,2053,03,29,5.044831165923824,15.382633,6.06965,2053
13968,r2i1p1f1,2053,03,30,16.64942225725099,13.328498,6.2111363,2053
13969,r2i1p1f1,2053,03,31,0.023068607930554208,16.944742,2.664237,2053
13970,r2i1p1f1,2053,04,01,0.0,18.946508,4.096018,2053
13971,r2i1p1f1,2053,04,02,0.0,20.084349,7.231043,2053
13972,r2i1p1f1,2053,04,03,0.0,20.755816,6.2674313,2053
13973,r2i1p1f1,2053,04,04,0.0,21.670855,6.3701186,2053
13974,r2i1p1f1,2053,04,05,0.0,24.479565,9.374653,2053
13975,r2i1p1f1,2053,04,06,0.0,26.340385,10.868476,2053
13976,r2i1p1f1,2053,04,07,0.0,25.781212,10.159139,2053
13977,r2i1p1f1,2053,04,08,0.007862372513045557,21.714695,8.049707,2053
13978,r2i1p1f1,2053,04,09,0.49915853079482986,17.029276,3.3808985,2053
13979,r2i1p1f1,2053,04,10,0.0,14.967243,1.1466669,2053
13980,r2i1p1f1,2053,04,11,0.0,16.56983,1.3256785,2053
13981,r2i1p1f1,2053,04,12,34.70555725580198,14.506312,5.0278254,2053
13982,r2i1p1f1,2053,04,13,10.53329472044311,9.937664,6.886187,2053
13983,r2i1p1f1,2053,04,14,0.08650377303638379,15.967579,3.8550377,2053
13984,r2i1p1f1,2053,04,15,0.0,18.998322,3.3191752,2053
13985,r2i1p1f1,2053,04,16,0.0,19.976355,4.784007,2053
13986,r2i1p1f1,2053,04,17,0.0,22.564314,7.287371,2053
13987,r2i1p1f1,2053,04,18,0.0,22.862505,7.8269186,2053
13988,r2i1p1f1,2053,04,19,0.0,26.404863,10.293472,2053
13989,r2i1p1f1,2053,04,20,0.0,25.864977,10.77892,2053
13990,r2i1p1f1,2053,04,21,0.0,24.846453,9.856193,2053
13991,r2i1p1f1,2053,04,22,0.0,24.832125,11.126194,2053
13992,r2i1p1f1,2053,04,23,0.0,25.033886,10.389291,2053
13993,r2i1p1f1,2053,04,24,0.0,27.852324,12.06534,2053
13994,r2i1p1f1,2053,04,25,0.0,27.27129,13.796629,2053
13995,r2i1p1f1,2053,04,26,0.0,26.841722,10.447096,2053
13996,r2i1p1f1,2053,04,27,0.0,24.433712,8.463341,2053
13997,r2i1p1f1,2053,04,28,0.0,23.618637,7.7001147,2053
13998,r2i1p1f1,2053,04,29,0.0,26.115667,10.485119,2053
13999,r2i1p1f1,2053,04,30,0.0,26.255312,9.289272,2053
14000,r2i1p1f1,2053,05,01,2.9113999811215763,22.175234,9.541975,2053
14001,r2i1p1f1,2053,05,02,0.17238603061286994,22.379744,7.528105,2053
14002,r2i1p1f1,2053,05,03,0.0,20.319313,5.984676,2053
14003,r2i1p1f1,2053,05,04,0.0,21.071384,5.765467,2053
14004,r2i1p1f1,2053,05,05,0.0,20.593107,6.867086,2053
14005,r2i1p1f1,2053,05,06,0.1444395905195961,20.319412,4.196569,2053
14006,r2i1p1f1,2053,05,07,0.0,21.955133,5.7475114,2053
14007,r2i1p1f1,2053,05,08,0.0,22.996511,7.0442305,2053
14008,r2i1p1f1,2053,05,09,0.0,24.789341,8.24593,2053
14009,r2i1p1f1,2053,05,10,0.0,29.622627,12.884904,2053
14010,r2i1p1f1,2053,05,11,0.0,32.339626,15.164845,2053
14011,r2i1p1f1,2053,05,12,0.0,32.77441,14.568663,2053
14012,r2i1p1f1,2053,05,13,0.0,32.008877,12.932571,2053
14013,r2i1p1f1,2053,05,14,0.0,29.025496,12.970094,2053
14014,r2i1p1f1,2053,05,15,0.03531396893095007,25.57999,10.06123,2053
14015,r2i1p1f1,2053,05,16,1.80925492827555,22.67483,4.3063893,2053
14016,r2i1p1f1,2053,05,17,0.0,23.142694,7.7605767,2053
14017,r2i1p1f1,2053,05,18,0.0,24.797401,9.096723,2053
14018,r2i1p1f1,2053,05,19,1.8187852176652086,25.084547,8.567849,2053
14019,r2i1p1f1,2053,05,20,0.0,27.844973,11.278725,2053
14020,r2i1p1f1,2053,05,21,0.0,30.058542,13.818378,2053
14021,r2i1p1f1,2053,05,22,0.0,31.033678,13.091063,2053
14022,r2i1p1f1,2053,05,23,0.0,29.57306,11.250819,2053
14023,r2i1p1f1,2053,05,24,0.0,27.1929,6.678197,2053
14024,r2i1p1f1,2053,05,25,0.0156262569817045,24.714252,4.005438,2053
14025,r2i1p1f1,2053,05,26,16.425927220501535,13.668003,0.8435008,2053
14026,r2i1p1f1,2053,05,27,38.88280562741784,8.659953,3.2369435,2053
14027,r2i1p1f1,2053,05,28,50.4906562869337,10.391352,6.4389157,2053
14028,r2i1p1f1,2053,05,29,0.0,19.570824,3.3570743,2053
14029,r2i1p1f1,2053,05,30,0.0,25.136328,9.106681,2053
14030,r2i1p1f1,2053,05,31,0.0,28.238686,12.416827,2053
14031,r2i1p1f1,2053,06,01,0.0,32.952347,13.382038,2053
14032,r2i1p1f1,2053,06,02,0.9712829201532713,29.42566,11.460479,2053
14033,r2i1p1f1,2053,06,03,19.384208746805598,22.209341,3.9492319,2053
14034,r2i1p1f1,2053,06,04,2.526551016035228,23.915396,10.622956,2053
14035,r2i1p1f1,2053,06,05,1.418078654502608e-07,28.238218,13.293949,2053
14036,r2i1p1f1,2053,06,06,0.0,31.271736,14.30433,2053
14037,r2i1p1f1,2053,06,07,0.0,32.14172,13.718638,2053
14038,r2i1p1f1,2053,06,08,0.0,31.690926,12.769581,2053
14039,r2i1p1f1,2053,06,09,1.145628285348721,27.376772,7.8083057,2053
14040,r2i1p1f1,2053,06,10,0.0,25.716291,10.581646,2053
14041,r2i1p1f1,2053,06,11,0.0,25.94642,10.435988,2053
14042,r2i1p1f1,2053,06,12,0.0,25.346582,7.9714594,2053
14043,r2i1p1f1,2053,06,13,0.0,28.452583,10.63389,2053
14044,r2i1p1f1,2053,06,14,0.0,31.305386,13.317814,2053
14045,r2i1p1f1,2053,06,15,0.0,34.2309,17.698,2053
14046,r2i1p1f1,2053,06,16,0.0,37.44995,19.48483,2053
14047,r2i1p1f1,2053,06,17,0.0,38.477264,21.537971,2053
14048,r2i1p1f1,2053,06,18,0.0,38.440323,21.497383,2053
14049,r2i1p1f1,2053,06,19,0.024188389761548024,35.133415,17.876005,2053
14050,r2i1p1f1,2053,06,20,0.5636820638756035,33.87329,14.402723,2053
14051,r2i1p1f1,2053,06,21,0.0,37.428318,18.971287,2053
14052,r2i1p1f1,2053,06,22,0.0,38.34491,19.16836,2053
14053,r2i1p1f1,2053,06,23,0.08796747958967899,36.542065,19.428963,2053
14054,r2i1p1f1,2053,06,24,0.0,34.42959,15.667441,2053
14055,r2i1p1f1,2053,06,25,0.0,33.20015,16.89426,2053
14056,r2i1p1f1,2053,06,26,0.0,33.269688,14.886658,2053
14057,r2i1p1f1,2053,06,27,0.0,33.700348,15.682375,2053
14058,r2i1p1f1,2053,06,28,0.0,32.58872,13.7874565,2053
14059,r2i1p1f1,2053,06,29,0.0,29.966526,11.241596,2053
14060,r2i1p1f1,2053,06,30,0.0,33.20181,15.250656,2053
14061,r2i1p1f1,2053,07,01,0.0,36.110897,18.24897,2053
14062,r2i1p1f1,2053,07,02,0.0,37.157166,18.004585,2053
14063,r2i1p1f1,2053,07,03,0.0,37.472908,19.30646,2053
14064,r2i1p1f1,2053,07,04,0.0,37.302364,19.273048,2053
14065,r2i1p1f1,2053,07,05,0.0,31.629112,15.871796,2053
14066,r2i1p1f1,2053,07,06,0.0,34.96215,17.397337,2053
14067,r2i1p1f1,2053,07,07,0.0,36.039764,18.919851,2053
14068,r2i1p1f1,2053,07,08,0.0,36.762035,18.537165,2053
14069,r2i1p1f1,2053,07,09,0.0,35.900955,17.503849,2053
14070,r2i1p1f1,2053,07,10,0.0,36.340637,18.985306,2053
14071,r2i1p1f1,2053,07,11,0.0,36.14797,19.226868,2053
14072,r2i1p1f1,2053,07,12,0.0,37.887066,20.842342,2053
14073,r2i1p1f1,2053,07,13,0.0,38.180565,19.896566,2053
14074,r2i1p1f1,2053,07,14,0.0,37.500145,20.657034,2053
14075,r2i1p1f1,2053,07,15,0.0,37.1252,18.248533,2053
14076,r2i1p1f1,2053,07,16,0.0,36.58052,15.856038,2053
14077,r2i1p1f1,2053,07,17,0.0,34.047863,16.004473,2053
14078,r2i1p1f1,2053,07,18,0.0,33.28744,13.336142,2053
14079,r2i1p1f1,2053,07,19,0.0,32.191208,13.167765,2053
14080,r2i1p1f1,2053,07,20,0.0,32.90865,15.691478,2053
14081,r2i1p1f1,2053,07,21,0.0,33.657932,15.485805,2053
14082,r2i1p1f1,2053,07,22,0.0,32.57632,15.162419,2053
14083,r2i1p1f1,2053,07,23,0.0,31.9294,12.526518,2053
14084,r2i1p1f1,2053,07,24,0.0,32.944817,14.4142065,2053
14085,r2i1p1f1,2053,07,25,0.0,34.339333,17.650753,2053
14086,r2i1p1f1,2053,07,26,0.0,34.13042,16.39835,2053
14087,r2i1p1f1,2053,07,27,0.0,33.640976,15.444341,2053
14088,r2i1p1f1,2053,07,28,0.0,34.17193,15.582943,2053
14089,r2i1p1f1,2053,07,29,0.0,34.67716,15.703088,2053
14090,r2i1p1f1,2053,07,30,0.0,34.31959,15.298959,2053
14091,r2i1p1f1,2053,07,31,0.0,33.85285,14.535014,2053
14092,r2i1p1f1,2053,08,01,0.021776755784230772,33.931828,14.569654,2053
14093,r2i1p1f1,2053,08,02,0.0,34.227512,15.44733,2053
14094,r2i1p1f1,2053,08,03,0.0,34.801186,15.413747,2053
14095,r2i1p1f1,2053,08,04,0.0,36.74431,17.72744,2053
14096,r2i1p1f1,2053,08,05,0.0,38.43722,21.829535,2053
14097,r2i1p1f1,2053,08,06,0.0,39.61971,21.3573,2053
14098,r2i1p1f1,2053,08,07,0.0,38.432755,19.509848,2053
14099,r2i1p1f1,2053,08,08,0.0,37.878426,19.387432,2053
14100,r2i1p1f1,2053,08,09,0.14615903955927934,37.621426,16.747406,2053
14101,r2i1p1f1,2053,08,10,0.0,36.115295,18.87989,2053
14102,r2i1p1f1,2053,08,11,0.0,36.788242,19.16466,2053
14103,r2i1p1f1,2053,08,12,0.0441591996718671,38.84514,20.457552,2053
14104,r2i1p1f1,2053,08,13,0.0,35.057976,16.060968,2053
14105,r2i1p1f1,2053,08,14,0.0,35.93583,20.193947,2053
14106,r2i1p1f1,2053,08,15,0.0,36.815052,17.604485,2053
14107,r2i1p1f1,2053,08,16,0.0,38.98836,21.61746,2053
14108,r2i1p1f1,2053,08,17,12.640703415490862,39.082832,18.817713,2053
14109,r2i1p1f1,2053,08,18,7.2160356677187565,26.285116,9.393689,2053
14110,r2i1p1f1,2053,08,19,0.0,29.475416,12.920433,2053
14111,r2i1p1f1,2053,08,20,0.0,32.443436,15.817661,2053
14112,r2i1p1f1,2053,08,21,0.0,32.319283,14.5303755,2053
14113,r2i1p1f1,2053,08,22,0.0,33.663296,17.47759,2053
14114,r2i1p1f1,2053,08,23,0.0,34.021652,16.73364,2053
14115,r2i1p1f1,2053,08,24,0.0,33.07722,14.985972,2053
14116,r2i1p1f1,2053,08,25,0.0,28.350058,11.470608,2053
14117,r2i1p1f1,2053,08,26,0.0,29.69506,12.076937,2053
14118,r2i1p1f1,2053,08,27,0.0,30.924334,10.355875,2053
14119,r2i1p1f1,2053,08,28,0.0,35.45911,17.430868,2053
14120,r2i1p1f1,2053,08,29,0.0,37.797264,21.063086,2053
14121,r2i1p1f1,2053,08,30,1.389581426855102,37.676083,17.240635,2053
14122,r2i1p1f1,2053,08,31,3.5570779765862426,31.686205,12.974728,2053
14123,r2i1p1f1,2053,09,01,0.0,30.555033,13.380339,2053
14124,r2i1p1f1,2053,09,02,0.0,31.416002,12.7781725,2053
14125,r2i1p1f1,2053,09,03,0.0,29.684212,10.610531,2053
14126,r2i1p1f1,2053,09,04,0.0,29.266317,10.757952,2053
14127,r2i1p1f1,2053,09,05,0.0,27.8919,10.543171,2053
14128,r2i1p1f1,2053,09,06,0.0,28.625017,10.415232,2053
14129,r2i1p1f1,2053,09,07,0.0,28.975948,11.389182,2053
14130,r2i1p1f1,2053,09,08,0.0,28.236658,9.133997,2053
14131,r2i1p1f1,2053,09,09,0.0,29.585148,9.141069,2053
14132,r2i1p1f1,2053,09,10,0.0,31.881443,14.971416,2053
14133,r2i1p1f1,2053,09,11,0.0,33.579807,16.089483,2053
14134,r2i1p1f1,2053,09,12,0.0,34.09702,15.199195,2053
14135,r2i1p1f1,2053,09,13,0.05831242973499684,31.683573,13.419645,2053
14136,r2i1p1f1,2053,09,14,0.0,25.501434,9.72434,2053
14137,r2i1p1f1,2053,09,15,0.0,24.748716,8.086222,2053
14138,r2i1p1f1,2053,09,16,0.0,25.692383,7.4099646,2053
14139,r2i1p1f1,2053,09,17,0.0,25.605385,9.625706,2053
14140,r2i1p1f1,2053,09,18,0.0,27.712149,9.213287,2053
14141,r2i1p1f1,2053,09,19,0.0,29.899014,11.918472,2053
14142,r2i1p1f1,2053,09,20,0.0,30.641039,14.250253,2053
14143,r2i1p1f1,2053,09,21,0.0,31.444864,15.555193,2053
14144,r2i1p1f1,2053,09,22,0.0,31.118229,13.700178,2053
14145,r2i1p1f1,2053,09,23,0.0,32.755417,15.484728,2053
14146,r2i1p1f1,2053,09,24,0.0,33.047775,15.41129,2053
14147,r2i1p1f1,2053,09,25,0.0,32.822197,13.495214,2053
14148,r2i1p1f1,2053,09,26,0.0,30.75055,11.171936,2053
14149,r2i1p1f1,2053,09,27,0.0,26.789383,7.849944,2053
14150,r2i1p1f1,2053,09,28,0.0,23.785913,5.4997563,2053
14151,r2i1p1f1,2053,09,29,0.0,22.379377,4.4746475,2053
14152,r2i1p1f1,2053,09,30,0.0,21.485464,5.0288053,2053
14153,r2i1p1f1,2053,10,01,0.0,23.061964,9.617886,2053
14154,r2i1p1f1,2053,10,02,0.0,27.058062,9.41396,2053
14155,r2i1p1f1,2053,10,03,0.0,30.760427,12.400369,2053
14156,r2i1p1f1,2053,10,04,0.0,31.218061,12.255049,2053
14157,r2i1p1f1,2053,10,05,0.0,29.13637,13.213783,2053
14158,r2i1p1f1,2053,10,06,0.0,28.786207,12.762022,2053
14159,r2i1p1f1,2053,10,07,0.0,28.04115,12.106248,2053
14160,r2i1p1f1,2053,10,08,0.0,27.341919,9.872882,2053
14161,r2i1p1f1,2053,10,09,0.0,20.532387,3.5750635,2053
14162,r2i1p1f1,2053,10,10,0.0,17.974314,1.7031546,2053
14163,r2i1p1f1,2053,10,11,0.0,19.668066,4.325147,2053
14164,r2i1p1f1,2053,10,12,0.0,22.438606,4.8803463,2053
14165,r2i1p1f1,2053,10,13,0.0,23.66592,6.6901364,2053
14166,r2i1p1f1,2053,10,14,0.0,23.960403,8.2674675,2053
14167,r2i1p1f1,2053,10,15,0.0,21.709518,6.8988795,2053
14168,r2i1p1f1,2053,10,16,0.0,22.091707,6.375059,2053
14169,r2i1p1f1,2053,10,17,0.0,24.849295,8.54977,2053
14170,r2i1p1f1,2053,10,18,0.0,26.586967,10.545981,2053
14171,r2i1p1f1,2053,10,19,0.0,26.80319,9.384432,2053
14172,r2i1p1f1,2053,10,20,0.0,26.22802,8.227833,2053
14173,r2i1p1f1,2053,10,21,0.0,28.132545,12.8696785,2053
14174,r2i1p1f1,2053,10,22,0.0,29.559696,14.678471,2053
14175,r2i1p1f1,2053,10,23,0.0,31.086233,14.302972,2053
14176,r2i1p1f1,2053,10,24,0.0,28.019247,11.482988,2053
14177,r2i1p1f1,2053,10,25,0.0,26.744661,11.663261,2053
14178,r2i1p1f1,2053,10,26,0.0,27.337074,11.218373,2053
14179,r2i1p1f1,2053,10,27,0.0,26.559551,11.533446,2053
14180,r2i1p1f1,2053,10,28,0.09317476306023309,23.836262,7.154929,2053
14181,r2i1p1f1,2053,10,29,0.0,21.072483,6.21711,2053
14182,r2i1p1f1,2053,10,30,0.0,19.748579,8.016857,2053
14183,r2i1p1f1,2053,10,31,0.0,18.584074,8.361208,2053
14184,r2i1p1f1,2053,11,01,0.0,17.615477,2.2650297,2053
14185,r2i1p1f1,2053,11,02,0.0,11.588539,-2.8359704,2053
14186,r2i1p1f1,2053,11,03,0.0,12.019186,-2.057241,2053
14187,r2i1p1f1,2053,11,04,0.0,16.80168,3.1734307,2053
14188,r2i1p1f1,2053,11,05,0.0,18.288408,5.131968,2053
14189,r2i1p1f1,2053,11,06,0.0,18.515127,4.429752,2053
14190,r2i1p1f1,2053,11,07,0.0,16.887947,2.5451546,2053
14191,r2i1p1f1,2053,11,08,0.0043952391251878,15.391827,4.4428706,2053
14192,r2i1p1f1,2053,11,09,0.0,13.715622,-0.72444177,2053
14193,r2i1p1f1,2053,11,10,0.0,16.86595,-0.357337,2053
14194,r2i1p1f1,2053,11,11,0.0,16.55718,3.9884262,2053
14195,r2i1p1f1,2053,11,12,35.12124111512094,12.7661915,2.932765,2053
14196,r2i1p1f1,2053,11,13,22.720040945478104,10.904415,4.1518707,2053
14197,r2i1p1f1,2053,11,14,22.345004725866602,9.574568,2.963439,2053
14198,r2i1p1f1,2053,11,15,15.55308006411451,11.609953,2.6399183,2053
14199,r2i1p1f1,2053,11,16,59.02466669140267,12.643351,5.5368085,2053
14200,r2i1p1f1,2053,11,17,6.792986713412574,12.273073,2.9298835,2053
14201,r2i1p1f1,2053,11,18,0.5697864657918217,12.262652,-0.03899765,2053
14202,r2i1p1f1,2053,11,19,20.949787070640014,11.166183,2.6158128,2053
14203,r2i1p1f1,2053,11,20,15.83415734553455,11.133588,3.5776498,2053
14204,r2i1p1f1,2053,11,21,10.907691771353711,10.093181,0.4021445,2053
14205,r2i1p1f1,2053,11,22,0.0,11.120603,-1.254471,2053
14206,r2i1p1f1,2053,11,23,2.535173318796069,9.532893,-0.44800907,2053
14207,r2i1p1f1,2053,11,24,32.543467370123835,9.272844,2.1731286,2053
14208,r2i1p1f1,2053,11,25,40.37216515716864,9.528468,2.6256301,2053
14209,r2i1p1f1,2053,11,26,5.183425885113024,5.637157,-2.7942293,2053
14210,r2i1p1f1,2053,11,27,6.877322262039343,7.526598,0.82986915,2053
14211,r2i1p1f1,2053,11,28,0.0,12.069117,3.3853285,2053
14212,r2i1p1f1,2053,11,29,0.0,17.279583,1.8729757,2053
14213,r2i1p1f1,2053,11,30,0.0,18.32959,5.78735,2053
14214,r2i1p1f1,2053,12,01,0.0,18.047195,6.846093,2053
14215,r2i1p1f1,2053,12,02,0.0,18.820623,5.9745173,2053
14216,r2i1p1f1,2053,12,03,0.0,14.424757,4.4186363,2053
14217,r2i1p1f1,2053,12,04,0.0,13.632984,3.1198866,2053
14218,r2i1p1f1,2053,12,05,0.0,17.627232,3.988049,2053
14219,r2i1p1f1,2053,12,06,0.0,18.497894,5.2435513,2053
14220,r2i1p1f1,2053,12,07,0.09369629083693098,13.172922,5.079058,2053
14221,r2i1p1f1,2053,12,08,0.0,9.3095045,-0.42057434,2053
14222,r2i1p1f1,2053,12,09,0.0,8.024385,-3.10048,2053
14223,r2i1p1f1,2053,12,10,0.0,9.299775,-2.0898428,2053
14224,r2i1p1f1,2053,12,11,0.13457907361953403,10.061775,0.32071558,2053
14225,r2i1p1f1,2053,12,12,0.00902189456155611,9.81836,0.8980488,2053
14226,r2i1p1f1,2053,12,13,0.0,9.415035,-3.466378,2053
14227,r2i1p1f1,2053,12,14,0.0,12.759862,1.8661774,2053
14228,r2i1p1f1,2053,12,15,15.418761399268988,12.928234,7.360718,2053
14229,r2i1p1f1,2053,12,16,0.0,13.296351,2.6216502,2053
14230,r2i1p1f1,2053,12,17,0.0,13.297854,1.1775736,2053
14231,r2i1p1f1,2053,12,18,0.0,14.8926735,1.619745,2053
14232,r2i1p1f1,2053,12,19,0.0,16.51381,4.5249233,2053
14233,r2i1p1f1,2053,12,20,0.0,14.444996,3.4017103,2053
14234,r2i1p1f1,2053,12,21,20.39901331445435,12.264684,3.1110444,2053
14235,r2i1p1f1,2053,12,22,43.632879025972215,6.8998203,3.179296,2053
14236,r2i1p1f1,2053,12,23,1.876587588004952,7.627521,-1.908116,2053
14237,r2i1p1f1,2053,12,24,0.0,11.849311,-1.2253189,2053
14238,r2i1p1f1,2053,12,25,0.001970628954950371,12.002947,1.2448953,2053
14239,r2i1p1f1,2053,12,26,0.09145812991846469,10.294157,3.953877,2053
14240,r2i1p1f1,2053,12,27,0.48384559437408825,10.330196,1.6807654,2053
14241,r2i1p1f1,2053,12,28,0.0,11.092133,3.0472887,2053
14242,r2i1p1f1,2053,12,29,0.0,13.923355,5.8433843,2053
14243,r2i1p1f1,2053,12,30,0.0,19.225847,6.904613,2053
14244,r2i1p1f1,2053,12,31,0.0,20.790802,8.198138,2053
14245,r2i1p1f1,2054,01,01,0.0,18.584127,7.1778564,2054
14246,r2i1p1f1,2054,01,02,0.0,13.554569,6.9714093,2054
14247,r2i1p1f1,2054,01,03,0.0,13.930859,4.9506707,2054
14248,r2i1p1f1,2054,01,04,0.0,14.524548,3.5158331,2054
14249,r2i1p1f1,2054,01,05,3.1498231688487976,11.509872,3.4309328,2054
14250,r2i1p1f1,2054,01,06,78.60994900111109,11.336226,7.144952,2054
14251,r2i1p1f1,2054,01,07,51.739310096309055,12.700649,7.0964913,2054
14252,r2i1p1f1,2054,01,08,0.23849192156717436,12.741402,7.140736,2054
14253,r2i1p1f1,2054,01,09,0.0,12.491097,1.2505989,2054
14254,r2i1p1f1,2054,01,10,0.0,14.045834,1.0368205,2054
14255,r2i1p1f1,2054,01,11,0.07451061255778768,15.518047,5.1799393,2054
14256,r2i1p1f1,2054,01,12,0.0,17.080696,6.0909214,2054
14257,r2i1p1f1,2054,01,13,0.0,17.494362,6.900086,2054
14258,r2i1p1f1,2054,01,14,0.0,19.600136,8.314939,2054
14259,r2i1p1f1,2054,01,15,0.0,19.96825,8.235168,2054
14260,r2i1p1f1,2054,01,16,0.4378070555560498,18.5207,7.3533835,2054
14261,r2i1p1f1,2054,01,17,0.28873216820102243,11.358547,0.06698683,2054
14262,r2i1p1f1,2054,01,18,0.0,13.412174,1.3123548,2054
14263,r2i1p1f1,2054,01,19,0.0,15.523387,4.314935,2054
14264,r2i1p1f1,2054,01,20,0.0,15.5743475,4.1217103,2054
14265,r2i1p1f1,2054,01,21,0.0,14.159658,2.4455965,2054
14266,r2i1p1f1,2054,01,22,0.0,15.309906,4.033962,2054
14267,r2i1p1f1,2054,01,23,0.0,17.765354,5.919729,2054
14268,r2i1p1f1,2054,01,24,0.0,19.355858,3.8974109,2054
14269,r2i1p1f1,2054,01,25,0.0,12.981753,1.2039957,2054
14270,r2i1p1f1,2054,01,26,0.0,14.561634,2.3888464,2054
14271,r2i1p1f1,2054,01,27,0.0,15.577647,3.825935,2054
14272,r2i1p1f1,2054,01,28,0.0,16.530771,2.828364,2054
14273,r2i1p1f1,2054,01,29,0.0,14.619236,1.9325197,2054
14274,r2i1p1f1,2054,01,30,0.03746126549231121,13.167501,1.1450901,2054
14275,r2i1p1f1,2054,01,31,0.6667776961648997,9.096038,1.8202708,2054
14276,r2i1p1f1,2054,02,01,8.041075286269006,8.917582,3.4662237,2054
14277,r2i1p1f1,2054,02,02,2.644012413963992,9.363969,3.1535585,2054
14278,r2i1p1f1,2054,02,03,13.246398847263663,11.011459,5.7776694,2054
14279,r2i1p1f1,2054,02,04,0.018785785317732007,16.169914,8.225774,2054
14280,r2i1p1f1,2054,02,05,0.0,18.002563,6.490244,2054
14281,r2i1p1f1,2054,02,06,0.0,18.001478,6.841463,2054
14282,r2i1p1f1,2054,02,07,0.023408486140397144,17.680796,7.5758853,2054
14283,r2i1p1f1,2054,02,08,0.0,18.315351,5.5274057,2054
14284,r2i1p1f1,2054,02,09,0.0,17.445652,4.779102,2054
14285,r2i1p1f1,2054,02,10,0.0,19.268663,5.4037156,2054
14286,r2i1p1f1,2054,02,11,0.0,19.605967,6.3343334,2054
14287,r2i1p1f1,2054,02,12,0.0,19.429686,6.3516355,2054
14288,r2i1p1f1,2054,02,13,0.0,18.74596,5.9456835,2054
14289,r2i1p1f1,2054,02,14,0.0,18.84103,6.24247,2054
14290,r2i1p1f1,2054,02,15,0.0,19.500906,5.3906074,2054
14291,r2i1p1f1,2054,02,16,0.0,19.497704,5.1332684,2054
14292,r2i1p1f1,2054,02,17,1.488280068767267,14.570875,7.2973633,2054
14293,r2i1p1f1,2054,02,18,17.21579947400187,14.824162,7.10419,2054
14294,r2i1p1f1,2054,02,19,45.60677783092615,14.724821,7.5634403,2054
14295,r2i1p1f1,2054,02,20,18.200605268248182,12.62444,2.5343485,2054
14296,r2i1p1f1,2054,02,21,8.959245663629645,9.74122,4.01297,2054
14297,r2i1p1f1,2054,02,22,0.6077295392515225,11.132549,-1.1968608,2054
14298,r2i1p1f1,2054,02,23,3.0946910451461918,11.361251,1.4036952,2054
14299,r2i1p1f1,2054,02,24,6.027017815409863,7.9700613,2.058971,2054
14300,r2i1p1f1,2054,02,25,26.132067912840284,10.900809,5.115446,2054
14301,r2i1p1f1,2054,02,26,1.6613882726517204,12.837566,3.7987251,2054
14302,r2i1p1f1,2054,02,27,0.0006643562073804787,15.314414,4.179312,2054
14303,r2i1p1f1,2054,02,28,0.0,16.070707,2.484672,2054
14304,r2i1p1f1,2054,03,01,0.0,18.36525,1.3776431,2054
14305,r2i1p1f1,2054,03,02,0.0,18.55537,5.1098533,2054
14306,r2i1p1f1,2054,03,03,0.0,18.3472,2.5651987,2054
14307,r2i1p1f1,2054,03,04,0.0,15.446876,1.5197855,2054
14308,r2i1p1f1,2054,03,05,0.0,17.92129,2.1769972,2054
14309,r2i1p1f1,2054,03,06,0.0,18.332127,4.4704714,2054
14310,r2i1p1f1,2054,03,07,2.090774050111577,12.862485,8.245565,2054
14311,r2i1p1f1,2054,03,08,3.925783830572982,11.282518,-2.1212878,2054
14312,r2i1p1f1,2054,03,09,0.0,13.211452,-2.9777672,2054
14313,r2i1p1f1,2054,03,10,0.0,13.373721,-1.0177436,2054
14314,r2i1p1f1,2054,03,11,0.013901517377234995,13.339635,3.8125288,2054
14315,r2i1p1f1,2054,03,12,1.8130900514279347e-05,12.834566,1.9686453,2054
14316,r2i1p1f1,2054,03,13,0.0,14.006376,1.6956284,2054
14317,r2i1p1f1,2054,03,14,0.0,16.210321,0.0035827954,2054
14318,r2i1p1f1,2054,03,15,0.0,17.614645,1.4845695,2054
14319,r2i1p1f1,2054,03,16,7.340722664139321,15.710783,1.0500968,2054
14320,r2i1p1f1,2054,03,17,10.207027508693045,11.349467,1.8536328,2054
14321,r2i1p1f1,2054,03,18,16.48185825033579,8.904064,3.3677633,2054
14322,r2i1p1f1,2054,03,19,22.09332381862623,10.6901245,-1.6980673,2054
14323,r2i1p1f1,2054,03,20,23.18961810244673,6.2813444,-4.103876,2054
14324,r2i1p1f1,2054,03,21,7.1838486035687765,8.1345825,-2.6798162,2054
14325,r2i1p1f1,2054,03,22,0.6494351832202483,11.2908,4.8498545,2054
14326,r2i1p1f1,2054,03,23,0.0,14.590491,2.4568436,2054
14327,r2i1p1f1,2054,03,24,0.0,17.742533,2.658492,2054
14328,r2i1p1f1,2054,03,25,0.6546603092587588,17.878206,6.055855,2054
14329,r2i1p1f1,2054,03,26,0.0,18.581976,6.306988,2054
14330,r2i1p1f1,2054,03,27,0.0,21.116001,6.136812,2054
14331,r2i1p1f1,2054,03,28,0.0,19.80548,5.4655194,2054
14332,r2i1p1f1,2054,03,29,0.0,22.315338,7.6693573,2054
14333,r2i1p1f1,2054,03,30,0.0,22.829613,7.482412,2054
14334,r2i1p1f1,2054,03,31,0.0,23.594181,9.638904,2054
14335,r2i1p1f1,2054,04,01,0.14407381127057306,21.734985,8.311657,2054
14336,r2i1p1f1,2054,04,02,0.0,19.424889,7.226371,2054
14337,r2i1p1f1,2054,04,03,0.0,25.43559,8.195733,2054
14338,r2i1p1f1,2054,04,04,0.02203735562034126,24.719267,9.852919,2054
14339,r2i1p1f1,2054,04,05,8.956175948378586,19.219704,5.15816,2054
14340,r2i1p1f1,2054,04,06,1.5924527595672089,17.421545,4.8431096,2054
14341,r2i1p1f1,2054,04,07,0.002239129824488373,18.34443,3.547537,2054
14342,r2i1p1f1,2054,04,08,12.886775487095292,11.07251,5.4240317,2054
14343,r2i1p1f1,2054,04,09,12.269731015521756,8.552654,-4.3823166,2054
14344,r2i1p1f1,2054,04,10,1.1414932072511874,10.002538,-1.2948807,2054
14345,r2i1p1f1,2054,04,11,0.0,15.172112,1.3541875,2054
14346,r2i1p1f1,2054,04,12,0.0,18.627007,1.9073236,2054
14347,r2i1p1f1,2054,04,13,0.0,20.553183,4.21465,2054
14348,r2i1p1f1,2054,04,14,0.0,20.024483,6.0556316,2054
14349,r2i1p1f1,2054,04,15,0.0,17.135187,2.8816898,2054
14350,r2i1p1f1,2054,04,16,10.929452413120089,11.617718,2.0997288,2054
14351,r2i1p1f1,2054,04,17,6.399973509940082,7.2639933,-1.6993136,2054
14352,r2i1p1f1,2054,04,18,1.056638422778633,9.861426,-1.7583156,2054
14353,r2i1p1f1,2054,04,19,0.0,13.857866,-0.7060487,2054
14354,r2i1p1f1,2054,04,20,0.0,16.770224,1.33057,2054
14355,r2i1p1f1,2054,04,21,1.5335119119299634,16.869686,1.5433197,2054
14356,r2i1p1f1,2054,04,22,28.1868621209469,6.7201343,-3.1708784,2054
14357,r2i1p1f1,2054,04,23,19.263686861631868,8.324336,1.062564,2054
14358,r2i1p1f1,2054,04,24,3.1531398161575908,12.619036,0.8559942,2054
14359,r2i1p1f1,2054,04,25,3.386457367105322,16.784658,-0.59859335,2054
14360,r2i1p1f1,2054,04,26,9.259972309757813,15.026136,4.6148925,2054
14361,r2i1p1f1,2054,04,27,20.01957773700269,11.115955,5.9216585,2054
14362,r2i1p1f1,2054,04,28,3.085497844585916,15.180064,1.9747549,2054
14363,r2i1p1f1,2054,04,29,5.8038872494648786,15.296062,5.239874,2054
14364,r2i1p1f1,2054,04,30,0.0,18.199087,3.8634386,2054
14365,r2i1p1f1,2054,05,01,0.0,20.900663,5.1534123,2054
14366,r2i1p1f1,2054,05,02,0.0,22.709328,7.7126718,2054
14367,r2i1p1f1,2054,05,03,0.5931685850043777,20.276115,6.9272413,2054
14368,r2i1p1f1,2054,05,04,0.0,18.115967,6.4262223,2054
14369,r2i1p1f1,2054,05,05,0.0,19.220066,3.6026273,2054
14370,r2i1p1f1,2054,05,06,0.0,17.908987,3.0814831,2054
14371,r2i1p1f1,2054,05,07,0.0,17.91346,5.6580215,2054
14372,r2i1p1f1,2054,05,08,0.04199626676495427,17.8119,6.682998,2054
14373,r2i1p1f1,2054,05,09,5.5608338908882615,15.06519,4.236064,2054
14374,r2i1p1f1,2054,05,10,3.617294767423118,13.776782,4.7184744,2054
14375,r2i1p1f1,2054,05,11,4.569429822117854,9.3995075,3.1584203,2054
14376,r2i1p1f1,2054,05,12,6.23154414399778,8.741065,2.143279,2054
14377,r2i1p1f1,2054,05,13,0.0,16.16036,4.8261447,2054
14378,r2i1p1f1,2054,05,14,0.0,19.92755,3.2238536,2054
14379,r2i1p1f1,2054,05,15,0.0,25.506252,8.679758,2054
14380,r2i1p1f1,2054,05,16,0.0,28.44674,12.32549,2054
14381,r2i1p1f1,2054,05,17,0.0,30.04699,13.727637,2054
14382,r2i1p1f1,2054,05,18,0.0,31.026703,15.551165,2054
14383,r2i1p1f1,2054,05,19,0.0,28.611057,11.80591,2054
14384,r2i1p1f1,2054,05,20,0.0,27.38626,10.671492,2054
14385,r2i1p1f1,2054,05,21,0.0,27.108513,10.843103,2054
14386,r2i1p1f1,2054,05,22,0.0,27.710579,10.583346,2054
14387,r2i1p1f1,2054,05,23,0.0,27.618935,10.293493,2054
14388,r2i1p1f1,2054,05,24,0.0,24.818995,9.100886,2054
14389,r2i1p1f1,2054,05,25,0.5986897430034333,22.79379,9.774452,2054
14390,r2i1p1f1,2054,05,26,1.530654354598937,21.759352,7.015081,2054
14391,r2i1p1f1,2054,05,27,0.561544967717964,26.723326,10.1451845,2054
14392,r2i1p1f1,2054,05,28,0.012165762200311292,27.651127,10.539061,2054
14393,r2i1p1f1,2054,05,29,0.030134467226616835,21.047045,6.3315673,2054
14394,r2i1p1f1,2054,05,30,0.0,26.765686,11.575692,2054
14395,r2i1p1f1,2054,05,31,0.0,27.239906,11.1869335,2054
14396,r2i1p1f1,2054,06,01,0.0,27.883545,11.74174,2054
14397,r2i1p1f1,2054,06,02,0.0,31.042551,14.439719,2054
14398,r2i1p1f1,2054,06,03,0.0,33.193386,15.656581,2054
14399,r2i1p1f1,2054,06,04,0.03353995307406876,33.634995,17.00684,2054
14400,r2i1p1f1,2054,06,05,0.0,34.233986,16.27376,2054
14401,r2i1p1f1,2054,06,06,0.0,34.12477,16.250408,2054
14402,r2i1p1f1,2054,06,07,0.0,34.315987,16.512276,2054
14403,r2i1p1f1,2054,06,08,0.0,35.71249,18.337198,2054
14404,r2i1p1f1,2054,06,09,0.0513335804498638,36.506607,19.328476,2054
14405,r2i1p1f1,2054,06,10,1.8967322272885667,27.788435,9.107618,2054
14406,r2i1p1f1,2054,06,11,2.258369452039233,23.753798,9.934718,2054
14407,r2i1p1f1,2054,06,12,0.4647423812912166,28.525875,12.598675,2054
14408,r2i1p1f1,2054,06,13,0.2162370729365648,26.374395,10.204975,2054
14409,r2i1p1f1,2054,06,14,0.34227862787474805,19.503801,6.050952,2054
14410,r2i1p1f1,2054,06,15,0.0,21.393147,8.48002,2054
14411,r2i1p1f1,2054,06,16,0.0,23.317053,7.5967636,2054
14412,r2i1p1f1,2054,06,17,0.0,24.76124,7.011027,2054
14413,r2i1p1f1,2054,06,18,0.0,25.701931,6.9503746,2054
14414,r2i1p1f1,2054,06,19,0.0,25.847084,7.8577642,2054
14415,r2i1p1f1,2054,06,20,0.0,28.033695,12.85741,2054
14416,r2i1p1f1,2054,06,21,0.0,28.495737,12.044857,2054
14417,r2i1p1f1,2054,06,22,0.0157535298512812,28.126316,12.193477,2054
14418,r2i1p1f1,2054,06,23,0.0,27.10941,10.634759,2054
14419,r2i1p1f1,2054,06,24,0.001335583147010766,26.199003,8.018234,2054
14420,r2i1p1f1,2054,06,25,0.0,24.381226,8.930203,2054
14421,r2i1p1f1,2054,06,26,0.0,27.012506,10.864326,2054
14422,r2i1p1f1,2054,06,27,0.0,28.081612,10.784429,2054
14423,r2i1p1f1,2054,06,28,0.0,28.474556,11.29322,2054
14424,r2i1p1f1,2054,06,29,0.0,27.757631,7.8318243,2054
14425,r2i1p1f1,2054,06,30,0.0,24.33221,6.8393903,2054
14426,r2i1p1f1,2054,07,01,0.0,22.572899,6.080338,2054
14427,r2i1p1f1,2054,07,02,0.0,25.586702,6.602495,2054
14428,r2i1p1f1,2054,07,03,0.0,28.492283,10.597812,2054
14429,r2i1p1f1,2054,07,04,0.0,32.069534,15.571483,2054
14430,r2i1p1f1,2054,07,05,0.0,33.11806,13.484893,2054
14431,r2i1p1f1,2054,07,06,0.0,33.767387,15.024606,2054
14432,r2i1p1f1,2054,07,07,0.0,34.95145,15.845127,2054
14433,r2i1p1f1,2054,07,08,0.0,36.414032,17.781446,2054
14434,r2i1p1f1,2054,07,09,0.11509526210602417,35.807938,16.549015,2054
14435,r2i1p1f1,2054,07,10,0.0,35.38119,16.889061,2054
14436,r2i1p1f1,2054,07,11,0.0,36.094833,17.681547,2054
14437,r2i1p1f1,2054,07,12,0.0,36.69091,17.264814,2054
14438,r2i1p1f1,2054,07,13,1.2097247677957057,33.563,13.792849,2054
14439,r2i1p1f1,2054,07,14,0.0,33.322937,16.63529,2054
14440,r2i1p1f1,2054,07,15,0.0,34.428787,16.558764,2054
14441,r2i1p1f1,2054,07,16,0.0,35.061058,16.983068,2054
14442,r2i1p1f1,2054,07,17,0.0,36.991596,19.648235,2054
14443,r2i1p1f1,2054,07,18,0.0,37.420612,19.228285,2054
14444,r2i1p1f1,2054,07,19,0.0,37.614506,21.86358,2054
14445,r2i1p1f1,2054,07,20,0.0,36.26007,16.554712,2054
14446,r2i1p1f1,2054,07,21,0.0,35.166363,15.126308,2054
14447,r2i1p1f1,2054,07,22,0.0,36.045734,16.42274,2054
14448,r2i1p1f1,2054,07,23,0.0,36.639145,17.189018,2054
14449,r2i1p1f1,2054,07,24,0.0,36.698868,17.1543,2054
14450,r2i1p1f1,2054,07,25,0.0,36.676712,17.212917,2054
14451,r2i1p1f1,2054,07,26,0.0,31.25998,11.280742,2054
14452,r2i1p1f1,2054,07,27,0.0,31.9666,14.736862,2054
14453,r2i1p1f1,2054,07,28,0.0,33.245895,15.705647,2054
14454,r2i1p1f1,2054,07,29,0.0,33.965034,14.028161,2054
14455,r2i1p1f1,2054,07,30,0.0,32.54278,12.447056,2054
14456,r2i1p1f1,2054,07,31,0.0,30.976536,12.474673,2054
14457,r2i1p1f1,2054,08,01,0.0,34.584732,15.383538,2054
14458,r2i1p1f1,2054,08,02,0.0,38.718487,20.549953,2054
14459,r2i1p1f1,2054,08,03,0.0,41.28962,25.055084,2054
14460,r2i1p1f1,2054,08,04,0.0,42.372917,25.422043,2054
14461,r2i1p1f1,2054,08,05,0.0,41.425484,21.433693,2054
14462,r2i1p1f1,2054,08,06,0.0,37.24769,15.978948,2054
14463,r2i1p1f1,2054,08,07,0.0,32.688225,12.3133335,2054
14464,r2i1p1f1,2054,08,08,0.0,31.132378,12.143543,2054
14465,r2i1p1f1,2054,08,09,0.0,32.81893,15.210225,2054
14466,r2i1p1f1,2054,08,10,0.0,35.93874,17.836773,2054
14467,r2i1p1f1,2054,08,11,0.0,37.899338,18.893772,2054
14468,r2i1p1f1,2054,08,12,0.0,37.19426,16.250956,2054
14469,r2i1p1f1,2054,08,13,0.0,35.976902,18.732367,2054
14470,r2i1p1f1,2054,08,14,0.0,37.021072,20.718077,2054
14471,r2i1p1f1,2054,08,15,0.02785058813969954,37.295303,19.783697,2054
14472,r2i1p1f1,2054,08,16,0.0,37.25998,17.686014,2054
14473,r2i1p1f1,2054,08,17,0.0,36.131138,19.053986,2054
14474,r2i1p1f1,2054,08,18,0.0,35.871563,18.2713,2054
14475,r2i1p1f1,2054,08,19,0.0,36.798473,17.763905,2054
14476,r2i1p1f1,2054,08,20,0.0,37.761196,19.064249,2054
14477,r2i1p1f1,2054,08,21,0.0,37.18035,18.671822,2054
14478,r2i1p1f1,2054,08,22,0.0,38.623585,21.466343,2054
14479,r2i1p1f1,2054,08,23,0.0,35.618107,16.446726,2054
14480,r2i1p1f1,2054,08,24,0.0,34.804703,15.470943,2054
14481,r2i1p1f1,2054,08,25,0.0,33.17568,12.713143,2054
14482,r2i1p1f1,2054,08,26,0.0,31.566162,13.1497345,2054
14483,r2i1p1f1,2054,08,27,0.0,32.94902,19.448784,2054
14484,r2i1p1f1,2054,08,28,6.2545462272737495,27.045656,8.383395,2054
14485,r2i1p1f1,2054,08,29,0.0,30.038748,12.96278,2054
14486,r2i1p1f1,2054,08,30,0.0,30.93607,12.234691,2054
14487,r2i1p1f1,2054,08,31,1.734297757514014,30.635511,11.599594,2054
14488,r2i1p1f1,2054,09,01,0.0,34.23186,17.617577,2054
14489,r2i1p1f1,2054,09,02,0.0,37.916546,20.560083,2054
14490,r2i1p1f1,2054,09,03,0.0,39.11623,20.394737,2054
14491,r2i1p1f1,2054,09,04,0.0,39.255577,21.472883,2054
14492,r2i1p1f1,2054,09,05,0.03544264939137065,38.259808,21.373165,2054
14493,r2i1p1f1,2054,09,06,2.1375192029267964,35.972,19.525616,2054
14494,r2i1p1f1,2054,09,07,0.0,34.193977,18.120079,2054
14495,r2i1p1f1,2054,09,08,0.0,35.132492,17.30221,2054
14496,r2i1p1f1,2054,09,09,0.0,29.928873,13.349309,2054
14497,r2i1p1f1,2054,09,10,0.0,29.170135,14.323018,2054
14498,r2i1p1f1,2054,09,11,0.0,30.067204,14.344448,2054
14499,r2i1p1f1,2054,09,12,0.0,30.00867,13.858383,2054
14500,r2i1p1f1,2054,09,13,0.0,29.729954,11.77416,2054
14501,r2i1p1f1,2054,09,14,0.0,27.45309,8.936192,2054
14502,r2i1p1f1,2054,09,15,0.0,27.719805,9.759249,2054
14503,r2i1p1f1,2054,09,16,0.0,32.07591,15.391756,2054
14504,r2i1p1f1,2054,09,17,0.0,35.716896,19.028992,2054
14505,r2i1p1f1,2054,09,18,0.0,36.172573,17.860588,2054
14506,r2i1p1f1,2054,09,19,0.0,32.91028,15.360417,2054
14507,r2i1p1f1,2054,09,20,0.0,29.88069,11.153726,2054
14508,r2i1p1f1,2054,09,21,0.0,29.26614,13.167412,2054
14509,r2i1p1f1,2054,09,22,0.0,30.069502,13.163707,2054
14510,r2i1p1f1,2054,09,23,0.0,30.176933,11.838115,2054
14511,r2i1p1f1,2054,09,24,0.0,29.699654,10.811512,2054
14512,r2i1p1f1,2054,09,25,0.0,27.43542,8.689384,2054
14513,r2i1p1f1,2054,09,26,0.0,22.271975,5.1830883,2054
14514,r2i1p1f1,2054,09,27,0.0,20.651726,3.5872736,2054
14515,r2i1p1f1,2054,09,28,0.0,21.906555,6.1619387,2054
14516,r2i1p1f1,2054,09,29,0.0,21.925924,5.492008,2054
14517,r2i1p1f1,2054,09,30,0.0,23.569212,5.1363363,2054
14518,r2i1p1f1,2054,10,01,0.0,24.531155,10.287665,2054
14519,r2i1p1f1,2054,10,02,0.0,25.901838,10.275816,2054
14520,r2i1p1f1,2054,10,03,0.0,26.844938,8.089559,2054
14521,r2i1p1f1,2054,10,04,0.0,26.786171,7.991233,2054
14522,r2i1p1f1,2054,10,05,2.9284871410538926,20.215492,5.859777,2054
14523,r2i1p1f1,2054,10,06,5.79225776753276,14.598751,4.600263,2054
14524,r2i1p1f1,2054,10,07,0.0,20.024803,3.0626624,2054
14525,r2i1p1f1,2054,10,08,0.0,23.50039,6.8610067,2054
14526,r2i1p1f1,2054,10,09,0.0,26.613129,9.675934,2054
14527,r2i1p1f1,2054,10,10,0.0,28.484291,12.309401,2054
14528,r2i1p1f1,2054,10,11,0.0,28.62516,12.598084,2054
14529,r2i1p1f1,2054,10,12,0.0,28.721706,14.814472,2054
14530,r2i1p1f1,2054,10,13,0.0,30.021053,13.430591,2054
14531,r2i1p1f1,2054,10,14,35.365485435249866,25.33091,6.3507514,2054
14532,r2i1p1f1,2054,10,15,68.90854260200285,12.172597,0.504335,2054
14533,r2i1p1f1,2054,10,16,13.344141265945098,11.461088,3.6686265,2054
14534,r2i1p1f1,2054,10,17,37.77045197134612,14.63798,5.9854712,2054
14535,r2i1p1f1,2054,10,18,0.0,18.136738,5.2992654,2054
14536,r2i1p1f1,2054,10,19,0.0,19.71084,7.180859,2054
14537,r2i1p1f1,2054,10,20,0.0,19.423597,6.877307,2054
14538,r2i1p1f1,2054,10,21,0.0,20.966751,6.4793534,2054
14539,r2i1p1f1,2054,10,22,0.0,22.05071,8.892066,2054
14540,r2i1p1f1,2054,10,23,0.0,21.607298,7.5458655,2054
14541,r2i1p1f1,2054,10,24,0.0,22.364235,9.185562,2054
14542,r2i1p1f1,2054,10,25,0.0,21.77001,7.02945,2054
14543,r2i1p1f1,2054,10,26,1.1081317253626821,16.897745,8.867467,2054
14544,r2i1p1f1,2054,10,27,0.0,22.445133,7.0587864,2054
14545,r2i1p1f1,2054,10,28,0.0,24.079195,7.903618,2054
14546,r2i1p1f1,2054,10,29,0.0,24.7891,11.582387,2054
14547,r2i1p1f1,2054,10,30,0.0,24.683521,9.322966,2054
14548,r2i1p1f1,2054,10,31,0.0,19.828743,8.716358,2054
14549,r2i1p1f1,2054,11,01,0.0,22.069624,8.751205,2054
14550,r2i1p1f1,2054,11,02,0.0,23.03292,9.215143,2054
14551,r2i1p1f1,2054,11,03,0.0,24.448042,10.363979,2054
14552,r2i1p1f1,2054,11,04,0.0,24.595097,10.22068,2054
14553,r2i1p1f1,2054,11,05,0.0,24.49805,10.178159,2054
14554,r2i1p1f1,2054,11,06,0.0,24.80529,10.553448,2054
14555,r2i1p1f1,2054,11,07,0.0,25.466393,10.791223,2054
14556,r2i1p1f1,2054,11,08,0.0,23.79866,9.058172,2054
14557,r2i1p1f1,2054,11,09,0.0,20.695839,8.063297,2054
14558,r2i1p1f1,2054,11,10,0.0,21.959717,7.050844,2054
14559,r2i1p1f1,2054,11,11,0.0,22.32394,7.9434314,2054
14560,r2i1p1f1,2054,11,12,0.0,21.915716,7.177865,2054
14561,r2i1p1f1,2054,11,13,0.0,20.885374,8.622017,2054
14562,r2i1p1f1,2054,11,14,0.0,21.175175,7.9926586,2054
14563,r2i1p1f1,2054,11,15,0.004339399674790911,20.71823,6.437221,2054
14564,r2i1p1f1,2054,11,16,0.0,21.626442,7.0680056,2054
14565,r2i1p1f1,2054,11,17,0.0,22.687878,8.23924,2054
14566,r2i1p1f1,2054,11,18,0.0,21.69104,6.613582,2054
14567,r2i1p1f1,2054,11,19,0.0,18.48635,3.6246943,2054
14568,r2i1p1f1,2054,11,20,13.343551238449436,14.279543,4.3082767,2054
14569,r2i1p1f1,2054,11,21,9.052790485975493,8.589564,4.3615413,2054
14570,r2i1p1f1,2054,11,22,0.0,13.836757,-0.73723346,2054
14571,r2i1p1f1,2054,11,23,0.0,17.360287,3.1409707,2054
14572,r2i1p1f1,2054,11,24,0.0,18.765257,7.1411624,2054
14573,r2i1p1f1,2054,11,25,0.0,19.526737,6.4088526,2054
14574,r2i1p1f1,2054,11,26,0.0,13.540654,0.22319391,2054
14575,r2i1p1f1,2054,11,27,0.0,12.110436,-3.7158594,2054
14576,r2i1p1f1,2054,11,28,0.0,15.995904,0.67928004,2054
14577,r2i1p1f1,2054,11,29,0.0,17.36619,6.3785315,2054
14578,r2i1p1f1,2054,11,30,0.0,15.717399,4.808668,2054
14579,r2i1p1f1,2054,12,01,0.0004259802835804294,16.428673,4.580013,2054
14580,r2i1p1f1,2054,12,02,0.0,16.275818,4.2861605,2054
14581,r2i1p1f1,2054,12,03,0.0,15.98022,5.028067,2054
14582,r2i1p1f1,2054,12,04,0.0,11.268385,4.850171,2054
14583,r2i1p1f1,2054,12,05,19.00177034585795,14.714474,10.576203,2054
14584,r2i1p1f1,2054,12,06,0.0,14.808182,3.8846724,2054
14585,r2i1p1f1,2054,12,07,0.0,12.923547,-2.2856865,2054
14586,r2i1p1f1,2054,12,08,0.0,8.220923,-4.327139,2054
14587,r2i1p1f1,2054,12,09,0.0,4.936679,-5.7354717,2054
14588,r2i1p1f1,2054,12,10,0.0,2.5621486,-9.632432,2054
14589,r2i1p1f1,2054,12,11,0.0,5.3808417,-6.2081614,2054
14590,r2i1p1f1,2054,12,12,0.0,5.9032507,-5.548247,2054
14591,r2i1p1f1,2054,12,13,0.0,8.77865,-4.376395,2054
14592,r2i1p1f1,2054,12,14,4.1425199441817995,8.592482,-3.8041027,2054
14593,r2i1p1f1,2054,12,15,49.3974277000234,4.6569266,1.0057981,2054
14594,r2i1p1f1,2054,12,16,0.8545818270249583,4.7661924,-3.1597972,2054
14595,r2i1p1f1,2054,12,17,0.018548439038568176,2.198614,-10.526632,2054
14596,r2i1p1f1,2054,12,18,0.0,6.6301236,-7.6747994,2054
14597,r2i1p1f1,2054,12,19,0.0,7.312052,-3.9828906,2054
14598,r2i1p1f1,2054,12,20,0.1993811597401418,5.481253,-1.310327,2054
14599,r2i1p1f1,2054,12,21,0.002774538461380871,7.531904,-0.14357789,2054
14600,r2i1p1f1,2054,12,22,0.0,9.239875,0.6131159,2054
14601,r2i1p1f1,2054,12,23,0.013743580029768054,14.727308,2.052759,2054
14602,r2i1p1f1,2054,12,24,0.0,13.946695,2.8701062,2054
14603,r2i1p1f1,2054,12,25,4.996646947938643,12.976232,1.4383423,2054
14604,r2i1p1f1,2054,12,26,25.057234976679865,8.761887,2.6012483,2054
14605,r2i1p1f1,2054,12,27,21.51777885919728,7.508505,2.6263504,2054
14606,r2i1p1f1,2054,12,28,51.16374296085269,12.205663,2.913043,2054
14607,r2i1p1f1,2054,12,29,44.20028277927486,11.396909,1.1286659,2054
14608,r2i1p1f1,2054,12,30,4.278094494850393,5.3938723,-0.042556338,2054
14609,r2i1p1f1,2054,12,31,0.0,6.4571567,-1.3510435,2054
14610,r2i1p1f1,2055,01,01,0.0,8.868059,-1.2790434,2055
14611,r2i1p1f1,2055,01,02,0.0,8.978582,-2.2135699,2055
14612,r2i1p1f1,2055,01,03,0.0,10.198939,-2.265412,2055
14613,r2i1p1f1,2055,01,04,18.504064002809173,7.6178417,-1.7083056,2055
14614,r2i1p1f1,2055,01,05,5.989827836867789,8.488527,2.4374745,2055
14615,r2i1p1f1,2055,01,06,0.7960954823488464,9.214183,2.4185214,2055
14616,r2i1p1f1,2055,01,07,0.07422654985589361,10.41582,1.3860162,2055
14617,r2i1p1f1,2055,01,08,0.0,10.633263,-0.3744564,2055
14618,r2i1p1f1,2055,01,09,29.927314301676233,9.220768,2.691917,2055
14619,r2i1p1f1,2055,01,10,12.270318643277278,8.27422,2.836638,2055
14620,r2i1p1f1,2055,01,11,1.7210493474863142,16.807238,3.0197613,2055
14621,r2i1p1f1,2055,01,12,0.0,16.174791,2.1386383,2055
14622,r2i1p1f1,2055,01,13,7.964724323937844,15.1659155,5.7010274,2055
14623,r2i1p1f1,2055,01,14,2.8274940217102085,12.899929,4.315754,2055
14624,r2i1p1f1,2055,01,15,34.32802038951195,9.821159,5.9012017,2055
14625,r2i1p1f1,2055,01,16,9.49093266061709,11.096199,-1.6375991,2055
14626,r2i1p1f1,2055,01,17,0.463206139659178,8.720795,0.17823812,2055
14627,r2i1p1f1,2055,01,18,0.715944748333186,8.482072,3.7168512,2055
14628,r2i1p1f1,2055,01,19,0.0,13.964619,4.041994,2055
14629,r2i1p1f1,2055,01,20,0.0,16.373186,1.8812239,2055
14630,r2i1p1f1,2055,01,21,0.0,14.175007,1.788626,2055
14631,r2i1p1f1,2055,01,22,0.0,15.089335,3.4558702,2055
14632,r2i1p1f1,2055,01,23,0.0,15.931349,4.1258354,2055
14633,r2i1p1f1,2055,01,24,0.0,15.9279,3.9417446,2055
14634,r2i1p1f1,2055,01,25,0.0,15.787264,4.4424624,2055
14635,r2i1p1f1,2055,01,26,0.0,16.083061,4.0490527,2055
14636,r2i1p1f1,2055,01,27,0.0,15.48683,3.9784856,2055
14637,r2i1p1f1,2055,01,28,0.0,15.714695,2.4844937,2055
14638,r2i1p1f1,2055,01,29,0.0,15.812927,2.4714594,2055
14639,r2i1p1f1,2055,01,30,0.0,15.661307,3.0512986,2055
14640,r2i1p1f1,2055,01,31,1.036420759203338,12.949856,4.7127647,2055
14641,r2i1p1f1,2055,02,01,3.9447675792985137,13.558652,3.620151,2055
14642,r2i1p1f1,2055,02,02,0.7581880923112294,13.493181,6.969076,2055
14643,r2i1p1f1,2055,02,03,0.0,17.387642,6.373577,2055
14644,r2i1p1f1,2055,02,04,0.0,17.010128,4.7466846,2055
14645,r2i1p1f1,2055,02,05,0.0,14.996944,5.8991485,2055
14646,r2i1p1f1,2055,02,06,0.0,15.738637,5.459556,2055
14647,r2i1p1f1,2055,02,07,0.0,17.37713,5.496694,2055
14648,r2i1p1f1,2055,02,08,0.0,17.803286,5.318893,2055
14649,r2i1p1f1,2055,02,09,0.0,17.856453,5.039832,2055
14650,r2i1p1f1,2055,02,10,8.646062308343971,14.099316,5.486595,2055
14651,r2i1p1f1,2055,02,11,0.0,14.344991,3.295723,2055
14652,r2i1p1f1,2055,02,12,0.0,16.292276,3.8845394,2055
14653,r2i1p1f1,2055,02,13,0.0,16.226469,3.4759135,2055
14654,r2i1p1f1,2055,02,14,0.0,16.854706,4.029927,2055
14655,r2i1p1f1,2055,02,15,0.0,13.151441,4.8216763,2055
14656,r2i1p1f1,2055,02,16,24.58135038777982,14.0518465,3.5656788,2055
14657,r2i1p1f1,2055,02,17,20.34589624331602,12.065807,4.083909,2055
14658,r2i1p1f1,2055,02,18,62.74885261373129,12.561772,5.249758,2055
14659,r2i1p1f1,2055,02,19,43.78290839165402,12.156134,5.7071714,2055
14660,r2i1p1f1,2055,02,20,18.026465986122275,10.385408,-1.9526457,2055
14661,r2i1p1f1,2055,02,21,0.8709072210365321,9.52476,1.2994268,2055
14662,r2i1p1f1,2055,02,22,0.031857500744081335,12.029254,1.0756376,2055
14663,r2i1p1f1,2055,02,23,0.0,15.607978,1.4635812,2055
14664,r2i1p1f1,2055,02,24,0.0,15.374542,4.470886,2055
14665,r2i1p1f1,2055,02,25,0.0,14.561144,3.9979236,2055
14666,r2i1p1f1,2055,02,26,3.0406355537479612,12.311384,3.0726342,2055
14667,r2i1p1f1,2055,02,27,0.6001713686373478,11.874412,1.5394053,2055
14668,r2i1p1f1,2055,02,28,4.568008078686603,15.468528,4.0116544,2055
14669,r2i1p1f1,2055,03,01,2.0354420578883037,15.718182,7.315945,2055
14670,r2i1p1f1,2055,03,02,5.119310848726855,14.682476,6.5670857,2055
14671,r2i1p1f1,2055,03,03,3.1778979001842345,10.107243,6.0510626,2055
14672,r2i1p1f1,2055,03,04,2.0289447180616094,11.16209,-1.4788611,2055
14673,r2i1p1f1,2055,03,05,3.3143056519747915,7.7887845,-0.46991503,2055
14674,r2i1p1f1,2055,03,06,0.0,12.910645,0.4627745,2055
14675,r2i1p1f1,2055,03,07,0.0,15.196119,0.1598728,2055
14676,r2i1p1f1,2055,03,08,0.0,16.644506,5.4439025,2055
14677,r2i1p1f1,2055,03,09,0.0,18.519539,1.8406942,2055
14678,r2i1p1f1,2055,03,10,0.39146313106286357,18.68986,5.4218473,2055
14679,r2i1p1f1,2055,03,11,1.3033497336238042,11.589086,1.614318,2055
14680,r2i1p1f1,2055,03,12,0.0,13.42671,0.79354113,2055
14681,r2i1p1f1,2055,03,13,0.0,13.825888,0.72513473,2055
14682,r2i1p1f1,2055,03,14,0.0,16.106213,1.7531228,2055
14683,r2i1p1f1,2055,03,15,0.0,16.956135,3.4596682,2055
14684,r2i1p1f1,2055,03,16,0.0,18.734613,4.8325944,2055
14685,r2i1p1f1,2055,03,17,0.0,20.694801,5.229431,2055
14686,r2i1p1f1,2055,03,18,0.0,22.466145,6.6227016,2055
14687,r2i1p1f1,2055,03,19,0.0,23.365217,6.591418,2055
14688,r2i1p1f1,2055,03,20,5.415562974148003,15.883845,3.383909,2055
14689,r2i1p1f1,2055,03,21,11.620858950118418,14.656535,2.835342,2055
14690,r2i1p1f1,2055,03,22,6.562573738756328,10.1055355,-2.7783961,2055
14691,r2i1p1f1,2055,03,23,0.0,12.60088,-0.7182572,2055
14692,r2i1p1f1,2055,03,24,0.0,14.890423,1.8514987,2055
14693,r2i1p1f1,2055,03,25,13.978051753110776,13.17225,2.8671088,2055
14694,r2i1p1f1,2055,03,26,21.621386858441838,9.273171,-3.6250415,2055
14695,r2i1p1f1,2055,03,27,0.0046541493645690934,10.597912,-1.3326068,2055
14696,r2i1p1f1,2055,03,28,0.22283284042714513,14.483431,5.0194154,2055
14697,r2i1p1f1,2055,03,29,0.0,17.360611,3.983902,2055
14698,r2i1p1f1,2055,03,30,0.0,19.055546,3.7770224,2055
14699,r2i1p1f1,2055,03,31,0.0,21.532553,5.7157497,2055
14700,r2i1p1f1,2055,04,01,0.0,25.418114,9.384967,2055
14701,r2i1p1f1,2055,04,02,0.0,25.853477,10.998466,2055
14702,r2i1p1f1,2055,04,03,0.0,25.28191,10.734137,2055
14703,r2i1p1f1,2055,04,04,0.0,27.416838,12.398367,2055
14704,r2i1p1f1,2055,04,05,0.0,28.041767,11.584648,2055
14705,r2i1p1f1,2055,04,06,0.0,27.977352,10.261818,2055
14706,r2i1p1f1,2055,04,07,0.0,22.748592,7.5682163,2055
14707,r2i1p1f1,2055,04,08,0.0,16.808271,4.721883,2055
14708,r2i1p1f1,2055,04,09,0.0,18.087547,4.3969417,2055
14709,r2i1p1f1,2055,04,10,0.11971189629775836,15.1039295,0.28901714,2055
14710,r2i1p1f1,2055,04,11,24.00857816573989,13.000734,6.314929,2055
14711,r2i1p1f1,2055,04,12,10.737893108347407,9.705121,2.9546156,2055
14712,r2i1p1f1,2055,04,13,0.0,13.641861,0.7449753,2055
14713,r2i1p1f1,2055,04,14,3.2624315777184165,12.422936,0.8535376,2055
14714,r2i1p1f1,2055,04,15,21.241103128704708,9.032593,0.9082707,2055
14715,r2i1p1f1,2055,04,16,0.0010555768483300199,12.316556,-0.5591906,2055
14716,r2i1p1f1,2055,04,17,0.0,14.834913,-0.9006898,2055
14717,r2i1p1f1,2055,04,18,0.0,16.055029,0.2591005,2055
14718,r2i1p1f1,2055,04,19,0.0,15.399303,2.5079503,2055
14719,r2i1p1f1,2055,04,20,0.0,17.767344,2.798298,2055
14720,r2i1p1f1,2055,04,21,0.0,19.168564,3.9138057,2055
14721,r2i1p1f1,2055,04,22,0.0,22.545378,6.222434,2055
14722,r2i1p1f1,2055,04,23,0.06218637444135311,21.280676,8.385699,2055
14723,r2i1p1f1,2055,04,24,0.0,25.240427,9.337858,2055
14724,r2i1p1f1,2055,04,25,2.5321695068214467,19.736551,6.584635,2055
14725,r2i1p1f1,2055,04,26,0.16375439734019892,24.017273,8.59586,2055
14726,r2i1p1f1,2055,04,27,0.0,18.703573,3.1492918,2055
14727,r2i1p1f1,2055,04,28,0.0,20.850082,4.704733,2055
14728,r2i1p1f1,2055,04,29,0.0,21.378902,7.74222,2055
14729,r2i1p1f1,2055,04,30,0.0,21.038445,5.995176,2055
14730,r2i1p1f1,2055,05,01,0.0,21.988304,7.12996,2055
14731,r2i1p1f1,2055,05,02,0.0,23.167559,7.939005,2055
14732,r2i1p1f1,2055,05,03,0.0,24.96939,7.5269337,2055
14733,r2i1p1f1,2055,05,04,0.0,27.846075,11.068636,2055
14734,r2i1p1f1,2055,05,05,0.0,30.586103,13.605753,2055
14735,r2i1p1f1,2055,05,06,0.0,29.47992,11.813817,2055
14736,r2i1p1f1,2055,05,07,0.14035581702955824,25.734657,10.942475,2055
14737,r2i1p1f1,2055,05,08,0.0,28.008417,11.710709,2055
14738,r2i1p1f1,2055,05,09,0.0,27.31291,11.260092,2055
14739,r2i1p1f1,2055,05,10,0.0,27.453047,10.218539,2055
14740,r2i1p1f1,2055,05,11,0.0,26.46952,10.355072,2055
14741,r2i1p1f1,2055,05,12,0.0,27.897156,11.1504,2055
14742,r2i1p1f1,2055,05,13,0.0,27.248121,11.12339,2055
14743,r2i1p1f1,2055,05,14,0.018126446366295568,26.224407,9.551798,2055
14744,r2i1p1f1,2055,05,15,0.08473009060026016,21.511156,7.0684867,2055
14745,r2i1p1f1,2055,05,16,0.6975447489168118,20.08495,5.389764,2055
14746,r2i1p1f1,2055,05,17,0.564229303756747,20.40742,5.8433456,2055
14747,r2i1p1f1,2055,05,18,0.0,28.496603,11.988644,2055
14748,r2i1p1f1,2055,05,19,0.0,31.226149,15.380386,2055
14749,r2i1p1f1,2055,05,20,0.0,31.678162,14.359965,2055
14750,r2i1p1f1,2055,05,21,0.0,31.703482,12.01856,2055
14751,r2i1p1f1,2055,05,22,0.0,30.82566,13.209071,2055
14752,r2i1p1f1,2055,05,23,0.0,29.997274,14.3493805,2055
14753,r2i1p1f1,2055,05,24,0.0,30.528267,14.0364275,2055
14754,r2i1p1f1,2055,05,25,0.0,28.954506,11.111791,2055
14755,r2i1p1f1,2055,05,26,0.0,29.61553,14.764781,2055
14756,r2i1p1f1,2055,05,27,0.0,28.38808,12.238668,2055
14757,r2i1p1f1,2055,05,28,0.0,29.165684,11.84882,2055
14758,r2i1p1f1,2055,05,29,0.0,28.628632,11.111223,2055
14759,r2i1p1f1,2055,05,30,0.0,29.376211,11.161552,2055
14760,r2i1p1f1,2055,05,31,0.0,30.356123,13.698145,2055
14761,r2i1p1f1,2055,06,01,0.0,31.173811,12.894667,2055
14762,r2i1p1f1,2055,06,02,0.006291091995080933,31.352852,14.459152,2055
14763,r2i1p1f1,2055,06,03,0.0,30.88757,14.55801,2055
14764,r2i1p1f1,2055,06,04,0.0,31.167847,13.687849,2055
14765,r2i1p1f1,2055,06,05,0.0,31.642378,14.191845,2055
14766,r2i1p1f1,2055,06,06,0.0,30.897474,12.638343,2055
14767,r2i1p1f1,2055,06,07,0.0,29.191437,11.08937,2055
14768,r2i1p1f1,2055,06,08,0.14907767390468507,25.41412,10.096612,2055
14769,r2i1p1f1,2055,06,09,0.11295491894571796,23.969975,7.337794,2055
14770,r2i1p1f1,2055,06,10,0.009497341306996532,26.35185,12.163874,2055
14771,r2i1p1f1,2055,06,11,0.0,28.546501,12.609669,2055
14772,r2i1p1f1,2055,06,12,0.0,29.553026,11.750231,2055
14773,r2i1p1f1,2055,06,13,0.0,29.59239,12.260335,2055
14774,r2i1p1f1,2055,06,14,0.0,29.289259,11.537249,2055
14775,r2i1p1f1,2055,06,15,0.0,31.196598,13.082359,2055
14776,r2i1p1f1,2055,06,16,0.0,27.127375,10.398761,2055
14777,r2i1p1f1,2055,06,17,0.0,27.823185,10.630932,2055
14778,r2i1p1f1,2055,06,18,0.0,29.411333,12.200768,2055
14779,r2i1p1f1,2055,06,19,0.0,32.12247,15.263206,2055
14780,r2i1p1f1,2055,06,20,0.0,32.945717,11.890373,2055
14781,r2i1p1f1,2055,06,21,0.0,30.096127,12.811207,2055
14782,r2i1p1f1,2055,06,22,0.0,30.190413,13.016369,2055
14783,r2i1p1f1,2055,06,23,0.0,30.53377,13.586925,2055
14784,r2i1p1f1,2055,06,24,0.0,31.587772,13.494536,2055
14785,r2i1p1f1,2055,06,25,0.0,36.60608,18.56728,2055
14786,r2i1p1f1,2055,06,26,0.006084197593736462,35.743023,16.313248,2055
14787,r2i1p1f1,2055,06,27,0.0,30.697075,12.899831,2055
14788,r2i1p1f1,2055,06,28,1.4765526499786574,30.820374,13.404362,2055
14789,r2i1p1f1,2055,06,29,0.0,29.457907,12.674648,2055
14790,r2i1p1f1,2055,06,30,0.0,32.805378,15.220823,2055
14791,r2i1p1f1,2055,07,01,0.0,33.027058,19.624563,2055
14792,r2i1p1f1,2055,07,02,0.0,28.42469,11.120498,2055
14793,r2i1p1f1,2055,07,03,0.0013793510333925951,28.110146,13.31771,2055
14794,r2i1p1f1,2055,07,04,2.0588640571276073,27.502926,8.867241,2055
14795,r2i1p1f1,2055,07,05,0.0,24.062168,11.819292,2055
14796,r2i1p1f1,2055,07,06,0.0,26.805069,13.070412,2055
14797,r2i1p1f1,2055,07,07,0.0,27.987885,12.746194,2055
14798,r2i1p1f1,2055,07,08,0.02560296668434603,26.615944,14.843913,2055
14799,r2i1p1f1,2055,07,09,0.8983225102838333,26.938145,9.5511,2055
14800,r2i1p1f1,2055,07,10,0.0,38.159416,18.05159,2055
14801,r2i1p1f1,2055,07,11,0.028390238230713294,37.21499,18.876215,2055
14802,r2i1p1f1,2055,07,12,0.0,35.513107,16.179398,2055
14803,r2i1p1f1,2055,07,13,0.0,34.79549,18.178032,2055
14804,r2i1p1f1,2055,07,14,0.0,37.183018,19.553175,2055
14805,r2i1p1f1,2055,07,15,0.0,36.983852,18.05311,2055
14806,r2i1p1f1,2055,07,16,0.0,35.0419,18.377424,2055
14807,r2i1p1f1,2055,07,17,0.0,35.23375,17.628826,2055
14808,r2i1p1f1,2055,07,18,0.002781441799015738,34.03459,14.465511,2055
14809,r2i1p1f1,2055,07,19,0.29029802101376845,34.46203,15.660444,2055
14810,r2i1p1f1,2055,07,20,0.0,35.852367,19.22618,2055
14811,r2i1p1f1,2055,07,21,0.23527882220832907,35.619125,15.464903,2055
14812,r2i1p1f1,2055,07,22,0.0,31.089926,16.205757,2055
14813,r2i1p1f1,2055,07,23,0.0,32.613632,17.386946,2055
14814,r2i1p1f1,2055,07,24,0.0,33.366146,13.606436,2055
14815,r2i1p1f1,2055,07,25,0.0,33.552906,13.722404,2055
14816,r2i1p1f1,2055,07,26,0.0,32.529648,13.4274025,2055
14817,r2i1p1f1,2055,07,27,0.0,34.528316,16.630516,2055
14818,r2i1p1f1,2055,07,28,0.0,36.291332,18.587416,2055
14819,r2i1p1f1,2055,07,29,0.0,38.14368,19.38909,2055
14820,r2i1p1f1,2055,07,30,0.0,38.80148,19.06522,2055
14821,r2i1p1f1,2055,07,31,0.0,37.978935,19.512629,2055
14822,r2i1p1f1,2055,08,01,0.0,37.95018,20.509342,2055
14823,r2i1p1f1,2055,08,02,0.0,38.861637,18.51389,2055
14824,r2i1p1f1,2055,08,03,0.0,36.78238,16.117311,2055
14825,r2i1p1f1,2055,08,04,0.0,36.293957,17.041803,2055
14826,r2i1p1f1,2055,08,05,0.0,31.593977,13.164883,2055
14827,r2i1p1f1,2055,08,06,0.0,30.756344,12.514994,2055
14828,r2i1p1f1,2055,08,07,0.0,29.468864,13.156689,2055
14829,r2i1p1f1,2055,08,08,0.0,32.72558,15.892024,2055
14830,r2i1p1f1,2055,08,09,0.0,33.273235,16.08846,2055
14831,r2i1p1f1,2055,08,10,0.0,33.37754,15.002245,2055
14832,r2i1p1f1,2055,08,11,0.0,34.06725,16.257912,2055
14833,r2i1p1f1,2055,08,12,0.0,35.481323,15.843201,2055
14834,r2i1p1f1,2055,08,13,0.0,32.335278,10.81744,2055
14835,r2i1p1f1,2055,08,14,0.0,27.542646,8.852535,2055
14836,r2i1p1f1,2055,08,15,0.0,31.062479,13.22062,2055
14837,r2i1p1f1,2055,08,16,0.0,35.993347,17.83268,2055
14838,r2i1p1f1,2055,08,17,0.0,39.61429,22.057882,2055
14839,r2i1p1f1,2055,08,18,0.0,40.37961,24.45977,2055
14840,r2i1p1f1,2055,08,19,0.0,42.52083,23.288277,2055
14841,r2i1p1f1,2055,08,20,0.0,39.04121,19.643904,2055
14842,r2i1p1f1,2055,08,21,0.0,36.65729,18.912798,2055
14843,r2i1p1f1,2055,08,22,0.0,32.73952,14.094273,2055
14844,r2i1p1f1,2055,08,23,0.0,32.826454,15.308422,2055
14845,r2i1p1f1,2055,08,24,0.0,35.211,17.458,2055
14846,r2i1p1f1,2055,08,25,0.0,35.655685,15.989271,2055
14847,r2i1p1f1,2055,08,26,0.0,34.73641,16.987083,2055
14848,r2i1p1f1,2055,08,27,0.0,35.142918,17.369972,2055
14849,r2i1p1f1,2055,08,28,0.0,35.248005,17.498423,2055
14850,r2i1p1f1,2055,08,29,0.0,36.99378,18.58727,2055
14851,r2i1p1f1,2055,08,30,0.0,38.78793,20.968027,2055
14852,r2i1p1f1,2055,08,31,0.0,40.776836,21.434813,2055
14853,r2i1p1f1,2055,09,01,0.0,38.25928,20.711761,2055
14854,r2i1p1f1,2055,09,02,0.03825415922165121,36.827614,18.654955,2055
14855,r2i1p1f1,2055,09,03,0.0,30.231436,13.933949,2055
14856,r2i1p1f1,2055,09,04,0.0,31.431541,14.542262,2055
14857,r2i1p1f1,2055,09,05,0.0,31.57037,13.150399,2055
14858,r2i1p1f1,2055,09,06,0.0,30.297974,13.46715,2055
14859,r2i1p1f1,2055,09,07,0.0,30.042837,13.301315,2055
14860,r2i1p1f1,2055,09,08,0.0,33.169308,15.734746,2055
14861,r2i1p1f1,2055,09,09,0.0,35.480984,17.33785,2055
14862,r2i1p1f1,2055,09,10,0.0,36.31444,17.517874,2055
14863,r2i1p1f1,2055,09,11,0.0,35.72135,17.066929,2055
14864,r2i1p1f1,2055,09,12,0.0,36.19307,18.885084,2055
14865,r2i1p1f1,2055,09,13,0.0,37.155712,19.085238,2055
14866,r2i1p1f1,2055,09,14,0.0,37.64516,18.63441,2055
14867,r2i1p1f1,2055,09,15,0.0,37.009117,19.278027,2055
14868,r2i1p1f1,2055,09,16,0.0,37.23852,18.231094,2055
14869,r2i1p1f1,2055,09,17,0.0,36.523884,18.349922,2055
14870,r2i1p1f1,2055,09,18,0.0,32.739506,15.876916,2055
14871,r2i1p1f1,2055,09,19,0.0,33.215797,16.148651,2055
14872,r2i1p1f1,2055,09,20,0.015666718201146068,31.467363,15.025103,2055
14873,r2i1p1f1,2055,09,21,0.002371655409660889,28.546946,14.881393,2055
14874,r2i1p1f1,2055,09,22,0.0,32.316326,16.19514,2055
14875,r2i1p1f1,2055,09,23,0.0,33.43323,14.791325,2055
14876,r2i1p1f1,2055,09,24,9.67318421427592,28.344757,11.978147,2055
14877,r2i1p1f1,2055,09,25,0.39073116906251926,17.626894,6.8690963,2055
14878,r2i1p1f1,2055,09,26,0.0,21.557281,3.491412,2055
14879,r2i1p1f1,2055,09,27,0.0,23.687597,4.886116,2055
14880,r2i1p1f1,2055,09,28,0.0,26.83004,8.353683,2055
14881,r2i1p1f1,2055,09,29,0.0,27.473911,11.089855,2055
14882,r2i1p1f1,2055,09,30,3.732123479052518,26.693167,5.280025,2055
14883,r2i1p1f1,2055,10,01,14.59560374312332,17.672483,7.8782034,2055
14884,r2i1p1f1,2055,10,02,0.0,16.6436,6.5017185,2055
14885,r2i1p1f1,2055,10,03,0.0,19.206028,4.396263,2055
14886,r2i1p1f1,2055,10,04,0.0,22.79713,5.9628334,2055
14887,r2i1p1f1,2055,10,05,0.0,25.777086,8.710351,2055
14888,r2i1p1f1,2055,10,06,0.0,28.20346,11.402462,2055
14889,r2i1p1f1,2055,10,07,0.0,28.832895,11.639759,2055
14890,r2i1p1f1,2055,10,08,0.0,29.224745,12.826375,2055
14891,r2i1p1f1,2055,10,09,0.0,28.707249,10.218867,2055
14892,r2i1p1f1,2055,10,10,0.0,24.65022,9.226591,2055
14893,r2i1p1f1,2055,10,11,0.0,23.775742,7.736498,2055
14894,r2i1p1f1,2055,10,12,0.0,25.723066,9.933993,2055
14895,r2i1p1f1,2055,10,13,0.0,28.842878,14.756302,2055
14896,r2i1p1f1,2055,10,14,0.0,30.407358,13.88962,2055
14897,r2i1p1f1,2055,10,15,0.0,28.162838,11.81623,2055
14898,r2i1p1f1,2055,10,16,0.0,26.401888,10.679779,2055
14899,r2i1p1f1,2055,10,17,0.0,25.079216,9.197573,2055
14900,r2i1p1f1,2055,10,18,0.0,23.80655,8.732195,2055
14901,r2i1p1f1,2055,10,19,0.0,24.394634,9.951895,2055
14902,r2i1p1f1,2055,10,20,0.0,24.225815,6.24592,2055
14903,r2i1p1f1,2055,10,21,84.42313601262867,19.997429,11.996464,2055
14904,r2i1p1f1,2055,10,22,7.782981082237939,16.750122,8.405854,2055
14905,r2i1p1f1,2055,10,23,0.0,21.701529,8.283576,2055
14906,r2i1p1f1,2055,10,24,0.0,23.27053,11.266815,2055
14907,r2i1p1f1,2055,10,25,0.0,23.286108,11.61887,2055
14908,r2i1p1f1,2055,10,26,0.0,22.115686,10.506186,2055
14909,r2i1p1f1,2055,10,27,0.0,21.657822,8.653916,2055
14910,r2i1p1f1,2055,10,28,0.0,23.419054,9.807789,2055
14911,r2i1p1f1,2055,10,29,0.0,23.64471,10.249284,2055
14912,r2i1p1f1,2055,10,30,40.14731893039425,16.273968,9.284629,2055
14913,r2i1p1f1,2055,10,31,19.565679064771757,13.678537,6.839915,2055
14914,r2i1p1f1,2055,11,01,9.354893868635372,13.408484,6.2610736,2055
14915,r2i1p1f1,2055,11,02,0.0,18.08364,4.739607,2055
14916,r2i1p1f1,2055,11,03,0.0,19.086779,6.4429975,2055
14917,r2i1p1f1,2055,11,04,0.0,19.34955,7.87382,2055
14918,r2i1p1f1,2055,11,05,0.0,15.405331,4.491701,2055
14919,r2i1p1f1,2055,11,06,0.0,14.8254175,3.6211705,2055
14920,r2i1p1f1,2055,11,07,0.0,13.95661,2.3586435,2055
14921,r2i1p1f1,2055,11,08,0.0,14.850331,3.3731701,2055
14922,r2i1p1f1,2055,11,09,0.0,16.335327,3.2951066,2055
14923,r2i1p1f1,2055,11,10,0.0,17.18374,3.3587236,2055
14924,r2i1p1f1,2055,11,11,0.0,16.808302,3.7955792,2055
14925,r2i1p1f1,2055,11,12,0.0,15.767864,5.0676723,2055
14926,r2i1p1f1,2055,11,13,0.24074408784144907,15.207971,3.8818533,2055
14927,r2i1p1f1,2055,11,14,0.0,16.794146,3.390706,2055
14928,r2i1p1f1,2055,11,15,0.0,15.091154,5.73528,2055
14929,r2i1p1f1,2055,11,16,0.0,16.98598,4.0236073,2055
14930,r2i1p1f1,2055,11,17,0.0,18.604471,4.001598,2055
14931,r2i1p1f1,2055,11,18,0.0,16.953098,5.8951936,2055
14932,r2i1p1f1,2055,11,19,1.6108380839170877,14.612576,4.087773,2055
14933,r2i1p1f1,2055,11,20,59.76258966620662,14.915218,4.1874003,2055
14934,r2i1p1f1,2055,11,21,18.50773279296618,8.562825,3.9986658,2055
14935,r2i1p1f1,2055,11,22,12.796129223556818,9.057204,0.11835109,2055
14936,r2i1p1f1,2055,11,23,0.0,11.101826,-1.0164561,2055
14937,r2i1p1f1,2055,11,24,0.0,12.264808,-0.61942536,2055
14938,r2i1p1f1,2055,11,25,0.0,12.526618,-0.91637,2055
14939,r2i1p1f1,2055,11,26,0.0,12.166413,1.269371,2055
14940,r2i1p1f1,2055,11,27,0.0,13.584528,1.2576125,2055
14941,r2i1p1f1,2055,11,28,0.0,15.23368,2.7516487,2055
14942,r2i1p1f1,2055,11,29,0.0,15.846239,1.9202504,2055
14943,r2i1p1f1,2055,11,30,0.0,16.636356,3.0264096,2055
14944,r2i1p1f1,2055,12,01,0.27494700934767025,12.660711,3.0361335,2055
14945,r2i1p1f1,2055,12,02,0.0,9.967501,-1.6958803,2055
14946,r2i1p1f1,2055,12,03,6.386480802598271,8.721106,-0.9638014,2055
14947,r2i1p1f1,2055,12,04,1.8821811941165834,7.1206393,0.3610515,2055
14948,r2i1p1f1,2055,12,05,0.0,9.965531,-0.8249942,2055
14949,r2i1p1f1,2055,12,06,0.0,11.04478,0.13529328,2055
14950,r2i1p1f1,2055,12,07,0.0,12.460724,1.0321566,2055
14951,r2i1p1f1,2055,12,08,0.0,13.996861,1.6504207,2055
14952,r2i1p1f1,2055,12,09,0.0,13.930507,1.944753,2055
14953,r2i1p1f1,2055,12,10,0.0,13.0011425,1.9594522,2055
14954,r2i1p1f1,2055,12,11,0.0,13.170452,0.24811718,2055
14955,r2i1p1f1,2055,12,12,0.0,13.793342,1.2291015,2055
14956,r2i1p1f1,2055,12,13,0.0,15.015871,4.1746984,2055
14957,r2i1p1f1,2055,12,14,0.0,15.091102,4.475813,2055
14958,r2i1p1f1,2055,12,15,0.019271271230536513,10.500574,-0.16980998,2055
14959,r2i1p1f1,2055,12,16,0.0,9.910697,-0.24309248,2055
14960,r2i1p1f1,2055,12,17,0.0,9.693378,-1.3579834,2055
14961,r2i1p1f1,2055,12,18,0.0,10.393902,-0.28170905,2055
14962,r2i1p1f1,2055,12,19,0.08089933046449005,11.003132,0.040753946,2055
14963,r2i1p1f1,2055,12,20,0.0,12.055133,1.8807468,2055
14964,r2i1p1f1,2055,12,21,0.0,12.030312,-0.09837421,2055
14965,r2i1p1f1,2055,12,22,0.0004857439080296899,12.24941,1.3173186,2055
14966,r2i1p1f1,2055,12,23,1.6736910872396038,8.176758,-0.4961035,2055
14967,r2i1p1f1,2055,12,24,0.03494603282376829,9.255686,-2.4080417,2055
14968,r2i1p1f1,2055,12,25,11.843128103771505,5.6942163,-3.4135022,2055
14969,r2i1p1f1,2055,12,26,19.237158639316476,6.3800206,0.5647428,2055
14970,r2i1p1f1,2055,12,27,9.368960139249793,7.5707493,2.28245,2055
14971,r2i1p1f1,2055,12,28,0.0,10.787901,-0.97039276,2055
14972,r2i1p1f1,2055,12,29,0.0,12.302669,0.58824027,2055
14973,r2i1p1f1,2055,12,30,0.0,11.549114,0.45458958,2055
14974,r2i1p1f1,2055,12,31,0.0,12.353289,0.70929825,2055
14975,r2i1p1f1,2056,01,01,4.8898946767621965,11.22937,1.8100725,2056
14976,r2i1p1f1,2056,01,02,0.0,9.583039,-1.4200176,2056
14977,r2i1p1f1,2056,01,03,0.0,9.117956,-3.6220334,2056
14978,r2i1p1f1,2056,01,04,0.0,6.083131,-0.051204044,2056
14979,r2i1p1f1,2056,01,05,19.999083045695443,4.0408583,-1.5914495,2056
14980,r2i1p1f1,2056,01,06,0.22031745432400385,6.4523363,-0.02524307,2056
14981,r2i1p1f1,2056,01,07,4.283923341699847,9.235676,-0.08845118,2056
14982,r2i1p1f1,2056,01,08,33.62445802486036,10.351415,3.266681,2056
14983,r2i1p1f1,2056,01,09,42.40621925418964,12.108987,6.81746,2056
14984,r2i1p1f1,2056,01,10,2.5982067679933607,11.85277,5.5311832,2056
14985,r2i1p1f1,2056,01,11,0.0,13.207015,2.2815375,2056
14986,r2i1p1f1,2056,01,12,41.93515408478561,11.880862,-0.85058486,2056
14987,r2i1p1f1,2056,01,13,0.0,9.372511,-1.1175624,2056
14988,r2i1p1f1,2056,01,14,1.040589025456029,8.430499,3.6715693,2056
14989,r2i1p1f1,2056,01,15,1.293738207396089,11.633825,4.297664,2056
14990,r2i1p1f1,2056,01,16,0.0,13.541778,2.0351,2056
14991,r2i1p1f1,2056,01,17,0.0,17.188528,3.999781,2056
14992,r2i1p1f1,2056,01,18,0.0,16.9338,4.9239035,2056
14993,r2i1p1f1,2056,01,19,0.0,17.20423,6.194723,2056
14994,r2i1p1f1,2056,01,20,0.0,14.557646,3.7579634,2056
14995,r2i1p1f1,2056,01,21,0.0,15.897793,3.729167,2056
14996,r2i1p1f1,2056,01,22,0.0,12.770493,3.069046,2056
14997,r2i1p1f1,2056,01,23,0.0,13.007792,2.771955,2056
14998,r2i1p1f1,2056,01,24,0.0,12.658671,2.7768805,2056
14999,r2i1p1f1,2056,01,25,0.0,13.191947,3.2246103,2056
15000,r2i1p1f1,2056,01,26,0.0,16.941124,4.396776,2056
15001,r2i1p1f1,2056,01,27,0.0,18.595316,5.7453117,2056
15002,r2i1p1f1,2056,01,28,0.0,18.028645,5.907747,2056
15003,r2i1p1f1,2056,01,29,0.0,18.660591,6.3133135,2056
15004,r2i1p1f1,2056,01,30,0.0,17.100145,3.3140543,2056
15005,r2i1p1f1,2056,01,31,0.0,13.093163,3.2808454,2056
15006,r2i1p1f1,2056,02,01,28.546647140319692,13.3371315,3.5068362,2056
15007,r2i1p1f1,2056,02,02,5.752414061350919,10.235766,3.2224286,2056
15008,r2i1p1f1,2056,02,03,18.109916736432297,10.595544,3.9701598,2056
15009,r2i1p1f1,2056,02,04,32.6564832826989,11.744534,3.7169025,2056
15010,r2i1p1f1,2056,02,05,0.020199842515467026,10.651703,-0.59267443,2056
15011,r2i1p1f1,2056,02,06,0.09899569379285822,11.410676,0.45274222,2056
15012,r2i1p1f1,2056,02,07,5.770710847218652,10.158376,1.4974625,2056
15013,r2i1p1f1,2056,02,08,9.137870557970018,9.7213545,2.4707692,2056
15014,r2i1p1f1,2056,02,09,39.84046440200473,9.593057,3.455198,2056
15015,r2i1p1f1,2056,02,10,2.9900193734022196,9.897291,3.2687125,2056
15016,r2i1p1f1,2056,02,11,2.438415800088478,13.186579,2.7399626,2056
15017,r2i1p1f1,2056,02,12,0.0,12.759354,4.744398,2056
15018,r2i1p1f1,2056,02,13,0.0,15.9287615,5.1520596,2056
15019,r2i1p1f1,2056,02,14,0.0,17.443819,4.8393016,2056
15020,r2i1p1f1,2056,02,15,0.0,16.553885,4.805629,2056
15021,r2i1p1f1,2056,02,16,3.7182949778411967,15.590962,3.899988,2056
15022,r2i1p1f1,2056,02,17,0.22673625317111146,11.4316,1.475226,2056
15023,r2i1p1f1,2056,02,18,69.79455431574024,12.848546,3.2663932,2056
15024,r2i1p1f1,2056,02,19,12.956312419100868,15.178432,4.2664933,2056
15025,r2i1p1f1,2056,02,20,0.044633671359406435,14.913003,1.5691297,2056
15026,r2i1p1f1,2056,02,21,51.80336907724268,9.885945,3.4481456,2056
15027,r2i1p1f1,2056,02,22,53.46609821335733,9.261301,3.58684,2056
15028,r2i1p1f1,2056,02,23,25.250936294287385,7.9458084,-0.50402725,2056
15029,r2i1p1f1,2056,02,24,3.8083250782165123,8.466501,-0.8400808,2056
15030,r2i1p1f1,2056,02,25,0.1114088861825735,9.918342,-2.7110221,2056
15031,r2i1p1f1,2056,02,26,31.93195723579265,8.99055,2.1851315,2056
15032,r2i1p1f1,2056,02,27,27.014525957747537,9.607997,3.448501,2056
15033,r2i1p1f1,2056,02,28,39.22457624357776,9.3589525,-1.9072791,2056
15034,r2i1p1f1,2056,02,29,38.60753787084832,10.61549,0.8008447,2056
15035,r2i1p1f1,2056,03,01,35.51415718793578,12.535036,4.948535,2056
15036,r2i1p1f1,2056,03,02,11.651564386306745,9.553547,-2.0336933,2056
15037,r2i1p1f1,2056,03,03,12.53314519117339,7.2033515,3.2889426,2056
15038,r2i1p1f1,2056,03,04,13.794726180276484,10.740347,7.0983505,2056
15039,r2i1p1f1,2056,03,05,0.0,16.793705,0.23095576,2056
15040,r2i1p1f1,2056,03,06,0.0,19.635353,3.1095161,2056
15041,r2i1p1f1,2056,03,07,0.0,19.148323,4.193567,2056
15042,r2i1p1f1,2056,03,08,0.0,15.377502,2.345458,2056
15043,r2i1p1f1,2056,03,09,0.0,17.36672,3.5803866,2056
15044,r2i1p1f1,2056,03,10,0.0,17.816954,3.4389334,2056
15045,r2i1p1f1,2056,03,11,0.0,20.084118,5.156643,2056
15046,r2i1p1f1,2056,03,12,0.0,22.99292,8.007378,2056
15047,r2i1p1f1,2056,03,13,0.0,22.55288,6.978934,2056
15048,r2i1p1f1,2056,03,14,4.290030893378116,16.112617,1.7612958,2056
15049,r2i1p1f1,2056,03,15,0.2702325590689725,9.3411045,0.16796929,2056
15050,r2i1p1f1,2056,03,16,0.0,14.4239435,-0.060481653,2056
15051,r2i1p1f1,2056,03,17,0.0,19.306217,3.1638799,2056
15052,r2i1p1f1,2056,03,18,0.0,21.058493,5.357555,2056
15053,r2i1p1f1,2056,03,19,0.0,21.59477,6.4376445,2056
15054,r2i1p1f1,2056,03,20,0.0,19.98159,6.4759283,2056
15055,r2i1p1f1,2056,03,21,5.2722453869250785,15.699556,1.3313243,2056
15056,r2i1p1f1,2056,03,22,4.184689208682357,6.291539,-2.5567527,2056
15057,r2i1p1f1,2056,03,23,4.6921776851831964,12.855066,4.5173154,2056
15058,r2i1p1f1,2056,03,24,0.0,18.030691,2.5760484,2056
15059,r2i1p1f1,2056,03,25,0.0,19.852852,3.9212368,2056
15060,r2i1p1f1,2056,03,26,0.0,22.663774,5.972588,2056
15061,r2i1p1f1,2056,03,27,0.0,26.150183,9.776918,2056
15062,r2i1p1f1,2056,03,28,0.0,27.16204,9.732374,2056
15063,r2i1p1f1,2056,03,29,0.0,27.909096,10.636926,2056
15064,r2i1p1f1,2056,03,30,0.0,28.829643,12.167673,2056
15065,r2i1p1f1,2056,03,31,0.0,30.113512,14.108049,2056
15066,r2i1p1f1,2056,04,01,0.0,27.15586,11.282223,2056
15067,r2i1p1f1,2056,04,02,0.31376341768805105,25.582115,8.477238,2056
15068,r2i1p1f1,2056,04,03,10.254908151955533,15.989846,7.2762537,2056
15069,r2i1p1f1,2056,04,04,5.855860566600768,11.248238,0.86430216,2056
15070,r2i1p1f1,2056,04,05,0.0,15.353313,-1.139435,2056
15071,r2i1p1f1,2056,04,06,0.0,14.461158,0.18964614,2056
15072,r2i1p1f1,2056,04,07,0.0,18.484566,3.4656494,2056
15073,r2i1p1f1,2056,04,08,0.0,22.140564,5.505422,2056
15074,r2i1p1f1,2056,04,09,0.0,22.256138,4.644649,2056
15075,r2i1p1f1,2056,04,10,0.0,20.033924,5.054429,2056
15076,r2i1p1f1,2056,04,11,0.8035981861212349,17.210697,2.410979,2056
15077,r2i1p1f1,2056,04,12,0.0,16.627472,0.3330147,2056
15078,r2i1p1f1,2056,04,13,22.045789127059834,13.449986,0.2538585,2056
15079,r2i1p1f1,2056,04,14,0.0,11.771541,-0.23587397,2056
15080,r2i1p1f1,2056,04,15,0.0,16.124006,1.8641044,2056
15081,r2i1p1f1,2056,04,16,0.0,16.604454,0.77795637,2056
15082,r2i1p1f1,2056,04,17,19.67860818003828,14.654005,3.8299603,2056
15083,r2i1p1f1,2056,04,18,54.269747287617065,11.606137,2.9137263,2056
15084,r2i1p1f1,2056,04,19,13.915054780591163,6.75675,-1.3066646,2056
15085,r2i1p1f1,2056,04,20,1.1901957218356074,13.366438,1.9936327,2056
15086,r2i1p1f1,2056,04,21,0.0,18.920624,2.5480943,2056
15087,r2i1p1f1,2056,04,22,0.0,20.912819,4.5020547,2056
15088,r2i1p1f1,2056,04,23,0.0,22.67682,6.264473,2056
15089,r2i1p1f1,2056,04,24,0.0,22.013136,7.8367157,2056
15090,r2i1p1f1,2056,04,25,0.0,20.200706,6.237455,2056
15091,r2i1p1f1,2056,04,26,0.0,23.690708,7.851165,2056
15092,r2i1p1f1,2056,04,27,0.0,25.340996,9.760742,2056
15093,r2i1p1f1,2056,04,28,0.0,26.960732,10.176813,2056
15094,r2i1p1f1,2056,04,29,0.0,25.685665,9.798964,2056
15095,r2i1p1f1,2056,04,30,0.0,23.470533,8.233693,2056
15096,r2i1p1f1,2056,05,01,0.0,25.157097,9.178482,2056
15097,r2i1p1f1,2056,05,02,0.0,26.491796,9.643078,2056
15098,r2i1p1f1,2056,05,03,0.0,27.205793,9.732281,2056
15099,r2i1p1f1,2056,05,04,0.0,27.972395,11.631741,2056
15100,r2i1p1f1,2056,05,05,0.0,28.840738,12.047807,2056
15101,r2i1p1f1,2056,05,06,0.0,31.071648,14.067759,2056
15102,r2i1p1f1,2056,05,07,0.0,31.763733,14.331968,2056
15103,r2i1p1f1,2056,05,08,0.0,32.661606,17.425566,2056
15104,r2i1p1f1,2056,05,09,0.0,33.130543,17.377441,2056
15105,r2i1p1f1,2056,05,10,0.0,33.366352,14.422463,2056
15106,r2i1p1f1,2056,05,11,0.0,31.139872,12.51739,2056
15107,r2i1p1f1,2056,05,12,0.0,28.765568,10.968489,2056
15108,r2i1p1f1,2056,05,13,0.0,27.034014,10.330627,2056
15109,r2i1p1f1,2056,05,14,0.0,30.431004,13.3835745,2056
15110,r2i1p1f1,2056,05,15,0.0,31.349047,14.370724,2056
15111,r2i1p1f1,2056,05,16,0.0,32.498024,14.135673,2056
15112,r2i1p1f1,2056,05,17,0.0,32.490192,15.269653,2056
15113,r2i1p1f1,2056,05,18,0.0,31.879574,14.43968,2056
15114,r2i1p1f1,2056,05,19,0.0,32.1253,14.172367,2056
15115,r2i1p1f1,2056,05,20,0.0,32.099163,14.182825,2056
15116,r2i1p1f1,2056,05,21,0.0,32.31459,15.230757,2056
15117,r2i1p1f1,2056,05,22,0.0,32.74251,15.001675,2056
15118,r2i1p1f1,2056,05,23,0.0,31.225029,13.635891,2056
15119,r2i1p1f1,2056,05,24,0.0,32.337463,14.435215,2056
15120,r2i1p1f1,2056,05,25,0.0,33.63666,15.9211235,2056
15121,r2i1p1f1,2056,05,26,0.0,34.525448,16.571026,2056
15122,r2i1p1f1,2056,05,27,0.0,35.750183,18.508688,2056
15123,r2i1p1f1,2056,05,28,0.0,36.084377,18.788609,2056
15124,r2i1p1f1,2056,05,29,0.0,35.744213,17.384327,2056
15125,r2i1p1f1,2056,05,30,0.0,33.318012,16.768002,2056
15126,r2i1p1f1,2056,05,31,0.0,30.691673,13.7577305,2056
15127,r2i1p1f1,2056,06,01,0.0,30.624294,13.534805,2056
15128,r2i1p1f1,2056,06,02,0.0,29.684214,10.366667,2056
15129,r2i1p1f1,2056,06,03,0.014818397039562115,21.571161,3.844343,2056
15130,r2i1p1f1,2056,06,04,0.0,24.32849,6.194435,2056
15131,r2i1p1f1,2056,06,05,0.0,26.404676,8.715748,2056
15132,r2i1p1f1,2056,06,06,0.0,26.782108,9.544423,2056
15133,r2i1p1f1,2056,06,07,0.0,27.337889,9.740098,2056
15134,r2i1p1f1,2056,06,08,0.0,30.793741,12.11467,2056
15135,r2i1p1f1,2056,06,09,0.5005073993743281,31.251902,14.33842,2056
15136,r2i1p1f1,2056,06,10,0.0,31.727762,11.245784,2056
15137,r2i1p1f1,2056,06,11,0.0,28.849112,10.217265,2056
15138,r2i1p1f1,2056,06,12,0.0,26.630856,10.782153,2056
15139,r2i1p1f1,2056,06,13,0.0,27.603203,12.221823,2056
15140,r2i1p1f1,2056,06,14,0.0,28.91448,10.874496,2056
15141,r2i1p1f1,2056,06,15,0.0,29.09124,10.838901,2056
15142,r2i1p1f1,2056,06,16,0.0,28.4324,10.980625,2056
15143,r2i1p1f1,2056,06,17,0.0,31.26535,12.4424,2056
15144,r2i1p1f1,2056,06,18,1.9690377393899894,29.53806,10.893829,2056
15145,r2i1p1f1,2056,06,19,0.960600868148731,27.450766,11.271923,2056
15146,r2i1p1f1,2056,06,20,0.0,32.11751,12.653413,2056
15147,r2i1p1f1,2056,06,21,0.0,31.68716,13.38402,2056
15148,r2i1p1f1,2056,06,22,0.0,29.916368,10.996505,2056
15149,r2i1p1f1,2056,06,23,0.0,26.798668,10.831697,2056
15150,r2i1p1f1,2056,06,24,0.0,25.964863,10.378486,2056
15151,r2i1p1f1,2056,06,25,0.0,27.117846,10.774416,2056
15152,r2i1p1f1,2056,06,26,0.0,28.114826,11.255244,2056
15153,r2i1p1f1,2056,06,27,0.5909100688313629,24.28996,6.5445037,2056
15154,r2i1p1f1,2056,06,28,0.0,24.530098,6.6645527,2056
15155,r2i1p1f1,2056,06,29,0.0,21.946104,4.645854,2056
15156,r2i1p1f1,2056,06,30,0.0,22.793358,6.2686048,2056
15157,r2i1p1f1,2056,07,01,0.0,27.948364,10.891415,2056
15158,r2i1p1f1,2056,07,02,0.0,34.27245,16.821594,2056
15159,r2i1p1f1,2056,07,03,0.0,37.75712,19.856567,2056
15160,r2i1p1f1,2056,07,04,0.0,38.75873,20.784763,2056
15161,r2i1p1f1,2056,07,05,0.0,38.095398,19.088972,2056
15162,r2i1p1f1,2056,07,06,0.0,35.994003,15.085931,2056
15163,r2i1p1f1,2056,07,07,0.0,34.934483,14.844245,2056
15164,r2i1p1f1,2056,07,08,0.0,34.622597,17.093334,2056
15165,r2i1p1f1,2056,07,09,0.0,35.446102,16.487669,2056
15166,r2i1p1f1,2056,07,10,0.0,34.966637,16.37039,2056
15167,r2i1p1f1,2056,07,11,0.0,34.374153,15.423645,2056
15168,r2i1p1f1,2056,07,12,0.0,35.007263,16.881845,2056
15169,r2i1p1f1,2056,07,13,0.0,35.51838,17.092659,2056
15170,r2i1p1f1,2056,07,14,0.0,34.370937,15.793418,2056
15171,r2i1p1f1,2056,07,15,0.0,33.78633,14.737435,2056
15172,r2i1p1f1,2056,07,16,0.0,35.20843,16.520655,2056
15173,r2i1p1f1,2056,07,17,0.0,35.914906,16.698105,2056
15174,r2i1p1f1,2056,07,18,0.0,36.704395,18.535435,2056
15175,r2i1p1f1,2056,07,19,0.0,37.641266,19.633379,2056
15176,r2i1p1f1,2056,07,20,0.0,37.938843,19.087502,2056
15177,r2i1p1f1,2056,07,21,0.0,38.258564,18.921713,2056
15178,r2i1p1f1,2056,07,22,0.0,37.147568,19.28182,2056
15179,r2i1p1f1,2056,07,23,0.0,36.45584,18.95305,2056
15180,r2i1p1f1,2056,07,24,0.0,37.18089,18.080631,2056
15181,r2i1p1f1,2056,07,25,0.0,37.298313,17.971998,2056
15182,r2i1p1f1,2056,07,26,0.0,36.5353,17.580149,2056
15183,r2i1p1f1,2056,07,27,0.0,35.23918,14.210829,2056
15184,r2i1p1f1,2056,07,28,0.0,34.383133,16.24938,2056
15185,r2i1p1f1,2056,07,29,0.0,34.974586,17.702606,2056
15186,r2i1p1f1,2056,07,30,0.0,33.666203,15.509304,2056
15187,r2i1p1f1,2056,07,31,0.0,35.401886,16.76402,2056
15188,r2i1p1f1,2056,08,01,0.0,38.58117,20.5684,2056
15189,r2i1p1f1,2056,08,02,0.0,39.717163,20.857128,2056
15190,r2i1p1f1,2056,08,03,0.0,40.1679,19.90879,2056
15191,r2i1p1f1,2056,08,04,0.0,36.959988,17.339516,2056
15192,r2i1p1f1,2056,08,05,0.0,34.105305,13.382444,2056
15193,r2i1p1f1,2056,08,06,0.0,32.5487,14.520248,2056
15194,r2i1p1f1,2056,08,07,0.0,34.173912,14.881441,2056
15195,r2i1p1f1,2056,08,08,0.0,34.783745,16.123283,2056
15196,r2i1p1f1,2056,08,09,0.0,34.202194,16.20715,2056
15197,r2i1p1f1,2056,08,10,0.0,33.72718,16.48986,2056
15198,r2i1p1f1,2056,08,11,0.0,34.434715,17.688406,2056
15199,r2i1p1f1,2056,08,12,0.0,36.716095,19.056623,2056
15200,r2i1p1f1,2056,08,13,0.0036558712963596918,38.06579,20.285875,2056
15201,r2i1p1f1,2056,08,14,0.11045107967220247,36.174553,21.884716,2056
15202,r2i1p1f1,2056,08,15,1.627461113798745,34.391525,20.001787,2056
15203,r2i1p1f1,2056,08,16,13.202382964664139,28.356022,8.911598,2056
15204,r2i1p1f1,2056,08,17,0.0,31.165392,13.267853,2056
15205,r2i1p1f1,2056,08,18,0.010661259190669625,31.163754,15.714452,2056
15206,r2i1p1f1,2056,08,19,0.0666674046314597,30.425764,14.053577,2056
15207,r2i1p1f1,2056,08,20,0.0,34.295845,17.310555,2056
15208,r2i1p1f1,2056,08,21,0.0,35.19493,18.994377,2056
15209,r2i1p1f1,2056,08,22,0.5652691374052665,30.606466,13.027743,2056
15210,r2i1p1f1,2056,08,23,0.21586281857253198,33.37592,15.459976,2056
15211,r2i1p1f1,2056,08,24,0.0,34.443794,19.689356,2056
15212,r2i1p1f1,2056,08,25,0.0,35.544094,18.760183,2056
15213,r2i1p1f1,2056,08,26,0.0,35.987766,17.402113,2056
15214,r2i1p1f1,2056,08,27,0.0,36.1898,18.196747,2056
15215,r2i1p1f1,2056,08,28,0.0,37.9663,20.927818,2056
15216,r2i1p1f1,2056,08,29,0.0,39.45191,19.873896,2056
15217,r2i1p1f1,2056,08,30,0.0,38.3811,21.295668,2056
15218,r2i1p1f1,2056,08,31,14.576399013003538,36.863865,15.815602,2056
15219,r2i1p1f1,2056,09,01,0.09736710194374609,32.551056,17.392643,2056
15220,r2i1p1f1,2056,09,02,0.0,32.095932,18.345259,2056
15221,r2i1p1f1,2056,09,03,0.0,34.419292,18.997913,2056
15222,r2i1p1f1,2056,09,04,0.0,38.090664,21.23362,2056
15223,r2i1p1f1,2056,09,05,0.0,38.928883,21.733843,2056
15224,r2i1p1f1,2056,09,06,0.0,39.473686,20.734035,2056
15225,r2i1p1f1,2056,09,07,0.0,37.893192,19.321663,2056
15226,r2i1p1f1,2056,09,08,0.0,37.286545,18.514597,2056
15227,r2i1p1f1,2056,09,09,0.03983225064985163,36.39023,18.811314,2056
15228,r2i1p1f1,2056,09,10,0.07353005000823032,37.10707,18.097008,2056
15229,r2i1p1f1,2056,09,11,0.0,34.83879,20.348204,2056
15230,r2i1p1f1,2056,09,12,0.0,35.338913,18.93824,2056
15231,r2i1p1f1,2056,09,13,0.0,35.46202,19.70541,2056
15232,r2i1p1f1,2056,09,14,0.0,36.085392,19.39682,2056
15233,r2i1p1f1,2056,09,15,0.0,37.380657,18.983818,2056
15234,r2i1p1f1,2056,09,16,0.0,36.683193,20.455956,2056
15235,r2i1p1f1,2056,09,17,0.0,35.814285,17.794313,2056
15236,r2i1p1f1,2056,09,18,0.0,35.582767,17.251177,2056
15237,r2i1p1f1,2056,09,19,0.0,35.14237,17.307743,2056
15238,r2i1p1f1,2056,09,20,0.0,36.048374,18.4626,2056
15239,r2i1p1f1,2056,09,21,0.0,36.156,18.281197,2056
15240,r2i1p1f1,2056,09,22,0.0,36.49848,18.795856,2056
15241,r2i1p1f1,2056,09,23,0.0,35.739147,17.390326,2056
15242,r2i1p1f1,2056,09,24,0.0,33.689976,17.25969,2056
15243,r2i1p1f1,2056,09,25,0.0,32.398373,17.350546,2056
15244,r2i1p1f1,2056,09,26,0.0,32.63664,16.028189,2056
15245,r2i1p1f1,2056,09,27,0.0,32.122005,15.702142,2056
15246,r2i1p1f1,2056,09,28,0.0,32.475937,14.202108,2056
15247,r2i1p1f1,2056,09,29,0.0,33.742645,15.826606,2056
15248,r2i1p1f1,2056,09,30,0.0,32.973957,15.740099,2056
15249,r2i1p1f1,2056,10,01,0.0,27.609669,10.895909,2056
15250,r2i1p1f1,2056,10,02,0.0,28.925179,12.255722,2056
15251,r2i1p1f1,2056,10,03,0.0,30.914663,13.277035,2056
15252,r2i1p1f1,2056,10,04,0.0,32.66947,14.970326,2056
15253,r2i1p1f1,2056,10,05,0.0,29.675266,12.294846,2056
15254,r2i1p1f1,2056,10,06,0.0,25.949123,9.614121,2056
15255,r2i1p1f1,2056,10,07,0.20549297827301416,23.304161,7.547592,2056
15256,r2i1p1f1,2056,10,08,10.215202626824293,15.1291065,5.899339,2056
15257,r2i1p1f1,2056,10,09,4.368218240577448,15.237213,5.6582055,2056
15258,r2i1p1f1,2056,10,10,0.0,18.467539,6.1780005,2056
15259,r2i1p1f1,2056,10,11,0.0,20.67804,7.1382194,2056
15260,r2i1p1f1,2056,10,12,0.0,21.190788,9.154249,2056
15261,r2i1p1f1,2056,10,13,0.0,21.924198,8.927827,2056
15262,r2i1p1f1,2056,10,14,0.0,21.291906,7.408354,2056
15263,r2i1p1f1,2056,10,15,0.0,20.725292,7.3420224,2056
15264,r2i1p1f1,2056,10,16,0.05168846973901964,22.817541,8.956218,2056
15265,r2i1p1f1,2056,10,17,0.0,24.999,9.238953,2056
15266,r2i1p1f1,2056,10,18,0.0,25.440187,8.802695,2056
15267,r2i1p1f1,2056,10,19,0.0,25.766897,10.766285,2056
15268,r2i1p1f1,2056,10,20,0.0,26.267279,11.53421,2056
15269,r2i1p1f1,2056,10,21,0.017150951498479117,25.977217,10.077591,2056
15270,r2i1p1f1,2056,10,22,6.710326869847449,20.865332,7.707684,2056
15271,r2i1p1f1,2056,10,23,0.0,22.89799,12.121023,2056
15272,r2i1p1f1,2056,10,24,0.0,24.45964,11.186413,2056
15273,r2i1p1f1,2056,10,25,0.0,24.407915,9.153156,2056
15274,r2i1p1f1,2056,10,26,0.09447140964766731,24.603825,9.637128,2056
15275,r2i1p1f1,2056,10,27,1.151720572488557,20.352734,8.159726,2056
15276,r2i1p1f1,2056,10,28,0.0,23.612617,9.569971,2056
15277,r2i1p1f1,2056,10,29,0.0,23.892845,10.330361,2056
15278,r2i1p1f1,2056,10,30,0.0,24.888176,10.047633,2056
15279,r2i1p1f1,2056,10,31,0.0,26.259193,10.73753,2056
15280,r2i1p1f1,2056,11,01,0.0,24.379292,10.466803,2056
15281,r2i1p1f1,2056,11,02,0.0,24.873592,8.158801,2056
15282,r2i1p1f1,2056,11,03,0.0,21.653893,6.106168,2056
15283,r2i1p1f1,2056,11,04,2.0543032610135015,17.495792,6.1448445,2056
15284,r2i1p1f1,2056,11,05,66.27151023349143,11.6789665,8.276497,2056
15285,r2i1p1f1,2056,11,06,0.014773836724657485,14.757741,2.885347,2056
15286,r2i1p1f1,2056,11,07,0.0,18.97103,5.3614597,2056
15287,r2i1p1f1,2056,11,08,0.0,21.282684,7.8505945,2056
15288,r2i1p1f1,2056,11,09,0.024419628738314714,19.592052,7.372343,2056
15289,r2i1p1f1,2056,11,10,0.1813381098827449,13.700612,7.8942056,2056
15290,r2i1p1f1,2056,11,11,0.0,18.321463,5.7902274,2056
15291,r2i1p1f1,2056,11,12,0.0,18.970804,6.501181,2056
15292,r2i1p1f1,2056,11,13,4.920245578500726,15.657813,6.0158024,2056
15293,r2i1p1f1,2056,11,14,10.975263694194837,11.417736,5.8346496,2056
15294,r2i1p1f1,2056,11,15,0.4593182653167105,11.970723,4.3617477,2056
15295,r2i1p1f1,2056,11,16,0.29592070131911896,17.100777,4.463015,2056
15296,r2i1p1f1,2056,11,17,0.0,17.751352,7.0536084,2056
15297,r2i1p1f1,2056,11,18,9.218187319834215,15.297175,7.509636,2056
15298,r2i1p1f1,2056,11,19,0.0,10.462868,-1.3295282,2056
15299,r2i1p1f1,2056,11,20,0.0,13.575455,-1.2979435,2056
15300,r2i1p1f1,2056,11,21,0.0,15.450361,1.3750987,2056
15301,r2i1p1f1,2056,11,22,0.0,14.912521,1.3310941,2056
15302,r2i1p1f1,2056,11,23,0.0,14.417345,3.6253526,2056
15303,r2i1p1f1,2056,11,24,0.0,12.911723,1.4176936,2056
15304,r2i1p1f1,2056,11,25,0.10213608049980394,15.129527,3.2709758,2056
15305,r2i1p1f1,2056,11,26,0.005471282929647714,14.901701,4.3317623,2056
15306,r2i1p1f1,2056,11,27,0.0,12.754943,-0.010119809,2056
15307,r2i1p1f1,2056,11,28,0.0,16.68042,1.2452731,2056
15308,r2i1p1f1,2056,11,29,0.05731021765313926,17.244656,5.5565376,2056
15309,r2i1p1f1,2056,11,30,0.27757069098015563,12.430084,6.186026,2056
15310,r2i1p1f1,2056,12,01,0.0,15.5513525,3.2209883,2056
15311,r2i1p1f1,2056,12,02,0.0,15.019237,3.4956176,2056
15312,r2i1p1f1,2056,12,03,0.057013895821000915,14.966836,5.0433445,2056
15313,r2i1p1f1,2056,12,04,0.05503877585368855,12.977807,7.7466726,2056
15314,r2i1p1f1,2056,12,05,0.0,17.62664,4.633783,2056
15315,r2i1p1f1,2056,12,06,3.411039670163518,16.606363,5.7397666,2056
15316,r2i1p1f1,2056,12,07,51.25684338854626,12.215717,7.075291,2056
15317,r2i1p1f1,2056,12,08,5.964875489667065,11.64128,7.148358,2056
15318,r2i1p1f1,2056,12,09,0.0,14.494265,2.0817215,2056
15319,r2i1p1f1,2056,12,10,9.437231152719505,14.309989,3.8091006,2056
15320,r2i1p1f1,2056,12,11,0.9184345744813527,13.3202305,7.877672,2056
15321,r2i1p1f1,2056,12,12,0.0,12.8317995,2.7035267,2056
15322,r2i1p1f1,2056,12,13,0.0,12.019777,0.65916073,2056
15323,r2i1p1f1,2056,12,14,30.2047208075237,11.077188,5.212699,2056
15324,r2i1p1f1,2056,12,15,0.0,9.449556,-2.789548,2056
15325,r2i1p1f1,2056,12,16,9.188561704831955,9.18202,-0.80999345,2056
15326,r2i1p1f1,2056,12,17,8.173037494725577,9.1722975,2.8469682,2056
15327,r2i1p1f1,2056,12,18,0.0,11.001422,1.6191479,2056
15328,r2i1p1f1,2056,12,19,1.7039286183830882,12.023293,1.674203,2056
15329,r2i1p1f1,2056,12,20,4.691812693272368,10.335632,0.83664674,2056
15330,r2i1p1f1,2056,12,21,0.0,10.387623,-0.05718136,2056
15331,r2i1p1f1,2056,12,22,14.298770378331938,9.066598,2.0101628,2056
15332,r2i1p1f1,2056,12,23,14.969436701721861,8.0439005,3.2377083,2056
15333,r2i1p1f1,2056,12,24,0.0,9.846688,-1.689473,2056
15334,r2i1p1f1,2056,12,25,0.0,9.425703,-1.2890818,2056
15335,r2i1p1f1,2056,12,26,0.0,9.678357,-1.888035,2056
15336,r2i1p1f1,2056,12,27,0.0,8.838511,-0.7110643,2056
15337,r2i1p1f1,2056,12,28,0.0,8.00008,-1.6629008,2056
15338,r2i1p1f1,2056,12,29,0.0,8.561484,-1.3092448,2056
15339,r2i1p1f1,2056,12,30,0.0,10.219843,2.818987,2056
15340,r2i1p1f1,2056,12,31,0.0,14.706882,2.8436725,2056
15341,r2i1p1f1,2057,01,01,0.0,14.1705675,3.4073308,2057
15342,r2i1p1f1,2057,01,02,0.0,14.845164,3.6062071,2057
15343,r2i1p1f1,2057,01,03,0.0,13.603114,2.1875675,2057
15344,r2i1p1f1,2057,01,04,0.0,14.9023485,3.8278856,2057
15345,r2i1p1f1,2057,01,05,0.0,15.149899,5.085806,2057
15346,r2i1p1f1,2057,01,06,0.0,18.397532,6.3736176,2057
15347,r2i1p1f1,2057,01,07,0.0,18.210798,5.6922774,2057
15348,r2i1p1f1,2057,01,08,0.0,16.408318,6.5627303,2057
15349,r2i1p1f1,2057,01,09,0.0,17.932514,6.2476563,2057
15350,r2i1p1f1,2057,01,10,0.0,18.491346,6.0341635,2057
15351,r2i1p1f1,2057,01,11,0.0139753133225895,15.600213,5.8437696,2057
15352,r2i1p1f1,2057,01,12,28.804516830132343,14.009533,6.4262056,2057
15353,r2i1p1f1,2057,01,13,7.210950425360352,16.465199,6.41807,2057
15354,r2i1p1f1,2057,01,14,0.0,17.908852,5.217044,2057
15355,r2i1p1f1,2057,01,15,0.03623485206389887,14.732237,3.861345,2057
15356,r2i1p1f1,2057,01,16,0.0,17.352072,4.2111335,2057
15357,r2i1p1f1,2057,01,17,0.0,16.875454,3.2369928,2057
15358,r2i1p1f1,2057,01,18,6.824637555837398,12.319192,3.5117922,2057
15359,r2i1p1f1,2057,01,19,13.716124384791328,12.826989,8.484195,2057
15360,r2i1p1f1,2057,01,20,19.993300671922043,14.101231,8.48548,2057
15361,r2i1p1f1,2057,01,21,62.08648530591745,12.408329,6.2589426,2057
15362,r2i1p1f1,2057,01,22,8.463345233337805,12.906111,1.4181818,2057
15363,r2i1p1f1,2057,01,23,30.820177237637836,9.516635,-0.20533694,2057
15364,r2i1p1f1,2057,01,24,64.70265053794719,8.203438,3.72634,2057
15365,r2i1p1f1,2057,01,25,0.0,8.983476,-0.05804062,2057
15366,r2i1p1f1,2057,01,26,0.0,11.724799,-0.55121017,2057
15367,r2i1p1f1,2057,01,27,0.0,12.985894,0.47827318,2057
15368,r2i1p1f1,2057,01,28,0.8908658319455753,12.512394,1.7298989,2057
15369,r2i1p1f1,2057,01,29,0.008500815829393105,10.351425,3.591386,2057
15370,r2i1p1f1,2057,01,30,0.0,11.105679,0.66470563,2057
15371,r2i1p1f1,2057,01,31,0.0015877893474680604,15.618861,2.7487152,2057
15372,r2i1p1f1,2057,02,01,0.38449622079497203,15.486121,4.4042125,2057
15373,r2i1p1f1,2057,02,02,1.3525074841254536,13.769935,5.7996335,2057
15374,r2i1p1f1,2057,02,03,57.71237741646473,14.167084,6.571653,2057
15375,r2i1p1f1,2057,02,04,0.0,13.004552,1.0008674,2057
15376,r2i1p1f1,2057,02,05,0.0,12.42546,1.3127412,2057
15377,r2i1p1f1,2057,02,06,7.610729359976176,9.67242,3.9152145,2057
15378,r2i1p1f1,2057,02,07,0.06548291914896254,10.087986,3.5296888,2057
15379,r2i1p1f1,2057,02,08,0.0,12.665341,2.9646597,2057
15380,r2i1p1f1,2057,02,09,10.773325891932473,13.077877,4.469183,2057
15381,r2i1p1f1,2057,02,10,14.735369416121102,16.574547,5.5979633,2057
15382,r2i1p1f1,2057,02,11,27.12329519163177,15.612187,4.6301265,2057
15383,r2i1p1f1,2057,02,12,0.6469492260180232,10.737622,1.4160997,2057
15384,r2i1p1f1,2057,02,13,0.01006805177894421,12.283358,1.5018216,2057
15385,r2i1p1f1,2057,02,14,0.0,12.046356,4.578461,2057
15386,r2i1p1f1,2057,02,15,7.16208661933706,12.055706,2.7166896,2057
15387,r2i1p1f1,2057,02,16,26.421309019860928,10.455701,2.1962261,2057
15388,r2i1p1f1,2057,02,17,0.0,9.953652,-1.4442732,2057
15389,r2i1p1f1,2057,02,18,13.53911650912778,10.140665,0.23410633,2057
15390,r2i1p1f1,2057,02,19,56.796781258981355,11.109708,3.7802227,2057
15391,r2i1p1f1,2057,02,20,7.944064046182575,8.241348,2.7198482,2057
15392,r2i1p1f1,2057,02,21,7.535445686971798,7.670568,2.190702,2057
15393,r2i1p1f1,2057,02,22,0.5179725284847336,9.719523,1.9701451,2057
15394,r2i1p1f1,2057,02,23,0.0,11.487008,0.43613374,2057
15395,r2i1p1f1,2057,02,24,0.0,15.424469,2.3558033,2057
15396,r2i1p1f1,2057,02,25,0.0,18.90621,5.494411,2057
15397,r2i1p1f1,2057,02,26,0.0,20.432993,7.6831675,2057
15398,r2i1p1f1,2057,02,27,0.0,21.374172,8.907281,2057
15399,r2i1p1f1,2057,02,28,0.0,21.273752,8.453987,2057
15400,r2i1p1f1,2057,03,01,0.0,20.969152,5.4236684,2057
15401,r2i1p1f1,2057,03,02,0.0,20.716637,5.921298,2057
15402,r2i1p1f1,2057,03,03,0.0,18.773743,4.458626,2057
15403,r2i1p1f1,2057,03,04,0.02487619763087423,16.103254,3.661444,2057
15404,r2i1p1f1,2057,03,05,0.5489610601102868,17.94919,5.861688,2057
15405,r2i1p1f1,2057,03,06,0.10284061353331708,13.488672,3.702349,2057
15406,r2i1p1f1,2057,03,07,0.0,12.080636,1.1215307,2057
15407,r2i1p1f1,2057,03,08,0.0,14.637039,-0.35934305,2057
15408,r2i1p1f1,2057,03,09,0.0,16.622873,1.7032866,2057
15409,r2i1p1f1,2057,03,10,0.0,17.218697,2.4252262,2057
15410,r2i1p1f1,2057,03,11,0.0,17.839022,4.275868,2057
15411,r2i1p1f1,2057,03,12,0.0,18.976963,5.6296988,2057
15412,r2i1p1f1,2057,03,13,0.0,19.965544,5.6071086,2057
15413,r2i1p1f1,2057,03,14,0.0,21.941324,6.4063554,2057
15414,r2i1p1f1,2057,03,15,0.0,21.793358,6.0455647,2057
15415,r2i1p1f1,2057,03,16,0.0,24.079767,6.5681515,2057
15416,r2i1p1f1,2057,03,17,0.0,23.698711,6.771358,2057
15417,r2i1p1f1,2057,03,18,0.0,19.92942,6.108963,2057
15418,r2i1p1f1,2057,03,19,0.0,19.2885,4.5455704,2057
15419,r2i1p1f1,2057,03,20,0.0,22.275063,6.564442,2057
15420,r2i1p1f1,2057,03,21,0.0,24.025858,8.269474,2057
15421,r2i1p1f1,2057,03,22,0.0,23.64304,5.4816766,2057
15422,r2i1p1f1,2057,03,23,0.0,17.942055,6.9213552,2057
15423,r2i1p1f1,2057,03,24,5.9214244427039375,15.747438,1.2541537,2057
15424,r2i1p1f1,2057,03,25,9.461700280508012,12.468986,0.2989372,2057
15425,r2i1p1f1,2057,03,26,9.72071952692204,9.118062,0.83839613,2057
15426,r2i1p1f1,2057,03,27,0.5827809889069613,10.4034,-1.8477579,2057
15427,r2i1p1f1,2057,03,28,3.1283241530161376,10.407029,-1.6844419,2057
15428,r2i1p1f1,2057,03,29,0.00014482106820423724,12.259159,1.9261292,2057
15429,r2i1p1f1,2057,03,30,0.25904810559040925,14.337673,1.9753977,2057
15430,r2i1p1f1,2057,03,31,33.71284802597074,13.202835,1.3176624,2057
15431,r2i1p1f1,2057,04,01,0.15598435174979386,9.36574,-0.4727119,2057
15432,r2i1p1f1,2057,04,02,0.31910109232313744,10.675919,2.0830338,2057
15433,r2i1p1f1,2057,04,03,0.0,13.025596,0.21659994,2057
15434,r2i1p1f1,2057,04,04,0.0,17.541952,4.310842,2057
15435,r2i1p1f1,2057,04,05,0.0,22.162746,4.716936,2057
15436,r2i1p1f1,2057,04,06,0.0,27.157701,8.902197,2057
15437,r2i1p1f1,2057,04,07,0.0,26.447071,10.59404,2057
15438,r2i1p1f1,2057,04,08,0.0,23.022776,7.628706,2057
15439,r2i1p1f1,2057,04,09,0.0,18.551622,4.4471335,2057
15440,r2i1p1f1,2057,04,10,0.0,26.724852,9.180394,2057
15441,r2i1p1f1,2057,04,11,0.0,28.257507,11.355358,2057
15442,r2i1p1f1,2057,04,12,0.8586743120446272,25.958319,8.096737,2057
15443,r2i1p1f1,2057,04,13,4.278172703334349,13.109989,0.61436135,2057
15444,r2i1p1f1,2057,04,14,0.0,11.868265,0.08478742,2057
15445,r2i1p1f1,2057,04,15,13.108582304948868,9.568593,2.626214,2057
15446,r2i1p1f1,2057,04,16,0.0,14.226833,-1.5139967,2057
15447,r2i1p1f1,2057,04,17,0.0,17.359888,1.9899374,2057
15448,r2i1p1f1,2057,04,18,0.0,17.669048,2.4071665,2057
15449,r2i1p1f1,2057,04,19,1.3261467496363366,14.775249,-0.88777375,2057
15450,r2i1p1f1,2057,04,20,11.542947103953338,14.836367,3.4513004,2057
15451,r2i1p1f1,2057,04,21,15.681317125881833,16.032658,3.7992184,2057
15452,r2i1p1f1,2057,04,22,1.7876006185446158,16.357145,2.9718359,2057
15453,r2i1p1f1,2057,04,23,0.6094945757013193,17.81571,3.5152178,2057
15454,r2i1p1f1,2057,04,24,0.14701583012310948,17.917147,3.5591342,2057
15455,r2i1p1f1,2057,04,25,0.16847155480377296,21.1334,6.565928,2057
15456,r2i1p1f1,2057,04,26,0.0,20.44159,6.484041,2057
15457,r2i1p1f1,2057,04,27,0.0,18.926956,4.017524,2057
15458,r2i1p1f1,2057,04,28,0.0,19.125484,2.3081794,2057
15459,r2i1p1f1,2057,04,29,0.0,19.443565,3.5953424,2057
15460,r2i1p1f1,2057,04,30,0.0,21.104336,6.3124022,2057
15461,r2i1p1f1,2057,05,01,0.561835740393235,20.084473,2.9398441,2057
15462,r2i1p1f1,2057,05,02,0.003485723897256321,21.646662,6.3542733,2057
15463,r2i1p1f1,2057,05,03,0.0,23.16857,7.216935,2057
15464,r2i1p1f1,2057,05,04,0.0,22.697346,7.793541,2057
15465,r2i1p1f1,2057,05,05,0.0,19.820745,4.794264,2057
15466,r2i1p1f1,2057,05,06,0.0,21.836992,6.297036,2057
15467,r2i1p1f1,2057,05,07,0.04303008593069535,21.943651,5.361644,2057
15468,r2i1p1f1,2057,05,08,3.4253697498570546,14.592765,3.7211626,2057
15469,r2i1p1f1,2057,05,09,0.0,17.982779,3.344287,2057
15470,r2i1p1f1,2057,05,10,0.0,23.267256,5.7677855,2057
15471,r2i1p1f1,2057,05,11,0.0,27.495766,10.738345,2057
15472,r2i1p1f1,2057,05,12,0.0,28.041515,12.426418,2057
15473,r2i1p1f1,2057,05,13,0.0,28.168283,10.125878,2057
15474,r2i1p1f1,2057,05,14,0.0,27.010197,10.316997,2057
15475,r2i1p1f1,2057,05,15,0.0,27.546864,11.096598,2057
15476,r2i1p1f1,2057,05,16,0.0,31.172783,14.192241,2057
15477,r2i1p1f1,2057,05,17,0.0,35.11467,16.974653,2057
15478,r2i1p1f1,2057,05,18,0.0,35.529,16.82208,2057
15479,r2i1p1f1,2057,05,19,0.0,34.005966,16.097857,2057
15480,r2i1p1f1,2057,05,20,0.0,29.39584,10.921092,2057
15481,r2i1p1f1,2057,05,21,0.0,26.439026,7.6918736,2057
15482,r2i1p1f1,2057,05,22,0.0,25.996832,6.809232,2057
15483,r2i1p1f1,2057,05,23,0.0,27.944359,11.162113,2057
15484,r2i1p1f1,2057,05,24,0.0,31.618004,15.150216,2057
15485,r2i1p1f1,2057,05,25,0.0,32.059143,15.32095,2057
15486,r2i1p1f1,2057,05,26,0.0,32.81879,14.76613,2057
15487,r2i1p1f1,2057,05,27,0.0,32.312958,14.094772,2057
15488,r2i1p1f1,2057,05,28,0.0,26.826405,11.080092,2057
15489,r2i1p1f1,2057,05,29,0.0,28.836317,12.497128,2057
15490,r2i1p1f1,2057,05,30,0.0,31.757341,16.247536,2057
15491,r2i1p1f1,2057,05,31,0.0,32.555088,14.329529,2057
15492,r2i1p1f1,2057,06,01,0.0,31.280142,12.532055,2057
15493,r2i1p1f1,2057,06,02,0.0,30.722294,11.123877,2057
15494,r2i1p1f1,2057,06,03,0.07387143882624514,28.264914,9.86973,2057
15495,r2i1p1f1,2057,06,04,0.0,26.58273,9.970158,2057
15496,r2i1p1f1,2057,06,05,0.019683166738104774,24.923862,11.0917015,2057
15497,r2i1p1f1,2057,06,06,0.032124717981218964,25.251213,11.866906,2057
15498,r2i1p1f1,2057,06,07,0.1761069921485614,25.223612,9.8726845,2057
15499,r2i1p1f1,2057,06,08,0.0,27.49581,11.687202,2057
15500,r2i1p1f1,2057,06,09,0.0,28.678589,11.488325,2057
15501,r2i1p1f1,2057,06,10,0.0,30.123497,12.011822,2057
15502,r2i1p1f1,2057,06,11,0.2759446550044231,24.333004,7.2197027,2057
15503,r2i1p1f1,2057,06,12,0.0,29.458706,14.322723,2057
15504,r2i1p1f1,2057,06,13,0.5673245331990984,31.491093,15.350806,2057
15505,r2i1p1f1,2057,06,14,0.0,32.351593,13.238621,2057
15506,r2i1p1f1,2057,06,15,0.0,30.834604,10.551913,2057
15507,r2i1p1f1,2057,06,16,0.0,29.027178,11.697117,2057
15508,r2i1p1f1,2057,06,17,0.0,29.856058,14.021345,2057
15509,r2i1p1f1,2057,06,18,0.0,32.812195,16.073486,2057
15510,r2i1p1f1,2057,06,19,0.0,35.08186,17.180016,2057
15511,r2i1p1f1,2057,06,20,0.0,35.245857,14.694931,2057
15512,r2i1p1f1,2057,06,21,0.0,31.199327,12.925366,2057
15513,r2i1p1f1,2057,06,22,0.0,30.032736,10.993383,2057
15514,r2i1p1f1,2057,06,23,0.0,28.89607,12.1314745,2057
15515,r2i1p1f1,2057,06,24,0.0,29.899345,11.704711,2057
15516,r2i1p1f1,2057,06,25,0.0,30.896885,12.879702,2057
15517,r2i1p1f1,2057,06,26,0.0,34.256435,15.210724,2057
15518,r2i1p1f1,2057,06,27,0.0,35.903923,17.139605,2057
15519,r2i1p1f1,2057,06,28,0.0,36.426006,16.346277,2057
15520,r2i1p1f1,2057,06,29,0.0,34.57465,15.170506,2057
15521,r2i1p1f1,2057,06,30,0.0,34.30909,15.846734,2057
15522,r2i1p1f1,2057,07,01,0.0,31.02168,12.769908,2057
15523,r2i1p1f1,2057,07,02,0.0,29.395988,11.376987,2057
15524,r2i1p1f1,2057,07,03,0.0,29.787357,11.42407,2057
15525,r2i1p1f1,2057,07,04,0.0,32.107372,13.769828,2057
15526,r2i1p1f1,2057,07,05,0.0,36.603123,15.280199,2057
15527,r2i1p1f1,2057,07,06,0.0,38.021782,19.19303,2057
15528,r2i1p1f1,2057,07,07,0.0,38.57534,20.80198,2057
15529,r2i1p1f1,2057,07,08,0.0,38.57427,20.116755,2057
15530,r2i1p1f1,2057,07,09,0.0,39.612007,21.565874,2057
15531,r2i1p1f1,2057,07,10,0.0,39.573906,18.781435,2057
15532,r2i1p1f1,2057,07,11,0.0,36.29271,18.94771,2057
15533,r2i1p1f1,2057,07,12,0.0,39.065094,23.69172,2057
15534,r2i1p1f1,2057,07,13,0.0,40.700417,21.942194,2057
15535,r2i1p1f1,2057,07,14,0.0,39.726875,20.024725,2057
15536,r2i1p1f1,2057,07,15,0.0,38.235,19.027754,2057
15537,r2i1p1f1,2057,07,16,0.0,36.025887,18.863024,2057
15538,r2i1p1f1,2057,07,17,0.0,35.48864,16.622444,2057
15539,r2i1p1f1,2057,07,18,0.0,39.500168,22.108694,2057
15540,r2i1p1f1,2057,07,19,0.0,40.286575,21.467901,2057
15541,r2i1p1f1,2057,07,20,0.0,39.75683,20.063526,2057
15542,r2i1p1f1,2057,07,21,0.0,33.846653,15.2648115,2057
15543,r2i1p1f1,2057,07,22,0.0,32.53156,15.077186,2057
15544,r2i1p1f1,2057,07,23,0.0,33.644978,16.068865,2057
15545,r2i1p1f1,2057,07,24,0.0,34.317497,16.74537,2057
15546,r2i1p1f1,2057,07,25,0.0,34.383804,15.705379,2057
15547,r2i1p1f1,2057,07,26,0.0,33.76233,14.292297,2057
15548,r2i1p1f1,2057,07,27,0.0,33.757282,13.695668,2057
15549,r2i1p1f1,2057,07,28,0.0,34.046127,14.662218,2057
15550,r2i1p1f1,2057,07,29,0.0,35.380207,16.000729,2057
15551,r2i1p1f1,2057,07,30,0.0,35.8546,15.22241,2057
15552,r2i1p1f1,2057,07,31,0.0,35.342773,15.52467,2057
15553,r2i1p1f1,2057,08,01,0.0,36.299946,16.725367,2057
15554,r2i1p1f1,2057,08,02,0.0,38.20458,20.603926,2057
15555,r2i1p1f1,2057,08,03,0.0,39.227238,20.421152,2057
15556,r2i1p1f1,2057,08,04,0.0006692237548122648,39.417984,19.080528,2057
15557,r2i1p1f1,2057,08,05,0.3390968348867318,38.893826,19.88826,2057
15558,r2i1p1f1,2057,08,06,0.0,37.08969,25.033703,2057
15559,r2i1p1f1,2057,08,07,0.0,41.0113,24.295406,2057
15560,r2i1p1f1,2057,08,08,0.0,43.548542,26.612528,2057
15561,r2i1p1f1,2057,08,09,0.0,43.912224,25.264011,2057
15562,r2i1p1f1,2057,08,10,0.0,43.79981,23.193962,2057
15563,r2i1p1f1,2057,08,11,0.0,39.31345,19.214024,2057
15564,r2i1p1f1,2057,08,12,0.0,34.39346,14.781777,2057
15565,r2i1p1f1,2057,08,13,0.0,31.872463,12.184555,2057
15566,r2i1p1f1,2057,08,14,0.0,34.796402,16.931738,2057
15567,r2i1p1f1,2057,08,15,0.0,35.53467,16.289284,2057
15568,r2i1p1f1,2057,08,16,0.0,35.240387,18.040745,2057
15569,r2i1p1f1,2057,08,17,0.0,35.281025,19.174017,2057
15570,r2i1p1f1,2057,08,18,0.016513723858224694,36.448383,17.904129,2057
15571,r2i1p1f1,2057,08,19,0.0,35.55411,17.675467,2057
15572,r2i1p1f1,2057,08,20,0.0,33.078545,14.462132,2057
15573,r2i1p1f1,2057,08,21,0.0,31.856062,14.919708,2057
15574,r2i1p1f1,2057,08,22,0.0,32.011814,14.761005,2057
15575,r2i1p1f1,2057,08,23,0.0,33.72543,14.903767,2057
15576,r2i1p1f1,2057,08,24,0.0,35.86525,18.660086,2057
15577,r2i1p1f1,2057,08,25,0.0,35.850643,17.969421,2057
15578,r2i1p1f1,2057,08,26,0.0,36.330383,18.811272,2057
15579,r2i1p1f1,2057,08,27,0.0,34.372227,16.501637,2057
15580,r2i1p1f1,2057,08,28,0.0,33.400593,15.200502,2057
15581,r2i1p1f1,2057,08,29,0.0,34.387405,15.433254,2057
15582,r2i1p1f1,2057,08,30,0.0,36.699173,16.161106,2057
15583,r2i1p1f1,2057,08,31,0.0,38.902836,21.811354,2057
15584,r2i1p1f1,2057,09,01,0.0,39.112663,21.151781,2057
15585,r2i1p1f1,2057,09,02,0.0,35.480095,18.47953,2057
15586,r2i1p1f1,2057,09,03,0.36824244207309675,35.43312,17.566236,2057
15587,r2i1p1f1,2057,09,04,0.0,34.431263,18.48838,2057
15588,r2i1p1f1,2057,09,05,0.0,34.79408,18.084684,2057
15589,r2i1p1f1,2057,09,06,0.0,35.999702,18.75084,2057
15590,r2i1p1f1,2057,09,07,0.0,36.52292,18.820032,2057
15591,r2i1p1f1,2057,09,08,0.0,35.819157,18.045954,2057
15592,r2i1p1f1,2057,09,09,0.0,34.083473,14.708714,2057
15593,r2i1p1f1,2057,09,10,0.0,32.20203,15.8398,2057
15594,r2i1p1f1,2057,09,11,0.0,34.075813,16.277864,2057
15595,r2i1p1f1,2057,09,12,0.0,33.30369,15.924147,2057
15596,r2i1p1f1,2057,09,13,0.0,33.057972,13.309292,2057
15597,r2i1p1f1,2057,09,14,0.0,28.469187,9.653979,2057
15598,r2i1p1f1,2057,09,15,0.0,26.516659,10.377997,2057
15599,r2i1p1f1,2057,09,16,0.0,30.171787,13.808597,2057
15600,r2i1p1f1,2057,09,17,0.0,32.62603,14.17375,2057
15601,r2i1p1f1,2057,09,18,0.0,33.70355,16.069763,2057
15602,r2i1p1f1,2057,09,19,0.0,34.279118,15.332447,2057
15603,r2i1p1f1,2057,09,20,21.88446286945691,27.56829,9.104379,2057
15604,r2i1p1f1,2057,09,21,0.5859356579833275,24.315046,11.492639,2057
15605,r2i1p1f1,2057,09,22,0.0,25.93261,12.759706,2057
15606,r2i1p1f1,2057,09,23,0.0,24.52369,11.16135,2057
15607,r2i1p1f1,2057,09,24,0.0,28.920723,14.196067,2057
15608,r2i1p1f1,2057,09,25,0.0,31.370066,14.845969,2057
15609,r2i1p1f1,2057,09,26,0.0,32.59371,16.55307,2057
15610,r2i1p1f1,2057,09,27,0.0,32.4256,15.877982,2057
15611,r2i1p1f1,2057,09,28,0.0,33.189995,14.185169,2057
15612,r2i1p1f1,2057,09,29,2.144630739059039,22.477482,6.7090335,2057
15613,r2i1p1f1,2057,09,30,0.4552029521619261,21.193077,8.47846,2057
15614,r2i1p1f1,2057,10,01,0.009064465018582268,24.60414,9.871606,2057
15615,r2i1p1f1,2057,10,02,9.9367206621082,21.383106,5.466538,2057
15616,r2i1p1f1,2057,10,03,2.973222998627989,19.289175,9.994331,2057
15617,r2i1p1f1,2057,10,04,0.09814040467972518,21.196342,8.933284,2057
15618,r2i1p1f1,2057,10,05,0.0,21.243881,7.689474,2057
15619,r2i1p1f1,2057,10,06,0.0,22.486187,8.594143,2057
15620,r2i1p1f1,2057,10,07,0.0,25.114784,7.9881635,2057
15621,r2i1p1f1,2057,10,08,0.0,28.34022,10.616241,2057
15622,r2i1p1f1,2057,10,09,0.0,29.639627,11.63214,2057
15623,r2i1p1f1,2057,10,10,0.0,25.061712,7.9514227,2057
15624,r2i1p1f1,2057,10,11,0.0,23.79311,7.947849,2057
15625,r2i1p1f1,2057,10,12,0.0,27.140114,10.24559,2057
15626,r2i1p1f1,2057,10,13,0.0,28.867022,11.219136,2057
15627,r2i1p1f1,2057,10,14,0.0,27.281008,10.034992,2057
15628,r2i1p1f1,2057,10,15,0.0,17.658909,0.29965845,2057
15629,r2i1p1f1,2057,10,16,0.0,19.069954,4.1441903,2057
15630,r2i1p1f1,2057,10,17,0.0,20.451775,5.0648527,2057
15631,r2i1p1f1,2057,10,18,0.0,19.826897,5.362128,2057
15632,r2i1p1f1,2057,10,19,0.0,23.779045,6.752957,2057
15633,r2i1p1f1,2057,10,20,0.0,26.560547,9.825781,2057
15634,r2i1p1f1,2057,10,21,0.0,27.424793,12.545543,2057
15635,r2i1p1f1,2057,10,22,0.0,25.974724,10.700893,2057
15636,r2i1p1f1,2057,10,23,0.07875393674794395,19.049957,1.5044149,2057
15637,r2i1p1f1,2057,10,24,0.227950617801298,14.851299,3.3706083,2057
15638,r2i1p1f1,2057,10,25,0.07369603195002128,15.74255,5.357567,2057
15639,r2i1p1f1,2057,10,26,0.0,19.296669,4.4344583,2057
15640,r2i1p1f1,2057,10,27,0.0,20.626335,5.5728436,2057
15641,r2i1p1f1,2057,10,28,0.0,21.195457,6.631197,2057
15642,r2i1p1f1,2057,10,29,0.0,21.142372,7.439904,2057
15643,r2i1p1f1,2057,10,30,0.0,21.790546,8.39869,2057
15644,r2i1p1f1,2057,10,31,0.0,22.0338,7.886831,2057
15645,r2i1p1f1,2057,11,01,0.0,22.584059,6.993758,2057
15646,r2i1p1f1,2057,11,02,0.0,22.137598,7.982605,2057
15647,r2i1p1f1,2057,11,03,0.0,22.51406,9.533838,2057
15648,r2i1p1f1,2057,11,04,0.0,22.14033,9.166986,2057
15649,r2i1p1f1,2057,11,05,0.0,23.425997,9.713814,2057
15650,r2i1p1f1,2057,11,06,0.0,24.074972,8.468021,2057
15651,r2i1p1f1,2057,11,07,0.0,23.34124,6.816937,2057
15652,r2i1p1f1,2057,11,08,0.0,20.787973,5.1008697,2057
15653,r2i1p1f1,2057,11,09,1.102878694575793,13.272304,5.184693,2057
15654,r2i1p1f1,2057,11,10,0.0,12.509788,0.51288295,2057
15655,r2i1p1f1,2057,11,11,0.0,16.178047,-0.48491442,2057
15656,r2i1p1f1,2057,11,12,2.5053345784726844,15.939638,3.6255744,2057
15657,r2i1p1f1,2057,11,13,12.304163460044037,12.420152,4.9764376,2057
15658,r2i1p1f1,2057,11,14,0.0,12.923011,2.7228658,2057
15659,r2i1p1f1,2057,11,15,0.0,12.383543,0.8111577,2057
15660,r2i1p1f1,2057,11,16,0.0,11.027071,-3.1310873,2057
15661,r2i1p1f1,2057,11,17,0.0,14.078901,-0.046016853,2057
15662,r2i1p1f1,2057,11,18,0.0,15.154127,-0.6163515,2057
15663,r2i1p1f1,2057,11,19,0.0,14.413066,2.2671106,2057
15664,r2i1p1f1,2057,11,20,0.0,14.122488,-0.1241934,2057
15665,r2i1p1f1,2057,11,21,0.0,17.210941,1.8062384,2057
15666,r2i1p1f1,2057,11,22,0.0,21.484446,8.497663,2057
15667,r2i1p1f1,2057,11,23,0.0,22.84038,8.637747,2057
15668,r2i1p1f1,2057,11,24,0.0,23.694632,9.064892,2057
15669,r2i1p1f1,2057,11,25,0.0,24.555952,10.345591,2057
15670,r2i1p1f1,2057,11,26,0.0,24.049784,7.1312847,2057
15671,r2i1p1f1,2057,11,27,0.0,21.117533,8.196068,2057
15672,r2i1p1f1,2057,11,28,0.0,23.744139,9.493834,2057
15673,r2i1p1f1,2057,11,29,0.0,24.624878,7.293251,2057
15674,r2i1p1f1,2057,11,30,0.0,14.3761835,-3.3343177,2057
15675,r2i1p1f1,2057,12,01,0.2429503433887703,7.668085,1.101676,2057
15676,r2i1p1f1,2057,12,02,0.0,5.6411276,-3.3405864,2057
15677,r2i1p1f1,2057,12,03,0.0,6.3791413,-2.941967,2057
15678,r2i1p1f1,2057,12,04,0.0,7.253252,-6.46508,2057
15679,r2i1p1f1,2057,12,05,0.0,9.499714,-2.786211,2057
15680,r2i1p1f1,2057,12,06,0.0366658298389666,13.311016,1.2176086,2057
15681,r2i1p1f1,2057,12,07,0.0,13.229966,2.7364302,2057
15682,r2i1p1f1,2057,12,08,0.24408584903881092,11.525425,3.5475907,2057
15683,r2i1p1f1,2057,12,09,0.0,8.911311,-3.444356,2057
15684,r2i1p1f1,2057,12,10,2.7145361858231354,10.251522,3.601022,2057
15685,r2i1p1f1,2057,12,11,0.0,14.825891,5.254588,2057
15686,r2i1p1f1,2057,12,12,0.0,16.437586,4.7959785,2057
15687,r2i1p1f1,2057,12,13,0.0,16.869333,4.124098,2057
15688,r2i1p1f1,2057,12,14,0.0,20.795942,7.947634,2057
15689,r2i1p1f1,2057,12,15,0.0,20.035112,7.3788495,2057
15690,r2i1p1f1,2057,12,16,0.0,20.057446,5.006821,2057
15691,r2i1p1f1,2057,12,17,0.0,18.955301,3.7637312,2057
15692,r2i1p1f1,2057,12,18,7.6460700529082715,16.520685,5.34309,2057
15693,r2i1p1f1,2057,12,19,8.393724185611973,11.093801,3.3046231,2057
15694,r2i1p1f1,2057,12,20,0.0,11.110355,0.4305491,2057
15695,r2i1p1f1,2057,12,21,0.0,15.259644,4.070159,2057
15696,r2i1p1f1,2057,12,22,0.0,16.777678,3.590987,2057
15697,r2i1p1f1,2057,12,23,0.0,17.486408,4.159876,2057
15698,r2i1p1f1,2057,12,24,0.0,14.229153,2.8548863,2057
15699,r2i1p1f1,2057,12,25,3.599073504938133,12.425137,1.6683952,2057
15700,r2i1p1f1,2057,12,26,55.13794976650388,8.844246,3.764134,2057
15701,r2i1p1f1,2057,12,27,6.653980676514948,8.645914,-2.085921,2057
15702,r2i1p1f1,2057,12,28,0.2973069029621911,8.561235,0.43515506,2057
15703,r2i1p1f1,2057,12,29,0.0,10.5107355,-1.22913,2057
15704,r2i1p1f1,2057,12,30,0.0,10.380371,-0.8889442,2057
15705,r2i1p1f1,2057,12,31,7.317563040305686,12.301866,0.7784158,2057
15706,r2i1p1f1,2058,01,01,0.0,12.540342,1.2464767,2058
15707,r2i1p1f1,2058,01,02,0.3077147906765276,11.091137,0.3519471,2058
15708,r2i1p1f1,2058,01,03,0.010077576371259056,8.571053,-2.3482332,2058
15709,r2i1p1f1,2058,01,04,1.6759235961075092,8.485813,-3.4321008,2058
15710,r2i1p1f1,2058,01,05,38.357766486660694,7.4291654,3.2518084,2058
15711,r2i1p1f1,2058,01,06,0.0,8.002018,-2.8283792,2058
15712,r2i1p1f1,2058,01,07,0.0,9.617695,-3.7898457,2058
15713,r2i1p1f1,2058,01,08,0.0,11.234402,-2.3917851,2058
15714,r2i1p1f1,2058,01,09,0.0,9.361961,3.1145637,2058
15715,r2i1p1f1,2058,01,10,27.033042879520508,10.431475,3.4434395,2058
15716,r2i1p1f1,2058,01,11,8.691052036323299,10.381015,3.4510088,2058
15717,r2i1p1f1,2058,01,12,0.0,8.448264,0.7056168,2058
15718,r2i1p1f1,2058,01,13,0.0,11.194909,-1.7604431,2058
15719,r2i1p1f1,2058,01,14,0.0,12.718259,-0.34479967,2058
15720,r2i1p1f1,2058,01,15,0.0,11.684194,1.0301768,2058
15721,r2i1p1f1,2058,01,16,6.286186669092331,10.451776,1.4006578,2058
15722,r2i1p1f1,2058,01,17,0.0,11.4979925,-1.5003924,2058
15723,r2i1p1f1,2058,01,18,2.547371449736602,8.864076,3.6523857,2058
15724,r2i1p1f1,2058,01,19,0.028880443278467283,7.9001336,0.82038236,2058
15725,r2i1p1f1,2058,01,20,13.289379789785016,6.9334235,-2.0838137,2058
15726,r2i1p1f1,2058,01,21,1.648157136418149,9.640226,2.4543142,2058
15727,r2i1p1f1,2058,01,22,0.0,11.742758,2.4211757,2058
15728,r2i1p1f1,2058,01,23,0.0,12.765915,0.5010923,2058
15729,r2i1p1f1,2058,01,24,0.0,14.663738,2.155258,2058
15730,r2i1p1f1,2058,01,25,0.0,16.176414,4.2588105,2058
15731,r2i1p1f1,2058,01,26,0.0,17.440853,5.294553,2058
15732,r2i1p1f1,2058,01,27,0.0,17.812475,7.0041904,2058
15733,r2i1p1f1,2058,01,28,0.0,18.341267,4.548544,2058
15734,r2i1p1f1,2058,01,29,0.0,13.505425,2.224854,2058
15735,r2i1p1f1,2058,01,30,0.0,13.085272,1.8462567,2058
15736,r2i1p1f1,2058,01,31,0.0,13.959907,2.1856313,2058
15737,r2i1p1f1,2058,02,01,0.0,16.991426,4.053129,2058
15738,r2i1p1f1,2058,02,02,0.0,18.061575,5.3861055,2058
15739,r2i1p1f1,2058,02,03,0.0,17.20912,5.3640366,2058
15740,r2i1p1f1,2058,02,04,0.0,15.939117,3.2685213,2058
15741,r2i1p1f1,2058,02,05,0.0,16.157019,4.3474774,2058
15742,r2i1p1f1,2058,02,06,0.0,18.625832,5.2690587,2058
15743,r2i1p1f1,2058,02,07,0.0,19.374844,6.602322,2058
15744,r2i1p1f1,2058,02,08,0.0232412999139342,13.733847,5.4623547,2058
15745,r2i1p1f1,2058,02,09,0.0,14.306545,2.3240166,2058
15746,r2i1p1f1,2058,02,10,0.0,15.891483,3.390851,2058
15747,r2i1p1f1,2058,02,11,0.0,18.722683,5.1501813,2058
15748,r2i1p1f1,2058,02,12,0.0,17.883413,5.9384794,2058
15749,r2i1p1f1,2058,02,13,0.0,17.875546,4.871498,2058
15750,r2i1p1f1,2058,02,14,1.2379407200796777,17.956861,5.275552,2058
15751,r2i1p1f1,2058,02,15,0.0017458231468481245,18.319914,8.6871605,2058
15752,r2i1p1f1,2058,02,16,0.0,19.00509,8.068287,2058
15753,r2i1p1f1,2058,02,17,0.5951600107891863,17.08955,7.094273,2058
15754,r2i1p1f1,2058,02,18,0.12463038442547258,13.573133,1.9133017,2058
15755,r2i1p1f1,2058,02,19,0.0,14.971745,1.9480205,2058
15756,r2i1p1f1,2058,02,20,1.8099704273765838,14.6676655,5.2123995,2058
15757,r2i1p1f1,2058,02,21,0.0,16.466545,3.5127883,2058
15758,r2i1p1f1,2058,02,22,0.0,21.498465,6.2511206,2058
15759,r2i1p1f1,2058,02,23,0.0,22.183468,9.557427,2058
15760,r2i1p1f1,2058,02,24,0.0,21.907948,9.538634,2058
15761,r2i1p1f1,2058,02,25,0.0,20.798958,6.7130184,2058
15762,r2i1p1f1,2058,02,26,0.19235878441463683,16.653038,7.2971683,2058
15763,r2i1p1f1,2058,02,27,0.0,14.773448,3.959927,2058
15764,r2i1p1f1,2058,02,28,0.0,15.523603,-0.08559486,2058
15765,r2i1p1f1,2058,03,01,0.0,10.954578,-1.5423121,2058
15766,r2i1p1f1,2058,03,02,0.0,12.035605,-1.4583615,2058
15767,r2i1p1f1,2058,03,03,23.25237625736918,9.538491,0.11777946,2058
15768,r2i1p1f1,2058,03,04,8.555073425031878,7.8931894,-1.2665318,2058
15769,r2i1p1f1,2058,03,05,21.4627993216709,7.598589,-4.445796,2058
15770,r2i1p1f1,2058,03,06,72.69702212652192,10.837757,6.619014,2058
15771,r2i1p1f1,2058,03,07,37.65445338867721,12.322445,4.371064,2058
15772,r2i1p1f1,2058,03,08,25.465116354462225,14.035517,8.186681,2058
15773,r2i1p1f1,2058,03,09,2.5681272009705935,14.785136,5.659305,2058
15774,r2i1p1f1,2058,03,10,0.0,16.048552,2.0219219,2058
15775,r2i1p1f1,2058,03,11,6.252318395667089,13.813734,2.6334717,2058
15776,r2i1p1f1,2058,03,12,14.431039715600491,10.6334915,6.595651,2058
15777,r2i1p1f1,2058,03,13,7.774959183768715,11.034194,-1.2174768,2058
15778,r2i1p1f1,2058,03,14,0.0,12.322956,-2.6908298,2058
15779,r2i1p1f1,2058,03,15,0.0,14.19793,0.4478222,2058
15780,r2i1p1f1,2058,03,16,0.0,15.313112,2.1610394,2058
15781,r2i1p1f1,2058,03,17,0.0,18.116081,2.321809,2058
15782,r2i1p1f1,2058,03,18,0.0,18.390318,3.8755825,2058
15783,r2i1p1f1,2058,03,19,0.809157705157304,17.837181,4.3096294,2058
15784,r2i1p1f1,2058,03,20,0.5203661620726052,16.419422,6.9191895,2058
15785,r2i1p1f1,2058,03,21,5.130498537027961,16.372786,4.46364,2058
15786,r2i1p1f1,2058,03,22,4.279519153863021,10.449217,1.1964891,2058
15787,r2i1p1f1,2058,03,23,17.896160287091334,10.278936,2.161311,2058
15788,r2i1p1f1,2058,03,24,20.42120159494516,8.422398,3.2292552,2058
15789,r2i1p1f1,2058,03,25,3.7399738894691836,10.968532,4.0688515,2058
15790,r2i1p1f1,2058,03,26,0.0,18.299822,3.0295942,2058
15791,r2i1p1f1,2058,03,27,0.0,19.97528,4.1938043,2058
15792,r2i1p1f1,2058,03,28,0.15015167900287452,19.268143,4.96287,2058
15793,r2i1p1f1,2058,03,29,0.14749682966623823,13.786638,5.699256,2058
15794,r2i1p1f1,2058,03,30,0.0,19.08152,1.2941519,2058
15795,r2i1p1f1,2058,03,31,0.0,19.606321,3.9325418,2058
15796,r2i1p1f1,2058,04,01,24.134803354718315,12.338279,5.626115,2058
15797,r2i1p1f1,2058,04,02,7.488329506361424,9.253765,-3.0532532,2058
15798,r2i1p1f1,2058,04,03,0.0,15.206221,1.4202074,2058
15799,r2i1p1f1,2058,04,04,0.0,17.221407,3.141444,2058
15800,r2i1p1f1,2058,04,05,2.539456846346866,15.895496,3.166096,2058
15801,r2i1p1f1,2058,04,06,1.8687906974093949,11.455734,2.6559665,2058
15802,r2i1p1f1,2058,04,07,0.0,14.201846,-0.35558388,2058
15803,r2i1p1f1,2058,04,08,0.0,17.562002,1.0988905,2058
15804,r2i1p1f1,2058,04,09,0.0,20.842672,4.4042406,2058
15805,r2i1p1f1,2058,04,10,0.0,21.022745,7.50158,2058
15806,r2i1p1f1,2058,04,11,0.0,20.646929,7.48908,2058
15807,r2i1p1f1,2058,04,12,0.0,21.171621,7.1941156,2058
15808,r2i1p1f1,2058,04,13,0.0,22.620466,7.7132077,2058
15809,r2i1p1f1,2058,04,14,0.0,25.366787,8.864505,2058
15810,r2i1p1f1,2058,04,15,0.0,25.995684,10.574284,2058
15811,r2i1p1f1,2058,04,16,0.0,26.818333,12.655751,2058
15812,r2i1p1f1,2058,04,17,0.0,23.445778,7.1169214,2058
15813,r2i1p1f1,2058,04,18,4.348022350109204,15.814226,2.99616,2058
15814,r2i1p1f1,2058,04,19,2.4311618822338232,16.606514,3.889287,2058
15815,r2i1p1f1,2058,04,20,0.0,19.738132,7.6897945,2058
15816,r2i1p1f1,2058,04,21,0.0,20.162346,8.523494,2058
15817,r2i1p1f1,2058,04,22,1.5250621945369858,18.179726,4.8988743,2058
15818,r2i1p1f1,2058,04,23,0.0,16.921247,5.4088717,2058
15819,r2i1p1f1,2058,04,24,0.0,17.75312,4.9642467,2058
15820,r2i1p1f1,2058,04,25,0.0,25.736074,8.323226,2058
15821,r2i1p1f1,2058,04,26,0.0,27.044127,9.879709,2058
15822,r2i1p1f1,2058,04,27,0.0,27.631493,10.702953,2058
15823,r2i1p1f1,2058,04,28,1.6756896014385347,16.925028,0.84926087,2058
15824,r2i1p1f1,2058,04,29,0.1713115196025683,11.379124,5.351856,2058
15825,r2i1p1f1,2058,04,30,2.8804387539736354,12.532085,5.9450474,2058
15826,r2i1p1f1,2058,05,01,0.0,16.50399,2.7391047,2058
15827,r2i1p1f1,2058,05,02,0.002526353978282714,18.672215,3.5075176,2058
15828,r2i1p1f1,2058,05,03,11.26981547649848,15.129308,3.671645,2058
15829,r2i1p1f1,2058,05,04,7.753924794860723,10.30407,3.2779436,2058
15830,r2i1p1f1,2058,05,05,0.31562406047669356,16.271643,2.2596931,2058
15831,r2i1p1f1,2058,05,06,0.0,19.711733,4.243407,2058
15832,r2i1p1f1,2058,05,07,0.0,21.89423,6.111483,2058
15833,r2i1p1f1,2058,05,08,0.0,24.726723,10.417579,2058
15834,r2i1p1f1,2058,05,09,0.0,26.893343,9.940044,2058
15835,r2i1p1f1,2058,05,10,0.0,26.657946,10.381655,2058
15836,r2i1p1f1,2058,05,11,0.0,26.570063,11.132394,2058
15837,r2i1p1f1,2058,05,12,0.0,27.072264,11.217616,2058
15838,r2i1p1f1,2058,05,13,0.0,27.23507,10.935624,2058
15839,r2i1p1f1,2058,05,14,0.0,26.91703,9.49924,2058
15840,r2i1p1f1,2058,05,15,0.0,24.186605,5.1838217,2058
15841,r2i1p1f1,2058,05,16,1.141395042361637,18.11792,0.8006572,2058
15842,r2i1p1f1,2058,05,17,17.25125969895771,10.12846,4.381356,2058
15843,r2i1p1f1,2058,05,18,0.0,14.408242,5.040412,2058
15844,r2i1p1f1,2058,05,19,0.0,18.888134,2.7331638,2058
15845,r2i1p1f1,2058,05,20,0.0,21.510725,5.551794,2058
15846,r2i1p1f1,2058,05,21,0.0,21.800716,4.8988333,2058
15847,r2i1p1f1,2058,05,22,0.0,23.847408,6.3314104,2058
15848,r2i1p1f1,2058,05,23,0.0,23.682367,8.268626,2058
15849,r2i1p1f1,2058,05,24,0.0005809482900076546,19.865517,6.6861897,2058
15850,r2i1p1f1,2058,05,25,0.0,19.076668,6.2660823,2058
15851,r2i1p1f1,2058,05,26,0.0,25.251493,8.056053,2058
15852,r2i1p1f1,2058,05,27,0.0,26.176504,8.45605,2058
15853,r2i1p1f1,2058,05,28,0.0,25.0138,8.82593,2058
15854,r2i1p1f1,2058,05,29,0.0,25.82532,10.282617,2058
15855,r2i1p1f1,2058,05,30,0.8524266962353977,21.169603,5.487135,2058
15856,r2i1p1f1,2058,05,31,0.0,18.87394,4.512923,2058
15857,r2i1p1f1,2058,06,01,0.0,22.859577,7.962578,2058
15858,r2i1p1f1,2058,06,02,0.0,27.91041,10.506319,2058
15859,r2i1p1f1,2058,06,03,0.0,28.00756,12.399176,2058
15860,r2i1p1f1,2058,06,04,0.0,24.978275,7.4917755,2058
15861,r2i1p1f1,2058,06,05,0.0,21.972418,4.192362,2058
15862,r2i1p1f1,2058,06,06,2.955543468254973,17.754066,5.496563,2058
15863,r2i1p1f1,2058,06,07,2.1871834415748026,18.253347,3.1980066,2058
15864,r2i1p1f1,2058,06,08,0.004223063933750382,20.047316,5.935499,2058
15865,r2i1p1f1,2058,06,09,0.0,24.995207,9.585737,2058
15866,r2i1p1f1,2058,06,10,0.0,29.888475,14.085682,2058
15867,r2i1p1f1,2058,06,11,0.0,30.12722,13.4649935,2058
15868,r2i1p1f1,2058,06,12,0.8215102887788817,30.55293,14.031262,2058
15869,r2i1p1f1,2058,06,13,0.0,33.44472,16.070797,2058
15870,r2i1p1f1,2058,06,14,0.1980096044462698,33.882988,15.395277,2058
15871,r2i1p1f1,2058,06,15,0.0,29.317513,13.248142,2058
15872,r2i1p1f1,2058,06,16,0.0,30.654459,15.914337,2058
15873,r2i1p1f1,2058,06,17,0.0,29.036692,12.442741,2058
15874,r2i1p1f1,2058,06,18,0.0007978886628734472,29.759897,12.309075,2058
15875,r2i1p1f1,2058,06,19,0.0,31.543118,13.393568,2058
15876,r2i1p1f1,2058,06,20,0.0,32.18372,15.305744,2058
15877,r2i1p1f1,2058,06,21,0.0,34.904793,16.547081,2058
15878,r2i1p1f1,2058,06,22,0.0,39.443596,21.58509,2058
15879,r2i1p1f1,2058,06,23,0.0,40.129723,22.802979,2058
15880,r2i1p1f1,2058,06,24,0.15542255455329723,39.25088,20.736578,2058
15881,r2i1p1f1,2058,06,25,1.559953843718631,23.955614,7.102438,2058
15882,r2i1p1f1,2058,06,26,0.0,32.992752,14.213138,2058
15883,r2i1p1f1,2058,06,27,0.0,34.818703,17.403336,2058
15884,r2i1p1f1,2058,06,28,0.0,35.404335,18.618889,2058
15885,r2i1p1f1,2058,06,29,4.615564734831423,27.592524,9.674346,2058
15886,r2i1p1f1,2058,06,30,0.0,36.659298,20.167341,2058
15887,r2i1p1f1,2058,07,01,0.0,39.52149,23.736288,2058
15888,r2i1p1f1,2058,07,02,0.0,40.30635,22.288696,2058
15889,r2i1p1f1,2058,07,03,0.133687579909747,40.405907,19.669842,2058
15890,r2i1p1f1,2058,07,04,0.12392095338782383,29.163504,12.061621,2058
15891,r2i1p1f1,2058,07,05,0.00304020004477934,26.597984,15.250054,2058
15892,r2i1p1f1,2058,07,06,12.8531876994316,22.758732,8.806709,2058
15893,r2i1p1f1,2058,07,07,0.0,25.780064,13.690843,2058
15894,r2i1p1f1,2058,07,08,0.0,28.375195,14.759053,2058
15895,r2i1p1f1,2058,07,09,0.023640006679670478,27.220291,8.535683,2058
15896,r2i1p1f1,2058,07,10,0.0,28.65992,8.910633,2058
15897,r2i1p1f1,2058,07,11,0.0,26.959747,10.482479,2058
15898,r2i1p1f1,2058,07,12,0.0,27.14872,10.717547,2058
15899,r2i1p1f1,2058,07,13,0.0,29.655325,12.124451,2058
15900,r2i1p1f1,2058,07,14,0.0,31.26041,12.878282,2058
15901,r2i1p1f1,2058,07,15,0.0,31.190117,14.66127,2058
15902,r2i1p1f1,2058,07,16,0.0,31.060303,15.323796,2058
15903,r2i1p1f1,2058,07,17,0.0,33.827934,17.63535,2058
15904,r2i1p1f1,2058,07,18,0.0,37.65015,19.585747,2058
15905,r2i1p1f1,2058,07,19,0.002616316942294361,38.3463,23.059,2058
15906,r2i1p1f1,2058,07,20,0.6823254597065898,36.81964,16.35515,2058
15907,r2i1p1f1,2058,07,21,0.01585721937544804,28.366318,15.090892,2058
15908,r2i1p1f1,2058,07,22,0.0,32.837337,16.387527,2058
15909,r2i1p1f1,2058,07,23,0.0,35.19245,17.752937,2058
15910,r2i1p1f1,2058,07,24,0.0,35.869358,17.819511,2058
15911,r2i1p1f1,2058,07,25,0.6137526262982362,27.114042,11.159957,2058
15912,r2i1p1f1,2058,07,26,0.0,21.534227,13.298642,2058
15913,r2i1p1f1,2058,07,27,0.0,26.206394,11.9199095,2058
15914,r2i1p1f1,2058,07,28,0.0,32.96375,14.847019,2058
15915,r2i1p1f1,2058,07,29,0.0,33.617386,15.910841,2058
15916,r2i1p1f1,2058,07,30,0.0,33.587044,15.9212,2058
15917,r2i1p1f1,2058,07,31,0.0,33.10299,13.72553,2058
15918,r2i1p1f1,2058,08,01,0.0,33.979336,14.555762,2058
15919,r2i1p1f1,2058,08,02,0.0,35.535313,16.610004,2058
15920,r2i1p1f1,2058,08,03,0.0,37.42224,18.36756,2058
15921,r2i1p1f1,2058,08,04,0.0,40.376167,22.988626,2058
15922,r2i1p1f1,2058,08,05,0.0,41.189873,25.51522,2058
15923,r2i1p1f1,2058,08,06,0.0,41.483715,21.909212,2058
15924,r2i1p1f1,2058,08,07,0.0,39.298904,18.7764,2058
15925,r2i1p1f1,2058,08,08,0.0,36.44211,16.021048,2058
15926,r2i1p1f1,2058,08,09,0.0,33.305927,14.401378,2058
15927,r2i1p1f1,2058,08,10,0.0,33.5009,15.1468525,2058
15928,r2i1p1f1,2058,08,11,0.0,34.83184,15.107631,2058
15929,r2i1p1f1,2058,08,12,0.0,34.57822,16.180597,2058
15930,r2i1p1f1,2058,08,13,0.0,33.445217,15.59327,2058
15931,r2i1p1f1,2058,08,14,0.0,32.137638,12.043895,2058
15932,r2i1p1f1,2058,08,15,0.0,30.437178,12.320557,2058
15933,r2i1p1f1,2058,08,16,0.0,30.684885,11.404438,2058
15934,r2i1p1f1,2058,08,17,0.0,31.718431,13.765957,2058
15935,r2i1p1f1,2058,08,18,0.0,31.194118,13.80387,2058
15936,r2i1p1f1,2058,08,19,0.0,31.27192,14.127872,2058
15937,r2i1p1f1,2058,08,20,0.0,33.861824,16.402212,2058
15938,r2i1p1f1,2058,08,21,0.0,35.227684,15.336884,2058
15939,r2i1p1f1,2058,08,22,0.0,33.285423,12.650038,2058
15940,r2i1p1f1,2058,08,23,0.0,28.581142,11.65404,2058
15941,r2i1p1f1,2058,08,24,0.0,29.280619,10.246243,2058
15942,r2i1p1f1,2058,08,25,0.0,30.649614,10.60964,2058
15943,r2i1p1f1,2058,08,26,0.0,31.900417,12.416471,2058
15944,r2i1p1f1,2058,08,27,0.0,31.93281,12.744058,2058
15945,r2i1p1f1,2058,08,28,0.0,31.190498,11.095177,2058
15946,r2i1p1f1,2058,08,29,0.0,28.786512,13.522162,2058
15947,r2i1p1f1,2058,08,30,0.0,29.684418,11.641577,2058
15948,r2i1p1f1,2058,08,31,0.0,33.045204,15.609055,2058
15949,r2i1p1f1,2058,09,01,0.0,34.003994,16.626823,2058
15950,r2i1p1f1,2058,09,02,0.0,33.87036,14.5136175,2058
15951,r2i1p1f1,2058,09,03,0.0,32.199814,15.688514,2058
15952,r2i1p1f1,2058,09,04,0.0,33.490288,14.27618,2058
15953,r2i1p1f1,2058,09,05,0.0,32.29222,13.349377,2058
15954,r2i1p1f1,2058,09,06,0.0,27.168814,8.1006365,2058
15955,r2i1p1f1,2058,09,07,0.0,25.295149,8.713603,2058
15956,r2i1p1f1,2058,09,08,0.0,29.014364,11.860119,2058
15957,r2i1p1f1,2058,09,09,0.0,31.496822,14.245747,2058
15958,r2i1p1f1,2058,09,10,0.0,32.63841,15.013279,2058
15959,r2i1p1f1,2058,09,11,0.0,27.283018,8.976826,2058
15960,r2i1p1f1,2058,09,12,0.0,26.36975,9.542051,2058
15961,r2i1p1f1,2058,09,13,0.0,27.660355,11.02605,2058
15962,r2i1p1f1,2058,09,14,0.0,26.346415,7.5728116,2058
15963,r2i1p1f1,2058,09,15,0.0,26.814034,8.618547,2058
15964,r2i1p1f1,2058,09,16,0.0,27.27469,9.457893,2058
15965,r2i1p1f1,2058,09,17,0.0,27.148394,10.898952,2058
15966,r2i1p1f1,2058,09,18,0.0,28.014692,9.081322,2058
15967,r2i1p1f1,2058,09,19,0.0,27.426355,9.233348,2058
15968,r2i1p1f1,2058,09,20,0.0,27.369125,10.169954,2058
15969,r2i1p1f1,2058,09,21,0.0,29.886374,11.876537,2058
15970,r2i1p1f1,2058,09,22,0.0,30.9986,12.672819,2058
15971,r2i1p1f1,2058,09,23,0.0,32.445763,14.670864,2058
15972,r2i1p1f1,2058,09,24,0.0,34.018227,15.598577,2058
15973,r2i1p1f1,2058,09,25,0.0,32.885456,14.712431,2058
15974,r2i1p1f1,2058,09,26,0.0,33.05808,14.860129,2058
15975,r2i1p1f1,2058,09,27,0.0,33.555767,15.637264,2058
15976,r2i1p1f1,2058,09,28,0.0,34.606472,16.679428,2058
15977,r2i1p1f1,2058,09,29,4.508274744409846,34.42918,15.015186,2058
15978,r2i1p1f1,2058,09,30,5.1719960292757605,20.74279,6.138207,2058
15979,r2i1p1f1,2058,10,01,5.996921209157335,18.791485,7.27891,2058
15980,r2i1p1f1,2058,10,02,0.0058962432376574725,23.070814,9.298533,2058
15981,r2i1p1f1,2058,10,03,0.002050773400696926,24.275202,10.181531,2058
15982,r2i1p1f1,2058,10,04,0.0,26.303074,10.490021,2058
15983,r2i1p1f1,2058,10,05,0.0,26.4049,6.713132,2058
15984,r2i1p1f1,2058,10,06,0.0,23.13546,7.7721844,2058
15985,r2i1p1f1,2058,10,07,0.0,23.321564,11.098881,2058
15986,r2i1p1f1,2058,10,08,0.0,23.790056,10.404247,2058
15987,r2i1p1f1,2058,10,09,0.0,23.75843,7.2678537,2058
15988,r2i1p1f1,2058,10,10,0.0,23.967115,7.5766077,2058
15989,r2i1p1f1,2058,10,11,0.0,24.326395,6.9896665,2058
15990,r2i1p1f1,2058,10,12,0.0,27.100744,10.347477,2058
15991,r2i1p1f1,2058,10,13,0.0,28.6074,10.292765,2058
15992,r2i1p1f1,2058,10,14,0.0,31.634857,14.794861,2058
15993,r2i1p1f1,2058,10,15,0.0,32.232914,15.015364,2058
15994,r2i1p1f1,2058,10,16,0.0,26.874813,8.759755,2058
15995,r2i1p1f1,2058,10,17,0.0,24.770763,10.721283,2058
15996,r2i1p1f1,2058,10,18,0.0,24.848696,7.190734,2058
15997,r2i1p1f1,2058,10,19,0.0,23.146948,5.8456445,2058
15998,r2i1p1f1,2058,10,20,0.0,23.225761,6.829518,2058
15999,r2i1p1f1,2058,10,21,0.0,24.251745,9.462704,2058
16000,r2i1p1f1,2058,10,22,0.0,24.758064,9.217364,2058
16001,r2i1p1f1,2058,10,23,0.0,25.687304,10.071379,2058
16002,r2i1p1f1,2058,10,24,0.0,25.863464,9.643615,2058
16003,r2i1p1f1,2058,10,25,0.0,26.680643,9.960347,2058
16004,r2i1p1f1,2058,10,26,0.0,27.436974,11.560856,2058
16005,r2i1p1f1,2058,10,27,0.0,27.637009,12.061807,2058
16006,r2i1p1f1,2058,10,28,0.0,26.962765,12.166545,2058
16007,r2i1p1f1,2058,10,29,0.0,27.845028,12.340237,2058
16008,r2i1p1f1,2058,10,30,0.0,27.308853,12.136034,2058
16009,r2i1p1f1,2058,10,31,0.0,26.032999,11.018534,2058
16010,r2i1p1f1,2058,11,01,0.0,25.142982,11.434893,2058
16011,r2i1p1f1,2058,11,02,0.0,24.037832,8.527828,2058
16012,r2i1p1f1,2058,11,03,0.0,23.879623,9.295304,2058
16013,r2i1p1f1,2058,11,04,0.0,21.25987,7.398166,2058
16014,r2i1p1f1,2058,11,05,0.0,18.195301,2.6225917,2058
16015,r2i1p1f1,2058,11,06,0.0,17.952034,3.5988753,2058
16016,r2i1p1f1,2058,11,07,0.0,20.650667,6.1627483,2058
16017,r2i1p1f1,2058,11,08,0.0,21.505367,9.8147135,2058
16018,r2i1p1f1,2058,11,09,0.0,19.63229,5.0265994,2058
16019,r2i1p1f1,2058,11,10,0.0,19.928125,5.4139733,2058
16020,r2i1p1f1,2058,11,11,0.0,20.462685,5.837937,2058
16021,r2i1p1f1,2058,11,12,0.0,23.635805,8.013115,2058
16022,r2i1p1f1,2058,11,13,0.0,24.420328,10.034269,2058
16023,r2i1p1f1,2058,11,14,0.0,25.181248,10.519653,2058
16024,r2i1p1f1,2058,11,15,0.014660508378483428,26.040657,10.435257,2058
16025,r2i1p1f1,2058,11,16,0.0,17.597286,0.8079954,2058
16026,r2i1p1f1,2058,11,17,0.0,14.81093,0.271721,2058
16027,r2i1p1f1,2058,11,18,0.0,17.77054,4.568378,2058
16028,r2i1p1f1,2058,11,19,0.0,19.690418,4.4567404,2058
16029,r2i1p1f1,2058,11,20,0.0,21.832321,7.3448052,2058
16030,r2i1p1f1,2058,11,21,0.0,22.388903,7.0600133,2058
16031,r2i1p1f1,2058,11,22,0.0,21.884247,5.5330896,2058
16032,r2i1p1f1,2058,11,23,0.02078340892239794,20.32219,6.872025,2058
16033,r2i1p1f1,2058,11,24,0.03527248973114183,17.97097,3.6022818,2058
16034,r2i1p1f1,2058,11,25,30.216063262196258,15.910854,4.9741125,2058
16035,r2i1p1f1,2058,11,26,5.8762177154676465,11.355166,0.1941,2058
16036,r2i1p1f1,2058,11,27,1.5537985106561791,7.3411474,-4.72254,2058
16037,r2i1p1f1,2058,11,28,16.573112421974656,8.126447,-2.362447,2058
16038,r2i1p1f1,2058,11,29,57.09275572316983,8.128948,-0.30570427,2058
16039,r2i1p1f1,2058,11,30,15.327688782053883,5.0784974,-1.6551906,2058
16040,r2i1p1f1,2058,12,01,3.4771948169236566,6.8725533,-0.4556417,2058
16041,r2i1p1f1,2058,12,02,16.199999263335485,9.019865,-0.69809794,2058
16042,r2i1p1f1,2058,12,03,0.0,8.946312,-3.031205,2058
16043,r2i1p1f1,2058,12,04,0.0,8.534467,-0.91319466,2058
16044,r2i1p1f1,2058,12,05,0.0,8.920844,0.28430298,2058
16045,r2i1p1f1,2058,12,06,0.0,11.766343,-1.2482147,2058
16046,r2i1p1f1,2058,12,07,0.0,12.270939,0.8259599,2058
16047,r2i1p1f1,2058,12,08,0.0,12.498604,1.718247,2058
16048,r2i1p1f1,2058,12,09,0.0,14.708727,3.449566,2058
16049,r2i1p1f1,2058,12,10,0.0,14.801792,1.6398644,2058
16050,r2i1p1f1,2058,12,11,0.0,12.574509,0.9965713,2058
16051,r2i1p1f1,2058,12,12,0.0,12.825397,0.10476923,2058
16052,r2i1p1f1,2058,12,13,0.0,14.219988,1.9616228,2058
16053,r2i1p1f1,2058,12,14,0.0,15.428365,4.2870903,2058
16054,r2i1p1f1,2058,12,15,0.0,16.375883,5.10285,2058
16055,r2i1p1f1,2058,12,16,0.0,19.262323,4.931039,2058
16056,r2i1p1f1,2058,12,17,0.0,19.791582,5.536951,2058
16057,r2i1p1f1,2058,12,18,0.0,18.436853,5.4670935,2058
16058,r2i1p1f1,2058,12,19,0.0,19.717945,6.4468174,2058
16059,r2i1p1f1,2058,12,20,0.0,20.841135,7.8297186,2058
16060,r2i1p1f1,2058,12,21,0.0,21.125887,7.968923,2058
16061,r2i1p1f1,2058,12,22,0.0,20.247322,7.23422,2058
16062,r2i1p1f1,2058,12,23,0.0,9.937412,-2.2664523,2058
16063,r2i1p1f1,2058,12,24,0.4255874908039914,9.312674,-2.6695113,2058
16064,r2i1p1f1,2058,12,25,0.0,2.9422395,-9.3481455,2058
16065,r2i1p1f1,2058,12,26,0.0,3.045251,-8.801054,2058
16066,r2i1p1f1,2058,12,27,1.8323864360354492,3.3265412,-0.83388025,2058
16067,r2i1p1f1,2058,12,28,0.0,8.288068,-3.8052034,2058
16068,r2i1p1f1,2058,12,29,0.0,9.29734,-2.7274368,2058
16069,r2i1p1f1,2058,12,30,0.0,10.999286,-0.9727385,2058
16070,r2i1p1f1,2058,12,31,0.0,13.283804,0.6122363,2058
16071,r2i1p1f1,2059,01,01,0.0,14.314388,2.1934154,2059
16072,r2i1p1f1,2059,01,02,0.0,13.085938,1.3869277,2059
16073,r2i1p1f1,2059,01,03,0.0,13.822435,2.9809732,2059
16074,r2i1p1f1,2059,01,04,0.0,11.669863,0.55688494,2059
16075,r2i1p1f1,2059,01,05,0.0,11.871872,0.3156936,2059
16076,r2i1p1f1,2059,01,06,0.0,13.997753,2.083013,2059
16077,r2i1p1f1,2059,01,07,0.0,16.076504,3.883603,2059
16078,r2i1p1f1,2059,01,08,0.0,16.786911,5.237813,2059
16079,r2i1p1f1,2059,01,09,0.0,18.487192,5.291483,2059
16080,r2i1p1f1,2059,01,10,0.0,17.904133,5.9852962,2059
16081,r2i1p1f1,2059,01,11,0.0,18.860998,5.718508,2059
16082,r2i1p1f1,2059,01,12,0.0,18.981865,6.6964674,2059
16083,r2i1p1f1,2059,01,13,0.0,16.349434,4.3199463,2059
16084,r2i1p1f1,2059,01,14,0.0,17.764473,3.913124,2059
16085,r2i1p1f1,2059,01,15,0.0,18.14,5.6615896,2059
16086,r2i1p1f1,2059,01,16,1.8024005270603993,16.300251,5.1959243,2059
16087,r2i1p1f1,2059,01,17,90.96750418975716,11.490732,7.860332,2059
16088,r2i1p1f1,2059,01,18,36.88525582183502,12.991467,1.2546109,2059
16089,r2i1p1f1,2059,01,19,21.535390149074374,8.903534,-2.9246788,2059
16090,r2i1p1f1,2059,01,20,0.9267769560167949,7.1959143,1.4206388,2059
16091,r2i1p1f1,2059,01,21,0.0,8.596117,-0.9146918,2059
16092,r2i1p1f1,2059,01,22,14.130618692979624,6.630446,-2.3592494,2059
16093,r2i1p1f1,2059,01,23,7.835270193527322,6.6033025,0.106744975,2059
16094,r2i1p1f1,2059,01,24,0.0,12.127918,-0.66915864,2059
16095,r2i1p1f1,2059,01,25,0.0,12.789364,0.9206367,2059
16096,r2i1p1f1,2059,01,26,0.0,12.451138,1.9482288,2059
16097,r2i1p1f1,2059,01,27,5.617614805066751,12.1845665,2.43064,2059
16098,r2i1p1f1,2059,01,28,0.9655985674953627,9.55558,-0.96404827,2059
16099,r2i1p1f1,2059,01,29,0.017137281656687264,10.719933,0.39810324,2059
16100,r2i1p1f1,2059,01,30,0.0,12.692096,1.3490484,2059
16101,r2i1p1f1,2059,01,31,0.0,12.719254,0.5102868,2059
16102,r2i1p1f1,2059,02,01,0.0,12.05563,0.6276285,2059
16103,r2i1p1f1,2059,02,02,0.0,12.539627,0.33059466,2059
16104,r2i1p1f1,2059,02,03,0.0,13.930627,0.4301302,2059
16105,r2i1p1f1,2059,02,04,0.0,14.909215,1.8573184,2059
16106,r2i1p1f1,2059,02,05,0.0,14.712677,3.104235,2059
16107,r2i1p1f1,2059,02,06,0.0,15.174127,2.1611385,2059
16108,r2i1p1f1,2059,02,07,0.0,16.5002,3.7629378,2059
16109,r2i1p1f1,2059,02,08,0.0,17.57212,4.609604,2059
16110,r2i1p1f1,2059,02,09,0.0,20.368164,5.8560925,2059
16111,r2i1p1f1,2059,02,10,0.0,20.664633,8.745344,2059
16112,r2i1p1f1,2059,02,11,0.0,19.297085,8.170336,2059
16113,r2i1p1f1,2059,02,12,0.0,19.887157,7.120408,2059
16114,r2i1p1f1,2059,02,13,0.0,20.229317,6.6069937,2059
16115,r2i1p1f1,2059,02,14,0.008965230153989978,15.85298,3.3371778,2059
16116,r2i1p1f1,2059,02,15,0.0,14.933589,4.023198,2059
16117,r2i1p1f1,2059,02,16,0.0,14.297555,4.816441,2059
16118,r2i1p1f1,2059,02,17,9.286594730565412,13.462976,3.526274,2059
16119,r2i1p1f1,2059,02,18,8.868870634159975,15.317695,4.765365,2059
16120,r2i1p1f1,2059,02,19,0.06402338478039837,11.944687,4.3440924,2059
16121,r2i1p1f1,2059,02,20,0.0,12.502891,2.8084173,2059
16122,r2i1p1f1,2059,02,21,0.4036831904954852,12.845269,5.5875187,2059
16123,r2i1p1f1,2059,02,22,0.03392187727513374,14.149326,0.04799281,2059
16124,r2i1p1f1,2059,02,23,0.0,15.023753,1.6102712,2059
16125,r2i1p1f1,2059,02,24,2.910583667329547,10.730785,3.1550906,2059
16126,r2i1p1f1,2059,02,25,35.75334096021834,11.827517,3.2064168,2059
16127,r2i1p1f1,2059,02,26,9.049509304918502,9.42255,-3.264872,2059
16128,r2i1p1f1,2059,02,27,10.84907201407077,7.324415,0.5803442,2059
16129,r2i1p1f1,2059,02,28,13.384005093030282,8.040928,0.72887206,2059
16130,r2i1p1f1,2059,03,01,18.74019735660113,9.891428,3.338075,2059
16131,r2i1p1f1,2059,03,02,7.834770849422057,13.783675,4.605573,2059
16132,r2i1p1f1,2059,03,03,1.7864929846496125,13.678024,0.47393152,2059
16133,r2i1p1f1,2059,03,04,3.310314676599546,14.550106,4.218309,2059
16134,r2i1p1f1,2059,03,05,4.368525967652204,14.670689,7.1046534,2059
16135,r2i1p1f1,2059,03,06,10.594697938995523,15.088386,6.4931006,2059
16136,r2i1p1f1,2059,03,07,16.84017600991865,13.564492,5.6948624,2059
16137,r2i1p1f1,2059,03,08,0.0,15.290541,0.91298443,2059
16138,r2i1p1f1,2059,03,09,0.0,16.391953,3.070579,2059
16139,r2i1p1f1,2059,03,10,24.964780360096483,14.819789,5.6947265,2059
16140,r2i1p1f1,2059,03,11,0.0,15.224681,7.272413,2059
16141,r2i1p1f1,2059,03,12,0.0,16.610538,1.9191407,2059
16142,r2i1p1f1,2059,03,13,2.3092094954677123,15.297282,2.8627353,2059
16143,r2i1p1f1,2059,03,14,4.442994261285094,13.305192,4.809651,2059
16144,r2i1p1f1,2059,03,15,1.5338005620833428,11.544585,1.3694568,2059
16145,r2i1p1f1,2059,03,16,0.0,13.990773,1.5592719,2059
16146,r2i1p1f1,2059,03,17,0.0,15.7981,3.852695,2059
16147,r2i1p1f1,2059,03,18,0.0,16.7119,2.455371,2059
16148,r2i1p1f1,2059,03,19,0.0,22.165083,4.582172,2059
16149,r2i1p1f1,2059,03,20,0.4324744953919435,23.234577,8.773263,2059
16150,r2i1p1f1,2059,03,21,5.867346448179944,16.596615,4.348147,2059
16151,r2i1p1f1,2059,03,22,8.011648317324216,7.419608,1.8417282,2059
16152,r2i1p1f1,2059,03,23,1.6442916972664534,12.05714,2.067304,2059
16153,r2i1p1f1,2059,03,24,0.0,18.929102,0.62999964,2059
16154,r2i1p1f1,2059,03,25,17.374521570673096,16.822117,1.0598016,2059
16155,r2i1p1f1,2059,03,26,27.725970936444355,10.761273,6.6959357,2059
16156,r2i1p1f1,2059,03,27,58.37215988722164,10.5332155,6.6979513,2059
16157,r2i1p1f1,2059,03,28,4.089532838850118,13.327486,3.8154407,2059
16158,r2i1p1f1,2059,03,29,0.08145247142579137,18.658062,4.494141,2059
16159,r2i1p1f1,2059,03,30,0.0,19.296366,4.408167,2059
16160,r2i1p1f1,2059,03,31,0.0,20.774738,5.473723,2059
16161,r2i1p1f1,2059,04,01,0.0,21.629776,6.6247168,2059
16162,r2i1p1f1,2059,04,02,6.661270172020295,16.294668,4.1285534,2059
16163,r2i1p1f1,2059,04,03,15.684442047131597,12.286867,4.789522,2059
16164,r2i1p1f1,2059,04,04,0.23619976107056573,15.019521,-0.90742874,2059
16165,r2i1p1f1,2059,04,05,0.0,16.568462,0.6791565,2059
16166,r2i1p1f1,2059,04,06,0.0,16.51899,2.9714355,2059
16167,r2i1p1f1,2059,04,07,0.0,17.843838,2.5882833,2059
16168,r2i1p1f1,2059,04,08,0.0,18.695152,3.059249,2059
16169,r2i1p1f1,2059,04,09,0.0,19.448923,3.4135695,2059
16170,r2i1p1f1,2059,04,10,3.5660545922610254,17.685928,2.8850317,2059
16171,r2i1p1f1,2059,04,11,32.52677748714632,13.046557,9.361408,2059
16172,r2i1p1f1,2059,04,12,15.643386181045571,13.699498,4.3984346,2059
16173,r2i1p1f1,2059,04,13,4.895950987508968,9.336014,0.8581333,2059
16174,r2i1p1f1,2059,04,14,0.0,15.874723,1.2566328,2059
16175,r2i1p1f1,2059,04,15,0.0,21.159061,3.9724607,2059
16176,r2i1p1f1,2059,04,16,0.3500453738752185,18.69791,3.378576,2059
16177,r2i1p1f1,2059,04,17,0.0,19.383553,6.33164,2059
16178,r2i1p1f1,2059,04,18,0.0,21.574486,7.1644187,2059
16179,r2i1p1f1,2059,04,19,51.3086533988826,17.971968,3.4675999,2059
16180,r2i1p1f1,2059,04,20,23.46220069048286,10.1177025,6.1755195,2059
16181,r2i1p1f1,2059,04,21,1.1185671708858536,14.742686,0.40030205,2059
16182,r2i1p1f1,2059,04,22,0.0,18.300728,2.377355,2059
16183,r2i1p1f1,2059,04,23,0.0,18.662363,3.0233927,2059
16184,r2i1p1f1,2059,04,24,0.0,16.554932,3.170518,2059
16185,r2i1p1f1,2059,04,25,0.0,16.719059,4.7173524,2059
16186,r2i1p1f1,2059,04,26,0.0,16.99278,2.5024168,2059
16187,r2i1p1f1,2059,04,27,0.0,18.336363,2.2489023,2059
16188,r2i1p1f1,2059,04,28,0.0,19.992723,4.931989,2059
16189,r2i1p1f1,2059,04,29,0.0,19.900776,3.7148318,2059
16190,r2i1p1f1,2059,04,30,0.0,17.399916,2.276125,2059
16191,r2i1p1f1,2059,05,01,0.3585131086765614,13.390726,3.7801754,2059
16192,r2i1p1f1,2059,05,02,0.0,17.20063,4.1169086,2059
16193,r2i1p1f1,2059,05,03,0.0,19.30212,2.837713,2059
16194,r2i1p1f1,2059,05,04,0.0,21.223412,4.9260907,2059
16195,r2i1p1f1,2059,05,05,0.0,22.152597,5.9756866,2059
16196,r2i1p1f1,2059,05,06,0.0,24.725685,9.420083,2059
16197,r2i1p1f1,2059,05,07,0.0,26.845137,10.49274,2059
16198,r2i1p1f1,2059,05,08,0.0,28.86652,11.16811,2059
16199,r2i1p1f1,2059,05,09,0.0,30.441048,13.559332,2059
16200,r2i1p1f1,2059,05,10,0.0,31.198143,14.762841,2059
16201,r2i1p1f1,2059,05,11,0.0,32.549736,16.138784,2059
16202,r2i1p1f1,2059,05,12,0.0,32.36357,14.083889,2059
16203,r2i1p1f1,2059,05,13,0.0,26.95707,9.44065,2059
16204,r2i1p1f1,2059,05,14,0.0,22.559933,6.376429,2059
16205,r2i1p1f1,2059,05,15,0.0,20.612152,5.210684,2059
16206,r2i1p1f1,2059,05,16,0.0,24.451635,8.74844,2059
16207,r2i1p1f1,2059,05,17,0.0,26.699963,9.596996,2059
16208,r2i1p1f1,2059,05,18,0.0,26.987986,10.113417,2059
16209,r2i1p1f1,2059,05,19,0.0,25.14981,9.220955,2059
16210,r2i1p1f1,2059,05,20,0.0,21.589287,4.489778,2059
16211,r2i1p1f1,2059,05,21,0.0,18.461006,2.9931772,2059
16212,r2i1p1f1,2059,05,22,0.0,21.758343,5.5170155,2059
16213,r2i1p1f1,2059,05,23,0.0,26.47266,9.16518,2059
16214,r2i1p1f1,2059,05,24,0.0,28.481894,10.983646,2059
16215,r2i1p1f1,2059,05,25,0.0,33.253433,17.741274,2059
16216,r2i1p1f1,2059,05,26,0.0,35.06178,17.435215,2059
16217,r2i1p1f1,2059,05,27,0.25032578378159087,34.042107,14.993715,2059
16218,r2i1p1f1,2059,05,28,0.028001298278468312,34.50505,19.58099,2059
16219,r2i1p1f1,2059,05,29,0.0,35.2705,19.045528,2059
16220,r2i1p1f1,2059,05,30,0.0,34.35626,15.974941,2059
16221,r2i1p1f1,2059,05,31,0.0,29.717855,12.276066,2059
16222,r2i1p1f1,2059,06,01,0.0,24.454388,6.599887,2059
16223,r2i1p1f1,2059,06,02,0.0,25.062742,6.807737,2059
16224,r2i1p1f1,2059,06,03,0.0,26.075304,8.794575,2059
16225,r2i1p1f1,2059,06,04,0.0,30.140282,13.122724,2059
16226,r2i1p1f1,2059,06,05,0.0,32.312733,16.28941,2059
16227,r2i1p1f1,2059,06,06,0.0,34.837055,17.842585,2059
16228,r2i1p1f1,2059,06,07,0.0,35.658474,16.985762,2059
16229,r2i1p1f1,2059,06,08,0.0,34.70444,16.41173,2059
16230,r2i1p1f1,2059,06,09,0.0,29.66585,10.714076,2059
16231,r2i1p1f1,2059,06,10,0.0,27.48571,10.270511,2059
16232,r2i1p1f1,2059,06,11,0.0,26.55883,8.6634655,2059
16233,r2i1p1f1,2059,06,12,0.0,24.54938,7.3834076,2059
16234,r2i1p1f1,2059,06,13,0.0,23.137371,7.866905,2059
16235,r2i1p1f1,2059,06,14,0.0,24.680683,8.557452,2059
16236,r2i1p1f1,2059,06,15,0.0,27.725546,10.529913,2059
16237,r2i1p1f1,2059,06,16,0.0,29.157888,10.98781,2059
16238,r2i1p1f1,2059,06,17,0.0,29.400373,11.511842,2059
16239,r2i1p1f1,2059,06,18,0.0,28.843208,12.457669,2059
16240,r2i1p1f1,2059,06,19,0.0,31.997698,14.275548,2059
16241,r2i1p1f1,2059,06,20,0.0,32.760204,12.973206,2059
16242,r2i1p1f1,2059,06,21,0.0,31.25259,12.567819,2059
16243,r2i1p1f1,2059,06,22,0.09749200775104327,31.37712,12.338726,2059
16244,r2i1p1f1,2059,06,23,0.0,32.301453,13.26726,2059
16245,r2i1p1f1,2059,06,24,0.0,35.495193,16.05021,2059
16246,r2i1p1f1,2059,06,25,0.0,36.567764,18.27613,2059
16247,r2i1p1f1,2059,06,26,0.0,37.4738,18.677538,2059
16248,r2i1p1f1,2059,06,27,0.0,37.24651,20.344477,2059
16249,r2i1p1f1,2059,06,28,0.18691317404773145,35.428577,17.735437,2059
16250,r2i1p1f1,2059,06,29,0.328264374002174,34.01315,14.282011,2059
16251,r2i1p1f1,2059,06,30,0.7578034882953943,34.964043,15.076107,2059
16252,r2i1p1f1,2059,07,01,0.0,33.477013,16.069176,2059
16253,r2i1p1f1,2059,07,02,0.0,29.456478,12.769328,2059
16254,r2i1p1f1,2059,07,03,0.0,35.551956,17.72924,2059
16255,r2i1p1f1,2059,07,04,0.0,37.83206,20.936953,2059
16256,r2i1p1f1,2059,07,05,0.0,39.50569,21.706991,2059
16257,r2i1p1f1,2059,07,06,0.0,37.0515,19.172905,2059
16258,r2i1p1f1,2059,07,07,0.0,33.912952,18.070988,2059
16259,r2i1p1f1,2059,07,08,0.0,33.325302,15.6265955,2059
16260,r2i1p1f1,2059,07,09,0.0,32.95396,15.362235,2059
16261,r2i1p1f1,2059,07,10,0.0,32.25904,13.068129,2059
16262,r2i1p1f1,2059,07,11,0.0,34.716007,15.997334,2059
16263,r2i1p1f1,2059,07,12,0.0,36.089603,17.664885,2059
16264,r2i1p1f1,2059,07,13,0.0,35.10629,16.500158,2059
16265,r2i1p1f1,2059,07,14,0.0,34.801014,16.59157,2059
16266,r2i1p1f1,2059,07,15,0.0,35.794994,16.812868,2059
16267,r2i1p1f1,2059,07,16,0.0,37.21629,19.194376,2059
16268,r2i1p1f1,2059,07,17,0.0,38.097042,20.454287,2059
16269,r2i1p1f1,2059,07,18,0.0,37.738678,19.248142,2059
16270,r2i1p1f1,2059,07,19,0.0,37.036774,17.877958,2059
16271,r2i1p1f1,2059,07,20,0.0,37.083347,17.204771,2059
16272,r2i1p1f1,2059,07,21,0.0,36.901997,17.88102,2059
16273,r2i1p1f1,2059,07,22,0.0,36.646347,18.355642,2059
16274,r2i1p1f1,2059,07,23,0.0,34.936657,16.095024,2059
16275,r2i1p1f1,2059,07,24,0.0,38.304363,20.382189,2059
16276,r2i1p1f1,2059,07,25,0.0,41.393066,23.027437,2059
16277,r2i1p1f1,2059,07,26,0.0,41.57737,23.41208,2059
16278,r2i1p1f1,2059,07,27,0.0,39.97428,24.590515,2059
16279,r2i1p1f1,2059,07,28,0.0,41.922733,26.92096,2059
16280,r2i1p1f1,2059,07,29,0.0,42.45033,23.855286,2059
16281,r2i1p1f1,2059,07,30,0.0,39.699688,20.118631,2059
16282,r2i1p1f1,2059,07,31,0.0,40.68913,24.400238,2059
16283,r2i1p1f1,2059,08,01,0.0,39.699257,20.631111,2059
16284,r2i1p1f1,2059,08,02,0.0,37.617325,18.68513,2059
16285,r2i1p1f1,2059,08,03,0.0,35.046684,17.435059,2059
16286,r2i1p1f1,2059,08,04,0.0,34.659775,13.769221,2059
16287,r2i1p1f1,2059,08,05,0.0,35.535076,17.312418,2059
16288,r2i1p1f1,2059,08,06,0.0,35.440353,18.805258,2059
16289,r2i1p1f1,2059,08,07,0.0,32.691856,12.859152,2059
16290,r2i1p1f1,2059,08,08,0.0,31.235233,11.329839,2059
16291,r2i1p1f1,2059,08,09,0.0,30.454424,12.215659,2059
16292,r2i1p1f1,2059,08,10,0.0,32.452477,14.746414,2059
16293,r2i1p1f1,2059,08,11,0.0,34.235504,16.099676,2059
16294,r2i1p1f1,2059,08,12,0.0,35.581154,15.799208,2059
16295,r2i1p1f1,2059,08,13,0.0,36.57338,20.451117,2059
16296,r2i1p1f1,2059,08,14,0.0,37.579803,20.273903,2059
16297,r2i1p1f1,2059,08,15,0.0,39.43721,21.234133,2059
16298,r2i1p1f1,2059,08,16,0.0,39.270763,20.940569,2059
16299,r2i1p1f1,2059,08,17,0.0,38.18918,16.537628,2059
16300,r2i1p1f1,2059,08,18,0.0,34.49736,14.701826,2059
16301,r2i1p1f1,2059,08,19,0.0,33.008255,15.2712555,2059
16302,r2i1p1f1,2059,08,20,0.0,25.518885,10.662713,2059
16303,r2i1p1f1,2059,08,21,0.0,25.546448,10.631814,2059
16304,r2i1p1f1,2059,08,22,0.0,27.655432,9.757243,2059
16305,r2i1p1f1,2059,08,23,0.0,28.874708,11.66525,2059
16306,r2i1p1f1,2059,08,24,0.0,31.005917,13.727953,2059
16307,r2i1p1f1,2059,08,25,0.0,35.442795,17.677498,2059
16308,r2i1p1f1,2059,08,26,0.0,36.395134,18.882494,2059
16309,r2i1p1f1,2059,08,27,0.0,36.638668,15.843739,2059
16310,r2i1p1f1,2059,08,28,0.0,33.78618,14.442549,2059
16311,r2i1p1f1,2059,08,29,0.0,32.50543,15.193317,2059
16312,r2i1p1f1,2059,08,30,0.0,31.551504,11.010611,2059
16313,r2i1p1f1,2059,08,31,0.0,26.754478,11.11266,2059
16314,r2i1p1f1,2059,09,01,0.0,28.682655,10.903789,2059
16315,r2i1p1f1,2059,09,02,0.0,27.635798,10.2178755,2059
16316,r2i1p1f1,2059,09,03,0.0,27.110426,8.594855,2059
16317,r2i1p1f1,2059,09,04,0.0,29.258354,10.567451,2059
16318,r2i1p1f1,2059,09,05,0.0,31.592155,16.28333,2059
16319,r2i1p1f1,2059,09,06,0.18198757756238138,32.828186,17.420088,2059
16320,r2i1p1f1,2059,09,07,0.0,30.292995,14.306085,2059
16321,r2i1p1f1,2059,09,08,0.0,28.820059,9.514548,2059
16322,r2i1p1f1,2059,09,09,0.0,27.435549,9.034577,2059
16323,r2i1p1f1,2059,09,10,0.0,28.046867,10.22379,2059
16324,r2i1p1f1,2059,09,11,0.0,26.977083,8.9007635,2059
16325,r2i1p1f1,2059,09,12,0.0,28.898458,11.566086,2059
16326,r2i1p1f1,2059,09,13,0.0,30.119652,11.0932865,2059
16327,r2i1p1f1,2059,09,14,0.0,27.77676,9.949528,2059
16328,r2i1p1f1,2059,09,15,0.0,29.988752,12.999694,2059
16329,r2i1p1f1,2059,09,16,0.0,33.550346,16.453451,2059
16330,r2i1p1f1,2059,09,17,0.0,34.542507,17.038647,2059
16331,r2i1p1f1,2059,09,18,0.0,34.741005,15.808077,2059
16332,r2i1p1f1,2059,09,19,0.004792738843661937,30.998386,11.976515,2059
16333,r2i1p1f1,2059,09,20,0.6293847451956935,23.31594,9.3984785,2059
16334,r2i1p1f1,2059,09,21,9.630493638815096,14.851246,6.5425363,2059
16335,r2i1p1f1,2059,09,22,0.0,21.101816,4.7440915,2059
16336,r2i1p1f1,2059,09,23,0.0,23.630762,7.332561,2059
16337,r2i1p1f1,2059,09,24,0.20253430932370975,23.791132,9.884518,2059
16338,r2i1p1f1,2059,09,25,0.012261936490176595,21.586803,5.5912247,2059
16339,r2i1p1f1,2059,09,26,0.0,22.471647,5.7168264,2059
16340,r2i1p1f1,2059,09,27,0.0,23.98011,7.1046286,2059
16341,r2i1p1f1,2059,09,28,0.0,23.628954,8.201041,2059
16342,r2i1p1f1,2059,09,29,0.009854995778368902,27.023693,11.590555,2059
16343,r2i1p1f1,2059,09,30,0.0,28.908525,13.412772,2059
16344,r2i1p1f1,2059,10,01,12.006342665040393,25.32703,8.871296,2059
16345,r2i1p1f1,2059,10,02,13.187083652314868,17.354816,8.31244,2059
16346,r2i1p1f1,2059,10,03,0.0,17.24451,4.6961217,2059
16347,r2i1p1f1,2059,10,04,0.0,21.47093,5.721524,2059
16348,r2i1p1f1,2059,10,05,0.0,22.61162,6.8329115,2059
16349,r2i1p1f1,2059,10,06,0.0,22.876284,7.5593143,2059
16350,r2i1p1f1,2059,10,07,0.0,25.17873,9.698926,2059
16351,r2i1p1f1,2059,10,08,0.0,27.024439,10.897175,2059
16352,r2i1p1f1,2059,10,09,0.0,29.03754,12.689871,2059
16353,r2i1p1f1,2059,10,10,0.018530872648625518,25.144018,10.348724,2059
16354,r2i1p1f1,2059,10,11,0.0,17.91591,2.5878057,2059
16355,r2i1p1f1,2059,10,12,1.9617315656205392,13.424647,3.2909791,2059
16356,r2i1p1f1,2059,10,13,0.0,21.471697,4.4936414,2059
16357,r2i1p1f1,2059,10,14,0.0,23.114033,7.3570576,2059
16358,r2i1p1f1,2059,10,15,0.0,24.742388,8.828016,2059
16359,r2i1p1f1,2059,10,16,0.0,25.478203,9.667101,2059
16360,r2i1p1f1,2059,10,17,0.0,26.14621,10.792805,2059
16361,r2i1p1f1,2059,10,18,0.0,26.698006,10.971732,2059
16362,r2i1p1f1,2059,10,19,1.2816700881785437,25.297464,12.439885,2059
16363,r2i1p1f1,2059,10,20,0.0,24.466032,10.48733,2059
16364,r2i1p1f1,2059,10,21,0.0,25.24784,11.180615,2059
16365,r2i1p1f1,2059,10,22,0.0,26.706915,11.691053,2059
16366,r2i1p1f1,2059,10,23,0.0,26.8577,10.20232,2059
16367,r2i1p1f1,2059,10,24,0.1648540699534351,26.833485,11.181704,2059
16368,r2i1p1f1,2059,10,25,0.4129141446128415,25.983969,13.572064,2059
16369,r2i1p1f1,2059,10,26,0.0,27.273743,12.380005,2059
16370,r2i1p1f1,2059,10,27,2.1122940566328907,24.477278,9.605098,2059
16371,r2i1p1f1,2059,10,28,36.78338473225722,17.094275,10.371997,2059
16372,r2i1p1f1,2059,10,29,2.4306913211717074,13.652534,4.4203396,2059
16373,r2i1p1f1,2059,10,30,0.0,17.667198,2.4405935,2059
16374,r2i1p1f1,2059,10,31,0.0,19.274813,5.9116697,2059
16375,r2i1p1f1,2059,11,01,0.0,18.77369,5.7138214,2059
16376,r2i1p1f1,2059,11,02,0.0,16.524862,5.9555492,2059
16377,r2i1p1f1,2059,11,03,0.0,18.903063,4.3385434,2059
16378,r2i1p1f1,2059,11,04,0.0,19.550035,5.413656,2059
16379,r2i1p1f1,2059,11,05,0.0,18.33809,6.048007,2059
16380,r2i1p1f1,2059,11,06,0.0,18.930971,5.6389647,2059
16381,r2i1p1f1,2059,11,07,0.0,19.48066,6.227638,2059
16382,r2i1p1f1,2059,11,08,0.0,19.00368,6.08108,2059
16383,r2i1p1f1,2059,11,09,0.0,19.502022,6.671624,2059
16384,r2i1p1f1,2059,11,10,0.0,16.425785,3.0473764,2059
16385,r2i1p1f1,2059,11,11,19.09381472196401,13.623859,3.7014127,2059
16386,r2i1p1f1,2059,11,12,0.0,10.230547,-1.4516779,2059
16387,r2i1p1f1,2059,11,13,0.0,10.881222,-2.649618,2059
16388,r2i1p1f1,2059,11,14,0.627815566940626,10.877028,0.9520193,2059
16389,r2i1p1f1,2059,11,15,0.004410447490954539,10.991623,0.26105458,2059
16390,r2i1p1f1,2059,11,16,0.0,11.961871,-1.6145924,2059
16391,r2i1p1f1,2059,11,17,8.017158863788154,11.646583,0.46837193,2059
16392,r2i1p1f1,2059,11,18,2.014817352727505,5.5726285,-2.1689422,2059
16393,r2i1p1f1,2059,11,19,0.043675731831172016,7.944124,-2.7835636,2059
16394,r2i1p1f1,2059,11,20,22.11855706773349,8.656604,1.0380427,2059
16395,r2i1p1f1,2059,11,21,16.317136951761313,10.616947,0.07968431,2059
16396,r2i1p1f1,2059,11,22,0.0,10.82001,-1.0984827,2059
16397,r2i1p1f1,2059,11,23,1.4012173165298236,10.647886,-0.3105278,2059
16398,r2i1p1f1,2059,11,24,0.24853841305230162,10.208759,-0.9724173,2059
16399,r2i1p1f1,2059,11,25,0.0026705018740358355,10.529536,-3.2361772,2059
16400,r2i1p1f1,2059,11,26,7.297213477272635,8.025693,1.1709783,2059
16401,r2i1p1f1,2059,11,27,27.70600076619303,7.579656,1.5215856,2059
16402,r2i1p1f1,2059,11,28,29.12355789949288,8.672725,-0.27816826,2059
16403,r2i1p1f1,2059,11,29,22.23574355011806,5.673803,-0.661676,2059
16404,r2i1p1f1,2059,11,30,0.035882967995348736,9.473659,-1.1940055,2059
16405,r2i1p1f1,2059,12,01,0.0,13.873517,1.352245,2059
16406,r2i1p1f1,2059,12,02,0.0,15.446788,3.7709093,2059
16407,r2i1p1f1,2059,12,03,0.0,16.362862,4.789622,2059
16408,r2i1p1f1,2059,12,04,0.0,17.376644,6.1099267,2059
16409,r2i1p1f1,2059,12,05,0.0,18.392544,7.015539,2059
16410,r2i1p1f1,2059,12,06,0.0,19.86987,6.6897297,2059
16411,r2i1p1f1,2059,12,07,0.0,19.377708,6.227659,2059
16412,r2i1p1f1,2059,12,08,0.0,19.433128,7.6423807,2059
16413,r2i1p1f1,2059,12,09,0.3666857604798679,18.877234,7.525276,2059
16414,r2i1p1f1,2059,12,10,0.01532291244075168,17.58564,7.2152004,2059
16415,r2i1p1f1,2059,12,11,20.843252470558582,13.997593,3.9290385,2059
16416,r2i1p1f1,2059,12,12,0.0,14.279894,3.0523524,2059
16417,r2i1p1f1,2059,12,13,0.0,15.105159,4.0833287,2059
16418,r2i1p1f1,2059,12,14,0.0,15.3066,5.033491,2059
16419,r2i1p1f1,2059,12,15,0.0,14.995588,3.95669,2059
16420,r2i1p1f1,2059,12,16,0.18318922917899272,11.106457,3.004303,2059
16421,r2i1p1f1,2059,12,17,0.0,15.228356,2.2941236,2059
16422,r2i1p1f1,2059,12,18,0.0,15.297402,3.3171244,2059
16423,r2i1p1f1,2059,12,19,0.33045042850972095,12.1698265,3.9586933,2059
16424,r2i1p1f1,2059,12,20,0.0,13.059086,1.4698033,2059
16425,r2i1p1f1,2059,12,21,0.0,14.807331,1.3832839,2059
16426,r2i1p1f1,2059,12,22,0.0,14.985602,3.3384638,2059
16427,r2i1p1f1,2059,12,23,0.0,10.597705,4.059002,2059
16428,r2i1p1f1,2059,12,24,0.0,12.21205,1.7818432,2059
16429,r2i1p1f1,2059,12,25,5.543426822214315,10.560271,1.7317979,2059
16430,r2i1p1f1,2059,12,26,0.17553060653199282,8.175762,0.8658221,2059
16431,r2i1p1f1,2059,12,27,0.0014843494859917428,11.928952,0.6446147,2059
16432,r2i1p1f1,2059,12,28,0.0,12.741856,0.47340876,2059
16433,r2i1p1f1,2059,12,29,0.0,11.169705,3.0681283,2059
16434,r2i1p1f1,2059,12,30,7.1896333761060305,10.575477,-1.1507246,2059
16435,r2i1p1f1,2059,12,31,6.567029082225417,8.09804,4.13613,2059
16436,r2i1p1f1,2060,01,01,0.0,11.284251,1.2476643,2060
16437,r2i1p1f1,2060,01,02,0.0,12.566406,0.5166193,2060
16438,r2i1p1f1,2060,01,03,1.101076093652864,11.222286,-0.15673488,2060
16439,r2i1p1f1,2060,01,04,4.093886359351018,8.597663,1.3840427,2060
16440,r2i1p1f1,2060,01,05,0.0,10.647091,-0.2132402,2060
16441,r2i1p1f1,2060,01,06,0.0,9.939911,-0.51185244,2060
16442,r2i1p1f1,2060,01,07,5.097798167315659,10.427797,1.7897458,2060
16443,r2i1p1f1,2060,01,08,4.392678352951407,13.3850565,6.8670874,2060
16444,r2i1p1f1,2060,01,09,11.666853094811813,13.838585,8.196766,2060
16445,r2i1p1f1,2060,01,10,32.537253152622725,14.582714,9.714758,2060
16446,r2i1p1f1,2060,01,11,0.0,12.023222,-0.64243865,2060
16447,r2i1p1f1,2060,01,12,0.0,10.8081255,1.1209909,2060
16448,r2i1p1f1,2060,01,13,0.0,12.248302,1.1611027,2060
16449,r2i1p1f1,2060,01,14,0.0,12.367374,2.9985008,2060
16450,r2i1p1f1,2060,01,15,0.0,13.361599,3.0660496,2060
16451,r2i1p1f1,2060,01,16,10.82256872812195,12.607367,2.765173,2060
16452,r2i1p1f1,2060,01,17,0.0,9.255459,-2.9995484,2060
16453,r2i1p1f1,2060,01,18,0.23901205092329292,10.004815,-1.6448474,2060
16454,r2i1p1f1,2060,01,19,0.07005910663338,9.137544,2.4265306,2060
16455,r2i1p1f1,2060,01,20,0.0,14.888722,1.6245956,2060
16456,r2i1p1f1,2060,01,21,0.0,13.631154,2.4942372,2060
16457,r2i1p1f1,2060,01,22,0.8292182204286291,10.560841,3.3716,2060
16458,r2i1p1f1,2060,01,23,0.0,14.43004,0.92095685,2060
16459,r2i1p1f1,2060,01,24,0.0,15.62403,3.70658,2060
16460,r2i1p1f1,2060,01,25,0.0,16.560913,4.7120957,2060
16461,r2i1p1f1,2060,01,26,0.0,17.594639,5.452532,2060
16462,r2i1p1f1,2060,01,27,33.734559542335774,11.657673,1.9578214,2060
16463,r2i1p1f1,2060,01,28,8.793902628144679,8.181598,-2.8235064,2060
16464,r2i1p1f1,2060,01,29,45.75955703185173,7.680865,2.879929,2060
16465,r2i1p1f1,2060,01,30,7.956522518639986,8.553779,3.332068,2060
16466,r2i1p1f1,2060,01,31,0.0,12.994106,1.1006843,2060
16467,r2i1p1f1,2060,02,01,0.0,15.237347,1.7353746,2060
16468,r2i1p1f1,2060,02,02,0.0,16.898968,3.6572788,2060
16469,r2i1p1f1,2060,02,03,0.0,17.319738,3.4794142,2060
16470,r2i1p1f1,2060,02,04,0.0,16.04252,4.2221313,2060
16471,r2i1p1f1,2060,02,05,3.4435689279916915,12.924194,5.2930202,2060
16472,r2i1p1f1,2060,02,06,2.985006982737559,12.597927,7.2105255,2060
16473,r2i1p1f1,2060,02,07,0.0,15.420105,6.1848392,2060
16474,r2i1p1f1,2060,02,08,16.15946496840479,16.201654,8.226728,2060
16475,r2i1p1f1,2060,02,09,2.7536434542653865,13.365877,7.1893625,2060
16476,r2i1p1f1,2060,02,10,0.0,14.176437,3.2134008,2060
16477,r2i1p1f1,2060,02,11,0.0,14.634408,2.1956413,2060
16478,r2i1p1f1,2060,02,12,0.0,14.175523,1.8793577,2060
16479,r2i1p1f1,2060,02,13,0.0,14.475735,4.5611987,2060
16480,r2i1p1f1,2060,02,14,0.0,16.905113,4.24426,2060
16481,r2i1p1f1,2060,02,15,0.0,19.352005,4.6437173,2060
16482,r2i1p1f1,2060,02,16,0.0,20.681852,5.781936,2060
16483,r2i1p1f1,2060,02,17,0.0,21.091015,7.096588,2060
16484,r2i1p1f1,2060,02,18,0.0,20.56329,7.631469,2060
16485,r2i1p1f1,2060,02,19,0.45801073142115456,18.726555,6.1194677,2060
16486,r2i1p1f1,2060,02,20,0.06713156538609155,9.250246,-1.7068545,2060
16487,r2i1p1f1,2060,02,21,0.0,9.3538885,-1.6899806,2060
16488,r2i1p1f1,2060,02,22,0.0,10.970681,-1.7096587,2060
16489,r2i1p1f1,2060,02,23,0.0,11.920122,-0.36856544,2060
16490,r2i1p1f1,2060,02,24,0.27833113849737856,12.138914,1.7733524,2060
16491,r2i1p1f1,2060,02,25,8.850391661235335,7.891883,-0.22137001,2060
16492,r2i1p1f1,2060,02,26,5.017823101240992,5.2834563,-2.2521975,2060
16493,r2i1p1f1,2060,02,27,6.578872238492295,6.440302,-2.246892,2060
16494,r2i1p1f1,2060,02,28,1.5304220066809648,7.1066084,-1.6980212,2060
16495,r2i1p1f1,2060,02,29,0.0,8.647774,-1.3554772,2060
16496,r2i1p1f1,2060,03,01,0.0,11.10181,0.076259345,2060
16497,r2i1p1f1,2060,03,02,0.0,12.187626,-1.459894,2060
16498,r2i1p1f1,2060,03,03,0.0,14.170128,-1.8674121,2060
16499,r2i1p1f1,2060,03,04,0.0,17.053766,0.42008516,2060
16500,r2i1p1f1,2060,03,05,0.0,16.741224,2.489963,2060
16501,r2i1p1f1,2060,03,06,0.0,17.754423,1.9121721,2060
16502,r2i1p1f1,2060,03,07,14.386583031591726,15.554245,-0.26784304,2060
16503,r2i1p1f1,2060,03,08,12.383493247455135,7.842405,2.7433383,2060
16504,r2i1p1f1,2060,03,09,0.7199204832659234,11.337127,1.3390749,2060
16505,r2i1p1f1,2060,03,10,43.94940923375543,8.610558,2.5448856,2060
16506,r2i1p1f1,2060,03,11,0.030610787973728293,12.294553,-1.3156756,2060
16507,r2i1p1f1,2060,03,12,9.489915056747122,9.442942,0.55438155,2060
16508,r2i1p1f1,2060,03,13,10.039697026832073,8.678406,4.6848755,2060
16509,r2i1p1f1,2060,03,14,0.0,16.590782,1.4356802,2060
16510,r2i1p1f1,2060,03,15,0.0,18.890574,4.0331955,2060
16511,r2i1p1f1,2060,03,16,14.525901699016686,17.052011,3.2090306,2060
16512,r2i1p1f1,2060,03,17,17.867004450818058,8.976803,-3.3076215,2060
16513,r2i1p1f1,2060,03,18,12.940355121281755,6.5925198,1.7377352,2060
16514,r2i1p1f1,2060,03,19,1.1562029706851717,12.159763,1.1965746,2060
16515,r2i1p1f1,2060,03,20,0.0,17.090302,2.3876333,2060
16516,r2i1p1f1,2060,03,21,0.0,16.68164,3.3375232,2060
16517,r2i1p1f1,2060,03,22,0.07558037780484028,15.551039,1.8214697,2060
16518,r2i1p1f1,2060,03,23,0.0,19.779655,3.4151983,2060
16519,r2i1p1f1,2060,03,24,0.0,21.485666,7.7792077,2060
16520,r2i1p1f1,2060,03,25,0.0,25.097782,9.213891,2060
16521,r2i1p1f1,2060,03,26,0.0,26.334774,10.178035,2060
16522,r2i1p1f1,2060,03,27,0.0,28.8025,13.372731,2060
16523,r2i1p1f1,2060,03,28,0.0,30.852861,14.938243,2060
16524,r2i1p1f1,2060,03,29,0.0,31.374521,15.932151,2060
16525,r2i1p1f1,2060,03,30,0.0,27.284208,13.035626,2060
16526,r2i1p1f1,2060,03,31,0.0,20.259966,4.735941,2060
16527,r2i1p1f1,2060,04,01,0.0,17.104124,3.5683165,2060
16528,r2i1p1f1,2060,04,02,0.0,19.916332,4.481628,2060
16529,r2i1p1f1,2060,04,03,0.0,23.966715,7.514828,2060
16530,r2i1p1f1,2060,04,04,0.0,23.040085,7.912408,2060
16531,r2i1p1f1,2060,04,05,5.539812907227315,15.971767,3.2005882,2060
16532,r2i1p1f1,2060,04,06,1.0141780398271294,15.877682,2.9195507,2060
16533,r2i1p1f1,2060,04,07,0.0,24.536959,8.180858,2060
16534,r2i1p1f1,2060,04,08,0.0,27.9122,10.279197,2060
16535,r2i1p1f1,2060,04,09,0.0,28.655483,9.645817,2060
16536,r2i1p1f1,2060,04,10,0.0,25.271828,9.847958,2060
16537,r2i1p1f1,2060,04,11,0.0,22.743761,8.59076,2060
16538,r2i1p1f1,2060,04,12,0.0,25.126753,10.916989,2060
16539,r2i1p1f1,2060,04,13,0.0,26.128393,11.237072,2060
16540,r2i1p1f1,2060,04,14,0.0,27.23224,10.721606,2060
16541,r2i1p1f1,2060,04,15,0.0,25.001251,6.252294,2060
16542,r2i1p1f1,2060,04,16,0.005702685120922979,19.797329,2.7718072,2060
16543,r2i1p1f1,2060,04,17,0.0,16.783087,2.910595,2060
16544,r2i1p1f1,2060,04,18,0.0,17.426937,0.61309785,2060
16545,r2i1p1f1,2060,04,19,0.03652364522395146,18.215319,2.7557542,2060
16546,r2i1p1f1,2060,04,20,17.9066711669293,13.582493,3.2992678,2060
16547,r2i1p1f1,2060,04,21,5.125134874319315,10.304646,-1.5955787,2060
16548,r2i1p1f1,2060,04,22,0.07774435752025965,12.745219,-2.4746976,2060
16549,r2i1p1f1,2060,04,23,0.0,15.022407,-2.1204255,2060
16550,r2i1p1f1,2060,04,24,2.395329029508275,13.569042,0.4352039,2060
16551,r2i1p1f1,2060,04,25,60.6938919503591,9.072681,2.2407265,2060
16552,r2i1p1f1,2060,04,26,16.484414465867303,8.749862,2.8404121,2060
16553,r2i1p1f1,2060,04,27,0.15068025207938263,14.269531,2.2003343,2060
16554,r2i1p1f1,2060,04,28,0.0,18.161629,0.74257416,2060
16555,r2i1p1f1,2060,04,29,0.8839888652801164,15.591068,4.3476324,2060
16556,r2i1p1f1,2060,04,30,0.0,13.795963,4.555019,2060
16557,r2i1p1f1,2060,05,01,0.0,19.216223,3.2941937,2060
16558,r2i1p1f1,2060,05,02,0.0,23.107077,6.608589,2060
16559,r2i1p1f1,2060,05,03,0.0,26.400524,8.815042,2060
16560,r2i1p1f1,2060,05,04,0.0,27.073448,9.400683,2060
16561,r2i1p1f1,2060,05,05,0.0,21.615345,6.868068,2060
16562,r2i1p1f1,2060,05,06,0.0,21.99056,6.541543,2060
16563,r2i1p1f1,2060,05,07,0.21748071640530497,19.585314,4.297024,2060
16564,r2i1p1f1,2060,05,08,1.3631478375259576,20.074867,4.495494,2060
16565,r2i1p1f1,2060,05,09,9.739889029003734,19.217611,6.726222,2060
16566,r2i1p1f1,2060,05,10,4.963500301994372,17.130512,2.951361,2060
16567,r2i1p1f1,2060,05,11,4.29388711354477,14.906603,5.1570992,2060
16568,r2i1p1f1,2060,05,12,0.0,19.930807,3.1652727,2060
16569,r2i1p1f1,2060,05,13,0.0,22.545204,5.9163175,2060
16570,r2i1p1f1,2060,05,14,0.0,23.85297,8.029493,2060
16571,r2i1p1f1,2060,05,15,0.0,23.769613,7.5928683,2060
16572,r2i1p1f1,2060,05,16,3.1900725070386216,18.270975,5.0962067,2060
16573,r2i1p1f1,2060,05,17,0.0,19.191095,4.335407,2060
16574,r2i1p1f1,2060,05,18,0.0,22.255545,6.190574,2060
16575,r2i1p1f1,2060,05,19,0.0,23.163229,8.124317,2060
16576,r2i1p1f1,2060,05,20,0.0,24.155125,8.241566,2060
16577,r2i1p1f1,2060,05,21,0.0,27.32518,9.35845,2060
16578,r2i1p1f1,2060,05,22,0.0,29.43148,11.534647,2060
16579,r2i1p1f1,2060,05,23,0.0,29.988264,11.862174,2060
16580,r2i1p1f1,2060,05,24,0.0,25.672806,9.293094,2060
16581,r2i1p1f1,2060,05,25,0.0,28.778648,11.360521,2060
16582,r2i1p1f1,2060,05,26,0.0,31.29091,14.464035,2060
16583,r2i1p1f1,2060,05,27,0.0,31.788483,14.523366,2060
16584,r2i1p1f1,2060,05,28,0.0,29.353703,9.286331,2060
16585,r2i1p1f1,2060,05,29,0.0,24.990849,8.766488,2060
16586,r2i1p1f1,2060,05,30,0.0,25.456472,10.9229965,2060
16587,r2i1p1f1,2060,05,31,0.0,26.346184,9.930731,2060
16588,r2i1p1f1,2060,06,01,0.0,26.614845,6.6172714,2060
16589,r2i1p1f1,2060,06,02,0.0,24.157257,6.008488,2060
16590,r2i1p1f1,2060,06,03,0.0,23.21932,7.4942617,2060
16591,r2i1p1f1,2060,06,04,0.0,22.45322,5.872964,2060
16592,r2i1p1f1,2060,06,05,0.0,20.463531,5.076227,2060
16593,r2i1p1f1,2060,06,06,0.0,20.854729,5.6002293,2060
16594,r2i1p1f1,2060,06,07,0.0,22.586983,7.034766,2060
16595,r2i1p1f1,2060,06,08,0.0,22.99464,7.663654,2060
16596,r2i1p1f1,2060,06,09,0.0,23.046806,7.9621987,2060
16597,r2i1p1f1,2060,06,10,0.0,26.042654,8.460682,2060
16598,r2i1p1f1,2060,06,11,0.0,32.19563,14.8424835,2060
16599,r2i1p1f1,2060,06,12,0.0,33.189808,14.741926,2060
16600,r2i1p1f1,2060,06,13,0.0,32.524055,14.056538,2060
16601,r2i1p1f1,2060,06,14,0.0,30.912062,13.65099,2060
16602,r2i1p1f1,2060,06,15,0.0,30.07784,13.067263,2060
16603,r2i1p1f1,2060,06,16,0.0,28.70242,12.223166,2060
16604,r2i1p1f1,2060,06,17,0.0,28.476746,12.564076,2060
16605,r2i1p1f1,2060,06,18,0.0,28.987179,12.286936,2060
16606,r2i1p1f1,2060,06,19,0.0,28.326344,11.839703,2060
16607,r2i1p1f1,2060,06,20,0.023870616450949456,25.739311,10.796268,2060
16608,r2i1p1f1,2060,06,21,0.0004709264999291918,24.982208,10.805491,2060
16609,r2i1p1f1,2060,06,22,0.0,28.357203,11.601497,2060
16610,r2i1p1f1,2060,06,23,0.0,29.292538,12.9184,2060
16611,r2i1p1f1,2060,06,24,0.0,30.22301,13.568203,2060
16612,r2i1p1f1,2060,06,25,0.0,32.364456,13.941363,2060
16613,r2i1p1f1,2060,06,26,0.0,32.5729,12.681408,2060
16614,r2i1p1f1,2060,06,27,0.0,31.516174,11.862117,2060
16615,r2i1p1f1,2060,06,28,0.0,35.729523,16.732838,2060
16616,r2i1p1f1,2060,06,29,0.0,37.22769,16.533173,2060
16617,r2i1p1f1,2060,06,30,0.03795674401771976,36.46011,16.279978,2060
16618,r2i1p1f1,2060,07,01,0.0,37.265244,20.292849,2060
16619,r2i1p1f1,2060,07,02,0.0,37.021236,17.761591,2060
16620,r2i1p1f1,2060,07,03,0.0,36.684254,17.357105,2060
16621,r2i1p1f1,2060,07,04,0.012652510122279637,37.23559,16.838375,2060
16622,r2i1p1f1,2060,07,05,0.0,35.02081,16.6031,2060
16623,r2i1p1f1,2060,07,06,0.02672951104614185,35.630337,16.014183,2060
16624,r2i1p1f1,2060,07,07,0.0,31.519754,13.868452,2060
16625,r2i1p1f1,2060,07,08,0.0,31.999582,14.94428,2060
16626,r2i1p1f1,2060,07,09,0.0,31.14781,14.006185,2060
16627,r2i1p1f1,2060,07,10,0.0,31.549849,12.624897,2060
16628,r2i1p1f1,2060,07,11,0.0,29.99285,11.486176,2060
16629,r2i1p1f1,2060,07,12,0.0,31.18065,11.59059,2060
16630,r2i1p1f1,2060,07,13,0.0,33.303566,14.505611,2060
16631,r2i1p1f1,2060,07,14,0.0,34.286713,16.540808,2060
16632,r2i1p1f1,2060,07,15,0.015802790585439652,34.47179,18.303806,2060
16633,r2i1p1f1,2060,07,16,0.012528232036856934,33.736626,16.7992,2060
16634,r2i1p1f1,2060,07,17,0.0,31.954363,17.13069,2060
16635,r2i1p1f1,2060,07,18,0.0,33.275364,16.612638,2060
16636,r2i1p1f1,2060,07,19,0.0,35.50093,16.90229,2060
16637,r2i1p1f1,2060,07,20,0.0,35.347004,17.234606,2060
16638,r2i1p1f1,2060,07,21,0.0,35.933086,17.035809,2060
16639,r2i1p1f1,2060,07,22,0.0,36.396465,16.926157,2060
16640,r2i1p1f1,2060,07,23,0.0,35.68425,16.466995,2060
16641,r2i1p1f1,2060,07,24,0.0,34.682663,15.088292,2060
16642,r2i1p1f1,2060,07,25,0.0,33.177902,13.116154,2060
16643,r2i1p1f1,2060,07,26,0.0,27.745033,10.800189,2060
16644,r2i1p1f1,2060,07,27,0.0,30.7758,13.636344,2060
16645,r2i1p1f1,2060,07,28,0.0,32.933002,15.311549,2060
16646,r2i1p1f1,2060,07,29,0.0,32.690685,12.969594,2060
16647,r2i1p1f1,2060,07,30,0.0,28.381973,8.133018,2060
16648,r2i1p1f1,2060,07,31,0.0,26.197943,7.2147927,2060
16649,r2i1p1f1,2060,08,01,0.0,27.795137,10.964252,2060
16650,r2i1p1f1,2060,08,02,0.0,33.506958,14.655077,2060
16651,r2i1p1f1,2060,08,03,0.0,35.649075,15.502214,2060
16652,r2i1p1f1,2060,08,04,0.0,36.9574,17.920845,2060
16653,r2i1p1f1,2060,08,05,0.0,37.98597,20.632786,2060
16654,r2i1p1f1,2060,08,06,0.0,39.87215,22.087307,2060
16655,r2i1p1f1,2060,08,07,0.0,40.20038,21.777782,2060
16656,r2i1p1f1,2060,08,08,0.0,39.745636,19.336239,2060
16657,r2i1p1f1,2060,08,09,0.0,37.229965,17.167944,2060
16658,r2i1p1f1,2060,08,10,0.0,34.92936,14.800917,2060
16659,r2i1p1f1,2060,08,11,0.0,33.806705,14.119958,2060
16660,r2i1p1f1,2060,08,12,0.0,31.263924,11.393507,2060
16661,r2i1p1f1,2060,08,13,0.0,28.593252,8.272952,2060
16662,r2i1p1f1,2060,08,14,0.0,30.022251,9.742292,2060
16663,r2i1p1f1,2060,08,15,0.0,34.096363,15.723184,2060
16664,r2i1p1f1,2060,08,16,0.0,36.66584,20.087011,2060
16665,r2i1p1f1,2060,08,17,0.20005358598176315,35.780586,16.878975,2060
16666,r2i1p1f1,2060,08,18,1.2947314928169362,32.579693,13.942314,2060
16667,r2i1p1f1,2060,08,19,1.5489578867459386,23.890419,6.800441,2060
16668,r2i1p1f1,2060,08,20,0.16843216430970642,26.848375,10.844219,2060
16669,r2i1p1f1,2060,08,21,0.32205385939505504,27.76195,9.714278,2060
16670,r2i1p1f1,2060,08,22,0.0,27.505825,10.734203,2060
16671,r2i1p1f1,2060,08,23,0.0,28.990688,11.653803,2060
16672,r2i1p1f1,2060,08,24,0.0,31.829624,14.525519,2060
16673,r2i1p1f1,2060,08,25,0.0,33.132046,12.779021,2060
16674,r2i1p1f1,2060,08,26,0.0,30.088505,12.745727,2060
16675,r2i1p1f1,2060,08,27,0.0,29.830187,10.85456,2060
16676,r2i1p1f1,2060,08,28,0.0,30.88089,9.626017,2060
16677,r2i1p1f1,2060,08,29,0.0,29.22924,8.895823,2060
16678,r2i1p1f1,2060,08,30,0.0,26.97342,9.178226,2060
16679,r2i1p1f1,2060,08,31,0.0,28.795998,11.174404,2060
16680,r2i1p1f1,2060,09,01,0.0,30.776363,12.450359,2060
16681,r2i1p1f1,2060,09,02,0.0,30.564959,12.657329,2060
16682,r2i1p1f1,2060,09,03,0.0,29.918932,12.495243,2060
16683,r2i1p1f1,2060,09,04,0.0,30.529602,13.820583,2060
16684,r2i1p1f1,2060,09,05,0.0,31.982567,15.39199,2060
16685,r2i1p1f1,2060,09,06,0.0,33.525085,14.958638,2060
16686,r2i1p1f1,2060,09,07,0.0,30.479696,11.759418,2060
16687,r2i1p1f1,2060,09,08,0.0,28.853611,10.851626,2060
16688,r2i1p1f1,2060,09,09,0.0,29.915348,11.232627,2060
16689,r2i1p1f1,2060,09,10,0.0,32.1679,14.5781145,2060
16690,r2i1p1f1,2060,09,11,0.0,33.63832,15.668832,2060
16691,r2i1p1f1,2060,09,12,0.0,33.569473,16.56504,2060
16692,r2i1p1f1,2060,09,13,0.0,33.316765,15.9739685,2060
16693,r2i1p1f1,2060,09,14,0.0,34.428047,16.953337,2060
16694,r2i1p1f1,2060,09,15,0.6271795231896249,33.06873,15.965237,2060
16695,r2i1p1f1,2060,09,16,0.001503280145698227,30.920536,14.9537115,2060
16696,r2i1p1f1,2060,09,17,0.0,32.678574,14.514347,2060
16697,r2i1p1f1,2060,09,18,0.0,31.579556,14.596883,2060
16698,r2i1p1f1,2060,09,19,0.0,30.413797,12.102873,2060
16699,r2i1p1f1,2060,09,20,0.0,26.23588,10.334265,2060
16700,r2i1p1f1,2060,09,21,0.0,26.093475,10.031418,2060
16701,r2i1p1f1,2060,09,22,0.0,26.349476,7.8597226,2060
16702,r2i1p1f1,2060,09,23,0.0,26.67697,9.1952715,2060
16703,r2i1p1f1,2060,09,24,0.0,28.45268,10.739788,2060
16704,r2i1p1f1,2060,09,25,0.0,29.06117,11.275745,2060
16705,r2i1p1f1,2060,09,26,0.0,29.234575,11.433307,2060
16706,r2i1p1f1,2060,09,27,0.0,29.684196,10.303532,2060
16707,r2i1p1f1,2060,09,28,0.0,29.371399,11.795323,2060
16708,r2i1p1f1,2060,09,29,0.0,29.874308,10.981116,2060
16709,r2i1p1f1,2060,09,30,0.0,29.649628,13.100608,2060
16710,r2i1p1f1,2060,10,01,0.0,26.489527,10.666447,2060
16711,r2i1p1f1,2060,10,02,0.0,29.08372,12.739979,2060
16712,r2i1p1f1,2060,10,03,0.0,30.2452,14.27068,2060
16713,r2i1p1f1,2060,10,04,0.0,32.836372,17.12307,2060
16714,r2i1p1f1,2060,10,05,0.0,34.73532,17.373196,2060
16715,r2i1p1f1,2060,10,06,0.0,34.088024,15.460051,2060
16716,r2i1p1f1,2060,10,07,0.0,30.403757,12.623692,2060
16717,r2i1p1f1,2060,10,08,0.0,25.598196,10.178309,2060
16718,r2i1p1f1,2060,10,09,0.0,25.730247,10.81554,2060
16719,r2i1p1f1,2060,10,10,0.0,27.711552,11.823538,2060
16720,r2i1p1f1,2060,10,11,0.0,28.83606,11.024874,2060
16721,r2i1p1f1,2060,10,12,0.0,28.769335,12.899281,2060
16722,r2i1p1f1,2060,10,13,0.0,32.1293,15.736813,2060
16723,r2i1p1f1,2060,10,14,0.0,32.68945,15.298682,2060
16724,r2i1p1f1,2060,10,15,5.28086054312098,25.93998,8.134767,2060
16725,r2i1p1f1,2060,10,16,3.5015399314517026,20.79227,8.9680805,2060
16726,r2i1p1f1,2060,10,17,1.1912303173744476,18.37429,7.2144666,2060
16727,r2i1p1f1,2060,10,18,0.0,20.849813,9.313979,2060
16728,r2i1p1f1,2060,10,19,0.0,22.063652,8.678013,2060
16729,r2i1p1f1,2060,10,20,0.0,24.961552,8.959193,2060
16730,r2i1p1f1,2060,10,21,0.0,26.28934,10.214293,2060
16731,r2i1p1f1,2060,10,22,0.0,25.692455,8.505306,2060
16732,r2i1p1f1,2060,10,23,0.0,27.562561,10.272366,2060
16733,r2i1p1f1,2060,10,24,0.0,30.690086,15.984368,2060
16734,r2i1p1f1,2060,10,25,0.0,33.567688,17.369947,2060
16735,r2i1p1f1,2060,10,26,0.0,34.00798,17.153904,2060
16736,r2i1p1f1,2060,10,27,0.0,31.783884,14.830205,2060
16737,r2i1p1f1,2060,10,28,0.33467132725490956,28.664995,13.774682,2060
16738,r2i1p1f1,2060,10,29,0.0,26.98209,11.707952,2060
16739,r2i1p1f1,2060,10,30,0.0,26.827686,11.915419,2060
16740,r2i1p1f1,2060,10,31,0.0,26.198914,11.591962,2060
16741,r2i1p1f1,2060,11,01,0.0,26.4216,12.158232,2060
16742,r2i1p1f1,2060,11,02,0.0,27.154165,12.693435,2060
16743,r2i1p1f1,2060,11,03,0.0,29.361813,14.066893,2060
16744,r2i1p1f1,2060,11,04,0.0,30.22491,15.10963,2060
16745,r2i1p1f1,2060,11,05,0.0,30.462912,13.472244,2060
16746,r2i1p1f1,2060,11,06,0.0,26.49253,11.465229,2060
16747,r2i1p1f1,2060,11,07,0.0,22.441956,9.121529,2060
16748,r2i1p1f1,2060,11,08,0.0,17.952488,2.624863,2060
16749,r2i1p1f1,2060,11,09,0.0,22.788887,6.5859747,2060
16750,r2i1p1f1,2060,11,10,0.0,23.694628,8.102243,2060
16751,r2i1p1f1,2060,11,11,0.0,22.350977,8.02525,2060
16752,r2i1p1f1,2060,11,12,0.0,19.041546,2.9866538,2060
16753,r2i1p1f1,2060,11,13,12.14329740453195,10.696554,-0.9665559,2060
16754,r2i1p1f1,2060,11,14,0.1455831231396587,11.581526,1.7274133,2060
16755,r2i1p1f1,2060,11,15,0.0,15.096104,0.8809726,2060
16756,r2i1p1f1,2060,11,16,0.0,16.522663,2.2936778,2060
16757,r2i1p1f1,2060,11,17,0.0,14.222571,-0.9441842,2060
16758,r2i1p1f1,2060,11,18,0.0,13.9039955,5.8304214,2060
16759,r2i1p1f1,2060,11,19,0.42362819222034886,16.169985,6.412239,2060
16760,r2i1p1f1,2060,11,20,0.0,17.32752,2.9232514,2060
16761,r2i1p1f1,2060,11,21,0.0,18.816927,5.917091,2060
16762,r2i1p1f1,2060,11,22,0.0,19.802658,5.5071006,2060
16763,r2i1p1f1,2060,11,23,0.0,19.893723,4.414793,2060
16764,r2i1p1f1,2060,11,24,0.0,21.453161,6.1639647,2060
16765,r2i1p1f1,2060,11,25,16.01277373283665,17.884304,4.1018887,2060
16766,r2i1p1f1,2060,11,26,28.466544083494227,10.153641,1.9771173,2060
16767,r2i1p1f1,2060,11,27,0.0,8.711332,-2.3608742,2060
16768,r2i1p1f1,2060,11,28,0.0,11.657832,-1.6626412,2060
16769,r2i1p1f1,2060,11,29,0.0,13.569073,1.9821881,2060
16770,r2i1p1f1,2060,11,30,0.009525474536076217,12.203625,2.1643343,2060
16771,r2i1p1f1,2060,12,01,0.0,13.274087,2.9419458,2060
16772,r2i1p1f1,2060,12,02,0.0,15.793304,4.80122,2060
16773,r2i1p1f1,2060,12,03,0.0,16.912682,4.5410175,2060
16774,r2i1p1f1,2060,12,04,0.0,14.241771,2.8550265,2060
16775,r2i1p1f1,2060,12,05,0.0,14.4546795,3.5019975,2060
16776,r2i1p1f1,2060,12,06,0.009511898178971023,11.382793,-1.5213174,2060
16777,r2i1p1f1,2060,12,07,0.0,5.283804,-6.391605,2060
16778,r2i1p1f1,2060,12,08,0.0,5.6469493,-6.5081477,2060
16779,r2i1p1f1,2060,12,09,0.0,8.606339,-4.082876,2060
16780,r2i1p1f1,2060,12,10,0.0,9.686323,-1.4660845,2060
16781,r2i1p1f1,2060,12,11,1.5037294935041245,8.998274,0.20426422,2060
16782,r2i1p1f1,2060,12,12,0.0,9.073303,1.085253,2060
16783,r2i1p1f1,2060,12,13,0.0,5.3762965,-8.063298,2060
16784,r2i1p1f1,2060,12,14,0.0,6.5084853,-6.320661,2060
16785,r2i1p1f1,2060,12,15,0.0,9.137861,-4.259774,2060
16786,r2i1p1f1,2060,12,16,0.0,11.133419,-1.7166091,2060
16787,r2i1p1f1,2060,12,17,0.0,12.418093,0.27154616,2060
16788,r2i1p1f1,2060,12,18,2.265501914911283,11.118125,0.030509207,2060
16789,r2i1p1f1,2060,12,19,0.0,10.139166,-1.4701678,2060
16790,r2i1p1f1,2060,12,20,0.0,9.110226,-1.6489638,2060
16791,r2i1p1f1,2060,12,21,8.803725308882804,10.231663,0.72990155,2060
16792,r2i1p1f1,2060,12,22,32.27255926976795,10.191932,3.7352371,2060
16793,r2i1p1f1,2060,12,23,28.933389523240294,10.423528,0.4787452,2060
16794,r2i1p1f1,2060,12,24,15.382001343277807,8.142,1.7621937,2060
16795,r2i1p1f1,2060,12,25,1.930703752128693,7.38866,0.16103353,2060
16796,r2i1p1f1,2060,12,26,16.5194750055889,7.1208286,-1.4019549,2060
16797,r2i1p1f1,2060,12,27,10.119009825439207,7.9943323,0.49536026,2060
16798,r2i1p1f1,2060,12,28,0.0,9.437109,-3.4069083,2060
16799,r2i1p1f1,2060,12,29,0.07879220574977808,9.14008,3.3026657,2060
16800,r2i1p1f1,2060,12,30,0.018094611914420966,11.271372,4.353675,2060
16801,r2i1p1f1,2060,12,31,0.0,16.464212,3.2265549,2060
16802,r2i1p1f1,2061,01,01,0.0,15.006929,4.101757,2061
16803,r2i1p1f1,2061,01,02,1.103551028614902,10.604431,4.3071337,2061
16804,r2i1p1f1,2061,01,03,0.0,10.772285,0.320377,2061
16805,r2i1p1f1,2061,01,04,0.0,12.403202,-0.27607214,2061
16806,r2i1p1f1,2061,01,05,0.0,13.8848295,1.4810619,2061
16807,r2i1p1f1,2061,01,06,0.0,14.920522,1.9210222,2061
16808,r2i1p1f1,2061,01,07,0.0,14.869834,1.9831004,2061
16809,r2i1p1f1,2061,01,08,5.435419759805882,9.091252,4.6270733,2061
16810,r2i1p1f1,2061,01,09,0.0,11.676775,1.051015,2061
16811,r2i1p1f1,2061,01,10,0.0,12.878258,2.3276088,2061
16812,r2i1p1f1,2061,01,11,0.0,12.840231,0.9111449,2061
16813,r2i1p1f1,2061,01,12,0.0,13.323166,0.85978013,2061
16814,r2i1p1f1,2061,01,13,0.0,11.279045,-0.35775363,2061
16815,r2i1p1f1,2061,01,14,0.0,10.361849,-0.952876,2061
16816,r2i1p1f1,2061,01,15,0.5744409709166121,9.476854,1.4561456,2061
16817,r2i1p1f1,2061,01,16,0.0,9.6847315,-2.6171522,2061
16818,r2i1p1f1,2061,01,17,0.2574122192029904,10.091422,0.38476297,2061
16819,r2i1p1f1,2061,01,18,2.1846538944686245,9.594583,4.245713,2061
16820,r2i1p1f1,2061,01,19,1.1011941870748387,9.527737,2.516175,2061
16821,r2i1p1f1,2061,01,20,20.363390441525553,9.033512,-0.7250295,2061
16822,r2i1p1f1,2061,01,21,41.786495127598755,10.684482,3.6871333,2061
16823,r2i1p1f1,2061,01,22,0.7083391067510547,11.425549,3.2816515,2061
16824,r2i1p1f1,2061,01,23,0.0,11.26305,0.13142055,2061
16825,r2i1p1f1,2061,01,24,0.7100745779098361,10.923591,1.4806088,2061
16826,r2i1p1f1,2061,01,25,0.0,11.587342,2.3792496,2061
16827,r2i1p1f1,2061,01,26,59.10562345816288,11.08253,2.3086183,2061
16828,r2i1p1f1,2061,01,27,12.453220608040283,10.379929,4.178934,2061
16829,r2i1p1f1,2061,01,28,1.736717639391827,9.934483,2.1922803,2061
16830,r2i1p1f1,2061,01,29,0.0,14.91856,0.5436916,2061
16831,r2i1p1f1,2061,01,30,0.0,15.775044,2.9163678,2061
16832,r2i1p1f1,2061,01,31,0.8812642103208645,13.199999,2.885778,2061
16833,r2i1p1f1,2061,02,01,27.47212649846915,13.184349,4.6669345,2061
16834,r2i1p1f1,2061,02,02,0.1606767533871789,15.053055,6.046834,2061
16835,r2i1p1f1,2061,02,03,1.2210162388328172,15.849962,5.2931333,2061
16836,r2i1p1f1,2061,02,04,9.796974102209788,15.858787,6.6840286,2061
16837,r2i1p1f1,2061,02,05,0.5235968095192334,14.124013,6.603683,2061
16838,r2i1p1f1,2061,02,06,0.0,14.1529045,5.289415,2061
16839,r2i1p1f1,2061,02,07,55.158038648733054,13.005837,6.148531,2061
16840,r2i1p1f1,2061,02,08,16.26431398672139,12.381663,3.831172,2061
16841,r2i1p1f1,2061,02,09,0.0,13.658144,3.2938318,2061
16842,r2i1p1f1,2061,02,10,0.0,15.902037,2.2832634,2061
16843,r2i1p1f1,2061,02,11,0.0,16.268438,3.1253707,2061
16844,r2i1p1f1,2061,02,12,0.0,13.873692,1.6320885,2061
16845,r2i1p1f1,2061,02,13,0.0,16.420816,2.1724582,2061
16846,r2i1p1f1,2061,02,14,0.0,14.662206,2.8469813,2061
16847,r2i1p1f1,2061,02,15,0.0,12.532686,2.3426523,2061
16848,r2i1p1f1,2061,02,16,4.894543756688563,13.490522,2.4752364,2061
16849,r2i1p1f1,2061,02,17,19.300767405502484,10.9712105,-0.43484783,2061
16850,r2i1p1f1,2061,02,18,13.208807290993718,6.8502026,0.20358102,2061
16851,r2i1p1f1,2061,02,19,8.557108303921268,8.406614,-2.1542592,2061
16852,r2i1p1f1,2061,02,20,0.47474257935391506,9.922345,0.37804207,2061
16853,r2i1p1f1,2061,02,21,0.0,12.393795,4.325076,2061
16854,r2i1p1f1,2061,02,22,7.127526389194827,13.53375,3.8226323,2061
16855,r2i1p1f1,2061,02,23,6.171323106130444,12.153863,-2.5784156,2061
16856,r2i1p1f1,2061,02,24,0.9830639485471693,7.687517,-0.58241916,2061
16857,r2i1p1f1,2061,02,25,0.8355941441109849,8.341068,1.0917244,2061
16858,r2i1p1f1,2061,02,26,0.0,13.341191,2.336726,2061
16859,r2i1p1f1,2061,02,27,0.0,15.24066,2.872044,2061
16860,r2i1p1f1,2061,02,28,0.0,15.511373,1.9226623,2061
16861,r2i1p1f1,2061,03,01,0.0,16.039886,3.360342,2061
16862,r2i1p1f1,2061,03,02,0.05985938400954183,13.94125,2.1205833,2061
16863,r2i1p1f1,2061,03,03,0.0,14.035065,0.6258392,2061
16864,r2i1p1f1,2061,03,04,0.0,13.668142,-0.19812727,2061
16865,r2i1p1f1,2061,03,05,8.135253653654217,10.309041,1.8427213,2061
16866,r2i1p1f1,2061,03,06,2.882325919631512,6.545874,3.139032,2061
16867,r2i1p1f1,2061,03,07,0.0,14.338024,0.5709778,2061
16868,r2i1p1f1,2061,03,08,0.0,14.738393,-0.42021692,2061
16869,r2i1p1f1,2061,03,09,0.0,17.882788,1.0909561,2061
16870,r2i1p1f1,2061,03,10,0.0,18.58545,2.9181623,2061
16871,r2i1p1f1,2061,03,11,7.404214500729722,12.777132,4.3231263,2061
16872,r2i1p1f1,2061,03,12,11.272308459410851,9.54025,0.3520868,2061
16873,r2i1p1f1,2061,03,13,10.827495436456047,7.811157,2.310844,2061
16874,r2i1p1f1,2061,03,14,2.578643602313946,11.293681,-1.0984023,2061
16875,r2i1p1f1,2061,03,15,21.68001110694604,10.975761,3.946786,2061
16876,r2i1p1f1,2061,03,16,4.589435890088112,11.101374,-0.44737542,2061
16877,r2i1p1f1,2061,03,17,0.0,16.483469,-0.02177514,2061
16878,r2i1p1f1,2061,03,18,0.06303235816176311,16.142365,2.2590828,2061
16879,r2i1p1f1,2061,03,19,24.945169482089113,13.92166,7.118881,2061
16880,r2i1p1f1,2061,03,20,10.137241611619174,13.548239,1.4818088,2061
16881,r2i1p1f1,2061,03,21,0.8547334853535205,8.676003,0.8426782,2061
16882,r2i1p1f1,2061,03,22,0.0,16.805037,0.2926595,2061
16883,r2i1p1f1,2061,03,23,0.0,18.778322,4.378749,2061
16884,r2i1p1f1,2061,03,24,0.0,21.422161,4.2368956,2061
16885,r2i1p1f1,2061,03,25,0.2508713602765056,20.374908,4.5836205,2061
16886,r2i1p1f1,2061,03,26,32.70212672359776,11.386847,7.7587247,2061
16887,r2i1p1f1,2061,03,27,10.372612669107184,7.8593903,-6.143329,2061
16888,r2i1p1f1,2061,03,28,11.572986947180652,8.792869,1.1037867,2061
16889,r2i1p1f1,2061,03,29,0.0,11.417095,3.7317705,2061
16890,r2i1p1f1,2061,03,30,53.76608702063095,10.429018,4.586541,2061
16891,r2i1p1f1,2061,03,31,33.80117714259541,10.555657,-2.534076,2061
16892,r2i1p1f1,2061,04,01,9.700651078514966,10.572798,0.57548815,2061
16893,r2i1p1f1,2061,04,02,20.127210780992755,7.8127756,0.70049673,2061
16894,r2i1p1f1,2061,04,03,10.509947541549991,8.285248,-6.0401597,2061
16895,r2i1p1f1,2061,04,04,21.133942759115598,8.261276,1.5371747,2061
16896,r2i1p1f1,2061,04,05,2.7027380436265958,10.818247,-1.9557487,2061
16897,r2i1p1f1,2061,04,06,0.0,14.451126,-2.2877412,2061
16898,r2i1p1f1,2061,04,07,0.0,14.827135,4.5218163,2061
16899,r2i1p1f1,2061,04,08,0.0,16.641495,2.9896743,2061
16900,r2i1p1f1,2061,04,09,0.0,18.362122,2.9742253,2061
16901,r2i1p1f1,2061,04,10,0.0,19.11634,3.731194,2061
16902,r2i1p1f1,2061,04,11,0.0,22.714102,6.5283084,2061
16903,r2i1p1f1,2061,04,12,0.0,23.968166,8.114429,2061
16904,r2i1p1f1,2061,04,13,0.0,23.06156,7.8049335,2061
16905,r2i1p1f1,2061,04,14,0.0,22.114735,6.449029,2061
16906,r2i1p1f1,2061,04,15,0.0,19.805656,7.116377,2061
16907,r2i1p1f1,2061,04,16,0.0,19.294876,6.8939238,2061
16908,r2i1p1f1,2061,04,17,0.0,21.575663,5.5584035,2061
16909,r2i1p1f1,2061,04,18,0.0,21.466866,7.122099,2061
16910,r2i1p1f1,2061,04,19,0.0,22.049425,6.7515707,2061
16911,r2i1p1f1,2061,04,20,0.0,19.335024,5.3856006,2061
16912,r2i1p1f1,2061,04,21,0.0,22.908335,8.608428,2061
16913,r2i1p1f1,2061,04,22,2.2618608866537215,20.860716,6.769831,2061
16914,r2i1p1f1,2061,04,23,0.13978018068883102,27.022955,10.271444,2061
16915,r2i1p1f1,2061,04,24,0.08135642706292856,28.290049,11.7332735,2061
16916,r2i1p1f1,2061,04,25,1.4771642144864927,23.621668,6.7897882,2061
16917,r2i1p1f1,2061,04,26,4.0794209328282705,15.607245,6.5645237,2061
16918,r2i1p1f1,2061,04,27,0.0,18.682379,5.2308636,2061
16919,r2i1p1f1,2061,04,28,0.07113076549956077,19.039894,6.2623463,2061
16920,r2i1p1f1,2061,04,29,0.427733538197117,15.603285,5.364444,2061
16921,r2i1p1f1,2061,04,30,0.0,17.436676,5.016947,2061
16922,r2i1p1f1,2061,05,01,0.0,22.11796,5.4719124,2061
16923,r2i1p1f1,2061,05,02,0.0,24.811913,8.309108,2061
16924,r2i1p1f1,2061,05,03,0.0,25.720253,9.470711,2061
16925,r2i1p1f1,2061,05,04,0.0,25.663382,9.851993,2061
16926,r2i1p1f1,2061,05,05,0.0,24.19342,8.405618,2061
16927,r2i1p1f1,2061,05,06,0.0,24.2763,7.86248,2061
16928,r2i1p1f1,2061,05,07,0.0,24.194605,7.702184,2061
16929,r2i1p1f1,2061,05,08,0.0,28.453796,11.758743,2061
16930,r2i1p1f1,2061,05,09,0.0,30.02669,13.292317,2061
16931,r2i1p1f1,2061,05,10,0.0,29.838322,13.158759,2061
16932,r2i1p1f1,2061,05,11,0.0,27.2783,9.681934,2061
16933,r2i1p1f1,2061,05,12,0.0,20.842567,5.168258,2061
16934,r2i1p1f1,2061,05,13,0.0,20.575054,5.301682,2061
16935,r2i1p1f1,2061,05,14,0.0,22.428076,6.3143654,2061
16936,r2i1p1f1,2061,05,15,0.0,25.557976,9.524626,2061
16937,r2i1p1f1,2061,05,16,0.0,29.331509,12.241769,2061
16938,r2i1p1f1,2061,05,17,0.0,29.709005,12.99055,2061
16939,r2i1p1f1,2061,05,18,0.0,29.484148,11.235762,2061
16940,r2i1p1f1,2061,05,19,0.627494658942851,25.434656,9.276949,2061
16941,r2i1p1f1,2061,05,20,0.7795308062497952,21.071342,7.989111,2061
16942,r2i1p1f1,2061,05,21,0.0,20.16764,7.2252326,2061
16943,r2i1p1f1,2061,05,22,0.0,21.423292,5.588152,2061
16944,r2i1p1f1,2061,05,23,0.25061505153587404,18.566435,5.5278587,2061
16945,r2i1p1f1,2061,05,24,0.0,19.076056,2.7542665,2061
16946,r2i1p1f1,2061,05,25,0.0,19.510494,2.4028118,2061
16947,r2i1p1f1,2061,05,26,0.00021515973429586666,18.198544,1.5288836,2061
16948,r2i1p1f1,2061,05,27,0.0,16.394863,3.0447292,2061
16949,r2i1p1f1,2061,05,28,0.0,19.88221,2.9611766,2061
16950,r2i1p1f1,2061,05,29,0.0,24.979263,8.12236,2061
16951,r2i1p1f1,2061,05,30,0.0,30.908186,12.078286,2061
16952,r2i1p1f1,2061,05,31,0.0,32.41797,16.107077,2061
16953,r2i1p1f1,2061,06,01,0.0,33.496925,13.113178,2061
16954,r2i1p1f1,2061,06,02,0.31112606357055483,32.744713,12.6583605,2061
16955,r2i1p1f1,2061,06,03,0.0,30.657993,13.097026,2061
16956,r2i1p1f1,2061,06,04,0.0315125674205774,29.030212,11.955481,2061
16957,r2i1p1f1,2061,06,05,0.0,29.416172,11.208545,2061
16958,r2i1p1f1,2061,06,06,0.0,28.94697,11.592663,2061
16959,r2i1p1f1,2061,06,07,0.0,27.94973,11.399836,2061
16960,r2i1p1f1,2061,06,08,0.0,28.043179,10.5453415,2061
16961,r2i1p1f1,2061,06,09,0.1558705995762466,25.915932,9.463551,2061
16962,r2i1p1f1,2061,06,10,0.0,21.947166,5.6075387,2061
16963,r2i1p1f1,2061,06,11,0.04046260510222055,20.891329,6.2338986,2061
16964,r2i1p1f1,2061,06,12,0.0,24.669662,9.357099,2061
16965,r2i1p1f1,2061,06,13,0.0,27.785954,12.556015,2061
16966,r2i1p1f1,2061,06,14,0.0,30.542833,14.311336,2061
16967,r2i1p1f1,2061,06,15,0.0,31.878927,13.98286,2061
16968,r2i1p1f1,2061,06,16,0.0,30.934322,11.15302,2061
16969,r2i1p1f1,2061,06,17,0.0,27.822598,8.392109,2061
16970,r2i1p1f1,2061,06,18,0.0,24.054008,10.537037,2061
16971,r2i1p1f1,2061,06,19,0.0,26.85562,10.224414,2061
16972,r2i1p1f1,2061,06,20,0.0,29.93624,11.871219,2061
16973,r2i1p1f1,2061,06,21,0.0,29.73237,10.394117,2061
16974,r2i1p1f1,2061,06,22,0.0,31.262272,12.92243,2061
16975,r2i1p1f1,2061,06,23,0.0,33.60483,14.3730755,2061
16976,r2i1p1f1,2061,06,24,0.014986506448622094,33.251724,13.88358,2061
16977,r2i1p1f1,2061,06,25,0.0,29.077013,11.903112,2061
16978,r2i1p1f1,2061,06,26,0.0,28.37328,11.523473,2061
16979,r2i1p1f1,2061,06,27,0.0,28.97779,11.943759,2061
16980,r2i1p1f1,2061,06,28,0.0,32.350163,13.800768,2061
16981,r2i1p1f1,2061,06,29,0.0,34.9464,16.575361,2061
16982,r2i1p1f1,2061,06,30,0.0,36.512733,16.429441,2061
16983,r2i1p1f1,2061,07,01,0.0,38.734547,19.961235,2061
16984,r2i1p1f1,2061,07,02,0.0,38.78215,20.98762,2061
16985,r2i1p1f1,2061,07,03,0.8190746339096222,38.00971,18.841331,2061
16986,r2i1p1f1,2061,07,04,0.0,36.015892,19.366293,2061
16987,r2i1p1f1,2061,07,05,0.056254935839206155,37.86412,19.112322,2061
16988,r2i1p1f1,2061,07,06,0.0,38.349728,19.470247,2061
16989,r2i1p1f1,2061,07,07,0.0,36.602943,18.73171,2061
16990,r2i1p1f1,2061,07,08,0.0,37.242363,19.484566,2061
16991,r2i1p1f1,2061,07,09,0.3021555183295277,34.95922,16.166254,2061
16992,r2i1p1f1,2061,07,10,0.9094541914691945,26.805252,12.112629,2061
16993,r2i1p1f1,2061,07,11,0.0,30.603981,13.900421,2061
16994,r2i1p1f1,2061,07,12,7.387393502767736,29.312164,9.111894,2061
16995,r2i1p1f1,2061,07,13,25.17306052850472,18.999487,7.6357617,2061
16996,r2i1p1f1,2061,07,14,0.042109577043447644,24.553175,13.805622,2061
16997,r2i1p1f1,2061,07,15,0.0,27.147837,14.373844,2061
16998,r2i1p1f1,2061,07,16,0.0,29.72648,12.685406,2061
16999,r2i1p1f1,2061,07,17,0.0,32.17368,14.975771,2061
17000,r2i1p1f1,2061,07,18,0.0,34.377712,17.074406,2061
17001,r2i1p1f1,2061,07,19,0.005929677536187228,34.897415,16.291122,2061
17002,r2i1p1f1,2061,07,20,0.5874540407148743,27.746304,8.953073,2061
17003,r2i1p1f1,2061,07,21,0.0,28.489868,10.166089,2061
17004,r2i1p1f1,2061,07,22,0.0,35.349762,17.42929,2061
17005,r2i1p1f1,2061,07,23,0.0,37.30353,20.845572,2061
17006,r2i1p1f1,2061,07,24,0.0,36.872738,19.832434,2061
17007,r2i1p1f1,2061,07,25,0.0,38.71439,21.325111,2061
17008,r2i1p1f1,2061,07,26,0.0,40.862446,25.248444,2061
17009,r2i1p1f1,2061,07,27,0.0,41.243874,21.406343,2061
17010,r2i1p1f1,2061,07,28,0.21702346257370664,39.975044,19.09587,2061
17011,r2i1p1f1,2061,07,29,0.006433161433960777,33.43323,16.656416,2061
17012,r2i1p1f1,2061,07,30,0.0,35.093887,19.17867,2061
17013,r2i1p1f1,2061,07,31,0.0,35.286537,18.029856,2061
17014,r2i1p1f1,2061,08,01,0.0,36.721794,19.263752,2061
17015,r2i1p1f1,2061,08,02,0.04094313329119359,36.71881,18.345497,2061
17016,r2i1p1f1,2061,08,03,0.022195391073864812,35.960056,16.35638,2061
17017,r2i1p1f1,2061,08,04,0.0,34.673386,19.943937,2061
17018,r2i1p1f1,2061,08,05,0.0,36.317123,18.931986,2061
17019,r2i1p1f1,2061,08,06,0.0,38.906162,21.965763,2061
17020,r2i1p1f1,2061,08,07,0.0,40.899563,21.89078,2061
17021,r2i1p1f1,2061,08,08,0.0,41.4196,23.512566,2061
17022,r2i1p1f1,2061,08,09,0.0,42.35892,26.15643,2061
17023,r2i1p1f1,2061,08,10,0.0,43.485252,25.907637,2061
17024,r2i1p1f1,2061,08,11,0.0,44.292305,24.074265,2061
17025,r2i1p1f1,2061,08,12,0.0,40.18359,21.798908,2061
17026,r2i1p1f1,2061,08,13,0.0,35.16501,16.527096,2061
17027,r2i1p1f1,2061,08,14,0.0,35.411526,17.495617,2061
17028,r2i1p1f1,2061,08,15,0.009605033073967206,35.717617,17.4701,2061
17029,r2i1p1f1,2061,08,16,0.0,33.924812,15.847792,2061
17030,r2i1p1f1,2061,08,17,0.0,33.94445,18.11938,2061
17031,r2i1p1f1,2061,08,18,0.0,34.633965,18.745632,2061
17032,r2i1p1f1,2061,08,19,0.0,35.60786,17.540648,2061
17033,r2i1p1f1,2061,08,20,0.0,35.491055,16.08366,2061
17034,r2i1p1f1,2061,08,21,0.0,34.124043,13.877207,2061
17035,r2i1p1f1,2061,08,22,0.0,31.75602,11.851966,2061
17036,r2i1p1f1,2061,08,23,0.0,30.646315,12.73238,2061
17037,r2i1p1f1,2061,08,24,0.0,26.691439,9.49792,2061
17038,r2i1p1f1,2061,08,25,0.0,26.060068,10.837213,2061
17039,r2i1p1f1,2061,08,26,0.0,27.522984,10.86739,2061
17040,r2i1p1f1,2061,08,27,0.0,29.625357,11.828237,2061
17041,r2i1p1f1,2061,08,28,0.0,30.986763,13.161608,2061
17042,r2i1p1f1,2061,08,29,0.0,30.924421,10.634795,2061
17043,r2i1p1f1,2061,08,30,0.0,29.418884,8.89289,2061
17044,r2i1p1f1,2061,08,31,0.0,28.604862,10.864186,2061
17045,r2i1p1f1,2061,09,01,0.0,30.894735,11.553935,2061
17046,r2i1p1f1,2061,09,02,0.0,32.80269,14.05573,2061
17047,r2i1p1f1,2061,09,03,0.0,32.74765,14.342824,2061
17048,r2i1p1f1,2061,09,04,0.0,31.958174,13.451455,2061
17049,r2i1p1f1,2061,09,05,0.0,30.016598,11.064013,2061
17050,r2i1p1f1,2061,09,06,0.09703913556222687,28.49955,11.171111,2061
17051,r2i1p1f1,2061,09,07,0.0,28.672512,11.254702,2061
17052,r2i1p1f1,2061,09,08,0.0,29.777222,11.304192,2061
17053,r2i1p1f1,2061,09,09,0.0,27.433586,9.968719,2061
17054,r2i1p1f1,2061,09,10,0.0,24.077578,7.155097,2061
17055,r2i1p1f1,2061,09,11,0.0,23.87952,7.813568,2061
17056,r2i1p1f1,2061,09,12,0.08955160737968981,25.133657,11.834155,2061
17057,r2i1p1f1,2061,09,13,0.0,26.768692,9.960463,2061
17058,r2i1p1f1,2061,09,14,0.0,29.333157,11.963102,2061
17059,r2i1p1f1,2061,09,15,0.0,31.93226,14.344356,2061
17060,r2i1p1f1,2061,09,16,0.0,32.89287,14.840633,2061
17061,r2i1p1f1,2061,09,17,0.0,33.010086,15.582969,2061
17062,r2i1p1f1,2061,09,18,0.013243241031801745,32.51083,14.503284,2061
17063,r2i1p1f1,2061,09,19,0.0,32.41613,14.753666,2061
17064,r2i1p1f1,2061,09,20,0.0,30.755123,12.818745,2061
17065,r2i1p1f1,2061,09,21,0.0,28.106247,10.404907,2061
17066,r2i1p1f1,2061,09,22,0.0,30.360647,15.1710615,2061
17067,r2i1p1f1,2061,09,23,0.033454896453122274,30.28204,15.808727,2061
17068,r2i1p1f1,2061,09,24,0.0,27.477486,11.594605,2061
17069,r2i1p1f1,2061,09,25,0.0,27.005714,11.747969,2061
17070,r2i1p1f1,2061,09,26,0.0,28.625498,12.868938,2061
17071,r2i1p1f1,2061,09,27,0.0,30.768372,15.197059,2061
17072,r2i1p1f1,2061,09,28,0.0,31.134155,13.834513,2061
17073,r2i1p1f1,2061,09,29,0.0,31.978703,17.449791,2061
17074,r2i1p1f1,2061,09,30,0.0,32.36896,16.042946,2061
17075,r2i1p1f1,2061,10,01,0.0,32.141743,15.95039,2061
17076,r2i1p1f1,2061,10,02,0.0,29.513638,13.916531,2061
17077,r2i1p1f1,2061,10,03,0.0,28.863665,13.904339,2061
17078,r2i1p1f1,2061,10,04,0.0,29.259714,12.786491,2061
17079,r2i1p1f1,2061,10,05,0.0,30.19526,13.518492,2061
17080,r2i1p1f1,2061,10,06,0.0,30.528913,12.962185,2061
17081,r2i1p1f1,2061,10,07,0.0,31.05383,15.088566,2061
17082,r2i1p1f1,2061,10,08,0.0,33.48778,18.013756,2061
17083,r2i1p1f1,2061,10,09,0.0,33.594486,16.65049,2061
17084,r2i1p1f1,2061,10,10,0.0,32.676834,15.404866,2061
17085,r2i1p1f1,2061,10,11,0.0,26.846941,10.356907,2061
17086,r2i1p1f1,2061,10,12,0.0,27.15469,12.2422085,2061
17087,r2i1p1f1,2061,10,13,0.0,28.146366,11.5243635,2061
17088,r2i1p1f1,2061,10,14,0.0,24.239403,9.104364,2061
17089,r2i1p1f1,2061,10,15,0.0,29.837843,14.417794,2061
17090,r2i1p1f1,2061,10,16,0.0,31.810204,15.793718,2061
17091,r2i1p1f1,2061,10,17,0.0,32.17303,16.447813,2061
17092,r2i1p1f1,2061,10,18,0.0,33.396034,16.681076,2061
17093,r2i1p1f1,2061,10,19,0.0,33.4113,16.022148,2061
17094,r2i1p1f1,2061,10,20,0.0,32.188663,15.497016,2061
17095,r2i1p1f1,2061,10,21,0.0,31.995165,14.447761,2061
17096,r2i1p1f1,2061,10,22,0.0,29.297142,12.465044,2061
17097,r2i1p1f1,2061,10,23,0.0,28.363985,12.034523,2061
17098,r2i1p1f1,2061,10,24,0.0,26.414589,12.527305,2061
17099,r2i1p1f1,2061,10,25,2.593677862205368,19.81881,6.9497213,2061
17100,r2i1p1f1,2061,10,26,0.0477290019944121,17.32335,2.214923,2061
17101,r2i1p1f1,2061,10,27,0.0,15.2955675,-2.810708,2061
17102,r2i1p1f1,2061,10,28,25.821973260462983,13.704263,4.4059243,2061
17103,r2i1p1f1,2061,10,29,1.1818967678209447,15.004033,6.655781,2061
17104,r2i1p1f1,2061,10,30,0.0,15.915656,0.940517,2061
17105,r2i1p1f1,2061,10,31,0.0,18.87203,4.8757353,2061
17106,r2i1p1f1,2061,11,01,0.0,20.565235,4.635475,2061
17107,r2i1p1f1,2061,11,02,0.0,22.080769,6.2776566,2061
17108,r2i1p1f1,2061,11,03,0.0,21.282305,5.556129,2061
17109,r2i1p1f1,2061,11,04,0.8511232621344789,18.96301,7.152455,2061
17110,r2i1p1f1,2061,11,05,0.0,16.220755,4.8775306,2061
17111,r2i1p1f1,2061,11,06,28.64597106618021,13.418568,6.2979927,2061
17112,r2i1p1f1,2061,11,07,0.03776406556426082,11.686465,2.999163,2061
17113,r2i1p1f1,2061,11,08,0.054366245105796907,11.899331,0.36169094,2061
17114,r2i1p1f1,2061,11,09,0.0,17.389565,4.2158527,2061
17115,r2i1p1f1,2061,11,10,0.0,19.418835,7.033141,2061
17116,r2i1p1f1,2061,11,11,0.0,20.0209,5.720556,2061
17117,r2i1p1f1,2061,11,12,0.0,17.604595,7.1677365,2061
17118,r2i1p1f1,2061,11,13,0.0,14.389193,3.872861,2061
17119,r2i1p1f1,2061,11,14,0.0,13.411175,0.2356252,2061
17120,r2i1p1f1,2061,11,15,0.0,15.09911,-0.6215007,2061
17121,r2i1p1f1,2061,11,16,0.0,14.8409,1.8511655,2061
17122,r2i1p1f1,2061,11,17,48.711879350594245,13.922151,4.042532,2061
17123,r2i1p1f1,2061,11,18,0.17042088311427506,8.182366,-1.3721808,2061
17124,r2i1p1f1,2061,11,19,0.0,9.164854,-2.007046,2061
17125,r2i1p1f1,2061,11,20,0.06837906086047951,13.825368,2.207526,2061
17126,r2i1p1f1,2061,11,21,1.1441703616469567,13.852447,1.1312275,2061
17127,r2i1p1f1,2061,11,22,16.375645454218102,10.862497,3.125118,2061
17128,r2i1p1f1,2061,11,23,34.60988345723308,8.607479,3.1835814,2061
17129,r2i1p1f1,2061,11,24,27.77603249924141,8.362465,1.6984391,2061
17130,r2i1p1f1,2061,11,25,29.21400329141761,7.4794703,-0.83165413,2061
17131,r2i1p1f1,2061,11,26,27.189919869306323,8.334244,2.2372615,2061
17132,r2i1p1f1,2061,11,27,20.983779439120553,9.305442,4.269411,2061
17133,r2i1p1f1,2061,11,28,3.25484899692583,10.932867,3.1302125,2061
17134,r2i1p1f1,2061,11,29,0.0484869422734846,12.357736,3.377594,2061
17135,r2i1p1f1,2061,11,30,43.10645459481748,10.716549,4.3010464,2061
17136,r2i1p1f1,2061,12,01,0.0,9.815861,-2.3614025,2061
17137,r2i1p1f1,2061,12,02,0.0,10.637401,0.20864137,2061
17138,r2i1p1f1,2061,12,03,0.28681229273388453,8.829986,1.0929011,2061
17139,r2i1p1f1,2061,12,04,0.0,11.245675,0.23335569,2061
17140,r2i1p1f1,2061,12,05,0.0,11.851645,0.3683228,2061
17141,r2i1p1f1,2061,12,06,0.0,12.567397,1.1195924,2061
17142,r2i1p1f1,2061,12,07,0.0,13.174587,1.9381438,2061
17143,r2i1p1f1,2061,12,08,42.02938431990333,7.8440433,3.9489462,2061
17144,r2i1p1f1,2061,12,09,0.0,7.9217205,-1.9207777,2061
17145,r2i1p1f1,2061,12,10,0.0,10.31869,-2.277683,2061
17146,r2i1p1f1,2061,12,11,18.45409160919189,9.719305,0.86626434,2061
17147,r2i1p1f1,2061,12,12,54.20845366897993,10.058826,6.4845624,2061
17148,r2i1p1f1,2061,12,13,0.0,11.369991,0.510785,2061
17149,r2i1p1f1,2061,12,14,0.0,14.034921,0.99781865,2061
17150,r2i1p1f1,2061,12,15,0.0,14.092301,1.1368803,2061
17151,r2i1p1f1,2061,12,16,29.952483055967605,10.307564,4.2750797,2061
17152,r2i1p1f1,2061,12,17,3.4642073291706765,10.689342,5.0390763,2061
17153,r2i1p1f1,2061,12,18,0.0,10.607773,-1.3019122,2061
17154,r2i1p1f1,2061,12,19,21.11397185763053,10.63569,1.9266052,2061
17155,r2i1p1f1,2061,12,20,18.40054675594729,10.506441,6.752813,2061
17156,r2i1p1f1,2061,12,21,3.69743123632702,9.229603,1.5216691,2061
17157,r2i1p1f1,2061,12,22,23.815407925940235,8.94499,-0.31657565,2061
17158,r2i1p1f1,2061,12,23,0.6820319616849702,11.664239,0.40406635,2061
17159,r2i1p1f1,2061,12,24,0.0,13.813916,2.0021229,2061
17160,r2i1p1f1,2061,12,25,0.0,13.637739,2.6868687,2061
17161,r2i1p1f1,2061,12,26,0.0,12.292231,2.4594083,2061
17162,r2i1p1f1,2061,12,27,0.0,14.531296,2.9709969,2061
17163,r2i1p1f1,2061,12,28,0.0,15.576324,3.7634325,2061
17164,r2i1p1f1,2061,12,29,0.0,13.899822,3.557059,2061
17165,r2i1p1f1,2061,12,30,0.0,12.989888,2.763138,2061
17166,r2i1p1f1,2061,12,31,0.0,12.025182,1.1047683,2061
17167,r2i1p1f1,2062,01,01,0.0,12.748661,0.13478068,2062
17168,r2i1p1f1,2062,01,02,7.218830794954556,10.491413,0.8181036,2062
17169,r2i1p1f1,2062,01,03,0.0,9.329235,3.3261237,2062
17170,r2i1p1f1,2062,01,04,12.875977729117949,7.75604,4.086361,2062
17171,r2i1p1f1,2062,01,05,0.8101193089544267,9.9123745,2.1550245,2062
17172,r2i1p1f1,2062,01,06,0.0,10.452655,-2.7111003,2062
17173,r2i1p1f1,2062,01,07,8.779522450822697,9.119631,2.193406,2062
17174,r2i1p1f1,2062,01,08,0.0,11.938519,2.62996,2062
17175,r2i1p1f1,2062,01,09,0.0,14.26701,3.074,2062
17176,r2i1p1f1,2062,01,10,0.0,13.3139,3.9865198,2062
17177,r2i1p1f1,2062,01,11,0.0,15.675681,4.2174535,2062
17178,r2i1p1f1,2062,01,12,0.0,16.440676,4.9261103,2062
17179,r2i1p1f1,2062,01,13,0.0,17.165903,5.3079243,2062
17180,r2i1p1f1,2062,01,14,0.0,16.477505,3.3513834,2062
17181,r2i1p1f1,2062,01,15,0.0,14.355225,3.2663271,2062
17182,r2i1p1f1,2062,01,16,0.0,13.0362015,1.2255306,2062
17183,r2i1p1f1,2062,01,17,11.077039918200171,11.883832,1.8576949,2062
17184,r2i1p1f1,2062,01,18,26.13787048667291,7.567415,3.2864134,2062
17185,r2i1p1f1,2062,01,19,31.3080354117119,8.111788,1.5155892,2062
17186,r2i1p1f1,2062,01,20,0.0,9.13426,-1.1793885,2062
17187,r2i1p1f1,2062,01,21,0.0,9.350198,2.1116066,2062
17188,r2i1p1f1,2062,01,22,0.0,14.619359,1.5878937,2062
17189,r2i1p1f1,2062,01,23,0.0,13.09911,3.6094923,2062
17190,r2i1p1f1,2062,01,24,0.0,14.932606,4.6679974,2062
17191,r2i1p1f1,2062,01,25,0.0,15.060835,3.9813008,2062
17192,r2i1p1f1,2062,01,26,0.0,14.3891535,2.3670008,2062
17193,r2i1p1f1,2062,01,27,0.0,13.652885,1.734749,2062
17194,r2i1p1f1,2062,01,28,0.0,15.188954,3.2997353,2062
17195,r2i1p1f1,2062,01,29,0.0,16.476316,4.5043054,2062
17196,r2i1p1f1,2062,01,30,0.0,12.282363,1.1050924,2062
17197,r2i1p1f1,2062,01,31,0.0,11.994183,-0.20660591,2062
17198,r2i1p1f1,2062,02,01,0.0,12.881493,2.024888,2062
17199,r2i1p1f1,2062,02,02,0.0,14.155593,0.102486715,2062
17200,r2i1p1f1,2062,02,03,10.602836299040064,15.121755,1.8546891,2062
17201,r2i1p1f1,2062,02,04,14.591745190546135,10.550992,1.5585854,2062
17202,r2i1p1f1,2062,02,05,7.593279009938669,10.107479,1.0941988,2062
17203,r2i1p1f1,2062,02,06,16.280413077311096,8.607186,1.8033333,2062
17204,r2i1p1f1,2062,02,07,5.312687466442867,8.399796,2.0855665,2062
17205,r2i1p1f1,2062,02,08,9.824086594130677,10.104918,2.9520373,2062
17206,r2i1p1f1,2062,02,09,1.5826310135651056,11.639769,3.974394,2062
17207,r2i1p1f1,2062,02,10,0.0,15.74369,0.62994885,2062
17208,r2i1p1f1,2062,02,11,0.0,16.022482,1.9889321,2062
17209,r2i1p1f1,2062,02,12,0.02543532611412047,15.956148,2.6539679,2062
17210,r2i1p1f1,2062,02,13,10.66902030518122,11.642757,3.1575415,2062
17211,r2i1p1f1,2062,02,14,23.62868430132039,9.369451,-0.21264988,2062
17212,r2i1p1f1,2062,02,15,0.0,12.251314,-0.3218597,2062
17213,r2i1p1f1,2062,02,16,0.0,16.159075,2.233772,2062
17214,r2i1p1f1,2062,02,17,0.0,18.023424,3.3638039,2062
17215,r2i1p1f1,2062,02,18,2.3844606419402226,16.672462,2.4482105,2062
17216,r2i1p1f1,2062,02,19,16.986661295959493,9.246173,0.3958142,2062
17217,r2i1p1f1,2062,02,20,21.425793390517356,10.277281,3.2473598,2062
17218,r2i1p1f1,2062,02,21,0.0,11.685832,1.257607,2062
17219,r2i1p1f1,2062,02,22,13.137354194259387,11.657768,3.1627955,2062
17220,r2i1p1f1,2062,02,23,0.0,17.170843,3.7232552,2062
17221,r2i1p1f1,2062,02,24,0.0,19.70324,4.6699343,2062
17222,r2i1p1f1,2062,02,25,0.0,19.61791,5.4160657,2062
17223,r2i1p1f1,2062,02,26,0.0,21.12106,6.485443,2062
17224,r2i1p1f1,2062,02,27,0.0,19.71692,6.55546,2062
17225,r2i1p1f1,2062,02,28,0.0,19.981138,6.9959736,2062
17226,r2i1p1f1,2062,03,01,0.0,20.775429,4.302018,2062
17227,r2i1p1f1,2062,03,02,0.0,21.639685,4.831222,2062
17228,r2i1p1f1,2062,03,03,0.0,21.70182,6.1522264,2062
17229,r2i1p1f1,2062,03,04,1.7278725040455356,17.406946,2.9455729,2062
17230,r2i1p1f1,2062,03,05,0.970248448129496,10.92494,0.012598038,2062
17231,r2i1p1f1,2062,03,06,6.04661918112015,6.590372,0.14093049,2062
17232,r2i1p1f1,2062,03,07,5.986092926366382,9.639882,3.6578434,2062
17233,r2i1p1f1,2062,03,08,0.03565374477147998,13.2505,-1.4804869,2062
17234,r2i1p1f1,2062,03,09,0.0573540843106457,12.347493,3.9954176,2062
17235,r2i1p1f1,2062,03,10,0.0,14.277737,-1.2585074,2062
17236,r2i1p1f1,2062,03,11,0.0,16.738129,-0.9124911,2062
17237,r2i1p1f1,2062,03,12,0.009895725634123664,16.013678,3.442701,2062
17238,r2i1p1f1,2062,03,13,0.0,17.721916,2.8699777,2062
17239,r2i1p1f1,2062,03,14,0.0,18.833096,4.5545106,2062
17240,r2i1p1f1,2062,03,15,0.0,18.115175,4.462457,2062
17241,r2i1p1f1,2062,03,16,0.12289800941402973,16.366438,1.9451451,2062
17242,r2i1p1f1,2062,03,17,0.0,14.770421,1.7950794,2062
17243,r2i1p1f1,2062,03,18,0.0,20.004591,2.3707166,2062
17244,r2i1p1f1,2062,03,19,0.0,22.564215,7.0409293,2062
17245,r2i1p1f1,2062,03,20,0.0,23.257483,7.4644885,2062
17246,r2i1p1f1,2062,03,21,0.0,19.38858,5.020103,2062
17247,r2i1p1f1,2062,03,22,0.0,19.590359,5.020311,2062
17248,r2i1p1f1,2062,03,23,0.0,20.104807,4.047216,2062
17249,r2i1p1f1,2062,03,24,0.0,17.707035,3.3734753,2062
17250,r2i1p1f1,2062,03,25,0.0,18.972229,5.21179,2062
17251,r2i1p1f1,2062,03,26,0.0,17.028154,3.75751,2062
17252,r2i1p1f1,2062,03,27,3.8312580652586803,15.072552,4.7553115,2062
17253,r2i1p1f1,2062,03,28,0.429092207465942,17.24854,2.6096659,2062
17254,r2i1p1f1,2062,03,29,0.9865427010481653,16.873941,3.5417414,2062
17255,r2i1p1f1,2062,03,30,0.0,17.789454,1.9177034,2062
17256,r2i1p1f1,2062,03,31,0.5372792893467704,17.763195,2.7583416,2062
17257,r2i1p1f1,2062,04,01,0.0,18.523302,4.645795,2062
17258,r2i1p1f1,2062,04,02,0.0,19.949554,2.1359918,2062
17259,r2i1p1f1,2062,04,03,0.0,20.535286,3.380003,2062
17260,r2i1p1f1,2062,04,04,0.0,25.40374,6.8745937,2062
17261,r2i1p1f1,2062,04,05,0.0,27.818123,11.326606,2062
17262,r2i1p1f1,2062,04,06,0.0,29.478752,13.134796,2062
17263,r2i1p1f1,2062,04,07,0.0,29.757084,14.0363865,2062
17264,r2i1p1f1,2062,04,08,0.0,29.53952,11.849594,2062
17265,r2i1p1f1,2062,04,09,0.0,27.684057,10.807846,2062
17266,r2i1p1f1,2062,04,10,0.0,29.182411,12.557261,2062
17267,r2i1p1f1,2062,04,11,0.0,30.872253,13.8894415,2062
17268,r2i1p1f1,2062,04,12,0.0,31.438866,14.739014,2062
17269,r2i1p1f1,2062,04,13,0.0,30.503994,13.010698,2062
17270,r2i1p1f1,2062,04,14,0.0,30.3864,13.438565,2062
17271,r2i1p1f1,2062,04,15,0.0,30.693674,13.965393,2062
17272,r2i1p1f1,2062,04,16,0.0,29.470451,10.472304,2062
17273,r2i1p1f1,2062,04,17,0.0,26.141588,7.6672845,2062
17274,r2i1p1f1,2062,04,18,0.0,23.997478,6.895425,2062
17275,r2i1p1f1,2062,04,19,0.0,26.109123,7.5412226,2062
17276,r2i1p1f1,2062,04,20,0.0,28.726213,11.181349,2062
17277,r2i1p1f1,2062,04,21,0.0,29.230957,11.271506,2062
17278,r2i1p1f1,2062,04,22,0.0,28.893246,12.100802,2062
17279,r2i1p1f1,2062,04,23,0.0,27.751007,9.329999,2062
17280,r2i1p1f1,2062,04,24,0.0,19.143883,1.2081704,2062
17281,r2i1p1f1,2062,04,25,0.0,19.427301,2.6905565,2062
17282,r2i1p1f1,2062,04,26,0.0,23.91378,6.9725876,2062
17283,r2i1p1f1,2062,04,27,0.0,27.746181,9.785514,2062
17284,r2i1p1f1,2062,04,28,0.0,28.440088,11.5994835,2062
17285,r2i1p1f1,2062,04,29,0.0,29.779606,12.048024,2062
17286,r2i1p1f1,2062,04,30,0.0,29.657064,13.553211,2062
17287,r2i1p1f1,2062,05,01,0.0,30.035563,13.288666,2062
17288,r2i1p1f1,2062,05,02,0.0,29.958344,11.441486,2062
17289,r2i1p1f1,2062,05,03,0.0,29.022081,10.42297,2062
17290,r2i1p1f1,2062,05,04,0.0,31.002659,13.819393,2062
17291,r2i1p1f1,2062,05,05,0.0,32.623928,15.030528,2062
17292,r2i1p1f1,2062,05,06,0.0,31.321865,11.020527,2062
17293,r2i1p1f1,2062,05,07,0.0,22.316444,5.4002695,2062
17294,r2i1p1f1,2062,05,08,0.1405891107935986,18.863556,1.111247,2062
17295,r2i1p1f1,2062,05,09,1.7996543055573966,18.250422,2.4026623,2062
17296,r2i1p1f1,2062,05,10,9.9538959926889,15.9479,5.1665955,2062
17297,r2i1p1f1,2062,05,11,0.9397834813626105,17.173079,2.0393903,2062
17298,r2i1p1f1,2062,05,12,64.57078134699259,17.368595,5.5596757,2062
17299,r2i1p1f1,2062,05,13,12.072193561573386,16.213156,6.265066,2062
17300,r2i1p1f1,2062,05,14,1.8780209930241654,18.824524,5.167739,2062
17301,r2i1p1f1,2062,05,15,4.53373876518981,18.900566,6.444135,2062
17302,r2i1p1f1,2062,05,16,5.635036834667062,19.277712,5.180709,2062
17303,r2i1p1f1,2062,05,17,1.714398361292524,21.087917,6.1373744,2062
17304,r2i1p1f1,2062,05,18,2.952313358844094,18.500158,2.315992,2062
17305,r2i1p1f1,2062,05,19,44.752617981430376,17.92469,6.146576,2062
17306,r2i1p1f1,2062,05,20,48.917061371412274,15.790551,8.520351,2062
17307,r2i1p1f1,2062,05,21,0.015754256855871063,19.631697,5.5315356,2062
17308,r2i1p1f1,2062,05,22,0.0,25.70272,8.298894,2062
17309,r2i1p1f1,2062,05,23,0.0,28.990278,11.412699,2062
17310,r2i1p1f1,2062,05,24,0.0,30.93693,13.5085125,2062
17311,r2i1p1f1,2062,05,25,0.0,31.079203,12.6069145,2062
17312,r2i1p1f1,2062,05,26,0.0,28.473442,10.168937,2062
17313,r2i1p1f1,2062,05,27,0.0,27.84893,10.128779,2062
17314,r2i1p1f1,2062,05,28,0.0,29.059261,10.416232,2062
17315,r2i1p1f1,2062,05,29,0.0,29.714792,11.201313,2062
17316,r2i1p1f1,2062,05,30,0.0,31.382925,14.079117,2062
17317,r2i1p1f1,2062,05,31,0.0,32.644497,15.506154,2062
17318,r2i1p1f1,2062,06,01,0.0,33.80374,14.312748,2062
17319,r2i1p1f1,2062,06,02,4.317931561035948,26.047873,4.891128,2062
17320,r2i1p1f1,2062,06,03,0.0,22.735083,7.8379235,2062
17321,r2i1p1f1,2062,06,04,0.0,20.692827,5.014518,2062
17322,r2i1p1f1,2062,06,05,0.0,19.89729,6.2201695,2062
17323,r2i1p1f1,2062,06,06,0.0,24.06076,6.4654355,2062
17324,r2i1p1f1,2062,06,07,0.0,30.804365,10.504875,2062
17325,r2i1p1f1,2062,06,08,0.0,31.840738,12.406284,2062
17326,r2i1p1f1,2062,06,09,0.0,32.185074,10.233076,2062
17327,r2i1p1f1,2062,06,10,0.0,27.875345,10.62743,2062
17328,r2i1p1f1,2062,06,11,0.0,29.874987,9.380874,2062
17329,r2i1p1f1,2062,06,12,0.0,31.084175,10.9299135,2062
17330,r2i1p1f1,2062,06,13,0.0,32.392254,14.970644,2062
17331,r2i1p1f1,2062,06,14,0.0,33.916016,15.055386,2062
17332,r2i1p1f1,2062,06,15,0.0,31.484629,10.128388,2062
17333,r2i1p1f1,2062,06,16,0.0,23.715778,6.4788837,2062
17334,r2i1p1f1,2062,06,17,0.0,27.48359,11.176214,2062
17335,r2i1p1f1,2062,06,18,0.0,33.2735,16.917704,2062
17336,r2i1p1f1,2062,06,19,0.0,35.25221,15.436005,2062
17337,r2i1p1f1,2062,06,20,0.0,35.29275,15.457155,2062
17338,r2i1p1f1,2062,06,21,0.0,31.846445,15.222322,2062
17339,r2i1p1f1,2062,06,22,0.0,32.685513,16.649279,2062
17340,r2i1p1f1,2062,06,23,0.0,33.68559,14.674742,2062
17341,r2i1p1f1,2062,06,24,0.0,32.1182,11.972264,2062
17342,r2i1p1f1,2062,06,25,0.0,30.364647,11.283059,2062
17343,r2i1p1f1,2062,06,26,0.0,30.580893,11.719019,2062
17344,r2i1p1f1,2062,06,27,0.0,29.655151,13.0121355,2062
17345,r2i1p1f1,2062,06,28,0.0,29.928942,14.229,2062
17346,r2i1p1f1,2062,06,29,0.0,30.156956,12.848776,2062
17347,r2i1p1f1,2062,06,30,0.0,31.335415,12.486164,2062
17348,r2i1p1f1,2062,07,01,0.0,31.92256,11.972092,2062
17349,r2i1p1f1,2062,07,02,0.0,32.797016,13.031145,2062
17350,r2i1p1f1,2062,07,03,0.0,32.270412,14.326811,2062
17351,r2i1p1f1,2062,07,04,0.0,34.34496,14.930088,2062
17352,r2i1p1f1,2062,07,05,0.0,38.344883,19.604124,2062
17353,r2i1p1f1,2062,07,06,0.0,39.50161,22.734083,2062
17354,r2i1p1f1,2062,07,07,0.0,40.128754,20.121498,2062
17355,r2i1p1f1,2062,07,08,0.0,33.567245,16.96943,2062
17356,r2i1p1f1,2062,07,09,0.0,33.837395,17.983816,2062
17357,r2i1p1f1,2062,07,10,0.0,35.153965,16.826942,2062
17358,r2i1p1f1,2062,07,11,0.0,32.773506,15.328732,2062
17359,r2i1p1f1,2062,07,12,0.17726771602610825,32.139496,15.444039,2062
17360,r2i1p1f1,2062,07,13,0.9837826918328574,30.559761,12.066462,2062
17361,r2i1p1f1,2062,07,14,1.5582557469087988,23.931238,10.314499,2062
17362,r2i1p1f1,2062,07,15,0.0,29.939955,13.726641,2062
17363,r2i1p1f1,2062,07,16,0.0,31.744982,17.282364,2062
17364,r2i1p1f1,2062,07,17,0.0,32.072117,14.086842,2062
17365,r2i1p1f1,2062,07,18,0.06351374986479641,31.441912,13.576375,2062
17366,r2i1p1f1,2062,07,19,0.0,31.226936,13.9513035,2062
17367,r2i1p1f1,2062,07,20,0.0,31.440691,13.647528,2062
17368,r2i1p1f1,2062,07,21,0.0,32.79554,15.734419,2062
17369,r2i1p1f1,2062,07,22,0.5516102195770145,33.800884,16.146297,2062
17370,r2i1p1f1,2062,07,23,0.0,34.714878,17.950514,2062
17371,r2i1p1f1,2062,07,24,0.0,35.787746,17.97636,2062
17372,r2i1p1f1,2062,07,25,0.2815633393765893,35.5142,16.052904,2062
17373,r2i1p1f1,2062,07,26,0.0,33.781155,14.866123,2062
17374,r2i1p1f1,2062,07,27,0.0,34.770943,17.308634,2062
17375,r2i1p1f1,2062,07,28,0.015101680503448733,35.55725,18.056128,2062
17376,r2i1p1f1,2062,07,29,0.0,36.093098,19.091675,2062
17377,r2i1p1f1,2062,07,30,0.2455262730109098,36.13355,16.356071,2062
17378,r2i1p1f1,2062,07,31,0.2814011500959168,35.458996,18.470734,2062
17379,r2i1p1f1,2062,08,01,0.0,35.93609,19.227596,2062
17380,r2i1p1f1,2062,08,02,0.011328548407618655,34.544487,15.82518,2062
17381,r2i1p1f1,2062,08,03,0.0,28.658447,12.716114,2062
17382,r2i1p1f1,2062,08,04,5.284061188604028e-05,30.94829,14.808097,2062
17383,r2i1p1f1,2062,08,05,0.0,34.383553,17.734041,2062
17384,r2i1p1f1,2062,08,06,0.0,36.639275,21.708536,2062
17385,r2i1p1f1,2062,08,07,2.696670092382192,36.692574,16.629456,2062
17386,r2i1p1f1,2062,08,08,0.0,33.117012,15.471002,2062
17387,r2i1p1f1,2062,08,09,0.0,35.656437,20.048916,2062
17388,r2i1p1f1,2062,08,10,0.0,36.432827,22.340084,2062
17389,r2i1p1f1,2062,08,11,0.0,36.69353,17.546179,2062
17390,r2i1p1f1,2062,08,12,0.0,35.13918,17.113232,2062
17391,r2i1p1f1,2062,08,13,0.0010788387271531974,33.966694,15.577772,2062
17392,r2i1p1f1,2062,08,14,0.0,33.964973,17.633114,2062
17393,r2i1p1f1,2062,08,15,0.0,36.111477,18.818205,2062
17394,r2i1p1f1,2062,08,16,0.0,37.589897,18.90246,2062
17395,r2i1p1f1,2062,08,17,0.012773289199685678,38.32428,18.765535,2062
17396,r2i1p1f1,2062,08,18,0.0,37.14113,18.24574,2062
17397,r2i1p1f1,2062,08,19,0.0,38.131897,20.431143,2062
17398,r2i1p1f1,2062,08,20,0.0,38.032043,20.193064,2062
17399,r2i1p1f1,2062,08,21,0.0,35.979477,15.737049,2062
17400,r2i1p1f1,2062,08,22,0.0,30.875776,9.642466,2062
17401,r2i1p1f1,2062,08,23,0.0,28.749594,11.27087,2062
17402,r2i1p1f1,2062,08,24,0.0,34.208538,16.113024,2062
17403,r2i1p1f1,2062,08,25,0.0,36.64583,17.758986,2062
17404,r2i1p1f1,2062,08,26,0.0,35.25551,15.730257,2062
17405,r2i1p1f1,2062,08,27,0.0,31.31897,10.658835,2062
17406,r2i1p1f1,2062,08,28,0.0,28.091015,9.610616,2062
17407,r2i1p1f1,2062,08,29,0.0,27.044168,8.901223,2062
17408,r2i1p1f1,2062,08,30,0.0,28.31433,8.982715,2062
17409,r2i1p1f1,2062,08,31,0.0,30.177582,12.351653,2062
17410,r2i1p1f1,2062,09,01,0.0,31.791368,16.263659,2062
17411,r2i1p1f1,2062,09,02,0.0,32.35198,13.235655,2062
17412,r2i1p1f1,2062,09,03,0.0,30.750214,11.581379,2062
17413,r2i1p1f1,2062,09,04,0.0,27.49168,10.887108,2062
17414,r2i1p1f1,2062,09,05,0.0,28.101372,10.230611,2062
17415,r2i1p1f1,2062,09,06,0.0,27.677483,10.239638,2062
17416,r2i1p1f1,2062,09,07,0.0,27.865591,10.046165,2062
17417,r2i1p1f1,2062,09,08,0.0,26.637007,9.127463,2062
17418,r2i1p1f1,2062,09,09,0.0,28.023825,10.519397,2062
17419,r2i1p1f1,2062,09,10,0.0,31.536194,13.9821615,2062
17420,r2i1p1f1,2062,09,11,0.0,34.296127,16.021397,2062
17421,r2i1p1f1,2062,09,12,0.0,35.040905,19.63678,2062
17422,r2i1p1f1,2062,09,13,0.0,34.831192,17.8696,2062
17423,r2i1p1f1,2062,09,14,0.01465964742237702,33.575768,17.943245,2062
17424,r2i1p1f1,2062,09,15,0.0,34.379898,17.406918,2062
17425,r2i1p1f1,2062,09,16,0.0,33.83193,15.179306,2062
17426,r2i1p1f1,2062,09,17,0.0,32.163834,14.66037,2062
17427,r2i1p1f1,2062,09,18,0.0,31.27221,13.994496,2062
17428,r2i1p1f1,2062,09,19,0.0,32.11042,13.805157,2062
17429,r2i1p1f1,2062,09,20,0.0,32.354507,13.976877,2062
17430,r2i1p1f1,2062,09,21,0.0,29.66462,10.990925,2062
17431,r2i1p1f1,2062,09,22,0.0,25.883736,8.829461,2062
17432,r2i1p1f1,2062,09,23,0.0,27.000221,9.985222,2062
17433,r2i1p1f1,2062,09,24,0.0,27.291513,10.719666,2062
17434,r2i1p1f1,2062,09,25,0.0,25.274616,9.304626,2062
17435,r2i1p1f1,2062,09,26,0.0,23.350882,6.886,2062
17436,r2i1p1f1,2062,09,27,0.0,24.555113,7.992918,2062
17437,r2i1p1f1,2062,09,28,0.0,25.219585,8.99271,2062
17438,r2i1p1f1,2062,09,29,0.0,26.852089,10.359188,2062
17439,r2i1p1f1,2062,09,30,0.0,26.610611,8.34961,2062
17440,r2i1p1f1,2062,10,01,0.0,26.420382,10.717121,2062
17441,r2i1p1f1,2062,10,02,0.0,24.163229,9.811644,2062
17442,r2i1p1f1,2062,10,03,0.0,25.509111,9.527258,2062
17443,r2i1p1f1,2062,10,04,0.0,27.121899,11.546963,2062
17444,r2i1p1f1,2062,10,05,0.0,29.256039,13.871908,2062
17445,r2i1p1f1,2062,10,06,0.0,33.330864,17.653141,2062
17446,r2i1p1f1,2062,10,07,0.0,34.041943,17.467407,2062
17447,r2i1p1f1,2062,10,08,0.0,34.227665,14.73674,2062
17448,r2i1p1f1,2062,10,09,0.0,31.610104,14.601905,2062
17449,r2i1p1f1,2062,10,10,1.4551995806584728,28.460636,14.359924,2062
17450,r2i1p1f1,2062,10,11,0.6457342694133672,20.004648,11.811219,2062
17451,r2i1p1f1,2062,10,12,9.128842046911245,20.03066,7.8428802,2062
17452,r2i1p1f1,2062,10,13,1.6520390474113356,20.765423,7.033495,2062
17453,r2i1p1f1,2062,10,14,0.0,26.973013,12.620641,2062
17454,r2i1p1f1,2062,10,15,0.0,27.42953,12.542844,2062
17455,r2i1p1f1,2062,10,16,2.5661123416170994,20.27462,6.540972,2062
17456,r2i1p1f1,2062,10,17,0.0,26.97512,12.34736,2062
17457,r2i1p1f1,2062,10,18,6.895365774084894,24.14537,9.49363,2062
17458,r2i1p1f1,2062,10,19,16.20730477352481,22.645292,9.975763,2062
17459,r2i1p1f1,2062,10,20,7.450425420586271,20.165047,8.594785,2062
17460,r2i1p1f1,2062,10,21,0.6257239595242936,19.83693,7.9263153,2062
17461,r2i1p1f1,2062,10,22,0.0,24.59791,10.608603,2062
17462,r2i1p1f1,2062,10,23,0.0,25.257608,11.5653305,2062
17463,r2i1p1f1,2062,10,24,3.7935950985229283,20.3271,7.635865,2062
17464,r2i1p1f1,2062,10,25,9.719600786775118,16.185076,8.646887,2062
17465,r2i1p1f1,2062,10,26,0.0,17.826393,4.0311794,2062
17466,r2i1p1f1,2062,10,27,0.0,22.67111,7.302854,2062
17467,r2i1p1f1,2062,10,28,0.0,26.71996,13.069271,2062
17468,r2i1p1f1,2062,10,29,0.0029940169127939953,26.878086,13.414383,2062
17469,r2i1p1f1,2062,10,30,0.0,26.21128,15.449563,2062
17470,r2i1p1f1,2062,10,31,5.537483802527277,19.821104,8.540911,2062
17471,r2i1p1f1,2062,11,01,3.479518025829975,16.101355,6.965355,2062
17472,r2i1p1f1,2062,11,02,1.3550366255230983,17.325657,6.831945,2062
17473,r2i1p1f1,2062,11,03,2.0463821244732117,16.295603,7.2338986,2062
17474,r2i1p1f1,2062,11,04,0.0,21.182116,10.304571,2062
17475,r2i1p1f1,2062,11,05,6.256618714633078,17.423758,8.444944,2062
17476,r2i1p1f1,2062,11,06,2.581530718379099,18.004112,7.2396374,2062
17477,r2i1p1f1,2062,11,07,7.350983617834572,16.752207,6.6071405,2062
17478,r2i1p1f1,2062,11,08,23.88218261539805,13.547584,8.454485,2062
17479,r2i1p1f1,2062,11,09,53.44973854626005,12.608979,7.005522,2062
17480,r2i1p1f1,2062,11,10,1.587099201270803,11.61233,4.3631687,2062
17481,r2i1p1f1,2062,11,11,0.010562515461742805,15.631354,3.9267087,2062
17482,r2i1p1f1,2062,11,12,0.0,17.75747,5.576439,2062
17483,r2i1p1f1,2062,11,13,0.0,17.445019,8.500156,2062
17484,r2i1p1f1,2062,11,14,0.0,19.228846,8.565179,2062
17485,r2i1p1f1,2062,11,15,2.2234839114560145,17.060144,6.110059,2062
17486,r2i1p1f1,2062,11,16,0.0,14.68571,5.8282976,2062
17487,r2i1p1f1,2062,11,17,0.0,17.601633,6.981048,2062
17488,r2i1p1f1,2062,11,18,0.0,20.541256,8.482468,2062
17489,r2i1p1f1,2062,11,19,0.0,21.270882,9.29517,2062
17490,r2i1p1f1,2062,11,20,0.016881226656551007,19.957922,10.250995,2062
17491,r2i1p1f1,2062,11,21,0.1818804155732323,19.043013,7.915655,2062
17492,r2i1p1f1,2062,11,22,9.722178611900745,13.54797,5.9467707,2062
17493,r2i1p1f1,2062,11,23,38.671214890200645,10.380971,3.598938,2062
17494,r2i1p1f1,2062,11,24,28.63049198376757,7.8944263,1.3618808,2062
17495,r2i1p1f1,2062,11,25,62.98252761043841,10.034385,3.2957735,2062
17496,r2i1p1f1,2062,11,26,14.202791416209948,11.722357,2.139215,2062
17497,r2i1p1f1,2062,11,27,0.0,10.554537,-0.31931627,2062
17498,r2i1p1f1,2062,11,28,12.919424271149182,9.632999,2.6595917,2062
17499,r2i1p1f1,2062,11,29,36.354802645291784,9.021866,3.43679,2062
17500,r2i1p1f1,2062,11,30,48.342260615027044,9.791775,3.237645,2062
17501,r2i1p1f1,2062,12,01,40.62843992142007,7.4490595,2.641961,2062
17502,r2i1p1f1,2062,12,02,53.39800132642267,8.682975,3.8766508,2062
17503,r2i1p1f1,2062,12,03,0.0,9.881874,-1.242389,2062
17504,r2i1p1f1,2062,12,04,1.5186979387181054,8.873171,1.8467882,2062
17505,r2i1p1f1,2062,12,05,1.8455619560427294,10.938958,0.10357608,2062
17506,r2i1p1f1,2062,12,06,0.005126450031411878,8.053448,-0.49704435,2062
17507,r2i1p1f1,2062,12,07,2.963412465919646,6.264845,1.5047711,2062
17508,r2i1p1f1,2062,12,08,0.0,8.498273,0.9319304,2062
17509,r2i1p1f1,2062,12,09,0.0,8.665873,-0.8725309,2062
17510,r2i1p1f1,2062,12,10,50.9028754888277,8.590785,2.5342212,2062
17511,r2i1p1f1,2062,12,11,58.44326219012146,9.987272,3.4050295,2062
17512,r2i1p1f1,2062,12,12,28.98427858526702,12.32302,4.601108,2062
17513,r2i1p1f1,2062,12,13,52.90928517752036,9.344083,3.5132456,2062
17514,r2i1p1f1,2062,12,14,5.500891853898793,8.27394,-0.79290295,2062
17515,r2i1p1f1,2062,12,15,22.109933572573937,9.432438,1.3880244,2062
17516,r2i1p1f1,2062,12,16,46.7999015128953,10.808383,-0.23966175,2062
17517,r2i1p1f1,2062,12,17,0.0,9.1321,0.65810305,2062
17518,r2i1p1f1,2062,12,18,20.933303921628976,9.521266,-0.76054597,2062
17519,r2i1p1f1,2062,12,19,1.4347307660045772,7.658298,1.7045089,2062
17520,r2i1p1f1,2062,12,20,0.0,9.53693,3.5459785,2062
17521,r2i1p1f1,2062,12,21,17.217092328337458,8.787741,2.1895757,2062
17522,r2i1p1f1,2062,12,22,0.2048858551233934,8.850823,1.7906278,2062
17523,r2i1p1f1,2062,12,23,9.01988597890977,8.900275,-1.7250884,2062
17524,r2i1p1f1,2062,12,24,9.439210140112664,7.986485,2.1854572,2062
17525,r2i1p1f1,2062,12,25,0.0,7.572569,-0.86207294,2062
17526,r2i1p1f1,2062,12,26,0.14788285862437078,7.260046,0.059788387,2062
17527,r2i1p1f1,2062,12,27,1.7552227851297175,8.155403,2.08253,2062
17528,r2i1p1f1,2062,12,28,6.309520116701606,10.044283,2.531045,2062
17529,r2i1p1f1,2062,12,29,0.0,12.867071,5.1512675,2062
17530,r2i1p1f1,2062,12,30,0.0,14.506265,0.733547,2062
17531,r2i1p1f1,2062,12,31,3.11220574607205,8.833912,2.639668,2062
17532,r2i1p1f1,2063,01,01,24.67740294318901,12.176192,5.3939285,2063
17533,r2i1p1f1,2063,01,02,4.706953574896033,13.49965,8.686228,2063
17534,r2i1p1f1,2063,01,03,0.0,12.860591,6.827344,2063
17535,r2i1p1f1,2063,01,04,0.0,12.865795,2.7874632,2063
17536,r2i1p1f1,2063,01,05,0.11450064895370815,10.399236,-0.2545012,2063
17537,r2i1p1f1,2063,01,06,0.0,9.304422,0.712706,2063
17538,r2i1p1f1,2063,01,07,0.0,10.414558,-0.73978937,2063
17539,r2i1p1f1,2063,01,08,0.0,12.728537,0.06931671,2063
17540,r2i1p1f1,2063,01,09,0.0,15.3533125,2.2039278,2063
17541,r2i1p1f1,2063,01,10,0.0,14.940477,2.4899857,2063
17542,r2i1p1f1,2063,01,11,5.346678625403456,10.97004,1.6697543,2063
17543,r2i1p1f1,2063,01,12,0.0,12.371258,1.7427468,2063
17544,r2i1p1f1,2063,01,13,0.0,12.883938,1.4525642,2063
17545,r2i1p1f1,2063,01,14,0.0,13.634476,2.9022152,2063
17546,r2i1p1f1,2063,01,15,0.0,14.822257,1.9836717,2063
17547,r2i1p1f1,2063,01,16,0.3639302628812402,14.342787,2.458995,2063
17548,r2i1p1f1,2063,01,17,36.82758693321375,9.0321455,4.1854057,2063
17549,r2i1p1f1,2063,01,18,0.0,10.310927,-1.5998752,2063
17550,r2i1p1f1,2063,01,19,16.5028178472312,7.740954,1.5566311,2063
17551,r2i1p1f1,2063,01,20,32.60082162632898,8.591579,1.7712493,2063
17552,r2i1p1f1,2063,01,21,0.0,10.147655,-0.7118704,2063
17553,r2i1p1f1,2063,01,22,0.0,11.702496,-0.8178241,2063
17554,r2i1p1f1,2063,01,23,0.0,12.724964,1.0249149,2063
17555,r2i1p1f1,2063,01,24,0.0,12.548178,2.2066615,2063
17556,r2i1p1f1,2063,01,25,0.020394439707160927,13.356476,0.39550412,2063
17557,r2i1p1f1,2063,01,26,35.97925804933766,11.143116,2.3092976,2063
17558,r2i1p1f1,2063,01,27,3.493522862441978,8.22353,4.723539,2063
17559,r2i1p1f1,2063,01,28,0.0,10.707872,-0.57252795,2063
17560,r2i1p1f1,2063,01,29,0.0,12.652107,-1.0868702,2063
17561,r2i1p1f1,2063,01,30,0.0,14.54209,2.3155785,2063
17562,r2i1p1f1,2063,01,31,0.049816655155154876,15.001314,3.871771,2063
17563,r2i1p1f1,2063,02,01,0.0,16.94155,3.427394,2063
17564,r2i1p1f1,2063,02,02,0.0,19.168173,5.3671465,2063
17565,r2i1p1f1,2063,02,03,0.0,20.209454,7.0444617,2063
17566,r2i1p1f1,2063,02,04,0.0,18.731451,5.8419657,2063
17567,r2i1p1f1,2063,02,05,0.0,19.22158,6.0917916,2063
17568,r2i1p1f1,2063,02,06,0.0,19.414022,6.0854516,2063
17569,r2i1p1f1,2063,02,07,0.0,19.443512,5.763137,2063
17570,r2i1p1f1,2063,02,08,0.0,20.43241,7.1075187,2063
17571,r2i1p1f1,2063,02,09,0.0,21.311594,7.4091635,2063
17572,r2i1p1f1,2063,02,10,0.0,21.721043,7.235455,2063
17573,r2i1p1f1,2063,02,11,0.0,21.953768,7.3469677,2063
17574,r2i1p1f1,2063,02,12,0.0,19.797829,7.2666416,2063
17575,r2i1p1f1,2063,02,13,0.0,21.3955,7.019224,2063
17576,r2i1p1f1,2063,02,14,0.0,22.865585,8.388214,2063
17577,r2i1p1f1,2063,02,15,0.0,23.534252,9.580334,2063
17578,r2i1p1f1,2063,02,16,0.0,22.261086,8.161188,2063
17579,r2i1p1f1,2063,02,17,0.0,14.479518,0.11516348,2063
17580,r2i1p1f1,2063,02,18,0.0,12.736378,-1.2841002,2063
17581,r2i1p1f1,2063,02,19,0.0,14.920956,2.255084,2063
17582,r2i1p1f1,2063,02,20,0.0,16.596191,2.9339955,2063
17583,r2i1p1f1,2063,02,21,0.0,15.379684,2.7339525,2063
17584,r2i1p1f1,2063,02,22,2.6224887690602827,14.248866,2.804568,2063
17585,r2i1p1f1,2063,02,23,7.323630050086649,14.810161,7.9959216,2063
17586,r2i1p1f1,2063,02,24,24.28386060128105,16.378416,7.9366174,2063
17587,r2i1p1f1,2063,02,25,36.20128760958323,15.624244,5.099088,2063
17588,r2i1p1f1,2063,02,26,12.603006588744847,14.196187,6.5713363,2063
17589,r2i1p1f1,2063,02,27,1.2289765251637164,15.996395,3.4836917,2063
17590,r2i1p1f1,2063,02,28,17.88432118446508,11.360647,-0.10224549,2063
17591,r2i1p1f1,2063,03,01,29.16124287639832,8.566942,3.5126505,2063
17592,r2i1p1f1,2063,03,02,1.5373711046191119,9.161882,-0.47814766,2063
17593,r2i1p1f1,2063,03,03,9.84715817940014,8.907042,0.68359935,2063
17594,r2i1p1f1,2063,03,04,10.472470719741978,10.446304,0.20532544,2063
17595,r2i1p1f1,2063,03,05,0.0,10.718543,-2.6491432,2063
17596,r2i1p1f1,2063,03,06,0.20357396938948114,9.559122,-1.4131372,2063
17597,r2i1p1f1,2063,03,07,20.889889140107698,10.480828,1.3915375,2063
17598,r2i1p1f1,2063,03,08,6.032061111784515,9.25011,-3.7841067,2063
17599,r2i1p1f1,2063,03,09,48.37778639266617,9.8602,3.7077076,2063
17600,r2i1p1f1,2063,03,10,15.908914508145244,10.858291,3.8713052,2063
17601,r2i1p1f1,2063,03,11,0.058988471664633835,9.401906,-0.40068653,2063
17602,r2i1p1f1,2063,03,12,0.0,15.204914,-0.32013237,2063
17603,r2i1p1f1,2063,03,13,0.0,16.773134,1.5581775,2063
17604,r2i1p1f1,2063,03,14,0.0,18.091864,2.3540208,2063
17605,r2i1p1f1,2063,03,15,0.0,20.03434,4.0672374,2063
17606,r2i1p1f1,2063,03,16,0.0,19.9958,4.4790106,2063
17607,r2i1p1f1,2063,03,17,0.0,20.504126,4.4852386,2063
17608,r2i1p1f1,2063,03,18,0.0,20.711138,4.798589,2063
17609,r2i1p1f1,2063,03,19,0.0,20.9064,5.747029,2063
17610,r2i1p1f1,2063,03,20,0.10300004138343866,19.884243,6.0329647,2063
17611,r2i1p1f1,2063,03,21,6.853131573052451,15.865248,6.2991962,2063
17612,r2i1p1f1,2063,03,22,16.388893666226068,12.685925,7.999075,2063
17613,r2i1p1f1,2063,03,23,2.178746235393092,13.172558,1.50446,2063
17614,r2i1p1f1,2063,03,24,0.0,17.02038,0.7204262,2063
17615,r2i1p1f1,2063,03,25,0.0,18.438204,3.9749577,2063
17616,r2i1p1f1,2063,03,26,0.0,17.494911,6.1845083,2063
17617,r2i1p1f1,2063,03,27,0.0,19.401602,3.7679873,2063
17618,r2i1p1f1,2063,03,28,0.0,22.111464,6.5163064,2063
17619,r2i1p1f1,2063,03,29,0.0,22.085747,6.027914,2063
17620,r2i1p1f1,2063,03,30,0.0,21.354614,6.9758053,2063
17621,r2i1p1f1,2063,03,31,0.0,16.84887,4.078915,2063
17622,r2i1p1f1,2063,04,01,0.0,18.116945,3.8989859,2063
17623,r2i1p1f1,2063,04,02,0.0,18.532465,1.4821897,2063
17624,r2i1p1f1,2063,04,03,0.0,13.146672,7.2257853,2063
17625,r2i1p1f1,2063,04,04,0.0,14.837321,3.1637595,2063
17626,r2i1p1f1,2063,04,05,0.0,18.917763,1.1782005,2063
17627,r2i1p1f1,2063,04,06,0.0,19.39669,3.0936854,2063
17628,r2i1p1f1,2063,04,07,0.1281260627536085,19.387596,3.749199,2063
17629,r2i1p1f1,2063,04,08,9.316154311170521,12.320908,6.515623,2063
17630,r2i1p1f1,2063,04,09,0.0,12.872928,-2.5433648,2063
17631,r2i1p1f1,2063,04,10,12.250915833465115,7.206556,-0.24170198,2063
17632,r2i1p1f1,2063,04,11,3.0521616851956423,11.250768,3.6179547,2063
17633,r2i1p1f1,2063,04,12,0.0,18.306635,1.1393871,2063
17634,r2i1p1f1,2063,04,13,0.0,21.18725,3.7606556,2063
17635,r2i1p1f1,2063,04,14,0.0,19.94614,5.137392,2063
17636,r2i1p1f1,2063,04,15,0.0,18.864239,5.7630453,2063
17637,r2i1p1f1,2063,04,16,0.0,17.329834,2.0171683,2063
17638,r2i1p1f1,2063,04,17,0.0,21.090517,2.9963388,2063
17639,r2i1p1f1,2063,04,18,0.0,20.617317,5.384588,2063
17640,r2i1p1f1,2063,04,19,3.006107815571113,16.545975,3.66436,2063
17641,r2i1p1f1,2063,04,20,0.0,13.940904,-1.8610148,2063
17642,r2i1p1f1,2063,04,21,0.0,14.984263,-0.08887625,2063
17643,r2i1p1f1,2063,04,22,0.0,17.548391,2.1815214,2063
17644,r2i1p1f1,2063,04,23,0.0,18.250797,3.7152393,2063
17645,r2i1p1f1,2063,04,24,0.0,19.356512,4.7955065,2063
17646,r2i1p1f1,2063,04,25,0.0,19.424334,3.6553988,2063
17647,r2i1p1f1,2063,04,26,0.0,19.88295,3.5632122,2063
17648,r2i1p1f1,2063,04,27,12.177183612948284,16.786568,1.1612108,2063
17649,r2i1p1f1,2063,04,28,16.56267716923594,6.77104,-2.6233401,2063
17650,r2i1p1f1,2063,04,29,0.001799666370061459,13.794778,-1.74904,2063
17651,r2i1p1f1,2063,04,30,0.0,18.788977,3.391733,2063
17652,r2i1p1f1,2063,05,01,0.002573592973931227,21.324234,6.005499,2063
17653,r2i1p1f1,2063,05,02,0.0013268101156427292,24.987434,8.832905,2063
17654,r2i1p1f1,2063,05,03,0.05483369486682932,22.568226,6.8902783,2063
17655,r2i1p1f1,2063,05,04,0.08305273562427828,22.720266,7.7229004,2063
17656,r2i1p1f1,2063,05,05,0.26125836393475765,28.345709,12.204159,2063
17657,r2i1p1f1,2063,05,06,0.0,29.882637,14.24065,2063
17658,r2i1p1f1,2063,05,07,0.0,31.12673,11.592915,2063
17659,r2i1p1f1,2063,05,08,0.11876310045053629,25.845726,7.4754148,2063
17660,r2i1p1f1,2063,05,09,12.584870681223492,14.951649,2.640767,2063
17661,r2i1p1f1,2063,05,10,1.5457292746930307,11.689452,2.1183157,2063
17662,r2i1p1f1,2063,05,11,0.043582796132568546,16.796608,2.3082533,2063
17663,r2i1p1f1,2063,05,12,0.0,19.211094,5.3830967,2063
17664,r2i1p1f1,2063,05,13,0.0,21.073687,5.6291637,2063
17665,r2i1p1f1,2063,05,14,0.0,24.475065,8.165569,2063
17666,r2i1p1f1,2063,05,15,0.0,29.555834,13.352127,2063
17667,r2i1p1f1,2063,05,16,0.0,32.539013,16.648325,2063
17668,r2i1p1f1,2063,05,17,0.0,32.737213,15.340142,2063
17669,r2i1p1f1,2063,05,18,0.0,30.732452,12.344614,2063
17670,r2i1p1f1,2063,05,19,0.0,32.292538,15.0205345,2063
17671,r2i1p1f1,2063,05,20,0.3792386579448248,31.096558,11.040574,2063
17672,r2i1p1f1,2063,05,21,0.09376764377009295,27.970898,10.673954,2063
17673,r2i1p1f1,2063,05,22,0.0,19.908857,4.973566,2063
17674,r2i1p1f1,2063,05,23,19.78700984373063,18.586685,8.024994,2063
17675,r2i1p1f1,2063,05,24,0.04626274840120459,21.315514,8.239787,2063
17676,r2i1p1f1,2063,05,25,0.0,30.389975,14.347944,2063
17677,r2i1p1f1,2063,05,26,0.0,33.931854,16.49441,2063
17678,r2i1p1f1,2063,05,27,2.3531912718965486,31.490963,14.286082,2063
17679,r2i1p1f1,2063,05,28,15.838626608911,25.108282,6.053217,2063
17680,r2i1p1f1,2063,05,29,83.91298350434226,22.95511,6.1577773,2063
17681,r2i1p1f1,2063,05,30,56.17636979068266,15.976854,12.34827,2063
17682,r2i1p1f1,2063,05,31,0.06269512175969272,22.259243,10.016917,2063
17683,r2i1p1f1,2063,06,01,0.0,25.672575,12.778276,2063
17684,r2i1p1f1,2063,06,02,0.0,26.365591,10.845446,2063
17685,r2i1p1f1,2063,06,03,0.0,24.080187,8.627777,2063
17686,r2i1p1f1,2063,06,04,0.0,22.725487,8.077628,2063
17687,r2i1p1f1,2063,06,05,0.0,21.589449,8.068196,2063
17688,r2i1p1f1,2063,06,06,0.0,21.558113,9.192135,2063
17689,r2i1p1f1,2063,06,07,0.0,22.205132,8.638095,2063
17690,r2i1p1f1,2063,06,08,0.0,24.532293,8.066216,2063
17691,r2i1p1f1,2063,06,09,0.0,25.33821,7.8624105,2063
17692,r2i1p1f1,2063,06,10,0.0,24.028694,6.8514314,2063
17693,r2i1p1f1,2063,06,11,0.0,21.432566,5.7784467,2063
17694,r2i1p1f1,2063,06,12,0.0,21.693766,5.5781956,2063
17695,r2i1p1f1,2063,06,13,0.0,24.040956,7.120106,2063
17696,r2i1p1f1,2063,06,14,0.0,24.913965,7.9390464,2063
17697,r2i1p1f1,2063,06,15,0.004551071378955385,24.506819,9.2735815,2063
17698,r2i1p1f1,2063,06,16,0.0,25.132023,11.081126,2063
17699,r2i1p1f1,2063,06,17,0.003203127380402293,28.928968,12.090538,2063
17700,r2i1p1f1,2063,06,18,0.0,31.61544,14.508486,2063
17701,r2i1p1f1,2063,06,19,0.0,34.67881,16.454472,2063
17702,r2i1p1f1,2063,06,20,0.0,36.299698,17.239223,2063
17703,r2i1p1f1,2063,06,21,0.0,36.935123,18.552347,2063
17704,r2i1p1f1,2063,06,22,0.13719501595801376,36.04955,18.508356,2063
17705,r2i1p1f1,2063,06,23,0.0,32.8101,15.298862,2063
17706,r2i1p1f1,2063,06,24,0.0,30.935509,14.258626,2063
17707,r2i1p1f1,2063,06,25,0.0,30.46402,13.9747095,2063
17708,r2i1p1f1,2063,06,26,0.0,30.488712,13.067549,2063
17709,r2i1p1f1,2063,06,27,0.0,29.503849,12.260308,2063
17710,r2i1p1f1,2063,06,28,0.0,28.103895,9.648688,2063
17711,r2i1p1f1,2063,06,29,0.0,29.854462,12.978345,2063
17712,r2i1p1f1,2063,06,30,0.0,34.64751,15.164791,2063
17713,r2i1p1f1,2063,07,01,0.0,37.288345,17.969595,2063
17714,r2i1p1f1,2063,07,02,0.0,38.79637,21.386557,2063
17715,r2i1p1f1,2063,07,03,0.0,35.738205,16.979723,2063
17716,r2i1p1f1,2063,07,04,0.0,33.30153,16.804718,2063
17717,r2i1p1f1,2063,07,05,0.0,33.919205,17.29857,2063
17718,r2i1p1f1,2063,07,06,0.0,33.4829,14.465548,2063
17719,r2i1p1f1,2063,07,07,0.11054316369154549,34.351616,13.316238,2063
17720,r2i1p1f1,2063,07,08,0.0,30.329393,13.182307,2063
17721,r2i1p1f1,2063,07,09,0.0,28.295181,13.199881,2063
17722,r2i1p1f1,2063,07,10,0.0,30.215054,13.322777,2063
17723,r2i1p1f1,2063,07,11,0.0,32.077835,13.439655,2063
17724,r2i1p1f1,2063,07,12,0.0,34.32815,16.394962,2063
17725,r2i1p1f1,2063,07,13,0.0,35.752613,15.975542,2063
17726,r2i1p1f1,2063,07,14,0.0,35.094627,15.593334,2063
17727,r2i1p1f1,2063,07,15,0.0,34.577877,17.282738,2063
17728,r2i1p1f1,2063,07,16,0.0,34.96578,16.902048,2063
17729,r2i1p1f1,2063,07,17,0.0,34.48196,16.699095,2063
17730,r2i1p1f1,2063,07,18,0.0,35.395573,18.204237,2063
17731,r2i1p1f1,2063,07,19,0.0,35.00358,15.259399,2063
17732,r2i1p1f1,2063,07,20,0.0,32.84938,12.566573,2063
17733,r2i1p1f1,2063,07,21,0.0,31.221199,12.572831,2063
17734,r2i1p1f1,2063,07,22,0.0,32.659485,14.001425,2063
17735,r2i1p1f1,2063,07,23,0.0,33.43187,14.058603,2063
17736,r2i1p1f1,2063,07,24,0.0,33.46293,13.835848,2063
17737,r2i1p1f1,2063,07,25,0.0,33.026413,13.866086,2063
17738,r2i1p1f1,2063,07,26,0.0,32.923065,13.77646,2063
17739,r2i1p1f1,2063,07,27,0.0,33.05704,14.763218,2063
17740,r2i1p1f1,2063,07,28,0.0,34.27021,15.554772,2063
17741,r2i1p1f1,2063,07,29,0.0,36.236187,18.727093,2063
17742,r2i1p1f1,2063,07,30,0.0,38.545574,19.272486,2063
17743,r2i1p1f1,2063,07,31,0.0,39.243652,18.074018,2063
17744,r2i1p1f1,2063,08,01,0.0,37.56553,18.197329,2063
17745,r2i1p1f1,2063,08,02,0.0,36.205708,17.179197,2063
17746,r2i1p1f1,2063,08,03,0.0,34.936607,13.698967,2063
17747,r2i1p1f1,2063,08,04,0.0,32.43257,12.389594,2063
17748,r2i1p1f1,2063,08,05,0.0,32.730835,13.134104,2063
17749,r2i1p1f1,2063,08,06,0.0,34.04903,14.927265,2063
17750,r2i1p1f1,2063,08,07,0.0,34.385456,13.837862,2063
17751,r2i1p1f1,2063,08,08,0.0,34.33626,15.827423,2063
17752,r2i1p1f1,2063,08,09,0.0009579441325513471,35.658302,19.01404,2063
17753,r2i1p1f1,2063,08,10,0.0,36.48552,18.364162,2063
17754,r2i1p1f1,2063,08,11,0.0,37.765285,18.85243,2063
17755,r2i1p1f1,2063,08,12,0.0,37.441338,19.208036,2063
17756,r2i1p1f1,2063,08,13,0.0,36.87717,18.753763,2063
17757,r2i1p1f1,2063,08,14,0.0,37.72127,18.895102,2063
17758,r2i1p1f1,2063,08,15,0.0,38.632614,19.372118,2063
17759,r2i1p1f1,2063,08,16,0.0,37.765244,17.441584,2063
17760,r2i1p1f1,2063,08,17,0.0,37.376373,16.594858,2063
17761,r2i1p1f1,2063,08,18,0.0,36.48277,16.39178,2063
17762,r2i1p1f1,2063,08,19,0.0,38.270107,21.257257,2063
17763,r2i1p1f1,2063,08,20,0.0,39.75707,21.181139,2063
17764,r2i1p1f1,2063,08,21,0.5304669995041422,37.2574,18.5526,2063
17765,r2i1p1f1,2063,08,22,1.81909109614935,38.762573,19.680725,2063
17766,r2i1p1f1,2063,08,23,0.014112287590251071,36.341927,17.506525,2063
17767,r2i1p1f1,2063,08,24,0.0008827023805224599,36.114223,18.285616,2063
17768,r2i1p1f1,2063,08,25,0.0,36.094795,17.923134,2063
17769,r2i1p1f1,2063,08,26,0.0,33.840317,13.445622,2063
17770,r2i1p1f1,2063,08,27,0.0,29.778625,11.118715,2063
17771,r2i1p1f1,2063,08,28,0.0,28.234226,8.140667,2063
17772,r2i1p1f1,2063,08,29,0.0,25.873167,7.043887,2063
17773,r2i1p1f1,2063,08,30,0.0,25.476429,6.923496,2063
17774,r2i1p1f1,2063,08,31,0.0,27.56891,9.329969,2063
17775,r2i1p1f1,2063,09,01,0.0,31.478157,13.7763815,2063
17776,r2i1p1f1,2063,09,02,0.0,33.18074,16.05556,2063
17777,r2i1p1f1,2063,09,03,0.0,34.374104,16.388136,2063
17778,r2i1p1f1,2063,09,04,0.0,35.31296,16.537128,2063
17779,r2i1p1f1,2063,09,05,0.0,31.32162,12.301465,2063
17780,r2i1p1f1,2063,09,06,0.0,30.402445,12.668198,2063
17781,r2i1p1f1,2063,09,07,0.0,30.316032,11.908663,2063
17782,r2i1p1f1,2063,09,08,0.001090025580197107,29.610573,10.960338,2063
17783,r2i1p1f1,2063,09,09,0.0,31.710167,13.777882,2063
17784,r2i1p1f1,2063,09,10,0.0,33.399033,15.37195,2063
17785,r2i1p1f1,2063,09,11,0.0,33.62593,14.635267,2063
17786,r2i1p1f1,2063,09,12,0.0,31.530111,11.532696,2063
17787,r2i1p1f1,2063,09,13,0.0,27.992958,9.755496,2063
17788,r2i1p1f1,2063,09,14,0.0,25.533792,7.47481,2063
17789,r2i1p1f1,2063,09,15,0.0,25.921318,7.6288385,2063
17790,r2i1p1f1,2063,09,16,0.0,30.101318,10.248531,2063
17791,r2i1p1f1,2063,09,17,0.0,31.131704,13.348362,2063
17792,r2i1p1f1,2063,09,18,0.0,27.101028,8.750172,2063
17793,r2i1p1f1,2063,09,19,0.0,27.150696,7.9529133,2063
17794,r2i1p1f1,2063,09,20,0.0,28.326324,9.75783,2063
17795,r2i1p1f1,2063,09,21,0.10641031653904065,28.896973,10.187956,2063
17796,r2i1p1f1,2063,09,22,33.40253497235608,20.01788,8.4758,2063
17797,r2i1p1f1,2063,09,23,3.4884026322288264,20.060123,9.096335,2063
17798,r2i1p1f1,2063,09,24,2.0788232008158047,22.559736,10.844798,2063
17799,r2i1p1f1,2063,09,25,0.24572817263219804,19.729881,11.37978,2063
17800,r2i1p1f1,2063,09,26,0.0,22.479239,9.813666,2063
17801,r2i1p1f1,2063,09,27,0.0,24.81018,9.574207,2063
17802,r2i1p1f1,2063,09,28,0.0,26.99113,11.142887,2063
17803,r2i1p1f1,2063,09,29,0.0,28.03231,12.267475,2063
17804,r2i1p1f1,2063,09,30,0.0,28.483192,12.894915,2063
17805,r2i1p1f1,2063,10,01,0.0,28.608852,12.307723,2063
17806,r2i1p1f1,2063,10,02,0.0,27.928432,13.76404,2063
17807,r2i1p1f1,2063,10,03,0.0,27.136171,12.024128,2063
17808,r2i1p1f1,2063,10,04,0.0,26.065016,9.873583,2063
17809,r2i1p1f1,2063,10,05,0.0,26.482992,10.332067,2063
17810,r2i1p1f1,2063,10,06,0.0,29.68594,13.175136,2063
17811,r2i1p1f1,2063,10,07,0.0,31.000898,14.225918,2063
17812,r2i1p1f1,2063,10,08,0.0,30.94852,15.1806555,2063
17813,r2i1p1f1,2063,10,09,0.0,30.727776,15.426912,2063
17814,r2i1p1f1,2063,10,10,0.0,29.145054,12.971899,2063
17815,r2i1p1f1,2063,10,11,0.0,31.414843,15.368306,2063
17816,r2i1p1f1,2063,10,12,0.0,32.183308,15.265148,2063
17817,r2i1p1f1,2063,10,13,0.0,32.50463,14.667099,2063
17818,r2i1p1f1,2063,10,14,0.0,32.04875,13.106561,2063
17819,r2i1p1f1,2063,10,15,9.480911938862846,26.03469,8.983692,2063
17820,r2i1p1f1,2063,10,16,4.856677148023891,19.840132,10.168278,2063
17821,r2i1p1f1,2063,10,17,0.0,21.960907,11.223933,2063
17822,r2i1p1f1,2063,10,18,0.0,22.05199,8.416975,2063
17823,r2i1p1f1,2063,10,19,0.0,21.513704,6.4735107,2063
17824,r2i1p1f1,2063,10,20,0.0,24.178251,6.809962,2063
17825,r2i1p1f1,2063,10,21,0.0,25.26192,9.48203,2063
17826,r2i1p1f1,2063,10,22,0.0,25.68625,11.744145,2063
17827,r2i1p1f1,2063,10,23,0.0,25.40699,8.938191,2063
17828,r2i1p1f1,2063,10,24,1.4849606212663957,15.334608,6.0923195,2063
17829,r2i1p1f1,2063,10,25,0.0,18.506618,3.1261623,2063
17830,r2i1p1f1,2063,10,26,0.0,24.600792,6.3182654,2063
17831,r2i1p1f1,2063,10,27,0.0,27.2649,10.8,2063
17832,r2i1p1f1,2063,10,28,0.0,27.841242,11.85853,2063
17833,r2i1p1f1,2063,10,29,1.0543333700923085,23.22379,5.216455,2063
17834,r2i1p1f1,2063,10,30,25.612687119064503,17.880962,10.321385,2063
17835,r2i1p1f1,2063,10,31,73.53055705607403,15.547841,10.440196,2063
17836,r2i1p1f1,2063,11,01,5.834039006647629,14.72442,8.046647,2063
17837,r2i1p1f1,2063,11,02,0.0,20.853916,7.5764685,2063
17838,r2i1p1f1,2063,11,03,0.0,21.490078,8.329188,2063
17839,r2i1p1f1,2063,11,04,0.0,21.88328,9.705277,2063
17840,r2i1p1f1,2063,11,05,0.0,23.453451,10.5841,2063
17841,r2i1p1f1,2063,11,06,0.0,22.666813,11.39835,2063
17842,r2i1p1f1,2063,11,07,0.0,22.566847,12.000793,2063
17843,r2i1p1f1,2063,11,08,0.0,20.507456,9.480374,2063
17844,r2i1p1f1,2063,11,09,0.0,21.347984,9.235133,2063
17845,r2i1p1f1,2063,11,10,0.0,21.822296,9.444231,2063
17846,r2i1p1f1,2063,11,11,0.0,23.587574,9.131642,2063
17847,r2i1p1f1,2063,11,12,2.116226725411252,16.58123,4.736056,2063
17848,r2i1p1f1,2063,11,13,4.442586214713629,14.206153,5.8853498,2063
17849,r2i1p1f1,2063,11,14,0.0,15.541935,5.7273636,2063
17850,r2i1p1f1,2063,11,15,0.0,16.7779,4.487407,2063
17851,r2i1p1f1,2063,11,16,0.0,18.785946,5.851896,2063
17852,r2i1p1f1,2063,11,17,0.0,21.960796,9.0343275,2063
17853,r2i1p1f1,2063,11,18,0.0,23.035856,9.001678,2063
17854,r2i1p1f1,2063,11,19,9.838647384822252,16.669273,4.3447056,2063
17855,r2i1p1f1,2063,11,20,14.563559089174305,14.472931,8.458978,2063
17856,r2i1p1f1,2063,11,21,0.0,18.227453,8.696606,2063
17857,r2i1p1f1,2063,11,22,0.0,19.332705,7.1914215,2063
17858,r2i1p1f1,2063,11,23,15.253600845517212,15.223286,3.2536008,2063
17859,r2i1p1f1,2063,11,24,13.274650179391756,6.0639844,-2.3764758,2063
17860,r2i1p1f1,2063,11,25,13.067068662599013,5.22026,-1.6552377,2063
17861,r2i1p1f1,2063,11,26,4.107028701878335,8.159215,-1.2835269,2063
17862,r2i1p1f1,2063,11,27,0.0,14.674033,0.07828172,2063
17863,r2i1p1f1,2063,11,28,0.0,16.309374,2.4503083,2063
17864,r2i1p1f1,2063,11,29,0.0,17.523468,4.306757,2063
17865,r2i1p1f1,2063,11,30,0.0,18.294796,5.8442163,2063
17866,r2i1p1f1,2063,12,01,0.0,19.017014,7.547332,2063
17867,r2i1p1f1,2063,12,02,0.0,19.34324,7.5040936,2063
17868,r2i1p1f1,2063,12,03,0.00158244629346882,18.135355,5.714533,2063
17869,r2i1p1f1,2063,12,04,0.0,17.345613,6.4859686,2063
17870,r2i1p1f1,2063,12,05,0.8539656581319832,17.455936,6.329289,2063
17871,r2i1p1f1,2063,12,06,0.04544206349237356,14.426147,4.42607,2063
17872,r2i1p1f1,2063,12,07,0.0,13.6901,5.234282,2063
17873,r2i1p1f1,2063,12,08,4.149413593029294,14.476116,7.542082,2063
17874,r2i1p1f1,2063,12,09,1.2816846020086814,9.156386,-1.5691234,2063
17875,r2i1p1f1,2063,12,10,0.0,10.850149,-0.957421,2063
17876,r2i1p1f1,2063,12,11,0.0,13.359316,1.7247262,2063
17877,r2i1p1f1,2063,12,12,0.0,14.339325,3.1876435,2063
17878,r2i1p1f1,2063,12,13,0.0,14.7273,4.3042784,2063
17879,r2i1p1f1,2063,12,14,0.0,16.532555,3.0697253,2063
17880,r2i1p1f1,2063,12,15,0.0,19.3778,6.1236253,2063
17881,r2i1p1f1,2063,12,16,0.0,21.970348,9.690807,2063
17882,r2i1p1f1,2063,12,17,0.0,22.386635,9.375505,2063
17883,r2i1p1f1,2063,12,18,0.0,21.196075,8.49702,2063
17884,r2i1p1f1,2063,12,19,0.0,16.803535,5.8235087,2063
17885,r2i1p1f1,2063,12,20,5.623071154985837,12.900126,3.9048471,2063
17886,r2i1p1f1,2063,12,21,0.0,7.5521054,-3.4951148,2063
17887,r2i1p1f1,2063,12,22,0.0,10.7667465,-1.6525091,2063
17888,r2i1p1f1,2063,12,23,0.0,12.173332,-0.06914282,2063
17889,r2i1p1f1,2063,12,24,0.0,12.525142,0.48484284,2063
17890,r2i1p1f1,2063,12,25,27.433332478176453,8.690357,1.1478307,2063
17891,r2i1p1f1,2063,12,26,10.007177270301781,8.394241,-3.1000395,2063
17892,r2i1p1f1,2063,12,27,2.241453949636707,4.2648063,-1.971905,2063
17893,r2i1p1f1,2063,12,28,0.0,5.7637043,-5.8446355,2063
17894,r2i1p1f1,2063,12,29,0.0,6.1638813,-5.351218,2063
17895,r2i1p1f1,2063,12,30,0.0,7.5956173,-2.6868768,2063
17896,r2i1p1f1,2063,12,31,19.341559449821943,5.71003,-1.5231023,2063
17897,r2i1p1f1,2064,01,01,6.266941766375567,6.4983664,-7.540342,2064
17898,r2i1p1f1,2064,01,02,13.515748903046187,4.5459843,-2.742232,2064
17899,r2i1p1f1,2064,01,03,45.36475786517258,9.0994,1.2449934,2064
17900,r2i1p1f1,2064,01,04,1.8902963943446593,9.816526,2.6387563,2064
17901,r2i1p1f1,2064,01,05,0.07383446895801171,9.249218,4.6579227,2064
17902,r2i1p1f1,2064,01,06,0.0,11.95975,1.1888261,2064
17903,r2i1p1f1,2064,01,07,0.0,14.958836,2.672934,2064
17904,r2i1p1f1,2064,01,08,0.0,14.567898,1.6022716,2064
17905,r2i1p1f1,2064,01,09,0.0,12.666777,1.344202,2064
17906,r2i1p1f1,2064,01,10,0.0,14.230981,3.0034065,2064
17907,r2i1p1f1,2064,01,11,0.0,15.680843,2.5080762,2064
17908,r2i1p1f1,2064,01,12,0.3990571981148605,14.323025,4.0186396,2064
17909,r2i1p1f1,2064,01,13,0.9058735101518778,11.019854,5.4318714,2064
17910,r2i1p1f1,2064,01,14,0.01987779329510886,12.66515,3.134462,2064
17911,r2i1p1f1,2064,01,15,0.0,14.190552,3.6450691,2064
17912,r2i1p1f1,2064,01,16,0.0,15.33291,4.4343596,2064
17913,r2i1p1f1,2064,01,17,0.0,16.893185,4.981358,2064
17914,r2i1p1f1,2064,01,18,0.0,14.749754,2.6438994,2064
17915,r2i1p1f1,2064,01,19,17.52407798303466,15.3498955,7.578015,2064
17916,r2i1p1f1,2064,01,20,1.7027325078487365,13.090724,5.8733726,2064
17917,r2i1p1f1,2064,01,21,0.0,11.860672,3.0444813,2064
17918,r2i1p1f1,2064,01,22,0.0,15.780916,1.649429,2064
17919,r2i1p1f1,2064,01,23,0.0,17.41346,5.094894,2064
17920,r2i1p1f1,2064,01,24,0.0,18.786184,6.010642,2064
17921,r2i1p1f1,2064,01,25,0.0526628172792698,17.194416,6.205623,2064
17922,r2i1p1f1,2064,01,26,3.2357975129855276,15.674279,7.005426,2064
17923,r2i1p1f1,2064,01,27,4.22947971630947,10.81327,-1.8643962,2064
17924,r2i1p1f1,2064,01,28,1.068364360094165,7.4835486,-1.0795023,2064
17925,r2i1p1f1,2064,01,29,3.685817844734629,8.662454,2.2529423,2064
17926,r2i1p1f1,2064,01,30,6.361700374588963,8.142046,-0.7004799,2064
17927,r2i1p1f1,2064,01,31,23.98430085304426,8.882699,3.1197863,2064
17928,r2i1p1f1,2064,02,01,59.407389439002145,10.065097,4.0607953,2064
17929,r2i1p1f1,2064,02,02,36.366005610034335,9.442314,-2.6295762,2064
17930,r2i1p1f1,2064,02,03,9.064462414380614,8.923915,0.08088949,2064
17931,r2i1p1f1,2064,02,04,6.520432898537365,8.569616,2.1809602,2064
17932,r2i1p1f1,2064,02,05,7.20611687896735,9.408126,1.4510771,2064
17933,r2i1p1f1,2064,02,06,0.0,7.6972523,-5.2831597,2064
17934,r2i1p1f1,2064,02,07,0.0,9.099761,-2.0005112,2064
17935,r2i1p1f1,2064,02,08,0.0,12.032924,-1.4411381,2064
17936,r2i1p1f1,2064,02,09,0.0,12.983022,1.1739664,2064
17937,r2i1p1f1,2064,02,10,0.0,14.388149,1.1500993,2064
17938,r2i1p1f1,2064,02,11,0.0,15.475887,1.6370875,2064
17939,r2i1p1f1,2064,02,12,0.0,16.411373,3.1583338,2064
17940,r2i1p1f1,2064,02,13,0.0,15.806758,3.56524,2064
17941,r2i1p1f1,2064,02,14,0.0,16.42289,4.479217,2064
17942,r2i1p1f1,2064,02,15,0.0,18.226908,4.9518332,2064
17943,r2i1p1f1,2064,02,16,0.0,18.333315,5.2285786,2064
17944,r2i1p1f1,2064,02,17,0.0,17.583311,4.643736,2064
17945,r2i1p1f1,2064,02,18,0.0,16.0508,2.9547577,2064
17946,r2i1p1f1,2064,02,19,0.0,15.15861,2.3690515,2064
17947,r2i1p1f1,2064,02,20,0.0,14.500401,1.2620476,2064
17948,r2i1p1f1,2064,02,21,0.0,18.064571,3.9014795,2064
17949,r2i1p1f1,2064,02,22,0.0,18.337736,5.199491,2064
17950,r2i1p1f1,2064,02,23,0.0,19.049534,6.7901626,2064
17951,r2i1p1f1,2064,02,24,0.0,21.919813,8.317043,2064
17952,r2i1p1f1,2064,02,25,0.0,23.488451,9.209428,2064
17953,r2i1p1f1,2064,02,26,0.0,21.170145,7.6231866,2064
17954,r2i1p1f1,2064,02,27,0.0,18.69871,5.240757,2064
17955,r2i1p1f1,2064,02,28,0.0,18.678185,5.451186,2064
17956,r2i1p1f1,2064,02,29,0.0,20.097054,7.141839,2064
17957,r2i1p1f1,2064,03,01,0.0,21.31647,4.300685,2064
17958,r2i1p1f1,2064,03,02,0.0,21.09277,4.3572783,2064
17959,r2i1p1f1,2064,03,03,10.983825178209372,15.747726,1.1100816,2064
17960,r2i1p1f1,2064,03,04,18.163611551699432,10.216299,7.177441,2064
17961,r2i1p1f1,2064,03,05,1.5223578728978282,12.478011,3.6337934,2064
17962,r2i1p1f1,2064,03,06,0.0,17.76028,0.09760528,2064
17963,r2i1p1f1,2064,03,07,0.5597131471603234,16.958519,4.7252264,2064
17964,r2i1p1f1,2064,03,08,0.22516373910548282,15.694543,5.1272063,2064
17965,r2i1p1f1,2064,03,09,1.137470508098204,16.040363,1.3220446,2064
17966,r2i1p1f1,2064,03,10,0.0,17.560476,2.8311431,2064
17967,r2i1p1f1,2064,03,11,0.6308670718453868,14.07317,-1.812522,2064
17968,r2i1p1f1,2064,03,12,41.91506740171462,10.530448,5.1594796,2064
17969,r2i1p1f1,2064,03,13,34.476931851531845,10.065623,3.8046048,2064
17970,r2i1p1f1,2064,03,14,7.376393972845108,9.871703,-0.124430865,2064
17971,r2i1p1f1,2064,03,15,6.470414574027927,9.885184,3.8261278,2064
17972,r2i1p1f1,2064,03,16,6.995186049607582,13.526379,5.974438,2064
17973,r2i1p1f1,2064,03,17,9.310607629413425,14.556939,7.3102703,2064
17974,r2i1p1f1,2064,03,18,4.897473801861452,15.528492,6.78356,2064
17975,r2i1p1f1,2064,03,19,14.545878060744144,14.852247,2.159694,2064
17976,r2i1p1f1,2064,03,20,9.012075640839612,11.319444,2.9442856,2064
17977,r2i1p1f1,2064,03,21,0.0,15.012597,0.68154156,2064
17978,r2i1p1f1,2064,03,22,0.0,15.159947,2.7645636,2064
17979,r2i1p1f1,2064,03,23,0.0,16.964973,0.94520557,2064
17980,r2i1p1f1,2064,03,24,0.0,19.279493,3.2917333,2064
17981,r2i1p1f1,2064,03,25,0.0,20.976768,5.3358755,2064
17982,r2i1p1f1,2064,03,26,0.0,21.691776,5.426042,2064
17983,r2i1p1f1,2064,03,27,0.0,21.726013,7.3101296,2064
17984,r2i1p1f1,2064,03,28,3.558232362365743,15.1779175,4.241653,2064
17985,r2i1p1f1,2064,03,29,3.127130398911504,14.475368,7.065794,2064
17986,r2i1p1f1,2064,03,30,0.28178194461929706,15.433186,3.1547792,2064
17987,r2i1p1f1,2064,03,31,0.0,17.691734,4.2717648,2064
17988,r2i1p1f1,2064,04,01,0.07766335766064003,15.985149,5.3071613,2064
17989,r2i1p1f1,2064,04,02,13.472421955248137,13.142292,3.6682024,2064
17990,r2i1p1f1,2064,04,03,6.767099524222431,8.426162,-0.8175913,2064
17991,r2i1p1f1,2064,04,04,4.022822903584711,7.731029,2.5174792,2064
17992,r2i1p1f1,2064,04,05,0.0,12.327145,-0.6691893,2064
17993,r2i1p1f1,2064,04,06,0.0,14.480621,0.7939986,2064
17994,r2i1p1f1,2064,04,07,1.860686971974701,14.702393,5.078319,2064
17995,r2i1p1f1,2064,04,08,14.604997018068389,13.841966,5.2760863,2064
17996,r2i1p1f1,2064,04,09,1.870740164036988,11.662946,0.017901527,2064
17997,r2i1p1f1,2064,04,10,1.106722998360965,13.506641,2.9482462,2064
17998,r2i1p1f1,2064,04,11,14.20471099399947,9.563921,0.70234126,2064
17999,r2i1p1f1,2064,04,12,0.0,11.666183,-1.0726151,2064
18000,r2i1p1f1,2064,04,13,0.0,14.486874,-0.6766083,2064
18001,r2i1p1f1,2064,04,14,0.0,16.634163,1.6289828,2064
18002,r2i1p1f1,2064,04,15,0.0,19.039333,3.2316158,2064
18003,r2i1p1f1,2064,04,16,0.0,19.963875,4.2828484,2064
18004,r2i1p1f1,2064,04,17,0.0,17.755175,3.2931035,2064
18005,r2i1p1f1,2064,04,18,2.7798866350394746,9.594729,-0.81139,2064
18006,r2i1p1f1,2064,04,19,0.26235368349034616,10.129033,3.7815866,2064
18007,r2i1p1f1,2064,04,20,5.728642359986225,8.735571,2.2570121,2064
18008,r2i1p1f1,2064,04,21,8.042533932643892,11.5195675,2.0545304,2064
18009,r2i1p1f1,2064,04,22,4.306427314486427,11.473628,1.9121149,2064
18010,r2i1p1f1,2064,04,23,5.974541178409254,12.029375,4.5798182,2064
18011,r2i1p1f1,2064,04,24,0.1029260070026794,18.058357,3.96512,2064
18012,r2i1p1f1,2064,04,25,0.0,21.381966,3.75757,2064
18013,r2i1p1f1,2064,04,26,1.1034661317808059,18.695803,4.9039936,2064
18014,r2i1p1f1,2064,04,27,0.0,23.431213,7.2795005,2064
18015,r2i1p1f1,2064,04,28,0.0,27.885567,10.034502,2064
18016,r2i1p1f1,2064,04,29,0.0,27.46501,12.279785,2064
18017,r2i1p1f1,2064,04,30,0.0,29.58411,12.7284975,2064
18018,r2i1p1f1,2064,05,01,0.0,28.565786,13.985504,2064
18019,r2i1p1f1,2064,05,02,0.0,21.18784,5.7620935,2064
18020,r2i1p1f1,2064,05,03,0.0,20.677029,5.3855567,2064
18021,r2i1p1f1,2064,05,04,0.00240510798903415,21.058088,5.4472303,2064
18022,r2i1p1f1,2064,05,05,1.7993167140389232,15.522203,-1.56963,2064
18023,r2i1p1f1,2064,05,06,8.29475978746359,9.45584,0.926722,2064
18024,r2i1p1f1,2064,05,07,46.02465948664758,9.947354,4.1353965,2064
18025,r2i1p1f1,2064,05,08,61.066255619516596,10.554592,5.3247757,2064
18026,r2i1p1f1,2064,05,09,0.847918181406726,15.811576,3.931168,2064
18027,r2i1p1f1,2064,05,10,0.0,21.2564,4.9299855,2064
18028,r2i1p1f1,2064,05,11,0.0,24.776876,8.394472,2064
18029,r2i1p1f1,2064,05,12,0.0,25.911331,10.392297,2064
18030,r2i1p1f1,2064,05,13,0.0,27.448256,12.327182,2064
18031,r2i1p1f1,2064,05,14,0.0,27.874676,12.162752,2064
18032,r2i1p1f1,2064,05,15,2.056862517542868,28.184462,12.257481,2064
18033,r2i1p1f1,2064,05,16,0.0,27.723228,12.177129,2064
18034,r2i1p1f1,2064,05,17,0.010658468173119218,26.01867,10.837339,2064
18035,r2i1p1f1,2064,05,18,0.0,25.140852,9.2323265,2064
18036,r2i1p1f1,2064,05,19,0.0,26.351702,9.304469,2064
18037,r2i1p1f1,2064,05,20,0.0,27.37556,11.624156,2064
18038,r2i1p1f1,2064,05,21,0.0,27.611132,12.105495,2064
18039,r2i1p1f1,2064,05,22,0.0,27.074217,10.230015,2064
18040,r2i1p1f1,2064,05,23,0.0,26.88424,9.138596,2064
18041,r2i1p1f1,2064,05,24,0.0,25.9824,8.462528,2064
18042,r2i1p1f1,2064,05,25,0.0,25.647545,7.532741,2064
18043,r2i1p1f1,2064,05,26,6.951373775905267,18.562248,2.249977,2064
18044,r2i1p1f1,2064,05,27,15.165281934719133,10.771645,6.3575573,2064
18045,r2i1p1f1,2064,05,28,5.963282278378301,12.122064,5.479177,2064
18046,r2i1p1f1,2064,05,29,0.0,17.428047,3.3717566,2064
18047,r2i1p1f1,2064,05,30,0.06789641654449952,17.152273,2.2050662,2064
18048,r2i1p1f1,2064,05,31,0.10730068809152726,17.166729,2.1373594,2064
18049,r2i1p1f1,2064,06,01,0.0,21.283377,6.6214533,2064
18050,r2i1p1f1,2064,06,02,0.6476883631876262,22.607157,8.158177,2064
18051,r2i1p1f1,2064,06,03,0.049113653312815586,23.12316,9.656989,2064
18052,r2i1p1f1,2064,06,04,0.0,25.974596,10.236093,2064
18053,r2i1p1f1,2064,06,05,0.0,27.104034,12.21083,2064
18054,r2i1p1f1,2064,06,06,0.07388593505766039,27.086613,10.684248,2064
18055,r2i1p1f1,2064,06,07,0.0,27.58828,10.01996,2064
18056,r2i1p1f1,2064,06,08,0.0,27.110847,15.671134,2064
18057,r2i1p1f1,2064,06,09,0.0,30.16273,13.1274185,2064
18058,r2i1p1f1,2064,06,10,0.0,30.60751,13.386165,2064
18059,r2i1p1f1,2064,06,11,0.0,31.831339,14.517253,2064
18060,r2i1p1f1,2064,06,12,0.0,32.45035,14.997967,2064
18061,r2i1p1f1,2064,06,13,0.0,32.237396,14.320179,2064
18062,r2i1p1f1,2064,06,14,0.0,30.023773,12.024582,2064
18063,r2i1p1f1,2064,06,15,0.0,30.104898,12.744408,2064
18064,r2i1p1f1,2064,06,16,0.0,31.12916,13.754318,2064
18065,r2i1p1f1,2064,06,17,0.0,32.33793,15.530378,2064
18066,r2i1p1f1,2064,06,18,0.0,31.354872,11.967366,2064
18067,r2i1p1f1,2064,06,19,0.0,28.765608,9.021346,2064
18068,r2i1p1f1,2064,06,20,0.0,25.729584,7.603254,2064
18069,r2i1p1f1,2064,06,21,0.0,24.23627,6.4759684,2064
18070,r2i1p1f1,2064,06,22,0.0,23.508766,5.976637,2064
18071,r2i1p1f1,2064,06,23,0.0,27.305721,9.262711,2064
18072,r2i1p1f1,2064,06,24,0.0,29.142893,8.953741,2064
18073,r2i1p1f1,2064,06,25,0.0,29.216362,10.483784,2064
18074,r2i1p1f1,2064,06,26,0.9137298598943744,23.131111,5.4865437,2064
18075,r2i1p1f1,2064,06,27,0.0650096508252318,27.247482,12.189276,2064
18076,r2i1p1f1,2064,06,28,0.0,27.984764,13.80511,2064
18077,r2i1p1f1,2064,06,29,0.0,28.186914,11.897957,2064
18078,r2i1p1f1,2064,06,30,0.0,29.090446,12.134129,2064
18079,r2i1p1f1,2064,07,01,0.0,28.402643,10.966156,2064
18080,r2i1p1f1,2064,07,02,0.0,28.494408,10.691321,2064
18081,r2i1p1f1,2064,07,03,0.0,30.911787,13.039333,2064
18082,r2i1p1f1,2064,07,04,0.0,34.71682,15.632647,2064
18083,r2i1p1f1,2064,07,05,0.0,35.168056,16.468496,2064
18084,r2i1p1f1,2064,07,06,0.0,36.28288,18.136894,2064
18085,r2i1p1f1,2064,07,07,0.0,37.61096,17.959229,2064
18086,r2i1p1f1,2064,07,08,0.0,39.171925,20.31075,2064
18087,r2i1p1f1,2064,07,09,0.0,39.47885,21.63521,2064
18088,r2i1p1f1,2064,07,10,0.0,39.792583,20.038702,2064
18089,r2i1p1f1,2064,07,11,0.0,39.39436,19.03086,2064
18090,r2i1p1f1,2064,07,12,0.0,39.139374,19.652779,2064
18091,r2i1p1f1,2064,07,13,0.0,38.504242,20.19106,2064
18092,r2i1p1f1,2064,07,14,0.0,37.425903,19.318071,2064
18093,r2i1p1f1,2064,07,15,0.0,36.972763,17.974472,2064
18094,r2i1p1f1,2064,07,16,0.0,36.952168,18.669546,2064
18095,r2i1p1f1,2064,07,17,0.0,34.99193,15.980565,2064
18096,r2i1p1f1,2064,07,18,0.0,33.824215,15.154412,2064
18097,r2i1p1f1,2064,07,19,0.0,34.78878,15.958138,2064
18098,r2i1p1f1,2064,07,20,0.0,35.44219,18.549055,2064
18099,r2i1p1f1,2064,07,21,0.0,36.2218,17.773289,2064
18100,r2i1p1f1,2064,07,22,0.0,36.88112,17.861198,2064
18101,r2i1p1f1,2064,07,23,0.0,37.456043,17.270271,2064
18102,r2i1p1f1,2064,07,24,0.0,34.858845,15.789542,2064
18103,r2i1p1f1,2064,07,25,0.0,34.892715,19.651789,2064
18104,r2i1p1f1,2064,07,26,0.0,36.68655,19.852783,2064
18105,r2i1p1f1,2064,07,27,0.0,36.761925,19.87894,2064
18106,r2i1p1f1,2064,07,28,0.0,36.929367,20.843313,2064
18107,r2i1p1f1,2064,07,29,0.181060299382807,36.738434,19.552956,2064
18108,r2i1p1f1,2064,07,30,0.0,38.52211,20.73067,2064
18109,r2i1p1f1,2064,07,31,0.0,39.349415,21.906658,2064
18110,r2i1p1f1,2064,08,01,0.0,40.46419,26.203753,2064
18111,r2i1p1f1,2064,08,02,0.0,40.549004,21.640726,2064
18112,r2i1p1f1,2064,08,03,0.0,33.810375,11.946897,2064
18113,r2i1p1f1,2064,08,04,0.0,26.92944,8.143603,2064
18114,r2i1p1f1,2064,08,05,0.0,29.25373,11.616447,2064
18115,r2i1p1f1,2064,08,06,0.0,33.846416,14.135038,2064
18116,r2i1p1f1,2064,08,07,0.0,34.811157,13.999656,2064
18117,r2i1p1f1,2064,08,08,0.0,34.894295,16.071205,2064
18118,r2i1p1f1,2064,08,09,0.2077948534861207,35.046097,17.620872,2064
18119,r2i1p1f1,2064,08,10,0.2469867081799748,34.817783,15.927061,2064
18120,r2i1p1f1,2064,08,11,0.0,33.587082,15.825322,2064
18121,r2i1p1f1,2064,08,12,0.0,34.53075,16.409521,2064
18122,r2i1p1f1,2064,08,13,0.0,34.02605,16.059883,2064
18123,r2i1p1f1,2064,08,14,0.0,34.486855,14.63438,2064
18124,r2i1p1f1,2064,08,15,0.0,34.487648,14.237248,2064
18125,r2i1p1f1,2064,08,16,0.0,33.276165,12.681742,2064
18126,r2i1p1f1,2064,08,17,0.0,28.725471,10.320791,2064
18127,r2i1p1f1,2064,08,18,0.06958193258697065,28.00692,11.443011,2064
18128,r2i1p1f1,2064,08,19,0.0,29.413805,12.6740675,2064
18129,r2i1p1f1,2064,08,20,0.0,34.491127,16.58816,2064
18130,r2i1p1f1,2064,08,21,0.0,36.350666,22.631874,2064
18131,r2i1p1f1,2064,08,22,0.0,37.048298,19.729973,2064
18132,r2i1p1f1,2064,08,23,0.2629587234423525,36.604996,15.097273,2064
18133,r2i1p1f1,2064,08,24,0.0,33.788227,16.174538,2064
18134,r2i1p1f1,2064,08,25,0.0,32.328476,14.970303,2064
18135,r2i1p1f1,2064,08,26,0.0,33.2074,14.606228,2064
18136,r2i1p1f1,2064,08,27,0.0,32.60022,13.160388,2064
18137,r2i1p1f1,2064,08,28,0.0,31.62333,11.7148,2064
18138,r2i1p1f1,2064,08,29,0.0,29.722328,11.634961,2064
18139,r2i1p1f1,2064,08,30,0.0,30.749136,12.596699,2064
18140,r2i1p1f1,2064,08,31,0.0,32.795853,14.360455,2064
18141,r2i1p1f1,2064,09,01,0.0,34.687935,16.793026,2064
18142,r2i1p1f1,2064,09,02,0.0,33.72948,16.086418,2064
18143,r2i1p1f1,2064,09,03,0.0,34.194145,16.68652,2064
18144,r2i1p1f1,2064,09,04,0.0,34.849945,19.252886,2064
18145,r2i1p1f1,2064,09,05,0.0,34.93123,17.935291,2064
18146,r2i1p1f1,2064,09,06,0.0,34.370674,16.847713,2064
18147,r2i1p1f1,2064,09,07,2.810276971422354,34.092426,16.502369,2064
18148,r2i1p1f1,2064,09,08,0.0,32.7748,14.556414,2064
18149,r2i1p1f1,2064,09,09,0.0,30.443773,11.212905,2064
18150,r2i1p1f1,2064,09,10,0.0,28.97096,9.881573,2064
18151,r2i1p1f1,2064,09,11,0.0,28.81757,10.175835,2064
18152,r2i1p1f1,2064,09,12,0.0,30.874763,12.867077,2064
18153,r2i1p1f1,2064,09,13,0.0,32.14681,14.231776,2064
18154,r2i1p1f1,2064,09,14,0.0,32.726295,14.062385,2064
18155,r2i1p1f1,2064,09,15,0.0,31.875227,14.109061,2064
18156,r2i1p1f1,2064,09,16,0.0,30.000458,14.051056,2064
18157,r2i1p1f1,2064,09,17,0.0,30.359837,14.185111,2064
18158,r2i1p1f1,2064,09,18,0.9148835616258566,30.2665,12.834881,2064
18159,r2i1p1f1,2064,09,19,0.0,27.294132,11.633768,2064
18160,r2i1p1f1,2064,09,20,0.0,29.170708,12.725143,2064
18161,r2i1p1f1,2064,09,21,0.0,31.911736,14.918123,2064
18162,r2i1p1f1,2064,09,22,0.0,33.831703,16.971855,2064
18163,r2i1p1f1,2064,09,23,0.0,34.16851,15.858488,2064
18164,r2i1p1f1,2064,09,24,0.0,31.462786,13.774907,2064
18165,r2i1p1f1,2064,09,25,0.0,29.186897,12.559291,2064
18166,r2i1p1f1,2064,09,26,0.0,32.947956,15.372618,2064
18167,r2i1p1f1,2064,09,27,0.0,34.00795,17.718895,2064
18168,r2i1p1f1,2064,09,28,0.0,34.522087,17.719015,2064
18169,r2i1p1f1,2064,09,29,0.0,34.591324,18.801964,2064
18170,r2i1p1f1,2064,09,30,0.0,34.671284,18.524666,2064
18171,r2i1p1f1,2064,10,01,0.0,34.907555,17.002842,2064
18172,r2i1p1f1,2064,10,02,0.0,34.26343,17.098755,2064
18173,r2i1p1f1,2064,10,03,0.06879107073416435,34.64523,16.285063,2064
18174,r2i1p1f1,2064,10,04,0.7584242738005287,31.839993,14.018137,2064
18175,r2i1p1f1,2064,10,05,0.0,27.962166,12.036772,2064
18176,r2i1p1f1,2064,10,06,0.0,26.397593,10.443157,2064
18177,r2i1p1f1,2064,10,07,0.9591373415560156,24.7777,8.963372,2064
18178,r2i1p1f1,2064,10,08,0.5392785679305234,25.20959,10.5851145,2064
18179,r2i1p1f1,2064,10,09,0.0,27.480299,11.8900585,2064
18180,r2i1p1f1,2064,10,10,0.0,28.32118,13.623389,2064
18181,r2i1p1f1,2064,10,11,0.0,30.681705,14.802998,2064
18182,r2i1p1f1,2064,10,12,0.0,31.652596,14.654127,2064
18183,r2i1p1f1,2064,10,13,0.0,32.620815,14.861077,2064
18184,r2i1p1f1,2064,10,14,0.0,30.23922,13.932255,2064
18185,r2i1p1f1,2064,10,15,0.0,31.276834,18.242136,2064
18186,r2i1p1f1,2064,10,16,0.0054923861171118915,31.665932,15.226447,2064
18187,r2i1p1f1,2064,10,17,0.0,32.262352,17.177391,2064
18188,r2i1p1f1,2064,10,18,13.202066650990218,27.849777,10.52058,2064
18189,r2i1p1f1,2064,10,19,15.338261314821011,14.587426,7.806123,2064
18190,r2i1p1f1,2064,10,20,0.2151124106660518,17.553818,8.003398,2064
18191,r2i1p1f1,2064,10,21,0.1422190141909141,17.720858,5.5726943,2064
18192,r2i1p1f1,2064,10,22,0.0,13.982983,2.5616364,2064
18193,r2i1p1f1,2064,10,23,0.0,15.07362,2.3317647,2064
18194,r2i1p1f1,2064,10,24,0.0,16.67024,1.2992796,2064
18195,r2i1p1f1,2064,10,25,0.0,18.993599,3.5116909,2064
18196,r2i1p1f1,2064,10,26,0.0,20.036251,3.200471,2064
18197,r2i1p1f1,2064,10,27,0.0,18.181522,5.056055,2064
18198,r2i1p1f1,2064,10,28,0.9683309621664193,15.118199,2.4334104,2064
18199,r2i1p1f1,2064,10,29,1.4734270616315825,8.195644,1.4689229,2064
18200,r2i1p1f1,2064,10,30,0.0,10.029924,-1.0623593,2064
18201,r2i1p1f1,2064,10,31,0.0,13.341111,-1.4538659,2064
18202,r2i1p1f1,2064,11,01,0.0,16.899452,2.9561968,2064
18203,r2i1p1f1,2064,11,02,0.0,17.908857,3.9098613,2064
18204,r2i1p1f1,2064,11,03,0.0,18.848368,4.079526,2064
18205,r2i1p1f1,2064,11,04,0.0,18.961277,4.0266995,2064
18206,r2i1p1f1,2064,11,05,0.0,20.785599,5.5002723,2064
18207,r2i1p1f1,2064,11,06,2.7417255369073246,18.765862,3.228992,2064
18208,r2i1p1f1,2064,11,07,3.4504944838772644,16.50454,5.708249,2064
18209,r2i1p1f1,2064,11,08,7.842729830463213,13.09888,6.514123,2064
18210,r2i1p1f1,2064,11,09,1.6982906301905132,13.933118,6.313467,2064
18211,r2i1p1f1,2064,11,10,0.0,17.776604,4.4063168,2064
18212,r2i1p1f1,2064,11,11,0.8383766741019372,18.052437,5.112418,2064
18213,r2i1p1f1,2064,11,12,8.844060796877784,15.882475,4.1296067,2064
18214,r2i1p1f1,2064,11,13,19.169566113487235,12.295301,6.2357726,2064
18215,r2i1p1f1,2064,11,14,26.98160372856364,14.085256,7.956048,2064
18216,r2i1p1f1,2064,11,15,1.3698260935711914,13.163133,3.0294828,2064
18217,r2i1p1f1,2064,11,16,37.3703264622236,12.45192,5.0979824,2064
18218,r2i1p1f1,2064,11,17,59.78337490669219,12.772018,6.731839,2064
18219,r2i1p1f1,2064,11,18,29.048525141024584,11.03748,3.9320383,2064
18220,r2i1p1f1,2064,11,19,0.0,15.658918,1.7922196,2064
18221,r2i1p1f1,2064,11,20,0.05026920589443762,15.937927,2.989532,2064
18222,r2i1p1f1,2064,11,21,21.402362945400455,12.903218,5.2158885,2064
18223,r2i1p1f1,2064,11,22,1.664698391670072,14.26937,7.218204,2064
18224,r2i1p1f1,2064,11,23,26.057905009020033,14.676829,6.8757887,2064
18225,r2i1p1f1,2064,11,24,13.556570837499748,13.090478,4.944287,2064
18226,r2i1p1f1,2064,11,25,25.56544281924289,12.163898,6.3334417,2064
18227,r2i1p1f1,2064,11,26,0.0,14.601456,3.0320036,2064
18228,r2i1p1f1,2064,11,27,22.78983533833525,12.198571,3.6688054,2064
18229,r2i1p1f1,2064,11,28,32.71298646741343,12.793691,7.0834756,2064
18230,r2i1p1f1,2064,11,29,22.362722727302753,13.419059,5.973441,2064
18231,r2i1p1f1,2064,11,30,18.44908625789685,12.002936,3.709009,2064
18232,r2i1p1f1,2064,12,01,66.94820848497329,9.531054,3.6890569,2064
18233,r2i1p1f1,2064,12,02,8.014296979763458,11.371587,6.332261,2064
18234,r2i1p1f1,2064,12,03,0.0,14.012886,3.704375,2064
18235,r2i1p1f1,2064,12,04,0.0,15.380122,2.8003125,2064
18236,r2i1p1f1,2064,12,05,16.950132884994673,11.127414,5.0099463,2064
18237,r2i1p1f1,2064,12,06,1.1434327381891762,11.086843,4.8426905,2064
18238,r2i1p1f1,2064,12,07,0.0,13.19816,2.1652098,2064
18239,r2i1p1f1,2064,12,08,0.0,12.1545315,4.870453,2064
18240,r2i1p1f1,2064,12,09,0.0,14.250926,3.772781,2064
18241,r2i1p1f1,2064,12,10,45.98878121614689,14.038899,5.70513,2064
18242,r2i1p1f1,2064,12,11,38.67266346424003,12.489665,7.830451,2064
18243,r2i1p1f1,2064,12,12,6.77432896975958,12.991224,7.802291,2064
18244,r2i1p1f1,2064,12,13,12.123731135397975,12.287068,5.5358005,2064
18245,r2i1p1f1,2064,12,14,0.0,14.1367445,4.9059854,2064
18246,r2i1p1f1,2064,12,15,0.0,16.292324,3.762171,2064
18247,r2i1p1f1,2064,12,16,0.0,16.761187,4.225561,2064
18248,r2i1p1f1,2064,12,17,0.0,16.958574,5.4174156,2064
18249,r2i1p1f1,2064,12,18,0.0,17.770315,6.0495954,2064
18250,r2i1p1f1,2064,12,19,0.0,17.602531,6.2901616,2064
18251,r2i1p1f1,2064,12,20,0.0,17.355566,5.8954096,2064
18252,r2i1p1f1,2064,12,21,0.0,16.534441,5.8262386,2064
18253,r2i1p1f1,2064,12,22,0.05782978441288833,16.957853,5.1239276,2064
18254,r2i1p1f1,2064,12,23,2.668328028778433,12.182237,6.308496,2064
18255,r2i1p1f1,2064,12,24,23.155585425593017,13.582427,8.70017,2064
18256,r2i1p1f1,2064,12,25,0.0,14.954322,4.3076644,2064
18257,r2i1p1f1,2064,12,26,0.0,13.661889,0.66955906,2064
18258,r2i1p1f1,2064,12,27,0.0,10.670774,0.11692052,2064
18259,r2i1p1f1,2064,12,28,19.463311740400968,9.963055,0.2804267,2064
18260,r2i1p1f1,2064,12,29,5.811631843243958,12.214506,4.591126,2064
18261,r2i1p1f1,2064,12,30,0.0,15.519426,4.550397,2064
18262,r2i1p1f1,2064,12,31,0.0,16.27814,5.333827,2064
18263,r2i1p1f1,2065,01,01,0.0,16.269745,5.4871297,2065
18264,r2i1p1f1,2065,01,02,1.5397193906551365,14.517114,6.1477594,2065
18265,r2i1p1f1,2065,01,03,0.0,16.084648,4.8243904,2065
18266,r2i1p1f1,2065,01,04,0.0,18.11505,4.8822765,2065
18267,r2i1p1f1,2065,01,05,11.054335884364264,13.767643,6.0747895,2065
18268,r2i1p1f1,2065,01,06,0.0,11.94422,2.7049558,2065
18269,r2i1p1f1,2065,01,07,0.8704441138092989,11.438381,0.33419916,2065
18270,r2i1p1f1,2065,01,08,43.06702842077357,11.260623,4.88128,2065
18271,r2i1p1f1,2065,01,09,3.268523435616544,12.21844,-0.017875353,2065
18272,r2i1p1f1,2065,01,10,19.072062500708853,10.52414,1.9485075,2065
18273,r2i1p1f1,2065,01,11,23.321848309024062,11.167899,6.273358,2065
18274,r2i1p1f1,2065,01,12,0.018443814501267752,11.250619,2.4423332,2065
18275,r2i1p1f1,2065,01,13,12.53807819892927,10.147419,2.498548,2065
18276,r2i1p1f1,2065,01,14,14.516576907999479,9.246503,1.897059,2065
18277,r2i1p1f1,2065,01,15,0.24846117239576415,9.130772,4.302629,2065
18278,r2i1p1f1,2065,01,16,0.1907538236583406,12.349199,0.5765069,2065
18279,r2i1p1f1,2065,01,17,0.6854138796541065,13.134482,0.18338796,2065
18280,r2i1p1f1,2065,01,18,14.852766440890264,10.9760065,3.663803,2065
18281,r2i1p1f1,2065,01,19,60.847839777125046,8.385533,2.8700056,2065
18282,r2i1p1f1,2065,01,20,7.129407407774124,7.106361,2.1026106,2065
18283,r2i1p1f1,2065,01,21,0.0,11.039853,0.18699461,2065
18284,r2i1p1f1,2065,01,22,0.0,15.56465,3.0612426,2065
18285,r2i1p1f1,2065,01,23,0.0,16.207281,4.733792,2065
18286,r2i1p1f1,2065,01,24,0.0,16.387045,1.7538854,2065
18287,r2i1p1f1,2065,01,25,0.0,13.635809,2.7158546,2065
18288,r2i1p1f1,2065,01,26,0.0,15.011293,2.6579437,2065
18289,r2i1p1f1,2065,01,27,0.0,16.670578,4.8038282,2065
18290,r2i1p1f1,2065,01,28,0.0,17.951515,7.1074057,2065
18291,r2i1p1f1,2065,01,29,0.412666046000254,15.579413,4.2221107,2065
18292,r2i1p1f1,2065,01,30,0.0,12.795813,0.2728287,2065
18293,r2i1p1f1,2065,01,31,0.0,12.422277,0.8731578,2065
18294,r2i1p1f1,2065,02,01,0.0,13.6573515,0.51432014,2065
18295,r2i1p1f1,2065,02,02,0.0,15.138916,2.858715,2065
18296,r2i1p1f1,2065,02,03,0.0,15.776196,4.9050107,2065
18297,r2i1p1f1,2065,02,04,0.0,16.806314,5.282194,2065
18298,r2i1p1f1,2065,02,05,0.0,19.003378,5.4391875,2065
18299,r2i1p1f1,2065,02,06,0.0,17.522518,4.8874097,2065
18300,r2i1p1f1,2065,02,07,0.005033481284044683,18.684057,3.5732281,2065
18301,r2i1p1f1,2065,02,08,11.158626964805762,16.637491,3.9030888,2065
18302,r2i1p1f1,2065,02,09,5.820705083579014,12.405036,2.5425386,2065
18303,r2i1p1f1,2065,02,10,4.45934930094154,13.199971,4.6333537,2065
18304,r2i1p1f1,2065,02,11,16.69512967469018,13.281688,3.3083134,2065
18305,r2i1p1f1,2065,02,12,0.029388272031383167,9.941425,-2.4002817,2065
18306,r2i1p1f1,2065,02,13,40.65088299430499,8.567627,1.6147635,2065
18307,r2i1p1f1,2065,02,14,10.658781001257012,8.156826,-2.1659071,2065
18308,r2i1p1f1,2065,02,15,5.33018296975456,8.049688,-0.6704406,2065
18309,r2i1p1f1,2065,02,16,5.2414291194054385,7.516421,0.8524066,2065
18310,r2i1p1f1,2065,02,17,0.0,9.596376,-1.2183312,2065
18311,r2i1p1f1,2065,02,18,14.256007263657011,8.671711,1.7122958,2065
18312,r2i1p1f1,2065,02,19,2.1467919229053223,10.646862,0.22020388,2065
18313,r2i1p1f1,2065,02,20,0.0,12.86708,0.8200028,2065
18314,r2i1p1f1,2065,02,21,0.9865414250384674,11.025693,1.839202,2065
18315,r2i1p1f1,2065,02,22,1.5412493892085877,11.030979,0.6621055,2065
18316,r2i1p1f1,2065,02,23,0.8891065530406195,8.754143,1.1124045,2065
18317,r2i1p1f1,2065,02,24,0.3065487182539073,10.141013,0.9803363,2065
18318,r2i1p1f1,2065,02,25,1.5912085671573095,10.273828,0.9545606,2065
18319,r2i1p1f1,2065,02,26,14.78652305495416,10.931873,-0.93650067,2065
18320,r2i1p1f1,2065,02,27,8.887924629379995,8.874842,-0.80715775,2065
18321,r2i1p1f1,2065,02,28,0.0,11.220861,-0.6112347,2065
18322,r2i1p1f1,2065,03,01,1.2631156823886158,11.984043,0.9112697,2065
18323,r2i1p1f1,2065,03,02,31.679063108913397,6.02827,1.5744029,2065
18324,r2i1p1f1,2065,03,03,34.79548557297676,6.8185754,-2.1757689,2065
18325,r2i1p1f1,2065,03,04,29.058815360986046,6.988002,2.1435304,2065
18326,r2i1p1f1,2065,03,05,24.11613394615415,9.026397,-2.6430311,2065
18327,r2i1p1f1,2065,03,06,9.94477218995371,7.7758236,-4.839011,2065
18328,r2i1p1f1,2065,03,07,9.352392930350106,9.214823,5.153271,2065
18329,r2i1p1f1,2065,03,08,0.0,16.082897,3.727564,2065
18330,r2i1p1f1,2065,03,09,0.0010806724048961769,19.38328,2.2658703,2065
18331,r2i1p1f1,2065,03,10,0.0,20.176716,6.2027073,2065
18332,r2i1p1f1,2065,03,11,0.0,22.046673,7.553922,2065
18333,r2i1p1f1,2065,03,12,0.0,22.134325,5.8168864,2065
18334,r2i1p1f1,2065,03,13,0.0,21.81314,5.8232183,2065
18335,r2i1p1f1,2065,03,14,0.0,22.023848,6.450589,2065
18336,r2i1p1f1,2065,03,15,0.0,21.632042,6.738415,2065
18337,r2i1p1f1,2065,03,16,0.0,21.881329,7.0067644,2065
18338,r2i1p1f1,2065,03,17,14.338665815250806,16.818861,3.164275,2065
18339,r2i1p1f1,2065,03,18,25.523199136114272,13.089916,7.827085,2065
18340,r2i1p1f1,2065,03,19,40.06434201255615,11.053715,6.0001907,2065
18341,r2i1p1f1,2065,03,20,1.8473106184160315,9.412781,-3.8321304,2065
18342,r2i1p1f1,2065,03,21,0.0,11.8373575,0.49658018,2065
18343,r2i1p1f1,2065,03,22,0.0,13.739758,0.8988303,2065
18344,r2i1p1f1,2065,03,23,0.6609309410976039,14.20353,5.426729,2065
18345,r2i1p1f1,2065,03,24,0.1098412371447921,13.535416,3.735146,2065
18346,r2i1p1f1,2065,03,25,38.40959764929721,8.769257,2.6195962,2065
18347,r2i1p1f1,2065,03,26,29.219893410572695,7.1614313,1.0442055,2065
18348,r2i1p1f1,2065,03,27,5.063413668602834,9.551021,-0.65828395,2065
18349,r2i1p1f1,2065,03,28,0.0,15.990801,-1.0885196,2065
18350,r2i1p1f1,2065,03,29,0.0,16.961546,4.777805,2065
18351,r2i1p1f1,2065,03,30,0.0,16.979233,2.0954573,2065
18352,r2i1p1f1,2065,03,31,6.855608265550472,15.340901,2.9805727,2065
18353,r2i1p1f1,2065,04,01,0.0,17.676872,4.860077,2065
18354,r2i1p1f1,2065,04,02,0.0,20.163155,4.938909,2065
18355,r2i1p1f1,2065,04,03,0.0,23.591452,6.878756,2065
18356,r2i1p1f1,2065,04,04,0.0,23.788551,8.431844,2065
18357,r2i1p1f1,2065,04,05,0.0,24.062603,8.156718,2065
18358,r2i1p1f1,2065,04,06,2.4977649838959337,19.206165,2.2947311,2065
18359,r2i1p1f1,2065,04,07,17.547197759677147,12.00552,6.486768,2065
18360,r2i1p1f1,2065,04,08,4.846091565104871,12.567501,4.123146,2065
18361,r2i1p1f1,2065,04,09,0.0,13.824146,2.7410877,2065
18362,r2i1p1f1,2065,04,10,0.0,14.667474,2.5970252,2065
18363,r2i1p1f1,2065,04,11,0.0,17.391472,0.3477948,2065
18364,r2i1p1f1,2065,04,12,0.0,15.769131,3.8131917,2065
18365,r2i1p1f1,2065,04,13,2.748974063337073,14.896482,7.101551,2065
18366,r2i1p1f1,2065,04,14,0.0,14.737169,0.7347507,2065
18367,r2i1p1f1,2065,04,15,0.0,16.705345,0.41651243,2065
18368,r2i1p1f1,2065,04,16,0.0,17.075256,0.93104553,2065
18369,r2i1p1f1,2065,04,17,0.27821232851579225,16.108875,1.9803185,2065
18370,r2i1p1f1,2065,04,18,0.0,12.376139,1.7616253,2065
18371,r2i1p1f1,2065,04,19,0.05146975326582037,11.295995,-2.4207256,2065
18372,r2i1p1f1,2065,04,20,0.12000857302041368,14.0015545,5.208452,2065
18373,r2i1p1f1,2065,04,21,2.107075869669295,13.809856,8.243908,2065
18374,r2i1p1f1,2065,04,22,42.63355571165448,13.847275,2.9854157,2065
18375,r2i1p1f1,2065,04,23,3.119372321918945,8.736796,-0.3450773,2065
18376,r2i1p1f1,2065,04,24,0.0,13.258695,-0.97376823,2065
18377,r2i1p1f1,2065,04,25,0.0,16.830479,0.30851635,2065
18378,r2i1p1f1,2065,04,26,0.0,17.587452,6.4326077,2065
18379,r2i1p1f1,2065,04,27,0.15089844714566425,11.545127,-1.7500606,2065
18380,r2i1p1f1,2065,04,28,0.0,12.390156,-2.0222096,2065
18381,r2i1p1f1,2065,04,29,0.0,14.292728,-0.0014184316,2065
18382,r2i1p1f1,2065,04,30,0.0,18.268332,2.8054483,2065
18383,r2i1p1f1,2065,05,01,0.0,21.48989,6.0985727,2065
18384,r2i1p1f1,2065,05,02,0.0,23.201342,7.2644315,2065
18385,r2i1p1f1,2065,05,03,0.0,25.56212,8.699007,2065
18386,r2i1p1f1,2065,05,04,0.0,25.955692,10.467478,2065
18387,r2i1p1f1,2065,05,05,0.0,25.185417,9.855602,2065
18388,r2i1p1f1,2065,05,06,0.0,25.611282,8.232611,2065
18389,r2i1p1f1,2065,05,07,0.0,21.26887,6.1232147,2065
18390,r2i1p1f1,2065,05,08,0.0,22.978497,7.130625,2065
18391,r2i1p1f1,2065,05,09,0.0,24.559889,6.8462367,2065
18392,r2i1p1f1,2065,05,10,0.0,26.415731,9.617567,2065
18393,r2i1p1f1,2065,05,11,0.0,28.236582,12.252466,2065
18394,r2i1p1f1,2065,05,12,0.0,28.415337,9.562831,2065
18395,r2i1p1f1,2065,05,13,0.0,23.493591,4.8783503,2065
18396,r2i1p1f1,2065,05,14,0.0,20.156038,5.0278296,2065
18397,r2i1p1f1,2065,05,15,0.0,22.346138,6.7728333,2065
18398,r2i1p1f1,2065,05,16,0.0,22.920858,6.2548428,2065
18399,r2i1p1f1,2065,05,17,0.0,24.893028,8.624104,2065
18400,r2i1p1f1,2065,05,18,0.0,24.595963,8.132275,2065
18401,r2i1p1f1,2065,05,19,0.0,24.448515,7.1647854,2065
18402,r2i1p1f1,2065,05,20,0.0,25.901447,7.614273,2065
18403,r2i1p1f1,2065,05,21,0.0,24.692787,8.1210375,2065
18404,r2i1p1f1,2065,05,22,0.0,28.71871,10.252757,2065
18405,r2i1p1f1,2065,05,23,0.0,31.471415,13.1413145,2065
18406,r2i1p1f1,2065,05,24,0.0,32.336838,15.0428295,2065
18407,r2i1p1f1,2065,05,25,0.0,32.200928,14.73885,2065
18408,r2i1p1f1,2065,05,26,0.0,31.938734,13.134281,2065
18409,r2i1p1f1,2065,05,27,0.0,31.989754,13.0288725,2065
18410,r2i1p1f1,2065,05,28,0.0,32.261032,14.2666,2065
18411,r2i1p1f1,2065,05,29,0.0,32.230904,13.579939,2065
18412,r2i1p1f1,2065,05,30,0.0,32.34323,13.9623575,2065
18413,r2i1p1f1,2065,05,31,0.0,30.26824,13.316353,2065
18414,r2i1p1f1,2065,06,01,0.0,29.203804,10.293712,2065
18415,r2i1p1f1,2065,06,02,0.0,28.336464,10.876511,2065
18416,r2i1p1f1,2065,06,03,0.0,29.375542,8.582463,2065
18417,r2i1p1f1,2065,06,04,0.0,26.874979,6.241171,2065
18418,r2i1p1f1,2065,06,05,0.0,21.07059,4.22916,2065
18419,r2i1p1f1,2065,06,06,0.0,22.063255,4.5878882,2065
18420,r2i1p1f1,2065,06,07,0.0,21.86747,6.2360854,2065
18421,r2i1p1f1,2065,06,08,0.0,28.603218,11.105549,2065
18422,r2i1p1f1,2065,06,09,0.0,30.838074,9.293217,2065
18423,r2i1p1f1,2065,06,10,0.0,28.956896,8.288712,2065
18424,r2i1p1f1,2065,06,11,0.0,27.22166,11.108242,2065
18425,r2i1p1f1,2065,06,12,0.0,26.278555,8.1643505,2065
18426,r2i1p1f1,2065,06,13,0.0,24.595783,9.0329685,2065
18427,r2i1p1f1,2065,06,14,0.0,26.850765,9.782484,2065
18428,r2i1p1f1,2065,06,15,0.0,26.211967,12.085079,2065
18429,r2i1p1f1,2065,06,16,0.0,28.090826,10.651948,2065
18430,r2i1p1f1,2065,06,17,0.0,29.317047,11.257826,2065
18431,r2i1p1f1,2065,06,18,0.0,31.452919,14.220906,2065
18432,r2i1p1f1,2065,06,19,0.0,35.5857,16.529099,2065
18433,r2i1p1f1,2065,06,20,0.0,36.44984,14.865492,2065
18434,r2i1p1f1,2065,06,21,0.0,37.152176,16.55213,2065
18435,r2i1p1f1,2065,06,22,0.0,39.48466,21.491257,2065
18436,r2i1p1f1,2065,06,23,0.0,39.969494,19.154472,2065
18437,r2i1p1f1,2065,06,24,0.0,39.719643,20.588566,2065
18438,r2i1p1f1,2065,06,25,0.0,35.372623,15.319035,2065
18439,r2i1p1f1,2065,06,26,0.0,34.690353,15.905949,2065
18440,r2i1p1f1,2065,06,27,0.0,34.732967,17.739376,2065
18441,r2i1p1f1,2065,06,28,0.35123852094329777,33.831154,17.359863,2065
18442,r2i1p1f1,2065,06,29,0.0,32.21099,14.154983,2065
18443,r2i1p1f1,2065,06,30,0.0,31.503736,13.9327135,2065
18444,r2i1p1f1,2065,07,01,0.024217708141804906,32.111256,14.047485,2065
18445,r2i1p1f1,2065,07,02,0.0,33.51555,15.96257,2065
18446,r2i1p1f1,2065,07,03,0.0,35.95972,17.795792,2065
18447,r2i1p1f1,2065,07,04,0.0,38.1467,19.450895,2065
18448,r2i1p1f1,2065,07,05,0.0,39.290997,19.08021,2065
18449,r2i1p1f1,2065,07,06,0.0019127220639347797,35.796978,17.116404,2065
18450,r2i1p1f1,2065,07,07,0.0,39.78001,22.162827,2065
18451,r2i1p1f1,2065,07,08,0.0,39.578793,22.160767,2065
18452,r2i1p1f1,2065,07,09,0.015092608191480394,39.49224,20.263193,2065
18453,r2i1p1f1,2065,07,10,0.0,38.75666,20.962427,2065
18454,r2i1p1f1,2065,07,11,0.0,38.215347,21.390923,2065
18455,r2i1p1f1,2065,07,12,0.0,37.847713,16.024223,2065
18456,r2i1p1f1,2065,07,13,0.0,32.621185,13.249724,2065
18457,r2i1p1f1,2065,07,14,0.0,28.825169,12.714248,2065
18458,r2i1p1f1,2065,07,15,0.0,27.834324,10.095864,2065
18459,r2i1p1f1,2065,07,16,0.0,29.145468,10.424947,2065
18460,r2i1p1f1,2065,07,17,0.0,33.795532,15.75155,2065
18461,r2i1p1f1,2065,07,18,0.0,37.02972,19.217352,2065
18462,r2i1p1f1,2065,07,19,0.0,37.353367,16.99198,2065
18463,r2i1p1f1,2065,07,20,0.0,35.58338,15.694887,2065
18464,r2i1p1f1,2065,07,21,0.0,34.825996,14.994537,2065
18465,r2i1p1f1,2065,07,22,0.0,33.90501,14.281612,2065
18466,r2i1p1f1,2065,07,23,0.0,33.698124,14.442254,2065
18467,r2i1p1f1,2065,07,24,0.0,34.298355,14.150034,2065
18468,r2i1p1f1,2065,07,25,0.0,35.81756,16.08677,2065
18469,r2i1p1f1,2065,07,26,0.0,37.306805,17.022806,2065
18470,r2i1p1f1,2065,07,27,0.0,38.06362,17.075233,2065
18471,r2i1p1f1,2065,07,28,0.0,38.395515,18.440588,2065
18472,r2i1p1f1,2065,07,29,0.0,37.782578,18.331415,2065
18473,r2i1p1f1,2065,07,30,2.194781173784577,33.557236,13.38165,2065
18474,r2i1p1f1,2065,07,31,0.0,33.2152,17.645687,2065
18475,r2i1p1f1,2065,08,01,0.0,35.257412,17.715494,2065
18476,r2i1p1f1,2065,08,02,0.0,36.633945,18.54615,2065
18477,r2i1p1f1,2065,08,03,0.0,37.173874,19.67144,2065
18478,r2i1p1f1,2065,08,04,0.0,37.054676,16.508684,2065
18479,r2i1p1f1,2065,08,05,0.004230909553371021,34.99739,14.422817,2065
18480,r2i1p1f1,2065,08,06,0.0,32.27107,13.652296,2065
18481,r2i1p1f1,2065,08,07,0.0,30.724678,11.858244,2065
18482,r2i1p1f1,2065,08,08,0.023608337505720556,31.028242,13.960795,2065
18483,r2i1p1f1,2065,08,09,0.0,35.12288,17.797132,2065
18484,r2i1p1f1,2065,08,10,0.0,36.229633,16.792006,2065
18485,r2i1p1f1,2065,08,11,0.11589306877795025,33.957073,15.117918,2065
18486,r2i1p1f1,2065,08,12,0.0,33.687065,17.875502,2065
18487,r2i1p1f1,2065,08,13,0.0,34.763077,19.312977,2065
18488,r2i1p1f1,2065,08,14,0.0,35.059456,17.477823,2065
18489,r2i1p1f1,2065,08,15,0.0,35.630802,17.667423,2065
18490,r2i1p1f1,2065,08,16,0.0,36.48389,17.13702,2065
18491,r2i1p1f1,2065,08,17,0.0,36.050117,15.975115,2065
18492,r2i1p1f1,2065,08,18,0.00793972749306704,34.09392,14.941792,2065
18493,r2i1p1f1,2065,08,19,9.288165762484368,24.0701,5.944161,2065
18494,r2i1p1f1,2065,08,20,0.0,29.71735,13.241222,2065
18495,r2i1p1f1,2065,08,21,0.0,32.41397,16.547173,2065
18496,r2i1p1f1,2065,08,22,0.0187674981134478,31.183659,13.910108,2065
18497,r2i1p1f1,2065,08,23,0.0,31.781254,12.729305,2065
18498,r2i1p1f1,2065,08,24,0.0,31.016283,11.625698,2065
18499,r2i1p1f1,2065,08,25,0.0,31.797293,13.004417,2065
18500,r2i1p1f1,2065,08,26,0.0,33.25228,14.301434,2065
18501,r2i1p1f1,2065,08,27,0.0,33.38065,16.279957,2065
18502,r2i1p1f1,2065,08,28,0.0,32.357246,14.35747,2065
18503,r2i1p1f1,2065,08,29,0.0,31.59968,12.6357155,2065
18504,r2i1p1f1,2065,08,30,0.0,29.467495,10.43637,2065
18505,r2i1p1f1,2065,08,31,0.016658998174534645,29.335663,11.019372,2065
18506,r2i1p1f1,2065,09,01,0.0,28.108011,9.77223,2065
18507,r2i1p1f1,2065,09,02,0.0,29.058556,11.155777,2065
18508,r2i1p1f1,2065,09,03,0.0,28.33619,9.892666,2065
18509,r2i1p1f1,2065,09,04,0.0,28.581299,11.865356,2065
18510,r2i1p1f1,2065,09,05,0.0,31.030403,12.505757,2065
18511,r2i1p1f1,2065,09,06,0.0,34.025223,15.605837,2065
18512,r2i1p1f1,2065,09,07,0.0,37.53951,19.067772,2065
18513,r2i1p1f1,2065,09,08,0.0,39.45534,21.172987,2065
18514,r2i1p1f1,2065,09,09,0.0,39.67403,21.277525,2065
18515,r2i1p1f1,2065,09,10,0.2013683466884686,39.09569,20.559925,2065
18516,r2i1p1f1,2065,09,11,0.0,38.889088,20.918808,2065
18517,r2i1p1f1,2065,09,12,0.0,40.74327,22.828234,2065
18518,r2i1p1f1,2065,09,13,0.0,40.269222,22.110292,2065
18519,r2i1p1f1,2065,09,14,0.0,40.80281,22.008572,2065
18520,r2i1p1f1,2065,09,15,0.0,40.107616,20.944582,2065
18521,r2i1p1f1,2065,09,16,0.0,38.89939,20.540123,2065
18522,r2i1p1f1,2065,09,17,0.0,37.779568,19.537294,2065
18523,r2i1p1f1,2065,09,18,0.0,38.789658,20.106358,2065
18524,r2i1p1f1,2065,09,19,0.0,35.977215,17.98,2065
18525,r2i1p1f1,2065,09,20,0.0,32.498642,15.2672,2065
18526,r2i1p1f1,2065,09,21,0.0,28.8648,11.342529,2065
18527,r2i1p1f1,2065,09,22,0.0,28.01738,11.086213,2065
18528,r2i1p1f1,2065,09,23,0.0,28.732462,12.20265,2065
18529,r2i1p1f1,2065,09,24,0.0,29.021162,10.811087,2065
18530,r2i1p1f1,2065,09,25,0.0,27.44841,9.549601,2065
18531,r2i1p1f1,2065,09,26,0.0,27.121984,10.227637,2065
18532,r2i1p1f1,2065,09,27,0.0,26.032455,9.5168295,2065
18533,r2i1p1f1,2065,09,28,0.0,26.335917,11.281267,2065
18534,r2i1p1f1,2065,09,29,0.0,26.051506,11.700369,2065
18535,r2i1p1f1,2065,09,30,0.0,26.69563,10.50613,2065
18536,r2i1p1f1,2065,10,01,0.0,27.170698,10.470962,2065
18537,r2i1p1f1,2065,10,02,0.0,27.424654,10.489369,2065
18538,r2i1p1f1,2065,10,03,0.0,28.479729,13.021301,2065
18539,r2i1p1f1,2065,10,04,0.0,28.576765,9.971965,2065
18540,r2i1p1f1,2065,10,05,0.0,27.03159,10.731168,2065
18541,r2i1p1f1,2065,10,06,0.0,28.822062,12.168116,2065
18542,r2i1p1f1,2065,10,07,0.0,30.892662,13.546746,2065
18543,r2i1p1f1,2065,10,08,0.0,31.43279,12.703066,2065
18544,r2i1p1f1,2065,10,09,0.0,25.670223,8.701211,2065
18545,r2i1p1f1,2065,10,10,0.0,25.009253,8.3923645,2065
18546,r2i1p1f1,2065,10,11,0.0,25.939384,7.861703,2065
18547,r2i1p1f1,2065,10,12,0.0,24.798012,6.509358,2065
18548,r2i1p1f1,2065,10,13,0.0,24.405754,8.443817,2065
18549,r2i1p1f1,2065,10,14,0.0,25.14738,8.32427,2065
18550,r2i1p1f1,2065,10,15,0.0,23.776197,7.6730065,2065
18551,r2i1p1f1,2065,10,16,0.0,23.659811,6.6202493,2065
18552,r2i1p1f1,2065,10,17,0.0,20.979275,7.998893,2065
18553,r2i1p1f1,2065,10,18,0.0,23.657837,7.6881857,2065
18554,r2i1p1f1,2065,10,19,0.0,26.315916,8.592303,2065
18555,r2i1p1f1,2065,10,20,0.0,28.640991,13.254091,2065
18556,r2i1p1f1,2065,10,21,0.22153283362627008,30.10814,15.438359,2065
18557,r2i1p1f1,2065,10,22,0.0,30.469662,16.355295,2065
18558,r2i1p1f1,2065,10,23,0.0,28.798483,12.291342,2065
18559,r2i1p1f1,2065,10,24,0.0,25.983406,7.25236,2065
18560,r2i1p1f1,2065,10,25,3.7268605780127473,19.023338,6.0235457,2065
18561,r2i1p1f1,2065,10,26,0.06766181568309548,15.108758,2.9548862,2065
18562,r2i1p1f1,2065,10,27,0.0,19.0303,4.4262495,2065
18563,r2i1p1f1,2065,10,28,0.0,21.56128,6.935184,2065
18564,r2i1p1f1,2065,10,29,0.0,24.171783,10.366387,2065
18565,r2i1p1f1,2065,10,30,0.0,23.737406,8.457145,2065
18566,r2i1p1f1,2065,10,31,0.0,20.358393,5.2724466,2065
18567,r2i1p1f1,2065,11,01,0.0,23.035107,6.7818813,2065
18568,r2i1p1f1,2065,11,02,0.0,22.508831,8.233619,2065
18569,r2i1p1f1,2065,11,03,0.0,23.843437,8.600441,2065
18570,r2i1p1f1,2065,11,04,0.0,23.897444,8.19516,2065
18571,r2i1p1f1,2065,11,05,0.0,23.358421,8.598053,2065
18572,r2i1p1f1,2065,11,06,0.0,22.791582,9.587679,2065
18573,r2i1p1f1,2065,11,07,0.0,23.63574,8.358363,2065
18574,r2i1p1f1,2065,11,08,0.5355203851991064,20.096962,8.462343,2065
18575,r2i1p1f1,2065,11,09,0.0,24.092815,8.094067,2065
18576,r2i1p1f1,2065,11,10,0.8388733688661887,21.391314,9.729179,2065
18577,r2i1p1f1,2065,11,11,18.935387594137865,17.965555,5.6753464,2065
18578,r2i1p1f1,2065,11,12,33.780131762432575,11.680889,6.871884,2065
18579,r2i1p1f1,2065,11,13,34.240996449807426,10.9389105,6.035171,2065
18580,r2i1p1f1,2065,11,14,0.03562104143384204,16.141624,4.5396075,2065
18581,r2i1p1f1,2065,11,15,0.5129281394054885,16.153381,4.7829456,2065
18582,r2i1p1f1,2065,11,16,7.849813869853506,14.219311,6.169467,2065
18583,r2i1p1f1,2065,11,17,2.6306475689125364,13.422012,3.1651714,2065
18584,r2i1p1f1,2065,11,18,0.0,16.261417,4.774353,2065
18585,r2i1p1f1,2065,11,19,0.0,19.086313,6.54767,2065
18586,r2i1p1f1,2065,11,20,0.0,21.763453,8.948451,2065
18587,r2i1p1f1,2065,11,21,0.0,21.16138,6.2562385,2065
18588,r2i1p1f1,2065,11,22,0.0,20.593958,3.3792152,2065
18589,r2i1p1f1,2065,11,23,0.0,19.479757,4.883271,2065
18590,r2i1p1f1,2065,11,24,0.0,12.354449,6.3047495,2065
18591,r2i1p1f1,2065,11,25,0.28622214286997405,10.95697,4.716692,2065
18592,r2i1p1f1,2065,11,26,0.07361922049256009,15.320705,3.8465636,2065
18593,r2i1p1f1,2065,11,27,0.0,15.696523,1.2413311,2065
18594,r2i1p1f1,2065,11,28,10.780982798678451,15.069933,2.768467,2065
18595,r2i1p1f1,2065,11,29,19.93759942279212,11.557573,4.526717,2065
18596,r2i1p1f1,2065,11,30,52.816827602509875,9.226199,3.7295253,2065
18597,r2i1p1f1,2065,12,01,12.588471057370043,10.809287,4.2183995,2065
18598,r2i1p1f1,2065,12,02,30.10381405665612,11.145563,2.4347606,2065
18599,r2i1p1f1,2065,12,03,0.0,9.015098,-1.7559838,2065
18600,r2i1p1f1,2065,12,04,0.006845171682812179,11.493948,0.123108916,2065
18601,r2i1p1f1,2065,12,05,14.692176187782024,12.202441,3.537369,2065
18602,r2i1p1f1,2065,12,06,0.0,13.8529415,2.168191,2065
18603,r2i1p1f1,2065,12,07,0.0,13.284135,1.1017625,2065
18604,r2i1p1f1,2065,12,08,12.03098049854816,8.99496,3.2802477,2065
18605,r2i1p1f1,2065,12,09,1.4348974475637988,6.3644614,2.4041038,2065
18606,r2i1p1f1,2065,12,10,0.0,11.378537,-0.81211644,2065
18607,r2i1p1f1,2065,12,11,0.0,14.952824,3.4762242,2065
18608,r2i1p1f1,2065,12,12,0.0,16.274828,3.7019103,2065
18609,r2i1p1f1,2065,12,13,3.768406900780974,13.012894,4.095846,2065
18610,r2i1p1f1,2065,12,14,48.84961497009499,10.785388,6.9948673,2065
18611,r2i1p1f1,2065,12,15,0.0,9.230803,-2.588959,2065
18612,r2i1p1f1,2065,12,16,0.0,11.1484,0.08094703,2065
18613,r2i1p1f1,2065,12,17,0.0,9.271566,3.1261942,2065
18614,r2i1p1f1,2065,12,18,0.0,12.772155,2.6579084,2065
18615,r2i1p1f1,2065,12,19,0.0,12.8023,6.528677,2065
18616,r2i1p1f1,2065,12,20,0.0,18.607634,6.3778505,2065
18617,r2i1p1f1,2065,12,21,21.097546434612013,15.351059,8.8251915,2065
18618,r2i1p1f1,2065,12,22,10.251187431276776,12.196064,0.6369197,2065
18619,r2i1p1f1,2065,12,23,0.0,7.8084226,-2.932643,2065
18620,r2i1p1f1,2065,12,24,1.3150482256037321,7.8467245,-2.852479,2065
18621,r2i1p1f1,2065,12,25,6.116254266589749,8.618526,1.2984364,2065
18622,r2i1p1f1,2065,12,26,20.840034551656572,12.217256,6.240366,2065
18623,r2i1p1f1,2065,12,27,12.056403333917842,12.200639,3.2111812,2065
18624,r2i1p1f1,2065,12,28,23.73895092168823,11.685719,6.459521,2065
18625,r2i1p1f1,2065,12,29,4.5109005078245445,11.815861,1.744979,2065
18626,r2i1p1f1,2065,12,30,22.31240423932377,12.334819,3.4825354,2065
18627,r2i1p1f1,2065,12,31,20.762254438886885,12.260704,5.9797463,2065
18628,r2i1p1f1,2066,01,01,49.79511753190309,12.141988,7.0672626,2066
18629,r2i1p1f1,2066,01,02,0.0,12.074918,3.0170925,2066
18630,r2i1p1f1,2066,01,03,0.0,15.605511,5.258662,2066
18631,r2i1p1f1,2066,01,04,0.0,16.87295,7.6047153,2066
18632,r2i1p1f1,2066,01,05,34.97950368473539,16.61326,7.6746044,2066
18633,r2i1p1f1,2066,01,06,6.902514445755514,11.914875,5.427061,2066
18634,r2i1p1f1,2066,01,07,9.397948689365876,11.001331,6.600096,2066
18635,r2i1p1f1,2066,01,08,0.0,14.185603,1.8338648,2066
18636,r2i1p1f1,2066,01,09,0.10390857207198678,14.389672,4.5767856,2066
18637,r2i1p1f1,2066,01,10,4.903953961775187,15.462077,8.78319,2066
18638,r2i1p1f1,2066,01,11,5.835236943232758,14.774998,9.833118,2066
18639,r2i1p1f1,2066,01,12,10.015443440983063,13.23246,8.937252,2066
18640,r2i1p1f1,2066,01,13,0.0,13.651314,1.1245075,2066
18641,r2i1p1f1,2066,01,14,0.0,12.883547,0.5650572,2066
18642,r2i1p1f1,2066,01,15,0.0018655196981853805,14.128909,2.2606037,2066
18643,r2i1p1f1,2066,01,16,0.0,14.357388,4.600627,2066
18644,r2i1p1f1,2066,01,17,0.0,12.102493,6.264484,2066
18645,r2i1p1f1,2066,01,18,0.0,15.038631,4.294614,2066
18646,r2i1p1f1,2066,01,19,0.18861458702303935,16.482122,7.2620697,2066
18647,r2i1p1f1,2066,01,20,0.0,18.90875,5.4566402,2066
18648,r2i1p1f1,2066,01,21,0.0,18.769825,6.3178654,2066
18649,r2i1p1f1,2066,01,22,0.012316608047058253,16.37258,6.882292,2066
18650,r2i1p1f1,2066,01,23,2.3384174768580124,15.389101,5.9007125,2066
18651,r2i1p1f1,2066,01,24,6.111868977994561,9.203945,5.0498886,2066
18652,r2i1p1f1,2066,01,25,30.94767601287458,11.496037,5.9012995,2066
18653,r2i1p1f1,2066,01,26,1.4513594382634665,7.5404053,-5.050185,2066
18654,r2i1p1f1,2066,01,27,0.0,5.8187156,-1.8640323,2066
18655,r2i1p1f1,2066,01,28,0.3978674825930284,6.9025197,1.2875621,2066
18656,r2i1p1f1,2066,01,29,0.0,6.459596,-4.731913,2066
18657,r2i1p1f1,2066,01,30,0.0,8.615361,-0.97737664,2066
18658,r2i1p1f1,2066,01,31,0.0,9.275713,-0.6712873,2066
18659,r2i1p1f1,2066,02,01,0.0,11.047694,-2.492526,2066
18660,r2i1p1f1,2066,02,02,0.0,10.040071,-1.7216034,2066
18661,r2i1p1f1,2066,02,03,30.001067965349648,6.085022,0.608464,2066
18662,r2i1p1f1,2066,02,04,39.94533025070268,9.956364,0.35351154,2066
18663,r2i1p1f1,2066,02,05,14.991356093378272,10.488547,5.782001,2066
18664,r2i1p1f1,2066,02,06,7.899224807761129,10.264371,1.9035037,2066
18665,r2i1p1f1,2066,02,07,0.0,13.661007,0.83353335,2066
18666,r2i1p1f1,2066,02,08,0.0,17.148216,3.948313,2066
18667,r2i1p1f1,2066,02,09,0.0,19.475363,6.927101,2066
18668,r2i1p1f1,2066,02,10,0.0,20.648333,6.5889797,2066
18669,r2i1p1f1,2066,02,11,0.0,20.422594,6.5378904,2066
18670,r2i1p1f1,2066,02,12,0.0,20.367592,6.1019278,2066
18671,r2i1p1f1,2066,02,13,0.0,19.2507,5.661705,2066
18672,r2i1p1f1,2066,02,14,0.0,16.728813,5.144861,2066
18673,r2i1p1f1,2066,02,15,0.0,16.93922,7.139814,2066
18674,r2i1p1f1,2066,02,16,3.2752114516370057,15.33527,6.8007755,2066
18675,r2i1p1f1,2066,02,17,0.0,15.108171,3.206097,2066
18676,r2i1p1f1,2066,02,18,28.15665023663314,13.896676,5.360011,2066
18677,r2i1p1f1,2066,02,19,8.229440129616705,10.925976,-1.06677,2066
18678,r2i1p1f1,2066,02,20,3.498928463818629,9.451916,1.0171618,2066
18679,r2i1p1f1,2066,02,21,9.834443974295937,10.571539,1.335999,2066
18680,r2i1p1f1,2066,02,22,17.956764360872057,9.935063,2.7033956,2066
18681,r2i1p1f1,2066,02,23,0.0,9.735925,-1.0074072,2066
18682,r2i1p1f1,2066,02,24,2.2525990987560363,8.815676,-2.4181476,2066
18683,r2i1p1f1,2066,02,25,21.623524403912597,11.419994,-0.061568312,2066
18684,r2i1p1f1,2066,02,26,0.12684356350973758,14.603729,3.2715824,2066
18685,r2i1p1f1,2066,02,27,7.017001083363539,12.846105,3.9995563,2066
18686,r2i1p1f1,2066,02,28,8.43037825391093,14.764606,3.6775806,2066
18687,r2i1p1f1,2066,03,01,16.0346823247437,14.3783,6.465174,2066
18688,r2i1p1f1,2066,03,02,0.540267183873766,15.676373,3.8377826,2066
18689,r2i1p1f1,2066,03,03,10.969165875394538,15.640407,7.838733,2066
18690,r2i1p1f1,2066,03,04,38.75608850721619,14.816574,0.024129815,2066
18691,r2i1p1f1,2066,03,05,1.778601245189293,7.288465,1.4013666,2066
18692,r2i1p1f1,2066,03,06,0.006905011218805157,13.729457,3.591406,2066
18693,r2i1p1f1,2066,03,07,0.0,18.952522,1.0779101,2066
18694,r2i1p1f1,2066,03,08,0.18336006141908,20.192839,4.4883685,2066
18695,r2i1p1f1,2066,03,09,6.764513910638925,9.322964,5.4942813,2066
18696,r2i1p1f1,2066,03,10,10.206182333490688,10.340828,4.1880875,2066
18697,r2i1p1f1,2066,03,11,0.0,14.5579,0.34827635,2066
18698,r2i1p1f1,2066,03,12,0.0,16.208548,2.234394,2066
18699,r2i1p1f1,2066,03,13,0.0,18.033539,2.025564,2066
18700,r2i1p1f1,2066,03,14,7.3774911574219,15.365675,3.4095898,2066
18701,r2i1p1f1,2066,03,15,14.516437913084701,9.856476,6.5411825,2066
18702,r2i1p1f1,2066,03,16,0.0,13.577667,1.0571,2066
18703,r2i1p1f1,2066,03,17,0.0,17.426626,0.6975375,2066
18704,r2i1p1f1,2066,03,18,9.963910236365336,16.91407,3.0694456,2066
18705,r2i1p1f1,2066,03,19,16.122853802517056,9.429273,0.49335325,2066
18706,r2i1p1f1,2066,03,20,3.176260404711684,5.2728243,-3.0516567,2066
18707,r2i1p1f1,2066,03,21,0.9166097393119799,10.1653385,-1.071952,2066
18708,r2i1p1f1,2066,03,22,10.738885419596045,8.154874,2.608001,2066
18709,r2i1p1f1,2066,03,23,0.0,13.871785,-2.0535207,2066
18710,r2i1p1f1,2066,03,24,0.0,16.84874,0.5230442,2066
18711,r2i1p1f1,2066,03,25,0.0,20.40332,3.9421933,2066
18712,r2i1p1f1,2066,03,26,0.0,20.96657,4.6058464,2066
18713,r2i1p1f1,2066,03,27,0.9975992898148434,18.135725,3.8340428,2066
18714,r2i1p1f1,2066,03,28,0.17187638702580443,15.993179,6.8553934,2066
18715,r2i1p1f1,2066,03,29,0.0,16.22543,3.5627832,2066
18716,r2i1p1f1,2066,03,30,0.0,16.759275,2.179471,2066
18717,r2i1p1f1,2066,03,31,0.0,17.026913,2.8498259,2066
18718,r2i1p1f1,2066,04,01,1.4785902541973428,13.166691,4.030054,2066
18719,r2i1p1f1,2066,04,02,1.343626173865431,12.011965,1.2069912,2066
18720,r2i1p1f1,2066,04,03,0.0,15.7112665,0.5559582,2066
18721,r2i1p1f1,2066,04,04,0.0,17.463919,2.6003973,2066
18722,r2i1p1f1,2066,04,05,0.0,17.758041,4.994288,2066
18723,r2i1p1f1,2066,04,06,0.0,19.085243,4.5514336,2066
18724,r2i1p1f1,2066,04,07,0.0,18.038187,3.862798,2066
18725,r2i1p1f1,2066,04,08,0.0,17.662083,2.1400905,2066
18726,r2i1p1f1,2066,04,09,0.0,17.273472,2.6440272,2066
18727,r2i1p1f1,2066,04,10,2.7940664858647324,13.294803,4.4718466,2066
18728,r2i1p1f1,2066,04,11,0.45115502413182185,13.322878,5.906578,2066
18729,r2i1p1f1,2066,04,12,0.01990482604128374,14.2524605,1.5719588,2066
18730,r2i1p1f1,2066,04,13,7.919475967980816,12.099447,6.9446697,2066
18731,r2i1p1f1,2066,04,14,0.0,15.640533,3.5282593,2066
18732,r2i1p1f1,2066,04,15,0.0,16.380575,2.6433,2066
18733,r2i1p1f1,2066,04,16,0.41183750610116476,19.521788,3.907981,2066
18734,r2i1p1f1,2066,04,17,0.0,25.86822,8.241403,2066
18735,r2i1p1f1,2066,04,18,0.17777636767277727,25.431477,10.600086,2066
18736,r2i1p1f1,2066,04,19,2.043229659705048,20.164976,5.398082,2066
18737,r2i1p1f1,2066,04,20,2.7416410953719605,14.050581,2.172549,2066
18738,r2i1p1f1,2066,04,21,0.0,14.025412,1.0747784,2066
18739,r2i1p1f1,2066,04,22,0.0,14.926234,-0.116654925,2066
18740,r2i1p1f1,2066,04,23,0.0,14.013608,-1.8634682,2066
18741,r2i1p1f1,2066,04,24,6.6135158902625335,12.398039,1.3742038,2066
18742,r2i1p1f1,2066,04,25,58.018161478685215,10.497776,6.2962537,2066
18743,r2i1p1f1,2066,04,26,10.349063662488334,10.981491,3.2290115,2066
18744,r2i1p1f1,2066,04,27,0.009966497600544244,17.912983,1.9629247,2066
18745,r2i1p1f1,2066,04,28,0.012772779894021369,18.475273,2.6515515,2066
18746,r2i1p1f1,2066,04,29,0.41725496402023055,19.19236,5.2576494,2066
18747,r2i1p1f1,2066,04,30,1.8731497635712913,18.448374,4.6057057,2066
18748,r2i1p1f1,2066,05,01,2.0772160042724863,19.541996,5.257362,2066
18749,r2i1p1f1,2066,05,02,2.6457926788680197,19.29409,4.220955,2066
18750,r2i1p1f1,2066,05,03,0.0,20.436216,6.131809,2066
18751,r2i1p1f1,2066,05,04,0.0,20.91177,5.667681,2066
18752,r2i1p1f1,2066,05,05,0.0,22.081703,6.6259546,2066
18753,r2i1p1f1,2066,05,06,0.34639746862694665,19.86183,5.3933506,2066
18754,r2i1p1f1,2066,05,07,0.0,23.23806,7.671997,2066
18755,r2i1p1f1,2066,05,08,3.233355111530045,18.74673,4.3862615,2066
18756,r2i1p1f1,2066,05,09,3.891138202016009,18.993406,5.222458,2066
18757,r2i1p1f1,2066,05,10,0.0,21.047895,8.248123,2066
18758,r2i1p1f1,2066,05,11,0.0,25.468275,8.322639,2066
18759,r2i1p1f1,2066,05,12,0.0,28.91945,12.201862,2066
18760,r2i1p1f1,2066,05,13,0.0,30.108395,14.207189,2066
18761,r2i1p1f1,2066,05,14,0.0,29.869751,13.839601,2066
18762,r2i1p1f1,2066,05,15,0.0,30.191454,14.150074,2066
18763,r2i1p1f1,2066,05,16,0.035966484847449465,31.085777,11.944769,2066
18764,r2i1p1f1,2066,05,17,0.0,28.050655,10.007941,2066
18765,r2i1p1f1,2066,05,18,0.0,24.90757,8.863353,2066
18766,r2i1p1f1,2066,05,19,0.0,26.202415,10.511585,2066
18767,r2i1p1f1,2066,05,20,0.0,27.742632,11.471302,2066
18768,r2i1p1f1,2066,05,21,0.0,28.34568,11.88168,2066
18769,r2i1p1f1,2066,05,22,0.0,29.089417,12.729769,2066
18770,r2i1p1f1,2066,05,23,0.341094760415217,28.042614,10.907896,2066
18771,r2i1p1f1,2066,05,24,0.5488903370860498,26.787844,10.6177635,2066
18772,r2i1p1f1,2066,05,25,0.0,28.239265,12.26047,2066
18773,r2i1p1f1,2066,05,26,0.0,28.61588,12.403678,2066
18774,r2i1p1f1,2066,05,27,0.0,25.681599,8.179971,2066
18775,r2i1p1f1,2066,05,28,0.492126319147701,21.8842,3.9280386,2066
18776,r2i1p1f1,2066,05,29,0.054905649358261144,18.405136,3.6417084,2066
18777,r2i1p1f1,2066,05,30,0.0,21.379738,4.6134315,2066
18778,r2i1p1f1,2066,05,31,0.0,21.44163,6.970381,2066
18779,r2i1p1f1,2066,06,01,0.0,23.091955,6.582491,2066
18780,r2i1p1f1,2066,06,02,0.0,23.494205,7.875123,2066
18781,r2i1p1f1,2066,06,03,0.0,26.179554,8.890038,2066
18782,r2i1p1f1,2066,06,04,0.0,30.503397,12.138015,2066
18783,r2i1p1f1,2066,06,05,0.0,35.96105,18.116768,2066
18784,r2i1p1f1,2066,06,06,0.0,37.02751,18.91627,2066
18785,r2i1p1f1,2066,06,07,0.0,37.496468,19.01111,2066
18786,r2i1p1f1,2066,06,08,0.0,37.16672,16.535295,2066
18787,r2i1p1f1,2066,06,09,0.0,34.754395,13.181926,2066
18788,r2i1p1f1,2066,06,10,0.0,31.035221,13.719552,2066
18789,r2i1p1f1,2066,06,11,0.0,31.781576,14.78123,2066
18790,r2i1p1f1,2066,06,12,0.0,32.146328,11.537037,2066
18791,r2i1p1f1,2066,06,13,0.0,30.313917,10.5760355,2066
18792,r2i1p1f1,2066,06,14,0.0,28.324303,9.371102,2066
18793,r2i1p1f1,2066,06,15,0.0,27.635626,8.418933,2066
18794,r2i1p1f1,2066,06,16,0.0,27.882393,10.101903,2066
18795,r2i1p1f1,2066,06,17,0.0,29.336142,12.810291,2066
18796,r2i1p1f1,2066,06,18,0.0,31.76551,13.403959,2066
18797,r2i1p1f1,2066,06,19,0.0,35.107864,15.353855,2066
18798,r2i1p1f1,2066,06,20,0.0032284267035720404,36.094707,16.391548,2066
18799,r2i1p1f1,2066,06,21,0.8964071006630547,33.525513,12.609074,2066
18800,r2i1p1f1,2066,06,22,0.0,29.981432,13.32956,2066
18801,r2i1p1f1,2066,06,23,0.0,30.065525,13.247164,2066
18802,r2i1p1f1,2066,06,24,0.0,30.949253,13.071075,2066
18803,r2i1p1f1,2066,06,25,0.0,30.214024,12.683323,2066
18804,r2i1p1f1,2066,06,26,0.0,32.0439,13.645498,2066
18805,r2i1p1f1,2066,06,27,0.0,33.70654,15.83747,2066
18806,r2i1p1f1,2066,06,28,0.0,34.712452,14.133649,2066
18807,r2i1p1f1,2066,06,29,0.0,36.694138,16.54255,2066
18808,r2i1p1f1,2066,06,30,0.0,37.96272,19.473595,2066
18809,r2i1p1f1,2066,07,01,0.0,38.3155,20.16378,2066
18810,r2i1p1f1,2066,07,02,0.0,37.88336,20.091082,2066
18811,r2i1p1f1,2066,07,03,0.0,37.40301,19.15903,2066
18812,r2i1p1f1,2066,07,04,0.0,36.094448,18.205317,2066
18813,r2i1p1f1,2066,07,05,0.0,34.83939,16.4487,2066
18814,r2i1p1f1,2066,07,06,0.0,33.040714,13.726664,2066
18815,r2i1p1f1,2066,07,07,0.0,30.548164,9.517942,2066
18816,r2i1p1f1,2066,07,08,0.0,24.958223,5.7412415,2066
18817,r2i1p1f1,2066,07,09,0.0,24.839582,7.1181664,2066
18818,r2i1p1f1,2066,07,10,0.0,27.174713,9.800521,2066
18819,r2i1p1f1,2066,07,11,0.0,29.533806,11.626115,2066
18820,r2i1p1f1,2066,07,12,0.0,30.698229,12.309518,2066
18821,r2i1p1f1,2066,07,13,0.03579309104679851,30.9994,11.60554,2066
18822,r2i1p1f1,2066,07,14,0.0,30.109755,12.763286,2066
18823,r2i1p1f1,2066,07,15,0.0,32.169537,14.529264,2066
18824,r2i1p1f1,2066,07,16,0.0,33.65424,13.922976,2066
18825,r2i1p1f1,2066,07,17,0.0,35.125477,14.38695,2066
18826,r2i1p1f1,2066,07,18,0.0,34.495697,15.722026,2066
18827,r2i1p1f1,2066,07,19,0.0,37.909958,19.93175,2066
18828,r2i1p1f1,2066,07,20,0.0,38.300705,21.215738,2066
18829,r2i1p1f1,2066,07,21,0.0,37.446415,17.19714,2066
18830,r2i1p1f1,2066,07,22,0.0,36.176533,17.698902,2066
18831,r2i1p1f1,2066,07,23,0.0,37.253403,17.55631,2066
18832,r2i1p1f1,2066,07,24,0.0,35.35462,16.878479,2066
18833,r2i1p1f1,2066,07,25,0.0,36.38199,17.464252,2066
18834,r2i1p1f1,2066,07,26,1.2043646173879097,36.396767,16.542765,2066
18835,r2i1p1f1,2066,07,27,0.0,29.051918,12.62849,2066
18836,r2i1p1f1,2066,07,28,0.0,33.643772,19.557528,2066
18837,r2i1p1f1,2066,07,29,0.08463234480586834,33.864918,15.204729,2066
18838,r2i1p1f1,2066,07,30,5.023237644627443,34.69761,14.310429,2066
18839,r2i1p1f1,2066,07,31,0.0,36.3524,18.097801,2066
18840,r2i1p1f1,2066,08,01,0.0,36.913834,20.036394,2066
18841,r2i1p1f1,2066,08,02,0.0,37.295437,19.435232,2066
18842,r2i1p1f1,2066,08,03,0.0452436770501663,36.51838,18.233704,2066
18843,r2i1p1f1,2066,08,04,0.0,35.673283,17.832653,2066
18844,r2i1p1f1,2066,08,05,0.0,33.244453,14.840223,2066
18845,r2i1p1f1,2066,08,06,0.0,34.30983,15.455532,2066
18846,r2i1p1f1,2066,08,07,0.0,36.156914,17.578465,2066
18847,r2i1p1f1,2066,08,08,0.0,36.8084,17.283382,2066
18848,r2i1p1f1,2066,08,09,0.0,38.826797,22.344048,2066
18849,r2i1p1f1,2066,08,10,0.0,39.879864,23.037672,2066
18850,r2i1p1f1,2066,08,11,0.0,42.38077,22.911499,2066
18851,r2i1p1f1,2066,08,12,0.0,41.71459,21.959965,2066
18852,r2i1p1f1,2066,08,13,0.0,39.491226,20.814041,2066
18853,r2i1p1f1,2066,08,14,0.7074497498450683,29.089207,10.259905,2066
18854,r2i1p1f1,2066,08,15,0.2876968938153368,23.277714,8.626997,2066
18855,r2i1p1f1,2066,08,16,0.0,31.35515,14.207361,2066
18856,r2i1p1f1,2066,08,17,0.0,35.37548,17.336405,2066
18857,r2i1p1f1,2066,08,18,0.0,36.014233,18.103737,2066
18858,r2i1p1f1,2066,08,19,0.0,36.99681,19.028606,2066
18859,r2i1p1f1,2066,08,20,0.0,36.874695,19.660437,2066
18860,r2i1p1f1,2066,08,21,0.0,37.75219,21.985468,2066
18861,r2i1p1f1,2066,08,22,0.0,38.71657,21.59798,2066
18862,r2i1p1f1,2066,08,23,0.0,38.832474,18.831406,2066
18863,r2i1p1f1,2066,08,24,0.0,37.77908,19.294138,2066
18864,r2i1p1f1,2066,08,25,0.0,36.27614,18.875685,2066
18865,r2i1p1f1,2066,08,26,0.0,35.60589,17.632828,2066
18866,r2i1p1f1,2066,08,27,0.0,34.06624,17.27016,2066
18867,r2i1p1f1,2066,08,28,0.0,32.75574,16.524397,2066
18868,r2i1p1f1,2066,08,29,0.0,35.212692,18.316555,2066
18869,r2i1p1f1,2066,08,30,0.0,36.406296,18.714485,2066
18870,r2i1p1f1,2066,08,31,0.00804400360721047,36.178833,17.783792,2066
18871,r2i1p1f1,2066,09,01,0.0,35.175774,17.799004,2066
18872,r2i1p1f1,2066,09,02,0.0,34.48964,18.068678,2066
18873,r2i1p1f1,2066,09,03,0.0,35.146782,16.290436,2066
18874,r2i1p1f1,2066,09,04,0.0,36.487152,19.768906,2066
18875,r2i1p1f1,2066,09,05,0.0,36.809986,17.937458,2066
18876,r2i1p1f1,2066,09,06,0.0,37.18924,18.972908,2066
18877,r2i1p1f1,2066,09,07,0.026834125765162753,36.749756,20.837112,2066
18878,r2i1p1f1,2066,09,08,3.8885291553583556,30.760735,14.101561,2066
18879,r2i1p1f1,2066,09,09,0.056094960928021464,30.133732,13.932735,2066
18880,r2i1p1f1,2066,09,10,0.0,32.17456,15.176063,2066
18881,r2i1p1f1,2066,09,11,0.0,33.583637,16.862074,2066
18882,r2i1p1f1,2066,09,12,1.0009657955492912,34.529964,16.801525,2066
18883,r2i1p1f1,2066,09,13,0.0,31.333138,14.044698,2066
18884,r2i1p1f1,2066,09,14,0.0,27.861732,9.415798,2066
18885,r2i1p1f1,2066,09,15,0.0,23.935825,6.1838684,2066
18886,r2i1p1f1,2066,09,16,0.0,26.020563,12.462316,2066
18887,r2i1p1f1,2066,09,17,0.0,31.546635,14.373991,2066
18888,r2i1p1f1,2066,09,18,0.0,32.805695,15.483538,2066
18889,r2i1p1f1,2066,09,19,0.0,33.11566,14.8078375,2066
18890,r2i1p1f1,2066,09,20,0.20514892843266352,31.578745,12.815919,2066
18891,r2i1p1f1,2066,09,21,0.0,28.64685,14.507584,2066
18892,r2i1p1f1,2066,09,22,3.273293829249724,26.759691,10.686333,2066
18893,r2i1p1f1,2066,09,23,0.04264278006758104,25.58416,9.186521,2066
18894,r2i1p1f1,2066,09,24,1.4039478083475387,22.968561,8.326309,2066
18895,r2i1p1f1,2066,09,25,0.44539938438674653,21.036997,9.404456,2066
18896,r2i1p1f1,2066,09,26,6.9830372422075015,16.878542,4.436467,2066
18897,r2i1p1f1,2066,09,27,0.08456997679218148,17.496416,3.794711,2066
18898,r2i1p1f1,2066,09,28,0.0,23.793333,5.5845575,2066
18899,r2i1p1f1,2066,09,29,0.0,24.903286,7.808108,2066
18900,r2i1p1f1,2066,09,30,0.0,24.39151,7.3091145,2066
18901,r2i1p1f1,2066,10,01,0.0,25.65135,10.389982,2066
18902,r2i1p1f1,2066,10,02,0.0,28.902824,11.970757,2066
18903,r2i1p1f1,2066,10,03,0.0,30.955044,13.697875,2066
18904,r2i1p1f1,2066,10,04,0.0,31.261116,15.241448,2066
18905,r2i1p1f1,2066,10,05,0.003684729108499596,26.038975,11.753647,2066
18906,r2i1p1f1,2066,10,06,0.0,24.657297,10.094859,2066
18907,r2i1p1f1,2066,10,07,4.491800043024341,21.640432,6.9595017,2066
18908,r2i1p1f1,2066,10,08,12.51274731534977,18.258411,5.25923,2066
18909,r2i1p1f1,2066,10,09,11.134513759634501,13.993539,5.8584876,2066
18910,r2i1p1f1,2066,10,10,1.1801757789271505,17.130512,6.759132,2066
18911,r2i1p1f1,2066,10,11,0.7753797912982918,18.6595,10.099259,2066
18912,r2i1p1f1,2066,10,12,0.0,22.871859,7.8935156,2066
18913,r2i1p1f1,2066,10,13,0.0,24.320492,10.246008,2066
18914,r2i1p1f1,2066,10,14,0.0,24.85107,9.596527,2066
18915,r2i1p1f1,2066,10,15,0.0,25.418602,9.1027,2066
18916,r2i1p1f1,2066,10,16,0.0,25.337564,8.054779,2066
18917,r2i1p1f1,2066,10,17,0.0,25.420494,9.520307,2066
18918,r2i1p1f1,2066,10,18,0.0,26.594519,8.964256,2066
18919,r2i1p1f1,2066,10,19,0.0,27.314678,11.686094,2066
18920,r2i1p1f1,2066,10,20,0.0,27.029963,9.095313,2066
18921,r2i1p1f1,2066,10,21,13.627698060241755,18.007036,3.942693,2066
18922,r2i1p1f1,2066,10,22,2.45713961257934,11.490302,1.224147,2066
18923,r2i1p1f1,2066,10,23,0.0,15.872608,0.01018646,2066
18924,r2i1p1f1,2066,10,24,0.0,19.974579,4.542593,2066
18925,r2i1p1f1,2066,10,25,0.0,22.077478,7.3235245,2066
18926,r2i1p1f1,2066,10,26,0.0,23.554272,9.2520075,2066
18927,r2i1p1f1,2066,10,27,0.0,24.694723,10.224838,2066
18928,r2i1p1f1,2066,10,28,0.0,26.189566,11.180999,2066
18929,r2i1p1f1,2066,10,29,0.0,26.298944,10.214456,2066
18930,r2i1p1f1,2066,10,30,0.0,23.608837,7.134844,2066
18931,r2i1p1f1,2066,10,31,0.0,16.732454,2.3901768,2066
18932,r2i1p1f1,2066,11,01,0.0,17.494501,1.9370217,2066
18933,r2i1p1f1,2066,11,02,0.0,14.876821,1.0148731,2066
18934,r2i1p1f1,2066,11,03,0.0,18.21147,2.9944808,2066
18935,r2i1p1f1,2066,11,04,3.245271693469931,17.443382,6.290276,2066
18936,r2i1p1f1,2066,11,05,0.0,20.731318,7.3358746,2066
18937,r2i1p1f1,2066,11,06,0.9191053096628821,19.515284,4.845494,2066
18938,r2i1p1f1,2066,11,07,0.0,14.777012,5.331311,2066
18939,r2i1p1f1,2066,11,08,0.0,19.09354,4.209008,2066
18940,r2i1p1f1,2066,11,09,0.0,23.038603,6.439404,2066
18941,r2i1p1f1,2066,11,10,0.0,23.792084,10.401199,2066
18942,r2i1p1f1,2066,11,11,0.0,23.949408,8.31293,2066
18943,r2i1p1f1,2066,11,12,0.0,20.57664,9.273708,2066
18944,r2i1p1f1,2066,11,13,0.0,18.53976,3.3528757,2066
18945,r2i1p1f1,2066,11,14,1.0959617447042547,14.27499,0.79819375,2066
18946,r2i1p1f1,2066,11,15,0.656198733062574,14.5686455,6.0303345,2066
18947,r2i1p1f1,2066,11,16,27.84079225966707,14.107124,4.4831223,2066
18948,r2i1p1f1,2066,11,17,27.851124748485745,10.092372,3.5841517,2066
18949,r2i1p1f1,2066,11,18,35.311405237735016,8.040531,2.5629714,2066
18950,r2i1p1f1,2066,11,19,22.04368028578756,8.059809,0.37873062,2066
18951,r2i1p1f1,2066,11,20,66.14776447968325,7.733962,0.8470867,2066
18952,r2i1p1f1,2066,11,21,22.472631197979354,8.2368965,1.508539,2066
18953,r2i1p1f1,2066,11,22,16.548465241703525,6.9742374,1.2262342,2066
18954,r2i1p1f1,2066,11,23,0.0,10.462482,-2.9294238,2066
18955,r2i1p1f1,2066,11,24,0.0,14.176207,1.6072993,2066
18956,r2i1p1f1,2066,11,25,0.0,15.122053,4.9151087,2066
18957,r2i1p1f1,2066,11,26,0.0,15.564285,4.9174366,2066
18958,r2i1p1f1,2066,11,27,0.0,16.431225,5.020601,2066
18959,r2i1p1f1,2066,11,28,0.0,16.480549,3.9510596,2066
18960,r2i1p1f1,2066,11,29,0.0,15.668728,5.1184754,2066
18961,r2i1p1f1,2066,11,30,0.013893823188482202,14.564388,4.6437063,2066
18962,r2i1p1f1,2066,12,01,0.0,11.262147,0.2943785,2066
18963,r2i1p1f1,2066,12,02,0.0,12.495149,0.803497,2066
18964,r2i1p1f1,2066,12,03,0.0,13.503419,0.83575255,2066
18965,r2i1p1f1,2066,12,04,0.30709498246324074,9.279429,0.7763833,2066
18966,r2i1p1f1,2066,12,05,17.658631709309702,10.279947,4.3782606,2066
18967,r2i1p1f1,2066,12,06,0.8994549636213378,14.653706,3.8950572,2066
18968,r2i1p1f1,2066,12,07,0.0,15.842924,4.1702228,2066
18969,r2i1p1f1,2066,12,08,0.0,15.037584,4.423581,2066
18970,r2i1p1f1,2066,12,09,0.0,13.432899,2.5707603,2066
18971,r2i1p1f1,2066,12,10,0.0,12.809341,1.9573419,2066
18972,r2i1p1f1,2066,12,11,0.7896592535530544,11.121156,0.72223806,2066
18973,r2i1p1f1,2066,12,12,0.0,11.7405615,-0.3653867,2066
18974,r2i1p1f1,2066,12,13,0.0,12.328846,0.45746237,2066
18975,r2i1p1f1,2066,12,14,0.031154170119407354,12.743934,1.9965494,2066
18976,r2i1p1f1,2066,12,15,0.0,15.081331,3.7719264,2066
18977,r2i1p1f1,2066,12,16,0.0,17.133556,3.912195,2066
18978,r2i1p1f1,2066,12,17,0.0,16.728294,4.1461377,2066
18979,r2i1p1f1,2066,12,18,17.64345829733429,11.412079,4.99129,2066
18980,r2i1p1f1,2066,12,19,18.347042936750313,12.360858,5.9316072,2066
18981,r2i1p1f1,2066,12,20,37.14243981848995,12.905804,7.548282,2066
18982,r2i1p1f1,2066,12,21,28.956989752987283,13.304287,7.196942,2066
18983,r2i1p1f1,2066,12,22,0.13144768350912273,12.330868,4.052859,2066
18984,r2i1p1f1,2066,12,23,0.0,13.512425,1.1577337,2066
18985,r2i1p1f1,2066,12,24,0.23436187716470158,12.225657,3.0616121,2066
18986,r2i1p1f1,2066,12,25,2.573054132682273,13.803178,5.0781693,2066
18987,r2i1p1f1,2066,12,26,5.370797969749219,13.840344,6.331581,2066
18988,r2i1p1f1,2066,12,27,0.8856674419519095,13.790194,7.403434,2066
18989,r2i1p1f1,2066,12,28,4.415993345435254,13.588827,6.8197293,2066
18990,r2i1p1f1,2066,12,29,71.83043471595738,14.939263,9.215487,2066
18991,r2i1p1f1,2066,12,30,51.76063321705442,15.350867,5.185862,2066
18992,r2i1p1f1,2066,12,31,0.009609833023205283,8.532053,-3.0619857,2066
18993,r2i1p1f1,2067,01,01,0.0,6.107976,-6.5468206,2067
18994,r2i1p1f1,2067,01,02,1.1450411994701426,6.3572216,0.49193907,2067
18995,r2i1p1f1,2067,01,03,83.30294867337216,8.821591,-1.1531681,2067
18996,r2i1p1f1,2067,01,04,28.503685965188197,10.72498,1.3412073,2067
18997,r2i1p1f1,2067,01,05,0.060788831069658045,9.423369,-1.0597136,2067
18998,r2i1p1f1,2067,01,06,0.0,10.6230955,-0.7205294,2067
18999,r2i1p1f1,2067,01,07,0.0,11.7672205,-0.06442669,2067
19000,r2i1p1f1,2067,01,08,0.0,12.936068,2.1724615,2067
19001,r2i1p1f1,2067,01,09,0.0,15.409829,3.3164625,2067
19002,r2i1p1f1,2067,01,10,0.0,15.409239,5.8139305,2067
19003,r2i1p1f1,2067,01,11,0.0,16.69272,4.8664923,2067
19004,r2i1p1f1,2067,01,12,0.0,17.749668,3.7072792,2067
19005,r2i1p1f1,2067,01,13,0.0,14.14848,2.4038706,2067
19006,r2i1p1f1,2067,01,14,0.0,14.258597,3.1303587,2067
19007,r2i1p1f1,2067,01,15,0.0,17.019209,4.4156013,2067
19008,r2i1p1f1,2067,01,16,0.0,18.500805,6.4316382,2067
19009,r2i1p1f1,2067,01,17,0.0,19.382145,6.2199717,2067
19010,r2i1p1f1,2067,01,18,0.0,18.58548,5.416856,2067
19011,r2i1p1f1,2067,01,19,0.0,18.892864,5.5550447,2067
19012,r2i1p1f1,2067,01,20,0.0,18.984905,5.976236,2067
19013,r2i1p1f1,2067,01,21,0.0,19.379576,6.174888,2067
19014,r2i1p1f1,2067,01,22,0.0,19.193785,6.5109134,2067
19015,r2i1p1f1,2067,01,23,0.0,18.961014,6.0613756,2067
19016,r2i1p1f1,2067,01,24,0.0,19.291655,7.3527,2067
19017,r2i1p1f1,2067,01,25,0.0,20.05742,6.2526417,2067
19018,r2i1p1f1,2067,01,26,0.0,20.398947,6.3194804,2067
19019,r2i1p1f1,2067,01,27,0.0,19.305687,7.094489,2067
19020,r2i1p1f1,2067,01,28,0.0,19.365875,7.287676,2067
19021,r2i1p1f1,2067,01,29,0.0,19.210638,7.1361184,2067
19022,r2i1p1f1,2067,01,30,2.2486748429088266,16.656054,7.8698273,2067
19023,r2i1p1f1,2067,01,31,2.3594612719421093,14.4998,7.3671765,2067
19024,r2i1p1f1,2067,02,01,0.08273100925180188,17.544891,4.9844427,2067
19025,r2i1p1f1,2067,02,02,0.0,17.673025,3.6635768,2067
19026,r2i1p1f1,2067,02,03,0.0,17.410875,6.6734147,2067
19027,r2i1p1f1,2067,02,04,0.0,15.7396,2.3433409,2067
19028,r2i1p1f1,2067,02,05,14.498906650260324,12.255204,4.3358903,2067
19029,r2i1p1f1,2067,02,06,0.0,13.929221,3.083429,2067
19030,r2i1p1f1,2067,02,07,0.0,15.649643,1.9368608,2067
19031,r2i1p1f1,2067,02,08,0.6275255322350404,14.054978,5.8041286,2067
19032,r2i1p1f1,2067,02,09,11.750409918931837,16.55479,7.913453,2067
19033,r2i1p1f1,2067,02,10,11.765439826115198,15.984319,6.951964,2067
19034,r2i1p1f1,2067,02,11,0.4389979478219175,9.966611,-0.089335546,2067
19035,r2i1p1f1,2067,02,12,0.0,15.210293,-0.14691179,2067
19036,r2i1p1f1,2067,02,13,0.0,14.516835,3.2659872,2067
19037,r2i1p1f1,2067,02,14,4.479598114494365,11.561863,6.2302437,2067
19038,r2i1p1f1,2067,02,15,1.5393901734171322,16.039017,5.4233465,2067
19039,r2i1p1f1,2067,02,16,0.0,18.08419,3.3204226,2067
19040,r2i1p1f1,2067,02,17,0.0,17.47167,3.6795583,2067
19041,r2i1p1f1,2067,02,18,0.0,17.690123,4.1043496,2067
19042,r2i1p1f1,2067,02,19,0.0,19.183533,5.1905003,2067
19043,r2i1p1f1,2067,02,20,0.13068272810983217,15.819212,5.5433207,2067
19044,r2i1p1f1,2067,02,21,0.0,12.188071,-0.8838086,2067
19045,r2i1p1f1,2067,02,22,0.0,12.451548,-2.1564577,2067
19046,r2i1p1f1,2067,02,23,0.0,10.323591,-3.6590903,2067
19047,r2i1p1f1,2067,02,24,0.0,6.3102293,-4.0425925,2067
19048,r2i1p1f1,2067,02,25,0.0,6.3556385,-1.7998072,2067
19049,r2i1p1f1,2067,02,26,0.0,6.8909063,-5.5119,2067
19050,r2i1p1f1,2067,02,27,0.0,10.070314,-3.6259112,2067
19051,r2i1p1f1,2067,02,28,0.05580906767761462,10.465225,-2.193807,2067
19052,r2i1p1f1,2067,03,01,28.936891530065623,7.820148,-0.65501,2067
19053,r2i1p1f1,2067,03,02,25.985861596564064,7.487271,-3.5986862,2067
19054,r2i1p1f1,2067,03,03,3.7731984762672255,5.1705327,-2.2485797,2067
19055,r2i1p1f1,2067,03,04,0.0,10.452915,-0.6853626,2067
19056,r2i1p1f1,2067,03,05,0.46646529021927563,11.125622,0.9750712,2067
19057,r2i1p1f1,2067,03,06,0.0,15.558602,0.29381976,2067
19058,r2i1p1f1,2067,03,07,0.0,17.831892,2.517695,2067
19059,r2i1p1f1,2067,03,08,0.0,22.134645,4.5724335,2067
19060,r2i1p1f1,2067,03,09,0.0,23.126324,6.545189,2067
19061,r2i1p1f1,2067,03,10,0.0,22.426065,7.543796,2067
19062,r2i1p1f1,2067,03,11,0.0701296228726278,22.271128,8.014285,2067
19063,r2i1p1f1,2067,03,12,0.14691078140458558,23.257833,7.94727,2067
19064,r2i1p1f1,2067,03,13,0.0,25.833393,8.546409,2067
19065,r2i1p1f1,2067,03,14,0.0,24.912727,10.241921,2067
19066,r2i1p1f1,2067,03,15,1.5572950677096742,19.885824,6.055557,2067
19067,r2i1p1f1,2067,03,16,23.41519809288002,13.112063,8.963482,2067
19068,r2i1p1f1,2067,03,17,2.7424160756822857,12.053135,-2.3634398,2067
19069,r2i1p1f1,2067,03,18,9.734557156161827,8.351859,2.7697594,2067
19070,r2i1p1f1,2067,03,19,2.7841718647039215,9.1661,-0.0050349766,2067
19071,r2i1p1f1,2067,03,20,0.5875896578004358,12.668735,1.187598,2067
19072,r2i1p1f1,2067,03,21,0.0,15.264916,4.647408,2067
19073,r2i1p1f1,2067,03,22,0.0,16.91193,5.0168886,2067
19074,r2i1p1f1,2067,03,23,0.0,16.758677,2.9323807,2067
19075,r2i1p1f1,2067,03,24,0.0,18.724041,4.173254,2067
19076,r2i1p1f1,2067,03,25,0.0,22.629417,6.444403,2067
19077,r2i1p1f1,2067,03,26,0.0,22.989357,7.667136,2067
19078,r2i1p1f1,2067,03,27,0.0,22.086172,7.515997,2067
19079,r2i1p1f1,2067,03,28,3.249001072890678,14.826745,3.5645986,2067
19080,r2i1p1f1,2067,03,29,0.0,13.077676,2.3031273,2067
19081,r2i1p1f1,2067,03,30,0.0,11.938153,0.48825037,2067
19082,r2i1p1f1,2067,03,31,0.0,16.952084,-0.022433758,2067
19083,r2i1p1f1,2067,04,01,0.0,19.708143,3.6856782,2067
19084,r2i1p1f1,2067,04,02,0.0,24.471367,8.021821,2067
19085,r2i1p1f1,2067,04,03,0.0,27.34796,10.747364,2067
19086,r2i1p1f1,2067,04,04,0.0,26.882679,10.674468,2067
19087,r2i1p1f1,2067,04,05,0.0,26.445923,10.210508,2067
19088,r2i1p1f1,2067,04,06,0.0,27.52563,11.174183,2067
19089,r2i1p1f1,2067,04,07,0.006871177538414486,30.809103,13.885814,2067
19090,r2i1p1f1,2067,04,08,0.0,31.163574,13.10524,2067
19091,r2i1p1f1,2067,04,09,0.577566716151523,25.392235,6.5130377,2067
19092,r2i1p1f1,2067,04,10,0.6333668176296214,13.280925,3.1563601,2067
19093,r2i1p1f1,2067,04,11,0.6005081414059532,13.210924,3.924652,2067
19094,r2i1p1f1,2067,04,12,0.0,14.992964,-0.6774119,2067
19095,r2i1p1f1,2067,04,13,3.8438719673649757,13.595921,2.6836455,2067
19096,r2i1p1f1,2067,04,14,8.459401343907302,13.545368,1.5376123,2067
19097,r2i1p1f1,2067,04,15,30.10241181254969,13.068167,7.1474643,2067
19098,r2i1p1f1,2067,04,16,5.8724314319078985,15.719993,2.3760214,2067
19099,r2i1p1f1,2067,04,17,0.0,18.93929,2.8314815,2067
19100,r2i1p1f1,2067,04,18,0.0,20.076092,6.114344,2067
19101,r2i1p1f1,2067,04,19,0.03571036149878637,19.448336,6.05088,2067
19102,r2i1p1f1,2067,04,20,1.1437393224468906,17.27567,3.2607424,2067
19103,r2i1p1f1,2067,04,21,0.03978289622637021,17.789007,3.4204812,2067
19104,r2i1p1f1,2067,04,22,23.710298004516517,14.063236,5.700055,2067
19105,r2i1p1f1,2067,04,23,33.849211210872454,13.404189,5.314656,2067
19106,r2i1p1f1,2067,04,24,1.2158067542259232,18.357777,1.7365979,2067
19107,r2i1p1f1,2067,04,25,0.005666491779265925,21.136375,4.924308,2067
19108,r2i1p1f1,2067,04,26,0.5051302758602105,20.474379,7.200303,2067
19109,r2i1p1f1,2067,04,27,1.8426845918270374,18.347456,4.260761,2067
19110,r2i1p1f1,2067,04,28,4.861710534714803,18.065237,5.726932,2067
19111,r2i1p1f1,2067,04,29,3.701484717794301,16.126461,7.476449,2067
19112,r2i1p1f1,2067,04,30,5.437274751511723,18.57449,4.5850472,2067
19113,r2i1p1f1,2067,05,01,0.0,22.144333,6.0886745,2067
19114,r2i1p1f1,2067,05,02,0.0,25.340918,8.924023,2067
19115,r2i1p1f1,2067,05,03,0.0,25.111143,9.237576,2067
19116,r2i1p1f1,2067,05,04,0.0,23.858454,8.174313,2067
19117,r2i1p1f1,2067,05,05,0.032035862841439666,22.844105,6.529726,2067
19118,r2i1p1f1,2067,05,06,0.0,25.142166,10.180718,2067
19119,r2i1p1f1,2067,05,07,0.0,28.112038,12.133862,2067
19120,r2i1p1f1,2067,05,08,0.0,28.67446,10.7926445,2067
19121,r2i1p1f1,2067,05,09,0.0,26.572308,9.290905,2067
19122,r2i1p1f1,2067,05,10,0.0,25.840414,11.031687,2067
19123,r2i1p1f1,2067,05,11,0.0,26.27107,9.588497,2067
19124,r2i1p1f1,2067,05,12,0.0,25.592672,7.806175,2067
19125,r2i1p1f1,2067,05,13,0.0,20.934727,4.1667857,2067
19126,r2i1p1f1,2067,05,14,0.0,21.676756,5.66866,2067
19127,r2i1p1f1,2067,05,15,0.0,22.832134,6.5193563,2067
19128,r2i1p1f1,2067,05,16,0.0,24.20512,8.0524435,2067
19129,r2i1p1f1,2067,05,17,0.0,27.364729,9.638359,2067
19130,r2i1p1f1,2067,05,18,0.0,28.322926,10.324888,2067
19131,r2i1p1f1,2067,05,19,0.0,28.957272,10.106274,2067
19132,r2i1p1f1,2067,05,20,0.04297635914554121,27.699215,9.914777,2067
19133,r2i1p1f1,2067,05,21,0.7811620692336874,19.534044,4.1658096,2067
19134,r2i1p1f1,2067,05,22,0.0730909792764578,22.08655,6.10763,2067
19135,r2i1p1f1,2067,05,23,0.44543878044009944,24.780073,7.7323117,2067
19136,r2i1p1f1,2067,05,24,0.0,29.425344,12.778239,2067
19137,r2i1p1f1,2067,05,25,0.0,27.878304,10.803711,2067
19138,r2i1p1f1,2067,05,26,8.598481892158816,19.73947,4.4749317,2067
19139,r2i1p1f1,2067,05,27,0.0,24.370794,9.135616,2067
19140,r2i1p1f1,2067,05,28,0.0,27.464745,10.985264,2067
19141,r2i1p1f1,2067,05,29,0.0,31.627285,14.250425,2067
19142,r2i1p1f1,2067,05,30,0.0,32.55041,17.313183,2067
19143,r2i1p1f1,2067,05,31,0.0,33.224876,17.1185,2067
19144,r2i1p1f1,2067,06,01,0.0,34.13289,15.695726,2067
19145,r2i1p1f1,2067,06,02,0.0,33.75781,14.854436,2067
19146,r2i1p1f1,2067,06,03,0.0,31.329416,11.850063,2067
19147,r2i1p1f1,2067,06,04,0.03507548935886007,27.75951,12.339517,2067
19148,r2i1p1f1,2067,06,05,0.0,31.50825,14.504412,2067
19149,r2i1p1f1,2067,06,06,0.0,35.205883,18.509254,2067
19150,r2i1p1f1,2067,06,07,0.0,35.75084,18.622677,2067
19151,r2i1p1f1,2067,06,08,0.0,35.151333,18.436434,2067
19152,r2i1p1f1,2067,06,09,0.0,33.832973,15.832957,2067
19153,r2i1p1f1,2067,06,10,0.0,30.849007,13.672182,2067
19154,r2i1p1f1,2067,06,11,0.0,30.67515,13.398849,2067
19155,r2i1p1f1,2067,06,12,0.0,31.181797,14.700006,2067
19156,r2i1p1f1,2067,06,13,0.0,31.859978,14.3668785,2067
19157,r2i1p1f1,2067,06,14,0.0,31.355469,13.756804,2067
19158,r2i1p1f1,2067,06,15,0.0,31.122118,14.587643,2067
19159,r2i1p1f1,2067,06,16,0.0,33.012173,16.598854,2067
19160,r2i1p1f1,2067,06,17,0.0,33.991936,16.881943,2067
19161,r2i1p1f1,2067,06,18,0.0,33.179905,14.975311,2067
19162,r2i1p1f1,2067,06,19,0.0,32.27011,12.555407,2067
19163,r2i1p1f1,2067,06,20,0.0,29.856178,10.94539,2067
19164,r2i1p1f1,2067,06,21,0.0,27.254416,11.335495,2067
19165,r2i1p1f1,2067,06,22,0.0,29.354471,12.573598,2067
19166,r2i1p1f1,2067,06,23,0.0,32.984432,14.556523,2067
19167,r2i1p1f1,2067,06,24,0.0,34.160175,13.965618,2067
19168,r2i1p1f1,2067,06,25,0.0,33.686596,14.48694,2067
19169,r2i1p1f1,2067,06,26,0.0,32.00358,15.568653,2067
19170,r2i1p1f1,2067,06,27,0.0,33.300186,14.935557,2067
19171,r2i1p1f1,2067,06,28,0.0,34.062893,14.084137,2067
19172,r2i1p1f1,2067,06,29,0.0,31.061584,14.41226,2067
19173,r2i1p1f1,2067,06,30,0.0,31.809074,13.735442,2067
19174,r2i1p1f1,2067,07,01,0.0,31.721497,12.610341,2067
19175,r2i1p1f1,2067,07,02,0.0,31.015442,12.953244,2067
19176,r2i1p1f1,2067,07,03,0.0,33.14812,14.470939,2067
19177,r2i1p1f1,2067,07,04,0.0,33.606865,14.173998,2067
19178,r2i1p1f1,2067,07,05,0.0,35.056145,17.36046,2067
19179,r2i1p1f1,2067,07,06,0.0,36.842003,17.27692,2067
19180,r2i1p1f1,2067,07,07,0.0,36.537895,20.736168,2067
19181,r2i1p1f1,2067,07,08,0.0,35.251823,17.828148,2067
19182,r2i1p1f1,2067,07,09,0.00827562325866893,38.941704,23.277973,2067
19183,r2i1p1f1,2067,07,10,0.0,39.178177,18.694143,2067
19184,r2i1p1f1,2067,07,11,0.0,37.071114,17.186394,2067
19185,r2i1p1f1,2067,07,12,0.42948687043917744,27.396574,10.407557,2067
19186,r2i1p1f1,2067,07,13,0.0,28.782797,15.741282,2067
19187,r2i1p1f1,2067,07,14,0.9959849698901735,23.018255,5.668275,2067
19188,r2i1p1f1,2067,07,15,0.9116221883232356,20.827118,9.605591,2067
19189,r2i1p1f1,2067,07,16,0.0,28.426493,14.096584,2067
19190,r2i1p1f1,2067,07,17,0.0,32.519253,14.323851,2067
19191,r2i1p1f1,2067,07,18,0.6004988385029719,32.851967,15.606389,2067
19192,r2i1p1f1,2067,07,19,0.036773566625925014,34.15593,17.994406,2067
19193,r2i1p1f1,2067,07,20,4.624129264013277,31.893349,12.756366,2067
19194,r2i1p1f1,2067,07,21,0.030945296202844474,33.029274,16.018717,2067
19195,r2i1p1f1,2067,07,22,0.10219269033768796,32.902363,15.765906,2067
19196,r2i1p1f1,2067,07,23,0.012469281978155777,33.24952,13.620936,2067
19197,r2i1p1f1,2067,07,24,0.30079827231475065,30.000359,12.448652,2067
19198,r2i1p1f1,2067,07,25,0.0,34.750156,18.076704,2067
19199,r2i1p1f1,2067,07,26,0.5816534303846765,35.577835,18.112257,2067
19200,r2i1p1f1,2067,07,27,0.0,37.456806,19.52288,2067
19201,r2i1p1f1,2067,07,28,0.0,38.596127,20.456585,2067
19202,r2i1p1f1,2067,07,29,0.010327771815354936,39.598255,25.712517,2067
19203,r2i1p1f1,2067,07,30,0.0,40.23075,21.317516,2067
19204,r2i1p1f1,2067,07,31,0.0,37.743744,19.565369,2067
19205,r2i1p1f1,2067,08,01,0.0,37.377735,19.982716,2067
19206,r2i1p1f1,2067,08,02,0.0,38.39836,21.366547,2067
19207,r2i1p1f1,2067,08,03,0.0,36.723156,17.825737,2067
19208,r2i1p1f1,2067,08,04,0.0,33.75534,13.393047,2067
19209,r2i1p1f1,2067,08,05,0.0,32.885273,13.081953,2067
19210,r2i1p1f1,2067,08,06,0.1464927945562522,30.077532,12.916623,2067
19211,r2i1p1f1,2067,08,07,0.0,32.65189,14.8814,2067
19212,r2i1p1f1,2067,08,08,0.0,36.881554,19.833164,2067
19213,r2i1p1f1,2067,08,09,0.0,37.78416,20.696358,2067
19214,r2i1p1f1,2067,08,10,0.0,39.46639,23.407518,2067
19215,r2i1p1f1,2067,08,11,0.0,40.30073,24.918669,2067
19216,r2i1p1f1,2067,08,12,0.0,40.315617,24.625984,2067
19217,r2i1p1f1,2067,08,13,0.0,40.776245,21.93029,2067
19218,r2i1p1f1,2067,08,14,0.0,39.425865,19.647697,2067
19219,r2i1p1f1,2067,08,15,0.0,37.81278,17.73115,2067
19220,r2i1p1f1,2067,08,16,0.0,36.703247,16.729982,2067
19221,r2i1p1f1,2067,08,17,0.0,37.217594,20.386406,2067
19222,r2i1p1f1,2067,08,18,1.0532438878044559,36.229683,17.111586,2067
19223,r2i1p1f1,2067,08,19,0.0,35.1728,17.505157,2067
19224,r2i1p1f1,2067,08,20,0.0,35.217575,17.986671,2067
19225,r2i1p1f1,2067,08,21,0.0,34.679028,15.590356,2067
19226,r2i1p1f1,2067,08,22,0.0,31.160753,12.217993,2067
19227,r2i1p1f1,2067,08,23,0.0,27.8848,9.911153,2067
19228,r2i1p1f1,2067,08,24,0.0,27.776072,9.952224,2067
19229,r2i1p1f1,2067,08,25,0.0,28.27931,10.183805,2067
19230,r2i1p1f1,2067,08,26,0.0,28.26562,9.878405,2067
19231,r2i1p1f1,2067,08,27,0.0,31.148842,12.240963,2067
19232,r2i1p1f1,2067,08,28,0.0,33.394516,15.523388,2067
19233,r2i1p1f1,2067,08,29,0.0,34.65093,17.00976,2067
19234,r2i1p1f1,2067,08,30,0.0,34.590378,17.079365,2067
19235,r2i1p1f1,2067,08,31,0.0,34.652233,16.909462,2067
19236,r2i1p1f1,2067,09,01,0.0,33.03714,16.586681,2067
19237,r2i1p1f1,2067,09,02,0.0,30.13715,12.121819,2067
19238,r2i1p1f1,2067,09,03,0.0,29.036886,11.20331,2067
19239,r2i1p1f1,2067,09,04,0.0,26.850868,8.693327,2067
19240,r2i1p1f1,2067,09,05,0.0,26.361391,8.393029,2067
19241,r2i1p1f1,2067,09,06,0.0,27.58586,9.444149,2067
19242,r2i1p1f1,2067,09,07,0.0,28.575785,11.172831,2067
19243,r2i1p1f1,2067,09,08,0.0,31.244804,14.218906,2067
19244,r2i1p1f1,2067,09,09,0.0,34.979992,19.173607,2067
19245,r2i1p1f1,2067,09,10,0.0007412338391077355,38.008373,22.864874,2067
19246,r2i1p1f1,2067,09,11,0.00604233118792763,38.661575,23.576565,2067
19247,r2i1p1f1,2067,09,12,0.12715164152723446,37.514114,19.97757,2067
19248,r2i1p1f1,2067,09,13,0.0,35.799847,17.032118,2067
19249,r2i1p1f1,2067,09,14,0.0,32.451065,13.518742,2067
19250,r2i1p1f1,2067,09,15,0.0,30.903578,12.040301,2067
19251,r2i1p1f1,2067,09,16,0.0,29.72743,11.627247,2067
19252,r2i1p1f1,2067,09,17,0.0,29.1812,11.499812,2067
19253,r2i1p1f1,2067,09,18,0.0,31.113129,12.899262,2067
19254,r2i1p1f1,2067,09,19,0.0,32.77048,15.56488,2067
19255,r2i1p1f1,2067,09,20,0.0,34.610672,17.333742,2067
19256,r2i1p1f1,2067,09,21,0.0,35.240566,16.727789,2067
19257,r2i1p1f1,2067,09,22,0.07858138205847354,33.531914,15.483852,2067
19258,r2i1p1f1,2067,09,23,5.991172012727475,32.46399,14.8314495,2067
19259,r2i1p1f1,2067,09,24,0.0,30.717377,16.239492,2067
19260,r2i1p1f1,2067,09,25,0.0,30.233429,15.569936,2067
19261,r2i1p1f1,2067,09,26,0.15834079644037047,30.061272,15.740284,2067
19262,r2i1p1f1,2067,09,27,0.0,29.455435,13.402512,2067
19263,r2i1p1f1,2067,09,28,0.0,31.85555,15.123622,2067
19264,r2i1p1f1,2067,09,29,0.0,33.27797,16.406353,2067
19265,r2i1p1f1,2067,09,30,0.0,34.90176,18.625423,2067
19266,r2i1p1f1,2067,10,01,0.0,34.692062,17.023825,2067
19267,r2i1p1f1,2067,10,02,0.0,35.226498,17.663204,2067
19268,r2i1p1f1,2067,10,03,0.006122797185525997,34.199203,16.363937,2067
19269,r2i1p1f1,2067,10,04,0.1600209003299824,29.963827,14.606664,2067
19270,r2i1p1f1,2067,10,05,0.0,28.052212,14.130856,2067
19271,r2i1p1f1,2067,10,06,0.0,29.08705,13.822148,2067
19272,r2i1p1f1,2067,10,07,0.442614505311667,30.227058,15.259281,2067
19273,r2i1p1f1,2067,10,08,0.0,31.13543,15.100301,2067
19274,r2i1p1f1,2067,10,09,0.0,31.050642,15.454437,2067
19275,r2i1p1f1,2067,10,10,0.0,31.389824,14.795132,2067
19276,r2i1p1f1,2067,10,11,0.0,32.63069,16.26215,2067
19277,r2i1p1f1,2067,10,12,0.0,33.634655,18.83017,2067
19278,r2i1p1f1,2067,10,13,0.0,34.687378,16.306778,2067
19279,r2i1p1f1,2067,10,14,0.7456352041913306,29.931044,13.793336,2067
19280,r2i1p1f1,2067,10,15,0.7889795415053413,23.528538,12.752605,2067
19281,r2i1p1f1,2067,10,16,0.215669697789167,24.275425,12.940792,2067
19282,r2i1p1f1,2067,10,17,0.0,26.011732,12.71817,2067
19283,r2i1p1f1,2067,10,18,0.37524994204432005,25.916882,12.103213,2067
19284,r2i1p1f1,2067,10,19,0.0,26.02587,12.577068,2067
19285,r2i1p1f1,2067,10,20,0.0,28.656975,11.858541,2067
19286,r2i1p1f1,2067,10,21,0.0,29.095524,14.071784,2067
19287,r2i1p1f1,2067,10,22,5.957117845173343,26.075575,10.689755,2067
19288,r2i1p1f1,2067,10,23,27.048596661552438,17.798035,11.469745,2067
19289,r2i1p1f1,2067,10,24,30.308592446817784,15.940691,10.246345,2067
19290,r2i1p1f1,2067,10,25,0.0,21.026321,8.548079,2067
19291,r2i1p1f1,2067,10,26,0.0,21.3991,8.19853,2067
19292,r2i1p1f1,2067,10,27,0.0,23.993883,9.310838,2067
19293,r2i1p1f1,2067,10,28,0.0,23.870941,10.296537,2067
19294,r2i1p1f1,2067,10,29,0.0,23.426792,12.541449,2067
19295,r2i1p1f1,2067,10,30,0.0,24.282026,11.289468,2067
19296,r2i1p1f1,2067,10,31,0.0,24.607449,11.018437,2067
19297,r2i1p1f1,2067,11,01,0.0,25.222248,11.42389,2067
19298,r2i1p1f1,2067,11,02,0.0,25.383047,11.456072,2067
19299,r2i1p1f1,2067,11,03,0.0,24.980827,12.226512,2067
19300,r2i1p1f1,2067,11,04,0.0,24.332012,10.946435,2067
19301,r2i1p1f1,2067,11,05,0.012814431585184138,22.220768,10.536789,2067
19302,r2i1p1f1,2067,11,06,0.0,24.32158,11.484559,2067
19303,r2i1p1f1,2067,11,07,0.0,23.943842,11.615017,2067
19304,r2i1p1f1,2067,11,08,0.0,24.35731,10.089887,2067
19305,r2i1p1f1,2067,11,09,0.0,22.677263,10.014004,2067
19306,r2i1p1f1,2067,11,10,0.0,22.86023,7.839848,2067
19307,r2i1p1f1,2067,11,11,0.0,22.244482,7.454582,2067
19308,r2i1p1f1,2067,11,12,0.0,21.904375,7.934077,2067
19309,r2i1p1f1,2067,11,13,0.0,20.0786,6.5746307,2067
19310,r2i1p1f1,2067,11,14,0.18527583133618464,20.07571,4.627245,2067
19311,r2i1p1f1,2067,11,15,3.3874835693495697,17.558052,5.755457,2067
19312,r2i1p1f1,2067,11,16,0.0,17.940313,5.4164267,2067
19313,r2i1p1f1,2067,11,17,1.9234959532695939,16.430521,3.7504272,2067
19314,r2i1p1f1,2067,11,18,0.0,18.826105,5.1933293,2067
19315,r2i1p1f1,2067,11,19,0.0,19.37263,6.044527,2067
19316,r2i1p1f1,2067,11,20,19.808698177803308,15.067513,8.340941,2067
19317,r2i1p1f1,2067,11,21,4.39305731180184,12.767963,5.959744,2067
19318,r2i1p1f1,2067,11,22,0.0,12.965008,2.0306044,2067
19319,r2i1p1f1,2067,11,23,0.0,15.801792,2.4228046,2067
19320,r2i1p1f1,2067,11,24,0.0,16.678703,3.5566187,2067
19321,r2i1p1f1,2067,11,25,0.0,16.717478,3.8291464,2067
19322,r2i1p1f1,2067,11,26,0.44329301188099635,14.924408,2.9581811,2067
19323,r2i1p1f1,2067,11,27,3.3507978395164173,13.165109,4.552688,2067
19324,r2i1p1f1,2067,11,28,19.620105780177255,13.927096,6.0728335,2067
19325,r2i1p1f1,2067,11,29,10.686543708231966,11.950272,-1.5799066,2067
19326,r2i1p1f1,2067,11,30,12.292618986566595,6.8127155,0.24333736,2067
19327,r2i1p1f1,2067,12,01,32.767929731926415,8.105466,2.7934504,2067
19328,r2i1p1f1,2067,12,02,2.2331957770802546,9.876557,-1.3557374,2067
19329,r2i1p1f1,2067,12,03,0.0,8.581958,-4.150801,2067
19330,r2i1p1f1,2067,12,04,17.25811657088343,8.668159,-3.3612018,2067
19331,r2i1p1f1,2067,12,05,22.79859255104384,9.177987,-2.2943263,2067
19332,r2i1p1f1,2067,12,06,57.62285163582419,8.434428,3.4850988,2067
19333,r2i1p1f1,2067,12,07,17.421231726621045,9.059237,1.865551,2067
19334,r2i1p1f1,2067,12,08,0.0,10.522287,-0.9178598,2067
19335,r2i1p1f1,2067,12,09,1.3299889961785993,10.688056,3.200077,2067
19336,r2i1p1f1,2067,12,10,0.0,12.286516,3.7203608,2067
19337,r2i1p1f1,2067,12,11,0.0,14.601705,3.1649394,2067
19338,r2i1p1f1,2067,12,12,0.0,15.819073,3.5226839,2067
19339,r2i1p1f1,2067,12,13,0.0,16.773258,4.3157477,2067
19340,r2i1p1f1,2067,12,14,0.0,16.936342,5.1306176,2067
19341,r2i1p1f1,2067,12,15,0.0,16.921328,5.275091,2067
19342,r2i1p1f1,2067,12,16,0.0,15.449888,5.5439262,2067
19343,r2i1p1f1,2067,12,17,0.0,15.7663765,2.5484002,2067
19344,r2i1p1f1,2067,12,18,0.0,16.231186,2.1035645,2067
19345,r2i1p1f1,2067,12,19,0.0,15.600743,3.0464559,2067
19346,r2i1p1f1,2067,12,20,0.0,15.330714,3.6742275,2067
19347,r2i1p1f1,2067,12,21,0.0,15.775458,4.333364,2067
19348,r2i1p1f1,2067,12,22,0.0,16.93534,6.070256,2067
19349,r2i1p1f1,2067,12,23,0.0,18.39692,4.7097883,2067
19350,r2i1p1f1,2067,12,24,0.0,16.515633,4.308044,2067
19351,r2i1p1f1,2067,12,25,0.0,16.679474,3.8569744,2067
19352,r2i1p1f1,2067,12,26,0.0,17.065502,5.0567546,2067
19353,r2i1p1f1,2067,12,27,0.0,19.177711,6.3809285,2067
19354,r2i1p1f1,2067,12,28,0.0,19.479284,6.849946,2067
19355,r2i1p1f1,2067,12,29,0.0,18.828758,6.2716293,2067
19356,r2i1p1f1,2067,12,30,0.0,16.45654,4.607483,2067
19357,r2i1p1f1,2067,12,31,3.497045257915943,11.333963,2.8057582,2067
19358,r2i1p1f1,2068,01,01,10.499794809152263,12.139725,-0.8109908,2068
19359,r2i1p1f1,2068,01,02,17.470519569224052,10.623386,6.8967924,2068
19360,r2i1p1f1,2068,01,03,41.77650784549769,12.449907,7.0477552,2068
19361,r2i1p1f1,2068,01,04,0.0,14.514467,2.1719184,2068
19362,r2i1p1f1,2068,01,05,0.0,15.939732,3.3763654,2068
19363,r2i1p1f1,2068,01,06,0.0,16.760801,4.6222577,2068
19364,r2i1p1f1,2068,01,07,0.0,17.558935,6.0691237,2068
19365,r2i1p1f1,2068,01,08,0.0,18.160769,8.023558,2068
19366,r2i1p1f1,2068,01,09,0.0,17.647701,4.2908983,2068
19367,r2i1p1f1,2068,01,10,0.0,16.910303,3.4395845,2068
19368,r2i1p1f1,2068,01,11,0.0,17.302383,5.847826,2068
19369,r2i1p1f1,2068,01,12,0.0,17.980934,4.254169,2068
19370,r2i1p1f1,2068,01,13,0.0,17.351662,5.1576676,2068
19371,r2i1p1f1,2068,01,14,0.0,17.551802,4.945755,2068
19372,r2i1p1f1,2068,01,15,0.0,18.668386,3.1760588,2068
19373,r2i1p1f1,2068,01,16,0.0,15.61797,1.9171034,2068
19374,r2i1p1f1,2068,01,17,0.0876204359883559,15.724248,2.785413,2068
19375,r2i1p1f1,2068,01,18,42.02432549427613,11.457213,6.707715,2068
19376,r2i1p1f1,2068,01,19,44.64696811046451,12.858445,8.228575,2068
19377,r2i1p1f1,2068,01,20,0.2000449138137128,10.536105,-1.4857354,2068
19378,r2i1p1f1,2068,01,21,0.0,10.518367,-2.9904265,2068
19379,r2i1p1f1,2068,01,22,0.68578322421331,8.4981575,1.0262085,2068
19380,r2i1p1f1,2068,01,23,3.098985431552137,10.537469,2.2505069,2068
19381,r2i1p1f1,2068,01,24,0.0,13.4122305,1.2747997,2068
19382,r2i1p1f1,2068,01,25,0.0,13.120399,0.31426573,2068
19383,r2i1p1f1,2068,01,26,0.0,12.816899,0.8360021,2068
19384,r2i1p1f1,2068,01,27,0.0,14.643679,2.591459,2068
19385,r2i1p1f1,2068,01,28,0.0,13.9014015,1.2727329,2068
19386,r2i1p1f1,2068,01,29,0.0,15.006056,0.7288024,2068
19387,r2i1p1f1,2068,01,30,0.0,13.341247,-0.83871984,2068
19388,r2i1p1f1,2068,01,31,0.0,12.480964,-1.2340252,2068
19389,r2i1p1f1,2068,02,01,0.0,11.896877,-0.1506548,2068
19390,r2i1p1f1,2068,02,02,2.5246156939033426,13.424919,6.348898,2068
19391,r2i1p1f1,2068,02,03,16.964243612164864,12.948327,8.541754,2068
19392,r2i1p1f1,2068,02,04,0.0,16.67456,4.1708174,2068
19393,r2i1p1f1,2068,02,05,0.0,16.601694,2.3380048,2068
19394,r2i1p1f1,2068,02,06,0.0,16.760715,0.6393038,2068
19395,r2i1p1f1,2068,02,07,2.308298901584749,13.017446,5.018606,2068
19396,r2i1p1f1,2068,02,08,7.639468080947154,14.662911,5.315031,2068
19397,r2i1p1f1,2068,02,09,71.76365133054787,17.307034,7.5987186,2068
19398,r2i1p1f1,2068,02,10,30.325216705386993,11.817449,4.1759634,2068
19399,r2i1p1f1,2068,02,11,5.621995207309283,11.076412,3.308432,2068
19400,r2i1p1f1,2068,02,12,0.0,12.551641,0.09938192,2068
19401,r2i1p1f1,2068,02,13,0.0,11.107237,2.3860476,2068
19402,r2i1p1f1,2068,02,14,12.716083818850166,12.069497,0.68663913,2068
19403,r2i1p1f1,2068,02,15,16.53645181875163,12.599365,6.5131197,2068
19404,r2i1p1f1,2068,02,16,15.349538338159618,9.268134,2.408032,2068
19405,r2i1p1f1,2068,02,17,6.733352638070755,8.101335,-0.0392917,2068
19406,r2i1p1f1,2068,02,18,0.13182452471482975,9.426261,0.4031742,2068
19407,r2i1p1f1,2068,02,19,0.0,10.857731,-0.19370715,2068
19408,r2i1p1f1,2068,02,20,0.0,13.366587,-0.83604527,2068
19409,r2i1p1f1,2068,02,21,5.841304719820073,14.012795,0.60769546,2068
19410,r2i1p1f1,2068,02,22,14.550575627436046,13.103564,3.793485,2068
19411,r2i1p1f1,2068,02,23,19.5386438766036,9.836897,0.8856819,2068
19412,r2i1p1f1,2068,02,24,2.2535550962516027,9.574442,-2.378453,2068
19413,r2i1p1f1,2068,02,25,2.98958675550125,7.588949,0.23106712,2068
19414,r2i1p1f1,2068,02,26,11.563629264492192,7.8820615,-0.59229,2068
19415,r2i1p1f1,2068,02,27,0.0,11.4428005,-2.5865874,2068
19416,r2i1p1f1,2068,02,28,0.0,13.257247,0.5831446,2068
19417,r2i1p1f1,2068,02,29,0.06874612072351738,10.645324,1.4776927,2068
19418,r2i1p1f1,2068,03,01,5.593171051719992,8.164991,3.2100306,2068
19419,r2i1p1f1,2068,03,02,0.0,10.987975,-3.207009,2068
19420,r2i1p1f1,2068,03,03,0.05518663537031898,11.366497,3.2276764,2068
19421,r2i1p1f1,2068,03,04,0.0,15.658306,-0.71962446,2068
19422,r2i1p1f1,2068,03,05,0.0,18.043293,1.3578832,2068
19423,r2i1p1f1,2068,03,06,0.0,18.75594,3.6509917,2068
19424,r2i1p1f1,2068,03,07,0.0,17.05703,6.108923,2068
19425,r2i1p1f1,2068,03,08,0.0,19.678234,4.0948405,2068
19426,r2i1p1f1,2068,03,09,0.0,20.943861,4.7767835,2068
19427,r2i1p1f1,2068,03,10,0.0,22.866697,4.8804455,2068
19428,r2i1p1f1,2068,03,11,0.10367391333261367,17.045755,2.9308307,2068
19429,r2i1p1f1,2068,03,12,8.16126249728768,16.095232,10.498293,2068
19430,r2i1p1f1,2068,03,13,24.957178087151988,15.742671,9.479662,2068
19431,r2i1p1f1,2068,03,14,0.6558930705267585,16.019833,2.3683238,2068
19432,r2i1p1f1,2068,03,15,0.0,18.352608,2.9929602,2068
19433,r2i1p1f1,2068,03,16,0.0,17.69516,2.942325,2068
19434,r2i1p1f1,2068,03,17,10.49402789612941,15.475935,5.5448914,2068
19435,r2i1p1f1,2068,03,18,16.351904715247656,12.706651,3.0081768,2068
19436,r2i1p1f1,2068,03,19,2.049513898873556,11.020115,0.35774252,2068
19437,r2i1p1f1,2068,03,20,0.0,14.784605,1.0368524,2068
19438,r2i1p1f1,2068,03,21,0.0,17.540033,3.1835158,2068
19439,r2i1p1f1,2068,03,22,0.0,18.138899,3.19857,2068
19440,r2i1p1f1,2068,03,23,4.32917958495409,16.630043,2.9659517,2068
19441,r2i1p1f1,2068,03,24,17.984741013316352,13.919279,6.1948447,2068
19442,r2i1p1f1,2068,03,25,8.83838555647003,11.6629,5.3450537,2068
19443,r2i1p1f1,2068,03,26,5.920780830751937,10.354433,2.2583673,2068
19444,r2i1p1f1,2068,03,27,16.26027152892675,14.50361,3.0682552,2068
19445,r2i1p1f1,2068,03,28,0.0,18.35786,4.007267,2068
19446,r2i1p1f1,2068,03,29,7.700059408887228,16.431479,1.3305364,2068
19447,r2i1p1f1,2068,03,30,6.859218117551791,14.652605,7.279046,2068
19448,r2i1p1f1,2068,03,31,0.0,19.193428,3.04292,2068
19449,r2i1p1f1,2068,04,01,32.69273702535429,17.343044,4.2251105,2068
19450,r2i1p1f1,2068,04,02,6.204746998724886,12.606805,5.363574,2068
19451,r2i1p1f1,2068,04,03,0.0,19.700186,1.9681593,2068
19452,r2i1p1f1,2068,04,04,0.07566240910819033,18.436752,3.1387205,2068
19453,r2i1p1f1,2068,04,05,9.164641731877055,14.195197,9.73584,2068
19454,r2i1p1f1,2068,04,06,0.0,16.986507,3.230098,2068
19455,r2i1p1f1,2068,04,07,0.0,16.279854,4.5724015,2068
19456,r2i1p1f1,2068,04,08,0.0,16.548775,4.9744368,2068
19457,r2i1p1f1,2068,04,09,0.0,18.729368,3.37189,2068
19458,r2i1p1f1,2068,04,10,0.0,20.7762,5.216584,2068
19459,r2i1p1f1,2068,04,11,0.822386037771139,17.464254,3.9680624,2068
19460,r2i1p1f1,2068,04,12,0.1919172646668743,16.876717,8.176708,2068
19461,r2i1p1f1,2068,04,13,0.0,18.034111,2.889198,2068
19462,r2i1p1f1,2068,04,14,0.15075376780941951,17.427343,2.6408548,2068
19463,r2i1p1f1,2068,04,15,21.332892729333253,12.342602,6.041465,2068
19464,r2i1p1f1,2068,04,16,1.9305840360175353,9.479143,2.0034018,2068
19465,r2i1p1f1,2068,04,17,8.69255016268653,9.209332,1.6986465,2068
19466,r2i1p1f1,2068,04,18,9.040153812435392,11.272081,5.0760107,2068
19467,r2i1p1f1,2068,04,19,0.0,14.842257,4.3279104,2068
19468,r2i1p1f1,2068,04,20,0.0,19.899155,1.4877844,2068
19469,r2i1p1f1,2068,04,21,0.0,19.831814,4.9851747,2068
19470,r2i1p1f1,2068,04,22,13.156972003162082,11.632351,6.0523596,2068
19471,r2i1p1f1,2068,04,23,0.0,16.285114,1.584344,2068
19472,r2i1p1f1,2068,04,24,0.0,18.974607,3.205666,2068
19473,r2i1p1f1,2068,04,25,0.0,24.034641,7.8779,2068
19474,r2i1p1f1,2068,04,26,0.0,26.678402,12.126216,2068
19475,r2i1p1f1,2068,04,27,0.0,28.165697,12.282314,2068
19476,r2i1p1f1,2068,04,28,0.0,26.602924,11.4176,2068
19477,r2i1p1f1,2068,04,29,0.0,21.197653,5.8187046,2068
19478,r2i1p1f1,2068,04,30,0.034473966388759436,14.398224,1.6968749,2068
19479,r2i1p1f1,2068,05,01,0.0,17.383724,2.617771,2068
19480,r2i1p1f1,2068,05,02,0.0,20.347097,5.201603,2068
19481,r2i1p1f1,2068,05,03,0.0,21.573664,5.5092688,2068
19482,r2i1p1f1,2068,05,04,0.0,24.113815,7.19968,2068
19483,r2i1p1f1,2068,05,05,0.0,23.755608,7.336282,2068
19484,r2i1p1f1,2068,05,06,1.7878215840028133,19.915087,3.6375034,2068
19485,r2i1p1f1,2068,05,07,0.5452554126350151,16.08406,1.0497118,2068
19486,r2i1p1f1,2068,05,08,4.666565892466679,16.413155,4.703615,2068
19487,r2i1p1f1,2068,05,09,11.080019512337458,13.725898,3.2666738,2068
19488,r2i1p1f1,2068,05,10,0.28860533652732556,15.053112,5.555774,2068
19489,r2i1p1f1,2068,05,11,0.008055588818933757,14.651659,5.7397733,2068
19490,r2i1p1f1,2068,05,12,0.2676396154129179,13.703884,5.1316767,2068
19491,r2i1p1f1,2068,05,13,4.566750897532756,13.452396,4.5719156,2068
19492,r2i1p1f1,2068,05,14,3.089220384993041,14.835171,4.8664618,2068
19493,r2i1p1f1,2068,05,15,0.000691812175546147,20.282606,5.445897,2068
19494,r2i1p1f1,2068,05,16,0.0,22.987343,7.5879245,2068
19495,r2i1p1f1,2068,05,17,0.0,24.509666,9.138066,2068
19496,r2i1p1f1,2068,05,18,0.0,22.968044,8.382231,2068
19497,r2i1p1f1,2068,05,19,0.0,19.538078,4.135113,2068
19498,r2i1p1f1,2068,05,20,0.0,23.084538,5.7099433,2068
19499,r2i1p1f1,2068,05,21,0.0,25.041388,8.812829,2068
19500,r2i1p1f1,2068,05,22,0.0,26.472527,9.505161,2068
19501,r2i1p1f1,2068,05,23,0.0,28.543497,11.344601,2068
19502,r2i1p1f1,2068,05,24,0.33815347173913324,29.330984,13.080042,2068
19503,r2i1p1f1,2068,05,25,0.2454915531188817,29.375223,13.357429,2068
19504,r2i1p1f1,2068,05,26,5.421758521316633,19.738682,3.291135,2068
19505,r2i1p1f1,2068,05,27,11.474785291486,19.974455,6.191502,2068
19506,r2i1p1f1,2068,05,28,1.5750270789514076,19.301428,8.355076,2068
19507,r2i1p1f1,2068,05,29,0.0659751566232103,24.179773,10.7839365,2068
19508,r2i1p1f1,2068,05,30,0.0,22.054705,7.5170856,2068
19509,r2i1p1f1,2068,05,31,0.012903256993013201,19.866205,5.8849,2068
19510,r2i1p1f1,2068,06,01,0.0,24.354042,8.723284,2068
19511,r2i1p1f1,2068,06,02,0.012771498768415768,24.935095,9.581414,2068
19512,r2i1p1f1,2068,06,03,9.846427589036466,16.877224,3.3721526,2068
19513,r2i1p1f1,2068,06,04,0.46640267628390575,14.959859,6.580792,2068
19514,r2i1p1f1,2068,06,05,0.0,20.082882,4.185435,2068
19515,r2i1p1f1,2068,06,06,0.0,23.589931,5.6195803,2068
19516,r2i1p1f1,2068,06,07,0.0,28.46208,10.7257595,2068
19517,r2i1p1f1,2068,06,08,0.0,29.807156,11.63694,2068
19518,r2i1p1f1,2068,06,09,0.0,30.775425,13.325512,2068
19519,r2i1p1f1,2068,06,10,0.0,30.449724,12.627562,2068
19520,r2i1p1f1,2068,06,11,0.0,27.236788,9.105221,2068
19521,r2i1p1f1,2068,06,12,0.0,22.239283,7.9287076,2068
19522,r2i1p1f1,2068,06,13,0.0,23.78817,10.415871,2068
19523,r2i1p1f1,2068,06,14,0.0,27.794262,12.404139,2068
19524,r2i1p1f1,2068,06,15,0.0,29.402239,12.275645,2068
19525,r2i1p1f1,2068,06,16,0.0021073237405744294,29.068077,11.656303,2068
19526,r2i1p1f1,2068,06,17,0.0,26.411005,8.14266,2068
19527,r2i1p1f1,2068,06,18,0.0,21.51772,5.083199,2068
19528,r2i1p1f1,2068,06,19,0.0,21.247366,6.250774,2068
19529,r2i1p1f1,2068,06,20,0.0,24.250196,9.247533,2068
19530,r2i1p1f1,2068,06,21,0.0,28.651695,11.6469555,2068
19531,r2i1p1f1,2068,06,22,0.0,31.597992,14.235334,2068
19532,r2i1p1f1,2068,06,23,0.0,31.47538,13.683131,2068
19533,r2i1p1f1,2068,06,24,0.0,30.001505,12.819161,2068
19534,r2i1p1f1,2068,06,25,0.0,28.638956,12.074137,2068
19535,r2i1p1f1,2068,06,26,0.0,28.555214,13.080939,2068
19536,r2i1p1f1,2068,06,27,0.0,29.763924,13.924159,2068
19537,r2i1p1f1,2068,06,28,0.0,30.221352,15.357385,2068
19538,r2i1p1f1,2068,06,29,0.0,29.956364,13.956395,2068
19539,r2i1p1f1,2068,06,30,0.0,30.675123,13.65917,2068
19540,r2i1p1f1,2068,07,01,0.0,32.763737,14.067448,2068
19541,r2i1p1f1,2068,07,02,0.0,35.697834,17.328049,2068
19542,r2i1p1f1,2068,07,03,0.0,35.888603,18.35065,2068
19543,r2i1p1f1,2068,07,04,0.0,36.44175,16.109854,2068
19544,r2i1p1f1,2068,07,05,0.0,33.74734,13.9320345,2068
19545,r2i1p1f1,2068,07,06,0.0,33.29097,16.822044,2068
19546,r2i1p1f1,2068,07,07,0.0,34.37527,16.04062,2068
19547,r2i1p1f1,2068,07,08,0.0,34.996788,17.01316,2068
19548,r2i1p1f1,2068,07,09,0.0,34.81566,17.227009,2068
19549,r2i1p1f1,2068,07,10,0.0,36.27123,18.40818,2068
19550,r2i1p1f1,2068,07,11,0.0,37.023724,18.432035,2068
19551,r2i1p1f1,2068,07,12,0.0,37.614887,17.36657,2068
19552,r2i1p1f1,2068,07,13,0.0,37.194828,18.036264,2068
19553,r2i1p1f1,2068,07,14,0.0,34.377583,17.243387,2068
19554,r2i1p1f1,2068,07,15,0.0,38.296104,21.012577,2068
19555,r2i1p1f1,2068,07,16,0.0,39.008194,20.361258,2068
19556,r2i1p1f1,2068,07,17,0.0,40.980515,24.019585,2068
19557,r2i1p1f1,2068,07,18,0.0,41.696693,23.873203,2068
19558,r2i1p1f1,2068,07,19,0.0,41.66296,23.070505,2068
19559,r2i1p1f1,2068,07,20,0.0,40.387043,20.876865,2068
19560,r2i1p1f1,2068,07,21,0.0,37.836075,17.974876,2068
19561,r2i1p1f1,2068,07,22,0.0,33.81145,15.845101,2068
19562,r2i1p1f1,2068,07,23,0.0,32.684475,15.931774,2068
19563,r2i1p1f1,2068,07,24,0.0,31.516449,13.055142,2068
19564,r2i1p1f1,2068,07,25,0.0,29.092628,9.45528,2068
19565,r2i1p1f1,2068,07,26,0.0,34.150295,15.187517,2068
19566,r2i1p1f1,2068,07,27,0.0,37.884,19.381235,2068
19567,r2i1p1f1,2068,07,28,0.0,39.2498,20.603598,2068
19568,r2i1p1f1,2068,07,29,0.0,40.026646,20.129765,2068
19569,r2i1p1f1,2068,07,30,0.0,35.043716,15.862969,2068
19570,r2i1p1f1,2068,07,31,0.0,33.764927,14.661119,2068
19571,r2i1p1f1,2068,08,01,0.0,35.26524,15.376041,2068
19572,r2i1p1f1,2068,08,02,0.0,34.750847,15.886492,2068
19573,r2i1p1f1,2068,08,03,0.0,34.8432,16.046486,2068
19574,r2i1p1f1,2068,08,04,0.0,33.34407,15.132852,2068
19575,r2i1p1f1,2068,08,05,0.0,33.526302,15.973232,2068
19576,r2i1p1f1,2068,08,06,0.0,33.351425,15.694443,2068
19577,r2i1p1f1,2068,08,07,0.0,33.047775,16.63984,2068
19578,r2i1p1f1,2068,08,08,0.0020780930299224565,33.399284,15.12372,2068
19579,r2i1p1f1,2068,08,09,0.0,33.24786,13.433758,2068
19580,r2i1p1f1,2068,08,10,0.0,34.048244,15.701011,2068
19581,r2i1p1f1,2068,08,11,0.008997799523058347,33.904774,14.235062,2068
19582,r2i1p1f1,2068,08,12,0.0,34.106884,16.631311,2068
19583,r2i1p1f1,2068,08,13,0.0,34.928444,18.718294,2068
19584,r2i1p1f1,2068,08,14,0.0,35.37825,15.712317,2068
19585,r2i1p1f1,2068,08,15,0.0,34.220818,17.374489,2068
19586,r2i1p1f1,2068,08,16,0.0,34.522747,18.952501,2068
19587,r2i1p1f1,2068,08,17,0.0,36.782436,18.890219,2068
19588,r2i1p1f1,2068,08,18,0.0,37.725655,20.009325,2068
19589,r2i1p1f1,2068,08,19,0.0,39.322247,19.799583,2068
19590,r2i1p1f1,2068,08,20,0.0,37.849987,18.127188,2068
19591,r2i1p1f1,2068,08,21,0.0,36.40474,17.02972,2068
19592,r2i1p1f1,2068,08,22,0.0,34.606194,14.585373,2068
19593,r2i1p1f1,2068,08,23,0.0,36.886948,17.535759,2068
19594,r2i1p1f1,2068,08,24,0.0,37.74912,17.80417,2068
19595,r2i1p1f1,2068,08,25,0.30658681986324154,37.47251,19.497696,2068
19596,r2i1p1f1,2068,08,26,0.0,36.748016,20.019909,2068
19597,r2i1p1f1,2068,08,27,0.007679509099034476,37.758774,20.56875,2068
19598,r2i1p1f1,2068,08,28,1.104540128028475,38.197872,19.241877,2068
19599,r2i1p1f1,2068,08,29,0.0,37.60885,19.962753,2068
19600,r2i1p1f1,2068,08,30,0.0,38.199062,20.740986,2068
19601,r2i1p1f1,2068,08,31,0.0,38.582672,20.317064,2068
19602,r2i1p1f1,2068,09,01,0.0,38.125263,19.35397,2068
19603,r2i1p1f1,2068,09,02,0.0,37.798553,20.80478,2068
19604,r2i1p1f1,2068,09,03,0.0,37.4319,19.753365,2068
19605,r2i1p1f1,2068,09,04,0.0,35.69045,17.699038,2068
19606,r2i1p1f1,2068,09,05,0.0,35.38542,17.567738,2068
19607,r2i1p1f1,2068,09,06,0.0,35.986515,19.115198,2068
19608,r2i1p1f1,2068,09,07,0.0,36.072464,19.00541,2068
19609,r2i1p1f1,2068,09,08,0.0,35.942295,18.649895,2068
19610,r2i1p1f1,2068,09,09,0.0,34.98834,16.566507,2068
19611,r2i1p1f1,2068,09,10,0.0,34.79296,16.662422,2068
19612,r2i1p1f1,2068,09,11,0.0,35.25469,15.8259325,2068
19613,r2i1p1f1,2068,09,12,0.0,36.757378,18.861797,2068
19614,r2i1p1f1,2068,09,13,0.0,38.061287,20.86989,2068
19615,r2i1p1f1,2068,09,14,0.03827413268027158,38.6779,20.010424,2068
19616,r2i1p1f1,2068,09,15,0.03101944221270969,37.46068,18.622377,2068
19617,r2i1p1f1,2068,09,16,0.0,34.925186,17.297981,2068
19618,r2i1p1f1,2068,09,17,0.0,34.832634,16.699734,2068
19619,r2i1p1f1,2068,09,18,0.0,35.072586,16.443155,2068
19620,r2i1p1f1,2068,09,19,0.0,35.806145,17.546116,2068
19621,r2i1p1f1,2068,09,20,0.0,36.327072,17.91792,2068
19622,r2i1p1f1,2068,09,21,0.0,36.04573,17.196205,2068
19623,r2i1p1f1,2068,09,22,0.0,36.133102,17.438185,2068
19624,r2i1p1f1,2068,09,23,0.0,34.99855,17.243963,2068
19625,r2i1p1f1,2068,09,24,0.0,30.00432,13.73711,2068
19626,r2i1p1f1,2068,09,25,0.0,28.656918,12.657941,2068
19627,r2i1p1f1,2068,09,26,0.3815688960571606,26.989708,11.20204,2068
19628,r2i1p1f1,2068,09,27,13.266199308327487,22.433277,6.019698,2068
19629,r2i1p1f1,2068,09,28,2.509842374388427,20.747528,8.828574,2068
19630,r2i1p1f1,2068,09,29,0.0,26.961512,11.125048,2068
19631,r2i1p1f1,2068,09,30,3.3164006180015804,24.83835,9.467732,2068
19632,r2i1p1f1,2068,10,01,0.15013529256293623,21.815668,10.784332,2068
19633,r2i1p1f1,2068,10,02,0.0,27.744162,12.224794,2068
19634,r2i1p1f1,2068,10,03,0.0,31.255985,15.1501875,2068
19635,r2i1p1f1,2068,10,04,0.3511599798230236,30.739536,14.974949,2068
19636,r2i1p1f1,2068,10,05,9.194361761296932,29.899313,14.71618,2068
19637,r2i1p1f1,2068,10,06,0.0,29.119408,14.273409,2068
19638,r2i1p1f1,2068,10,07,0.0,33.241844,16.56177,2068
19639,r2i1p1f1,2068,10,08,0.316760229634383,33.855907,17.091808,2068
19640,r2i1p1f1,2068,10,09,2.899237716223979,29.452372,13.173563,2068
19641,r2i1p1f1,2068,10,10,0.0,25.23215,12.7218,2068
19642,r2i1p1f1,2068,10,11,0.0,26.803905,11.817411,2068
19643,r2i1p1f1,2068,10,12,0.0,32.216457,16.672297,2068
19644,r2i1p1f1,2068,10,13,0.0,34.358566,18.842873,2068
19645,r2i1p1f1,2068,10,14,0.0,34.638683,18.32959,2068
19646,r2i1p1f1,2068,10,15,0.0,33.165195,15.742006,2068
19647,r2i1p1f1,2068,10,16,0.0,30.385603,12.63496,2068
19648,r2i1p1f1,2068,10,17,0.0,26.509254,11.07448,2068
19649,r2i1p1f1,2068,10,18,0.0,27.33046,12.215366,2068
19650,r2i1p1f1,2068,10,19,0.0,27.67757,11.2626505,2068
19651,r2i1p1f1,2068,10,20,0.0,27.453667,12.649767,2068
19652,r2i1p1f1,2068,10,21,0.0,28.861895,14.159014,2068
19653,r2i1p1f1,2068,10,22,0.0,30.291115,14.473721,2068
19654,r2i1p1f1,2068,10,23,0.0,30.427132,15.349557,2068
19655,r2i1p1f1,2068,10,24,0.0,30.485847,13.808835,2068
19656,r2i1p1f1,2068,10,25,0.0,25.032906,7.991888,2068
19657,r2i1p1f1,2068,10,26,0.0,21.889503,6.1048527,2068
19658,r2i1p1f1,2068,10,27,0.0,24.946785,8.198945,2068
19659,r2i1p1f1,2068,10,28,0.0,27.487207,11.392669,2068
19660,r2i1p1f1,2068,10,29,0.0,27.912235,12.857488,2068
19661,r2i1p1f1,2068,10,30,4.172463639679336,24.974575,12.337466,2068
19662,r2i1p1f1,2068,10,31,0.0,27.16732,14.712087,2068
19663,r2i1p1f1,2068,11,01,0.0,27.753973,13.154659,2068
19664,r2i1p1f1,2068,11,02,0.0,28.898634,13.413692,2068
19665,r2i1p1f1,2068,11,03,0.0,29.499098,14.55474,2068
19666,r2i1p1f1,2068,11,04,0.0,29.834538,13.659672,2068
19667,r2i1p1f1,2068,11,05,0.0,28.12709,10.644194,2068
19668,r2i1p1f1,2068,11,06,0.007559643149335216,25.391636,11.0820265,2068
19669,r2i1p1f1,2068,11,07,0.38515986336733476,19.947666,6.834024,2068
19670,r2i1p1f1,2068,11,08,0.0,19.44316,5.6000705,2068
19671,r2i1p1f1,2068,11,09,0.09970781484298641,19.80915,9.856295,2068
19672,r2i1p1f1,2068,11,10,1.2227043166490148,18.1218,7.2602563,2068
19673,r2i1p1f1,2068,11,11,0.0,23.837132,9.156625,2068
19674,r2i1p1f1,2068,11,12,0.04197308462607907,22.998268,8.1884165,2068
19675,r2i1p1f1,2068,11,13,0.03004559835062537,18.303284,6.239529,2068
19676,r2i1p1f1,2068,11,14,0.0,19.193447,6.5355988,2068
19677,r2i1p1f1,2068,11,15,0.0,21.552073,6.4754434,2068
19678,r2i1p1f1,2068,11,16,14.891967209950963,18.285332,3.894866,2068
19679,r2i1p1f1,2068,11,17,48.5986099782167,14.590262,8.889503,2068
19680,r2i1p1f1,2068,11,18,0.10571834865231722,18.970097,8.938738,2068
19681,r2i1p1f1,2068,11,19,0.0,19.82921,8.738995,2068
19682,r2i1p1f1,2068,11,20,0.0225577617129602,19.069265,5.715741,2068
19683,r2i1p1f1,2068,11,21,0.004047849415655946,16.25349,5.388192,2068
19684,r2i1p1f1,2068,11,22,11.055865358093797,12.315347,5.327705,2068
19685,r2i1p1f1,2068,11,23,0.0,12.022011,0.55286354,2068
19686,r2i1p1f1,2068,11,24,0.0,12.845311,-1.8714583,2068
19687,r2i1p1f1,2068,11,25,0.0,13.22052,-1.1447511,2068
19688,r2i1p1f1,2068,11,26,0.08265282470176771,10.657806,3.4934576,2068
19689,r2i1p1f1,2068,11,27,0.0,9.090044,0.9458711,2068
19690,r2i1p1f1,2068,11,28,0.025584867933048372,9.860386,-1.1215,2068
19691,r2i1p1f1,2068,11,29,0.0,14.142143,0.13338359,2068
19692,r2i1p1f1,2068,11,30,0.08040740074193309,13.824053,-0.63560903,2068
19693,r2i1p1f1,2068,12,01,0.9125057417691096,13.232037,3.4341764,2068
19694,r2i1p1f1,2068,12,02,0.0,12.0832205,-0.84805655,2068
19695,r2i1p1f1,2068,12,03,0.0,11.497547,1.0710138,2068
19696,r2i1p1f1,2068,12,04,0.5435060465345032,8.169759,0.00085216097,2068
19697,r2i1p1f1,2068,12,05,0.0,11.863883,-0.42919207,2068
19698,r2i1p1f1,2068,12,06,0.0,12.217625,-0.080895156,2068
19699,r2i1p1f1,2068,12,07,0.0,9.612861,-1.146087,2068
19700,r2i1p1f1,2068,12,08,0.0,11.692888,-0.050335355,2068
19701,r2i1p1f1,2068,12,09,0.0,15.040339,2.5625758,2068
19702,r2i1p1f1,2068,12,10,0.0,18.241415,4.4040008,2068
19703,r2i1p1f1,2068,12,11,0.0,19.202415,5.899419,2068
19704,r2i1p1f1,2068,12,12,0.0,16.96205,5.232645,2068
19705,r2i1p1f1,2068,12,13,0.03739540805440811,12.464659,5.615203,2068
19706,r2i1p1f1,2068,12,14,12.06079460480396,15.438163,7.579142,2068
19707,r2i1p1f1,2068,12,15,0.0,17.416481,5.5756125,2068
19708,r2i1p1f1,2068,12,16,0.0,17.713139,5.0050793,2068
19709,r2i1p1f1,2068,12,17,0.0,17.832619,4.9671125,2068
19710,r2i1p1f1,2068,12,18,0.0,18.021582,4.527551,2068
19711,r2i1p1f1,2068,12,19,0.0,15.244949,4.9374475,2068
19712,r2i1p1f1,2068,12,20,0.12705953949989635,9.634928,-1.9061896,2068
19713,r2i1p1f1,2068,12,21,0.0,7.237187,-3.4068427,2068
19714,r2i1p1f1,2068,12,22,0.0,8.200269,-2.5442958,2068
19715,r2i1p1f1,2068,12,23,0.0,9.236651,-3.0058033,2068
19716,r2i1p1f1,2068,12,24,0.0,11.734188,-1.0895056,2068
19717,r2i1p1f1,2068,12,25,0.0,12.8691,1.6494013,2068
19718,r2i1p1f1,2068,12,26,0.0,12.7628,1.9594226,2068
19719,r2i1p1f1,2068,12,27,0.0,12.616627,1.3774115,2068
19720,r2i1p1f1,2068,12,28,0.0,12.821038,1.4458915,2068
19721,r2i1p1f1,2068,12,29,4.257819609881608,12.194748,3.0479343,2068
19722,r2i1p1f1,2068,12,30,0.0,15.649197,4.4614563,2068
19723,r2i1p1f1,2068,12,31,0.0,16.165525,4.653018,2068
19724,r2i1p1f1,2069,01,01,0.0,16.027134,4.306611,2069
19725,r2i1p1f1,2069,01,02,0.0,17.766064,5.4312086,2069
19726,r2i1p1f1,2069,01,03,0.0,18.913902,6.8240876,2069
19727,r2i1p1f1,2069,01,04,0.0,15.825993,5.7495837,2069
19728,r2i1p1f1,2069,01,05,0.0,18.336977,6.294659,2069
19729,r2i1p1f1,2069,01,06,0.0,19.734823,6.2515736,2069
19730,r2i1p1f1,2069,01,07,0.0,17.753866,2.82417,2069
19731,r2i1p1f1,2069,01,08,1.5979570556623912,13.833921,5.7806106,2069
19732,r2i1p1f1,2069,01,09,0.0,14.203356,1.7992988,2069
19733,r2i1p1f1,2069,01,10,0.0,13.877842,-0.40638992,2069
19734,r2i1p1f1,2069,01,11,0.0,13.882747,1.6972835,2069
19735,r2i1p1f1,2069,01,12,0.0,14.92384,1.7079133,2069
19736,r2i1p1f1,2069,01,13,36.18843428848777,13.227322,8.333424,2069
19737,r2i1p1f1,2069,01,14,0.0,11.318778,-1.5304475,2069
19738,r2i1p1f1,2069,01,15,0.0,12.643337,-1.5818182,2069
19739,r2i1p1f1,2069,01,16,0.0,11.814686,0.3529698,2069
19740,r2i1p1f1,2069,01,17,0.004391018774185795,11.973523,2.9847968,2069
19741,r2i1p1f1,2069,01,18,0.0,15.896337,4.578391,2069
19742,r2i1p1f1,2069,01,19,0.0,16.861595,3.7563028,2069
19743,r2i1p1f1,2069,01,20,0.0,17.034885,2.8012936,2069
19744,r2i1p1f1,2069,01,21,6.454918076042304,13.759044,5.0563416,2069
19745,r2i1p1f1,2069,01,22,11.828704239223953,12.165278,7.5413547,2069
19746,r2i1p1f1,2069,01,23,2.638288365085373,13.094555,-0.67370814,2069
19747,r2i1p1f1,2069,01,24,12.21700934773935,8.648139,1.2298349,2069
19748,r2i1p1f1,2069,01,25,16.073947047425463,7.4734964,2.3606594,2069
19749,r2i1p1f1,2069,01,26,0.0,10.1444845,-1.7261494,2069
19750,r2i1p1f1,2069,01,27,0.28400425339896174,9.963276,0.27291727,2069
19751,r2i1p1f1,2069,01,28,68.1964055460412,9.0009985,0.6927176,2069
19752,r2i1p1f1,2069,01,29,64.7535674390383,8.8930025,-0.6113503,2069
19753,r2i1p1f1,2069,01,30,23.180770372891857,9.664191,-0.020834552,2069
19754,r2i1p1f1,2069,01,31,15.007089674600138,9.150089,2.6011064,2069
19755,r2i1p1f1,2069,02,01,18.8608712097448,10.122659,3.0708282,2069
19756,r2i1p1f1,2069,02,02,0.0,9.918032,-0.3325171,2069
19757,r2i1p1f1,2069,02,03,15.78653868418769,11.138423,1.9031789,2069
19758,r2i1p1f1,2069,02,04,4.780488830579088,14.559834,6.1009946,2069
19759,r2i1p1f1,2069,02,05,0.0,14.805012,6.4838333,2069
19760,r2i1p1f1,2069,02,06,4.351159703526264,16.422005,7.1012692,2069
19761,r2i1p1f1,2069,02,07,0.0,18.9952,4.252004,2069
19762,r2i1p1f1,2069,02,08,0.0,18.283512,3.9985483,2069
19763,r2i1p1f1,2069,02,09,0.0,19.033384,5.212593,2069
19764,r2i1p1f1,2069,02,10,0.0,19.06613,6.0418377,2069
19765,r2i1p1f1,2069,02,11,0.0,19.785297,6.9213605,2069
19766,r2i1p1f1,2069,02,12,0.0,19.710892,4.965124,2069
19767,r2i1p1f1,2069,02,13,0.0,20.12771,6.293724,2069
19768,r2i1p1f1,2069,02,14,0.0006629858262385824,19.1189,8.130852,2069
19769,r2i1p1f1,2069,02,15,0.0,20.562063,6.580725,2069
19770,r2i1p1f1,2069,02,16,0.0,20.633114,7.326052,2069
19771,r2i1p1f1,2069,02,17,0.0,18.024633,5.086343,2069
19772,r2i1p1f1,2069,02,18,0.0,18.946821,7.9351416,2069
19773,r2i1p1f1,2069,02,19,0.0,19.040148,7.150934,2069
19774,r2i1p1f1,2069,02,20,0.0,18.75933,4.699336,2069
19775,r2i1p1f1,2069,02,21,1.0721694254534953,17.031176,4.8310285,2069
19776,r2i1p1f1,2069,02,22,56.838968014199054,12.041606,5.558802,2069
19777,r2i1p1f1,2069,02,23,0.018675839328352595,9.390514,0.7484018,2069
19778,r2i1p1f1,2069,02,24,5.351723195690283,11.393604,2.4215207,2069
19779,r2i1p1f1,2069,02,25,0.0,13.419796,1.47172,2069
19780,r2i1p1f1,2069,02,26,14.659162816315074,14.049412,2.9148717,2069
19781,r2i1p1f1,2069,02,27,2.0024217568391123,12.973381,0.8168824,2069
19782,r2i1p1f1,2069,02,28,8.535148742618048,11.005436,3.5944796,2069
19783,r2i1p1f1,2069,03,01,13.943070713776251,9.082618,0.57968915,2069
19784,r2i1p1f1,2069,03,02,34.037496816961266,11.665112,5.645908,2069
19785,r2i1p1f1,2069,03,03,4.527605317298367,13.627437,-0.73151857,2069
19786,r2i1p1f1,2069,03,04,28.188887053147482,14.024043,5.568105,2069
19787,r2i1p1f1,2069,03,05,31.053133200475713,12.50955,7.1521215,2069
19788,r2i1p1f1,2069,03,06,1.627036454510744,13.21062,3.09845,2069
19789,r2i1p1f1,2069,03,07,0.0,13.797766,-0.41887936,2069
19790,r2i1p1f1,2069,03,08,0.0,15.224411,1.8251097,2069
19791,r2i1p1f1,2069,03,09,0.0,15.115038,0.81756246,2069
19792,r2i1p1f1,2069,03,10,0.0,16.159477,2.7057195,2069
19793,r2i1p1f1,2069,03,11,0.0,16.942778,4.166273,2069
19794,r2i1p1f1,2069,03,12,0.0,16.831795,3.0699906,2069
19795,r2i1p1f1,2069,03,13,0.0,15.447187,2.3348682,2069
19796,r2i1p1f1,2069,03,14,0.0,13.1364,1.289805,2069
19797,r2i1p1f1,2069,03,15,0.0,16.403603,1.058505,2069
19798,r2i1p1f1,2069,03,16,0.0,18.521015,3.161115,2069
19799,r2i1p1f1,2069,03,17,0.0,20.290028,6.0168786,2069
19800,r2i1p1f1,2069,03,18,0.0,21.25292,6.8169036,2069
19801,r2i1p1f1,2069,03,19,0.0,21.894394,7.1745963,2069
19802,r2i1p1f1,2069,03,20,0.0,22.378979,6.9635324,2069
19803,r2i1p1f1,2069,03,21,0.0,24.828186,8.86694,2069
19804,r2i1p1f1,2069,03,22,0.0,25.808481,8.76107,2069
19805,r2i1p1f1,2069,03,23,0.0,26.693205,11.176627,2069
19806,r2i1p1f1,2069,03,24,0.0,26.169243,10.388881,2069
19807,r2i1p1f1,2069,03,25,0.0,25.766598,10.2865095,2069
19808,r2i1p1f1,2069,03,26,0.0,27.089396,11.492569,2069
19809,r2i1p1f1,2069,03,27,0.0,28.120941,12.417495,2069
19810,r2i1p1f1,2069,03,28,0.0,27.853828,12.109788,2069
19811,r2i1p1f1,2069,03,29,0.0,26.053024,9.431828,2069
19812,r2i1p1f1,2069,03,30,0.0,22.55388,6.893675,2069
19813,r2i1p1f1,2069,03,31,0.0,27.450216,11.068432,2069
19814,r2i1p1f1,2069,04,01,0.0,28.954298,13.325821,2069
19815,r2i1p1f1,2069,04,02,0.017784053125069477,28.186134,11.71452,2069
19816,r2i1p1f1,2069,04,03,0.0,26.777962,9.335912,2069
19817,r2i1p1f1,2069,04,04,1.1094856842788658,19.152868,4.793804,2069
19818,r2i1p1f1,2069,04,05,2.4255315258074006,18.06261,5.9242215,2069
19819,r2i1p1f1,2069,04,06,0.0,17.110538,2.5787191,2069
19820,r2i1p1f1,2069,04,07,0.0,20.735138,3.5235078,2069
19821,r2i1p1f1,2069,04,08,0.0,25.727137,8.213612,2069
19822,r2i1p1f1,2069,04,09,0.0,27.085854,10.024026,2069
19823,r2i1p1f1,2069,04,10,0.0,27.310207,11.52292,2069
19824,r2i1p1f1,2069,04,11,0.0,27.011349,9.523845,2069
19825,r2i1p1f1,2069,04,12,0.02262316756969085,22.944895,6.5501266,2069
19826,r2i1p1f1,2069,04,13,0.0,20.079113,1.6929915,2069
19827,r2i1p1f1,2069,04,14,6.9414580210832355,17.196579,5.0250926,2069
19828,r2i1p1f1,2069,04,15,5.342501162112967,14.92819,4.719694,2069
19829,r2i1p1f1,2069,04,16,0.9024840992367444,12.886514,3.2784278,2069
19830,r2i1p1f1,2069,04,17,0.0020260624751244904,16.60132,1.4371737,2069
19831,r2i1p1f1,2069,04,18,0.1894186582603652,15.2805805,-2.034515,2069
19832,r2i1p1f1,2069,04,19,1.1455235566643296,11.251713,5.445793,2069
19833,r2i1p1f1,2069,04,20,0.0,14.124615,2.1136556,2069
19834,r2i1p1f1,2069,04,21,0.0,17.712698,1.2517406,2069
19835,r2i1p1f1,2069,04,22,0.0,22.193594,3.7149684,2069
19836,r2i1p1f1,2069,04,23,0.0,24.36602,9.142292,2069
19837,r2i1p1f1,2069,04,24,0.11757631785940248,25.11265,6.7425494,2069
19838,r2i1p1f1,2069,04,25,0.0,25.879293,9.172175,2069
19839,r2i1p1f1,2069,04,26,0.0,23.097597,6.337157,2069
19840,r2i1p1f1,2069,04,27,0.0,18.291426,2.8732045,2069
19841,r2i1p1f1,2069,04,28,0.0,21.938953,5.772449,2069
19842,r2i1p1f1,2069,04,29,0.0,25.678968,8.056456,2069
19843,r2i1p1f1,2069,04,30,0.0,26.615913,9.083687,2069
19844,r2i1p1f1,2069,05,01,0.0,28.14486,10.702488,2069
19845,r2i1p1f1,2069,05,02,0.0,33.192482,14.913676,2069
19846,r2i1p1f1,2069,05,03,0.0,33.879604,15.696779,2069
19847,r2i1p1f1,2069,05,04,0.0,31.831099,13.532131,2069
19848,r2i1p1f1,2069,05,05,0.0,27.257864,9.611004,2069
19849,r2i1p1f1,2069,05,06,0.0,22.1514,6.6485376,2069
19850,r2i1p1f1,2069,05,07,0.0,25.50623,9.027622,2069
19851,r2i1p1f1,2069,05,08,0.0,26.840523,9.155391,2069
19852,r2i1p1f1,2069,05,09,0.0,26.014233,6.850851,2069
19853,r2i1p1f1,2069,05,10,0.0,18.495089,1.4755191,2069
19854,r2i1p1f1,2069,05,11,0.0,15.596678,0.19610432,2069
19855,r2i1p1f1,2069,05,12,0.0,19.075308,2.4010398,2069
19856,r2i1p1f1,2069,05,13,0.0,24.654385,9.301487,2069
19857,r2i1p1f1,2069,05,14,0.0,26.574108,9.26604,2069
19858,r2i1p1f1,2069,05,15,0.0023323299899402627,27.547823,8.539693,2069
19859,r2i1p1f1,2069,05,16,0.9528623844346384,19.786755,4.5271435,2069
19860,r2i1p1f1,2069,05,17,8.491871160003939,18.130966,4.1048255,2069
19861,r2i1p1f1,2069,05,18,0.8421394363040235,19.056074,4.9179726,2069
19862,r2i1p1f1,2069,05,19,0.279130937269656,25.106522,9.413938,2069
19863,r2i1p1f1,2069,05,20,0.0,25.96284,9.239753,2069
19864,r2i1p1f1,2069,05,21,0.0,26.605246,9.472563,2069
19865,r2i1p1f1,2069,05,22,0.0,24.518349,7.0816317,2069
19866,r2i1p1f1,2069,05,23,0.0,23.84971,7.0923524,2069
19867,r2i1p1f1,2069,05,24,0.0,28.980957,12.091734,2069
19868,r2i1p1f1,2069,05,25,0.0,29.298876,11.780804,2069
19869,r2i1p1f1,2069,05,26,0.0,28.223059,11.876643,2069
19870,r2i1p1f1,2069,05,27,0.0,26.82087,10.485974,2069
19871,r2i1p1f1,2069,05,28,0.0,32.707947,16.398415,2069
19872,r2i1p1f1,2069,05,29,0.0,35.205685,19.971481,2069
19873,r2i1p1f1,2069,05,30,0.0,35.619644,15.586147,2069
19874,r2i1p1f1,2069,05,31,0.0,28.600355,10.46812,2069
19875,r2i1p1f1,2069,06,01,0.0,23.97427,5.8405385,2069
19876,r2i1p1f1,2069,06,02,0.0,26.642271,10.523256,2069
19877,r2i1p1f1,2069,06,03,0.0,26.956251,7.7431955,2069
19878,r2i1p1f1,2069,06,04,0.0,24.991932,5.627906,2069
19879,r2i1p1f1,2069,06,05,0.14922186610419885,20.32067,5.643898,2069
19880,r2i1p1f1,2069,06,06,0.0,22.446861,7.0380764,2069
19881,r2i1p1f1,2069,06,07,0.0,25.997688,9.490897,2069
19882,r2i1p1f1,2069,06,08,0.0,27.121382,12.283243,2069
19883,r2i1p1f1,2069,06,09,0.0,29.168165,11.31667,2069
19884,r2i1p1f1,2069,06,10,0.0,30.563023,11.567159,2069
19885,r2i1p1f1,2069,06,11,0.0,30.030888,10.748452,2069
19886,r2i1p1f1,2069,06,12,0.0,32.08112,15.019423,2069
19887,r2i1p1f1,2069,06,13,0.0,35.161484,17.11236,2069
19888,r2i1p1f1,2069,06,14,0.0,36.9611,18.370209,2069
19889,r2i1p1f1,2069,06,15,0.0,36.910126,18.50396,2069
19890,r2i1p1f1,2069,06,16,0.0,35.1284,17.413816,2069
19891,r2i1p1f1,2069,06,17,0.0,36.816616,19.559639,2069
19892,r2i1p1f1,2069,06,18,0.041139298627967946,38.49124,20.559217,2069
19893,r2i1p1f1,2069,06,19,0.4977817189569578,36.97451,17.650023,2069
19894,r2i1p1f1,2069,06,20,2.007462863733167,33.42276,13.048176,2069
19895,r2i1p1f1,2069,06,21,14.337977137029156,24.397781,7.3323026,2069
19896,r2i1p1f1,2069,06,22,0.5217999256274197,29.934042,14.984914,2069
19897,r2i1p1f1,2069,06,23,1.67144843099436,31.02795,15.04432,2069
19898,r2i1p1f1,2069,06,24,0.0025537607143633068,33.297337,14.821723,2069
19899,r2i1p1f1,2069,06,25,0.0,31.109344,12.458867,2069
19900,r2i1p1f1,2069,06,26,1.2602301864717447,31.931803,12.988396,2069
19901,r2i1p1f1,2069,06,27,0.1390581465784635,33.290886,16.398888,2069
19902,r2i1p1f1,2069,06,28,0.0,33.992947,18.473255,2069
19903,r2i1p1f1,2069,06,29,0.0,32.91393,16.845373,2069
19904,r2i1p1f1,2069,06,30,0.0,28.82743,10.009249,2069
19905,r2i1p1f1,2069,07,01,0.0,24.654549,8.482034,2069
19906,r2i1p1f1,2069,07,02,0.0,23.789469,10.004317,2069
19907,r2i1p1f1,2069,07,03,0.0,28.841118,11.785385,2069
19908,r2i1p1f1,2069,07,04,0.0,31.231106,11.974425,2069
19909,r2i1p1f1,2069,07,05,0.0,34.996754,16.502455,2069
19910,r2i1p1f1,2069,07,06,0.0,39.8954,21.427458,2069
19911,r2i1p1f1,2069,07,07,0.0,40.051315,23.469688,2069
19912,r2i1p1f1,2069,07,08,0.0,39.38701,20.469969,2069
19913,r2i1p1f1,2069,07,09,0.05605806800303981,34.4785,16.650229,2069
19914,r2i1p1f1,2069,07,10,0.0,29.614786,12.628962,2069
19915,r2i1p1f1,2069,07,11,0.2377010720351791,24.094934,8.0986595,2069
19916,r2i1p1f1,2069,07,12,0.0527052008692408,28.519667,13.880698,2069
19917,r2i1p1f1,2069,07,13,0.0,30.848223,14.933552,2069
19918,r2i1p1f1,2069,07,14,0.0,35.80522,18.965286,2069
19919,r2i1p1f1,2069,07,15,0.0,36.709183,19.281683,2069
19920,r2i1p1f1,2069,07,16,0.0,36.993042,17.989584,2069
19921,r2i1p1f1,2069,07,17,0.0,36.7025,18.889061,2069
19922,r2i1p1f1,2069,07,18,0.0,33.709156,14.158045,2069
19923,r2i1p1f1,2069,07,19,0.0,33.261734,13.466489,2069
19924,r2i1p1f1,2069,07,20,0.0,34.12193,14.820995,2069
19925,r2i1p1f1,2069,07,21,0.0,35.67823,19.1671,2069
19926,r2i1p1f1,2069,07,22,0.0,37.120842,20.123117,2069
19927,r2i1p1f1,2069,07,23,0.0,37.173153,18.666405,2069
19928,r2i1p1f1,2069,07,24,0.0,36.56181,18.322393,2069
19929,r2i1p1f1,2069,07,25,0.0,35.639328,17.20143,2069
19930,r2i1p1f1,2069,07,26,0.0,36.750366,19.279606,2069
19931,r2i1p1f1,2069,07,27,0.0,37.03228,18.128159,2069
19932,r2i1p1f1,2069,07,28,0.0,35.421436,15.614018,2069
19933,r2i1p1f1,2069,07,29,0.0,34.22267,15.201303,2069
19934,r2i1p1f1,2069,07,30,0.0,35.105293,16.180363,2069
19935,r2i1p1f1,2069,07,31,0.0,36.488873,17.504198,2069
19936,r2i1p1f1,2069,08,01,0.0,37.708515,19.53241,2069
19937,r2i1p1f1,2069,08,02,0.0,37.987034,19.919832,2069
19938,r2i1p1f1,2069,08,03,0.0,37.406857,17.976599,2069
19939,r2i1p1f1,2069,08,04,0.0,36.076298,15.855842,2069
19940,r2i1p1f1,2069,08,05,0.0,34.861927,14.180391,2069
19941,r2i1p1f1,2069,08,06,0.0,34.51835,15.677667,2069
19942,r2i1p1f1,2069,08,07,0.0,36.65876,18.039951,2069
19943,r2i1p1f1,2069,08,08,0.0,38.231102,19.527393,2069
19944,r2i1p1f1,2069,08,09,0.0,38.926582,20.907478,2069
19945,r2i1p1f1,2069,08,10,0.0,38.754787,20.653578,2069
19946,r2i1p1f1,2069,08,11,0.0,38.942215,19.34022,2069
19947,r2i1p1f1,2069,08,12,0.0,34.893574,15.218887,2069
19948,r2i1p1f1,2069,08,13,0.0,32.775955,13.708731,2069
19949,r2i1p1f1,2069,08,14,0.0,30.70501,11.529303,2069
19950,r2i1p1f1,2069,08,15,0.0,29.337528,10.378281,2069
19951,r2i1p1f1,2069,08,16,0.0,28.323933,12.670265,2069
19952,r2i1p1f1,2069,08,17,0.0,28.877998,11.346396,2069
19953,r2i1p1f1,2069,08,18,0.0,29.587332,10.6024685,2069
19954,r2i1p1f1,2069,08,19,0.0,32.363518,13.623526,2069
19955,r2i1p1f1,2069,08,20,0.0,35.533737,17.823566,2069
19956,r2i1p1f1,2069,08,21,0.0,37.52094,19.659393,2069
19957,r2i1p1f1,2069,08,22,0.0,36.682873,17.940582,2069
19958,r2i1p1f1,2069,08,23,0.7632203505181678,36.533623,18.478449,2069
19959,r2i1p1f1,2069,08,24,0.0,32.934128,14.163481,2069
19960,r2i1p1f1,2069,08,25,0.0,32.77951,14.707685,2069
19961,r2i1p1f1,2069,08,26,0.0,33.76112,15.392885,2069
19962,r2i1p1f1,2069,08,27,0.0,35.353413,17.425903,2069
19963,r2i1p1f1,2069,08,28,0.0,35.48657,17.964642,2069
19964,r2i1p1f1,2069,08,29,0.0,34.68364,16.726814,2069
19965,r2i1p1f1,2069,08,30,0.0,33.226723,15.81912,2069
19966,r2i1p1f1,2069,08,31,0.0,33.91006,16.18085,2069
19967,r2i1p1f1,2069,09,01,0.0,34.72527,16.556854,2069
19968,r2i1p1f1,2069,09,02,0.0,34.8424,16.899637,2069
19969,r2i1p1f1,2069,09,03,0.0,35.2554,17.109173,2069
19970,r2i1p1f1,2069,09,04,0.0,33.642982,15.912197,2069
19971,r2i1p1f1,2069,09,05,0.0,33.188797,15.553513,2069
19972,r2i1p1f1,2069,09,06,0.0,31.62598,12.809843,2069
19973,r2i1p1f1,2069,09,07,0.0,30.715685,12.404129,2069
19974,r2i1p1f1,2069,09,08,0.0,29.760674,11.050971,2069
19975,r2i1p1f1,2069,09,09,0.0,29.836521,10.249768,2069
19976,r2i1p1f1,2069,09,10,0.0,28.479563,12.149937,2069
19977,r2i1p1f1,2069,09,11,0.0,29.093723,11.864834,2069
19978,r2i1p1f1,2069,09,12,0.0,30.650753,15.1925745,2069
19979,r2i1p1f1,2069,09,13,0.0,31.432804,16.812466,2069
19980,r2i1p1f1,2069,09,14,0.0,27.607834,10.393601,2069
19981,r2i1p1f1,2069,09,15,0.0,28.970316,12.450008,2069
19982,r2i1p1f1,2069,09,16,0.0,28.568665,14.024063,2069
19983,r2i1p1f1,2069,09,17,0.0,29.246983,12.212607,2069
19984,r2i1p1f1,2069,09,18,0.0,30.622673,13.287503,2069
19985,r2i1p1f1,2069,09,19,0.0,33.467037,15.4831,2069
19986,r2i1p1f1,2069,09,20,0.0,34.31232,16.860107,2069
19987,r2i1p1f1,2069,09,21,0.0,32.738895,15.164924,2069
19988,r2i1p1f1,2069,09,22,0.00030758039315514907,29.699642,13.442702,2069
19989,r2i1p1f1,2069,09,23,0.0,28.91721,13.333737,2069
19990,r2i1p1f1,2069,09,24,0.0,27.350103,11.35471,2069
19991,r2i1p1f1,2069,09,25,0.0,27.666647,11.274166,2069
19992,r2i1p1f1,2069,09,26,0.0,29.10969,13.9448185,2069
19993,r2i1p1f1,2069,09,27,0.0,30.264194,13.357195,2069
19994,r2i1p1f1,2069,09,28,0.026176235451202956,30.340738,13.853063,2069
19995,r2i1p1f1,2069,09,29,0.0,25.800913,11.925982,2069
19996,r2i1p1f1,2069,09,30,0.0,26.837276,10.655375,2069
19997,r2i1p1f1,2069,10,01,0.0,30.95008,13.908042,2069
19998,r2i1p1f1,2069,10,02,0.0,34.432976,18.729958,2069
19999,r2i1p1f1,2069,10,03,0.0,34.55634,19.324976,2069
20000,r2i1p1f1,2069,10,04,0.0,34.983883,17.241562,2069
20001,r2i1p1f1,2069,10,05,0.0,33.942352,16.79886,2069
20002,r2i1p1f1,2069,10,06,0.0,31.814047,14.903944,2069
20003,r2i1p1f1,2069,10,07,0.0,33.039318,16.709318,2069
20004,r2i1p1f1,2069,10,08,0.0,34.16027,17.429234,2069
20005,r2i1p1f1,2069,10,09,0.0480856881949876,33.761738,17.358809,2069
20006,r2i1p1f1,2069,10,10,0.0,31.931479,16.7168,2069
20007,r2i1p1f1,2069,10,11,0.1535172803301066,33.04428,16.631094,2069
20008,r2i1p1f1,2069,10,12,0.0,33.955574,17.781425,2069
20009,r2i1p1f1,2069,10,13,0.0,34.272224,17.971174,2069
20010,r2i1p1f1,2069,10,14,0.0,33.98867,15.431974,2069
20011,r2i1p1f1,2069,10,15,0.0,30.214285,14.502703,2069
20012,r2i1p1f1,2069,10,16,0.0,27.453775,13.342426,2069
20013,r2i1p1f1,2069,10,17,0.0,28.65139,13.902603,2069
20014,r2i1p1f1,2069,10,18,0.0,30.412157,13.854264,2069
20015,r2i1p1f1,2069,10,19,0.0,29.072178,13.016249,2069
20016,r2i1p1f1,2069,10,20,0.0,29.40859,14.070075,2069
20017,r2i1p1f1,2069,10,21,0.0,30.08477,15.09988,2069
20018,r2i1p1f1,2069,10,22,0.0,31.486904,16.0816,2069
20019,r2i1p1f1,2069,10,23,0.0,32.082047,16.59041,2069
20020,r2i1p1f1,2069,10,24,0.0,31.765903,14.8790245,2069
20021,r2i1p1f1,2069,10,25,0.0,28.336988,12.300878,2069
20022,r2i1p1f1,2069,10,26,0.0,26.952095,11.552235,2069
20023,r2i1p1f1,2069,10,27,0.0,26.664034,10.549322,2069
20024,r2i1p1f1,2069,10,28,0.0,20.051985,5.231818,2069
20025,r2i1p1f1,2069,10,29,0.0,13.69846,-0.5999615,2069
20026,r2i1p1f1,2069,10,30,0.0,16.597527,1.6577604,2069
20027,r2i1p1f1,2069,10,31,0.0,19.312347,4.1821265,2069
20028,r2i1p1f1,2069,11,01,0.0,21.557829,7.962343,2069
20029,r2i1p1f1,2069,11,02,0.0,21.61487,7.576574,2069
20030,r2i1p1f1,2069,11,03,0.0,21.131392,7.742873,2069
20031,r2i1p1f1,2069,11,04,0.0,24.095657,7.912519,2069
20032,r2i1p1f1,2069,11,05,0.0,26.521854,10.615739,2069
20033,r2i1p1f1,2069,11,06,0.0,27.57608,10.682419,2069
20034,r2i1p1f1,2069,11,07,0.0,25.912743,9.009388,2069
20035,r2i1p1f1,2069,11,08,17.102651902314392,14.844196,3.7011044,2069
20036,r2i1p1f1,2069,11,09,14.770578415118507,12.641323,6.9320154,2069
20037,r2i1p1f1,2069,11,10,0.0,15.8475,5.348591,2069
20038,r2i1p1f1,2069,11,11,0.0016959746972133871,14.757314,5.7576246,2069
20039,r2i1p1f1,2069,11,12,18.531009570506285,14.309145,5.930763,2069
20040,r2i1p1f1,2069,11,13,29.448955606676464,9.980673,4.6576405,2069
20041,r2i1p1f1,2069,11,14,9.257308914493478,10.717974,4.1566987,2069
20042,r2i1p1f1,2069,11,15,1.2859249284474572,13.433424,4.3442073,2069
20043,r2i1p1f1,2069,11,16,0.0,13.454863,1.429061,2069
20044,r2i1p1f1,2069,11,17,3.5974806410195015,13.185062,1.2515521,2069
20045,r2i1p1f1,2069,11,18,45.76998308693874,8.716692,4.713405,2069
20046,r2i1p1f1,2069,11,19,4.12847300132384,7.6547265,-1.0501962,2069
20047,r2i1p1f1,2069,11,20,0.0,6.2920165,-4.397885,2069
20048,r2i1p1f1,2069,11,21,0.0,7.945306,-4.444738,2069
20049,r2i1p1f1,2069,11,22,0.0,8.304943,-0.82185036,2069
20050,r2i1p1f1,2069,11,23,14.77989690265531,6.5847716,0.31246185,2069
20051,r2i1p1f1,2069,11,24,3.2389143362820505,6.5294247,-1.8605145,2069
20052,r2i1p1f1,2069,11,25,0.0,8.89097,-2.482716,2069
20053,r2i1p1f1,2069,11,26,0.0,14.660893,2.9147537,2069
20054,r2i1p1f1,2069,11,27,0.0,15.589794,4.7382436,2069
20055,r2i1p1f1,2069,11,28,4.488105202972292,13.758816,3.636843,2069
20056,r2i1p1f1,2069,11,29,14.436130765989219,12.035424,5.869612,2069
20057,r2i1p1f1,2069,11,30,40.7558308012085,15.047955,8.959471,2069
20058,r2i1p1f1,2069,12,01,7.620518393355269,15.45814,8.369549,2069
20059,r2i1p1f1,2069,12,02,6.2986428048589005,14.890137,4.187857,2069
20060,r2i1p1f1,2069,12,03,0.0,11.697002,5.9011927,2069
20061,r2i1p1f1,2069,12,04,0.0,11.514347,-0.041644044,2069
20062,r2i1p1f1,2069,12,05,0.0,12.0849695,0.596584,2069
20063,r2i1p1f1,2069,12,06,0.0,14.075587,2.201952,2069
20064,r2i1p1f1,2069,12,07,0.0,14.608217,3.406964,2069
20065,r2i1p1f1,2069,12,08,0.0,17.923698,6.8285336,2069
20066,r2i1p1f1,2069,12,09,0.0,20.646524,8.979118,2069
20067,r2i1p1f1,2069,12,10,0.0,19.957418,9.236042,2069
20068,r2i1p1f1,2069,12,11,0.0,19.3425,7.9908657,2069
20069,r2i1p1f1,2069,12,12,0.0,18.980576,8.292684,2069
20070,r2i1p1f1,2069,12,13,0.0,19.195896,8.176768,2069
20071,r2i1p1f1,2069,12,14,0.0,19.094927,8.353367,2069
20072,r2i1p1f1,2069,12,15,0.0,18.515446,7.3348093,2069
20073,r2i1p1f1,2069,12,16,0.0,17.497488,5.5219793,2069
20074,r2i1p1f1,2069,12,17,0.0,12.423679,2.8509407,2069
20075,r2i1p1f1,2069,12,18,0.0,16.528757,3.2151616,2069
20076,r2i1p1f1,2069,12,19,0.0,16.714714,4.6592546,2069
20077,r2i1p1f1,2069,12,20,0.0,17.463585,5.75509,2069
20078,r2i1p1f1,2069,12,21,0.013950431184639456,15.564178,4.5111957,2069
20079,r2i1p1f1,2069,12,22,0.0,12.327531,0.78853285,2069
20080,r2i1p1f1,2069,12,23,11.285246616444056,7.845008,3.5517092,2069
20081,r2i1p1f1,2069,12,24,7.151869172139413,6.2990713,1.7914423,2069
20082,r2i1p1f1,2069,12,25,0.09181418735693114,6.739084,-2.1001651,2069
20083,r2i1p1f1,2069,12,26,22.32619641481506,6.669904,1.4542416,2069
20084,r2i1p1f1,2069,12,27,0.0,11.820545,0.6670204,2069
20085,r2i1p1f1,2069,12,28,0.0,12.127461,0.88181025,2069
20086,r2i1p1f1,2069,12,29,0.0,12.916916,1.7180642,2069
20087,r2i1p1f1,2069,12,30,0.0,12.722304,1.6594441,2069
20088,r2i1p1f1,2069,12,31,22.431021009651886,9.308151,2.1566548,2069
20089,r2i1p1f1,2070,01,01,2.849100355447831,9.323805,-0.8247864,2070
20090,r2i1p1f1,2070,01,02,10.370766806772735,7.352857,1.8248075,2070
20091,r2i1p1f1,2070,01,03,55.751761875944794,8.8415575,2.9796767,2070
20092,r2i1p1f1,2070,01,04,26.323104590483126,8.474795,-3.3808203,2070
20093,r2i1p1f1,2070,01,05,0.007012565299646667,6.2925024,-0.38185787,2070
20094,r2i1p1f1,2070,01,06,0.03965965319139286,7.0934424,-0.104301184,2070
20095,r2i1p1f1,2070,01,07,63.11585000294144,8.320321,2.4657192,2070
20096,r2i1p1f1,2070,01,08,9.668390771184932,6.9112706,-1.1416632,2070
20097,r2i1p1f1,2070,01,09,2.6581477720810653,7.9754386,1.9973679,2070
20098,r2i1p1f1,2070,01,10,0.0,11.600568,1.6488516,2070
20099,r2i1p1f1,2070,01,11,0.0,11.709761,3.3812253,2070
20100,r2i1p1f1,2070,01,12,0.0,11.975582,2.6662295,2070
20101,r2i1p1f1,2070,01,13,11.883164880379127,10.452381,3.9747875,2070
20102,r2i1p1f1,2070,01,14,73.20230508194072,10.290459,5.4575896,2070
20103,r2i1p1f1,2070,01,15,55.405257269740105,11.591419,0.90011334,2070
20104,r2i1p1f1,2070,01,16,3.649893014699046,4.4519176,-3.5396907,2070
20105,r2i1p1f1,2070,01,17,0.0,8.62219,-2.233204,2070
20106,r2i1p1f1,2070,01,18,23.724908076474094,8.481366,-2.8398535,2070
20107,r2i1p1f1,2070,01,19,71.68638042930979,12.164127,6.359026,2070
20108,r2i1p1f1,2070,01,20,10.763345416853554,10.531688,6.002873,2070
20109,r2i1p1f1,2070,01,21,0.0,10.792993,0.27771398,2070
20110,r2i1p1f1,2070,01,22,0.0,11.183868,-0.93695706,2070
20111,r2i1p1f1,2070,01,23,0.0,12.955034,1.6438694,2070
20112,r2i1p1f1,2070,01,24,0.0,12.942141,0.8565755,2070
20113,r2i1p1f1,2070,01,25,31.792913484969176,11.183237,5.0953755,2070
20114,r2i1p1f1,2070,01,26,0.0,11.269517,3.8486133,2070
20115,r2i1p1f1,2070,01,27,0.0,14.908656,2.6584754,2070
20116,r2i1p1f1,2070,01,28,0.0,16.699299,3.9999647,2070
20117,r2i1p1f1,2070,01,29,0.0,17.969326,5.2773523,2070
20118,r2i1p1f1,2070,01,30,0.0,19.135326,7.32778,2070
20119,r2i1p1f1,2070,01,31,0.0,20.349186,7.7895226,2070
20120,r2i1p1f1,2070,02,01,0.0,19.857767,6.5752277,2070
20121,r2i1p1f1,2070,02,02,0.0,19.836906,6.2072353,2070
20122,r2i1p1f1,2070,02,03,0.0,20.102867,5.885665,2070
20123,r2i1p1f1,2070,02,04,0.0,17.474754,4.1289315,2070
20124,r2i1p1f1,2070,02,05,0.06223743716873287,16.290144,6.0061364,2070
20125,r2i1p1f1,2070,02,06,17.439802635544766,14.731849,6.0456667,2070
20126,r2i1p1f1,2070,02,07,14.399040973682986,14.896737,5.915669,2070
20127,r2i1p1f1,2070,02,08,3.8267192228346403,14.393804,6.204555,2070
20128,r2i1p1f1,2070,02,09,0.8195334369361262,11.306126,2.4824457,2070
20129,r2i1p1f1,2070,02,10,0.0,10.399095,-1.8269808,2070
20130,r2i1p1f1,2070,02,11,0.0,13.075268,-0.5546522,2070
20131,r2i1p1f1,2070,02,12,0.0,15.627921,1.7855263,2070
20132,r2i1p1f1,2070,02,13,0.0,16.56544,3.014741,2070
20133,r2i1p1f1,2070,02,14,1.7165746296825546,13.489884,3.3923025,2070
20134,r2i1p1f1,2070,02,15,3.5815926351347116,8.062801,0.5695367,2070
20135,r2i1p1f1,2070,02,16,0.015456908295163885,6.5059977,-4.9354424,2070
20136,r2i1p1f1,2070,02,17,0.0,7.1118064,-3.008079,2070
20137,r2i1p1f1,2070,02,18,0.0,10.957656,-1.7201028,2070
20138,r2i1p1f1,2070,02,19,0.0,12.898998,-0.04145866,2070
20139,r2i1p1f1,2070,02,20,0.0,14.32303,1.222996,2070
20140,r2i1p1f1,2070,02,21,0.0,16.049309,3.419604,2070
20141,r2i1p1f1,2070,02,22,0.0,17.466011,4.9834576,2070
20142,r2i1p1f1,2070,02,23,0.0,18.312351,5.6152196,2070
20143,r2i1p1f1,2070,02,24,0.0,18.268785,5.3933864,2070
20144,r2i1p1f1,2070,02,25,0.0,19.478977,6.4608417,2070
20145,r2i1p1f1,2070,02,26,0.0,20.186672,6.878759,2070
20146,r2i1p1f1,2070,02,27,1.0877630702907481,19.743546,7.6567535,2070
20147,r2i1p1f1,2070,02,28,0.01169744245999027,16.819439,6.360756,2070
20148,r2i1p1f1,2070,03,01,0.0,17.186642,0.26777828,2070
20149,r2i1p1f1,2070,03,02,0.0,15.330341,2.3314755,2070
20150,r2i1p1f1,2070,03,03,0.0,15.537846,2.8939192,2070
20151,r2i1p1f1,2070,03,04,0.0,16.752743,1.4569653,2070
20152,r2i1p1f1,2070,03,05,0.0,18.056074,2.792867,2070
20153,r2i1p1f1,2070,03,06,0.0,18.141302,5.743971,2070
20154,r2i1p1f1,2070,03,07,0.0,18.781563,3.2582598,2070
20155,r2i1p1f1,2070,03,08,0.0,21.626299,6.1890197,2070
20156,r2i1p1f1,2070,03,09,0.0,22.277514,9.920493,2070
20157,r2i1p1f1,2070,03,10,0.0,25.775488,8.308163,2070
20158,r2i1p1f1,2070,03,11,0.0,25.884579,9.971662,2070
20159,r2i1p1f1,2070,03,12,0.0,23.352043,7.690885,2070
20160,r2i1p1f1,2070,03,13,0.0,18.624752,5.096054,2070
20161,r2i1p1f1,2070,03,14,0.7989410524601226,13.338392,3.7040923,2070
20162,r2i1p1f1,2070,03,15,0.0,18.423058,3.0614772,2070
20163,r2i1p1f1,2070,03,16,30.5244806673727,15.740973,4.211968,2070
20164,r2i1p1f1,2070,03,17,1.0307669113899465,12.617352,8.38921,2070
20165,r2i1p1f1,2070,03,18,0.0,14.662434,2.0276544,2070
20166,r2i1p1f1,2070,03,19,0.0,18.946701,1.5984578,2070
20167,r2i1p1f1,2070,03,20,0.0,20.485195,4.207037,2070
20168,r2i1p1f1,2070,03,21,0.13290748969438937,19.827888,3.5045824,2070
20169,r2i1p1f1,2070,03,22,2.9133626459213247,14.802007,7.4803095,2070
20170,r2i1p1f1,2070,03,23,2.056661566734874,14.741863,6.22709,2070
20171,r2i1p1f1,2070,03,24,0.0,17.799587,2.272865,2070
20172,r2i1p1f1,2070,03,25,0.0,18.401453,3.7369652,2070
20173,r2i1p1f1,2070,03,26,21.573265616325443,12.611604,4.3880115,2070
20174,r2i1p1f1,2070,03,27,15.823444361149086,11.26521,4.28642,2070
20175,r2i1p1f1,2070,03,28,0.024316457933082347,12.124315,4.4703927,2070
20176,r2i1p1f1,2070,03,29,2.4294473613736045,10.84866,3.142092,2070
20177,r2i1p1f1,2070,03,30,0.0,15.671306,-0.38242975,2070
20178,r2i1p1f1,2070,03,31,0.0,21.974432,3.3418787,2070
20179,r2i1p1f1,2070,04,01,0.0,23.10485,7.5474176,2070
20180,r2i1p1f1,2070,04,02,0.0,21.936274,6.9838505,2070
20181,r2i1p1f1,2070,04,03,0.23206755340652307,15.968983,2.3308847,2070
20182,r2i1p1f1,2070,04,04,0.0,16.432734,0.07185332,2070
20183,r2i1p1f1,2070,04,05,0.0,17.14656,3.2439647,2070
20184,r2i1p1f1,2070,04,06,0.49425050169702445,13.061044,3.0077417,2070
20185,r2i1p1f1,2070,04,07,12.280859543534461,12.111492,5.973877,2070
20186,r2i1p1f1,2070,04,08,0.0,14.779275,0.012111558,2070
20187,r2i1p1f1,2070,04,09,1.6787812044697148,13.433601,6.443365,2070
20188,r2i1p1f1,2070,04,10,20.98288225433862,11.436019,2.26871,2070
20189,r2i1p1f1,2070,04,11,6.354290720923927,9.705156,3.5681758,2070
20190,r2i1p1f1,2070,04,12,0.03393278097973962,13.453632,3.1575427,2070
20191,r2i1p1f1,2070,04,13,0.4504071877363458,12.8704,2.8777235,2070
20192,r2i1p1f1,2070,04,14,0.0,17.286324,2.3692002,2070
20193,r2i1p1f1,2070,04,15,0.0,22.126883,3.6089041,2070
20194,r2i1p1f1,2070,04,16,0.0,20.770376,4.7457714,2070
20195,r2i1p1f1,2070,04,17,0.09658673804011642,18.094814,5.5316887,2070
20196,r2i1p1f1,2070,04,18,0.0,21.515566,6.2408113,2070
20197,r2i1p1f1,2070,04,19,0.0,27.728926,10.141603,2070
20198,r2i1p1f1,2070,04,20,0.0,28.043335,12.175233,2070
20199,r2i1p1f1,2070,04,21,0.0,26.076195,10.961646,2070
20200,r2i1p1f1,2070,04,22,0.0,25.133778,9.773424,2070
20201,r2i1p1f1,2070,04,23,0.0,21.246548,8.176065,2070
20202,r2i1p1f1,2070,04,24,0.0,24.900263,9.35307,2070
20203,r2i1p1f1,2070,04,25,0.0,28.98098,13.296225,2070
20204,r2i1p1f1,2070,04,26,0.0,31.697517,14.299111,2070
20205,r2i1p1f1,2070,04,27,0.0,31.541832,13.974136,2070
20206,r2i1p1f1,2070,04,28,0.6162135277008929,25.293097,8.961457,2070
20207,r2i1p1f1,2070,04,29,1.924429751579737,29.82449,13.364791,2070
20208,r2i1p1f1,2070,04,30,2.847085256371429,30.53129,12.651753,2070
20209,r2i1p1f1,2070,05,01,1.2703876787099944,26.013521,8.331452,2070
20210,r2i1p1f1,2070,05,02,0.0,31.302076,12.5457115,2070
20211,r2i1p1f1,2070,05,03,0.0486224936707913,30.370518,11.687347,2070
20212,r2i1p1f1,2070,05,04,2.016143864841524,21.16535,3.1114187,2070
20213,r2i1p1f1,2070,05,05,5.211856555547456,18.58944,5.744313,2070
20214,r2i1p1f1,2070,05,06,3.179922084737541,18.80221,6.736298,2070
20215,r2i1p1f1,2070,05,07,8.927123229807421,14.722164,5.163999,2070
20216,r2i1p1f1,2070,05,08,29.41730318507325,9.604174,-0.0646659,2070
20217,r2i1p1f1,2070,05,09,10.783509080215481,8.594672,0.5767474,2070
20218,r2i1p1f1,2070,05,10,0.0,15.206923,0.19486554,2070
20219,r2i1p1f1,2070,05,11,0.0,17.462234,4.8054557,2070
20220,r2i1p1f1,2070,05,12,0.0,21.649162,5.5043373,2070
20221,r2i1p1f1,2070,05,13,0.0,24.803755,8.834051,2070
20222,r2i1p1f1,2070,05,14,0.0,24.824781,8.703556,2070
20223,r2i1p1f1,2070,05,15,0.010146603199245874,23.959488,6.9096584,2070
20224,r2i1p1f1,2070,05,16,0.039265010980216175,19.608366,3.6768863,2070
20225,r2i1p1f1,2070,05,17,0.0,20.412804,4.681552,2070
20226,r2i1p1f1,2070,05,18,0.0,26.642342,10.160347,2070
20227,r2i1p1f1,2070,05,19,0.0,31.108131,13.929673,2070
20228,r2i1p1f1,2070,05,20,0.0,31.445723,13.684147,2070
20229,r2i1p1f1,2070,05,21,0.0,30.338528,12.743764,2070
20230,r2i1p1f1,2070,05,22,0.0,29.05859,11.266123,2070
20231,r2i1p1f1,2070,05,23,0.0,27.004631,11.340831,2070
20232,r2i1p1f1,2070,05,24,0.0,31.5527,14.668184,2070
20233,r2i1p1f1,2070,05,25,0.0,35.1122,17.486856,2070
20234,r2i1p1f1,2070,05,26,0.0,36.420116,18.331055,2070
20235,r2i1p1f1,2070,05,27,0.0,36.668503,18.371975,2070
20236,r2i1p1f1,2070,05,28,0.0,33.481625,15.685384,2070
20237,r2i1p1f1,2070,05,29,0.0,31.155605,13.550396,2070
20238,r2i1p1f1,2070,05,30,0.0,29.381126,9.7502165,2070
20239,r2i1p1f1,2070,05,31,0.0,27.888367,11.972332,2070
20240,r2i1p1f1,2070,06,01,0.0,28.953447,11.507549,2070
20241,r2i1p1f1,2070,06,02,0.0,29.515804,11.097267,2070
20242,r2i1p1f1,2070,06,03,0.0,25.104654,7.8209467,2070
20243,r2i1p1f1,2070,06,04,0.28847692819908843,24.71275,7.3522315,2070
20244,r2i1p1f1,2070,06,05,0.0,23.95803,8.200163,2070
20245,r2i1p1f1,2070,06,06,0.03516887757228915,20.743792,6.3929873,2070
20246,r2i1p1f1,2070,06,07,0.0,20.880112,5.5229383,2070
20247,r2i1p1f1,2070,06,08,0.0,21.632387,5.3434496,2070
20248,r2i1p1f1,2070,06,09,0.0,26.558176,6.822238,2070
20249,r2i1p1f1,2070,06,10,0.0,29.024467,9.276238,2070
20250,r2i1p1f1,2070,06,11,0.0,30.051382,11.55767,2070
20251,r2i1p1f1,2070,06,12,0.0,30.515652,10.789953,2070
20252,r2i1p1f1,2070,06,13,0.0,27.512222,8.63727,2070
20253,r2i1p1f1,2070,06,14,0.0,24.71913,7.132227,2070
20254,r2i1p1f1,2070,06,15,0.0,29.42849,10.693314,2070
20255,r2i1p1f1,2070,06,16,0.0,29.583536,10.988524,2070
20256,r2i1p1f1,2070,06,17,0.0,30.899427,13.680575,2070
20257,r2i1p1f1,2070,06,18,0.0,32.618088,15.719681,2070
20258,r2i1p1f1,2070,06,19,0.0,34.5897,13.956363,2070
20259,r2i1p1f1,2070,06,20,0.0,33.044968,13.097141,2070
20260,r2i1p1f1,2070,06,21,0.0,29.179121,11.595503,2070
20261,r2i1p1f1,2070,06,22,0.0,26.693203,9.367318,2070
20262,r2i1p1f1,2070,06,23,0.0,25.439543,8.02436,2070
20263,r2i1p1f1,2070,06,24,0.0,25.085634,8.892558,2070
20264,r2i1p1f1,2070,06,25,0.0,28.376047,12.025375,2070
20265,r2i1p1f1,2070,06,26,0.0,29.181448,10.675254,2070
20266,r2i1p1f1,2070,06,27,0.0,27.480413,8.094311,2070
20267,r2i1p1f1,2070,06,28,0.0,27.574211,10.593242,2070
20268,r2i1p1f1,2070,06,29,0.0,31.897078,13.225084,2070
20269,r2i1p1f1,2070,06,30,0.0,33.159912,14.747441,2070
20270,r2i1p1f1,2070,07,01,0.0,33.80389,14.432936,2070
20271,r2i1p1f1,2070,07,02,0.0,33.747944,14.499349,2070
20272,r2i1p1f1,2070,07,03,0.0,32.28804,15.165929,2070
20273,r2i1p1f1,2070,07,04,0.0,32.019077,14.327061,2070
20274,r2i1p1f1,2070,07,05,0.0,31.071617,13.99042,2070
20275,r2i1p1f1,2070,07,06,0.0,30.268131,12.713837,2070
20276,r2i1p1f1,2070,07,07,0.0,25.493818,10.587724,2070
20277,r2i1p1f1,2070,07,08,0.0,28.693224,11.86858,2070
20278,r2i1p1f1,2070,07,09,0.0,31.713009,13.624425,2070
20279,r2i1p1f1,2070,07,10,0.0,32.82754,14.167912,2070
20280,r2i1p1f1,2070,07,11,0.0,33.443256,15.117083,2070
20281,r2i1p1f1,2070,07,12,0.0,34.755978,17.23461,2070
20282,r2i1p1f1,2070,07,13,0.0,37.14796,18.881393,2070
20283,r2i1p1f1,2070,07,14,0.0,38.49409,20.284647,2070
20284,r2i1p1f1,2070,07,15,0.0,40.79344,22.4283,2070
20285,r2i1p1f1,2070,07,16,0.0,41.313328,21.253605,2070
20286,r2i1p1f1,2070,07,17,0.0,41.124165,20.591957,2070
20287,r2i1p1f1,2070,07,18,0.0,34.908905,16.519627,2070
20288,r2i1p1f1,2070,07,19,0.0,36.87457,18.92678,2070
20289,r2i1p1f1,2070,07,20,0.0,37.665222,19.492016,2070
20290,r2i1p1f1,2070,07,21,0.0,40.465866,23.555716,2070
20291,r2i1p1f1,2070,07,22,0.12324380898007803,41.743645,20.868488,2070
20292,r2i1p1f1,2070,07,23,0.0,35.734444,18.782694,2070
20293,r2i1p1f1,2070,07,24,0.0,36.12828,17.861355,2070
20294,r2i1p1f1,2070,07,25,0.0,35.801395,16.649471,2070
20295,r2i1p1f1,2070,07,26,0.0,35.07051,16.02456,2070
20296,r2i1p1f1,2070,07,27,0.0,35.54077,16.456656,2070
20297,r2i1p1f1,2070,07,28,0.0,36.796917,16.469734,2070
20298,r2i1p1f1,2070,07,29,0.0,38.35048,19.798439,2070
20299,r2i1p1f1,2070,07,30,0.0,37.553963,19.854836,2070
20300,r2i1p1f1,2070,07,31,0.0,37.347836,18.0419,2070
20301,r2i1p1f1,2070,08,01,0.0,37.410828,19.542027,2070
20302,r2i1p1f1,2070,08,02,0.0,36.422516,16.736519,2070
20303,r2i1p1f1,2070,08,03,0.0,36.33224,17.487003,2070
20304,r2i1p1f1,2070,08,04,0.0,36.05646,17.54821,2070
20305,r2i1p1f1,2070,08,05,0.0,34.792297,15.102428,2070
20306,r2i1p1f1,2070,08,06,0.0,34.43404,14.346656,2070
20307,r2i1p1f1,2070,08,07,0.0,35.45589,17.30891,2070
20308,r2i1p1f1,2070,08,08,0.0,36.275993,17.817898,2070
20309,r2i1p1f1,2070,08,09,0.0,37.16329,17.297739,2070
20310,r2i1p1f1,2070,08,10,0.0,36.14992,15.687664,2070
20311,r2i1p1f1,2070,08,11,0.0,34.41136,16.61734,2070
20312,r2i1p1f1,2070,08,12,0.0,35.547394,18.782642,2070
20313,r2i1p1f1,2070,08,13,0.0,38.28728,21.657152,2070
20314,r2i1p1f1,2070,08,14,0.0,41.011276,23.709932,2070
20315,r2i1p1f1,2070,08,15,0.0,42.931755,25.541945,2070
20316,r2i1p1f1,2070,08,16,0.3970775704829066,42.245777,22.405539,2070
20317,r2i1p1f1,2070,08,17,0.0,38.53041,18.844822,2070
20318,r2i1p1f1,2070,08,18,0.0,39.685833,22.714851,2070
20319,r2i1p1f1,2070,08,19,0.0,40.151855,20.438164,2070
20320,r2i1p1f1,2070,08,20,0.0,36.866146,16.611118,2070
20321,r2i1p1f1,2070,08,21,0.0,34.965305,15.700138,2070
20322,r2i1p1f1,2070,08,22,0.0,34.914017,16.716887,2070
20323,r2i1p1f1,2070,08,23,0.029113234541000566,35.70549,17.34873,2070
20324,r2i1p1f1,2070,08,24,0.0,37.81117,18.522196,2070
20325,r2i1p1f1,2070,08,25,0.0,37.712353,20.421318,2070
20326,r2i1p1f1,2070,08,26,0.0008960535012647597,38.168003,19.9327,2070
20327,r2i1p1f1,2070,08,27,9.604717285083098,31.914406,10.976985,2070
20328,r2i1p1f1,2070,08,28,0.0,29.895542,14.577382,2070
20329,r2i1p1f1,2070,08,29,0.0,30.790384,12.923443,2070
20330,r2i1p1f1,2070,08,30,0.0,28.642347,10.359444,2070
20331,r2i1p1f1,2070,08,31,0.0,25.580242,7.4542336,2070
20332,r2i1p1f1,2070,09,01,0.0,29.390755,10.947589,2070
20333,r2i1p1f1,2070,09,02,0.0,30.8269,13.982403,2070
20334,r2i1p1f1,2070,09,03,0.0,33.333828,15.13943,2070
20335,r2i1p1f1,2070,09,04,0.0,34.75035,16.534641,2070
20336,r2i1p1f1,2070,09,05,0.0,35.265625,17.655117,2070
20337,r2i1p1f1,2070,09,06,0.0,36.42131,19.63719,2070
20338,r2i1p1f1,2070,09,07,0.0,37.986443,20.48974,2070
20339,r2i1p1f1,2070,09,08,0.0,38.623592,19.95821,2070
20340,r2i1p1f1,2070,09,09,0.0,38.54092,20.242325,2070
20341,r2i1p1f1,2070,09,10,0.0,38.85772,19.597698,2070
20342,r2i1p1f1,2070,09,11,0.0,38.458027,19.176937,2070
20343,r2i1p1f1,2070,09,12,0.0,36.1708,17.05749,2070
20344,r2i1p1f1,2070,09,13,0.0,32.44084,13.609512,2070
20345,r2i1p1f1,2070,09,14,0.0,29.972975,10.813671,2070
20346,r2i1p1f1,2070,09,15,0.0,29.270058,10.803674,2070
20347,r2i1p1f1,2070,09,16,0.0,30.174686,13.027478,2070
20348,r2i1p1f1,2070,09,17,0.0,31.926313,13.282734,2070
20349,r2i1p1f1,2070,09,18,0.0,32.66905,14.3459,2070
20350,r2i1p1f1,2070,09,19,0.13327763745110133,27.147451,11.423667,2070
20351,r2i1p1f1,2070,09,20,4.925043175546762,23.838404,9.526592,2070
20352,r2i1p1f1,2070,09,21,2.1129619988187187,22.807835,8.466773,2070
20353,r2i1p1f1,2070,09,22,0.13821739059949323,20.627777,8.550792,2070
20354,r2i1p1f1,2070,09,23,0.0,22.662622,7.9532166,2070
20355,r2i1p1f1,2070,09,24,0.0,23.36094,9.300887,2070
20356,r2i1p1f1,2070,09,25,0.0,25.23778,6.1351542,2070
20357,r2i1p1f1,2070,09,26,0.0,27.277576,8.754384,2070
20358,r2i1p1f1,2070,09,27,0.0,28.223417,11.354759,2070
20359,r2i1p1f1,2070,09,28,0.0,28.311607,9.517455,2070
20360,r2i1p1f1,2070,09,29,0.0,28.084274,10.432458,2070
20361,r2i1p1f1,2070,09,30,0.0,31.104532,13.808132,2070
20362,r2i1p1f1,2070,10,01,0.0,31.862837,14.970849,2070
20363,r2i1p1f1,2070,10,02,0.0,32.728333,15.833644,2070
20364,r2i1p1f1,2070,10,03,0.0,33.430103,14.998169,2070
20365,r2i1p1f1,2070,10,04,0.0,32.31537,13.636617,2070
20366,r2i1p1f1,2070,10,05,0.0,28.733334,11.226703,2070
20367,r2i1p1f1,2070,10,06,0.0,23.778913,10.058124,2070
20368,r2i1p1f1,2070,10,07,0.0,20.302635,6.026302,2070
20369,r2i1p1f1,2070,10,08,0.0,23.550781,3.9663196,2070
20370,r2i1p1f1,2070,10,09,0.0,25.385002,9.519474,2070
20371,r2i1p1f1,2070,10,10,0.0,28.267727,11.898638,2070
20372,r2i1p1f1,2070,10,11,0.0,32.396328,13.851621,2070
20373,r2i1p1f1,2070,10,12,0.0,33.40223,15.213837,2070
20374,r2i1p1f1,2070,10,13,0.0,32.205635,17.133085,2070
20375,r2i1p1f1,2070,10,14,0.0,33.664646,18.471043,2070
20376,r2i1p1f1,2070,10,15,0.0,33.896503,18.705952,2070
20377,r2i1p1f1,2070,10,16,0.0,31.986532,16.989046,2070
20378,r2i1p1f1,2070,10,17,0.0,31.841227,14.866826,2070
20379,r2i1p1f1,2070,10,18,0.0,30.111752,12.359593,2070
20380,r2i1p1f1,2070,10,19,0.0,26.280039,11.912771,2070
20381,r2i1p1f1,2070,10,20,0.0,25.657051,10.38739,2070
20382,r2i1p1f1,2070,10,21,0.0,29.311714,14.260365,2070
20383,r2i1p1f1,2070,10,22,0.0,29.457106,13.769065,2070
20384,r2i1p1f1,2070,10,23,0.0,29.046984,11.892286,2070
20385,r2i1p1f1,2070,10,24,0.0,30.578714,14.056553,2070
20386,r2i1p1f1,2070,10,25,0.0,30.755882,14.554762,2070
20387,r2i1p1f1,2070,10,26,0.0,31.321648,15.39063,2070
20388,r2i1p1f1,2070,10,27,0.0,30.751244,15.916306,2070
20389,r2i1p1f1,2070,10,28,0.0,31.815613,15.186068,2070
20390,r2i1p1f1,2070,10,29,0.0,27.09609,9.16833,2070
20391,r2i1p1f1,2070,10,30,0.0,24.726587,9.05735,2070
20392,r2i1p1f1,2070,10,31,14.208098548624548,17.075933,8.781618,2070
20393,r2i1p1f1,2070,11,01,18.708449928089976,14.03758,7.3223715,2070
20394,r2i1p1f1,2070,11,02,28.939973833485055,10.782467,4.2670417,2070
20395,r2i1p1f1,2070,11,03,0.0,16.456224,4.3870707,2070
20396,r2i1p1f1,2070,11,04,0.0,20.59056,6.3213406,2070
20397,r2i1p1f1,2070,11,05,0.0,21.135973,6.2401824,2070
20398,r2i1p1f1,2070,11,06,0.0,15.666197,2.9668403,2070
20399,r2i1p1f1,2070,11,07,9.559968950304665,11.527901,4.8723655,2070
20400,r2i1p1f1,2070,11,08,66.27874033874832,13.281369,5.6874595,2070
20401,r2i1p1f1,2070,11,09,26.981640515077743,8.17918,-0.06055074,2070
20402,r2i1p1f1,2070,11,10,37.03847406750356,8.706013,2.1066937,2070
20403,r2i1p1f1,2070,11,11,55.457037659653,11.884113,3.8260624,2070
20404,r2i1p1f1,2070,11,12,5.388283664433402,11.391804,0.5466968,2070
20405,r2i1p1f1,2070,11,13,0.07539090468071663,8.38608,-2.1691525,2070
20406,r2i1p1f1,2070,11,14,0.0,7.6797376,-3.2730405,2070
20407,r2i1p1f1,2070,11,15,0.0,9.019103,-2.400912,2070
20408,r2i1p1f1,2070,11,16,0.0,10.304838,-1.7019753,2070
20409,r2i1p1f1,2070,11,17,0.0,11.439418,0.37701857,2070
20410,r2i1p1f1,2070,11,18,0.0,12.92869,1.3723052,2070
20411,r2i1p1f1,2070,11,19,0.0,14.713817,4.151908,2070
20412,r2i1p1f1,2070,11,20,0.0,15.733898,2.726708,2070
20413,r2i1p1f1,2070,11,21,1.3097966489453938,14.73744,2.4449403,2070
20414,r2i1p1f1,2070,11,22,39.36123802122893,9.273815,5.206545,2070
20415,r2i1p1f1,2070,11,23,25.11610773984785,10.354244,0.98525304,2070
20416,r2i1p1f1,2070,11,24,2.6357764701970154,6.079045,-2.089544,2070
20417,r2i1p1f1,2070,11,25,0.0,7.202457,-3.9540706,2070
20418,r2i1p1f1,2070,11,26,0.0,8.898724,-3.386901,2070
20419,r2i1p1f1,2070,11,27,0.0,8.847892,-3.3843668,2070
20420,r2i1p1f1,2070,11,28,0.0,10.144712,-1.5859133,2070
20421,r2i1p1f1,2070,11,29,11.280379208983504,10.980503,-1.0861753,2070
20422,r2i1p1f1,2070,11,30,44.625273514247965,9.248844,3.3642044,2070
20423,r2i1p1f1,2070,12,01,82.56444757425925,9.258917,3.3313236,2070
20424,r2i1p1f1,2070,12,02,2.2878416873027163,6.2624187,-0.28742796,2070
20425,r2i1p1f1,2070,12,03,11.151170461380389,8.097697,-0.46296766,2070
20426,r2i1p1f1,2070,12,04,3.27067311409337,8.40344,-0.9757896,2070
20427,r2i1p1f1,2070,12,05,0.0,8.287097,-2.9848037,2070
20428,r2i1p1f1,2070,12,06,0.0,9.448684,-1.120772,2070
20429,r2i1p1f1,2070,12,07,7.742782246805291,5.0193677,-0.6137211,2070
20430,r2i1p1f1,2070,12,08,0.0,10.16169,-0.008832084,2070
20431,r2i1p1f1,2070,12,09,0.0,12.382416,0.77090114,2070
20432,r2i1p1f1,2070,12,10,10.223134363968711,10.135202,-0.12025627,2070
20433,r2i1p1f1,2070,12,11,62.5219802299398,8.766216,2.8459167,2070
20434,r2i1p1f1,2070,12,12,0.0,8.740694,1.9479795,2070
20435,r2i1p1f1,2070,12,13,19.126190821043565,8.149383,-0.99546117,2070
20436,r2i1p1f1,2070,12,14,6.609024129255658,9.362193,2.719701,2070
20437,r2i1p1f1,2070,12,15,0.0,12.209316,3.0550997,2070
20438,r2i1p1f1,2070,12,16,0.05610249215806107,13.84952,3.5849657,2070
20439,r2i1p1f1,2070,12,17,31.028171061188914,11.272336,2.1492045,2070
20440,r2i1p1f1,2070,12,18,42.99875375031661,9.992095,4.2172017,2070
20441,r2i1p1f1,2070,12,19,12.723748878511287,8.272781,1.3865303,2070
20442,r2i1p1f1,2070,12,20,36.68865225845366,10.040909,2.575944,2070
20443,r2i1p1f1,2070,12,21,23.55409608971968,10.205565,3.1555507,2070
20444,r2i1p1f1,2070,12,22,1.233739905816833,10.046707,3.724345,2070
20445,r2i1p1f1,2070,12,23,0.0,12.065541,3.4120967,2070
20446,r2i1p1f1,2070,12,24,0.0,12.88637,1.4611545,2070
20447,r2i1p1f1,2070,12,25,0.0,11.083122,3.3583555,2070
20448,r2i1p1f1,2070,12,26,40.412796753662406,12.2895355,4.582049,2070
20449,r2i1p1f1,2070,12,27,0.0,16.276615,4.845508,2070
20450,r2i1p1f1,2070,12,28,20.17265605099965,15.271851,3.916553,2070
20451,r2i1p1f1,2070,12,29,12.949193787835611,10.129582,6.015559,2070
20452,r2i1p1f1,2070,12,30,16.80152260655632,11.806318,5.7044997,2070
20453,r2i1p1f1,2070,12,31,5.7580757962227835,13.01028,3.639109,2070
20454,r2i1p1f1,2071,01,01,0.0,9.411648,3.7181273,2071
20455,r2i1p1f1,2071,01,02,0.0,12.474221,1.1131678,2071
20456,r2i1p1f1,2071,01,03,0.0,14.35619,1.2151759,2071
20457,r2i1p1f1,2071,01,04,0.0,13.688474,3.1792614,2071
20458,r2i1p1f1,2071,01,05,0.0,16.434404,4.949545,2071
20459,r2i1p1f1,2071,01,06,0.0,16.798044,3.8965197,2071
20460,r2i1p1f1,2071,01,07,0.0,13.420873,2.1213396,2071
20461,r2i1p1f1,2071,01,08,0.0,13.938151,1.7031084,2071
20462,r2i1p1f1,2071,01,09,0.0,14.996216,1.7877958,2071
20463,r2i1p1f1,2071,01,10,0.0,11.793141,-0.26469135,2071
20464,r2i1p1f1,2071,01,11,0.0,10.052746,0.23333216,2071
20465,r2i1p1f1,2071,01,12,0.0,12.531577,1.1877414,2071
20466,r2i1p1f1,2071,01,13,0.0,12.704001,-0.28205764,2071
20467,r2i1p1f1,2071,01,14,3.394978309461294,10.240767,1.7546626,2071
20468,r2i1p1f1,2071,01,15,3.9044906080789588,10.215156,2.7720113,2071
20469,r2i1p1f1,2071,01,16,1.0549328233111055,10.14522,1.4770299,2071
20470,r2i1p1f1,2071,01,17,5.282101395823702,9.842714,-2.742516,2071
20471,r2i1p1f1,2071,01,18,51.59799055400072,9.0554085,4.042309,2071
20472,r2i1p1f1,2071,01,19,8.496517110734203,8.600231,2.5689948,2071
20473,r2i1p1f1,2071,01,20,36.184824888186995,9.71114,0.8007907,2071
20474,r2i1p1f1,2071,01,21,0.01176429547058433,11.136825,-0.8911603,2071
20475,r2i1p1f1,2071,01,22,0.0,11.50449,-0.47324765,2071
20476,r2i1p1f1,2071,01,23,0.0,12.36311,-1.1754766,2071
20477,r2i1p1f1,2071,01,24,6.065830080393653,11.867794,2.9900196,2071
20478,r2i1p1f1,2071,01,25,2.912395567796011,10.034856,0.64112484,2071
20479,r2i1p1f1,2071,01,26,0.0,11.821086,-0.9607815,2071
20480,r2i1p1f1,2071,01,27,0.0,10.828685,-0.16475958,2071
20481,r2i1p1f1,2071,01,28,1.758302994113592,9.099818,1.6194887,2071
20482,r2i1p1f1,2071,01,29,15.873445131819608,9.375683,5.0809817,2071
20483,r2i1p1f1,2071,01,30,10.802869646749969,12.648782,5.714774,2071
20484,r2i1p1f1,2071,01,31,0.0,11.659058,-0.1314543,2071
20485,r2i1p1f1,2071,02,01,0.0,11.586066,-1.3300711,2071
20486,r2i1p1f1,2071,02,02,0.0,12.12748,-1.1146141,2071
20487,r2i1p1f1,2071,02,03,0.0,12.562021,-0.34506336,2071
20488,r2i1p1f1,2071,02,04,0.0,11.135971,1.084339,2071
20489,r2i1p1f1,2071,02,05,0.0,10.94939,-1.3959689,2071
20490,r2i1p1f1,2071,02,06,0.0,10.675643,-2.6012695,2071
20491,r2i1p1f1,2071,02,07,0.07519657201555674,10.792619,-1.714535,2071
20492,r2i1p1f1,2071,02,08,19.882877272175392,9.546671,0.78161025,2071
20493,r2i1p1f1,2071,02,09,0.0,11.059492,0.9625217,2071
20494,r2i1p1f1,2071,02,10,8.025477449390905,8.766134,-1.7777994,2071
20495,r2i1p1f1,2071,02,11,12.419042332010122,10.288123,1.5097607,2071
20496,r2i1p1f1,2071,02,12,7.232623705840524,11.158688,4.872975,2071
20497,r2i1p1f1,2071,02,13,0.12640710185678472,12.038273,2.982558,2071
20498,r2i1p1f1,2071,02,14,1.4173053517879453,15.720805,4.854176,2071
20499,r2i1p1f1,2071,02,15,0.0,15.793721,6.932417,2071
20500,r2i1p1f1,2071,02,16,0.0,19.821377,5.475705,2071
20501,r2i1p1f1,2071,02,17,0.0,20.171564,5.1087675,2071
20502,r2i1p1f1,2071,02,18,0.0,20.556196,6.063805,2071
20503,r2i1p1f1,2071,02,19,0.0,21.42529,7.760403,2071
20504,r2i1p1f1,2071,02,20,0.004864974368956609,20.715315,8.964515,2071
20505,r2i1p1f1,2071,02,21,55.42137439369981,15.575479,7.602389,2071
20506,r2i1p1f1,2071,02,22,16.462630674959655,13.108745,-0.30676556,2071
20507,r2i1p1f1,2071,02,23,6.054403337980574,11.344752,3.8169277,2071
20508,r2i1p1f1,2071,02,24,37.85507965221768,11.990623,4.866319,2071
20509,r2i1p1f1,2071,02,25,25.917394239877467,11.786137,6.051606,2071
20510,r2i1p1f1,2071,02,26,16.448795057567622,12.306042,5.703722,2071
20511,r2i1p1f1,2071,02,27,43.1236095730128,13.550894,6.461495,2071
20512,r2i1p1f1,2071,02,28,14.681293383500815,12.212941,-0.7581847,2071
20513,r2i1p1f1,2071,03,01,1.063458933620609,8.433036,1.1755085,2071
20514,r2i1p1f1,2071,03,02,0.0,13.693666,0.82890075,2071
20515,r2i1p1f1,2071,03,03,0.0,15.861605,0.4470981,2071
20516,r2i1p1f1,2071,03,04,0.0,15.934948,1.6350311,2071
20517,r2i1p1f1,2071,03,05,0.0,16.979149,1.2563299,2071
20518,r2i1p1f1,2071,03,06,0.0,18.061447,1.8783419,2071
20519,r2i1p1f1,2071,03,07,0.0,19.058876,2.4960039,2071
20520,r2i1p1f1,2071,03,08,2.229916440512625,16.743032,5.1274853,2071
20521,r2i1p1f1,2071,03,09,17.541450585667917,14.502911,10.197866,2071
20522,r2i1p1f1,2071,03,10,21.296733781855437,13.908475,9.172838,2071
20523,r2i1p1f1,2071,03,11,3.0011488589934743,11.823569,-2.7987285,2071
20524,r2i1p1f1,2071,03,12,1.222493819079773,9.557631,1.2707351,2071
20525,r2i1p1f1,2071,03,13,6.437814530522701,9.868462,1.5460415,2071
20526,r2i1p1f1,2071,03,14,0.0,14.40065,-1.31216,2071
20527,r2i1p1f1,2071,03,15,0.0,15.100765,-0.27707195,2071
20528,r2i1p1f1,2071,03,16,1.85979004032788,10.667625,0.7949003,2071
20529,r2i1p1f1,2071,03,17,43.84724153060233,8.52065,4.2820315,2071
20530,r2i1p1f1,2071,03,18,4.817263442785702,14.856443,3.3716593,2071
20531,r2i1p1f1,2071,03,19,0.39510739893273694,14.477404,2.469321,2071
20532,r2i1p1f1,2071,03,20,2.5482146617434864,12.250034,7.330123,2071
20533,r2i1p1f1,2071,03,21,0.0,18.525394,4.051536,2071
20534,r2i1p1f1,2071,03,22,0.0,18.814674,3.4259074,2071
20535,r2i1p1f1,2071,03,23,0.0,18.67626,3.40057,2071
20536,r2i1p1f1,2071,03,24,0.0,19.637644,3.8025753,2071
20537,r2i1p1f1,2071,03,25,0.0,21.135544,4.3103876,2071
20538,r2i1p1f1,2071,03,26,0.0,22.55249,6.548826,2071
20539,r2i1p1f1,2071,03,27,0.0,23.623077,8.838854,2071
20540,r2i1p1f1,2071,03,28,0.0,25.118471,9.579418,2071
20541,r2i1p1f1,2071,03,29,0.0,25.561275,10.119721,2071
20542,r2i1p1f1,2071,03,30,0.3667599934260579,21.770592,9.239554,2071
20543,r2i1p1f1,2071,03,31,0.964754832421022,17.142376,6.4368634,2071
20544,r2i1p1f1,2071,04,01,0.0,20.249702,6.4983196,2071
20545,r2i1p1f1,2071,04,02,0.0,22.844624,4.739724,2071
20546,r2i1p1f1,2071,04,03,0.0,24.487959,7.348806,2071
20547,r2i1p1f1,2071,04,04,0.0,24.472738,9.193338,2071
20548,r2i1p1f1,2071,04,05,0.0,21.46975,3.486662,2071
20549,r2i1p1f1,2071,04,06,0.573101425754885,18.442368,2.168548,2071
20550,r2i1p1f1,2071,04,07,12.418527481349884,11.647693,6.172932,2071
20551,r2i1p1f1,2071,04,08,0.0,16.373253,3.039354,2071
20552,r2i1p1f1,2071,04,09,3.2516200416978336,15.421027,0.970196,2071
20553,r2i1p1f1,2071,04,10,12.938351657135172,9.380919,-2.7071257,2071
20554,r2i1p1f1,2071,04,11,1.8019025588273507,8.362534,-1.7995008,2071
20555,r2i1p1f1,2071,04,12,5.697651170646623,7.9261823,1.4206064,2071
20556,r2i1p1f1,2071,04,13,0.0,12.320726,0.22811842,2071
20557,r2i1p1f1,2071,04,14,0.0,13.339773,-1.4404659,2071
20558,r2i1p1f1,2071,04,15,0.0,13.926778,2.1690156,2071
20559,r2i1p1f1,2071,04,16,0.7856431843265455,11.833551,3.6095102,2071
20560,r2i1p1f1,2071,04,17,0.0,18.927002,1.3801979,2071
20561,r2i1p1f1,2071,04,18,0.0,19.08307,2.537444,2071
20562,r2i1p1f1,2071,04,19,10.302849839627015,12.635535,5.160132,2071
20563,r2i1p1f1,2071,04,20,3.609970442869326,15.738532,0.7878609,2071
20564,r2i1p1f1,2071,04,21,0.009847684634678444,22.277569,4.398268,2071
20565,r2i1p1f1,2071,04,22,0.0,24.703867,7.62141,2071
20566,r2i1p1f1,2071,04,23,0.0,25.389696,7.067383,2071
20567,r2i1p1f1,2071,04,24,2.1118713834766822,19.908216,3.6625645,2071
20568,r2i1p1f1,2071,04,25,5.720842500659273,17.96894,3.2825725,2071
20569,r2i1p1f1,2071,04,26,47.531391755182995,9.362781,3.6429503,2071
20570,r2i1p1f1,2071,04,27,5.972647765946704,10.285114,1.5026741,2071
20571,r2i1p1f1,2071,04,28,0.0,16.434559,-0.3843296,2071
20572,r2i1p1f1,2071,04,29,0.0,17.424696,3.7474108,2071
20573,r2i1p1f1,2071,04,30,0.0,17.143476,1.3214645,2071
20574,r2i1p1f1,2071,05,01,3.4641839026619436,10.669759,5.1984196,2071
20575,r2i1p1f1,2071,05,02,18.181404359165754,10.601355,3.9827585,2071
20576,r2i1p1f1,2071,05,03,7.145679344080236,10.718107,1.4537566,2071
20577,r2i1p1f1,2071,05,04,0.0,16.45831,2.9648519,2071
20578,r2i1p1f1,2071,05,05,0.0,18.696226,5.5293717,2071
20579,r2i1p1f1,2071,05,06,38.1161160839838,15.577152,3.5508056,2071
20580,r2i1p1f1,2071,05,07,0.7426212270807753,11.507404,-1.9140085,2071
20581,r2i1p1f1,2071,05,08,0.0,17.035667,2.3890936,2071
20582,r2i1p1f1,2071,05,09,0.0,18.98209,3.631527,2071
20583,r2i1p1f1,2071,05,10,0.0,18.622932,4.8315506,2071
20584,r2i1p1f1,2071,05,11,0.23272668599929602,17.238132,4.983913,2071
20585,r2i1p1f1,2071,05,12,0.0,20.55302,5.5210795,2071
20586,r2i1p1f1,2071,05,13,0.0,22.277239,6.9386272,2071
20587,r2i1p1f1,2071,05,14,0.0,24.280972,8.68299,2071
20588,r2i1p1f1,2071,05,15,0.0,23.986692,9.138561,2071
20589,r2i1p1f1,2071,05,16,0.35991294898849446,23.124176,9.595331,2071
20590,r2i1p1f1,2071,05,17,0.0,26.176208,10.223185,2071
20591,r2i1p1f1,2071,05,18,0.6204256313139922,25.907156,11.387958,2071
20592,r2i1p1f1,2071,05,19,0.0,26.406942,10.271215,2071
20593,r2i1p1f1,2071,05,20,0.07486062341968136,26.642273,8.546369,2071
20594,r2i1p1f1,2071,05,21,13.796918458183427,19.388184,3.5189023,2071
20595,r2i1p1f1,2071,05,22,9.276800855900547,16.231657,8.886114,2071
20596,r2i1p1f1,2071,05,23,7.1452130585612394,15.495266,8.135764,2071
20597,r2i1p1f1,2071,05,24,0.5497481565441831,15.685942,2.513412,2071
20598,r2i1p1f1,2071,05,25,0.0,19.831596,2.4240813,2071
20599,r2i1p1f1,2071,05,26,0.00015347184216807364,19.423155,6.52054,2071
20600,r2i1p1f1,2071,05,27,1.971528105212883,16.618416,5.104103,2071
20601,r2i1p1f1,2071,05,28,0.37394277223938843,14.846351,3.4511185,2071
20602,r2i1p1f1,2071,05,29,0.0,19.716074,4.4509,2071
20603,r2i1p1f1,2071,05,30,0.0,22.355682,6.4668827,2071
20604,r2i1p1f1,2071,05,31,0.0,25.224358,9.163798,2071
20605,r2i1p1f1,2071,06,01,0.0,29.322134,10.472035,2071
20606,r2i1p1f1,2071,06,02,0.0,29.271315,12.341047,2071
20607,r2i1p1f1,2071,06,03,0.0,29.051971,10.6722145,2071
20608,r2i1p1f1,2071,06,04,0.0,26.179306,8.256658,2071
20609,r2i1p1f1,2071,06,05,0.8402274663126263,22.648481,3.3835268,2071
20610,r2i1p1f1,2071,06,06,3.242523406692044,11.25778,7.4973145,2071
20611,r2i1p1f1,2071,06,07,0.033361172427248675,18.80327,7.4132605,2071
20612,r2i1p1f1,2071,06,08,0.0,21.19087,5.612853,2071
20613,r2i1p1f1,2071,06,09,0.0,25.22596,8.10961,2071
20614,r2i1p1f1,2071,06,10,0.0,28.46738,11.244239,2071
20615,r2i1p1f1,2071,06,11,0.3653496513834398,30.428501,13.065365,2071
20616,r2i1p1f1,2071,06,12,4.759782734993223,22.796059,5.8960514,2071
20617,r2i1p1f1,2071,06,13,23.06912645549346,17.43002,10.683033,2071
20618,r2i1p1f1,2071,06,14,1.2603170173406397,18.361084,6.854104,2071
20619,r2i1p1f1,2071,06,15,1.5551982247416163,24.903349,10.796326,2071
20620,r2i1p1f1,2071,06,16,0.0,26.724775,8.5888605,2071
20621,r2i1p1f1,2071,06,17,0.0,25.747066,7.680726,2071
20622,r2i1p1f1,2071,06,18,0.0,25.19161,8.407776,2071
20623,r2i1p1f1,2071,06,19,0.0,27.230093,11.887661,2071
20624,r2i1p1f1,2071,06,20,0.0,29.0321,13.211888,2071
20625,r2i1p1f1,2071,06,21,0.0,29.959663,13.973715,2071
20626,r2i1p1f1,2071,06,22,0.0,30.685093,14.391722,2071
20627,r2i1p1f1,2071,06,23,0.0,30.717495,11.534205,2071
20628,r2i1p1f1,2071,06,24,0.0,25.950758,9.324073,2071
20629,r2i1p1f1,2071,06,25,0.0,24.58484,9.950321,2071
20630,r2i1p1f1,2071,06,26,0.9364652794147332,24.359747,9.456684,2071
20631,r2i1p1f1,2071,06,27,0.05653980233546463,22.922886,9.021724,2071
20632,r2i1p1f1,2071,06,28,1.2289383279721733,19.248384,5.48338,2071
20633,r2i1p1f1,2071,06,29,1.4237429354125197,18.990433,4.9927626,2071
20634,r2i1p1f1,2071,06,30,0.37006059160376026,21.398777,9.493393,2071
20635,r2i1p1f1,2071,07,01,0.0,25.834972,10.142898,2071
20636,r2i1p1f1,2071,07,02,0.0,30.342499,12.649296,2071
20637,r2i1p1f1,2071,07,03,0.0,30.854244,12.686452,2071
20638,r2i1p1f1,2071,07,04,0.0,32.22529,13.682149,2071
20639,r2i1p1f1,2071,07,05,0.0,31.815844,12.762046,2071
20640,r2i1p1f1,2071,07,06,0.0,32.012623,12.623867,2071
20641,r2i1p1f1,2071,07,07,0.0,32.361507,13.395267,2071
20642,r2i1p1f1,2071,07,08,0.0,33.742073,14.023754,2071
20643,r2i1p1f1,2071,07,09,0.0,35.73847,17.913366,2071
20644,r2i1p1f1,2071,07,10,0.0,36.08458,19.08117,2071
20645,r2i1p1f1,2071,07,11,0.0,36.28563,17.37311,2071
20646,r2i1p1f1,2071,07,12,0.0,32.837914,14.315701,2071
20647,r2i1p1f1,2071,07,13,0.0,32.674202,13.715233,2071
20648,r2i1p1f1,2071,07,14,0.0,32.726727,13.904194,2071
20649,r2i1p1f1,2071,07,15,0.0,33.75212,14.243683,2071
20650,r2i1p1f1,2071,07,16,0.0,34.410572,14.55287,2071
20651,r2i1p1f1,2071,07,17,0.0,36.541264,16.93946,2071
20652,r2i1p1f1,2071,07,18,0.0,36.90547,20.732712,2071
20653,r2i1p1f1,2071,07,19,0.018419734260533005,37.710205,20.729912,2071
20654,r2i1p1f1,2071,07,20,0.003246791038691299,35.661022,15.768047,2071
20655,r2i1p1f1,2071,07,21,0.0,35.145462,16.42554,2071
20656,r2i1p1f1,2071,07,22,0.0,36.282047,17.112755,2071
20657,r2i1p1f1,2071,07,23,0.0,35.676384,16.919256,2071
20658,r2i1p1f1,2071,07,24,2.5183697995714738,27.824034,7.0145526,2071
20659,r2i1p1f1,2071,07,25,0.0,23.045769,12.00919,2071
20660,r2i1p1f1,2071,07,26,0.0,26.89981,10.179966,2071
20661,r2i1p1f1,2071,07,27,0.0,27.685268,9.859025,2071
20662,r2i1p1f1,2071,07,28,0.0,28.68212,11.183512,2071
20663,r2i1p1f1,2071,07,29,0.0,33.65964,14.620749,2071
20664,r2i1p1f1,2071,07,30,0.0,36.79423,16.76955,2071
20665,r2i1p1f1,2071,07,31,0.0,38.90157,18.615776,2071
20666,r2i1p1f1,2071,08,01,0.0,40.384872,21.492208,2071
20667,r2i1p1f1,2071,08,02,0.0,42.648853,25.360811,2071
20668,r2i1p1f1,2071,08,03,0.0,42.947266,23.106697,2071
20669,r2i1p1f1,2071,08,04,0.0,43.209732,22.954647,2071
20670,r2i1p1f1,2071,08,05,0.0,38.406116,18.99122,2071
20671,r2i1p1f1,2071,08,06,0.0,41.229282,24.00181,2071
20672,r2i1p1f1,2071,08,07,0.006918127314747835,42.04518,23.274149,2071
20673,r2i1p1f1,2071,08,08,0.0,36.36401,17.215584,2071
20674,r2i1p1f1,2071,08,09,0.0,34.865253,16.563305,2071
20675,r2i1p1f1,2071,08,10,0.0,36.214333,19.010885,2071
20676,r2i1p1f1,2071,08,11,0.0,36.45142,19.496975,2071
20677,r2i1p1f1,2071,08,12,0.0,36.003872,17.314932,2071
20678,r2i1p1f1,2071,08,13,0.0,35.99925,17.172987,2071
20679,r2i1p1f1,2071,08,14,0.0,38.20317,19.591951,2071
20680,r2i1p1f1,2071,08,15,0.0,39.720528,22.756918,2071
20681,r2i1p1f1,2071,08,16,0.0,40.31706,20.978966,2071
20682,r2i1p1f1,2071,08,17,0.0,38.706383,19.147484,2071
20683,r2i1p1f1,2071,08,18,0.0,36.668007,16.69906,2071
20684,r2i1p1f1,2071,08,19,0.0,35.57396,17.578285,2071
20685,r2i1p1f1,2071,08,20,0.0,34.94735,17.795418,2071
20686,r2i1p1f1,2071,08,21,0.0,35.171474,15.457011,2071
20687,r2i1p1f1,2071,08,22,0.0,34.072563,13.708326,2071
20688,r2i1p1f1,2071,08,23,0.0,33.734463,16.157043,2071
20689,r2i1p1f1,2071,08,24,0.0,34.0268,16.795979,2071
20690,r2i1p1f1,2071,08,25,0.0,35.621414,17.274378,2071
20691,r2i1p1f1,2071,08,26,0.0,33.154488,15.005449,2071
20692,r2i1p1f1,2071,08,27,0.0,31.051859,10.837064,2071
20693,r2i1p1f1,2071,08,28,0.0,30.216732,11.228466,2071
20694,r2i1p1f1,2071,08,29,0.0,34.5174,16.204384,2071
20695,r2i1p1f1,2071,08,30,0.0,35.718708,17.436756,2071
20696,r2i1p1f1,2071,08,31,0.0,36.894764,18.307446,2071
20697,r2i1p1f1,2071,09,01,0.0,37.988113,20.648937,2071
20698,r2i1p1f1,2071,09,02,0.007870531226217281,39.089466,21.546104,2071
20699,r2i1p1f1,2071,09,03,0.05632310196688195,38.63182,19.829098,2071
20700,r2i1p1f1,2071,09,04,0.0,37.669765,18.567698,2071
20701,r2i1p1f1,2071,09,05,0.0,33.185673,13.598179,2071
20702,r2i1p1f1,2071,09,06,0.0,30.353903,10.975413,2071
20703,r2i1p1f1,2071,09,07,0.0,28.428999,10.991299,2071
20704,r2i1p1f1,2071,09,08,0.0,25.951725,8.125557,2071
20705,r2i1p1f1,2071,09,09,0.0,26.05052,8.578498,2071
20706,r2i1p1f1,2071,09,10,0.8433293338839576,24.124271,10.273207,2071
20707,r2i1p1f1,2071,09,11,1.5197202800758092,21.924019,7.268015,2071
20708,r2i1p1f1,2071,09,12,0.033502095629955875,21.62517,8.350325,2071
20709,r2i1p1f1,2071,09,13,0.016247529674728867,26.498947,11.023487,2071
20710,r2i1p1f1,2071,09,14,0.0,29.527273,14.015453,2071
20711,r2i1p1f1,2071,09,15,0.0,32.970566,16.776926,2071
20712,r2i1p1f1,2071,09,16,0.0,35.128437,16.460175,2071
20713,r2i1p1f1,2071,09,17,0.0,35.412773,17.727577,2071
20714,r2i1p1f1,2071,09,18,0.0,36.864025,19.057878,2071
20715,r2i1p1f1,2071,09,19,0.0,36.993332,18.448841,2071
20716,r2i1p1f1,2071,09,20,0.0,37.290085,19.010883,2071
20717,r2i1p1f1,2071,09,21,0.06476984967775934,36.180454,17.65043,2071
20718,r2i1p1f1,2071,09,22,0.020102884809602983,34.96705,15.837267,2071
20719,r2i1p1f1,2071,09,23,0.0,33.10771,13.208613,2071
20720,r2i1p1f1,2071,09,24,0.006594557271455415,31.011868,12.574704,2071
20721,r2i1p1f1,2071,09,25,12.657658846998743,20.911213,9.748917,2071
20722,r2i1p1f1,2071,09,26,10.233290609814105,18.38514,11.115528,2071
20723,r2i1p1f1,2071,09,27,0.27524109576688716,22.575453,10.32201,2071
20724,r2i1p1f1,2071,09,28,0.0,25.687963,10.949132,2071
20725,r2i1p1f1,2071,09,29,0.0010218347256341076,25.485556,9.979908,2071
20726,r2i1p1f1,2071,09,30,0.005439693222797359,24.576424,9.524347,2071
20727,r2i1p1f1,2071,10,01,0.0,22.851131,9.30991,2071
20728,r2i1p1f1,2071,10,02,0.0,24.062,8.919517,2071
20729,r2i1p1f1,2071,10,03,0.0,24.741194,10.035503,2071
20730,r2i1p1f1,2071,10,04,2.0306734852965747,20.480043,6.978171,2071
20731,r2i1p1f1,2071,10,05,0.0,23.010506,9.251445,2071
20732,r2i1p1f1,2071,10,06,0.0,23.731022,9.13516,2071
20733,r2i1p1f1,2071,10,07,0.0,24.432846,9.248866,2071
20734,r2i1p1f1,2071,10,08,0.0239189598687517,25.194883,10.044577,2071
20735,r2i1p1f1,2071,10,09,0.583815407981092,21.118914,7.6293073,2071
20736,r2i1p1f1,2071,10,10,0.0,21.86562,10.369805,2071
20737,r2i1p1f1,2071,10,11,0.0,22.512428,10.515313,2071
20738,r2i1p1f1,2071,10,12,0.0,23.911568,10.387009,2071
20739,r2i1p1f1,2071,10,13,0.0,24.900785,11.706545,2071
20740,r2i1p1f1,2071,10,14,0.0,25.241045,10.489403,2071
20741,r2i1p1f1,2071,10,15,0.0,25.25245,8.906073,2071
20742,r2i1p1f1,2071,10,16,0.0,24.352325,8.899919,2071
20743,r2i1p1f1,2071,10,17,0.0,22.74997,7.331999,2071
20744,r2i1p1f1,2071,10,18,0.0,24.51582,7.9821854,2071
20745,r2i1p1f1,2071,10,19,0.0,24.639322,8.222526,2071
20746,r2i1p1f1,2071,10,20,0.0,25.690382,8.872944,2071
20747,r2i1p1f1,2071,10,21,0.0,27.825766,11.838794,2071
20748,r2i1p1f1,2071,10,22,0.0,28.910011,12.717309,2071
20749,r2i1p1f1,2071,10,23,8.901632862443876,21.099628,8.152391,2071
20750,r2i1p1f1,2071,10,24,43.87615746054507,17.282265,12.331406,2071
20751,r2i1p1f1,2071,10,25,14.954078069604293,17.614847,10.310528,2071
20752,r2i1p1f1,2071,10,26,6.463306015029957,18.730482,7.2931094,2071
20753,r2i1p1f1,2071,10,27,0.0,20.35372,8.464137,2071
20754,r2i1p1f1,2071,10,28,0.0,21.847193,8.598818,2071
20755,r2i1p1f1,2071,10,29,0.0,23.191603,10.3279085,2071
20756,r2i1p1f1,2071,10,30,0.0,24.476562,11.801042,2071
20757,r2i1p1f1,2071,10,31,0.0,23.233686,10.841897,2071
20758,r2i1p1f1,2071,11,01,0.0,24.525862,11.539476,2071
20759,r2i1p1f1,2071,11,02,0.0,24.693773,11.499167,2071
20760,r2i1p1f1,2071,11,03,0.0,22.40965,9.085741,2071
20761,r2i1p1f1,2071,11,04,0.0,19.480562,8.174435,2071
20762,r2i1p1f1,2071,11,05,0.0,21.23768,8.23583,2071
20763,r2i1p1f1,2071,11,06,0.0,22.000223,8.889905,2071
20764,r2i1p1f1,2071,11,07,2.0398552373421808,18.299175,4.577632,2071
20765,r2i1p1f1,2071,11,08,5.897200004278602,15.055269,9.79992,2071
20766,r2i1p1f1,2071,11,09,2.3436898493059743,15.835697,6.659292,2071
20767,r2i1p1f1,2071,11,10,0.0,18.223179,5.8588786,2071
20768,r2i1p1f1,2071,11,11,0.01354943924525287,19.495817,7.818524,2071
20769,r2i1p1f1,2071,11,12,0.0,19.242165,7.82238,2071
20770,r2i1p1f1,2071,11,13,0.02749702598521253,18.237919,7.188267,2071
20771,r2i1p1f1,2071,11,14,15.756848726414319,16.026157,8.731613,2071
20772,r2i1p1f1,2071,11,15,5.111000304555091,13.870613,5.5359797,2071
20773,r2i1p1f1,2071,11,16,0.0,18.948265,5.636291,2071
20774,r2i1p1f1,2071,11,17,0.0,20.944504,9.124682,2071
20775,r2i1p1f1,2071,11,18,0.0,22.499655,8.872484,2071
20776,r2i1p1f1,2071,11,19,0.0,20.268555,7.074002,2071
20777,r2i1p1f1,2071,11,20,0.9355426296224323,15.376955,3.056428,2071
20778,r2i1p1f1,2071,11,21,6.428371528954813,12.373556,6.7887983,2071
20779,r2i1p1f1,2071,11,22,1.3563819462547144,11.743169,4.3880353,2071
20780,r2i1p1f1,2071,11,23,0.0,13.089466,0.43766907,2071
20781,r2i1p1f1,2071,11,24,0.14332848624007966,13.452489,5.4212317,2071
20782,r2i1p1f1,2071,11,25,1.7292371866460599,12.393013,6.4211674,2071
20783,r2i1p1f1,2071,11,26,0.0,12.228272,-0.0070988336,2071
20784,r2i1p1f1,2071,11,27,0.0,13.6822815,0.2526628,2071
20785,r2i1p1f1,2071,11,28,0.0,13.898957,3.8579493,2071
20786,r2i1p1f1,2071,11,29,0.0,14.428268,1.914537,2071
20787,r2i1p1f1,2071,11,30,0.0,17.277248,1.9385948,2071
20788,r2i1p1f1,2071,12,01,0.0,17.494919,6.5367866,2071
20789,r2i1p1f1,2071,12,02,0.0,16.168938,4.8399806,2071
20790,r2i1p1f1,2071,12,03,0.06693357355516127,15.693148,5.375461,2071
20791,r2i1p1f1,2071,12,04,0.0,14.87883,3.76237,2071
20792,r2i1p1f1,2071,12,05,0.04894687687055921,15.673309,4.031482,2071
20793,r2i1p1f1,2071,12,06,0.018775805733639572,12.138776,3.3401432,2071
20794,r2i1p1f1,2071,12,07,7.251149798321421,10.777563,4.8206067,2071
20795,r2i1p1f1,2071,12,08,53.313187074672896,11.580351,5.601746,2071
20796,r2i1p1f1,2071,12,09,6.268678955029827,8.651302,3.3557067,2071
20797,r2i1p1f1,2071,12,10,0.0,13.078763,1.15994,2071
20798,r2i1p1f1,2071,12,11,0.0,14.436113,2.3890815,2071
20799,r2i1p1f1,2071,12,12,0.0,15.857062,3.9701457,2071
20800,r2i1p1f1,2071,12,13,0.0,16.313467,3.5956006,2071
20801,r2i1p1f1,2071,12,14,0.0,17.284399,4.077146,2071
20802,r2i1p1f1,2071,12,15,0.0,18.81633,6.411207,2071
20803,r2i1p1f1,2071,12,16,0.866708014558526,18.940685,7.119035,2071
20804,r2i1p1f1,2071,12,17,2.4638944681555586,17.261162,8.948856,2071
20805,r2i1p1f1,2071,12,18,15.331795115162095,16.26156,8.717482,2071
20806,r2i1p1f1,2071,12,19,0.0,12.747602,0.62228376,2071
20807,r2i1p1f1,2071,12,20,0.048023005331288005,12.764371,0.90673256,2071
20808,r2i1p1f1,2071,12,21,18.279785471975174,12.223596,6.1489367,2071
20809,r2i1p1f1,2071,12,22,54.952657788817305,14.190998,9.458562,2071
20810,r2i1p1f1,2071,12,23,21.194527102306893,15.189521,6.541905,2071
20811,r2i1p1f1,2071,12,24,1.082500731617131,12.972435,3.3585088,2071
20812,r2i1p1f1,2071,12,25,29.304048168887675,12.416052,5.8730903,2071
20813,r2i1p1f1,2071,12,26,9.69573865959319,11.17705,0.47116104,2071
20814,r2i1p1f1,2071,12,27,0.009705336651677499,8.457774,-1.41781,2071
20815,r2i1p1f1,2071,12,28,0.0,9.49294,-3.2499201,2071
20816,r2i1p1f1,2071,12,29,1.1475865397180485,11.421261,3.5163934,2071
20817,r2i1p1f1,2071,12,30,41.37487198604504,11.033981,5.7890286,2071
20818,r2i1p1f1,2071,12,31,5.1884627007495965,7.697939,-4.006916,2071
20819,r2i1p1f1,2072,01,01,0.0,7.407051,-1.4375774,2072
20820,r2i1p1f1,2072,01,02,0.0,9.880239,-2.8820236,2072
20821,r2i1p1f1,2072,01,03,0.0,9.926422,-1.9603617,2072
20822,r2i1p1f1,2072,01,04,7.703754455997114,7.648675,-0.4170387,2072
20823,r2i1p1f1,2072,01,05,17.882788162205543,8.359977,0.69615453,2072
20824,r2i1p1f1,2072,01,06,0.0,7.4032407,-4.6141033,2072
20825,r2i1p1f1,2072,01,07,0.0,8.321954,0.9757893,2072
20826,r2i1p1f1,2072,01,08,1.9080074490602783,10.007476,-0.7530052,2072
20827,r2i1p1f1,2072,01,09,0.0,12.511997,1.5927578,2072
20828,r2i1p1f1,2072,01,10,0.3372101903778457,10.782342,3.9589102,2072
20829,r2i1p1f1,2072,01,11,0.8446394023621906,10.171661,2.9107578,2072
20830,r2i1p1f1,2072,01,12,0.0,10.01334,0.11821869,2072
20831,r2i1p1f1,2072,01,13,0.0,9.483552,-3.285422,2072
20832,r2i1p1f1,2072,01,14,0.0,9.408951,-3.7466388,2072
20833,r2i1p1f1,2072,01,15,0.0,9.713287,-2.0901616,2072
20834,r2i1p1f1,2072,01,16,0.0,11.4029045,0.11511692,2072
20835,r2i1p1f1,2072,01,17,0.0,13.410453,1.1621699,2072
20836,r2i1p1f1,2072,01,18,0.0,12.978247,1.0646586,2072
20837,r2i1p1f1,2072,01,19,0.0,13.697955,3.323306,2072
20838,r2i1p1f1,2072,01,20,0.0,14.777226,3.1980076,2072
20839,r2i1p1f1,2072,01,21,0.0,16.944563,4.9245257,2072
20840,r2i1p1f1,2072,01,22,0.0,18.714758,6.1058903,2072
20841,r2i1p1f1,2072,01,23,0.0,19.55297,6.1669064,2072
20842,r2i1p1f1,2072,01,24,0.0,15.006572,3.6096904,2072
20843,r2i1p1f1,2072,01,25,0.0,18.396614,6.727131,2072
20844,r2i1p1f1,2072,01,26,0.0,20.625458,8.484229,2072
20845,r2i1p1f1,2072,01,27,0.0,21.52757,8.573324,2072
20846,r2i1p1f1,2072,01,28,0.3486542496034417,17.811619,6.045171,2072
20847,r2i1p1f1,2072,01,29,0.0,13.858403,1.9723998,2072
20848,r2i1p1f1,2072,01,30,0.0,16.458904,3.673178,2072
20849,r2i1p1f1,2072,01,31,0.0,16.04128,3.3746266,2072
20850,r2i1p1f1,2072,02,01,0.0,17.20904,5.3847265,2072
20851,r2i1p1f1,2072,02,02,0.0,16.991484,4.5100565,2072
20852,r2i1p1f1,2072,02,03,0.0,17.852169,4.315798,2072
20853,r2i1p1f1,2072,02,04,0.0,18.420835,5.7462177,2072
20854,r2i1p1f1,2072,02,05,21.06756725042942,12.148404,3.1394868,2072
20855,r2i1p1f1,2072,02,06,10.33409084931236,8.984249,-0.17266825,2072
20856,r2i1p1f1,2072,02,07,19.60557474340021,8.965366,-0.07139402,2072
20857,r2i1p1f1,2072,02,08,15.063368137884936,8.534685,-1.4131908,2072
20858,r2i1p1f1,2072,02,09,7.872138206357704,6.554742,0.9201069,2072
20859,r2i1p1f1,2072,02,10,0.033886694836837705,9.338186,-0.84705347,2072
20860,r2i1p1f1,2072,02,11,0.0,9.970632,-2.0805156,2072
20861,r2i1p1f1,2072,02,12,0.0,11.404078,-1.3408313,2072
20862,r2i1p1f1,2072,02,13,0.0,14.1930895,0.86869556,2072
20863,r2i1p1f1,2072,02,14,0.0,14.829091,2.098744,2072
20864,r2i1p1f1,2072,02,15,0.0,17.598633,4.8981586,2072
20865,r2i1p1f1,2072,02,16,0.0,19.10108,5.404257,2072
20866,r2i1p1f1,2072,02,17,0.0,20.084837,5.9819145,2072
20867,r2i1p1f1,2072,02,18,0.0,20.004574,6.126334,2072
20868,r2i1p1f1,2072,02,19,1.0781990596001378,17.414537,4.626471,2072
20869,r2i1p1f1,2072,02,20,0.016204373838490937,13.370892,6.8567157,2072
20870,r2i1p1f1,2072,02,21,0.0,13.269969,3.0872395,2072
20871,r2i1p1f1,2072,02,22,0.0,18.468103,2.9993868,2072
20872,r2i1p1f1,2072,02,23,0.0,20.001102,5.167685,2072
20873,r2i1p1f1,2072,02,24,0.22776023995447758,13.162923,3.5972433,2072
20874,r2i1p1f1,2072,02,25,19.310462920293503,8.134953,3.128515,2072
20875,r2i1p1f1,2072,02,26,0.0,10.198433,-3.127072,2072
20876,r2i1p1f1,2072,02,27,0.0,11.575912,-1.6520983,2072
20877,r2i1p1f1,2072,02,28,20.411921409186107,7.4672604,0.39717326,2072
20878,r2i1p1f1,2072,02,29,7.601593486026559,7.9025507,-1.301097,2072
20879,r2i1p1f1,2072,03,01,0.9989202276699416,8.0734,-4.045262,2072
20880,r2i1p1f1,2072,03,02,0.0,12.888487,-2.7936132,2072
20881,r2i1p1f1,2072,03,03,0.0,15.755569,1.663135,2072
20882,r2i1p1f1,2072,03,04,1.248337174430958,15.245361,2.8899343,2072
20883,r2i1p1f1,2072,03,05,10.573932876263825,8.301849,1.7371436,2072
20884,r2i1p1f1,2072,03,06,3.7967560530887567,7.6041927,-4.277521,2072
20885,r2i1p1f1,2072,03,07,0.0,15.810993,0.19037867,2072
20886,r2i1p1f1,2072,03,08,0.0,19.939796,3.666414,2072
20887,r2i1p1f1,2072,03,09,0.0,20.251797,3.6932182,2072
20888,r2i1p1f1,2072,03,10,0.0,21.367222,6.6140957,2072
20889,r2i1p1f1,2072,03,11,0.0,20.851986,5.6484437,2072
20890,r2i1p1f1,2072,03,12,2.1085617122025724,18.499874,4.7289677,2072
20891,r2i1p1f1,2072,03,13,0.0,17.104805,3.3831422,2072
20892,r2i1p1f1,2072,03,14,0.0073479745424265275,16.385555,0.61677355,2072
20893,r2i1p1f1,2072,03,15,2.2405402391342477,13.720923,4.431905,2072
20894,r2i1p1f1,2072,03,16,13.748454621054407,14.452959,3.7210321,2072
20895,r2i1p1f1,2072,03,17,20.97963986598188,16.590532,9.336186,2072
20896,r2i1p1f1,2072,03,18,33.195256229373626,15.950697,9.546207,2072
20897,r2i1p1f1,2072,03,19,16.552377401694685,14.367994,0.6975225,2072
20898,r2i1p1f1,2072,03,20,0.0,11.667899,-0.10082107,2072
20899,r2i1p1f1,2072,03,21,0.027627135284546966,13.616407,0.54929173,2072
20900,r2i1p1f1,2072,03,22,12.943900730169844,12.493055,1.1776695,2072
20901,r2i1p1f1,2072,03,23,9.559678586697373,11.529419,0.37664953,2072
20902,r2i1p1f1,2072,03,24,0.2598851943844238,11.470141,-2.2150965,2072
20903,r2i1p1f1,2072,03,25,28.10330342290399,9.166248,1.6755929,2072
20904,r2i1p1f1,2072,03,26,0.16891828682901178,9.977444,2.3912718,2072
20905,r2i1p1f1,2072,03,27,0.0,9.817063,0.7788907,2072
20906,r2i1p1f1,2072,03,28,0.0,16.762108,1.6508365,2072
20907,r2i1p1f1,2072,03,29,0.0,19.589949,2.8123574,2072
20908,r2i1p1f1,2072,03,30,6.526792259046488,17.174149,2.353561,2072
20909,r2i1p1f1,2072,03,31,14.441013760460919,6.9360867,-4.7391195,2072
20910,r2i1p1f1,2072,04,01,34.94568097012234,9.020222,-0.1063527,2072
20911,r2i1p1f1,2072,04,02,8.46250809793787,10.386799,-2.3589778,2072
20912,r2i1p1f1,2072,04,03,2.991899685014232,12.122807,-1.2088823,2072
20913,r2i1p1f1,2072,04,04,0.0,13.58959,2.4124484,2072
20914,r2i1p1f1,2072,04,05,0.03930230084847608,15.9566345,3.1496325,2072
20915,r2i1p1f1,2072,04,06,0.0,19.785122,4.38818,2072
20916,r2i1p1f1,2072,04,07,0.0,20.741554,4.300705,2072
20917,r2i1p1f1,2072,04,08,0.0,22.00335,5.836587,2072
20918,r2i1p1f1,2072,04,09,0.0,22.232195,7.7824163,2072
20919,r2i1p1f1,2072,04,10,0.9449513047286473,15.413252,0.65567905,2072
20920,r2i1p1f1,2072,04,11,0.0,11.921024,-1.1016445,2072
20921,r2i1p1f1,2072,04,12,0.0,14.866987,0.03159825,2072
20922,r2i1p1f1,2072,04,13,0.0,16.88105,0.2135751,2072
20923,r2i1p1f1,2072,04,14,0.0,17.210457,2.1571121,2072
20924,r2i1p1f1,2072,04,15,2.6803717395580406,12.226259,6.25018,2072
20925,r2i1p1f1,2072,04,16,0.004223650012136204,16.744942,1.2542818,2072
20926,r2i1p1f1,2072,04,17,0.0,20.26523,4.5213637,2072
20927,r2i1p1f1,2072,04,18,0.0,22.01588,6.1940517,2072
20928,r2i1p1f1,2072,04,19,0.0,21.38109,8.079326,2072
20929,r2i1p1f1,2072,04,20,4.563237411616683,16.019022,1.6651134,2072
20930,r2i1p1f1,2072,04,21,0.0,19.160673,2.6444025,2072
20931,r2i1p1f1,2072,04,22,0.0,21.496214,5.871473,2072
20932,r2i1p1f1,2072,04,23,0.0,20.786308,6.462307,2072
20933,r2i1p1f1,2072,04,24,0.08473725993098924,16.737404,2.1902595,2072
20934,r2i1p1f1,2072,04,25,0.0,18.870152,3.0528865,2072
20935,r2i1p1f1,2072,04,26,0.0,22.628782,6.8623447,2072
20936,r2i1p1f1,2072,04,27,0.0,26.824673,10.199733,2072
20937,r2i1p1f1,2072,04,28,0.0,29.34058,13.331563,2072
20938,r2i1p1f1,2072,04,29,0.0,29.651049,10.608772,2072
20939,r2i1p1f1,2072,04,30,0.0,20.97428,5.2688084,2072
20940,r2i1p1f1,2072,05,01,0.0,19.834415,5.869913,2072
20941,r2i1p1f1,2072,05,02,0.0,21.335249,5.3746977,2072
20942,r2i1p1f1,2072,05,03,0.0,22.923853,7.281322,2072
20943,r2i1p1f1,2072,05,04,0.0,23.341085,7.330404,2072
20944,r2i1p1f1,2072,05,05,0.0,24.441795,7.650928,2072
20945,r2i1p1f1,2072,05,06,0.03833891473732365,26.228096,8.491428,2072
20946,r2i1p1f1,2072,05,07,0.0,27.989185,10.565995,2072
20947,r2i1p1f1,2072,05,08,0.0,26.712502,11.74413,2072
20948,r2i1p1f1,2072,05,09,0.172571007510669,23.033222,5.9513783,2072
20949,r2i1p1f1,2072,05,10,3.0809552077016633,18.461079,2.4348345,2072
20950,r2i1p1f1,2072,05,11,0.0,18.435032,2.8024404,2072
20951,r2i1p1f1,2072,05,12,5.748790610687138,17.67082,7.2169394,2072
20952,r2i1p1f1,2072,05,13,1.7577972478761694,19.444519,6.5891666,2072
20953,r2i1p1f1,2072,05,14,0.9211537774604039,21.022423,5.3188143,2072
20954,r2i1p1f1,2072,05,15,0.021464482961164322,22.527302,6.5385156,2072
20955,r2i1p1f1,2072,05,16,0.4677222222198907,21.502724,5.777426,2072
20956,r2i1p1f1,2072,05,17,1.2407071601955977,22.071743,7.2000036,2072
20957,r2i1p1f1,2072,05,18,0.0,27.454138,12.065993,2072
20958,r2i1p1f1,2072,05,19,0.0,29.841661,13.615391,2072
20959,r2i1p1f1,2072,05,20,0.0,29.65386,12.834667,2072
20960,r2i1p1f1,2072,05,21,0.0,28.750881,10.286075,2072
20961,r2i1p1f1,2072,05,22,0.0,22.488598,7.7419376,2072
20962,r2i1p1f1,2072,05,23,0.0,26.544626,9.347611,2072
20963,r2i1p1f1,2072,05,24,0.0,29.88836,11.238876,2072
20964,r2i1p1f1,2072,05,25,0.0,32.852657,14.872048,2072
20965,r2i1p1f1,2072,05,26,0.0,35.487267,18.161493,2072
20966,r2i1p1f1,2072,05,27,0.0,35.8037,18.06896,2072
20967,r2i1p1f1,2072,05,28,0.1085037720258697,35.035515,17.215858,2072
20968,r2i1p1f1,2072,05,29,0.020306939404690638,32.286583,13.8553095,2072
20969,r2i1p1f1,2072,05,30,0.0,30.251251,14.332279,2072
20970,r2i1p1f1,2072,05,31,0.0,30.350233,12.700734,2072
20971,r2i1p1f1,2072,06,01,0.0,27.656979,8.453918,2072
20972,r2i1p1f1,2072,06,02,0.0,27.429016,9.385982,2072
20973,r2i1p1f1,2072,06,03,0.0,27.739105,9.638097,2072
20974,r2i1p1f1,2072,06,04,0.0,26.69047,11.089771,2072
20975,r2i1p1f1,2072,06,05,0.0030023581530258525,24.213585,7.9418926,2072
20976,r2i1p1f1,2072,06,06,0.0,23.7176,8.1268015,2072
20977,r2i1p1f1,2072,06,07,0.0,29.581003,12.31592,2072
20978,r2i1p1f1,2072,06,08,0.0,31.906107,14.110226,2072
20979,r2i1p1f1,2072,06,09,0.0,32.777363,15.469752,2072
20980,r2i1p1f1,2072,06,10,0.0,33.9145,16.630518,2072
20981,r2i1p1f1,2072,06,11,0.0,35.371418,16.363373,2072
20982,r2i1p1f1,2072,06,12,0.0,32.97544,13.708614,2072
20983,r2i1p1f1,2072,06,13,0.0,29.298222,12.54748,2072
20984,r2i1p1f1,2072,06,14,0.0,32.676434,15.240808,2072
20985,r2i1p1f1,2072,06,15,0.0,32.97335,15.57143,2072
20986,r2i1p1f1,2072,06,16,0.0,33.041023,15.43867,2072
20987,r2i1p1f1,2072,06,17,0.0,34.889797,12.083501,2072
20988,r2i1p1f1,2072,06,18,0.08467772931908257,28.88041,10.91409,2072
20989,r2i1p1f1,2072,06,19,0.0,28.165018,10.72331,2072
20990,r2i1p1f1,2072,06,20,0.0,29.414917,13.442197,2072
20991,r2i1p1f1,2072,06,21,0.0,31.156603,13.140618,2072
20992,r2i1p1f1,2072,06,22,0.0,31.600721,13.427399,2072
20993,r2i1p1f1,2072,06,23,0.0,30.649488,14.081563,2072
20994,r2i1p1f1,2072,06,24,0.0,29.1399,9.579494,2072
20995,r2i1p1f1,2072,06,25,0.0,29.240658,10.860688,2072
20996,r2i1p1f1,2072,06,26,0.0,32.02979,15.126746,2072
20997,r2i1p1f1,2072,06,27,0.0,32.11329,14.461511,2072
20998,r2i1p1f1,2072,06,28,0.271291533135809,28.208532,8.517336,2072
20999,r2i1p1f1,2072,06,29,0.0,27.520493,10.806928,2072
21000,r2i1p1f1,2072,06,30,0.0,29.191257,12.356733,2072
21001,r2i1p1f1,2072,07,01,0.0,30.208693,11.242992,2072
21002,r2i1p1f1,2072,07,02,0.0,30.881107,11.596499,2072
21003,r2i1p1f1,2072,07,03,0.0,32.810123,15.393748,2072
21004,r2i1p1f1,2072,07,04,0.0,32.146606,13.9529295,2072
21005,r2i1p1f1,2072,07,05,0.0,33.868896,14.827513,2072
21006,r2i1p1f1,2072,07,06,0.0,34.88344,16.123356,2072
21007,r2i1p1f1,2072,07,07,0.0,35.040695,16.41356,2072
21008,r2i1p1f1,2072,07,08,0.0,35.50488,15.09973,2072
21009,r2i1p1f1,2072,07,09,0.0,33.521446,13.896896,2072
21010,r2i1p1f1,2072,07,10,0.0,32.967014,14.224438,2072
21011,r2i1p1f1,2072,07,11,0.0,34.918644,16.44919,2072
21012,r2i1p1f1,2072,07,12,0.0,35.2643,15.593992,2072
21013,r2i1p1f1,2072,07,13,0.0,35.619015,15.7152405,2072
21014,r2i1p1f1,2072,07,14,0.0,34.605473,15.785677,2072
21015,r2i1p1f1,2072,07,15,0.0,33.74955,14.852173,2072
21016,r2i1p1f1,2072,07,16,0.0,35.64755,16.90568,2072
21017,r2i1p1f1,2072,07,17,0.0,37.60639,19.094883,2072
21018,r2i1p1f1,2072,07,18,0.0,38.445236,21.026722,2072
21019,r2i1p1f1,2072,07,19,0.0,40.356506,23.50275,2072
21020,r2i1p1f1,2072,07,20,0.0,40.114944,20.833357,2072
21021,r2i1p1f1,2072,07,21,0.0,37.97609,20.074154,2072
21022,r2i1p1f1,2072,07,22,0.0,38.84164,21.394619,2072
21023,r2i1p1f1,2072,07,23,0.0,40.05973,19.999832,2072
21024,r2i1p1f1,2072,07,24,0.0,36.966694,17.083857,2072
21025,r2i1p1f1,2072,07,25,0.0,35.385536,15.500463,2072
21026,r2i1p1f1,2072,07,26,0.0,35.113506,16.521626,2072
21027,r2i1p1f1,2072,07,27,0.0,33.958065,14.994725,2072
21028,r2i1p1f1,2072,07,28,0.0,34.644333,16.583681,2072
21029,r2i1p1f1,2072,07,29,0.0,36.36666,18.922367,2072
21030,r2i1p1f1,2072,07,30,0.0,37.851517,20.202234,2072
21031,r2i1p1f1,2072,07,31,0.0,38.61532,20.075195,2072
21032,r2i1p1f1,2072,08,01,0.0,37.942142,18.260376,2072
21033,r2i1p1f1,2072,08,02,0.0,35.611473,15.655136,2072
21034,r2i1p1f1,2072,08,03,0.0,34.981705,17.19075,2072
21035,r2i1p1f1,2072,08,04,0.0,36.703247,17.943966,2072
21036,r2i1p1f1,2072,08,05,0.0,38.03573,18.767471,2072
21037,r2i1p1f1,2072,08,06,0.0,37.951294,17.412937,2072
21038,r2i1p1f1,2072,08,07,0.0,34.378525,14.41241,2072
21039,r2i1p1f1,2072,08,08,0.0,33.172688,15.782787,2072
21040,r2i1p1f1,2072,08,09,0.0,34.370434,16.865845,2072
21041,r2i1p1f1,2072,08,10,0.0,34.766525,13.999705,2072
21042,r2i1p1f1,2072,08,11,0.0,33.223335,12.938625,2072
21043,r2i1p1f1,2072,08,12,0.0,32.592155,15.180888,2072
21044,r2i1p1f1,2072,08,13,0.0,34.973175,16.759884,2072
21045,r2i1p1f1,2072,08,14,0.0,37.43836,18.691223,2072
21046,r2i1p1f1,2072,08,15,0.18923527967444898,37.432083,18.677814,2072
21047,r2i1p1f1,2072,08,16,0.042434628994669765,34.80984,17.732805,2072
21048,r2i1p1f1,2072,08,17,0.0,35.070633,16.46271,2072
21049,r2i1p1f1,2072,08,18,0.0,31.3669,11.661798,2072
21050,r2i1p1f1,2072,08,19,0.0,28.197264,10.547437,2072
21051,r2i1p1f1,2072,08,20,0.0,28.90689,9.664511,2072
21052,r2i1p1f1,2072,08,21,0.0,29.242533,10.421566,2072
21053,r2i1p1f1,2072,08,22,0.0,32.71366,14.281331,2072
21054,r2i1p1f1,2072,08,23,0.0,32.906113,15.610129,2072
21055,r2i1p1f1,2072,08,24,0.0,33.31534,12.212221,2072
21056,r2i1p1f1,2072,08,25,0.0,35.46004,16.44271,2072
21057,r2i1p1f1,2072,08,26,0.0,38.24935,20.00792,2072
21058,r2i1p1f1,2072,08,27,0.0,38.9408,20.435246,2072
21059,r2i1p1f1,2072,08,28,0.0,39.576775,20.384695,2072
21060,r2i1p1f1,2072,08,29,0.0,38.151905,18.42201,2072
21061,r2i1p1f1,2072,08,30,0.0,37.984905,17.458601,2072
21062,r2i1p1f1,2072,08,31,0.0,37.274456,17.386576,2072
21063,r2i1p1f1,2072,09,01,0.0,37.06514,18.731722,2072
21064,r2i1p1f1,2072,09,02,0.0,34.423054,15.828376,2072
21065,r2i1p1f1,2072,09,03,0.0,32.13029,14.702998,2072
21066,r2i1p1f1,2072,09,04,0.0,34.64653,17.676035,2072
21067,r2i1p1f1,2072,09,05,0.0,35.422684,17.601072,2072
21068,r2i1p1f1,2072,09,06,0.0,35.849106,19.557375,2072
21069,r2i1p1f1,2072,09,07,0.0,36.24687,17.731302,2072
21070,r2i1p1f1,2072,09,08,0.0,34.3853,17.573282,2072
21071,r2i1p1f1,2072,09,09,0.0,34.597702,16.230307,2072
21072,r2i1p1f1,2072,09,10,0.0,32.82316,13.585387,2072
21073,r2i1p1f1,2072,09,11,0.0,34.316715,16.444494,2072
21074,r2i1p1f1,2072,09,12,0.0,35.479492,16.2593,2072
21075,r2i1p1f1,2072,09,13,0.0,37.16769,20.44841,2072
21076,r2i1p1f1,2072,09,14,0.0,37.38092,19.627466,2072
21077,r2i1p1f1,2072,09,15,0.0,37.173042,18.815165,2072
21078,r2i1p1f1,2072,09,16,0.007995574924279936,34.508156,16.673004,2072
21079,r2i1p1f1,2072,09,17,0.0,33.53203,14.265486,2072
21080,r2i1p1f1,2072,09,18,0.0,32.627327,16.01331,2072
21081,r2i1p1f1,2072,09,19,0.0,34.406124,17.974155,2072
21082,r2i1p1f1,2072,09,20,0.0,34.93632,17.044664,2072
21083,r2i1p1f1,2072,09,21,0.0,32.625534,15.346507,2072
21084,r2i1p1f1,2072,09,22,0.0,29.987709,14.348345,2072
21085,r2i1p1f1,2072,09,23,0.0,36.538185,19.664444,2072
21086,r2i1p1f1,2072,09,24,0.0,36.431118,20.650696,2072
21087,r2i1p1f1,2072,09,25,0.0,35.907265,18.531162,2072
21088,r2i1p1f1,2072,09,26,0.0,36.28619,20.63917,2072
21089,r2i1p1f1,2072,09,27,0.0,37.428474,20.207659,2072
21090,r2i1p1f1,2072,09,28,0.0,37.471878,19.004005,2072
21091,r2i1p1f1,2072,09,29,0.0,37.223934,20.184656,2072
21092,r2i1p1f1,2072,09,30,0.0,36.731987,19.762482,2072
21093,r2i1p1f1,2072,10,01,0.0,36.06655,20.523785,2072
21094,r2i1p1f1,2072,10,02,0.0,35.726562,18.797478,2072
21095,r2i1p1f1,2072,10,03,0.0,35.443825,17.259281,2072
21096,r2i1p1f1,2072,10,04,0.0,33.502483,15.7336645,2072
21097,r2i1p1f1,2072,10,05,0.0,32.96615,15.859867,2072
21098,r2i1p1f1,2072,10,06,0.0,32.925396,15.395695,2072
21099,r2i1p1f1,2072,10,07,0.0,33.219162,16.1186,2072
21100,r2i1p1f1,2072,10,08,0.0,33.432728,17.902208,2072
21101,r2i1p1f1,2072,10,09,0.0,33.98503,18.33183,2072
21102,r2i1p1f1,2072,10,10,0.0,34.051754,18.100876,2072
21103,r2i1p1f1,2072,10,11,0.0,35.302685,16.346104,2072
21104,r2i1p1f1,2072,10,12,0.0,30.240383,13.342712,2072
21105,r2i1p1f1,2072,10,13,0.0,23.32592,6.15162,2072
21106,r2i1p1f1,2072,10,14,0.0,20.432528,3.1971602,2072
21107,r2i1p1f1,2072,10,15,0.013042150817454967,16.36301,5.628946,2072
21108,r2i1p1f1,2072,10,16,0.0,19.0615,1.5733778,2072
21109,r2i1p1f1,2072,10,17,0.0,21.086708,3.6972308,2072
21110,r2i1p1f1,2072,10,18,0.0,21.723415,7.7774615,2072
21111,r2i1p1f1,2072,10,19,0.0,21.074047,6.639829,2072
21112,r2i1p1f1,2072,10,20,0.0,19.433493,6.008873,2072
21113,r2i1p1f1,2072,10,21,0.0,21.296385,5.702042,2072
21114,r2i1p1f1,2072,10,22,0.0,23.418755,7.511127,2072
21115,r2i1p1f1,2072,10,23,1.6864357361555449,20.128754,7.682401,2072
21116,r2i1p1f1,2072,10,24,0.3050214708309795,20.096695,7.411741,2072
21117,r2i1p1f1,2072,10,25,0.0,23.710245,7.539905,2072
21118,r2i1p1f1,2072,10,26,0.0,28.514153,12.230363,2072
21119,r2i1p1f1,2072,10,27,0.0,28.421694,12.91507,2072
21120,r2i1p1f1,2072,10,28,0.0,28.115143,13.184711,2072
21121,r2i1p1f1,2072,10,29,0.0,27.934061,15.313099,2072
21122,r2i1p1f1,2072,10,30,0.0,27.990284,13.172383,2072
21123,r2i1p1f1,2072,10,31,0.0,23.406868,8.49609,2072
21124,r2i1p1f1,2072,11,01,0.0,24.169342,10.082439,2072
21125,r2i1p1f1,2072,11,02,0.0,25.252302,10.924996,2072
21126,r2i1p1f1,2072,11,03,0.0,24.68946,9.033058,2072
21127,r2i1p1f1,2072,11,04,0.0,21.300243,7.6048703,2072
21128,r2i1p1f1,2072,11,05,0.0,17.936266,4.4192357,2072
21129,r2i1p1f1,2072,11,06,0.09385831326653715,13.839191,2.105122,2072
21130,r2i1p1f1,2072,11,07,0.0,16.064478,1.605633,2072
21131,r2i1p1f1,2072,11,08,1.2019867668186635,16.323845,6.530452,2072
21132,r2i1p1f1,2072,11,09,0.0,14.554025,-0.7660893,2072
21133,r2i1p1f1,2072,11,10,0.0,19.191013,4.9858828,2072
21134,r2i1p1f1,2072,11,11,1.872794284153656,19.08941,6.55661,2072
21135,r2i1p1f1,2072,11,12,72.91160643071635,15.221534,10.134363,2072
21136,r2i1p1f1,2072,11,13,30.275003864517203,13.707962,8.210257,2072
21137,r2i1p1f1,2072,11,14,0.0,12.190267,0.8039758,2072
21138,r2i1p1f1,2072,11,15,0.0,14.800574,0.4680054,2072
21139,r2i1p1f1,2072,11,16,0.0,14.672092,2.1149712,2072
21140,r2i1p1f1,2072,11,17,9.184119269139046,10.876053,4.4521427,2072
21141,r2i1p1f1,2072,11,18,28.030442763156316,8.625286,3.0558207,2072
21142,r2i1p1f1,2072,11,19,10.644968217900441,8.639153,0.11070813,2072
21143,r2i1p1f1,2072,11,20,17.814903687690276,8.527879,0.59243894,2072
21144,r2i1p1f1,2072,11,21,8.64468536175309,9.743964,3.8059611,2072
21145,r2i1p1f1,2072,11,22,29.24911446607439,10.895847,4.9025297,2072
21146,r2i1p1f1,2072,11,23,0.0,12.184036,0.40165412,2072
21147,r2i1p1f1,2072,11,24,0.19538175304205652,12.834244,-0.52148956,2072
21148,r2i1p1f1,2072,11,25,0.9977564780996317,12.247135,3.3408537,2072
21149,r2i1p1f1,2072,11,26,20.0554579436357,12.581294,5.244374,2072
21150,r2i1p1f1,2072,11,27,1.1476040358306072,17.09324,5.5243587,2072
21151,r2i1p1f1,2072,11,28,0.3070775219043753,17.707994,7.9799237,2072
21152,r2i1p1f1,2072,11,29,0.0,17.438822,7.8163443,2072
21153,r2i1p1f1,2072,11,30,7.747560993743718,15.923489,6.621446,2072
21154,r2i1p1f1,2072,12,01,0.0,10.144267,-0.050653297,2072
21155,r2i1p1f1,2072,12,02,0.0,10.360379,2.5622706,2072
21156,r2i1p1f1,2072,12,03,0.0,13.976889,2.7866347,2072
21157,r2i1p1f1,2072,12,04,0.0,17.663256,6.1655817,2072
21158,r2i1p1f1,2072,12,05,0.0,18.624489,7.7230616,2072
21159,r2i1p1f1,2072,12,06,0.0,18.729675,7.6610074,2072
21160,r2i1p1f1,2072,12,07,0.0,18.459953,6.926471,2072
21161,r2i1p1f1,2072,12,08,0.0,15.922614,4.6005287,2072
21162,r2i1p1f1,2072,12,09,0.0,16.21325,4.5005703,2072
21163,r2i1p1f1,2072,12,10,0.0,17.192974,5.4863377,2072
21164,r2i1p1f1,2072,12,11,18.502192183586885,16.048811,7.492374,2072
21165,r2i1p1f1,2072,12,12,0.0,15.732949,6.652194,2072
21166,r2i1p1f1,2072,12,13,0.0,16.755508,5.901143,2072
21167,r2i1p1f1,2072,12,14,0.0,17.396433,6.824556,2072
21168,r2i1p1f1,2072,12,15,0.0,20.662086,8.377435,2072
21169,r2i1p1f1,2072,12,16,0.0,20.580349,8.4655485,2072
21170,r2i1p1f1,2072,12,17,0.0,19.632437,7.862432,2072
21171,r2i1p1f1,2072,12,18,0.0,16.802185,6.616984,2072
21172,r2i1p1f1,2072,12,19,0.0,17.867502,7.042007,2072
21173,r2i1p1f1,2072,12,20,0.0,19.06212,7.5896707,2072
21174,r2i1p1f1,2072,12,21,0.0,15.255581,4.795313,2072
21175,r2i1p1f1,2072,12,22,0.0,15.778063,3.3478632,2072
21176,r2i1p1f1,2072,12,23,0.0,19.153767,6.896668,2072
21177,r2i1p1f1,2072,12,24,0.0,19.752851,6.805733,2072
21178,r2i1p1f1,2072,12,25,19.230369765136857,16.634789,7.467426,2072
21179,r2i1p1f1,2072,12,26,17.067984242748935,10.99144,0.12064706,2072
21180,r2i1p1f1,2072,12,27,2.3270869364864666,7.933994,1.3392324,2072
21181,r2i1p1f1,2072,12,28,1.8526529182025797,9.014537,2.6493034,2072
21182,r2i1p1f1,2072,12,29,0.5483258210915665,10.374677,3.3342984,2072
21183,r2i1p1f1,2072,12,30,1.2158178586616941,10.7272,2.2684216,2072
21184,r2i1p1f1,2072,12,31,1.4063050169966118,8.838942,3.3458967,2072
21185,r2i1p1f1,2073,01,01,6.058060898249096,10.533102,6.210092,2073
21186,r2i1p1f1,2073,01,02,0.0,16.565527,3.770952,2073
21187,r2i1p1f1,2073,01,03,0.0,18.313686,5.719036,2073
21188,r2i1p1f1,2073,01,04,0.0,17.456224,4.2553124,2073
21189,r2i1p1f1,2073,01,05,0.0,16.423141,2.8185828,2073
21190,r2i1p1f1,2073,01,06,3.0306080234709043,11.136082,2.3067813,2073
21191,r2i1p1f1,2073,01,07,6.456198411171954,9.587053,5.908798,2073
21192,r2i1p1f1,2073,01,08,0.0,12.510208,6.440397,2073
21193,r2i1p1f1,2073,01,09,0.0,14.788738,1.4915172,2073
21194,r2i1p1f1,2073,01,10,0.0,16.198795,3.7097049,2073
21195,r2i1p1f1,2073,01,11,8.247138618571626,14.298372,4.9552097,2073
21196,r2i1p1f1,2073,01,12,8.948913312633522,8.2431,3.5632384,2073
21197,r2i1p1f1,2073,01,13,0.0,12.493,0.29145882,2073
21198,r2i1p1f1,2073,01,14,0.0,15.6708765,3.057199,2073
21199,r2i1p1f1,2073,01,15,0.0,15.70558,4.0758133,2073
21200,r2i1p1f1,2073,01,16,0.0,14.00669,3.411989,2073
21201,r2i1p1f1,2073,01,17,0.0,9.242845,-0.5592476,2073
21202,r2i1p1f1,2073,01,18,0.0,10.3305435,-0.6032851,2073
21203,r2i1p1f1,2073,01,19,0.0,14.626286,1.6623905,2073
21204,r2i1p1f1,2073,01,20,0.0,17.580528,6.4780693,2073
21205,r2i1p1f1,2073,01,21,0.0,18.758022,8.243586,2073
21206,r2i1p1f1,2073,01,22,0.0,18.886322,7.5704923,2073
21207,r2i1p1f1,2073,01,23,0.0,20.165733,7.707996,2073
21208,r2i1p1f1,2073,01,24,0.0,21.36294,6.3445287,2073
21209,r2i1p1f1,2073,01,25,0.0,18.22766,5.6746397,2073
21210,r2i1p1f1,2073,01,26,0.0,17.373299,6.378119,2073
21211,r2i1p1f1,2073,01,27,0.0,16.282753,4.108401,2073
21212,r2i1p1f1,2073,01,28,3.6530920854374926,12.836537,4.1508365,2073
21213,r2i1p1f1,2073,01,29,11.471321822818936,12.039891,5.084412,2073
21214,r2i1p1f1,2073,01,30,0.0,10.232376,1.4545455,2073
21215,r2i1p1f1,2073,01,31,1.6343819891744715,8.579675,2.5146036,2073
21216,r2i1p1f1,2073,02,01,1.979049270488531,11.047935,4.9479494,2073
21217,r2i1p1f1,2073,02,02,1.5409140690891832,13.214027,2.2997694,2073
21218,r2i1p1f1,2073,02,03,10.764420906161831,14.305786,4.0350685,2073
21219,r2i1p1f1,2073,02,04,17.071702374778397,14.443126,5.8890357,2073
21220,r2i1p1f1,2073,02,05,0.0,14.827227,3.32058,2073
21221,r2i1p1f1,2073,02,06,0.0,16.674448,2.5240004,2073
21222,r2i1p1f1,2073,02,07,0.0,17.530535,3.2675052,2073
21223,r2i1p1f1,2073,02,08,0.0,16.083801,2.8704228,2073
21224,r2i1p1f1,2073,02,09,0.0,15.89905,2.6893058,2073
21225,r2i1p1f1,2073,02,10,0.0,15.126914,2.7264757,2073
21226,r2i1p1f1,2073,02,11,0.0,17.967916,4.1847687,2073
21227,r2i1p1f1,2073,02,12,0.0,18.856438,5.9080815,2073
21228,r2i1p1f1,2073,02,13,0.0,20.49432,8.286223,2073
21229,r2i1p1f1,2073,02,14,0.0,20.371956,7.7371173,2073
21230,r2i1p1f1,2073,02,15,0.0,18.728855,3.0566585,2073
21231,r2i1p1f1,2073,02,16,0.0,15.139262,1.0138507,2073
21232,r2i1p1f1,2073,02,17,0.0,15.35553,1.7458594,2073
21233,r2i1p1f1,2073,02,18,0.0,13.411725,0.28056854,2073
21234,r2i1p1f1,2073,02,19,0.0,13.624217,-0.0064476333,2073
21235,r2i1p1f1,2073,02,20,0.0,14.076302,0.9021153,2073
21236,r2i1p1f1,2073,02,21,0.0,15.27927,3.9571745,2073
21237,r2i1p1f1,2073,02,22,0.0,15.76917,4.8293767,2073
21238,r2i1p1f1,2073,02,23,26.85862612488563,13.751775,3.096963,2073
21239,r2i1p1f1,2073,02,24,0.3178745901590063,11.70306,-0.24654415,2073
21240,r2i1p1f1,2073,02,25,0.0,15.500904,2.2260985,2073
21241,r2i1p1f1,2073,02,26,0.0,16.353268,4.1291943,2073
21242,r2i1p1f1,2073,02,27,0.4518859857398638,16.166267,4.628088,2073
21243,r2i1p1f1,2073,02,28,0.0,13.121113,-0.46611506,2073
21244,r2i1p1f1,2073,03,01,10.4364059213367,10.009746,0.116825156,2073
21245,r2i1p1f1,2073,03,02,21.981234617669543,11.267915,6.3244157,2073
21246,r2i1p1f1,2073,03,03,36.06177849287633,12.740304,3.532461,2073
21247,r2i1p1f1,2073,03,04,0.32246879643764714,11.638518,-0.36080974,2073
21248,r2i1p1f1,2073,03,05,2.6178758189018936,10.211571,3.3096082,2073
21249,r2i1p1f1,2073,03,06,1.5014817715382378,10.574657,3.7836702,2073
21250,r2i1p1f1,2073,03,07,3.4106830329051263,11.406291,5.1759634,2073
21251,r2i1p1f1,2073,03,08,0.0,17.98657,2.2801151,2073
21252,r2i1p1f1,2073,03,09,0.0,17.819265,5.285547,2073
21253,r2i1p1f1,2073,03,10,0.0,19.07833,4.799866,2073
21254,r2i1p1f1,2073,03,11,0.0,21.310253,5.1038237,2073
21255,r2i1p1f1,2073,03,12,0.0,21.689163,5.6238694,2073
21256,r2i1p1f1,2073,03,13,0.0,21.87224,6.321082,2073
21257,r2i1p1f1,2073,03,14,0.0,21.831312,8.343617,2073
21258,r2i1p1f1,2073,03,15,0.0,20.709251,6.8074145,2073
21259,r2i1p1f1,2073,03,16,0.0,18.72279,4.4546885,2073
21260,r2i1p1f1,2073,03,17,0.0,17.637272,2.1331763,2073
21261,r2i1p1f1,2073,03,18,0.0,17.84485,5.2381,2073
21262,r2i1p1f1,2073,03,19,0.01673132755968254,18.183382,7.0425572,2073
21263,r2i1p1f1,2073,03,20,0.0,18.599112,5.954462,2073
21264,r2i1p1f1,2073,03,21,0.0,22.154894,6.73246,2073
21265,r2i1p1f1,2073,03,22,0.0,23.27038,7.9009914,2073
21266,r2i1p1f1,2073,03,23,0.0,24.732708,9.2971735,2073
21267,r2i1p1f1,2073,03,24,0.0,25.407206,10.3005905,2073
21268,r2i1p1f1,2073,03,25,0.0,21.434944,7.750786,2073
21269,r2i1p1f1,2073,03,26,0.0,19.28167,5.7391796,2073
21270,r2i1p1f1,2073,03,27,0.3427876690210496,19.306784,5.885219,2073
21271,r2i1p1f1,2073,03,28,1.896095069923831,18.062582,4.3648577,2073
21272,r2i1p1f1,2073,03,29,0.0,18.605843,3.9367375,2073
21273,r2i1p1f1,2073,03,30,0.0,19.532938,4.3019714,2073
21274,r2i1p1f1,2073,03,31,0.0,19.675648,4.0478683,2073
21275,r2i1p1f1,2073,04,01,0.0,24.193901,6.62216,2073
21276,r2i1p1f1,2073,04,02,0.0,28.282982,10.68481,2073
21277,r2i1p1f1,2073,04,03,0.0,29.475956,12.309978,2073
21278,r2i1p1f1,2073,04,04,0.0,29.161787,10.073165,2073
21279,r2i1p1f1,2073,04,05,1.4745108339184299,19.044111,7.2400565,2073
21280,r2i1p1f1,2073,04,06,0.0,18.162546,6.51749,2073
21281,r2i1p1f1,2073,04,07,0.0,18.586647,1.1532792,2073
21282,r2i1p1f1,2073,04,08,0.0,20.297462,2.4085882,2073
21283,r2i1p1f1,2073,04,09,0.0,20.818628,2.9183578,2073
21284,r2i1p1f1,2073,04,10,0.0,17.376421,2.9640665,2073
21285,r2i1p1f1,2073,04,11,0.0,17.886684,1.2330439,2073
21286,r2i1p1f1,2073,04,12,0.719244894366966,18.796339,4.780508,2073
21287,r2i1p1f1,2073,04,13,0.40571141935288324,19.360191,4.361198,2073
21288,r2i1p1f1,2073,04,14,0.0,19.33437,2.1489806,2073
21289,r2i1p1f1,2073,04,15,1.0621529690979514,16.715729,3.7758653,2073
21290,r2i1p1f1,2073,04,16,3.6679381257727073,16.348072,2.2782469,2073
21291,r2i1p1f1,2073,04,17,0.7137246881484316,18.525873,4.685692,2073
21292,r2i1p1f1,2073,04,18,3.096198846697007,15.124246,4.0142684,2073
21293,r2i1p1f1,2073,04,19,0.04814929720851069,14.780726,3.2183354,2073
21294,r2i1p1f1,2073,04,20,0.05985083358837073,17.306828,3.9224277,2073
21295,r2i1p1f1,2073,04,21,0.0,18.950401,3.6848454,2073
21296,r2i1p1f1,2073,04,22,0.0,19.136839,2.0377212,2073
21297,r2i1p1f1,2073,04,23,0.0,19.039772,0.93262374,2073
21298,r2i1p1f1,2073,04,24,0.0,20.833628,3.6622772,2073
21299,r2i1p1f1,2073,04,25,0.0,21.652885,3.8014615,2073
21300,r2i1p1f1,2073,04,26,0.0,24.75386,7.603329,2073
21301,r2i1p1f1,2073,04,27,0.0,26.159296,7.339091,2073
21302,r2i1p1f1,2073,04,28,0.059672816405509366,21.21981,5.6599145,2073
21303,r2i1p1f1,2073,04,29,0.0,17.515299,3.0752292,2073
21304,r2i1p1f1,2073,04,30,0.0,18.049591,1.1962833,2073
21305,r2i1p1f1,2073,05,01,0.0,20.683725,3.4353013,2073
21306,r2i1p1f1,2073,05,02,0.0,22.632639,6.6032434,2073
21307,r2i1p1f1,2073,05,03,0.034431516360200476,19.389387,3.3435774,2073
21308,r2i1p1f1,2073,05,04,0.0,23.17891,7.030308,2073
21309,r2i1p1f1,2073,05,05,0.0,23.328592,5.7372437,2073
21310,r2i1p1f1,2073,05,06,2.1305563892155988,18.050192,1.5699216,2073
21311,r2i1p1f1,2073,05,07,7.219622615093613,12.907252,5.538503,2073
21312,r2i1p1f1,2073,05,08,0.0,18.0387,3.0132697,2073
21313,r2i1p1f1,2073,05,09,0.0,24.164642,6.9791737,2073
21314,r2i1p1f1,2073,05,10,0.0,27.95722,11.169462,2073
21315,r2i1p1f1,2073,05,11,0.0,29.103905,12.742885,2073
21316,r2i1p1f1,2073,05,12,0.0,31.785892,15.559485,2073
21317,r2i1p1f1,2073,05,13,0.0,33.888348,17.100906,2073
21318,r2i1p1f1,2073,05,14,0.0,34.353195,16.558542,2073
21319,r2i1p1f1,2073,05,15,0.0,34.429977,15.980482,2073
21320,r2i1p1f1,2073,05,16,0.0,31.792284,13.763174,2073
21321,r2i1p1f1,2073,05,17,0.0,28.329983,8.808804,2073
21322,r2i1p1f1,2073,05,18,0.023651345236430643,25.05431,9.855236,2073
21323,r2i1p1f1,2073,05,19,0.02659747229927234,22.67653,5.7142873,2073
21324,r2i1p1f1,2073,05,20,0.7094012315860709,21.66053,5.6899443,2073
21325,r2i1p1f1,2073,05,21,0.0,24.874031,8.723471,2073
21326,r2i1p1f1,2073,05,22,1.4295930056647421,20.360542,3.9767733,2073
21327,r2i1p1f1,2073,05,23,31.83701534435386,13.816907,4.692141,2073
21328,r2i1p1f1,2073,05,24,33.504187122161966,11.643277,6.433463,2073
21329,r2i1p1f1,2073,05,25,5.042095228026255,15.378056,4.8206224,2073
21330,r2i1p1f1,2073,05,26,0.0,21.875732,5.2287803,2073
21331,r2i1p1f1,2073,05,27,0.0009021935966302408,23.03438,7.4793963,2073
21332,r2i1p1f1,2073,05,28,0.0,22.603922,5.7190385,2073
21333,r2i1p1f1,2073,05,29,0.0,19.847847,4.6136127,2073
21334,r2i1p1f1,2073,05,30,0.0,22.763432,5.712104,2073
21335,r2i1p1f1,2073,05,31,0.0,31.1632,13.632423,2073
21336,r2i1p1f1,2073,06,01,0.0,33.473442,13.294428,2073
21337,r2i1p1f1,2073,06,02,0.0,34.440308,13.014767,2073
21338,r2i1p1f1,2073,06,03,0.0,29.594168,10.196565,2073
21339,r2i1p1f1,2073,06,04,0.0,29.708143,11.790852,2073
21340,r2i1p1f1,2073,06,05,0.0,29.86779,12.716725,2073
21341,r2i1p1f1,2073,06,06,0.0,27.158058,9.732327,2073
21342,r2i1p1f1,2073,06,07,0.0,26.117744,9.575722,2073
21343,r2i1p1f1,2073,06,08,0.15857607263569662,22.259972,5.6053457,2073
21344,r2i1p1f1,2073,06,09,0.0312627575794977,20.158047,5.805022,2073
21345,r2i1p1f1,2073,06,10,0.0,22.864614,5.9767914,2073
21346,r2i1p1f1,2073,06,11,0.0,26.885572,9.471351,2073
21347,r2i1p1f1,2073,06,12,0.0,27.974836,10.4478445,2073
21348,r2i1p1f1,2073,06,13,0.0,33.68049,15.783547,2073
21349,r2i1p1f1,2073,06,14,0.0,34.298157,14.269767,2073
21350,r2i1p1f1,2073,06,15,0.0,33.53487,13.698409,2073
21351,r2i1p1f1,2073,06,16,0.0,34.56261,15.8868885,2073
21352,r2i1p1f1,2073,06,17,0.02434870839351788,36.503258,23.932774,2073
21353,r2i1p1f1,2073,06,18,0.02765981253105565,37.914394,22.921995,2073
21354,r2i1p1f1,2073,06,19,0.0,36.881298,18.204678,2073
21355,r2i1p1f1,2073,06,20,0.0,36.169605,19.84578,2073
21356,r2i1p1f1,2073,06,21,0.0,32.76465,15.178185,2073
21357,r2i1p1f1,2073,06,22,0.0,35.35801,18.57545,2073
21358,r2i1p1f1,2073,06,23,0.0,38.717323,19.19709,2073
21359,r2i1p1f1,2073,06,24,0.0,39.151966,19.92509,2073
21360,r2i1p1f1,2073,06,25,0.0,37.303513,18.423986,2073
21361,r2i1p1f1,2073,06,26,0.0,36.789326,17.470284,2073
21362,r2i1p1f1,2073,06,27,0.0,38.057533,19.301199,2073
21363,r2i1p1f1,2073,06,28,0.0,38.634697,19.914879,2073
21364,r2i1p1f1,2073,06,29,0.0,36.57864,16.510944,2073
21365,r2i1p1f1,2073,06,30,0.0,32.71934,14.560017,2073
21366,r2i1p1f1,2073,07,01,0.0,31.748543,13.203147,2073
21367,r2i1p1f1,2073,07,02,0.0,32.85232,15.678892,2073
21368,r2i1p1f1,2073,07,03,0.0,33.31929,15.011047,2073
21369,r2i1p1f1,2073,07,04,0.0,30.456705,11.667149,2073
21370,r2i1p1f1,2073,07,05,0.0,27.667376,10.9181,2073
21371,r2i1p1f1,2073,07,06,0.0,27.474566,10.403665,2073
21372,r2i1p1f1,2073,07,07,0.0,30.484615,12.47187,2073
21373,r2i1p1f1,2073,07,08,0.0,33.93869,16.760612,2073
21374,r2i1p1f1,2073,07,09,0.0,38.184708,21.145037,2073
21375,r2i1p1f1,2073,07,10,0.0,40.83035,23.087694,2073
21376,r2i1p1f1,2073,07,11,0.0,42.185524,23.438904,2073
21377,r2i1p1f1,2073,07,12,0.0,43.510555,25.319496,2073
21378,r2i1p1f1,2073,07,13,0.0,40.537807,21.46571,2073
21379,r2i1p1f1,2073,07,14,0.0,35.713516,14.810802,2073
21380,r2i1p1f1,2073,07,15,0.0,32.25436,12.267948,2073
21381,r2i1p1f1,2073,07,16,0.0,31.742514,12.03772,2073
21382,r2i1p1f1,2073,07,17,0.0,33.96836,15.62126,2073
21383,r2i1p1f1,2073,07,18,0.0,36.342266,17.940544,2073
21384,r2i1p1f1,2073,07,19,0.0,36.70314,17.359255,2073
21385,r2i1p1f1,2073,07,20,0.0,34.460903,16.116728,2073
21386,r2i1p1f1,2073,07,21,0.013503074660548009,34.36357,15.911447,2073
21387,r2i1p1f1,2073,07,22,0.0,34.739086,16.495598,2073
21388,r2i1p1f1,2073,07,23,0.0,37.290775,19.10767,2073
21389,r2i1p1f1,2073,07,24,0.3429370184903746,37.5301,18.068125,2073
21390,r2i1p1f1,2073,07,25,0.05873067452739633,31.030836,11.717621,2073
21391,r2i1p1f1,2073,07,26,0.014898821973474696,33.235703,16.428093,2073
21392,r2i1p1f1,2073,07,27,0.0695450334205816,32.112514,13.205068,2073
21393,r2i1p1f1,2073,07,28,0.0,30.73857,12.276605,2073
21394,r2i1p1f1,2073,07,29,0.0,36.441605,18.494926,2073
21395,r2i1p1f1,2073,07,30,0.0,40.075073,23.764204,2073
21396,r2i1p1f1,2073,07,31,0.020311506887082942,40.65262,22.811546,2073
21397,r2i1p1f1,2073,08,01,0.0,38.63588,21.053017,2073
21398,r2i1p1f1,2073,08,02,0.0,36.97673,17.362679,2073
21399,r2i1p1f1,2073,08,03,0.0,36.234177,16.370575,2073
21400,r2i1p1f1,2073,08,04,0.0,36.040176,17.261229,2073
21401,r2i1p1f1,2073,08,05,0.0,37.242783,19.71669,2073
21402,r2i1p1f1,2073,08,06,0.0,38.224747,20.575275,2073
21403,r2i1p1f1,2073,08,07,0.0,36.094315,17.82737,2073
21404,r2i1p1f1,2073,08,08,0.0,36.576645,19.367928,2073
21405,r2i1p1f1,2073,08,09,6.516920364470025,35.44906,16.104445,2073
21406,r2i1p1f1,2073,08,10,0.0,28.567085,12.899909,2073
21407,r2i1p1f1,2073,08,11,0.0,31.101091,14.952783,2073
21408,r2i1p1f1,2073,08,12,0.0,31.086287,15.39229,2073
21409,r2i1p1f1,2073,08,13,0.0,33.14639,14.57254,2073
21410,r2i1p1f1,2073,08,14,0.0,36.906086,18.397621,2073
21411,r2i1p1f1,2073,08,15,0.0,39.10452,22.61787,2073
21412,r2i1p1f1,2073,08,16,0.0,39.921432,20.869204,2073
21413,r2i1p1f1,2073,08,17,0.0,38.279278,17.544678,2073
21414,r2i1p1f1,2073,08,18,0.0,34.55949,15.917197,2073
21415,r2i1p1f1,2073,08,19,0.0,34.92458,16.591774,2073
21416,r2i1p1f1,2073,08,20,0.0,38.01088,20.040094,2073
21417,r2i1p1f1,2073,08,21,0.0,39.482155,20.482658,2073
21418,r2i1p1f1,2073,08,22,0.0,40.092945,21.346903,2073
21419,r2i1p1f1,2073,08,23,0.0,39.052876,19.623646,2073
21420,r2i1p1f1,2073,08,24,0.0,37.95305,21.053871,2073
21421,r2i1p1f1,2073,08,25,0.0,37.13381,19.401392,2073
21422,r2i1p1f1,2073,08,26,0.17246690090360062,32.94312,15.227958,2073
21423,r2i1p1f1,2073,08,27,0.0,33.618267,17.069466,2073
21424,r2i1p1f1,2073,08,28,0.0,34.38073,17.888897,2073
21425,r2i1p1f1,2073,08,29,0.0,36.691513,19.432251,2073
21426,r2i1p1f1,2073,08,30,0.0,35.18755,17.839424,2073
21427,r2i1p1f1,2073,08,31,0.0,34.861256,18.012033,2073
21428,r2i1p1f1,2073,09,01,0.0,34.408432,15.895055,2073
21429,r2i1p1f1,2073,09,02,0.0,32.88234,13.95216,2073
21430,r2i1p1f1,2073,09,03,0.0,30.220106,11.887203,2073
21431,r2i1p1f1,2073,09,04,0.0,28.5782,11.458838,2073
21432,r2i1p1f1,2073,09,05,0.0,30.90394,14.870848,2073
21433,r2i1p1f1,2073,09,06,0.0,32.761,16.319899,2073
21434,r2i1p1f1,2073,09,07,0.0,33.92344,16.877907,2073
21435,r2i1p1f1,2073,09,08,0.0,34.609726,16.971863,2073
21436,r2i1p1f1,2073,09,09,0.0,35.00223,17.528114,2073
21437,r2i1p1f1,2073,09,10,0.0,32.369736,14.622493,2073
21438,r2i1p1f1,2073,09,11,0.0,29.588789,10.376112,2073
21439,r2i1p1f1,2073,09,12,0.0,25.976328,7.9392056,2073
21440,r2i1p1f1,2073,09,13,0.0,28.760057,10.886063,2073
21441,r2i1p1f1,2073,09,14,0.0,33.731457,16.400995,2073
21442,r2i1p1f1,2073,09,15,0.0,36.494267,19.231358,2073
21443,r2i1p1f1,2073,09,16,0.0,37.64579,18.958483,2073
21444,r2i1p1f1,2073,09,17,0.0,37.812454,20.264198,2073
21445,r2i1p1f1,2073,09,18,0.0,38.09346,20.579716,2073
21446,r2i1p1f1,2073,09,19,0.0,37.82614,18.638159,2073
21447,r2i1p1f1,2073,09,20,0.0,32.649982,13.862225,2073
21448,r2i1p1f1,2073,09,21,0.0,29.001455,13.323249,2073
21449,r2i1p1f1,2073,09,22,0.0,31.992805,15.123322,2073
21450,r2i1p1f1,2073,09,23,0.0,33.41313,16.153885,2073
21451,r2i1p1f1,2073,09,24,0.0,35.169987,17.167048,2073
21452,r2i1p1f1,2073,09,25,0.0,35.38747,17.666239,2073
21453,r2i1p1f1,2073,09,26,0.0,35.61863,18.700937,2073
21454,r2i1p1f1,2073,09,27,0.0,36.668213,18.047722,2073
21455,r2i1p1f1,2073,09,28,0.0,29.131548,11.360862,2073
21456,r2i1p1f1,2073,09,29,0.0,29.171177,11.223269,2073
21457,r2i1p1f1,2073,09,30,0.0,31.66377,14.452083,2073
21458,r2i1p1f1,2073,10,01,0.0,32.089016,14.7101555,2073
21459,r2i1p1f1,2073,10,02,0.0,31.263353,11.579904,2073
21460,r2i1p1f1,2073,10,03,1.3628255691401137,22.347864,6.399441,2073
21461,r2i1p1f1,2073,10,04,24.63928928632697,15.12656,8.550573,2073
21462,r2i1p1f1,2073,10,05,0.0,20.525002,7.697159,2073
21463,r2i1p1f1,2073,10,06,0.0,23.622017,9.420256,2073
21464,r2i1p1f1,2073,10,07,0.0,24.63191,6.990876,2073
21465,r2i1p1f1,2073,10,08,0.0,23.224821,5.168933,2073
21466,r2i1p1f1,2073,10,09,0.0,24.828058,6.844748,2073
21467,r2i1p1f1,2073,10,10,0.0,25.920662,8.899162,2073
21468,r2i1p1f1,2073,10,11,0.0,26.303026,9.479295,2073
21469,r2i1p1f1,2073,10,12,0.0,26.590933,9.66029,2073
21470,r2i1p1f1,2073,10,13,0.0,26.570713,10.292368,2073
21471,r2i1p1f1,2073,10,14,0.0,30.855934,12.718769,2073
21472,r2i1p1f1,2073,10,15,0.0,31.634651,15.695516,2073
21473,r2i1p1f1,2073,10,16,0.0,32.04947,14.810085,2073
21474,r2i1p1f1,2073,10,17,0.0,30.713854,14.181817,2073
21475,r2i1p1f1,2073,10,18,0.0,30.809963,13.005038,2073
21476,r2i1p1f1,2073,10,19,13.47231897113943,19.6105,4.314512,2073
21477,r2i1p1f1,2073,10,20,0.0,12.111457,2.8557622,2073
21478,r2i1p1f1,2073,10,21,0.0,16.650974,2.212968,2073
21479,r2i1p1f1,2073,10,22,0.0,20.567368,5.5001335,2073
21480,r2i1p1f1,2073,10,23,0.0,23.918343,8.519782,2073
21481,r2i1p1f1,2073,10,24,0.0,25.056736,8.893097,2073
21482,r2i1p1f1,2073,10,25,0.0,26.243565,11.430335,2073
21483,r2i1p1f1,2073,10,26,0.0,27.502464,12.570735,2073
21484,r2i1p1f1,2073,10,27,0.0,26.835524,10.500276,2073
21485,r2i1p1f1,2073,10,28,0.0,26.426735,11.418601,2073
21486,r2i1p1f1,2073,10,29,0.0,26.997236,13.819513,2073
21487,r2i1p1f1,2073,10,30,0.0,26.960287,11.967106,2073
21488,r2i1p1f1,2073,10,31,0.0,27.439848,13.442715,2073
21489,r2i1p1f1,2073,11,01,0.0,25.33442,14.132996,2073
21490,r2i1p1f1,2073,11,02,0.0,24.602345,11.189253,2073
21491,r2i1p1f1,2073,11,03,33.2470519686467,18.912125,3.9649174,2073
21492,r2i1p1f1,2073,11,04,17.39890633257346,13.500145,7.8665543,2073
21493,r2i1p1f1,2073,11,05,0.2576393370326002,16.288465,6.965515,2073
21494,r2i1p1f1,2073,11,06,0.0,20.836843,6.8730416,2073
21495,r2i1p1f1,2073,11,07,0.0,22.83972,9.790472,2073
21496,r2i1p1f1,2073,11,08,3.7337793562073784,17.406572,6.523265,2073
21497,r2i1p1f1,2073,11,09,0.4267109011436787,17.558126,7.2045,2073
21498,r2i1p1f1,2073,11,10,28.541945114193368,12.576935,6.9463606,2073
21499,r2i1p1f1,2073,11,11,0.0,16.617298,3.9844272,2073
21500,r2i1p1f1,2073,11,12,0.0,17.924337,5.831291,2073
21501,r2i1p1f1,2073,11,13,0.0,18.805304,5.840399,2073
21502,r2i1p1f1,2073,11,14,4.866841364355423,15.839413,1.9283248,2073
21503,r2i1p1f1,2073,11,15,10.324377389264328,8.485775,2.0409853,2073
21504,r2i1p1f1,2073,11,16,0.0,10.547797,-1.3254428,2073
21505,r2i1p1f1,2073,11,17,0.0,11.125463,-0.13632123,2073
21506,r2i1p1f1,2073,11,18,0.0,11.400904,-0.66262966,2073
21507,r2i1p1f1,2073,11,19,0.0,12.479495,1.2334917,2073
21508,r2i1p1f1,2073,11,20,0.0,13.814933,0.8468287,2073
21509,r2i1p1f1,2073,11,21,0.2765919022522212,13.791585,2.6922083,2073
21510,r2i1p1f1,2073,11,22,0.1767386719791375,14.539531,4.643606,2073
21511,r2i1p1f1,2073,11,23,17.884836572193308,10.529683,2.8538446,2073
21512,r2i1p1f1,2073,11,24,0.0,10.013664,-2.1663752,2073
21513,r2i1p1f1,2073,11,25,0.16477286822009773,10.172511,-1.4201605,2073
21514,r2i1p1f1,2073,11,26,0.0,10.5702305,1.1919829,2073
21515,r2i1p1f1,2073,11,27,0.0,10.526704,-1.7928538,2073
21516,r2i1p1f1,2073,11,28,0.0,11.362224,-2.0331159,2073
21517,r2i1p1f1,2073,11,29,0.0,12.501016,-1.2474368,2073
21518,r2i1p1f1,2073,11,30,0.0,13.54475,-0.6239746,2073
21519,r2i1p1f1,2073,12,01,0.0,13.940253,3.0328007,2073
21520,r2i1p1f1,2073,12,02,0.0,13.97833,2.232316,2073
21521,r2i1p1f1,2073,12,03,0.0,14.780809,0.997367,2073
21522,r2i1p1f1,2073,12,04,0.0,11.24435,0.27693307,2073
21523,r2i1p1f1,2073,12,05,0.0,14.18318,3.19372,2073
21524,r2i1p1f1,2073,12,06,0.0,15.514406,4.164067,2073
21525,r2i1p1f1,2073,12,07,0.0,18.153103,6.507274,2073
21526,r2i1p1f1,2073,12,08,0.0,18.73359,7.2419357,2073
21527,r2i1p1f1,2073,12,09,0.007821885901648784,16.03845,5.929889,2073
21528,r2i1p1f1,2073,12,10,0.0,13.884888,2.9586515,2073
21529,r2i1p1f1,2073,12,11,0.0,15.831199,2.1062245,2073
21530,r2i1p1f1,2073,12,12,0.0,18.105865,4.9160447,2073
21531,r2i1p1f1,2073,12,13,0.0,20.489588,7.6898675,2073
21532,r2i1p1f1,2073,12,14,0.0,20.44692,7.0054417,2073
21533,r2i1p1f1,2073,12,15,0.0,19.673452,7.3510113,2073
21534,r2i1p1f1,2073,12,16,0.0,20.574951,7.6217966,2073
21535,r2i1p1f1,2073,12,17,0.0,19.151375,4.4848294,2073
21536,r2i1p1f1,2073,12,18,0.0,16.20375,4.2523828,2073
21537,r2i1p1f1,2073,12,19,0.0,14.176502,3.348117,2073
21538,r2i1p1f1,2073,12,20,1.3397276128841895,11.487134,5.363571,2073
21539,r2i1p1f1,2073,12,21,2.619596099464161,10.630672,5.9446764,2073
21540,r2i1p1f1,2073,12,22,0.0,12.7238655,-0.796469,2073
21541,r2i1p1f1,2073,12,23,0.6735458268650518,13.578194,2.2784286,2073
21542,r2i1p1f1,2073,12,24,0.0,9.024343,-1.6447484,2073
21543,r2i1p1f1,2073,12,25,0.0,9.3340645,-2.433316,2073
21544,r2i1p1f1,2073,12,26,0.0,12.333321,0.18843693,2073
21545,r2i1p1f1,2073,12,27,0.0,13.1705675,0.119153395,2073
21546,r2i1p1f1,2073,12,28,0.032995671244862024,11.061987,-1.07279,2073
21547,r2i1p1f1,2073,12,29,11.544916849697984,6.759701,-2.91262,2073
21548,r2i1p1f1,2073,12,30,3.797676798808425,-0.10921362,-4.4100876,2073
21549,r2i1p1f1,2073,12,31,2.336551291273281,6.788244,-3.3155124,2073
21550,r2i1p1f1,2074,01,01,0.0,9.139816,0.7456418,2074
21551,r2i1p1f1,2074,01,02,0.0,13.422726,0.48819992,2074
21552,r2i1p1f1,2074,01,03,0.0,13.771617,1.0642109,2074
21553,r2i1p1f1,2074,01,04,0.730628793331789,8.381454,-0.49924818,2074
21554,r2i1p1f1,2074,01,05,3.0164712047280773,10.363623,1.954489,2074
21555,r2i1p1f1,2074,01,06,0.0,12.7108965,-0.78949857,2074
21556,r2i1p1f1,2074,01,07,0.0,12.297214,1.046948,2074
21557,r2i1p1f1,2074,01,08,0.06340760588159355,12.832178,7.7299957,2074
21558,r2i1p1f1,2074,01,09,0.0,14.113916,4.19537,2074
21559,r2i1p1f1,2074,01,10,0.0,17.750813,3.8704464,2074
21560,r2i1p1f1,2074,01,11,0.0,18.376509,4.3060336,2074
21561,r2i1p1f1,2074,01,12,0.933341637832541,12.726093,9.1341505,2074
21562,r2i1p1f1,2074,01,13,0.0,13.41135,6.859212,2074
21563,r2i1p1f1,2074,01,14,0.0,17.509256,3.0847182,2074
21564,r2i1p1f1,2074,01,15,0.0,17.560617,3.6450262,2074
21565,r2i1p1f1,2074,01,16,0.0,17.060616,3.4250486,2074
21566,r2i1p1f1,2074,01,17,0.0,16.62843,3.9579196,2074
21567,r2i1p1f1,2074,01,18,0.0,18.09866,4.538107,2074
21568,r2i1p1f1,2074,01,19,0.0,19.247581,6.5123997,2074
21569,r2i1p1f1,2074,01,20,0.0,19.20681,6.3646984,2074
21570,r2i1p1f1,2074,01,21,0.0,18.867014,5.363268,2074
21571,r2i1p1f1,2074,01,22,0.0,19.918013,7.2686396,2074
21572,r2i1p1f1,2074,01,23,0.0,19.471395,6.8555813,2074
21573,r2i1p1f1,2074,01,24,0.0,18.499565,7.2118816,2074
21574,r2i1p1f1,2074,01,25,0.0,19.181284,7.46137,2074
21575,r2i1p1f1,2074,01,26,0.0,18.76113,6.612363,2074
21576,r2i1p1f1,2074,01,27,0.0,18.753456,6.7765307,2074
21577,r2i1p1f1,2074,01,28,0.0,19.81949,5.1993,2074
21578,r2i1p1f1,2074,01,29,0.0,17.914614,4.8825583,2074
21579,r2i1p1f1,2074,01,30,0.0,18.656265,5.9768057,2074
21580,r2i1p1f1,2074,01,31,0.0,17.35182,3.5671556,2074
21581,r2i1p1f1,2074,02,01,0.0,17.803333,4.7217317,2074
21582,r2i1p1f1,2074,02,02,0.0,19.161308,6.411466,2074
21583,r2i1p1f1,2074,02,03,0.0,20.409393,7.423681,2074
21584,r2i1p1f1,2074,02,04,0.0,21.91735,8.629493,2074
21585,r2i1p1f1,2074,02,05,0.0,21.448936,8.102026,2074
21586,r2i1p1f1,2074,02,06,0.0,17.61144,2.5905545,2074
21587,r2i1p1f1,2074,02,07,0.0,15.413215,1.6846422,2074
21588,r2i1p1f1,2074,02,08,0.0,16.301704,3.3708384,2074
21589,r2i1p1f1,2074,02,09,0.0,18.160326,5.11407,2074
21590,r2i1p1f1,2074,02,10,0.0,19.560246,6.3744793,2074
21591,r2i1p1f1,2074,02,11,0.0,19.740438,6.355862,2074
21592,r2i1p1f1,2074,02,12,0.0,18.135653,3.7901201,2074
21593,r2i1p1f1,2074,02,13,3.4953479448631697,16.322802,3.4397814,2074
21594,r2i1p1f1,2074,02,14,6.828420784040645,14.30991,4.7948184,2074
21595,r2i1p1f1,2074,02,15,37.13663451781031,13.936268,7.304746,2074
21596,r2i1p1f1,2074,02,16,0.5760101027362907,14.403832,2.6861837,2074
21597,r2i1p1f1,2074,02,17,64.39000023456174,11.8976965,2.738388,2074
21598,r2i1p1f1,2074,02,18,34.417876510451606,10.947636,3.9104974,2074
21599,r2i1p1f1,2074,02,19,1.6483990981669194,10.713119,0.21599415,2074
21600,r2i1p1f1,2074,02,20,1.786036189088236,10.356299,1.1576759,2074
21601,r2i1p1f1,2074,02,21,1.4833472652298951,13.315726,2.8352046,2074
21602,r2i1p1f1,2074,02,22,0.0,16.325722,2.6780522,2074
21603,r2i1p1f1,2074,02,23,0.0,17.239527,3.3627243,2074
21604,r2i1p1f1,2074,02,24,0.0,17.357073,4.5279794,2074
21605,r2i1p1f1,2074,02,25,0.0,17.477682,3.5687091,2074
21606,r2i1p1f1,2074,02,26,0.0,17.067223,3.370315,2074
21607,r2i1p1f1,2074,02,27,0.0,16.427258,5.2050457,2074
21608,r2i1p1f1,2074,02,28,0.0,17.50457,5.493837,2074
21609,r2i1p1f1,2074,03,01,0.0,18.575848,3.0270934,2074
21610,r2i1p1f1,2074,03,02,0.0,18.622646,3.782672,2074
21611,r2i1p1f1,2074,03,03,0.0,19.06832,4.679159,2074
21612,r2i1p1f1,2074,03,04,0.0,20.928955,5.8172507,2074
21613,r2i1p1f1,2074,03,05,0.0,23.168642,8.232374,2074
21614,r2i1p1f1,2074,03,06,0.0,25.309399,9.317029,2074
21615,r2i1p1f1,2074,03,07,0.0,24.47242,8.966959,2074
21616,r2i1p1f1,2074,03,08,0.0,19.236639,2.847329,2074
21617,r2i1p1f1,2074,03,09,0.0,18.834776,3.9425142,2074
21618,r2i1p1f1,2074,03,10,3.6984853538285734,11.745113,7.997904,2074
21619,r2i1p1f1,2074,03,11,0.0,15.416453,0.13752334,2074
21620,r2i1p1f1,2074,03,12,0.0,16.631124,1.8130608,2074
21621,r2i1p1f1,2074,03,13,0.0,17.258385,1.0567449,2074
21622,r2i1p1f1,2074,03,14,1.0299423869582824,16.31179,2.452098,2074
21623,r2i1p1f1,2074,03,15,0.0,12.455731,0.2884065,2074
21624,r2i1p1f1,2074,03,16,10.284811938572602,10.93899,1.1458157,2074
21625,r2i1p1f1,2074,03,17,19.495427740184823,14.1477995,4.8878565,2074
21626,r2i1p1f1,2074,03,18,1.2755607240364952,13.752775,3.594485,2074
21627,r2i1p1f1,2074,03,19,3.3231685062673932,14.508884,6.197295,2074
21628,r2i1p1f1,2074,03,20,1.5728536016013095,14.323414,6.324545,2074
21629,r2i1p1f1,2074,03,21,0.0,17.974815,1.9864973,2074
21630,r2i1p1f1,2074,03,22,0.0,19.515,2.3865538,2074
21631,r2i1p1f1,2074,03,23,0.0,19.221462,5.049965,2074
21632,r2i1p1f1,2074,03,24,3.559178075283853,12.898178,6.310601,2074
21633,r2i1p1f1,2074,03,25,0.006777012640668545,13.241136,1.2563958,2074
21634,r2i1p1f1,2074,03,26,0.0,16.82174,0.2843506,2074
21635,r2i1p1f1,2074,03,27,0.0,18.011105,0.8231342,2074
21636,r2i1p1f1,2074,03,28,3.313469483668996,16.695444,1.9213225,2074
21637,r2i1p1f1,2074,03,29,26.799052474689233,13.951122,6.312029,2074
21638,r2i1p1f1,2074,03,30,46.84218197762675,14.587431,4.690428,2074
21639,r2i1p1f1,2074,03,31,2.8830961893334006,10.065639,0.506955,2074
21640,r2i1p1f1,2074,04,01,0.5640546771587651,13.110918,2.086756,2074
21641,r2i1p1f1,2074,04,02,0.16627582821229225,14.44457,3.6712985,2074
21642,r2i1p1f1,2074,04,03,1.4197640464885808,11.944747,-2.7627466,2074
21643,r2i1p1f1,2074,04,04,16.796579965375713,11.622838,4.625685,2074
21644,r2i1p1f1,2074,04,05,6.800354361689642,12.1993065,2.879146,2074
21645,r2i1p1f1,2074,04,06,8.484079119625676,11.337816,2.7322364,2074
21646,r2i1p1f1,2074,04,07,22.141041130362282,9.46148,-4.030681,2074
21647,r2i1p1f1,2074,04,08,0.0,12.462757,2.5491138,2074
21648,r2i1p1f1,2074,04,09,0.0,15.035161,-1.1425669,2074
21649,r2i1p1f1,2074,04,10,0.0,15.959401,1.5582503,2074
21650,r2i1p1f1,2074,04,11,0.0,14.8913965,4.2072644,2074
21651,r2i1p1f1,2074,04,12,3.0511271456248323,12.345305,2.7056508,2074
21652,r2i1p1f1,2074,04,13,0.4465088501092396,10.142339,-3.5599985,2074
21653,r2i1p1f1,2074,04,14,0.0,11.654217,-2.5733776,2074
21654,r2i1p1f1,2074,04,15,0.0,16.516504,0.48048627,2074
21655,r2i1p1f1,2074,04,16,0.0,20.4513,4.223297,2074
21656,r2i1p1f1,2074,04,17,0.0,22.102478,7.5759954,2074
21657,r2i1p1f1,2074,04,18,0.0,22.622234,7.895013,2074
21658,r2i1p1f1,2074,04,19,0.0,22.659273,7.4393964,2074
21659,r2i1p1f1,2074,04,20,0.0,22.806393,7.211468,2074
21660,r2i1p1f1,2074,04,21,0.0,22.777197,7.327786,2074
21661,r2i1p1f1,2074,04,22,0.0,23.442787,6.6548553,2074
21662,r2i1p1f1,2074,04,23,0.0,19.76015,4.284992,2074
21663,r2i1p1f1,2074,04,24,0.0,14.262486,0.22114716,2074
21664,r2i1p1f1,2074,04,25,0.0,14.911556,4.2418694,2074
21665,r2i1p1f1,2074,04,26,0.0,19.778904,3.89182,2074
21666,r2i1p1f1,2074,04,27,0.0,23.480978,6.388322,2074
21667,r2i1p1f1,2074,04,28,0.0,23.77619,5.8950677,2074
21668,r2i1p1f1,2074,04,29,4.602740496784463,16.956488,2.2836127,2074
21669,r2i1p1f1,2074,04,30,0.9582954075199268,12.088891,0.9725612,2074
21670,r2i1p1f1,2074,05,01,0.0,16.966566,3.3326483,2074
21671,r2i1p1f1,2074,05,02,0.0,18.479624,1.8867522,2074
21672,r2i1p1f1,2074,05,03,0.0,19.44107,5.0171742,2074
21673,r2i1p1f1,2074,05,04,0.0,25.175922,7.8090887,2074
21674,r2i1p1f1,2074,05,05,0.31337027367044357,23.152168,7.48604,2074
21675,r2i1p1f1,2074,05,06,0.0,27.662516,10.782162,2074
21676,r2i1p1f1,2074,05,07,0.0,27.082699,11.268384,2074
21677,r2i1p1f1,2074,05,08,0.0,26.451294,11.293523,2074
21678,r2i1p1f1,2074,05,09,0.0,25.207418,7.5073953,2074
21679,r2i1p1f1,2074,05,10,0.0,18.121,4.337773,2074
21680,r2i1p1f1,2074,05,11,0.0,18.401966,2.804131,2074
21681,r2i1p1f1,2074,05,12,0.0,20.6347,4.621182,2074
21682,r2i1p1f1,2074,05,13,0.0,20.670519,3.3536952,2074
21683,r2i1p1f1,2074,05,14,0.0,17.83049,1.5541213,2074
21684,r2i1p1f1,2074,05,15,0.0,19.76855,3.9475086,2074
21685,r2i1p1f1,2074,05,16,0.0,27.856476,9.718399,2074
21686,r2i1p1f1,2074,05,17,0.0,27.741917,9.361704,2074
21687,r2i1p1f1,2074,05,18,0.0,23.554003,7.6607265,2074
21688,r2i1p1f1,2074,05,19,0.0,25.688805,9.224094,2074
21689,r2i1p1f1,2074,05,20,0.0,26.432087,9.847361,2074
21690,r2i1p1f1,2074,05,21,0.0,26.782022,10.982219,2074
21691,r2i1p1f1,2074,05,22,0.0,28.03472,12.726294,2074
21692,r2i1p1f1,2074,05,23,0.0,29.70288,12.627689,2074
21693,r2i1p1f1,2074,05,24,0.0,29.218601,11.409781,2074
21694,r2i1p1f1,2074,05,25,0.0,29.080376,10.745167,2074
21695,r2i1p1f1,2074,05,26,0.0,29.50367,10.368282,2074
21696,r2i1p1f1,2074,05,27,0.0,29.297157,11.0675745,2074
21697,r2i1p1f1,2074,05,28,0.0,30.041761,12.360364,2074
21698,r2i1p1f1,2074,05,29,0.10669216451333341,30.14679,12.670632,2074
21699,r2i1p1f1,2074,05,30,0.163267040898063,27.543077,10.688682,2074
21700,r2i1p1f1,2074,05,31,0.0,25.937712,10.312433,2074
21701,r2i1p1f1,2074,06,01,0.0,25.606543,10.443419,2074
21702,r2i1p1f1,2074,06,02,0.0,28.967417,12.655193,2074
21703,r2i1p1f1,2074,06,03,1.8257128052482585,21.74373,3.8402617,2074
21704,r2i1p1f1,2074,06,04,1.0077819424623158,22.893644,5.244405,2074
21705,r2i1p1f1,2074,06,05,5.634233140062861,19.123837,5.30272,2074
21706,r2i1p1f1,2074,06,06,1.9118178265330243,20.95722,8.463728,2074
21707,r2i1p1f1,2074,06,07,0.22365856641499704,25.615685,8.98634,2074
21708,r2i1p1f1,2074,06,08,0.04317429235243253,27.782452,11.296481,2074
21709,r2i1p1f1,2074,06,09,0.0,27.996462,13.117827,2074
21710,r2i1p1f1,2074,06,10,0.0,27.869804,11.178653,2074
21711,r2i1p1f1,2074,06,11,0.0,26.842224,10.21885,2074
21712,r2i1p1f1,2074,06,12,0.0,30.440163,13.331745,2074
21713,r2i1p1f1,2074,06,13,0.0,36.77028,19.799698,2074
21714,r2i1p1f1,2074,06,14,0.0,40.1581,22.914085,2074
21715,r2i1p1f1,2074,06,15,0.0,40.61484,22.643684,2074
21716,r2i1p1f1,2074,06,16,0.0,39.164658,20.78554,2074
21717,r2i1p1f1,2074,06,17,0.0,40.164154,19.790659,2074
21718,r2i1p1f1,2074,06,18,0.0,38.73542,20.322586,2074
21719,r2i1p1f1,2074,06,19,0.0,36.871685,18.82212,2074
21720,r2i1p1f1,2074,06,20,0.0,36.2314,14.311722,2074
21721,r2i1p1f1,2074,06,21,0.0,27.757841,11.382078,2074
21722,r2i1p1f1,2074,06,22,0.0,27.48745,11.507814,2074
21723,r2i1p1f1,2074,06,23,0.0,29.770796,13.210075,2074
21724,r2i1p1f1,2074,06,24,0.0,30.8717,12.559831,2074
21725,r2i1p1f1,2074,06,25,0.0,31.244259,13.188043,2074
21726,r2i1p1f1,2074,06,26,0.0,31.871635,14.7508955,2074
21727,r2i1p1f1,2074,06,27,0.0,31.97778,15.19911,2074
21728,r2i1p1f1,2074,06,28,0.0,32.978043,16.015394,2074
21729,r2i1p1f1,2074,06,29,0.0,32.610027,13.44366,2074
21730,r2i1p1f1,2074,06,30,0.0,31.508291,12.929079,2074
21731,r2i1p1f1,2074,07,01,0.0,31.611443,13.457226,2074
21732,r2i1p1f1,2074,07,02,0.0,33.718338,15.947844,2074
21733,r2i1p1f1,2074,07,03,0.0,35.678574,17.195982,2074
21734,r2i1p1f1,2074,07,04,0.0,37.458656,19.482763,2074
21735,r2i1p1f1,2074,07,05,0.5141405912468144,37.33549,17.529947,2074
21736,r2i1p1f1,2074,07,06,0.0,35.067528,17.332144,2074
21737,r2i1p1f1,2074,07,07,0.0035397969440964516,35.964188,16.75753,2074
21738,r2i1p1f1,2074,07,08,0.0,36.474857,18.515808,2074
21739,r2i1p1f1,2074,07,09,0.0016990881022138637,36.257732,19.32939,2074
21740,r2i1p1f1,2074,07,10,0.07110966162144905,35.785862,18.447773,2074
21741,r2i1p1f1,2074,07,11,0.0,36.691406,17.468027,2074
21742,r2i1p1f1,2074,07,12,0.0,36.821835,17.36874,2074
21743,r2i1p1f1,2074,07,13,0.003399920660740463,35.841797,16.923058,2074
21744,r2i1p1f1,2074,07,14,0.0,34.452446,15.296561,2074
21745,r2i1p1f1,2074,07,15,0.0,32.98031,14.886617,2074
21746,r2i1p1f1,2074,07,16,0.0,35.36252,16.314367,2074
21747,r2i1p1f1,2074,07,17,0.0,35.92119,17.197704,2074
21748,r2i1p1f1,2074,07,18,0.0,35.878975,16.414461,2074
21749,r2i1p1f1,2074,07,19,0.0,35.577843,16.155766,2074
21750,r2i1p1f1,2074,07,20,0.0,35.45078,16.358028,2074
21751,r2i1p1f1,2074,07,21,0.0,37.673115,19.505545,2074
21752,r2i1p1f1,2074,07,22,0.0,38.266052,19.208996,2074
21753,r2i1p1f1,2074,07,23,0.40467906824801503,38.111423,17.734127,2074
21754,r2i1p1f1,2074,07,24,0.0,37.378986,19.334326,2074
21755,r2i1p1f1,2074,07,25,0.0,38.515682,20.584496,2074
21756,r2i1p1f1,2074,07,26,0.0,39.36284,21.027096,2074
21757,r2i1p1f1,2074,07,27,0.020348403359093936,39.841194,20.976358,2074
21758,r2i1p1f1,2074,07,28,0.0,36.077053,18.801144,2074
21759,r2i1p1f1,2074,07,29,0.0,35.832542,16.57552,2074
21760,r2i1p1f1,2074,07,30,0.0,37.96968,20.240786,2074
21761,r2i1p1f1,2074,07,31,0.0,40.7329,22.90675,2074
21762,r2i1p1f1,2074,08,01,0.21167428149055922,41.336685,20.898842,2074
21763,r2i1p1f1,2074,08,02,0.0,38.956966,20.309603,2074
21764,r2i1p1f1,2074,08,03,0.0,40.14965,25.230879,2074
21765,r2i1p1f1,2074,08,04,0.0,39.165604,22.268497,2074
21766,r2i1p1f1,2074,08,05,0.0,40.03987,23.666908,2074
21767,r2i1p1f1,2074,08,06,0.5499796524759404,40.420662,19.425438,2074
21768,r2i1p1f1,2074,08,07,4.488427556725583,23.83862,7.057622,2074
21769,r2i1p1f1,2074,08,08,0.0,30.29677,14.062585,2074
21770,r2i1p1f1,2074,08,09,0.0,31.645237,14.896883,2074
21771,r2i1p1f1,2074,08,10,0.0,31.308237,12.917045,2074
21772,r2i1p1f1,2074,08,11,0.0,29.560865,10.465538,2074
21773,r2i1p1f1,2074,08,12,0.0,28.86752,11.462345,2074
21774,r2i1p1f1,2074,08,13,0.0,30.914398,14.756494,2074
21775,r2i1p1f1,2074,08,14,0.0,33.997074,16.548418,2074
21776,r2i1p1f1,2074,08,15,0.0,33.96314,14.921068,2074
21777,r2i1p1f1,2074,08,16,0.0,32.528656,12.498066,2074
21778,r2i1p1f1,2074,08,17,0.0,32.19172,12.597157,2074
21779,r2i1p1f1,2074,08,18,0.0,33.975033,15.457681,2074
21780,r2i1p1f1,2074,08,19,0.0,35.860283,17.977299,2074
21781,r2i1p1f1,2074,08,20,0.0,37.372917,19.794996,2074
21782,r2i1p1f1,2074,08,21,0.0,38.28867,18.596863,2074
21783,r2i1p1f1,2074,08,22,0.0,36.64031,18.14293,2074
21784,r2i1p1f1,2074,08,23,0.0,34.79283,16.890202,2074
21785,r2i1p1f1,2074,08,24,0.0,35.253933,18.482666,2074
21786,r2i1p1f1,2074,08,25,0.0,35.625675,18.048338,2074
21787,r2i1p1f1,2074,08,26,0.0,36.364742,18.813148,2074
21788,r2i1p1f1,2074,08,27,0.0,37.088146,19.279764,2074
21789,r2i1p1f1,2074,08,28,0.05567250540252644,36.70712,18.808535,2074
21790,r2i1p1f1,2074,08,29,0.22363603084158967,34.858856,16.229252,2074
21791,r2i1p1f1,2074,08,30,0.0,35.361816,18.253944,2074
21792,r2i1p1f1,2074,08,31,1.7843489264578238,36.821487,17.940907,2074
21793,r2i1p1f1,2074,09,01,0.14769918129502457,39.396862,19.700983,2074
21794,r2i1p1f1,2074,09,02,0.0,37.016384,17.937082,2074
21795,r2i1p1f1,2074,09,03,0.0,38.33277,21.512356,2074
21796,r2i1p1f1,2074,09,04,0.002013183279814257,38.187874,22.221228,2074
21797,r2i1p1f1,2074,09,05,0.0,38.65411,20.769901,2074
21798,r2i1p1f1,2074,09,06,0.0,38.773758,19.693737,2074
21799,r2i1p1f1,2074,09,07,0.0,37.929306,19.923883,2074
21800,r2i1p1f1,2074,09,08,0.0,36.528122,17.433765,2074
21801,r2i1p1f1,2074,09,09,0.0,36.128265,17.88519,2074
21802,r2i1p1f1,2074,09,10,0.0,37.465446,19.476423,2074
21803,r2i1p1f1,2074,09,11,0.0,38.792484,20.093596,2074
21804,r2i1p1f1,2074,09,12,0.0,38.809532,19.94691,2074
21805,r2i1p1f1,2074,09,13,0.0,37.400562,18.060339,2074
21806,r2i1p1f1,2074,09,14,0.4994497763163963,28.098976,12.745723,2074
21807,r2i1p1f1,2074,09,15,0.20331945697193987,23.827232,11.522963,2074
21808,r2i1p1f1,2074,09,16,0.0,26.666618,13.277325,2074
21809,r2i1p1f1,2074,09,17,0.0,27.45724,11.768496,2074
21810,r2i1p1f1,2074,09,18,0.0,28.772919,12.463909,2074
21811,r2i1p1f1,2074,09,19,0.0,30.164001,11.972394,2074
21812,r2i1p1f1,2074,09,20,0.0,28.864708,11.51132,2074
21813,r2i1p1f1,2074,09,21,0.0,30.085672,11.847224,2074
21814,r2i1p1f1,2074,09,22,0.0,30.714962,12.581365,2074
21815,r2i1p1f1,2074,09,23,0.0,33.471024,16.757103,2074
21816,r2i1p1f1,2074,09,24,0.0,35.068516,16.248571,2074
21817,r2i1p1f1,2074,09,25,0.0,36.522507,18.30687,2074
21818,r2i1p1f1,2074,09,26,0.0,37.52266,20.191158,2074
21819,r2i1p1f1,2074,09,27,0.0,37.97418,21.406193,2074
21820,r2i1p1f1,2074,09,28,0.0,37.468914,20.879713,2074
21821,r2i1p1f1,2074,09,29,0.0,36.478104,19.363756,2074
21822,r2i1p1f1,2074,09,30,0.0,36.65055,19.309961,2074
21823,r2i1p1f1,2074,10,01,0.16812426548540316,36.195663,16.676105,2074
21824,r2i1p1f1,2074,10,02,1.0333080217435509,32.375957,14.376005,2074
21825,r2i1p1f1,2074,10,03,5.362004408652865,20.939716,7.582819,2074
21826,r2i1p1f1,2074,10,04,16.18266888573956,20.326189,8.223342,2074
21827,r2i1p1f1,2074,10,05,4.030264890877788,19.788553,7.3520117,2074
21828,r2i1p1f1,2074,10,06,0.18950873048311223,23.123953,11.687256,2074
21829,r2i1p1f1,2074,10,07,4.129497727890907,20.29246,8.538935,2074
21830,r2i1p1f1,2074,10,08,0.0,20.08801,7.164139,2074
21831,r2i1p1f1,2074,10,09,0.0,17.49595,0.5166311,2074
21832,r2i1p1f1,2074,10,10,0.0,17.622808,1.7755089,2074
21833,r2i1p1f1,2074,10,11,0.0,20.378536,4.5667257,2074
21834,r2i1p1f1,2074,10,12,0.0,22.99949,4.862704,2074
21835,r2i1p1f1,2074,10,13,0.0,24.109884,9.253149,2074
21836,r2i1p1f1,2074,10,14,0.0,24.346453,9.012842,2074
21837,r2i1p1f1,2074,10,15,0.0,24.075148,8.253853,2074
21838,r2i1p1f1,2074,10,16,0.0,23.518183,3.7698488,2074
21839,r2i1p1f1,2074,10,17,0.07508261551265605,24.358788,8.500762,2074
21840,r2i1p1f1,2074,10,18,0.8122310776684571,20.602041,6.999768,2074
21841,r2i1p1f1,2074,10,19,5.575384759140434,20.11415,7.303553,2074
21842,r2i1p1f1,2074,10,20,4.813435151697831,20.81161,8.512603,2074
21843,r2i1p1f1,2074,10,21,19.532753406019765,19.201126,9.061248,2074
21844,r2i1p1f1,2074,10,22,0.0,25.927256,11.804707,2074
21845,r2i1p1f1,2074,10,23,0.0,27.108492,11.188337,2074
21846,r2i1p1f1,2074,10,24,0.0,24.526138,7.778921,2074
21847,r2i1p1f1,2074,10,25,0.0,24.57018,8.170166,2074
21848,r2i1p1f1,2074,10,26,2.0608191339533732,18.757591,4.6542125,2074
21849,r2i1p1f1,2074,10,27,0.0,13.219045,0.42908007,2074
21850,r2i1p1f1,2074,10,28,0.016925527961575426,12.534643,-0.49181998,2074
21851,r2i1p1f1,2074,10,29,0.0,13.055083,-0.48330027,2074
21852,r2i1p1f1,2074,10,30,0.0,16.954279,0.3060217,2074
21853,r2i1p1f1,2074,10,31,0.0,18.53372,3.63717,2074
21854,r2i1p1f1,2074,11,01,0.0,20.227932,5.47859,2074
21855,r2i1p1f1,2074,11,02,0.0,23.694801,8.487323,2074
21856,r2i1p1f1,2074,11,03,0.0,24.867424,9.052809,2074
21857,r2i1p1f1,2074,11,04,0.0,23.197975,6.650004,2074
21858,r2i1p1f1,2074,11,05,0.0,19.996223,5.3497076,2074
21859,r2i1p1f1,2074,11,06,0.0,20.58793,5.7667017,2074
21860,r2i1p1f1,2074,11,07,0.0,24.661827,9.807295,2074
21861,r2i1p1f1,2074,11,08,0.0,24.961182,10.141206,2074
21862,r2i1p1f1,2074,11,09,0.0,22.06091,7.8491983,2074
21863,r2i1p1f1,2074,11,10,0.0,22.901484,9.157583,2074
21864,r2i1p1f1,2074,11,11,19.387393125543895,17.063246,8.159703,2074
21865,r2i1p1f1,2074,11,12,0.0,15.824236,7.2466135,2074
21866,r2i1p1f1,2074,11,13,0.021539392605518515,15.822291,3.8647003,2074
21867,r2i1p1f1,2074,11,14,0.0,15.581554,2.189187,2074
21868,r2i1p1f1,2074,11,15,0.0,17.88972,4.417299,2074
21869,r2i1p1f1,2074,11,16,0.0,21.262932,6.018818,2074
21870,r2i1p1f1,2074,11,17,0.0,23.280758,7.393197,2074
21871,r2i1p1f1,2074,11,18,0.0,23.69652,7.233536,2074
21872,r2i1p1f1,2074,11,19,0.0,19.25924,6.251577,2074
21873,r2i1p1f1,2074,11,20,0.0,19.667747,8.75633,2074
21874,r2i1p1f1,2074,11,21,0.09294913147641637,19.508732,6.411013,2074
21875,r2i1p1f1,2074,11,22,1.6434024879458775,15.443549,4.9505258,2074
21876,r2i1p1f1,2074,11,23,3.87059091252695,14.330281,3.2041624,2074
21877,r2i1p1f1,2074,11,24,0.0,12.855535,1.7743115,2074
21878,r2i1p1f1,2074,11,25,0.0,14.995778,1.7238609,2074
21879,r2i1p1f1,2074,11,26,0.07335799292604861,15.69482,5.104073,2074
21880,r2i1p1f1,2074,11,27,0.45817634916147654,16.910679,5.4384065,2074
21881,r2i1p1f1,2074,11,28,2.4808111410266065,13.548875,6.754884,2074
21882,r2i1p1f1,2074,11,29,60.786930420727,11.750812,6.8045573,2074
21883,r2i1p1f1,2074,11,30,2.9602516864457584,9.632468,-2.0984302,2074
21884,r2i1p1f1,2074,12,01,0.0,12.605759,0.18361013,2074
21885,r2i1p1f1,2074,12,02,0.0,14.888362,3.1419356,2074
21886,r2i1p1f1,2074,12,03,0.0,13.101748,0.9889891,2074
21887,r2i1p1f1,2074,12,04,0.0,13.140474,0.695644,2074
21888,r2i1p1f1,2074,12,05,0.0,12.127647,-0.35246426,2074
21889,r2i1p1f1,2074,12,06,0.2184012218776843,11.313934,1.8132659,2074
21890,r2i1p1f1,2074,12,07,0.9475949145098639,10.209874,0.9531033,2074
21891,r2i1p1f1,2074,12,08,0.1376524561237602,11.2747345,3.8406248,2074
21892,r2i1p1f1,2074,12,09,0.13065687658411207,15.037764,3.6015308,2074
21893,r2i1p1f1,2074,12,10,0.0,16.362854,3.5183005,2074
21894,r2i1p1f1,2074,12,11,0.0,15.475322,3.568713,2074
21895,r2i1p1f1,2074,12,12,0.28057526939022637,16.792791,4.5414443,2074
21896,r2i1p1f1,2074,12,13,4.838722330623568,10.3300085,5.946626,2074
21897,r2i1p1f1,2074,12,14,0.0,11.735828,0.10536369,2074
21898,r2i1p1f1,2074,12,15,0.0,14.175663,1.4724636,2074
21899,r2i1p1f1,2074,12,16,0.0,15.159426,1.2045493,2074
21900,r2i1p1f1,2074,12,17,0.0,15.758467,2.3043795,2074
21901,r2i1p1f1,2074,12,18,0.028323669630481163,14.211979,2.0011325,2074
21902,r2i1p1f1,2074,12,19,1.700784305387515,9.294396,2.7046783,2074
21903,r2i1p1f1,2074,12,20,0.0,9.970794,-1.9473948,2074
21904,r2i1p1f1,2074,12,21,0.0,11.925959,-0.2200754,2074
21905,r2i1p1f1,2074,12,22,0.0,13.17374,2.0531862,2074
21906,r2i1p1f1,2074,12,23,0.0,13.069678,0.80264956,2074
21907,r2i1p1f1,2074,12,24,0.0,13.352527,0.16912492,2074
21908,r2i1p1f1,2074,12,25,8.475075021669909,12.828352,0.3939938,2074
21909,r2i1p1f1,2074,12,26,0.0,9.352254,2.544584,2074
21910,r2i1p1f1,2074,12,27,0.0,9.300076,-0.50790507,2074
21911,r2i1p1f1,2074,12,28,0.0,10.658493,-0.4556178,2074
21912,r2i1p1f1,2074,12,29,7.782235848662822,10.651409,0.5282729,2074
21913,r2i1p1f1,2074,12,30,3.520113915556067,10.90797,3.8527064,2074
21914,r2i1p1f1,2074,12,31,8.420036786878882,11.638514,7.002714,2074
21915,r2i1p1f1,2075,01,01,3.652274577711978,12.0566025,3.6144228,2075
21916,r2i1p1f1,2075,01,02,0.0,12.972812,-0.6722094,2075
21917,r2i1p1f1,2075,01,03,0.0,13.199682,0.71354735,2075
21918,r2i1p1f1,2075,01,04,0.0,14.400665,1.7752498,2075
21919,r2i1p1f1,2075,01,05,0.0,14.974232,2.2455282,2075
21920,r2i1p1f1,2075,01,06,0.0,15.247996,2.3291574,2075
21921,r2i1p1f1,2075,01,07,0.0,17.899439,5.193545,2075
21922,r2i1p1f1,2075,01,08,0.0,19.323683,6.6968656,2075
21923,r2i1p1f1,2075,01,09,0.0,18.90848,5.7755256,2075
21924,r2i1p1f1,2075,01,10,0.0,18.10463,5.48114,2075
21925,r2i1p1f1,2075,01,11,0.0,17.58746,5.3572397,2075
21926,r2i1p1f1,2075,01,12,0.0,18.583141,5.4416294,2075
21927,r2i1p1f1,2075,01,13,0.0,18.771196,4.596468,2075
21928,r2i1p1f1,2075,01,14,0.0,19.948631,4.3897266,2075
21929,r2i1p1f1,2075,01,15,1.5926687124419914,16.969704,6.4986744,2075
21930,r2i1p1f1,2075,01,16,0.2828188878822857,17.486475,7.6744013,2075
21931,r2i1p1f1,2075,01,17,42.96228824387072,16.030968,10.949016,2075
21932,r2i1p1f1,2075,01,18,16.59851099784646,15.031529,5.120948,2075
21933,r2i1p1f1,2075,01,19,8.352045367962546,11.260942,0.69083524,2075
21934,r2i1p1f1,2075,01,20,10.073491704702064,9.294167,3.4400346,2075
21935,r2i1p1f1,2075,01,21,28.524495263263816,8.914907,-1.3797112,2075
21936,r2i1p1f1,2075,01,22,16.85396167504223,7.9527793,2.6020525,2075
21937,r2i1p1f1,2075,01,23,0.0,10.405781,-0.80548745,2075
21938,r2i1p1f1,2075,01,24,0.0,15.062288,1.5225048,2075
21939,r2i1p1f1,2075,01,25,0.0,17.532871,6.1056843,2075
21940,r2i1p1f1,2075,01,26,0.0,18.878529,6.2979865,2075
21941,r2i1p1f1,2075,01,27,0.0,18.928684,7.115653,2075
21942,r2i1p1f1,2075,01,28,0.0,17.089708,5.801794,2075
21943,r2i1p1f1,2075,01,29,0.0,18.712315,5.320978,2075
21944,r2i1p1f1,2075,01,30,0.0,19.15463,5.455682,2075
21945,r2i1p1f1,2075,01,31,3.794274033430156,14.278676,6.6205816,2075
21946,r2i1p1f1,2075,02,01,12.889325214291603,15.965251,7.06114,2075
21947,r2i1p1f1,2075,02,02,0.0,15.138676,4.9900117,2075
21948,r2i1p1f1,2075,02,03,0.0,14.381773,1.8869891,2075
21949,r2i1p1f1,2075,02,04,16.25170409497514,14.240609,4.7632203,2075
21950,r2i1p1f1,2075,02,05,5.156422344461475,14.882808,4.723624,2075
21951,r2i1p1f1,2075,02,06,0.0,16.292746,3.4633284,2075
21952,r2i1p1f1,2075,02,07,0.0,14.68367,5.783002,2075
21953,r2i1p1f1,2075,02,08,3.934472191826899,15.514823,6.908845,2075
21954,r2i1p1f1,2075,02,09,0.0,17.935034,3.898055,2075
21955,r2i1p1f1,2075,02,10,0.0,18.316488,4.71105,2075
21956,r2i1p1f1,2075,02,11,0.0,18.209267,5.0981684,2075
21957,r2i1p1f1,2075,02,12,0.0,16.86846,5.5986443,2075
21958,r2i1p1f1,2075,02,13,0.0804723951773667,16.318146,5.3132854,2075
21959,r2i1p1f1,2075,02,14,0.9675452479996238,13.801646,5.37315,2075
21960,r2i1p1f1,2075,02,15,3.622618132101252,13.838408,5.350279,2075
21961,r2i1p1f1,2075,02,16,92.93881854100619,13.216287,8.016095,2075
21962,r2i1p1f1,2075,02,17,6.574212058956164,13.89864,4.8146687,2075
21963,r2i1p1f1,2075,02,18,0.0,15.700215,1.8496064,2075
21964,r2i1p1f1,2075,02,19,0.0,18.960243,5.0875525,2075
21965,r2i1p1f1,2075,02,20,0.021289289725245908,18.79784,5.0829678,2075
21966,r2i1p1f1,2075,02,21,0.0,22.289263,7.9725537,2075
21967,r2i1p1f1,2075,02,22,0.0,23.119709,10.702294,2075
21968,r2i1p1f1,2075,02,23,0.0,19.341911,8.073286,2075
21969,r2i1p1f1,2075,02,24,10.713110481384547,16.190199,8.625337,2075
21970,r2i1p1f1,2075,02,25,0.03099843888776377,14.746799,4.669329,2075
21971,r2i1p1f1,2075,02,26,0.12588931967911776,11.182612,4.114457,2075
21972,r2i1p1f1,2075,02,27,0.0,17.691954,4.405552,2075
21973,r2i1p1f1,2075,02,28,0.0,20.638956,7.112894,2075
21974,r2i1p1f1,2075,03,01,0.0,21.537157,7.196356,2075
21975,r2i1p1f1,2075,03,02,0.0,19.38931,7.8823514,2075
21976,r2i1p1f1,2075,03,03,0.0,18.485086,3.373372,2075
21977,r2i1p1f1,2075,03,04,0.0,22.447428,6.4445944,2075
21978,r2i1p1f1,2075,03,05,0.0,23.690332,7.4459567,2075
21979,r2i1p1f1,2075,03,06,0.46362514249267406,21.882753,8.545956,2075
21980,r2i1p1f1,2075,03,07,1.6693463927708763,17.96024,5.7800803,2075
21981,r2i1p1f1,2075,03,08,13.179149823190528,13.152803,9.029675,2075
21982,r2i1p1f1,2075,03,09,0.0,16.359451,2.7600355,2075
21983,r2i1p1f1,2075,03,10,0.0,17.321472,2.4990134,2075
21984,r2i1p1f1,2075,03,11,1.1226539612351871,18.814085,3.8324633,2075
21985,r2i1p1f1,2075,03,12,7.934593949880764,18.048054,2.6436713,2075
21986,r2i1p1f1,2075,03,13,61.06268056319095,14.112512,9.425082,2075
21987,r2i1p1f1,2075,03,14,15.120334887615172,13.921709,9.053411,2075
21988,r2i1p1f1,2075,03,15,42.013170453719795,12.972883,4.390079,2075
21989,r2i1p1f1,2075,03,16,20.412319406750612,11.761691,2.8503914,2075
21990,r2i1p1f1,2075,03,17,9.362052406777366,10.958569,-1.9528037,2075
21991,r2i1p1f1,2075,03,18,4.564383942533823,10.393237,3.173659,2075
21992,r2i1p1f1,2075,03,19,2.590633823925259,11.0771475,3.6347787,2075
21993,r2i1p1f1,2075,03,20,10.31240206664279,13.553951,5.6498585,2075
21994,r2i1p1f1,2075,03,21,3.4562890158781556,13.391319,2.5502596,2075
21995,r2i1p1f1,2075,03,22,49.32691931826412,11.957896,7.4726315,2075
21996,r2i1p1f1,2075,03,23,28.087767287070164,10.3298235,-1.2572349,2075
21997,r2i1p1f1,2075,03,24,48.964536230050726,10.323254,0.47340754,2075
21998,r2i1p1f1,2075,03,25,20.406196353633277,8.259421,1.4465718,2075
21999,r2i1p1f1,2075,03,26,6.989091287523763,9.334629,0.1252202,2075
22000,r2i1p1f1,2075,03,27,6.305654260108895,9.084788,0.45278862,2075
22001,r2i1p1f1,2075,03,28,10.90616911849338,9.770931,2.4746466,2075
22002,r2i1p1f1,2075,03,29,59.60922681551892,12.606388,6.256952,2075
22003,r2i1p1f1,2075,03,30,0.016041547610257112,16.807255,0.9704316,2075
22004,r2i1p1f1,2075,03,31,0.0,17.384642,3.0097704,2075
22005,r2i1p1f1,2075,04,01,6.1814041823026855,12.56615,3.0269537,2075
22006,r2i1p1f1,2075,04,02,13.602116669062525,11.037137,5.8243637,2075
22007,r2i1p1f1,2075,04,03,13.56968247482655,12.207599,7.359748,2075
22008,r2i1p1f1,2075,04,04,7.628319428931718,11.295909,3.7177162,2075
22009,r2i1p1f1,2075,04,05,0.0,17.045805,3.9210145,2075
22010,r2i1p1f1,2075,04,06,0.0,18.408861,3.2983654,2075
22011,r2i1p1f1,2075,04,07,0.0,21.16729,6.8135858,2075
22012,r2i1p1f1,2075,04,08,0.0,21.690403,7.043547,2075
22013,r2i1p1f1,2075,04,09,0.08095605517155491,21.949686,9.0073805,2075
22014,r2i1p1f1,2075,04,10,0.0,23.854351,8.546572,2075
22015,r2i1p1f1,2075,04,11,0.004517040633800207,23.255033,9.31386,2075
22016,r2i1p1f1,2075,04,12,0.0,19.843014,5.278461,2075
22017,r2i1p1f1,2075,04,13,0.22924684948861795,19.669151,5.946163,2075
22018,r2i1p1f1,2075,04,14,6.8195440922750095,13.91341,6.6931844,2075
22019,r2i1p1f1,2075,04,15,1.6004255614461727,12.609694,4.8896475,2075
22020,r2i1p1f1,2075,04,16,0.0,15.280668,3.924081,2075
22021,r2i1p1f1,2075,04,17,0.0,14.248676,2.9205415,2075
22022,r2i1p1f1,2075,04,18,0.0,16.310696,1.4792762,2075
22023,r2i1p1f1,2075,04,19,3.951874053427673,15.893934,4.9069495,2075
22024,r2i1p1f1,2075,04,20,0.4601809453816941,12.913414,7.449018,2075
22025,r2i1p1f1,2075,04,21,0.0,19.897223,3.0651257,2075
22026,r2i1p1f1,2075,04,22,2.379016490135122,18.984789,4.4661555,2075
22027,r2i1p1f1,2075,04,23,53.941628873872105,13.394784,8.016445,2075
22028,r2i1p1f1,2075,04,24,48.901699891575845,11.221354,5.7842026,2075
22029,r2i1p1f1,2075,04,25,0.0016217184565903153,13.937696,3.4864347,2075
22030,r2i1p1f1,2075,04,26,0.0,17.610064,2.6344855,2075
22031,r2i1p1f1,2075,04,27,4.240820522227295,15.565776,6.5073013,2075
22032,r2i1p1f1,2075,04,28,1.5476076144295803,14.845483,4.911366,2075
22033,r2i1p1f1,2075,04,29,0.0,17.564947,4.6390424,2075
22034,r2i1p1f1,2075,04,30,0.0,19.573038,5.138385,2075
22035,r2i1p1f1,2075,05,01,0.0,17.980873,5.7257285,2075
22036,r2i1p1f1,2075,05,02,9.174054833283662,18.023222,3.024459,2075
22037,r2i1p1f1,2075,05,03,53.39823307731422,12.933492,5.4378457,2075
22038,r2i1p1f1,2075,05,04,9.561280838852326,11.933733,4.2146583,2075
22039,r2i1p1f1,2075,05,05,9.468746305719833,12.420353,3.8263812,2075
22040,r2i1p1f1,2075,05,06,10.773228292146086,12.085955,4.6859064,2075
22041,r2i1p1f1,2075,05,07,4.929659744945525,14.903307,4.702829,2075
22042,r2i1p1f1,2075,05,08,0.024279117860714905,17.77611,6.5846424,2075
22043,r2i1p1f1,2075,05,09,0.0,17.811531,6.5073338,2075
22044,r2i1p1f1,2075,05,10,0.0,19.240196,6.8597226,2075
22045,r2i1p1f1,2075,05,11,0.0,19.218353,5.0581746,2075
22046,r2i1p1f1,2075,05,12,0.0,22.125414,8.973738,2075
22047,r2i1p1f1,2075,05,13,0.0,23.670921,8.319962,2075
22048,r2i1p1f1,2075,05,14,0.0033483754350527306,23.227346,9.068801,2075
22049,r2i1p1f1,2075,05,15,0.0,23.564838,10.116414,2075
22050,r2i1p1f1,2075,05,16,0.0,24.398874,9.029045,2075
22051,r2i1p1f1,2075,05,17,0.0,23.203552,10.10879,2075
22052,r2i1p1f1,2075,05,18,0.0,24.24186,10.777067,2075
22053,r2i1p1f1,2075,05,19,0.0,24.679617,10.116367,2075
22054,r2i1p1f1,2075,05,20,0.0,22.273224,8.946672,2075
22055,r2i1p1f1,2075,05,21,0.0,20.97185,6.5757995,2075
22056,r2i1p1f1,2075,05,22,0.0,20.366997,5.4165864,2075
22057,r2i1p1f1,2075,05,23,0.0,20.72888,6.5819206,2075
22058,r2i1p1f1,2075,05,24,0.0,21.14903,6.089201,2075
22059,r2i1p1f1,2075,05,25,0.0,19.477432,7.5451527,2075
22060,r2i1p1f1,2075,05,26,0.05348832149252303,19.349566,4.665148,2075
22061,r2i1p1f1,2075,05,27,0.009959503950085491,16.632822,4.7827225,2075
22062,r2i1p1f1,2075,05,28,0.0,21.003796,5.500539,2075
22063,r2i1p1f1,2075,05,29,0.0,24.821236,8.980646,2075
22064,r2i1p1f1,2075,05,30,0.0,27.30399,11.13996,2075
22065,r2i1p1f1,2075,05,31,0.0,27.767035,12.991421,2075
22066,r2i1p1f1,2075,06,01,0.0,29.362352,11.599186,2075
22067,r2i1p1f1,2075,06,02,0.0,29.560225,10.509123,2075
22068,r2i1p1f1,2075,06,03,0.0,27.05652,11.54698,2075
22069,r2i1p1f1,2075,06,04,0.0008201856644518557,24.541397,11.117556,2075
22070,r2i1p1f1,2075,06,05,0.12464407773222774,24.383675,9.830692,2075
22071,r2i1p1f1,2075,06,06,0.4282926931637121,23.374798,8.984166,2075
22072,r2i1p1f1,2075,06,07,0.0,24.187721,10.318525,2075
22073,r2i1p1f1,2075,06,08,0.0,26.215303,11.571501,2075
22074,r2i1p1f1,2075,06,09,0.0,26.45233,11.328516,2075
22075,r2i1p1f1,2075,06,10,0.0,23.451027,7.201456,2075
22076,r2i1p1f1,2075,06,11,0.0,24.97085,10.222326,2075
22077,r2i1p1f1,2075,06,12,0.0,28.410757,12.220724,2075
22078,r2i1p1f1,2075,06,13,0.0,29.47025,13.316328,2075
22079,r2i1p1f1,2075,06,14,0.0,31.522928,14.980024,2075
22080,r2i1p1f1,2075,06,15,0.0,34.381107,18.41761,2075
22081,r2i1p1f1,2075,06,16,0.0,36.79464,19.99749,2075
22082,r2i1p1f1,2075,06,17,0.0,38.217793,21.287134,2075
22083,r2i1p1f1,2075,06,18,0.0,38.927906,18.098944,2075
22084,r2i1p1f1,2075,06,19,0.07572424419777235,38.067783,16.430042,2075
22085,r2i1p1f1,2075,06,20,0.0,30.67678,12.491034,2075
22086,r2i1p1f1,2075,06,21,0.0,26.388262,12.483001,2075
22087,r2i1p1f1,2075,06,22,0.0,26.157152,7.8594675,2075
22088,r2i1p1f1,2075,06,23,0.014000919327372685,24.925678,8.057719,2075
22089,r2i1p1f1,2075,06,24,0.0,24.56942,10.630059,2075
22090,r2i1p1f1,2075,06,25,0.0,25.342674,9.5870495,2075
22091,r2i1p1f1,2075,06,26,0.0,26.249067,9.52106,2075
22092,r2i1p1f1,2075,06,27,0.0,26.520515,10.1316395,2075
22093,r2i1p1f1,2075,06,28,0.0,28.043755,12.732888,2075
22094,r2i1p1f1,2075,06,29,0.3475382648780112,25.516851,8.7175665,2075
22095,r2i1p1f1,2075,06,30,0.0,25.800596,9.3406105,2075
22096,r2i1p1f1,2075,07,01,0.0,26.617271,9.670638,2075
22097,r2i1p1f1,2075,07,02,0.0,28.233698,10.902442,2075
22098,r2i1p1f1,2075,07,03,0.0,29.116081,10.871368,2075
22099,r2i1p1f1,2075,07,04,0.0,33.86279,14.142838,2075
22100,r2i1p1f1,2075,07,05,0.0,36.473812,18.684364,2075
22101,r2i1p1f1,2075,07,06,0.0,37.182957,19.07449,2075
22102,r2i1p1f1,2075,07,07,0.0,37.604935,18.515518,2075
22103,r2i1p1f1,2075,07,08,0.0,38.14211,22.006567,2075
22104,r2i1p1f1,2075,07,09,0.0,38.74028,20.478539,2075
22105,r2i1p1f1,2075,07,10,0.0,41.11059,23.822771,2075
22106,r2i1p1f1,2075,07,11,0.9013511352122805,40.10307,21.401348,2075
22107,r2i1p1f1,2075,07,12,0.0,38.614582,21.011992,2075
22108,r2i1p1f1,2075,07,13,0.0,38.83995,23.190145,2075
22109,r2i1p1f1,2075,07,14,0.0,40.219086,18.857666,2075
22110,r2i1p1f1,2075,07,15,0.0,36.261204,16.184631,2075
22111,r2i1p1f1,2075,07,16,0.0,34.5802,17.99723,2075
22112,r2i1p1f1,2075,07,17,0.028384536381054204,33.07741,14.842095,2075
22113,r2i1p1f1,2075,07,18,0.0,32.592,16.743834,2075
22114,r2i1p1f1,2075,07,19,0.0,33.672894,16.678688,2075
22115,r2i1p1f1,2075,07,20,0.0,34.345913,17.08724,2075
22116,r2i1p1f1,2075,07,21,0.0,34.285965,15.047786,2075
22117,r2i1p1f1,2075,07,22,0.0,32.505,12.722611,2075
22118,r2i1p1f1,2075,07,23,0.0,33.736275,15.637628,2075
22119,r2i1p1f1,2075,07,24,0.0,33.575333,14.565781,2075
22120,r2i1p1f1,2075,07,25,0.0,33.190178,13.129059,2075
22121,r2i1p1f1,2075,07,26,0.0,33.146812,15.384798,2075
22122,r2i1p1f1,2075,07,27,0.0,34.73351,16.434416,2075
22123,r2i1p1f1,2075,07,28,0.0,35.388943,16.355444,2075
22124,r2i1p1f1,2075,07,29,0.0,34.78249,16.737236,2075
22125,r2i1p1f1,2075,07,30,0.0,34.822346,15.5434065,2075
22126,r2i1p1f1,2075,07,31,0.0,33.962746,13.742846,2075
22127,r2i1p1f1,2075,08,01,0.0,32.071037,12.3443985,2075
22128,r2i1p1f1,2075,08,02,0.0,32.918686,14.295802,2075
22129,r2i1p1f1,2075,08,03,0.0,34.124714,14.38699,2075
22130,r2i1p1f1,2075,08,04,0.0,35.31865,16.346003,2075
22131,r2i1p1f1,2075,08,05,0.0,36.27875,17.641628,2075
22132,r2i1p1f1,2075,08,06,0.0,37.790997,20.760956,2075
22133,r2i1p1f1,2075,08,07,0.0,41.054966,22.854342,2075
22134,r2i1p1f1,2075,08,08,0.0,41.7184,23.227394,2075
22135,r2i1p1f1,2075,08,09,0.0,41.260384,20.725815,2075
22136,r2i1p1f1,2075,08,10,0.0,36.039482,15.043864,2075
22137,r2i1p1f1,2075,08,11,0.0,28.656551,9.314975,2075
22138,r2i1p1f1,2075,08,12,0.0,28.205675,8.611568,2075
22139,r2i1p1f1,2075,08,13,0.0,31.493416,12.823454,2075
22140,r2i1p1f1,2075,08,14,0.0,32.856533,13.58683,2075
22141,r2i1p1f1,2075,08,15,0.0,33.04961,15.088589,2075
22142,r2i1p1f1,2075,08,16,0.0,34.14506,16.816654,2075
22143,r2i1p1f1,2075,08,17,0.008462911182505195,35.189888,15.653632,2075
22144,r2i1p1f1,2075,08,18,0.0,34.81141,14.738127,2075
22145,r2i1p1f1,2075,08,19,0.0,33.439346,14.301531,2075
22146,r2i1p1f1,2075,08,20,0.0,33.952,14.21589,2075
22147,r2i1p1f1,2075,08,21,0.0,32.348446,13.201134,2075
22148,r2i1p1f1,2075,08,22,0.0,30.38456,11.897694,2075
22149,r2i1p1f1,2075,08,23,0.0,31.568739,13.447483,2075
22150,r2i1p1f1,2075,08,24,0.0,34.38132,16.21024,2075
22151,r2i1p1f1,2075,08,25,0.0,34.877926,14.777961,2075
22152,r2i1p1f1,2075,08,26,0.0,33.10118,14.4642725,2075
22153,r2i1p1f1,2075,08,27,0.0,34.042187,15.73763,2075
22154,r2i1p1f1,2075,08,28,0.0,36.02261,16.588701,2075
22155,r2i1p1f1,2075,08,29,0.0,36.814323,17.426579,2075
22156,r2i1p1f1,2075,08,30,0.0,37.516373,17.867483,2075
22157,r2i1p1f1,2075,08,31,0.0,37.298637,17.071463,2075
22158,r2i1p1f1,2075,09,01,0.0,36.37579,17.803535,2075
22159,r2i1p1f1,2075,09,02,0.0,36.6054,18.633991,2075
22160,r2i1p1f1,2075,09,03,0.0,37.628433,18.298506,2075
22161,r2i1p1f1,2075,09,04,0.0,38.536522,19.532139,2075
22162,r2i1p1f1,2075,09,05,0.0,38.554337,20.101904,2075
22163,r2i1p1f1,2075,09,06,0.0,38.629585,21.20234,2075
22164,r2i1p1f1,2075,09,07,0.0,37.688156,18.557669,2075
22165,r2i1p1f1,2075,09,08,0.0,36.387165,16.884943,2075
22166,r2i1p1f1,2075,09,09,0.0,35.09369,15.510542,2075
22167,r2i1p1f1,2075,09,10,0.0,34.75012,14.904177,2075
22168,r2i1p1f1,2075,09,11,0.0,35.06488,16.325142,2075
22169,r2i1p1f1,2075,09,12,0.0,35.607265,19.379051,2075
22170,r2i1p1f1,2075,09,13,0.0,32.954853,14.237512,2075
22171,r2i1p1f1,2075,09,14,0.0,29.673845,10.495221,2075
22172,r2i1p1f1,2075,09,15,0.0,27.071482,11.563465,2075
22173,r2i1p1f1,2075,09,16,0.0,27.41236,9.126077,2075
22174,r2i1p1f1,2075,09,17,0.0,27.41429,8.283385,2075
22175,r2i1p1f1,2075,09,18,0.0,26.75354,7.5581307,2075
22176,r2i1p1f1,2075,09,19,0.0,25.131042,6.1667914,2075
22177,r2i1p1f1,2075,09,20,0.0,24.283106,6.6644526,2075
22178,r2i1p1f1,2075,09,21,0.0,23.555166,6.786038,2075
22179,r2i1p1f1,2075,09,22,0.0,26.592216,7.7506886,2075
22180,r2i1p1f1,2075,09,23,0.0,27.137344,8.014187,2075
22181,r2i1p1f1,2075,09,24,0.0,29.675636,11.520943,2075
22182,r2i1p1f1,2075,09,25,0.0,31.814201,13.985203,2075
22183,r2i1p1f1,2075,09,26,0.0,32.593773,14.1004925,2075
22184,r2i1p1f1,2075,09,27,0.0,32.474033,13.8563385,2075
22185,r2i1p1f1,2075,09,28,0.0,30.848637,13.487974,2075
22186,r2i1p1f1,2075,09,29,0.0,32.36073,15.388838,2075
22187,r2i1p1f1,2075,09,30,0.0,32.492954,15.693211,2075
22188,r2i1p1f1,2075,10,01,0.0,31.629486,13.814938,2075
22189,r2i1p1f1,2075,10,02,0.0,31.945862,15.272008,2075
22190,r2i1p1f1,2075,10,03,0.0,34.44065,16.892653,2075
22191,r2i1p1f1,2075,10,04,0.0,35.224415,17.3828,2075
22192,r2i1p1f1,2075,10,05,0.0,35.10533,18.688278,2075
22193,r2i1p1f1,2075,10,06,0.0,34.66426,17.038395,2075
22194,r2i1p1f1,2075,10,07,0.0,30.807116,13.772799,2075
22195,r2i1p1f1,2075,10,08,0.0,29.848213,10.814292,2075
22196,r2i1p1f1,2075,10,09,0.0,23.746346,2.5055752,2075
22197,r2i1p1f1,2075,10,10,0.0,16.705614,1.0417094,2075
22198,r2i1p1f1,2075,10,11,0.0,20.294172,3.4293563,2075
22199,r2i1p1f1,2075,10,12,0.0,22.307915,6.258947,2075
22200,r2i1p1f1,2075,10,13,0.0,23.181007,6.7736692,2075
22201,r2i1p1f1,2075,10,14,0.0,22.594238,6.5019755,2075
22202,r2i1p1f1,2075,10,15,0.0,24.259283,7.6277475,2075
22203,r2i1p1f1,2075,10,16,0.0,28.112316,9.120568,2075
22204,r2i1p1f1,2075,10,17,44.91197484676377,24.448755,9.295515,2075
22205,r2i1p1f1,2075,10,18,0.6094175794743251,20.26235,11.325642,2075
22206,r2i1p1f1,2075,10,19,0.0,23.186666,10.9179535,2075
22207,r2i1p1f1,2075,10,20,0.0,24.147669,11.057332,2075
22208,r2i1p1f1,2075,10,21,0.0,24.487864,9.033802,2075
22209,r2i1p1f1,2075,10,22,0.0,24.922602,8.624357,2075
22210,r2i1p1f1,2075,10,23,0.0,25.42348,10.08348,2075
22211,r2i1p1f1,2075,10,24,0.0,27.159863,11.32736,2075
22212,r2i1p1f1,2075,10,25,0.0,28.31804,11.38647,2075
22213,r2i1p1f1,2075,10,26,0.0,29.065643,12.5455885,2075
22214,r2i1p1f1,2075,10,27,0.0,30.14367,12.391718,2075
22215,r2i1p1f1,2075,10,28,0.0,29.408396,13.393703,2075
22216,r2i1p1f1,2075,10,29,3.889627954720254,20.956219,8.281472,2075
22217,r2i1p1f1,2075,10,30,2.3324298377588093,16.146872,7.774911,2075
22218,r2i1p1f1,2075,10,31,5.362924930773261,15.390675,6.262144,2075
22219,r2i1p1f1,2075,11,01,0.0,15.986176,4.327773,2075
22220,r2i1p1f1,2075,11,02,0.0,18.152645,3.526202,2075
22221,r2i1p1f1,2075,11,03,0.0,19.448093,5.4298735,2075
22222,r2i1p1f1,2075,11,04,0.0,19.668892,4.6602535,2075
22223,r2i1p1f1,2075,11,05,3.8252999585211,17.764538,4.8632536,2075
22224,r2i1p1f1,2075,11,06,19.153054040634743,14.646786,4.4217753,2075
22225,r2i1p1f1,2075,11,07,12.871636498357475,9.767332,1.7437533,2075
22226,r2i1p1f1,2075,11,08,0.0,11.515811,-1.5167549,2075
22227,r2i1p1f1,2075,11,09,0.0,13.70679,-2.441538,2075
22228,r2i1p1f1,2075,11,10,0.0,17.65403,2.9202847,2075
22229,r2i1p1f1,2075,11,11,0.0,18.347649,6.3813267,2075
22230,r2i1p1f1,2075,11,12,0.0,19.595497,6.2876697,2075
22231,r2i1p1f1,2075,11,13,0.0,20.649303,6.0853033,2075
22232,r2i1p1f1,2075,11,14,0.00844426431285683,20.87891,6.865896,2075
22233,r2i1p1f1,2075,11,15,0.0,20.194815,6.7965837,2075
22234,r2i1p1f1,2075,11,16,0.0,19.891525,8.232511,2075
22235,r2i1p1f1,2075,11,17,0.0,17.12743,1.0797372,2075
22236,r2i1p1f1,2075,11,18,0.0,19.120657,2.2967029,2075
22237,r2i1p1f1,2075,11,19,0.0,22.189314,7.5116663,2075
22238,r2i1p1f1,2075,11,20,0.0,22.679613,7.9758277,2075
22239,r2i1p1f1,2075,11,21,0.0,18.100088,6.036852,2075
22240,r2i1p1f1,2075,11,22,1.5745451963141477,16.34855,4.023188,2075
22241,r2i1p1f1,2075,11,23,42.85106396418996,11.950814,7.643585,2075
22242,r2i1p1f1,2075,11,24,8.549346344176456,15.27929,4.8904943,2075
22243,r2i1p1f1,2075,11,25,0.12517772952378436,16.012707,5.5704513,2075
22244,r2i1p1f1,2075,11,26,23.585364131213282,12.772393,3.9471762,2075
22245,r2i1p1f1,2075,11,27,11.381108681371188,9.73535,1.8085376,2075
22246,r2i1p1f1,2075,11,28,0.1498362342317705,11.118286,-0.31914246,2075
22247,r2i1p1f1,2075,11,29,19.749592311200104,9.703507,1.9346782,2075
22248,r2i1p1f1,2075,11,30,17.726232486347726,10.448147,4.2086368,2075
22249,r2i1p1f1,2075,12,01,0.0,13.59593,1.1080496,2075
22250,r2i1p1f1,2075,12,02,0.0,14.195469,1.8282437,2075
22251,r2i1p1f1,2075,12,03,0.0,13.254365,1.8124449,2075
22252,r2i1p1f1,2075,12,04,0.0,12.812158,0.99936485,2075
22253,r2i1p1f1,2075,12,05,0.0,14.354858,1.9566615,2075
22254,r2i1p1f1,2075,12,06,0.0,16.109173,3.5933125,2075
22255,r2i1p1f1,2075,12,07,0.0,16.594542,4.007145,2075
22256,r2i1p1f1,2075,12,08,37.18104431281972,13.114144,4.468922,2075
22257,r2i1p1f1,2075,12,09,0.0,12.215441,1.2665323,2075
22258,r2i1p1f1,2075,12,10,0.0,16.771675,4.13114,2075
22259,r2i1p1f1,2075,12,11,0.0,18.7758,5.9459143,2075
22260,r2i1p1f1,2075,12,12,0.0,18.663485,6.562085,2075
22261,r2i1p1f1,2075,12,13,0.0,19.485573,5.954822,2075
22262,r2i1p1f1,2075,12,14,3.6553787495222423,18.053432,6.2131405,2075
22263,r2i1p1f1,2075,12,15,78.79285666704163,14.256526,7.784838,2075
22264,r2i1p1f1,2075,12,16,6.31321555503348,7.498121,-0.17511098,2075
22265,r2i1p1f1,2075,12,17,8.85361827131419,10.07628,1.0850482,2075
22266,r2i1p1f1,2075,12,18,40.637875839092885,11.01811,4.172739,2075
22267,r2i1p1f1,2075,12,19,11.983880497132304,11.045419,1.331037,2075
22268,r2i1p1f1,2075,12,20,0.0,11.820348,-0.8557439,2075
22269,r2i1p1f1,2075,12,21,0.0,13.796286,1.3828073,2075
22270,r2i1p1f1,2075,12,22,0.0,13.775329,2.782668,2075
22271,r2i1p1f1,2075,12,23,0.0,14.348816,2.3908975,2075
22272,r2i1p1f1,2075,12,24,0.0,16.478003,3.8385713,2075
22273,r2i1p1f1,2075,12,25,0.0,17.065487,4.6894784,2075
22274,r2i1p1f1,2075,12,26,0.0,16.45989,4.6731014,2075
22275,r2i1p1f1,2075,12,27,0.0,14.94492,3.7034504,2075
22276,r2i1p1f1,2075,12,28,0.0,13.876926,2.138813,2075
22277,r2i1p1f1,2075,12,29,0.0,14.552341,2.7518148,2075
22278,r2i1p1f1,2075,12,30,0.0,15.261885,2.7761056,2075
22279,r2i1p1f1,2075,12,31,0.0,13.646802,2.2986023,2075
22280,r2i1p1f1,2076,01,01,0.0,15.195435,2.9150765,2076
22281,r2i1p1f1,2076,01,02,0.0,15.372918,-0.48266262,2076
22282,r2i1p1f1,2076,01,03,0.0,9.591453,-2.3542306,2076
22283,r2i1p1f1,2076,01,04,1.4778032095705385,8.604431,1.6841494,2076
22284,r2i1p1f1,2076,01,05,0.0,11.195324,3.3819473,2076
22285,r2i1p1f1,2076,01,06,0.0,11.995322,-3.1027997,2076
22286,r2i1p1f1,2076,01,07,0.21829415599086133,8.430506,0.07788409,2076
22287,r2i1p1f1,2076,01,08,13.654679157389182,9.539709,3.8717647,2076
22288,r2i1p1f1,2076,01,09,0.0,10.755102,-3.089066,2076
22289,r2i1p1f1,2076,01,10,0.0,11.180744,-0.3498017,2076
22290,r2i1p1f1,2076,01,11,0.0,11.934669,0.040676277,2076
22291,r2i1p1f1,2076,01,12,0.0,13.610279,0.52765286,2076
22292,r2i1p1f1,2076,01,13,0.0,15.384342,2.0966425,2076
22293,r2i1p1f1,2076,01,14,0.0,15.479285,3.1179552,2076
22294,r2i1p1f1,2076,01,15,0.0,12.594187,1.5766958,2076
22295,r2i1p1f1,2076,01,16,0.0,11.150929,-1.4122505,2076
22296,r2i1p1f1,2076,01,17,0.0,11.913679,0.41960827,2076
22297,r2i1p1f1,2076,01,18,0.0,15.470415,2.548232,2076
22298,r2i1p1f1,2076,01,19,0.0,16.195,3.383655,2076
22299,r2i1p1f1,2076,01,20,0.0,16.286726,3.8323462,2076
22300,r2i1p1f1,2076,01,21,0.0,16.285604,4.1708274,2076
22301,r2i1p1f1,2076,01,22,0.0,15.7076,1.8799297,2076
22302,r2i1p1f1,2076,01,23,0.0,13.09082,1.1190237,2076
22303,r2i1p1f1,2076,01,24,0.0,12.983724,1.1815171,2076
22304,r2i1p1f1,2076,01,25,0.0,13.7704735,0.5005269,2076
22305,r2i1p1f1,2076,01,26,0.0,12.914777,0.31115183,2076
22306,r2i1p1f1,2076,01,27,0.0,13.261781,0.94920456,2076
22307,r2i1p1f1,2076,01,28,0.0,14.401798,1.881613,2076
22308,r2i1p1f1,2076,01,29,0.0,16.880169,3.2025404,2076
22309,r2i1p1f1,2076,01,30,0.0,18.832426,5.493141,2076
22310,r2i1p1f1,2076,01,31,0.0,20.263508,6.6359234,2076
22311,r2i1p1f1,2076,02,01,0.0,20.649687,7.0953054,2076
22312,r2i1p1f1,2076,02,02,0.0,21.063293,7.531634,2076
22313,r2i1p1f1,2076,02,03,0.0,21.035034,7.2440042,2076
22314,r2i1p1f1,2076,02,04,0.0,19.470415,6.239601,2076
22315,r2i1p1f1,2076,02,05,0.0021036698058196635,18.260323,2.4690218,2076
22316,r2i1p1f1,2076,02,06,6.350931080976352,12.455219,7.329239,2076
22317,r2i1p1f1,2076,02,07,45.23598938030773,12.399387,4.532887,2076
22318,r2i1p1f1,2076,02,08,46.30783272878034,11.900689,5.8858666,2076
22319,r2i1p1f1,2076,02,09,48.350397910689935,12.622151,1.0214467,2076
22320,r2i1p1f1,2076,02,10,26.962896882741916,8.615508,4.359441,2076
22321,r2i1p1f1,2076,02,11,0.0,12.518952,0.60783535,2076
22322,r2i1p1f1,2076,02,12,0.0,13.416605,0.3666082,2076
22323,r2i1p1f1,2076,02,13,0.18587175300126546,12.433994,1.6156325,2076
22324,r2i1p1f1,2076,02,14,0.24360989706337932,15.978104,3.8707242,2076
22325,r2i1p1f1,2076,02,15,0.0,15.988502,1.7287914,2076
22326,r2i1p1f1,2076,02,16,0.0,14.917457,1.0232489,2076
22327,r2i1p1f1,2076,02,17,3.3223139312800853,12.37851,1.3527634,2076
22328,r2i1p1f1,2076,02,18,44.99608540936606,14.101401,6.160756,2076
22329,r2i1p1f1,2076,02,19,9.568014928004231,15.53069,6.8402586,2076
22330,r2i1p1f1,2076,02,20,0.0,17.725183,4.588997,2076
22331,r2i1p1f1,2076,02,21,0.0,17.170994,3.3364093,2076
22332,r2i1p1f1,2076,02,22,0.0006257872598780523,12.212895,-0.07241514,2076
22333,r2i1p1f1,2076,02,23,0.0,12.233021,-0.20901272,2076
22334,r2i1p1f1,2076,02,24,0.0,13.6532955,0.97474414,2076
22335,r2i1p1f1,2076,02,25,0.0,14.45277,2.0274293,2076
22336,r2i1p1f1,2076,02,26,0.0,16.098677,2.4540892,2076
22337,r2i1p1f1,2076,02,27,0.0,17.988338,4.6263447,2076
22338,r2i1p1f1,2076,02,28,0.0,17.539858,5.539639,2076
22339,r2i1p1f1,2076,02,29,0.0,18.331282,7.1087103,2076
22340,r2i1p1f1,2076,03,01,0.0,17.952902,4.113603,2076
22341,r2i1p1f1,2076,03,02,0.0,18.51661,3.7958782,2076
22342,r2i1p1f1,2076,03,03,0.0,15.942788,3.476465,2076
22343,r2i1p1f1,2076,03,04,0.0,16.436974,1.2255319,2076
22344,r2i1p1f1,2076,03,05,0.0,17.69767,2.059217,2076
22345,r2i1p1f1,2076,03,06,0.0,18.235226,2.5772252,2076
22346,r2i1p1f1,2076,03,07,0.13763984493380121,17.241688,1.1525209,2076
22347,r2i1p1f1,2076,03,08,8.670631558879904,11.138739,5.4695344,2076
22348,r2i1p1f1,2076,03,09,6.586587937420063,9.719738,0.82802457,2076
22349,r2i1p1f1,2076,03,10,0.07057217815145123,14.338118,1.5362756,2076
22350,r2i1p1f1,2076,03,11,0.0,15.081907,0.2546614,2076
22351,r2i1p1f1,2076,03,12,0.0,17.846867,2.7264132,2076
22352,r2i1p1f1,2076,03,13,0.0,19.342445,2.297592,2076
22353,r2i1p1f1,2076,03,14,0.12805993793705284,19.044199,2.7678776,2076
22354,r2i1p1f1,2076,03,15,5.720161407998603,13.232989,6.0191545,2076
22355,r2i1p1f1,2076,03,16,10.73639794644805,11.496931,3.3030343,2076
22356,r2i1p1f1,2076,03,17,15.87701374264725,13.404026,3.7991605,2076
22357,r2i1p1f1,2076,03,18,63.13474295948254,13.194711,4.3433127,2076
22358,r2i1p1f1,2076,03,19,0.1255673128696344,15.677527,3.4348102,2076
22359,r2i1p1f1,2076,03,20,0.0,14.737233,5.1052203,2076
22360,r2i1p1f1,2076,03,21,0.06283501643480349,15.583369,5.71274,2076
22361,r2i1p1f1,2076,03,22,0.00401544087367256,18.173853,5.2768455,2076
22362,r2i1p1f1,2076,03,23,0.0,19.459103,6.236529,2076
22363,r2i1p1f1,2076,03,24,0.0,19.243494,5.454531,2076
22364,r2i1p1f1,2076,03,25,0.0,20.99037,5.198538,2076
22365,r2i1p1f1,2076,03,26,0.0,21.317127,4.5415807,2076
22366,r2i1p1f1,2076,03,27,0.0826722420868009,18.977133,5.1694646,2076
22367,r2i1p1f1,2076,03,28,8.97471514249446,17.364054,3.8443174,2076
22368,r2i1p1f1,2076,03,29,22.487870207623928,10.826511,7.431667,2076
22369,r2i1p1f1,2076,03,30,0.0,12.777526,0.04421642,2076
22370,r2i1p1f1,2076,03,31,0.0,15.346032,-0.4653004,2076
22371,r2i1p1f1,2076,04,01,0.0,17.51004,-0.015503036,2076
22372,r2i1p1f1,2076,04,02,0.0,17.909637,1.8252144,2076
22373,r2i1p1f1,2076,04,03,12.561861052290624,10.043342,5.076006,2076
22374,r2i1p1f1,2076,04,04,4.198405537857752,10.956074,3.5202165,2076
22375,r2i1p1f1,2076,04,05,4.849983876056285,11.124812,4.5226746,2076
22376,r2i1p1f1,2076,04,06,0.0,17.885666,4.936129,2076
22377,r2i1p1f1,2076,04,07,0.0,24.424994,7.1529903,2076
22378,r2i1p1f1,2076,04,08,0.0,24.903486,9.618062,2076
22379,r2i1p1f1,2076,04,09,0.0,27.430647,11.350861,2076
22380,r2i1p1f1,2076,04,10,0.0,26.959692,11.486947,2076
22381,r2i1p1f1,2076,04,11,0.009448578384763096,20.614584,7.9407635,2076
22382,r2i1p1f1,2076,04,12,0.0,21.249117,8.253811,2076
22383,r2i1p1f1,2076,04,13,0.0,23.113514,9.208264,2076
22384,r2i1p1f1,2076,04,14,0.0,22.85891,9.302255,2076
22385,r2i1p1f1,2076,04,15,0.0,22.9894,8.654794,2076
22386,r2i1p1f1,2076,04,16,0.0,24.170088,8.712956,2076
22387,r2i1p1f1,2076,04,17,0.0,22.659502,7.5794396,2076
22388,r2i1p1f1,2076,04,18,0.05426123570941854,20.852245,7.2309537,2076
22389,r2i1p1f1,2076,04,19,0.0,19.699327,6.7678447,2076
22390,r2i1p1f1,2076,04,20,0.0,20.867323,5.9415374,2076
22391,r2i1p1f1,2076,04,21,1.0620972334663747,19.114912,5.704593,2076
22392,r2i1p1f1,2076,04,22,0.0,24.256063,8.419215,2076
22393,r2i1p1f1,2076,04,23,2.150499112860871,19.829985,4.243843,2076
22394,r2i1p1f1,2076,04,24,3.5222566451466264,13.72578,5.863279,2076
22395,r2i1p1f1,2076,04,25,1.3943221872409595,14.373766,4.792004,2076
22396,r2i1p1f1,2076,04,26,0.0,17.412048,2.703417,2076
22397,r2i1p1f1,2076,04,27,0.0,21.120989,4.9625626,2076
22398,r2i1p1f1,2076,04,28,0.0,24.747686,8.68051,2076
22399,r2i1p1f1,2076,04,29,0.0,27.368752,10.9098215,2076
22400,r2i1p1f1,2076,04,30,0.0,28.672482,11.900069,2076
22401,r2i1p1f1,2076,05,01,1.6843722206402845,25.494326,8.038175,2076
22402,r2i1p1f1,2076,05,02,7.309304361069735,19.941122,5.331768,2076
22403,r2i1p1f1,2076,05,03,3.8018087606531026,20.119438,7.440946,2076
22404,r2i1p1f1,2076,05,04,10.69214107683365,19.202467,9.256933,2076
22405,r2i1p1f1,2076,05,05,4.367179774999386,18.667618,7.2801566,2076
22406,r2i1p1f1,2076,05,06,0.0,21.901665,7.202772,2076
22407,r2i1p1f1,2076,05,07,0.0,22.281683,7.144016,2076
22408,r2i1p1f1,2076,05,08,0.0,22.089895,3.9892654,2076
22409,r2i1p1f1,2076,05,09,0.0,18.923958,2.9977353,2076
22410,r2i1p1f1,2076,05,10,0.018759252694167117,17.310755,5.218012,2076
22411,r2i1p1f1,2076,05,11,0.8402557393253574,15.639833,4.4715533,2076
22412,r2i1p1f1,2076,05,12,0.20727051974063215,16.657013,6.4972143,2076
22413,r2i1p1f1,2076,05,13,0.0,16.138332,4.058383,2076
22414,r2i1p1f1,2076,05,14,0.0,25.64381,7.8695316,2076
22415,r2i1p1f1,2076,05,15,0.0,30.44676,10.093663,2076
22416,r2i1p1f1,2076,05,16,0.0,29.929325,12.182262,2076
22417,r2i1p1f1,2076,05,17,0.0,31.440922,14.850584,2076
22418,r2i1p1f1,2076,05,18,0.0,34.25949,15.1969185,2076
22419,r2i1p1f1,2076,05,19,0.0,34.99495,17.114027,2076
22420,r2i1p1f1,2076,05,20,0.0,36.413013,14.81595,2076
22421,r2i1p1f1,2076,05,21,0.0,31.536003,14.024324,2076
22422,r2i1p1f1,2076,05,22,0.0,29.264458,12.21866,2076
22423,r2i1p1f1,2076,05,23,0.0,27.64875,9.721111,2076
22424,r2i1p1f1,2076,05,24,4.902507716838045,20.472115,5.892477,2076
22425,r2i1p1f1,2076,05,25,0.9560037994560844,21.378214,7.475323,2076
22426,r2i1p1f1,2076,05,26,0.1663076748570802,21.176044,6.8504887,2076
22427,r2i1p1f1,2076,05,27,0.07424864807035192,26.661316,11.278442,2076
22428,r2i1p1f1,2076,05,28,0.0,31.151558,14.744466,2076
22429,r2i1p1f1,2076,05,29,0.0,33.404037,16.665392,2076
22430,r2i1p1f1,2076,05,30,0.0,35.27291,18.42784,2076
22431,r2i1p1f1,2076,05,31,0.0,36.733223,20.37542,2076
22432,r2i1p1f1,2076,06,01,1.1267684295489744,35.60848,13.99371,2076
22433,r2i1p1f1,2076,06,02,0.0,29.218506,11.271986,2076
22434,r2i1p1f1,2076,06,03,0.0288794618427346,24.881256,8.46845,2076
22435,r2i1p1f1,2076,06,04,0.0,24.19126,8.698771,2076
22436,r2i1p1f1,2076,06,05,0.0,24.43096,8.737966,2076
22437,r2i1p1f1,2076,06,06,0.0,24.853592,9.617566,2076
22438,r2i1p1f1,2076,06,07,0.0,25.597795,10.206821,2076
22439,r2i1p1f1,2076,06,08,0.0,27.390007,11.025379,2076
22440,r2i1p1f1,2076,06,09,0.0,28.383734,13.1934,2076
22441,r2i1p1f1,2076,06,10,0.0,28.22149,11.866854,2076
22442,r2i1p1f1,2076,06,11,0.0,29.23915,12.817814,2076
22443,r2i1p1f1,2076,06,12,0.0,31.167925,13.561642,2076
22444,r2i1p1f1,2076,06,13,0.0,31.092281,13.495699,2076
22445,r2i1p1f1,2076,06,14,0.005404566404010325,30.789635,12.318584,2076
22446,r2i1p1f1,2076,06,15,0.050799729820028006,26.184679,9.810917,2076
22447,r2i1p1f1,2076,06,16,0.0,24.612059,11.93492,2076
22448,r2i1p1f1,2076,06,17,0.02485814802639652,25.733147,12.330612,2076
22449,r2i1p1f1,2076,06,18,0.0,26.72155,9.928255,2076
22450,r2i1p1f1,2076,06,19,0.0,27.100819,10.939543,2076
22451,r2i1p1f1,2076,06,20,0.0,31.235203,14.341976,2076
22452,r2i1p1f1,2076,06,21,0.0,33.93781,17.27272,2076
22453,r2i1p1f1,2076,06,22,0.0,35.235306,15.110533,2076
22454,r2i1p1f1,2076,06,23,0.0,34.40011,15.034681,2076
22455,r2i1p1f1,2076,06,24,0.0,34.21877,17.877668,2076
22456,r2i1p1f1,2076,06,25,0.0,34.652912,17.578966,2076
22457,r2i1p1f1,2076,06,26,0.0,36.597282,18.442215,2076
22458,r2i1p1f1,2076,06,27,0.0,36.54188,19.890774,2076
22459,r2i1p1f1,2076,06,28,0.0,35.56024,18.622036,2076
22460,r2i1p1f1,2076,06,29,0.0,36.57986,18.614542,2076
22461,r2i1p1f1,2076,06,30,0.0,36.935024,17.36735,2076
22462,r2i1p1f1,2076,07,01,0.0,36.847294,17.450136,2076
22463,r2i1p1f1,2076,07,02,0.0,35.29881,16.603428,2076
22464,r2i1p1f1,2076,07,03,0.0,34.9158,16.69518,2076
22465,r2i1p1f1,2076,07,04,0.0,36.399952,17.380287,2076
22466,r2i1p1f1,2076,07,05,0.0,36.91295,19.043373,2076
22467,r2i1p1f1,2076,07,06,0.0,34.73246,15.227232,2076
22468,r2i1p1f1,2076,07,07,0.0,32.837322,14.488094,2076
22469,r2i1p1f1,2076,07,08,0.0,33.883068,14.793688,2076
22470,r2i1p1f1,2076,07,09,0.0,35.330734,15.047568,2076
22471,r2i1p1f1,2076,07,10,0.0,36.983418,18.789001,2076
22472,r2i1p1f1,2076,07,11,0.0,39.25667,19.876083,2076
22473,r2i1p1f1,2076,07,12,0.0,41.21559,23.142046,2076
22474,r2i1p1f1,2076,07,13,0.0,42.247116,25.63955,2076
22475,r2i1p1f1,2076,07,14,0.0,42.352886,21.644333,2076
22476,r2i1p1f1,2076,07,15,0.0,39.644936,18.707052,2076
22477,r2i1p1f1,2076,07,16,0.0,36.929813,16.813498,2076
22478,r2i1p1f1,2076,07,17,0.0,36.85449,17.42075,2076
22479,r2i1p1f1,2076,07,18,0.0,37.21501,16.458618,2076
22480,r2i1p1f1,2076,07,19,0.0,35.97657,17.110209,2076
22481,r2i1p1f1,2076,07,20,0.0,33.64679,16.337198,2076
22482,r2i1p1f1,2076,07,21,0.0422688801336335,33.434242,15.628983,2076
22483,r2i1p1f1,2076,07,22,0.0,32.211502,15.780748,2076
22484,r2i1p1f1,2076,07,23,1.4832863364063087,33.55489,16.122606,2076
22485,r2i1p1f1,2076,07,24,1.287448680614034,34.375237,15.664932,2076
22486,r2i1p1f1,2076,07,25,0.6608451720694575,34.274796,15.263463,2076
22487,r2i1p1f1,2076,07,26,0.0,32.512333,14.015642,2076
22488,r2i1p1f1,2076,07,27,0.0,31.525703,12.969174,2076
22489,r2i1p1f1,2076,07,28,0.0,32.16913,14.75167,2076
22490,r2i1p1f1,2076,07,29,0.0,33.29487,14.929932,2076
22491,r2i1p1f1,2076,07,30,0.0,34.666016,16.564035,2076
22492,r2i1p1f1,2076,07,31,0.0,35.28922,15.768448,2076
22493,r2i1p1f1,2076,08,01,0.0,36.032513,16.847252,2076
22494,r2i1p1f1,2076,08,02,0.0,36.8298,17.769459,2076
22495,r2i1p1f1,2076,08,03,0.0,36.405197,18.638714,2076
22496,r2i1p1f1,2076,08,04,0.0,35.38516,17.541258,2076
22497,r2i1p1f1,2076,08,05,0.0,33.67515,14.645567,2076
22498,r2i1p1f1,2076,08,06,0.0,31.372494,11.360109,2076
22499,r2i1p1f1,2076,08,07,0.0,29.158316,8.760273,2076
22500,r2i1p1f1,2076,08,08,0.0,30.893436,12.785044,2076
22501,r2i1p1f1,2076,08,09,0.0,33.25191,15.866501,2076
22502,r2i1p1f1,2076,08,10,0.0,35.200245,17.448341,2076
22503,r2i1p1f1,2076,08,11,0.0,35.91203,17.717686,2076
22504,r2i1p1f1,2076,08,12,0.0,36.883133,17.664093,2076
22505,r2i1p1f1,2076,08,13,0.0,35.98162,14.363735,2076
22506,r2i1p1f1,2076,08,14,0.0,35.862766,16.68264,2076
22507,r2i1p1f1,2076,08,15,0.0,36.959373,19.557219,2076
22508,r2i1p1f1,2076,08,16,0.0,36.246365,17.863289,2076
22509,r2i1p1f1,2076,08,17,0.0,36.58065,18.78817,2076
22510,r2i1p1f1,2076,08,18,0.0,37.347275,18.24488,2076
22511,r2i1p1f1,2076,08,19,0.0,36.426662,17.782616,2076
22512,r2i1p1f1,2076,08,20,0.0,33.654346,13.373287,2076
22513,r2i1p1f1,2076,08,21,0.0,34.39271,16.796272,2076
22514,r2i1p1f1,2076,08,22,0.0,36.12953,19.475513,2076
22515,r2i1p1f1,2076,08,23,0.07213516619231086,36.882675,18.53283,2076
22516,r2i1p1f1,2076,08,24,0.0,34.316116,14.864796,2076
22517,r2i1p1f1,2076,08,25,0.0,32.924194,14.263397,2076
22518,r2i1p1f1,2076,08,26,0.0,32.050888,13.043776,2076
22519,r2i1p1f1,2076,08,27,0.0,31.844988,10.676643,2076
22520,r2i1p1f1,2076,08,28,0.0,28.918898,8.907896,2076
22521,r2i1p1f1,2076,08,29,0.0,28.334702,9.837459,2076
22522,r2i1p1f1,2076,08,30,0.0,29.54525,12.482465,2076
22523,r2i1p1f1,2076,08,31,0.0,31.602247,14.045016,2076
22524,r2i1p1f1,2076,09,01,0.08298662455672456,31.08409,16.418756,2076
22525,r2i1p1f1,2076,09,02,0.32005463135647005,30.01764,13.650688,2076
22526,r2i1p1f1,2076,09,03,0.0,26.728722,8.6812105,2076
22527,r2i1p1f1,2076,09,04,0.0,27.182915,10.33381,2076
22528,r2i1p1f1,2076,09,05,0.0,31.566118,13.20035,2076
22529,r2i1p1f1,2076,09,06,0.0,35.106693,18.679262,2076
22530,r2i1p1f1,2076,09,07,0.0,35.92189,20.498676,2076
22531,r2i1p1f1,2076,09,08,0.0,35.875473,18.748756,2076
22532,r2i1p1f1,2076,09,09,0.0,35.292156,15.959861,2076
22533,r2i1p1f1,2076,09,10,0.0,32.439564,14.757845,2076
22534,r2i1p1f1,2076,09,11,0.0,32.320244,13.966256,2076
22535,r2i1p1f1,2076,09,12,0.0,31.862997,12.825788,2076
22536,r2i1p1f1,2076,09,13,0.0,29.318943,12.3737955,2076
22537,r2i1p1f1,2076,09,14,0.0,29.390184,13.591923,2076
22538,r2i1p1f1,2076,09,15,0.0,28.912563,12.778818,2076
22539,r2i1p1f1,2076,09,16,0.0,29.109816,10.942168,2076
22540,r2i1p1f1,2076,09,17,0.0,29.33633,10.617261,2076
22541,r2i1p1f1,2076,09,18,0.0,29.06997,9.6409445,2076
22542,r2i1p1f1,2076,09,19,0.0,28.857143,10.204275,2076
22543,r2i1p1f1,2076,09,20,0.0,29.857439,11.556981,2076
22544,r2i1p1f1,2076,09,21,0.0,30.94924,13.991074,2076
22545,r2i1p1f1,2076,09,22,0.0,31.364946,16.486738,2076
22546,r2i1p1f1,2076,09,23,0.28310211546340724,27.352585,10.548226,2076
22547,r2i1p1f1,2076,09,24,1.2208061745724308,26.855873,10.4057,2076
22548,r2i1p1f1,2076,09,25,0.0,23.789476,10.573896,2076
22549,r2i1p1f1,2076,09,26,0.0,24.31096,8.073692,2076
22550,r2i1p1f1,2076,09,27,0.0,26.870684,11.703301,2076
22551,r2i1p1f1,2076,09,28,0.0,26.874166,9.736935,2076
22552,r2i1p1f1,2076,09,29,0.0,25.017748,5.637239,2076
22553,r2i1p1f1,2076,09,30,0.0,24.407255,8.924076,2076
22554,r2i1p1f1,2076,10,01,0.0,26.255693,10.291424,2076
22555,r2i1p1f1,2076,10,02,0.0,26.90639,10.814484,2076
22556,r2i1p1f1,2076,10,03,0.0,29.083635,11.839787,2076
22557,r2i1p1f1,2076,10,04,0.0,29.76586,12.858543,2076
22558,r2i1p1f1,2076,10,05,0.0,30.152632,17.298897,2076
22559,r2i1p1f1,2076,10,06,0.0,29.07153,12.219164,2076
22560,r2i1p1f1,2076,10,07,0.0,28.780874,11.830251,2076
22561,r2i1p1f1,2076,10,08,0.0,29.148703,13.567908,2076
22562,r2i1p1f1,2076,10,09,0.0,30.282705,13.475595,2076
22563,r2i1p1f1,2076,10,10,0.0,31.357079,13.009754,2076
22564,r2i1p1f1,2076,10,11,0.0,30.91388,13.7371,2076
22565,r2i1p1f1,2076,10,12,0.0,26.685953,11.035217,2076
22566,r2i1p1f1,2076,10,13,0.2229470365165298,19.384727,4.534021,2076
22567,r2i1p1f1,2076,10,14,0.06431772843598083,15.841374,10.4410515,2076
22568,r2i1p1f1,2076,10,15,0.0,18.861425,4.1796317,2076
22569,r2i1p1f1,2076,10,16,0.0,22.004864,7.8396244,2076
22570,r2i1p1f1,2076,10,17,0.0,24.656204,10.045919,2076
22571,r2i1p1f1,2076,10,18,0.0,26.843351,13.278857,2076
22572,r2i1p1f1,2076,10,19,0.0,26.820457,11.54842,2076
22573,r2i1p1f1,2076,10,20,0.0,24.855581,9.434938,2076
22574,r2i1p1f1,2076,10,21,0.0,24.487747,9.849932,2076
22575,r2i1p1f1,2076,10,22,0.0,25.194605,8.488161,2076
22576,r2i1p1f1,2076,10,23,0.0,27.070465,11.768293,2076
22577,r2i1p1f1,2076,10,24,0.0,30.129194,15.560252,2076
22578,r2i1p1f1,2076,10,25,0.0,31.271454,13.658989,2076
22579,r2i1p1f1,2076,10,26,0.0,28.299671,14.056155,2076
22580,r2i1p1f1,2076,10,27,0.0,22.526695,11.1576805,2076
22581,r2i1p1f1,2076,10,28,0.0,16.819553,2.1985528,2076
22582,r2i1p1f1,2076,10,29,0.0,13.484217,-1.3208688,2076
22583,r2i1p1f1,2076,10,30,0.0,17.722273,2.4186983,2076
22584,r2i1p1f1,2076,10,31,0.0,19.622478,7.3368464,2076
22585,r2i1p1f1,2076,11,01,0.9742177361403037,17.50591,4.646709,2076
22586,r2i1p1f1,2076,11,02,83.20355688192649,14.620834,8.107493,2076
22587,r2i1p1f1,2076,11,03,19.123232340461982,12.768227,6.421911,2076
22588,r2i1p1f1,2076,11,04,0.0,16.382479,5.7755218,2076
22589,r2i1p1f1,2076,11,05,0.30152364168998247,16.124807,3.6326985,2076
22590,r2i1p1f1,2076,11,06,15.26392071536975,13.772802,4.0573826,2076
22591,r2i1p1f1,2076,11,07,0.0,8.085162,-2.0650232,2076
22592,r2i1p1f1,2076,11,08,0.0,9.551197,-3.4703755,2076
22593,r2i1p1f1,2076,11,09,0.0,10.528677,-3.2215326,2076
22594,r2i1p1f1,2076,11,10,0.20526206791657842,10.897832,-1.7000308,2076
22595,r2i1p1f1,2076,11,11,19.711153748403376,9.143366,2.3015993,2076
22596,r2i1p1f1,2076,11,12,0.016171009747267817,10.377867,-1.0063422,2076
22597,r2i1p1f1,2076,11,13,0.0,11.051128,-0.9974079,2076
22598,r2i1p1f1,2076,11,14,0.0,14.712849,-0.21093327,2076
22599,r2i1p1f1,2076,11,15,1.4334562298671472,14.275562,2.5764127,2076
22600,r2i1p1f1,2076,11,16,0.0,16.30668,6.86428,2076
22601,r2i1p1f1,2076,11,17,0.0,15.102936,3.092269,2076
22602,r2i1p1f1,2076,11,18,0.0,15.8273945,2.7049024,2076
22603,r2i1p1f1,2076,11,19,0.0,15.505565,3.8756604,2076
22604,r2i1p1f1,2076,11,20,0.0,18.48611,6.107015,2076
22605,r2i1p1f1,2076,11,21,0.0,19.106985,4.8835697,2076
22606,r2i1p1f1,2076,11,22,0.0,15.539066,3.6402936,2076
22607,r2i1p1f1,2076,11,23,0.0,11.741963,0.9044039,2076
22608,r2i1p1f1,2076,11,24,0.0,10.60391,-2.1988726,2076
22609,r2i1p1f1,2076,11,25,0.0,13.020695,-2.6905823,2076
22610,r2i1p1f1,2076,11,26,18.747927092658756,13.395999,1.7396212,2076
22611,r2i1p1f1,2076,11,27,40.04843390357564,9.445023,5.2415085,2076
22612,r2i1p1f1,2076,11,28,21.207847719824713,10.056694,1.1541952,2076
22613,r2i1p1f1,2076,11,29,6.593906248531312,7.3811383,-3.2417097,2076
22614,r2i1p1f1,2076,11,30,13.199549244836817,5.2263417,-0.32986096,2076
22615,r2i1p1f1,2076,12,01,0.08468728296975314,7.592169,-3.6706018,2076
22616,r2i1p1f1,2076,12,02,6.786701404678297,8.425808,2.0304463,2076
22617,r2i1p1f1,2076,12,03,0.0,15.286643,4.67877,2076
22618,r2i1p1f1,2076,12,04,0.0,15.771829,4.94629,2076
22619,r2i1p1f1,2076,12,05,0.0,16.629726,5.220113,2076
22620,r2i1p1f1,2076,12,06,0.0,17.811985,6.10352,2076
22621,r2i1p1f1,2076,12,07,0.0,18.59283,6.5012364,2076
22622,r2i1p1f1,2076,12,08,0.0,17.844627,6.57366,2076
22623,r2i1p1f1,2076,12,09,0.0,17.600328,6.331519,2076
22624,r2i1p1f1,2076,12,10,0.0,18.428019,7.3070393,2076
22625,r2i1p1f1,2076,12,11,0.0,16.791832,5.478452,2076
22626,r2i1p1f1,2076,12,12,0.14890284110151697,16.648804,5.239098,2076
22627,r2i1p1f1,2076,12,13,0.0,13.189131,3.1453009,2076
22628,r2i1p1f1,2076,12,14,0.0,13.308705,0.85367244,2076
22629,r2i1p1f1,2076,12,15,0.0,13.716836,1.4264717,2076
22630,r2i1p1f1,2076,12,16,0.0,13.468929,3.0019586,2076
22631,r2i1p1f1,2076,12,17,0.0,11.939446,2.8888342,2076
22632,r2i1p1f1,2076,12,18,0.0,16.265564,4.85687,2076
22633,r2i1p1f1,2076,12,19,0.0,17.794815,3.466218,2076
22634,r2i1p1f1,2076,12,20,0.009422597400998711,18.757883,6.4326077,2076
22635,r2i1p1f1,2076,12,21,0.0,12.430834,3.9234424,2076
22636,r2i1p1f1,2076,12,22,0.0,11.065318,0.8540775,2076
22637,r2i1p1f1,2076,12,23,0.0,11.838503,1.70853,2076
22638,r2i1p1f1,2076,12,24,0.0,13.158865,2.3544831,2076
22639,r2i1p1f1,2076,12,25,0.0,12.878301,1.5146157,2076
22640,r2i1p1f1,2076,12,26,0.0,12.583026,1.4585748,2076
22641,r2i1p1f1,2076,12,27,0.0,12.589789,1.6158725,2076
22642,r2i1p1f1,2076,12,28,0.0,12.460655,-0.3587247,2076
22643,r2i1p1f1,2076,12,29,0.0,12.326288,1.4259301,2076
22644,r2i1p1f1,2076,12,30,0.0,14.646393,2.4902687,2076
22645,r2i1p1f1,2076,12,31,0.0,15.463879,3.521657,2076
22646,r2i1p1f1,2077,01,01,0.0,18.182667,6.095407,2077
22647,r2i1p1f1,2077,01,02,0.0,19.43161,7.078684,2077
22648,r2i1p1f1,2077,01,03,0.0,20.393547,8.232876,2077
22649,r2i1p1f1,2077,01,04,0.0,21.025002,7.691608,2077
22650,r2i1p1f1,2077,01,05,0.0,21.015324,8.434073,2077
22651,r2i1p1f1,2077,01,06,0.0,20.988981,7.850454,2077
22652,r2i1p1f1,2077,01,07,0.0,19.583702,5.840669,2077
22653,r2i1p1f1,2077,01,08,1.013592959043308,13.448034,2.0149632,2077
22654,r2i1p1f1,2077,01,09,2.679475976486856,8.487975,-2.0278063,2077
22655,r2i1p1f1,2077,01,10,0.06633042831367675,11.802824,-0.7230276,2077
22656,r2i1p1f1,2077,01,11,0.0,10.655836,0.018721474,2077
22657,r2i1p1f1,2077,01,12,0.0,10.479289,-0.9504645,2077
22658,r2i1p1f1,2077,01,13,0.0,11.784324,-0.3354461,2077
22659,r2i1p1f1,2077,01,14,0.0,14.555664,2.1048634,2077
22660,r2i1p1f1,2077,01,15,0.0,16.195389,3.5837452,2077
22661,r2i1p1f1,2077,01,16,0.0,17.900173,6.560197,2077
22662,r2i1p1f1,2077,01,17,0.0,19.94622,6.560018,2077
22663,r2i1p1f1,2077,01,18,0.0,18.83654,5.1313963,2077
22664,r2i1p1f1,2077,01,19,0.0,13.100802,-2.2839038,2077
22665,r2i1p1f1,2077,01,20,0.0,10.710547,-2.0244675,2077
22666,r2i1p1f1,2077,01,21,0.010200474935118109,12.478357,1.8368192,2077
22667,r2i1p1f1,2077,01,22,0.007155700428995715,13.089281,2.572924,2077
22668,r2i1p1f1,2077,01,23,0.6164108454640882,14.150166,3.175493,2077
22669,r2i1p1f1,2077,01,24,7.249387940419183,10.402195,5.1584377,2077
22670,r2i1p1f1,2077,01,25,0.3313866520670672,10.935582,4.06427,2077
22671,r2i1p1f1,2077,01,26,0.7849737457515715,13.838955,6.3285046,2077
22672,r2i1p1f1,2077,01,27,3.442025025773887,16.948782,6.313696,2077
22673,r2i1p1f1,2077,01,28,0.0,19.292923,7.339761,2077
22674,r2i1p1f1,2077,01,29,0.0,20.712093,8.390984,2077
22675,r2i1p1f1,2077,01,30,0.0,13.956493,3.126174,2077
22676,r2i1p1f1,2077,01,31,0.0,9.73679,-2.6192474,2077
22677,r2i1p1f1,2077,02,01,0.0,8.704691,-2.9049082,2077
22678,r2i1p1f1,2077,02,02,0.0,10.619302,-0.77587634,2077
22679,r2i1p1f1,2077,02,03,0.0,12.722024,-0.5676132,2077
22680,r2i1p1f1,2077,02,04,0.0,14.517436,1.9967889,2077
22681,r2i1p1f1,2077,02,05,0.0,16.20219,3.6261775,2077
22682,r2i1p1f1,2077,02,06,0.0,17.661701,4.3238297,2077
22683,r2i1p1f1,2077,02,07,0.0,17.764072,4.124849,2077
22684,r2i1p1f1,2077,02,08,0.0,17.55073,4.0263186,2077
22685,r2i1p1f1,2077,02,09,0.0,19.012869,4.466063,2077
22686,r2i1p1f1,2077,02,10,0.0,19.082462,5.706948,2077
22687,r2i1p1f1,2077,02,11,0.0,19.521097,5.5338864,2077
22688,r2i1p1f1,2077,02,12,0.0,21.469482,6.785378,2077
22689,r2i1p1f1,2077,02,13,0.0403192712838063,19.69622,5.3545303,2077
22690,r2i1p1f1,2077,02,14,1.0311308092809668,16.830606,1.2187146,2077
22691,r2i1p1f1,2077,02,15,3.491930385524711,10.640133,3.4311311,2077
22692,r2i1p1f1,2077,02,16,0.0,11.776371,-2.222951,2077
22693,r2i1p1f1,2077,02,17,0.0,15.501655,-1.212908,2077
22694,r2i1p1f1,2077,02,18,10.204045500614711,14.438212,3.3110685,2077
22695,r2i1p1f1,2077,02,19,2.792437871215725,9.918183,-1.7838353,2077
22696,r2i1p1f1,2077,02,20,2.7881640454722856,9.377577,0.923911,2077
22697,r2i1p1f1,2077,02,21,3.98482521150072,9.213581,3.2234015,2077
22698,r2i1p1f1,2077,02,22,11.677145739304251,9.672771,3.701605,2077
22699,r2i1p1f1,2077,02,23,0.0,14.766715,-0.40992063,2077
22700,r2i1p1f1,2077,02,24,0.0,16.951628,3.4635072,2077
22701,r2i1p1f1,2077,02,25,0.0,17.733162,4.421833,2077
22702,r2i1p1f1,2077,02,26,0.0,13.519332,0.9847024,2077
22703,r2i1p1f1,2077,02,27,0.03617537397531123,10.824306,-1.0014468,2077
22704,r2i1p1f1,2077,02,28,0.003728990986928693,9.753178,0.882396,2077
22705,r2i1p1f1,2077,03,01,0.0,14.9936695,-2.5271327,2077
22706,r2i1p1f1,2077,03,02,0.0,19.310375,1.2574764,2077
22707,r2i1p1f1,2077,03,03,0.0,19.889696,5.2971444,2077
22708,r2i1p1f1,2077,03,04,0.17768813627299096,18.811577,3.7935588,2077
22709,r2i1p1f1,2077,03,05,5.0425916653239256,11.821522,-2.2893293,2077
22710,r2i1p1f1,2077,03,06,0.009524093547952361,9.823155,-0.24600247,2077
22711,r2i1p1f1,2077,03,07,0.2748496322737992,12.924892,-0.65048224,2077
22712,r2i1p1f1,2077,03,08,0.0,16.64519,-0.07298279,2077
22713,r2i1p1f1,2077,03,09,0.0,15.693846,0.39101997,2077
22714,r2i1p1f1,2077,03,10,0.0,17.348372,1.3704761,2077
22715,r2i1p1f1,2077,03,11,0.0,18.504286,4.5353904,2077
22716,r2i1p1f1,2077,03,12,0.0,19.308731,5.0239396,2077
22717,r2i1p1f1,2077,03,13,0.0,20.80346,4.449462,2077
22718,r2i1p1f1,2077,03,14,0.0,23.177132,5.8395786,2077
22719,r2i1p1f1,2077,03,15,0.0,23.921688,6.3465414,2077
22720,r2i1p1f1,2077,03,16,5.043281197595206,18.766708,1.3871056,2077
22721,r2i1p1f1,2077,03,17,1.1744023392850522,12.35886,5.049344,2077
22722,r2i1p1f1,2077,03,18,0.14815502890428434,14.424859,3.4917085,2077
22723,r2i1p1f1,2077,03,19,0.0,17.195139,1.985218,2077
22724,r2i1p1f1,2077,03,20,0.005000858180892465,18.007767,3.6232839,2077
22725,r2i1p1f1,2077,03,21,0.0,17.636314,3.7676768,2077
22726,r2i1p1f1,2077,03,22,18.4539521807892,14.852183,3.2405484,2077
22727,r2i1p1f1,2077,03,23,0.0,12.302219,-1.7731122,2077
22728,r2i1p1f1,2077,03,24,3.570672377054507,8.62305,-4.1348767,2077
22729,r2i1p1f1,2077,03,25,39.936777567345416,10.016652,1.7376714,2077
22730,r2i1p1f1,2077,03,26,27.37094252515817,7.729296,-0.70432824,2077
22731,r2i1p1f1,2077,03,27,8.454640688054837,8.891393,-0.6978831,2077
22732,r2i1p1f1,2077,03,28,1.4111116410617797,8.808968,-3.9494638,2077
22733,r2i1p1f1,2077,03,29,7.191749707953932,10.909178,-3.0525753,2077
22734,r2i1p1f1,2077,03,30,32.88107444750494,13.015257,3.3355982,2077
22735,r2i1p1f1,2077,03,31,42.14214393559814,12.743605,5.599377,2077
22736,r2i1p1f1,2077,04,01,0.0,19.335268,4.0764637,2077
22737,r2i1p1f1,2077,04,02,0.0,20.659779,4.5538545,2077
22738,r2i1p1f1,2077,04,03,0.0,23.337683,6.5804696,2077
22739,r2i1p1f1,2077,04,04,0.0,23.354424,6.1022687,2077
22740,r2i1p1f1,2077,04,05,0.006185412485137931,18.634853,3.6153555,2077
22741,r2i1p1f1,2077,04,06,6.566195089817484,16.137028,5.524461,2077
22742,r2i1p1f1,2077,04,07,13.268941604633255,13.11858,6.1188955,2077
22743,r2i1p1f1,2077,04,08,0.13755116569598158,8.379188,-6.1929035,2077
22744,r2i1p1f1,2077,04,09,0.0,13.74424,-3.48454,2077
22745,r2i1p1f1,2077,04,10,0.0,17.852882,0.9765911,2077
22746,r2i1p1f1,2077,04,11,0.0,22.152077,5.713316,2077
22747,r2i1p1f1,2077,04,12,0.0,23.43379,8.001194,2077
22748,r2i1p1f1,2077,04,13,0.0,23.120235,8.215457,2077
22749,r2i1p1f1,2077,04,14,0.0,20.502882,4.1568947,2077
22750,r2i1p1f1,2077,04,15,2.6940327294141753,16.17373,2.6244524,2077
22751,r2i1p1f1,2077,04,16,3.9286128261665,9.064968,1.1213338,2077
22752,r2i1p1f1,2077,04,17,0.05842172131451662,10.970679,-1.4367385,2077
22753,r2i1p1f1,2077,04,18,0.05828759531141259,11.959228,1.4147375,2077
22754,r2i1p1f1,2077,04,19,0.0,13.506449,-0.46888155,2077
22755,r2i1p1f1,2077,04,20,0.0,18.772299,2.0141401,2077
22756,r2i1p1f1,2077,04,21,0.0,24.096905,6.819952,2077
22757,r2i1p1f1,2077,04,22,0.0,25.793505,10.408813,2077
22758,r2i1p1f1,2077,04,23,0.0,26.282658,9.51458,2077
22759,r2i1p1f1,2077,04,24,0.0,25.402754,7.185792,2077
22760,r2i1p1f1,2077,04,25,0.0,22.798685,6.4428453,2077
22761,r2i1p1f1,2077,04,26,2.7586282675315488,17.624298,4.868917,2077
22762,r2i1p1f1,2077,04,27,8.256845893947684,13.845921,5.1954474,2077
22763,r2i1p1f1,2077,04,28,2.038511290538736,16.247946,2.255168,2077
22764,r2i1p1f1,2077,04,29,1.1802708251593685,18.54477,5.3011065,2077
22765,r2i1p1f1,2077,04,30,0.0,22.015863,6.8699183,2077
22766,r2i1p1f1,2077,05,01,0.0,22.442978,7.0466747,2077
22767,r2i1p1f1,2077,05,02,0.0,22.489285,5.6606283,2077
22768,r2i1p1f1,2077,05,03,0.0,19.511032,2.5254183,2077
22769,r2i1p1f1,2077,05,04,0.0,20.309586,4.0311685,2077
22770,r2i1p1f1,2077,05,05,0.0,20.68716,4.9357076,2077
22771,r2i1p1f1,2077,05,06,0.0,22.332039,6.560544,2077
22772,r2i1p1f1,2077,05,07,0.0,24.336082,8.643214,2077
22773,r2i1p1f1,2077,05,08,0.0,27.372162,10.732204,2077
22774,r2i1p1f1,2077,05,09,0.0,30.446934,13.334232,2077
22775,r2i1p1f1,2077,05,10,0.0,31.215614,14.932552,2077
22776,r2i1p1f1,2077,05,11,0.0,30.262077,13.597401,2077
22777,r2i1p1f1,2077,05,12,0.0,29.420013,13.181899,2077
22778,r2i1p1f1,2077,05,13,0.0,31.811157,14.330617,2077
22779,r2i1p1f1,2077,05,14,0.0,32.5874,15.020952,2077
22780,r2i1p1f1,2077,05,15,0.0,25.83617,7.6937857,2077
22781,r2i1p1f1,2077,05,16,0.0,23.194532,6.5498123,2077
22782,r2i1p1f1,2077,05,17,0.0,26.114504,9.718975,2077
22783,r2i1p1f1,2077,05,18,0.0,31.415636,14.38905,2077
22784,r2i1p1f1,2077,05,19,0.0,34.241295,15.81061,2077
22785,r2i1p1f1,2077,05,20,0.0,34.707874,17.26249,2077
22786,r2i1p1f1,2077,05,21,0.0,35.163986,16.705254,2077
22787,r2i1p1f1,2077,05,22,0.0,33.98314,14.652969,2077
22788,r2i1p1f1,2077,05,23,0.0,31.035397,13.3809185,2077
22789,r2i1p1f1,2077,05,24,0.0,30.11802,12.475597,2077
22790,r2i1p1f1,2077,05,25,0.0,29.234385,13.755096,2077
22791,r2i1p1f1,2077,05,26,0.0,32.45363,15.957358,2077
22792,r2i1p1f1,2077,05,27,0.04806552831269073,33.094345,16.990297,2077
22793,r2i1p1f1,2077,05,28,0.7805835507951997,30.866507,14.13215,2077
22794,r2i1p1f1,2077,05,29,0.0,33.21018,16.144445,2077
22795,r2i1p1f1,2077,05,30,0.0,31.517605,13.567577,2077
22796,r2i1p1f1,2077,05,31,0.0,26.562067,9.560129,2077
22797,r2i1p1f1,2077,06,01,0.020939684401355407,24.280342,8.401043,2077
22798,r2i1p1f1,2077,06,02,0.0,25.916012,8.824048,2077
22799,r2i1p1f1,2077,06,03,0.0,28.683489,13.800507,2077
22800,r2i1p1f1,2077,06,04,0.0,29.968445,13.546811,2077
22801,r2i1p1f1,2077,06,05,0.0,29.800825,12.6868305,2077
22802,r2i1p1f1,2077,06,06,0.015763100418553222,29.23624,12.577751,2077
22803,r2i1p1f1,2077,06,07,0.0,31.490278,15.750798,2077
22804,r2i1p1f1,2077,06,08,0.0,34.30406,17.212523,2077
22805,r2i1p1f1,2077,06,09,0.0,34.880203,16.398048,2077
22806,r2i1p1f1,2077,06,10,0.0,34.875008,18.041918,2077
22807,r2i1p1f1,2077,06,11,0.0,35.9184,18.260284,2077
22808,r2i1p1f1,2077,06,12,0.0,38.99075,21.315195,2077
22809,r2i1p1f1,2077,06,13,0.0,38.67566,21.757982,2077
22810,r2i1p1f1,2077,06,14,0.0,39.43228,19.850212,2077
22811,r2i1p1f1,2077,06,15,0.0,39.377323,21.149557,2077
22812,r2i1p1f1,2077,06,16,4.663381396437671,32.87062,13.630498,2077
22813,r2i1p1f1,2077,06,17,1.9694200641879434,25.9192,7.7801733,2077
22814,r2i1p1f1,2077,06,18,0.08094201002677437,21.221855,13.237756,2077
22815,r2i1p1f1,2077,06,19,0.4990672527355855,26.47551,15.273416,2077
22816,r2i1p1f1,2077,06,20,0.0,30.905949,14.394721,2077
22817,r2i1p1f1,2077,06,21,2.0734616240588366,26.737936,8.80637,2077
22818,r2i1p1f1,2077,06,22,0.37964424113852147,24.649813,7.576087,2077
22819,r2i1p1f1,2077,06,23,0.0,28.056936,10.712609,2077
22820,r2i1p1f1,2077,06,24,0.0,25.675869,8.092107,2077
22821,r2i1p1f1,2077,06,25,0.0,27.453014,8.875734,2077
22822,r2i1p1f1,2077,06,26,0.0,29.954739,10.698555,2077
22823,r2i1p1f1,2077,06,27,0.0,36.260777,17.146368,2077
22824,r2i1p1f1,2077,06,28,0.0,38.693924,18.780113,2077
22825,r2i1p1f1,2077,06,29,0.0,38.83296,18.930515,2077
22826,r2i1p1f1,2077,06,30,0.0,37.459408,19.829216,2077
22827,r2i1p1f1,2077,07,01,0.0,37.50078,18.437714,2077
22828,r2i1p1f1,2077,07,02,0.0,38.030663,18.663975,2077
22829,r2i1p1f1,2077,07,03,0.0,37.53902,18.673435,2077
22830,r2i1p1f1,2077,07,04,0.0,36.099792,16.092655,2077
22831,r2i1p1f1,2077,07,05,0.0,34.723797,16.617794,2077
22832,r2i1p1f1,2077,07,06,0.09722609156597173,31.291939,11.017707,2077
22833,r2i1p1f1,2077,07,07,0.0,31.736519,15.128743,2077
22834,r2i1p1f1,2077,07,08,0.0,33.008263,17.174913,2077
22835,r2i1p1f1,2077,07,09,0.0,34.038,16.770683,2077
22836,r2i1p1f1,2077,07,10,0.0,35.585163,17.733404,2077
22837,r2i1p1f1,2077,07,11,0.0,36.974884,18.472647,2077
22838,r2i1p1f1,2077,07,12,0.0,38.29675,21.815151,2077
22839,r2i1p1f1,2077,07,13,0.0,38.607227,20.915894,2077
22840,r2i1p1f1,2077,07,14,0.0,39.05957,20.55144,2077
22841,r2i1p1f1,2077,07,15,0.0,40.18074,20.376608,2077
22842,r2i1p1f1,2077,07,16,0.0,40.715286,19.64052,2077
22843,r2i1p1f1,2077,07,17,0.0,40.13658,21.10337,2077
22844,r2i1p1f1,2077,07,18,0.0,38.47614,20.219917,2077
22845,r2i1p1f1,2077,07,19,0.0,38.904648,20.854652,2077
22846,r2i1p1f1,2077,07,20,0.023767365291860187,38.84811,17.352236,2077
22847,r2i1p1f1,2077,07,21,0.0,36.95499,18.76499,2077
22848,r2i1p1f1,2077,07,22,0.0,34.68483,16.289171,2077
22849,r2i1p1f1,2077,07,23,0.0,34.819397,15.767909,2077
22850,r2i1p1f1,2077,07,24,0.0,35.240665,15.162113,2077
22851,r2i1p1f1,2077,07,25,0.0,36.940426,16.796953,2077
22852,r2i1p1f1,2077,07,26,0.0,37.64531,20.26159,2077
22853,r2i1p1f1,2077,07,27,0.0,37.616135,18.972998,2077
22854,r2i1p1f1,2077,07,28,0.0,37.897366,17.508137,2077
22855,r2i1p1f1,2077,07,29,0.0,37.874218,17.344324,2077
22856,r2i1p1f1,2077,07,30,0.0,36.727085,16.646166,2077
22857,r2i1p1f1,2077,07,31,0.0,35.883865,17.16494,2077
22858,r2i1p1f1,2077,08,01,0.0,35.542507,17.62987,2077
22859,r2i1p1f1,2077,08,02,0.0,35.78859,18.013954,2077
22860,r2i1p1f1,2077,08,03,0.0,34.62078,16.56559,2077
22861,r2i1p1f1,2077,08,04,0.0,36.5723,17.434155,2077
22862,r2i1p1f1,2077,08,05,0.0,37.431618,18.683506,2077
22863,r2i1p1f1,2077,08,06,0.0,37.651634,19.254251,2077
22864,r2i1p1f1,2077,08,07,0.0,36.705696,17.373404,2077
22865,r2i1p1f1,2077,08,08,0.0,33.8612,13.994242,2077
22866,r2i1p1f1,2077,08,09,0.0,32.233994,12.836669,2077
22867,r2i1p1f1,2077,08,10,0.0,29.612658,11.76697,2077
22868,r2i1p1f1,2077,08,11,0.0,30.58701,13.023319,2077
22869,r2i1p1f1,2077,08,12,0.0,33.59868,15.363364,2077
22870,r2i1p1f1,2077,08,13,0.0,35.929314,16.631718,2077
22871,r2i1p1f1,2077,08,14,0.0,36.591583,18.363794,2077
22872,r2i1p1f1,2077,08,15,0.0,36.61881,18.494743,2077
22873,r2i1p1f1,2077,08,16,0.0,37.199574,15.702155,2077
22874,r2i1p1f1,2077,08,17,0.0,36.120037,16.648912,2077
22875,r2i1p1f1,2077,08,18,0.0,37.022614,17.847181,2077
22876,r2i1p1f1,2077,08,19,0.0,38.116425,20.705458,2077
22877,r2i1p1f1,2077,08,20,0.0,39.531895,21.815666,2077
22878,r2i1p1f1,2077,08,21,0.0,40.84221,23.942184,2077
22879,r2i1p1f1,2077,08,22,0.0,41.657883,23.067987,2077
22880,r2i1p1f1,2077,08,23,0.0,40.96861,21.755726,2077
22881,r2i1p1f1,2077,08,24,0.0,37.12562,17.081099,2077
22882,r2i1p1f1,2077,08,25,0.0,35.171555,16.978909,2077
22883,r2i1p1f1,2077,08,26,0.0,35.78902,16.72291,2077
22884,r2i1p1f1,2077,08,27,0.0,36.917233,18.518076,2077
22885,r2i1p1f1,2077,08,28,0.0,37.27311,19.324852,2077
22886,r2i1p1f1,2077,08,29,0.03363675750733819,37.220978,17.189157,2077
22887,r2i1p1f1,2077,08,30,0.0019342304312885972,32.60001,12.71739,2077
22888,r2i1p1f1,2077,08,31,0.0,31.140512,12.226879,2077
22889,r2i1p1f1,2077,09,01,0.0,31.663021,14.68771,2077
22890,r2i1p1f1,2077,09,02,0.0,32.572517,15.181782,2077
22891,r2i1p1f1,2077,09,03,0.0,33.609463,15.988041,2077
22892,r2i1p1f1,2077,09,04,0.0,34.966812,19.303986,2077
22893,r2i1p1f1,2077,09,05,0.0,35.116356,17.840189,2077
22894,r2i1p1f1,2077,09,06,0.15109786018001614,32.8061,15.597637,2077
22895,r2i1p1f1,2077,09,07,0.03222331392862543,30.147457,13.439654,2077
22896,r2i1p1f1,2077,09,08,0.0,26.072626,7.524059,2077
22897,r2i1p1f1,2077,09,09,0.0,26.966713,8.595876,2077
22898,r2i1p1f1,2077,09,10,0.0,32.43714,15.058514,2077
22899,r2i1p1f1,2077,09,11,0.0,34.970364,17.046513,2077
22900,r2i1p1f1,2077,09,12,0.0,35.168133,16.086954,2077
22901,r2i1p1f1,2077,09,13,0.0,34.599026,16.522789,2077
22902,r2i1p1f1,2077,09,14,0.0,33.80659,17.292896,2077
22903,r2i1p1f1,2077,09,15,0.0,33.01497,16.127913,2077
22904,r2i1p1f1,2077,09,16,0.0,31.592947,14.089578,2077
22905,r2i1p1f1,2077,09,17,0.0,33.3468,16.32715,2077
22906,r2i1p1f1,2077,09,18,0.0,36.070145,18.564283,2077
22907,r2i1p1f1,2077,09,19,0.0,37.108315,19.877052,2077
22908,r2i1p1f1,2077,09,20,0.0,36.39731,16.896248,2077
22909,r2i1p1f1,2077,09,21,0.0,36.021187,17.290956,2077
22910,r2i1p1f1,2077,09,22,0.0,30.513964,13.566387,2077
22911,r2i1p1f1,2077,09,23,0.0,31.062096,15.43011,2077
22912,r2i1p1f1,2077,09,24,0.0,31.287916,13.291214,2077
22913,r2i1p1f1,2077,09,25,0.0,32.09045,15.617035,2077
22914,r2i1p1f1,2077,09,26,0.0,33.69876,16.494612,2077
22915,r2i1p1f1,2077,09,27,0.0,34.22306,17.143562,2077
22916,r2i1p1f1,2077,09,28,0.0,33.71173,15.346327,2077
22917,r2i1p1f1,2077,09,29,0.0,29.127153,13.551502,2077
22918,r2i1p1f1,2077,09,30,0.0,28.513542,12.83832,2077
22919,r2i1p1f1,2077,10,01,0.0,29.050926,10.783575,2077
22920,r2i1p1f1,2077,10,02,0.0,27.499891,10.9391775,2077
22921,r2i1p1f1,2077,10,03,0.0,25.086454,8.518681,2077
22922,r2i1p1f1,2077,10,04,0.0,24.778881,8.807312,2077
22923,r2i1p1f1,2077,10,05,0.0,27.301188,10.739315,2077
22924,r2i1p1f1,2077,10,06,0.0,30.479301,15.671285,2077
22925,r2i1p1f1,2077,10,07,0.0,32.55248,16.38546,2077
22926,r2i1p1f1,2077,10,08,0.0,33.095158,15.362505,2077
22927,r2i1p1f1,2077,10,09,0.0,32.96992,16.652134,2077
22928,r2i1p1f1,2077,10,10,0.0,31.672716,16.563145,2077
22929,r2i1p1f1,2077,10,11,0.0,31.828665,15.179696,2077
22930,r2i1p1f1,2077,10,12,0.0,32.92344,16.574322,2077
22931,r2i1p1f1,2077,10,13,0.0,33.923237,18.125286,2077
22932,r2i1p1f1,2077,10,14,0.0,35.546474,17.3353,2077
22933,r2i1p1f1,2077,10,15,0.0,33.729397,16.940214,2077
22934,r2i1p1f1,2077,10,16,0.0,31.453814,16.622953,2077
22935,r2i1p1f1,2077,10,17,0.0,27.833479,14.132119,2077
22936,r2i1p1f1,2077,10,18,0.0,27.409115,12.483359,2077
22937,r2i1p1f1,2077,10,19,0.0,28.386269,10.920895,2077
22938,r2i1p1f1,2077,10,20,0.0,27.327114,11.133222,2077
22939,r2i1p1f1,2077,10,21,0.0,27.131678,10.379869,2077
22940,r2i1p1f1,2077,10,22,0.0,23.973328,5.5776815,2077
22941,r2i1p1f1,2077,10,23,0.0,20.23576,4.7188163,2077
22942,r2i1p1f1,2077,10,24,0.0,23.734322,8.645306,2077
22943,r2i1p1f1,2077,10,25,0.0,26.304432,10.985677,2077
22944,r2i1p1f1,2077,10,26,0.0,27.417398,11.1152525,2077
22945,r2i1p1f1,2077,10,27,0.0,27.971397,11.95313,2077
22946,r2i1p1f1,2077,10,28,0.0,23.66654,7.7207522,2077
22947,r2i1p1f1,2077,10,29,0.0,21.274803,7.8196235,2077
22948,r2i1p1f1,2077,10,30,2.074891965480674,19.350807,5.6194034,2077
22949,r2i1p1f1,2077,10,31,0.0,21.438288,7.206594,2077
22950,r2i1p1f1,2077,11,01,0.0,21.39003,7.29165,2077
22951,r2i1p1f1,2077,11,02,0.0,23.718193,10.253001,2077
22952,r2i1p1f1,2077,11,03,0.0,24.091753,10.632224,2077
22953,r2i1p1f1,2077,11,04,0.0,25.674988,10.121649,2077
22954,r2i1p1f1,2077,11,05,0.07518061611335725,25.407679,10.485804,2077
22955,r2i1p1f1,2077,11,06,0.9682076483954916,18.65674,5.432051,2077
22956,r2i1p1f1,2077,11,07,3.5772847988027934,16.63093,6.843288,2077
22957,r2i1p1f1,2077,11,08,26.49115434178384,14.6435175,8.814167,2077
22958,r2i1p1f1,2077,11,09,0.0,16.498005,4.4569197,2077
22959,r2i1p1f1,2077,11,10,0.0,19.395876,6.322955,2077
22960,r2i1p1f1,2077,11,11,0.0,20.048885,9.723751,2077
22961,r2i1p1f1,2077,11,12,0.09059334452956591,20.522116,8.703182,2077
22962,r2i1p1f1,2077,11,13,0.07524650736741023,15.34923,1.7419055,2077
22963,r2i1p1f1,2077,11,14,0.0,18.214691,4.0738797,2077
22964,r2i1p1f1,2077,11,15,0.0,21.028952,7.071388,2077
22965,r2i1p1f1,2077,11,16,0.0,22.221437,9.75722,2077
22966,r2i1p1f1,2077,11,17,0.0,19.852676,7.460774,2077
22967,r2i1p1f1,2077,11,18,0.0,16.398575,3.269778,2077
22968,r2i1p1f1,2077,11,19,1.2886775145489082,18.288118,4.5556436,2077
22969,r2i1p1f1,2077,11,20,9.999941876458251,19.018822,5.3981876,2077
22970,r2i1p1f1,2077,11,21,15.195744019183621,15.262462,11.101851,2077
22971,r2i1p1f1,2077,11,22,12.145549526280774,15.881021,9.663613,2077
22972,r2i1p1f1,2077,11,23,0.0,19.82796,7.8675137,2077
22973,r2i1p1f1,2077,11,24,0.06780517953188792,20.332478,7.8918805,2077
22974,r2i1p1f1,2077,11,25,12.36654023414303,15.257643,10.520627,2077
22975,r2i1p1f1,2077,11,26,0.2977652011850296,19.110962,7.8899894,2077
22976,r2i1p1f1,2077,11,27,0.0,19.336443,8.5483265,2077
22977,r2i1p1f1,2077,11,28,0.688731931219877,17.376146,7.3179092,2077
22978,r2i1p1f1,2077,11,29,0.028585099914835155,19.633017,10.077912,2077
22979,r2i1p1f1,2077,11,30,0.0,19.95867,8.534425,2077
22980,r2i1p1f1,2077,12,01,3.737955059932574,18.688782,7.2160788,2077
22981,r2i1p1f1,2077,12,02,36.46309381001629,13.965505,9.954725,2077
22982,r2i1p1f1,2077,12,03,0.0,16.89111,4.7734265,2077
22983,r2i1p1f1,2077,12,04,0.0,17.729954,4.965315,2077
22984,r2i1p1f1,2077,12,05,26.3586719867817,13.88377,9.92984,2077
22985,r2i1p1f1,2077,12,06,0.0,14.524499,4.4955235,2077
22986,r2i1p1f1,2077,12,07,0.0,16.185783,4.281819,2077
22987,r2i1p1f1,2077,12,08,0.0,14.554077,1.6921011,2077
22988,r2i1p1f1,2077,12,09,24.423278505855706,15.77383,4.848894,2077
22989,r2i1p1f1,2077,12,10,21.412570391476038,12.7800255,7.4735575,2077
22990,r2i1p1f1,2077,12,11,68.60188869468402,11.36938,7.0283422,2077
22991,r2i1p1f1,2077,12,12,10.45594988177072,10.584428,2.5243816,2077
22992,r2i1p1f1,2077,12,13,1.9175312005373257,8.663931,2.575404,2077
22993,r2i1p1f1,2077,12,14,0.0,12.678738,0.28163162,2077
22994,r2i1p1f1,2077,12,15,0.0,15.067051,3.097071,2077
22995,r2i1p1f1,2077,12,16,0.0,13.308491,1.8662395,2077
22996,r2i1p1f1,2077,12,17,0.2405356990323071,12.456844,1.8902711,2077
22997,r2i1p1f1,2077,12,18,10.840432522491028,9.6439495,4.319849,2077
22998,r2i1p1f1,2077,12,19,49.00554798950907,11.536903,6.5583835,2077
22999,r2i1p1f1,2077,12,20,22.856939201665227,12.992155,3.8523598,2077
23000,r2i1p1f1,2077,12,21,0.0005398409143708705,9.272867,1.6306087,2077
23001,r2i1p1f1,2077,12,22,0.0,10.07305,-0.553592,2077
23002,r2i1p1f1,2077,12,23,17.062290427929838,9.860577,3.5122,2077
23003,r2i1p1f1,2077,12,24,11.366808332059009,10.836701,0.67787534,2077
23004,r2i1p1f1,2077,12,25,0.0,8.405468,-2.4583204,2077
23005,r2i1p1f1,2077,12,26,0.0,11.300779,0.18343274,2077
23006,r2i1p1f1,2077,12,27,0.0,12.681054,1.8189085,2077
23007,r2i1p1f1,2077,12,28,0.0,13.181359,3.0702128,2077
23008,r2i1p1f1,2077,12,29,0.0,12.3355665,3.428378,2077
23009,r2i1p1f1,2077,12,30,0.0,13.997815,2.949341,2077
23010,r2i1p1f1,2077,12,31,0.0,15.682495,4.60863,2077
23011,r2i1p1f1,2078,01,01,0.0,16.007013,4.5610337,2078
23012,r2i1p1f1,2078,01,02,0.0,13.148716,0.8258147,2078
23013,r2i1p1f1,2078,01,03,0.0,9.707081,-0.32906294,2078
23014,r2i1p1f1,2078,01,04,0.0,11.320736,-0.49545404,2078
23015,r2i1p1f1,2078,01,05,0.0,11.986565,0.35253987,2078
23016,r2i1p1f1,2078,01,06,0.0,13.018329,1.7075539,2078
23017,r2i1p1f1,2078,01,07,0.0,12.886273,2.5333679,2078
23018,r2i1p1f1,2078,01,08,0.31825120871644685,12.759595,1.9694829,2078
23019,r2i1p1f1,2078,01,09,0.13910109182688757,14.996632,3.6228638,2078
23020,r2i1p1f1,2078,01,10,12.963556308386615,14.650698,4.553058,2078
23021,r2i1p1f1,2078,01,11,17.94466235969594,12.956463,6.089444,2078
23022,r2i1p1f1,2078,01,12,28.090536180025083,13.432421,8.271911,2078
23023,r2i1p1f1,2078,01,13,17.377165067955502,13.7090025,6.77031,2078
23024,r2i1p1f1,2078,01,14,38.72227670326538,15.537916,9.706399,2078
23025,r2i1p1f1,2078,01,15,55.44169279273774,14.994167,9.909817,2078
23026,r2i1p1f1,2078,01,16,38.05686979840175,15.171487,4.6332245,2078
23027,r2i1p1f1,2078,01,17,0.0,11.882412,-1.0642416,2078
23028,r2i1p1f1,2078,01,18,0.0,12.410328,0.84624803,2078
23029,r2i1p1f1,2078,01,19,0.0,10.687986,3.0808253,2078
23030,r2i1p1f1,2078,01,20,2.8887073062207946,8.48741,2.955598,2078
23031,r2i1p1f1,2078,01,21,53.50715356034925,11.997504,4.7191453,2078
23032,r2i1p1f1,2078,01,22,22.433970344354748,14.786565,5.702986,2078
23033,r2i1p1f1,2078,01,23,7.7170487960302125,15.03178,7.7360864,2078
23034,r2i1p1f1,2078,01,24,18.272255966439843,14.943798,8.8982525,2078
23035,r2i1p1f1,2078,01,25,51.72645491657022,14.684477,4.0160594,2078
23036,r2i1p1f1,2078,01,26,2.2815783652859523,11.5683,4.4669824,2078
23037,r2i1p1f1,2078,01,27,13.789499945812622,11.076067,5.068526,2078
23038,r2i1p1f1,2078,01,28,0.0,12.558517,4.221826,2078
23039,r2i1p1f1,2078,01,29,0.0,12.968558,0.014301353,2078
23040,r2i1p1f1,2078,01,30,1.8330912178887273,13.248195,1.6128752,2078
23041,r2i1p1f1,2078,01,31,0.00515055944561027,10.008863,-1.4510165,2078
23042,r2i1p1f1,2078,02,01,1.3655798855779722,8.11773,-2.5187392,2078
23043,r2i1p1f1,2078,02,02,6.653798983074921,7.9890018,0.89172596,2078
23044,r2i1p1f1,2078,02,03,3.6181283720452484,9.679032,2.3180468,2078
23045,r2i1p1f1,2078,02,04,0.0,12.065875,1.2117354,2078
23046,r2i1p1f1,2078,02,05,0.0,13.521037,0.44415638,2078
23047,r2i1p1f1,2078,02,06,0.0,13.965843,3.3293097,2078
23048,r2i1p1f1,2078,02,07,0.0,14.687081,4.485362,2078
23049,r2i1p1f1,2078,02,08,0.0,16.924002,6.4294024,2078
23050,r2i1p1f1,2078,02,09,0.0,20.100338,6.8143735,2078
23051,r2i1p1f1,2078,02,10,0.0,20.854637,6.9201145,2078
23052,r2i1p1f1,2078,02,11,0.0,20.879726,6.892459,2078
23053,r2i1p1f1,2078,02,12,0.0,20.355696,6.859302,2078
23054,r2i1p1f1,2078,02,13,0.0,19.31024,6.2212195,2078
23055,r2i1p1f1,2078,02,14,0.0,19.677858,7.807409,2078
23056,r2i1p1f1,2078,02,15,0.0,19.830067,6.981676,2078
23057,r2i1p1f1,2078,02,16,0.0,19.807444,6.4349446,2078
23058,r2i1p1f1,2078,02,17,0.0,20.410706,6.8746214,2078
23059,r2i1p1f1,2078,02,18,0.0,21.81424,8.277176,2078
23060,r2i1p1f1,2078,02,19,0.0,23.252296,9.477291,2078
23061,r2i1p1f1,2078,02,20,0.0,23.636387,10.2787695,2078
23062,r2i1p1f1,2078,02,21,0.0,21.724056,8.175172,2078
23063,r2i1p1f1,2078,02,22,0.0,20.474459,8.114533,2078
23064,r2i1p1f1,2078,02,23,0.0,16.100552,6.244673,2078
23065,r2i1p1f1,2078,02,24,0.0,15.917823,3.032851,2078
23066,r2i1p1f1,2078,02,25,0.8830550479046906,10.555167,0.025768122,2078
23067,r2i1p1f1,2078,02,26,1.0320708782103338,9.843235,-2.375216,2078
23068,r2i1p1f1,2078,02,27,0.0,9.099567,-2.833108,2078
23069,r2i1p1f1,2078,02,28,27.149907090279157,9.563341,3.5973985,2078
23070,r2i1p1f1,2078,03,01,7.9522570293192985,9.625868,-2.2622333,2078
23071,r2i1p1f1,2078,03,02,0.0,11.987463,-2.6036544,2078
23072,r2i1p1f1,2078,03,03,0.5807332852384661,13.47735,1.6955361,2078
23073,r2i1p1f1,2078,03,04,0.0,18.352013,5.507524,2078
23074,r2i1p1f1,2078,03,05,0.0,21.729668,5.0196824,2078
23075,r2i1p1f1,2078,03,06,2.6951125612413307,19.15817,4.7999983,2078
23076,r2i1p1f1,2078,03,07,0.5504957487573847,12.124856,1.9360657,2078
23077,r2i1p1f1,2078,03,08,0.0,15.31996,-0.33296645,2078
23078,r2i1p1f1,2078,03,09,0.0,16.130547,3.548284,2078
23079,r2i1p1f1,2078,03,10,0.0,20.468422,4.1897945,2078
23080,r2i1p1f1,2078,03,11,0.0,21.262245,6.6194687,2078
23081,r2i1p1f1,2078,03,12,0.0,19.184055,6.2354054,2078
23082,r2i1p1f1,2078,03,13,35.45905993596534,14.502071,4.988288,2078
23083,r2i1p1f1,2078,03,14,2.1438852277924525,10.356155,-0.18955824,2078
23084,r2i1p1f1,2078,03,15,0.0,15.725981,0.61606836,2078
23085,r2i1p1f1,2078,03,16,0.0,21.745192,4.0942345,2078
23086,r2i1p1f1,2078,03,17,0.0,24.982082,7.436892,2078
23087,r2i1p1f1,2078,03,18,0.0,26.418743,9.570601,2078
23088,r2i1p1f1,2078,03,19,0.0,25.672354,9.440183,2078
23089,r2i1p1f1,2078,03,20,2.79650528974571,18.153616,5.5989327,2078
23090,r2i1p1f1,2078,03,21,3.6027130079730796,12.444966,8.058848,2078
23091,r2i1p1f1,2078,03,22,0.026435532163304742,13.290756,-0.8909024,2078
23092,r2i1p1f1,2078,03,23,0.0,12.224678,-2.7290683,2078
23093,r2i1p1f1,2078,03,24,10.996273604951057,9.405637,0.35574564,2078
23094,r2i1p1f1,2078,03,25,11.475921553574153,7.7572336,-4.7941046,2078
23095,r2i1p1f1,2078,03,26,0.0,13.080578,-1.1229907,2078
23096,r2i1p1f1,2078,03,27,0.0,16.417654,0.6029097,2078
23097,r2i1p1f1,2078,03,28,0.0,20.19292,2.2704818,2078
23098,r2i1p1f1,2078,03,29,0.0,20.20124,6.9896827,2078
23099,r2i1p1f1,2078,03,30,0.0,19.59618,7.4517264,2078
23100,r2i1p1f1,2078,03,31,0.0,23.622065,7.6576114,2078
23101,r2i1p1f1,2078,04,01,0.0,24.785831,8.017333,2078
23102,r2i1p1f1,2078,04,02,0.0,25.55763,9.081349,2078
23103,r2i1p1f1,2078,04,03,10.236419989155365,16.873556,4.8720417,2078
23104,r2i1p1f1,2078,04,04,0.18029803053423166,11.786711,-0.0025526152,2078
23105,r2i1p1f1,2078,04,05,4.111537236872209,8.805745,-3.5872405,2078
23106,r2i1p1f1,2078,04,06,4.844760114059454,9.052391,-5.544426,2078
23107,r2i1p1f1,2078,04,07,0.0,12.514845,-1.2932017,2078
23108,r2i1p1f1,2078,04,08,0.0,15.9228325,1.7068577,2078
23109,r2i1p1f1,2078,04,09,0.0,18.573738,3.508626,2078
23110,r2i1p1f1,2078,04,10,0.0,22.34605,5.16166,2078
23111,r2i1p1f1,2078,04,11,0.0,25.222328,7.9671326,2078
23112,r2i1p1f1,2078,04,12,0.0,25.540337,9.239356,2078
23113,r2i1p1f1,2078,04,13,0.0,22.177921,6.6924267,2078
23114,r2i1p1f1,2078,04,14,0.0,19.125328,6.03018,2078
23115,r2i1p1f1,2078,04,15,0.0,21.572384,3.8763475,2078
23116,r2i1p1f1,2078,04,16,0.0,21.852333,5.0405493,2078
23117,r2i1p1f1,2078,04,17,0.0,19.823406,2.594691,2078
23118,r2i1p1f1,2078,04,18,1.638131496912365,16.35769,0.33259064,2078
23119,r2i1p1f1,2078,04,19,37.934444105121656,13.238636,5.4090023,2078
23120,r2i1p1f1,2078,04,20,0.47038163079378137,10.649041,-3.1856828,2078
23121,r2i1p1f1,2078,04,21,3.6937344324314836,11.588706,0.13075012,2078
23122,r2i1p1f1,2078,04,22,17.58239606533607,7.257842,0.68871117,2078
23123,r2i1p1f1,2078,04,23,6.781442396609805,7.6382837,1.3521874,2078
23124,r2i1p1f1,2078,04,24,0.25485088114294285,13.225392,2.5349786,2078
23125,r2i1p1f1,2078,04,25,0.0,16.71204,0.6068949,2078
23126,r2i1p1f1,2078,04,26,0.0,19.755503,2.740095,2078
23127,r2i1p1f1,2078,04,27,0.0,20.284004,6.1762915,2078
23128,r2i1p1f1,2078,04,28,0.0,20.25617,5.2527733,2078
23129,r2i1p1f1,2078,04,29,0.0,20.354927,4.5607905,2078
23130,r2i1p1f1,2078,04,30,0.0,23.579298,7.5481863,2078
23131,r2i1p1f1,2078,05,01,0.0,26.165127,9.712648,2078
23132,r2i1p1f1,2078,05,02,0.0,27.290154,11.307507,2078
23133,r2i1p1f1,2078,05,03,0.0,29.031189,13.046032,2078
23134,r2i1p1f1,2078,05,04,0.0,29.36457,12.013651,2078
23135,r2i1p1f1,2078,05,05,0.0,28.583862,7.9328713,2078
23136,r2i1p1f1,2078,05,06,0.0,20.942272,5.2997446,2078
23137,r2i1p1f1,2078,05,07,0.0,20.754448,4.9733195,2078
23138,r2i1p1f1,2078,05,08,0.0,25.263418,8.765071,2078
23139,r2i1p1f1,2078,05,09,0.0,29.851816,13.127808,2078
23140,r2i1p1f1,2078,05,10,0.0,32.544838,15.225593,2078
23141,r2i1p1f1,2078,05,11,0.0,32.879196,15.865862,2078
23142,r2i1p1f1,2078,05,12,0.0,31.672146,12.048141,2078
23143,r2i1p1f1,2078,05,13,0.0,28.70655,11.955027,2078
23144,r2i1p1f1,2078,05,14,0.8424383104284061,26.68142,10.565781,2078
23145,r2i1p1f1,2078,05,15,0.0,24.196554,7.7881145,2078
23146,r2i1p1f1,2078,05,16,0.0,27.003418,12.371012,2078
23147,r2i1p1f1,2078,05,17,0.0008839414022077108,27.18655,7.2094593,2078
23148,r2i1p1f1,2078,05,18,0.0,21.717138,4.08608,2078
23149,r2i1p1f1,2078,05,19,0.2542897796502075,20.73492,5.165173,2078
23150,r2i1p1f1,2078,05,20,0.0,22.196692,5.9279394,2078
23151,r2i1p1f1,2078,05,21,0.0,26.665785,9.271877,2078
23152,r2i1p1f1,2078,05,22,0.019261666199099636,26.853184,5.7657022,2078
23153,r2i1p1f1,2078,05,23,10.679864720032128,15.030849,6.1855817,2078
23154,r2i1p1f1,2078,05,24,0.0,20.053053,4.600465,2078
23155,r2i1p1f1,2078,05,25,0.0,25.233704,7.6790485,2078
23156,r2i1p1f1,2078,05,26,0.0,29.008749,11.339384,2078
23157,r2i1p1f1,2078,05,27,0.0,29.327188,12.762783,2078
23158,r2i1p1f1,2078,05,28,0.0,28.6641,10.256714,2078
23159,r2i1p1f1,2078,05,29,0.0,21.74822,5.253437,2078
23160,r2i1p1f1,2078,05,30,0.0,24.227766,8.215527,2078
23161,r2i1p1f1,2078,05,31,0.0,29.37612,12.443788,2078
23162,r2i1p1f1,2078,06,01,0.0,29.600529,9.961716,2078
23163,r2i1p1f1,2078,06,02,0.0,29.722992,11.209961,2078
23164,r2i1p1f1,2078,06,03,0.0,34.03588,15.457328,2078
23165,r2i1p1f1,2078,06,04,0.0,35.780838,17.103666,2078
23166,r2i1p1f1,2078,06,05,0.11223542041989276,35.077225,15.389201,2078
23167,r2i1p1f1,2078,06,06,0.0,33.95537,15.061303,2078
23168,r2i1p1f1,2078,06,07,0.0,32.325363,14.951403,2078
23169,r2i1p1f1,2078,06,08,0.16139359297540068,31.598564,10.824471,2078
23170,r2i1p1f1,2078,06,09,0.016740083555077945,27.611568,12.239529,2078
23171,r2i1p1f1,2078,06,10,0.0,30.12047,14.877047,2078
23172,r2i1p1f1,2078,06,11,0.0,32.032177,14.869308,2078
23173,r2i1p1f1,2078,06,12,0.0,33.121883,18.843224,2078
23174,r2i1p1f1,2078,06,13,0.0,33.87778,18.187227,2078
23175,r2i1p1f1,2078,06,14,0.0,32.748543,11.247918,2078
23176,r2i1p1f1,2078,06,15,0.0,27.192472,7.5657825,2078
23177,r2i1p1f1,2078,06,16,0.0,23.247179,3.6931698,2078
23178,r2i1p1f1,2078,06,17,0.0,22.635548,8.4577055,2078
23179,r2i1p1f1,2078,06,18,0.0,27.003008,11.649578,2078
23180,r2i1p1f1,2078,06,19,0.0,29.840311,12.342225,2078
23181,r2i1p1f1,2078,06,20,0.0,31.354088,14.411924,2078
23182,r2i1p1f1,2078,06,21,0.0,32.559124,13.596421,2078
23183,r2i1p1f1,2078,06,22,0.0,32.16761,13.198353,2078
23184,r2i1p1f1,2078,06,23,0.0,31.214668,12.34638,2078
23185,r2i1p1f1,2078,06,24,0.0,30.531033,11.499294,2078
23186,r2i1p1f1,2078,06,25,0.0,31.8088,13.567434,2078
23187,r2i1p1f1,2078,06,26,0.0,36.26561,17.39481,2078
23188,r2i1p1f1,2078,06,27,0.0,38.541817,19.18791,2078
23189,r2i1p1f1,2078,06,28,0.0,38.78353,19.522188,2078
23190,r2i1p1f1,2078,06,29,0.0,38.577152,18.698036,2078
23191,r2i1p1f1,2078,06,30,0.0,35.31965,17.235226,2078
23192,r2i1p1f1,2078,07,01,0.0,33.299355,15.411414,2078
23193,r2i1p1f1,2078,07,02,0.0,33.752068,16.264757,2078
23194,r2i1p1f1,2078,07,03,0.0,33.727764,12.456728,2078
23195,r2i1p1f1,2078,07,04,0.0,30.763271,12.151747,2078
23196,r2i1p1f1,2078,07,05,0.0,30.807264,14.487579,2078
23197,r2i1p1f1,2078,07,06,0.0,33.70186,17.228123,2078
23198,r2i1p1f1,2078,07,07,0.0,36.379883,19.57913,2078
23199,r2i1p1f1,2078,07,08,0.0,37.240963,19.58102,2078
23200,r2i1p1f1,2078,07,09,0.0,36.9831,18.334913,2078
23201,r2i1p1f1,2078,07,10,0.0,35.906994,15.233761,2078
23202,r2i1p1f1,2078,07,11,0.0,37.21916,17.369453,2078
23203,r2i1p1f1,2078,07,12,0.0,38.270935,19.92528,2078
23204,r2i1p1f1,2078,07,13,0.0,38.364853,18.006767,2078
23205,r2i1p1f1,2078,07,14,0.0,35.94331,18.602434,2078
23206,r2i1p1f1,2078,07,15,0.0,36.274765,18.925468,2078
23207,r2i1p1f1,2078,07,16,0.0,37.3016,19.65342,2078
23208,r2i1p1f1,2078,07,17,0.0,35.85527,15.378486,2078
23209,r2i1p1f1,2078,07,18,0.0,35.69426,16.733524,2078
23210,r2i1p1f1,2078,07,19,0.0,36.635612,18.16097,2078
23211,r2i1p1f1,2078,07,20,0.0,37.484756,17.636465,2078
23212,r2i1p1f1,2078,07,21,0.0,37.02653,17.11729,2078
23213,r2i1p1f1,2078,07,22,0.0,35.733444,16.207184,2078
23214,r2i1p1f1,2078,07,23,0.0,34.05202,14.025857,2078
23215,r2i1p1f1,2078,07,24,0.0,32.271107,12.668697,2078
23216,r2i1p1f1,2078,07,25,0.0,33.609863,14.656572,2078
23217,r2i1p1f1,2078,07,26,0.0,34.946762,15.138131,2078
23218,r2i1p1f1,2078,07,27,0.0,35.331093,15.507954,2078
23219,r2i1p1f1,2078,07,28,0.0,33.811203,14.053423,2078
23220,r2i1p1f1,2078,07,29,0.0,32.06529,12.848306,2078
23221,r2i1p1f1,2078,07,30,0.0,30.492208,12.589679,2078
23222,r2i1p1f1,2078,07,31,0.0,29.065195,9.7154455,2078
23223,r2i1p1f1,2078,08,01,0.0,29.366373,9.272218,2078
23224,r2i1p1f1,2078,08,02,0.0,29.554722,10.309498,2078
23225,r2i1p1f1,2078,08,03,0.0,33.815815,14.142731,2078
23226,r2i1p1f1,2078,08,04,0.0,36.935402,17.612814,2078
23227,r2i1p1f1,2078,08,05,0.8346474334075538,36.514,16.592003,2078
23228,r2i1p1f1,2078,08,06,0.0668400592985563,33.784714,16.58864,2078
23229,r2i1p1f1,2078,08,07,0.0,36.857258,22.060894,2078
23230,r2i1p1f1,2078,08,08,0.0,37.546883,20.043802,2078
23231,r2i1p1f1,2078,08,09,0.0,37.840645,18.727932,2078
23232,r2i1p1f1,2078,08,10,0.0,37.502407,18.591505,2078
23233,r2i1p1f1,2078,08,11,0.0,39.6812,21.418648,2078
23234,r2i1p1f1,2078,08,12,6.093486190866315,40.42726,21.501461,2078
23235,r2i1p1f1,2078,08,13,1.6390073834372743,34.395817,17.66115,2078
23236,r2i1p1f1,2078,08,14,0.0,34.714314,15.286083,2078
23237,r2i1p1f1,2078,08,15,0.0034590552331792424,35.30736,14.661083,2078
23238,r2i1p1f1,2078,08,16,0.0,34.07219,15.368722,2078
23239,r2i1p1f1,2078,08,17,0.0,33.66196,15.10584,2078
23240,r2i1p1f1,2078,08,18,0.0,34.00805,15.436666,2078
23241,r2i1p1f1,2078,08,19,0.0,35.258255,16.974182,2078
23242,r2i1p1f1,2078,08,20,0.0,36.080997,15.631344,2078
23243,r2i1p1f1,2078,08,21,0.0,35.456467,13.862377,2078
23244,r2i1p1f1,2078,08,22,0.0,34.784683,13.343258,2078
23245,r2i1p1f1,2078,08,23,0.0,32.185978,11.88085,2078
23246,r2i1p1f1,2078,08,24,0.0,29.249765,8.92546,2078
23247,r2i1p1f1,2078,08,25,0.0,28.111807,9.106496,2078
23248,r2i1p1f1,2078,08,26,0.0,26.756948,9.854039,2078
23249,r2i1p1f1,2078,08,27,0.0,27.162971,10.446333,2078
23250,r2i1p1f1,2078,08,28,0.0,28.662672,10.747188,2078
23251,r2i1p1f1,2078,08,29,0.0,28.90455,10.426563,2078
23252,r2i1p1f1,2078,08,30,0.11104755903943442,29.319284,11.48231,2078
23253,r2i1p1f1,2078,08,31,0.0,29.379051,10.882743,2078
23254,r2i1p1f1,2078,09,01,0.0,30.72293,13.403354,2078
23255,r2i1p1f1,2078,09,02,0.0,31.915493,13.431946,2078
23256,r2i1p1f1,2078,09,03,0.0,31.848192,13.025006,2078
23257,r2i1p1f1,2078,09,04,0.0,32.16882,15.673821,2078
23258,r2i1p1f1,2078,09,05,0.0,31.423532,15.145909,2078
23259,r2i1p1f1,2078,09,06,0.0,35.242413,17.51374,2078
23260,r2i1p1f1,2078,09,07,0.0,36.205215,18.822056,2078
23261,r2i1p1f1,2078,09,08,0.0,36.8975,17.71884,2078
23262,r2i1p1f1,2078,09,09,0.0,37.342392,19.297447,2078
23263,r2i1p1f1,2078,09,10,0.4235688253174885,38.31874,19.643166,2078
23264,r2i1p1f1,2078,09,11,0.3586174942540765,38.277485,18.914375,2078
23265,r2i1p1f1,2078,09,12,0.0,36.040886,18.884706,2078
23266,r2i1p1f1,2078,09,13,0.0,32.93444,15.2995405,2078
23267,r2i1p1f1,2078,09,14,0.0,31.294899,13.6519575,2078
23268,r2i1p1f1,2078,09,15,0.0,28.890259,9.906637,2078
23269,r2i1p1f1,2078,09,16,0.0,33.546326,14.733912,2078
23270,r2i1p1f1,2078,09,17,0.0,36.80953,20.029808,2078
23271,r2i1p1f1,2078,09,18,0.0,37.25041,19.372938,2078
23272,r2i1p1f1,2078,09,19,0.0,36.15728,17.963837,2078
23273,r2i1p1f1,2078,09,20,0.0,36.88034,17.480064,2078
23274,r2i1p1f1,2078,09,21,0.0,35.695347,18.747961,2078
23275,r2i1p1f1,2078,09,22,0.0,34.79826,18.383896,2078
23276,r2i1p1f1,2078,09,23,0.011861833900184138,33.17685,15.674925,2078
23277,r2i1p1f1,2078,09,24,0.0,33.450962,15.752219,2078
23278,r2i1p1f1,2078,09,25,0.0018235079323858372,34.253555,15.553096,2078
23279,r2i1p1f1,2078,09,26,0.0,31.909525,16.768726,2078
23280,r2i1p1f1,2078,09,27,0.0,34.553528,17.120962,2078
23281,r2i1p1f1,2078,09,28,0.0,35.066143,18.251385,2078
23282,r2i1p1f1,2078,09,29,0.007859232027840335,34.392662,17.595322,2078
23283,r2i1p1f1,2078,09,30,0.0,33.463215,15.715871,2078
23284,r2i1p1f1,2078,10,01,0.0,32.18225,14.305137,2078
23285,r2i1p1f1,2078,10,02,0.0,32.028885,12.732883,2078
23286,r2i1p1f1,2078,10,03,0.0,31.131205,11.986199,2078
23287,r2i1p1f1,2078,10,04,0.0,29.566423,11.305677,2078
23288,r2i1p1f1,2078,10,05,0.0,27.726904,9.798792,2078
23289,r2i1p1f1,2078,10,06,0.0,25.606163,9.606277,2078
23290,r2i1p1f1,2078,10,07,0.0,23.385384,7.858734,2078
23291,r2i1p1f1,2078,10,08,0.0,23.924263,7.5737324,2078
23292,r2i1p1f1,2078,10,09,0.0,26.949842,9.891044,2078
23293,r2i1p1f1,2078,10,10,0.0,30.178915,13.201636,2078
23294,r2i1p1f1,2078,10,11,0.0,32.761417,14.509411,2078
23295,r2i1p1f1,2078,10,12,0.0,33.653057,16.21195,2078
23296,r2i1p1f1,2078,10,13,0.0,32.087578,16.588867,2078
23297,r2i1p1f1,2078,10,14,0.13396867985306926,30.554897,13.279552,2078
23298,r2i1p1f1,2078,10,15,1.27733403838306,29.550514,15.556364,2078
23299,r2i1p1f1,2078,10,16,5.456182487398564,23.87132,8.647578,2078
23300,r2i1p1f1,2078,10,17,2.858197344609792,20.878643,8.092106,2078
23301,r2i1p1f1,2078,10,18,1.1414052803417007,19.892086,8.526988,2078
23302,r2i1p1f1,2078,10,19,0.0,21.69999,8.714521,2078
23303,r2i1p1f1,2078,10,20,0.0,22.589006,8.558681,2078
23304,r2i1p1f1,2078,10,21,0.00508105949847959,22.30705,8.980813,2078
23305,r2i1p1f1,2078,10,22,12.89039839994075,18.424147,6.0202503,2078
23306,r2i1p1f1,2078,10,23,0.4293995867868716,15.21865,6.9144163,2078
23307,r2i1p1f1,2078,10,24,0.0,18.90214,3.4218404,2078
23308,r2i1p1f1,2078,10,25,0.0,21.5531,6.6202083,2078
23309,r2i1p1f1,2078,10,26,0.0,21.823067,6.9788213,2078
23310,r2i1p1f1,2078,10,27,0.0,21.781778,7.1272335,2078
23311,r2i1p1f1,2078,10,28,28.904952854463772,17.495012,6.854839,2078
23312,r2i1p1f1,2078,10,29,14.995063383162233,12.418126,4.9488206,2078
23313,r2i1p1f1,2078,10,30,0.0,13.02248,-1.1483792,2078
23314,r2i1p1f1,2078,10,31,0.0,14.6556635,1.2754017,2078
23315,r2i1p1f1,2078,11,01,0.0,16.609821,3.231063,2078
23316,r2i1p1f1,2078,11,02,0.0,20.416195,4.525202,2078
23317,r2i1p1f1,2078,11,03,0.0,21.179457,6.097713,2078
23318,r2i1p1f1,2078,11,04,0.0,21.211954,5.1098323,2078
23319,r2i1p1f1,2078,11,05,0.10680049528595248,15.257229,1.9732814,2078
23320,r2i1p1f1,2078,11,06,1.5532854144112207,12.136795,6.6915793,2078
23321,r2i1p1f1,2078,11,07,2.8961603171183015,13.126243,5.8633184,2078
23322,r2i1p1f1,2078,11,08,0.0,17.423166,3.1185756,2078
23323,r2i1p1f1,2078,11,09,0.0,18.548256,4.174927,2078
23324,r2i1p1f1,2078,11,10,0.0,18.577631,5.843382,2078
23325,r2i1p1f1,2078,11,11,0.005232313304759373,17.547747,7.1640124,2078
23326,r2i1p1f1,2078,11,12,0.0,19.727343,5.9013753,2078
23327,r2i1p1f1,2078,11,13,0.0,20.12831,4.678007,2078
23328,r2i1p1f1,2078,11,14,0.2207706173862789,16.633276,4.797725,2078
23329,r2i1p1f1,2078,11,15,0.0,12.796962,0.72563463,2078
23330,r2i1p1f1,2078,11,16,0.0,17.930786,3.6103587,2078
23331,r2i1p1f1,2078,11,17,0.0,19.793472,6.011859,2078
23332,r2i1p1f1,2078,11,18,0.0,21.751137,7.350046,2078
23333,r2i1p1f1,2078,11,19,0.0,23.425331,7.791811,2078
23334,r2i1p1f1,2078,11,20,0.0,23.540998,10.141305,2078
23335,r2i1p1f1,2078,11,21,0.39565394735632253,23.828882,7.5049863,2078
23336,r2i1p1f1,2078,11,22,15.274251514983916,18.606972,3.9809978,2078
23337,r2i1p1f1,2078,11,23,10.768889203859544,8.850851,4.8005347,2078
23338,r2i1p1f1,2078,11,24,16.21200751615106,8.366075,4.3965087,2078
23339,r2i1p1f1,2078,11,25,30.024897928615246,8.688737,4.6110883,2078
23340,r2i1p1f1,2078,11,26,0.0,10.576006,-2.8080945,2078
23341,r2i1p1f1,2078,11,27,0.0,12.490196,-0.07777352,2078
23342,r2i1p1f1,2078,11,28,0.8589473025324423,13.507038,5.424721,2078
23343,r2i1p1f1,2078,11,29,0.0,14.033652,0.7900111,2078
23344,r2i1p1f1,2078,11,30,0.0,14.627411,1.1890373,2078
23345,r2i1p1f1,2078,12,01,0.012557440732052783,15.501641,3.3826234,2078
23346,r2i1p1f1,2078,12,02,0.0076032584729546215,14.08163,5.581065,2078
23347,r2i1p1f1,2078,12,03,0.0,12.221202,-1.084171,2078
23348,r2i1p1f1,2078,12,04,14.478401944904817,11.013987,1.3670878,2078
23349,r2i1p1f1,2078,12,05,30.386908636864973,8.926655,4.252531,2078
23350,r2i1p1f1,2078,12,06,0.1231667856814056,9.594092,0.8326541,2078
23351,r2i1p1f1,2078,12,07,0.0,11.654514,-1.3429291,2078
23352,r2i1p1f1,2078,12,08,0.0,13.275338,1.8495848,2078
23353,r2i1p1f1,2078,12,09,15.380432856318293,9.446049,3.878713,2078
23354,r2i1p1f1,2078,12,10,5.988451451798937,7.680315,2.6764705,2078
23355,r2i1p1f1,2078,12,11,43.01444720113068,12.128128,2.9040382,2078
23356,r2i1p1f1,2078,12,12,7.24996412808423,11.781133,-1.2342854,2078
23357,r2i1p1f1,2078,12,13,0.0,3.5532985,-10.281686,2078
23358,r2i1p1f1,2078,12,14,1.287503951507496,3.0811963,-4.6523294,2078
23359,r2i1p1f1,2078,12,15,9.771564696848145,5.1854734,-1.4512613,2078
23360,r2i1p1f1,2078,12,16,2.026982164110791,10.518369,2.4468732,2078
23361,r2i1p1f1,2078,12,17,0.0,11.839077,-0.57982963,2078
23362,r2i1p1f1,2078,12,18,0.0,12.966511,1.5196105,2078
23363,r2i1p1f1,2078,12,19,0.0,14.625478,2.8863835,2078
23364,r2i1p1f1,2078,12,20,0.0,14.652535,3.8936183,2078
23365,r2i1p1f1,2078,12,21,0.0,12.731853,0.61520994,2078
23366,r2i1p1f1,2078,12,22,0.0,13.050167,0.69342154,2078
23367,r2i1p1f1,2078,12,23,0.0,13.392788,3.6796734,2078
23368,r2i1p1f1,2078,12,24,0.0,14.144972,1.844766,2078
23369,r2i1p1f1,2078,12,25,0.0,14.120158,1.3073163,2078
23370,r2i1p1f1,2078,12,26,0.06997817300771203,12.310948,3.1839204,2078
23371,r2i1p1f1,2078,12,27,0.5883867452439517,11.090044,4.7100677,2078
23372,r2i1p1f1,2078,12,28,0.022027743733588068,13.682983,3.775261,2078
23373,r2i1p1f1,2078,12,29,9.273779550267136,14.858196,3.1233313,2078
23374,r2i1p1f1,2078,12,30,44.763739068184805,10.998936,6.55125,2078
23375,r2i1p1f1,2078,12,31,5.812749181768595,9.860408,2.8019176,2078
23376,r2i1p1f1,2079,01,01,1.163301325817656,7.4188385,3.0033011,2079
23377,r2i1p1f1,2079,01,02,4.55994588530757,8.310452,0.4571955,2079
23378,r2i1p1f1,2079,01,03,1.4062882180439829,9.257012,0.99316514,2079
23379,r2i1p1f1,2079,01,04,0.0,14.672802,1.7781491,2079
23380,r2i1p1f1,2079,01,05,0.0,15.89268,3.278542,2079
23381,r2i1p1f1,2079,01,06,0.16233187450893638,13.924686,5.623677,2079
23382,r2i1p1f1,2079,01,07,0.02743176090120869,12.744587,5.164146,2079
23383,r2i1p1f1,2079,01,08,6.808351640654564,14.104523,8.673679,2079
23384,r2i1p1f1,2079,01,09,13.254071606570506,15.476027,10.982277,2079
23385,r2i1p1f1,2079,01,10,3.1276040699594887,13.272756,0.26320738,2079
23386,r2i1p1f1,2079,01,11,0.0,11.803107,-1.683609,2079
23387,r2i1p1f1,2079,01,12,0.0,11.107314,0.47972324,2079
23388,r2i1p1f1,2079,01,13,5.271200090646744,8.397572,3.4883037,2079
23389,r2i1p1f1,2079,01,14,0.12563345690015382,13.228467,3.7955267,2079
23390,r2i1p1f1,2079,01,15,1.207033123998258,13.030941,6.4550166,2079
23391,r2i1p1f1,2079,01,16,4.717845363256856,16.155603,6.1708045,2079
23392,r2i1p1f1,2079,01,17,0.0,16.079058,4.389848,2079
23393,r2i1p1f1,2079,01,18,0.04392576827285666,15.192875,5.3831,2079
23394,r2i1p1f1,2079,01,19,0.9845906426164674,14.797728,6.1574755,2079
23395,r2i1p1f1,2079,01,20,24.679752764859586,11.934021,8.2943535,2079
23396,r2i1p1f1,2079,01,21,0.0,13.436832,2.4895158,2079
23397,r2i1p1f1,2079,01,22,0.0,15.461414,2.1897469,2079
23398,r2i1p1f1,2079,01,23,0.0,18.18702,5.4856176,2079
23399,r2i1p1f1,2079,01,24,0.0,19.059298,6.259897,2079
23400,r2i1p1f1,2079,01,25,0.0,19.397991,7.4147015,2079
23401,r2i1p1f1,2079,01,26,0.0,19.504463,7.160459,2079
23402,r2i1p1f1,2079,01,27,0.0,19.631561,7.1252017,2079
23403,r2i1p1f1,2079,01,28,0.0,18.22722,6.06741,2079
23404,r2i1p1f1,2079,01,29,0.0,19.358053,5.5864115,2079
23405,r2i1p1f1,2079,01,30,48.34348890435649,15.770696,4.578343,2079
23406,r2i1p1f1,2079,01,31,79.0249701050925,13.842597,9.401501,2079
23407,r2i1p1f1,2079,02,01,65.70894398810196,14.196721,9.374862,2079
23408,r2i1p1f1,2079,02,02,29.25806410894438,14.058018,8.963988,2079
23409,r2i1p1f1,2079,02,03,0.3611181069970826,16.018522,4.669432,2079
23410,r2i1p1f1,2079,02,04,0.0016686472918081563,15.869361,3.2314458,2079
23411,r2i1p1f1,2079,02,05,1.987399370389653,14.065629,5.5986576,2079
23412,r2i1p1f1,2079,02,06,41.36575422271562,12.876307,4.561202,2079
23413,r2i1p1f1,2079,02,07,1.2571845201946985,11.320456,0.046679445,2079
23414,r2i1p1f1,2079,02,08,22.82136852354597,10.148361,3.0307484,2079
23415,r2i1p1f1,2079,02,09,52.081722278671805,10.612349,4.4765863,2079
23416,r2i1p1f1,2079,02,10,12.441082444320273,11.243006,0.60709995,2079
23417,r2i1p1f1,2079,02,11,24.700410294281028,12.734956,2.6813622,2079
23418,r2i1p1f1,2079,02,12,31.130481871696247,14.138432,4.1890774,2079
23419,r2i1p1f1,2079,02,13,8.10409160962422,15.56582,4.8490305,2079
23420,r2i1p1f1,2079,02,14,1.4386353334430169,15.300753,4.403555,2079
23421,r2i1p1f1,2079,02,15,0.7159075641425261,12.923699,4.5483813,2079
23422,r2i1p1f1,2079,02,16,2.8271552813976086,13.32871,3.2368634,2079
23423,r2i1p1f1,2079,02,17,1.0078068131406326,13.554818,3.1854978,2079
23424,r2i1p1f1,2079,02,18,0.0,16.45809,2.2705753,2079
23425,r2i1p1f1,2079,02,19,0.0,16.550701,1.1357027,2079
23426,r2i1p1f1,2079,02,20,4.796679416620009,9.394465,1.6615536,2079
23427,r2i1p1f1,2079,02,21,18.209165316875442,9.784062,4.7760634,2079
23428,r2i1p1f1,2079,02,22,19.057532616443495,10.853854,-0.4782595,2079
23429,r2i1p1f1,2079,02,23,0.041597641802582075,8.807805,-2.797726,2079
23430,r2i1p1f1,2079,02,24,0.0,9.479253,-1.8858416,2079
23431,r2i1p1f1,2079,02,25,0.0,14.248688,1.1854913,2079
23432,r2i1p1f1,2079,02,26,0.0,19.015522,5.4261456,2079
23433,r2i1p1f1,2079,02,27,0.0,20.168457,6.67791,2079
23434,r2i1p1f1,2079,02,28,8.106378120044155,19.333384,7.6651883,2079
23435,r2i1p1f1,2079,03,01,4.7973283385900345,15.06989,9.828074,2079
23436,r2i1p1f1,2079,03,02,0.0,18.08613,3.7684724,2079
23437,r2i1p1f1,2079,03,03,0.0,19.240257,3.1697302,2079
23438,r2i1p1f1,2079,03,04,0.02287698401914895,20.603794,8.063347,2079
23439,r2i1p1f1,2079,03,05,1.3411682073012798,18.278421,5.3649273,2079
23440,r2i1p1f1,2079,03,06,0.0,18.457762,5.51764,2079
23441,r2i1p1f1,2079,03,07,0.9755269816736245,18.421017,5.558482,2079
23442,r2i1p1f1,2079,03,08,30.98200275489944,16.005512,3.4677098,2079
23443,r2i1p1f1,2079,03,09,0.4262013095171824,10.748281,4.2898455,2079
23444,r2i1p1f1,2079,03,10,0.0,14.820921,4.817772,2079
23445,r2i1p1f1,2079,03,11,0.0,16.584003,2.2299805,2079
23446,r2i1p1f1,2079,03,12,2.767808734409982,15.584047,2.7657325,2079
23447,r2i1p1f1,2079,03,13,0.018594872926769312,15.045704,-0.47637993,2079
23448,r2i1p1f1,2079,03,14,8.209472481030389,14.499324,1.0919428,2079
23449,r2i1p1f1,2079,03,15,35.44026647687133,14.629545,6.94858,2079
23450,r2i1p1f1,2079,03,16,4.773722517859369,8.803448,1.6353179,2079
23451,r2i1p1f1,2079,03,17,5.763079495250167,10.817126,0.6427045,2079
23452,r2i1p1f1,2079,03,18,36.62871240012464,12.120254,6.726287,2079
23453,r2i1p1f1,2079,03,19,2.6001278334121025,13.575931,4.1319013,2079
23454,r2i1p1f1,2079,03,20,0.0,18.41021,4.2411,2079
23455,r2i1p1f1,2079,03,21,0.0,18.470964,3.3581166,2079
23456,r2i1p1f1,2079,03,22,0.0,17.562492,4.0335197,2079
23457,r2i1p1f1,2079,03,23,15.171880094067092,15.07967,4.771158,2079
23458,r2i1p1f1,2079,03,24,1.5712061166027524,17.48004,3.0890293,2079
23459,r2i1p1f1,2079,03,25,0.0,21.32592,5.8259993,2079
23460,r2i1p1f1,2079,03,26,0.0,21.586271,8.067165,2079
23461,r2i1p1f1,2079,03,27,5.072183228026006,16.99095,6.505498,2079
23462,r2i1p1f1,2079,03,28,0.0,17.958588,2.9463096,2079
23463,r2i1p1f1,2079,03,29,0.0,21.476095,5.8974786,2079
23464,r2i1p1f1,2079,03,30,0.0,25.16329,8.585378,2079
23465,r2i1p1f1,2079,03,31,0.0,27.375027,10.965882,2079
23466,r2i1p1f1,2079,04,01,0.0,28.182903,11.435833,2079
23467,r2i1p1f1,2079,04,02,0.0,28.082968,11.109884,2079
23468,r2i1p1f1,2079,04,03,0.0,25.262691,10.233363,2079
23469,r2i1p1f1,2079,04,04,29.01622495628544,15.610777,1.2930194,2079
23470,r2i1p1f1,2079,04,05,3.344899845103555,9.531172,-2.9252052,2079
23471,r2i1p1f1,2079,04,06,0.0,13.489472,1.887782,2079
23472,r2i1p1f1,2079,04,07,1.8565882741540918,12.061318,3.3567238,2079
23473,r2i1p1f1,2079,04,08,9.782761408587248,12.001541,5.0119157,2079
23474,r2i1p1f1,2079,04,09,16.54304037328984,12.53923,5.0831914,2079
23475,r2i1p1f1,2079,04,10,2.047508157431821,15.313727,1.4051315,2079
23476,r2i1p1f1,2079,04,11,0.0,18.544958,3.665784,2079
23477,r2i1p1f1,2079,04,12,0.0,19.843145,7.0454507,2079
23478,r2i1p1f1,2079,04,13,10.591332146213972,15.973248,3.7995207,2079
23479,r2i1p1f1,2079,04,14,11.53335338085526,8.968285,2.1195953,2079
23480,r2i1p1f1,2079,04,15,6.075107142601155,8.8242235,-0.7859584,2079
23481,r2i1p1f1,2079,04,16,0.0,12.826119,-0.5837221,2079
23482,r2i1p1f1,2079,04,17,3.753346303079752,8.941818,-0.095005885,2079
23483,r2i1p1f1,2079,04,18,57.11266232246999,8.470486,1.0650771,2079
23484,r2i1p1f1,2079,04,19,15.678980880875315,8.834293,0.5465352,2079
23485,r2i1p1f1,2079,04,20,2.467307718416123,10.673433,2.3428147,2079
23486,r2i1p1f1,2079,04,21,0.03960737786599111,13.900226,3.4615846,2079
23487,r2i1p1f1,2079,04,22,2.7655064363671045,12.240184,3.0274749,2079
23488,r2i1p1f1,2079,04,23,0.0,17.083244,0.9588425,2079
23489,r2i1p1f1,2079,04,24,0.0,18.89734,3.251052,2079
23490,r2i1p1f1,2079,04,25,0.0,19.278482,5.5282884,2079
23491,r2i1p1f1,2079,04,26,0.8051542224450259,13.907842,4.360567,2079
23492,r2i1p1f1,2079,04,27,0.006209023899828026,17.344654,3.036299,2079
23493,r2i1p1f1,2079,04,28,0.0,20.885187,4.816966,2079
23494,r2i1p1f1,2079,04,29,0.0,23.445469,7.5145307,2079
23495,r2i1p1f1,2079,04,30,0.0,23.531876,8.329983,2079
23496,r2i1p1f1,2079,05,01,0.0,20.771214,6.6072745,2079
23497,r2i1p1f1,2079,05,02,0.1780956267793954,18.94581,1.6121255,2079
23498,r2i1p1f1,2079,05,03,2.8441225297910933,9.486267,1.5515962,2079
23499,r2i1p1f1,2079,05,04,6.084536116725303,7.3317585,1.6467751,2079
23500,r2i1p1f1,2079,05,05,0.0,15.247355,0.14088736,2079
23501,r2i1p1f1,2079,05,06,0.0,18.241726,3.5855396,2079
23502,r2i1p1f1,2079,05,07,0.29135873670611545,18.757986,5.6073995,2079
23503,r2i1p1f1,2079,05,08,0.0,16.061417,3.973709,2079
23504,r2i1p1f1,2079,05,09,0.0,13.687164,1.0884892,2079
23505,r2i1p1f1,2079,05,10,0.12230528473082813,16.074604,1.8601869,2079
23506,r2i1p1f1,2079,05,11,0.0,19.959919,3.2695231,2079
23507,r2i1p1f1,2079,05,12,0.0,23.115496,6.3288445,2079
23508,r2i1p1f1,2079,05,13,0.0,25.531265,9.422848,2079
23509,r2i1p1f1,2079,05,14,0.0,27.677238,11.048933,2079
23510,r2i1p1f1,2079,05,15,0.0,28.541769,10.426366,2079
23511,r2i1p1f1,2079,05,16,0.0,29.371605,8.222468,2079
23512,r2i1p1f1,2079,05,17,0.0,27.830425,10.860911,2079
23513,r2i1p1f1,2079,05,18,0.033589878995599065,25.749298,7.547794,2079
23514,r2i1p1f1,2079,05,19,4.226335929979541,19.902092,6.545286,2079
23515,r2i1p1f1,2079,05,20,2.335419410405848,17.009747,6.5261393,2079
23516,r2i1p1f1,2079,05,21,0.0,18.528221,2.0186539,2079
23517,r2i1p1f1,2079,05,22,0.11173117401312993,18.077991,3.2384152,2079
23518,r2i1p1f1,2079,05,23,0.0,18.77105,4.6448407,2079
23519,r2i1p1f1,2079,05,24,0.0,24.801231,6.975074,2079
23520,r2i1p1f1,2079,05,25,0.0,31.305576,13.999951,2079
23521,r2i1p1f1,2079,05,26,0.0,31.809212,14.515449,2079
23522,r2i1p1f1,2079,05,27,0.040271379566547694,29.814314,11.464085,2079
23523,r2i1p1f1,2079,05,28,0.0005628881467600877,19.480358,3.980353,2079
23524,r2i1p1f1,2079,05,29,0.0,23.014887,7.3487167,2079
23525,r2i1p1f1,2079,05,30,0.0,26.050865,10.043156,2079
23526,r2i1p1f1,2079,05,31,0.0,26.230814,9.498685,2079
23527,r2i1p1f1,2079,06,01,3.370537902205939,20.051653,4.4329104,2079
23528,r2i1p1f1,2079,06,02,1.0327905647159241,21.326178,9.32222,2079
23529,r2i1p1f1,2079,06,03,0.0,21.727362,6.4878283,2079
23530,r2i1p1f1,2079,06,04,0.0,22.815235,5.406299,2079
23531,r2i1p1f1,2079,06,05,0.0,24.176176,7.2446313,2079
23532,r2i1p1f1,2079,06,06,0.0,26.921516,8.625269,2079
23533,r2i1p1f1,2079,06,07,0.0,27.781992,8.0461855,2079
23534,r2i1p1f1,2079,06,08,0.0,24.986227,6.731941,2079
23535,r2i1p1f1,2079,06,09,0.0,23.573772,5.7937527,2079
23536,r2i1p1f1,2079,06,10,0.0,24.06427,6.6060333,2079
23537,r2i1p1f1,2079,06,11,0.0,24.289358,7.5766983,2079
23538,r2i1p1f1,2079,06,12,0.0,27.655888,11.107647,2079
23539,r2i1p1f1,2079,06,13,0.0,29.47225,12.368638,2079
23540,r2i1p1f1,2079,06,14,0.0,30.020456,10.221297,2079
23541,r2i1p1f1,2079,06,15,0.0,27.463469,7.9631634,2079
23542,r2i1p1f1,2079,06,16,0.0,24.69305,9.20242,2079
23543,r2i1p1f1,2079,06,17,0.0,28.463545,10.104039,2079
23544,r2i1p1f1,2079,06,18,0.0,28.57074,10.54845,2079
23545,r2i1p1f1,2079,06,19,0.0,29.167006,9.813806,2079
23546,r2i1p1f1,2079,06,20,0.0,27.55297,10.194527,2079
23547,r2i1p1f1,2079,06,21,0.0,30.29259,13.378971,2079
23548,r2i1p1f1,2079,06,22,0.0,32.80175,15.844072,2079
23549,r2i1p1f1,2079,06,23,0.0,33.66971,14.215219,2079
23550,r2i1p1f1,2079,06,24,0.0,31.710323,12.0219345,2079
23551,r2i1p1f1,2079,06,25,0.0,28.84655,10.204307,2079
23552,r2i1p1f1,2079,06,26,0.0,26.506239,9.911943,2079
23553,r2i1p1f1,2079,06,27,0.0,27.50988,10.717937,2079
23554,r2i1p1f1,2079,06,28,0.0,28.79108,10.092305,2079
23555,r2i1p1f1,2079,06,29,0.0,30.29064,11.746914,2079
23556,r2i1p1f1,2079,06,30,0.0,31.470358,12.474776,2079
23557,r2i1p1f1,2079,07,01,0.0,32.447536,13.744698,2079
23558,r2i1p1f1,2079,07,02,0.0,32.052578,14.813034,2079
23559,r2i1p1f1,2079,07,03,0.0,30.702156,12.491822,2079
23560,r2i1p1f1,2079,07,04,0.0,33.980175,13.913104,2079
23561,r2i1p1f1,2079,07,05,0.0,36.87646,17.924232,2079
23562,r2i1p1f1,2079,07,06,0.0,36.901875,18.12872,2079
23563,r2i1p1f1,2079,07,07,0.0,32.005642,12.886778,2079
23564,r2i1p1f1,2079,07,08,0.0,27.600107,8.691837,2079
23565,r2i1p1f1,2079,07,09,0.0,26.000654,9.33776,2079
23566,r2i1p1f1,2079,07,10,0.0,27.216282,10.334512,2079
23567,r2i1p1f1,2079,07,11,0.0,32.22462,13.958262,2079
23568,r2i1p1f1,2079,07,12,0.0,34.955704,14.236362,2079
23569,r2i1p1f1,2079,07,13,0.0,36.84891,17.204807,2079
23570,r2i1p1f1,2079,07,14,0.0,37.1604,19.089857,2079
23571,r2i1p1f1,2079,07,15,0.0,36.447727,18.217035,2079
23572,r2i1p1f1,2079,07,16,0.0,35.31929,16.391397,2079
23573,r2i1p1f1,2079,07,17,0.0,34.23185,15.005436,2079
23574,r2i1p1f1,2079,07,18,0.0,35.130867,17.10028,2079
23575,r2i1p1f1,2079,07,19,0.0,36.775124,17.442951,2079
23576,r2i1p1f1,2079,07,20,0.0,37.98018,21.108004,2079
23577,r2i1p1f1,2079,07,21,0.04288170639483724,38.60723,20.433903,2079
23578,r2i1p1f1,2079,07,22,0.0,36.2302,17.121008,2079
23579,r2i1p1f1,2079,07,23,0.0,36.123386,16.000813,2079
23580,r2i1p1f1,2079,07,24,0.0,37.06639,16.890574,2079
23581,r2i1p1f1,2079,07,25,0.0,37.973625,18.503166,2079
23582,r2i1p1f1,2079,07,26,0.0,38.19167,17.359856,2079
23583,r2i1p1f1,2079,07,27,0.0,34.81401,15.628666,2079
23584,r2i1p1f1,2079,07,28,0.0,31.918753,12.065162,2079
23585,r2i1p1f1,2079,07,29,0.0,35.71267,15.439011,2079
23586,r2i1p1f1,2079,07,30,0.0,39.515724,22.532904,2079
23587,r2i1p1f1,2079,07,31,0.0,41.442867,20.934134,2079
23588,r2i1p1f1,2079,08,01,0.0,41.7386,22.826935,2079
23589,r2i1p1f1,2079,08,02,0.0,41.478413,21.31815,2079
23590,r2i1p1f1,2079,08,03,0.01601944995854865,39.787277,19.371563,2079
23591,r2i1p1f1,2079,08,04,0.0,36.29564,17.365294,2079
23592,r2i1p1f1,2079,08,05,0.0,37.34865,19.1055,2079
23593,r2i1p1f1,2079,08,06,0.007864997451179079,38.002552,20.407244,2079
23594,r2i1p1f1,2079,08,07,3.4860716568800854,37.515045,16.833458,2079
23595,r2i1p1f1,2079,08,08,0.0,35.336514,16.648766,2079
23596,r2i1p1f1,2079,08,09,0.0,36.450607,21.253765,2079
23597,r2i1p1f1,2079,08,10,0.0,38.202255,22.021868,2079
23598,r2i1p1f1,2079,08,11,0.0,39.13064,21.190435,2079
23599,r2i1p1f1,2079,08,12,0.0,40.58586,22.008907,2079
23600,r2i1p1f1,2079,08,13,0.0,41.629036,26.789612,2079
23601,r2i1p1f1,2079,08,14,0.0,41.02629,20.236149,2079
23602,r2i1p1f1,2079,08,15,0.0,39.94382,20.276323,2079
23603,r2i1p1f1,2079,08,16,0.0,40.65834,22.93789,2079
23604,r2i1p1f1,2079,08,17,0.0,39.902603,19.424587,2079
23605,r2i1p1f1,2079,08,18,0.0,39.289627,19.623955,2079
23606,r2i1p1f1,2079,08,19,0.0,39.9822,20.522842,2079
23607,r2i1p1f1,2079,08,20,0.0,38.934032,19.661476,2079
23608,r2i1p1f1,2079,08,21,0.0,38.267338,19.814438,2079
23609,r2i1p1f1,2079,08,22,0.0,37.08162,19.846764,2079
23610,r2i1p1f1,2079,08,23,0.0,37.137287,20.089302,2079
23611,r2i1p1f1,2079,08,24,0.0,36.43383,17.14916,2079
23612,r2i1p1f1,2079,08,25,0.0,35.49557,14.747665,2079
23613,r2i1p1f1,2079,08,26,0.0,34.53801,12.392811,2079
23614,r2i1p1f1,2079,08,27,0.0,31.196127,13.5955,2079
23615,r2i1p1f1,2079,08,28,0.0,31.797905,18.24337,2079
23616,r2i1p1f1,2079,08,29,0.04941729075653711,33.816727,18.33513,2079
23617,r2i1p1f1,2079,08,30,0.0,34.888878,15.439855,2079
23618,r2i1p1f1,2079,08,31,0.0,31.875296,11.073832,2079
23619,r2i1p1f1,2079,09,01,0.0,27.027222,9.318631,2079
23620,r2i1p1f1,2079,09,02,0.0,23.022911,4.378114,2079
23621,r2i1p1f1,2079,09,03,0.0,28.002779,10.621578,2079
23622,r2i1p1f1,2079,09,04,0.0,33.96014,15.246543,2079
23623,r2i1p1f1,2079,09,05,0.0,35.901386,17.674679,2079
23624,r2i1p1f1,2079,09,06,0.0,36.16365,18.575714,2079
23625,r2i1p1f1,2079,09,07,0.0,35.86148,17.568226,2079
23626,r2i1p1f1,2079,09,08,0.0,35.819305,17.90606,2079
23627,r2i1p1f1,2079,09,09,0.0,33.768204,16.85564,2079
23628,r2i1p1f1,2079,09,10,0.0,34.896557,16.054792,2079
23629,r2i1p1f1,2079,09,11,0.002100982419506181,35.539246,16.393875,2079
23630,r2i1p1f1,2079,09,12,0.0,35.14,16.727602,2079
23631,r2i1p1f1,2079,09,13,0.0,34.230793,15.98025,2079
23632,r2i1p1f1,2079,09,14,0.0,33.503426,15.117323,2079
23633,r2i1p1f1,2079,09,15,0.0,32.355583,12.471625,2079
23634,r2i1p1f1,2079,09,16,0.0,29.99643,10.242738,2079
23635,r2i1p1f1,2079,09,17,0.0,27.741035,9.141706,2079
23636,r2i1p1f1,2079,09,18,0.0,31.000471,12.585362,2079
23637,r2i1p1f1,2079,09,19,0.0,32.126816,13.325583,2079
23638,r2i1p1f1,2079,09,20,1.5496361816872195,28.046614,9.708314,2079
23639,r2i1p1f1,2079,09,21,0.0,23.77732,9.64677,2079
23640,r2i1p1f1,2079,09,22,0.0,28.150566,11.215776,2079
23641,r2i1p1f1,2079,09,23,0.0,29.547495,14.187046,2079
23642,r2i1p1f1,2079,09,24,0.0027745837542170193,27.266537,9.785975,2079
23643,r2i1p1f1,2079,09,25,0.0,26.432539,8.116316,2079
23644,r2i1p1f1,2079,09,26,0.0,28.140617,10.108342,2079
23645,r2i1p1f1,2079,09,27,0.0,30.92562,15.028388,2079
23646,r2i1p1f1,2079,09,28,0.0,31.60451,15.085218,2079
23647,r2i1p1f1,2079,09,29,0.0,31.99627,14.15993,2079
23648,r2i1p1f1,2079,09,30,0.0,28.994307,9.920945,2079
23649,r2i1p1f1,2079,10,01,0.0,24.672102,8.84361,2079
23650,r2i1p1f1,2079,10,02,0.0,25.581684,10.8578825,2079
23651,r2i1p1f1,2079,10,03,0.0,27.00996,10.102435,2079
23652,r2i1p1f1,2079,10,04,0.0,28.98427,10.528782,2079
23653,r2i1p1f1,2079,10,05,0.0,28.51279,11.805927,2079
23654,r2i1p1f1,2079,10,06,0.0,29.884508,11.8872175,2079
23655,r2i1p1f1,2079,10,07,0.0,31.324802,14.290669,2079
23656,r2i1p1f1,2079,10,08,0.03544205069374584,32.198364,16.063019,2079
23657,r2i1p1f1,2079,10,09,0.3664906619633257,30.1072,11.7311535,2079
23658,r2i1p1f1,2079,10,10,0.0,26.947676,11.834452,2079
23659,r2i1p1f1,2079,10,11,0.0,27.540257,10.5776,2079
23660,r2i1p1f1,2079,10,12,1.106869317482051,25.752153,10.488202,2079
23661,r2i1p1f1,2079,10,13,0.0,26.331457,12.612041,2079
23662,r2i1p1f1,2079,10,14,0.0,27.708641,13.272432,2079
23663,r2i1p1f1,2079,10,15,0.0,27.676958,10.610874,2079
23664,r2i1p1f1,2079,10,16,0.0,26.474976,11.000536,2079
23665,r2i1p1f1,2079,10,17,0.0,27.81501,10.630777,2079
23666,r2i1p1f1,2079,10,18,0.0,24.47019,7.376104,2079
23667,r2i1p1f1,2079,10,19,0.0,25.78091,10.62374,2079
23668,r2i1p1f1,2079,10,20,0.0,27.501688,8.794786,2079
23669,r2i1p1f1,2079,10,21,0.0,23.676771,5.990317,2079
23670,r2i1p1f1,2079,10,22,0.0,23.43557,10.574832,2079
23671,r2i1p1f1,2079,10,23,23.225391319283517,17.758072,6.017188,2079
23672,r2i1p1f1,2079,10,24,0.0,17.99557,4.270581,2079
23673,r2i1p1f1,2079,10,25,0.0,22.365925,7.1218195,2079
23674,r2i1p1f1,2079,10,26,0.0,24.288355,8.450817,2079
23675,r2i1p1f1,2079,10,27,0.0,21.868443,5.8838515,2079
23676,r2i1p1f1,2079,10,28,0.0,20.887215,5.653143,2079
23677,r2i1p1f1,2079,10,29,0.0,21.102207,7.8855615,2079
23678,r2i1p1f1,2079,10,30,0.0,21.57747,6.1796803,2079
23679,r2i1p1f1,2079,10,31,0.0,23.31974,6.5598464,2079
23680,r2i1p1f1,2079,11,01,0.0,23.62727,8.120411,2079
23681,r2i1p1f1,2079,11,02,0.0,21.786537,9.162175,2079
23682,r2i1p1f1,2079,11,03,0.0,19.37503,5.586877,2079
23683,r2i1p1f1,2079,11,04,0.0,21.781115,8.027502,2079
23684,r2i1p1f1,2079,11,05,2.4697564632560898,19.738733,7.526363,2079
23685,r2i1p1f1,2079,11,06,0.019056725068367086,21.198666,6.7278366,2079
23686,r2i1p1f1,2079,11,07,0.0,20.09198,4.6659994,2079
23687,r2i1p1f1,2079,11,08,0.0,13.439412,0.21763399,2079
23688,r2i1p1f1,2079,11,09,0.0,14.289213,-1.5166824,2079
23689,r2i1p1f1,2079,11,10,0.0,16.255636,1.3621144,2079
23690,r2i1p1f1,2079,11,11,0.0,17.873154,0.75964946,2079
23691,r2i1p1f1,2079,11,12,0.0,17.77843,1.5654542,2079
23692,r2i1p1f1,2079,11,13,5.106671193550483,16.262867,4.910607,2079
23693,r2i1p1f1,2079,11,14,0.01694138209131779,16.277277,4.006188,2079
23694,r2i1p1f1,2079,11,15,11.650612472294597,15.5318365,3.880594,2079
23695,r2i1p1f1,2079,11,16,0.0,8.701278,-3.2745771,2079
23696,r2i1p1f1,2079,11,17,0.0,10.7076025,-1.1684145,2079
23697,r2i1p1f1,2079,11,18,0.7513575250698068,14.746547,3.8724446,2079
23698,r2i1p1f1,2079,11,19,0.0,15.571957,4.682509,2079
23699,r2i1p1f1,2079,11,20,1.8105165044630667,13.953069,3.3574007,2079
23700,r2i1p1f1,2079,11,21,0.0,10.466088,0.27945963,2079
23701,r2i1p1f1,2079,11,22,0.08108423253361252,9.457554,-3.7711177,2079
23702,r2i1p1f1,2079,11,23,2.78605508786427,8.84004,3.5155072,2079
23703,r2i1p1f1,2079,11,24,0.0,12.96548,-0.98486644,2079
23704,r2i1p1f1,2079,11,25,0.0,16.418331,3.9469976,2079
23705,r2i1p1f1,2079,11,26,0.0,18.487549,4.1467376,2079
23706,r2i1p1f1,2079,11,27,0.018891438412538264,17.141508,4.8761683,2079
23707,r2i1p1f1,2079,11,28,9.048069591900898,9.489505,2.4808218,2079
23708,r2i1p1f1,2079,11,29,0.0,14.942712,0.10505024,2079
23709,r2i1p1f1,2079,11,30,0.0,17.41552,2.3798409,2079
23710,r2i1p1f1,2079,12,01,0.0,19.27581,7.341824,2079
23711,r2i1p1f1,2079,12,02,0.0,20.21419,6.822251,2079
23712,r2i1p1f1,2079,12,03,0.09486578929340794,16.523355,4.2763515,2079
23713,r2i1p1f1,2079,12,04,1.470751785933544,11.177314,5.646353,2079
23714,r2i1p1f1,2079,12,05,0.0,13.458021,1.9892659,2079
23715,r2i1p1f1,2079,12,06,0.0,14.593497,1.839904,2079
23716,r2i1p1f1,2079,12,07,14.458256569309924,11.6211605,4.593347,2079
23717,r2i1p1f1,2079,12,08,0.0,9.71365,-1.1878622,2079
23718,r2i1p1f1,2079,12,09,0.0,9.539196,-2.2785318,2079
23719,r2i1p1f1,2079,12,10,0.0,12.210402,-0.34400913,2079
23720,r2i1p1f1,2079,12,11,0.0,11.948539,-0.35465896,2079
23721,r2i1p1f1,2079,12,12,0.0,13.732766,1.6220037,2079
23722,r2i1p1f1,2079,12,13,0.0,14.628118,2.7523437,2079
23723,r2i1p1f1,2079,12,14,0.0,15.522066,3.4287434,2079
23724,r2i1p1f1,2079,12,15,0.0,17.07444,4.345406,2079
23725,r2i1p1f1,2079,12,16,0.0,18.35779,5.0773654,2079
23726,r2i1p1f1,2079,12,17,0.0,15.405214,4.941998,2079
23727,r2i1p1f1,2079,12,18,0.0,12.308547,1.7126933,2079
23728,r2i1p1f1,2079,12,19,0.0,14.0308275,0.3393584,2079
23729,r2i1p1f1,2079,12,20,0.0,14.719869,1.7315383,2079
23730,r2i1p1f1,2079,12,21,0.0,15.66246,3.1146493,2079
23731,r2i1p1f1,2079,12,22,0.12594263753271662,13.809084,2.803736,2079
23732,r2i1p1f1,2079,12,23,0.021019843256908644,12.703211,2.0674028,2079
23733,r2i1p1f1,2079,12,24,31.266598003276158,11.293466,5.1892977,2079
23734,r2i1p1f1,2079,12,25,0.0,10.124302,-1.9048377,2079
23735,r2i1p1f1,2079,12,26,3.0669232723994355,10.101093,0.27242172,2079
23736,r2i1p1f1,2079,12,27,23.677198164659785,10.665444,3.422694,2079
23737,r2i1p1f1,2079,12,28,0.006770706363568024,8.826135,-3.9658747,2079
23738,r2i1p1f1,2079,12,29,1.0564991103194643,10.016705,-2.244606,2079
23739,r2i1p1f1,2079,12,30,11.316281609276757,8.177542,3.7028084,2079
23740,r2i1p1f1,2079,12,31,0.0,10.018078,-1.3934878,2079
23741,r2i1p1f1,2080,01,01,0.0,10.306186,-1.4027945,2080
23742,r2i1p1f1,2080,01,02,0.0,11.919032,-0.030441761,2080
23743,r2i1p1f1,2080,01,03,0.0,12.528734,0.093464054,2080
23744,r2i1p1f1,2080,01,04,1.2512111078763155,10.621847,4.1602445,2080
23745,r2i1p1f1,2080,01,05,0.0,9.816375,-2.1937475,2080
23746,r2i1p1f1,2080,01,06,0.0,8.621765,-4.747034,2080
23747,r2i1p1f1,2080,01,07,0.0,9.246091,-2.7415464,2080
23748,r2i1p1f1,2080,01,08,0.0,6.8973184,-0.1609886,2080
23749,r2i1p1f1,2080,01,09,0.07220952925308666,11.443465,1.2068014,2080
23750,r2i1p1f1,2080,01,10,0.0,12.016016,-0.17706077,2080
23751,r2i1p1f1,2080,01,11,0.0,16.49914,1.9279695,2080
23752,r2i1p1f1,2080,01,12,0.0,17.581781,6.256516,2080
23753,r2i1p1f1,2080,01,13,0.0,18.563421,8.573755,2080
23754,r2i1p1f1,2080,01,14,1.4273118673656882,16.65966,4.9060626,2080
23755,r2i1p1f1,2080,01,15,0.0,10.411455,1.1165856,2080
23756,r2i1p1f1,2080,01,16,0.0,10.004438,-2.0314653,2080
23757,r2i1p1f1,2080,01,17,0.0,10.305452,-2.2726245,2080
23758,r2i1p1f1,2080,01,18,0.10978702614323765,9.209565,4.043105,2080
23759,r2i1p1f1,2080,01,19,0.8642498855749636,10.048717,1.6874949,2080
23760,r2i1p1f1,2080,01,20,1.2547365278237521,13.542047,5.194485,2080
23761,r2i1p1f1,2080,01,21,0.0,15.379946,0.77965456,2080
23762,r2i1p1f1,2080,01,22,0.0,16.178858,2.782704,2080
23763,r2i1p1f1,2080,01,23,0.0,15.466884,4.9532895,2080
23764,r2i1p1f1,2080,01,24,0.0,13.56569,3.2026126,2080
23765,r2i1p1f1,2080,01,25,0.0,15.935756,3.108636,2080
23766,r2i1p1f1,2080,01,26,0.0,17.476036,6.5862284,2080
23767,r2i1p1f1,2080,01,27,0.0,19.422228,8.827429,2080
23768,r2i1p1f1,2080,01,28,3.193462208554365,18.758553,6.9219275,2080
23769,r2i1p1f1,2080,01,29,0.0,11.975081,0.58398694,2080
23770,r2i1p1f1,2080,01,30,0.0,15.627407,1.3918525,2080
23771,r2i1p1f1,2080,01,31,0.0,16.034906,2.7835002,2080
23772,r2i1p1f1,2080,02,01,0.0,15.083693,2.1690142,2080
23773,r2i1p1f1,2080,02,02,26.732022576470627,9.7401905,3.4723806,2080
23774,r2i1p1f1,2080,02,03,0.26576949647960646,11.351841,0.7231647,2080
23775,r2i1p1f1,2080,02,04,0.2349386040123136,12.57143,1.5147336,2080
23776,r2i1p1f1,2080,02,05,1.2391705669983821,11.494889,3.6090138,2080
23777,r2i1p1f1,2080,02,06,19.7723513299934,11.501439,4.6653647,2080
23778,r2i1p1f1,2080,02,07,1.9137289180548578,12.358185,3.0354328,2080
23779,r2i1p1f1,2080,02,08,0.0,15.068933,-0.033872552,2080
23780,r2i1p1f1,2080,02,09,3.230727443565229,14.30532,0.34031466,2080
23781,r2i1p1f1,2080,02,10,11.036821061543378,10.044179,3.4773805,2080
23782,r2i1p1f1,2080,02,11,13.329457903148523,11.500595,3.8072367,2080
23783,r2i1p1f1,2080,02,12,25.00590154349993,9.673954,2.6251135,2080
23784,r2i1p1f1,2080,02,13,19.500368044282368,9.243803,1.0962285,2080
23785,r2i1p1f1,2080,02,14,14.14343290758211,9.187336,1.1713494,2080
23786,r2i1p1f1,2080,02,15,51.59614459480508,9.689841,2.6590567,2080
23787,r2i1p1f1,2080,02,16,59.85400089812174,10.550411,4.871292,2080
23788,r2i1p1f1,2080,02,17,10.797940423026375,10.625536,-0.2050224,2080
23789,r2i1p1f1,2080,02,18,0.0,8.841692,-2.6499412,2080
23790,r2i1p1f1,2080,02,19,13.682268089905847,9.457789,0.5381314,2080
23791,r2i1p1f1,2080,02,20,0.6098105194951131,12.588778,1.5636158,2080
23792,r2i1p1f1,2080,02,21,0.0,13.4731045,2.8069878,2080
23793,r2i1p1f1,2080,02,22,5.145767414177271,10.110844,2.451051,2080
23794,r2i1p1f1,2080,02,23,0.0,10.441948,-2.289547,2080
23795,r2i1p1f1,2080,02,24,0.0,10.260442,-0.942475,2080
23796,r2i1p1f1,2080,02,25,0.0,10.354195,-1.4784052,2080
23797,r2i1p1f1,2080,02,26,0.0,12.226222,-1.4680257,2080
23798,r2i1p1f1,2080,02,27,0.007759253276162781,12.318643,-0.84006387,2080
23799,r2i1p1f1,2080,02,28,5.787848932959605,7.408711,1.3174139,2080
23800,r2i1p1f1,2080,02,29,8.549900895013707,7.9143133,0.1797577,2080
23801,r2i1p1f1,2080,03,01,12.316762131837322,7.4599094,1.3894566,2080
23802,r2i1p1f1,2080,03,02,3.8998135092981556,8.275782,-1.2023315,2080
23803,r2i1p1f1,2080,03,03,0.0,12.895365,-2.5574148,2080
23804,r2i1p1f1,2080,03,04,0.0,14.051971,2.1260328,2080
23805,r2i1p1f1,2080,03,05,0.0,15.751236,1.1119851,2080
23806,r2i1p1f1,2080,03,06,0.0,18.791069,3.8343887,2080
23807,r2i1p1f1,2080,03,07,0.0,20.834076,5.794344,2080
23808,r2i1p1f1,2080,03,08,0.0,20.778887,5.8374844,2080
23809,r2i1p1f1,2080,03,09,0.02042536639237369,17.123762,4.457306,2080
23810,r2i1p1f1,2080,03,10,0.02203227037398392,15.614495,3.8814375,2080
23811,r2i1p1f1,2080,03,11,0.0,19.30665,2.974854,2080
23812,r2i1p1f1,2080,03,12,0.0,19.73448,6.2559414,2080
23813,r2i1p1f1,2080,03,13,13.948801642254693,11.741675,7.670878,2080
23814,r2i1p1f1,2080,03,14,2.9196493933341117,7.960641,-4.536415,2080
23815,r2i1p1f1,2080,03,15,5.96258325749659,8.054055,2.394134,2080
23816,r2i1p1f1,2080,03,16,0.0,16.813028,2.4138014,2080
23817,r2i1p1f1,2080,03,17,0.0,18.324535,2.3315766,2080
23818,r2i1p1f1,2080,03,18,0.0,18.487112,5.711198,2080
23819,r2i1p1f1,2080,03,19,0.0,17.281443,5.169691,2080
23820,r2i1p1f1,2080,03,20,0.0,18.293394,5.4758034,2080
23821,r2i1p1f1,2080,03,21,0.0,21.683819,5.666455,2080
23822,r2i1p1f1,2080,03,22,0.0,21.95997,7.603024,2080
23823,r2i1p1f1,2080,03,23,0.0,16.881672,4.1370287,2080
23824,r2i1p1f1,2080,03,24,0.0,19.952019,3.9896965,2080
23825,r2i1p1f1,2080,03,25,0.0,25.33138,8.485989,2080
23826,r2i1p1f1,2080,03,26,0.0,27.931295,11.437289,2080
23827,r2i1p1f1,2080,03,27,0.0,29.381687,13.402283,2080
23828,r2i1p1f1,2080,03,28,0.0,30.042257,14.358836,2080
23829,r2i1p1f1,2080,03,29,0.0,28.369028,11.766121,2080
23830,r2i1p1f1,2080,03,30,0.0,22.288857,8.000234,2080
23831,r2i1p1f1,2080,03,31,0.0,21.364784,4.56674,2080
23832,r2i1p1f1,2080,04,01,0.28844964071481627,17.676214,5.804426,2080
23833,r2i1p1f1,2080,04,02,0.0,19.41216,4.4850054,2080
23834,r2i1p1f1,2080,04,03,0.0,23.08881,7.762049,2080
23835,r2i1p1f1,2080,04,04,0.0,23.679651,6.8362546,2080
23836,r2i1p1f1,2080,04,05,0.0,21.937952,7.662011,2080
23837,r2i1p1f1,2080,04,06,0.0,19.601343,4.823551,2080
23838,r2i1p1f1,2080,04,07,0.0,21.748491,6.572386,2080
23839,r2i1p1f1,2080,04,08,0.0,23.554829,6.224193,2080
23840,r2i1p1f1,2080,04,09,0.0,25.355751,9.457352,2080
23841,r2i1p1f1,2080,04,10,0.0,25.60296,8.037351,2080
23842,r2i1p1f1,2080,04,11,1.0147446805603977,18.821272,4.3943896,2080
23843,r2i1p1f1,2080,04,12,0.2158380185619535,15.918261,3.2973776,2080
23844,r2i1p1f1,2080,04,13,0.0,19.702553,2.538762,2080
23845,r2i1p1f1,2080,04,14,0.0,21.551256,4.8942394,2080
23846,r2i1p1f1,2080,04,15,38.08364385877212,16.36334,2.3785477,2080
23847,r2i1p1f1,2080,04,16,13.011347280666996,10.93525,3.178433,2080
23848,r2i1p1f1,2080,04,17,0.16871469275088202,13.506291,4.648917,2080
23849,r2i1p1f1,2080,04,18,1.9113997731096788,10.753599,3.2420318,2080
23850,r2i1p1f1,2080,04,19,0.0,14.876801,-0.669348,2080
23851,r2i1p1f1,2080,04,20,0.0,16.816414,3.4273508,2080
23852,r2i1p1f1,2080,04,21,0.003549893835952389,16.369349,3.7555368,2080
23853,r2i1p1f1,2080,04,22,0.0,20.752922,2.686138,2080
23854,r2i1p1f1,2080,04,23,0.0,21.73712,5.610577,2080
23855,r2i1p1f1,2080,04,24,0.0,22.326347,5.89199,2080
23856,r2i1p1f1,2080,04,25,0.0,20.547602,6.2493677,2080
23857,r2i1p1f1,2080,04,26,0.0,21.201115,7.3457217,2080
23858,r2i1p1f1,2080,04,27,0.0,21.89631,5.736617,2080
23859,r2i1p1f1,2080,04,28,0.0,21.797491,5.7556243,2080
23860,r2i1p1f1,2080,04,29,0.0,23.96845,8.175994,2080
23861,r2i1p1f1,2080,04,30,0.0,27.617523,11.654858,2080
23862,r2i1p1f1,2080,05,01,0.0,27.91416,11.136388,2080
23863,r2i1p1f1,2080,05,02,0.0,26.531603,8.805455,2080
23864,r2i1p1f1,2080,05,03,0.0,24.584831,7.191452,2080
23865,r2i1p1f1,2080,05,04,0.0,28.620863,12.08276,2080
23866,r2i1p1f1,2080,05,05,0.0,30.704123,13.43655,2080
23867,r2i1p1f1,2080,05,06,0.04626786891321899,27.975594,8.363711,2080
23868,r2i1p1f1,2080,05,07,0.044338817076550185,17.822334,1.52629,2080
23869,r2i1p1f1,2080,05,08,0.6854211075960848,16.225094,1.9318842,2080
23870,r2i1p1f1,2080,05,09,0.0,19.06462,2.1649256,2080
23871,r2i1p1f1,2080,05,10,0.09791946458790335,20.217964,6.561614,2080
23872,r2i1p1f1,2080,05,11,0.0010981520034647474,19.100838,4.727793,2080
23873,r2i1p1f1,2080,05,12,0.0,20.717634,5.4475703,2080
23874,r2i1p1f1,2080,05,13,0.0,22.125092,5.4033237,2080
23875,r2i1p1f1,2080,05,14,0.0,22.728024,7.126748,2080
23876,r2i1p1f1,2080,05,15,0.0,27.641209,11.436851,2080
23877,r2i1p1f1,2080,05,16,0.0,32.714966,13.736526,2080
23878,r2i1p1f1,2080,05,17,0.0,32.199326,14.289556,2080
23879,r2i1p1f1,2080,05,18,0.0,32.15836,14.982064,2080
23880,r2i1p1f1,2080,05,19,0.0,32.97863,14.387473,2080
23881,r2i1p1f1,2080,05,20,0.0,33.26129,12.475525,2080
23882,r2i1p1f1,2080,05,21,0.0,30.339499,12.558657,2080
23883,r2i1p1f1,2080,05,22,0.0,30.382225,10.615214,2080
23884,r2i1p1f1,2080,05,23,0.0,29.851545,12.872364,2080
23885,r2i1p1f1,2080,05,24,0.0,31.456509,14.446091,2080
23886,r2i1p1f1,2080,05,25,0.0,37.422626,19.464598,2080
23887,r2i1p1f1,2080,05,26,0.0,38.79033,19.850092,2080
23888,r2i1p1f1,2080,05,27,0.0,37.810886,18.896755,2080
23889,r2i1p1f1,2080,05,28,0.0,35.802277,17.768991,2080
23890,r2i1p1f1,2080,05,29,0.0,32.7408,16.768799,2080
23891,r2i1p1f1,2080,05,30,0.0,34.171246,16.792149,2080
23892,r2i1p1f1,2080,05,31,0.0,34.380688,16.086752,2080
23893,r2i1p1f1,2080,06,01,0.0,32.258278,12.381165,2080
23894,r2i1p1f1,2080,06,02,1.4589039116231106,24.100664,7.502827,2080
23895,r2i1p1f1,2080,06,03,0.0,23.044594,9.212951,2080
23896,r2i1p1f1,2080,06,04,0.0,28.660957,12.610515,2080
23897,r2i1p1f1,2080,06,05,0.0,31.932034,14.10043,2080
23898,r2i1p1f1,2080,06,06,0.0,32.074745,14.364851,2080
23899,r2i1p1f1,2080,06,07,0.0,31.191414,12.935886,2080
23900,r2i1p1f1,2080,06,08,0.0,33.77841,15.328698,2080
23901,r2i1p1f1,2080,06,09,0.0,35.99337,16.922358,2080
23902,r2i1p1f1,2080,06,10,0.0,36.729824,18.031706,2080
23903,r2i1p1f1,2080,06,11,0.0,36.568794,16.617144,2080
23904,r2i1p1f1,2080,06,12,0.00516797535965452,35.42187,18.241997,2080
23905,r2i1p1f1,2080,06,13,0.0,32.415634,14.402732,2080
23906,r2i1p1f1,2080,06,14,0.0,32.405357,13.858486,2080
23907,r2i1p1f1,2080,06,15,0.0,32.358578,15.294169,2080
23908,r2i1p1f1,2080,06,16,0.0,32.423943,13.627851,2080
23909,r2i1p1f1,2080,06,17,0.0,30.675558,12.180325,2080
23910,r2i1p1f1,2080,06,18,0.0,28.32122,13.084164,2080
23911,r2i1p1f1,2080,06,19,0.0,28.99308,12.241472,2080
23912,r2i1p1f1,2080,06,20,0.0,29.87656,9.036281,2080
23913,r2i1p1f1,2080,06,21,0.0020947410121152643,26.778358,9.647549,2080
23914,r2i1p1f1,2080,06,22,0.0,26.354559,11.132326,2080
23915,r2i1p1f1,2080,06,23,0.0,27.463741,12.1963,2080
23916,r2i1p1f1,2080,06,24,0.0,30.491617,13.008246,2080
23917,r2i1p1f1,2080,06,25,0.0,31.182102,13.247439,2080
23918,r2i1p1f1,2080,06,26,0.0,32.844322,14.468472,2080
23919,r2i1p1f1,2080,06,27,0.0,33.14027,14.919798,2080
23920,r2i1p1f1,2080,06,28,0.0,31.79166,14.766678,2080
23921,r2i1p1f1,2080,06,29,0.0,32.022415,15.016157,2080
23922,r2i1p1f1,2080,06,30,0.0,32.541492,13.794211,2080
23923,r2i1p1f1,2080,07,01,0.0,33.851116,15.003791,2080
23924,r2i1p1f1,2080,07,02,0.0,34.59578,13.812335,2080
23925,r2i1p1f1,2080,07,03,0.0,30.703024,11.30859,2080
23926,r2i1p1f1,2080,07,04,0.0,28.925285,11.171275,2080
23927,r2i1p1f1,2080,07,05,0.0,33.395805,14.353095,2080
23928,r2i1p1f1,2080,07,06,0.0,39.382175,21.937143,2080
23929,r2i1p1f1,2080,07,07,0.0,40.803078,20.979675,2080
23930,r2i1p1f1,2080,07,08,0.0,38.53837,19.632484,2080
23931,r2i1p1f1,2080,07,09,0.0,34.69653,14.885915,2080
23932,r2i1p1f1,2080,07,10,0.0,32.654297,13.8462925,2080
23933,r2i1p1f1,2080,07,11,0.0,28.333025,10.580117,2080
23934,r2i1p1f1,2080,07,12,0.0,28.163975,12.297315,2080
23935,r2i1p1f1,2080,07,13,0.0,29.799103,11.42718,2080
23936,r2i1p1f1,2080,07,14,0.0,30.42061,11.659197,2080
23937,r2i1p1f1,2080,07,15,0.0,30.857775,11.766927,2080
23938,r2i1p1f1,2080,07,16,0.0,32.190845,13.783917,2080
23939,r2i1p1f1,2080,07,17,0.0,33.265827,15.225423,2080
23940,r2i1p1f1,2080,07,18,0.0,34.25898,15.4023485,2080
23941,r2i1p1f1,2080,07,19,0.0,34.824562,15.659943,2080
23942,r2i1p1f1,2080,07,20,0.0,35.83402,16.525146,2080
23943,r2i1p1f1,2080,07,21,0.0,36.41585,15.661614,2080
23944,r2i1p1f1,2080,07,22,0.0,35.70763,15.266713,2080
23945,r2i1p1f1,2080,07,23,0.0,33.5554,15.284725,2080
23946,r2i1p1f1,2080,07,24,0.0,33.26454,15.126794,2080
23947,r2i1p1f1,2080,07,25,0.0,34.50184,15.334286,2080
23948,r2i1p1f1,2080,07,26,0.0,35.57416,15.595479,2080
23949,r2i1p1f1,2080,07,27,0.0,35.92394,15.713246,2080
23950,r2i1p1f1,2080,07,28,0.0,36.30297,16.721437,2080
23951,r2i1p1f1,2080,07,29,0.0,34.68691,15.323227,2080
23952,r2i1p1f1,2080,07,30,0.0,35.316467,16.424255,2080
23953,r2i1p1f1,2080,07,31,0.0,36.850357,17.656292,2080
23954,r2i1p1f1,2080,08,01,0.0,37.376347,18.083015,2080
23955,r2i1p1f1,2080,08,02,0.0,36.760532,17.770979,2080
23956,r2i1p1f1,2080,08,03,0.0,36.43499,17.895483,2080
23957,r2i1p1f1,2080,08,04,0.0,35.569595,15.655358,2080
23958,r2i1p1f1,2080,08,05,0.0,33.96611,14.102641,2080
23959,r2i1p1f1,2080,08,06,0.0,32.515083,12.378651,2080
23960,r2i1p1f1,2080,08,07,0.0,32.181034,12.596666,2080
23961,r2i1p1f1,2080,08,08,0.0,32.437332,12.6531105,2080
23962,r2i1p1f1,2080,08,09,0.0,33.21657,13.369562,2080
23963,r2i1p1f1,2080,08,10,0.0,36.415604,17.53556,2080
23964,r2i1p1f1,2080,08,11,0.0,38.96996,21.511654,2080
23965,r2i1p1f1,2080,08,12,0.0,40.66844,24.142868,2080
23966,r2i1p1f1,2080,08,13,0.0,41.31623,20.622654,2080
23967,r2i1p1f1,2080,08,14,0.0,38.435074,17.125374,2080
23968,r2i1p1f1,2080,08,15,0.0,34.520565,12.805531,2080
23969,r2i1p1f1,2080,08,16,0.0,29.082964,10.4840355,2080
23970,r2i1p1f1,2080,08,17,0.0,30.956312,13.2958765,2080
23971,r2i1p1f1,2080,08,18,0.0,34.106213,15.114223,2080
23972,r2i1p1f1,2080,08,19,0.0,36.223454,18.0744,2080
23973,r2i1p1f1,2080,08,20,0.0,36.636246,18.144804,2080
23974,r2i1p1f1,2080,08,21,0.0,37.50101,19.833511,2080
23975,r2i1p1f1,2080,08,22,0.0,38.222115,20.053917,2080
23976,r2i1p1f1,2080,08,23,0.0,38.656296,20.10302,2080
23977,r2i1p1f1,2080,08,24,0.0,37.10002,18.028646,2080
23978,r2i1p1f1,2080,08,25,0.0,34.4255,14.154227,2080
23979,r2i1p1f1,2080,08,26,0.0,34.971695,15.123165,2080
23980,r2i1p1f1,2080,08,27,0.0,37.532036,20.518179,2080
23981,r2i1p1f1,2080,08,28,0.0,38.795963,23.036621,2080
23982,r2i1p1f1,2080,08,29,0.0,38.013527,18.024437,2080
23983,r2i1p1f1,2080,08,30,0.0,33.76465,12.671523,2080
23984,r2i1p1f1,2080,08,31,0.0,29.417732,10.449155,2080
23985,r2i1p1f1,2080,09,01,0.0,30.469252,12.250078,2080
23986,r2i1p1f1,2080,09,02,0.0,33.225414,15.001389,2080
23987,r2i1p1f1,2080,09,03,0.0,34.42004,16.66217,2080
23988,r2i1p1f1,2080,09,04,0.0,34.205105,15.237125,2080
23989,r2i1p1f1,2080,09,05,0.0,32.724518,13.5254755,2080
23990,r2i1p1f1,2080,09,06,0.0,28.671364,11.442623,2080
23991,r2i1p1f1,2080,09,07,0.0,34.73761,17.511847,2080
23992,r2i1p1f1,2080,09,08,0.0,36.933983,18.545614,2080
23993,r2i1p1f1,2080,09,09,0.0,37.430725,18.25751,2080
23994,r2i1p1f1,2080,09,10,0.0,33.755737,14.312183,2080
23995,r2i1p1f1,2080,09,11,0.0,35.300606,18.380882,2080
23996,r2i1p1f1,2080,09,12,0.0,37.152447,19.14882,2080
23997,r2i1p1f1,2080,09,13,0.0,38.137627,18.533646,2080
23998,r2i1p1f1,2080,09,14,0.0,39.90773,22.540781,2080
23999,r2i1p1f1,2080,09,15,0.0,40.49496,21.525093,2080
24000,r2i1p1f1,2080,09,16,0.0,38.685093,20.388344,2080
24001,r2i1p1f1,2080,09,17,0.0,31.644619,12.639799,2080
24002,r2i1p1f1,2080,09,18,0.0,26.227486,14.774953,2080
24003,r2i1p1f1,2080,09,19,0.0,28.846775,14.129576,2080
24004,r2i1p1f1,2080,09,20,0.0,32.772774,14.993395,2080
24005,r2i1p1f1,2080,09,21,0.0,34.101997,16.688236,2080
24006,r2i1p1f1,2080,09,22,0.0,32.815247,13.135727,2080
24007,r2i1p1f1,2080,09,23,0.0,29.962032,10.068838,2080
24008,r2i1p1f1,2080,09,24,0.011406355224607978,24.119852,5.8974075,2080
24009,r2i1p1f1,2080,09,25,5.496612503588949,16.275993,9.435058,2080
24010,r2i1p1f1,2080,09,26,0.0,19.222025,5.2880816,2080
24011,r2i1p1f1,2080,09,27,0.0,22.90059,6.1064353,2080
24012,r2i1p1f1,2080,09,28,0.0,26.491007,9.673868,2080
24013,r2i1p1f1,2080,09,29,0.0,29.515238,11.659873,2080
24014,r2i1p1f1,2080,09,30,0.0,30.175179,14.501417,2080
24015,r2i1p1f1,2080,10,01,0.0,30.577806,11.467881,2080
24016,r2i1p1f1,2080,10,02,0.0,27.802269,10.725385,2080
24017,r2i1p1f1,2080,10,03,0.0,26.367908,10.374828,2080
24018,r2i1p1f1,2080,10,04,0.0,29.201237,8.174969,2080
24019,r2i1p1f1,2080,10,05,0.0,28.245493,7.705285,2080
24020,r2i1p1f1,2080,10,06,0.0,18.586689,3.3528998,2080
24021,r2i1p1f1,2080,10,07,0.0,16.940413,3.4333525,2080
24022,r2i1p1f1,2080,10,08,0.0,18.388052,0.6114259,2080
24023,r2i1p1f1,2080,10,09,1.0951676228671658,19.379179,5.122806,2080
24024,r2i1p1f1,2080,10,10,12.442345415087175,13.89072,4.75672,2080
24025,r2i1p1f1,2080,10,11,7.590385819295875,13.364329,4.1263485,2080
24026,r2i1p1f1,2080,10,12,0.6895819183682761,16.553762,3.2552092,2080
24027,r2i1p1f1,2080,10,13,0.0,18.932245,3.001395,2080
24028,r2i1p1f1,2080,10,14,1.9526082554875757,18.440079,6.4006214,2080
24029,r2i1p1f1,2080,10,15,0.0,21.212013,7.387086,2080
24030,r2i1p1f1,2080,10,16,0.0,23.81184,7.8498807,2080
24031,r2i1p1f1,2080,10,17,0.0,25.42418,8.7384405,2080
24032,r2i1p1f1,2080,10,18,0.0,26.694283,10.417562,2080
24033,r2i1p1f1,2080,10,19,0.0,27.47404,12.065905,2080
24034,r2i1p1f1,2080,10,20,0.0,28.376125,10.792513,2080
24035,r2i1p1f1,2080,10,21,0.0,27.562513,11.638406,2080
24036,r2i1p1f1,2080,10,22,0.0,25.262075,9.63446,2080
24037,r2i1p1f1,2080,10,23,0.0,25.000849,7.5762296,2080
24038,r2i1p1f1,2080,10,24,0.0,22.097227,6.942078,2080
24039,r2i1p1f1,2080,10,25,0.0,22.222261,9.603847,2080
24040,r2i1p1f1,2080,10,26,0.0,22.219185,9.302144,2080
24041,r2i1p1f1,2080,10,27,0.0,22.611,7.32522,2080
24042,r2i1p1f1,2080,10,28,0.0,23.927622,8.27892,2080
24043,r2i1p1f1,2080,10,29,0.0,23.328465,9.439052,2080
24044,r2i1p1f1,2080,10,30,0.0,23.550354,8.374029,2080
24045,r2i1p1f1,2080,10,31,0.0,24.227715,7.226907,2080
24046,r2i1p1f1,2080,11,01,0.6662915084348242,23.09133,6.3619313,2080
24047,r2i1p1f1,2080,11,02,7.665623303216762,16.939543,1.0919774,2080
24048,r2i1p1f1,2080,11,03,0.06872264797976868,9.735387,1.3538475,2080
24049,r2i1p1f1,2080,11,04,0.0,9.503674,-2.585435,2080
24050,r2i1p1f1,2080,11,05,0.0,10.837056,-1.8674924,2080
24051,r2i1p1f1,2080,11,06,0.0,13.54795,-2.4737647,2080
24052,r2i1p1f1,2080,11,07,0.018236365667689824,12.792918,1.7292597,2080
24053,r2i1p1f1,2080,11,08,0.0,13.469705,6.467647,2080
24054,r2i1p1f1,2080,11,09,0.0,17.996426,3.0879598,2080
24055,r2i1p1f1,2080,11,10,0.0,21.016525,6.743988,2080
24056,r2i1p1f1,2080,11,11,0.0,22.664087,8.43596,2080
24057,r2i1p1f1,2080,11,12,0.0,22.652824,7.1841865,2080
24058,r2i1p1f1,2080,11,13,0.0,21.560432,7.4411826,2080
24059,r2i1p1f1,2080,11,14,0.0,22.229805,7.754876,2080
24060,r2i1p1f1,2080,11,15,0.0,24.099792,8.731804,2080
24061,r2i1p1f1,2080,11,16,0.0,24.186964,9.166478,2080
24062,r2i1p1f1,2080,11,17,0.0,23.430246,9.028194,2080
24063,r2i1p1f1,2080,11,18,0.0,25.96743,11.262936,2080
24064,r2i1p1f1,2080,11,19,0.0,26.752028,10.821225,2080
24065,r2i1p1f1,2080,11,20,0.0,24.250175,9.593262,2080
24066,r2i1p1f1,2080,11,21,0.0,24.075607,7.0335007,2080
24067,r2i1p1f1,2080,11,22,0.008099019123619655,19.233725,2.6708813,2080
24068,r2i1p1f1,2080,11,23,0.0,5.623167,-0.09599622,2080
24069,r2i1p1f1,2080,11,24,0.0,6.420086,-4.5067863,2080
24070,r2i1p1f1,2080,11,25,0.0,10.026829,-2.1153758,2080
24071,r2i1p1f1,2080,11,26,0.0,16.937294,-0.34844556,2080
24072,r2i1p1f1,2080,11,27,0.0,19.146393,7.9648156,2080
24073,r2i1p1f1,2080,11,28,1.9060466211612948,16.521196,7.3729043,2080
24074,r2i1p1f1,2080,11,29,0.0,17.77562,3.4589818,2080
24075,r2i1p1f1,2080,11,30,0.0,18.660942,1.9592462,2080
24076,r2i1p1f1,2080,12,01,0.0,15.093916,3.3473806,2080
24077,r2i1p1f1,2080,12,02,0.0,16.779524,5.107687,2080
24078,r2i1p1f1,2080,12,03,0.0,17.846174,6.0299664,2080
24079,r2i1p1f1,2080,12,04,0.0,19.931662,7.8273306,2080
24080,r2i1p1f1,2080,12,05,0.0,21.398306,10.001642,2080
24081,r2i1p1f1,2080,12,06,0.0,22.887625,11.2991495,2080
24082,r2i1p1f1,2080,12,07,0.0,22.484745,10.815411,2080
24083,r2i1p1f1,2080,12,08,0.0,18.29296,5.032749,2080
24084,r2i1p1f1,2080,12,09,0.0,14.485511,2.4927619,2080
24085,r2i1p1f1,2080,12,10,0.0,14.800666,1.7829266,2080
24086,r2i1p1f1,2080,12,11,1.3287280061717865,15.091895,2.962842,2080
24087,r2i1p1f1,2080,12,12,0.0,8.462223,-1.2949276,2080
24088,r2i1p1f1,2080,12,13,0.0,9.884196,-3.2508175,2080
24089,r2i1p1f1,2080,12,14,1.548220550324686,10.0835,-0.7436175,2080
24090,r2i1p1f1,2080,12,15,0.0,10.53629,-1.244103,2080
24091,r2i1p1f1,2080,12,16,0.0,11.280124,-1.5224954,2080
24092,r2i1p1f1,2080,12,17,3.037221165709525,9.774395,-1.1340752,2080
24093,r2i1p1f1,2080,12,18,29.26577482248831,7.4795904,2.5729475,2080
24094,r2i1p1f1,2080,12,19,11.981747869140236,8.9587345,1.5979737,2080
24095,r2i1p1f1,2080,12,20,22.962148795704707,8.700318,1.8257879,2080
24096,r2i1p1f1,2080,12,21,0.0,6.6578097,-2.6099787,2080
24097,r2i1p1f1,2080,12,22,0.0,10.420722,-1.6159741,2080
24098,r2i1p1f1,2080,12,23,0.0,11.812153,0.80750567,2080
24099,r2i1p1f1,2080,12,24,0.0,14.372311,1.9242638,2080
24100,r2i1p1f1,2080,12,25,0.0,14.20037,2.8182428,2080
24101,r2i1p1f1,2080,12,26,0.0,11.801078,0.7765517,2080
24102,r2i1p1f1,2080,12,27,0.0,13.028125,1.8036728,2080
24103,r2i1p1f1,2080,12,28,0.0,14.140578,2.6378965,2080
24104,r2i1p1f1,2080,12,29,0.0,14.568174,3.6397498,2080
24105,r2i1p1f1,2080,12,30,0.0,14.642393,2.5144196,2080
24106,r2i1p1f1,2080,12,31,0.0,13.815696,2.887331,2080
24107,r2i1p1f1,2081,01,01,0.0,10.62681,-2.1386254,2081
24108,r2i1p1f1,2081,01,02,0.0,10.623033,-1.633268,2081
24109,r2i1p1f1,2081,01,03,0.0,11.840473,-0.5640729,2081
24110,r2i1p1f1,2081,01,04,0.0,14.755393,2.2892668,2081
24111,r2i1p1f1,2081,01,05,0.0,15.541195,2.9992433,2081
24112,r2i1p1f1,2081,01,06,0.0,16.785576,3.7399678,2081
24113,r2i1p1f1,2081,01,07,0.0,16.086992,3.872363,2081
24114,r2i1p1f1,2081,01,08,0.3282920715264481,11.436088,2.946444,2081
24115,r2i1p1f1,2081,01,09,0.0,9.561428,3.6196463,2081
24116,r2i1p1f1,2081,01,10,6.4798917032703685,8.016828,3.39955,2081
24117,r2i1p1f1,2081,01,11,3.3007019536853477,8.321591,0.11816745,2081
24118,r2i1p1f1,2081,01,12,3.4606040517928705,10.305752,5.1633506,2081
24119,r2i1p1f1,2081,01,13,0.0,15.118827,5.3173146,2081
24120,r2i1p1f1,2081,01,14,0.0,18.007168,4.022606,2081
24121,r2i1p1f1,2081,01,15,0.0,18.112198,4.767084,2081
24122,r2i1p1f1,2081,01,16,20.268601640418638,15.270796,6.597521,2081
24123,r2i1p1f1,2081,01,17,3.4612176809957873,10.107766,-2.5890713,2081
24124,r2i1p1f1,2081,01,18,0.05347898799641371,9.768993,-2.9452257,2081
24125,r2i1p1f1,2081,01,19,27.93738485670474,4.0712714,-1.2646173,2081
24126,r2i1p1f1,2081,01,20,1.9940652525292535,7.415908,-2.24718,2081
24127,r2i1p1f1,2081,01,21,4.831481438645824,7.860255,2.2600386,2081
24128,r2i1p1f1,2081,01,22,0.0,10.904007,0.8403531,2081
24129,r2i1p1f1,2081,01,23,0.0,11.24894,3.0523293,2081
24130,r2i1p1f1,2081,01,24,0.022181241001817398,14.44276,4.3249826,2081
24131,r2i1p1f1,2081,01,25,0.0,17.011349,3.4322472,2081
24132,r2i1p1f1,2081,01,26,11.392795481037865,13.716132,4.8949137,2081
24133,r2i1p1f1,2081,01,27,2.791294281178125,9.316943,-0.47372305,2081
24134,r2i1p1f1,2081,01,28,0.0,12.132897,0.84277844,2081
24135,r2i1p1f1,2081,01,29,12.494208900557169,9.084567,3.618364,2081
24136,r2i1p1f1,2081,01,30,26.345437151576334,9.345029,-2.0355082,2081
24137,r2i1p1f1,2081,01,31,42.18111583941209,7.0016847,0.8046131,2081
24138,r2i1p1f1,2081,02,01,56.59069032553816,10.474732,-0.5063112,2081
24139,r2i1p1f1,2081,02,02,53.51340725028422,11.146814,3.4009235,2081
24140,r2i1p1f1,2081,02,03,17.530106693084235,10.823974,-2.0334902,2081
24141,r2i1p1f1,2081,02,04,32.477910896705,8.390167,0.6550268,2081
24142,r2i1p1f1,2081,02,05,75.52277570575825,9.683056,4.5594926,2081
24143,r2i1p1f1,2081,02,06,0.0,10.435709,-2.8660173,2081
24144,r2i1p1f1,2081,02,07,0.24347400989412904,9.20259,0.29700863,2081
24145,r2i1p1f1,2081,02,08,20.703021790541243,8.737665,-0.12893581,2081
24146,r2i1p1f1,2081,02,09,29.596813235912123,8.55858,1.7058252,2081
24147,r2i1p1f1,2081,02,10,14.926443519084387,8.533154,0.27493382,2081
24148,r2i1p1f1,2081,02,11,0.05965805741334762,9.414136,-0.58275235,2081
24149,r2i1p1f1,2081,02,12,2.9065401147988723,9.206174,2.3460257,2081
24150,r2i1p1f1,2081,02,13,32.442289686241566,8.975353,3.837695,2081
24151,r2i1p1f1,2081,02,14,16.139677897444926,6.859047,-4.9797297,2081
24152,r2i1p1f1,2081,02,15,12.004021057941827,4.331681,-7.41667,2081
24153,r2i1p1f1,2081,02,16,0.0,6.4677343,-5.6217346,2081
24154,r2i1p1f1,2081,02,17,15.959441205995972,5.4065666,-2.2571392,2081
24155,r2i1p1f1,2081,02,18,9.434083059886689,7.4063025,2.6926394,2081
24156,r2i1p1f1,2081,02,19,0.0,9.87742,-2.79699,2081
24157,r2i1p1f1,2081,02,20,0.0,12.191211,-1.3835977,2081
24158,r2i1p1f1,2081,02,21,0.0,17.63094,4.2635956,2081
24159,r2i1p1f1,2081,02,22,0.0,19.228722,5.6962433,2081
24160,r2i1p1f1,2081,02,23,0.0,18.374352,5.4624324,2081
24161,r2i1p1f1,2081,02,24,0.0,13.90638,1.005984,2081
24162,r2i1p1f1,2081,02,25,0.635627270276018,11.445764,3.7039533,2081
24163,r2i1p1f1,2081,02,26,11.76018439608697,9.814628,2.9110365,2081
24164,r2i1p1f1,2081,02,27,5.7103008788544685,9.596999,2.2657187,2081
24165,r2i1p1f1,2081,02,28,2.3315616175707987,10.2296295,-0.7055093,2081
24166,r2i1p1f1,2081,03,01,10.124392412717498,7.2801185,0.94841045,2081
24167,r2i1p1f1,2081,03,02,0.12680405379796866,12.750867,-0.50160724,2081
24168,r2i1p1f1,2081,03,03,0.0,13.948501,-0.07872237,2081
24169,r2i1p1f1,2081,03,04,0.020821830003114883,14.738072,3.0457819,2081
24170,r2i1p1f1,2081,03,05,0.0,18.646517,3.0699205,2081
24171,r2i1p1f1,2081,03,06,0.0,20.537102,3.7877622,2081
24172,r2i1p1f1,2081,03,07,0.0,21.383234,5.688833,2081
24173,r2i1p1f1,2081,03,08,0.01382494083372876,21.39578,6.73952,2081
24174,r2i1p1f1,2081,03,09,0.0,13.233395,-0.04454623,2081
24175,r2i1p1f1,2081,03,10,0.8812632653700803,9.593194,2.7570617,2081
24176,r2i1p1f1,2081,03,11,0.7984249414874967,10.25528,2.3641653,2081
24177,r2i1p1f1,2081,03,12,0.0,12.829115,2.7535343,2081
24178,r2i1p1f1,2081,03,13,0.0,12.604061,2.7837172,2081
24179,r2i1p1f1,2081,03,14,0.0,14.03941,2.9357405,2081
24180,r2i1p1f1,2081,03,15,0.0,17.799229,1.9910423,2081
24181,r2i1p1f1,2081,03,16,0.0,19.997189,4.207502,2081
24182,r2i1p1f1,2081,03,17,0.0,21.56039,6.4677515,2081
24183,r2i1p1f1,2081,03,18,0.0,24.8377,9.776717,2081
24184,r2i1p1f1,2081,03,19,0.0,27.515488,10.864138,2081
24185,r2i1p1f1,2081,03,20,0.0,28.805613,12.065319,2081
24186,r2i1p1f1,2081,03,21,0.0,29.64169,11.840277,2081
24187,r2i1p1f1,2081,03,22,0.0,27.636452,9.642063,2081
24188,r2i1p1f1,2081,03,23,14.894421659982982,17.46885,5.018803,2081
24189,r2i1p1f1,2081,03,24,6.512810593650897,11.559387,2.5750568,2081
24190,r2i1p1f1,2081,03,25,0.0,12.222042,-2.7156308,2081
24191,r2i1p1f1,2081,03,26,0.0,16.443136,-0.7477979,2081
24192,r2i1p1f1,2081,03,27,0.0,17.090755,2.10834,2081
24193,r2i1p1f1,2081,03,28,0.0,16.094753,-0.77357095,2081
24194,r2i1p1f1,2081,03,29,0.0,17.445595,0.14867449,2081
24195,r2i1p1f1,2081,03,30,0.0,19.042461,3.714036,2081
24196,r2i1p1f1,2081,03,31,1.8108456977245169,14.215309,1.6625603,2081
24197,r2i1p1f1,2081,04,01,2.8112159331840303,10.443197,-1.942082,2081
24198,r2i1p1f1,2081,04,02,6.1648177240158475,7.6816044,-0.8494747,2081
24199,r2i1p1f1,2081,04,03,0.0,12.141987,-0.733292,2081
24200,r2i1p1f1,2081,04,04,0.0,16.262312,-1.2294183,2081
24201,r2i1p1f1,2081,04,05,0.0,18.751213,1.1182742,2081
24202,r2i1p1f1,2081,04,06,0.0,18.243752,3.063213,2081
24203,r2i1p1f1,2081,04,07,0.0,20.221275,3.2176208,2081
24204,r2i1p1f1,2081,04,08,0.0,22.639309,5.95177,2081
24205,r2i1p1f1,2081,04,09,0.0,23.847033,6.465312,2081
24206,r2i1p1f1,2081,04,10,0.0,18.721178,4.18641,2081
24207,r2i1p1f1,2081,04,11,5.634915753819314,13.417586,3.9288967,2081
24208,r2i1p1f1,2081,04,12,0.0,16.620457,0.44463837,2081
24209,r2i1p1f1,2081,04,13,0.0,21.555956,3.8788464,2081
24210,r2i1p1f1,2081,04,14,0.0,23.767504,7.284801,2081
24211,r2i1p1f1,2081,04,15,0.0,23.382671,5.8052125,2081
24212,r2i1p1f1,2081,04,16,0.03276213640219794,15.419534,0.54650366,2081
24213,r2i1p1f1,2081,04,17,0.0,17.727062,0.35947984,2081
24214,r2i1p1f1,2081,04,18,0.0,23.658226,5.2311425,2081
24215,r2i1p1f1,2081,04,19,0.0,24.396027,6.892162,2081
24216,r2i1p1f1,2081,04,20,0.036491301462149295,20.95298,4.9374757,2081
24217,r2i1p1f1,2081,04,21,0.1079453476108938,19.775276,5.357327,2081
24218,r2i1p1f1,2081,04,22,0.003127079071418848,22.889252,7.4767175,2081
24219,r2i1p1f1,2081,04,23,0.0,26.098675,9.657685,2081
24220,r2i1p1f1,2081,04,24,0.0,26.515053,9.057406,2081
24221,r2i1p1f1,2081,04,25,2.2232748939359226,17.358421,2.2763212,2081
24222,r2i1p1f1,2081,04,26,2.655201558218323,16.054708,1.8548232,2081
24223,r2i1p1f1,2081,04,27,0.0,21.874966,6.7329955,2081
24224,r2i1p1f1,2081,04,28,0.0,25.345299,10.105559,2081
24225,r2i1p1f1,2081,04,29,0.19659231547848321,25.232433,8.09605,2081
24226,r2i1p1f1,2081,04,30,1.1355947639174246,21.160881,4.9286265,2081
24227,r2i1p1f1,2081,05,01,3.124891653078521,19.774817,4.0070844,2081
24228,r2i1p1f1,2081,05,02,5.081370751054237,19.647738,4.938339,2081
24229,r2i1p1f1,2081,05,03,0.2833127039679084,18.033958,8.565281,2081
24230,r2i1p1f1,2081,05,04,0.0,21.78521,7.032703,2081
24231,r2i1p1f1,2081,05,05,0.0,23.138283,6.9567294,2081
24232,r2i1p1f1,2081,05,06,0.0,22.266378,4.4908237,2081
24233,r2i1p1f1,2081,05,07,0.0,23.670403,7.257142,2081
24234,r2i1p1f1,2081,05,08,0.0,26.0738,9.339954,2081
24235,r2i1p1f1,2081,05,09,0.0,26.73376,9.55254,2081
24236,r2i1p1f1,2081,05,10,0.0,19.72575,2.5340374,2081
24237,r2i1p1f1,2081,05,11,0.0,21.770346,5.9588203,2081
24238,r2i1p1f1,2081,05,12,0.0,26.49091,9.682284,2081
24239,r2i1p1f1,2081,05,13,0.0,30.855503,13.659953,2081
24240,r2i1p1f1,2081,05,14,0.0,32.32876,15.037279,2081
24241,r2i1p1f1,2081,05,15,0.0,32.190025,14.404188,2081
24242,r2i1p1f1,2081,05,16,0.0,31.172293,12.376913,2081
24243,r2i1p1f1,2081,05,17,0.0,26.792614,9.4296,2081
24244,r2i1p1f1,2081,05,18,0.0,30.418741,12.643331,2081
24245,r2i1p1f1,2081,05,19,0.0,32.919136,14.2222395,2081
24246,r2i1p1f1,2081,05,20,0.338203533556225,32.97695,14.509565,2081
24247,r2i1p1f1,2081,05,21,0.001806517320801504,26.529783,8.812816,2081
24248,r2i1p1f1,2081,05,22,18.92070583583063,20.716896,4.093544,2081
24249,r2i1p1f1,2081,05,23,41.87228911305283,14.052426,10.21534,2081
24250,r2i1p1f1,2081,05,24,0.7522598406467296,20.187147,5.0506687,2081
24251,r2i1p1f1,2081,05,25,0.0,23.490023,7.3908362,2081
24252,r2i1p1f1,2081,05,26,0.0,26.720123,9.58252,2081
24253,r2i1p1f1,2081,05,27,0.0,32.134956,13.97795,2081
24254,r2i1p1f1,2081,05,28,0.0,31.439365,14.516415,2081
24255,r2i1p1f1,2081,05,29,0.0,31.618526,15.291092,2081
24256,r2i1p1f1,2081,05,30,0.0,32.14446,15.606337,2081
24257,r2i1p1f1,2081,05,31,0.0,33.045242,15.795558,2081
24258,r2i1p1f1,2081,06,01,0.0,35.681072,16.845356,2081
24259,r2i1p1f1,2081,06,02,0.0,35.32755,18.578035,2081
24260,r2i1p1f1,2081,06,03,0.0,36.277885,18.594337,2081
24261,r2i1p1f1,2081,06,04,0.0,33.101345,14.978139,2081
24262,r2i1p1f1,2081,06,05,0.0,30.134993,12.878849,2081
24263,r2i1p1f1,2081,06,06,0.0,26.213171,9.791467,2081
24264,r2i1p1f1,2081,06,07,0.0,30.816973,13.578766,2081
24265,r2i1p1f1,2081,06,08,0.0,34.32664,14.88094,2081
24266,r2i1p1f1,2081,06,09,0.0,36.335365,16.070166,2081
24267,r2i1p1f1,2081,06,10,0.0,37.77511,20.508684,2081
24268,r2i1p1f1,2081,06,11,0.6516940979054198,38.287773,19.264782,2081
24269,r2i1p1f1,2081,06,12,0.0003472059461273602,36.907524,20.867847,2081
24270,r2i1p1f1,2081,06,13,1.6629771886414346,33.708645,16.665075,2081
24271,r2i1p1f1,2081,06,14,0.48059711791665904,34.02808,15.632843,2081
24272,r2i1p1f1,2081,06,15,0.048955220609059324,33.544067,17.520813,2081
24273,r2i1p1f1,2081,06,16,0.0,32.799843,17.264078,2081
24274,r2i1p1f1,2081,06,17,0.18276780629093992,31.825396,15.81572,2081
24275,r2i1p1f1,2081,06,18,0.0,29.411808,11.05881,2081
24276,r2i1p1f1,2081,06,19,0.0,27.513445,11.216531,2081
24277,r2i1p1f1,2081,06,20,0.0,26.888826,10.210472,2081
24278,r2i1p1f1,2081,06,21,0.0,29.587393,12.987569,2081
24279,r2i1p1f1,2081,06,22,0.0,32.417095,15.299482,2081
24280,r2i1p1f1,2081,06,23,0.0,35.566544,17.08472,2081
24281,r2i1p1f1,2081,06,24,0.0,36.182663,16.846712,2081
24282,r2i1p1f1,2081,06,25,0.0,35.534035,18.037905,2081
24283,r2i1p1f1,2081,06,26,0.0020900425624859054,33.94019,15.441959,2081
24284,r2i1p1f1,2081,06,27,0.03746825068446924,33.031982,14.690065,2081
24285,r2i1p1f1,2081,06,28,0.0,33.27211,15.388611,2081
24286,r2i1p1f1,2081,06,29,0.01813155756735796,33.397827,16.505226,2081
24287,r2i1p1f1,2081,06,30,0.08549444428354036,35.24633,18.057262,2081
24288,r2i1p1f1,2081,07,01,0.0,36.009995,18.037224,2081
24289,r2i1p1f1,2081,07,02,0.0,35.25432,16.532183,2081
24290,r2i1p1f1,2081,07,03,0.0,36.803154,19.401583,2081
24291,r2i1p1f1,2081,07,04,0.0,39.91432,22.413902,2081
24292,r2i1p1f1,2081,07,05,0.0,40.15051,22.66558,2081
24293,r2i1p1f1,2081,07,06,0.0,39.809826,22.568443,2081
24294,r2i1p1f1,2081,07,07,0.0,37.126575,18.676746,2081
24295,r2i1p1f1,2081,07,08,0.0,36.306583,17.504585,2081
24296,r2i1p1f1,2081,07,09,0.0,35.38305,16.786201,2081
24297,r2i1p1f1,2081,07,10,0.0,33.83219,14.827491,2081
24298,r2i1p1f1,2081,07,11,0.17483481251758803,31.045088,13.7701025,2081
24299,r2i1p1f1,2081,07,12,0.0,26.212986,12.054705,2081
24300,r2i1p1f1,2081,07,13,0.0,27.695448,11.140431,2081
24301,r2i1p1f1,2081,07,14,0.0,29.039879,12.540275,2081
24302,r2i1p1f1,2081,07,15,0.0,30.180918,12.877529,2081
24303,r2i1p1f1,2081,07,16,0.0,28.97919,10.852558,2081
24304,r2i1p1f1,2081,07,17,0.0,28.803047,12.788297,2081
24305,r2i1p1f1,2081,07,18,0.0,31.88815,14.736794,2081
24306,r2i1p1f1,2081,07,19,0.0,33.875114,16.549753,2081
24307,r2i1p1f1,2081,07,20,0.0,34.105312,15.397568,2081
24308,r2i1p1f1,2081,07,21,0.0,32.121742,14.007196,2081
24309,r2i1p1f1,2081,07,22,0.0,32.029156,12.514494,2081
24310,r2i1p1f1,2081,07,23,0.0,31.089287,12.405956,2081
24311,r2i1p1f1,2081,07,24,0.0,31.07476,10.248791,2081
24312,r2i1p1f1,2081,07,25,0.0,30.432976,11.867508,2081
24313,r2i1p1f1,2081,07,26,0.0,32.30291,15.117438,2081
24314,r2i1p1f1,2081,07,27,0.0,34.357685,15.780557,2081
24315,r2i1p1f1,2081,07,28,0.0,35.096634,17.178637,2081
24316,r2i1p1f1,2081,07,29,0.0,33.647686,15.016949,2081
24317,r2i1p1f1,2081,07,30,0.0,33.139072,13.313971,2081
24318,r2i1p1f1,2081,07,31,0.0,31.167032,12.013332,2081
24319,r2i1p1f1,2081,08,01,0.0,29.83837,12.334911,2081
24320,r2i1p1f1,2081,08,02,0.0,30.227444,11.051235,2081
24321,r2i1p1f1,2081,08,03,0.0,30.77567,11.776961,2081
24322,r2i1p1f1,2081,08,04,0.0,31.62728,11.095414,2081
24323,r2i1p1f1,2081,08,05,0.0,33.40954,15.481849,2081
24324,r2i1p1f1,2081,08,06,0.0,36.002888,17.917744,2081
24325,r2i1p1f1,2081,08,07,0.0,36.44382,16.547567,2081
24326,r2i1p1f1,2081,08,08,0.0,36.716465,16.038036,2081
24327,r2i1p1f1,2081,08,09,0.0,35.96399,17.036041,2081
24328,r2i1p1f1,2081,08,10,0.0,36.398087,17.497179,2081
24329,r2i1p1f1,2081,08,11,0.0,37.092503,16.533285,2081
24330,r2i1p1f1,2081,08,12,0.0,36.895893,15.964744,2081
24331,r2i1p1f1,2081,08,13,0.008068929537330405,36.548824,14.713294,2081
24332,r2i1p1f1,2081,08,14,4.076108189110528,31.82653,11.428563,2081
24333,r2i1p1f1,2081,08,15,0.0,32.076477,16.635815,2081
24334,r2i1p1f1,2081,08,16,0.0,32.452393,18.187748,2081
24335,r2i1p1f1,2081,08,17,0.0,32.551575,13.913894,2081
24336,r2i1p1f1,2081,08,18,0.0,29.976128,11.038729,2081
24337,r2i1p1f1,2081,08,19,0.0,29.897566,12.229422,2081
24338,r2i1p1f1,2081,08,20,0.0,33.24724,15.037262,2081
24339,r2i1p1f1,2081,08,21,0.0,36.073757,18.466105,2081
24340,r2i1p1f1,2081,08,22,0.0,36.871277,17.650553,2081
24341,r2i1p1f1,2081,08,23,0.0,37.074356,18.542023,2081
24342,r2i1p1f1,2081,08,24,0.0,36.883408,19.47062,2081
24343,r2i1p1f1,2081,08,25,0.0,37.00221,19.475708,2081
24344,r2i1p1f1,2081,08,26,0.0,36.783405,18.419615,2081
24345,r2i1p1f1,2081,08,27,0.0,37.40368,18.717281,2081
24346,r2i1p1f1,2081,08,28,0.0,37.77396,18.867119,2081
24347,r2i1p1f1,2081,08,29,0.0,37.913406,18.753944,2081
24348,r2i1p1f1,2081,08,30,0.0,36.64514,17.136345,2081
24349,r2i1p1f1,2081,08,31,0.0,30.408163,10.722794,2081
24350,r2i1p1f1,2081,09,01,0.0,26.962223,9.840946,2081
24351,r2i1p1f1,2081,09,02,0.0,27.962088,11.61819,2081
24352,r2i1p1f1,2081,09,03,0.0,31.630026,14.146064,2081
24353,r2i1p1f1,2081,09,04,0.0,36.29948,19.158888,2081
24354,r2i1p1f1,2081,09,05,0.0,37.42921,18.180424,2081
24355,r2i1p1f1,2081,09,06,0.0,35.70109,16.716085,2081
24356,r2i1p1f1,2081,09,07,0.0,30.665321,14.273873,2081
24357,r2i1p1f1,2081,09,08,0.0,33.013157,15.787401,2081
24358,r2i1p1f1,2081,09,09,0.0,34.49461,16.590961,2081
24359,r2i1p1f1,2081,09,10,0.0,35.046974,16.70682,2081
24360,r2i1p1f1,2081,09,11,0.0,33.82892,15.974141,2081
24361,r2i1p1f1,2081,09,12,0.0,33.009743,14.240997,2081
24362,r2i1p1f1,2081,09,13,0.0,27.35972,10.044498,2081
24363,r2i1p1f1,2081,09,14,0.0,26.684385,9.872004,2081
24364,r2i1p1f1,2081,09,15,0.0,27.50848,11.20726,2081
24365,r2i1p1f1,2081,09,16,0.0,26.109812,10.351999,2081
24366,r2i1p1f1,2081,09,17,0.007864725284889573,27.07474,13.485228,2081
24367,r2i1p1f1,2081,09,18,0.0,30.802887,14.167437,2081
24368,r2i1p1f1,2081,09,19,0.1840798620051487,30.320045,12.203526,2081
24369,r2i1p1f1,2081,09,20,0.0,31.274424,13.371674,2081
24370,r2i1p1f1,2081,09,21,3.2869330922689954,28.88841,12.118435,2081
24371,r2i1p1f1,2081,09,22,3.741925920189715,21.08054,10.411738,2081
24372,r2i1p1f1,2081,09,23,0.46598015269552207,23.496193,10.344042,2081
24373,r2i1p1f1,2081,09,24,1.1130316870492152,23.637285,9.248138,2081
24374,r2i1p1f1,2081,09,25,0.0,23.595844,9.357136,2081
24375,r2i1p1f1,2081,09,26,0.0,26.3541,9.948714,2081
24376,r2i1p1f1,2081,09,27,0.0,27.597677,11.787379,2081
24377,r2i1p1f1,2081,09,28,0.0,27.70986,12.47823,2081
24378,r2i1p1f1,2081,09,29,0.0,28.558157,10.878016,2081
24379,r2i1p1f1,2081,09,30,0.0,32.510727,15.73492,2081
24380,r2i1p1f1,2081,10,01,0.0,33.052036,14.945162,2081
24381,r2i1p1f1,2081,10,02,0.0,29.942253,11.12318,2081
24382,r2i1p1f1,2081,10,03,0.0,28.248652,11.813003,2081
24383,r2i1p1f1,2081,10,04,0.0,31.512373,15.007172,2081
24384,r2i1p1f1,2081,10,05,0.0,31.510624,15.314994,2081
24385,r2i1p1f1,2081,10,06,0.0,31.691702,13.768968,2081
24386,r2i1p1f1,2081,10,07,0.0,30.63636,13.337398,2081
24387,r2i1p1f1,2081,10,08,0.0,29.66999,13.516054,2081
24388,r2i1p1f1,2081,10,09,0.0,28.527384,11.627018,2081
24389,r2i1p1f1,2081,10,10,0.0,30.306288,11.322433,2081
24390,r2i1p1f1,2081,10,11,0.05092061346658738,27.578703,10.203524,2081
24391,r2i1p1f1,2081,10,12,18.820094754482852,18.902615,9.197231,2081
24392,r2i1p1f1,2081,10,13,0.8237157309906706,17.767733,6.2438865,2081
24393,r2i1p1f1,2081,10,14,0.25156044458185534,19.81537,7.720508,2081
24394,r2i1p1f1,2081,10,15,0.0,23.37952,9.616843,2081
24395,r2i1p1f1,2081,10,16,3.8761707061951256,20.671642,9.248448,2081
24396,r2i1p1f1,2081,10,17,0.5322036417794607,20.450035,7.794898,2081
24397,r2i1p1f1,2081,10,18,0.0,23.646528,9.631715,2081
24398,r2i1p1f1,2081,10,19,0.0,23.361475,8.893376,2081
24399,r2i1p1f1,2081,10,20,0.0,23.051964,8.197394,2081
24400,r2i1p1f1,2081,10,21,0.0,23.601889,6.544201,2081
24401,r2i1p1f1,2081,10,22,1.3371322247877515,23.659218,6.6997647,2081
24402,r2i1p1f1,2081,10,23,3.107672089080893,16.896095,5.2957635,2081
24403,r2i1p1f1,2081,10,24,0.0,22.425016,8.093663,2081
24404,r2i1p1f1,2081,10,25,0.5145006631806837,21.801407,7.629114,2081
24405,r2i1p1f1,2081,10,26,0.0,19.099993,5.2784214,2081
24406,r2i1p1f1,2081,10,27,0.0,23.502428,7.722481,2081
24407,r2i1p1f1,2081,10,28,0.0,24.279686,11.940597,2081
24408,r2i1p1f1,2081,10,29,0.0,24.700535,8.93109,2081
24409,r2i1p1f1,2081,10,30,0.0,24.261894,8.733737,2081
24410,r2i1p1f1,2081,10,31,0.0,23.602825,10.633259,2081
24411,r2i1p1f1,2081,11,01,0.0,24.414669,8.6994505,2081
24412,r2i1p1f1,2081,11,02,0.0,25.555899,11.289775,2081
24413,r2i1p1f1,2081,11,03,0.0,26.173855,11.270693,2081
24414,r2i1p1f1,2081,11,04,0.025503776259938604,25.125597,9.0087595,2081
24415,r2i1p1f1,2081,11,05,0.0,20.718899,9.113355,2081
24416,r2i1p1f1,2081,11,06,0.0,19.30893,7.2167306,2081
24417,r2i1p1f1,2081,11,07,0.0,21.788643,7.833068,2081
24418,r2i1p1f1,2081,11,08,0.0,22.17994,7.279652,2081
24419,r2i1p1f1,2081,11,09,0.0,22.849762,7.052959,2081
24420,r2i1p1f1,2081,11,10,0.0,21.681038,7.5073996,2081
24421,r2i1p1f1,2081,11,11,0.0,21.740555,8.507078,2081
24422,r2i1p1f1,2081,11,12,0.0,20.076542,5.8310027,2081
24423,r2i1p1f1,2081,11,13,0.0,14.673604,3.7625935,2081
24424,r2i1p1f1,2081,11,14,4.811324455585009,13.267101,5.0903687,2081
24425,r2i1p1f1,2081,11,15,0.0,12.550383,-1.8814948,2081
24426,r2i1p1f1,2081,11,16,0.0,16.535473,2.8574047,2081
24427,r2i1p1f1,2081,11,17,0.0,18.989706,5.085444,2081
24428,r2i1p1f1,2081,11,18,0.0,19.974453,7.4726205,2081
24429,r2i1p1f1,2081,11,19,0.0,21.364351,5.557349,2081
24430,r2i1p1f1,2081,11,20,0.0,21.789095,6.9588585,2081
24431,r2i1p1f1,2081,11,21,0.0,23.844276,9.393604,2081
24432,r2i1p1f1,2081,11,22,0.0,25.207851,10.853339,2081
24433,r2i1p1f1,2081,11,23,0.0,25.384071,9.767477,2081
24434,r2i1p1f1,2081,11,24,0.0,21.2842,6.127267,2081
24435,r2i1p1f1,2081,11,25,0.0,15.75775,-2.6614542,2081
24436,r2i1p1f1,2081,11,26,0.0,3.1774957,-8.090788,2081
24437,r2i1p1f1,2081,11,27,0.0,6.7637577,-6.1720448,2081
24438,r2i1p1f1,2081,11,28,0.0,6.374973,-7.2447987,2081
24439,r2i1p1f1,2081,11,29,0.0,9.187191,-9.272457,2081
24440,r2i1p1f1,2081,11,30,32.654451813868945,8.422638,-4.436704,2081
24441,r2i1p1f1,2081,12,01,23.44125138843083,4.8441186,0.7299816,2081
24442,r2i1p1f1,2081,12,02,24.005125401708938,8.058304,3.558172,2081
24443,r2i1p1f1,2081,12,03,4.5615613133549004,7.9384136,-2.7334628,2081
24444,r2i1p1f1,2081,12,04,56.53427566430764,8.602061,2.4334986,2081
24445,r2i1p1f1,2081,12,05,0.0,13.274391,3.012153,2081
24446,r2i1p1f1,2081,12,06,0.0,16.166029,3.0042002,2081
24447,r2i1p1f1,2081,12,07,0.0,14.9849205,3.9783945,2081
24448,r2i1p1f1,2081,12,08,0.0,13.4898,4.5288806,2081
24449,r2i1p1f1,2081,12,09,0.0,9.65904,-0.34433746,2081
24450,r2i1p1f1,2081,12,10,0.0,7.453966,-3.5906935,2081
24451,r2i1p1f1,2081,12,11,0.08345839407297717,8.750044,-3.5793698,2081
24452,r2i1p1f1,2081,12,12,2.673258529262057,9.017227,-0.0194904,2081
24453,r2i1p1f1,2081,12,13,2.456787030155283,10.338,2.1332972,2081
24454,r2i1p1f1,2081,12,14,36.02085591337527,10.029882,5.774331,2081
24455,r2i1p1f1,2081,12,15,20.443018587411643,12.367159,0.9049515,2081
24456,r2i1p1f1,2081,12,16,0.0,9.707134,0.39787424,2081
24457,r2i1p1f1,2081,12,17,0.0,13.698133,0.87962484,2081
24458,r2i1p1f1,2081,12,18,0.0,14.915965,3.9872534,2081
24459,r2i1p1f1,2081,12,19,0.0,16.03207,3.3475828,2081
24460,r2i1p1f1,2081,12,20,0.0,16.141624,2.5014381,2081
24461,r2i1p1f1,2081,12,21,2.4647011998524704,15.6492,3.3188324,2081
24462,r2i1p1f1,2081,12,22,6.609725744175421,7.5316315,1.7945276,2081
24463,r2i1p1f1,2081,12,23,0.0,8.512461,-4.2829905,2081
24464,r2i1p1f1,2081,12,24,4.820149691158804,8.961502,-2.6773157,2081
24465,r2i1p1f1,2081,12,25,6.063661653138297,9.432532,-1.0547781,2081
24466,r2i1p1f1,2081,12,26,0.0,10.208317,-1.5850984,2081
24467,r2i1p1f1,2081,12,27,1.2841697089470472,9.179711,0.9671444,2081
24468,r2i1p1f1,2081,12,28,27.75588492731913,9.14309,4.2973056,2081
24469,r2i1p1f1,2081,12,29,50.201092680799775,11.850563,5.2849894,2081
24470,r2i1p1f1,2081,12,30,4.254857138501933,12.213634,2.6399162,2081
24471,r2i1p1f1,2081,12,31,0.517692282983262,10.27808,-1.1274381,2081
24472,r2i1p1f1,2082,01,01,8.434504454100988,8.916277,3.0571334,2082
24473,r2i1p1f1,2082,01,02,64.64755750639597,10.14119,4.8130455,2082
24474,r2i1p1f1,2082,01,03,6.430406848954817,9.464847,-4.197159,2082
24475,r2i1p1f1,2082,01,04,7.8669181559689605,5.6029754,-0.36448267,2082
24476,r2i1p1f1,2082,01,05,8.634087570180782,5.6977005,0.7516398,2082
24477,r2i1p1f1,2082,01,06,42.11347416130593,9.772753,-1.4079051,2082
24478,r2i1p1f1,2082,01,07,24.824523586357827,11.4562025,4.2663145,2082
24479,r2i1p1f1,2082,01,08,79.09675653500017,13.0314045,6.2692847,2082
24480,r2i1p1f1,2082,01,09,51.74266577705566,13.74645,9.224963,2082
24481,r2i1p1f1,2082,01,10,15.069355326613731,11.125789,2.0208423,2082
24482,r2i1p1f1,2082,01,11,2.6054034818598026,8.755459,1.9999142,2082
24483,r2i1p1f1,2082,01,12,0.010801358348544454,10.493378,-3.1228495,2082
24484,r2i1p1f1,2082,01,13,0.0,11.521412,-1.2748839,2082
24485,r2i1p1f1,2082,01,14,40.79605353545048,10.655103,1.5221199,2082
24486,r2i1p1f1,2082,01,15,12.395783431566088,9.179249,2.6587384,2082
24487,r2i1p1f1,2082,01,16,29.858078707275126,9.596767,3.7918956,2082
24488,r2i1p1f1,2082,01,17,0.0,10.145545,-0.41651884,2082
24489,r2i1p1f1,2082,01,18,0.0,10.282977,0.5271768,2082
24490,r2i1p1f1,2082,01,19,10.461396307732684,11.1580305,1.1695501,2082
24491,r2i1p1f1,2082,01,20,0.0,11.843737,0.85881,2082
24492,r2i1p1f1,2082,01,21,0.02195646213749569,10.622216,3.4580176,2082
24493,r2i1p1f1,2082,01,22,0.0,15.945241,1.3362558,2082
24494,r2i1p1f1,2082,01,23,0.0,15.914281,1.635121,2082
24495,r2i1p1f1,2082,01,24,18.864326321636327,13.122968,2.4297433,2082
24496,r2i1p1f1,2082,01,25,41.30836474287207,10.541563,5.383429,2082
24497,r2i1p1f1,2082,01,26,27.650237612397177,10.276119,3.1307042,2082
24498,r2i1p1f1,2082,01,27,1.4252328023303562,12.285634,3.09756,2082
24499,r2i1p1f1,2082,01,28,0.0,14.561277,2.550032,2082
24500,r2i1p1f1,2082,01,29,0.0,16.158932,2.0641513,2082
24501,r2i1p1f1,2082,01,30,0.0,16.887234,2.9481118,2082
24502,r2i1p1f1,2082,01,31,4.989298467552317,10.524028,4.924189,2082
24503,r2i1p1f1,2082,02,01,19.88834952085199,11.623035,5.255637,2082
24504,r2i1p1f1,2082,02,02,0.0,10.979151,0.8637893,2082
24505,r2i1p1f1,2082,02,03,0.0,11.862932,-0.99917835,2082
24506,r2i1p1f1,2082,02,04,0.0,12.36567,1.6172812,2082
24507,r2i1p1f1,2082,02,05,0.0,15.169865,2.9164076,2082
24508,r2i1p1f1,2082,02,06,0.0,15.898403,3.345489,2082
24509,r2i1p1f1,2082,02,07,0.0,14.888929,2.8579223,2082
24510,r2i1p1f1,2082,02,08,0.0,16.217237,3.4057193,2082
24511,r2i1p1f1,2082,02,09,0.0,16.45414,4.333135,2082
24512,r2i1p1f1,2082,02,10,0.0,17.856833,5.8986073,2082
24513,r2i1p1f1,2082,02,11,0.0,18.345377,4.345714,2082
24514,r2i1p1f1,2082,02,12,0.0,16.453419,3.8558748,2082
24515,r2i1p1f1,2082,02,13,0.0,15.486047,2.9540236,2082
24516,r2i1p1f1,2082,02,14,0.0,12.513844,2.8463168,2082
24517,r2i1p1f1,2082,02,15,25.90911403822247,11.766068,4.394878,2082
24518,r2i1p1f1,2082,02,16,0.03325517380403653,14.087727,3.4065046,2082
24519,r2i1p1f1,2082,02,17,0.0,14.422501,2.2504272,2082
24520,r2i1p1f1,2082,02,18,0.596477004364715,11.233412,3.123321,2082
24521,r2i1p1f1,2082,02,19,0.0,14.044236,1.6009717,2082
24522,r2i1p1f1,2082,02,20,0.0,15.761189,3.3088198,2082
24523,r2i1p1f1,2082,02,21,0.0,16.39581,4.13053,2082
24524,r2i1p1f1,2082,02,22,0.0,15.467671,1.6323358,2082
24525,r2i1p1f1,2082,02,23,0.0,9.655949,-3.0497372,2082
24526,r2i1p1f1,2082,02,24,0.0,6.623942,-1.9590497,2082
24527,r2i1p1f1,2082,02,25,0.0017082184967875946,12.354541,0.30214086,2082
24528,r2i1p1f1,2082,02,26,0.24417681279373937,15.886285,4.938577,2082
24529,r2i1p1f1,2082,02,27,0.0,16.91126,5.2316895,2082
24530,r2i1p1f1,2082,02,28,0.0,18.87659,5.883434,2082
24531,r2i1p1f1,2082,03,01,0.0,19.323954,4.311022,2082
24532,r2i1p1f1,2082,03,02,0.0,20.652428,6.787798,2082
24533,r2i1p1f1,2082,03,03,0.0,20.658806,4.88385,2082
24534,r2i1p1f1,2082,03,04,0.07998817413863435,22.385624,6.8550563,2082
24535,r2i1p1f1,2082,03,05,20.86264963090798,19.405973,6.550952,2082
24536,r2i1p1f1,2082,03,06,2.7425164519740974,13.742643,2.1572802,2082
24537,r2i1p1f1,2082,03,07,0.0,15.400269,0.5010605,2082
24538,r2i1p1f1,2082,03,08,0.0,15.624242,1.4134394,2082
24539,r2i1p1f1,2082,03,09,0.0,16.722698,2.6227186,2082
24540,r2i1p1f1,2082,03,10,0.0,17.988098,3.437852,2082
24541,r2i1p1f1,2082,03,11,0.0,19.08742,4.252986,2082
24542,r2i1p1f1,2082,03,12,0.0,20.002926,6.360441,2082
24543,r2i1p1f1,2082,03,13,0.0,20.416061,6.2187343,2082
24544,r2i1p1f1,2082,03,14,0.0,20.286777,4.987013,2082
24545,r2i1p1f1,2082,03,15,0.0,20.427326,4.804884,2082
24546,r2i1p1f1,2082,03,16,0.0703616062310175,21.576956,7.610949,2082
24547,r2i1p1f1,2082,03,17,0.0,16.51793,-0.9473663,2082
24548,r2i1p1f1,2082,03,18,0.7136004056974343,15.018221,2.6098135,2082
24549,r2i1p1f1,2082,03,19,0.5945887488394419,15.254578,5.631124,2082
24550,r2i1p1f1,2082,03,20,0.0,18.11074,1.2729789,2082
24551,r2i1p1f1,2082,03,21,0.0,17.863718,4.1429696,2082
24552,r2i1p1f1,2082,03,22,0.08920173795559094,21.460165,4.748883,2082
24553,r2i1p1f1,2082,03,23,0.0,22.001295,6.676061,2082
24554,r2i1p1f1,2082,03,24,0.5257634852540605,20.86393,8.970028,2082
24555,r2i1p1f1,2082,03,25,0.0,18.338747,4.5816946,2082
24556,r2i1p1f1,2082,03,26,0.0,22.285713,2.8614194,2082
24557,r2i1p1f1,2082,03,27,0.0,26.404726,8.515649,2082
24558,r2i1p1f1,2082,03,28,0.0,28.688925,12.67111,2082
24559,r2i1p1f1,2082,03,29,0.0,30.124586,13.85264,2082
24560,r2i1p1f1,2082,03,30,0.0,29.748884,12.861243,2082
24561,r2i1p1f1,2082,03,31,0.0751181112661925,17.589312,3.3307858,2082
24562,r2i1p1f1,2082,04,01,0.0,15.6481495,1.9073796,2082
24563,r2i1p1f1,2082,04,02,0.0,18.10917,-0.03651778,2082
24564,r2i1p1f1,2082,04,03,11.61733909443683,16.830711,2.2899077,2082
24565,r2i1p1f1,2082,04,04,26.779025925088717,14.326991,4.65024,2082
24566,r2i1p1f1,2082,04,05,0.0,21.496416,5.30509,2082
24567,r2i1p1f1,2082,04,06,0.0,22.366262,7.068116,2082
24568,r2i1p1f1,2082,04,07,0.0,23.57975,7.505442,2082
24569,r2i1p1f1,2082,04,08,0.0560142929543872,20.206367,2.0801873,2082
24570,r2i1p1f1,2082,04,09,0.9944059872026401,8.291225,-3.9827952,2082
24571,r2i1p1f1,2082,04,10,0.53337104742468,10.094115,-3.6040318,2082
24572,r2i1p1f1,2082,04,11,0.0,15.443446,-1.5213574,2082
24573,r2i1p1f1,2082,04,12,0.0,18.008604,0.26486337,2082
24574,r2i1p1f1,2082,04,13,0.0,19.073494,1.6000957,2082
24575,r2i1p1f1,2082,04,14,0.0,18.66044,4.1373506,2082
24576,r2i1p1f1,2082,04,15,0.0,21.054771,5.591419,2082
24577,r2i1p1f1,2082,04,16,0.0,24.790356,8.476674,2082
24578,r2i1p1f1,2082,04,17,0.0,24.654177,10.403022,2082
24579,r2i1p1f1,2082,04,18,0.0,25.466923,8.504862,2082
24580,r2i1p1f1,2082,04,19,0.0,25.337004,7.447222,2082
24581,r2i1p1f1,2082,04,20,0.39196546115078945,21.604792,5.228195,2082
24582,r2i1p1f1,2082,04,21,0.0,22.971453,5.126646,2082
24583,r2i1p1f1,2082,04,22,0.0,23.13307,6.3458576,2082
24584,r2i1p1f1,2082,04,23,1.3700190902682152,19.200512,5.3837256,2082
24585,r2i1p1f1,2082,04,24,3.833127866596442,14.216012,3.0715346,2082
24586,r2i1p1f1,2082,04,25,9.540035514010015,9.076399,-2.9704487,2082
24587,r2i1p1f1,2082,04,26,0.05687870454949007,10.639324,-3.1534903,2082
24588,r2i1p1f1,2082,04,27,0.0,15.887333,-1.4873551,2082
24589,r2i1p1f1,2082,04,28,0.0,20.00187,3.3862326,2082
24590,r2i1p1f1,2082,04,29,0.0,23.685427,4.99761,2082
24591,r2i1p1f1,2082,04,30,2.1340402364785405,21.516495,2.5167513,2082
24592,r2i1p1f1,2082,05,01,9.975262196394397,14.244051,4.1473875,2082
24593,r2i1p1f1,2082,05,02,0.04898587683328515,15.512855,4.484335,2082
24594,r2i1p1f1,2082,05,03,3.2156348585147043,15.121373,2.9571812,2082
24595,r2i1p1f1,2082,05,04,0.31406092351176085,15.027937,4.1209583,2082
24596,r2i1p1f1,2082,05,05,0.0,17.704252,2.251227,2082
24597,r2i1p1f1,2082,05,06,0.0,19.295307,5.249481,2082
24598,r2i1p1f1,2082,05,07,0.0,19.756569,4.122631,2082
24599,r2i1p1f1,2082,05,08,0.026999064385790916,20.040289,3.7372856,2082
24600,r2i1p1f1,2082,05,09,0.0,20.420952,3.003898,2082
24601,r2i1p1f1,2082,05,10,0.0,20.75985,3.9988794,2082
24602,r2i1p1f1,2082,05,11,16.29466823255825,19.33959,3.841334,2082
24603,r2i1p1f1,2082,05,12,60.87072766604251,17.27709,8.22101,2082
24604,r2i1p1f1,2082,05,13,21.386071229426307,15.955867,8.914768,2082
24605,r2i1p1f1,2082,05,14,6.490870702407392,18.768879,7.5157776,2082
24606,r2i1p1f1,2082,05,15,1.9385158912562872,22.629807,7.483845,2082
24607,r2i1p1f1,2082,05,16,0.0,26.285614,9.4796715,2082
24608,r2i1p1f1,2082,05,17,0.0,29.68201,10.441642,2082
24609,r2i1p1f1,2082,05,18,20.00916489914033,22.785711,5.5077267,2082
24610,r2i1p1f1,2082,05,19,5.6590628454713965,17.794363,7.832441,2082
24611,r2i1p1f1,2082,05,20,0.11069995616708184,21.460783,6.76422,2082
24612,r2i1p1f1,2082,05,21,10.919699234085556,19.793205,8.430646,2082
24613,r2i1p1f1,2082,05,22,2.014407512587013,19.595852,9.372439,2082
24614,r2i1p1f1,2082,05,23,0.0,25.078213,8.476261,2082
24615,r2i1p1f1,2082,05,24,0.2589553216466811,26.814121,10.234342,2082
24616,r2i1p1f1,2082,05,25,2.109701972142375,22.833872,6.102821,2082
24617,r2i1p1f1,2082,05,26,0.0,26.19889,11.376126,2082
24618,r2i1p1f1,2082,05,27,0.0,25.927393,9.480915,2082
24619,r2i1p1f1,2082,05,28,0.0,25.357044,10.089718,2082
24620,r2i1p1f1,2082,05,29,0.0,29.90431,13.961561,2082
24621,r2i1p1f1,2082,05,30,0.0,32.985962,17.237202,2082
24622,r2i1p1f1,2082,05,31,0.0,34.479675,18.537956,2082
24623,r2i1p1f1,2082,06,01,0.0,35.39092,16.071705,2082
24624,r2i1p1f1,2082,06,02,0.0,35.916862,14.157853,2082
24625,r2i1p1f1,2082,06,03,0.0,33.846577,16.814795,2082
24626,r2i1p1f1,2082,06,04,1.3639767827498872,30.274776,12.94236,2082
24627,r2i1p1f1,2082,06,05,18.342423163267085,24.711065,5.6470966,2082
24628,r2i1p1f1,2082,06,06,0.045794801917509176,29.254822,13.67323,2082
24629,r2i1p1f1,2082,06,07,0.12059592047535261,25.991058,15.265718,2082
24630,r2i1p1f1,2082,06,08,0.0,25.88839,11.71658,2082
24631,r2i1p1f1,2082,06,09,0.0,29.916656,12.74681,2082
24632,r2i1p1f1,2082,06,10,0.06928168286322034,30.630419,12.320172,2082
24633,r2i1p1f1,2082,06,11,0.0,24.49265,8.683458,2082
24634,r2i1p1f1,2082,06,12,0.01860802190094546,24.538996,9.194988,2082
24635,r2i1p1f1,2082,06,13,0.6330667229349274,21.099152,5.4469137,2082
24636,r2i1p1f1,2082,06,14,0.5028766774898941,20.36315,8.635681,2082
24637,r2i1p1f1,2082,06,15,0.0,25.033274,10.318323,2082
24638,r2i1p1f1,2082,06,16,0.01343123145716163,25.653023,9.047311,2082
24639,r2i1p1f1,2082,06,17,0.0,24.941025,8.549882,2082
24640,r2i1p1f1,2082,06,18,0.0,26.67811,9.099601,2082
24641,r2i1p1f1,2082,06,19,0.0,27.808542,11.04988,2082
24642,r2i1p1f1,2082,06,20,0.0,28.888319,12.014261,2082
24643,r2i1p1f1,2082,06,21,0.0,30.029259,13.19148,2082
24644,r2i1p1f1,2082,06,22,0.0,30.591745,13.890671,2082
24645,r2i1p1f1,2082,06,23,0.0,31.793016,14.949724,2082
24646,r2i1p1f1,2082,06,24,0.0,31.867363,13.726455,2082
24647,r2i1p1f1,2082,06,25,0.0,31.478167,13.261468,2082
24648,r2i1p1f1,2082,06,26,0.0,31.91061,14.716976,2082
24649,r2i1p1f1,2082,06,27,0.0,35.5694,16.470634,2082
24650,r2i1p1f1,2082,06,28,0.0,35.800755,16.803267,2082
24651,r2i1p1f1,2082,06,29,0.0,32.59554,12.7885895,2082
24652,r2i1p1f1,2082,06,30,0.0,30.581276,11.860068,2082
24653,r2i1p1f1,2082,07,01,0.0,31.016981,12.784341,2082
24654,r2i1p1f1,2082,07,02,0.0,29.664408,11.175991,2082
24655,r2i1p1f1,2082,07,03,0.0,30.579288,11.990886,2082
24656,r2i1p1f1,2082,07,04,0.0,31.297934,12.658427,2082
24657,r2i1p1f1,2082,07,05,0.0,31.553654,13.287733,2082
24658,r2i1p1f1,2082,07,06,0.0,31.954424,15.849152,2082
24659,r2i1p1f1,2082,07,07,0.0,33.3304,16.935041,2082
24660,r2i1p1f1,2082,07,08,0.0,33.586548,13.395452,2082
24661,r2i1p1f1,2082,07,09,0.0,30.529453,12.178343,2082
24662,r2i1p1f1,2082,07,10,0.0,35.80342,17.406698,2082
24663,r2i1p1f1,2082,07,11,0.0,38.72127,20.15989,2082
24664,r2i1p1f1,2082,07,12,0.0,39.387268,22.019016,2082
24665,r2i1p1f1,2082,07,13,0.0,39.583633,19.626928,2082
24666,r2i1p1f1,2082,07,14,0.0,40.027084,20.613115,2082
24667,r2i1p1f1,2082,07,15,0.0,39.222134,18.745815,2082
24668,r2i1p1f1,2082,07,16,0.0,35.328438,15.817956,2082
24669,r2i1p1f1,2082,07,17,0.0,32.61433,13.469334,2082
24670,r2i1p1f1,2082,07,18,0.0,31.858503,11.988817,2082
24671,r2i1p1f1,2082,07,19,0.0,30.270756,11.251759,2082
24672,r2i1p1f1,2082,07,20,0.0,30.896553,12.085834,2082
24673,r2i1p1f1,2082,07,21,0.0,31.553158,13.049327,2082
24674,r2i1p1f1,2082,07,22,0.0,32.35893,13.855574,2082
24675,r2i1p1f1,2082,07,23,0.0,35.121662,16.650951,2082
24676,r2i1p1f1,2082,07,24,0.0,35.091187,15.349167,2082
24677,r2i1p1f1,2082,07,25,0.0,34.674553,13.650589,2082
24678,r2i1p1f1,2082,07,26,0.0,34.330482,15.149495,2082
24679,r2i1p1f1,2082,07,27,0.0,37.830933,17.547203,2082
24680,r2i1p1f1,2082,07,28,0.0,40.752735,20.13089,2082
24681,r2i1p1f1,2082,07,29,0.0,41.664204,20.164307,2082
24682,r2i1p1f1,2082,07,30,0.0,41.393204,22.421036,2082
24683,r2i1p1f1,2082,07,31,0.0,41.010166,23.040318,2082
24684,r2i1p1f1,2082,08,01,0.0,41.24327,22.621042,2082
24685,r2i1p1f1,2082,08,02,0.0,40.859917,20.019032,2082
24686,r2i1p1f1,2082,08,03,0.0,38.94987,17.522087,2082
24687,r2i1p1f1,2082,08,04,0.0,38.730984,17.392357,2082
24688,r2i1p1f1,2082,08,05,0.0,38.777424,21.250216,2082
24689,r2i1p1f1,2082,08,06,0.0,40.004257,22.475086,2082
24690,r2i1p1f1,2082,08,07,0.029308704506547656,40.59729,18.99967,2082
24691,r2i1p1f1,2082,08,08,0.0,36.319626,19.069023,2082
24692,r2i1p1f1,2082,08,09,0.0,37.068436,17.607082,2082
24693,r2i1p1f1,2082,08,10,0.0,37.61315,19.1196,2082
24694,r2i1p1f1,2082,08,11,0.4541427560070588,35.13228,17.248508,2082
24695,r2i1p1f1,2082,08,12,0.033808155421866104,35.72801,17.953676,2082
24696,r2i1p1f1,2082,08,13,0.0,40.429363,22.7886,2082
24697,r2i1p1f1,2082,08,14,0.0,41.871113,20.77352,2082
24698,r2i1p1f1,2082,08,15,0.33784072801381626,39.668873,19.784622,2082
24699,r2i1p1f1,2082,08,16,0.0,34.606667,17.924187,2082
24700,r2i1p1f1,2082,08,17,0.0,34.591335,17.690184,2082
24701,r2i1p1f1,2082,08,18,0.0,34.735283,17.135988,2082
24702,r2i1p1f1,2082,08,19,0.0,35.32979,13.830498,2082
24703,r2i1p1f1,2082,08,20,0.0,29.82853,10.334637,2082
24704,r2i1p1f1,2082,08,21,0.0,27.457804,9.880035,2082
24705,r2i1p1f1,2082,08,22,0.0,28.487358,11.0983,2082
24706,r2i1p1f1,2082,08,23,0.0,29.62864,12.07978,2082
24707,r2i1p1f1,2082,08,24,0.0,31.197191,13.219585,2082
24708,r2i1p1f1,2082,08,25,0.0,32.61437,14.372438,2082
24709,r2i1p1f1,2082,08,26,0.0,33.2505,14.180701,2082
24710,r2i1p1f1,2082,08,27,0.0,33.7877,14.653022,2082
24711,r2i1p1f1,2082,08,28,0.0,35.06859,15.233597,2082
24712,r2i1p1f1,2082,08,29,0.0,33.928696,14.726147,2082
24713,r2i1p1f1,2082,08,30,0.0,33.816906,13.939877,2082
24714,r2i1p1f1,2082,08,31,0.0,34.03886,13.631388,2082
24715,r2i1p1f1,2082,09,01,0.0,33.60977,15.654362,2082
24716,r2i1p1f1,2082,09,02,0.0,33.12661,14.344716,2082
24717,r2i1p1f1,2082,09,03,0.0,31.124681,13.05698,2082
24718,r2i1p1f1,2082,09,04,0.0,31.83097,14.45937,2082
24719,r2i1p1f1,2082,09,05,0.0,32.97603,13.244264,2082
24720,r2i1p1f1,2082,09,06,0.0,31.317833,13.463963,2082
24721,r2i1p1f1,2082,09,07,0.0,32.201363,15.637702,2082
24722,r2i1p1f1,2082,09,08,0.0,34.046246,16.282127,2082
24723,r2i1p1f1,2082,09,09,0.0,35.86109,18.164612,2082
24724,r2i1p1f1,2082,09,10,0.0,36.613953,20.076927,2082
24725,r2i1p1f1,2082,09,11,0.0,37.101307,19.816505,2082
24726,r2i1p1f1,2082,09,12,0.0,35.716587,17.587294,2082
24727,r2i1p1f1,2082,09,13,0.0,31.679457,12.175868,2082
24728,r2i1p1f1,2082,09,14,0.0,30.917067,12.544694,2082
24729,r2i1p1f1,2082,09,15,0.0,33.164112,15.778748,2082
24730,r2i1p1f1,2082,09,16,0.0,33.14771,14.273265,2082
24731,r2i1p1f1,2082,09,17,0.0,31.076473,11.614648,2082
24732,r2i1p1f1,2082,09,18,0.0,27.61448,9.506527,2082
24733,r2i1p1f1,2082,09,19,0.0,26.746803,7.9697824,2082
24734,r2i1p1f1,2082,09,20,0.0,30.020834,11.40989,2082
24735,r2i1p1f1,2082,09,21,0.0,34.09778,14.730336,2082
24736,r2i1p1f1,2082,09,22,0.0,36.26252,16.456032,2082
24737,r2i1p1f1,2082,09,23,0.0,37.997185,19.89621,2082
24738,r2i1p1f1,2082,09,24,1.13642159545293,34.579967,14.338213,2082
24739,r2i1p1f1,2082,09,25,0.002076680630125338,25.29851,11.5056715,2082
24740,r2i1p1f1,2082,09,26,0.0,22.591993,8.622631,2082
24741,r2i1p1f1,2082,09,27,11.449259874825657,18.216854,6.3067017,2082
24742,r2i1p1f1,2082,09,28,57.63991772164445,18.12251,9.115684,2082
24743,r2i1p1f1,2082,09,29,2.279450428278551,18.368643,8.518068,2082
24744,r2i1p1f1,2082,09,30,0.0,19.930462,7.9205966,2082
24745,r2i1p1f1,2082,10,01,0.0,22.27624,6.1042852,2082
24746,r2i1p1f1,2082,10,02,0.0,22.598738,6.8569164,2082
24747,r2i1p1f1,2082,10,03,37.49634121577401,17.403725,6.160259,2082
24748,r2i1p1f1,2082,10,04,0.486884270696919,15.996658,4.049581,2082
24749,r2i1p1f1,2082,10,05,0.0,19.871283,5.510914,2082
24750,r2i1p1f1,2082,10,06,0.0,23.635008,7.2470617,2082
24751,r2i1p1f1,2082,10,07,0.0,24.552624,7.1962104,2082
24752,r2i1p1f1,2082,10,08,0.0,27.862099,10.943394,2082
24753,r2i1p1f1,2082,10,09,2.0202726009529215,25.117792,10.341724,2082
24754,r2i1p1f1,2082,10,10,0.0,26.186043,12.486094,2082
24755,r2i1p1f1,2082,10,11,0.0,25.634792,11.883083,2082
24756,r2i1p1f1,2082,10,12,0.0,25.354492,9.835864,2082
24757,r2i1p1f1,2082,10,13,0.0,23.85382,8.236473,2082
24758,r2i1p1f1,2082,10,14,0.0,23.958351,9.480815,2082
24759,r2i1p1f1,2082,10,15,0.3210293714914769,18.998133,5.035776,2082
24760,r2i1p1f1,2082,10,16,0.0,18.299667,5.991183,2082
24761,r2i1p1f1,2082,10,17,0.0,22.122322,4.2184515,2082
24762,r2i1p1f1,2082,10,18,0.0,24.81475,8.670928,2082
24763,r2i1p1f1,2082,10,19,0.0,28.20208,11.975116,2082
24764,r2i1p1f1,2082,10,20,0.0,28.014841,13.244253,2082
24765,r2i1p1f1,2082,10,21,0.0,27.617805,11.432362,2082
24766,r2i1p1f1,2082,10,22,0.0,24.837011,7.8514786,2082
24767,r2i1p1f1,2082,10,23,0.0,23.500923,8.400224,2082
24768,r2i1p1f1,2082,10,24,0.0,23.210737,8.601595,2082
24769,r2i1p1f1,2082,10,25,0.0,25.52002,10.201116,2082
24770,r2i1p1f1,2082,10,26,0.0,25.677282,14.697237,2082
24771,r2i1p1f1,2082,10,27,0.0,27.022118,11.532208,2082
24772,r2i1p1f1,2082,10,28,0.0,27.020164,12.124776,2082
24773,r2i1p1f1,2082,10,29,0.0,28.306055,12.168782,2082
24774,r2i1p1f1,2082,10,30,0.0,25.927435,10.42284,2082
24775,r2i1p1f1,2082,10,31,0.0,24.912434,9.670991,2082
24776,r2i1p1f1,2082,11,01,0.0,24.708214,9.168572,2082
24777,r2i1p1f1,2082,11,02,0.08303227380110911,22.22804,6.1952853,2082
24778,r2i1p1f1,2082,11,03,0.0,24.476465,11.648656,2082
24779,r2i1p1f1,2082,11,04,0.0,26.714935,12.096076,2082
24780,r2i1p1f1,2082,11,05,0.0,27.607506,11.431116,2082
24781,r2i1p1f1,2082,11,06,0.0,25.265635,9.749912,2082
24782,r2i1p1f1,2082,11,07,0.3416714949025845,22.730871,10.583554,2082
24783,r2i1p1f1,2082,11,08,0.0,19.557356,6.715064,2082
24784,r2i1p1f1,2082,11,09,0.0,17.130074,8.3941,2082
24785,r2i1p1f1,2082,11,10,0.0,20.295437,6.5716743,2082
24786,r2i1p1f1,2082,11,11,0.0,22.919273,8.001414,2082
24787,r2i1p1f1,2082,11,12,0.0,24.621256,9.649697,2082
24788,r2i1p1f1,2082,11,13,0.0,25.537376,11.691988,2082
24789,r2i1p1f1,2082,11,14,0.0,24.888655,12.0799885,2082
24790,r2i1p1f1,2082,11,15,0.0,25.227749,10.842319,2082
24791,r2i1p1f1,2082,11,16,0.0,25.243084,10.515244,2082
24792,r2i1p1f1,2082,11,17,0.0,24.84924,9.923331,2082
24793,r2i1p1f1,2082,11,18,0.0,25.493088,11.348333,2082
24794,r2i1p1f1,2082,11,19,0.7753201075502147,23.525997,4.8865533,2082
24795,r2i1p1f1,2082,11,20,3.409357401358193,18.375633,8.026612,2082
24796,r2i1p1f1,2082,11,21,0.0,17.27003,5.7054987,2082
24797,r2i1p1f1,2082,11,22,0.0,16.632195,2.3568006,2082
24798,r2i1p1f1,2082,11,23,0.0,17.316454,6.291656,2082
24799,r2i1p1f1,2082,11,24,0.0,20.602797,4.311455,2082
24800,r2i1p1f1,2082,11,25,0.0,22.17799,8.133921,2082
24801,r2i1p1f1,2082,11,26,0.0,25.011103,9.5308275,2082
24802,r2i1p1f1,2082,11,27,0.0,26.944464,11.375857,2082
24803,r2i1p1f1,2082,11,28,0.0011164111128891818,28.825575,10.513475,2082
24804,r2i1p1f1,2082,11,29,0.003175204210492666,15.514873,1.2398101,2082
24805,r2i1p1f1,2082,11,30,0.0,12.816326,-3.3685436,2082
24806,r2i1p1f1,2082,12,01,0.0,15.530655,2.8755052,2082
24807,r2i1p1f1,2082,12,02,0.19226761669393078,18.3702,7.7426157,2082
24808,r2i1p1f1,2082,12,03,45.73279730448121,13.366436,2.8589735,2082
24809,r2i1p1f1,2082,12,04,29.72919258136244,3.4843957,-0.5003788,2082
24810,r2i1p1f1,2082,12,05,0.0,5.8318834,-5.3032436,2082
24811,r2i1p1f1,2082,12,06,0.0,7.0434747,-4.806694,2082
24812,r2i1p1f1,2082,12,07,0.0,7.0354486,-4.3055935,2082
24813,r2i1p1f1,2082,12,08,0.0,9.51736,0.057598908,2082
24814,r2i1p1f1,2082,12,09,22.500435114852735,8.516947,2.024045,2082
24815,r2i1p1f1,2082,12,10,22.133570049891205,10.221171,5.138211,2082
24816,r2i1p1f1,2082,12,11,0.7475791906585982,9.173704,2.7678187,2082
24817,r2i1p1f1,2082,12,12,30.749149141047383,8.514136,1.5917091,2082
24818,r2i1p1f1,2082,12,13,1.5183847815976037,7.229889,-4.335505,2082
24819,r2i1p1f1,2082,12,14,19.79424058336008,9.772282,-1.6221046,2082
24820,r2i1p1f1,2082,12,15,3.528848625671799,8.912761,3.4007645,2082
24821,r2i1p1f1,2082,12,16,3.086692683467618,11.395852,2.5242088,2082
24822,r2i1p1f1,2082,12,17,3.5404205939300937,12.122399,7.2514286,2082
24823,r2i1p1f1,2082,12,18,18.385307842618204,12.988082,2.231864,2082
24824,r2i1p1f1,2082,12,19,36.7517427853727,9.920116,4.5802054,2082
24825,r2i1p1f1,2082,12,20,49.486510595306754,9.863026,6.0565486,2082
24826,r2i1p1f1,2082,12,21,21.396978447944548,11.360757,0.79357463,2082
24827,r2i1p1f1,2082,12,22,7.079051499300704,8.539641,-1.7015046,2082
24828,r2i1p1f1,2082,12,23,0.0,9.547725,-0.64753926,2082
24829,r2i1p1f1,2082,12,24,0.0,10.003701,-1.8936583,2082
24830,r2i1p1f1,2082,12,25,32.85478554571455,10.837571,0.43036672,2082
24831,r2i1p1f1,2082,12,26,2.5751871919283076,11.9930525,1.5001286,2082
24832,r2i1p1f1,2082,12,27,0.0006427261666885897,8.082673,-2.2520642,2082
24833,r2i1p1f1,2082,12,28,23.482488052468398,6.168295,0.3616803,2082
24834,r2i1p1f1,2082,12,29,0.0,9.094895,-0.15814336,2082
24835,r2i1p1f1,2082,12,30,0.0,9.2774315,-1.6663779,2082
24836,r2i1p1f1,2082,12,31,0.0,15.496043,4.370382,2082
24837,r2i1p1f1,2083,01,01,0.0,19.00109,7.3115396,2083
24838,r2i1p1f1,2083,01,02,0.0,18.854877,6.2728357,2083
24839,r2i1p1f1,2083,01,03,9.678999391121579,13.6022835,3.0321524,2083
24840,r2i1p1f1,2083,01,04,3.5385057007943033,8.554223,1.0381677,2083
24841,r2i1p1f1,2083,01,05,0.0,11.217192,-0.74325716,2083
24842,r2i1p1f1,2083,01,06,0.0,11.771459,-1.9543986,2083
24843,r2i1p1f1,2083,01,07,3.658228516553663,10.813752,2.041339,2083
24844,r2i1p1f1,2083,01,08,13.21440761444137,8.53877,1.1951736,2083
24845,r2i1p1f1,2083,01,09,28.547845147841144,9.865438,2.0448377,2083
24846,r2i1p1f1,2083,01,10,41.44702215889993,10.065372,4.5061665,2083
24847,r2i1p1f1,2083,01,11,20.423767866304843,10.301736,1.8244956,2083
24848,r2i1p1f1,2083,01,12,0.0,10.543903,0.41302294,2083
24849,r2i1p1f1,2083,01,13,3.0185396179149393,12.051403,3.147574,2083
24850,r2i1p1f1,2083,01,14,32.69824657472782,10.916719,5.419082,2083
24851,r2i1p1f1,2083,01,15,9.891295427769364,10.559386,-1.2251159,2083
24852,r2i1p1f1,2083,01,16,35.164569218977704,8.798115,2.10704,2083
24853,r2i1p1f1,2083,01,17,23.511092209992057,9.942153,3.703658,2083
24854,r2i1p1f1,2083,01,18,32.076370056165615,11.232136,4.756712,2083
24855,r2i1p1f1,2083,01,19,3.2614279628717213,10.751909,-2.8195379,2083
24856,r2i1p1f1,2083,01,20,0.0265416451100009,9.494308,3.0795035,2083
24857,r2i1p1f1,2083,01,21,1.6972364686068886,10.71843,4.16789,2083
24858,r2i1p1f1,2083,01,22,0.0,13.568078,1.41915,2083
24859,r2i1p1f1,2083,01,23,0.0,16.796608,4.30873,2083
24860,r2i1p1f1,2083,01,24,0.05960984312878281,16.464346,4.908157,2083
24861,r2i1p1f1,2083,01,25,4.408180943266871,16.472466,3.8072743,2083
24862,r2i1p1f1,2083,01,26,56.88918432351784,9.265353,5.0317307,2083
24863,r2i1p1f1,2083,01,27,4.648334708974744,9.334652,0.42092562,2083
24864,r2i1p1f1,2083,01,28,18.501946627657162,10.28321,2.2332444,2083
24865,r2i1p1f1,2083,01,29,11.602689048550019,9.540751,2.922579,2083
24866,r2i1p1f1,2083,01,30,10.234983521331742,9.786518,1.8183036,2083
24867,r2i1p1f1,2083,01,31,39.23505126294913,10.932282,3.360261,2083
24868,r2i1p1f1,2083,02,01,29.541305275324703,10.594631,2.4592524,2083
24869,r2i1p1f1,2083,02,02,5.779886417708724,13.666273,2.1119795,2083
24870,r2i1p1f1,2083,02,03,43.4575339400908,13.602138,8.704746,2083
24871,r2i1p1f1,2083,02,04,54.01532367541222,14.436829,8.3779745,2083
24872,r2i1p1f1,2083,02,05,0.5827284412703193,17.43922,6.78263,2083
24873,r2i1p1f1,2083,02,06,0.0,19.284956,6.0748677,2083
24874,r2i1p1f1,2083,02,07,0.05145301336142438,19.582539,5.473114,2083
24875,r2i1p1f1,2083,02,08,4.557283439862658,17.64586,8.679921,2083
24876,r2i1p1f1,2083,02,09,0.2677113795925834,15.291543,5.5672636,2083
24877,r2i1p1f1,2083,02,10,0.0,15.048879,3.8996158,2083
24878,r2i1p1f1,2083,02,11,0.0,15.868064,2.6717744,2083
24879,r2i1p1f1,2083,02,12,0.7588243423782615,15.908539,5.2662635,2083
24880,r2i1p1f1,2083,02,13,0.21251276331213376,15.251619,6.7635694,2083
24881,r2i1p1f1,2083,02,14,0.0,18.336607,5.71154,2083
24882,r2i1p1f1,2083,02,15,0.0,18.773218,5.3972735,2083
24883,r2i1p1f1,2083,02,16,0.0,18.296476,3.633581,2083
24884,r2i1p1f1,2083,02,17,5.494999432585246,15.103404,3.238611,2083
24885,r2i1p1f1,2083,02,18,3.1641739918427447,7.4510107,-1.7569975,2083
24886,r2i1p1f1,2083,02,19,0.0,7.7369275,-0.79543036,2083
24887,r2i1p1f1,2083,02,20,0.0,12.290311,-1.2414548,2083
24888,r2i1p1f1,2083,02,21,0.0,12.946805,-1.0560951,2083
24889,r2i1p1f1,2083,02,22,0.03909366760979083,11.491695,1.761937,2083
24890,r2i1p1f1,2083,02,23,16.050102932535992,9.976876,1.5773511,2083
24891,r2i1p1f1,2083,02,24,11.176722913694448,15.606112,3.2395604,2083
24892,r2i1p1f1,2083,02,25,0.0,15.345093,4.423238,2083
24893,r2i1p1f1,2083,02,26,0.7892704261848849,14.854248,6.3564806,2083
24894,r2i1p1f1,2083,02,27,1.2871964880218911,13.665397,4.9930015,2083
24895,r2i1p1f1,2083,02,28,0.0,12.520687,0.6549224,2083
24896,r2i1p1f1,2083,03,01,12.198981146684673,12.273534,3.7043211,2083
24897,r2i1p1f1,2083,03,02,8.284671844830882,15.3229,7.974433,2083
24898,r2i1p1f1,2083,03,03,0.8244132255242675,18.83646,7.401768,2083
24899,r2i1p1f1,2083,03,04,0.0,21.41545,5.5334253,2083
24900,r2i1p1f1,2083,03,05,1.4178046390384225,18.974329,4.8035836,2083
24901,r2i1p1f1,2083,03,06,41.77089568111114,13.424708,9.2344885,2083
24902,r2i1p1f1,2083,03,07,23.595861307785526,11.701702,7.6920505,2083
24903,r2i1p1f1,2083,03,08,11.995938412553642,13.12215,1.4151301,2083
24904,r2i1p1f1,2083,03,09,0.5897158616789966,13.651476,-1.539181,2083
24905,r2i1p1f1,2083,03,10,0.0,15.1073265,-0.19467433,2083
24906,r2i1p1f1,2083,03,11,11.795692439227423,12.178785,3.2829304,2083
24907,r2i1p1f1,2083,03,12,5.9724604763596645,12.173435,5.9906874,2083
24908,r2i1p1f1,2083,03,13,12.150088659313951,11.004182,4.8899574,2083
24909,r2i1p1f1,2083,03,14,17.83158684720547,11.604836,5.873696,2083
24910,r2i1p1f1,2083,03,15,0.6523446866935956,16.486351,3.487678,2083
24911,r2i1p1f1,2083,03,16,0.0,18.555016,3.8883905,2083
24912,r2i1p1f1,2083,03,17,0.09252749678125838,20.241713,5.5836544,2083
24913,r2i1p1f1,2083,03,18,0.0,21.09443,5.335622,2083
24914,r2i1p1f1,2083,03,19,0.0,20.032282,5.587982,2083
24915,r2i1p1f1,2083,03,20,0.0,20.844713,5.483482,2083
24916,r2i1p1f1,2083,03,21,0.0,21.275402,7.2953033,2083
24917,r2i1p1f1,2083,03,22,0.0,24.33926,8.303127,2083
24918,r2i1p1f1,2083,03,23,0.0,24.495651,10.59425,2083
24919,r2i1p1f1,2083,03,24,0.0,21.623547,7.459235,2083
24920,r2i1p1f1,2083,03,25,0.0,25.073486,10.718001,2083
24921,r2i1p1f1,2083,03,26,0.0,26.836494,9.34543,2083
24922,r2i1p1f1,2083,03,27,0.0,25.001888,8.262951,2083
24923,r2i1p1f1,2083,03,28,0.19599579389861788,24.773283,9.066583,2083
24924,r2i1p1f1,2083,03,29,12.001622424031666,15.369786,4.390313,2083
24925,r2i1p1f1,2083,03,30,7.6593217975869266,8.866708,5.2860556,2083
24926,r2i1p1f1,2083,03,31,0.0,14.771644,0.72669953,2083
24927,r2i1p1f1,2083,04,01,0.0,18.70136,1.6496361,2083
24928,r2i1p1f1,2083,04,02,0.0,19.4538,4.795217,2083
24929,r2i1p1f1,2083,04,03,0.2610731521741627,20.061495,6.8497047,2083
24930,r2i1p1f1,2083,04,04,29.640291954819986,15.010954,2.6698184,2083
24931,r2i1p1f1,2083,04,05,3.68986569756089,14.565682,4.1197634,2083
24932,r2i1p1f1,2083,04,06,0.0,17.991323,4.370001,2083
24933,r2i1p1f1,2083,04,07,8.02417772492845,15.777961,3.8482563,2083
24934,r2i1p1f1,2083,04,08,2.6264787158140734,13.843097,2.9933672,2083
24935,r2i1p1f1,2083,04,09,0.027185795715922723,16.062372,3.956615,2083
24936,r2i1p1f1,2083,04,10,4.209007953613764,13.386875,0.32423034,2083
24937,r2i1p1f1,2083,04,11,51.43936796084745,11.01122,5.3124824,2083
24938,r2i1p1f1,2083,04,12,70.72287358314497,11.184463,5.802034,2083
24939,r2i1p1f1,2083,04,13,3.4162060342339373,13.338827,2.2338185,2083
24940,r2i1p1f1,2083,04,14,0.0,16.500755,0.39331642,2083
24941,r2i1p1f1,2083,04,15,0.0,16.662138,4.905027,2083
24942,r2i1p1f1,2083,04,16,0.0,15.79342,1.0150886,2083
24943,r2i1p1f1,2083,04,17,0.0,19.25591,3.440785,2083
24944,r2i1p1f1,2083,04,18,0.0,23.052553,7.0894094,2083
24945,r2i1p1f1,2083,04,19,0.0,27.051344,11.038712,2083
24946,r2i1p1f1,2083,04,20,0.0,26.66903,11.680511,2083
24947,r2i1p1f1,2083,04,21,0.005311566678756208,24.728989,11.154514,2083
24948,r2i1p1f1,2083,04,22,0.0,26.525894,10.434599,2083
24949,r2i1p1f1,2083,04,23,0.029783857326037833,26.388266,11.071807,2083
24950,r2i1p1f1,2083,04,24,15.124875871651966,19.996405,8.142828,2083
24951,r2i1p1f1,2083,04,25,5.230526154235804,18.878948,10.340125,2083
24952,r2i1p1f1,2083,04,26,2.1002543427925957,20.207014,6.862451,2083
24953,r2i1p1f1,2083,04,27,0.001177641604499513,22.072027,8.0413065,2083
24954,r2i1p1f1,2083,04,28,0.0007303947313630488,22.751139,6.98938,2083
24955,r2i1p1f1,2083,04,29,6.997905860970377,19.5068,5.653793,2083
24956,r2i1p1f1,2083,04,30,1.6939119011226467,14.721292,6.0893283,2083
24957,r2i1p1f1,2083,05,01,0.723295786451672,19.528257,4.4111524,2083
24958,r2i1p1f1,2083,05,02,0.012269299577383208,21.407051,7.288247,2083
24959,r2i1p1f1,2083,05,03,0.0,22.145489,7.7233744,2083
24960,r2i1p1f1,2083,05,04,0.0,21.882751,8.244219,2083
24961,r2i1p1f1,2083,05,05,0.0,19.71131,4.005651,2083
24962,r2i1p1f1,2083,05,06,0.6714177586388814,18.573452,4.191958,2083
24963,r2i1p1f1,2083,05,07,20.36091227455472,14.887013,4.744989,2083
24964,r2i1p1f1,2083,05,08,33.03211271213513,11.645505,7.1284933,2083
24965,r2i1p1f1,2083,05,09,0.0,17.278206,4.391321,2083
24966,r2i1p1f1,2083,05,10,0.0,19.127668,4.7872686,2083
24967,r2i1p1f1,2083,05,11,0.0,19.100386,4.9445367,2083
24968,r2i1p1f1,2083,05,12,0.0,20.559517,5.6513033,2083
24969,r2i1p1f1,2083,05,13,0.0,22.369703,6.5096626,2083
24970,r2i1p1f1,2083,05,14,0.0,23.769066,8.102951,2083
24971,r2i1p1f1,2083,05,15,0.0,26.628716,10.583889,2083
24972,r2i1p1f1,2083,05,16,0.0,28.968506,11.271689,2083
24973,r2i1p1f1,2083,05,17,0.0,30.07203,14.048091,2083
24974,r2i1p1f1,2083,05,18,0.0,30.070808,11.426533,2083
24975,r2i1p1f1,2083,05,19,0.0,30.292385,11.759743,2083
24976,r2i1p1f1,2083,05,20,0.0,30.756279,15.055403,2083
24977,r2i1p1f1,2083,05,21,0.0,32.824047,15.535786,2083
24978,r2i1p1f1,2083,05,22,0.0,32.744762,15.69586,2083
24979,r2i1p1f1,2083,05,23,0.0,33.958206,17.863308,2083
24980,r2i1p1f1,2083,05,24,0.0,33.970917,17.83502,2083
24981,r2i1p1f1,2083,05,25,0.0,34.34025,16.518625,2083
24982,r2i1p1f1,2083,05,26,0.0,34.098423,16.69088,2083
24983,r2i1p1f1,2083,05,27,0.0,29.872515,14.1456,2083
24984,r2i1p1f1,2083,05,28,0.0,28.149353,13.412419,2083
24985,r2i1p1f1,2083,05,29,0.0,28.989594,12.66754,2083
24986,r2i1p1f1,2083,05,30,0.0,29.761282,12.419664,2083
24987,r2i1p1f1,2083,05,31,0.0,28.14366,11.110189,2083
24988,r2i1p1f1,2083,06,01,0.0,24.918947,5.8394375,2083
24989,r2i1p1f1,2083,06,02,0.0,23.013569,6.370749,2083
24990,r2i1p1f1,2083,06,03,0.0,24.419626,8.774822,2083
24991,r2i1p1f1,2083,06,04,0.0071282043222709035,25.238335,9.040554,2083
24992,r2i1p1f1,2083,06,05,0.0,23.94921,5.8338118,2083
24993,r2i1p1f1,2083,06,06,0.4277974436263321,18.42355,6.2838593,2083
24994,r2i1p1f1,2083,06,07,3.3173550441631505,16.75927,5.57552,2083
24995,r2i1p1f1,2083,06,08,0.0,22.924553,7.7964454,2083
24996,r2i1p1f1,2083,06,09,0.0,27.648981,11.276572,2083
24997,r2i1p1f1,2083,06,10,0.0,30.864359,14.193066,2083
24998,r2i1p1f1,2083,06,11,0.0,31.540182,15.122066,2083
24999,r2i1p1f1,2083,06,12,0.0,29.52886,12.61703,2083
25000,r2i1p1f1,2083,06,13,0.3080079457276952,29.521797,12.079057,2083
25001,r2i1p1f1,2083,06,14,0.05310411445407226,28.190588,12.150196,2083
25002,r2i1p1f1,2083,06,15,0.010883694994845428,27.255783,11.804074,2083
25003,r2i1p1f1,2083,06,16,0.0,27.564026,10.781109,2083
25004,r2i1p1f1,2083,06,17,0.0,28.980936,12.285221,2083
25005,r2i1p1f1,2083,06,18,0.0,31.244324,15.032608,2083
25006,r2i1p1f1,2083,06,19,0.0,33.141632,17.142233,2083
25007,r2i1p1f1,2083,06,20,0.0,34.061203,16.984589,2083
25008,r2i1p1f1,2083,06,21,0.0,36.417637,18.43168,2083
25009,r2i1p1f1,2083,06,22,0.0,38.213554,19.341976,2083
25010,r2i1p1f1,2083,06,23,0.0,38.45335,20.715479,2083
25011,r2i1p1f1,2083,06,24,1.1340166241780025,30.728163,10.763647,2083
25012,r2i1p1f1,2083,06,25,0.0,29.331276,14.714366,2083
25013,r2i1p1f1,2083,06,26,0.0,29.544796,13.858718,2083
25014,r2i1p1f1,2083,06,27,0.0,29.876701,12.671192,2083
25015,r2i1p1f1,2083,06,28,0.0,29.954678,9.90687,2083
25016,r2i1p1f1,2083,06,29,0.0,28.8581,10.625468,2083
25017,r2i1p1f1,2083,06,30,0.0,28.805,11.500287,2083
25018,r2i1p1f1,2083,07,01,0.0,35.32591,15.910623,2083
25019,r2i1p1f1,2083,07,02,0.0021625921363011003,34.335114,15.676649,2083
25020,r2i1p1f1,2083,07,03,0.0,30.6685,13.413701,2083
25021,r2i1p1f1,2083,07,04,0.0,32.999733,15.225857,2083
25022,r2i1p1f1,2083,07,05,0.0,34.11872,16.794909,2083
25023,r2i1p1f1,2083,07,06,0.009001212856674101,34.036358,16.970545,2083
25024,r2i1p1f1,2083,07,07,0.0,34.084488,17.684952,2083
25025,r2i1p1f1,2083,07,08,0.9761762308698962,32.80317,12.228116,2083
25026,r2i1p1f1,2083,07,09,0.0,28.635704,13.89338,2083
25027,r2i1p1f1,2083,07,10,0.0,29.761675,15.07198,2083
25028,r2i1p1f1,2083,07,11,0.0,33.564823,16.718433,2083
25029,r2i1p1f1,2083,07,12,0.06167467517865788,34.26901,14.821467,2083
25030,r2i1p1f1,2083,07,13,0.018946885234072397,31.016031,12.273758,2083
25031,r2i1p1f1,2083,07,14,0.014702916269015986,31.143206,14.302499,2083
25032,r2i1p1f1,2083,07,15,0.0,32.868942,16.435125,2083
25033,r2i1p1f1,2083,07,16,0.0,34.376514,16.44615,2083
25034,r2i1p1f1,2083,07,17,0.0,34.780773,16.501255,2083
25035,r2i1p1f1,2083,07,18,0.0,34.985676,15.496151,2083
25036,r2i1p1f1,2083,07,19,0.0,34.745647,16.047913,2083
25037,r2i1p1f1,2083,07,20,0.0,35.362335,16.728285,2083
25038,r2i1p1f1,2083,07,21,0.0,36.30245,17.947344,2083
25039,r2i1p1f1,2083,07,22,0.0,37.01568,19.132261,2083
25040,r2i1p1f1,2083,07,23,0.0,35.536407,17.373745,2083
25041,r2i1p1f1,2083,07,24,0.0,35.47778,16.26546,2083
25042,r2i1p1f1,2083,07,25,0.0,36.170742,16.90905,2083
25043,r2i1p1f1,2083,07,26,0.0,36.458733,17.691767,2083
25044,r2i1p1f1,2083,07,27,0.0,36.870533,17.774715,2083
25045,r2i1p1f1,2083,07,28,0.0,36.984974,18.42353,2083
25046,r2i1p1f1,2083,07,29,0.0,37.639893,19.133438,2083
25047,r2i1p1f1,2083,07,30,0.0,38.815876,20.152132,2083
25048,r2i1p1f1,2083,07,31,0.0,40.240585,22.546173,2083
25049,r2i1p1f1,2083,08,01,0.0,41.796677,22.616255,2083
25050,r2i1p1f1,2083,08,02,0.0,42.211956,21.381727,2083
25051,r2i1p1f1,2083,08,03,0.0,41.191483,19.804407,2083
25052,r2i1p1f1,2083,08,04,0.0,39.309258,19.268044,2083
25053,r2i1p1f1,2083,08,05,0.0,38.411648,18.665073,2083
25054,r2i1p1f1,2083,08,06,0.0,38.60694,17.934889,2083
25055,r2i1p1f1,2083,08,07,0.0,38.76658,18.8069,2083
25056,r2i1p1f1,2083,08,08,0.0,40.303577,22.193806,2083
25057,r2i1p1f1,2083,08,09,0.0,42.67242,26.036587,2083
25058,r2i1p1f1,2083,08,10,0.0,43.0402,25.810652,2083
25059,r2i1p1f1,2083,08,11,0.0,44.958954,25.596718,2083
25060,r2i1p1f1,2083,08,12,0.0,42.95607,22.018421,2083
25061,r2i1p1f1,2083,08,13,0.0,38.745655,17.2407,2083
25062,r2i1p1f1,2083,08,14,0.0,32.623093,12.759014,2083
25063,r2i1p1f1,2083,08,15,0.0,34.73027,16.199043,2083
25064,r2i1p1f1,2083,08,16,0.0,37.13009,17.755,2083
25065,r2i1p1f1,2083,08,17,0.0,37.57546,18.264545,2083
25066,r2i1p1f1,2083,08,18,0.0,37.324276,18.948433,2083
25067,r2i1p1f1,2083,08,19,0.0,35.977325,17.45533,2083
25068,r2i1p1f1,2083,08,20,0.0,34.122604,14.121354,2083
25069,r2i1p1f1,2083,08,21,0.0,33.64397,14.127552,2083
25070,r2i1p1f1,2083,08,22,0.0,32.191177,12.895673,2083
25071,r2i1p1f1,2083,08,23,0.0,32.314335,14.030924,2083
25072,r2i1p1f1,2083,08,24,0.0,32.426777,14.086529,2083
25073,r2i1p1f1,2083,08,25,0.0,33.213963,13.2620125,2083
25074,r2i1p1f1,2083,08,26,0.0,29.87789,10.079151,2083
25075,r2i1p1f1,2083,08,27,0.0,27.521349,10.002858,2083
25076,r2i1p1f1,2083,08,28,0.0,28.40134,9.8670435,2083
25077,r2i1p1f1,2083,08,29,0.0,30.871735,12.456465,2083
25078,r2i1p1f1,2083,08,30,0.0,34.762928,15.803331,2083
25079,r2i1p1f1,2083,08,31,0.0,36.348763,16.463554,2083
25080,r2i1p1f1,2083,09,01,0.0,34.595207,16.139597,2083
25081,r2i1p1f1,2083,09,02,0.0,31.862345,14.525126,2083
25082,r2i1p1f1,2083,09,03,0.0,29.190226,10.788462,2083
25083,r2i1p1f1,2083,09,04,0.0,27.805498,10.262478,2083
25084,r2i1p1f1,2083,09,05,0.0,30.474562,12.124046,2083
25085,r2i1p1f1,2083,09,06,0.0,31.868134,13.315718,2083
25086,r2i1p1f1,2083,09,07,0.0,32.511337,13.226797,2083
25087,r2i1p1f1,2083,09,08,0.0,35.19155,16.731346,2083
25088,r2i1p1f1,2083,09,09,0.0,36.241642,17.409706,2083
25089,r2i1p1f1,2083,09,10,0.0,36.941105,18.130175,2083
25090,r2i1p1f1,2083,09,11,0.0,34.376873,17.957619,2083
25091,r2i1p1f1,2083,09,12,0.0,33.087246,14.757381,2083
25092,r2i1p1f1,2083,09,13,0.0,32.342667,12.672269,2083
25093,r2i1p1f1,2083,09,14,0.0,31.652697,12.644559,2083
25094,r2i1p1f1,2083,09,15,0.0,31.433601,13.145356,2083
25095,r2i1p1f1,2083,09,16,0.0,31.24625,14.283802,2083
25096,r2i1p1f1,2083,09,17,0.0,32.449955,14.464131,2083
25097,r2i1p1f1,2083,09,18,0.0,32.752872,15.347122,2083
25098,r2i1p1f1,2083,09,19,0.0,33.315125,15.00771,2083
25099,r2i1p1f1,2083,09,20,0.0,33.118244,15.572948,2083
25100,r2i1p1f1,2083,09,21,0.0,32.70527,15.882526,2083
25101,r2i1p1f1,2083,09,22,0.0,32.29354,14.382397,2083
25102,r2i1p1f1,2083,09,23,0.0,32.330177,13.862782,2083
25103,r2i1p1f1,2083,09,24,0.0,34.175777,15.647838,2083
25104,r2i1p1f1,2083,09,25,0.0,36.75118,18.300055,2083
25105,r2i1p1f1,2083,09,26,0.0,36.591343,19.807596,2083
25106,r2i1p1f1,2083,09,27,0.0,38.09753,17.787584,2083
25107,r2i1p1f1,2083,09,28,0.0033096319839387434,36.4193,16.773127,2083
25108,r2i1p1f1,2083,09,29,0.25149614442625534,26.952902,13.929935,2083
25109,r2i1p1f1,2083,09,30,0.5108360253416322,20.828796,7.925742,2083
25110,r2i1p1f1,2083,10,01,1.3333325977214372,18.19207,10.465504,2083
25111,r2i1p1f1,2083,10,02,0.18631884627779982,19.764553,7.947814,2083
25112,r2i1p1f1,2083,10,03,2.6953127682645572,18.032206,4.9706626,2083
25113,r2i1p1f1,2083,10,04,1.4884240222500011,16.720343,3.2907746,2083
25114,r2i1p1f1,2083,10,05,0.31553700246149674,14.24954,4.5832796,2083
25115,r2i1p1f1,2083,10,06,0.0,17.37638,3.7217026,2083
25116,r2i1p1f1,2083,10,07,0.0,20.917917,4.680155,2083
25117,r2i1p1f1,2083,10,08,0.0,22.40427,6.8309627,2083
25118,r2i1p1f1,2083,10,09,0.0,24.496376,8.165232,2083
25119,r2i1p1f1,2083,10,10,0.0,25.912645,9.176067,2083
25120,r2i1p1f1,2083,10,11,0.0,27.630932,10.446053,2083
25121,r2i1p1f1,2083,10,12,0.0,28.550144,12.023461,2083
25122,r2i1p1f1,2083,10,13,0.0,29.540375,12.144631,2083
25123,r2i1p1f1,2083,10,14,0.0,30.072475,14.065121,2083
25124,r2i1p1f1,2083,10,15,0.018495835774956504,30.250305,15.624171,2083
25125,r2i1p1f1,2083,10,16,0.0,28.753994,14.958552,2083
25126,r2i1p1f1,2083,10,17,0.22405951432347138,26.121687,11.351998,2083
25127,r2i1p1f1,2083,10,18,0.28963929334508975,20.494373,9.428555,2083
25128,r2i1p1f1,2083,10,19,0.0,23.160278,10.316382,2083
25129,r2i1p1f1,2083,10,20,0.0,23.943993,8.977101,2083
25130,r2i1p1f1,2083,10,21,0.0,25.637337,9.537762,2083
25131,r2i1p1f1,2083,10,22,0.0,25.960972,10.786161,2083
25132,r2i1p1f1,2083,10,23,0.0,26.961874,12.021244,2083
25133,r2i1p1f1,2083,10,24,0.0,28.843454,12.268513,2083
25134,r2i1p1f1,2083,10,25,0.0,29.101515,13.433193,2083
25135,r2i1p1f1,2083,10,26,0.0,28.842346,13.161281,2083
25136,r2i1p1f1,2083,10,27,5.199383645299349,24.255445,12.182881,2083
25137,r2i1p1f1,2083,10,28,0.33546133247455145,21.028542,9.101104,2083
25138,r2i1p1f1,2083,10,29,0.07569154604425421,21.843565,11.313417,2083
25139,r2i1p1f1,2083,10,30,2.594635846566007,19.83582,6.309261,2083
25140,r2i1p1f1,2083,10,31,0.0,15.480336,2.4870274,2083
25141,r2i1p1f1,2083,11,01,0.0,16.04541,3.552775,2083
25142,r2i1p1f1,2083,11,02,0.0,17.956934,4.2967014,2083
25143,r2i1p1f1,2083,11,03,0.0,20.277527,4.638047,2083
25144,r2i1p1f1,2083,11,04,0.0,21.970572,7.6558433,2083
25145,r2i1p1f1,2083,11,05,0.0,20.761143,8.312559,2083
25146,r2i1p1f1,2083,11,06,46.89376167880255,15.085789,9.491418,2083
25147,r2i1p1f1,2083,11,07,0.0,15.909672,5.4489703,2083
25148,r2i1p1f1,2083,11,08,0.0,20.181343,7.3960743,2083
25149,r2i1p1f1,2083,11,09,0.0,22.365599,10.254622,2083
25150,r2i1p1f1,2083,11,10,0.0,23.078484,8.975687,2083
25151,r2i1p1f1,2083,11,11,0.012432379298843443,17.774254,5.8776674,2083
25152,r2i1p1f1,2083,11,12,9.358919314536251,18.798525,6.038513,2083
25153,r2i1p1f1,2083,11,13,58.159608091955306,12.440262,8.5561495,2083
25154,r2i1p1f1,2083,11,14,0.0,16.950945,2.1216953,2083
25155,r2i1p1f1,2083,11,15,0.0,16.755547,3.7829187,2083
25156,r2i1p1f1,2083,11,16,57.66521782352356,16.24641,9.916284,2083
25157,r2i1p1f1,2083,11,17,41.250370247871615,14.327576,13.426991,2083
25158,r2i1p1f1,2083,11,18,5.61091979929671,11.317523,-1.9258685,2083
25159,r2i1p1f1,2083,11,19,1.2852960742009145,9.093368,-3.1528137,2083
25160,r2i1p1f1,2083,11,20,25.186773400128004,9.2255335,3.7349386,2083
25161,r2i1p1f1,2083,11,21,11.820160606640684,9.440784,5.3602076,2083
25162,r2i1p1f1,2083,11,22,0.0,13.299225,0.12112432,2083
25163,r2i1p1f1,2083,11,23,0.0,13.991885,2.3467076,2083
25164,r2i1p1f1,2083,11,24,0.0,14.796287,3.7255368,2083
25165,r2i1p1f1,2083,11,25,0.0,16.356453,5.704284,2083
25166,r2i1p1f1,2083,11,26,0.0,16.766785,5.824982,2083
25167,r2i1p1f1,2083,11,27,0.0,11.528441,-2.3625774,2083
25168,r2i1p1f1,2083,11,28,0.0,9.515011,-1.9746429,2083
25169,r2i1p1f1,2083,11,29,0.0,12.066412,-0.6106236,2083
25170,r2i1p1f1,2083,11,30,0.0,12.750931,-0.27330992,2083
25171,r2i1p1f1,2083,12,01,0.0,14.176899,2.9007254,2083
25172,r2i1p1f1,2083,12,02,0.0,12.798738,1.6621225,2083
25173,r2i1p1f1,2083,12,03,0.0,15.50742,3.4290605,2083
25174,r2i1p1f1,2083,12,04,0.0,16.117302,5.2159615,2083
25175,r2i1p1f1,2083,12,05,0.0,17.526958,5.523206,2083
25176,r2i1p1f1,2083,12,06,0.004858454485656694,18.20725,5.66596,2083
25177,r2i1p1f1,2083,12,07,0.0,15.835822,3.496544,2083
25178,r2i1p1f1,2083,12,08,0.0,20.084354,7.2819605,2083
25179,r2i1p1f1,2083,12,09,0.0,21.268217,8.732421,2083
25180,r2i1p1f1,2083,12,10,0.002094735282298643,17.900692,7.07724,2083
25181,r2i1p1f1,2083,12,11,46.12902741646394,13.799969,9.14597,2083
25182,r2i1p1f1,2083,12,12,3.18313117330149,16.881878,7.7530246,2083
25183,r2i1p1f1,2083,12,13,0.0,14.631616,5.6856866,2083
25184,r2i1p1f1,2083,12,14,0.09470312554640259,13.330415,2.996033,2083
25185,r2i1p1f1,2083,12,15,0.0,12.635289,1.6658711,2083
25186,r2i1p1f1,2083,12,16,0.0,14.277032,1.8339155,2083
25187,r2i1p1f1,2083,12,17,0.0,15.304118,2.7144773,2083
25188,r2i1p1f1,2083,12,18,0.0,11.456768,0.48353454,2083
25189,r2i1p1f1,2083,12,19,0.0,10.744432,-0.9021117,2083
25190,r2i1p1f1,2083,12,20,0.0,9.496706,-1.7259456,2083
25191,r2i1p1f1,2083,12,21,0.0,10.610713,0.96147895,2083
25192,r2i1p1f1,2083,12,22,24.045549945549283,9.085696,1.4816968,2083
25193,r2i1p1f1,2083,12,23,2.6162724175094354,7.882429,-0.68881506,2083
25194,r2i1p1f1,2083,12,24,0.0,10.41791,-1.3926555,2083
25195,r2i1p1f1,2083,12,25,1.6609789576335743,9.117916,0.2652961,2083
25196,r2i1p1f1,2083,12,26,0.0,11.347985,0.9329694,2083
25197,r2i1p1f1,2083,12,27,0.0,13.3675585,2.7126734,2083
25198,r2i1p1f1,2083,12,28,0.0,15.111309,3.3394203,2083
25199,r2i1p1f1,2083,12,29,0.0,15.749329,4.803072,2083
25200,r2i1p1f1,2083,12,30,0.0,16.339207,4.6068134,2083
25201,r2i1p1f1,2083,12,31,0.0,16.174644,4.0862155,2083
25202,r2i1p1f1,2084,01,01,0.0,15.676002,4.7654133,2084
25203,r2i1p1f1,2084,01,02,6.288579594058774,13.404011,6.4530425,2084
25204,r2i1p1f1,2084,01,03,73.43891718046507,13.996934,9.618447,2084
25205,r2i1p1f1,2084,01,04,58.410396697581746,15.475026,11.340893,2084
25206,r2i1p1f1,2084,01,05,24.86549625018597,13.788516,-1.045791,2084
25207,r2i1p1f1,2084,01,06,5.335992666260836,5.2202435,-1.055264,2084
25208,r2i1p1f1,2084,01,07,37.83328752579109,10.24043,1.87581,2084
25209,r2i1p1f1,2084,01,08,5.7289691577580015,9.9628725,-3.0024824,2084
25210,r2i1p1f1,2084,01,09,1.6982979616017246,6.6340847,-0.255267,2084
25211,r2i1p1f1,2084,01,10,30.39912782878673,9.105708,2.5061216,2084
25212,r2i1p1f1,2084,01,11,0.01061562243762637,9.514466,-4.26405,2084
25213,r2i1p1f1,2084,01,12,0.0,8.251053,1.8651224,2084
25214,r2i1p1f1,2084,01,13,0.0,10.15461,-1.5338784,2084
25215,r2i1p1f1,2084,01,14,23.584145191443895,8.740399,2.0813813,2084
25216,r2i1p1f1,2084,01,15,63.25316870352253,9.415302,3.204913,2084
25217,r2i1p1f1,2084,01,16,0.0,11.625476,-4.1791077,2084
25218,r2i1p1f1,2084,01,17,0.0,11.424042,-0.93776786,2084
25219,r2i1p1f1,2084,01,18,24.919262097682804,9.893236,1.9512362,2084
25220,r2i1p1f1,2084,01,19,36.499871486012125,10.05257,2.360341,2084
25221,r2i1p1f1,2084,01,20,65.44252103485633,11.130393,-0.10004886,2084
25222,r2i1p1f1,2084,01,21,4.372877237938155,7.8148704,2.0604556,2084
25223,r2i1p1f1,2084,01,22,66.93758299406909,9.168959,3.340622,2084
25224,r2i1p1f1,2084,01,23,25.094122282007447,10.460103,2.316118,2084
25225,r2i1p1f1,2084,01,24,10.939266234555589,8.307622,-6.022102,2084
25226,r2i1p1f1,2084,01,25,0.0,6.731283,-5.7518163,2084
25227,r2i1p1f1,2084,01,26,0.0,8.116646,-1.5322785,2084
25228,r2i1p1f1,2084,01,27,1.2120119990129297,6.9704595,-1.5080816,2084
25229,r2i1p1f1,2084,01,28,6.9849997525579965,9.73846,2.019752,2084
25230,r2i1p1f1,2084,01,29,0.09163039003396989,9.809279,0.6560721,2084
25231,r2i1p1f1,2084,01,30,0.0,11.745967,0.63515186,2084
25232,r2i1p1f1,2084,01,31,0.0,11.218787,-1.3181663,2084
25233,r2i1p1f1,2084,02,01,0.0,11.086272,-0.832996,2084
25234,r2i1p1f1,2084,02,02,0.0,9.83756,-1.9090701,2084
25235,r2i1p1f1,2084,02,03,0.0,10.341376,-2.238265,2084
25236,r2i1p1f1,2084,02,04,0.0,10.411289,-2.0550013,2084
25237,r2i1p1f1,2084,02,05,0.0,11.619312,1.6423895,2084
25238,r2i1p1f1,2084,02,06,0.0,13.436887,0.6470902,2084
25239,r2i1p1f1,2084,02,07,0.0,15.249078,1.9855608,2084
25240,r2i1p1f1,2084,02,08,0.0,16.248304,2.7090077,2084
25241,r2i1p1f1,2084,02,09,0.0,18.284296,6.205262,2084
25242,r2i1p1f1,2084,02,10,0.0,17.08732,4.4008017,2084
25243,r2i1p1f1,2084,02,11,0.0,18.579193,4.8785725,2084
25244,r2i1p1f1,2084,02,12,0.0,19.94128,7.0671964,2084
25245,r2i1p1f1,2084,02,13,0.0,20.292582,6.0457635,2084
25246,r2i1p1f1,2084,02,14,0.0,17.565891,4.3468122,2084
25247,r2i1p1f1,2084,02,15,0.0,16.310707,3.4010057,2084
25248,r2i1p1f1,2084,02,16,0.0,16.589556,3.0014703,2084
25249,r2i1p1f1,2084,02,17,0.0,14.688581,-0.0022250812,2084
25250,r2i1p1f1,2084,02,18,0.0,11.604203,-0.058955193,2084
25251,r2i1p1f1,2084,02,19,7.544939327448219,10.249993,3.113202,2084
25252,r2i1p1f1,2084,02,20,0.0,12.69641,-0.07460478,2084
25253,r2i1p1f1,2084,02,21,0.0,15.835395,2.446985,2084
25254,r2i1p1f1,2084,02,22,0.0,16.673775,3.0458713,2084
25255,r2i1p1f1,2084,02,23,0.0,16.154171,2.5586631,2084
25256,r2i1p1f1,2084,02,24,0.0,14.613039,1.6322546,2084
25257,r2i1p1f1,2084,02,25,0.0,13.857607,1.1568911,2084
25258,r2i1p1f1,2084,02,26,0.0,14.909975,4.778366,2084
25259,r2i1p1f1,2084,02,27,0.0,16.53499,3.8961873,2084
25260,r2i1p1f1,2084,02,28,0.0008381753616504284,18.045677,5.6165457,2084
25261,r2i1p1f1,2084,02,29,0.0,18.714182,6.6238065,2084
25262,r2i1p1f1,2084,03,01,0.0,20.170956,3.1669514,2084
25263,r2i1p1f1,2084,03,02,9.61192000659139e-05,21.949238,5.3490553,2084
25264,r2i1p1f1,2084,03,03,0.0,21.542269,5.4045644,2084
25265,r2i1p1f1,2084,03,04,12.29229221062269,17.30991,3.6467447,2084
25266,r2i1p1f1,2084,03,05,12.756961912873521,9.561342,-2.4583414,2084
25267,r2i1p1f1,2084,03,06,0.0,13.716495,-2.3068829,2084
25268,r2i1p1f1,2084,03,07,0.0,16.278568,0.05917613,2084
25269,r2i1p1f1,2084,03,08,0.0,18.521738,2.7825716,2084
25270,r2i1p1f1,2084,03,09,0.0,20.097893,4.9438443,2084
25271,r2i1p1f1,2084,03,10,0.440774727974258,18.731459,5.918723,2084
25272,r2i1p1f1,2084,03,11,22.94152555296023,12.97688,6.3604355,2084
25273,r2i1p1f1,2084,03,12,0.032111144565760696,13.596017,0.83826613,2084
25274,r2i1p1f1,2084,03,13,4.26595020807099,11.406433,0.7488103,2084
25275,r2i1p1f1,2084,03,14,15.388788486779958,11.112478,0.22779904,2084
25276,r2i1p1f1,2084,03,15,4.999064077449589,5.6548295,-3.1698978,2084
25277,r2i1p1f1,2084,03,16,0.0,12.511737,-1.7494054,2084
25278,r2i1p1f1,2084,03,17,0.0,14.801943,-0.663475,2084
25279,r2i1p1f1,2084,03,18,0.0,17.129276,2.553172,2084
25280,r2i1p1f1,2084,03,19,0.0,19.411613,3.8881884,2084
25281,r2i1p1f1,2084,03,20,0.0,20.267076,6.950676,2084
25282,r2i1p1f1,2084,03,21,0.031495472649112344,18.996735,7.7413025,2084
25283,r2i1p1f1,2084,03,22,0.0,19.609179,3.277039,2084
25284,r2i1p1f1,2084,03,23,0.0,21.983892,3.9685507,2084
25285,r2i1p1f1,2084,03,24,0.0,21.989388,8.878023,2084
25286,r2i1p1f1,2084,03,25,0.11895872933109786,23.14138,7.885789,2084
25287,r2i1p1f1,2084,03,26,0.0,27.018215,11.265815,2084
25288,r2i1p1f1,2084,03,27,0.0,28.866934,12.925622,2084
25289,r2i1p1f1,2084,03,28,0.0,29.073723,12.559439,2084
25290,r2i1p1f1,2084,03,29,0.0,28.246798,9.9393425,2084
25291,r2i1p1f1,2084,03,30,0.0,27.009508,8.841613,2084
25292,r2i1p1f1,2084,03,31,0.0,23.876606,11.078617,2084
25293,r2i1p1f1,2084,04,01,0.0,18.519129,3.1956332,2084
25294,r2i1p1f1,2084,04,02,0.0,18.161724,-0.12650114,2084
25295,r2i1p1f1,2084,04,03,0.0,19.760456,1.1329074,2084
25296,r2i1p1f1,2084,04,04,0.0,22.96896,6.3121276,2084
25297,r2i1p1f1,2084,04,05,0.0,23.439926,6.8106236,2084
25298,r2i1p1f1,2084,04,06,0.0,18.469341,0.52273685,2084
25299,r2i1p1f1,2084,04,07,4.980373969863194,11.708372,7.1284432,2084
25300,r2i1p1f1,2084,04,08,0.0,16.953255,2.5307238,2084
25301,r2i1p1f1,2084,04,09,0.0,18.946358,4.6237154,2084
25302,r2i1p1f1,2084,04,10,0.0,18.922743,5.101771,2084
25303,r2i1p1f1,2084,04,11,0.025985297122588236,18.786125,4.094225,2084
25304,r2i1p1f1,2084,04,12,0.0,20.463142,7.838094,2084
25305,r2i1p1f1,2084,04,13,0.0,24.996637,8.837154,2084
25306,r2i1p1f1,2084,04,14,0.0,28.66119,10.927414,2084
25307,r2i1p1f1,2084,04,15,0.0,28.339104,11.561832,2084
25308,r2i1p1f1,2084,04,16,1.2084617672201148,20.192024,4.59309,2084
25309,r2i1p1f1,2084,04,17,0.0,21.129524,4.9504843,2084
25310,r2i1p1f1,2084,04,18,1.8516488534288555,19.480112,5.1774983,2084
25311,r2i1p1f1,2084,04,19,0.0092448193868222,17.254793,2.0600157,2084
25312,r2i1p1f1,2084,04,20,0.0,18.938131,0.3042416,2084
25313,r2i1p1f1,2084,04,21,2.13481576581529,18.739344,-0.02722899,2084
25314,r2i1p1f1,2084,04,22,3.740161825005117,10.483155,3.1938057,2084
25315,r2i1p1f1,2084,04,23,4.919549167721016,11.235231,1.0154071,2084
25316,r2i1p1f1,2084,04,24,3.403913577074036,11.662022,0.2060541,2084
25317,r2i1p1f1,2084,04,25,3.0088327166311046,13.692898,2.932459,2084
25318,r2i1p1f1,2084,04,26,0.33880976916407235,18.359941,2.3720236,2084
25319,r2i1p1f1,2084,04,27,0.0002903089011851989,18.502798,2.4777598,2084
25320,r2i1p1f1,2084,04,28,1.652807557070446,17.71075,0.048327286,2084
25321,r2i1p1f1,2084,04,29,18.628789072317886,8.335582,2.2110243,2084
25322,r2i1p1f1,2084,04,30,11.330619553996257,9.505556,2.611579,2084
25323,r2i1p1f1,2084,05,01,3.587767530486019,9.754988,2.0363898,2084
25324,r2i1p1f1,2084,05,02,0.0,14.13886,-0.66845435,2084
25325,r2i1p1f1,2084,05,03,0.0,17.834837,2.2813976,2084
25326,r2i1p1f1,2084,05,04,0.0,21.080185,3.0212858,2084
25327,r2i1p1f1,2084,05,05,0.0,21.023903,3.983592,2084
25328,r2i1p1f1,2084,05,06,44.54929107305361,16.194412,3.2128525,2084
25329,r2i1p1f1,2084,05,07,3.809692636809814,7.3216534,-1.0868225,2084
25330,r2i1p1f1,2084,05,08,3.9855715935800617,10.064112,3.4876454,2084
25331,r2i1p1f1,2084,05,09,0.0,16.045889,2.6119642,2084
25332,r2i1p1f1,2084,05,10,0.293191769810619,17.45795,2.7557638,2084
25333,r2i1p1f1,2084,05,11,1.8347722163298386,15.927501,6.4624496,2084
25334,r2i1p1f1,2084,05,12,0.0,15.034775,6.9957056,2084
25335,r2i1p1f1,2084,05,13,0.0,17.819916,2.8565946,2084
25336,r2i1p1f1,2084,05,14,0.0,19.879307,4.286309,2084
25337,r2i1p1f1,2084,05,15,0.0,23.089228,4.482921,2084
25338,r2i1p1f1,2084,05,16,0.0,22.822636,6.3739266,2084
25339,r2i1p1f1,2084,05,17,0.0,19.244421,5.3869934,2084
25340,r2i1p1f1,2084,05,18,0.0,21.595207,6.404575,2084
25341,r2i1p1f1,2084,05,19,0.0,26.34155,10.46464,2084
25342,r2i1p1f1,2084,05,20,0.0,30.673061,14.089312,2084
25343,r2i1p1f1,2084,05,21,0.0,31.951485,15.789607,2084
25344,r2i1p1f1,2084,05,22,0.0,32.907757,15.9970665,2084
25345,r2i1p1f1,2084,05,23,0.0,33.169304,15.486165,2084
25346,r2i1p1f1,2084,05,24,0.0,30.743752,13.909368,2084
25347,r2i1p1f1,2084,05,25,0.0,31.679426,16.020603,2084
25348,r2i1p1f1,2084,05,26,0.0,32.81678,15.705322,2084
25349,r2i1p1f1,2084,05,27,0.0,32.77412,16.043083,2084
25350,r2i1p1f1,2084,05,28,3.9291261012294854,26.068155,10.239416,2084
25351,r2i1p1f1,2084,05,29,8.713751765341371,21.2553,7.1845193,2084
25352,r2i1p1f1,2084,05,30,0.0,25.492928,9.884222,2084
25353,r2i1p1f1,2084,05,31,12.198429069303529,21.879084,5.43577,2084
25354,r2i1p1f1,2084,06,01,1.6300183243401989,20.642948,9.291594,2084
25355,r2i1p1f1,2084,06,02,0.1825766747685975,24.302677,8.404189,2084
25356,r2i1p1f1,2084,06,03,0.0,27.142365,11.646883,2084
25357,r2i1p1f1,2084,06,04,0.0,27.145145,14.397091,2084
25358,r2i1p1f1,2084,06,05,0.006791736359446077,23.965855,6.82083,2084
25359,r2i1p1f1,2084,06,06,0.0,24.56488,8.038618,2084
25360,r2i1p1f1,2084,06,07,0.0,28.964561,12.009522,2084
25361,r2i1p1f1,2084,06,08,0.0,30.924696,14.522572,2084
25362,r2i1p1f1,2084,06,09,0.0,32.246326,15.511268,2084
25363,r2i1p1f1,2084,06,10,0.0,32.225185,17.18874,2084
25364,r2i1p1f1,2084,06,11,0.0,32.449203,14.217075,2084
25365,r2i1p1f1,2084,06,12,0.0,31.723768,13.567191,2084
25366,r2i1p1f1,2084,06,13,0.0,30.940317,15.153178,2084
25367,r2i1p1f1,2084,06,14,0.0,31.41613,14.666182,2084
25368,r2i1p1f1,2084,06,15,0.0,29.207415,10.635191,2084
25369,r2i1p1f1,2084,06,16,0.0,25.388636,9.0306635,2084
25370,r2i1p1f1,2084,06,17,0.0,25.173222,8.690181,2084
25371,r2i1p1f1,2084,06,18,0.0,27.213114,10.136921,2084
25372,r2i1p1f1,2084,06,19,0.0,31.148766,12.947347,2084
25373,r2i1p1f1,2084,06,20,0.0,32.647095,12.641503,2084
25374,r2i1p1f1,2084,06,21,0.0,32.416756,14.78207,2084
25375,r2i1p1f1,2084,06,22,0.0,33.303513,15.453022,2084
25376,r2i1p1f1,2084,06,23,0.0,33.301064,14.634342,2084
25377,r2i1p1f1,2084,06,24,0.0,35.296562,16.699276,2084
25378,r2i1p1f1,2084,06,25,0.0,38.12904,16.036156,2084
25379,r2i1p1f1,2084,06,26,0.0,38.772446,20.40266,2084
25380,r2i1p1f1,2084,06,27,0.13484441242326284,36.551697,18.671299,2084
25381,r2i1p1f1,2084,06,28,0.0,38.01632,21.139097,2084
25382,r2i1p1f1,2084,06,29,0.0,39.14854,21.19775,2084
25383,r2i1p1f1,2084,06,30,0.0,39.706486,21.720879,2084
25384,r2i1p1f1,2084,07,01,0.0,37.756283,18.261253,2084
25385,r2i1p1f1,2084,07,02,0.0,39.446625,21.212532,2084
25386,r2i1p1f1,2084,07,03,0.0,39.665005,22.974747,2084
25387,r2i1p1f1,2084,07,04,0.0,36.34689,19.822224,2084
25388,r2i1p1f1,2084,07,05,0.0,35.71524,16.899576,2084
25389,r2i1p1f1,2084,07,06,0.011669425566651626,35.71858,20.080832,2084
25390,r2i1p1f1,2084,07,07,0.0,36.75154,18.951033,2084
25391,r2i1p1f1,2084,07,08,0.0,34.529686,17.208458,2084
25392,r2i1p1f1,2084,07,09,0.0,34.396828,16.413673,2084
25393,r2i1p1f1,2084,07,10,0.0,34.161087,15.26736,2084
25394,r2i1p1f1,2084,07,11,0.0,33.015335,14.0877,2084
25395,r2i1p1f1,2084,07,12,0.0,34.300255,17.226217,2084
25396,r2i1p1f1,2084,07,13,0.0,36.45433,15.926287,2084
25397,r2i1p1f1,2084,07,14,0.0,37.635498,17.822618,2084
25398,r2i1p1f1,2084,07,15,0.0,38.278305,18.971218,2084
25399,r2i1p1f1,2084,07,16,0.0,39.017277,19.454433,2084
25400,r2i1p1f1,2084,07,17,0.0,36.60082,18.318502,2084
25401,r2i1p1f1,2084,07,18,0.0,36.089287,16.24281,2084
25402,r2i1p1f1,2084,07,19,0.0,32.522434,13.55489,2084
25403,r2i1p1f1,2084,07,20,0.0,31.47364,13.240178,2084
25404,r2i1p1f1,2084,07,21,0.0,32.96553,15.769348,2084
25405,r2i1p1f1,2084,07,22,0.0,34.27036,14.521157,2084
25406,r2i1p1f1,2084,07,23,0.0,33.98799,14.624015,2084
25407,r2i1p1f1,2084,07,24,0.0,32.56907,12.217855,2084
25408,r2i1p1f1,2084,07,25,0.0,32.425674,14.10409,2084
25409,r2i1p1f1,2084,07,26,0.0,34.294693,16.752533,2084
25410,r2i1p1f1,2084,07,27,0.0,36.209995,16.226353,2084
25411,r2i1p1f1,2084,07,28,0.0,36.250717,16.750917,2084
25412,r2i1p1f1,2084,07,29,0.0,35.815598,16.693836,2084
25413,r2i1p1f1,2084,07,30,0.0,36.719448,18.942999,2084
25414,r2i1p1f1,2084,07,31,0.0,37.55833,19.718838,2084
25415,r2i1p1f1,2084,08,01,0.0,38.384125,17.80907,2084
25416,r2i1p1f1,2084,08,02,0.0,38.25428,17.101093,2084
25417,r2i1p1f1,2084,08,03,0.0,35.58647,15.275092,2084
25418,r2i1p1f1,2084,08,04,0.0,31.393677,12.192518,2084
25419,r2i1p1f1,2084,08,05,0.0,29.224434,11.225599,2084
25420,r2i1p1f1,2084,08,06,0.0,29.17143,8.513829,2084
25421,r2i1p1f1,2084,08,07,0.0,29.15207,9.550805,2084
25422,r2i1p1f1,2084,08,08,0.0,33.820713,13.3845415,2084
25423,r2i1p1f1,2084,08,09,0.0,35.7404,16.863281,2084
25424,r2i1p1f1,2084,08,10,0.0,37.115623,17.958937,2084
25425,r2i1p1f1,2084,08,11,0.0,37.656002,18.175386,2084
25426,r2i1p1f1,2084,08,12,0.0,37.984436,19.976824,2084
25427,r2i1p1f1,2084,08,13,0.0,38.72679,17.165154,2084
25428,r2i1p1f1,2084,08,14,0.0,38.042133,17.332912,2084
25429,r2i1p1f1,2084,08,15,0.0,34.725346,15.023232,2084
25430,r2i1p1f1,2084,08,16,0.0,33.67765,13.467036,2084
25431,r2i1p1f1,2084,08,17,0.0,32.178467,13.186828,2084
25432,r2i1p1f1,2084,08,18,0.0,32.251602,12.480844,2084
25433,r2i1p1f1,2084,08,19,0.0,31.786356,12.576085,2084
25434,r2i1p1f1,2084,08,20,0.0,33.462433,14.430651,2084
25435,r2i1p1f1,2084,08,21,0.0,35.588,16.375278,2084
25436,r2i1p1f1,2084,08,22,0.0,37.2812,18.540443,2084
25437,r2i1p1f1,2084,08,23,0.0,38.3083,20.910505,2084
25438,r2i1p1f1,2084,08,24,0.0,38.78264,20.49312,2084
25439,r2i1p1f1,2084,08,25,0.0,37.772217,17.921013,2084
25440,r2i1p1f1,2084,08,26,0.0,36.838604,16.915934,2084
25441,r2i1p1f1,2084,08,27,0.0,35.879616,16.711824,2084
25442,r2i1p1f1,2084,08,28,0.0,38.143257,21.251724,2084
25443,r2i1p1f1,2084,08,29,0.00525250598002458,39.115887,21.463171,2084
25444,r2i1p1f1,2084,08,30,0.0,38.511246,19.079561,2084
25445,r2i1p1f1,2084,08,31,0.09113341247939388,37.747524,18.504341,2084
25446,r2i1p1f1,2084,09,01,0.0,34.692596,16.19329,2084
25447,r2i1p1f1,2084,09,02,0.0,30.666565,12.676136,2084
25448,r2i1p1f1,2084,09,03,0.0,27.634617,10.111206,2084
25449,r2i1p1f1,2084,09,04,0.0,26.694876,9.08999,2084
25450,r2i1p1f1,2084,09,05,0.0,28.839952,10.93903,2084
25451,r2i1p1f1,2084,09,06,0.0,32.214565,13.434573,2084
25452,r2i1p1f1,2084,09,07,0.0,33.04488,14.229304,2084
25453,r2i1p1f1,2084,09,08,0.0,33.511707,13.729567,2084
25454,r2i1p1f1,2084,09,09,0.0,33.502483,14.964925,2084
25455,r2i1p1f1,2084,09,10,0.0,34.627377,18.706606,2084
25456,r2i1p1f1,2084,09,11,0.0,36.37499,18.568607,2084
25457,r2i1p1f1,2084,09,12,0.0,37.113518,17.55523,2084
25458,r2i1p1f1,2084,09,13,0.0,36.007454,16.550093,2084
25459,r2i1p1f1,2084,09,14,0.0,30.568367,13.508723,2084
25460,r2i1p1f1,2084,09,15,0.0043944091885350645,29.140615,11.427711,2084
25461,r2i1p1f1,2084,09,16,0.21910188438596379,27.362309,8.704041,2084
25462,r2i1p1f1,2084,09,17,3.645937666854593,25.821135,9.478895,2084
25463,r2i1p1f1,2084,09,18,34.1057603705849,22.107414,10.679646,2084
25464,r2i1p1f1,2084,09,19,15.579634924006314,18.139309,8.922279,2084
25465,r2i1p1f1,2084,09,20,0.0,20.74621,7.347265,2084
25466,r2i1p1f1,2084,09,21,0.11913198230786293,21.841125,9.832592,2084
25467,r2i1p1f1,2084,09,22,0.0,24.802647,10.930541,2084
25468,r2i1p1f1,2084,09,23,0.0,26.462181,11.996584,2084
25469,r2i1p1f1,2084,09,24,0.0,26.744446,11.327749,2084
25470,r2i1p1f1,2084,09,25,0.0,26.552536,12.036226,2084
25471,r2i1p1f1,2084,09,26,0.0,27.217066,10.753882,2084
25472,r2i1p1f1,2084,09,27,0.0,28.16485,10.658167,2084
25473,r2i1p1f1,2084,09,28,0.0,30.074074,10.029728,2084
25474,r2i1p1f1,2084,09,29,0.0,29.432182,12.535067,2084
25475,r2i1p1f1,2084,09,30,0.0,31.507286,14.500244,2084
25476,r2i1p1f1,2084,10,01,0.0,31.037712,12.691856,2084
25477,r2i1p1f1,2084,10,02,0.0,23.188038,6.5729737,2084
25478,r2i1p1f1,2084,10,03,0.0,22.836985,7.031782,2084
25479,r2i1p1f1,2084,10,04,0.0,25.94619,9.74039,2084
25480,r2i1p1f1,2084,10,05,0.0,27.716293,9.901743,2084
25481,r2i1p1f1,2084,10,06,0.0,28.496939,11.05258,2084
25482,r2i1p1f1,2084,10,07,0.0,28.580462,11.266883,2084
25483,r2i1p1f1,2084,10,08,0.0,27.89661,11.636646,2084
25484,r2i1p1f1,2084,10,09,0.0,28.66254,14.48771,2084
25485,r2i1p1f1,2084,10,10,0.0,30.201572,12.9141245,2084
25486,r2i1p1f1,2084,10,11,0.0,30.675638,14.419664,2084
25487,r2i1p1f1,2084,10,12,0.0,30.962975,14.071294,2084
25488,r2i1p1f1,2084,10,13,0.0,30.974129,14.872046,2084
25489,r2i1p1f1,2084,10,14,0.0,32.203728,15.24049,2084
25490,r2i1p1f1,2084,10,15,0.0,30.044546,13.011394,2084
25491,r2i1p1f1,2084,10,16,0.0,29.09232,12.8017435,2084
25492,r2i1p1f1,2084,10,17,0.0,30.156242,12.468255,2084
25493,r2i1p1f1,2084,10,18,0.0,30.044352,11.595225,2084
25494,r2i1p1f1,2084,10,19,0.36359021678435965,27.57006,13.086176,2084
25495,r2i1p1f1,2084,10,20,0.17921080772111964,21.570726,11.504892,2084
25496,r2i1p1f1,2084,10,21,3.1785372673653,19.356388,6.806148,2084
25497,r2i1p1f1,2084,10,22,16.28997889620223,20.517723,9.36739,2084
25498,r2i1p1f1,2084,10,23,27.0799539561267,15.584218,11.135606,2084
25499,r2i1p1f1,2084,10,24,1.1425850648464575,17.314884,8.218239,2084
25500,r2i1p1f1,2084,10,25,0.0,21.983034,8.133272,2084
25501,r2i1p1f1,2084,10,26,0.0,22.296371,7.683487,2084
25502,r2i1p1f1,2084,10,27,0.0,22.219194,7.205696,2084
25503,r2i1p1f1,2084,10,28,3.6931709408463576,17.815294,9.12443,2084
25504,r2i1p1f1,2084,10,29,0.0,19.640629,6.613699,2084
25505,r2i1p1f1,2084,10,30,0.0,20.30335,7.273458,2084
25506,r2i1p1f1,2084,10,31,0.19910571944024014,19.084831,9.135548,2084
25507,r2i1p1f1,2084,11,01,8.63676302865315,16.73214,5.188734,2084
25508,r2i1p1f1,2084,11,02,0.0,13.448608,3.6890144,2084
25509,r2i1p1f1,2084,11,03,0.0,14.65514,3.533835,2084
25510,r2i1p1f1,2084,11,04,0.0,13.699,0.7677029,2084
25511,r2i1p1f1,2084,11,05,0.0,12.784891,0.02187072,2084
25512,r2i1p1f1,2084,11,06,0.0,15.32123,5.2370596,2084
25513,r2i1p1f1,2084,11,07,0.0,17.617859,4.860327,2084
25514,r2i1p1f1,2084,11,08,0.0,18.436253,5.2913327,2084
25515,r2i1p1f1,2084,11,09,0.0,18.50143,4.62485,2084
25516,r2i1p1f1,2084,11,10,0.15868174341449048,15.553799,3.5352488,2084
25517,r2i1p1f1,2084,11,11,0.1420001326550846,14.0623,2.4508083,2084
25518,r2i1p1f1,2084,11,12,12.174949542031754,12.811021,6.0783224,2084
25519,r2i1p1f1,2084,11,13,0.0,14.089728,3.4627836,2084
25520,r2i1p1f1,2084,11,14,0.04819617815883248,15.522093,3.2013643,2084
25521,r2i1p1f1,2084,11,15,3.994360780038164,18.09402,6.162136,2084
25522,r2i1p1f1,2084,11,16,0.0,20.23635,7.8157034,2084
25523,r2i1p1f1,2084,11,17,0.0,19.732992,7.6967893,2084
25524,r2i1p1f1,2084,11,18,52.69015103440324,14.4810095,8.074962,2084
25525,r2i1p1f1,2084,11,19,2.3655830256700483,6.4277287,-0.29439142,2084
25526,r2i1p1f1,2084,11,20,0.0,9.302961,-2.270476,2084
25527,r2i1p1f1,2084,11,21,0.0,11.191776,-1.9391227,2084
25528,r2i1p1f1,2084,11,22,0.0,12.8759575,0.6305672,2084
25529,r2i1p1f1,2084,11,23,0.0,14.180492,1.3953046,2084
25530,r2i1p1f1,2084,11,24,0.0,15.0265875,0.55662256,2084
25531,r2i1p1f1,2084,11,25,0.0,14.932631,2.4443674,2084
25532,r2i1p1f1,2084,11,26,0.0,18.235548,5.044095,2084
25533,r2i1p1f1,2084,11,27,0.0,17.906197,9.362748,2084
25534,r2i1p1f1,2084,11,28,0.0,12.8334,-0.94949955,2084
25535,r2i1p1f1,2084,11,29,0.0,17.468218,3.6179287,2084
25536,r2i1p1f1,2084,11,30,0.0,22.53384,7.78102,2084
25537,r2i1p1f1,2084,12,01,0.0,22.158068,10.85978,2084
25538,r2i1p1f1,2084,12,02,0.0,21.122358,10.526078,2084
25539,r2i1p1f1,2084,12,03,0.0,21.941738,9.26935,2084
25540,r2i1p1f1,2084,12,04,0.9404494210798475,16.00749,5.1594095,2084
25541,r2i1p1f1,2084,12,05,0.0,11.678452,-0.33347479,2084
25542,r2i1p1f1,2084,12,06,5.048801903808453,10.740955,0.35805956,2084
25543,r2i1p1f1,2084,12,07,15.388576734039816,10.832289,5.986475,2084
25544,r2i1p1f1,2084,12,08,0.0,15.389504,2.9408567,2084
25545,r2i1p1f1,2084,12,09,0.0,18.34389,5.77984,2084
25546,r2i1p1f1,2084,12,10,0.0,21.771595,9.611683,2084
25547,r2i1p1f1,2084,12,11,0.0,21.897234,10.457301,2084
25548,r2i1p1f1,2084,12,12,0.0,19.296412,8.072981,2084
25549,r2i1p1f1,2084,12,13,0.008373803530048463,17.4513,5.7218738,2084
25550,r2i1p1f1,2084,12,14,0.0,12.923266,3.2588863,2084
25551,r2i1p1f1,2084,12,15,0.0,11.815304,-0.81268525,2084
25552,r2i1p1f1,2084,12,16,10.090798101828113,11.604911,-1.3061363,2084
25553,r2i1p1f1,2084,12,17,1.0529263815868717,7.8526,0.6269552,2084
25554,r2i1p1f1,2084,12,18,0.0,8.673905,-1.3539469,2084
25555,r2i1p1f1,2084,12,19,0.0,10.934034,-1.3245583,2084
25556,r2i1p1f1,2084,12,20,0.0,11.608612,0.49377605,2084
25557,r2i1p1f1,2084,12,21,0.05747401346525294,12.979618,3.5331411,2084
25558,r2i1p1f1,2084,12,22,0.0,16.658165,3.0438173,2084
25559,r2i1p1f1,2084,12,23,0.0,20.596584,7.883282,2084
25560,r2i1p1f1,2084,12,24,0.0,20.542309,10.295782,2084
25561,r2i1p1f1,2084,12,25,0.0,20.887506,9.919393,2084
25562,r2i1p1f1,2084,12,26,0.0,21.801277,9.561779,2084
25563,r2i1p1f1,2084,12,27,0.0,20.287287,7.7062063,2084
25564,r2i1p1f1,2084,12,28,0.0,19.71708,7.1966443,2084
25565,r2i1p1f1,2084,12,29,0.0,19.230328,6.400974,2084
25566,r2i1p1f1,2084,12,30,0.0,17.675222,7.639038,2084
25567,r2i1p1f1,2084,12,31,0.0,16.166433,5.460484,2084
25568,r2i1p1f1,2085,01,01,0.0,16.4856,3.4345605,2085
25569,r2i1p1f1,2085,01,02,0.0,13.747152,4.661067,2085
25570,r2i1p1f1,2085,01,03,0.03153571448137882,14.623515,6.620854,2085
25571,r2i1p1f1,2085,01,04,0.0,15.136093,2.0602548,2085
25572,r2i1p1f1,2085,01,05,1.7077090384304938,11.879742,-1.0179316,2085
25573,r2i1p1f1,2085,01,06,1.0109755738994863,9.761135,0.29754892,2085
25574,r2i1p1f1,2085,01,07,0.3177882989120917,9.724745,4.2171073,2085
25575,r2i1p1f1,2085,01,08,6.978987152194804,10.616282,5.0346537,2085
25576,r2i1p1f1,2085,01,09,2.7005914920607665,11.610583,5.00078,2085
25577,r2i1p1f1,2085,01,10,54.576764395460486,14.203141,6.512665,2085
25578,r2i1p1f1,2085,01,11,57.465259732998675,14.69683,0.8263494,2085
25579,r2i1p1f1,2085,01,12,2.4185497210879703,8.386299,-4.474542,2085
25580,r2i1p1f1,2085,01,13,3.8710621893983443,11.93834,0.020441107,2085
25581,r2i1p1f1,2085,01,14,22.314255392120685,12.649177,6.5231767,2085
25582,r2i1p1f1,2085,01,15,33.19232797002769,12.697453,6.7124267,2085
25583,r2i1p1f1,2085,01,16,46.96440831612563,14.437966,9.0931835,2085
25584,r2i1p1f1,2085,01,17,36.1666431890626,13.216164,8.318652,2085
25585,r2i1p1f1,2085,01,18,6.498238217790231,12.657441,-2.531507,2085
25586,r2i1p1f1,2085,01,19,6.613114013543964,6.8642955,0.7869153,2085
25587,r2i1p1f1,2085,01,20,1.7578884725551802,7.1866055,0.0026776525,2085
25588,r2i1p1f1,2085,01,21,0.0,10.059345,1.6821107,2085
25589,r2i1p1f1,2085,01,22,0.0,11.170962,-2.0535915,2085
25590,r2i1p1f1,2085,01,23,0.0,11.330922,-2.6503973,2085
25591,r2i1p1f1,2085,01,24,0.0,11.855008,-0.81815106,2085
25592,r2i1p1f1,2085,01,25,3.5553764990481795,9.413647,-0.29954278,2085
25593,r2i1p1f1,2085,01,26,45.541893334302586,8.855179,2.880308,2085
25594,r2i1p1f1,2085,01,27,12.16004334438594,9.635894,3.9282634,2085
25595,r2i1p1f1,2085,01,28,0.0,12.289493,0.8447917,2085
25596,r2i1p1f1,2085,01,29,0.0,12.210666,2.6315205,2085
25597,r2i1p1f1,2085,01,30,0.0,12.767635,2.282328,2085
25598,r2i1p1f1,2085,01,31,32.986145761969965,13.2006035,3.1161222,2085
25599,r2i1p1f1,2085,02,01,0.5564774130903061,10.799293,-0.13934787,2085
25600,r2i1p1f1,2085,02,02,10.809977183726005,9.856516,2.6320047,2085
25601,r2i1p1f1,2085,02,03,0.12308624722550121,11.483452,0.2127507,2085
25602,r2i1p1f1,2085,02,04,4.144499535456703,11.355785,3.9503086,2085
25603,r2i1p1f1,2085,02,05,0.037141031614496,11.640997,3.5936568,2085
25604,r2i1p1f1,2085,02,06,0.0,14.234502,1.2278322,2085
25605,r2i1p1f1,2085,02,07,0.0,16.36483,1.5741577,2085
25606,r2i1p1f1,2085,02,08,0.0,16.736885,2.9467869,2085
25607,r2i1p1f1,2085,02,09,26.938799682466197,11.086925,3.337887,2085
25608,r2i1p1f1,2085,02,10,0.13293159487091089,10.933354,5.2264824,2085
25609,r2i1p1f1,2085,02,11,0.0,15.529231,3.7182693,2085
25610,r2i1p1f1,2085,02,12,0.0,16.293823,3.1266673,2085
25611,r2i1p1f1,2085,02,13,0.0,14.505746,3.6894429,2085
25612,r2i1p1f1,2085,02,14,0.0,12.3189535,3.597743,2085
25613,r2i1p1f1,2085,02,15,0.0,14.731238,1.3934776,2085
25614,r2i1p1f1,2085,02,16,0.0,16.351143,4.2922997,2085
25615,r2i1p1f1,2085,02,17,0.0,19.024477,4.6318436,2085
25616,r2i1p1f1,2085,02,18,0.0,18.566,5.5734096,2085
25617,r2i1p1f1,2085,02,19,0.07508431672249571,16.74253,7.5683374,2085
25618,r2i1p1f1,2085,02,20,0.0,18.118427,6.0631394,2085
25619,r2i1p1f1,2085,02,21,0.0,19.276794,6.2614036,2085
25620,r2i1p1f1,2085,02,22,0.0,21.639854,8.445246,2085
25621,r2i1p1f1,2085,02,23,0.0,21.80442,9.288982,2085
25622,r2i1p1f1,2085,02,24,0.0,22.283897,10.214935,2085
25623,r2i1p1f1,2085,02,25,0.0,21.954268,8.514689,2085
25624,r2i1p1f1,2085,02,26,0.0,23.900272,10.477468,2085
25625,r2i1p1f1,2085,02,27,0.0,24.1479,11.654274,2085
25626,r2i1p1f1,2085,02,28,0.0,25.198692,12.791019,2085
25627,r2i1p1f1,2085,03,01,0.0,25.761383,10.656074,2085
25628,r2i1p1f1,2085,03,02,0.7735019396022835,21.728384,5.9444547,2085
25629,r2i1p1f1,2085,03,03,0.2832209947996489,19.161798,6.563181,2085
25630,r2i1p1f1,2085,03,04,5.137955768327629,15.554877,7.1206875,2085
25631,r2i1p1f1,2085,03,05,0.053228746492095524,16.191488,4.5362024,2085
25632,r2i1p1f1,2085,03,06,0.0,18.490475,3.5430608,2085
25633,r2i1p1f1,2085,03,07,0.5680261898135086,19.269966,4.358285,2085
25634,r2i1p1f1,2085,03,08,1.8889494469931378,15.810106,7.612903,2085
25635,r2i1p1f1,2085,03,09,3.4729448573159516,14.033495,3.307688,2085
25636,r2i1p1f1,2085,03,10,10.848643302779237,11.822948,7.3020077,2085
25637,r2i1p1f1,2085,03,11,26.506422721922718,13.555659,9.184238,2085
25638,r2i1p1f1,2085,03,12,0.017087408104998758,15.9924755,4.0194845,2085
25639,r2i1p1f1,2085,03,13,14.27289004514023,15.465779,5.697073,2085
25640,r2i1p1f1,2085,03,14,19.5389677825915,13.922935,9.317013,2085
25641,r2i1p1f1,2085,03,15,14.866725427782512,12.856411,8.035751,2085
25642,r2i1p1f1,2085,03,16,0.0,15.215454,1.7553334,2085
25643,r2i1p1f1,2085,03,17,0.0,17.756596,1.9049745,2085
25644,r2i1p1f1,2085,03,18,0.0,17.70776,2.124401,2085
25645,r2i1p1f1,2085,03,19,0.0,18.136684,5.583551,2085
25646,r2i1p1f1,2085,03,20,0.5912014315882175,14.998788,7.266521,2085
25647,r2i1p1f1,2085,03,21,9.616300019752089,14.586555,5.418917,2085
25648,r2i1p1f1,2085,03,22,8.861751007680141,15.931039,7.2281976,2085
25649,r2i1p1f1,2085,03,23,0.0,19.947691,3.277238,2085
25650,r2i1p1f1,2085,03,24,0.0,21.427223,6.8211465,2085
25651,r2i1p1f1,2085,03,25,0.0,20.309357,7.005979,2085
25652,r2i1p1f1,2085,03,26,14.651011328169261,18.812277,3.3326507,2085
25653,r2i1p1f1,2085,03,27,0.04366084413902627,13.265988,1.2342248,2085
25654,r2i1p1f1,2085,03,28,13.097617313542287,10.596986,6.277396,2085
25655,r2i1p1f1,2085,03,29,3.135730926408087,9.647045,4.0076504,2085
25656,r2i1p1f1,2085,03,30,0.005256760846350517,13.043346,-2.9511666,2085
25657,r2i1p1f1,2085,03,31,0.0,15.510149,1.132288,2085
25658,r2i1p1f1,2085,04,01,0.0,16.177446,3.2874725,2085
25659,r2i1p1f1,2085,04,02,7.493731119350855,10.276432,-1.0549583,2085
25660,r2i1p1f1,2085,04,03,0.740702061580123,8.768663,1.393841,2085
25661,r2i1p1f1,2085,04,04,0.0,14.883503,-1.5891137,2085
25662,r2i1p1f1,2085,04,05,0.0,16.22344,1.0030155,2085
25663,r2i1p1f1,2085,04,06,0.0,17.753769,0.9141843,2085
25664,r2i1p1f1,2085,04,07,0.0,18.75438,3.8071942,2085
25665,r2i1p1f1,2085,04,08,1.4592343528420315,17.681135,3.8823361,2085
25666,r2i1p1f1,2085,04,09,0.0,20.28231,5.2228684,2085
25667,r2i1p1f1,2085,04,10,0.0,22.06849,6.143038,2085
25668,r2i1p1f1,2085,04,11,0.044187234743731096,22.251997,6.5968943,2085
25669,r2i1p1f1,2085,04,12,0.8484785690768604,18.304373,5.4595404,2085
25670,r2i1p1f1,2085,04,13,0.699921336308762,16.632534,3.9549866,2085
25671,r2i1p1f1,2085,04,14,27.93646084737702,11.319775,2.9939792,2085
25672,r2i1p1f1,2085,04,15,2.9539868510966016,14.050647,2.4155245,2085
25673,r2i1p1f1,2085,04,16,0.0,18.003395,2.2844043,2085
25674,r2i1p1f1,2085,04,17,0.290440259720981,19.263023,3.9289181,2085
25675,r2i1p1f1,2085,04,18,0.0,22.436178,7.302519,2085
25676,r2i1p1f1,2085,04,19,0.0,23.21435,7.5031705,2085
25677,r2i1p1f1,2085,04,20,0.0,23.61163,8.210721,2085
25678,r2i1p1f1,2085,04,21,0.0,19.334435,5.946071,2085
25679,r2i1p1f1,2085,04,22,0.7222109611234373,15.458569,2.2780902,2085
25680,r2i1p1f1,2085,04,23,7.802863168717522,9.151469,3.6973217,2085
25681,r2i1p1f1,2085,04,24,1.307228809935168,10.029548,-1.6636959,2085
25682,r2i1p1f1,2085,04,25,0.0,17.132439,0.30055916,2085
25683,r2i1p1f1,2085,04,26,0.0,21.013824,4.548598,2085
25684,r2i1p1f1,2085,04,27,0.10254305034322897,22.470745,7.544075,2085
25685,r2i1p1f1,2085,04,28,0.0,26.561148,10.802636,2085
25686,r2i1p1f1,2085,04,29,0.0,30.086443,15.077718,2085
25687,r2i1p1f1,2085,04,30,0.0,31.380066,15.311506,2085
25688,r2i1p1f1,2085,05,01,1.8572852008560403,27.391693,11.302795,2085
25689,r2i1p1f1,2085,05,02,0.41415345400395154,23.755476,8.238044,2085
25690,r2i1p1f1,2085,05,03,0.0,21.044294,7.6335373,2085
25691,r2i1p1f1,2085,05,04,0.22484896569494595,20.648867,5.3942866,2085
25692,r2i1p1f1,2085,05,05,0.0,21.812609,6.098406,2085
25693,r2i1p1f1,2085,05,06,0.0,22.813383,6.087647,2085
25694,r2i1p1f1,2085,05,07,0.0,26.45418,10.712626,2085
25695,r2i1p1f1,2085,05,08,0.0,28.407017,11.562788,2085
25696,r2i1p1f1,2085,05,09,0.0,26.75738,9.9589815,2085
25697,r2i1p1f1,2085,05,10,9.089094319915603,22.51889,7.18126,2085
25698,r2i1p1f1,2085,05,11,7.464290579446242,21.83451,6.798742,2085
25699,r2i1p1f1,2085,05,12,0.7232447548076948,22.319298,10.351707,2085
25700,r2i1p1f1,2085,05,13,2.685611116567088,21.90421,7.9535413,2085
25701,r2i1p1f1,2085,05,14,0.25153243789475255,24.656454,10.515699,2085
25702,r2i1p1f1,2085,05,15,0.0,24.576866,7.3122644,2085
25703,r2i1p1f1,2085,05,16,2.8648465550304536,22.903242,8.405027,2085
25704,r2i1p1f1,2085,05,17,0.0,22.743523,7.0390973,2085
25705,r2i1p1f1,2085,05,18,0.0,26.863659,10.2521515,2085
25706,r2i1p1f1,2085,05,19,0.0,30.537544,13.932549,2085
25707,r2i1p1f1,2085,05,20,0.0,33.313835,16.512865,2085
25708,r2i1p1f1,2085,05,21,0.0,33.624763,17.2202,2085
25709,r2i1p1f1,2085,05,22,0.0,32.4393,14.975344,2085
25710,r2i1p1f1,2085,05,23,0.0,33.359116,15.721954,2085
25711,r2i1p1f1,2085,05,24,0.0,35.203808,18.0802,2085
25712,r2i1p1f1,2085,05,25,0.0,35.40775,18.834728,2085
25713,r2i1p1f1,2085,05,26,0.0,36.221523,18.142483,2085
25714,r2i1p1f1,2085,05,27,0.0,34.174854,17.80375,2085
25715,r2i1p1f1,2085,05,28,0.0,32.73207,16.359838,2085
25716,r2i1p1f1,2085,05,29,0.0,30.579115,13.860863,2085
25717,r2i1p1f1,2085,05,30,0.0,32.797146,16.16851,2085
25718,r2i1p1f1,2085,05,31,0.0,34.84532,19.40418,2085
25719,r2i1p1f1,2085,06,01,0.0,36.937637,16.180576,2085
25720,r2i1p1f1,2085,06,02,0.0,36.664932,16.40996,2085
25721,r2i1p1f1,2085,06,03,0.0,36.190426,16.979118,2085
25722,r2i1p1f1,2085,06,04,0.0,36.303185,16.206493,2085
25723,r2i1p1f1,2085,06,05,0.0,33.912487,14.725006,2085
25724,r2i1p1f1,2085,06,06,0.013661189018421283,31.56063,13.361378,2085
25725,r2i1p1f1,2085,06,07,0.0,29.807468,12.902108,2085
25726,r2i1p1f1,2085,06,08,0.0,28.672739,11.407239,2085
25727,r2i1p1f1,2085,06,09,0.0,30.360588,13.00019,2085
25728,r2i1p1f1,2085,06,10,0.0,31.419651,13.938919,2085
25729,r2i1p1f1,2085,06,11,0.0,31.755154,13.370008,2085
25730,r2i1p1f1,2085,06,12,0.0,31.45499,11.787954,2085
25731,r2i1p1f1,2085,06,13,0.0,30.894724,12.737359,2085
25732,r2i1p1f1,2085,06,14,0.0,29.205349,13.168365,2085
25733,r2i1p1f1,2085,06,15,0.0,28.590128,10.712468,2085
25734,r2i1p1f1,2085,06,16,0.035537809588959135,26.900576,9.688453,2085
25735,r2i1p1f1,2085,06,17,0.14289849682427302,27.991371,12.759762,2085
25736,r2i1p1f1,2085,06,18,0.0,27.8524,9.794254,2085
25737,r2i1p1f1,2085,06,19,0.0,27.240103,9.748362,2085
25738,r2i1p1f1,2085,06,20,0.0,26.301615,9.370845,2085
25739,r2i1p1f1,2085,06,21,0.0,28.187613,12.6759815,2085
25740,r2i1p1f1,2085,06,22,0.0,33.199142,15.629584,2085
25741,r2i1p1f1,2085,06,23,0.0,37.497753,19.969767,2085
25742,r2i1p1f1,2085,06,24,0.0,39.13461,19.257378,2085
25743,r2i1p1f1,2085,06,25,0.0,39.227898,21.309044,2085
25744,r2i1p1f1,2085,06,26,0.0,38.39936,17.804012,2085
25745,r2i1p1f1,2085,06,27,0.0,35.810276,16.663181,2085
25746,r2i1p1f1,2085,06,28,0.0,33.61315,12.620943,2085
25747,r2i1p1f1,2085,06,29,0.0,29.555874,9.977543,2085
25748,r2i1p1f1,2085,06,30,0.0,29.297726,11.532643,2085
25749,r2i1p1f1,2085,07,01,0.0,33.691547,14.85294,2085
25750,r2i1p1f1,2085,07,02,0.0,34.52422,14.918357,2085
25751,r2i1p1f1,2085,07,03,0.0,33.790604,14.256802,2085
25752,r2i1p1f1,2085,07,04,0.0,33.848843,13.623924,2085
25753,r2i1p1f1,2085,07,05,0.0,31.29425,11.393682,2085
25754,r2i1p1f1,2085,07,06,0.0,29.696194,11.151812,2085
25755,r2i1p1f1,2085,07,07,0.0,29.154263,11.213818,2085
25756,r2i1p1f1,2085,07,08,0.0,29.585758,10.85165,2085
25757,r2i1p1f1,2085,07,09,0.0,32.608112,13.954907,2085
25758,r2i1p1f1,2085,07,10,0.0,35.312813,17.406876,2085
25759,r2i1p1f1,2085,07,11,0.0,37.283924,19.232725,2085
25760,r2i1p1f1,2085,07,12,0.014516020974042476,37.168915,17.433315,2085
25761,r2i1p1f1,2085,07,13,0.0,35.940765,17.640524,2085
25762,r2i1p1f1,2085,07,14,0.0,35.964756,18.438248,2085
25763,r2i1p1f1,2085,07,15,0.0036631006878451444,37.553154,18.883766,2085
25764,r2i1p1f1,2085,07,16,0.059498050688944204,36.898884,19.06055,2085
25765,r2i1p1f1,2085,07,17,0.0,38.89189,23.099667,2085
25766,r2i1p1f1,2085,07,18,1.4799979545387032,39.64173,19.666826,2085
25767,r2i1p1f1,2085,07,19,0.0,38.811073,21.529623,2085
25768,r2i1p1f1,2085,07,20,0.0,39.952774,24.941336,2085
25769,r2i1p1f1,2085,07,21,0.0,41.51277,23.037796,2085
25770,r2i1p1f1,2085,07,22,0.0,40.625717,19.540417,2085
25771,r2i1p1f1,2085,07,23,0.0,39.103752,17.204924,2085
25772,r2i1p1f1,2085,07,24,0.0,38.17131,18.68717,2085
25773,r2i1p1f1,2085,07,25,0.0,38.625244,18.795313,2085
25774,r2i1p1f1,2085,07,26,0.0,37.396523,16.636637,2085
25775,r2i1p1f1,2085,07,27,0.0,31.196695,12.416132,2085
25776,r2i1p1f1,2085,07,28,0.0,28.762062,9.9208765,2085
25777,r2i1p1f1,2085,07,29,0.0,30.318132,11.967229,2085
25778,r2i1p1f1,2085,07,30,0.0,32.943306,14.405016,2085
25779,r2i1p1f1,2085,07,31,0.0,35.142384,16.798714,2085
25780,r2i1p1f1,2085,08,01,0.0,35.38748,16.770119,2085
25781,r2i1p1f1,2085,08,02,0.0,34.316723,14.1909075,2085
25782,r2i1p1f1,2085,08,03,0.0,33.01248,13.442098,2085
25783,r2i1p1f1,2085,08,04,0.0,33.498302,13.275739,2085
25784,r2i1p1f1,2085,08,05,0.0,35.049404,15.809069,2085
25785,r2i1p1f1,2085,08,06,0.0,35.166183,15.380748,2085
25786,r2i1p1f1,2085,08,07,0.0,34.862244,16.276226,2085
25787,r2i1p1f1,2085,08,08,0.0,36.67314,17.836523,2085
25788,r2i1p1f1,2085,08,09,0.0,37.90114,18.327541,2085
25789,r2i1p1f1,2085,08,10,0.0,38.681664,17.362875,2085
25790,r2i1p1f1,2085,08,11,0.0,38.493595,18.068644,2085
25791,r2i1p1f1,2085,08,12,0.0,39.033276,21.054455,2085
25792,r2i1p1f1,2085,08,13,0.0,39.6353,19.576698,2085
25793,r2i1p1f1,2085,08,14,0.0,37.048115,18.139126,2085
25794,r2i1p1f1,2085,08,15,0.0,36.73269,15.23967,2085
25795,r2i1p1f1,2085,08,16,0.0,36.802673,15.614895,2085
25796,r2i1p1f1,2085,08,17,0.0,36.594376,15.979275,2085
25797,r2i1p1f1,2085,08,18,0.0,37.197956,17.190992,2085
25798,r2i1p1f1,2085,08,19,0.0,37.783974,18.895409,2085
25799,r2i1p1f1,2085,08,20,0.0,37.57792,19.340796,2085
25800,r2i1p1f1,2085,08,21,0.0,36.52422,19.737297,2085
25801,r2i1p1f1,2085,08,22,0.0,37.48931,19.19459,2085
25802,r2i1p1f1,2085,08,23,0.1572953949107614,36.280643,15.596422,2085
25803,r2i1p1f1,2085,08,24,0.0,35.379288,17.48503,2085
25804,r2i1p1f1,2085,08,25,0.0,37.320904,20.451233,2085
25805,r2i1p1f1,2085,08,26,0.0,37.913128,20.042118,2085
25806,r2i1p1f1,2085,08,27,0.0,38.434383,20.00769,2085
25807,r2i1p1f1,2085,08,28,0.0,39.384888,21.140442,2085
25808,r2i1p1f1,2085,08,29,0.0,39.087875,19.06471,2085
25809,r2i1p1f1,2085,08,30,0.0,37.51918,18.329733,2085
25810,r2i1p1f1,2085,08,31,0.0,32.6142,12.075189,2085
25811,r2i1p1f1,2085,09,01,0.0,29.656582,11.742844,2085
25812,r2i1p1f1,2085,09,02,0.0,30.2227,12.15331,2085
25813,r2i1p1f1,2085,09,03,0.0,29.07074,10.1550255,2085
25814,r2i1p1f1,2085,09,04,0.0,27.699348,10.348985,2085
25815,r2i1p1f1,2085,09,05,0.0,28.895168,10.989443,2085
25816,r2i1p1f1,2085,09,06,0.0,33.22234,14.142394,2085
25817,r2i1p1f1,2085,09,07,0.0,37.237923,20.269714,2085
25818,r2i1p1f1,2085,09,08,0.0,38.415817,22.18376,2085
25819,r2i1p1f1,2085,09,09,0.0,38.58183,19.600739,2085
25820,r2i1p1f1,2085,09,10,0.0,34.83836,15.226776,2085
25821,r2i1p1f1,2085,09,11,0.0,32.119717,13.834666,2085
25822,r2i1p1f1,2085,09,12,0.0,31.021156,14.329468,2085
25823,r2i1p1f1,2085,09,13,0.0,32.321457,13.923884,2085
25824,r2i1p1f1,2085,09,14,0.0,33.04986,14.856581,2085
25825,r2i1p1f1,2085,09,15,0.0,33.25811,17.669867,2085
25826,r2i1p1f1,2085,09,16,0.0,34.012985,16.174189,2085
25827,r2i1p1f1,2085,09,17,0.018006011487159412,30.9949,12.580837,2085
25828,r2i1p1f1,2085,09,18,0.0,30.688812,12.383286,2085
25829,r2i1p1f1,2085,09,19,0.0,32.530403,15.306813,2085
25830,r2i1p1f1,2085,09,20,0.0,34.181282,17.69688,2085
25831,r2i1p1f1,2085,09,21,0.0,35.652134,16.865252,2085
25832,r2i1p1f1,2085,09,22,0.0,35.177155,17.738108,2085
25833,r2i1p1f1,2085,09,23,0.0,37.314987,21.62561,2085
25834,r2i1p1f1,2085,09,24,0.0,38.094738,19.977772,2085
25835,r2i1p1f1,2085,09,25,0.0,37.857315,22.217054,2085
25836,r2i1p1f1,2085,09,26,0.18478195657962715,32.087234,15.572743,2085
25837,r2i1p1f1,2085,09,27,0.0,27.455605,9.860314,2085
25838,r2i1p1f1,2085,09,28,0.0,26.30946,10.788151,2085
25839,r2i1p1f1,2085,09,29,0.0,28.787544,13.65128,2085
25840,r2i1p1f1,2085,09,30,0.0,31.571316,16.144814,2085
25841,r2i1p1f1,2085,10,01,0.0,33.27869,15.320343,2085
25842,r2i1p1f1,2085,10,02,0.0,33.897354,16.34322,2085
25843,r2i1p1f1,2085,10,03,0.0960712904088723,34.5573,16.60447,2085
25844,r2i1p1f1,2085,10,04,0.1247925647021475,33.744003,17.11495,2085
25845,r2i1p1f1,2085,10,05,0.0,35.365364,18.867197,2085
25846,r2i1p1f1,2085,10,06,0.0,35.7257,18.357302,2085
25847,r2i1p1f1,2085,10,07,0.0,35.165962,17.112152,2085
25848,r2i1p1f1,2085,10,08,0.0,32.792347,16.619707,2085
25849,r2i1p1f1,2085,10,09,0.0,32.173462,15.695153,2085
25850,r2i1p1f1,2085,10,10,0.0,31.885933,14.396506,2085
25851,r2i1p1f1,2085,10,11,0.0,29.579258,12.904122,2085
25852,r2i1p1f1,2085,10,12,0.0011425881893956102,27.024757,13.846723,2085
25853,r2i1p1f1,2085,10,13,0.0,28.525839,13.73268,2085
25854,r2i1p1f1,2085,10,14,11.226253816585086,25.73608,9.246349,2085
25855,r2i1p1f1,2085,10,15,10.414782437648284,20.30735,8.973551,2085
25856,r2i1p1f1,2085,10,16,10.986236955785955,20.5925,9.392591,2085
25857,r2i1p1f1,2085,10,17,3.15319625147481,20.631113,7.110559,2085
25858,r2i1p1f1,2085,10,18,11.68923283166805,20.28379,8.120123,2085
25859,r2i1p1f1,2085,10,19,5.003849812027283,17.604368,8.704472,2085
25860,r2i1p1f1,2085,10,20,3.6391573355331275,17.609741,10.2593565,2085
25861,r2i1p1f1,2085,10,21,0.0,22.87357,8.521942,2085
25862,r2i1p1f1,2085,10,22,0.0,23.18214,9.2431755,2085
25863,r2i1p1f1,2085,10,23,0.0,23.289316,8.292384,2085
25864,r2i1p1f1,2085,10,24,0.0,22.67824,6.1412945,2085
25865,r2i1p1f1,2085,10,25,1.895857463189543,18.501392,5.3233953,2085
25866,r2i1p1f1,2085,10,26,4.237973789508942,18.968948,9.7314415,2085
25867,r2i1p1f1,2085,10,27,0.14260582652241283,21.927849,10.694436,2085
25868,r2i1p1f1,2085,10,28,0.0,22.078682,9.179989,2085
25869,r2i1p1f1,2085,10,29,0.6290885821272241,18.951662,7.6144104,2085
25870,r2i1p1f1,2085,10,30,9.838081877535387,18.13024,9.412792,2085
25871,r2i1p1f1,2085,10,31,0.002954758110718103,23.228903,9.242402,2085
25872,r2i1p1f1,2085,11,01,0.0,24.69385,10.8448305,2085
25873,r2i1p1f1,2085,11,02,0.020567020794715063,24.130342,11.054883,2085
25874,r2i1p1f1,2085,11,03,5.130623424162195,19.294838,10.485245,2085
25875,r2i1p1f1,2085,11,04,0.0,22.981737,9.568157,2085
25876,r2i1p1f1,2085,11,05,0.0,24.01358,11.762023,2085
25877,r2i1p1f1,2085,11,06,0.0,23.83248,12.337154,2085
25878,r2i1p1f1,2085,11,07,0.0,22.728348,11.346404,2085
25879,r2i1p1f1,2085,11,08,0.0,23.701256,10.650259,2085
25880,r2i1p1f1,2085,11,09,0.0,23.859394,8.376394,2085
25881,r2i1p1f1,2085,11,10,0.0,22.116539,8.476154,2085
25882,r2i1p1f1,2085,11,11,0.0,20.619492,9.376347,2085
25883,r2i1p1f1,2085,11,12,0.0,20.651176,9.766395,2085
25884,r2i1p1f1,2085,11,13,0.0,20.14388,8.340755,2085
25885,r2i1p1f1,2085,11,14,0.0,21.27305,8.918556,2085
25886,r2i1p1f1,2085,11,15,0.002137422143277945,21.054438,9.5773115,2085
25887,r2i1p1f1,2085,11,16,0.0,19.601768,7.555082,2085
25888,r2i1p1f1,2085,11,17,0.0,18.601309,5.403142,2085
25889,r2i1p1f1,2085,11,18,0.0,18.2805,4.017782,2085
25890,r2i1p1f1,2085,11,19,0.0,21.235023,5.6622586,2085
25891,r2i1p1f1,2085,11,20,0.0,23.361992,7.2078958,2085
25892,r2i1p1f1,2085,11,21,0.0,23.949286,8.818185,2085
25893,r2i1p1f1,2085,11,22,0.0,22.456427,8.953211,2085
25894,r2i1p1f1,2085,11,23,4.74318532566258,18.314495,4.365183,2085
25895,r2i1p1f1,2085,11,24,11.052891602571435,11.117615,7.3463287,2085
25896,r2i1p1f1,2085,11,25,1.9619755213284407,13.298901,5.107809,2085
25897,r2i1p1f1,2085,11,26,0.0173041658058537,16.325,5.773951,2085
25898,r2i1p1f1,2085,11,27,0.2644981551796377,14.685514,4.4506216,2085
25899,r2i1p1f1,2085,11,28,8.31168525069188,13.90771,6.419565,2085
25900,r2i1p1f1,2085,11,29,15.480121273685654,13.124393,4.979274,2085
25901,r2i1p1f1,2085,11,30,6.441938544412551,9.203888,0.10432969,2085
25902,r2i1p1f1,2085,12,01,0.0,10.706185,-2.995881,2085
25903,r2i1p1f1,2085,12,02,4.758185828842443,9.61898,-0.7268951,2085
25904,r2i1p1f1,2085,12,03,27.817578945541754,9.437566,3.1272306,2085
25905,r2i1p1f1,2085,12,04,4.885668103776197,11.104784,5.332306,2085
25906,r2i1p1f1,2085,12,05,0.05765014120697742,12.506203,6.8510756,2085
25907,r2i1p1f1,2085,12,06,0.0,15.97887,4.1372485,2085
25908,r2i1p1f1,2085,12,07,0.0,17.414383,5.3443203,2085
25909,r2i1p1f1,2085,12,08,7.337964320322499,14.037714,5.7925863,2085
25910,r2i1p1f1,2085,12,09,27.430422028737667,13.035717,6.661896,2085
25911,r2i1p1f1,2085,12,10,0.0,13.919459,3.1087008,2085
25912,r2i1p1f1,2085,12,11,0.0,12.908451,1.7001828,2085
25913,r2i1p1f1,2085,12,12,0.0,13.46923,4.3596387,2085
25914,r2i1p1f1,2085,12,13,0.0,14.35684,3.691112,2085
25915,r2i1p1f1,2085,12,14,0.0,16.381292,3.7752168,2085
25916,r2i1p1f1,2085,12,15,0.0,17.505043,5.220457,2085
25917,r2i1p1f1,2085,12,16,0.0,15.571457,5.518138,2085
25918,r2i1p1f1,2085,12,17,0.0,17.251686,4.4895835,2085
25919,r2i1p1f1,2085,12,18,0.0,17.389563,5.319441,2085
25920,r2i1p1f1,2085,12,19,0.0,16.223305,4.07633,2085
25921,r2i1p1f1,2085,12,20,0.0,16.077568,4.720691,2085
25922,r2i1p1f1,2085,12,21,0.0,15.011675,3.2868052,2085
25923,r2i1p1f1,2085,12,22,0.0,14.675339,3.1487546,2085
25924,r2i1p1f1,2085,12,23,0.0,15.118332,2.3376803,2085
25925,r2i1p1f1,2085,12,24,0.0,14.9717865,1.4589547,2085
25926,r2i1p1f1,2085,12,25,0.0,12.170733,3.622832,2085
25927,r2i1p1f1,2085,12,26,0.0,13.555382,3.1427433,2085
25928,r2i1p1f1,2085,12,27,0.0,15.3800335,2.7966676,2085
25929,r2i1p1f1,2085,12,28,0.0,15.066118,1.9067459,2085
25930,r2i1p1f1,2085,12,29,1.5142173057824948,12.923019,2.6367495,2085
25931,r2i1p1f1,2085,12,30,2.9224800710551335,9.385127,5.237821,2085
25932,r2i1p1f1,2085,12,31,0.0,13.478325,2.5290074,2085
25933,r2i1p1f1,2086,01,01,0.0,12.912016,3.6157074,2086
25934,r2i1p1f1,2086,01,02,6.777538833534891,12.6856365,4.679952,2086
25935,r2i1p1f1,2086,01,03,2.6487895023507235,11.853955,6.5630274,2086
25936,r2i1p1f1,2086,01,04,11.70846498271203,12.027036,6.141139,2086
25937,r2i1p1f1,2086,01,05,0.0,16.688307,5.789257,2086
25938,r2i1p1f1,2086,01,06,0.0,16.68734,2.5222328,2086
25939,r2i1p1f1,2086,01,07,0.0,12.876701,3.139698,2086
25940,r2i1p1f1,2086,01,08,0.0,11.912969,3.2807822,2086
25941,r2i1p1f1,2086,01,09,0.0,13.731726,2.1978545,2086
25942,r2i1p1f1,2086,01,10,2.986513212903219,11.164776,3.7846675,2086
25943,r2i1p1f1,2086,01,11,0.02489015259925509,16.280731,5.712179,2086
25944,r2i1p1f1,2086,01,12,0.0,17.330854,4.952324,2086
25945,r2i1p1f1,2086,01,13,0.0,17.083565,5.7612042,2086
25946,r2i1p1f1,2086,01,14,0.5441459603844123,17.45367,5.7107882,2086
25947,r2i1p1f1,2086,01,15,10.090650022766567,14.296757,6.6476665,2086
25948,r2i1p1f1,2086,01,16,0.839303821970816,13.208515,6.538816,2086
25949,r2i1p1f1,2086,01,17,19.36132389209888,11.325358,6.7870975,2086
25950,r2i1p1f1,2086,01,18,3.6503760468519886,11.0012245,5.679697,2086
25951,r2i1p1f1,2086,01,19,0.0,15.357047,3.377567,2086
25952,r2i1p1f1,2086,01,20,0.0,16.18125,4.065558,2086
25953,r2i1p1f1,2086,01,21,0.0,19.791466,6.831285,2086
25954,r2i1p1f1,2086,01,22,0.0,19.795298,7.433843,2086
25955,r2i1p1f1,2086,01,23,0.0,18.784096,6.701195,2086
25956,r2i1p1f1,2086,01,24,0.0,16.14052,6.7737064,2086
25957,r2i1p1f1,2086,01,25,0.0,13.8646145,6.0192966,2086
25958,r2i1p1f1,2086,01,26,0.0,16.118076,3.391599,2086
25959,r2i1p1f1,2086,01,27,2.9569587506443895,16.018425,6.804009,2086
25960,r2i1p1f1,2086,01,28,0.0,13.577915,3.462235,2086
25961,r2i1p1f1,2086,01,29,0.0,14.813097,2.9092221,2086
25962,r2i1p1f1,2086,01,30,0.0,17.182793,3.8993013,2086
25963,r2i1p1f1,2086,01,31,0.0,18.626461,7.008373,2086
25964,r2i1p1f1,2086,02,01,0.0,17.072075,6.495629,2086
25965,r2i1p1f1,2086,02,02,0.0,17.345531,5.2659087,2086
25966,r2i1p1f1,2086,02,03,0.0,16.876621,5.2320967,2086
25967,r2i1p1f1,2086,02,04,0.0,17.81131,4.832526,2086
25968,r2i1p1f1,2086,02,05,0.0,16.880163,4.31999,2086
25969,r2i1p1f1,2086,02,06,0.0,15.270813,5.0399227,2086
25970,r2i1p1f1,2086,02,07,0.0,18.195036,5.0569453,2086
25971,r2i1p1f1,2086,02,08,0.0,18.985104,5.126186,2086
25972,r2i1p1f1,2086,02,09,0.0,19.806221,5.600662,2086
25973,r2i1p1f1,2086,02,10,0.0,19.519804,5.3666925,2086
25974,r2i1p1f1,2086,02,11,0.04715157592158903,15.892726,1.7354853,2086
25975,r2i1p1f1,2086,02,12,25.584063125461398,10.877008,5.1137395,2086
25976,r2i1p1f1,2086,02,13,20.153672907690634,10.154003,5.7875824,2086
25977,r2i1p1f1,2086,02,14,30.733078740740893,10.427231,5.3667,2086
25978,r2i1p1f1,2086,02,15,7.49475223792615,10.971258,4.4436097,2086
25979,r2i1p1f1,2086,02,16,0.0,11.670584,0.11164268,2086
25980,r2i1p1f1,2086,02,17,0.0,12.280583,-0.04732487,2086
25981,r2i1p1f1,2086,02,18,22.701071772826253,11.807635,1.2508385,2086
25982,r2i1p1f1,2086,02,19,48.03947529708239,9.394405,4.1218877,2086
25983,r2i1p1f1,2086,02,20,4.196699897885026,8.429167,-1.389956,2086
25984,r2i1p1f1,2086,02,21,5.606800556643066,8.010236,1.2356966,2086
25985,r2i1p1f1,2086,02,22,0.0,10.168598,-4.2368174,2086
25986,r2i1p1f1,2086,02,23,2.443699000593824,7.976293,-0.47988668,2086
25987,r2i1p1f1,2086,02,24,0.0,13.615395,1.504314,2086
25988,r2i1p1f1,2086,02,25,0.0,16.683,3.7941318,2086
25989,r2i1p1f1,2086,02,26,0.03252949865100163,17.710524,5.454165,2086
25990,r2i1p1f1,2086,02,27,30.152502061537234,11.86031,1.6734204,2086
25991,r2i1p1f1,2086,02,28,7.83390695514754,8.087798,2.3555744,2086
25992,r2i1p1f1,2086,03,01,10.971189131760184,7.397253,-0.4423085,2086
25993,r2i1p1f1,2086,03,02,2.2575261458484874,8.005516,-1.5769951,2086
25994,r2i1p1f1,2086,03,03,0.0,12.951833,-1.7202219,2086
25995,r2i1p1f1,2086,03,04,15.682341940555489,10.520691,0.92483735,2086
25996,r2i1p1f1,2086,03,05,15.002954451483674,10.041531,-1.5840663,2086
25997,r2i1p1f1,2086,03,06,20.71430030104011,10.106103,6.595743,2086
25998,r2i1p1f1,2086,03,07,5.526624147933035,11.439991,-2.586569,2086
25999,r2i1p1f1,2086,03,08,0.0,15.0886345,-1.5270462,2086
26000,r2i1p1f1,2086,03,09,0.0,15.346785,0.30935988,2086
26001,r2i1p1f1,2086,03,10,0.016825670286380046,11.708486,0.5744049,2086
26002,r2i1p1f1,2086,03,11,6.6771057469964035,9.156986,3.8248138,2086
26003,r2i1p1f1,2086,03,12,7.498919902633361,12.42736,5.7185664,2086
26004,r2i1p1f1,2086,03,13,0.0,15.103343,1.1354125,2086
26005,r2i1p1f1,2086,03,14,0.0,15.262817,3.0850382,2086
26006,r2i1p1f1,2086,03,15,0.00011221729039334605,14.485243,3.8088636,2086
26007,r2i1p1f1,2086,03,16,15.058059620423592,12.114456,8.02963,2086
26008,r2i1p1f1,2086,03,17,5.171736960937778,12.084165,1.3528188,2086
26009,r2i1p1f1,2086,03,18,0.0,15.789525,-0.12873252,2086
26010,r2i1p1f1,2086,03,19,0.005388854333432391,15.625362,2.061759,2086
26011,r2i1p1f1,2086,03,20,0.0023802220312063582,16.425787,2.58392,2086
26012,r2i1p1f1,2086,03,21,0.0,18.378637,3.183656,2086
26013,r2i1p1f1,2086,03,22,0.0,19.243797,3.4680457,2086
26014,r2i1p1f1,2086,03,23,0.0,18.791563,3.7777798,2086
26015,r2i1p1f1,2086,03,24,0.12242361187304596,17.34684,6.279619,2086
26016,r2i1p1f1,2086,03,25,2.709512228022959,15.140111,5.540518,2086
26017,r2i1p1f1,2086,03,26,0.0,17.40185,3.7784724,2086
26018,r2i1p1f1,2086,03,27,1.778558745945702,17.50496,3.9150183,2086
26019,r2i1p1f1,2086,03,28,8.754311714744745,15.211955,5.734635,2086
26020,r2i1p1f1,2086,03,29,0.10100357637838897,17.840248,3.1444645,2086
26021,r2i1p1f1,2086,03,30,0.0,18.383167,4.258801,2086
26022,r2i1p1f1,2086,03,31,1.4138678663726978,13.573103,5.938392,2086
26023,r2i1p1f1,2086,04,01,0.9828446698975313,13.924083,4.7001824,2086
26024,r2i1p1f1,2086,04,02,4.020240339372094,15.318187,-0.12513071,2086
26025,r2i1p1f1,2086,04,03,14.686059405028118,10.56296,1.1252327,2086
26026,r2i1p1f1,2086,04,04,2.945092555228257,12.615116,3.4645314,2086
26027,r2i1p1f1,2086,04,05,0.0,14.796505,3.670152,2086
26028,r2i1p1f1,2086,04,06,0.0,18.41845,2.135679,2086
26029,r2i1p1f1,2086,04,07,0.16065364294775009,17.93842,2.2645726,2086
26030,r2i1p1f1,2086,04,08,2.463985798951285,12.277821,4.3383894,2086
26031,r2i1p1f1,2086,04,09,0.23243147931566455,13.250373,5.296247,2086
26032,r2i1p1f1,2086,04,10,0.0,16.057867,-0.2651246,2086
26033,r2i1p1f1,2086,04,11,0.0,19.675743,3.702384,2086
26034,r2i1p1f1,2086,04,12,0.0014863106457596587,18.441687,4.599534,2086
26035,r2i1p1f1,2086,04,13,0.0,19.163063,5.2818713,2086
26036,r2i1p1f1,2086,04,14,0.0,24.799255,7.376855,2086
26037,r2i1p1f1,2086,04,15,0.031480395659855276,25.004822,9.789647,2086
26038,r2i1p1f1,2086,04,16,0.0,23.313322,7.0081463,2086
26039,r2i1p1f1,2086,04,17,0.3552352700978645,20.411077,5.6537724,2086
26040,r2i1p1f1,2086,04,18,5.480135027096367,14.394543,5.8085,2086
26041,r2i1p1f1,2086,04,19,0.21755994046088745,15.153251,2.3995676,2086
26042,r2i1p1f1,2086,04,20,0.0,16.793667,5.4144535,2086
26043,r2i1p1f1,2086,04,21,0.0,18.55668,4.3835893,2086
26044,r2i1p1f1,2086,04,22,0.0,20.841934,5.514877,2086
26045,r2i1p1f1,2086,04,23,0.0,23.076796,8.22224,2086
26046,r2i1p1f1,2086,04,24,0.0,25.462156,9.888775,2086
26047,r2i1p1f1,2086,04,25,0.0,26.607195,10.143984,2086
26048,r2i1p1f1,2086,04,26,0.0,26.5285,8.756291,2086
26049,r2i1p1f1,2086,04,27,0.0,28.621063,10.73117,2086
26050,r2i1p1f1,2086,04,28,0.0,31.186836,13.514645,2086
26051,r2i1p1f1,2086,04,29,0.0,31.28254,14.558229,2086
26052,r2i1p1f1,2086,04,30,0.0,31.728281,13.504029,2086
26053,r2i1p1f1,2086,05,01,0.0,29.157022,11.182154,2086
26054,r2i1p1f1,2086,05,02,0.0,27.490034,10.380917,2086
26055,r2i1p1f1,2086,05,03,0.0,27.037527,8.971063,2086
26056,r2i1p1f1,2086,05,04,0.0,26.48236,10.803017,2086
26057,r2i1p1f1,2086,05,05,0.0,29.990622,12.842922,2086
26058,r2i1p1f1,2086,05,06,0.0,30.662266,13.523963,2086
26059,r2i1p1f1,2086,05,07,0.0,30.446228,13.909668,2086
26060,r2i1p1f1,2086,05,08,0.0,32.56666,14.356286,2086
26061,r2i1p1f1,2086,05,09,0.0,33.66217,15.914246,2086
26062,r2i1p1f1,2086,05,10,0.0,37.42205,17.082726,2086
26063,r2i1p1f1,2086,05,11,0.0,38.744984,18.393478,2086
26064,r2i1p1f1,2086,05,12,0.10297806074959226,39.28203,18.489159,2086
26065,r2i1p1f1,2086,05,13,1.3657866422249754,38.6617,18.399662,2086
26066,r2i1p1f1,2086,05,14,0.0,35.35783,16.760048,2086
26067,r2i1p1f1,2086,05,15,0.0,32.810783,13.884061,2086
26068,r2i1p1f1,2086,05,16,0.0,28.693869,9.358276,2086
26069,r2i1p1f1,2086,05,17,12.318317911154963,18.737154,0.91577667,2086
26070,r2i1p1f1,2086,05,18,16.710295380914886,9.583627,5.3209095,2086
26071,r2i1p1f1,2086,05,19,1.7339794199870084,14.737023,2.8378725,2086
26072,r2i1p1f1,2086,05,20,0.0,20.048279,3.3686476,2086
26073,r2i1p1f1,2086,05,21,0.0,23.460869,6.846524,2086
26074,r2i1p1f1,2086,05,22,0.07337853974149766,24.287132,8.221964,2086
26075,r2i1p1f1,2086,05,23,0.0,25.668291,8.456794,2086
26076,r2i1p1f1,2086,05,24,1.8109421126837333,23.489574,7.9280896,2086
26077,r2i1p1f1,2086,05,25,0.2319168124358839,24.231297,8.74684,2086
26078,r2i1p1f1,2086,05,26,0.0010191539857373755,26.123985,9.203581,2086
26079,r2i1p1f1,2086,05,27,0.0,29.794722,12.33851,2086
26080,r2i1p1f1,2086,05,28,0.0,32.326756,15.500044,2086
26081,r2i1p1f1,2086,05,29,0.0,34.08411,16.573753,2086
26082,r2i1p1f1,2086,05,30,0.0,34.632156,16.878107,2086
26083,r2i1p1f1,2086,05,31,0.0,34.37429,15.78074,2086
26084,r2i1p1f1,2086,06,01,0.0,31.443285,12.98097,2086
26085,r2i1p1f1,2086,06,02,0.0,28.066296,9.744444,2086
26086,r2i1p1f1,2086,06,03,0.0,28.844473,11.049024,2086
26087,r2i1p1f1,2086,06,04,0.0,29.46038,11.679643,2086
26088,r2i1p1f1,2086,06,05,0.1794852738157715,28.616499,11.13496,2086
26089,r2i1p1f1,2086,06,06,0.4019382947262784,28.738478,12.068511,2086
26090,r2i1p1f1,2086,06,07,0.0,29.511435,12.681349,2086
26091,r2i1p1f1,2086,06,08,0.005437990665768666,33.65253,15.343604,2086
26092,r2i1p1f1,2086,06,09,2.5411790902921894,30.631308,13.299096,2086
26093,r2i1p1f1,2086,06,10,1.1132325699691137,31.391384,15.43893,2086
26094,r2i1p1f1,2086,06,11,1.6056897502494394,31.086264,12.740112,2086
26095,r2i1p1f1,2086,06,12,0.003207402569671558,29.303724,13.276851,2086
26096,r2i1p1f1,2086,06,13,3.8603367198618344,22.15612,7.34746,2086
26097,r2i1p1f1,2086,06,14,1.3666653941442064,22.96622,8.643701,2086
26098,r2i1p1f1,2086,06,15,0.0,30.91235,14.975732,2086
26099,r2i1p1f1,2086,06,16,0.00544641115993727,28.413282,11.202625,2086
26100,r2i1p1f1,2086,06,17,0.0,31.402945,14.772823,2086
26101,r2i1p1f1,2086,06,18,0.0,33.557964,15.8507185,2086
26102,r2i1p1f1,2086,06,19,0.0,33.846134,16.330885,2086
26103,r2i1p1f1,2086,06,20,0.0,34.677284,16.321207,2086
26104,r2i1p1f1,2086,06,21,0.04435876471688971,35.295635,17.218334,2086
26105,r2i1p1f1,2086,06,22,0.0,32.863102,14.640634,2086
26106,r2i1p1f1,2086,06,23,0.0,30.45617,12.150837,2086
26107,r2i1p1f1,2086,06,24,0.0,29.059614,11.116923,2086
26108,r2i1p1f1,2086,06,25,0.0,29.793623,11.446246,2086
26109,r2i1p1f1,2086,06,26,0.0,31.495138,13.073168,2086
26110,r2i1p1f1,2086,06,27,0.0,32.92662,15.1798115,2086
26111,r2i1p1f1,2086,06,28,0.0,35.17534,18.605667,2086
26112,r2i1p1f1,2086,06,29,0.1907014442167565,35.40286,16.483192,2086
26113,r2i1p1f1,2086,06,30,2.3995960400952754,32.433804,14.199159,2086
26114,r2i1p1f1,2086,07,01,0.0,36.07204,17.562925,2086
26115,r2i1p1f1,2086,07,02,0.0,36.688766,21.478533,2086
26116,r2i1p1f1,2086,07,03,3.2401117096014787,36.517082,16.576777,2086
26117,r2i1p1f1,2086,07,04,0.061017917323624715,34.718346,14.838776,2086
26118,r2i1p1f1,2086,07,05,0.7649718152578089,32.19617,13.138535,2086
26119,r2i1p1f1,2086,07,06,0.0,33.072803,16.128548,2086
26120,r2i1p1f1,2086,07,07,0.0,36.709904,19.033781,2086
26121,r2i1p1f1,2086,07,08,0.09747486519700033,37.232735,19.103903,2086
26122,r2i1p1f1,2086,07,09,0.015530650762229925,34.789978,21.606775,2086
26123,r2i1p1f1,2086,07,10,0.0019445811403784319,32.25009,13.624122,2086
26124,r2i1p1f1,2086,07,11,0.0,34.16626,16.905647,2086
26125,r2i1p1f1,2086,07,12,0.0,36.968254,20.150593,2086
26126,r2i1p1f1,2086,07,13,0.0,39.535976,22.352608,2086
26127,r2i1p1f1,2086,07,14,0.9950498551461351,39.81643,22.297684,2086
26128,r2i1p1f1,2086,07,15,0.9499942683305562,33.436764,16.663467,2086
26129,r2i1p1f1,2086,07,16,0.0,34.912388,17.44322,2086
26130,r2i1p1f1,2086,07,17,0.0,37.00454,17.741886,2086
26131,r2i1p1f1,2086,07,18,0.0,37.8135,17.028576,2086
26132,r2i1p1f1,2086,07,19,0.0,37.936768,18.349918,2086
26133,r2i1p1f1,2086,07,20,0.013918247077526757,38.88374,17.752144,2086
26134,r2i1p1f1,2086,07,21,0.0,38.12372,21.1111,2086
26135,r2i1p1f1,2086,07,22,0.0055812503887864295,36.891533,21.335848,2086
26136,r2i1p1f1,2086,07,23,0.0,35.841316,17.356277,2086
26137,r2i1p1f1,2086,07,24,0.0,36.49329,18.137516,2086
26138,r2i1p1f1,2086,07,25,0.09272805499449532,37.147305,18.861008,2086
26139,r2i1p1f1,2086,07,26,0.0032575399018242024,35.756763,19.460121,2086
26140,r2i1p1f1,2086,07,27,0.1234307759659714,34.26883,15.938444,2086
26141,r2i1p1f1,2086,07,28,0.7221176096209092,38.869896,20.036367,2086
26142,r2i1p1f1,2086,07,29,1.082354417667375,39.776768,20.529705,2086
26143,r2i1p1f1,2086,07,30,2.0933581639624776,36.865005,18.422972,2086
26144,r2i1p1f1,2086,07,31,0.0,39.404873,22.029425,2086
26145,r2i1p1f1,2086,08,01,24.929634839895698,39.17758,19.226267,2086
26146,r2i1p1f1,2086,08,02,0.27605351729107497,33.274185,17.602324,2086
26147,r2i1p1f1,2086,08,03,0.02177235774070141,31.342312,14.435433,2086
26148,r2i1p1f1,2086,08,04,0.0,31.724344,15.297733,2086
26149,r2i1p1f1,2086,08,05,0.0,33.70474,19.62919,2086
26150,r2i1p1f1,2086,08,06,0.0,36.257656,20.169645,2086
26151,r2i1p1f1,2086,08,07,0.0,36.459026,17.42119,2086
26152,r2i1p1f1,2086,08,08,0.0,35.749756,14.391726,2086
26153,r2i1p1f1,2086,08,09,0.21838598308931978,34.95118,15.216248,2086
26154,r2i1p1f1,2086,08,10,0.0,33.74245,16.150007,2086
26155,r2i1p1f1,2086,08,11,0.0,33.80565,20.000725,2086
26156,r2i1p1f1,2086,08,12,0.0,34.063145,16.448008,2086
26157,r2i1p1f1,2086,08,13,0.0,35.47886,17.28216,2086
26158,r2i1p1f1,2086,08,14,0.008778008123044856,36.624466,18.409506,2086
26159,r2i1p1f1,2086,08,15,0.0,36.889107,15.943824,2086
26160,r2i1p1f1,2086,08,16,0.0,34.875233,16.596972,2086
26161,r2i1p1f1,2086,08,17,0.0,33.959835,14.903848,2086
26162,r2i1p1f1,2086,08,18,0.0,34.027153,16.301405,2086
26163,r2i1p1f1,2086,08,19,0.0,35.947098,18.998177,2086
26164,r2i1p1f1,2086,08,20,0.0,36.68181,19.561813,2086
26165,r2i1p1f1,2086,08,21,0.0,37.192837,18.360723,2086
26166,r2i1p1f1,2086,08,22,0.007191951226559468,36.55205,18.157549,2086
26167,r2i1p1f1,2086,08,23,0.0,36.17257,18.242672,2086
26168,r2i1p1f1,2086,08,24,0.0,39.43975,22.634981,2086
26169,r2i1p1f1,2086,08,25,0.0,41.529427,23.22337,2086
26170,r2i1p1f1,2086,08,26,0.0,43.2074,23.940744,2086
26171,r2i1p1f1,2086,08,27,0.0,43.861862,26.411428,2086
26172,r2i1p1f1,2086,08,28,0.014766934486942773,42.003273,21.55046,2086
26173,r2i1p1f1,2086,08,29,0.0,38.656742,19.440195,2086
26174,r2i1p1f1,2086,08,30,0.0,40.470615,22.009653,2086
26175,r2i1p1f1,2086,08,31,0.0,41.912884,21.34552,2086
26176,r2i1p1f1,2086,09,01,0.0,40.12533,21.960932,2086
26177,r2i1p1f1,2086,09,02,0.0,34.392227,18.390812,2086
26178,r2i1p1f1,2086,09,03,0.0,35.93149,19.908564,2086
26179,r2i1p1f1,2086,09,04,0.0,37.539383,20.751503,2086
26180,r2i1p1f1,2086,09,05,4.437486774304489,38.300755,19.66946,2086
26181,r2i1p1f1,2086,09,06,0.0,34.306084,17.770401,2086
26182,r2i1p1f1,2086,09,07,0.0,35.44516,20.144192,2086
26183,r2i1p1f1,2086,09,08,0.0,35.47707,20.973558,2086
26184,r2i1p1f1,2086,09,09,0.0,36.16008,19.978573,2086
26185,r2i1p1f1,2086,09,10,0.0,36.589043,18.189568,2086
26186,r2i1p1f1,2086,09,11,0.0,36.231644,18.485783,2086
26187,r2i1p1f1,2086,09,12,0.0,34.947254,19.206875,2086
26188,r2i1p1f1,2086,09,13,0.0,37.610767,18.342852,2086
26189,r2i1p1f1,2086,09,14,0.0,38.666462,21.095997,2086
26190,r2i1p1f1,2086,09,15,0.0,39.08538,21.004103,2086
26191,r2i1p1f1,2086,09,16,2.2055951177264888,35.95134,17.748335,2086
26192,r2i1p1f1,2086,09,17,0.20570052572850273,29.174631,11.671129,2086
26193,r2i1p1f1,2086,09,18,0.0,29.919647,13.093506,2086
26194,r2i1p1f1,2086,09,19,0.0,30.976397,14.103139,2086
26195,r2i1p1f1,2086,09,20,0.0,30.26634,14.123812,2086
26196,r2i1p1f1,2086,09,21,0.0,30.44889,12.989851,2086
26197,r2i1p1f1,2086,09,22,0.0,28.580366,11.493013,2086
26198,r2i1p1f1,2086,09,23,0.0,29.326029,12.547608,2086
26199,r2i1p1f1,2086,09,24,0.0,30.655087,12.37794,2086
26200,r2i1p1f1,2086,09,25,0.7522882850594215,28.125555,9.354793,2086
26201,r2i1p1f1,2086,09,26,2.0545856319102995,18.284206,7.575552,2086
26202,r2i1p1f1,2086,09,27,0.0,21.175005,9.956156,2086
26203,r2i1p1f1,2086,09,28,0.0,24.458092,10.464144,2086
26204,r2i1p1f1,2086,09,29,0.0,27.185036,10.234377,2086
26205,r2i1p1f1,2086,09,30,0.0,27.765997,10.403189,2086
26206,r2i1p1f1,2086,10,01,0.0,25.763536,8.54297,2086
26207,r2i1p1f1,2086,10,02,0.0,24.026209,7.6355762,2086
26208,r2i1p1f1,2086,10,03,0.0,25.971691,6.8025494,2086
26209,r2i1p1f1,2086,10,04,4.282664936420133,22.331951,8.651977,2086
26210,r2i1p1f1,2086,10,05,0.8816594349866591,16.784536,4.3370824,2086
26211,r2i1p1f1,2086,10,06,0.0,22.985657,4.6921287,2086
26212,r2i1p1f1,2086,10,07,0.0,26.429455,11.441864,2086
26213,r2i1p1f1,2086,10,08,0.0,27.351044,10.489585,2086
26214,r2i1p1f1,2086,10,09,0.0,27.223448,11.817837,2086
26215,r2i1p1f1,2086,10,10,0.0,30.343163,14.129087,2086
26216,r2i1p1f1,2086,10,11,0.0,32.948887,16.95994,2086
26217,r2i1p1f1,2086,10,12,0.0,33.55198,18.510899,2086
26218,r2i1p1f1,2086,10,13,0.0,35.0331,19.637016,2086
26219,r2i1p1f1,2086,10,14,0.0,35.704426,16.658669,2086
26220,r2i1p1f1,2086,10,15,0.0,32.94013,15.2855425,2086
26221,r2i1p1f1,2086,10,16,0.0,31.430843,15.926902,2086
26222,r2i1p1f1,2086,10,17,0.0,33.016716,17.80895,2086
26223,r2i1p1f1,2086,10,18,0.0,34.56969,17.509996,2086
26224,r2i1p1f1,2086,10,19,0.0,34.691383,17.622797,2086
26225,r2i1p1f1,2086,10,20,0.0,33.078796,17.641747,2086
26226,r2i1p1f1,2086,10,21,0.0,26.93115,11.142998,2086
26227,r2i1p1f1,2086,10,22,0.0,26.203423,9.506742,2086
26228,r2i1p1f1,2086,10,23,0.0,27.848577,11.773716,2086
26229,r2i1p1f1,2086,10,24,0.149150095035111,28.153337,11.51041,2086
26230,r2i1p1f1,2086,10,25,17.435788598595536,20.027214,9.989294,2086
26231,r2i1p1f1,2086,10,26,46.625163599310326,16.827923,12.126144,2086
26232,r2i1p1f1,2086,10,27,9.425890670229364,17.01723,7.2093573,2086
26233,r2i1p1f1,2086,10,28,2.720793163555868,16.62407,9.780859,2086
26234,r2i1p1f1,2086,10,29,0.0,17.840338,4.913628,2086
26235,r2i1p1f1,2086,10,30,0.0,19.798359,6.022493,2086
26236,r2i1p1f1,2086,10,31,0.0,20.933475,7.045186,2086
26237,r2i1p1f1,2086,11,01,0.1713187967126828,19.939777,7.4711347,2086
26238,r2i1p1f1,2086,11,02,0.0,14.697237,2.9212468,2086
26239,r2i1p1f1,2086,11,03,0.0,14.253771,0.7787987,2086
26240,r2i1p1f1,2086,11,04,0.0,16.028679,2.8423147,2086
26241,r2i1p1f1,2086,11,05,0.0,19.122564,4.1597004,2086
26242,r2i1p1f1,2086,11,06,0.0,19.685648,7.0402875,2086
26243,r2i1p1f1,2086,11,07,0.0,20.262218,7.6130753,2086
26244,r2i1p1f1,2086,11,08,0.0,20.44117,7.0596414,2086
26245,r2i1p1f1,2086,11,09,0.2565361061670046,18.262709,4.940745,2086
26246,r2i1p1f1,2086,11,10,12.293139807729858,17.566048,5.4687576,2086
26247,r2i1p1f1,2086,11,11,52.706724031304475,16.00607,8.140968,2086
26248,r2i1p1f1,2086,11,12,4.41541015352982,10.645817,6.077167,2086
26249,r2i1p1f1,2086,11,13,0.0,13.693673,1.3546251,2086
26250,r2i1p1f1,2086,11,14,0.0,16.07595,3.640068,2086
26251,r2i1p1f1,2086,11,15,0.0,17.364273,5.062313,2086
26252,r2i1p1f1,2086,11,16,0.0,18.840195,6.473041,2086
26253,r2i1p1f1,2086,11,17,0.3001296951765653,12.191101,-0.22983582,2086
26254,r2i1p1f1,2086,11,18,0.0006049668456853396,9.028362,-2.6321583,2086
26255,r2i1p1f1,2086,11,19,1.955208921231133,9.832295,2.4311838,2086
26256,r2i1p1f1,2086,11,20,1.976683935544088,10.337678,4.836765,2086
26257,r2i1p1f1,2086,11,21,0.11471939858438418,13.365263,4.6703944,2086
26258,r2i1p1f1,2086,11,22,0.0,14.33392,2.012542,2086
26259,r2i1p1f1,2086,11,23,0.0,14.272352,0.5485448,2086
26260,r2i1p1f1,2086,11,24,0.0,15.334688,3.4855702,2086
26261,r2i1p1f1,2086,11,25,0.0,14.773603,3.596841,2086
26262,r2i1p1f1,2086,11,26,10.196935641170057,13.606459,3.8096287,2086
26263,r2i1p1f1,2086,11,27,30.2488851824819,10.035134,-0.099813886,2086
26264,r2i1p1f1,2086,11,28,0.433278498621803,7.8013883,-2.0929022,2086
26265,r2i1p1f1,2086,11,29,0.0,9.3007345,-0.43663564,2086
26266,r2i1p1f1,2086,11,30,0.0,10.925714,-3.019873,2086
26267,r2i1p1f1,2086,12,01,7.92467942175108,10.6512575,-0.8339553,2086
26268,r2i1p1f1,2086,12,02,0.16203359738540257,6.4208527,2.137709,2086
26269,r2i1p1f1,2086,12,03,0.47072968567363205,13.756668,3.4352765,2086
26270,r2i1p1f1,2086,12,04,0.0,15.221956,3.2746894,2086
26271,r2i1p1f1,2086,12,05,0.0,15.60674,5.062496,2086
26272,r2i1p1f1,2086,12,06,1.655457489806622,14.366924,5.645161,2086
26273,r2i1p1f1,2086,12,07,5.551589295714621,15.639577,8.911989,2086
26274,r2i1p1f1,2086,12,08,77.02339678435237,17.076624,8.261779,2086
26275,r2i1p1f1,2086,12,09,27.436166783809313,8.691152,-1.8455023,2086
26276,r2i1p1f1,2086,12,10,10.530917909477466,8.833185,2.8442214,2086
26277,r2i1p1f1,2086,12,11,0.0,14.326289,1.1611882,2086
26278,r2i1p1f1,2086,12,12,0.0,17.475294,3.9904315,2086
26279,r2i1p1f1,2086,12,13,0.0,17.829058,5.1584644,2086
26280,r2i1p1f1,2086,12,14,0.0,16.021328,3.5682309,2086
26281,r2i1p1f1,2086,12,15,4.737979989630503,13.222391,5.1380353,2086
26282,r2i1p1f1,2086,12,16,13.659329435085965,12.16023,5.5366297,2086
26283,r2i1p1f1,2086,12,17,34.034079095908965,10.957431,6.195112,2086
26284,r2i1p1f1,2086,12,18,31.895723963316414,10.321477,-0.9419543,2086
26285,r2i1p1f1,2086,12,19,1.378437496771312,8.373361,4.2511697,2086
26286,r2i1p1f1,2086,12,20,0.5804575552247115,10.020521,4.0404,2086
26287,r2i1p1f1,2086,12,21,0.0,12.622725,-0.57679427,2086
26288,r2i1p1f1,2086,12,22,0.0,13.170612,1.3219259,2086
26289,r2i1p1f1,2086,12,23,0.0,14.6026,3.668616,2086
26290,r2i1p1f1,2086,12,24,0.0,16.409126,4.089985,2086
26291,r2i1p1f1,2086,12,25,0.0,16.379478,3.5497282,2086
26292,r2i1p1f1,2086,12,26,0.0,14.57938,3.187956,2086
26293,r2i1p1f1,2086,12,27,0.0,13.650523,1.4165149,2086
26294,r2i1p1f1,2086,12,28,0.0,13.096803,1.6313502,2086
26295,r2i1p1f1,2086,12,29,0.03991071120736933,12.340486,0.4693034,2086
26296,r2i1p1f1,2086,12,30,60.26318434815039,6.9475126,-0.0994917,2086
26297,r2i1p1f1,2086,12,31,52.05251674142346,9.187055,3.610066,2086
26298,r2i1p1f1,2087,01,01,19.13209559754705,8.448576,3.6664522,2087
26299,r2i1p1f1,2087,01,02,1.0927684805210447,8.998147,2.7830253,2087
26300,r2i1p1f1,2087,01,03,47.72666385761113,8.745953,2.921293,2087
26301,r2i1p1f1,2087,01,04,0.0,11.548131,-0.3621655,2087
26302,r2i1p1f1,2087,01,05,0.05692298974793175,12.211787,0.19000562,2087
26303,r2i1p1f1,2087,01,06,0.0,12.682624,1.0484627,2087
26304,r2i1p1f1,2087,01,07,0.0028045221142747323,13.210588,1.9011561,2087
26305,r2i1p1f1,2087,01,08,16.67601280250892,13.646694,5.3059688,2087
26306,r2i1p1f1,2087,01,09,0.0,12.329845,0.9662124,2087
26307,r2i1p1f1,2087,01,10,0.055768146035006794,10.914393,5.5273557,2087
26308,r2i1p1f1,2087,01,11,0.0,12.718892,4.45307,2087
26309,r2i1p1f1,2087,01,12,0.5051731208027377,14.983671,5.010537,2087
26310,r2i1p1f1,2087,01,13,0.0,16.431566,4.0542417,2087
26311,r2i1p1f1,2087,01,14,0.0,17.265327,5.377047,2087
26312,r2i1p1f1,2087,01,15,0.0,13.310948,4.6634545,2087
26313,r2i1p1f1,2087,01,16,0.0,15.5984955,4.019514,2087
26314,r2i1p1f1,2087,01,17,4.249910200366003,15.364175,5.1621757,2087
26315,r2i1p1f1,2087,01,18,0.0,14.8518305,6.115656,2087
26316,r2i1p1f1,2087,01,19,28.367330874607433,14.77437,4.4137015,2087
26317,r2i1p1f1,2087,01,20,42.848948393930186,14.1861725,6.996735,2087
26318,r2i1p1f1,2087,01,21,83.42965509655187,12.895109,7.1588264,2087
26319,r2i1p1f1,2087,01,22,62.495743840554496,11.236073,6.636532,2087
26320,r2i1p1f1,2087,01,23,41.411466323188506,11.582254,4.3385944,2087
26321,r2i1p1f1,2087,01,24,75.71106304822024,11.991932,7.161558,2087
26322,r2i1p1f1,2087,01,25,28.183982234622817,12.301928,4.706434,2087
26323,r2i1p1f1,2087,01,26,33.028449867720155,9.7906065,-3.894261,2087
26324,r2i1p1f1,2087,01,27,7.464640017497004,8.662962,2.539044,2087
26325,r2i1p1f1,2087,01,28,0.0,10.449424,3.630444,2087
26326,r2i1p1f1,2087,01,29,0.0,11.003938,0.6610373,2087
26327,r2i1p1f1,2087,01,30,0.003512876901368145,12.529129,-1.6643308,2087
26328,r2i1p1f1,2087,01,31,11.843425655024475,11.739146,-0.0039162636,2087
26329,r2i1p1f1,2087,02,01,18.509128626737947,14.305137,6.370032,2087
26330,r2i1p1f1,2087,02,02,50.717547610838665,12.383615,6.393811,2087
26331,r2i1p1f1,2087,02,03,21.587126676422486,13.465305,8.14442,2087
26332,r2i1p1f1,2087,02,04,0.0,13.206996,3.9237032,2087
26333,r2i1p1f1,2087,02,05,45.00815624378447,13.423597,3.684701,2087
26334,r2i1p1f1,2087,02,06,9.977057304286063,11.386882,1.75213,2087
26335,r2i1p1f1,2087,02,07,7.190381898595888,9.782869,2.977192,2087
26336,r2i1p1f1,2087,02,08,33.95636806671973,9.66078,1.5279211,2087
26337,r2i1p1f1,2087,02,09,63.810067695885664,15.984078,4.7773294,2087
26338,r2i1p1f1,2087,02,10,47.746268172249984,14.353032,8.462366,2087
26339,r2i1p1f1,2087,02,11,67.74678291494638,13.548897,9.433265,2087
26340,r2i1p1f1,2087,02,12,0.0,12.787556,1.4717634,2087
26341,r2i1p1f1,2087,02,13,0.0,16.40734,2.0589278,2087
26342,r2i1p1f1,2087,02,14,0.0,17.706833,4.0443635,2087
26343,r2i1p1f1,2087,02,15,0.0,17.884726,5.677982,2087
26344,r2i1p1f1,2087,02,16,0.0,19.44882,6.010111,2087
26345,r2i1p1f1,2087,02,17,0.0,20.227734,4.868778,2087
26346,r2i1p1f1,2087,02,18,0.5532991125960507,14.096126,3.8840876,2087
26347,r2i1p1f1,2087,02,19,0.2148176489981779,12.984023,2.593829,2087
26348,r2i1p1f1,2087,02,20,0.35838583730765095,9.120429,-0.2706985,2087
26349,r2i1p1f1,2087,02,21,0.03642735173343681,10.360894,-0.45379326,2087
26350,r2i1p1f1,2087,02,22,2.8020100903034972,9.368046,2.174544,2087
26351,r2i1p1f1,2087,02,23,0.0007462463031515654,10.349189,5.55968,2087
26352,r2i1p1f1,2087,02,24,0.0,15.427708,3.297159,2087
26353,r2i1p1f1,2087,02,25,0.0,21.704277,3.8095682,2087
26354,r2i1p1f1,2087,02,26,0.0,20.289555,8.098214,2087
26355,r2i1p1f1,2087,02,27,0.0,19.777885,7.96797,2087
26356,r2i1p1f1,2087,02,28,0.0,20.480503,8.276964,2087
26357,r2i1p1f1,2087,03,01,0.0,22.496332,6.3345532,2087
26358,r2i1p1f1,2087,03,02,0.0,24.438591,8.639347,2087
26359,r2i1p1f1,2087,03,03,0.0,23.501333,9.287302,2087
26360,r2i1p1f1,2087,03,04,0.23367377050931282,18.853271,7.9293747,2087
26361,r2i1p1f1,2087,03,05,0.0,19.427788,4.3779483,2087
26362,r2i1p1f1,2087,03,06,0.0,18.728235,4.4189095,2087
26363,r2i1p1f1,2087,03,07,32.77167018950422,14.139622,5.745272,2087
26364,r2i1p1f1,2087,03,08,3.5848253751964876,10.635395,6.054506,2087
26365,r2i1p1f1,2087,03,09,4.636377446786355,12.734408,5.5570555,2087
26366,r2i1p1f1,2087,03,10,0.2876547846426547,15.397703,3.386153,2087
26367,r2i1p1f1,2087,03,11,0.0,17.958927,3.7245264,2087
26368,r2i1p1f1,2087,03,12,0.0,18.535725,3.7750638,2087
26369,r2i1p1f1,2087,03,13,0.0,18.405083,3.9562557,2087
26370,r2i1p1f1,2087,03,14,0.0,19.281515,4.313468,2087
26371,r2i1p1f1,2087,03,15,0.0,20.423952,6.1302376,2087
26372,r2i1p1f1,2087,03,16,0.0,21.78384,6.9789257,2087
26373,r2i1p1f1,2087,03,17,0.0,22.922878,6.9970813,2087
26374,r2i1p1f1,2087,03,18,0.0,19.565382,6.381075,2087
26375,r2i1p1f1,2087,03,19,0.06307528830120646,15.056434,3.9810634,2087
26376,r2i1p1f1,2087,03,20,9.047432740658223,11.445629,3.4989653,2087
26377,r2i1p1f1,2087,03,21,1.050692114586127,14.18192,3.928215,2087
26378,r2i1p1f1,2087,03,22,0.0,19.39316,3.0416713,2087
26379,r2i1p1f1,2087,03,23,0.0,20.37834,4.5559077,2087
26380,r2i1p1f1,2087,03,24,0.0,20.470552,5.4407883,2087
26381,r2i1p1f1,2087,03,25,0.0,23.596376,7.43117,2087
26382,r2i1p1f1,2087,03,26,0.0,23.67098,6.658817,2087
26383,r2i1p1f1,2087,03,27,0.0,24.072084,7.0629725,2087
26384,r2i1p1f1,2087,03,28,0.8005434901178887,20.211264,5.8672934,2087
26385,r2i1p1f1,2087,03,29,0.4391434306285191,14.532464,3.9275165,2087
26386,r2i1p1f1,2087,03,30,0.5791577176751161,15.653048,2.2804244,2087
26387,r2i1p1f1,2087,03,31,0.2216235403579958,19.19439,5.397624,2087
26388,r2i1p1f1,2087,04,01,0.7045349253246513,17.131784,5.930247,2087
26389,r2i1p1f1,2087,04,02,0.10390945601557178,16.224916,3.6897457,2087
26390,r2i1p1f1,2087,04,03,0.0,19.14767,5.072807,2087
26391,r2i1p1f1,2087,04,04,0.0,19.45007,7.7461495,2087
26392,r2i1p1f1,2087,04,05,0.0,18.292393,2.6080978,2087
26393,r2i1p1f1,2087,04,06,0.0,16.90275,0.8596465,2087
26394,r2i1p1f1,2087,04,07,0.0,19.714815,2.98939,2087
26395,r2i1p1f1,2087,04,08,0.0,22.116932,5.267584,2087
26396,r2i1p1f1,2087,04,09,0.0,25.240211,9.282813,2087
26397,r2i1p1f1,2087,04,10,0.0,29.874136,12.578512,2087
26398,r2i1p1f1,2087,04,11,0.0,30.855448,14.676307,2087
26399,r2i1p1f1,2087,04,12,0.0,31.429344,14.928262,2087
26400,r2i1p1f1,2087,04,13,0.0,31.349771,14.159166,2087
26401,r2i1p1f1,2087,04,14,0.0,31.044779,13.551809,2087
26402,r2i1p1f1,2087,04,15,0.0,28.764503,11.396048,2087
26403,r2i1p1f1,2087,04,16,0.0,24.25774,8.757704,2087
26404,r2i1p1f1,2087,04,17,0.4396070804489227,21.11708,5.358215,2087
26405,r2i1p1f1,2087,04,18,0.1709745502040505,15.61717,3.9967194,2087
26406,r2i1p1f1,2087,04,19,0.0,18.510826,3.2258906,2087
26407,r2i1p1f1,2087,04,20,0.0,22.42012,5.5504727,2087
26408,r2i1p1f1,2087,04,21,0.0,26.161392,8.850105,2087
26409,r2i1p1f1,2087,04,22,0.0,27.885155,10.292055,2087
26410,r2i1p1f1,2087,04,23,0.0,28.517517,9.97485,2087
26411,r2i1p1f1,2087,04,24,0.0,27.877222,12.289786,2087
26412,r2i1p1f1,2087,04,25,0.0,27.32061,10.711531,2087
26413,r2i1p1f1,2087,04,26,0.0,23.305155,5.804561,2087
26414,r2i1p1f1,2087,04,27,0.0,15.310867,-0.53488725,2087
26415,r2i1p1f1,2087,04,28,0.0,20.600773,2.5741882,2087
26416,r2i1p1f1,2087,04,29,0.0,21.615898,2.9824524,2087
26417,r2i1p1f1,2087,04,30,0.0,18.447298,1.5442345,2087
26418,r2i1p1f1,2087,05,01,0.0,19.834791,3.81955,2087
26419,r2i1p1f1,2087,05,02,0.0,26.034647,8.962177,2087
26420,r2i1p1f1,2087,05,03,0.0,30.22228,13.00724,2087
26421,r2i1p1f1,2087,05,04,0.0,31.580889,14.237969,2087
26422,r2i1p1f1,2087,05,05,0.0,31.845316,12.642077,2087
26423,r2i1p1f1,2087,05,06,0.0,27.714918,7.874502,2087
26424,r2i1p1f1,2087,05,07,0.0,23.30214,4.9978886,2087
26425,r2i1p1f1,2087,05,08,16.278691898037323,19.801497,3.6326435,2087
26426,r2i1p1f1,2087,05,09,67.09333459002664,13.477458,8.919732,2087
26427,r2i1p1f1,2087,05,10,0.005981785579933785,16.249617,3.8495517,2087
26428,r2i1p1f1,2087,05,11,0.0,17.637407,4.511065,2087
26429,r2i1p1f1,2087,05,12,4.425184849424113,16.807072,4.8351173,2087
26430,r2i1p1f1,2087,05,13,1.5481042878684903,13.803261,4.770268,2087
26431,r2i1p1f1,2087,05,14,0.0,15.213331,3.8001213,2087
26432,r2i1p1f1,2087,05,15,0.0,19.267265,2.076712,2087
26433,r2i1p1f1,2087,05,16,0.0,21.61715,4.0979624,2087
26434,r2i1p1f1,2087,05,17,1.2393722892511505,20.420021,5.3730493,2087
26435,r2i1p1f1,2087,05,18,1.6488858126649575,20.802677,6.0465484,2087
26436,r2i1p1f1,2087,05,19,0.0,22.980263,6.2871814,2087
26437,r2i1p1f1,2087,05,20,0.0,24.079086,8.74256,2087
26438,r2i1p1f1,2087,05,21,0.0,27.056986,10.197489,2087
26439,r2i1p1f1,2087,05,22,0.0,30.73801,12.889682,2087
26440,r2i1p1f1,2087,05,23,0.0,30.589884,14.638157,2087
26441,r2i1p1f1,2087,05,24,0.0,30.406721,14.080595,2087
26442,r2i1p1f1,2087,05,25,0.0,28.074194,8.160085,2087
26443,r2i1p1f1,2087,05,26,0.0,27.711952,9.684566,2087
26444,r2i1p1f1,2087,05,27,0.0,32.650715,15.549868,2087
26445,r2i1p1f1,2087,05,28,0.0,37.620678,20.163458,2087
26446,r2i1p1f1,2087,05,29,0.0,37.858818,20.054663,2087
26447,r2i1p1f1,2087,05,30,0.0,37.320015,18.398352,2087
26448,r2i1p1f1,2087,05,31,0.0,33.84736,16.76609,2087
26449,r2i1p1f1,2087,06,01,0.0,34.119072,14.842586,2087
26450,r2i1p1f1,2087,06,02,0.0,34.80606,16.713684,2087
26451,r2i1p1f1,2087,06,03,0.0,31.825016,10.830158,2087
26452,r2i1p1f1,2087,06,04,0.44909085056588083,22.702366,3.1028013,2087
26453,r2i1p1f1,2087,06,05,1.145814980935711,14.89101,8.554819,2087
26454,r2i1p1f1,2087,06,06,0.6087064614916926,18.539799,6.6948166,2087
26455,r2i1p1f1,2087,06,07,0.0,23.252974,5.966877,2087
26456,r2i1p1f1,2087,06,08,0.0,28.414942,10.800471,2087
26457,r2i1p1f1,2087,06,09,0.0,29.87595,12.236244,2087
26458,r2i1p1f1,2087,06,10,0.0,29.761148,13.286333,2087
26459,r2i1p1f1,2087,06,11,0.0,30.151442,14.178258,2087
26460,r2i1p1f1,2087,06,12,0.0,32.511673,17.141037,2087
26461,r2i1p1f1,2087,06,13,0.0,35.93845,16.890972,2087
26462,r2i1p1f1,2087,06,14,0.0,35.285286,17.86016,2087
26463,r2i1p1f1,2087,06,15,0.0,35.118732,14.929335,2087
26464,r2i1p1f1,2087,06,16,0.0,33.389053,15.273143,2087
26465,r2i1p1f1,2087,06,17,0.0,33.17845,13.018531,2087
26466,r2i1p1f1,2087,06,18,0.0,32.013855,11.312459,2087
26467,r2i1p1f1,2087,06,19,0.0,27.983944,11.185209,2087
26468,r2i1p1f1,2087,06,20,0.0,28.437708,11.30092,2087
26469,r2i1p1f1,2087,06,21,0.0,28.278738,11.009708,2087
26470,r2i1p1f1,2087,06,22,0.0,30.720848,13.52438,2087
26471,r2i1p1f1,2087,06,23,0.0,33.540623,14.70145,2087
26472,r2i1p1f1,2087,06,24,0.0,34.757553,17.631102,2087
26473,r2i1p1f1,2087,06,25,0.0,35.58026,17.671007,2087
26474,r2i1p1f1,2087,06,26,0.0,35.55196,16.104368,2087
26475,r2i1p1f1,2087,06,27,0.0,33.48105,15.996231,2087
26476,r2i1p1f1,2087,06,28,0.0,31.086412,12.700751,2087
26477,r2i1p1f1,2087,06,29,0.0,30.678215,13.422683,2087
26478,r2i1p1f1,2087,06,30,0.0,29.870993,11.191197,2087
26479,r2i1p1f1,2087,07,01,0.0,27.802845,8.711808,2087
26480,r2i1p1f1,2087,07,02,0.0,26.80767,8.907734,2087
26481,r2i1p1f1,2087,07,03,0.0,27.643654,9.92268,2087
26482,r2i1p1f1,2087,07,04,0.0,30.929426,13.548175,2087
26483,r2i1p1f1,2087,07,05,0.0,34.797157,14.846259,2087
26484,r2i1p1f1,2087,07,06,0.0,37.3452,20.08019,2087
26485,r2i1p1f1,2087,07,07,0.0,37.97249,17.833458,2087
26486,r2i1p1f1,2087,07,08,0.0,37.922737,16.794296,2087
26487,r2i1p1f1,2087,07,09,0.0,35.904198,14.955416,2087
26488,r2i1p1f1,2087,07,10,0.0,36.116806,18.345497,2087
26489,r2i1p1f1,2087,07,11,0.0,36.342327,19.45518,2087
26490,r2i1p1f1,2087,07,12,0.0,35.461227,18.195168,2087
26491,r2i1p1f1,2087,07,13,0.0,35.36608,16.349691,2087
26492,r2i1p1f1,2087,07,14,0.0,36.413612,17.071209,2087
26493,r2i1p1f1,2087,07,15,0.0,37.207287,17.480642,2087
26494,r2i1p1f1,2087,07,16,0.0,37.65927,17.421896,2087
26495,r2i1p1f1,2087,07,17,0.0,37.000084,18.31351,2087
26496,r2i1p1f1,2087,07,18,0.0,36.336956,16.479185,2087
26497,r2i1p1f1,2087,07,19,0.0,36.125885,16.32426,2087
26498,r2i1p1f1,2087,07,20,0.0,39.269684,19.565077,2087
26499,r2i1p1f1,2087,07,21,0.0,42.831745,25.126175,2087
26500,r2i1p1f1,2087,07,22,0.0331590992573183,43.151546,22.562994,2087
26501,r2i1p1f1,2087,07,23,0.0,41.33626,20.357943,2087
26502,r2i1p1f1,2087,07,24,0.010590824422251899,30.721336,13.735165,2087
26503,r2i1p1f1,2087,07,25,0.006783337607885187,33.571312,17.545279,2087
26504,r2i1p1f1,2087,07,26,0.0,35.29568,16.667025,2087
26505,r2i1p1f1,2087,07,27,0.0,37.19496,19.860874,2087
26506,r2i1p1f1,2087,07,28,0.018597498137751245,38.459774,22.938713,2087
26507,r2i1p1f1,2087,07,29,0.013389729065238498,37.24038,17.887327,2087
26508,r2i1p1f1,2087,07,30,3.6567216709954664,35.197342,14.881975,2087
26509,r2i1p1f1,2087,07,31,0.32506456063856604,28.597303,11.101769,2087
26510,r2i1p1f1,2087,08,01,0.0,31.320387,14.208186,2087
26511,r2i1p1f1,2087,08,02,0.0,33.458397,15.74147,2087
26512,r2i1p1f1,2087,08,03,0.0,34.147682,13.137203,2087
26513,r2i1p1f1,2087,08,04,0.0,31.710205,12.340347,2087
26514,r2i1p1f1,2087,08,05,0.0,32.89847,13.862444,2087
26515,r2i1p1f1,2087,08,06,0.0,33.40018,14.298484,2087
26516,r2i1p1f1,2087,08,07,0.0,34.749767,16.786108,2087
26517,r2i1p1f1,2087,08,08,0.0,35.253033,15.7208185,2087
26518,r2i1p1f1,2087,08,09,0.0,35.11513,17.53441,2087
26519,r2i1p1f1,2087,08,10,0.0,36.90626,18.00608,2087
26520,r2i1p1f1,2087,08,11,0.0,38.1034,18.211021,2087
26521,r2i1p1f1,2087,08,12,0.0,39.22583,21.251833,2087
26522,r2i1p1f1,2087,08,13,0.0,39.648422,21.203814,2087
26523,r2i1p1f1,2087,08,14,0.0,39.55124,21.256905,2087
26524,r2i1p1f1,2087,08,15,0.0,36.69788,18.543127,2087
26525,r2i1p1f1,2087,08,16,0.0,37.53709,21.029238,2087
26526,r2i1p1f1,2087,08,17,0.0,38.079723,20.313658,2087
26527,r2i1p1f1,2087,08,18,0.0,38.586895,19.88824,2087
26528,r2i1p1f1,2087,08,19,0.0,38.663475,21.143887,2087
26529,r2i1p1f1,2087,08,20,0.0,39.25517,19.368135,2087
26530,r2i1p1f1,2087,08,21,0.0,37.691856,20.056547,2087
26531,r2i1p1f1,2087,08,22,0.0,37.191387,18.484806,2087
26532,r2i1p1f1,2087,08,23,0.0,36.138443,17.188883,2087
26533,r2i1p1f1,2087,08,24,0.0,35.513824,16.505264,2087
26534,r2i1p1f1,2087,08,25,0.0,35.918953,15.210693,2087
26535,r2i1p1f1,2087,08,26,0.0,35.23878,16.414589,2087
26536,r2i1p1f1,2087,08,27,0.0,36.19969,18.160112,2087
26537,r2i1p1f1,2087,08,28,0.0,37.18263,17.773705,2087
26538,r2i1p1f1,2087,08,29,0.0,37.896584,18.740013,2087
26539,r2i1p1f1,2087,08,30,0.11277537132627913,34.54991,14.894941,2087
26540,r2i1p1f1,2087,08,31,0.0,34.005474,16.97518,2087
26541,r2i1p1f1,2087,09,01,0.0,35.095654,19.088987,2087
26542,r2i1p1f1,2087,09,02,0.0,35.239765,17.387392,2087
26543,r2i1p1f1,2087,09,03,0.0,35.1957,17.151196,2087
26544,r2i1p1f1,2087,09,04,0.0,35.287178,18.375166,2087
26545,r2i1p1f1,2087,09,05,0.0,37.19912,20.455025,2087
26546,r2i1p1f1,2087,09,06,0.0,37.6942,18.3307,2087
26547,r2i1p1f1,2087,09,07,0.0,35.848408,16.677475,2087
26548,r2i1p1f1,2087,09,08,0.0,33.52476,16.02602,2087
26549,r2i1p1f1,2087,09,09,0.0,34.160816,16.611454,2087
26550,r2i1p1f1,2087,09,10,0.0,34.63811,17.125313,2087
26551,r2i1p1f1,2087,09,11,0.0,35.170097,18.772213,2087
26552,r2i1p1f1,2087,09,12,0.0,35.082035,18.17308,2087
26553,r2i1p1f1,2087,09,13,0.0,35.86123,16.50016,2087
26554,r2i1p1f1,2087,09,14,0.0,33.14952,14.750225,2087
26555,r2i1p1f1,2087,09,15,0.0,31.23452,13.566435,2087
26556,r2i1p1f1,2087,09,16,0.034039109596051276,31.396528,15.254155,2087
26557,r2i1p1f1,2087,09,17,0.0,34.0109,16.54546,2087
26558,r2i1p1f1,2087,09,18,0.20687296361927565,34.409573,15.828018,2087
26559,r2i1p1f1,2087,09,19,0.10920510584355725,32.27044,16.234936,2087
26560,r2i1p1f1,2087,09,20,0.0,31.825047,17.854727,2087
26561,r2i1p1f1,2087,09,21,0.0037579018680844456,32.61186,15.763781,2087
26562,r2i1p1f1,2087,09,22,0.565187273622314,32.777405,16.098701,2087
26563,r2i1p1f1,2087,09,23,7.665726553621255,31.126888,13.222381,2087
26564,r2i1p1f1,2087,09,24,4.3054162122189155,21.468613,11.666053,2087
26565,r2i1p1f1,2087,09,25,0.21619994606112414,20.720493,9.831693,2087
26566,r2i1p1f1,2087,09,26,0.05246567652648082,24.255684,9.918359,2087
26567,r2i1p1f1,2087,09,27,0.06904686883899558,23.406586,9.154568,2087
26568,r2i1p1f1,2087,09,28,0.0,24.276648,9.385912,2087
26569,r2i1p1f1,2087,09,29,0.0,26.796072,9.837879,2087
26570,r2i1p1f1,2087,09,30,17.38714777166024,24.167961,5.816174,2087
26571,r2i1p1f1,2087,10,01,13.417174536789389,16.767466,8.377386,2087
26572,r2i1p1f1,2087,10,02,26.31148763281317,17.326456,8.763981,2087
26573,r2i1p1f1,2087,10,03,0.0,20.65211,6.878522,2087
26574,r2i1p1f1,2087,10,04,0.0,22.739206,8.907574,2087
26575,r2i1p1f1,2087,10,05,0.0,22.78267,9.231364,2087
26576,r2i1p1f1,2087,10,06,0.0,22.784456,9.816527,2087
26577,r2i1p1f1,2087,10,07,0.0,23.727713,10.376839,2087
26578,r2i1p1f1,2087,10,08,0.0,24.554176,10.209486,2087
26579,r2i1p1f1,2087,10,09,0.0,25.9758,10.470056,2087
26580,r2i1p1f1,2087,10,10,0.0,26.73066,9.841098,2087
26581,r2i1p1f1,2087,10,11,0.0,27.987831,12.08344,2087
26582,r2i1p1f1,2087,10,12,0.0,28.542185,13.164959,2087
26583,r2i1p1f1,2087,10,13,0.0,29.13466,14.45557,2087
26584,r2i1p1f1,2087,10,14,0.0,29.393633,14.883362,2087
26585,r2i1p1f1,2087,10,15,0.0,29.553171,14.813002,2087
26586,r2i1p1f1,2087,10,16,0.0,27.795757,11.565316,2087
26587,r2i1p1f1,2087,10,17,0.37872006189871854,20.572664,4.696011,2087
26588,r2i1p1f1,2087,10,18,0.05906825581405428,19.515923,8.126882,2087
26589,r2i1p1f1,2087,10,19,3.93502294875816,17.548195,10.027286,2087
26590,r2i1p1f1,2087,10,20,0.022943025578570087,21.187624,10.52543,2087
26591,r2i1p1f1,2087,10,21,0.0,22.966106,10.660923,2087
26592,r2i1p1f1,2087,10,22,3.081548163129355,19.19727,7.2133145,2087
26593,r2i1p1f1,2087,10,23,0.00758655987738166,21.59446,9.293886,2087
26594,r2i1p1f1,2087,10,24,0.0,22.612234,8.42534,2087
26595,r2i1p1f1,2087,10,25,3.7360881889526354,19.81598,6.46208,2087
26596,r2i1p1f1,2087,10,26,13.840249332542953,16.87238,7.2744503,2087
26597,r2i1p1f1,2087,10,27,0.0,15.172614,3.1078682,2087
26598,r2i1p1f1,2087,10,28,1.0843280662612642,17.492695,8.127821,2087
26599,r2i1p1f1,2087,10,29,0.0,21.65594,7.962771,2087
26600,r2i1p1f1,2087,10,30,0.14413890338573765,21.25106,8.696631,2087
26601,r2i1p1f1,2087,10,31,4.682739482609577,16.875488,4.2631946,2087
26602,r2i1p1f1,2087,11,01,0.0,10.79237,0.15602095,2087
26603,r2i1p1f1,2087,11,02,0.0,11.810733,-1.6871223,2087
26604,r2i1p1f1,2087,11,03,0.0,14.558375,1.9667301,2087
26605,r2i1p1f1,2087,11,04,0.0,18.207706,4.4730377,2087
26606,r2i1p1f1,2087,11,05,0.0,19.600714,5.1878114,2087
26607,r2i1p1f1,2087,11,06,0.0,20.992199,7.366657,2087
26608,r2i1p1f1,2087,11,07,0.0,21.692087,8.668097,2087
26609,r2i1p1f1,2087,11,08,0.0,22.604362,9.892455,2087
26610,r2i1p1f1,2087,11,09,0.0,22.715889,9.922088,2087
26611,r2i1p1f1,2087,11,10,0.0,23.34754,7.9370136,2087
26612,r2i1p1f1,2087,11,11,12.83048687896553,18.966835,7.914249,2087
26613,r2i1p1f1,2087,11,12,0.3416772830746595,17.172596,8.480447,2087
26614,r2i1p1f1,2087,11,13,0.0,18.585032,6.673191,2087
26615,r2i1p1f1,2087,11,14,0.0,17.938183,7.326391,2087
26616,r2i1p1f1,2087,11,15,0.0,16.926886,5.218403,2087
26617,r2i1p1f1,2087,11,16,0.0,18.900589,7.265441,2087
26618,r2i1p1f1,2087,11,17,0.0,20.475386,9.668175,2087
26619,r2i1p1f1,2087,11,18,0.0,20.956747,6.7325516,2087
26620,r2i1p1f1,2087,11,19,0.0,22.151524,9.440014,2087
26621,r2i1p1f1,2087,11,20,0.0,24.090366,9.738896,2087
26622,r2i1p1f1,2087,11,21,0.0,22.877605,8.611846,2087
26623,r2i1p1f1,2087,11,22,0.0,21.438599,7.93731,2087
26624,r2i1p1f1,2087,11,23,0.0,21.632065,7.8220196,2087
26625,r2i1p1f1,2087,11,24,0.0,20.538645,9.571637,2087
26626,r2i1p1f1,2087,11,25,0.1847980630600432,20.538399,6.5125546,2087
26627,r2i1p1f1,2087,11,26,0.009530060367524129,15.504832,6.911681,2087
26628,r2i1p1f1,2087,11,27,0.0,15.427395,3.230968,2087
26629,r2i1p1f1,2087,11,28,0.0,14.305366,3.9613838,2087
26630,r2i1p1f1,2087,11,29,0.0,14.438038,2.7133107,2087
26631,r2i1p1f1,2087,11,30,0.0,16.928495,1.5787607,2087
26632,r2i1p1f1,2087,12,01,0.0,17.352276,5.9189553,2087
26633,r2i1p1f1,2087,12,02,31.090850603504805,13.005954,7.0906544,2087
26634,r2i1p1f1,2087,12,03,0.0,12.613011,1.0822095,2087
26635,r2i1p1f1,2087,12,04,0.0,13.484486,1.9314791,2087
26636,r2i1p1f1,2087,12,05,0.0,11.82367,-0.34763014,2087
26637,r2i1p1f1,2087,12,06,10.70253971713555,11.47536,0.9741957,2087
26638,r2i1p1f1,2087,12,07,2.763154901361986,10.064759,5.2260017,2087
26639,r2i1p1f1,2087,12,08,0.0,11.526825,-0.3114551,2087
26640,r2i1p1f1,2087,12,09,7.21824934128108,8.256557,3.3204465,2087
26641,r2i1p1f1,2087,12,10,62.790376463817665,8.112722,2.5022757,2087
26642,r2i1p1f1,2087,12,11,11.082573344776847,8.207976,0.088615626,2087
26643,r2i1p1f1,2087,12,12,2.3065801324150925,8.330607,2.9224575,2087
26644,r2i1p1f1,2087,12,13,0.7219531875620078,9.629887,1.6004874,2087
26645,r2i1p1f1,2087,12,14,14.7780212163525,10.269989,5.114247,2087
26646,r2i1p1f1,2087,12,15,0.0,12.453831,2.9602256,2087
26647,r2i1p1f1,2087,12,16,0.0,13.0478735,3.0124292,2087
26648,r2i1p1f1,2087,12,17,0.0,15.067213,3.6626728,2087
26649,r2i1p1f1,2087,12,18,0.0,18.548985,5.1233807,2087
26650,r2i1p1f1,2087,12,19,0.0,20.331314,6.8170114,2087
26651,r2i1p1f1,2087,12,20,0.0,17.871487,8.415516,2087
26652,r2i1p1f1,2087,12,21,0.0,15.069926,3.9285855,2087
26653,r2i1p1f1,2087,12,22,0.0,14.614186,3.398785,2087
26654,r2i1p1f1,2087,12,23,0.0,13.516079,2.1390982,2087
26655,r2i1p1f1,2087,12,24,0.0,13.23184,2.1856484,2087
26656,r2i1p1f1,2087,12,25,0.0,14.084062,1.328725,2087
26657,r2i1p1f1,2087,12,26,0.0,13.463757,0.72615933,2087
26658,r2i1p1f1,2087,12,27,0.0,13.424221,1.4416995,2087
26659,r2i1p1f1,2087,12,28,3.403969430678444,10.890218,-0.4112801,2087
26660,r2i1p1f1,2087,12,29,3.6623106661693328,8.62377,0.27561125,2087
26661,r2i1p1f1,2087,12,30,61.66050800238736,7.777636,3.5414667,2087
26662,r2i1p1f1,2087,12,31,24.722460723569384,8.12033,-2.835962,2087
26663,r2i1p1f1,2088,01,01,43.168841960141435,8.742303,2.4949102,2088
26664,r2i1p1f1,2088,01,02,21.733328035588784,8.862057,2.589953,2088
26665,r2i1p1f1,2088,01,03,4.10667411018153,7.118748,0.7151717,2088
26666,r2i1p1f1,2088,01,04,20.498255662459997,13.783391,-0.21234995,2088
26667,r2i1p1f1,2088,01,05,34.207195997441886,14.422712,6.571357,2088
26668,r2i1p1f1,2088,01,06,3.877275130446378,14.362422,9.037113,2088
26669,r2i1p1f1,2088,01,07,50.87179239926627,13.406728,8.089863,2088
26670,r2i1p1f1,2088,01,08,26.32918997496745,14.581141,2.0143392,2088
26671,r2i1p1f1,2088,01,09,26.226177910211845,10.07896,1.204418,2088
26672,r2i1p1f1,2088,01,10,32.63068760679744,10.498989,1.3606241,2088
26673,r2i1p1f1,2088,01,11,28.777652110147756,11.88879,5.721168,2088
26674,r2i1p1f1,2088,01,12,74.97913747574785,14.241608,9.719149,2088
26675,r2i1p1f1,2088,01,13,7.244015662854508,17.110796,10.454047,2088
26676,r2i1p1f1,2088,01,14,0.0,18.315636,5.5866723,2088
26677,r2i1p1f1,2088,01,15,1.5304305116728756,17.86652,7.4637775,2088
26678,r2i1p1f1,2088,01,16,0.0,17.571651,7.1814694,2088
26679,r2i1p1f1,2088,01,17,0.0,18.060564,6.3120117,2088
26680,r2i1p1f1,2088,01,18,0.0,18.972101,6.483924,2088
26681,r2i1p1f1,2088,01,19,0.0,18.602009,7.743612,2088
26682,r2i1p1f1,2088,01,20,0.0,19.424881,8.404319,2088
26683,r2i1p1f1,2088,01,21,0.0,19.839518,7.937075,2088
26684,r2i1p1f1,2088,01,22,0.0,19.956112,8.755492,2088
26685,r2i1p1f1,2088,01,23,0.0,19.77266,8.792413,2088
26686,r2i1p1f1,2088,01,24,0.0,20.221708,8.655535,2088
26687,r2i1p1f1,2088,01,25,0.0,19.769356,8.513615,2088
26688,r2i1p1f1,2088,01,26,0.0,19.999329,8.963232,2088
26689,r2i1p1f1,2088,01,27,0.0,20.540405,9.69143,2088
26690,r2i1p1f1,2088,01,28,0.0,21.604767,8.0204,2088
26691,r2i1p1f1,2088,01,29,0.0,19.24115,6.953676,2088
26692,r2i1p1f1,2088,01,30,0.0,19.401459,6.6848927,2088
26693,r2i1p1f1,2088,01,31,0.0,20.548464,7.4408092,2088
26694,r2i1p1f1,2088,02,01,0.0,20.52836,6.7532735,2088
26695,r2i1p1f1,2088,02,02,0.0,19.178318,6.7358513,2088
26696,r2i1p1f1,2088,02,03,17.04144850850753,13.471618,8.089208,2088
26697,r2i1p1f1,2088,02,04,0.7672098322530019,13.503575,7.850866,2088
26698,r2i1p1f1,2088,02,05,0.0,16.578505,5.286972,2088
26699,r2i1p1f1,2088,02,06,1.3390822757244791,18.203794,6.007975,2088
26700,r2i1p1f1,2088,02,07,12.123492319915385,15.97425,8.956634,2088
26701,r2i1p1f1,2088,02,08,19.549182471018867,16.370659,10.898761,2088
26702,r2i1p1f1,2088,02,09,0.35062385448156874,16.270817,11.181576,2088
26703,r2i1p1f1,2088,02,10,0.7817595563665236,17.85594,8.390229,2088
26704,r2i1p1f1,2088,02,11,0.0,16.56889,3.8413484,2088
26705,r2i1p1f1,2088,02,12,0.0,20.06372,6.27885,2088
26706,r2i1p1f1,2088,02,13,0.0041544662963133305,20.104273,6.485043,2088
26707,r2i1p1f1,2088,02,14,8.453460083308073,19.184994,6.024636,2088
26708,r2i1p1f1,2088,02,15,4.547653579254529,14.200907,8.368303,2088
26709,r2i1p1f1,2088,02,16,27.836032873165095,16.210304,7.251477,2088
26710,r2i1p1f1,2088,02,17,17.861870950264347,14.376469,7.371821,2088
26711,r2i1p1f1,2088,02,18,69.57252067586523,14.310314,7.9250183,2088
26712,r2i1p1f1,2088,02,19,110.3952075689449,15.752233,9.300235,2088
26713,r2i1p1f1,2088,02,20,91.6655519802589,16.75362,9.198809,2088
26714,r2i1p1f1,2088,02,21,0.2776787233557343,12.727337,0.6840031,2088
26715,r2i1p1f1,2088,02,22,0.0,15.003215,0.81952024,2088
26716,r2i1p1f1,2088,02,23,0.0,15.14204,1.4728786,2088
26717,r2i1p1f1,2088,02,24,11.947881997548393,13.800425,4.062904,2088
26718,r2i1p1f1,2088,02,25,36.45731238739245,13.151463,5.1478133,2088
26719,r2i1p1f1,2088,02,26,1.3996477022033105,13.803203,4.7253222,2088
26720,r2i1p1f1,2088,02,27,0.39520996681972065,12.19409,3.2333002,2088
26721,r2i1p1f1,2088,02,28,18.52571360963111,14.314543,4.8909755,2088
26722,r2i1p1f1,2088,02,29,0.5587177004144905,14.849906,4.89232,2088
26723,r2i1p1f1,2088,03,01,0.0,15.519407,3.6169646,2088
26724,r2i1p1f1,2088,03,02,0.0,17.986279,2.694142,2088
26725,r2i1p1f1,2088,03,03,0.0,17.670399,2.912322,2088
26726,r2i1p1f1,2088,03,04,0.0,18.484646,5.4834757,2088
26727,r2i1p1f1,2088,03,05,0.0,18.681341,3.7798212,2088
26728,r2i1p1f1,2088,03,06,0.0,20.037685,4.529068,2088
26729,r2i1p1f1,2088,03,07,0.0,21.650322,6.3958435,2088
26730,r2i1p1f1,2088,03,08,0.0,20.003494,4.659365,2088
26731,r2i1p1f1,2088,03,09,0.0,18.328257,5.223112,2088
26732,r2i1p1f1,2088,03,10,0.0,17.370708,6.1084275,2088
26733,r2i1p1f1,2088,03,11,0.0,19.696785,5.494238,2088
26734,r2i1p1f1,2088,03,12,0.2517040510269908,19.462149,3.5757976,2088
26735,r2i1p1f1,2088,03,13,0.6138463504328229,18.383453,6.659352,2088
26736,r2i1p1f1,2088,03,14,11.562946221511083,17.498535,3.536542,2088
26737,r2i1p1f1,2088,03,15,16.553797597589437,13.340903,8.142229,2088
26738,r2i1p1f1,2088,03,16,52.6802097534528,12.798898,7.799665,2088
26739,r2i1p1f1,2088,03,17,5.842083594257019,11.693473,2.6803777,2088
26740,r2i1p1f1,2088,03,18,11.250233018824929,9.680523,1.5136265,2088
26741,r2i1p1f1,2088,03,19,0.0,14.838913,-0.8479287,2088
26742,r2i1p1f1,2088,03,20,0.0,17.340164,1.2155436,2088
26743,r2i1p1f1,2088,03,21,0.0,17.589931,3.2985818,2088
26744,r2i1p1f1,2088,03,22,0.0,17.29475,4.5193453,2088
26745,r2i1p1f1,2088,03,23,0.0,16.389635,1.5829141,2088
26746,r2i1p1f1,2088,03,24,0.0,18.24015,1.4827013,2088
26747,r2i1p1f1,2088,03,25,0.0,20.116728,3.891905,2088
26748,r2i1p1f1,2088,03,26,0.01030248265578848,20.07213,5.132804,2088
26749,r2i1p1f1,2088,03,27,0.0,14.299369,2.716446,2088
26750,r2i1p1f1,2088,03,28,0.0,17.627096,1.5296122,2088
26751,r2i1p1f1,2088,03,29,0.0,19.655863,5.103653,2088
26752,r2i1p1f1,2088,03,30,0.0,20.648674,5.5144777,2088
26753,r2i1p1f1,2088,03,31,47.21146260490059,15.100294,5.382121,2088
26754,r2i1p1f1,2088,04,01,30.409191757280496,9.684897,4.7076125,2088
26755,r2i1p1f1,2088,04,02,16.813167338114,10.4359665,3.6419804,2088
26756,r2i1p1f1,2088,04,03,4.330131237509249,10.886323,3.271806,2088
26757,r2i1p1f1,2088,04,04,0.7209125204553857,14.976342,4.036165,2088
26758,r2i1p1f1,2088,04,05,0.17990576725424035,17.115555,2.6468337,2088
26759,r2i1p1f1,2088,04,06,0.041127750864689006,18.258936,7.047634,2088
26760,r2i1p1f1,2088,04,07,0.0,18.476776,3.138655,2088
26761,r2i1p1f1,2088,04,08,0.0,17.904478,2.7258017,2088
26762,r2i1p1f1,2088,04,09,1.4217491671985272,15.317073,6.593459,2088
26763,r2i1p1f1,2088,04,10,0.0,15.690587,4.1155586,2088
26764,r2i1p1f1,2088,04,11,0.0,15.848499,1.5789053,2088
26765,r2i1p1f1,2088,04,12,0.29459030858447477,15.506237,5.4131804,2088
26766,r2i1p1f1,2088,04,13,0.0,17.665388,2.2412539,2088
26767,r2i1p1f1,2088,04,14,0.0,21.446955,4.022818,2088
26768,r2i1p1f1,2088,04,15,0.20016862990814843,20.101797,4.765817,2088
26769,r2i1p1f1,2088,04,16,0.0,17.82071,3.5945973,2088
26770,r2i1p1f1,2088,04,17,0.0,16.930902,6.231003,2088
26771,r2i1p1f1,2088,04,18,0.0,17.716434,4.8020763,2088
26772,r2i1p1f1,2088,04,19,0.0,18.632692,3.3410056,2088
26773,r2i1p1f1,2088,04,20,0.0,24.991562,7.6928897,2088
26774,r2i1p1f1,2088,04,21,0.0,26.942379,11.647442,2088
26775,r2i1p1f1,2088,04,22,0.0,24.875017,7.9945,2088
26776,r2i1p1f1,2088,04,23,0.0,23.536299,8.214803,2088
26777,r2i1p1f1,2088,04,24,10.476665571422927,20.193546,5.254926,2088
26778,r2i1p1f1,2088,04,25,7.266252294812148,19.699593,5.4885497,2088
26779,r2i1p1f1,2088,04,26,11.391221393114392,19.667126,3.7997026,2088
26780,r2i1p1f1,2088,04,27,0.0,16.263222,3.1196504,2088
26781,r2i1p1f1,2088,04,28,0.0,23.099867,6.3094497,2088
26782,r2i1p1f1,2088,04,29,0.0,28.556847,11.597549,2088
26783,r2i1p1f1,2088,04,30,0.0,29.59354,12.141319,2088
26784,r2i1p1f1,2088,05,01,0.0,29.157907,12.68603,2088
26785,r2i1p1f1,2088,05,02,0.0,27.971016,12.466079,2088
26786,r2i1p1f1,2088,05,03,0.0,26.477945,10.183532,2088
26787,r2i1p1f1,2088,05,04,0.0,24.715927,8.302502,2088
26788,r2i1p1f1,2088,05,05,0.0,22.594706,6.6426144,2088
26789,r2i1p1f1,2088,05,06,0.08148003711312413,19.004625,5.2513676,2088
26790,r2i1p1f1,2088,05,07,1.1961183258620167,17.799778,7.019178,2088
26791,r2i1p1f1,2088,05,08,0.0,20.386948,5.491433,2088
26792,r2i1p1f1,2088,05,09,0.0,21.71255,4.589385,2088
26793,r2i1p1f1,2088,05,10,0.0,19.65319,1.4287151,2088
26794,r2i1p1f1,2088,05,11,0.0,20.98709,4.336634,2088
26795,r2i1p1f1,2088,05,12,0.0,30.132961,9.868526,2088
26796,r2i1p1f1,2088,05,13,0.0,30.957642,11.498784,2088
26797,r2i1p1f1,2088,05,14,0.0,30.816734,10.753879,2088
26798,r2i1p1f1,2088,05,15,16.03812200153243,20.179314,2.1719372,2088
26799,r2i1p1f1,2088,05,16,16.131339820574908,17.704311,9.491396,2088
26800,r2i1p1f1,2088,05,17,0.0,20.308409,5.7542095,2088
26801,r2i1p1f1,2088,05,18,0.0,22.485088,6.710512,2088
26802,r2i1p1f1,2088,05,19,0.0,23.283941,6.777308,2088
26803,r2i1p1f1,2088,05,20,0.7781984513258067,23.025011,4.7013493,2088
26804,r2i1p1f1,2088,05,21,9.677289220053353,17.111948,3.9227557,2088
26805,r2i1p1f1,2088,05,22,0.0,18.281334,5.391938,2088
26806,r2i1p1f1,2088,05,23,0.0,21.369728,5.605832,2088
26807,r2i1p1f1,2088,05,24,0.0,26.174986,8.935513,2088
26808,r2i1p1f1,2088,05,25,0.0,30.33565,12.75048,2088
26809,r2i1p1f1,2088,05,26,0.0,33.572575,14.578578,2088
26810,r2i1p1f1,2088,05,27,0.0,34.211185,15.633823,2088
26811,r2i1p1f1,2088,05,28,0.0,33.763264,15.389729,2088
26812,r2i1p1f1,2088,05,29,0.0,30.62507,12.229253,2088
26813,r2i1p1f1,2088,05,30,0.0,27.821102,12.421471,2088
26814,r2i1p1f1,2088,05,31,0.0,27.327696,12.234273,2088
26815,r2i1p1f1,2088,06,01,0.0,26.887243,9.5071745,2088
26816,r2i1p1f1,2088,06,02,0.0,29.578426,11.676346,2088
26817,r2i1p1f1,2088,06,03,0.8835973851091694,28.08243,9.636301,2088
26818,r2i1p1f1,2088,06,04,17.006556096202985,22.164558,4.2227197,2088
26819,r2i1p1f1,2088,06,05,3.483730648603256,19.438051,7.6163306,2088
26820,r2i1p1f1,2088,06,06,1.3730982190963914,22.632286,8.019718,2088
26821,r2i1p1f1,2088,06,07,0.13341713778345365,25.058235,10.337177,2088
26822,r2i1p1f1,2088,06,08,0.015763914461786044,30.592438,13.937034,2088
26823,r2i1p1f1,2088,06,09,0.0,32.048336,15.666543,2088
26824,r2i1p1f1,2088,06,10,0.33490613770652544,31.429527,16.802477,2088
26825,r2i1p1f1,2088,06,11,0.0,30.668423,14.381697,2088
26826,r2i1p1f1,2088,06,12,0.0,33.173424,14.690267,2088
26827,r2i1p1f1,2088,06,13,0.009299596947442978,33.521465,14.148305,2088
26828,r2i1p1f1,2088,06,14,0.0,33.537235,18.40702,2088
26829,r2i1p1f1,2088,06,15,0.0,34.246597,15.56386,2088
26830,r2i1p1f1,2088,06,16,0.0,35.653435,16.963968,2088
26831,r2i1p1f1,2088,06,17,0.0,33.173103,15.0312,2088
26832,r2i1p1f1,2088,06,18,0.0,31.240133,11.472713,2088
26833,r2i1p1f1,2088,06,19,0.0,29.02124,11.033123,2088
26834,r2i1p1f1,2088,06,20,0.0,29.395561,12.738746,2088
26835,r2i1p1f1,2088,06,21,0.0,30.232788,13.825387,2088
26836,r2i1p1f1,2088,06,22,0.0,33.670067,14.372803,2088
26837,r2i1p1f1,2088,06,23,0.0,37.42296,19.260666,2088
26838,r2i1p1f1,2088,06,24,0.0,38.24266,19.855034,2088
26839,r2i1p1f1,2088,06,25,0.0,39.51099,20.622854,2088
26840,r2i1p1f1,2088,06,26,0.0,40.889114,21.378708,2088
26841,r2i1p1f1,2088,06,27,0.0,41.37224,22.797571,2088
26842,r2i1p1f1,2088,06,28,0.0,42.013626,24.067347,2088
26843,r2i1p1f1,2088,06,29,0.0,41.698696,25.895103,2088
26844,r2i1p1f1,2088,06,30,0.0,42.29656,21.747746,2088
26845,r2i1p1f1,2088,07,01,0.0,42.60741,24.651617,2088
26846,r2i1p1f1,2088,07,02,0.0,42.254074,21.954243,2088
26847,r2i1p1f1,2088,07,03,0.0,38.55033,18.095694,2088
26848,r2i1p1f1,2088,07,04,0.0,32.412163,14.580922,2088
26849,r2i1p1f1,2088,07,05,0.0,32.728714,14.72052,2088
26850,r2i1p1f1,2088,07,06,0.0,31.386026,12.482143,2088
26851,r2i1p1f1,2088,07,07,0.0,33.26471,14.33276,2088
26852,r2i1p1f1,2088,07,08,0.0,35.481934,16.372261,2088
26853,r2i1p1f1,2088,07,09,0.09562164441376808,35.772076,16.908243,2088
26854,r2i1p1f1,2088,07,10,0.0,26.615747,11.407441,2088
26855,r2i1p1f1,2088,07,11,0.0,30.626364,13.597595,2088
26856,r2i1p1f1,2088,07,12,0.0,32.717697,15.677858,2088
26857,r2i1p1f1,2088,07,13,0.0,34.27616,14.259689,2088
26858,r2i1p1f1,2088,07,14,0.0,36.737553,16.476847,2088
26859,r2i1p1f1,2088,07,15,0.200728586059995,36.85194,17.201933,2088
26860,r2i1p1f1,2088,07,16,0.0,37.9358,19.79991,2088
26861,r2i1p1f1,2088,07,17,0.0,38.691498,19.038916,2088
26862,r2i1p1f1,2088,07,18,0.0,37.719788,19.351517,2088
26863,r2i1p1f1,2088,07,19,0.2922259839124308,37.458847,19.580027,2088
26864,r2i1p1f1,2088,07,20,0.0,35.22846,18.289848,2088
26865,r2i1p1f1,2088,07,21,0.0,35.297012,18.364168,2088
26866,r2i1p1f1,2088,07,22,0.0,37.079006,18.20363,2088
26867,r2i1p1f1,2088,07,23,0.0,37.49498,19.757252,2088
26868,r2i1p1f1,2088,07,24,0.0,36.949875,17.91858,2088
26869,r2i1p1f1,2088,07,25,0.0,38.1302,17.6361,2088
26870,r2i1p1f1,2088,07,26,0.007691405153309461,37.77094,19.188313,2088
26871,r2i1p1f1,2088,07,27,0.0,38.021336,19.224272,2088
26872,r2i1p1f1,2088,07,28,0.0,41.56116,24.332664,2088
26873,r2i1p1f1,2088,07,29,0.002379331453994382,41.81717,25.068342,2088
26874,r2i1p1f1,2088,07,30,0.0,40.541973,20.298178,2088
26875,r2i1p1f1,2088,07,31,0.04675236095863511,41.811134,22.496983,2088
26876,r2i1p1f1,2088,08,01,0.0,37.976013,18.912159,2088
26877,r2i1p1f1,2088,08,02,0.0024908938826229132,37.921734,19.993093,2088
26878,r2i1p1f1,2088,08,03,0.0,38.009106,20.294436,2088
26879,r2i1p1f1,2088,08,04,0.0,38.948433,20.808277,2088
26880,r2i1p1f1,2088,08,05,0.07788161606185895,39.09818,22.376736,2088
26881,r2i1p1f1,2088,08,06,0.0,42.13026,24.962887,2088
26882,r2i1p1f1,2088,08,07,0.0,42.847366,21.718378,2088
26883,r2i1p1f1,2088,08,08,0.0,42.14622,24.204758,2088
26884,r2i1p1f1,2088,08,09,0.0,42.63851,24.974861,2088
26885,r2i1p1f1,2088,08,10,0.0,39.131573,19.82298,2088
26886,r2i1p1f1,2088,08,11,0.0,36.592373,19.852062,2088
26887,r2i1p1f1,2088,08,12,0.0,37.147766,19.93359,2088
26888,r2i1p1f1,2088,08,13,0.0,37.61906,18.506964,2088
26889,r2i1p1f1,2088,08,14,0.0,37.43654,19.927494,2088
26890,r2i1p1f1,2088,08,15,0.0,37.84381,20.687653,2088
26891,r2i1p1f1,2088,08,16,0.0,38.449093,20.612074,2088
26892,r2i1p1f1,2088,08,17,0.0,36.89635,18.987148,2088
26893,r2i1p1f1,2088,08,18,0.0,37.540905,19.621187,2088
26894,r2i1p1f1,2088,08,19,0.3764765135201742,35.76341,16.89878,2088
26895,r2i1p1f1,2088,08,20,0.13861865736544132,29.066973,10.530994,2088
26896,r2i1p1f1,2088,08,21,0.0,29.954655,13.075041,2088
26897,r2i1p1f1,2088,08,22,0.0,36.007423,18.694979,2088
26898,r2i1p1f1,2088,08,23,0.0,39.684277,21.339373,2088
26899,r2i1p1f1,2088,08,24,0.0,40.504757,24.25847,2088
26900,r2i1p1f1,2088,08,25,0.259726389140269,38.674366,19.403477,2088
26901,r2i1p1f1,2088,08,26,0.0,36.82159,20.940329,2088
26902,r2i1p1f1,2088,08,27,0.0,37.636116,19.471209,2088
26903,r2i1p1f1,2088,08,28,0.0,36.947952,17.88523,2088
26904,r2i1p1f1,2088,08,29,0.0,36.670082,19.239616,2088
26905,r2i1p1f1,2088,08,30,0.0,37.052444,20.120665,2088
26906,r2i1p1f1,2088,08,31,0.0,38.43416,19.909601,2088
26907,r2i1p1f1,2088,09,01,0.0,40.137005,22.556143,2088
26908,r2i1p1f1,2088,09,02,0.0,39.208233,20.932594,2088
26909,r2i1p1f1,2088,09,03,0.0,38.974785,21.07133,2088
26910,r2i1p1f1,2088,09,04,0.0,37.616768,18.531069,2088
26911,r2i1p1f1,2088,09,05,0.0,33.909016,15.237281,2088
26912,r2i1p1f1,2088,09,06,0.0,36.848133,19.427753,2088
26913,r2i1p1f1,2088,09,07,0.0,39.99802,21.0647,2088
26914,r2i1p1f1,2088,09,08,0.0,41.56424,22.75068,2088
26915,r2i1p1f1,2088,09,09,0.04383855296055117,33.17504,17.069756,2088
26916,r2i1p1f1,2088,09,10,0.14649060313161044,29.383047,12.049118,2088
26917,r2i1p1f1,2088,09,11,0.0,32.211655,14.255535,2088
26918,r2i1p1f1,2088,09,12,0.0,32.838734,15.168448,2088
26919,r2i1p1f1,2088,09,13,0.0,32.063473,15.690094,2088
26920,r2i1p1f1,2088,09,14,0.0,30.095245,12.589018,2088
26921,r2i1p1f1,2088,09,15,0.0,28.233978,10.826589,2088
26922,r2i1p1f1,2088,09,16,0.0,31.723305,13.885568,2088
26923,r2i1p1f1,2088,09,17,0.0,33.856865,14.71815,2088
26924,r2i1p1f1,2088,09,18,6.915369219291279,27.892664,9.58155,2088
26925,r2i1p1f1,2088,09,19,4.839170667366233,19.996069,11.608266,2088
26926,r2i1p1f1,2088,09,20,0.14565285558774121,22.816648,11.111696,2088
26927,r2i1p1f1,2088,09,21,0.0,23.766254,9.96942,2088
26928,r2i1p1f1,2088,09,22,0.0,24.65512,8.840939,2088
26929,r2i1p1f1,2088,09,23,0.0,28.083763,11.510674,2088
26930,r2i1p1f1,2088,09,24,0.0,28.464651,12.4729805,2088
26931,r2i1p1f1,2088,09,25,0.0,32.55842,15.997966,2088
26932,r2i1p1f1,2088,09,26,0.0,33.25282,16.415314,2088
26933,r2i1p1f1,2088,09,27,0.0,33.765068,15.5291815,2088
26934,r2i1p1f1,2088,09,28,0.0,31.250847,14.540353,2088
26935,r2i1p1f1,2088,09,29,0.0,27.863518,10.733856,2088
26936,r2i1p1f1,2088,09,30,0.0,28.079094,11.139531,2088
26937,r2i1p1f1,2088,10,01,0.0,31.184092,13.0872345,2088
26938,r2i1p1f1,2088,10,02,0.0,32.517464,15.401264,2088
26939,r2i1p1f1,2088,10,03,0.0,32.541725,15.558088,2088
26940,r2i1p1f1,2088,10,04,0.0,33.60875,16.210243,2088
26941,r2i1p1f1,2088,10,05,0.0,34.029385,16.542446,2088
26942,r2i1p1f1,2088,10,06,0.13642420137784939,31.680687,15.179173,2088
26943,r2i1p1f1,2088,10,07,0.0,31.932814,15.080115,2088
26944,r2i1p1f1,2088,10,08,3.0874131856535314,27.06442,10.203026,2088
26945,r2i1p1f1,2088,10,09,12.818211559124393,16.92893,11.229219,2088
26946,r2i1p1f1,2088,10,10,0.003231058599340031,19.507326,6.167228,2088
26947,r2i1p1f1,2088,10,11,0.0,23.259212,8.022135,2088
26948,r2i1p1f1,2088,10,12,0.0,25.537794,10.925439,2088
26949,r2i1p1f1,2088,10,13,0.0,25.68569,9.36266,2088
26950,r2i1p1f1,2088,10,14,0.0,25.963411,9.493217,2088
26951,r2i1p1f1,2088,10,15,0.0,25.462074,8.988178,2088
26952,r2i1p1f1,2088,10,16,0.0,27.373379,11.313582,2088
26953,r2i1p1f1,2088,10,17,0.0,28.686222,13.4006,2088
26954,r2i1p1f1,2088,10,18,0.0,30.269527,14.371061,2088
26955,r2i1p1f1,2088,10,19,0.0,31.876518,14.5667095,2088
26956,r2i1p1f1,2088,10,20,0.0,32.095974,15.861439,2088
26957,r2i1p1f1,2088,10,21,0.0,31.999159,18.212004,2088
26958,r2i1p1f1,2088,10,22,0.0,30.147644,15.440667,2088
26959,r2i1p1f1,2088,10,23,0.0,29.51426,12.876581,2088
26960,r2i1p1f1,2088,10,24,0.0,26.415512,8.9045105,2088
26961,r2i1p1f1,2088,10,25,0.0,24.546925,9.608712,2088
26962,r2i1p1f1,2088,10,26,0.0,21.263771,6.185374,2088
26963,r2i1p1f1,2088,10,27,0.0,22.685343,9.260784,2088
26964,r2i1p1f1,2088,10,28,0.0,20.101276,6.8654633,2088
26965,r2i1p1f1,2088,10,29,0.0,24.165817,9.16509,2088
26966,r2i1p1f1,2088,10,30,0.0,30.424448,15.643938,2088
26967,r2i1p1f1,2088,10,31,0.0,31.10659,15.794405,2088
26968,r2i1p1f1,2088,11,01,0.0,26.768082,9.739585,2088
26969,r2i1p1f1,2088,11,02,0.0,23.677834,8.81509,2088
26970,r2i1p1f1,2088,11,03,0.0,25.11301,12.838799,2088
26971,r2i1p1f1,2088,11,04,1.1352434430250469,26.137804,9.01619,2088
26972,r2i1p1f1,2088,11,05,5.056589993648686,19.669699,5.239727,2088
26973,r2i1p1f1,2088,11,06,10.14709639952116,19.0731,6.9417624,2088
26974,r2i1p1f1,2088,11,07,0.4763317886386176,19.762718,9.225552,2088
26975,r2i1p1f1,2088,11,08,24.762203888531076,16.218618,8.026133,2088
26976,r2i1p1f1,2088,11,09,1.8814194233698345,13.881358,7.4138565,2088
26977,r2i1p1f1,2088,11,10,0.0,15.606686,3.0434904,2088
26978,r2i1p1f1,2088,11,11,0.0,15.844319,4.256197,2088
26979,r2i1p1f1,2088,11,12,0.0,15.588795,2.4878833,2088
26980,r2i1p1f1,2088,11,13,0.0,16.272842,4.6305714,2088
26981,r2i1p1f1,2088,11,14,0.0,18.075161,5.5651364,2088
26982,r2i1p1f1,2088,11,15,1.3148607424739112,16.262318,5.6484966,2088
26983,r2i1p1f1,2088,11,16,0.0,17.046165,3.7046819,2088
26984,r2i1p1f1,2088,11,17,0.0,18.923805,2.493722,2088
26985,r2i1p1f1,2088,11,18,0.6566723299783916,17.080626,3.739551,2088
26986,r2i1p1f1,2088,11,19,66.42691546312562,11.215183,7.0858593,2088
26987,r2i1p1f1,2088,11,20,35.59610348584101,11.306961,3.467802,2088
26988,r2i1p1f1,2088,11,21,39.83362210383348,8.469591,2.6678154,2088
26989,r2i1p1f1,2088,11,22,4.413628187361596,8.6439705,0.7160251,2088
26990,r2i1p1f1,2088,11,23,23.17716002853558,8.464299,2.5997825,2088
26991,r2i1p1f1,2088,11,24,8.44128538900577,10.732429,-0.13645929,2088
26992,r2i1p1f1,2088,11,25,21.30287613708788,7.7536306,1.1597778,2088
26993,r2i1p1f1,2088,11,26,55.475659122748766,10.183425,4.5109324,2088
26994,r2i1p1f1,2088,11,27,19.983137642634574,11.043487,-1.1744956,2088
26995,r2i1p1f1,2088,11,28,0.0,7.088102,-2.4846525,2088
26996,r2i1p1f1,2088,11,29,0.0,9.291889,-3.185082,2088
26997,r2i1p1f1,2088,11,30,0.0,9.826512,-3.1998994,2088
26998,r2i1p1f1,2088,12,01,28.319916668260703,7.0467377,-0.9120286,2088
26999,r2i1p1f1,2088,12,02,8.712402797755203,10.222097,4.2989554,2088
27000,r2i1p1f1,2088,12,03,0.0,10.853678,2.9436178,2088
27001,r2i1p1f1,2088,12,04,0.0,11.293737,1.9445937,2088
27002,r2i1p1f1,2088,12,05,10.253388181672562,10.536682,2.795361,2088
27003,r2i1p1f1,2088,12,06,1.8956489289223555,12.561079,4.6573467,2088
27004,r2i1p1f1,2088,12,07,0.0,13.913479,3.499897,2088
27005,r2i1p1f1,2088,12,08,0.0,14.539703,3.6691175,2088
27006,r2i1p1f1,2088,12,09,0.0,15.090775,3.8923764,2088
27007,r2i1p1f1,2088,12,10,0.0,17.165268,5.7207212,2088
27008,r2i1p1f1,2088,12,11,0.0,16.893976,4.133064,2088
27009,r2i1p1f1,2088,12,12,8.682022673883694,13.337325,6.057036,2088
27010,r2i1p1f1,2088,12,13,14.6731487319812,13.119241,7.7309265,2088
27011,r2i1p1f1,2088,12,14,0.6807951422871383,15.302375,4.4477434,2088
27012,r2i1p1f1,2088,12,15,0.2976405939079996,13.831585,3.5274558,2088
27013,r2i1p1f1,2088,12,16,0.4561025900216009,13.024889,5.3992677,2088
27014,r2i1p1f1,2088,12,17,0.0,13.157032,7.8765616,2088
27015,r2i1p1f1,2088,12,18,0.45647817025837867,13.9747925,6.9747643,2088
27016,r2i1p1f1,2088,12,19,0.0,14.739339,4.1513753,2088
27017,r2i1p1f1,2088,12,20,0.0,13.979899,1.6060905,2088
27018,r2i1p1f1,2088,12,21,0.2632520079941969,10.690922,4.196357,2088
27019,r2i1p1f1,2088,12,22,5.280636745828815,11.197128,6.0119877,2088
27020,r2i1p1f1,2088,12,23,1.6037311436349455,12.033553,7.072786,2088
27021,r2i1p1f1,2088,12,24,0.0,16.04059,7.413935,2088
27022,r2i1p1f1,2088,12,25,0.0,16.887337,4.1445885,2088
27023,r2i1p1f1,2088,12,26,0.7160664845542897,12.6287365,6.005005,2088
27024,r2i1p1f1,2088,12,27,22.416841820995614,13.059113,5.8513837,2088
27025,r2i1p1f1,2088,12,28,0.02010114403674379,12.47702,2.8244457,2088
27026,r2i1p1f1,2088,12,29,0.04542268445106856,13.776699,1.6579808,2088
27027,r2i1p1f1,2088,12,30,0.0,12.2869,0.117567435,2088
27028,r2i1p1f1,2088,12,31,0.0,11.663204,-1.0342257,2088
27029,r2i1p1f1,2089,01,01,0.22551659731107065,12.021964,1.9311242,2089
27030,r2i1p1f1,2089,01,02,0.0,10.68674,-0.62185186,2089
27031,r2i1p1f1,2089,01,03,0.810428848092215,10.232451,2.5163643,2089
27032,r2i1p1f1,2089,01,04,0.0,12.513692,0.26537767,2089
27033,r2i1p1f1,2089,01,05,0.0,13.440222,1.6664103,2089
27034,r2i1p1f1,2089,01,06,0.0,13.576065,2.977258,2089
27035,r2i1p1f1,2089,01,07,0.0,13.674256,3.3834507,2089
27036,r2i1p1f1,2089,01,08,0.0,13.507906,1.1954272,2089
27037,r2i1p1f1,2089,01,09,0.0,12.777462,0.72358733,2089
27038,r2i1p1f1,2089,01,10,0.0,13.875649,0.6574013,2089
27039,r2i1p1f1,2089,01,11,0.0,13.926064,2.2474256,2089
27040,r2i1p1f1,2089,01,12,0.0,16.51368,3.2453434,2089
27041,r2i1p1f1,2089,01,13,6.684450322154589,12.991764,3.8794506,2089
27042,r2i1p1f1,2089,01,14,61.10529975339887,10.028198,4.505025,2089
27043,r2i1p1f1,2089,01,15,4.410969974020418,6.566671,0.17148998,2089
27044,r2i1p1f1,2089,01,16,0.0,7.718728,-3.382497,2089
27045,r2i1p1f1,2089,01,17,0.0,9.521393,2.21013,2089
27046,r2i1p1f1,2089,01,18,0.0,10.744977,2.3228323,2089
27047,r2i1p1f1,2089,01,19,0.0,12.574883,1.1480141,2089
27048,r2i1p1f1,2089,01,20,0.0,15.126275,2.1404266,2089
27049,r2i1p1f1,2089,01,21,0.0,15.479819,3.93085,2089
27050,r2i1p1f1,2089,01,22,0.0,15.716661,3.4368474,2089
27051,r2i1p1f1,2089,01,23,0.0,16.826109,4.896638,2089
27052,r2i1p1f1,2089,01,24,0.0,16.899248,4.5957465,2089
27053,r2i1p1f1,2089,01,25,0.0,16.651318,4.6190314,2089
27054,r2i1p1f1,2089,01,26,3.3043978879447877,16.25403,6.660203,2089
27055,r2i1p1f1,2089,01,27,8.198051043427768,12.419283,4.7356067,2089
27056,r2i1p1f1,2089,01,28,22.830246471130522,8.419971,2.744619,2089
27057,r2i1p1f1,2089,01,29,11.361805348133203,8.897888,-1.1732712,2089
27058,r2i1p1f1,2089,01,30,0.0,9.175101,-1.9937087,2089
27059,r2i1p1f1,2089,01,31,0.0,10.661292,-2.3431382,2089
27060,r2i1p1f1,2089,02,01,8.62827410819591,9.881487,4.7880554,2089
27061,r2i1p1f1,2089,02,02,28.30865123978583,13.247481,7.8916645,2089
27062,r2i1p1f1,2089,02,03,0.0,12.487831,-0.26898888,2089
27063,r2i1p1f1,2089,02,04,0.0,15.657237,1.0315647,2089
27064,r2i1p1f1,2089,02,05,0.0,15.643504,4.3312235,2089
27065,r2i1p1f1,2089,02,06,0.0,17.75769,4.6825223,2089
27066,r2i1p1f1,2089,02,07,0.0,18.110788,7.6713595,2089
27067,r2i1p1f1,2089,02,08,0.0,18.246145,7.477155,2089
27068,r2i1p1f1,2089,02,09,0.0,18.053083,5.7008095,2089
27069,r2i1p1f1,2089,02,10,0.0,18.735748,6.3030043,2089
27070,r2i1p1f1,2089,02,11,0.0,19.829859,7.5806327,2089
27071,r2i1p1f1,2089,02,12,0.0,19.738335,6.9324164,2089
27072,r2i1p1f1,2089,02,13,0.0,18.635994,4.75701,2089
27073,r2i1p1f1,2089,02,14,0.0,18.742085,6.073478,2089
27074,r2i1p1f1,2089,02,15,0.0,15.378876,2.0647922,2089
27075,r2i1p1f1,2089,02,16,0.0,15.319277,3.2208226,2089
27076,r2i1p1f1,2089,02,17,0.0,15.80736,4.6636233,2089
27077,r2i1p1f1,2089,02,18,0.0,13.339915,0.49258524,2089
27078,r2i1p1f1,2089,02,19,0.0,10.285358,-2.7547927,2089
27079,r2i1p1f1,2089,02,20,0.0,12.753226,0.5681761,2089
27080,r2i1p1f1,2089,02,21,0.0,13.500492,1.2876434,2089
27081,r2i1p1f1,2089,02,22,0.0,16.069983,4.175497,2089
27082,r2i1p1f1,2089,02,23,0.0,18.165054,6.8955803,2089
27083,r2i1p1f1,2089,02,24,0.0,20.312223,7.008276,2089
27084,r2i1p1f1,2089,02,25,0.0,20.749655,7.4864917,2089
27085,r2i1p1f1,2089,02,26,0.0,21.425714,7.7276883,2089
27086,r2i1p1f1,2089,02,27,0.0,19.757524,6.364604,2089
27087,r2i1p1f1,2089,02,28,0.0,17.417324,5.2674026,2089
27088,r2i1p1f1,2089,03,01,5.1741990748277455,14.625105,2.496844,2089
27089,r2i1p1f1,2089,03,02,0.0,14.94894,2.5709915,2089
27090,r2i1p1f1,2089,03,03,0.0,18.920233,3.9141922,2089
27091,r2i1p1f1,2089,03,04,0.0,19.538797,3.861059,2089
27092,r2i1p1f1,2089,03,05,4.1241895380949245,16.707071,3.0251164,2089
27093,r2i1p1f1,2089,03,06,0.0,10.521279,-2.0479689,2089
27094,r2i1p1f1,2089,03,07,0.0,14.616669,-0.6107602,2089
27095,r2i1p1f1,2089,03,08,0.006151594152470352,16.468483,2.6564796,2089
27096,r2i1p1f1,2089,03,09,25.952969070203835,15.586631,4.2392635,2089
27097,r2i1p1f1,2089,03,10,1.6689346818793638,9.593521,-3.1306255,2089
27098,r2i1p1f1,2089,03,11,7.880468125563311,12.207339,-1.5614253,2089
27099,r2i1p1f1,2089,03,12,32.082416695629945,11.179652,4.286103,2089
27100,r2i1p1f1,2089,03,13,37.440534695997485,7.4411597,-3.6483982,2089
27101,r2i1p1f1,2089,03,14,18.458647610651724,7.5184383,1.7235192,2089
27102,r2i1p1f1,2089,03,15,18.05504922053842,8.08604,2.2979236,2089
27103,r2i1p1f1,2089,03,16,10.262187029547931,13.530223,0.7293206,2089
27104,r2i1p1f1,2089,03,17,0.0,15.903817,1.5037093,2089
27105,r2i1p1f1,2089,03,18,0.0,17.60363,2.017572,2089
27106,r2i1p1f1,2089,03,19,0.0,18.806267,5.0637426,2089
27107,r2i1p1f1,2089,03,20,0.0,19.537607,5.4902954,2089
27108,r2i1p1f1,2089,03,21,0.0,18.371447,4.2986054,2089
27109,r2i1p1f1,2089,03,22,0.0,18.870682,2.4612978,2089
27110,r2i1p1f1,2089,03,23,0.0,16.395117,0.43655914,2089
27111,r2i1p1f1,2089,03,24,0.0,15.454285,1.6217992,2089
27112,r2i1p1f1,2089,03,25,0.0,15.886865,1.0618424,2089
27113,r2i1p1f1,2089,03,26,0.0,16.640474,-0.5404514,2089
27114,r2i1p1f1,2089,03,27,0.0,18.241371,-1.1007502,2089
27115,r2i1p1f1,2089,03,28,0.013414962086244486,16.317116,3.0872211,2089
27116,r2i1p1f1,2089,03,29,6.912063934669277,12.767487,7.668926,2089
27117,r2i1p1f1,2089,03,30,0.0,16.674858,2.9205291,2089
27118,r2i1p1f1,2089,03,31,0.0,19.696308,3.1503487,2089
27119,r2i1p1f1,2089,04,01,0.023977211247938612,19.218618,4.174766,2089
27120,r2i1p1f1,2089,04,02,0.01325969353729306,19.783714,7.507147,2089
27121,r2i1p1f1,2089,04,03,0.0,19.996737,5.4599705,2089
27122,r2i1p1f1,2089,04,04,0.0,20.795387,5.8747005,2089
27123,r2i1p1f1,2089,04,05,9.125844347909151,16.565859,2.694034,2089
27124,r2i1p1f1,2089,04,06,0.39016730781895603,12.496335,3.547946,2089
27125,r2i1p1f1,2089,04,07,0.5630428947313248,9.483707,2.7340937,2089
27126,r2i1p1f1,2089,04,08,0.001775498412825982,10.622952,-0.4338949,2089
27127,r2i1p1f1,2089,04,09,0.0,14.932909,1.84098,2089
27128,r2i1p1f1,2089,04,10,0.0,18.07297,2.4634085,2089
27129,r2i1p1f1,2089,04,11,0.0,19.62252,4.5065293,2089
27130,r2i1p1f1,2089,04,12,0.0,22.746258,6.562082,2089
27131,r2i1p1f1,2089,04,13,0.0,23.178766,7.3794155,2089
27132,r2i1p1f1,2089,04,14,0.0,26.60091,9.377659,2089
27133,r2i1p1f1,2089,04,15,0.0,26.179115,10.388103,2089
27134,r2i1p1f1,2089,04,16,0.0,25.20876,8.930522,2089
27135,r2i1p1f1,2089,04,17,0.0,21.962227,6.5373654,2089
27136,r2i1p1f1,2089,04,18,0.0,21.854118,6.3515515,2089
27137,r2i1p1f1,2089,04,19,0.0,21.81607,4.9936047,2089
27138,r2i1p1f1,2089,04,20,0.0,22.942013,7.0004325,2089
27139,r2i1p1f1,2089,04,21,0.0,24.007093,8.510345,2089
27140,r2i1p1f1,2089,04,22,0.0,23.699402,7.204446,2089
27141,r2i1p1f1,2089,04,23,0.0,22.624712,6.6550446,2089
27142,r2i1p1f1,2089,04,24,0.0,21.331047,5.3693175,2089
27143,r2i1p1f1,2089,04,25,0.0,24.950718,7.5405216,2089
27144,r2i1p1f1,2089,04,26,0.0,28.31725,11.041152,2089
27145,r2i1p1f1,2089,04,27,0.0,29.856306,13.2767725,2089
27146,r2i1p1f1,2089,04,28,0.0,30.894344,13.867702,2089
27147,r2i1p1f1,2089,04,29,0.0,30.259552,12.422884,2089
27148,r2i1p1f1,2089,04,30,0.0,24.58947,8.20294,2089
27149,r2i1p1f1,2089,05,01,0.0,29.61003,11.500892,2089
27150,r2i1p1f1,2089,05,02,0.0,31.002798,12.186402,2089
27151,r2i1p1f1,2089,05,03,0.0,29.59075,11.440563,2089
27152,r2i1p1f1,2089,05,04,7.20384597825614,18.889801,4.2511916,2089
27153,r2i1p1f1,2089,05,05,0.0,16.936836,1.7951442,2089
27154,r2i1p1f1,2089,05,06,0.2201390312620788,16.201054,2.8440154,2089
27155,r2i1p1f1,2089,05,07,11.018868316170938,10.228469,4.858487,2089
27156,r2i1p1f1,2089,05,08,0.7697079206792523,15.9264765,3.5761821,2089
27157,r2i1p1f1,2089,05,09,0.0,19.86666,3.5329325,2089
27158,r2i1p1f1,2089,05,10,0.0,22.474785,6.0612173,2089
27159,r2i1p1f1,2089,05,11,0.0,25.503922,9.086473,2089
27160,r2i1p1f1,2089,05,12,0.0,29.817766,14.142136,2089
27161,r2i1p1f1,2089,05,13,0.0,32.849937,15.189948,2089
27162,r2i1p1f1,2089,05,14,0.0,34.333164,15.831419,2089
27163,r2i1p1f1,2089,05,15,0.0,35.68362,16.18203,2089
27164,r2i1p1f1,2089,05,16,0.3400951981348044,33.832302,15.69331,2089
27165,r2i1p1f1,2089,05,17,0.0,34.149773,17.531792,2089
27166,r2i1p1f1,2089,05,18,0.0,34.671005,16.925423,2089
27167,r2i1p1f1,2089,05,19,0.0,33.937813,15.185784,2089
27168,r2i1p1f1,2089,05,20,0.0,32.46903,10.963579,2089
27169,r2i1p1f1,2089,05,21,0.2567080499829899,28.475922,12.417301,2089
27170,r2i1p1f1,2089,05,22,3.130457717138313,21.645731,6.571722,2089
27171,r2i1p1f1,2089,05,23,2.188996016599276,22.829561,6.6787844,2089
27172,r2i1p1f1,2089,05,24,0.0,27.48972,11.760287,2089
27173,r2i1p1f1,2089,05,25,0.004689464219609363,27.832184,13.720277,2089
27174,r2i1p1f1,2089,05,26,0.0,28.545265,13.409463,2089
27175,r2i1p1f1,2089,05,27,0.4047894797082563,24.922031,9.553116,2089
27176,r2i1p1f1,2089,05,28,0.0,28.77845,12.180055,2089
27177,r2i1p1f1,2089,05,29,0.0,27.943472,9.628401,2089
27178,r2i1p1f1,2089,05,30,0.0,25.830221,8.976612,2089
27179,r2i1p1f1,2089,05,31,0.0,21.555162,3.393581,2089
27180,r2i1p1f1,2089,06,01,0.36026998365059626,20.802044,9.549871,2089
27181,r2i1p1f1,2089,06,02,9.460168871891028,18.961891,6.9717116,2089
27182,r2i1p1f1,2089,06,03,1.2368661176651585,18.873215,5.539843,2089
27183,r2i1p1f1,2089,06,04,0.3113916056463495,21.18482,8.121898,2089
27184,r2i1p1f1,2089,06,05,0.5479771554746549,20.12225,7.8337536,2089
27185,r2i1p1f1,2089,06,06,0.4397083861476858,21.898827,7.5338573,2089
27186,r2i1p1f1,2089,06,07,3.470057567847107,22.185524,5.3159294,2089
27187,r2i1p1f1,2089,06,08,5.454680212375251,20.952835,4.3553658,2089
27188,r2i1p1f1,2089,06,09,0.9048562864109044,23.908882,8.027771,2089
27189,r2i1p1f1,2089,06,10,0.027226198972130078,29.283318,13.666567,2089
27190,r2i1p1f1,2089,06,11,0.0,29.956564,13.8384285,2089
27191,r2i1p1f1,2089,06,12,0.0,30.151415,12.272901,2089
27192,r2i1p1f1,2089,06,13,0.0,30.59481,11.312805,2089
27193,r2i1p1f1,2089,06,14,0.0057022278269869275,31.33187,12.052007,2089
27194,r2i1p1f1,2089,06,15,0.0,35.96902,17.880615,2089
27195,r2i1p1f1,2089,06,16,0.0,38.405518,20.89528,2089
27196,r2i1p1f1,2089,06,17,0.03762303390431043,40.14115,22.340157,2089
27197,r2i1p1f1,2089,06,18,0.0,41.440342,25.28852,2089
27198,r2i1p1f1,2089,06,19,0.39535476216769894,41.461205,19.92943,2089
27199,r2i1p1f1,2089,06,20,0.8690039331668231,35.18592,14.330019,2089
27200,r2i1p1f1,2089,06,21,0.395830189903279,22.929884,13.206923,2089
27201,r2i1p1f1,2089,06,22,5.321274913058005,18.855156,4.8412304,2089
27202,r2i1p1f1,2089,06,23,0.0,26.5438,11.8495455,2089
27203,r2i1p1f1,2089,06,24,3.2778904940414577,22.511604,6.4454856,2089
27204,r2i1p1f1,2089,06,25,0.0,24.38196,11.230706,2089
27205,r2i1p1f1,2089,06,26,0.0,29.631361,12.634064,2089
27206,r2i1p1f1,2089,06,27,0.0,32.71385,16.546316,2089
27207,r2i1p1f1,2089,06,28,0.0,36.932716,19.928596,2089
27208,r2i1p1f1,2089,06,29,0.0,36.726448,19.682133,2089
27209,r2i1p1f1,2089,06,30,0.0,33.026672,13.361306,2089
27210,r2i1p1f1,2089,07,01,0.0,31.40648,13.695202,2089
27211,r2i1p1f1,2089,07,02,0.0,33.901966,16.440638,2089
27212,r2i1p1f1,2089,07,03,0.0,34.57675,15.857914,2089
27213,r2i1p1f1,2089,07,04,0.0,34.638325,15.09697,2089
27214,r2i1p1f1,2089,07,05,0.0,32.733448,13.88222,2089
27215,r2i1p1f1,2089,07,06,0.0,32.446133,12.406144,2089
27216,r2i1p1f1,2089,07,07,0.0,32.688435,15.491226,2089
27217,r2i1p1f1,2089,07,08,0.0,34.511127,16.436777,2089
27218,r2i1p1f1,2089,07,09,0.0,35.20012,14.5619,2089
27219,r2i1p1f1,2089,07,10,0.0,35.64591,17.504417,2089
27220,r2i1p1f1,2089,07,11,0.0,35.6414,16.314602,2089
27221,r2i1p1f1,2089,07,12,0.0,34.784355,15.6810875,2089
27222,r2i1p1f1,2089,07,13,0.0,32.969982,14.350608,2089
27223,r2i1p1f1,2089,07,14,0.0,32.46355,12.720677,2089
27224,r2i1p1f1,2089,07,15,0.0,32.9673,14.159164,2089
27225,r2i1p1f1,2089,07,16,0.0,33.87422,15.625178,2089
27226,r2i1p1f1,2089,07,17,0.0,34.639385,16.711685,2089
27227,r2i1p1f1,2089,07,18,0.0,32.81783,14.357659,2089
27228,r2i1p1f1,2089,07,19,0.0,31.534664,12.741374,2089
27229,r2i1p1f1,2089,07,20,0.0,31.740225,12.679428,2089
27230,r2i1p1f1,2089,07,21,0.0,34.87361,16.160799,2089
27231,r2i1p1f1,2089,07,22,0.0,35.69703,17.225424,2089
27232,r2i1p1f1,2089,07,23,0.0,36.574883,17.820448,2089
27233,r2i1p1f1,2089,07,24,0.0,36.029213,17.831102,2089
27234,r2i1p1f1,2089,07,25,0.0,37.49977,19.237175,2089
27235,r2i1p1f1,2089,07,26,0.0531067191332113,38.297672,20.309948,2089
27236,r2i1p1f1,2089,07,27,0.0,38.376602,17.441143,2089
27237,r2i1p1f1,2089,07,28,0.0,36.864426,18.140385,2089
27238,r2i1p1f1,2089,07,29,0.0,35.771168,17.773027,2089
27239,r2i1p1f1,2089,07,30,0.0,35.675373,17.218662,2089
27240,r2i1p1f1,2089,07,31,0.0,35.363945,16.94918,2089
27241,r2i1p1f1,2089,08,01,0.0,35.567642,17.07432,2089
27242,r2i1p1f1,2089,08,02,0.0,34.17596,15.448035,2089
27243,r2i1p1f1,2089,08,03,0.0,35.217876,17.50199,2089
27244,r2i1p1f1,2089,08,04,0.0,36.268562,18.801289,2089
27245,r2i1p1f1,2089,08,05,0.0,37.801445,18.00421,2089
27246,r2i1p1f1,2089,08,06,0.0,39.712246,20.210777,2089
27247,r2i1p1f1,2089,08,07,0.0,40.34463,22.5719,2089
27248,r2i1p1f1,2089,08,08,0.0,41.558804,22.969109,2089
27249,r2i1p1f1,2089,08,09,0.0,40.008705,19.522905,2089
27250,r2i1p1f1,2089,08,10,0.0,37.7614,17.669558,2089
27251,r2i1p1f1,2089,08,11,0.0,35.56851,15.420217,2089
27252,r2i1p1f1,2089,08,12,0.0,32.91997,13.800643,2089
27253,r2i1p1f1,2089,08,13,0.0,31.060472,11.805834,2089
27254,r2i1p1f1,2089,08,14,0.0,30.664822,12.680655,2089
27255,r2i1p1f1,2089,08,15,0.0,31.288717,13.984661,2089
27256,r2i1p1f1,2089,08,16,0.0,33.53741,14.866764,2089
27257,r2i1p1f1,2089,08,17,0.0,34.934235,16.44982,2089
27258,r2i1p1f1,2089,08,18,0.0,35.8316,16.648872,2089
27259,r2i1p1f1,2089,08,19,0.0,37.128014,19.069786,2089
27260,r2i1p1f1,2089,08,20,0.0,39.44094,22.245745,2089
27261,r2i1p1f1,2089,08,21,0.0,40.078262,21.706219,2089
27262,r2i1p1f1,2089,08,22,0.0,40.508015,23.424135,2089
27263,r2i1p1f1,2089,08,23,0.0,39.43222,21.715763,2089
27264,r2i1p1f1,2089,08,24,0.0,40.351448,21.147957,2089
27265,r2i1p1f1,2089,08,25,0.06685402695438825,40.326393,19.560644,2089
27266,r2i1p1f1,2089,08,26,0.0,37.948006,21.457357,2089
27267,r2i1p1f1,2089,08,27,0.05765339475374276,36.98983,17.054659,2089
27268,r2i1p1f1,2089,08,28,0.0,35.577244,18.420235,2089
27269,r2i1p1f1,2089,08,29,0.0,39.622166,22.658037,2089
27270,r2i1p1f1,2089,08,30,0.0,42.95111,25.717884,2089
27271,r2i1p1f1,2089,08,31,0.5598177183088637,43.870617,22.9077,2089
27272,r2i1p1f1,2089,09,01,0.0,39.316467,23.08522,2089
27273,r2i1p1f1,2089,09,02,0.0,39.322197,21.686205,2089
27274,r2i1p1f1,2089,09,03,0.0,36.359627,17.882856,2089
27275,r2i1p1f1,2089,09,04,0.0,33.47637,13.573114,2089
27276,r2i1p1f1,2089,09,05,0.0,29.647165,11.539282,2089
27277,r2i1p1f1,2089,09,06,0.0,31.379066,12.758668,2089
27278,r2i1p1f1,2089,09,07,0.0,30.828556,12.702815,2089
27279,r2i1p1f1,2089,09,08,0.0,33.10239,15.566125,2089
27280,r2i1p1f1,2089,09,09,0.0,34.318714,15.834578,2089
27281,r2i1p1f1,2089,09,10,0.0,33.78749,14.137785,2089
27282,r2i1p1f1,2089,09,11,0.0,33.16185,17.754717,2089
27283,r2i1p1f1,2089,09,12,0.0,35.65534,17.766924,2089
27284,r2i1p1f1,2089,09,13,0.0,36.85822,17.597769,2089
27285,r2i1p1f1,2089,09,14,0.0,37.207706,19.024029,2089
27286,r2i1p1f1,2089,09,15,0.0,35.904583,19.207268,2089
27287,r2i1p1f1,2089,09,16,0.0,36.253616,19.54237,2089
27288,r2i1p1f1,2089,09,17,0.0,37.63408,19.940067,2089
27289,r2i1p1f1,2089,09,18,0.0,38.776997,19.786892,2089
27290,r2i1p1f1,2089,09,19,0.0,36.33228,17.192919,2089
27291,r2i1p1f1,2089,09,20,0.0,34.68002,17.195057,2089
27292,r2i1p1f1,2089,09,21,0.0,30.270586,11.78203,2089
27293,r2i1p1f1,2089,09,22,0.0,28.260098,10.947791,2089
27294,r2i1p1f1,2089,09,23,0.0,31.222795,13.79635,2089
27295,r2i1p1f1,2089,09,24,0.0,31.294516,14.001604,2089
27296,r2i1p1f1,2089,09,25,0.0,29.646538,13.077076,2089
27297,r2i1p1f1,2089,09,26,0.0,29.53064,11.233997,2089
27298,r2i1p1f1,2089,09,27,0.0,31.732382,15.857339,2089
27299,r2i1p1f1,2089,09,28,0.0,35.72603,18.227486,2089
27300,r2i1p1f1,2089,09,29,0.0,36.333305,19.008131,2089
27301,r2i1p1f1,2089,09,30,0.0,35.737297,19.033598,2089
27302,r2i1p1f1,2089,10,01,0.0,35.056507,17.854515,2089
27303,r2i1p1f1,2089,10,02,0.0,29.56368,9.731657,2089
27304,r2i1p1f1,2089,10,03,0.0,21.519043,5.166519,2089
27305,r2i1p1f1,2089,10,04,0.0,23.56793,6.2353415,2089
27306,r2i1p1f1,2089,10,05,0.0,26.835619,8.742544,2089
27307,r2i1p1f1,2089,10,06,0.0,29.642588,11.886766,2089
27308,r2i1p1f1,2089,10,07,0.0,30.541513,13.362105,2089
27309,r2i1p1f1,2089,10,08,0.0,29.94083,13.350669,2089
27310,r2i1p1f1,2089,10,09,0.0,24.48595,8.098861,2089
27311,r2i1p1f1,2089,10,10,0.0,23.322338,7.393814,2089
27312,r2i1p1f1,2089,10,11,0.0,25.498472,9.088601,2089
27313,r2i1p1f1,2089,10,12,0.0,25.836414,8.567002,2089
27314,r2i1p1f1,2089,10,13,0.0,23.060883,6.9908276,2089
27315,r2i1p1f1,2089,10,14,0.0,23.117418,8.175446,2089
27316,r2i1p1f1,2089,10,15,0.0,24.185097,6.740793,2089
27317,r2i1p1f1,2089,10,16,0.0,21.588501,6.2685375,2089
27318,r2i1p1f1,2089,10,17,0.0,20.393038,6.3915887,2089
27319,r2i1p1f1,2089,10,18,0.0,23.057768,8.470246,2089
27320,r2i1p1f1,2089,10,19,0.0,25.56901,9.253048,2089
27321,r2i1p1f1,2089,10,20,1.0566905450659192,25.821507,8.213164,2089
27322,r2i1p1f1,2089,10,21,0.4032702337610772,17.330904,4.3046103,2089
27323,r2i1p1f1,2089,10,22,0.0,13.920422,1.3099637,2089
27324,r2i1p1f1,2089,10,23,0.0,19.221134,1.8478563,2089
27325,r2i1p1f1,2089,10,24,0.0,21.68411,6.0597677,2089
27326,r2i1p1f1,2089,10,25,0.0,24.236752,8.657549,2089
27327,r2i1p1f1,2089,10,26,0.0,27.550497,10.613178,2089
27328,r2i1p1f1,2089,10,27,0.0,29.781925,13.998469,2089
27329,r2i1p1f1,2089,10,28,0.0,29.726828,13.302802,2089
27330,r2i1p1f1,2089,10,29,0.0,25.93981,13.708808,2089
27331,r2i1p1f1,2089,10,30,8.229629648417358,20.712547,8.306252,2089
27332,r2i1p1f1,2089,10,31,6.056163033531448,16.628986,7.0642767,2089
27333,r2i1p1f1,2089,11,01,0.0,20.09615,7.8361936,2089
27334,r2i1p1f1,2089,11,02,0.0,21.240595,8.280888,2089
27335,r2i1p1f1,2089,11,03,0.0,23.014091,10.358745,2089
27336,r2i1p1f1,2089,11,04,0.0,20.870268,7.5658407,2089
27337,r2i1p1f1,2089,11,05,0.19010980176972225,19.745491,7.3731995,2089
27338,r2i1p1f1,2089,11,06,0.0,19.531578,8.912062,2089
27339,r2i1p1f1,2089,11,07,0.0,19.408693,4.452574,2089
27340,r2i1p1f1,2089,11,08,0.0,21.569664,7.8492246,2089
27341,r2i1p1f1,2089,11,09,0.0,22.105686,6.8223066,2089
27342,r2i1p1f1,2089,11,10,0.0,20.81418,8.401723,2089
27343,r2i1p1f1,2089,11,11,0.0316444233249058,20.912766,8.8832445,2089
27344,r2i1p1f1,2089,11,12,0.0,21.38431,7.295389,2089
27345,r2i1p1f1,2089,11,13,0.0,23.211859,8.967831,2089
27346,r2i1p1f1,2089,11,14,0.0,23.578289,11.34534,2089
27347,r2i1p1f1,2089,11,15,0.0,24.054045,9.39111,2089
27348,r2i1p1f1,2089,11,16,0.14482921828857798,21.366766,6.6674213,2089
27349,r2i1p1f1,2089,11,17,0.0048766271447675535,12.705746,0.35152495,2089
27350,r2i1p1f1,2089,11,18,0.006796871639380697,10.503252,-0.89498603,2089
27351,r2i1p1f1,2089,11,19,0.0,14.993345,2.2718804,2089
27352,r2i1p1f1,2089,11,20,0.0,18.73356,2.2440596,2089
27353,r2i1p1f1,2089,11,21,0.0,18.969917,2.2052944,2089
27354,r2i1p1f1,2089,11,22,0.0,10.406717,-2.742959,2089
27355,r2i1p1f1,2089,11,23,0.0,10.97372,-2.20048,2089
27356,r2i1p1f1,2089,11,24,0.0,12.458334,-2.838752,2089
27357,r2i1p1f1,2089,11,25,0.0,14.682312,0.5505242,2089
27358,r2i1p1f1,2089,11,26,0.0,16.446768,1.6571072,2089
27359,r2i1p1f1,2089,11,27,0.0,15.809479,0.1598383,2089
27360,r2i1p1f1,2089,11,28,10.87806864261438,11.367602,0.278361,2089
27361,r2i1p1f1,2089,11,29,4.038168988836333,7.906227,-0.5764851,2089
27362,r2i1p1f1,2089,11,30,37.080528002843494,6.314177,2.0892427,2089
27363,r2i1p1f1,2089,12,01,0.05714587634884083,7.34994,-3.9124439,2089
27364,r2i1p1f1,2089,12,02,0.6042687841727457,6.548743,-1.3360053,2089
27365,r2i1p1f1,2089,12,03,0.4978005289558496,8.424148,1.6794406,2089
27366,r2i1p1f1,2089,12,04,33.35493544545898,8.694049,-1.3564699,2089
27367,r2i1p1f1,2089,12,05,0.0008926636837713886,9.088601,-0.7464586,2089
27368,r2i1p1f1,2089,12,06,0.1619150141323189,7.1269093,-1.0294566,2089
27369,r2i1p1f1,2089,12,07,14.692282546445767,8.855655,2.7207167,2089
27370,r2i1p1f1,2089,12,08,0.0,10.391349,-1.6654426,2089
27371,r2i1p1f1,2089,12,09,0.0,9.963447,-1.8330868,2089
27372,r2i1p1f1,2089,12,10,2.617606384899318,8.891398,-0.3943722,2089
27373,r2i1p1f1,2089,12,11,8.03003833020739,10.17343,3.7388196,2089
27374,r2i1p1f1,2089,12,12,0.35250461331770566,13.711657,3.68742,2089
27375,r2i1p1f1,2089,12,13,0.0,19.678825,5.799547,2089
27376,r2i1p1f1,2089,12,14,0.0,19.889917,8.3830805,2089
27377,r2i1p1f1,2089,12,15,0.0,15.17571,9.152779,2089
27378,r2i1p1f1,2089,12,16,0.0,14.138985,2.070304,2089
27379,r2i1p1f1,2089,12,17,0.0,15.061932,1.111038,2089
27380,r2i1p1f1,2089,12,18,0.0,11.548333,-0.66053545,2089
27381,r2i1p1f1,2089,12,19,0.0,11.58865,1.1429813,2089
27382,r2i1p1f1,2089,12,20,0.0,12.564324,0.911635,2089
27383,r2i1p1f1,2089,12,21,2.081862184434158,11.812027,2.3199983,2089
27384,r2i1p1f1,2089,12,22,39.978082651941804,9.928448,5.6907535,2089
27385,r2i1p1f1,2089,12,23,0.5088955261797423,13.574119,2.7711287,2089
27386,r2i1p1f1,2089,12,24,0.0,14.540778,2.470956,2089
27387,r2i1p1f1,2089,12,25,0.0,13.369159,1.0293148,2089
27388,r2i1p1f1,2089,12,26,0.056277160365425516,14.384938,2.0962687,2089
27389,r2i1p1f1,2089,12,27,0.0,11.093431,-1.8815246,2089
27390,r2i1p1f1,2089,12,28,1.2722514831125409,8.698009,-2.3376632,2089
27391,r2i1p1f1,2089,12,29,21.206431928931124,8.211831,3.8705096,2089
27392,r2i1p1f1,2089,12,30,84.47622555104317,9.309764,4.5695915,2089
27393,r2i1p1f1,2089,12,31,25.616901848843554,10.683212,0.950748,2089
27394,r2i1p1f1,2090,01,01,58.972348792849516,9.141682,0.41515577,2090
27395,r2i1p1f1,2090,01,02,8.413923133542767,4.868181,-1.311665,2090
27396,r2i1p1f1,2090,01,03,0.0,7.1100454,-2.4856765,2090
27397,r2i1p1f1,2090,01,04,16.65365188237047,7.8679404,0.74823016,2090
27398,r2i1p1f1,2090,01,05,0.008145447623064683,10.84026,-1.9948041,2090
27399,r2i1p1f1,2090,01,06,0.0,12.757012,0.052767754,2090
27400,r2i1p1f1,2090,01,07,0.0,14.261276,3.5755687,2090
27401,r2i1p1f1,2090,01,08,0.0,15.446243,3.3974888,2090
27402,r2i1p1f1,2090,01,09,0.0,15.879949,3.6690526,2090
27403,r2i1p1f1,2090,01,10,0.0,16.855618,5.7655005,2090
27404,r2i1p1f1,2090,01,11,0.973237731284371,16.8445,6.3836,2090
27405,r2i1p1f1,2090,01,12,0.0,15.871331,6.5081997,2090
27406,r2i1p1f1,2090,01,13,0.0,17.427397,6.180195,2090
27407,r2i1p1f1,2090,01,14,0.0,16.775723,5.817933,2090
27408,r2i1p1f1,2090,01,15,0.0,15.990383,4.701113,2090
27409,r2i1p1f1,2090,01,16,0.0,16.540848,4.219105,2090
27410,r2i1p1f1,2090,01,17,0.0,17.425566,6.1375747,2090
27411,r2i1p1f1,2090,01,18,0.0,15.369121,4.6594296,2090
27412,r2i1p1f1,2090,01,19,0.0,14.419414,2.687972,2090
27413,r2i1p1f1,2090,01,20,9.320279361509165,8.851139,4.413581,2090
27414,r2i1p1f1,2090,01,21,0.0,11.286521,3.7352474,2090
27415,r2i1p1f1,2090,01,22,0.0,11.795083,3.7588475,2090
27416,r2i1p1f1,2090,01,23,0.0,13.593259,4.2917323,2090
27417,r2i1p1f1,2090,01,24,0.0,13.851066,5.795966,2090
27418,r2i1p1f1,2090,01,25,0.0,14.309147,3.1500528,2090
27419,r2i1p1f1,2090,01,26,0.0,16.516493,4.3213496,2090
27420,r2i1p1f1,2090,01,27,0.0,17.049238,4.5878477,2090
27421,r2i1p1f1,2090,01,28,0.0,17.200972,4.3832393,2090
27422,r2i1p1f1,2090,01,29,0.0,18.723793,6.468321,2090
27423,r2i1p1f1,2090,01,30,0.0034510429031797685,15.451867,7.1339283,2090
27424,r2i1p1f1,2090,01,31,0.0,17.07453,4.2239537,2090
27425,r2i1p1f1,2090,02,01,0.06326170184820512,16.631533,5.4120708,2090
27426,r2i1p1f1,2090,02,02,0.5162994480798488,15.150145,6.3681083,2090
27427,r2i1p1f1,2090,02,03,6.778599844108157,14.792792,7.2642603,2090
27428,r2i1p1f1,2090,02,04,6.679985352567996,13.555496,8.206646,2090
27429,r2i1p1f1,2090,02,05,0.0,19.318386,6.456362,2090
27430,r2i1p1f1,2090,02,06,0.0,20.13459,6.809308,2090
27431,r2i1p1f1,2090,02,07,0.0,20.743618,6.78233,2090
27432,r2i1p1f1,2090,02,08,0.0,19.722107,6.643079,2090
27433,r2i1p1f1,2090,02,09,0.0,18.700108,6.3978295,2090
27434,r2i1p1f1,2090,02,10,0.0,18.163208,6.173305,2090
27435,r2i1p1f1,2090,02,11,2.674305848933045,16.103937,5.4472704,2090
27436,r2i1p1f1,2090,02,12,2.9808744314550495,14.482341,4.2730145,2090
27437,r2i1p1f1,2090,02,13,0.0,14.640233,4.6453786,2090
27438,r2i1p1f1,2090,02,14,0.6379196398427212,15.011791,4.633459,2090
27439,r2i1p1f1,2090,02,15,0.2861414609469648,15.282891,5.8163447,2090
27440,r2i1p1f1,2090,02,16,0.0,18.928812,4.801946,2090
27441,r2i1p1f1,2090,02,17,0.0,19.90771,5.709212,2090
27442,r2i1p1f1,2090,02,18,37.57750248623779,14.8877325,4.7107368,2090
27443,r2i1p1f1,2090,02,19,13.142532814254082,9.762987,0.739556,2090
27444,r2i1p1f1,2090,02,20,3.5828106207191013,13.453463,4.500167,2090
27445,r2i1p1f1,2090,02,21,0.0,19.983032,5.158985,2090
27446,r2i1p1f1,2090,02,22,0.0,20.0647,6.38173,2090
27447,r2i1p1f1,2090,02,23,0.38185625620030805,16.788485,6.8985367,2090
27448,r2i1p1f1,2090,02,24,3.572951820956405,12.196657,5.4070425,2090
27449,r2i1p1f1,2090,02,25,2.4363211391573714,9.01384,-0.5520795,2090
27450,r2i1p1f1,2090,02,26,0.0,13.042614,0.9679544,2090
27451,r2i1p1f1,2090,02,27,0.0,12.909609,2.058456,2090
27452,r2i1p1f1,2090,02,28,0.0,11.794926,2.8524597,2090
27453,r2i1p1f1,2090,03,01,0.0,15.728158,1.4405456,2090
27454,r2i1p1f1,2090,03,02,0.0,17.677448,2.776176,2090
27455,r2i1p1f1,2090,03,03,27.642627557270316,13.721951,6.0005484,2090
27456,r2i1p1f1,2090,03,04,4.933770745100219,13.641111,8.42697,2090
27457,r2i1p1f1,2090,03,05,0.0,16.406994,3.896571,2090
27458,r2i1p1f1,2090,03,06,0.26113941969470034,16.90644,4.020317,2090
27459,r2i1p1f1,2090,03,07,0.0,12.278892,1.092287,2090
27460,r2i1p1f1,2090,03,08,0.0,12.835298,-0.295921,2090
27461,r2i1p1f1,2090,03,09,0.0,15.682261,-0.134663,2090
27462,r2i1p1f1,2090,03,10,0.0,17.827847,2.1438723,2090
27463,r2i1p1f1,2090,03,11,0.0,18.39357,2.7238533,2090
27464,r2i1p1f1,2090,03,12,0.0,18.269325,2.105598,2090
27465,r2i1p1f1,2090,03,13,0.0,17.230625,2.8063266,2090
27466,r2i1p1f1,2090,03,14,0.0,15.136993,4.4679904,2090
27467,r2i1p1f1,2090,03,15,0.15185206467833723,14.758617,3.2965658,2090
27468,r2i1p1f1,2090,03,16,0.0,17.228642,5.095435,2090
27469,r2i1p1f1,2090,03,17,0.0,17.64736,7.619706,2090
27470,r2i1p1f1,2090,03,18,0.0,17.952503,2.8342545,2090
27471,r2i1p1f1,2090,03,19,0.007102168001438258,18.024605,2.653979,2090
27472,r2i1p1f1,2090,03,20,0.0,19.606432,4.9999495,2090
27473,r2i1p1f1,2090,03,21,0.00784247001206495,19.211075,7.3955207,2090
27474,r2i1p1f1,2090,03,22,0.0,17.24237,2.8056517,2090
27475,r2i1p1f1,2090,03,23,0.0,14.282039,1.3163543,2090
27476,r2i1p1f1,2090,03,24,2.939109743224577,9.633782,2.0425084,2090
27477,r2i1p1f1,2090,03,25,0.0,13.880772,-1.210359,2090
27478,r2i1p1f1,2090,03,26,0.0,17.82598,1.1179705,2090
27479,r2i1p1f1,2090,03,27,0.0,21.63613,4.595111,2090
27480,r2i1p1f1,2090,03,28,0.0,23.02525,7.061632,2090
27481,r2i1p1f1,2090,03,29,0.0,22.198895,8.222648,2090
27482,r2i1p1f1,2090,03,30,0.0,21.030779,7.913174,2090
27483,r2i1p1f1,2090,03,31,0.0,24.313238,8.409069,2090
27484,r2i1p1f1,2090,04,01,0.0,25.859547,5.744455,2090
27485,r2i1p1f1,2090,04,02,1.428596191590259,17.458569,3.2372596,2090
27486,r2i1p1f1,2090,04,03,2.4173828891150606,8.367222,-4.453051,2090
27487,r2i1p1f1,2090,04,04,0.0,12.574767,-5.2444243,2090
27488,r2i1p1f1,2090,04,05,2.319732304357558,10.674857,-2.6468875,2090
27489,r2i1p1f1,2090,04,06,25.614634761086563,8.913184,1.8941072,2090
27490,r2i1p1f1,2090,04,07,0.9317093223103257,11.595736,-0.862444,2090
27491,r2i1p1f1,2090,04,08,0.014419920353248017,13.4250345,3.515064,2090
27492,r2i1p1f1,2090,04,09,2.988255303850451,10.471378,2.0768836,2090
27493,r2i1p1f1,2090,04,10,0.22029118766795364,18.184685,1.9994444,2090
27494,r2i1p1f1,2090,04,11,0.0,21.538067,4.8891854,2090
27495,r2i1p1f1,2090,04,12,0.0,21.87607,4.2681446,2090
27496,r2i1p1f1,2090,04,13,3.2646787693352053,17.28492,4.220503,2090
27497,r2i1p1f1,2090,04,14,3.5798153538024735,13.231116,4.634059,2090
27498,r2i1p1f1,2090,04,15,6.028461968776355,13.736165,4.219612,2090
27499,r2i1p1f1,2090,04,16,0.5247672813879944,14.776718,1.405136,2090
27500,r2i1p1f1,2090,04,17,21.290469483659535,9.084276,-5.6448684,2090
27501,r2i1p1f1,2090,04,18,8.988787107080043,5.436228,-0.8929333,2090
27502,r2i1p1f1,2090,04,19,5.123446996594794,9.220255,-0.61698014,2090
27503,r2i1p1f1,2090,04,20,1.0773630839935322,9.863105,0.26016304,2090
27504,r2i1p1f1,2090,04,21,2.971622780114558,14.480935,1.1908733,2090
27505,r2i1p1f1,2090,04,22,0.0,21.451138,4.44409,2090
27506,r2i1p1f1,2090,04,23,0.0,23.81231,7.7627454,2090
27507,r2i1p1f1,2090,04,24,0.0,23.62807,9.031887,2090
27508,r2i1p1f1,2090,04,25,0.0,24.807293,8.7827215,2090
27509,r2i1p1f1,2090,04,26,0.0,25.377445,9.08425,2090
27510,r2i1p1f1,2090,04,27,0.0,27.08891,10.343296,2090
27511,r2i1p1f1,2090,04,28,0.0,29.917297,13.464065,2090
27512,r2i1p1f1,2090,04,29,0.0,30.532234,14.604397,2090
27513,r2i1p1f1,2090,04,30,0.0,32.090336,10.598491,2090
27514,r2i1p1f1,2090,05,01,0.0,30.167389,8.917163,2090
27515,r2i1p1f1,2090,05,02,0.0,20.429878,5.8847466,2090
27516,r2i1p1f1,2090,05,03,0.0,22.158854,7.6799436,2090
27517,r2i1p1f1,2090,05,04,0.0,26.072714,10.689503,2090
27518,r2i1p1f1,2090,05,05,0.0,28.750648,13.348614,2090
27519,r2i1p1f1,2090,05,06,0.0,30.244175,13.87492,2090
27520,r2i1p1f1,2090,05,07,0.0,28.868477,10.811072,2090
27521,r2i1p1f1,2090,05,08,0.0,24.083076,8.122512,2090
27522,r2i1p1f1,2090,05,09,0.0,28.449106,12.380448,2090
27523,r2i1p1f1,2090,05,10,0.0,31.29833,14.703498,2090
27524,r2i1p1f1,2090,05,11,0.0,32.488895,12.941197,2090
27525,r2i1p1f1,2090,05,12,0.0,31.44768,14.084675,2090
27526,r2i1p1f1,2090,05,13,0.0,31.48713,14.584501,2090
27527,r2i1p1f1,2090,05,14,0.0,26.246443,9.124588,2090
27528,r2i1p1f1,2090,05,15,0.0,26.551218,9.287722,2090
27529,r2i1p1f1,2090,05,16,0.0,24.92734,6.5720735,2090
27530,r2i1p1f1,2090,05,17,0.0,23.148146,7.4222546,2090
27531,r2i1p1f1,2090,05,18,0.0,28.447727,11.312109,2090
27532,r2i1p1f1,2090,05,19,0.0,33.29059,16.435953,2090
27533,r2i1p1f1,2090,05,20,0.0,35.757046,18.304617,2090
27534,r2i1p1f1,2090,05,21,0.0,36.022774,18.522228,2090
27535,r2i1p1f1,2090,05,22,6.192021493369282,29.99074,12.533674,2090
27536,r2i1p1f1,2090,05,23,0.5786149444247712,31.964664,15.869149,2090
27537,r2i1p1f1,2090,05,24,0.34962787481163105,30.950874,14.573078,2090
27538,r2i1p1f1,2090,05,25,0.5874669267655008,30.584768,14.051876,2090
27539,r2i1p1f1,2090,05,26,3.7249261891247443,25.965515,8.575939,2090
27540,r2i1p1f1,2090,05,27,0.10492309874905459,24.447525,8.994852,2090
27541,r2i1p1f1,2090,05,28,0.0,27.01671,10.86493,2090
27542,r2i1p1f1,2090,05,29,0.0,31.23002,14.892696,2090
27543,r2i1p1f1,2090,05,30,0.0,33.27411,17.50553,2090
27544,r2i1p1f1,2090,05,31,0.0,33.849518,17.13334,2090
27545,r2i1p1f1,2090,06,01,0.0,33.198185,13.342064,2090
27546,r2i1p1f1,2090,06,02,0.0,34.658222,15.453585,2090
27547,r2i1p1f1,2090,06,03,0.0,35.840534,17.070473,2090
27548,r2i1p1f1,2090,06,04,0.0,35.636448,15.831957,2090
27549,r2i1p1f1,2090,06,05,0.0,34.366077,14.498245,2090
27550,r2i1p1f1,2090,06,06,0.0,30.289986,11.50454,2090
27551,r2i1p1f1,2090,06,07,0.0,27.928017,11.618067,2090
27552,r2i1p1f1,2090,06,08,0.0,27.605167,11.117187,2090
27553,r2i1p1f1,2090,06,09,0.0,27.156303,9.500858,2090
27554,r2i1p1f1,2090,06,10,0.0,27.181005,9.480094,2090
27555,r2i1p1f1,2090,06,11,0.0,25.835127,7.4850945,2090
27556,r2i1p1f1,2090,06,12,0.0,25.99721,8.813651,2090
27557,r2i1p1f1,2090,06,13,0.021659282265318325,26.660112,10.62749,2090
27558,r2i1p1f1,2090,06,14,0.0,32.96668,16.10937,2090
27559,r2i1p1f1,2090,06,15,0.0,35.47327,17.845415,2090
27560,r2i1p1f1,2090,06,16,0.0,39.008476,18.75085,2090
27561,r2i1p1f1,2090,06,17,0.0,40.801228,22.985983,2090
27562,r2i1p1f1,2090,06,18,0.0,40.63872,23.535728,2090
27563,r2i1p1f1,2090,06,19,0.0,40.894455,22.438412,2090
27564,r2i1p1f1,2090,06,20,0.0,41.203438,22.524345,2090
27565,r2i1p1f1,2090,06,21,0.0,41.10313,21.937296,2090
27566,r2i1p1f1,2090,06,22,0.0,40.572613,21.452436,2090
27567,r2i1p1f1,2090,06,23,0.0,41.495895,20.957481,2090
27568,r2i1p1f1,2090,06,24,0.0,41.196556,20.676102,2090
27569,r2i1p1f1,2090,06,25,0.0,39.602386,18.768051,2090
27570,r2i1p1f1,2090,06,26,0.0,39.180706,19.966997,2090
27571,r2i1p1f1,2090,06,27,0.0,39.495102,20.046871,2090
27572,r2i1p1f1,2090,06,28,0.0,39.276543,19.408005,2090
27573,r2i1p1f1,2090,06,29,0.0,37.4091,18.278269,2090
27574,r2i1p1f1,2090,06,30,0.0,32.798836,14.123914,2090
27575,r2i1p1f1,2090,07,01,0.0,34.396862,16.726234,2090
27576,r2i1p1f1,2090,07,02,0.0,36.572098,19.284777,2090
27577,r2i1p1f1,2090,07,03,0.0,37.606186,18.706566,2090
27578,r2i1p1f1,2090,07,04,0.0,38.233433,18.36926,2090
27579,r2i1p1f1,2090,07,05,0.0,38.925133,19.373251,2090
27580,r2i1p1f1,2090,07,06,0.0,37.602036,18.74564,2090
27581,r2i1p1f1,2090,07,07,0.0,36.247265,18.156551,2090
27582,r2i1p1f1,2090,07,08,0.0,35.354042,18.080866,2090
27583,r2i1p1f1,2090,07,09,0.0,35.35875,17.117964,2090
27584,r2i1p1f1,2090,07,10,0.0,35.72111,18.245481,2090
27585,r2i1p1f1,2090,07,11,0.0,36.251377,16.078121,2090
27586,r2i1p1f1,2090,07,12,0.0,34.09457,14.128084,2090
27587,r2i1p1f1,2090,07,13,0.0,30.968628,13.434474,2090
27588,r2i1p1f1,2090,07,14,0.0,33.58339,15.719277,2090
27589,r2i1p1f1,2090,07,15,0.0,36.630634,17.522173,2090
27590,r2i1p1f1,2090,07,16,0.0,38.963867,17.744734,2090
27591,r2i1p1f1,2090,07,17,0.0,39.942852,19.854134,2090
27592,r2i1p1f1,2090,07,18,0.0,41.76438,23.075956,2090
27593,r2i1p1f1,2090,07,19,0.0,42.163,24.200523,2090
27594,r2i1p1f1,2090,07,20,0.0,41.151466,21.710564,2090
27595,r2i1p1f1,2090,07,21,0.0,40.018913,18.845032,2090
27596,r2i1p1f1,2090,07,22,0.0,38.477924,18.035164,2090
27597,r2i1p1f1,2090,07,23,0.0,35.517868,17.11118,2090
27598,r2i1p1f1,2090,07,24,0.0,34.763744,15.734207,2090
27599,r2i1p1f1,2090,07,25,0.1689255980750204,34.1729,15.887239,2090
27600,r2i1p1f1,2090,07,26,0.09866607579169795,35.656746,18.030394,2090
27601,r2i1p1f1,2090,07,27,0.0,37.084236,19.37097,2090
27602,r2i1p1f1,2090,07,28,0.0,37.069324,17.481697,2090
27603,r2i1p1f1,2090,07,29,0.0,37.22128,16.688845,2090
27604,r2i1p1f1,2090,07,30,0.0,36.75099,17.05468,2090
27605,r2i1p1f1,2090,07,31,0.0,35.289932,18.471394,2090
27606,r2i1p1f1,2090,08,01,0.0,37.611027,19.019512,2090
27607,r2i1p1f1,2090,08,02,0.0,39.727013,21.102272,2090
27608,r2i1p1f1,2090,08,03,0.0,40.69838,21.48934,2090
27609,r2i1p1f1,2090,08,04,0.0,40.84266,23.63045,2090
27610,r2i1p1f1,2090,08,05,0.0,41.826298,20.93246,2090
27611,r2i1p1f1,2090,08,06,1.816303255517937,39.301083,18.74527,2090
27612,r2i1p1f1,2090,08,07,0.8399864126630519,25.130968,10.181889,2090
27613,r2i1p1f1,2090,08,08,0.0,29.013235,13.441316,2090
27614,r2i1p1f1,2090,08,09,0.0,32.00907,13.6163225,2090
27615,r2i1p1f1,2090,08,10,0.0,32.97444,16.241512,2090
27616,r2i1p1f1,2090,08,11,0.0,30.28637,10.945809,2090
27617,r2i1p1f1,2090,08,12,0.0,32.749516,12.378131,2090
27618,r2i1p1f1,2090,08,13,0.0,36.53612,19.514763,2090
27619,r2i1p1f1,2090,08,14,0.09640588161801134,38.241478,18.836357,2090
27620,r2i1p1f1,2090,08,15,0.0,40.60723,25.441792,2090
27621,r2i1p1f1,2090,08,16,0.0,41.757984,24.096117,2090
27622,r2i1p1f1,2090,08,17,0.9701952787736445,39.688225,20.571388,2090
27623,r2i1p1f1,2090,08,18,0.21715962710402437,34.11782,19.750776,2090
27624,r2i1p1f1,2090,08,19,0.0,33.23618,14.008789,2090
27625,r2i1p1f1,2090,08,20,0.7716115440416615,34.748882,17.307838,2090
27626,r2i1p1f1,2090,08,21,1.8853290422555347,35.486336,19.96382,2090
27627,r2i1p1f1,2090,08,22,1.0343090466193416,29.644619,12.328827,2090
27628,r2i1p1f1,2090,08,23,0.03201305983822067,35.463783,20.728926,2090
27629,r2i1p1f1,2090,08,24,0.004960429396305699,36.05635,18.042503,2090
27630,r2i1p1f1,2090,08,25,0.17434525921089516,36.29363,15.8373,2090
27631,r2i1p1f1,2090,08,26,0.0,36.469444,20.108574,2090
27632,r2i1p1f1,2090,08,27,0.0,37.69647,22.099865,2090
27633,r2i1p1f1,2090,08,28,0.049347100733143634,37.976887,17.713783,2090
27634,r2i1p1f1,2090,08,29,0.0,37.9881,20.034523,2090
27635,r2i1p1f1,2090,08,30,0.0,38.352833,21.186735,2090
27636,r2i1p1f1,2090,08,31,0.0,38.122417,19.855242,2090
27637,r2i1p1f1,2090,09,01,0.0,38.3113,22.673405,2090
27638,r2i1p1f1,2090,09,02,0.0,38.236015,22.851559,2090
27639,r2i1p1f1,2090,09,03,0.003503646712488262,39.89117,21.590837,2090
27640,r2i1p1f1,2090,09,04,0.0,37.6613,20.636253,2090
27641,r2i1p1f1,2090,09,05,0.4478006660850298,36.685593,17.660547,2090
27642,r2i1p1f1,2090,09,06,0.0,36.103683,20.656227,2090
27643,r2i1p1f1,2090,09,07,0.0,38.46672,20.787079,2090
27644,r2i1p1f1,2090,09,08,0.40921741421584557,39.0194,20.940538,2090
27645,r2i1p1f1,2090,09,09,0.9428041348670035,37.855614,20.336796,2090
27646,r2i1p1f1,2090,09,10,0.0,37.385113,21.567358,2090
27647,r2i1p1f1,2090,09,11,0.08980979052921612,37.296947,19.206276,2090
27648,r2i1p1f1,2090,09,12,0.4218571762294232,34.745407,17.044586,2090
27649,r2i1p1f1,2090,09,13,0.0,30.629778,18.254787,2090
27650,r2i1p1f1,2090,09,14,0.0,35.627888,19.074553,2090
27651,r2i1p1f1,2090,09,15,0.012124001216307079,36.323837,19.273775,2090
27652,r2i1p1f1,2090,09,16,3.527330798578987,37.238953,19.074335,2090
27653,r2i1p1f1,2090,09,17,0.16069384075763082,35.3694,18.10806,2090
27654,r2i1p1f1,2090,09,18,0.14165745360514848,35.220432,18.658134,2090
27655,r2i1p1f1,2090,09,19,7.1595206090592,33.498062,14.953869,2090
27656,r2i1p1f1,2090,09,20,2.3815556905503854,23.811884,11.428707,2090
27657,r2i1p1f1,2090,09,21,0.2508629426642983,23.63416,10.253616,2090
27658,r2i1p1f1,2090,09,22,11.617653671873995,18.934015,7.5503125,2090
27659,r2i1p1f1,2090,09,23,8.57120370355915,16.583036,3.3903282,2090
27660,r2i1p1f1,2090,09,24,0.0,22.003422,7.2446713,2090
27661,r2i1p1f1,2090,09,25,0.0,22.763556,9.204045,2090
27662,r2i1p1f1,2090,09,26,0.0,22.24926,9.106602,2090
27663,r2i1p1f1,2090,09,27,0.0,24.589684,8.322334,2090
27664,r2i1p1f1,2090,09,28,0.0,24.726192,7.7996235,2090
27665,r2i1p1f1,2090,09,29,0.0,23.918892,8.310685,2090
27666,r2i1p1f1,2090,09,30,0.0,29.621555,13.055776,2090
27667,r2i1p1f1,2090,10,01,0.0,32.661957,16.888008,2090
27668,r2i1p1f1,2090,10,02,0.0,33.34247,15.398527,2090
27669,r2i1p1f1,2090,10,03,0.0,34.279068,16.834139,2090
27670,r2i1p1f1,2090,10,04,0.0,33.419186,17.783829,2090
27671,r2i1p1f1,2090,10,05,0.0,33.25975,17.634098,2090
27672,r2i1p1f1,2090,10,06,0.0,34.13929,17.113115,2090
27673,r2i1p1f1,2090,10,07,0.0,33.258198,15.813381,2090
27674,r2i1p1f1,2090,10,08,0.0,32.440872,16.19149,2090
27675,r2i1p1f1,2090,10,09,0.0,34.288498,17.124233,2090
27676,r2i1p1f1,2090,10,10,0.0,33.73258,18.042803,2090
27677,r2i1p1f1,2090,10,11,0.0,31.79143,15.745895,2090
27678,r2i1p1f1,2090,10,12,0.0,28.782118,12.189619,2090
27679,r2i1p1f1,2090,10,13,0.0,26.532389,9.979538,2090
27680,r2i1p1f1,2090,10,14,0.0,27.16714,11.656161,2090
27681,r2i1p1f1,2090,10,15,0.0,29.748924,14.413237,2090
27682,r2i1p1f1,2090,10,16,0.0,30.984375,13.677438,2090
27683,r2i1p1f1,2090,10,17,0.0,28.801018,12.44709,2090
27684,r2i1p1f1,2090,10,18,0.0,28.93147,14.060165,2090
27685,r2i1p1f1,2090,10,19,0.0,29.67936,14.238105,2090
27686,r2i1p1f1,2090,10,20,0.0,31.38842,15.222907,2090
27687,r2i1p1f1,2090,10,21,0.0,32.109776,16.151468,2090
27688,r2i1p1f1,2090,10,22,0.0,30.936842,15.352552,2090
27689,r2i1p1f1,2090,10,23,0.0,29.620003,15.383704,2090
27690,r2i1p1f1,2090,10,24,0.0,31.102407,16.587166,2090
27691,r2i1p1f1,2090,10,25,0.0,32.564198,16.845299,2090
27692,r2i1p1f1,2090,10,26,0.0,31.755259,16.816624,2090
27693,r2i1p1f1,2090,10,27,0.0,29.58077,11.561137,2090
27694,r2i1p1f1,2090,10,28,0.5509557957338984,22.209517,4.39251,2090
27695,r2i1p1f1,2090,10,29,0.0,18.039272,6.965865,2090
27696,r2i1p1f1,2090,10,30,11.596277794251364,17.552694,5.6705084,2090
27697,r2i1p1f1,2090,10,31,2.0341622733326403,10.564097,2.8015585,2090
27698,r2i1p1f1,2090,11,01,0.007517687481595203,13.855663,0.92283356,2090
27699,r2i1p1f1,2090,11,02,0.0,17.589176,2.0748186,2090
27700,r2i1p1f1,2090,11,03,0.0,19.74306,4.3482437,2090
27701,r2i1p1f1,2090,11,04,2.1767571292684806,19.194614,7.903612,2090
27702,r2i1p1f1,2090,11,05,0.0,20.918066,7.4257355,2090
27703,r2i1p1f1,2090,11,06,0.0,20.761065,6.9130106,2090
27704,r2i1p1f1,2090,11,07,0.0,20.957237,7.0859294,2090
27705,r2i1p1f1,2090,11,08,0.0,19.28814,5.367712,2090
27706,r2i1p1f1,2090,11,09,0.0,21.855534,9.357167,2090
27707,r2i1p1f1,2090,11,10,0.0,23.138563,9.724375,2090
27708,r2i1p1f1,2090,11,11,0.0,22.738625,8.760204,2090
27709,r2i1p1f1,2090,11,12,0.0,22.832312,6.9340167,2090
27710,r2i1p1f1,2090,11,13,0.07271448030792271,19.54734,7.1387277,2090
27711,r2i1p1f1,2090,11,14,0.0,13.141122,0.25782263,2090
27712,r2i1p1f1,2090,11,15,0.3595354739047707,13.641032,1.4630567,2090
27713,r2i1p1f1,2090,11,16,0.0,11.414201,-0.78734386,2090
27714,r2i1p1f1,2090,11,17,0.020553916158405627,15.984242,4.9775085,2090
27715,r2i1p1f1,2090,11,18,0.0,20.80645,6.4812407,2090
27716,r2i1p1f1,2090,11,19,2.7566522331937904,18.600254,5.391211,2090
27717,r2i1p1f1,2090,11,20,5.483570957574102,10.867544,6.90312,2090
27718,r2i1p1f1,2090,11,21,0.0,14.310013,1.671153,2090
27719,r2i1p1f1,2090,11,22,0.0,16.232368,3.5954938,2090
27720,r2i1p1f1,2090,11,23,0.17471316787975866,19.158691,6.455761,2090
27721,r2i1p1f1,2090,11,24,28.343516406675917,18.211956,6.4209843,2090
27722,r2i1p1f1,2090,11,25,0.0,13.09054,2.8618362,2090
27723,r2i1p1f1,2090,11,26,0.0,15.884535,3.7791376,2090
27724,r2i1p1f1,2090,11,27,0.0,18.319893,6.0812297,2090
27725,r2i1p1f1,2090,11,28,0.0,16.806257,5.1056747,2090
27726,r2i1p1f1,2090,11,29,0.0,17.236769,2.6323962,2090
27727,r2i1p1f1,2090,11,30,0.07466674808256357,14.735001,6.3712063,2090
27728,r2i1p1f1,2090,12,01,0.0,18.063515,6.4858017,2090
27729,r2i1p1f1,2090,12,02,0.0,19.692793,7.322213,2090
27730,r2i1p1f1,2090,12,03,0.004147589424974285,17.56374,6.702848,2090
27731,r2i1p1f1,2090,12,04,0.045010108169663,13.454481,6.1399016,2090
27732,r2i1p1f1,2090,12,05,8.460213870239386,10.418352,6.975383,2090
27733,r2i1p1f1,2090,12,06,0.005045358170718828,11.2148485,-0.1893631,2090
27734,r2i1p1f1,2090,12,07,0.0,12.217615,-0.32207495,2090
27735,r2i1p1f1,2090,12,08,0.0,13.483468,1.0137599,2090
27736,r2i1p1f1,2090,12,09,0.0,14.345839,3.0296485,2090
27737,r2i1p1f1,2090,12,10,0.0,15.776333,3.2351909,2090
27738,r2i1p1f1,2090,12,11,0.0,16.404121,3.3429892,2090
27739,r2i1p1f1,2090,12,12,1.881573559478511,15.727327,4.439639,2090
27740,r2i1p1f1,2090,12,13,6.314658053020139,17.545189,7.5352716,2090
27741,r2i1p1f1,2090,12,14,0.0,17.497765,3.8265767,2090
27742,r2i1p1f1,2090,12,15,0.019204693826679886,17.703953,5.715183,2090
27743,r2i1p1f1,2090,12,16,30.510320611256248,14.729758,7.5621395,2090
27744,r2i1p1f1,2090,12,17,6.212144760274896,9.319599,3.6451983,2090
27745,r2i1p1f1,2090,12,18,0.35694258669423107,10.76137,1.6468753,2090
27746,r2i1p1f1,2090,12,19,4.628551588484697,8.766052,2.6885593,2090
27747,r2i1p1f1,2090,12,20,33.903556346922414,12.027001,4.6296964,2090
27748,r2i1p1f1,2090,12,21,8.178483089625388,13.210184,6.4127364,2090
27749,r2i1p1f1,2090,12,22,0.0,11.715169,4.656437,2090
27750,r2i1p1f1,2090,12,23,0.0,13.280202,-0.23769051,2090
27751,r2i1p1f1,2090,12,24,0.0,16.914637,3.9086046,2090
27752,r2i1p1f1,2090,12,25,0.3512539079714827,15.984112,5.540414,2090
27753,r2i1p1f1,2090,12,26,0.0,18.022001,6.760179,2090
27754,r2i1p1f1,2090,12,27,0.0,17.802486,6.2458773,2090
27755,r2i1p1f1,2090,12,28,0.0,18.848328,6.0131063,2090
27756,r2i1p1f1,2090,12,29,0.0,18.742193,8.041879,2090
27757,r2i1p1f1,2090,12,30,0.0,17.737331,5.875396,2090
27758,r2i1p1f1,2090,12,31,0.0,18.676907,6.156486,2090
27759,r2i1p1f1,2091,01,01,0.0,16.537617,7.453988,2091
27760,r2i1p1f1,2091,01,02,0.0,15.333981,6.4551735,2091
27761,r2i1p1f1,2091,01,03,0.0,18.085207,4.659069,2091
27762,r2i1p1f1,2091,01,04,0.0,18.624735,4.8375516,2091
27763,r2i1p1f1,2091,01,05,0.0005586930342360574,12.94569,6.1228795,2091
27764,r2i1p1f1,2091,01,06,0.0,14.220539,3.8939722,2091
27765,r2i1p1f1,2091,01,07,0.0,15.170551,3.3950512,2091
27766,r2i1p1f1,2091,01,08,0.0,17.297724,4.242427,2091
27767,r2i1p1f1,2091,01,09,0.0,16.657274,4.280178,2091
27768,r2i1p1f1,2091,01,10,0.0,13.532606,3.8859367,2091
27769,r2i1p1f1,2091,01,11,0.0,17.426033,4.573842,2091
27770,r2i1p1f1,2091,01,12,0.0,16.801477,4.2035317,2091
27771,r2i1p1f1,2091,01,13,0.0,15.017617,2.7398376,2091
27772,r2i1p1f1,2091,01,14,0.0,14.991342,2.4328818,2091
27773,r2i1p1f1,2091,01,15,0.0,14.96619,3.8471434,2091
27774,r2i1p1f1,2091,01,16,0.0,15.922955,5.9762897,2091
27775,r2i1p1f1,2091,01,17,0.0,18.825626,5.7641,2091
27776,r2i1p1f1,2091,01,18,0.17985305717047595,14.19948,6.552408,2091
27777,r2i1p1f1,2091,01,19,0.0,15.094774,6.7655525,2091
27778,r2i1p1f1,2091,01,20,19.023798661874025,16.42539,4.9718113,2091
27779,r2i1p1f1,2091,01,21,2.319755341392238,12.545813,3.7951572,2091
27780,r2i1p1f1,2091,01,22,18.330619437620044,10.208016,3.745037,2091
27781,r2i1p1f1,2091,01,23,81.51281663413101,11.755408,5.483726,2091
27782,r2i1p1f1,2091,01,24,27.17779907784461,10.074716,-0.4417461,2091
27783,r2i1p1f1,2091,01,25,46.31648283757386,12.039903,5.6831756,2091
27784,r2i1p1f1,2091,01,26,6.51770516174679,11.790182,4.4360557,2091
27785,r2i1p1f1,2091,01,27,7.227347611433288,12.577254,4.4909816,2091
27786,r2i1p1f1,2091,01,28,0.08443724929918517,14.722453,4.58472,2091
27787,r2i1p1f1,2091,01,29,0.09069404809878279,13.592868,5.7677603,2091
27788,r2i1p1f1,2091,01,30,31.176799158129143,13.913283,7.1779675,2091
27789,r2i1p1f1,2091,01,31,0.0,14.723494,2.996092,2091
27790,r2i1p1f1,2091,02,01,0.06377151439664885,14.97093,3.8377597,2091
27791,r2i1p1f1,2091,02,02,0.0,16.064302,7.0516033,2091
27792,r2i1p1f1,2091,02,03,0.15711597777681163,17.55386,7.629838,2091
27793,r2i1p1f1,2091,02,04,0.0,18.474167,7.450652,2091
27794,r2i1p1f1,2091,02,05,0.0,18.76424,7.276389,2091
27795,r2i1p1f1,2091,02,06,0.0,18.389503,5.442447,2091
27796,r2i1p1f1,2091,02,07,0.0,16.310623,4.6149435,2091
27797,r2i1p1f1,2091,02,08,30.60740303408238,12.626307,7.699818,2091
27798,r2i1p1f1,2091,02,09,15.568133483975544,13.056918,2.5196452,2091
27799,r2i1p1f1,2091,02,10,77.49305042161723,10.422237,5.565191,2091
27800,r2i1p1f1,2091,02,11,15.648464722835342,14.76363,6.38597,2091
27801,r2i1p1f1,2091,02,12,0.0,15.5293665,2.6160593,2091
27802,r2i1p1f1,2091,02,13,1.4088733973977696,13.791554,3.5141885,2091
27803,r2i1p1f1,2091,02,14,57.94935105004697,13.917499,8.667574,2091
27804,r2i1p1f1,2091,02,15,13.062696290899112,14.512211,4.6519914,2091
27805,r2i1p1f1,2091,02,16,16.317411631462164,13.98064,5.506672,2091
27806,r2i1p1f1,2091,02,17,11.773963035193447,13.104698,5.6781445,2091
27807,r2i1p1f1,2091,02,18,23.820226323277893,12.334456,6.175937,2091
27808,r2i1p1f1,2091,02,19,1.4210147369730919,11.731692,3.5978,2091
27809,r2i1p1f1,2091,02,20,0.0,12.415494,0.25187743,2091
27810,r2i1p1f1,2091,02,21,32.317594831692986,14.178833,2.5894363,2091
27811,r2i1p1f1,2091,02,22,4.894309967346544,14.223866,5.1859155,2091
27812,r2i1p1f1,2091,02,23,3.6426497638785804,12.69902,4.0482883,2091
27813,r2i1p1f1,2091,02,24,28.010090906900587,12.574709,5.7616057,2091
27814,r2i1p1f1,2091,02,25,3.5601781034486635,13.3354845,5.8113933,2091
27815,r2i1p1f1,2091,02,26,0.0,14.253284,3.7902625,2091
27816,r2i1p1f1,2091,02,27,0.0,16.15104,3.3593314,2091
27817,r2i1p1f1,2091,02,28,0.0,16.30868,2.582828,2091
27818,r2i1p1f1,2091,03,01,0.0,16.322855,0.7651956,2091
27819,r2i1p1f1,2091,03,02,0.0,17.350761,3.9617517,2091
27820,r2i1p1f1,2091,03,03,0.0,18.432116,4.9644523,2091
27821,r2i1p1f1,2091,03,04,0.0,18.949043,4.983019,2091
27822,r2i1p1f1,2091,03,05,0.0,18.86753,5.4319944,2091
27823,r2i1p1f1,2091,03,06,0.0,18.278374,4.144221,2091
27824,r2i1p1f1,2091,03,07,0.0,18.878084,6.5346985,2091
27825,r2i1p1f1,2091,03,08,0.0,18.495045,6.146857,2091
27826,r2i1p1f1,2091,03,09,0.0,18.278267,4.4408407,2091
27827,r2i1p1f1,2091,03,10,0.0,17.97911,5.264027,2091
27828,r2i1p1f1,2091,03,11,0.0,22.879082,6.637879,2091
27829,r2i1p1f1,2091,03,12,0.0,23.330027,6.4478207,2091
27830,r2i1p1f1,2091,03,13,1.7817593585675695,20.536491,6.5991144,2091
27831,r2i1p1f1,2091,03,14,1.493707901158814,18.221972,8.337764,2091
27832,r2i1p1f1,2091,03,15,7.252421499299544,18.83619,6.5407453,2091
27833,r2i1p1f1,2091,03,16,9.889530571808791,18.467804,7.3353677,2091
27834,r2i1p1f1,2091,03,17,8.117669252442283,16.96678,8.334461,2091
27835,r2i1p1f1,2091,03,18,4.278038638244652,16.288368,6.486315,2091
27836,r2i1p1f1,2091,03,19,6.543640957124808,16.325756,8.272861,2091
27837,r2i1p1f1,2091,03,20,5.659326885529481,16.065086,3.9680345,2091
27838,r2i1p1f1,2091,03,21,2.0035531791336325,12.7342825,5.2149944,2091
27839,r2i1p1f1,2091,03,22,13.793326550057827,14.217232,7.38975,2091
27840,r2i1p1f1,2091,03,23,0.6198280233093101,14.845247,1.0089736,2091
27841,r2i1p1f1,2091,03,24,20.35689454664862,12.961757,9.261239,2091
27842,r2i1p1f1,2091,03,25,0.0,16.991488,3.7012694,2091
27843,r2i1p1f1,2091,03,26,0.0,20.05439,3.5214992,2091
27844,r2i1p1f1,2091,03,27,0.0,21.657875,5.1483326,2091
27845,r2i1p1f1,2091,03,28,0.0,23.004778,6.9601355,2091
27846,r2i1p1f1,2091,03,29,0.0,23.842209,8.925486,2091
27847,r2i1p1f1,2091,03,30,0.0,20.433592,5.7357306,2091
27848,r2i1p1f1,2091,03,31,0.0,19.448046,6.379774,2091
27849,r2i1p1f1,2091,04,01,0.0,21.766739,7.0029035,2091
27850,r2i1p1f1,2091,04,02,0.0,23.428623,8.921795,2091
27851,r2i1p1f1,2091,04,03,0.0,23.668585,7.4280787,2091
27852,r2i1p1f1,2091,04,04,0.0,22.936283,6.6830487,2091
27853,r2i1p1f1,2091,04,05,0.0,22.447517,7.9252787,2091
27854,r2i1p1f1,2091,04,06,9.713473976262321,19.801064,6.5593195,2091
27855,r2i1p1f1,2091,04,07,4.015352803492078,13.824095,6.0512524,2091
27856,r2i1p1f1,2091,04,08,0.0,16.526863,0.6305445,2091
27857,r2i1p1f1,2091,04,09,0.0,18.705803,2.2495139,2091
27858,r2i1p1f1,2091,04,10,2.056142577671949,20.214806,4.7519846,2091
27859,r2i1p1f1,2091,04,11,0.0,21.146645,4.6765556,2091
27860,r2i1p1f1,2091,04,12,5.454752461218959,16.394196,4.3785605,2091
27861,r2i1p1f1,2091,04,13,25.34173218973592,11.8357525,7.901303,2091
27862,r2i1p1f1,2091,04,14,0.0,15.730547,2.4714918,2091
27863,r2i1p1f1,2091,04,15,0.0,19.140375,3.6265078,2091
27864,r2i1p1f1,2091,04,16,0.0,21.74025,5.765411,2091
27865,r2i1p1f1,2091,04,17,0.0,24.137278,7.5947146,2091
27866,r2i1p1f1,2091,04,18,0.0,26.748516,10.565523,2091
27867,r2i1p1f1,2091,04,19,0.0,29.23934,12.810757,2091
27868,r2i1p1f1,2091,04,20,0.0,29.58327,14.031068,2091
27869,r2i1p1f1,2091,04,21,0.0,28.840223,10.377955,2091
27870,r2i1p1f1,2091,04,22,12.660950895224232,17.583445,1.6271105,2091
27871,r2i1p1f1,2091,04,23,48.38657108775806,9.374348,5.270999,2091
27872,r2i1p1f1,2091,04,24,4.794661485129836,13.161976,3.7183194,2091
27873,r2i1p1f1,2091,04,25,0.0,17.965101,3.7102365,2091
27874,r2i1p1f1,2091,04,26,0.0,22.102568,4.983535,2091
27875,r2i1p1f1,2091,04,27,0.0,25.296019,9.346577,2091
27876,r2i1p1f1,2091,04,28,0.0,26.886251,12.367923,2091
27877,r2i1p1f1,2091,04,29,0.0,26.486221,9.236404,2091
27878,r2i1p1f1,2091,04,30,0.7738527685830832,20.189217,2.4981601,2091
27879,r2i1p1f1,2091,05,01,1.9153786132449113,15.319416,6.555956,2091
27880,r2i1p1f1,2091,05,02,0.0,18.667332,3.6738417,2091
27881,r2i1p1f1,2091,05,03,0.0,20.425947,4.833059,2091
27882,r2i1p1f1,2091,05,04,0.0,21.22422,5.3045216,2091
27883,r2i1p1f1,2091,05,05,0.0,24.949154,8.295393,2091
27884,r2i1p1f1,2091,05,06,0.0,29.753323,12.49061,2091
27885,r2i1p1f1,2091,05,07,0.0,30.57723,13.487748,2091
27886,r2i1p1f1,2091,05,08,0.0,31.107435,13.020433,2091
27887,r2i1p1f1,2091,05,09,0.0,31.080576,11.3764715,2091
27888,r2i1p1f1,2091,05,10,0.0,27.188925,8.901387,2091
27889,r2i1p1f1,2091,05,11,5.761804452868091,20.056614,3.9341288,2091
27890,r2i1p1f1,2091,05,12,9.270116998072808,17.982893,5.409616,2091
27891,r2i1p1f1,2091,05,13,0.0,27.378298,11.420818,2091
27892,r2i1p1f1,2091,05,14,0.0,30.311832,14.271242,2091
27893,r2i1p1f1,2091,05,15,0.0,31.103167,14.842968,2091
27894,r2i1p1f1,2091,05,16,0.0,31.539103,12.058822,2091
27895,r2i1p1f1,2091,05,17,0.0,31.493496,10.561908,2091
27896,r2i1p1f1,2091,05,18,0.0,28.673746,9.670519,2091
27897,r2i1p1f1,2091,05,19,0.07200237567985823,20.004147,3.832305,2091
27898,r2i1p1f1,2091,05,20,0.0,20.333275,3.7251832,2091
27899,r2i1p1f1,2091,05,21,0.0,21.27054,5.732687,2091
27900,r2i1p1f1,2091,05,22,0.010620422744977986,20.161165,3.8310995,2091
27901,r2i1p1f1,2091,05,23,0.010666493471944705,21.779545,5.993467,2091
27902,r2i1p1f1,2091,05,24,0.0,22.89858,5.606742,2091
27903,r2i1p1f1,2091,05,25,0.0,23.838285,7.504337,2091
27904,r2i1p1f1,2091,05,26,0.8120756880600766,24.021593,6.0561123,2091
27905,r2i1p1f1,2091,05,27,0.5175938386628332,27.322731,10.551998,2091
27906,r2i1p1f1,2091,05,28,2.281145572715104,24.958647,9.522953,2091
27907,r2i1p1f1,2091,05,29,1.9787589585689602,22.626936,7.4605527,2091
27908,r2i1p1f1,2091,05,30,0.46783743491687346,23.817762,8.872127,2091
27909,r2i1p1f1,2091,05,31,0.0,30.699673,14.965809,2091
27910,r2i1p1f1,2091,06,01,0.0,31.231316,13.298771,2091
27911,r2i1p1f1,2091,06,02,0.0,29.6264,11.365415,2091
27912,r2i1p1f1,2091,06,03,0.0,29.799622,13.05295,2091
27913,r2i1p1f1,2091,06,04,0.0,32.673775,14.805522,2091
27914,r2i1p1f1,2091,06,05,0.0,32.912945,14.20796,2091
27915,r2i1p1f1,2091,06,06,0.0,32.508114,11.449032,2091
27916,r2i1p1f1,2091,06,07,0.0,29.371054,13.245747,2091
27917,r2i1p1f1,2091,06,08,0.0,30.409004,12.973626,2091
27918,r2i1p1f1,2091,06,09,0.0,30.247131,12.85613,2091
27919,r2i1p1f1,2091,06,10,0.0,30.745113,13.895126,2091
27920,r2i1p1f1,2091,06,11,0.0,31.31488,13.716281,2091
27921,r2i1p1f1,2091,06,12,0.0,29.132423,12.643383,2091
27922,r2i1p1f1,2091,06,13,0.0,27.379951,10.565876,2091
27923,r2i1p1f1,2091,06,14,0.0,26.839699,10.561854,2091
27924,r2i1p1f1,2091,06,15,0.0,28.156925,11.469646,2091
27925,r2i1p1f1,2091,06,16,0.0,29.629417,11.913934,2091
27926,r2i1p1f1,2091,06,17,0.0,32.86209,14.381702,2091
27927,r2i1p1f1,2091,06,18,0.0,31.990604,13.913955,2091
27928,r2i1p1f1,2091,06,19,1.2285436471870526,29.053646,11.91581,2091
27929,r2i1p1f1,2091,06,20,0.0,31.46688,16.562088,2091
27930,r2i1p1f1,2091,06,21,0.002949014651676407,33.294937,16.787464,2091
27931,r2i1p1f1,2091,06,22,0.15374827908090083,33.149048,13.693323,2091
27932,r2i1p1f1,2091,06,23,0.0,35.45392,16.756725,2091
27933,r2i1p1f1,2091,06,24,1.1169171412603873,34.094646,14.169971,2091
27934,r2i1p1f1,2091,06,25,0.0,33.464348,16.498589,2091
27935,r2i1p1f1,2091,06,26,0.0,33.223957,15.909546,2091
27936,r2i1p1f1,2091,06,27,0.0,34.230316,17.44157,2091
27937,r2i1p1f1,2091,06,28,0.5473506224006996,34.420578,18.810646,2091
27938,r2i1p1f1,2091,06,29,12.415647067200553,31.424892,11.133229,2091
27939,r2i1p1f1,2091,06,30,0.0,32.91649,17.665247,2091
27940,r2i1p1f1,2091,07,01,0.13589719085302931,28.996704,12.499048,2091
27941,r2i1p1f1,2091,07,02,0.08221405639687873,31.18696,15.031638,2091
27942,r2i1p1f1,2091,07,03,0.0,34.76369,18.327164,2091
27943,r2i1p1f1,2091,07,04,0.0,37.06831,21.105915,2091
27944,r2i1p1f1,2091,07,05,0.0,36.787495,19.916084,2091
27945,r2i1p1f1,2091,07,06,0.0,36.649555,20.711615,2091
27946,r2i1p1f1,2091,07,07,0.0,34.760857,18.583656,2091
27947,r2i1p1f1,2091,07,08,0.011423332671256503,32.983963,16.863089,2091
27948,r2i1p1f1,2091,07,09,0.0,33.09276,17.978445,2091
27949,r2i1p1f1,2091,07,10,0.0,33.645977,16.806236,2091
27950,r2i1p1f1,2091,07,11,0.0,34.774303,17.279467,2091
27951,r2i1p1f1,2091,07,12,0.0,34.91023,16.938637,2091
27952,r2i1p1f1,2091,07,13,0.0,35.974968,16.379398,2091
27953,r2i1p1f1,2091,07,14,0.0,36.64597,16.410915,2091
27954,r2i1p1f1,2091,07,15,0.0,37.115837,18.353472,2091
27955,r2i1p1f1,2091,07,16,0.0,36.15984,20.603346,2091
27956,r2i1p1f1,2091,07,17,0.5100610287627205,37.515316,18.661057,2091
27957,r2i1p1f1,2091,07,18,0.0,37.41542,19.861898,2091
27958,r2i1p1f1,2091,07,19,0.0,35.74104,18.710356,2091
27959,r2i1p1f1,2091,07,20,2.089036142842815,35.741436,17.524603,2091
27960,r2i1p1f1,2091,07,21,0.00029225107027741615,38.03096,21.69872,2091
27961,r2i1p1f1,2091,07,22,0.0,38.342773,22.608845,2091
27962,r2i1p1f1,2091,07,23,0.0,38.8108,19.783087,2091
27963,r2i1p1f1,2091,07,24,0.0,37.643486,17.295761,2091
27964,r2i1p1f1,2091,07,25,0.0,33.18544,13.436849,2091
27965,r2i1p1f1,2091,07,26,0.0,28.507965,11.189219,2091
27966,r2i1p1f1,2091,07,27,0.0,29.580301,14.529872,2091
27967,r2i1p1f1,2091,07,28,0.0,29.893772,12.392821,2091
27968,r2i1p1f1,2091,07,29,0.0,30.116062,12.036129,2091
27969,r2i1p1f1,2091,07,30,0.0,29.558903,11.84358,2091
27970,r2i1p1f1,2091,07,31,0.0,29.347603,11.959942,2091
27971,r2i1p1f1,2091,08,01,0.0,31.348793,12.746335,2091
27972,r2i1p1f1,2091,08,02,0.0,31.971764,12.247229,2091
27973,r2i1p1f1,2091,08,03,0.0,33.290237,15.811125,2091
27974,r2i1p1f1,2091,08,04,0.0,34.7989,16.406212,2091
27975,r2i1p1f1,2091,08,05,0.032347790784115205,34.507576,14.922982,2091
27976,r2i1p1f1,2091,08,06,0.0,28.090582,11.249231,2091
27977,r2i1p1f1,2091,08,07,0.0,31.553274,12.790538,2091
27978,r2i1p1f1,2091,08,08,0.0,35.265396,17.380762,2091
27979,r2i1p1f1,2091,08,09,0.0,36.803146,18.158375,2091
27980,r2i1p1f1,2091,08,10,0.0,36.935627,16.95183,2091
27981,r2i1p1f1,2091,08,11,0.0,36.26924,17.448452,2091
27982,r2i1p1f1,2091,08,12,0.0,37.124367,19.831743,2091
27983,r2i1p1f1,2091,08,13,0.1978233002773777,35.072617,17.845139,2091
27984,r2i1p1f1,2091,08,14,0.0,32.252808,13.629106,2091
27985,r2i1p1f1,2091,08,15,15.093656683939116,27.099491,5.847735,2091
27986,r2i1p1f1,2091,08,16,5.269536899538707,18.503649,8.113879,2091
27987,r2i1p1f1,2091,08,17,23.710933702261627,18.259468,11.505266,2091
27988,r2i1p1f1,2091,08,18,0.3850605687148345,23.937675,12.259766,2091
27989,r2i1p1f1,2091,08,19,0.0,29.56134,12.262088,2091
27990,r2i1p1f1,2091,08,20,0.0,33.363285,13.471199,2091
27991,r2i1p1f1,2091,08,21,0.0,35.42411,15.217156,2091
27992,r2i1p1f1,2091,08,22,0.0,35.132313,16.49039,2091
27993,r2i1p1f1,2091,08,23,0.0,35.898438,19.438848,2091
27994,r2i1p1f1,2091,08,24,0.0,36.423508,17.829699,2091
27995,r2i1p1f1,2091,08,25,0.0,36.173584,18.014204,2091
27996,r2i1p1f1,2091,08,26,0.0,37.152542,20.767149,2091
27997,r2i1p1f1,2091,08,27,0.0,40.052826,21.158081,2091
27998,r2i1p1f1,2091,08,28,0.0,42.982204,26.306662,2091
27999,r2i1p1f1,2091,08,29,0.0,43.40645,28.586748,2091
28000,r2i1p1f1,2091,08,30,0.0,43.932076,25.438631,2091
28001,r2i1p1f1,2091,08,31,0.0,37.73329,19.787014,2091
28002,r2i1p1f1,2091,09,01,0.0,38.04363,18.679277,2091
28003,r2i1p1f1,2091,09,02,0.0,35.670143,17.22689,2091
28004,r2i1p1f1,2091,09,03,0.0,32.95038,13.450997,2091
28005,r2i1p1f1,2091,09,04,0.0,31.941477,11.786243,2091
28006,r2i1p1f1,2091,09,05,0.0,30.359968,11.059144,2091
28007,r2i1p1f1,2091,09,06,0.02300400221884047,24.70962,9.305245,2091
28008,r2i1p1f1,2091,09,07,0.0,24.51106,9.639428,2091
28009,r2i1p1f1,2091,09,08,0.0,25.486044,11.725246,2091
28010,r2i1p1f1,2091,09,09,0.0,29.079414,12.511017,2091
28011,r2i1p1f1,2091,09,10,0.0,30.561262,11.673638,2091
28012,r2i1p1f1,2091,09,11,0.0,33.959137,16.221926,2091
28013,r2i1p1f1,2091,09,12,0.0,36.689194,20.103779,2091
28014,r2i1p1f1,2091,09,13,0.0,37.631943,20.950848,2091
28015,r2i1p1f1,2091,09,14,0.0,38.15826,21.051842,2091
28016,r2i1p1f1,2091,09,15,0.0,38.45629,20.779522,2091
28017,r2i1p1f1,2091,09,16,0.0,37.91148,19.13101,2091
28018,r2i1p1f1,2091,09,17,0.0,37.75221,19.024183,2091
28019,r2i1p1f1,2091,09,18,3.437945522642849,36.355858,18.872633,2091
28020,r2i1p1f1,2091,09,19,0.0,34.151817,19.53003,2091
28021,r2i1p1f1,2091,09,20,1.118822719547552,34.504974,17.772352,2091
28022,r2i1p1f1,2091,09,21,2.444725066789033,27.029648,11.317875,2091
28023,r2i1p1f1,2091,09,22,2.4284089896809746,25.019567,12.780005,2091
28024,r2i1p1f1,2091,09,23,0.04638027504948461,25.39271,14.372722,2091
28025,r2i1p1f1,2091,09,24,0.0,26.749298,12.768248,2091
28026,r2i1p1f1,2091,09,25,0.0,27.29451,11.641061,2091
28027,r2i1p1f1,2091,09,26,0.0,28.252155,13.038851,2091
28028,r2i1p1f1,2091,09,27,0.0,29.161716,13.579151,2091
28029,r2i1p1f1,2091,09,28,0.0,30.100555,13.066774,2091
28030,r2i1p1f1,2091,09,29,0.0,29.897196,14.108594,2091
28031,r2i1p1f1,2091,09,30,0.33595248775526443,27.620682,11.466141,2091
28032,r2i1p1f1,2091,10,01,0.0031786673389433417,29.145128,13.134288,2091
28033,r2i1p1f1,2091,10,02,0.0,27.711662,13.28824,2091
28034,r2i1p1f1,2091,10,03,0.0,30.468666,14.7689295,2091
28035,r2i1p1f1,2091,10,04,0.19622648561608003,29.617083,14.009503,2091
28036,r2i1p1f1,2091,10,05,6.2634805565267015,25.919567,11.101231,2091
28037,r2i1p1f1,2091,10,06,79.47190729173599,24.791847,13.218616,2091
28038,r2i1p1f1,2091,10,07,0.1450190291031106,21.519873,11.664962,2091
28039,r2i1p1f1,2091,10,08,0.0,25.349281,11.243623,2091
28040,r2i1p1f1,2091,10,09,0.0,26.49923,12.853694,2091
28041,r2i1p1f1,2091,10,10,0.06458604103372068,27.493628,13.115002,2091
28042,r2i1p1f1,2091,10,11,0.19126374035067784,24.738523,11.198327,2091
28043,r2i1p1f1,2091,10,12,0.0,22.14634,8.951725,2091
28044,r2i1p1f1,2091,10,13,0.0,24.70499,9.453777,2091
28045,r2i1p1f1,2091,10,14,0.0,27.091492,12.415764,2091
28046,r2i1p1f1,2091,10,15,0.0,27.528702,13.849372,2091
28047,r2i1p1f1,2091,10,16,0.0,26.525503,13.0807495,2091
28048,r2i1p1f1,2091,10,17,0.0,28.166996,13.089736,2091
28049,r2i1p1f1,2091,10,18,0.0,27.480688,12.483044,2091
28050,r2i1p1f1,2091,10,19,0.0,24.758278,12.107037,2091
28051,r2i1p1f1,2091,10,20,4.939845088620132,18.971739,9.51109,2091
28052,r2i1p1f1,2091,10,21,0.0,19.91467,5.7739954,2091
28053,r2i1p1f1,2091,10,22,0.0,23.232603,5.723375,2091
28054,r2i1p1f1,2091,10,23,0.0,26.565556,10.07755,2091
28055,r2i1p1f1,2091,10,24,0.0,27.360645,11.642683,2091
28056,r2i1p1f1,2091,10,25,0.0,24.97712,7.8732104,2091
28057,r2i1p1f1,2091,10,26,0.0,25.300344,9.874908,2091
28058,r2i1p1f1,2091,10,27,0.0,27.295021,12.048067,2091
28059,r2i1p1f1,2091,10,28,0.0,28.5542,13.207539,2091
28060,r2i1p1f1,2091,10,29,0.0,28.508348,13.504808,2091
28061,r2i1p1f1,2091,10,30,0.0,26.257189,10.233858,2091
28062,r2i1p1f1,2091,10,31,0.0,25.866398,9.105006,2091
28063,r2i1p1f1,2091,11,01,0.0,27.141537,10.943786,2091
28064,r2i1p1f1,2091,11,02,0.0,24.263193,9.389484,2091
28065,r2i1p1f1,2091,11,03,0.0,24.340717,9.284421,2091
28066,r2i1p1f1,2091,11,04,0.010148420915356837,25.031189,9.186563,2091
28067,r2i1p1f1,2091,11,05,54.89580401626881,15.649168,9.84955,2091
28068,r2i1p1f1,2091,11,06,49.399726260162424,15.063041,7.745646,2091
28069,r2i1p1f1,2091,11,07,0.8958937325161287,11.08255,4.5191274,2091
28070,r2i1p1f1,2091,11,08,0.005203146611165721,16.092344,3.0920026,2091
28071,r2i1p1f1,2091,11,09,0.0,17.044758,5.248466,2091
28072,r2i1p1f1,2091,11,10,0.0,17.300732,5.054362,2091
28073,r2i1p1f1,2091,11,11,2.3148534129461495,16.132616,2.5484934,2091
28074,r2i1p1f1,2091,11,12,30.632074318600644,11.607332,6.140457,2091
28075,r2i1p1f1,2091,11,13,0.0,11.479135,-0.97093177,2091
28076,r2i1p1f1,2091,11,14,0.0,13.534753,-0.4688908,2091
28077,r2i1p1f1,2091,11,15,0.0,14.122693,1.5615809,2091
28078,r2i1p1f1,2091,11,16,24.547925103615853,11.467139,3.9535708,2091
28079,r2i1p1f1,2091,11,17,7.203252499778046,8.811639,0.7797818,2091
28080,r2i1p1f1,2091,11,18,0.3936586341637849,9.1505165,1.2246279,2091
28081,r2i1p1f1,2091,11,19,0.0,10.107975,-0.95024806,2091
28082,r2i1p1f1,2091,11,20,0.0,10.148415,-1.7658778,2091
28083,r2i1p1f1,2091,11,21,0.0,10.111039,-1.6176482,2091
28084,r2i1p1f1,2091,11,22,7.369279216044333,10.5515,-0.16705571,2091
28085,r2i1p1f1,2091,11,23,43.3414366467332,8.728823,2.321604,2091
28086,r2i1p1f1,2091,11,24,14.440835449829592,8.900334,0.24700843,2091
28087,r2i1p1f1,2091,11,25,0.50537279800551,11.23713,-2.3432074,2091
28088,r2i1p1f1,2091,11,26,0.011688223901273886,13.474522,1.5663948,2091
28089,r2i1p1f1,2091,11,27,0.0,13.603987,2.7205622,2091
28090,r2i1p1f1,2091,11,28,0.0,15.153629,3.1974676,2091
28091,r2i1p1f1,2091,11,29,0.0,14.061903,3.1596513,2091
28092,r2i1p1f1,2091,11,30,0.0,15.015677,1.2192525,2091
28093,r2i1p1f1,2091,12,01,0.0,15.775265,2.6334658,2091
28094,r2i1p1f1,2091,12,02,0.25633009238390514,13.702379,3.3626661,2091
28095,r2i1p1f1,2091,12,03,3.458083179168625,8.730122,4.1710634,2091
28096,r2i1p1f1,2091,12,04,43.670269288122654,9.842326,5.0568857,2091
28097,r2i1p1f1,2091,12,05,0.0521153601766855,11.886704,0.7924645,2091
28098,r2i1p1f1,2091,12,06,31.69214195040695,10.46645,5.868101,2091
28099,r2i1p1f1,2091,12,07,10.16560401912443,12.584769,6.939886,2091
28100,r2i1p1f1,2091,12,08,0.0,14.461636,2.7535803,2091
28101,r2i1p1f1,2091,12,09,0.0,15.45922,2.9581335,2091
28102,r2i1p1f1,2091,12,10,0.0,16.228693,4.517498,2091
28103,r2i1p1f1,2091,12,11,0.0,17.017582,5.555778,2091
28104,r2i1p1f1,2091,12,12,0.0,18.763205,6.2704673,2091
28105,r2i1p1f1,2091,12,13,0.0,17.371008,5.6364026,2091
28106,r2i1p1f1,2091,12,14,0.0,18.690407,6.470973,2091
28107,r2i1p1f1,2091,12,15,0.0,20.096596,8.747321,2091
28108,r2i1p1f1,2091,12,16,0.0,19.630323,9.058526,2091
28109,r2i1p1f1,2091,12,17,0.0,19.558418,8.1740055,2091
28110,r2i1p1f1,2091,12,18,0.0,18.126362,6.300689,2091
28111,r2i1p1f1,2091,12,19,0.0,16.252808,4.0522046,2091
28112,r2i1p1f1,2091,12,20,31.13535878874245,14.309298,7.889508,2091
28113,r2i1p1f1,2091,12,21,27.581286246504533,12.877755,8.572234,2091
28114,r2i1p1f1,2091,12,22,0.0,16.969433,6.037256,2091
28115,r2i1p1f1,2091,12,23,0.025387070263604983,17.506931,6.545309,2091
28116,r2i1p1f1,2091,12,24,0.0,13.616218,3.1827588,2091
28117,r2i1p1f1,2091,12,25,0.0,14.656475,2.614875,2091
28118,r2i1p1f1,2091,12,26,0.0,16.929386,5.288398,2091
28119,r2i1p1f1,2091,12,27,0.0,18.268623,4.4367414,2091
28120,r2i1p1f1,2091,12,28,0.0,16.21334,3.8638487,2091
28121,r2i1p1f1,2091,12,29,2.191942117877943,13.369226,2.2987876,2091
28122,r2i1p1f1,2091,12,30,35.41115406442259,9.378913,5.773796,2091
28123,r2i1p1f1,2091,12,31,33.13586563072022,10.997073,5.3707886,2091
28124,r2i1p1f1,2092,01,01,66.03951177021372,12.4903145,-0.9727124,2092
28125,r2i1p1f1,2092,01,02,1.4578752835689102,9.827099,-1.3015081,2092
28126,r2i1p1f1,2092,01,03,22.79217686937045,8.216485,0.5617656,2092
28127,r2i1p1f1,2092,01,04,10.8353840181735,8.125024,1.5793921,2092
28128,r2i1p1f1,2092,01,05,26.878885548831022,8.366584,1.0018862,2092
28129,r2i1p1f1,2092,01,06,6.17564620694111,8.2067175,-1.6750518,2092
28130,r2i1p1f1,2092,01,07,6.207846464121758,9.159844,3.3105507,2092
28131,r2i1p1f1,2092,01,08,14.979330532696622,9.934871,3.0115588,2092
28132,r2i1p1f1,2092,01,09,0.0,9.266048,-3.6425543,2092
28133,r2i1p1f1,2092,01,10,0.0,10.862039,-2.2183893,2092
28134,r2i1p1f1,2092,01,11,0.0,11.068988,-0.3169438,2092
28135,r2i1p1f1,2092,01,12,0.0,10.858208,-0.57149494,2092
28136,r2i1p1f1,2092,01,13,0.0,10.166402,3.1128223,2092
28137,r2i1p1f1,2092,01,14,0.040772202194716556,11.084285,1.6469969,2092
28138,r2i1p1f1,2092,01,15,2.6889096285970027,10.447109,2.9484522,2092
28139,r2i1p1f1,2092,01,16,6.228273004137463,13.146165,3.366952,2092
28140,r2i1p1f1,2092,01,17,0.0,15.785738,1.7835134,2092
28141,r2i1p1f1,2092,01,18,0.0,15.947937,2.8544662,2092
28142,r2i1p1f1,2092,01,19,0.2109407973392763,14.899484,6.3061657,2092
28143,r2i1p1f1,2092,01,20,0.0,14.321365,4.9150114,2092
28144,r2i1p1f1,2092,01,21,23.31217098490015,11.997847,5.0393972,2092
28145,r2i1p1f1,2092,01,22,22.221440651446756,9.917141,-2.9467163,2092
28146,r2i1p1f1,2092,01,23,7.509815060938507,8.707815,-0.9241174,2092
28147,r2i1p1f1,2092,01,24,0.0,10.169272,1.0405028,2092
28148,r2i1p1f1,2092,01,25,6.062083140841423,9.217308,-0.21021281,2092
28149,r2i1p1f1,2092,01,26,0.35967214522543145,8.950117,-1.3278003,2092
28150,r2i1p1f1,2092,01,27,8.785868456766366,8.648367,4.8492374,2092
28151,r2i1p1f1,2092,01,28,1.1269452774058664,11.600967,4.1665783,2092
28152,r2i1p1f1,2092,01,29,0.0,17.921242,4.28793,2092
28153,r2i1p1f1,2092,01,30,0.0,19.44296,6.4983115,2092
28154,r2i1p1f1,2092,01,31,0.0,17.992947,6.99235,2092
28155,r2i1p1f1,2092,02,01,0.0,17.494196,6.5395107,2092
28156,r2i1p1f1,2092,02,02,30.29628900476382,16.24116,4.56406,2092
28157,r2i1p1f1,2092,02,03,34.170111946514226,13.491055,6.4929576,2092
28158,r2i1p1f1,2092,02,04,23.523657377688778,10.825245,0.57661724,2092
28159,r2i1p1f1,2092,02,05,29.170876579701144,8.545567,-2.5267973,2092
28160,r2i1p1f1,2092,02,06,26.60318848247698,8.064633,2.3786201,2092
28161,r2i1p1f1,2092,02,07,33.13177430645737,10.776818,2.4545305,2092
28162,r2i1p1f1,2092,02,08,40.08806093115709,10.7084465,4.6426334,2092
28163,r2i1p1f1,2092,02,09,13.13513486957163,10.267891,-0.13074367,2092
28164,r2i1p1f1,2092,02,10,0.0,10.359578,0.7503021,2092
28165,r2i1p1f1,2092,02,11,0.0,11.977212,1.5186327,2092
28166,r2i1p1f1,2092,02,12,0.805394320119035,11.46939,1.2130288,2092
28167,r2i1p1f1,2092,02,13,54.29726697911974,14.856681,5.099437,2092
28168,r2i1p1f1,2092,02,14,1.3010668157562577,15.799437,5.4298267,2092
28169,r2i1p1f1,2092,02,15,0.04685150438490382,15.701534,4.8037877,2092
28170,r2i1p1f1,2092,02,16,0.7154871612215175,10.952262,1.8706926,2092
28171,r2i1p1f1,2092,02,17,7.556315334068131,11.736633,2.069071,2092
28172,r2i1p1f1,2092,02,18,13.066302996958257,13.509913,5.7300844,2092
28173,r2i1p1f1,2092,02,19,2.38150880036585,12.9380045,3.3650246,2092
28174,r2i1p1f1,2092,02,20,0.0012390821893859538,11.378872,3.0216086,2092
28175,r2i1p1f1,2092,02,21,0.0,13.042439,0.95020115,2092
28176,r2i1p1f1,2092,02,22,0.0,14.942409,2.100753,2092
28177,r2i1p1f1,2092,02,23,0.0,17.383091,3.6491542,2092
28178,r2i1p1f1,2092,02,24,0.0,15.785595,2.722908,2092
28179,r2i1p1f1,2092,02,25,0.03608362999329984,14.968702,3.1529412,2092
28180,r2i1p1f1,2092,02,26,0.0,14.512922,4.801013,2092
28181,r2i1p1f1,2092,02,27,0.039617318543605506,18.59038,5.9095926,2092
28182,r2i1p1f1,2092,02,28,0.7153849685266778,19.528538,6.038291,2092
28183,r2i1p1f1,2092,02,29,0.0,18.680044,7.070124,2092
28184,r2i1p1f1,2092,03,01,1.7716443841777618,17.52753,7.6334925,2092
28185,r2i1p1f1,2092,03,02,6.038122630798171,17.175463,2.50238,2092
28186,r2i1p1f1,2092,03,03,6.889196899351191,12.735349,8.934031,2092
28187,r2i1p1f1,2092,03,04,1.506445864589523,16.088066,8.4304085,2092
28188,r2i1p1f1,2092,03,05,0.42919700883885525,18.653898,7.015762,2092
28189,r2i1p1f1,2092,03,06,0.14503262500511482,21.384594,7.176779,2092
28190,r2i1p1f1,2092,03,07,1.2204096218425775,20.52219,7.352778,2092
28191,r2i1p1f1,2092,03,08,0.25336325124953873,17.567223,5.9932594,2092
28192,r2i1p1f1,2092,03,09,0.0,18.971397,6.251462,2092
28193,r2i1p1f1,2092,03,10,0.0,20.025194,5.029424,2092
28194,r2i1p1f1,2092,03,11,0.0,20.542288,7.557691,2092
28195,r2i1p1f1,2092,03,12,14.050128430972109,18.715532,7.7544622,2092
28196,r2i1p1f1,2092,03,13,0.0,17.64363,2.8086848,2092
28197,r2i1p1f1,2092,03,14,0.005922662569446402,17.629738,1.6617455,2092
28198,r2i1p1f1,2092,03,15,4.711568015045486,14.277754,6.2743373,2092
28199,r2i1p1f1,2092,03,16,9.957596029198612,14.156147,7.077091,2092
28200,r2i1p1f1,2092,03,17,11.931123039209979,14.7714405,7.517761,2092
28201,r2i1p1f1,2092,03,18,12.477440544091678,11.564882,4.8257985,2092
28202,r2i1p1f1,2092,03,19,40.708900252502644,11.833876,5.0228987,2092
28203,r2i1p1f1,2092,03,20,17.998328736126723,10.98649,-1.8161559,2092
28204,r2i1p1f1,2092,03,21,2.1405684025012306,11.04699,4.3575587,2092
28205,r2i1p1f1,2092,03,22,0.0,17.639626,4.0643535,2092
28206,r2i1p1f1,2092,03,23,0.0,19.71783,3.8987787,2092
28207,r2i1p1f1,2092,03,24,0.0,19.794905,3.9870927,2092
28208,r2i1p1f1,2092,03,25,0.0,20.651232,5.8661814,2092
28209,r2i1p1f1,2092,03,26,2.117808244926067,18.943031,6.066715,2092
28210,r2i1p1f1,2092,03,27,0.0,17.62812,4.3731236,2092
28211,r2i1p1f1,2092,03,28,0.0,17.89785,3.5795102,2092
28212,r2i1p1f1,2092,03,29,0.0,18.274479,3.1101012,2092
28213,r2i1p1f1,2092,03,30,0.0,18.78981,3.431639,2092
28214,r2i1p1f1,2092,03,31,5.284240017101638,14.189225,4.824705,2092
28215,r2i1p1f1,2092,04,01,65.1494386664126,12.801777,8.850158,2092
28216,r2i1p1f1,2092,04,02,6.885120892013674,13.803866,4.3438573,2092
28217,r2i1p1f1,2092,04,03,0.0,16.766485,2.378375,2092
28218,r2i1p1f1,2092,04,04,0.0,19.66494,3.8194928,2092
28219,r2i1p1f1,2092,04,05,0.10067206535495643,18.426468,5.132424,2092
28220,r2i1p1f1,2092,04,06,0.011259557101084283,17.883013,8.205645,2092
28221,r2i1p1f1,2092,04,07,0.0,19.69417,5.495652,2092
28222,r2i1p1f1,2092,04,08,0.0,19.657398,3.9341812,2092
28223,r2i1p1f1,2092,04,09,0.0,19.618973,5.8952756,2092
28224,r2i1p1f1,2092,04,10,0.0,18.04792,4.8933644,2092
28225,r2i1p1f1,2092,04,11,0.0,15.341738,4.9154997,2092
28226,r2i1p1f1,2092,04,12,0.0,18.533716,1.5888939,2092
28227,r2i1p1f1,2092,04,13,0.0,20.720081,5.342932,2092
28228,r2i1p1f1,2092,04,14,0.11985671110323892,22.873127,7.5509024,2092
28229,r2i1p1f1,2092,04,15,0.0,22.853569,8.614615,2092
28230,r2i1p1f1,2092,04,16,1.8354769533175386,14.975303,3.4248857,2092
28231,r2i1p1f1,2092,04,17,2.9762537384385723,11.248437,3.319551,2092
28232,r2i1p1f1,2092,04,18,0.0,16.198322,0.2962896,2092
28233,r2i1p1f1,2092,04,19,0.0,19.108566,2.4336576,2092
28234,r2i1p1f1,2092,04,20,0.0,19.472605,4.5363755,2092
28235,r2i1p1f1,2092,04,21,5.866322589946549,18.955519,5.063294,2092
28236,r2i1p1f1,2092,04,22,58.168128329270985,10.040364,6.189981,2092
28237,r2i1p1f1,2092,04,23,0.0,15.398643,0.29977348,2092
28238,r2i1p1f1,2092,04,24,0.0,18.402067,1.6281973,2092
28239,r2i1p1f1,2092,04,25,0.0,19.627026,6.329862,2092
28240,r2i1p1f1,2092,04,26,0.0,20.368757,8.390991,2092
28241,r2i1p1f1,2092,04,27,0.0,20.496742,3.6223187,2092
28242,r2i1p1f1,2092,04,28,0.001280567835237889,19.378336,4.5630875,2092
28243,r2i1p1f1,2092,04,29,0.09248842132478785,18.7185,4.1117253,2092
28244,r2i1p1f1,2092,04,30,0.254206536772017,14.069111,4.671751,2092
28245,r2i1p1f1,2092,05,01,13.421758115873672,8.177038,2.2606103,2092
28246,r2i1p1f1,2092,05,02,0.0,14.867083,0.22630326,2092
28247,r2i1p1f1,2092,05,03,0.0,18.227245,1.3590194,2092
28248,r2i1p1f1,2092,05,04,0.0,18.897854,3.5904334,2092
28249,r2i1p1f1,2092,05,05,0.37859236239228267,14.824105,4.5458164,2092
28250,r2i1p1f1,2092,05,06,0.0,14.388011,3.4036043,2092
28251,r2i1p1f1,2092,05,07,0.0,18.358479,2.878324,2092
28252,r2i1p1f1,2092,05,08,0.0,21.007286,4.576321,2092
28253,r2i1p1f1,2092,05,09,0.0,23.77922,5.9021397,2092
28254,r2i1p1f1,2092,05,10,0.0,23.496584,8.148234,2092
28255,r2i1p1f1,2092,05,11,0.0,23.694096,7.4872656,2092
28256,r2i1p1f1,2092,05,12,0.0,23.373323,7.8663034,2092
28257,r2i1p1f1,2092,05,13,0.0,26.15137,10.508343,2092
28258,r2i1p1f1,2092,05,14,0.0,28.889717,12.564366,2092
28259,r2i1p1f1,2092,05,15,0.0,29.303122,13.240189,2092
28260,r2i1p1f1,2092,05,16,0.0,29.43397,13.972895,2092
28261,r2i1p1f1,2092,05,17,0.0,30.211826,11.89597,2092
28262,r2i1p1f1,2092,05,18,0.0,29.374813,13.911782,2092
28263,r2i1p1f1,2092,05,19,0.38635925702692475,28.372505,11.133336,2092
28264,r2i1p1f1,2092,05,20,0.0,23.209517,6.4863715,2092
28265,r2i1p1f1,2092,05,21,0.001345983241662907,23.513998,8.654041,2092
28266,r2i1p1f1,2092,05,22,0.0,30.046701,13.7939,2092
28267,r2i1p1f1,2092,05,23,0.0,33.766457,15.983837,2092
28268,r2i1p1f1,2092,05,24,1.2832834561777418,30.819885,13.308434,2092
28269,r2i1p1f1,2092,05,25,0.0,32.880867,16.86076,2092
28270,r2i1p1f1,2092,05,26,0.0,32.01149,15.094212,2092
28271,r2i1p1f1,2092,05,27,0.0,32.173744,15.372635,2092
28272,r2i1p1f1,2092,05,28,0.0,31.719381,14.960383,2092
28273,r2i1p1f1,2092,05,29,0.0,31.855978,14.75882,2092
28274,r2i1p1f1,2092,05,30,0.0,32.484116,16.528587,2092
28275,r2i1p1f1,2092,05,31,0.0,32.937557,16.260643,2092
28276,r2i1p1f1,2092,06,01,0.2270003684202493,30.640154,12.496057,2092
28277,r2i1p1f1,2092,06,02,0.7251945417465322,25.685686,7.121363,2092
28278,r2i1p1f1,2092,06,03,0.0539366805469399,22.102783,5.907487,2092
28279,r2i1p1f1,2092,06,04,0.1104743709674949,24.02146,9.867176,2092
28280,r2i1p1f1,2092,06,05,0.0,29.036125,13.719485,2092
28281,r2i1p1f1,2092,06,06,0.0,29.858694,12.85582,2092
28282,r2i1p1f1,2092,06,07,0.0,30.169987,12.035526,2092
28283,r2i1p1f1,2092,06,08,0.0,28.767931,10.798525,2092
28284,r2i1p1f1,2092,06,09,0.0,28.052423,9.91132,2092
28285,r2i1p1f1,2092,06,10,0.0,29.799591,12.131756,2092
28286,r2i1p1f1,2092,06,11,3.772314759112305,23.220133,8.552944,2092
28287,r2i1p1f1,2092,06,12,1.4013130812827512,22.375542,6.208111,2092
28288,r2i1p1f1,2092,06,13,0.15602899738951237,25.151741,11.562955,2092
28289,r2i1p1f1,2092,06,14,0.0,28.27773,10.529681,2092
28290,r2i1p1f1,2092,06,15,0.0,30.200003,12.012178,2092
28291,r2i1p1f1,2092,06,16,0.0,28.381094,9.893116,2092
28292,r2i1p1f1,2092,06,17,0.0,28.254261,10.499458,2092
28293,r2i1p1f1,2092,06,18,0.0,30.11989,13.656714,2092
28294,r2i1p1f1,2092,06,19,0.0,30.36675,9.8486805,2092
28295,r2i1p1f1,2092,06,20,0.0,29.855185,12.651752,2092
28296,r2i1p1f1,2092,06,21,0.0,31.406595,13.380148,2092
28297,r2i1p1f1,2092,06,22,0.0,34.888138,16.2516,2092
28298,r2i1p1f1,2092,06,23,0.0,39.495266,20.370644,2092
28299,r2i1p1f1,2092,06,24,3.915961242910271,37.979965,17.047869,2092
28300,r2i1p1f1,2092,06,25,0.0,34.956825,15.636379,2092
28301,r2i1p1f1,2092,06,26,0.0,31.171614,14.733583,2092
28302,r2i1p1f1,2092,06,27,0.0,29.209572,12.372301,2092
28303,r2i1p1f1,2092,06,28,0.0,35.90526,15.51588,2092
28304,r2i1p1f1,2092,06,29,0.4734009650292137,34.82138,14.849714,2092
28305,r2i1p1f1,2092,06,30,1.6602976955937265,28.662031,11.118007,2092
28306,r2i1p1f1,2092,07,01,0.015610241734975716,34.15431,17.364859,2092
28307,r2i1p1f1,2092,07,02,1.652996029906717,31.644997,12.643633,2092
28308,r2i1p1f1,2092,07,03,0.0,34.65314,15.847571,2092
28309,r2i1p1f1,2092,07,04,0.0,36.45193,16.363327,2092
28310,r2i1p1f1,2092,07,05,0.0,37.017525,17.238104,2092
28311,r2i1p1f1,2092,07,06,0.0,37.199387,19.769737,2092
28312,r2i1p1f1,2092,07,07,0.0,38.172043,19.836155,2092
28313,r2i1p1f1,2092,07,08,0.0,38.9204,20.06231,2092
28314,r2i1p1f1,2092,07,09,0.0,40.67574,20.454605,2092
28315,r2i1p1f1,2092,07,10,0.36228843167691593,40.828716,19.942146,2092
28316,r2i1p1f1,2092,07,11,0.0,38.252007,19.735909,2092
28317,r2i1p1f1,2092,07,12,0.0,41.34047,23.882526,2092
28318,r2i1p1f1,2092,07,13,0.0,42.080963,24.048712,2092
28319,r2i1p1f1,2092,07,14,0.0,34.62964,14.808336,2092
28320,r2i1p1f1,2092,07,15,0.0,32.381393,13.734211,2092
28321,r2i1p1f1,2092,07,16,0.0,34.049515,16.797356,2092
28322,r2i1p1f1,2092,07,17,0.0,34.261612,15.100279,2092
28323,r2i1p1f1,2092,07,18,0.0,35.63801,17.091013,2092
28324,r2i1p1f1,2092,07,19,0.9274364993871131,34.396793,15.66408,2092
28325,r2i1p1f1,2092,07,20,0.7477313290223719,34.928135,15.77665,2092
28326,r2i1p1f1,2092,07,21,0.0,36.865646,19.68111,2092
28327,r2i1p1f1,2092,07,22,0.0039987206719160895,35.89204,15.740221,2092
28328,r2i1p1f1,2092,07,23,0.014217953867046162,29.797485,12.55249,2092
28329,r2i1p1f1,2092,07,24,0.5386220971104194,30.683708,13.614599,2092
28330,r2i1p1f1,2092,07,25,0.0,33.63233,17.102245,2092
28331,r2i1p1f1,2092,07,26,0.0,37.110905,19.638428,2092
28332,r2i1p1f1,2092,07,27,0.0,37.59204,19.711418,2092
28333,r2i1p1f1,2092,07,28,0.0,38.07405,18.411957,2092
28334,r2i1p1f1,2092,07,29,0.0,38.916737,19.117273,2092
28335,r2i1p1f1,2092,07,30,0.0,41.11607,20.046469,2092
28336,r2i1p1f1,2092,07,31,0.0,41.28528,23.891273,2092
28337,r2i1p1f1,2092,08,01,0.0,41.771328,22.71244,2092
28338,r2i1p1f1,2092,08,02,0.0,41.85693,21.476131,2092
28339,r2i1p1f1,2092,08,03,0.0,41.89443,21.045813,2092
28340,r2i1p1f1,2092,08,04,0.0,40.642654,20.189373,2092
28341,r2i1p1f1,2092,08,05,0.0,40.008713,20.265291,2092
28342,r2i1p1f1,2092,08,06,0.0,40.184242,20.687017,2092
28343,r2i1p1f1,2092,08,07,0.0,38.422344,17.952934,2092
28344,r2i1p1f1,2092,08,08,0.0,37.55597,18.694384,2092
28345,r2i1p1f1,2092,08,09,0.0,36.311356,18.895607,2092
28346,r2i1p1f1,2092,08,10,0.0,35.082687,18.4,2092
28347,r2i1p1f1,2092,08,11,0.0,34.623425,16.510298,2092
28348,r2i1p1f1,2092,08,12,0.0,35.17775,16.94661,2092
28349,r2i1p1f1,2092,08,13,0.0,37.707058,18.009924,2092
28350,r2i1p1f1,2092,08,14,0.0,42.489918,23.273468,2092
28351,r2i1p1f1,2092,08,15,0.9076271017875115,41.53342,25.657692,2092
28352,r2i1p1f1,2092,08,16,5.986441120091968,38.316956,18.665606,2092
28353,r2i1p1f1,2092,08,17,0.0,37.561058,19.972857,2092
28354,r2i1p1f1,2092,08,18,0.0,37.841686,17.217196,2092
28355,r2i1p1f1,2092,08,19,0.0,35.109573,12.978875,2092
28356,r2i1p1f1,2092,08,20,0.0,30.382189,13.694401,2092
28357,r2i1p1f1,2092,08,21,0.0,28.979086,13.134279,2092
28358,r2i1p1f1,2092,08,22,0.0,30.866608,12.252852,2092
28359,r2i1p1f1,2092,08,23,0.0,31.774454,12.598174,2092
28360,r2i1p1f1,2092,08,24,0.0,30.691597,11.723918,2092
28361,r2i1p1f1,2092,08,25,0.0,29.85395,12.341433,2092
28362,r2i1p1f1,2092,08,26,0.0,33.874344,15.054979,2092
28363,r2i1p1f1,2092,08,27,0.0,36.75435,17.92528,2092
28364,r2i1p1f1,2092,08,28,0.0,37.42555,18.08329,2092
28365,r2i1p1f1,2092,08,29,0.0,37.46086,18.187143,2092
28366,r2i1p1f1,2092,08,30,0.0,36.966354,18.21525,2092
28367,r2i1p1f1,2092,08,31,0.0,35.069714,17.284904,2092
28368,r2i1p1f1,2092,09,01,0.0,35.22827,16.873373,2092
28369,r2i1p1f1,2092,09,02,0.0,34.766403,15.937611,2092
28370,r2i1p1f1,2092,09,03,0.0,30.022007,11.263493,2092
28371,r2i1p1f1,2092,09,04,0.0,28.099464,12.163163,2092
28372,r2i1p1f1,2092,09,05,0.0,32.412014,14.642651,2092
28373,r2i1p1f1,2092,09,06,0.0,34.342884,16.677992,2092
28374,r2i1p1f1,2092,09,07,0.0,33.99785,16.347616,2092
28375,r2i1p1f1,2092,09,08,0.0,34.556908,18.27395,2092
28376,r2i1p1f1,2092,09,09,0.0,36.088745,18.880068,2092
28377,r2i1p1f1,2092,09,10,0.0,37.028923,19.212746,2092
28378,r2i1p1f1,2092,09,11,0.0,40.205593,21.804579,2092
28379,r2i1p1f1,2092,09,12,0.0,40.751842,22.574135,2092
28380,r2i1p1f1,2092,09,13,0.0,40.60354,21.664019,2092
28381,r2i1p1f1,2092,09,14,0.0,40.38046,21.967703,2092
28382,r2i1p1f1,2092,09,15,0.0,35.699646,16.670118,2092
28383,r2i1p1f1,2092,09,16,0.0,27.977146,9.0473,2092
28384,r2i1p1f1,2092,09,17,0.0,24.274885,8.066541,2092
28385,r2i1p1f1,2092,09,18,0.0,24.673103,6.881178,2092
28386,r2i1p1f1,2092,09,19,0.0,26.347054,7.874136,2092
28387,r2i1p1f1,2092,09,20,0.0,28.111986,9.999506,2092
28388,r2i1p1f1,2092,09,21,0.0,28.100618,11.280102,2092
28389,r2i1p1f1,2092,09,22,0.0,28.252634,10.3182,2092
28390,r2i1p1f1,2092,09,23,0.0,28.446346,10.889887,2092
28391,r2i1p1f1,2092,09,24,0.0,27.320498,9.666543,2092
28392,r2i1p1f1,2092,09,25,0.0,26.212797,9.340227,2092
28393,r2i1p1f1,2092,09,26,12.908738801070285,23.07042,7.606001,2092
28394,r2i1p1f1,2092,09,27,0.33186614856504093,20.085258,8.768401,2092
28395,r2i1p1f1,2092,09,28,0.0,24.682545,9.544535,2092
28396,r2i1p1f1,2092,09,29,0.0,26.080355,8.472616,2092
28397,r2i1p1f1,2092,09,30,0.0,27.007864,10.640781,2092
28398,r2i1p1f1,2092,10,01,0.0,28.416687,11.585127,2092
28399,r2i1p1f1,2092,10,02,0.0,28.88956,11.621615,2092
28400,r2i1p1f1,2092,10,03,23.315633273523417,23.806326,8.674424,2092
28401,r2i1p1f1,2092,10,04,0.0,22.812737,8.952795,2092
28402,r2i1p1f1,2092,10,05,0.5476730421833054,22.707033,9.141064,2092
28403,r2i1p1f1,2092,10,06,2.6377374380672336,20.26223,9.432612,2092
28404,r2i1p1f1,2092,10,07,0.0,22.83266,8.817457,2092
28405,r2i1p1f1,2092,10,08,0.0,25.503168,7.888927,2092
28406,r2i1p1f1,2092,10,09,0.0,29.151974,13.025187,2092
28407,r2i1p1f1,2092,10,10,0.0,31.188908,15.529436,2092
28408,r2i1p1f1,2092,10,11,0.0,31.862003,14.894542,2092
28409,r2i1p1f1,2092,10,12,0.0,28.540928,13.080372,2092
28410,r2i1p1f1,2092,10,13,0.0,29.679884,13.218495,2092
28411,r2i1p1f1,2092,10,14,0.0,30.816729,14.009558,2092
28412,r2i1p1f1,2092,10,15,0.0,31.313517,15.750017,2092
28413,r2i1p1f1,2092,10,16,0.0,26.450129,9.507379,2092
28414,r2i1p1f1,2092,10,17,0.0,24.939184,8.405205,2092
28415,r2i1p1f1,2092,10,18,0.0,26.410976,9.857072,2092
28416,r2i1p1f1,2092,10,19,0.0,25.887836,8.671167,2092
28417,r2i1p1f1,2092,10,20,0.0,24.600485,11.519053,2092
28418,r2i1p1f1,2092,10,21,0.0,25.18589,8.992506,2092
28419,r2i1p1f1,2092,10,22,0.0,26.620613,11.137481,2092
28420,r2i1p1f1,2092,10,23,0.07109382672751963,27.263624,13.312631,2092
28421,r2i1p1f1,2092,10,24,0.0,26.858162,11.649001,2092
28422,r2i1p1f1,2092,10,25,0.0,27.518257,11.22228,2092
28423,r2i1p1f1,2092,10,26,0.0,28.814676,12.606277,2092
28424,r2i1p1f1,2092,10,27,0.0,28.920532,10.938314,2092
28425,r2i1p1f1,2092,10,28,0.0,25.204882,10.634467,2092
28426,r2i1p1f1,2092,10,29,0.24732015177590938,24.868467,9.595317,2092
28427,r2i1p1f1,2092,10,30,5.896008953990872,19.079672,11.94001,2092
28428,r2i1p1f1,2092,10,31,0.0,22.170788,9.285309,2092
28429,r2i1p1f1,2092,11,01,0.0,24.848078,8.878694,2092
28430,r2i1p1f1,2092,11,02,0.0801689254330995,23.42851,9.166824,2092
28431,r2i1p1f1,2092,11,03,0.0,25.742725,11.890895,2092
28432,r2i1p1f1,2092,11,04,0.0,20.107058,6.7568974,2092
28433,r2i1p1f1,2092,11,05,8.020616294788852,17.65516,7.0886154,2092
28434,r2i1p1f1,2092,11,06,0.0,17.457119,4.714279,2092
28435,r2i1p1f1,2092,11,07,0.0,18.49871,6.2720127,2092
28436,r2i1p1f1,2092,11,08,3.1260741622986643,16.61849,7.110505,2092
28437,r2i1p1f1,2092,11,09,0.0,14.158227,1.9367547,2092
28438,r2i1p1f1,2092,11,10,0.0,16.321495,1.9224164,2092
28439,r2i1p1f1,2092,11,11,0.0,20.25869,4.5913796,2092
28440,r2i1p1f1,2092,11,12,0.0,22.075294,7.7509155,2092
28441,r2i1p1f1,2092,11,13,12.614994324007966,17.17852,6.808546,2092
28442,r2i1p1f1,2092,11,14,0.0,12.065774,-1.1625729,2092
28443,r2i1p1f1,2092,11,15,0.0,14.383552,-0.2598212,2092
28444,r2i1p1f1,2092,11,16,0.0,16.339426,1.6793003,2092
28445,r2i1p1f1,2092,11,17,0.0,17.233046,2.1347437,2092
28446,r2i1p1f1,2092,11,18,1.0424546483932318,15.112547,3.4811935,2092
28447,r2i1p1f1,2092,11,19,0.43009101984807785,13.558799,8.688531,2092
28448,r2i1p1f1,2092,11,20,0.0,12.403466,-2.5553591,2092
28449,r2i1p1f1,2092,11,21,0.0,12.072788,-3.7392201,2092
28450,r2i1p1f1,2092,11,22,0.0,13.783934,0.9257668,2092
28451,r2i1p1f1,2092,11,23,0.0,15.11418,1.8161093,2092
28452,r2i1p1f1,2092,11,24,0.7292618597489309,16.380974,3.4278498,2092
28453,r2i1p1f1,2092,11,25,0.006219926581252366,11.830341,-2.6719456,2092
28454,r2i1p1f1,2092,11,26,7.4468724393085495,10.71156,0.39458126,2092
28455,r2i1p1f1,2092,11,27,12.238113178273125,9.714617,3.045412,2092
28456,r2i1p1f1,2092,11,28,64.36773147361237,12.413067,6.7330317,2092
28457,r2i1p1f1,2092,11,29,12.930745689209289,14.168937,6.5981503,2092
28458,r2i1p1f1,2092,11,30,8.008445456448499,9.759171,3.705221,2092
28459,r2i1p1f1,2092,12,01,0.3755166315244196,9.89304,0.8227775,2092
28460,r2i1p1f1,2092,12,02,0.0,10.126232,-0.93854797,2092
28461,r2i1p1f1,2092,12,03,0.3333084438509104,9.555198,-2.8081229,2092
28462,r2i1p1f1,2092,12,04,26.548397802980617,11.495139,0.2859504,2092
28463,r2i1p1f1,2092,12,05,24.658208857226782,10.7192545,4.21503,2092
28464,r2i1p1f1,2092,12,06,0.9834491469973727,11.039882,3.899979,2092
28465,r2i1p1f1,2092,12,07,0.0,14.1276245,1.549061,2092
28466,r2i1p1f1,2092,12,08,0.0,15.003157,2.3119287,2092
28467,r2i1p1f1,2092,12,09,0.0,15.679177,3.248196,2092
28468,r2i1p1f1,2092,12,10,0.0,15.329427,1.6248231,2092
28469,r2i1p1f1,2092,12,11,0.0,15.417816,3.601883,2092
28470,r2i1p1f1,2092,12,12,0.0009383544011143385,13.636397,4.476192,2092
28471,r2i1p1f1,2092,12,13,0.0,17.608833,4.039728,2092
28472,r2i1p1f1,2092,12,14,0.0,17.302237,5.0703177,2092
28473,r2i1p1f1,2092,12,15,5.288880680745933,10.864513,6.5723276,2092
28474,r2i1p1f1,2092,12,16,0.0,11.034343,2.3247554,2092
28475,r2i1p1f1,2092,12,17,0.0,15.118206,2.8045783,2092
28476,r2i1p1f1,2092,12,18,0.0,16.66049,4.5738597,2092
28477,r2i1p1f1,2092,12,19,0.0,16.67559,5.6839614,2092
28478,r2i1p1f1,2092,12,20,2.03654923270733,11.48297,5.0781646,2092
28479,r2i1p1f1,2092,12,21,0.0,10.884284,-1.4350917,2092
28480,r2i1p1f1,2092,12,22,0.0,7.844001,-0.69626987,2092
28481,r2i1p1f1,2092,12,23,0.0,9.40293,-1.9291081,2092
28482,r2i1p1f1,2092,12,24,0.0,11.881819,-0.51714885,2092
28483,r2i1p1f1,2092,12,25,0.0,11.71306,-0.7473605,2092
28484,r2i1p1f1,2092,12,26,0.0,8.290048,0.49208593,2092
28485,r2i1p1f1,2092,12,27,23.59418065570935,8.283079,-1.1358801,2092
28486,r2i1p1f1,2092,12,28,11.93656756195196,11.427198,1.8683987,2092
28487,r2i1p1f1,2092,12,29,38.971260795369744,11.888657,4.703794,2092
28488,r2i1p1f1,2092,12,30,2.091178765135737,9.449066,1.7598906,2092
28489,r2i1p1f1,2092,12,31,19.874140402498597,10.238303,5.238967,2092
28490,r2i1p1f1,2093,01,01,14.780825485195237,11.131148,5.8547993,2093
28491,r2i1p1f1,2093,01,02,0.0,11.781025,1.0247693,2093
28492,r2i1p1f1,2093,01,03,0.0,15.930235,1.756522,2093
28493,r2i1p1f1,2093,01,04,2.3696340502056046,14.880951,0.9070352,2093
28494,r2i1p1f1,2093,01,05,9.18241431916158,8.389229,4.008678,2093
28495,r2i1p1f1,2093,01,06,28.143379628818366,10.834189,5.43489,2093
28496,r2i1p1f1,2093,01,07,72.35000650689472,14.622835,8.5030985,2093
28497,r2i1p1f1,2093,01,08,50.965979757893365,11.593189,6.1709194,2093
28498,r2i1p1f1,2093,01,09,36.19758726017608,11.471894,5.592351,2093
28499,r2i1p1f1,2093,01,10,5.530898172992238,10.55446,3.9693494,2093
28500,r2i1p1f1,2093,01,11,10.255189533700104,9.4714365,4.998717,2093
28501,r2i1p1f1,2093,01,12,0.0,14.491501,3.0590177,2093
28502,r2i1p1f1,2093,01,13,0.0,15.436092,2.3900313,2093
28503,r2i1p1f1,2093,01,14,0.0,16.315376,2.6905818,2093
28504,r2i1p1f1,2093,01,15,0.0,11.477231,-1.308513,2093
28505,r2i1p1f1,2093,01,16,0.0,10.666108,-2.0400631,2093
28506,r2i1p1f1,2093,01,17,16.13059530754981,9.033703,-0.3090092,2093
28507,r2i1p1f1,2093,01,18,40.97573521939921,12.021197,5.0724382,2093
28508,r2i1p1f1,2093,01,19,39.04627724087213,12.2276745,6.7791853,2093
28509,r2i1p1f1,2093,01,20,34.57403433765194,13.441803,7.10861,2093
28510,r2i1p1f1,2093,01,21,26.280319045417855,13.580751,8.470354,2093
28511,r2i1p1f1,2093,01,22,12.78164093810119,13.659405,6.0902734,2093
28512,r2i1p1f1,2093,01,23,3.3509486338374472,11.636589,1.5990422,2093
28513,r2i1p1f1,2093,01,24,31.509021336387377,11.223351,-0.5583596,2093
28514,r2i1p1f1,2093,01,25,10.795483660876926,10.285263,4.210039,2093
28515,r2i1p1f1,2093,01,26,9.433024009967994,10.052939,3.1898057,2093
28516,r2i1p1f1,2093,01,27,10.631160284901853,12.875195,5.5943475,2093
28517,r2i1p1f1,2093,01,28,2.6365520759782157,13.748554,8.173243,2093
28518,r2i1p1f1,2093,01,29,0.0,15.088329,8.262119,2093
28519,r2i1p1f1,2093,01,30,21.817775864474243,15.88229,10.011197,2093
28520,r2i1p1f1,2093,01,31,0.0,14.333201,1.3522246,2093
28521,r2i1p1f1,2093,02,01,0.08680555170030857,14.255415,3.4187346,2093
28522,r2i1p1f1,2093,02,02,0.4800385800308504,12.820262,6.28342,2093
28523,r2i1p1f1,2093,02,03,3.408603827369916,17.40791,7.7916737,2093
28524,r2i1p1f1,2093,02,04,0.0,14.242543,7.313843,2093
28525,r2i1p1f1,2093,02,05,6.879415228991093,15.206005,7.977211,2093
28526,r2i1p1f1,2093,02,06,0.0,16.786873,4.983843,2093
28527,r2i1p1f1,2093,02,07,58.823463128646836,14.9300585,10.9479265,2093
28528,r2i1p1f1,2093,02,08,0.1146292962289408,18.040083,4.570806,2093
28529,r2i1p1f1,2093,02,09,0.0,19.267984,4.979318,2093
28530,r2i1p1f1,2093,02,10,2.9479930351783423,18.194132,6.491934,2093
28531,r2i1p1f1,2093,02,11,1.3367366375196754,14.636943,7.9658585,2093
28532,r2i1p1f1,2093,02,12,22.866308481025044,14.986411,8.0961075,2093
28533,r2i1p1f1,2093,02,13,13.720072600736444,12.849716,6.003874,2093
28534,r2i1p1f1,2093,02,14,3.990030914388143,12.526262,3.1830795,2093
28535,r2i1p1f1,2093,02,15,19.370416764286347,11.783871,0.45418814,2093
28536,r2i1p1f1,2093,02,16,56.36264265922364,12.35561,5.55323,2093
28537,r2i1p1f1,2093,02,17,22.624598672427965,12.374744,4.356184,2093
28538,r2i1p1f1,2093,02,18,0.0,11.163586,4.925438,2093
28539,r2i1p1f1,2093,02,19,0.0,14.800685,3.5062594,2093
28540,r2i1p1f1,2093,02,20,0.0,15.4882555,3.7049494,2093
28541,r2i1p1f1,2093,02,21,0.0,17.51964,4.503494,2093
28542,r2i1p1f1,2093,02,22,0.1223431753260229,17.115696,6.3099594,2093
28543,r2i1p1f1,2093,02,23,0.528627929833192,13.55259,7.19258,2093
28544,r2i1p1f1,2093,02,24,0.0,12.153444,2.8152971,2093
28545,r2i1p1f1,2093,02,25,0.0,15.2025585,2.5988858,2093
28546,r2i1p1f1,2093,02,26,0.0,16.211819,2.6201446,2093
28547,r2i1p1f1,2093,02,27,0.0,16.474663,2.6296308,2093
28548,r2i1p1f1,2093,02,28,0.06998154404982415,14.396918,3.2484355,2093
28549,r2i1p1f1,2093,03,01,8.974194674601677,8.93957,4.7869415,2093
28550,r2i1p1f1,2093,03,02,0.057195010992927564,11.297705,-0.8898574,2093
28551,r2i1p1f1,2093,03,03,0.0,9.803921,-0.6239453,2093
28552,r2i1p1f1,2093,03,04,5.813051087989152,13.002347,4.930414,2093
28553,r2i1p1f1,2093,03,05,10.452756976621913,14.660069,9.463647,2093
28554,r2i1p1f1,2093,03,06,0.0,17.651115,2.4448638,2093
28555,r2i1p1f1,2093,03,07,7.836342850176692,17.13732,2.711149,2093
28556,r2i1p1f1,2093,03,08,49.37218769628089,16.12852,6.7791977,2093
28557,r2i1p1f1,2093,03,09,82.45542144431965,13.349885,8.314881,2093
28558,r2i1p1f1,2093,03,10,48.054859965486685,11.380337,4.106996,2093
28559,r2i1p1f1,2093,03,11,24.50420040913741,14.310906,5.459161,2093
28560,r2i1p1f1,2093,03,12,3.003346286581632,13.1553,5.895918,2093
28561,r2i1p1f1,2093,03,13,17.528447969561967,13.818324,6.067416,2093
28562,r2i1p1f1,2093,03,14,9.244322543236194,14.038179,3.2757313,2093
28563,r2i1p1f1,2093,03,15,0.21805965726002796,13.117554,-0.32247937,2093
28564,r2i1p1f1,2093,03,16,32.810599394724704,10.910445,4.191332,2093
28565,r2i1p1f1,2093,03,17,12.605179010347456,11.624407,5.951341,2093
28566,r2i1p1f1,2093,03,18,16.283021652998286,11.695867,3.4631162,2093
28567,r2i1p1f1,2093,03,19,80.2609633814427,10.791058,5.4674845,2093
28568,r2i1p1f1,2093,03,20,13.952373804242768,10.432758,-0.67193675,2093
28569,r2i1p1f1,2093,03,21,0.06094833233305508,15.618439,-0.34726244,2093
28570,r2i1p1f1,2093,03,22,1.1095977363595466,14.986881,3.1265008,2093
28571,r2i1p1f1,2093,03,23,1.7716743752316688,14.954105,3.0886347,2093
28572,r2i1p1f1,2093,03,24,1.2420758964708511,15.968304,3.9111776,2093
28573,r2i1p1f1,2093,03,25,0.028072980160231964,13.049258,6.851367,2093
28574,r2i1p1f1,2093,03,26,0.2082985514334723,11.46349,5.749347,2093
28575,r2i1p1f1,2093,03,27,1.0271501306164055,10.298051,1.951316,2093
28576,r2i1p1f1,2093,03,28,0.0,14.099499,-0.8988194,2093
28577,r2i1p1f1,2093,03,29,0.0,18.26475,1.741358,2093
28578,r2i1p1f1,2093,03,30,0.0,18.850348,4.5434675,2093
28579,r2i1p1f1,2093,03,31,0.0,21.396156,6.4226046,2093
28580,r2i1p1f1,2093,04,01,0.0,23.456656,8.815281,2093
28581,r2i1p1f1,2093,04,02,0.0,24.656288,10.086876,2093
28582,r2i1p1f1,2093,04,03,0.0,28.688833,12.006969,2093
28583,r2i1p1f1,2093,04,04,0.0,29.710917,12.044237,2093
28584,r2i1p1f1,2093,04,05,0.0,24.818447,9.846481,2093
28585,r2i1p1f1,2093,04,06,0.0,20.16682,5.2041845,2093
28586,r2i1p1f1,2093,04,07,0.0,25.246037,9.122932,2093
28587,r2i1p1f1,2093,04,08,0.0,26.230766,11.932919,2093
28588,r2i1p1f1,2093,04,09,0.0,23.964132,10.765683,2093
28589,r2i1p1f1,2093,04,10,0.0,17.895124,4.506055,2093
28590,r2i1p1f1,2093,04,11,0.0,21.117735,4.0949526,2093
28591,r2i1p1f1,2093,04,12,0.0,21.51832,4.4114685,2093
28592,r2i1p1f1,2093,04,13,12.351747416744274,15.27909,5.5722227,2093
28593,r2i1p1f1,2093,04,14,0.8470573718454943,12.852919,1.4104409,2093
28594,r2i1p1f1,2093,04,15,15.171289321051518,10.591351,2.9208117,2093
28595,r2i1p1f1,2093,04,16,9.478856644636835,9.942719,0.8102488,2093
28596,r2i1p1f1,2093,04,17,0.0,14.213173,-0.7133175,2093
28597,r2i1p1f1,2093,04,18,0.0,14.448375,1.5674367,2093
28598,r2i1p1f1,2093,04,19,1.0644425815996783,13.126071,3.856799,2093
28599,r2i1p1f1,2093,04,20,0.575944930130845,13.605956,2.4575183,2093
28600,r2i1p1f1,2093,04,21,0.0,17.583157,2.3351548,2093
28601,r2i1p1f1,2093,04,22,0.0,20.945333,5.8660603,2093
28602,r2i1p1f1,2093,04,23,0.0,20.812893,4.253979,2093
28603,r2i1p1f1,2093,04,24,0.0,20.617195,4.8927617,2093
28604,r2i1p1f1,2093,04,25,0.0,23.19683,7.266413,2093
28605,r2i1p1f1,2093,04,26,0.0,23.90821,6.7185826,2093
28606,r2i1p1f1,2093,04,27,0.0,22.71334,6.97897,2093
28607,r2i1p1f1,2093,04,28,1.9599442917183296,19.425064,5.824693,2093
28608,r2i1p1f1,2093,04,29,4.465562427662917,18.577913,6.08563,2093
28609,r2i1p1f1,2093,04,30,0.08900958705453377,18.286938,4.5264587,2093
28610,r2i1p1f1,2093,05,01,0.0,20.608034,3.125382,2093
28611,r2i1p1f1,2093,05,02,0.17102388383136713,18.977938,4.4926577,2093
28612,r2i1p1f1,2093,05,03,2.707180873176185,17.418581,5.8730354,2093
28613,r2i1p1f1,2093,05,04,3.64532452793469,18.380142,4.531241,2093
28614,r2i1p1f1,2093,05,05,7.879285432818506,18.667158,5.2509985,2093
28615,r2i1p1f1,2093,05,06,12.144247392643592,16.158392,7.657513,2093
28616,r2i1p1f1,2093,05,07,6.0360944477793055,19.3868,8.783765,2093
28617,r2i1p1f1,2093,05,08,4.131789985513024,20.656225,5.6144376,2093
28618,r2i1p1f1,2093,05,09,0.9463505323424215,22.245218,5.9444857,2093
28619,r2i1p1f1,2093,05,10,0.040334190089197364,24.897732,11.878803,2093
28620,r2i1p1f1,2093,05,11,0.41022802192856034,24.184252,10.054669,2093
28621,r2i1p1f1,2093,05,12,1.9108270727883792,24.92426,9.636083,2093
28622,r2i1p1f1,2093,05,13,0.0,31.719078,16.32478,2093
28623,r2i1p1f1,2093,05,14,0.0,31.70501,14.154804,2093
28624,r2i1p1f1,2093,05,15,0.0,25.469973,7.0237193,2093
28625,r2i1p1f1,2093,05,16,0.0,24.86023,9.674334,2093
28626,r2i1p1f1,2093,05,17,0.0,31.262291,14.022995,2093
28627,r2i1p1f1,2093,05,18,0.0,32.72208,14.757948,2093
28628,r2i1p1f1,2093,05,19,0.0,30.997406,13.664703,2093
28629,r2i1p1f1,2093,05,20,0.0,34.14133,17.074974,2093
28630,r2i1p1f1,2093,05,21,0.0,36.01261,15.877801,2093
28631,r2i1p1f1,2093,05,22,0.0,35.816006,15.400761,2093
28632,r2i1p1f1,2093,05,23,0.0,32.07194,15.454701,2093
28633,r2i1p1f1,2093,05,24,0.0,34.780254,17.535837,2093
28634,r2i1p1f1,2093,05,25,0.0,37.940582,20.394575,2093
28635,r2i1p1f1,2093,05,26,0.0,38.76599,20.15805,2093
28636,r2i1p1f1,2093,05,27,0.3293276736542339,36.82211,18.198484,2093
28637,r2i1p1f1,2093,05,28,0.16346705617706903,33.515846,18.043962,2093
28638,r2i1p1f1,2093,05,29,0.42328635472870246,33.738613,18.528988,2093
28639,r2i1p1f1,2093,05,30,0.20546548579432056,34.531704,19.54412,2093
28640,r2i1p1f1,2093,05,31,0.0,36.188797,20.434671,2093
28641,r2i1p1f1,2093,06,01,0.0,38.10917,19.954847,2093
28642,r2i1p1f1,2093,06,02,0.0,38.54717,20.261164,2093
28643,r2i1p1f1,2093,06,03,0.0,35.836243,16.765093,2093
28644,r2i1p1f1,2093,06,04,0.0,35.99276,17.953941,2093
28645,r2i1p1f1,2093,06,05,0.0,36.97569,17.0205,2093
28646,r2i1p1f1,2093,06,06,0.0,36.160255,14.753599,2093
28647,r2i1p1f1,2093,06,07,0.0,33.786907,17.768885,2093
28648,r2i1p1f1,2093,06,08,0.0,33.74756,16.626566,2093
28649,r2i1p1f1,2093,06,09,0.1343517655186588,34.464077,16.188759,2093
28650,r2i1p1f1,2093,06,10,0.11214824126000167,33.417484,14.6159315,2093
28651,r2i1p1f1,2093,06,11,0.0,30.785902,11.698854,2093
28652,r2i1p1f1,2093,06,12,0.0,26.822947,10.444783,2093
28653,r2i1p1f1,2093,06,13,0.0,24.672834,10.321638,2093
28654,r2i1p1f1,2093,06,14,0.0,26.373466,10.442703,2093
28655,r2i1p1f1,2093,06,15,0.0,31.659403,14.547335,2093
28656,r2i1p1f1,2093,06,16,0.0,33.18456,18.20926,2093
28657,r2i1p1f1,2093,06,17,0.5527436634565674,33.512325,15.531982,2093
28658,r2i1p1f1,2093,06,18,0.008079731043153515,28.716187,11.439357,2093
28659,r2i1p1f1,2093,06,19,0.0,29.533958,14.279439,2093
28660,r2i1p1f1,2093,06,20,0.0,29.62783,12.806179,2093
28661,r2i1p1f1,2093,06,21,0.0,30.693848,15.582516,2093
28662,r2i1p1f1,2093,06,22,0.0,32.88993,18.18282,2093
28663,r2i1p1f1,2093,06,23,0.0,37.457516,18.945274,2093
28664,r2i1p1f1,2093,06,24,0.0,38.903496,20.275206,2093
28665,r2i1p1f1,2093,06,25,0.13329669403674416,34.938923,16.316383,2093
28666,r2i1p1f1,2093,06,26,0.0,37.343246,20.589998,2093
28667,r2i1p1f1,2093,06,27,0.09427095801584073,38.82978,20.332819,2093
28668,r2i1p1f1,2093,06,28,0.09393070649821311,37.621994,19.033419,2093
28669,r2i1p1f1,2093,06,29,1.0585487316348008,37.637592,19.162931,2093
28670,r2i1p1f1,2093,06,30,2.3919586571878426,31.655996,13.536935,2093
28671,r2i1p1f1,2093,07,01,0.0,27.62483,13.263961,2093
28672,r2i1p1f1,2093,07,02,13.022522991528263,21.60202,4.4780827,2093
28673,r2i1p1f1,2093,07,03,0.0,24.219587,12.658856,2093
28674,r2i1p1f1,2093,07,04,0.0,26.087757,12.180328,2093
28675,r2i1p1f1,2093,07,05,0.0,30.108267,14.034648,2093
28676,r2i1p1f1,2093,07,06,0.0,30.286638,14.538807,2093
28677,r2i1p1f1,2093,07,07,0.5056379624420515,29.855495,10.679177,2093
28678,r2i1p1f1,2093,07,08,0.0,27.988775,10.992886,2093
28679,r2i1p1f1,2093,07,09,0.0,27.292648,12.189217,2093
28680,r2i1p1f1,2093,07,10,0.0,27.990353,11.8297615,2093
28681,r2i1p1f1,2093,07,11,0.0,33.29048,16.260126,2093
28682,r2i1p1f1,2093,07,12,0.0,37.16494,18.719057,2093
28683,r2i1p1f1,2093,07,13,0.0,38.16969,20.716455,2093
28684,r2i1p1f1,2093,07,14,0.0,38.619705,20.84075,2093
28685,r2i1p1f1,2093,07,15,0.0,39.507397,21.372643,2093
28686,r2i1p1f1,2093,07,16,0.0,38.70983,19.71212,2093
28687,r2i1p1f1,2093,07,17,0.0,39.51119,20.55164,2093
28688,r2i1p1f1,2093,07,18,0.024620841941214167,40.20356,20.61897,2093
28689,r2i1p1f1,2093,07,19,0.0,38.92054,22.081121,2093
28690,r2i1p1f1,2093,07,20,0.0,39.954803,21.06626,2093
28691,r2i1p1f1,2093,07,21,0.0,39.89642,18.414358,2093
28692,r2i1p1f1,2093,07,22,0.0,37.994495,19.82899,2093
28693,r2i1p1f1,2093,07,23,0.5777262243555015,38.509277,20.22377,2093
28694,r2i1p1f1,2093,07,24,0.5219875715283706,36.387688,17.098442,2093
28695,r2i1p1f1,2093,07,25,0.0,33.39397,17.813917,2093
28696,r2i1p1f1,2093,07,26,0.03858008244606026,33.867744,17.095041,2093
28697,r2i1p1f1,2093,07,27,0.0,35.322693,16.986832,2093
28698,r2i1p1f1,2093,07,28,0.0,37.20242,18.234236,2093
28699,r2i1p1f1,2093,07,29,0.07483929366571829,37.04582,19.23274,2093
28700,r2i1p1f1,2093,07,30,0.0,37.065582,18.256771,2093
28701,r2i1p1f1,2093,07,31,0.0,36.11787,15.360363,2093
28702,r2i1p1f1,2093,08,01,0.0,35.6917,15.710812,2093
28703,r2i1p1f1,2093,08,02,0.0,37.814533,21.025862,2093
28704,r2i1p1f1,2093,08,03,0.0,41.10989,25.038673,2093
28705,r2i1p1f1,2093,08,04,0.0,42.944153,25.217884,2093
28706,r2i1p1f1,2093,08,05,0.15921883732517017,42.868774,23.100239,2093
28707,r2i1p1f1,2093,08,06,0.0,42.648987,24.391329,2093
28708,r2i1p1f1,2093,08,07,0.0,42.34265,24.258604,2093
28709,r2i1p1f1,2093,08,08,0.0,40.67427,20.973173,2093
28710,r2i1p1f1,2093,08,09,0.0,39.01181,19.76232,2093
28711,r2i1p1f1,2093,08,10,0.0,39.176235,19.198135,2093
28712,r2i1p1f1,2093,08,11,0.0,37.849197,16.235544,2093
28713,r2i1p1f1,2093,08,12,0.0,33.01826,14.2773485,2093
28714,r2i1p1f1,2093,08,13,0.0,30.846476,16.799389,2093
28715,r2i1p1f1,2093,08,14,0.2958669415534132,30.545668,12.149666,2093
28716,r2i1p1f1,2093,08,15,0.0,31.80439,14.2304945,2093
28717,r2i1p1f1,2093,08,16,2.4220255402724433,30.995646,13.193379,2093
28718,r2i1p1f1,2093,08,17,0.0,32.515945,15.142485,2093
28719,r2i1p1f1,2093,08,18,0.0,33.504307,16.338661,2093
28720,r2i1p1f1,2093,08,19,0.0,34.86173,17.495338,2093
28721,r2i1p1f1,2093,08,20,0.0,36.538704,18.112064,2093
28722,r2i1p1f1,2093,08,21,0.0,37.38958,18.175123,2093
28723,r2i1p1f1,2093,08,22,0.0,37.995335,18.908764,2093
28724,r2i1p1f1,2093,08,23,0.0,38.91684,19.553728,2093
28725,r2i1p1f1,2093,08,24,0.0,37.786957,19.374924,2093
28726,r2i1p1f1,2093,08,25,0.0,35.39452,15.513538,2093
28727,r2i1p1f1,2093,08,26,0.040468670522386674,34.038525,15.259042,2093
28728,r2i1p1f1,2093,08,27,0.0,30.855923,12.334447,2093
28729,r2i1p1f1,2093,08,28,0.0,30.557957,13.093394,2093
28730,r2i1p1f1,2093,08,29,0.0,31.092363,13.150304,2093
28731,r2i1p1f1,2093,08,30,0.0,31.728264,13.166558,2093
28732,r2i1p1f1,2093,08,31,0.0,32.157383,12.740566,2093
28733,r2i1p1f1,2093,09,01,0.023379057529382408,33.67038,15.424196,2093
28734,r2i1p1f1,2093,09,02,0.0,35.41236,17.998533,2093
28735,r2i1p1f1,2093,09,03,0.0,33.12488,16.17863,2093
28736,r2i1p1f1,2093,09,04,0.020725500871776603,31.655663,16.060724,2093
28737,r2i1p1f1,2093,09,05,0.0,32.040684,14.850865,2093
28738,r2i1p1f1,2093,09,06,0.0,31.33987,13.678768,2093
28739,r2i1p1f1,2093,09,07,0.0,28.764395,11.491466,2093
28740,r2i1p1f1,2093,09,08,0.0,31.36537,14.482902,2093
28741,r2i1p1f1,2093,09,09,0.0,32.290237,13.356976,2093
28742,r2i1p1f1,2093,09,10,0.0,30.984152,12.705103,2093
28743,r2i1p1f1,2093,09,11,0.0,29.523216,13.122655,2093
28744,r2i1p1f1,2093,09,12,0.0,26.112122,9.605572,2093
28745,r2i1p1f1,2093,09,13,0.0,25.499443,8.478458,2093
28746,r2i1p1f1,2093,09,14,0.0,32.25206,12.345683,2093
28747,r2i1p1f1,2093,09,15,0.0,33.26124,13.552061,2093
28748,r2i1p1f1,2093,09,16,0.0,32.162296,14.739517,2093
28749,r2i1p1f1,2093,09,17,0.0,30.263296,11.511876,2093
28750,r2i1p1f1,2093,09,18,0.0,34.600937,17.163471,2093
28751,r2i1p1f1,2093,09,19,0.0,34.962296,16.11891,2093
28752,r2i1p1f1,2093,09,20,0.0,36.115887,18.186222,2093
28753,r2i1p1f1,2093,09,21,0.0,37.42842,19.257904,2093
28754,r2i1p1f1,2093,09,22,0.0,38.645023,20.78151,2093
28755,r2i1p1f1,2093,09,23,0.0,38.512257,20.174461,2093
28756,r2i1p1f1,2093,09,24,0.0,37.86735,21.09513,2093
28757,r2i1p1f1,2093,09,25,0.0,37.982334,20.484678,2093
28758,r2i1p1f1,2093,09,26,0.0,38.645046,21.242191,2093
28759,r2i1p1f1,2093,09,27,0.0,39.415413,21.665768,2093
28760,r2i1p1f1,2093,09,28,0.0,40.025494,19.910807,2093
28761,r2i1p1f1,2093,09,29,0.0,34.413177,16.253933,2093
28762,r2i1p1f1,2093,09,30,0.0,31.10222,15.2134285,2093
28763,r2i1p1f1,2093,10,01,0.0,31.598104,16.644217,2093
28764,r2i1p1f1,2093,10,02,0.0,33.957195,17.64015,2093
28765,r2i1p1f1,2093,10,03,0.003189679560477998,34.344704,16.346712,2093
28766,r2i1p1f1,2093,10,04,0.0,33.272415,15.785686,2093
28767,r2i1p1f1,2093,10,05,0.0,31.869656,12.377098,2093
28768,r2i1p1f1,2093,10,06,0.0,29.049347,11.848301,2093
28769,r2i1p1f1,2093,10,07,0.0,27.71481,11.697644,2093
28770,r2i1p1f1,2093,10,08,0.0,28.514217,12.572405,2093
28771,r2i1p1f1,2093,10,09,0.07789068145029887,28.175215,13.782149,2093
28772,r2i1p1f1,2093,10,10,0.0,28.958601,13.962414,2093
28773,r2i1p1f1,2093,10,11,0.0,32.34755,17.850677,2093
28774,r2i1p1f1,2093,10,12,0.0,34.159145,17.848017,2093
28775,r2i1p1f1,2093,10,13,0.0,30.251604,12.102763,2093
28776,r2i1p1f1,2093,10,14,0.0,28.958488,11.566318,2093
28777,r2i1p1f1,2093,10,15,0.0,27.711649,9.760908,2093
28778,r2i1p1f1,2093,10,16,0.15126181623941193,23.062408,7.3138328,2093
28779,r2i1p1f1,2093,10,17,0.0,22.47675,5.611704,2093
28780,r2i1p1f1,2093,10,18,0.0,25.510225,8.240269,2093
28781,r2i1p1f1,2093,10,19,0.0,27.31665,10.324066,2093
28782,r2i1p1f1,2093,10,20,0.0,27.100643,10.97058,2093
28783,r2i1p1f1,2093,10,21,21.02538415282993,20.665941,6.2508373,2093
28784,r2i1p1f1,2093,10,22,0.0,21.571012,10.120837,2093
28785,r2i1p1f1,2093,10,23,0.0,21.672434,9.452328,2093
28786,r2i1p1f1,2093,10,24,0.0,21.881252,8.104891,2093
28787,r2i1p1f1,2093,10,25,0.0,19.684383,5.569917,2093
28788,r2i1p1f1,2093,10,26,0.0,21.56675,5.468495,2093
28789,r2i1p1f1,2093,10,27,0.0,23.64294,8.227102,2093
28790,r2i1p1f1,2093,10,28,0.0,24.484713,6.5067105,2093
28791,r2i1p1f1,2093,10,29,0.022804768650530605,19.635353,5.2428675,2093
28792,r2i1p1f1,2093,10,30,0.0,21.680168,9.18146,2093
28793,r2i1p1f1,2093,10,31,0.0,22.21891,9.893567,2093
28794,r2i1p1f1,2093,11,01,0.0,22.123909,8.428355,2093
28795,r2i1p1f1,2093,11,02,0.0,24.045286,8.325407,2093
28796,r2i1p1f1,2093,11,03,3.6575585549741163,21.958138,6.588433,2093
28797,r2i1p1f1,2093,11,04,0.34953858701101126,20.161715,7.3386316,2093
28798,r2i1p1f1,2093,11,05,0.0,20.62252,7.3228455,2093
28799,r2i1p1f1,2093,11,06,0.9027206909365759,18.563917,6.4905753,2093
28800,r2i1p1f1,2093,11,07,0.0,21.35874,7.4806094,2093
28801,r2i1p1f1,2093,11,08,0.0,22.121552,7.662699,2093
28802,r2i1p1f1,2093,11,09,0.0,19.754028,6.9195576,2093
28803,r2i1p1f1,2093,11,10,0.0,18.092552,6.4926353,2093
28804,r2i1p1f1,2093,11,11,0.0,19.010756,5.7056713,2093
28805,r2i1p1f1,2093,11,12,0.0,19.713951,5.7096043,2093
28806,r2i1p1f1,2093,11,13,0.0,17.68294,2.2126467,2093
28807,r2i1p1f1,2093,11,14,0.0,17.258383,3.7798991,2093
28808,r2i1p1f1,2093,11,15,0.0,19.632027,5.3987894,2093
28809,r2i1p1f1,2093,11,16,0.0,21.433142,6.1318264,2093
28810,r2i1p1f1,2093,11,17,0.0,22.082237,6.326177,2093
28811,r2i1p1f1,2093,11,18,0.0,20.857162,6.424202,2093
28812,r2i1p1f1,2093,11,19,0.0,21.871775,6.352686,2093
28813,r2i1p1f1,2093,11,20,0.0,22.65774,7.228742,2093
28814,r2i1p1f1,2093,11,21,0.0,23.132118,7.8851132,2093
28815,r2i1p1f1,2093,11,22,0.0,23.35605,9.576344,2093
28816,r2i1p1f1,2093,11,23,0.0,23.737095,9.720841,2093
28817,r2i1p1f1,2093,11,24,0.0,22.884924,6.5492253,2093
28818,r2i1p1f1,2093,11,25,0.6370161388076667,19.358809,5.263361,2093
28819,r2i1p1f1,2093,11,26,0.018349420133745298,19.20336,9.334641,2093
28820,r2i1p1f1,2093,11,27,0.580865170695688,20.575794,10.627254,2093
28821,r2i1p1f1,2093,11,28,0.0,23.838724,11.335031,2093
28822,r2i1p1f1,2093,11,29,3.3328660519714504,21.764322,8.173604,2093
28823,r2i1p1f1,2093,11,30,0.0,13.35774,2.112437,2093
28824,r2i1p1f1,2093,12,01,0.0,18.510061,6.2203712,2093
28825,r2i1p1f1,2093,12,02,0.0,20.838297,9.224175,2093
28826,r2i1p1f1,2093,12,03,1.0451051332978523,21.711973,9.986026,2093
28827,r2i1p1f1,2093,12,04,15.152401043860664,16.94031,6.8595066,2093
28828,r2i1p1f1,2093,12,05,0.0,17.713896,6.462508,2093
28829,r2i1p1f1,2093,12,06,0.0,18.856258,5.4393125,2093
28830,r2i1p1f1,2093,12,07,0.0,18.120548,5.606675,2093
28831,r2i1p1f1,2093,12,08,0.0,20.771624,8.298626,2093
28832,r2i1p1f1,2093,12,09,0.0,20.485125,8.971333,2093
28833,r2i1p1f1,2093,12,10,0.0,22.052225,9.23439,2093
28834,r2i1p1f1,2093,12,11,0.0,21.825216,9.684807,2093
28835,r2i1p1f1,2093,12,12,0.0,20.744164,8.372743,2093
28836,r2i1p1f1,2093,12,13,0.0,21.0703,7.650274,2093
28837,r2i1p1f1,2093,12,14,0.0,22.208244,8.998834,2093
28838,r2i1p1f1,2093,12,15,0.0,24.33304,11.900497,2093
28839,r2i1p1f1,2093,12,16,0.0,25.20871,11.670022,2093
28840,r2i1p1f1,2093,12,17,0.0,24.550497,10.497079,2093
28841,r2i1p1f1,2093,12,18,0.11609166993054032,22.409077,9.795037,2093
28842,r2i1p1f1,2093,12,19,0.0,21.267712,8.967047,2093
28843,r2i1p1f1,2093,12,20,0.0,17.405304,6.1053896,2093
28844,r2i1p1f1,2093,12,21,0.0,11.8289175,1.0329807,2093
28845,r2i1p1f1,2093,12,22,0.006853423292341176,10.325433,-1.035254,2093
28846,r2i1p1f1,2093,12,23,0.0,9.751499,-3.724661,2093
28847,r2i1p1f1,2093,12,24,23.5709873119049,8.128916,-2.0690517,2093
28848,r2i1p1f1,2093,12,25,17.990758943824403,7.3027997,2.756765,2093
28849,r2i1p1f1,2093,12,26,45.27693369368535,8.962846,4.699198,2093
28850,r2i1p1f1,2093,12,27,0.0,8.539705,-0.36915556,2093
28851,r2i1p1f1,2093,12,28,0.0,12.59548,0.0036010742,2093
28852,r2i1p1f1,2093,12,29,0.0,13.732515,2.2331913,2093
28853,r2i1p1f1,2093,12,30,0.0,12.8147,2.8901122,2093
28854,r2i1p1f1,2093,12,31,0.0,13.12317,2.0898564,2093
28855,r2i1p1f1,2094,01,01,0.0,15.292579,2.116397,2094
28856,r2i1p1f1,2094,01,02,0.0,16.060797,2.9486237,2094
28857,r2i1p1f1,2094,01,03,0.0,16.26749,3.1464014,2094
28858,r2i1p1f1,2094,01,04,12.427846861510261,15.084189,4.933929,2094
28859,r2i1p1f1,2094,01,05,0.0,11.801008,4.8254113,2094
28860,r2i1p1f1,2094,01,06,0.0,13.492652,0.31700435,2094
28861,r2i1p1f1,2094,01,07,0.0,14.468182,1.9612715,2094
28862,r2i1p1f1,2094,01,08,18.83656103764224,11.432679,5.5225835,2094
28863,r2i1p1f1,2094,01,09,14.122472060716973,12.344479,7.3879566,2094
28864,r2i1p1f1,2094,01,10,6.061940870586113,12.7070675,5.2028775,2094
28865,r2i1p1f1,2094,01,11,0.6969695807093501,10.15085,4.95943,2094
28866,r2i1p1f1,2094,01,12,10.791585141669202,13.307458,5.4156404,2094
28867,r2i1p1f1,2094,01,13,0.0,12.192412,2.329821,2094
28868,r2i1p1f1,2094,01,14,0.0,13.4283695,1.8584783,2094
28869,r2i1p1f1,2094,01,15,0.0,13.424487,4.1371865,2094
28870,r2i1p1f1,2094,01,16,8.465764831760225,12.516438,5.539634,2094
28871,r2i1p1f1,2094,01,17,3.320795193167214,11.8844795,-2.449154,2094
28872,r2i1p1f1,2094,01,18,0.0,8.62875,-2.677675,2094
28873,r2i1p1f1,2094,01,19,1.010467573320284,7.3349686,-0.92177665,2094
28874,r2i1p1f1,2094,01,20,0.11663575996863074,11.283719,-0.6938606,2094
28875,r2i1p1f1,2094,01,21,0.0,15.5736065,2.9416475,2094
28876,r2i1p1f1,2094,01,22,0.009497216427689636,15.653098,5.053319,2094
28877,r2i1p1f1,2094,01,23,0.00042791338046299643,14.032054,6.1910477,2094
28878,r2i1p1f1,2094,01,24,2.9017705386877424,11.846213,6.443846,2094
28879,r2i1p1f1,2094,01,25,1.4604770020810065,11.366689,3.404416,2094
28880,r2i1p1f1,2094,01,26,0.0,17.181297,3.628641,2094
28881,r2i1p1f1,2094,01,27,0.0,18.712387,5.635135,2094
28882,r2i1p1f1,2094,01,28,0.0,18.91,5.416509,2094
28883,r2i1p1f1,2094,01,29,0.0,18.408485,6.549455,2094
28884,r2i1p1f1,2094,01,30,0.0,19.039211,5.6871867,2094
28885,r2i1p1f1,2094,01,31,0.0,20.668642,6.542548,2094
28886,r2i1p1f1,2094,02,01,0.0,18.493216,7.792234,2094
28887,r2i1p1f1,2094,02,02,0.0,20.135292,8.372433,2094
28888,r2i1p1f1,2094,02,03,0.0,20.073202,7.82911,2094
28889,r2i1p1f1,2094,02,04,0.0,21.00225,7.354588,2094
28890,r2i1p1f1,2094,02,05,0.0,21.406075,7.6358695,2094
28891,r2i1p1f1,2094,02,06,0.0,21.026136,7.614867,2094
28892,r2i1p1f1,2094,02,07,0.0,20.83522,7.291709,2094
28893,r2i1p1f1,2094,02,08,0.0,21.023607,8.063573,2094
28894,r2i1p1f1,2094,02,09,0.0,20.09377,8.087007,2094
28895,r2i1p1f1,2094,02,10,0.0,21.371832,5.289092,2094
28896,r2i1p1f1,2094,02,11,0.04438591211055609,18.867086,7.386793,2094
28897,r2i1p1f1,2094,02,12,0.43986456648781314,13.157586,5.9374723,2094
28898,r2i1p1f1,2094,02,13,0.0,18.430643,4.4491634,2094
28899,r2i1p1f1,2094,02,14,0.0,19.36805,6.8003287,2094
28900,r2i1p1f1,2094,02,15,0.0,19.355753,7.0121436,2094
28901,r2i1p1f1,2094,02,16,0.010415672113595065,20.261696,5.7530746,2094
28902,r2i1p1f1,2094,02,17,0.014276741785579361,19.471767,6.669782,2094
28903,r2i1p1f1,2094,02,18,0.02143072492799547,17.958656,7.276864,2094
28904,r2i1p1f1,2094,02,19,0.00124679690998164,16.246534,6.8378773,2094
28905,r2i1p1f1,2094,02,20,0.0,18.549961,6.1024213,2094
28906,r2i1p1f1,2094,02,21,0.10331001848555843,18.130598,7.8849726,2094
28907,r2i1p1f1,2094,02,22,0.0,16.924393,5.219153,2094
28908,r2i1p1f1,2094,02,23,0.0,12.264831,0.6232351,2094
28909,r2i1p1f1,2094,02,24,0.0,16.508718,2.272841,2094
28910,r2i1p1f1,2094,02,25,0.0,15.695321,3.5479565,2094
28911,r2i1p1f1,2094,02,26,0.0,18.018684,6.3399553,2094
28912,r2i1p1f1,2094,02,27,0.0,18.058245,4.585335,2094
28913,r2i1p1f1,2094,02,28,0.0,20.173065,8.934926,2094
28914,r2i1p1f1,2094,03,01,0.0,22.830706,5.377596,2094
28915,r2i1p1f1,2094,03,02,0.0,25.11886,7.0775886,2094
28916,r2i1p1f1,2094,03,03,0.0,25.02714,8.317109,2094
28917,r2i1p1f1,2094,03,04,0.0,20.32393,5.076348,2094
28918,r2i1p1f1,2094,03,05,0.1206259337834581,14.410646,0.748652,2094
28919,r2i1p1f1,2094,03,06,40.39715005419566,11.01998,7.6221523,2094
28920,r2i1p1f1,2094,03,07,8.0711847413113,10.262258,4.9605765,2094
28921,r2i1p1f1,2094,03,08,4.21714027102098,13.732979,6.3973083,2094
28922,r2i1p1f1,2094,03,09,0.0,17.298666,1.5944219,2094
28923,r2i1p1f1,2094,03,10,0.0,18.320854,3.8754098,2094
28924,r2i1p1f1,2094,03,11,0.0,19.329868,4.597441,2094
28925,r2i1p1f1,2094,03,12,0.0,19.27037,6.419591,2094
28926,r2i1p1f1,2094,03,13,1.9938808438041633,18.524055,3.0534105,2094
28927,r2i1p1f1,2094,03,14,4.2950178788032645,13.907471,8.461014,2094
28928,r2i1p1f1,2094,03,15,1.1262807526804863,14.557697,6.11141,2094
28929,r2i1p1f1,2094,03,16,0.0,17.531792,4.1857853,2094
28930,r2i1p1f1,2094,03,17,0.0,18.82425,3.4844599,2094
28931,r2i1p1f1,2094,03,18,0.0,18.509604,3.6112132,2094
28932,r2i1p1f1,2094,03,19,1.3258782794878243,15.405511,4.3541284,2094
28933,r2i1p1f1,2094,03,20,7.023525369464778,15.322179,6.7221375,2094
28934,r2i1p1f1,2094,03,21,1.2504401903129292,17.420456,6.9786787,2094
28935,r2i1p1f1,2094,03,22,0.0,17.254332,4.4018517,2094
28936,r2i1p1f1,2094,03,23,0.9358341867368836,14.25717,2.023154,2094
28937,r2i1p1f1,2094,03,24,0.0,15.347506,-1.6629782,2094
28938,r2i1p1f1,2094,03,25,0.0,16.207321,2.694855,2094
28939,r2i1p1f1,2094,03,26,5.091584926867654,14.073965,6.417136,2094
28940,r2i1p1f1,2094,03,27,6.201277870457034,15.386865,6.332098,2094
28941,r2i1p1f1,2094,03,28,0.0,17.904823,4.1622725,2094
28942,r2i1p1f1,2094,03,29,0.0,19.463232,2.7723157,2094
28943,r2i1p1f1,2094,03,30,0.0,21.678911,6.323372,2094
28944,r2i1p1f1,2094,03,31,0.0,21.898659,8.204731,2094
28945,r2i1p1f1,2094,04,01,0.0,23.21829,6.6982365,2094
28946,r2i1p1f1,2094,04,02,0.0,26.822544,11.139906,2094
28947,r2i1p1f1,2094,04,03,0.0,28.112036,9.206207,2094
28948,r2i1p1f1,2094,04,04,2.5041751444859983,21.766567,6.138384,2094
28949,r2i1p1f1,2094,04,05,0.3869554224309013,17.428024,6.375812,2094
28950,r2i1p1f1,2094,04,06,0.0,17.534386,3.0666895,2094
28951,r2i1p1f1,2094,04,07,0.5206367519804189,18.265072,6.0447817,2094
28952,r2i1p1f1,2094,04,08,4.789049861290096,16.522112,4.4543004,2094
28953,r2i1p1f1,2094,04,09,1.4700457701223968,12.215658,4.83543,2094
28954,r2i1p1f1,2094,04,10,2.606946167793467,11.524029,2.7603981,2094
28955,r2i1p1f1,2094,04,11,0.0,17.008595,1.3785487,2094
28956,r2i1p1f1,2094,04,12,0.0,20.664333,3.300951,2094
28957,r2i1p1f1,2094,04,13,0.0,24.825823,7.6105204,2094
28958,r2i1p1f1,2094,04,14,0.0,25.24299,10.983501,2094
28959,r2i1p1f1,2094,04,15,0.0,25.814379,7.326452,2094
28960,r2i1p1f1,2094,04,16,33.60649723908864,18.323286,3.7474077,2094
28961,r2i1p1f1,2094,04,17,1.0666176396767924,11.71886,2.1992602,2094
28962,r2i1p1f1,2094,04,18,0.0,15.833184,1.2655902,2094
28963,r2i1p1f1,2094,04,19,0.0,18.951736,5.38358,2094
28964,r2i1p1f1,2094,04,20,0.0,18.21762,5.3432164,2094
28965,r2i1p1f1,2094,04,21,0.0,19.829878,2.964901,2094
28966,r2i1p1f1,2094,04,22,0.0,26.249557,9.160099,2094
28967,r2i1p1f1,2094,04,23,0.0,26.82522,8.358836,2094
28968,r2i1p1f1,2094,04,24,1.2773881873158643,18.586866,5.417115,2094
28969,r2i1p1f1,2094,04,25,0.006620553722314071,18.25377,4.399294,2094
28970,r2i1p1f1,2094,04,26,0.0,22.82778,5.6390896,2094
28971,r2i1p1f1,2094,04,27,0.488651912627347,23.270227,6.0367184,2094
28972,r2i1p1f1,2094,04,28,0.032294183404246724,18.270363,2.9310343,2094
28973,r2i1p1f1,2094,04,29,43.71042247003061,11.809791,7.8269315,2094
28974,r2i1p1f1,2094,04,30,0.4694476419501825,17.731533,3.8669536,2094
28975,r2i1p1f1,2094,05,01,0.0,22.149445,7.304001,2094
28976,r2i1p1f1,2094,05,02,0.0,25.765163,10.385995,2094
28977,r2i1p1f1,2094,05,03,0.0,25.30399,10.88153,2094
28978,r2i1p1f1,2094,05,04,0.0,22.85767,7.7011585,2094
28979,r2i1p1f1,2094,05,05,0.5318734541560843,21.702675,7.359716,2094
28980,r2i1p1f1,2094,05,06,0.12050585164615768,20.505966,3.2299507,2094
28981,r2i1p1f1,2094,05,07,32.00747869850602,17.919697,7.1003094,2094
28982,r2i1p1f1,2094,05,08,9.10533321141429,13.130788,4.382635,2094
28983,r2i1p1f1,2094,05,09,0.0,14.502936,6.5657473,2094
28984,r2i1p1f1,2094,05,10,0.0,18.1748,3.637775,2094
28985,r2i1p1f1,2094,05,11,0.0,20.93416,5.061151,2094
28986,r2i1p1f1,2094,05,12,0.0,23.963816,7.2160897,2094
28987,r2i1p1f1,2094,05,13,0.058148631842414034,24.260075,9.282893,2094
28988,r2i1p1f1,2094,05,14,0.0,20.439665,7.0967083,2094
28989,r2i1p1f1,2094,05,15,0.0,22.568834,5.885968,2094
28990,r2i1p1f1,2094,05,16,0.0,25.203901,6.5851383,2094
28991,r2i1p1f1,2094,05,17,0.0,23.45031,5.460955,2094
28992,r2i1p1f1,2094,05,18,0.6103319521287176,18.151712,4.825802,2094
28993,r2i1p1f1,2094,05,19,0.0,18.268951,6.8546476,2094
28994,r2i1p1f1,2094,05,20,0.0,23.470152,7.7304935,2094
28995,r2i1p1f1,2094,05,21,0.0,28.644606,12.379381,2094
28996,r2i1p1f1,2094,05,22,0.0,30.334377,13.897348,2094
28997,r2i1p1f1,2094,05,23,0.0,30.396152,12.538815,2094
28998,r2i1p1f1,2094,05,24,0.0,22.471373,6.448459,2094
28999,r2i1p1f1,2094,05,25,0.0,21.747967,6.757354,2094
29000,r2i1p1f1,2094,05,26,0.0,27.081982,10.239729,2094
29001,r2i1p1f1,2094,05,27,0.0,28.460148,14.693227,2094
29002,r2i1p1f1,2094,05,28,0.2501817461634914,24.299562,10.334742,2094
29003,r2i1p1f1,2094,05,29,0.0017401506283931667,26.353327,9.468617,2094
29004,r2i1p1f1,2094,05,30,0.030232143035391346,30.80618,14.625824,2094
29005,r2i1p1f1,2094,05,31,0.0,31.734606,16.197424,2094
29006,r2i1p1f1,2094,06,01,0.0,31.149187,15.767946,2094
29007,r2i1p1f1,2094,06,02,0.0,31.892586,14.493384,2094
29008,r2i1p1f1,2094,06,03,0.0,32.467815,13.71086,2094
29009,r2i1p1f1,2094,06,04,0.0,32.08422,12.937095,2094
29010,r2i1p1f1,2094,06,05,0.0,30.794024,13.789121,2094
29011,r2i1p1f1,2094,06,06,0.0,31.330044,15.5687275,2094
29012,r2i1p1f1,2094,06,07,0.0,30.846897,12.230839,2094
29013,r2i1p1f1,2094,06,08,0.0,28.53455,11.612251,2094
29014,r2i1p1f1,2094,06,09,0.0,30.048567,13.698694,2094
29015,r2i1p1f1,2094,06,10,0.0,33.28934,16.344532,2094
29016,r2i1p1f1,2094,06,11,0.0,35.410133,18.520302,2094
29017,r2i1p1f1,2094,06,12,0.0635924186781267,35.277542,17.255392,2094
29018,r2i1p1f1,2094,06,13,0.0,33.96578,17.264885,2094
29019,r2i1p1f1,2094,06,14,0.0,35.66659,18.840471,2094
29020,r2i1p1f1,2094,06,15,0.0,36.850815,19.73966,2094
29021,r2i1p1f1,2094,06,16,0.0,37.093147,17.810434,2094
29022,r2i1p1f1,2094,06,17,0.0,35.094624,17.377743,2094
29023,r2i1p1f1,2094,06,18,0.06390660928445868,34.505665,16.179295,2094
29024,r2i1p1f1,2094,06,19,0.0,33.995846,15.927911,2094
29025,r2i1p1f1,2094,06,20,0.0,33.841267,14.275784,2094
29026,r2i1p1f1,2094,06,21,0.012910638906760141,31.132198,13.703779,2094
29027,r2i1p1f1,2094,06,22,0.0,31.056675,14.103631,2094
29028,r2i1p1f1,2094,06,23,0.25469268241522514,30.444685,13.451261,2094
29029,r2i1p1f1,2094,06,24,0.0,29.869528,13.111569,2094
29030,r2i1p1f1,2094,06,25,0.0,27.81192,13.277877,2094
29031,r2i1p1f1,2094,06,26,0.0,28.56855,13.520954,2094
29032,r2i1p1f1,2094,06,27,0.0,28.152088,11.65464,2094
29033,r2i1p1f1,2094,06,28,0.0,25.728209,10.132758,2094
29034,r2i1p1f1,2094,06,29,0.0,27.496555,12.006994,2094
29035,r2i1p1f1,2094,06,30,0.0,31.267958,13.978532,2094
29036,r2i1p1f1,2094,07,01,0.0,36.152958,18.813667,2094
29037,r2i1p1f1,2094,07,02,0.0,37.596886,19.601791,2094
29038,r2i1p1f1,2094,07,03,0.0,39.525494,21.78403,2094
29039,r2i1p1f1,2094,07,04,0.0,39.887897,20.160292,2094
29040,r2i1p1f1,2094,07,05,0.0,39.569233,19.841751,2094
29041,r2i1p1f1,2094,07,06,0.0,37.479084,18.763193,2094
29042,r2i1p1f1,2094,07,07,0.0,34.27667,17.126633,2094
29043,r2i1p1f1,2094,07,08,0.0,33.489426,15.532076,2094
29044,r2i1p1f1,2094,07,09,0.0,37.611206,18.032888,2094
29045,r2i1p1f1,2094,07,10,0.0,41.536057,22.949741,2094
29046,r2i1p1f1,2094,07,11,0.0,42.780502,25.540335,2094
29047,r2i1p1f1,2094,07,12,0.0,43.794292,25.073418,2094
29048,r2i1p1f1,2094,07,13,0.0,40.44482,19.517567,2094
29049,r2i1p1f1,2094,07,14,0.048875090556066425,34.235767,15.740195,2094
29050,r2i1p1f1,2094,07,15,0.0,32.88089,15.090978,2094
29051,r2i1p1f1,2094,07,16,0.0,36.120598,19.20728,2094
29052,r2i1p1f1,2094,07,17,0.0,37.03702,20.181862,2094
29053,r2i1p1f1,2094,07,18,0.3000288857037958,36.27334,17.672876,2094
29054,r2i1p1f1,2094,07,19,0.0,27.924028,12.277752,2094
29055,r2i1p1f1,2094,07,20,0.0,31.931557,16.780825,2094
29056,r2i1p1f1,2094,07,21,0.0,36.84421,19.556799,2094
29057,r2i1p1f1,2094,07,22,0.0,37.49134,20.929192,2094
29058,r2i1p1f1,2094,07,23,4.174869575626872,37.37234,16.669079,2094
29059,r2i1p1f1,2094,07,24,0.0,29.88481,14.222685,2094
29060,r2i1p1f1,2094,07,25,0.0,35.171375,18.776217,2094
29061,r2i1p1f1,2094,07,26,2.144571766984882,35.774895,16.560892,2094
29062,r2i1p1f1,2094,07,27,0.0,36.4119,19.513506,2094
29063,r2i1p1f1,2094,07,28,0.0,37.845387,21.88004,2094
29064,r2i1p1f1,2094,07,29,0.0,38.791557,21.252094,2094
29065,r2i1p1f1,2094,07,30,0.0,40.68486,23.39798,2094
29066,r2i1p1f1,2094,07,31,0.0,41.998264,24.905096,2094
29067,r2i1p1f1,2094,08,01,0.0,41.12004,21.341896,2094
29068,r2i1p1f1,2094,08,02,0.009735991989145987,37.775795,18.87442,2094
29069,r2i1p1f1,2094,08,03,0.0,33.872726,15.516957,2094
29070,r2i1p1f1,2094,08,04,0.03318537892482709,34.094406,15.3096075,2094
29071,r2i1p1f1,2094,08,05,0.0,35.49568,17.392185,2094
29072,r2i1p1f1,2094,08,06,0.0,35.842003,17.448906,2094
29073,r2i1p1f1,2094,08,07,0.0,36.891933,19.90782,2094
29074,r2i1p1f1,2094,08,08,0.0,37.26239,16.227394,2094
29075,r2i1p1f1,2094,08,09,0.0,33.06511,13.309834,2094
29076,r2i1p1f1,2094,08,10,0.0,35.401196,16.993097,2094
29077,r2i1p1f1,2094,08,11,0.0,36.97436,19.178299,2094
29078,r2i1p1f1,2094,08,12,0.0,37.35694,18.710686,2094
29079,r2i1p1f1,2094,08,13,0.0,37.457928,16.774035,2094
29080,r2i1p1f1,2094,08,14,0.0,37.921974,18.366882,2094
29081,r2i1p1f1,2094,08,15,0.004999834163754713,37.797707,18.504974,2094
29082,r2i1p1f1,2094,08,16,0.0,37.54268,18.68539,2094
29083,r2i1p1f1,2094,08,17,0.0,37.350937,17.373653,2094
29084,r2i1p1f1,2094,08,18,0.0,38.059402,19.163334,2094
29085,r2i1p1f1,2094,08,19,0.0,38.422062,22.233524,2094
29086,r2i1p1f1,2094,08,20,0.0,39.19195,20.157616,2094
29087,r2i1p1f1,2094,08,21,0.0,38.59211,20.15312,2094
29088,r2i1p1f1,2094,08,22,0.0,38.4409,18.74602,2094
29089,r2i1p1f1,2094,08,23,0.0,37.692463,18.671196,2094
29090,r2i1p1f1,2094,08,24,0.0,36.409645,19.38076,2094
29091,r2i1p1f1,2094,08,25,0.0,36.44043,18.10185,2094
29092,r2i1p1f1,2094,08,26,0.0,35.136513,15.924961,2094
29093,r2i1p1f1,2094,08,27,0.0,33.355637,12.091488,2094
29094,r2i1p1f1,2094,08,28,0.0,29.981663,12.393765,2094
29095,r2i1p1f1,2094,08,29,0.0,32.185867,12.559544,2094
29096,r2i1p1f1,2094,08,30,0.0,33.028996,13.576346,2094
29097,r2i1p1f1,2094,08,31,0.0,33.740086,15.217653,2094
29098,r2i1p1f1,2094,09,01,0.0,35.077774,18.79681,2094
29099,r2i1p1f1,2094,09,02,0.0,36.05906,17.04546,2094
29100,r2i1p1f1,2094,09,03,0.0,35.611248,16.701595,2094
29101,r2i1p1f1,2094,09,04,0.0,34.37155,15.641556,2094
29102,r2i1p1f1,2094,09,05,0.0,35.61493,17.601797,2094
29103,r2i1p1f1,2094,09,06,0.0,37.02174,18.539595,2094
29104,r2i1p1f1,2094,09,07,0.0,37.402615,17.947102,2094
29105,r2i1p1f1,2094,09,08,0.0,34.75881,18.286299,2094
29106,r2i1p1f1,2094,09,09,0.06258758813828535,36.735798,19.800543,2094
29107,r2i1p1f1,2094,09,10,0.00041000180317496415,38.57978,22.085041,2094
29108,r2i1p1f1,2094,09,11,0.0,39.097557,23.212635,2094
29109,r2i1p1f1,2094,09,12,0.14444446042034542,38.3337,21.109236,2094
29110,r2i1p1f1,2094,09,13,0.000736234881060227,35.162113,16.133207,2094
29111,r2i1p1f1,2094,09,14,0.0,27.870136,13.098764,2094
29112,r2i1p1f1,2094,09,15,0.0,32.41521,13.582891,2094
29113,r2i1p1f1,2094,09,16,0.0,33.688354,14.207257,2094
29114,r2i1p1f1,2094,09,17,0.0,33.357956,16.523592,2094
29115,r2i1p1f1,2094,09,18,0.0,35.44071,17.147684,2094
29116,r2i1p1f1,2094,09,19,0.0,36.385902,17.583967,2094
29117,r2i1p1f1,2094,09,20,0.0,34.76549,16.05064,2094
29118,r2i1p1f1,2094,09,21,0.0,33.468124,14.077024,2094
29119,r2i1p1f1,2094,09,22,0.0,32.76566,13.5181055,2094
29120,r2i1p1f1,2094,09,23,0.0,33.499134,15.183661,2094
29121,r2i1p1f1,2094,09,24,0.0,34.633614,18.91704,2094
29122,r2i1p1f1,2094,09,25,0.0,33.7462,17.450222,2094
29123,r2i1p1f1,2094,09,26,0.0,34.321472,17.629448,2094
29124,r2i1p1f1,2094,09,27,0.0,34.208908,15.947756,2094
29125,r2i1p1f1,2094,09,28,0.0,35.28994,18.408703,2094
29126,r2i1p1f1,2094,09,29,0.0,36.0533,17.02542,2094
29127,r2i1p1f1,2094,09,30,0.0,35.732605,18.0145,2094
29128,r2i1p1f1,2094,10,01,0.0,35.906956,17.21756,2094
29129,r2i1p1f1,2094,10,02,0.0,34.17958,16.864416,2094
29130,r2i1p1f1,2094,10,03,0.0,30.996284,15.908785,2094
29131,r2i1p1f1,2094,10,04,0.0,32.58671,16.331505,2094
29132,r2i1p1f1,2094,10,05,0.0,34.611225,18.067417,2094
29133,r2i1p1f1,2094,10,06,0.0,36.227066,19.205256,2094
29134,r2i1p1f1,2094,10,07,0.0,36.026093,15.667838,2094
29135,r2i1p1f1,2094,10,08,0.2029684660556086,30.768114,12.364053,2094
29136,r2i1p1f1,2094,10,09,0.6592299107069266,24.014837,7.5357337,2094
29137,r2i1p1f1,2094,10,10,0.0,29.544563,11.792867,2094
29138,r2i1p1f1,2094,10,11,0.0,32.28953,16.496788,2094
29139,r2i1p1f1,2094,10,12,0.0,34.53275,16.591673,2094
29140,r2i1p1f1,2094,10,13,0.0,35.132057,17.625257,2094
29141,r2i1p1f1,2094,10,14,0.0,34.237156,17.137703,2094
29142,r2i1p1f1,2094,10,15,0.0,30.952492,14.975484,2094
29143,r2i1p1f1,2094,10,16,1.3245413297283903,23.464697,10.20166,2094
29144,r2i1p1f1,2094,10,17,0.0,22.781454,8.885612,2094
29145,r2i1p1f1,2094,10,18,0.0,26.476229,9.800175,2094
29146,r2i1p1f1,2094,10,19,0.0,26.430183,9.878205,2094
29147,r2i1p1f1,2094,10,20,0.15751420638956404,25.969053,11.923272,2094
29148,r2i1p1f1,2094,10,21,0.0,27.701075,12.826816,2094
29149,r2i1p1f1,2094,10,22,0.0,29.606606,13.197275,2094
29150,r2i1p1f1,2094,10,23,0.0,30.503428,13.726918,2094
29151,r2i1p1f1,2094,10,24,0.0,28.770498,13.217026,2094
29152,r2i1p1f1,2094,10,25,0.0,28.889652,12.244274,2094
29153,r2i1p1f1,2094,10,26,0.0,28.690321,13.536702,2094
29154,r2i1p1f1,2094,10,27,0.0,30.04404,14.521868,2094
29155,r2i1p1f1,2094,10,28,0.0,28.92789,11.885485,2094
29156,r2i1p1f1,2094,10,29,0.0,23.473427,10.143531,2094
29157,r2i1p1f1,2094,10,30,0.0,22.574995,10.924095,2094
29158,r2i1p1f1,2094,10,31,0.0,23.686855,9.28429,2094
29159,r2i1p1f1,2094,11,01,0.0,23.88695,11.717542,2094
29160,r2i1p1f1,2094,11,02,5.350557975816628,21.017134,7.788447,2094
29161,r2i1p1f1,2094,11,03,0.0,19.090105,6.347061,2094
29162,r2i1p1f1,2094,11,04,0.0,19.743399,6.5263577,2094
29163,r2i1p1f1,2094,11,05,0.0,22.85822,8.246518,2094
29164,r2i1p1f1,2094,11,06,0.0,23.340588,8.309928,2094
29165,r2i1p1f1,2094,11,07,0.00030047585539705324,22.360844,9.595337,2094
29166,r2i1p1f1,2094,11,08,0.05581998262869092,22.215841,10.047094,2094
29167,r2i1p1f1,2094,11,09,17.625003724560884,19.256443,7.320081,2094
29168,r2i1p1f1,2094,11,10,4.671253372839601,17.310259,8.166368,2094
29169,r2i1p1f1,2094,11,11,0.012071860874129925,19.39,9.625915,2094
29170,r2i1p1f1,2094,11,12,0.0,19.47614,6.327106,2094
29171,r2i1p1f1,2094,11,13,0.0,18.900728,5.8573203,2094
29172,r2i1p1f1,2094,11,14,0.0,16.584452,5.4317217,2094
29173,r2i1p1f1,2094,11,15,21.70286770997336,16.246904,6.967585,2094
29174,r2i1p1f1,2094,11,16,0.0,15.546239,4.308686,2094
29175,r2i1p1f1,2094,11,17,0.0,18.190973,5.8002963,2094
29176,r2i1p1f1,2094,11,18,0.0,19.967201,6.4678473,2094
29177,r2i1p1f1,2094,11,19,0.0,20.737612,8.181373,2094
29178,r2i1p1f1,2094,11,20,0.028543067310238257,19.51181,5.3323317,2094
29179,r2i1p1f1,2094,11,21,18.141604995616945,17.536497,5.3547573,2094
29180,r2i1p1f1,2094,11,22,57.625822407135274,12.817221,7.8487473,2094
29181,r2i1p1f1,2094,11,23,19.804785998167063,9.03003,4.6341977,2094
29182,r2i1p1f1,2094,11,24,0.0,10.392312,1.1893064,2094
29183,r2i1p1f1,2094,11,25,0.00154974193264934,11.873555,2.2850761,2094
29184,r2i1p1f1,2094,11,26,0.0,12.903207,0.9524547,2094
29185,r2i1p1f1,2094,11,27,6.4818849976063575,12.154305,-0.7873543,2094
29186,r2i1p1f1,2094,11,28,28.116253672033054,11.091864,5.662832,2094
29187,r2i1p1f1,2094,11,29,15.732432334561963,13.581684,5.689706,2094
29188,r2i1p1f1,2094,11,30,28.732397070052684,12.6340275,7.7506375,2094
29189,r2i1p1f1,2094,12,01,38.766207279331866,12.920527,7.5312586,2094
29190,r2i1p1f1,2094,12,02,18.08178260330351,13.932797,0.1244927,2094
29191,r2i1p1f1,2094,12,03,0.0,8.140363,-2.759408,2094
29192,r2i1p1f1,2094,12,04,0.0,10.150557,-1.7167312,2094
29193,r2i1p1f1,2094,12,05,0.0,10.786614,-0.06724066,2094
29194,r2i1p1f1,2094,12,06,0.0,10.638948,-2.2903311,2094
29195,r2i1p1f1,2094,12,07,0.6416206578819583,9.155804,-3.4637156,2094
29196,r2i1p1f1,2094,12,08,19.527661944312058,6.6274176,1.751699,2094
29197,r2i1p1f1,2094,12,09,1.6630864089819397,5.529533,0.94493985,2094
29198,r2i1p1f1,2094,12,10,0.0,10.694573,-1.2040977,2094
29199,r2i1p1f1,2094,12,11,0.0,11.081182,-2.0724323,2094
29200,r2i1p1f1,2094,12,12,0.0,8.0951605,-3.6941092,2094
29201,r2i1p1f1,2094,12,13,0.0,11.543599,-1.7135887,2094
29202,r2i1p1f1,2094,12,14,0.0,12.042804,-0.7284682,2094
29203,r2i1p1f1,2094,12,15,0.0,9.616853,-0.9501663,2094
29204,r2i1p1f1,2094,12,16,0.10292656085084673,8.474083,1.0727022,2094
29205,r2i1p1f1,2094,12,17,24.256150898690976,12.087217,1.5182102,2094
29206,r2i1p1f1,2094,12,18,3.990541528094127,10.444369,2.6628702,2094
29207,r2i1p1f1,2094,12,19,1.3867156048263496,11.128694,6.4005218,2094
29208,r2i1p1f1,2094,12,20,0.0,14.148767,4.0611143,2094
29209,r2i1p1f1,2094,12,21,0.0,15.975898,4.599867,2094
29210,r2i1p1f1,2094,12,22,0.0,18.249609,4.9866695,2094
29211,r2i1p1f1,2094,12,23,13.334138173809151,16.751163,7.453825,2094
29212,r2i1p1f1,2094,12,24,22.280986547229986,11.105462,7.009677,2094
29213,r2i1p1f1,2094,12,25,2.907572648754808,9.848666,3.0478232,2094
29214,r2i1p1f1,2094,12,26,0.0,12.657276,0.6417239,2094
29215,r2i1p1f1,2094,12,27,0.0,13.600812,0.33528104,2094
29216,r2i1p1f1,2094,12,28,6.943343564103088,11.275491,-0.34982955,2094
29217,r2i1p1f1,2094,12,29,20.51782885338298,8.987645,-1.9752345,2094
29218,r2i1p1f1,2094,12,30,22.32831681640164,7.6349006,2.9963307,2094
29219,r2i1p1f1,2094,12,31,0.02702663423406193,10.434422,1.1729474,2094
29220,r2i1p1f1,2095,01,01,0.0,13.878231,2.975612,2095
29221,r2i1p1f1,2095,01,02,0.0,16.633173,3.5622215,2095
29222,r2i1p1f1,2095,01,03,0.0,16.333654,4.312801,2095
29223,r2i1p1f1,2095,01,04,0.0,16.177807,2.9770262,2095
29224,r2i1p1f1,2095,01,05,0.0,11.429513,4.179633,2095
29225,r2i1p1f1,2095,01,06,25.27510719228303,10.321513,6.6425333,2095
29226,r2i1p1f1,2095,01,07,0.0,13.180496,1.1346966,2095
29227,r2i1p1f1,2095,01,08,0.0,14.30666,2.1793869,2095
29228,r2i1p1f1,2095,01,09,0.0,12.97173,2.3722734,2095
29229,r2i1p1f1,2095,01,10,13.838213176723002,9.487545,5.6775537,2095
29230,r2i1p1f1,2095,01,11,1.1606712962304755,12.483917,3.1867824,2095
29231,r2i1p1f1,2095,01,12,0.0,16.128834,2.9360404,2095
29232,r2i1p1f1,2095,01,13,0.0,16.931904,5.7141247,2095
29233,r2i1p1f1,2095,01,14,0.0,18.151558,6.0437946,2095
29234,r2i1p1f1,2095,01,15,0.0,17.887703,5.1012807,2095
29235,r2i1p1f1,2095,01,16,0.0,14.690418,6.9506803,2095
29236,r2i1p1f1,2095,01,17,0.0,15.383104,3.9051225,2095
29237,r2i1p1f1,2095,01,18,0.0,16.773386,5.133383,2095
29238,r2i1p1f1,2095,01,19,0.0,17.455439,6.3480115,2095
29239,r2i1p1f1,2095,01,20,0.0,18.087029,6.912127,2095
29240,r2i1p1f1,2095,01,21,0.0,16.36044,4.8842025,2095
29241,r2i1p1f1,2095,01,22,0.0,18.061516,6.3668227,2095
29242,r2i1p1f1,2095,01,23,0.0,19.16755,6.7523394,2095
29243,r2i1p1f1,2095,01,24,0.0,19.517502,8.75444,2095
29244,r2i1p1f1,2095,01,25,0.0,20.059078,7.7499948,2095
29245,r2i1p1f1,2095,01,26,0.0,19.26788,7.634803,2095
29246,r2i1p1f1,2095,01,27,0.0,20.018667,8.099348,2095
29247,r2i1p1f1,2095,01,28,0.0,20.089886,7.72951,2095
29248,r2i1p1f1,2095,01,29,0.0,19.569202,6.6191754,2095
29249,r2i1p1f1,2095,01,30,0.0,18.782892,6.863034,2095
29250,r2i1p1f1,2095,01,31,0.0,16.213545,4.9722104,2095
29251,r2i1p1f1,2095,02,01,0.0,15.977781,2.9014103,2095
29252,r2i1p1f1,2095,02,02,0.0,17.542116,4.1928086,2095
29253,r2i1p1f1,2095,02,03,0.0,18.461946,3.9670177,2095
29254,r2i1p1f1,2095,02,04,5.922721279125653,14.576351,7.0566263,2095
29255,r2i1p1f1,2095,02,05,0.0,12.25184,4.676856,2095
29256,r2i1p1f1,2095,02,06,0.0,15.212521,1.5726591,2095
29257,r2i1p1f1,2095,02,07,0.0,16.531424,3.8732877,2095
29258,r2i1p1f1,2095,02,08,0.0,18.367374,4.534643,2095
29259,r2i1p1f1,2095,02,09,0.0,19.790672,5.951753,2095
29260,r2i1p1f1,2095,02,10,0.0,20.906498,7.0334973,2095
29261,r2i1p1f1,2095,02,11,0.0,18.935453,4.621765,2095
29262,r2i1p1f1,2095,02,12,0.0,18.365303,5.1617107,2095
29263,r2i1p1f1,2095,02,13,1.7836415107169046,17.30012,4.2992682,2095
29264,r2i1p1f1,2095,02,14,61.55547088565072,11.820111,7.2071133,2095
29265,r2i1p1f1,2095,02,15,55.015968800580595,11.541029,4.2513614,2095
29266,r2i1p1f1,2095,02,16,10.897482709538053,10.793324,-1.1834329,2095
29267,r2i1p1f1,2095,02,17,0.10470527058714652,8.599727,-2.3282995,2095
29268,r2i1p1f1,2095,02,18,1.705791740459972,7.1560984,-0.56713945,2095
29269,r2i1p1f1,2095,02,19,25.077195321455292,8.1765785,2.236814,2095
29270,r2i1p1f1,2095,02,20,10.602548544238743,13.142245,3.6286418,2095
29271,r2i1p1f1,2095,02,21,0.0,14.424962,1.408544,2095
29272,r2i1p1f1,2095,02,22,0.0,17.266556,3.428918,2095
29273,r2i1p1f1,2095,02,23,0.0,19.672426,6.261445,2095
29274,r2i1p1f1,2095,02,24,0.0,20.306005,7.7154484,2095
29275,r2i1p1f1,2095,02,25,0.0,19.05127,5.793793,2095
29276,r2i1p1f1,2095,02,26,0.0,18.455667,5.5475206,2095
29277,r2i1p1f1,2095,02,27,1.3340402335188628,18.156694,4.469926,2095
29278,r2i1p1f1,2095,02,28,40.60026301667676,11.261328,7.500049,2095
29279,r2i1p1f1,2095,03,01,0.5782842133896793,14.625209,4.600514,2095
29280,r2i1p1f1,2095,03,02,0.0,15.80663,1.9466593,2095
29281,r2i1p1f1,2095,03,03,0.0,14.296285,-1.1835183,2095
29282,r2i1p1f1,2095,03,04,0.0,15.144253,2.0074625,2095
29283,r2i1p1f1,2095,03,05,0.002692993638220287,16.01006,3.800536,2095
29284,r2i1p1f1,2095,03,06,2.399357487178122,16.56103,5.97105,2095
29285,r2i1p1f1,2095,03,07,1.8646367092308935,12.675563,3.14001,2095
29286,r2i1p1f1,2095,03,08,36.53008029941702,13.203448,7.801501,2095
29287,r2i1p1f1,2095,03,09,10.615387317602654,12.763903,6.265741,2095
29288,r2i1p1f1,2095,03,10,0.0,18.111353,4.0852203,2095
29289,r2i1p1f1,2095,03,11,0.0,19.425972,3.7907312,2095
29290,r2i1p1f1,2095,03,12,3.9870683316394206,17.458052,2.053899,2095
29291,r2i1p1f1,2095,03,13,49.06518196730758,11.864837,6.638165,2095
29292,r2i1p1f1,2095,03,14,30.653741401874868,11.8295765,7.035598,2095
29293,r2i1p1f1,2095,03,15,0.0,13.897043,4.932614,2095
29294,r2i1p1f1,2095,03,16,17.84637847194972,12.73319,3.5534134,2095
29295,r2i1p1f1,2095,03,17,36.65880109911086,12.160239,-0.24977154,2095
29296,r2i1p1f1,2095,03,18,9.471945954044259,7.8780375,3.2549999,2095
29297,r2i1p1f1,2095,03,19,0.0,15.679764,-0.5887184,2095
29298,r2i1p1f1,2095,03,20,1.419044986391782,15.790176,3.2613487,2095
29299,r2i1p1f1,2095,03,21,0.6895017672036374,15.779438,8.60924,2095
29300,r2i1p1f1,2095,03,22,0.0,19.339802,4.761665,2095
29301,r2i1p1f1,2095,03,23,0.0,19.87854,6.44984,2095
29302,r2i1p1f1,2095,03,24,0.02389109133673628,19.238178,6.306111,2095
29303,r2i1p1f1,2095,03,25,0.026492235639352657,17.520582,2.9555278,2095
29304,r2i1p1f1,2095,03,26,10.803483359359234,10.781346,0.33354738,2095
29305,r2i1p1f1,2095,03,27,3.9185507105116812,8.69173,-1.2165934,2095
29306,r2i1p1f1,2095,03,28,4.5502084698682665,7.5668216,-0.12872696,2095
29307,r2i1p1f1,2095,03,29,10.877672683363926,11.62988,2.0440454,2095
29308,r2i1p1f1,2095,03,30,0.0,19.831062,1.6176752,2095
29309,r2i1p1f1,2095,03,31,0.0,19.890387,2.1466513,2095
29310,r2i1p1f1,2095,04,01,1.0404108063653439,16.570919,3.4869258,2095
29311,r2i1p1f1,2095,04,02,10.288664413315018,10.31824,2.9458728,2095
29312,r2i1p1f1,2095,04,03,9.41035759094575,7.0304756,-1.4006375,2095
29313,r2i1p1f1,2095,04,04,6.068200928973511,11.463135,0.30469328,2095
29314,r2i1p1f1,2095,04,05,0.46414229962579157,13.940286,4.8747745,2095
29315,r2i1p1f1,2095,04,06,0.0,18.778316,2.6573732,2095
29316,r2i1p1f1,2095,04,07,0.0,20.61784,4.1107316,2095
29317,r2i1p1f1,2095,04,08,0.0,21.914972,6.5313945,2095
29318,r2i1p1f1,2095,04,09,0.0,21.396378,6.734904,2095
29319,r2i1p1f1,2095,04,10,0.03033631533071457,16.810143,4.272341,2095
29320,r2i1p1f1,2095,04,11,5.214750060571305,8.270558,4.332542,2095
29321,r2i1p1f1,2095,04,12,0.9411704985325287,15.048303,3.0683737,2095
29322,r2i1p1f1,2095,04,13,0.0,19.44624,3.5087695,2095
29323,r2i1p1f1,2095,04,14,0.0,22.191961,6.6959677,2095
29324,r2i1p1f1,2095,04,15,0.0,26.581947,10.913716,2095
29325,r2i1p1f1,2095,04,16,0.0,27.96361,13.1333475,2095
29326,r2i1p1f1,2095,04,17,0.0,28.51339,13.394915,2095
29327,r2i1p1f1,2095,04,18,0.0,22.595613,7.2696786,2095
29328,r2i1p1f1,2095,04,19,0.0,17.140099,1.9475255,2095
29329,r2i1p1f1,2095,04,20,0.0,17.190203,1.3467687,2095
29330,r2i1p1f1,2095,04,21,0.0,20.054789,4.063486,2095
29331,r2i1p1f1,2095,04,22,0.0,21.226097,4.794818,2095
29332,r2i1p1f1,2095,04,23,0.5399660106988335,20.31576,4.6336007,2095
29333,r2i1p1f1,2095,04,24,4.778421398546584,20.422733,5.553317,2095
29334,r2i1p1f1,2095,04,25,4.784087473950649,19.046926,4.213966,2095
29335,r2i1p1f1,2095,04,26,6.649151841907042,13.211053,4.7833133,2095
29336,r2i1p1f1,2095,04,27,10.967570122011239,11.979901,2.5036557,2095
29337,r2i1p1f1,2095,04,28,24.510153589562833,8.775279,0.50132036,2095
29338,r2i1p1f1,2095,04,29,0.0,13.435124,0.4762472,2095
29339,r2i1p1f1,2095,04,30,0.012788815433850687,13.712245,0.73591787,2095
29340,r2i1p1f1,2095,05,01,0.0,14.449261,2.0135794,2095
29341,r2i1p1f1,2095,05,02,0.0,19.401638,4.524012,2095
29342,r2i1p1f1,2095,05,03,0.0,20.655447,5.8766932,2095
29343,r2i1p1f1,2095,05,04,0.0,27.16163,10.83748,2095
29344,r2i1p1f1,2095,05,05,0.0,28.79382,12.907055,2095
29345,r2i1p1f1,2095,05,06,0.0,27.608175,8.685699,2095
29346,r2i1p1f1,2095,05,07,0.0,18.895906,2.9570525,2095
29347,r2i1p1f1,2095,05,08,0.12450911053747404,13.784727,3.7449374,2095
29348,r2i1p1f1,2095,05,09,0.0,17.361729,2.744523,2095
29349,r2i1p1f1,2095,05,10,0.0,20.759834,3.305843,2095
29350,r2i1p1f1,2095,05,11,0.0,21.346983,4.8737226,2095
29351,r2i1p1f1,2095,05,12,0.0,27.214668,11.153736,2095
29352,r2i1p1f1,2095,05,13,0.0,28.342909,11.828844,2095
29353,r2i1p1f1,2095,05,14,4.745812276496508e-05,26.752426,9.270141,2095
29354,r2i1p1f1,2095,05,15,0.0,22.55349,7.1516824,2095
29355,r2i1p1f1,2095,05,16,0.0,16.86003,4.3945904,2095
29356,r2i1p1f1,2095,05,17,0.0,18.05907,3.4475546,2095
29357,r2i1p1f1,2095,05,18,0.0,22.95129,6.089896,2095
29358,r2i1p1f1,2095,05,19,0.0,23.554434,7.9078555,2095
29359,r2i1p1f1,2095,05,20,4.16978202035807,20.233704,5.77989,2095
29360,r2i1p1f1,2095,05,21,1.666595227711909,21.179504,8.447961,2095
29361,r2i1p1f1,2095,05,22,0.4787254665643559,22.257605,6.7790227,2095
29362,r2i1p1f1,2095,05,23,0.03461341798356443,23.315104,7.115753,2095
29363,r2i1p1f1,2095,05,24,0.0017628167597649735,25.734877,9.440337,2095
29364,r2i1p1f1,2095,05,25,0.0,27.155262,9.939699,2095
29365,r2i1p1f1,2095,05,26,0.0,29.437605,12.400834,2095
29366,r2i1p1f1,2095,05,27,0.0,29.893942,13.880171,2095
29367,r2i1p1f1,2095,05,28,0.0,31.076908,14.54953,2095
29368,r2i1p1f1,2095,05,29,0.0,30.792915,13.344018,2095
29369,r2i1p1f1,2095,05,30,0.0,30.8735,14.881178,2095
29370,r2i1p1f1,2095,05,31,0.0,33.707493,16.841318,2095
29371,r2i1p1f1,2095,06,01,0.0,39.46074,21.05552,2095
29372,r2i1p1f1,2095,06,02,0.05559270484809531,38.067474,19.346605,2095
29373,r2i1p1f1,2095,06,03,0.5645235990414221,33.886826,15.152401,2095
29374,r2i1p1f1,2095,06,04,1.002523057286453,29.581743,12.886444,2095
29375,r2i1p1f1,2095,06,05,0.1886718373128815,24.129951,10.874912,2095
29376,r2i1p1f1,2095,06,06,0.0,32.42934,16.548105,2095
29377,r2i1p1f1,2095,06,07,3.6259129967106674,28.632973,9.582252,2095
29378,r2i1p1f1,2095,06,08,7.8703954648460694,22.208046,6.886045,2095
29379,r2i1p1f1,2095,06,09,9.657883697479974,19.379112,6.1159563,2095
29380,r2i1p1f1,2095,06,10,0.0,25.434034,11.295845,2095
29381,r2i1p1f1,2095,06,11,0.0,28.449856,10.777922,2095
29382,r2i1p1f1,2095,06,12,0.0,28.995731,10.625313,2095
29383,r2i1p1f1,2095,06,13,0.0,28.35834,11.340914,2095
29384,r2i1p1f1,2095,06,14,0.0,28.296976,11.72188,2095
29385,r2i1p1f1,2095,06,15,0.0,30.087776,13.325715,2095
29386,r2i1p1f1,2095,06,16,0.0,33.418743,16.005337,2095
29387,r2i1p1f1,2095,06,17,0.0,35.112595,15.734983,2095
29388,r2i1p1f1,2095,06,18,0.00675068331474904,35.833725,16.44764,2095
29389,r2i1p1f1,2095,06,19,0.199123868173956,31.777222,13.011173,2095
29390,r2i1p1f1,2095,06,20,0.0,31.16993,14.424572,2095
29391,r2i1p1f1,2095,06,21,0.0,33.575363,16.095564,2095
29392,r2i1p1f1,2095,06,22,0.14793510317758773,32.957123,14.215016,2095
29393,r2i1p1f1,2095,06,23,0.06638005979766604,30.192879,12.534488,2095
29394,r2i1p1f1,2095,06,24,0.0031056769785209326,36.206223,20.358465,2095
29395,r2i1p1f1,2095,06,25,0.0,40.421257,23.286709,2095
29396,r2i1p1f1,2095,06,26,0.07655726178654731,40.102634,23.829693,2095
29397,r2i1p1f1,2095,06,27,9.58613957087664,35.222862,16.226013,2095
29398,r2i1p1f1,2095,06,28,0.0,37.475178,20.737684,2095
29399,r2i1p1f1,2095,06,29,0.0,40.59404,25.072388,2095
29400,r2i1p1f1,2095,06,30,0.0,42.420216,25.966652,2095
29401,r2i1p1f1,2095,07,01,0.0,42.742138,25.20565,2095
29402,r2i1p1f1,2095,07,02,0.0,42.073994,24.435688,2095
29403,r2i1p1f1,2095,07,03,0.0,38.994286,19.029903,2095
29404,r2i1p1f1,2095,07,04,0.0,37.1381,16.672153,2095
29405,r2i1p1f1,2095,07,05,0.0,36.777897,17.05936,2095
29406,r2i1p1f1,2095,07,06,0.0,37.00838,17.012226,2095
29407,r2i1p1f1,2095,07,07,0.0,36.167217,15.552639,2095
29408,r2i1p1f1,2095,07,08,0.0,34.0999,13.807044,2095
29409,r2i1p1f1,2095,07,09,0.0,35.675232,17.805008,2095
29410,r2i1p1f1,2095,07,10,0.0,36.701447,22.304413,2095
29411,r2i1p1f1,2095,07,11,0.0,38.037846,19.99369,2095
29412,r2i1p1f1,2095,07,12,0.7086514730417548,38.731644,18.850393,2095
29413,r2i1p1f1,2095,07,13,0.0,35.23837,18.126972,2095
29414,r2i1p1f1,2095,07,14,0.0,35.906414,18.792189,2095
29415,r2i1p1f1,2095,07,15,0.0,37.20814,19.486769,2095
29416,r2i1p1f1,2095,07,16,0.0,37.231045,17.349466,2095
29417,r2i1p1f1,2095,07,17,0.0,36.269974,18.660942,2095
29418,r2i1p1f1,2095,07,18,0.0,36.56508,19.111462,2095
29419,r2i1p1f1,2095,07,19,0.0,36.86256,19.518223,2095
29420,r2i1p1f1,2095,07,20,0.0,37.170853,17.870874,2095
29421,r2i1p1f1,2095,07,21,0.0,38.2123,18.29212,2095
29422,r2i1p1f1,2095,07,22,0.029629133859998547,39.545994,19.23443,2095
29423,r2i1p1f1,2095,07,23,0.0,34.801662,16.172325,2095
29424,r2i1p1f1,2095,07,24,0.0,39.24955,21.388914,2095
29425,r2i1p1f1,2095,07,25,0.0,40.53588,22.24861,2095
29426,r2i1p1f1,2095,07,26,0.0,40.41526,19.806112,2095
29427,r2i1p1f1,2095,07,27,0.0,38.041683,20.77386,2095
29428,r2i1p1f1,2095,07,28,0.0,37.74092,19.590569,2095
29429,r2i1p1f1,2095,07,29,0.0,38.01349,18.822163,2095
29430,r2i1p1f1,2095,07,30,0.0,37.1108,17.254005,2095
29431,r2i1p1f1,2095,07,31,0.0,34.90571,14.704639,2095
29432,r2i1p1f1,2095,08,01,0.0,30.655722,11.809653,2095
29433,r2i1p1f1,2095,08,02,0.0,32.791916,13.770695,2095
29434,r2i1p1f1,2095,08,03,0.0,34.31518,15.406416,2095
29435,r2i1p1f1,2095,08,04,0.0,35.90598,17.873695,2095
29436,r2i1p1f1,2095,08,05,0.0,37.101833,19.45605,2095
29437,r2i1p1f1,2095,08,06,0.0,35.297153,13.682258,2095
29438,r2i1p1f1,2095,08,07,0.0,31.98046,11.69087,2095
29439,r2i1p1f1,2095,08,08,0.0,32.16803,12.368534,2095
29440,r2i1p1f1,2095,08,09,0.0,32.643448,11.787113,2095
29441,r2i1p1f1,2095,08,10,0.0,32.556572,11.765972,2095
29442,r2i1p1f1,2095,08,11,0.0,31.759542,13.496401,2095
29443,r2i1p1f1,2095,08,12,0.0,32.67647,13.416317,2095
29444,r2i1p1f1,2095,08,13,0.0,31.391832,13.904103,2095
29445,r2i1p1f1,2095,08,14,0.0,34.27996,15.8340435,2095
29446,r2i1p1f1,2095,08,15,0.0,34.24919,14.204358,2095
29447,r2i1p1f1,2095,08,16,0.0,35.90326,19.502384,2095
29448,r2i1p1f1,2095,08,17,0.0,38.04883,18.610836,2095
29449,r2i1p1f1,2095,08,18,0.0,38.89757,19.834112,2095
29450,r2i1p1f1,2095,08,19,0.0,38.191162,19.505548,2095
29451,r2i1p1f1,2095,08,20,0.0,38.022747,19.167831,2095
29452,r2i1p1f1,2095,08,21,0.0,37.032524,16.914526,2095
29453,r2i1p1f1,2095,08,22,0.0,36.12462,16.647491,2095
29454,r2i1p1f1,2095,08,23,0.0,36.66598,18.231174,2095
29455,r2i1p1f1,2095,08,24,0.0,37.256207,19.839094,2095
29456,r2i1p1f1,2095,08,25,0.0,37.419975,20.189947,2095
29457,r2i1p1f1,2095,08,26,0.0,37.84649,19.977633,2095
29458,r2i1p1f1,2095,08,27,0.0,38.830967,19.793877,2095
29459,r2i1p1f1,2095,08,28,1.2880470846624803,37.31241,20.769968,2095
29460,r2i1p1f1,2095,08,29,0.0,36.306194,19.20847,2095
29461,r2i1p1f1,2095,08,30,0.0,37.21951,18.32234,2095
29462,r2i1p1f1,2095,08,31,0.0,37.466904,17.728594,2095
29463,r2i1p1f1,2095,09,01,0.0,37.032883,19.886806,2095
29464,r2i1p1f1,2095,09,02,0.0,38.87245,21.535027,2095
29465,r2i1p1f1,2095,09,03,0.0,39.388775,20.331884,2095
29466,r2i1p1f1,2095,09,04,0.0,38.26091,18.736519,2095
29467,r2i1p1f1,2095,09,05,0.0,35.999104,17.798798,2095
29468,r2i1p1f1,2095,09,06,0.0,35.065826,16.990614,2095
29469,r2i1p1f1,2095,09,07,0.0,34.703053,16.374397,2095
29470,r2i1p1f1,2095,09,08,0.0,34.255444,16.252464,2095
29471,r2i1p1f1,2095,09,09,0.0,33.453835,14.31274,2095
29472,r2i1p1f1,2095,09,10,0.0,32.984913,14.374363,2095
29473,r2i1p1f1,2095,09,11,0.0,34.43779,16.586897,2095
29474,r2i1p1f1,2095,09,12,0.0,35.078648,15.868805,2095
29475,r2i1p1f1,2095,09,13,0.0,33.53058,15.033992,2095
29476,r2i1p1f1,2095,09,14,0.0,32.74449,15.343946,2095
29477,r2i1p1f1,2095,09,15,0.0,33.17633,14.383268,2095
29478,r2i1p1f1,2095,09,16,0.0,30.680855,12.941516,2095
29479,r2i1p1f1,2095,09,17,0.0,29.553276,11.523545,2095
29480,r2i1p1f1,2095,09,18,0.0,28.768852,11.338088,2095
29481,r2i1p1f1,2095,09,19,0.0,30.406572,13.334622,2095
29482,r2i1p1f1,2095,09,20,0.0,31.94526,13.481195,2095
29483,r2i1p1f1,2095,09,21,0.0,32.383076,12.864216,2095
29484,r2i1p1f1,2095,09,22,0.0,31.994368,14.15577,2095
29485,r2i1p1f1,2095,09,23,0.11949194657745466,32.054214,14.199047,2095
29486,r2i1p1f1,2095,09,24,0.0,31.976095,14.386478,2095
29487,r2i1p1f1,2095,09,25,0.10523346227273578,30.606737,14.094128,2095
29488,r2i1p1f1,2095,09,26,0.0,34.33759,17.51937,2095
29489,r2i1p1f1,2095,09,27,0.0,34.387207,16.306658,2095
29490,r2i1p1f1,2095,09,28,0.0,35.69692,17.994595,2095
29491,r2i1p1f1,2095,09,29,0.019919372425647452,30.33882,14.674918,2095
29492,r2i1p1f1,2095,09,30,0.0,29.900642,13.39713,2095
29493,r2i1p1f1,2095,10,01,0.0,30.407187,14.29165,2095
29494,r2i1p1f1,2095,10,02,0.0,31.04027,15.466178,2095
29495,r2i1p1f1,2095,10,03,0.0,31.524483,16.048609,2095
29496,r2i1p1f1,2095,10,04,0.0,33.248383,17.125385,2095
29497,r2i1p1f1,2095,10,05,0.0,35.054424,17.900177,2095
29498,r2i1p1f1,2095,10,06,0.0,36.023273,19.188755,2095
29499,r2i1p1f1,2095,10,07,0.0,36.57397,20.265457,2095
29500,r2i1p1f1,2095,10,08,0.0,36.046005,18.735573,2095
29501,r2i1p1f1,2095,10,09,0.0,34.478718,17.082445,2095
29502,r2i1p1f1,2095,10,10,0.0,34.598686,18.00204,2095
29503,r2i1p1f1,2095,10,11,0.0,34.87663,16.786171,2095
29504,r2i1p1f1,2095,10,12,0.0,32.88951,15.322859,2095
29505,r2i1p1f1,2095,10,13,0.0,28.731514,13.334732,2095
29506,r2i1p1f1,2095,10,14,0.0,33.870068,16.744251,2095
29507,r2i1p1f1,2095,10,15,0.0,32.915092,17.271599,2095
29508,r2i1p1f1,2095,10,16,0.0,30.301365,12.647167,2095
29509,r2i1p1f1,2095,10,17,0.0,25.546011,9.700996,2095
29510,r2i1p1f1,2095,10,18,0.0,29.260233,13.000941,2095
29511,r2i1p1f1,2095,10,19,0.0,31.200918,16.075583,2095
29512,r2i1p1f1,2095,10,20,0.0,32.304527,15.931606,2095
29513,r2i1p1f1,2095,10,21,0.0,31.306501,15.562964,2095
29514,r2i1p1f1,2095,10,22,0.0,31.4566,15.923294,2095
29515,r2i1p1f1,2095,10,23,0.0,30.715641,14.858793,2095
29516,r2i1p1f1,2095,10,24,0.0,30.867676,15.307668,2095
29517,r2i1p1f1,2095,10,25,0.3664869363547041,30.901333,16.345438,2095
29518,r2i1p1f1,2095,10,26,0.0,29.813528,16.582846,2095
29519,r2i1p1f1,2095,10,27,0.0,28.38217,13.396192,2095
29520,r2i1p1f1,2095,10,28,0.01049705051627825,26.869019,10.66544,2095
29521,r2i1p1f1,2095,10,29,4.360867827469406,20.890638,9.271103,2095
29522,r2i1p1f1,2095,10,30,0.0,19.63968,8.162365,2095
29523,r2i1p1f1,2095,10,31,0.0,20.317095,5.917791,2095
29524,r2i1p1f1,2095,11,01,0.0,19.295874,5.5224733,2095
29525,r2i1p1f1,2095,11,02,0.172278018575156,22.653923,8.909679,2095
29526,r2i1p1f1,2095,11,03,0.18805420367264958,16.346645,4.4445324,2095
29527,r2i1p1f1,2095,11,04,0.0,13.54855,0.6054344,2095
29528,r2i1p1f1,2095,11,05,17.126499035657616,12.545631,8.190327,2095
29529,r2i1p1f1,2095,11,06,0.0,13.226899,1.2700297,2095
29530,r2i1p1f1,2095,11,07,0.0,16.103127,1.4733521,2095
29531,r2i1p1f1,2095,11,08,0.0,16.904171,3.258456,2095
29532,r2i1p1f1,2095,11,09,0.8860191418307295,12.512714,6.372053,2095
29533,r2i1p1f1,2095,11,10,0.0,15.180202,2.1779525,2095
29534,r2i1p1f1,2095,11,11,0.0,19.794827,5.523885,2095
29535,r2i1p1f1,2095,11,12,0.0,21.619059,7.7692738,2095
29536,r2i1p1f1,2095,11,13,0.0,21.574467,7.455912,2095
29537,r2i1p1f1,2095,11,14,3.907826435897732,17.708012,3.6459427,2095
29538,r2i1p1f1,2095,11,15,0.5205377295453673,16.048986,5.7139955,2095
29539,r2i1p1f1,2095,11,16,0.01763952167266325,16.58909,4.8790073,2095
29540,r2i1p1f1,2095,11,17,20.78266340176924,15.409389,4.950553,2095
29541,r2i1p1f1,2095,11,18,33.55274476471095,12.452833,6.5126753,2095
29542,r2i1p1f1,2095,11,19,6.179184823969308,11.367952,2.997353,2095
29543,r2i1p1f1,2095,11,20,0.04987984602848883,12.678822,-0.75671804,2095
29544,r2i1p1f1,2095,11,21,1.791088000976515,13.036607,4.0642805,2095
29545,r2i1p1f1,2095,11,22,0.7831943777375727,14.919229,3.7645366,2095
29546,r2i1p1f1,2095,11,23,0.16100927291802236,14.334832,5.3150578,2095
29547,r2i1p1f1,2095,11,24,12.668188747193199,14.614578,5.7373786,2095
29548,r2i1p1f1,2095,11,25,49.995772561305785,13.013228,4.919471,2095
29549,r2i1p1f1,2095,11,26,1.52974366133094,11.097929,0.46990305,2095
29550,r2i1p1f1,2095,11,27,19.158935014183953,8.526485,2.7342923,2095
29551,r2i1p1f1,2095,11,28,0.0,8.435098,-1.6087433,2095
29552,r2i1p1f1,2095,11,29,0.0,12.6215515,1.0630965,2095
29553,r2i1p1f1,2095,11,30,0.0,12.401985,1.9498024,2095
29554,r2i1p1f1,2095,12,01,0.2718622575741847,13.992364,3.1281672,2095
29555,r2i1p1f1,2095,12,02,10.493541419145913,12.624467,5.145953,2095
29556,r2i1p1f1,2095,12,03,39.3805563893693,10.869518,-0.36883995,2095
29557,r2i1p1f1,2095,12,04,4.025475895122099,6.5541825,-1.4344598,2095
29558,r2i1p1f1,2095,12,05,0.03251969902748897,9.482354,-0.45464993,2095
29559,r2i1p1f1,2095,12,06,8.576580483565976,9.200409,3.0774472,2095
29560,r2i1p1f1,2095,12,07,10.817920676527137,9.649109,4.182254,2095
29561,r2i1p1f1,2095,12,08,64.03500210071797,10.855359,5.727173,2095
29562,r2i1p1f1,2095,12,09,29.06024678813992,12.94683,7.5752497,2095
29563,r2i1p1f1,2095,12,10,0.0,13.119182,1.8786049,2095
29564,r2i1p1f1,2095,12,11,0.0,14.002239,1.7678095,2095
29565,r2i1p1f1,2095,12,12,0.0,13.946418,2.1924875,2095
29566,r2i1p1f1,2095,12,13,0.16657286147960804,13.074751,4.4958396,2095
29567,r2i1p1f1,2095,12,14,0.0,14.177288,3.9445758,2095
29568,r2i1p1f1,2095,12,15,0.0,14.728051,3.6509182,2095
29569,r2i1p1f1,2095,12,16,0.0,15.859838,4.1389,2095
29570,r2i1p1f1,2095,12,17,0.0,14.940702,3.0100358,2095
29571,r2i1p1f1,2095,12,18,0.0,10.341107,0.36830935,2095
29572,r2i1p1f1,2095,12,19,0.0,12.790572,0.6029875,2095
29573,r2i1p1f1,2095,12,20,0.0,14.242103,2.914647,2095
29574,r2i1p1f1,2095,12,21,0.0,14.263375,3.408963,2095
29575,r2i1p1f1,2095,12,22,0.9888077280567842,14.591393,2.3522246,2095
29576,r2i1p1f1,2095,12,23,27.671894350351067,12.758669,9.187397,2095
29577,r2i1p1f1,2095,12,24,4.82364769879382,12.155048,5.251379,2095
29578,r2i1p1f1,2095,12,25,0.0,9.9172325,2.898169,2095
29579,r2i1p1f1,2095,12,26,0.0,10.779835,-2.4044166,2095
29580,r2i1p1f1,2095,12,27,12.597284270304954,9.902331,0.31050247,2095
29581,r2i1p1f1,2095,12,28,21.04494972154498,8.577487,4.2979283,2095
29582,r2i1p1f1,2095,12,29,5.091615371446778,12.796099,3.216399,2095
29583,r2i1p1f1,2095,12,30,4.400921441936134,12.669167,2.2662115,2095
29584,r2i1p1f1,2095,12,31,5.186174749110251,9.206883,-0.5270244,2095
29585,r2i1p1f1,2096,01,01,19.225159224333765,10.055586,1.4273989,2096
29586,r2i1p1f1,2096,01,02,0.0,12.1529045,2.5201352,2096
29587,r2i1p1f1,2096,01,03,0.0,11.79826,2.3863158,2096
29588,r2i1p1f1,2096,01,04,0.0,14.732202,1.5345865,2096
29589,r2i1p1f1,2096,01,05,0.0,14.569157,2.6447864,2096
29590,r2i1p1f1,2096,01,06,0.0,15.193832,2.9449475,2096
29591,r2i1p1f1,2096,01,07,15.32485115203599,9.912159,4.5570064,2096
29592,r2i1p1f1,2096,01,08,0.0,12.052824,4.175646,2096
29593,r2i1p1f1,2096,01,09,0.0,13.37558,2.0882127,2096
29594,r2i1p1f1,2096,01,10,0.0,16.599953,2.419917,2096
29595,r2i1p1f1,2096,01,11,0.0,16.131287,4.626784,2096
29596,r2i1p1f1,2096,01,12,0.0,13.124406,3.2859285,2096
29597,r2i1p1f1,2096,01,13,0.0,12.441337,0.73750865,2096
29598,r2i1p1f1,2096,01,14,0.0,13.560769,1.0739515,2096
29599,r2i1p1f1,2096,01,15,1.2145313757628173,13.915447,4.459385,2096
29600,r2i1p1f1,2096,01,16,10.997253243840532,10.997891,5.3020334,2096
29601,r2i1p1f1,2096,01,17,0.06952710726295663,10.765139,1.1428127,2096
29602,r2i1p1f1,2096,01,18,6.6251908235472,10.28568,-0.28140932,2096
29603,r2i1p1f1,2096,01,19,3.3108608293758834,6.9526343,-0.28943574,2096
29604,r2i1p1f1,2096,01,20,0.0,7.0654507,-1.2311683,2096
29605,r2i1p1f1,2096,01,21,0.0,10.071274,-3.0824556,2096
29606,r2i1p1f1,2096,01,22,0.0,11.201508,-1.0236752,2096
29607,r2i1p1f1,2096,01,23,0.0,10.609756,0.8653545,2096
29608,r2i1p1f1,2096,01,24,0.0,11.356209,0.41916084,2096
29609,r2i1p1f1,2096,01,25,0.0,10.210216,0.22766526,2096
29610,r2i1p1f1,2096,01,26,0.0,12.711656,0.6769698,2096
29611,r2i1p1f1,2096,01,27,0.0,13.010759,1.2399205,2096
29612,r2i1p1f1,2096,01,28,8.123674880130238,11.330382,5.116214,2096
29613,r2i1p1f1,2096,01,29,0.0,12.974156,1.5480918,2096
29614,r2i1p1f1,2096,01,30,5.482724812054585,12.91856,1.3797938,2096
29615,r2i1p1f1,2096,01,31,10.267642662174126,8.407196,-1.295186,2096
29616,r2i1p1f1,2096,02,01,0.0,9.964493,2.2523553,2096
29617,r2i1p1f1,2096,02,02,0.0,14.601617,2.000698,2096
29618,r2i1p1f1,2096,02,03,0.0,19.327818,5.3510494,2096
29619,r2i1p1f1,2096,02,04,0.0,20.604364,7.1011605,2096
29620,r2i1p1f1,2096,02,05,0.0,19.9524,7.738184,2096
29621,r2i1p1f1,2096,02,06,0.0,20.220839,6.657719,2096
29622,r2i1p1f1,2096,02,07,0.0,19.623487,6.8225455,2096
29623,r2i1p1f1,2096,02,08,0.0,19.438974,6.2812357,2096
29624,r2i1p1f1,2096,02,09,0.2676185856216762,17.867573,5.0557785,2096
29625,r2i1p1f1,2096,02,10,0.17770357096651423,13.782624,6.457883,2096
29626,r2i1p1f1,2096,02,11,30.23774478242558,12.97266,7.1960516,2096
29627,r2i1p1f1,2096,02,12,28.806499472193536,10.40493,-1.4571122,2096
29628,r2i1p1f1,2096,02,13,1.4939901691406021,9.211764,-0.75613123,2096
29629,r2i1p1f1,2096,02,14,0.04973056633161832,9.381958,0.5719187,2096
29630,r2i1p1f1,2096,02,15,11.074917504765835,7.713794,0.36783022,2096
29631,r2i1p1f1,2096,02,16,49.91578233166365,9.949181,1.4034115,2096
29632,r2i1p1f1,2096,02,17,10.114360170518921,15.849731,5.4174557,2096
29633,r2i1p1f1,2096,02,18,0.0,19.557745,5.676927,2096
29634,r2i1p1f1,2096,02,19,0.0,21.404179,6.9187927,2096
29635,r2i1p1f1,2096,02,20,0.0,21.549385,7.566982,2096
29636,r2i1p1f1,2096,02,21,0.0,20.768951,7.2690353,2096
29637,r2i1p1f1,2096,02,22,0.0,20.616028,6.726125,2096
29638,r2i1p1f1,2096,02,23,0.0,19.990852,5.8052063,2096
29639,r2i1p1f1,2096,02,24,0.010352234755828249,14.20792,5.0481634,2096
29640,r2i1p1f1,2096,02,25,1.1135655604022077,13.494637,5.0895987,2096
29641,r2i1p1f1,2096,02,26,28.601303980030934,13.756685,4.312851,2096
29642,r2i1p1f1,2096,02,27,12.26241776612369,14.070684,6.3348923,2096
29643,r2i1p1f1,2096,02,28,0.021662875064976106,16.888805,3.5837736,2096
29644,r2i1p1f1,2096,02,29,3.0437257519679406,17.094984,4.1072497,2096
29645,r2i1p1f1,2096,03,01,9.665950701901238,15.981981,2.019733,2096
29646,r2i1p1f1,2096,03,02,21.73765939551231,13.805401,7.471381,2096
29647,r2i1p1f1,2096,03,03,10.478357190777388,10.233991,4.4307194,2096
29648,r2i1p1f1,2096,03,04,4.711103021233498,10.649779,3.9500895,2096
29649,r2i1p1f1,2096,03,05,7.472370015318575,10.210076,3.5174894,2096
29650,r2i1p1f1,2096,03,06,0.0,15.839223,-0.1834491,2096
29651,r2i1p1f1,2096,03,07,0.0,16.602682,3.9144309,2096
29652,r2i1p1f1,2096,03,08,0.0,18.96003,2.9738514,2096
29653,r2i1p1f1,2096,03,09,0.0,20.513287,4.7576814,2096
29654,r2i1p1f1,2096,03,10,0.0,21.661715,6.936702,2096
29655,r2i1p1f1,2096,03,11,0.0,21.388037,7.925572,2096
29656,r2i1p1f1,2096,03,12,0.0,21.16124,8.092133,2096
29657,r2i1p1f1,2096,03,13,0.0,22.702497,8.929539,2096
29658,r2i1p1f1,2096,03,14,0.0,25.500877,10.54916,2096
29659,r2i1p1f1,2096,03,15,0.11081462153015309,26.313332,10.696559,2096
29660,r2i1p1f1,2096,03,16,0.13952136534953752,21.986668,9.813027,2096
29661,r2i1p1f1,2096,03,17,0.0,18.467745,4.766251,2096
29662,r2i1p1f1,2096,03,18,0.0,19.180283,4.155199,2096
29663,r2i1p1f1,2096,03,19,0.0,22.653328,7.439488,2096
29664,r2i1p1f1,2096,03,20,0.0,24.849192,9.598895,2096
29665,r2i1p1f1,2096,03,21,0.0,26.512003,11.195472,2096
29666,r2i1p1f1,2096,03,22,0.0,26.809752,13.218891,2096
29667,r2i1p1f1,2096,03,23,0.0,27.664478,12.481816,2096
29668,r2i1p1f1,2096,03,24,0.0,26.855042,11.844253,2096
29669,r2i1p1f1,2096,03,25,0.0,27.360296,11.487227,2096
29670,r2i1p1f1,2096,03,26,0.0,26.960331,11.517574,2096
29671,r2i1p1f1,2096,03,27,0.0,24.420753,8.401282,2096
29672,r2i1p1f1,2096,03,28,0.0,23.291878,5.926417,2096
29673,r2i1p1f1,2096,03,29,0.0,23.871223,7.2455106,2096
29674,r2i1p1f1,2096,03,30,1.4491699613927267,20.319822,7.48189,2096
29675,r2i1p1f1,2096,03,31,0.0,21.655594,6.2035656,2096
29676,r2i1p1f1,2096,04,01,0.0,22.422537,7.0617285,2096
29677,r2i1p1f1,2096,04,02,0.0,25.839705,8.803882,2096
29678,r2i1p1f1,2096,04,03,0.0,26.12116,8.468797,2096
29679,r2i1p1f1,2096,04,04,0.0,25.104166,7.7930965,2096
29680,r2i1p1f1,2096,04,05,0.0,27.028683,10.643971,2096
29681,r2i1p1f1,2096,04,06,0.0,29.143633,14.177439,2096
29682,r2i1p1f1,2096,04,07,0.0,31.350298,12.744368,2096
29683,r2i1p1f1,2096,04,08,0.0,31.785227,15.803955,2096
29684,r2i1p1f1,2096,04,09,0.0,31.297218,14.64262,2096
29685,r2i1p1f1,2096,04,10,0.0,30.436611,11.973247,2096
29686,r2i1p1f1,2096,04,11,0.0,29.407003,10.539204,2096
29687,r2i1p1f1,2096,04,12,13.280239751793488,21.331232,6.5462794,2096
29688,r2i1p1f1,2096,04,13,0.0,17.606606,2.3250253,2096
29689,r2i1p1f1,2096,04,14,0.0,18.474388,3.6619763,2096
29690,r2i1p1f1,2096,04,15,27.978662137502397,16.36499,2.599743,2096
29691,r2i1p1f1,2096,04,16,0.0,12.799299,-0.73378235,2096
29692,r2i1p1f1,2096,04,17,0.0,15.509907,-1.1796954,2096
29693,r2i1p1f1,2096,04,18,0.0,17.327793,2.8940494,2096
29694,r2i1p1f1,2096,04,19,0.8167449859215026,16.45409,3.7672167,2096
29695,r2i1p1f1,2096,04,20,0.5263266186830151,16.611984,4.0878425,2096
29696,r2i1p1f1,2096,04,21,0.0,20.502512,4.054052,2096
29697,r2i1p1f1,2096,04,22,0.0,24.992102,8.595303,2096
29698,r2i1p1f1,2096,04,23,0.0,29.562065,13.4638815,2096
29699,r2i1p1f1,2096,04,24,0.0,28.29406,9.670933,2096
29700,r2i1p1f1,2096,04,25,10.575358169990068,16.311728,3.4709601,2096
29701,r2i1p1f1,2096,04,26,6.380108223333991,12.175551,2.9996545,2096
29702,r2i1p1f1,2096,04,27,0.40427609846460655,13.98217,0.9768208,2096
29703,r2i1p1f1,2096,04,28,0.0,20.05641,3.0801816,2096
29704,r2i1p1f1,2096,04,29,0.0,24.451384,7.5125265,2096
29705,r2i1p1f1,2096,04,30,0.0,28.649937,11.744854,2096
29706,r2i1p1f1,2096,05,01,0.0,31.180603,13.000734,2096
29707,r2i1p1f1,2096,05,02,0.0,31.511343,14.771915,2096
29708,r2i1p1f1,2096,05,03,0.0,31.639566,14.901201,2096
29709,r2i1p1f1,2096,05,04,8.584590433133599,22.197348,5.7230644,2096
29710,r2i1p1f1,2096,05,05,0.0,20.787281,5.2678113,2096
29711,r2i1p1f1,2096,05,06,0.0,22.875525,7.5632443,2096
29712,r2i1p1f1,2096,05,07,0.0,23.79089,6.060603,2096
29713,r2i1p1f1,2096,05,08,0.22749635645595845,20.965696,3.2925324,2096
29714,r2i1p1f1,2096,05,09,0.0,19.882126,4.8529444,2096
29715,r2i1p1f1,2096,05,10,0.06733562158842687,24.742302,8.692284,2096
29716,r2i1p1f1,2096,05,11,3.7358181266142765,22.654804,6.582964,2096
29717,r2i1p1f1,2096,05,12,1.3025278231907578,25.065691,8.863127,2096
29718,r2i1p1f1,2096,05,13,1.3039387991284457,22.557575,6.0936756,2096
29719,r2i1p1f1,2096,05,14,1.2602320820860768,25.207916,9.359369,2096
29720,r2i1p1f1,2096,05,15,0.0,31.947653,15.954319,2096
29721,r2i1p1f1,2096,05,16,0.0,31.540205,14.785023,2096
29722,r2i1p1f1,2096,05,17,0.0,31.069702,14.882854,2096
29723,r2i1p1f1,2096,05,18,0.0,32.618626,15.933665,2096
29724,r2i1p1f1,2096,05,19,0.0,35.029575,17.819798,2096
29725,r2i1p1f1,2096,05,20,0.0,35.610348,17.273924,2096
29726,r2i1p1f1,2096,05,21,0.0,31.223978,12.944044,2096
29727,r2i1p1f1,2096,05,22,0.0,29.0973,11.1164875,2096
29728,r2i1p1f1,2096,05,23,0.0,29.686663,12.861132,2096
29729,r2i1p1f1,2096,05,24,0.0,32.013077,14.156643,2096
29730,r2i1p1f1,2096,05,25,0.0,33.014297,14.859048,2096
29731,r2i1p1f1,2096,05,26,0.0,33.186367,15.183657,2096
29732,r2i1p1f1,2096,05,27,0.0,31.084324,13.533902,2096
29733,r2i1p1f1,2096,05,28,0.0,32.085808,16.095335,2096
29734,r2i1p1f1,2096,05,29,0.0,33.30401,16.630644,2096
29735,r2i1p1f1,2096,05,30,0.0,33.91401,17.54824,2096
29736,r2i1p1f1,2096,05,31,0.0,33.880962,14.737841,2096
29737,r2i1p1f1,2096,06,01,0.0,28.421186,8.63659,2096
29738,r2i1p1f1,2096,06,02,2.3897395900348783,18.150757,1.9674255,2096
29739,r2i1p1f1,2096,06,03,0.18252700621133044,16.886816,5.4016414,2096
29740,r2i1p1f1,2096,06,04,0.0,21.316023,4.494631,2096
29741,r2i1p1f1,2096,06,05,0.0,25.266026,7.0965366,2096
29742,r2i1p1f1,2096,06,06,0.0,25.285763,8.207509,2096
29743,r2i1p1f1,2096,06,07,0.0,24.932997,7.9778857,2096
29744,r2i1p1f1,2096,06,08,0.0,27.568504,11.307299,2096
29745,r2i1p1f1,2096,06,09,0.0,30.459883,13.2935,2096
29746,r2i1p1f1,2096,06,10,0.0,31.018415,10.787479,2096
29747,r2i1p1f1,2096,06,11,0.0,27.667732,10.788695,2096
29748,r2i1p1f1,2096,06,12,0.0,28.363083,10.830217,2096
29749,r2i1p1f1,2096,06,13,0.0,28.875166,12.106438,2096
29750,r2i1p1f1,2096,06,14,0.0,30.038265,12.7912445,2096
29751,r2i1p1f1,2096,06,15,0.0,30.853647,14.000486,2096
29752,r2i1p1f1,2096,06,16,0.0,30.567326,12.859126,2096
29753,r2i1p1f1,2096,06,17,0.0,29.898268,11.760342,2096
29754,r2i1p1f1,2096,06,18,0.0,28.887077,9.160287,2096
29755,r2i1p1f1,2096,06,19,0.0,27.375101,9.38268,2096
29756,r2i1p1f1,2096,06,20,0.0,29.743822,10.373138,2096
29757,r2i1p1f1,2096,06,21,0.0,30.787685,13.6014,2096
29758,r2i1p1f1,2096,06,22,0.0,34.596085,16.499578,2096
29759,r2i1p1f1,2096,06,23,0.0,35.926,17.383602,2096
29760,r2i1p1f1,2096,06,24,0.0,38.17681,18.887905,2096
29761,r2i1p1f1,2096,06,25,0.0,39.318413,21.642862,2096
29762,r2i1p1f1,2096,06,26,0.0,40.181896,23.104637,2096
29763,r2i1p1f1,2096,06,27,0.0,39.77545,22.802769,2096
29764,r2i1p1f1,2096,06,28,0.0,39.761173,22.976658,2096
29765,r2i1p1f1,2096,06,29,0.0,38.837933,21.419823,2096
29766,r2i1p1f1,2096,06,30,0.0,38.511738,20.307108,2096
29767,r2i1p1f1,2096,07,01,0.0,39.249516,20.148006,2096
29768,r2i1p1f1,2096,07,02,0.0,39.96273,18.935108,2096
29769,r2i1p1f1,2096,07,03,0.0,35.331272,14.329127,2096
29770,r2i1p1f1,2096,07,04,0.0,33.118835,15.659777,2096
29771,r2i1p1f1,2096,07,05,0.0,34.673744,16.09051,2096
29772,r2i1p1f1,2096,07,06,0.0,35.90307,18.378736,2096
29773,r2i1p1f1,2096,07,07,0.0,35.367905,17.145409,2096
29774,r2i1p1f1,2096,07,08,0.0,33.740738,13.843967,2096
29775,r2i1p1f1,2096,07,09,0.0,31.777388,12.845446,2096
29776,r2i1p1f1,2096,07,10,0.0,34.93731,17.11484,2096
29777,r2i1p1f1,2096,07,11,0.0,36.549873,17.744493,2096
29778,r2i1p1f1,2096,07,12,0.0,37.33493,17.275188,2096
29779,r2i1p1f1,2096,07,13,0.0,37.851566,18.6421,2096
29780,r2i1p1f1,2096,07,14,0.0,38.458557,19.789986,2096
29781,r2i1p1f1,2096,07,15,0.0,38.731777,18.055931,2096
29782,r2i1p1f1,2096,07,16,0.0,37.999382,19.37426,2096
29783,r2i1p1f1,2096,07,17,0.0,37.963425,18.477268,2096
29784,r2i1p1f1,2096,07,18,0.0,38.33804,18.819328,2096
29785,r2i1p1f1,2096,07,19,0.0,38.762306,19.317238,2096
29786,r2i1p1f1,2096,07,20,0.0,38.977142,19.189688,2096
29787,r2i1p1f1,2096,07,21,0.0,39.34288,20.261555,2096
29788,r2i1p1f1,2096,07,22,0.0,38.336666,20.010649,2096
29789,r2i1p1f1,2096,07,23,0.0,38.119797,18.918295,2096
29790,r2i1p1f1,2096,07,24,0.0,38.62621,18.911537,2096
29791,r2i1p1f1,2096,07,25,0.0,39.65448,22.559576,2096
29792,r2i1p1f1,2096,07,26,0.0,41.512527,23.896122,2096
29793,r2i1p1f1,2096,07,27,0.0,41.958458,23.489368,2096
29794,r2i1p1f1,2096,07,28,0.0,43.651543,24.778248,2096
29795,r2i1p1f1,2096,07,29,0.0,43.81256,23.964886,2096
29796,r2i1p1f1,2096,07,30,0.0,44.55038,24.328194,2096
29797,r2i1p1f1,2096,07,31,0.0,44.318916,22.888195,2096
29798,r2i1p1f1,2096,08,01,0.0,41.754814,22.896873,2096
29799,r2i1p1f1,2096,08,02,0.0,40.099133,20.0399,2096
29800,r2i1p1f1,2096,08,03,0.0,40.21981,18.812311,2096
29801,r2i1p1f1,2096,08,04,0.0,39.35121,19.221525,2096
29802,r2i1p1f1,2096,08,05,0.0,40.039387,19.790335,2096
29803,r2i1p1f1,2096,08,06,0.0,40.01314,21.724953,2096
29804,r2i1p1f1,2096,08,07,0.0,39.26474,22.32084,2096
29805,r2i1p1f1,2096,08,08,0.0,40.370884,21.999924,2096
29806,r2i1p1f1,2096,08,09,0.0,39.268112,20.10386,2096
29807,r2i1p1f1,2096,08,10,0.0,37.99643,17.599894,2096
29808,r2i1p1f1,2096,08,11,0.0,33.99034,14.000259,2096
29809,r2i1p1f1,2096,08,12,0.0,33.10662,12.784825,2096
29810,r2i1p1f1,2096,08,13,0.0,33.4198,13.368339,2096
29811,r2i1p1f1,2096,08,14,0.0,33.710968,13.090532,2096
29812,r2i1p1f1,2096,08,15,0.0,32.17215,12.094624,2096
29813,r2i1p1f1,2096,08,16,0.0,29.161682,12.076143,2096
29814,r2i1p1f1,2096,08,17,0.0,28.204905,10.946577,2096
29815,r2i1p1f1,2096,08,18,0.0,29.23628,11.17436,2096
29816,r2i1p1f1,2096,08,19,0.0,29.046648,11.860648,2096
29817,r2i1p1f1,2096,08,20,0.0,29.615051,11.333385,2096
29818,r2i1p1f1,2096,08,21,0.0,28.630178,9.723511,2096
29819,r2i1p1f1,2096,08,22,0.0,26.556421,10.207162,2096
29820,r2i1p1f1,2096,08,23,0.0,30.566776,13.019233,2096
29821,r2i1p1f1,2096,08,24,0.0,34.994648,17.344671,2096
29822,r2i1p1f1,2096,08,25,0.0,38.50473,20.319279,2096
29823,r2i1p1f1,2096,08,26,0.0,39.085434,19.09546,2096
29824,r2i1p1f1,2096,08,27,0.0,37.865692,18.536055,2096
29825,r2i1p1f1,2096,08,28,0.0,37.464603,18.951773,2096
29826,r2i1p1f1,2096,08,29,0.0,37.996372,19.107506,2096
29827,r2i1p1f1,2096,08,30,0.01117138608606183,38.521965,19.138992,2096
29828,r2i1p1f1,2096,08,31,0.0,39.12222,21.355076,2096
29829,r2i1p1f1,2096,09,01,0.0,39.81484,23.71228,2096
29830,r2i1p1f1,2096,09,02,0.0,40.10929,21.289122,2096
29831,r2i1p1f1,2096,09,03,0.0,35.246735,16.349932,2096
29832,r2i1p1f1,2096,09,04,0.0,31.651157,13.211079,2096
29833,r2i1p1f1,2096,09,05,0.0,32.16727,15.260888,2096
29834,r2i1p1f1,2096,09,06,0.0,33.84288,14.812657,2096
29835,r2i1p1f1,2096,09,07,0.0,32.355854,13.616336,2096
29836,r2i1p1f1,2096,09,08,0.09424625200153969,29.212101,11.7231,2096
29837,r2i1p1f1,2096,09,09,0.024876192037481815,29.079075,13.024011,2096
29838,r2i1p1f1,2096,09,10,0.0,30.675314,13.890639,2096
29839,r2i1p1f1,2096,09,11,0.0,33.794216,17.67047,2096
29840,r2i1p1f1,2096,09,12,0.0,33.751312,17.236677,2096
29841,r2i1p1f1,2096,09,13,0.0,33.43849,16.532265,2096
29842,r2i1p1f1,2096,09,14,0.0,33.048725,16.54627,2096
29843,r2i1p1f1,2096,09,15,0.0,33.94405,17.554068,2096
29844,r2i1p1f1,2096,09,16,0.0,34.411243,16.871422,2096
29845,r2i1p1f1,2096,09,17,0.0,35.491318,17.726221,2096
29846,r2i1p1f1,2096,09,18,0.0,34.583084,16.47429,2096
29847,r2i1p1f1,2096,09,19,0.0,34.966015,18.678694,2096
29848,r2i1p1f1,2096,09,20,0.018543058058639872,35.306274,17.784771,2096
29849,r2i1p1f1,2096,09,21,0.0,36.807503,20.198404,2096
29850,r2i1p1f1,2096,09,22,0.0,37.205395,20.596628,2096
29851,r2i1p1f1,2096,09,23,0.0,31.725328,15.639069,2096
29852,r2i1p1f1,2096,09,24,0.0,30.571249,17.0457,2096
29853,r2i1p1f1,2096,09,25,0.04820585643301456,31.325325,13.938285,2096
29854,r2i1p1f1,2096,09,26,0.0,29.814785,13.58128,2096
29855,r2i1p1f1,2096,09,27,0.0,31.203606,16.384605,2096
29856,r2i1p1f1,2096,09,28,0.0,34.303055,19.178864,2096
29857,r2i1p1f1,2096,09,29,0.0,35.330536,19.67414,2096
29858,r2i1p1f1,2096,09,30,0.0,35.767147,19.734291,2096
29859,r2i1p1f1,2096,10,01,0.0,32.87249,16.321175,2096
29860,r2i1p1f1,2096,10,02,0.0,31.65376,14.044575,2096
29861,r2i1p1f1,2096,10,03,0.0,29.412022,13.768208,2096
29862,r2i1p1f1,2096,10,04,0.0,29.252777,14.331096,2096
29863,r2i1p1f1,2096,10,05,0.0,30.74294,14.372615,2096
29864,r2i1p1f1,2096,10,06,0.06027036718023737,31.491106,14.368605,2096
29865,r2i1p1f1,2096,10,07,0.0,27.411251,13.668806,2096
29866,r2i1p1f1,2096,10,08,0.0,28.046902,14.194646,2096
29867,r2i1p1f1,2096,10,09,0.0,29.541056,11.031962,2096
29868,r2i1p1f1,2096,10,10,0.0,27.703405,12.624766,2096
29869,r2i1p1f1,2096,10,11,48.62483932211035,19.256691,11.257799,2096
29870,r2i1p1f1,2096,10,12,4.114962074160644,16.167278,6.007183,2096
29871,r2i1p1f1,2096,10,13,0.0,18.675407,8.141228,2096
29872,r2i1p1f1,2096,10,14,0.13965573214136384,20.885818,10.132397,2096
29873,r2i1p1f1,2096,10,15,0.037159675673592574,22.734865,10.085884,2096
29874,r2i1p1f1,2096,10,16,0.008910807775919238,24.329935,10.341587,2096
29875,r2i1p1f1,2096,10,17,0.32948334201137186,22.120155,9.901882,2096
29876,r2i1p1f1,2096,10,18,22.51706862704168,21.927986,11.010801,2096
29877,r2i1p1f1,2096,10,19,0.060673473831229785,21.155064,10.871946,2096
29878,r2i1p1f1,2096,10,20,4.161718736600051,19.601278,9.082554,2096
29879,r2i1p1f1,2096,10,21,0.13651721949372586,22.154703,12.350285,2096
29880,r2i1p1f1,2096,10,22,0.34362558020575307,19.422953,8.127856,2096
29881,r2i1p1f1,2096,10,23,0.27258515908670233,18.338484,9.075074,2096
29882,r2i1p1f1,2096,10,24,0.0,21.51507,11.001595,2096
29883,r2i1p1f1,2096,10,25,0.0,22.61719,9.281078,2096
29884,r2i1p1f1,2096,10,26,0.0,23.700981,11.610256,2096
29885,r2i1p1f1,2096,10,27,0.0,23.79603,12.165522,2096
29886,r2i1p1f1,2096,10,28,0.0,23.341784,10.420774,2096
29887,r2i1p1f1,2096,10,29,0.0,22.971853,10.224384,2096
29888,r2i1p1f1,2096,10,30,0.0,22.988653,9.574585,2096
29889,r2i1p1f1,2096,10,31,0.0,22.637495,8.894755,2096
29890,r2i1p1f1,2096,11,01,0.0,22.481825,8.921799,2096
29891,r2i1p1f1,2096,11,02,0.0,17.889,4.0214453,2096
29892,r2i1p1f1,2096,11,03,2.129408318597825,17.559847,8.422923,2096
29893,r2i1p1f1,2096,11,04,0.0,14.210567,7.1957407,2096
29894,r2i1p1f1,2096,11,05,0.0,13.720171,1.2626424,2096
29895,r2i1p1f1,2096,11,06,0.0,17.085306,2.4674246,2096
29896,r2i1p1f1,2096,11,07,0.0,18.929506,6.712372,2096
29897,r2i1p1f1,2096,11,08,0.0,20.094568,5.509409,2096
29898,r2i1p1f1,2096,11,09,0.0,17.701494,5.7085953,2096
29899,r2i1p1f1,2096,11,10,0.0,19.355133,7.986229,2096
29900,r2i1p1f1,2096,11,11,0.0,18.920023,7.15093,2096
29901,r2i1p1f1,2096,11,12,0.0,19.670145,5.8747993,2096
29902,r2i1p1f1,2096,11,13,0.0,20.127117,5.0490856,2096
29903,r2i1p1f1,2096,11,14,0.0,21.732231,8.323071,2096
29904,r2i1p1f1,2096,11,15,0.0,25.123407,11.919878,2096
29905,r2i1p1f1,2096,11,16,0.0,25.664957,12.901824,2096
29906,r2i1p1f1,2096,11,17,12.780706582634593,20.296644,7.5233274,2096
29907,r2i1p1f1,2096,11,18,0.0,22.164757,10.229302,2096
29908,r2i1p1f1,2096,11,19,0.0,20.835827,9.634397,2096
29909,r2i1p1f1,2096,11,20,0.0,17.231285,6.0404606,2096
29910,r2i1p1f1,2096,11,21,0.0,19.118446,6.5706215,2096
29911,r2i1p1f1,2096,11,22,0.0,18.775131,5.925558,2096
29912,r2i1p1f1,2096,11,23,0.0,14.681952,1.2441057,2096
29913,r2i1p1f1,2096,11,24,0.0,14.108989,2.8640852,2096
29914,r2i1p1f1,2096,11,25,0.0,15.644111,2.1888142,2096
29915,r2i1p1f1,2096,11,26,0.0,20.288828,3.4978182,2096
29916,r2i1p1f1,2096,11,27,0.0,22.02692,6.2181563,2096
29917,r2i1p1f1,2096,11,28,0.0,21.703257,6.187854,2096
29918,r2i1p1f1,2096,11,29,0.0,19.918413,6.9134383,2096
29919,r2i1p1f1,2096,11,30,17.62380138570734,12.964012,8.666103,2096
29920,r2i1p1f1,2096,12,01,2.5959107277458315,11.840682,6.278003,2096
29921,r2i1p1f1,2096,12,02,1.9913787305654296,12.359852,5.6396685,2096
29922,r2i1p1f1,2096,12,03,0.49336880047405884,14.16723,3.6109724,2096
29923,r2i1p1f1,2096,12,04,0.42053203110299364,11.22618,0.19630188,2096
29924,r2i1p1f1,2096,12,05,0.0,9.135797,-0.1326925,2096
29925,r2i1p1f1,2096,12,06,0.0,10.665173,0.78640604,2096
29926,r2i1p1f1,2096,12,07,11.99026692120242,11.099712,-1.5902421,2096
29927,r2i1p1f1,2096,12,08,66.36501994144055,6.7342567,2.784934,2096
29928,r2i1p1f1,2096,12,09,12.763195287334383,9.716635,5.699325,2096
29929,r2i1p1f1,2096,12,10,0.10877621668896609,14.885991,3.668643,2096
29930,r2i1p1f1,2096,12,11,0.0,15.387569,1.8785771,2096
29931,r2i1p1f1,2096,12,12,0.0,15.004262,2.2769117,2096
29932,r2i1p1f1,2096,12,13,2.3492078798824423,12.01328,4.6604524,2096
29933,r2i1p1f1,2096,12,14,47.15752115298528,12.18108,8.959329,2096
29934,r2i1p1f1,2096,12,15,0.0,10.979231,-1.579349,2096
29935,r2i1p1f1,2096,12,16,11.198798893565254,8.784886,-2.401471,2096
29936,r2i1p1f1,2096,12,17,0.6608319485607694,7.296837,-0.9169457,2096
29937,r2i1p1f1,2096,12,18,0.0,6.7529807,-3.633697,2096
29938,r2i1p1f1,2096,12,19,0.0,6.0988226,-4.813836,2096
29939,r2i1p1f1,2096,12,20,3.724115270586026,3.6186876,-0.90775204,2096
29940,r2i1p1f1,2096,12,21,30.47610398825782,9.395557,-0.35829613,2096
29941,r2i1p1f1,2096,12,22,0.0,10.66756,-0.34548134,2096
29942,r2i1p1f1,2096,12,23,0.0,10.649922,-0.04697948,2096
29943,r2i1p1f1,2096,12,24,0.0,12.324318,0.4854972,2096
29944,r2i1p1f1,2096,12,25,0.0,12.839153,1.6103284,2096
29945,r2i1p1f1,2096,12,26,0.0,12.144058,1.5999333,2096
29946,r2i1p1f1,2096,12,27,0.0,12.835897,3.0846305,2096
29947,r2i1p1f1,2096,12,28,0.0,13.890348,2.3337543,2096
29948,r2i1p1f1,2096,12,29,0.0,13.66899,0.67353654,2096
29949,r2i1p1f1,2096,12,30,7.0733143640836715,11.532944,0.83090806,2096
29950,r2i1p1f1,2096,12,31,43.962480717891594,8.599462,4.8981314,2096
29951,r2i1p1f1,2097,01,01,0.18771172911300482,10.710746,-0.22729523,2097
29952,r2i1p1f1,2097,01,02,8.902294531503685,9.107078,3.920127,2097
29953,r2i1p1f1,2097,01,03,1.021995733208314,10.430908,2.0692666,2097
29954,r2i1p1f1,2097,01,04,0.0,10.788448,-0.96329373,2097
29955,r2i1p1f1,2097,01,05,21.762202103627715,7.8081427,4.07589,2097
29956,r2i1p1f1,2097,01,06,2.8574732393508384,8.394764,0.8088397,2097
29957,r2i1p1f1,2097,01,07,0.0,11.283535,0.37856564,2097
29958,r2i1p1f1,2097,01,08,0.0,12.962553,0.3005737,2097
29959,r2i1p1f1,2097,01,09,0.0,13.889945,1.7403994,2097
29960,r2i1p1f1,2097,01,10,0.0,14.184205,2.6861804,2097
29961,r2i1p1f1,2097,01,11,0.0,15.084263,3.4011796,2097
29962,r2i1p1f1,2097,01,12,0.0,16.890863,4.6008973,2097
29963,r2i1p1f1,2097,01,13,0.0,17.647545,5.2812634,2097
29964,r2i1p1f1,2097,01,14,0.0,17.820505,5.759334,2097
29965,r2i1p1f1,2097,01,15,0.0,17.676445,5.3440523,2097
29966,r2i1p1f1,2097,01,16,0.0,17.71396,4.9368443,2097
29967,r2i1p1f1,2097,01,17,0.0,17.404486,6.021743,2097
29968,r2i1p1f1,2097,01,18,0.0,18.27244,5.534557,2097
29969,r2i1p1f1,2097,01,19,0.0,17.902323,4.978089,2097
29970,r2i1p1f1,2097,01,20,2.8110510086065688,11.713321,5.1357255,2097
29971,r2i1p1f1,2097,01,21,9.806933409811336,9.669785,4.7059846,2097
29972,r2i1p1f1,2097,01,22,32.01230310376104,11.690458,4.0499406,2097
29973,r2i1p1f1,2097,01,23,19.909665884097194,13.114341,2.7088716,2097
29974,r2i1p1f1,2097,01,24,0.0,11.715692,3.441739,2097
29975,r2i1p1f1,2097,01,25,13.023334358877037,12.762434,1.3520876,2097
29976,r2i1p1f1,2097,01,26,19.46833624060673,11.920666,4.4586234,2097
29977,r2i1p1f1,2097,01,27,10.462893816520591,11.126981,6.0845428,2097
29978,r2i1p1f1,2097,01,28,30.06715626561345,14.125254,6.602899,2097
29979,r2i1p1f1,2097,01,29,0.5217193455621327,12.983959,1.4157422,2097
29980,r2i1p1f1,2097,01,30,1.418450399842186,10.824193,4.04305,2097
29981,r2i1p1f1,2097,01,31,0.0,13.151351,1.3511688,2097
29982,r2i1p1f1,2097,02,01,0.0,16.530327,4.475434,2097
29983,r2i1p1f1,2097,02,02,0.0,19.947332,6.460707,2097
29984,r2i1p1f1,2097,02,03,0.0,20.654575,8.100588,2097
29985,r2i1p1f1,2097,02,04,0.0,19.711823,7.781614,2097
29986,r2i1p1f1,2097,02,05,0.0,20.399694,7.370203,2097
29987,r2i1p1f1,2097,02,06,0.0,19.600151,6.135873,2097
29988,r2i1p1f1,2097,02,07,0.0,18.447037,6.181493,2097
29989,r2i1p1f1,2097,02,08,0.39436742874841,19.947052,6.6238475,2097
29990,r2i1p1f1,2097,02,09,0.0,13.73138,2.205671,2097
29991,r2i1p1f1,2097,02,10,0.0,14.80973,1.2679076,2097
29992,r2i1p1f1,2097,02,11,0.0,19.914175,5.3542504,2097
29993,r2i1p1f1,2097,02,12,0.0,21.706768,8.116086,2097
29994,r2i1p1f1,2097,02,13,0.0,20.723774,8.513416,2097
29995,r2i1p1f1,2097,02,14,0.0,21.381226,7.772316,2097
29996,r2i1p1f1,2097,02,15,0.0,20.360321,7.760909,2097
29997,r2i1p1f1,2097,02,16,0.0,18.93444,6.8338566,2097
29998,r2i1p1f1,2097,02,17,6.554641339766931,15.991148,7.761989,2097
29999,r2i1p1f1,2097,02,18,0.0,16.604698,3.6740146,2097
30000,r2i1p1f1,2097,02,19,0.0,17.66036,5.137061,2097
30001,r2i1p1f1,2097,02,20,0.0,17.893482,4.527652,2097
30002,r2i1p1f1,2097,02,21,0.0,18.184,6.110679,2097
30003,r2i1p1f1,2097,02,22,0.0,19.319822,7.4459357,2097
30004,r2i1p1f1,2097,02,23,1.218634649166006,17.093914,6.4745917,2097
30005,r2i1p1f1,2097,02,24,1.441803155364596,10.540801,-0.85013914,2097
30006,r2i1p1f1,2097,02,25,0.0,9.371189,-1.6304574,2097
30007,r2i1p1f1,2097,02,26,0.0,11.931487,-1.5994023,2097
30008,r2i1p1f1,2097,02,27,0.0,14.527176,0.21486166,2097
30009,r2i1p1f1,2097,02,28,1.4332180273299855,14.017336,1.7142583,2097
30010,r2i1p1f1,2097,03,01,13.890241349008647,11.293689,2.0654018,2097
30011,r2i1p1f1,2097,03,02,11.644264934784587,10.645669,6.0106745,2097
30012,r2i1p1f1,2097,03,03,37.928279672632925,13.0705595,8.82094,2097
30013,r2i1p1f1,2097,03,04,3.0165993066304964,11.685699,-2.3695912,2097
30014,r2i1p1f1,2097,03,05,5.903599175434238,7.7221603,-2.3877563,2097
30015,r2i1p1f1,2097,03,06,0.0,12.136324,-1.8876686,2097
30016,r2i1p1f1,2097,03,07,0.0,14.503933,-2.5718315,2097
30017,r2i1p1f1,2097,03,08,1.177656106111158,11.387893,1.2295221,2097
30018,r2i1p1f1,2097,03,09,46.64371488906909,11.119924,2.9207742,2097
30019,r2i1p1f1,2097,03,10,6.469140761697645,14.670676,6.580578,2097
30020,r2i1p1f1,2097,03,11,0.0,18.67836,3.1446354,2097
30021,r2i1p1f1,2097,03,12,0.008544002045596244,18.5482,5.485585,2097
30022,r2i1p1f1,2097,03,13,0.0,21.203568,6.520988,2097
30023,r2i1p1f1,2097,03,14,0.0,22.109491,6.130633,2097
30024,r2i1p1f1,2097,03,15,0.0,21.452843,6.603666,2097
30025,r2i1p1f1,2097,03,16,0.21272185376801644,16.903206,8.622814,2097
30026,r2i1p1f1,2097,03,17,0.39312402989253314,17.69122,7.1936502,2097
30027,r2i1p1f1,2097,03,18,0.0,17.211863,2.3084834,2097
30028,r2i1p1f1,2097,03,19,20.38541270139831,14.390566,10.405332,2097
30029,r2i1p1f1,2097,03,20,7.925060371815107,18.737354,5.335913,2097
30030,r2i1p1f1,2097,03,21,0.016606555584530724,22.053043,5.1592817,2097
30031,r2i1p1f1,2097,03,22,0.7674626047332822,20.912815,8.77233,2097
30032,r2i1p1f1,2097,03,23,0.0,23.27113,8.964367,2097
30033,r2i1p1f1,2097,03,24,0.009097569000005024,24.257084,7.7107434,2097
30034,r2i1p1f1,2097,03,25,0.2939000593698893,22.476881,7.80129,2097
30035,r2i1p1f1,2097,03,26,1.0567237953750919,14.787698,6.004608,2097
30036,r2i1p1f1,2097,03,27,0.0016482260207340005,18.03678,3.207631,2097
30037,r2i1p1f1,2097,03,28,0.0,18.700958,4.868563,2097
30038,r2i1p1f1,2097,03,29,0.0,22.416954,6.679189,2097
30039,r2i1p1f1,2097,03,30,0.0,23.035133,7.071525,2097
30040,r2i1p1f1,2097,03,31,43.99498463171767,15.49382,8.740002,2097
30041,r2i1p1f1,2097,04,01,15.786275858317822,11.2483425,4.400209,2097
30042,r2i1p1f1,2097,04,02,29.537940769296256,11.779728,4.3395143,2097
30043,r2i1p1f1,2097,04,03,27.433870249842585,11.901825,3.2853045,2097
30044,r2i1p1f1,2097,04,04,18.900748467967787,10.364205,4.8831086,2097
30045,r2i1p1f1,2097,04,05,4.261940140622755,15.041073,0.8956973,2097
30046,r2i1p1f1,2097,04,06,0.0,21.874222,3.7751439,2097
30047,r2i1p1f1,2097,04,07,0.0,24.914185,8.184969,2097
30048,r2i1p1f1,2097,04,08,0.0,26.863615,10.265749,2097
30049,r2i1p1f1,2097,04,09,0.0,27.598982,12.753646,2097
30050,r2i1p1f1,2097,04,10,0.0,29.016212,12.684977,2097
30051,r2i1p1f1,2097,04,11,0.0,28.062065,11.391171,2097
30052,r2i1p1f1,2097,04,12,0.13542993910959922,22.771069,8.784394,2097
30053,r2i1p1f1,2097,04,13,0.0,26.525946,12.426378,2097
30054,r2i1p1f1,2097,04,14,0.0,27.415466,12.9974785,2097
30055,r2i1p1f1,2097,04,15,0.3233880676930312,22.664625,6.748377,2097
30056,r2i1p1f1,2097,04,16,5.548602072633457,14.238822,6.780217,2097
30057,r2i1p1f1,2097,04,17,0.8641870889590564,11.436277,1.0331411,2097
30058,r2i1p1f1,2097,04,18,0.0,18.236702,3.3107154,2097
30059,r2i1p1f1,2097,04,19,0.0,19.495663,4.154009,2097
30060,r2i1p1f1,2097,04,20,1.1603701375804576,17.14794,3.8860097,2097
30061,r2i1p1f1,2097,04,21,0.7970466792556863,14.580963,1.745458,2097
30062,r2i1p1f1,2097,04,22,3.1058670366491015,14.382928,2.1885562,2097
30063,r2i1p1f1,2097,04,23,8.403237979848655,10.74522,2.124156,2097
30064,r2i1p1f1,2097,04,24,1.7193863300207113,8.298326,-0.928754,2097
30065,r2i1p1f1,2097,04,25,0.0,13.924802,-1.0304224,2097
30066,r2i1p1f1,2097,04,26,0.0,18.127611,2.1476374,2097
30067,r2i1p1f1,2097,04,27,0.0,22.289364,5.8697085,2097
30068,r2i1p1f1,2097,04,28,0.0,23.658169,8.131285,2097
30069,r2i1p1f1,2097,04,29,0.012360924665699713,23.583902,6.601879,2097
30070,r2i1p1f1,2097,04,30,0.03828266688401527,18.849669,5.8628855,2097
30071,r2i1p1f1,2097,05,01,2.16436026514657,15.275925,2.8751702,2097
30072,r2i1p1f1,2097,05,02,1.2107778819142823,19.696932,4.5390224,2097
30073,r2i1p1f1,2097,05,03,0.5829399737194763,21.078466,6.9639044,2097
30074,r2i1p1f1,2097,05,04,2.2837654843584687,21.340223,8.501948,2097
30075,r2i1p1f1,2097,05,05,0.7849485810993428,21.991117,6.219858,2097
30076,r2i1p1f1,2097,05,06,1.2347913844564573,20.717302,6.702047,2097
30077,r2i1p1f1,2097,05,07,3.2592104736522742,20.256308,8.325565,2097
30078,r2i1p1f1,2097,05,08,2.7284339784444,20.55726,6.884191,2097
30079,r2i1p1f1,2097,05,09,0.6221840416401392,22.910328,6.654974,2097
30080,r2i1p1f1,2097,05,10,1.8902237884276474,21.912848,4.5593147,2097
30081,r2i1p1f1,2097,05,11,5.564990856254326,17.904177,7.8791156,2097
30082,r2i1p1f1,2097,05,12,4.5839505335692365,20.283058,6.401591,2097
30083,r2i1p1f1,2097,05,13,0.0,22.841797,7.699826,2097
30084,r2i1p1f1,2097,05,14,0.0,23.977339,7.713831,2097
30085,r2i1p1f1,2097,05,15,0.0,27.227114,10.157778,2097
30086,r2i1p1f1,2097,05,16,0.0,28.359632,11.503665,2097
30087,r2i1p1f1,2097,05,17,0.0,28.670235,12.73379,2097
30088,r2i1p1f1,2097,05,18,2.1220686656420185,24.180244,7.945875,2097
30089,r2i1p1f1,2097,05,19,2.7642200437298925,23.591805,7.3750634,2097
30090,r2i1p1f1,2097,05,20,9.737085142626256,22.7268,7.2286777,2097
30091,r2i1p1f1,2097,05,21,2.557298726490842,25.035868,9.4366045,2097
30092,r2i1p1f1,2097,05,22,3.5256999676335,25.023085,9.02592,2097
30093,r2i1p1f1,2097,05,23,0.0,34.522564,18.090258,2097
30094,r2i1p1f1,2097,05,24,0.0,37.47788,20.192568,2097
30095,r2i1p1f1,2097,05,25,4.6701020076966415,35.86183,16.78767,2097
30096,r2i1p1f1,2097,05,26,0.19988825333712157,36.73726,18.975304,2097
30097,r2i1p1f1,2097,05,27,0.48955261045193765,33.92668,15.471935,2097
30098,r2i1p1f1,2097,05,28,0.22529365096488618,33.41072,17.962849,2097
30099,r2i1p1f1,2097,05,29,0.0,33.311527,16.372244,2097
30100,r2i1p1f1,2097,05,30,0.0,32.64021,13.856777,2097
30101,r2i1p1f1,2097,05,31,0.0,30.487309,15.501678,2097
30102,r2i1p1f1,2097,06,01,0.0,30.484188,12.480118,2097
30103,r2i1p1f1,2097,06,02,0.0,29.50739,11.677609,2097
30104,r2i1p1f1,2097,06,03,0.0,29.33275,12.553942,2097
30105,r2i1p1f1,2097,06,04,0.0,29.080315,11.514384,2097
30106,r2i1p1f1,2097,06,05,0.0,31.5897,14.335658,2097
30107,r2i1p1f1,2097,06,06,0.0,34.88219,16.843794,2097
30108,r2i1p1f1,2097,06,07,0.0,35.881596,16.696035,2097
30109,r2i1p1f1,2097,06,08,0.0,37.06217,18.748314,2097
30110,r2i1p1f1,2097,06,09,0.0,37.236374,17.081772,2097
30111,r2i1p1f1,2097,06,10,0.0,33.731327,15.901086,2097
30112,r2i1p1f1,2097,06,11,0.0,35.017223,18.65595,2097
30113,r2i1p1f1,2097,06,12,0.0,36.16465,18.040152,2097
30114,r2i1p1f1,2097,06,13,0.0,35.87115,18.420424,2097
30115,r2i1p1f1,2097,06,14,0.0,35.37287,16.800362,2097
30116,r2i1p1f1,2097,06,15,0.0,33.776695,15.217174,2097
30117,r2i1p1f1,2097,06,16,0.0025590516543161357,32.235367,13.739696,2097
30118,r2i1p1f1,2097,06,17,0.0025297385349176693,32.031548,15.348858,2097
30119,r2i1p1f1,2097,06,18,0.00729121903759733,32.235455,14.783131,2097
30120,r2i1p1f1,2097,06,19,0.0,34.46552,15.350803,2097
30121,r2i1p1f1,2097,06,20,0.0,36.057755,17.930643,2097
30122,r2i1p1f1,2097,06,21,0.9235145322691096,34.704487,14.278892,2097
30123,r2i1p1f1,2097,06,22,3.9203103764521074,27.646332,9.6596,2097
30124,r2i1p1f1,2097,06,23,0.10632714010796462,28.819466,12.686854,2097
30125,r2i1p1f1,2097,06,24,0.08209153303369021,31.293924,13.920975,2097
30126,r2i1p1f1,2097,06,25,0.0,34.553577,18.534025,2097
30127,r2i1p1f1,2097,06,26,0.22779851642553695,34.267773,16.228437,2097
30128,r2i1p1f1,2097,06,27,0.0,28.452484,11.477227,2097
30129,r2i1p1f1,2097,06,28,0.0,29.032188,13.488566,2097
30130,r2i1p1f1,2097,06,29,0.0,30.239784,11.80714,2097
30131,r2i1p1f1,2097,06,30,0.0,31.448465,11.705499,2097
30132,r2i1p1f1,2097,07,01,0.0,31.197287,12.468331,2097
30133,r2i1p1f1,2097,07,02,0.0,32.633476,12.980489,2097
30134,r2i1p1f1,2097,07,03,0.0,36.258293,15.47134,2097
30135,r2i1p1f1,2097,07,04,0.0,37.879288,18.750416,2097
30136,r2i1p1f1,2097,07,05,0.0,40.81327,21.058071,2097
30137,r2i1p1f1,2097,07,06,0.0,41.610947,22.409271,2097
30138,r2i1p1f1,2097,07,07,0.0,41.53932,20.87915,2097
30139,r2i1p1f1,2097,07,08,0.0,39.953648,20.0225,2097
30140,r2i1p1f1,2097,07,09,0.0,39.62947,22.362118,2097
30141,r2i1p1f1,2097,07,10,0.0,39.84552,20.991636,2097
30142,r2i1p1f1,2097,07,11,0.0,36.237175,15.973882,2097
30143,r2i1p1f1,2097,07,12,0.007981982162164059,36.88598,19.303232,2097
30144,r2i1p1f1,2097,07,13,0.0,39.13863,21.733961,2097
30145,r2i1p1f1,2097,07,14,0.7607558566633088,39.904064,20.055967,2097
30146,r2i1p1f1,2097,07,15,0.0,33.381084,15.551461,2097
30147,r2i1p1f1,2097,07,16,0.0,33.748753,14.778137,2097
30148,r2i1p1f1,2097,07,17,0.0,33.015537,13.417187,2097
30149,r2i1p1f1,2097,07,18,0.0,30.670872,11.587865,2097
30150,r2i1p1f1,2097,07,19,0.0,33.77983,15.152897,2097
30151,r2i1p1f1,2097,07,20,0.0,35.70833,18.450823,2097
30152,r2i1p1f1,2097,07,21,1.423319093184272,34.483025,14.497437,2097
30153,r2i1p1f1,2097,07,22,4.969006178998825,33.09811,14.188381,2097
30154,r2i1p1f1,2097,07,23,0.0,35.52314,18.455313,2097
30155,r2i1p1f1,2097,07,24,0.0,36.756866,19.65993,2097
30156,r2i1p1f1,2097,07,25,0.0,36.119724,15.389836,2097
30157,r2i1p1f1,2097,07,26,0.0,34.914116,15.51673,2097
30158,r2i1p1f1,2097,07,27,0.0,36.54457,18.213455,2097
30159,r2i1p1f1,2097,07,28,0.005645849364555033,37.525173,19.245234,2097
30160,r2i1p1f1,2097,07,29,0.0,37.992813,20.472218,2097
30161,r2i1p1f1,2097,07,30,0.0,37.575268,18.554052,2097
30162,r2i1p1f1,2097,07,31,0.0,36.507423,15.442256,2097
30163,r2i1p1f1,2097,08,01,0.0,35.68213,16.540817,2097
30164,r2i1p1f1,2097,08,02,0.0,37.878647,16.762672,2097
30165,r2i1p1f1,2097,08,03,0.0,38.501053,18.26651,2097
30166,r2i1p1f1,2097,08,04,0.0,37.578312,20.231949,2097
30167,r2i1p1f1,2097,08,05,0.0,37.693726,20.528711,2097
30168,r2i1p1f1,2097,08,06,0.0,37.834377,16.483837,2097
30169,r2i1p1f1,2097,08,07,0.0,36.109703,14.322102,2097
30170,r2i1p1f1,2097,08,08,0.0,31.533169,12.806266,2097
30171,r2i1p1f1,2097,08,09,0.0,32.627823,13.700895,2097
30172,r2i1p1f1,2097,08,10,0.0,33.716206,14.856801,2097
30173,r2i1p1f1,2097,08,11,0.0,34.705093,15.03343,2097
30174,r2i1p1f1,2097,08,12,0.0,34.410076,13.77577,2097
30175,r2i1p1f1,2097,08,13,0.0,35.179543,15.754857,2097
30176,r2i1p1f1,2097,08,14,0.0,37.64073,20.761784,2097
30177,r2i1p1f1,2097,08,15,0.0,39.808506,23.8663,2097
30178,r2i1p1f1,2097,08,16,5.678535061383627,39.61414,17.390635,2097
30179,r2i1p1f1,2097,08,17,0.0,36.73476,18.978046,2097
30180,r2i1p1f1,2097,08,18,0.0,39.351887,22.753548,2097
30181,r2i1p1f1,2097,08,19,0.0,40.650288,23.608482,2097
30182,r2i1p1f1,2097,08,20,0.0,42.042374,23.797403,2097
30183,r2i1p1f1,2097,08,21,0.0022256715510593494,41.249638,22.042902,2097
30184,r2i1p1f1,2097,08,22,1.6799806824565167,37.080845,17.622894,2097
30185,r2i1p1f1,2097,08,23,0.0,34.342594,17.349894,2097
30186,r2i1p1f1,2097,08,24,0.0,34.297302,19.676615,2097
30187,r2i1p1f1,2097,08,25,0.0,35.16123,21.69022,2097
30188,r2i1p1f1,2097,08,26,0.0,34.599308,14.6556225,2097
30189,r2i1p1f1,2097,08,27,0.0,33.431454,12.648804,2097
30190,r2i1p1f1,2097,08,28,0.0,29.810974,9.856403,2097
30191,r2i1p1f1,2097,08,29,0.0,30.063005,10.701719,2097
30192,r2i1p1f1,2097,08,30,0.0,31.499905,11.607731,2097
30193,r2i1p1f1,2097,08,31,0.0,32.56425,14.308421,2097
30194,r2i1p1f1,2097,09,01,0.0,34.14228,17.068235,2097
30195,r2i1p1f1,2097,09,02,0.0,36.31677,18.407694,2097
30196,r2i1p1f1,2097,09,03,0.0,37.398598,18.79427,2097
30197,r2i1p1f1,2097,09,04,0.0,35.888645,15.126912,2097
30198,r2i1p1f1,2097,09,05,0.00910470391772833,29.785624,12.089536,2097
30199,r2i1p1f1,2097,09,06,0.0,27.957506,11.104367,2097
30200,r2i1p1f1,2097,09,07,0.0,26.945793,9.997596,2097
30201,r2i1p1f1,2097,09,08,0.0,27.642782,10.0006075,2097
30202,r2i1p1f1,2097,09,09,0.0,30.054482,11.650871,2097
30203,r2i1p1f1,2097,09,10,0.0,32.40599,14.180675,2097
30204,r2i1p1f1,2097,09,11,0.0,35.21698,18.591873,2097
30205,r2i1p1f1,2097,09,12,0.0,36.887177,19.43004,2097
30206,r2i1p1f1,2097,09,13,0.0,37.542927,20.423786,2097
30207,r2i1p1f1,2097,09,14,0.0,36.763332,19.046284,2097
30208,r2i1p1f1,2097,09,15,0.0,35.52735,17.637589,2097
30209,r2i1p1f1,2097,09,16,0.0,32.44052,14.33444,2097
30210,r2i1p1f1,2097,09,17,0.0,32.98433,16.33698,2097
30211,r2i1p1f1,2097,09,18,0.0,35.62664,18.618326,2097
30212,r2i1p1f1,2097,09,19,0.0,38.862263,19.962496,2097
30213,r2i1p1f1,2097,09,20,0.0,39.620403,20.388824,2097
30214,r2i1p1f1,2097,09,21,0.0,39.16803,21.592936,2097
30215,r2i1p1f1,2097,09,22,1.0353294457019047,38.25849,19.213932,2097
30216,r2i1p1f1,2097,09,23,0.0,34.23384,19.834522,2097
30217,r2i1p1f1,2097,09,24,2.258807987561795,31.742615,13.897471,2097
30218,r2i1p1f1,2097,09,25,0.0,29.738491,13.522604,2097
30219,r2i1p1f1,2097,09,26,0.0,33.902317,18.190073,2097
30220,r2i1p1f1,2097,09,27,0.0,36.210564,20.074211,2097
30221,r2i1p1f1,2097,09,28,0.41074596424479637,36.01979,17.948309,2097
30222,r2i1p1f1,2097,09,29,0.0,34.587128,20.098064,2097
30223,r2i1p1f1,2097,09,30,0.0,34.825512,17.554386,2097
30224,r2i1p1f1,2097,10,01,0.0,35.40319,17.203493,2097
30225,r2i1p1f1,2097,10,02,0.0,36.602985,19.610226,2097
30226,r2i1p1f1,2097,10,03,0.0,37.486256,18.089268,2097
30227,r2i1p1f1,2097,10,04,6.475591710545814,34.474426,15.171581,2097
30228,r2i1p1f1,2097,10,05,8.019863595040988,21.860035,9.837431,2097
30229,r2i1p1f1,2097,10,06,15.951879523890966,16.174292,11.481495,2097
30230,r2i1p1f1,2097,10,07,15.311771031701937,17.943949,7.4852557,2097
30231,r2i1p1f1,2097,10,08,0.0,23.848755,8.83694,2097
30232,r2i1p1f1,2097,10,09,0.0,25.958675,10.835116,2097
30233,r2i1p1f1,2097,10,10,0.0,26.287865,11.956273,2097
30234,r2i1p1f1,2097,10,11,0.0,27.13134,12.905729,2097
30235,r2i1p1f1,2097,10,12,0.3812248166639165,25.407099,11.303775,2097
30236,r2i1p1f1,2097,10,13,18.13551449085935,24.175858,10.392283,2097
30237,r2i1p1f1,2097,10,14,14.92335158015976,20.596848,10.897925,2097
30238,r2i1p1f1,2097,10,15,18.171511855052813,19.535227,10.02084,2097
30239,r2i1p1f1,2097,10,16,0.0,23.77101,10.473715,2097
30240,r2i1p1f1,2097,10,17,3.928262996663534,20.704159,8.401066,2097
30241,r2i1p1f1,2097,10,18,7.345709074365914,19.596632,8.379015,2097
30242,r2i1p1f1,2097,10,19,0.30971024886241594,21.459908,10.52486,2097
30243,r2i1p1f1,2097,10,20,0.0,23.122526,9.832882,2097
30244,r2i1p1f1,2097,10,21,0.0,23.00951,9.865973,2097
30245,r2i1p1f1,2097,10,22,0.0,22.711483,10.270632,2097
30246,r2i1p1f1,2097,10,23,0.0,21.78341,9.348748,2097
30247,r2i1p1f1,2097,10,24,0.7428115876528807,21.526611,9.581547,2097
30248,r2i1p1f1,2097,10,25,0.0,19.90137,8.95571,2097
30249,r2i1p1f1,2097,10,26,0.0,20.43039,9.779374,2097
30250,r2i1p1f1,2097,10,27,0.0,21.976479,8.834199,2097
30251,r2i1p1f1,2097,10,28,0.0,22.054989,9.202332,2097
30252,r2i1p1f1,2097,10,29,0.0,22.225874,9.0024395,2097
30253,r2i1p1f1,2097,10,30,0.0,20.971027,7.873484,2097
30254,r2i1p1f1,2097,10,31,0.0,19.979538,6.835634,2097
30255,r2i1p1f1,2097,11,01,0.0,18.209839,5.2073073,2097
30256,r2i1p1f1,2097,11,02,0.0,19.371887,4.4194117,2097
30257,r2i1p1f1,2097,11,03,34.84838808799395,17.178904,4.0073304,2097
30258,r2i1p1f1,2097,11,04,82.6219953072723,12.53942,8.444499,2097
30259,r2i1p1f1,2097,11,05,66.3840502515086,13.797716,7.830914,2097
30260,r2i1p1f1,2097,11,06,0.0,15.797455,3.3512876,2097
30261,r2i1p1f1,2097,11,07,0.0,16.514042,5.046925,2097
30262,r2i1p1f1,2097,11,08,2.1428061319056724,15.837899,6.9974694,2097
30263,r2i1p1f1,2097,11,09,0.30024492810269976,17.878899,8.252083,2097
30264,r2i1p1f1,2097,11,10,0.0,20.48943,7.5231533,2097
30265,r2i1p1f1,2097,11,11,0.0,22.004976,8.492505,2097
30266,r2i1p1f1,2097,11,12,0.0,19.937984,7.3328867,2097
30267,r2i1p1f1,2097,11,13,0.0,21.595505,8.950056,2097
30268,r2i1p1f1,2097,11,14,0.009809178851583056,20.911509,9.303425,2097
30269,r2i1p1f1,2097,11,15,0.007969596720158734,18.30728,8.239024,2097
30270,r2i1p1f1,2097,11,16,0.0,20.389122,8.530674,2097
30271,r2i1p1f1,2097,11,17,0.0,21.764708,8.973414,2097
30272,r2i1p1f1,2097,11,18,0.5268560079343843,18.310616,6.9653764,2097
30273,r2i1p1f1,2097,11,19,0.29365913185301906,13.69934,3.6474195,2097
30274,r2i1p1f1,2097,11,20,0.0,15.151714,0.49296987,2097
30275,r2i1p1f1,2097,11,21,0.0,16.31158,2.9403734,2097
30276,r2i1p1f1,2097,11,22,6.259125824493594,14.171037,5.7485833,2097
30277,r2i1p1f1,2097,11,23,81.10728975443635,10.136427,5.1291146,2097
30278,r2i1p1f1,2097,11,24,46.77254529306083,7.4169803,1.6131414,2097
30279,r2i1p1f1,2097,11,25,19.13032626707718,7.864311,2.0342495,2097
30280,r2i1p1f1,2097,11,26,21.309641077004926,12.497481,5.4146614,2097
30281,r2i1p1f1,2097,11,27,0.0,14.705776,2.39351,2097
30282,r2i1p1f1,2097,11,28,0.0,15.934819,4.2790446,2097
30283,r2i1p1f1,2097,11,29,0.0,15.372408,3.73335,2097
30284,r2i1p1f1,2097,11,30,0.0,16.288757,3.0020893,2097
30285,r2i1p1f1,2097,12,01,0.0,17.298439,5.020901,2097
30286,r2i1p1f1,2097,12,02,0.0,14.618626,3.335239,2097
30287,r2i1p1f1,2097,12,03,0.0,13.531595,1.7011973,2097
30288,r2i1p1f1,2097,12,04,60.64662680000765,11.299956,4.512483,2097
30289,r2i1p1f1,2097,12,05,32.54958829093084,8.666219,4.410464,2097
30290,r2i1p1f1,2097,12,06,10.971159924565654,13.496728,6.6025414,2097
30291,r2i1p1f1,2097,12,07,0.0,15.740414,5.1334286,2097
30292,r2i1p1f1,2097,12,08,1.9500867161582391,14.240461,8.231724,2097
30293,r2i1p1f1,2097,12,09,0.0,14.726429,2.1585522,2097
30294,r2i1p1f1,2097,12,10,0.0,11.524685,2.1176941,2097
30295,r2i1p1f1,2097,12,11,0.0,12.138999,1.9499741,2097
30296,r2i1p1f1,2097,12,12,0.0,14.430442,0.7761169,2097
30297,r2i1p1f1,2097,12,13,0.0,14.310294,2.9798727,2097
30298,r2i1p1f1,2097,12,14,1.0501479284787507,15.449984,3.743443,2097
30299,r2i1p1f1,2097,12,15,19.529949123875667,9.874649,0.83059776,2097
30300,r2i1p1f1,2097,12,16,0.10761881723055922,9.65582,4.0416336,2097
30301,r2i1p1f1,2097,12,17,25.4195879890176,10.797858,2.001966,2097
30302,r2i1p1f1,2097,12,18,0.0,10.668568,-0.39368597,2097
30303,r2i1p1f1,2097,12,19,0.0,13.124579,1.8862169,2097
30304,r2i1p1f1,2097,12,20,0.0,14.228331,2.6054745,2097
30305,r2i1p1f1,2097,12,21,0.0,16.111706,4.1710153,2097
30306,r2i1p1f1,2097,12,22,0.0,17.644693,5.118449,2097
30307,r2i1p1f1,2097,12,23,0.0,18.177464,5.475845,2097
30308,r2i1p1f1,2097,12,24,0.0,18.01093,5.1219954,2097
30309,r2i1p1f1,2097,12,25,0.9101119647311862,16.556318,4.343829,2097
30310,r2i1p1f1,2097,12,26,80.85988820821512,11.561771,6.4696946,2097
30311,r2i1p1f1,2097,12,27,2.6647916067815913,10.620061,-1.4653307,2097
30312,r2i1p1f1,2097,12,28,0.0,10.398612,-0.5895561,2097
30313,r2i1p1f1,2097,12,29,0.0,10.789427,-0.93888694,2097
30314,r2i1p1f1,2097,12,30,0.0,10.281856,0.34180647,2097
30315,r2i1p1f1,2097,12,31,0.00021818421629404838,10.598893,-0.15315914,2097
30316,r2i1p1f1,2098,01,01,0.22215261197970904,11.702236,0.7610348,2098
30317,r2i1p1f1,2098,01,02,0.0,15.387127,4.509583,2098
30318,r2i1p1f1,2098,01,03,0.0,16.40868,5.3124204,2098
30319,r2i1p1f1,2098,01,04,0.0,15.787908,4.5523257,2098
30320,r2i1p1f1,2098,01,05,0.0,15.775127,1.9733946,2098
30321,r2i1p1f1,2098,01,06,0.32134694006344944,12.268529,4.859176,2098
30322,r2i1p1f1,2098,01,07,3.547014346281685,12.566555,3.8179507,2098
30323,r2i1p1f1,2098,01,08,40.828722688456764,11.128157,-0.057480548,2098
30324,r2i1p1f1,2098,01,09,16.75266922954961,11.624714,4.5930862,2098
30325,r2i1p1f1,2098,01,10,0.0,14.538057,1.9093909,2098
30326,r2i1p1f1,2098,01,11,0.0,15.635258,2.0260522,2098
30327,r2i1p1f1,2098,01,12,0.0,15.020185,2.3315954,2098
30328,r2i1p1f1,2098,01,13,0.0,15.041234,1.8301814,2098
30329,r2i1p1f1,2098,01,14,0.02247992419199818,13.567108,2.8884938,2098
30330,r2i1p1f1,2098,01,15,18.238345915915488,13.623646,6.0454197,2098
30331,r2i1p1f1,2098,01,16,62.03365080873482,12.174931,3.963151,2098
30332,r2i1p1f1,2098,01,17,88.92878897313494,12.747293,5.666597,2098
30333,r2i1p1f1,2098,01,18,41.519237985085056,11.5691595,-2.828055,2098
30334,r2i1p1f1,2098,01,19,3.9978718076156383,8.326669,-1.4662719,2098
30335,r2i1p1f1,2098,01,20,1.6287799684050697,6.348272,0.58968115,2098
30336,r2i1p1f1,2098,01,21,8.721023462862831,7.4282403,-2.9083173,2098
30337,r2i1p1f1,2098,01,22,44.96008092246484,9.463905,1.6146477,2098
30338,r2i1p1f1,2098,01,23,84.65173272634274,9.355972,2.6362517,2098
30339,r2i1p1f1,2098,01,24,0.0,9.968161,-0.60292673,2098
30340,r2i1p1f1,2098,01,25,5.969798904089885,8.85246,-2.503045,2098
30341,r2i1p1f1,2098,01,26,43.36955476028379,8.264558,3.1433597,2098
30342,r2i1p1f1,2098,01,27,0.0,11.566792,1.7516428,2098
30343,r2i1p1f1,2098,01,28,3.334063139192267,11.118565,1.1231256,2098
30344,r2i1p1f1,2098,01,29,26.12691444101074,11.821108,1.1164626,2098
30345,r2i1p1f1,2098,01,30,0.18466625785436008,11.077514,2.008543,2098
30346,r2i1p1f1,2098,01,31,0.0,13.332456,0.8136095,2098
30347,r2i1p1f1,2098,02,01,0.0,14.9347315,1.0459067,2098
30348,r2i1p1f1,2098,02,02,0.0,14.774002,2.2484105,2098
30349,r2i1p1f1,2098,02,03,0.0,14.58914,4.4279313,2098
30350,r2i1p1f1,2098,02,04,0.0,12.518556,0.9886212,2098
30351,r2i1p1f1,2098,02,05,0.0,12.749599,0.7482069,2098
30352,r2i1p1f1,2098,02,06,0.0,13.9225,1.4455737,2098
30353,r2i1p1f1,2098,02,07,0.0,14.741333,1.879864,2098
30354,r2i1p1f1,2098,02,08,0.0,17.386635,3.462513,2098
30355,r2i1p1f1,2098,02,09,0.0,18.724642,4.900647,2098
30356,r2i1p1f1,2098,02,10,0.0,19.939907,7.3298593,2098
30357,r2i1p1f1,2098,02,11,0.0,19.999912,6.5632477,2098
30358,r2i1p1f1,2098,02,12,0.0,19.664097,6.6977215,2098
30359,r2i1p1f1,2098,02,13,0.0,19.846397,7.4681005,2098
30360,r2i1p1f1,2098,02,14,0.0,20.828718,8.13748,2098
30361,r2i1p1f1,2098,02,15,0.08676026542957516,21.8217,7.724996,2098
30362,r2i1p1f1,2098,02,16,0.0,19.931614,9.472239,2098
30363,r2i1p1f1,2098,02,17,12.71774841570732,13.387371,2.6464376,2098
30364,r2i1p1f1,2098,02,18,0.0,9.934435,-1.3560389,2098
30365,r2i1p1f1,2098,02,19,8.020670152677667,12.620902,2.1489325,2098
30366,r2i1p1f1,2098,02,20,31.150868786789943,12.888283,2.397242,2098
30367,r2i1p1f1,2098,02,21,2.1934249159073715,11.141747,1.9576125,2098
30368,r2i1p1f1,2098,02,22,0.0,11.603904,1.5471587,2098
30369,r2i1p1f1,2098,02,23,0.0,12.166041,2.6272464,2098
30370,r2i1p1f1,2098,02,24,0.0,13.295714,1.9913135,2098
30371,r2i1p1f1,2098,02,25,0.9837869121668064,12.706753,0.22335444,2098
30372,r2i1p1f1,2098,02,26,0.0,12.107787,2.4438634,2098
30373,r2i1p1f1,2098,02,27,3.7266657855468566,11.355502,-0.4949112,2098
30374,r2i1p1f1,2098,02,28,2.0889763962202323,6.233747,-1.8754205,2098
30375,r2i1p1f1,2098,03,01,8.713137026143158,8.115916,1.1385003,2098
30376,r2i1p1f1,2098,03,02,19.468829481229477,8.484888,2.740117,2098
30377,r2i1p1f1,2098,03,03,9.27349028934259,9.543914,-5.7502055,2098
30378,r2i1p1f1,2098,03,04,0.0,10.389472,3.0360653,2098
30379,r2i1p1f1,2098,03,05,0.0,10.634493,1.4786061,2098
30380,r2i1p1f1,2098,03,06,0.0,12.880837,-1.0312669,2098
30381,r2i1p1f1,2098,03,07,0.0,14.821767,-1.4900218,2098
30382,r2i1p1f1,2098,03,08,0.0,16.56011,1.240402,2098
30383,r2i1p1f1,2098,03,09,0.0,16.30467,1.9599394,2098
30384,r2i1p1f1,2098,03,10,0.0,15.295963,4.61935,2098
30385,r2i1p1f1,2098,03,11,0.0,17.421572,1.7791585,2098
30386,r2i1p1f1,2098,03,12,0.0,20.227303,4.4100614,2098
30387,r2i1p1f1,2098,03,13,0.0,21.01452,5.6492267,2098
30388,r2i1p1f1,2098,03,14,11.816371823806548,18.676933,6.1168346,2098
30389,r2i1p1f1,2098,03,15,0.7060825927737824,17.406792,5.2243347,2098
30390,r2i1p1f1,2098,03,16,0.0,21.285975,5.4985285,2098
30391,r2i1p1f1,2098,03,17,2.218058631160602,21.395615,6.31176,2098
30392,r2i1p1f1,2098,03,18,3.407831378854098,19.498827,10.884278,2098
30393,r2i1p1f1,2098,03,19,0.18583926794235595,18.478933,6.81502,2098
30394,r2i1p1f1,2098,03,20,0.21097024132359365,18.37899,5.5870395,2098
30395,r2i1p1f1,2098,03,21,0.0,17.139877,5.1218777,2098
30396,r2i1p1f1,2098,03,22,2.122906230351873,16.925028,5.7903333,2098
30397,r2i1p1f1,2098,03,23,0.0,15.912155,-0.13747396,2098
30398,r2i1p1f1,2098,03,24,5.879276247378584,12.973842,3.2875412,2098
30399,r2i1p1f1,2098,03,25,17.77620997690974,12.052314,7.6611004,2098
30400,r2i1p1f1,2098,03,26,0.43307080109968865,14.468168,5.0424376,2098
30401,r2i1p1f1,2098,03,27,0.0,16.156708,0.9736903,2098
30402,r2i1p1f1,2098,03,28,0.0,16.09403,0.9369869,2098
30403,r2i1p1f1,2098,03,29,0.3677325771377582,14.721661,5.371364,2098
30404,r2i1p1f1,2098,03,30,1.86080957844581,13.102381,1.6420764,2098
30405,r2i1p1f1,2098,03,31,2.0343631873402046,9.365559,-3.4433463,2098
30406,r2i1p1f1,2098,04,01,0.0,13.750088,0.34333766,2098
30407,r2i1p1f1,2098,04,02,0.0,19.395681,3.507868,2098
30408,r2i1p1f1,2098,04,03,0.0,21.332523,4.142598,2098
30409,r2i1p1f1,2098,04,04,0.0,20.809715,4.675396,2098
30410,r2i1p1f1,2098,04,05,0.13361362524975107,20.86043,5.7712955,2098
30411,r2i1p1f1,2098,04,06,6.79228576850619,13.235808,4.799289,2098
30412,r2i1p1f1,2098,04,07,34.32018179792067,11.275778,1.668315,2098
30413,r2i1p1f1,2098,04,08,11.930498680158053,9.800359,-1.2739838,2098
30414,r2i1p1f1,2098,04,09,7.756378045775136,9.227095,1.8582308,2098
30415,r2i1p1f1,2098,04,10,0.10738894834503299,15.572752,1.8713862,2098
30416,r2i1p1f1,2098,04,11,0.0,15.385505,0.78757256,2098
30417,r2i1p1f1,2098,04,12,0.728474711763738,12.821819,3.170287,2098
30418,r2i1p1f1,2098,04,13,13.770322566051618,11.899421,4.422326,2098
30419,r2i1p1f1,2098,04,14,2.6658008788842835,12.830126,3.1881807,2098
30420,r2i1p1f1,2098,04,15,0.6891637410376461,14.957521,1.3398832,2098
30421,r2i1p1f1,2098,04,16,0.009942621863956447,17.09882,5.936941,2098
30422,r2i1p1f1,2098,04,17,0.9295377415242001,14.295247,5.1091056,2098
30423,r2i1p1f1,2098,04,18,24.949204902441124,11.06089,1.3740289,2098
30424,r2i1p1f1,2098,04,19,30.680916593337315,7.7489157,0.6514938,2098
30425,r2i1p1f1,2098,04,20,0.0020091589703952195,10.781036,-2.0097058,2098
30426,r2i1p1f1,2098,04,21,3.633357982300822,10.9738455,3.1390772,2098
30427,r2i1p1f1,2098,04,22,0.0,15.450858,2.1120996,2098
30428,r2i1p1f1,2098,04,23,0.0,16.089386,2.2670374,2098
30429,r2i1p1f1,2098,04,24,0.0,16.760105,2.4043977,2098
30430,r2i1p1f1,2098,04,25,0.023464914943360782,17.650433,4.5357795,2098
30431,r2i1p1f1,2098,04,26,0.0,18.194345,3.7457874,2098
30432,r2i1p1f1,2098,04,27,0.0,20.619587,4.6284237,2098
30433,r2i1p1f1,2098,04,28,0.0,21.441061,6.970932,2098
30434,r2i1p1f1,2098,04,29,0.0,21.953077,7.242703,2098
30435,r2i1p1f1,2098,04,30,0.007135454688977916,22.306593,7.6892905,2098
30436,r2i1p1f1,2098,05,01,0.273297415367324,21.363886,7.518748,2098
30437,r2i1p1f1,2098,05,02,0.22772005920614902,20.847263,7.849644,2098
30438,r2i1p1f1,2098,05,03,0.0,21.7215,6.222322,2098
30439,r2i1p1f1,2098,05,04,0.0,24.035357,6.9492517,2098
30440,r2i1p1f1,2098,05,05,1.5798485845152754,22.513708,6.0920563,2098
30441,r2i1p1f1,2098,05,06,8.340382267039104,19.290733,10.102807,2098
30442,r2i1p1f1,2098,05,07,1.8033990215656104,17.979017,4.974822,2098
30443,r2i1p1f1,2098,05,08,3.7271598559016184,20.061756,7.0017524,2098
30444,r2i1p1f1,2098,05,09,0.0008825939744383504,19.660843,8.079542,2098
30445,r2i1p1f1,2098,05,10,0.432044671561016,18.09365,6.2239013,2098
30446,r2i1p1f1,2098,05,11,0.0,19.938032,4.1924696,2098
30447,r2i1p1f1,2098,05,12,0.0,20.684202,6.3697524,2098
30448,r2i1p1f1,2098,05,13,0.20035150901094312,20.256844,6.1739407,2098
30449,r2i1p1f1,2098,05,14,0.0,26.626328,11.376436,2098
30450,r2i1p1f1,2098,05,15,0.0,31.043318,14.316086,2098
30451,r2i1p1f1,2098,05,16,0.0,34.60615,17.204615,2098
30452,r2i1p1f1,2098,05,17,0.0,34.570534,18.569304,2098
30453,r2i1p1f1,2098,05,18,0.0,35.392765,17.908577,2098
30454,r2i1p1f1,2098,05,19,0.0,34.978874,14.898854,2098
30455,r2i1p1f1,2098,05,20,0.0,33.30352,13.628788,2098
30456,r2i1p1f1,2098,05,21,0.0,31.618721,11.666057,2098
30457,r2i1p1f1,2098,05,22,0.0,29.061073,11.464222,2098
30458,r2i1p1f1,2098,05,23,0.04042216883135552,27.489655,13.19664,2098
30459,r2i1p1f1,2098,05,24,0.0,30.724426,14.770619,2098
30460,r2i1p1f1,2098,05,25,5.979389382628142,27.435137,11.208174,2098
30461,r2i1p1f1,2098,05,26,1.878207153401945,24.906063,6.384476,2098
30462,r2i1p1f1,2098,05,27,8.948792350201984,25.177164,7.403994,2098
30463,r2i1p1f1,2098,05,28,5.108825453305599,21.326538,9.883055,2098
30464,r2i1p1f1,2098,05,29,1.0948525307696855,21.815866,6.194655,2098
30465,r2i1p1f1,2098,05,30,2.890744992942018,20.143188,5.9290743,2098
30466,r2i1p1f1,2098,05,31,0.551198850291712,18.930252,6.8711977,2098
30467,r2i1p1f1,2098,06,01,0.048079773591780395,23.346504,9.863308,2098
30468,r2i1p1f1,2098,06,02,2.58345552396122,20.31545,6.31586,2098
30469,r2i1p1f1,2098,06,03,9.27699176902479,19.277414,6.8181033,2098
30470,r2i1p1f1,2098,06,04,1.3448183377818168,19.66235,5.5498223,2098
30471,r2i1p1f1,2098,06,05,1.6922754379379512,19.92968,4.9779387,2098
30472,r2i1p1f1,2098,06,06,5.666086064456977,20.013943,6.3769126,2098
30473,r2i1p1f1,2098,06,07,11.279587789863399,18.564936,6.1563373,2098
30474,r2i1p1f1,2098,06,08,3.013187284579999,19.96592,7.670612,2098
30475,r2i1p1f1,2098,06,09,0.4788546093653423,20.354967,7.840255,2098
30476,r2i1p1f1,2098,06,10,1.649633919879534,21.717772,5.5147567,2098
30477,r2i1p1f1,2098,06,11,0.4913102840873762,22.071823,6.009879,2098
30478,r2i1p1f1,2098,06,12,4.982213226264776,18.59437,8.02397,2098
30479,r2i1p1f1,2098,06,13,0.006604927148146089,25.847012,12.08382,2098
30480,r2i1p1f1,2098,06,14,0.0,29.710629,13.270376,2098
30481,r2i1p1f1,2098,06,15,0.0,30.535007,15.447488,2098
30482,r2i1p1f1,2098,06,16,0.0,30.733036,12.878721,2098
30483,r2i1p1f1,2098,06,17,0.062243881080803476,27.826105,11.145911,2098
30484,r2i1p1f1,2098,06,18,0.10706499003845238,25.812805,11.45907,2098
30485,r2i1p1f1,2098,06,19,0.0786922549650626,23.295267,9.033948,2098
30486,r2i1p1f1,2098,06,20,0.0,28.9373,13.790895,2098
30487,r2i1p1f1,2098,06,21,0.0,31.304878,15.259432,2098
30488,r2i1p1f1,2098,06,22,0.0,35.836765,18.321873,2098
30489,r2i1p1f1,2098,06,23,0.0,37.2947,18.888971,2098
30490,r2i1p1f1,2098,06,24,0.0,37.755516,17.21568,2098
30491,r2i1p1f1,2098,06,25,0.0,38.50878,19.979805,2098
30492,r2i1p1f1,2098,06,26,0.0,38.67241,21.56369,2098
30493,r2i1p1f1,2098,06,27,0.0,38.59919,19.869904,2098
30494,r2i1p1f1,2098,06,28,0.0,37.41962,18.005732,2098
30495,r2i1p1f1,2098,06,29,0.0,37.23766,18.814272,2098
30496,r2i1p1f1,2098,06,30,0.0,37.967037,18.533773,2098
30497,r2i1p1f1,2098,07,01,0.0,38.189564,18.56978,2098
30498,r2i1p1f1,2098,07,02,0.0,38.395397,19.036156,2098
30499,r2i1p1f1,2098,07,03,0.0,36.068096,15.428663,2098
30500,r2i1p1f1,2098,07,04,0.0,31.544594,12.865341,2098
30501,r2i1p1f1,2098,07,05,0.0,33.911194,15.344539,2098
30502,r2i1p1f1,2098,07,06,0.0,37.2182,17.56558,2098
30503,r2i1p1f1,2098,07,07,0.0,38.01219,19.044344,2098
30504,r2i1p1f1,2098,07,08,3.1990282365427447,36.730072,16.553524,2098
30505,r2i1p1f1,2098,07,09,0.0,31.201975,15.490559,2098
30506,r2i1p1f1,2098,07,10,0.0012124222905640636,32.110245,18.358873,2098
30507,r2i1p1f1,2098,07,11,0.0,34.45838,18.337936,2098
30508,r2i1p1f1,2098,07,12,0.0,36.960148,19.04908,2098
30509,r2i1p1f1,2098,07,13,0.0,37.458992,19.61457,2098
30510,r2i1p1f1,2098,07,14,0.0,37.694645,17.821348,2098
30511,r2i1p1f1,2098,07,15,0.0,36.66712,17.911375,2098
30512,r2i1p1f1,2098,07,16,0.0,37.62622,17.717657,2098
30513,r2i1p1f1,2098,07,17,0.0,38.123592,18.381422,2098
30514,r2i1p1f1,2098,07,18,0.0,38.399845,18.977083,2098
30515,r2i1p1f1,2098,07,19,0.0,38.215908,18.502438,2098
30516,r2i1p1f1,2098,07,20,0.0,37.577377,16.462002,2098
30517,r2i1p1f1,2098,07,21,0.0,35.72714,16.13908,2098
30518,r2i1p1f1,2098,07,22,0.0,36.33494,18.167137,2098
30519,r2i1p1f1,2098,07,23,0.0,36.845875,17.45474,2098
30520,r2i1p1f1,2098,07,24,0.0,36.749958,16.79253,2098
30521,r2i1p1f1,2098,07,25,0.0,35.3105,16.520817,2098
30522,r2i1p1f1,2098,07,26,0.0,35.136425,15.525121,2098
30523,r2i1p1f1,2098,07,27,0.0,34.640892,16.041971,2098
30524,r2i1p1f1,2098,07,28,0.0,35.24197,15.901825,2098
30525,r2i1p1f1,2098,07,29,0.0,36.71575,17.857752,2098
30526,r2i1p1f1,2098,07,30,0.0,37.43257,18.25374,2098
30527,r2i1p1f1,2098,07,31,0.16444596570863723,36.56624,16.603752,2098
30528,r2i1p1f1,2098,08,01,0.3605939145359116,32.992416,14.161854,2098
30529,r2i1p1f1,2098,08,02,0.010346809540351387,34.62109,17.930754,2098
30530,r2i1p1f1,2098,08,03,0.1617898502445314,35.62993,17.05501,2098
30531,r2i1p1f1,2098,08,04,0.0,35.052685,18.277102,2098
30532,r2i1p1f1,2098,08,05,0.0,37.17923,18.39518,2098
30533,r2i1p1f1,2098,08,06,0.0,37.952488,19.790052,2098
30534,r2i1p1f1,2098,08,07,0.0,39.3033,20.28184,2098
30535,r2i1p1f1,2098,08,08,0.0,39.751812,19.537048,2098
30536,r2i1p1f1,2098,08,09,0.0,39.098957,18.608915,2098
30537,r2i1p1f1,2098,08,10,0.0,37.688583,19.403227,2098
30538,r2i1p1f1,2098,08,11,0.0,37.924717,20.567177,2098
30539,r2i1p1f1,2098,08,12,0.0,39.179832,21.25616,2098
30540,r2i1p1f1,2098,08,13,0.0,39.2682,18.70855,2098
30541,r2i1p1f1,2098,08,14,0.0,37.823788,16.815577,2098
30542,r2i1p1f1,2098,08,15,0.0,35.65694,13.954678,2098
30543,r2i1p1f1,2098,08,16,0.0,30.691769,13.400294,2098
30544,r2i1p1f1,2098,08,17,0.0,30.990862,11.716412,2098
30545,r2i1p1f1,2098,08,18,0.0,30.924889,12.265789,2098
30546,r2i1p1f1,2098,08,19,0.0,30.771065,11.628833,2098
30547,r2i1p1f1,2098,08,20,0.0,29.442526,9.645736,2098
30548,r2i1p1f1,2098,08,21,0.0,26.539846,9.395933,2098
30549,r2i1p1f1,2098,08,22,0.0,25.547184,9.113316,2098
30550,r2i1p1f1,2098,08,23,0.0,26.389706,8.621903,2098
30551,r2i1p1f1,2098,08,24,0.0,29.474949,11.876369,2098
30552,r2i1p1f1,2098,08,25,0.0,31.549238,16.49764,2098
30553,r2i1p1f1,2098,08,26,0.0,32.168236,14.6739025,2098
30554,r2i1p1f1,2098,08,27,0.0,33.340836,14.363968,2098
30555,r2i1p1f1,2098,08,28,0.0,34.754585,17.847603,2098
30556,r2i1p1f1,2098,08,29,0.0,36.4886,20.38682,2098
30557,r2i1p1f1,2098,08,30,0.0,37.12365,17.20375,2098
30558,r2i1p1f1,2098,08,31,0.0,37.449062,17.569513,2098
30559,r2i1p1f1,2098,09,01,0.0,38.12935,19.629791,2098
30560,r2i1p1f1,2098,09,02,0.0,39.017258,20.755472,2098
30561,r2i1p1f1,2098,09,03,0.0,36.2759,18.822033,2098
30562,r2i1p1f1,2098,09,04,0.0,34.511494,16.573273,2098
30563,r2i1p1f1,2098,09,05,0.0,33.1775,16.0609,2098
30564,r2i1p1f1,2098,09,06,0.0,33.550583,15.972717,2098
30565,r2i1p1f1,2098,09,07,0.0,32.555294,13.085574,2098
30566,r2i1p1f1,2098,09,08,0.0,27.935917,10.548211,2098
30567,r2i1p1f1,2098,09,09,0.0,28.869713,9.4332695,2098
30568,r2i1p1f1,2098,09,10,0.0,27.318491,9.617443,2098
30569,r2i1p1f1,2098,09,11,0.0,29.726206,12.852932,2098
30570,r2i1p1f1,2098,09,12,0.0,34.47618,16.155518,2098
30571,r2i1p1f1,2098,09,13,0.0,35.23708,18.36087,2098
30572,r2i1p1f1,2098,09,14,0.0,32.91411,16.06996,2098
30573,r2i1p1f1,2098,09,15,0.0,27.131401,11.395369,2098
30574,r2i1p1f1,2098,09,16,0.0,24.926064,6.1932545,2098
30575,r2i1p1f1,2098,09,17,0.0,24.921162,6.896092,2098
30576,r2i1p1f1,2098,09,18,0.0,27.005894,8.552469,2098
30577,r2i1p1f1,2098,09,19,0.0,28.692331,11.058657,2098
30578,r2i1p1f1,2098,09,20,0.0,32.74035,14.485707,2098
30579,r2i1p1f1,2098,09,21,0.0,35.029644,16.908054,2098
30580,r2i1p1f1,2098,09,22,0.0,35.82018,17.356842,2098
30581,r2i1p1f1,2098,09,23,0.0,33.324688,14.852022,2098
30582,r2i1p1f1,2098,09,24,0.0,32.732613,14.800507,2098
30583,r2i1p1f1,2098,09,25,0.0,30.255646,13.575195,2098
30584,r2i1p1f1,2098,09,26,0.0,30.726545,13.104171,2098
30585,r2i1p1f1,2098,09,27,0.0,31.85209,12.355335,2098
30586,r2i1p1f1,2098,09,28,0.0,28.66146,10.482646,2098
30587,r2i1p1f1,2098,09,29,0.0,24.498447,9.03577,2098
30588,r2i1p1f1,2098,09,30,0.0,24.493544,10.267601,2098
30589,r2i1p1f1,2098,10,01,0.012832618176616961,29.652304,13.831648,2098
30590,r2i1p1f1,2098,10,02,10.312634590445668,29.312761,12.586832,2098
30591,r2i1p1f1,2098,10,03,46.80872205644846,20.654562,8.431507,2098
30592,r2i1p1f1,2098,10,04,0.35526187547816335,16.690466,5.9611416,2098
30593,r2i1p1f1,2098,10,05,0.0017362415974275791,19.260353,8.020008,2098
30594,r2i1p1f1,2098,10,06,0.0,21.702599,9.384782,2098
30595,r2i1p1f1,2098,10,07,0.0,23.01086,11.234963,2098
30596,r2i1p1f1,2098,10,08,0.0,25.555302,10.933213,2098
30597,r2i1p1f1,2098,10,09,0.0,28.927853,13.422865,2098
30598,r2i1p1f1,2098,10,10,0.0,29.334751,13.797392,2098
30599,r2i1p1f1,2098,10,11,0.0,31.623861,16.009796,2098
30600,r2i1p1f1,2098,10,12,0.0,31.25195,14.565679,2098
30601,r2i1p1f1,2098,10,13,0.0,30.6623,11.651012,2098
30602,r2i1p1f1,2098,10,14,0.0,27.98917,11.969899,2098
30603,r2i1p1f1,2098,10,15,0.0,23.14586,9.856544,2098
30604,r2i1p1f1,2098,10,16,0.0,22.86486,9.53231,2098
30605,r2i1p1f1,2098,10,17,0.0,20.937454,7.896453,2098
30606,r2i1p1f1,2098,10,18,0.0,23.498125,7.8590145,2098
30607,r2i1p1f1,2098,10,19,0.0,26.01419,10.801569,2098
30608,r2i1p1f1,2098,10,20,0.0,27.01832,11.035826,2098
30609,r2i1p1f1,2098,10,21,0.0,27.39577,8.598387,2098
30610,r2i1p1f1,2098,10,22,8.724154866104072,20.400856,5.993222,2098
30611,r2i1p1f1,2098,10,23,1.2909594081861542,16.536425,6.6337533,2098
30612,r2i1p1f1,2098,10,24,0.0,21.911987,5.983943,2098
30613,r2i1p1f1,2098,10,25,0.6086154957330336,22.169834,6.099966,2098
30614,r2i1p1f1,2098,10,26,0.10865119831038328,17.258541,5.904558,2098
30615,r2i1p1f1,2098,10,27,12.681145110036596,15.706238,4.8441195,2098
30616,r2i1p1f1,2098,10,28,40.42905522073852,13.829385,8.709433,2098
30617,r2i1p1f1,2098,10,29,0.13741150532950996,13.892053,5.1521206,2098
30618,r2i1p1f1,2098,10,30,0.0,15.5162945,2.818579,2098
30619,r2i1p1f1,2098,10,31,0.0,16.705246,3.269849,2098
30620,r2i1p1f1,2098,11,01,0.0,20.734137,6.648308,2098
30621,r2i1p1f1,2098,11,02,0.0,21.498161,8.297517,2098
30622,r2i1p1f1,2098,11,03,0.0,23.600243,8.725179,2098
30623,r2i1p1f1,2098,11,04,0.004403924845064466,23.627283,12.21638,2098
30624,r2i1p1f1,2098,11,05,0.0,19.229136,7.595135,2098
30625,r2i1p1f1,2098,11,06,0.0,17.573778,2.2173815,2098
30626,r2i1p1f1,2098,11,07,0.0,13.002299,-0.18202464,2098
30627,r2i1p1f1,2098,11,08,0.0,11.399332,-0.24193011,2098
30628,r2i1p1f1,2098,11,09,0.0,16.458551,0.96326894,2098
30629,r2i1p1f1,2098,11,10,0.0,18.541714,5.1412225,2098
30630,r2i1p1f1,2098,11,11,0.0,19.394182,6.6223526,2098
30631,r2i1p1f1,2098,11,12,0.0,19.297873,4.826493,2098
30632,r2i1p1f1,2098,11,13,0.0,19.818964,5.325064,2098
30633,r2i1p1f1,2098,11,14,0.0,21.087591,5.9535923,2098
30634,r2i1p1f1,2098,11,15,0.0,20.516855,7.6690073,2098
30635,r2i1p1f1,2098,11,16,0.0,16.175262,1.1580881,2098
30636,r2i1p1f1,2098,11,17,0.0,12.348267,-1.0320113,2098
30637,r2i1p1f1,2098,11,18,0.0,11.716601,-1.5199064,2098
30638,r2i1p1f1,2098,11,19,0.0,13.942678,1.1932894,2098
30639,r2i1p1f1,2098,11,20,0.0,15.085303,2.8813758,2098
30640,r2i1p1f1,2098,11,21,0.7437501547926217,12.846026,1.8748033,2098
30641,r2i1p1f1,2098,11,22,0.0,12.123493,0.18736018,2098
30642,r2i1p1f1,2098,11,23,45.30955303343944,10.831987,1.8259659,2098
30643,r2i1p1f1,2098,11,24,5.245346078936564,10.645913,5.4293604,2098
30644,r2i1p1f1,2098,11,25,2.7299456821197055,11.098476,1.8088392,2098
30645,r2i1p1f1,2098,11,26,0.0,15.268743,3.4628503,2098
30646,r2i1p1f1,2098,11,27,0.0,14.82215,2.7588155,2098
30647,r2i1p1f1,2098,11,28,0.0,15.507277,2.1798503,2098
30648,r2i1p1f1,2098,11,29,0.0,15.910605,1.9537057,2098
30649,r2i1p1f1,2098,11,30,0.0,16.997017,4.371759,2098
30650,r2i1p1f1,2098,12,01,0.0,17.71584,7.266815,2098
30651,r2i1p1f1,2098,12,02,0.0,18.87473,5.2869864,2098
30652,r2i1p1f1,2098,12,03,0.0,17.055265,4.8056316,2098
30653,r2i1p1f1,2098,12,04,0.0,17.91324,5.8020725,2098
30654,r2i1p1f1,2098,12,05,0.0,16.75294,7.2661133,2098
30655,r2i1p1f1,2098,12,06,0.0,16.85829,2.629179,2098
30656,r2i1p1f1,2098,12,07,0.0,15.519128,3.0960264,2098
30657,r2i1p1f1,2098,12,08,0.0,20.826109,6.8786793,2098
30658,r2i1p1f1,2098,12,09,0.0,21.260788,8.5058975,2098
30659,r2i1p1f1,2098,12,10,39.56037619136623,18.496237,8.651392,2098
30660,r2i1p1f1,2098,12,11,0.0,11.9843445,0.2100242,2098
30661,r2i1p1f1,2098,12,12,0.0,8.345409,-2.3871677,2098
30662,r2i1p1f1,2098,12,13,0.0,11.847812,0.07134649,2098
30663,r2i1p1f1,2098,12,14,0.0,15.564329,4.6810694,2098
30664,r2i1p1f1,2098,12,15,0.0,20.047453,6.1120553,2098
30665,r2i1p1f1,2098,12,16,0.0,20.373863,7.283528,2098
30666,r2i1p1f1,2098,12,17,0.0,21.080156,8.380015,2098
30667,r2i1p1f1,2098,12,18,0.0,18.63802,7.3031006,2098
30668,r2i1p1f1,2098,12,19,0.0,18.953104,5.4542704,2098
30669,r2i1p1f1,2098,12,20,0.0,20.010172,6.040857,2098
30670,r2i1p1f1,2098,12,21,0.0,18.069813,6.5065713,2098
30671,r2i1p1f1,2098,12,22,0.0,16.413855,5.89472,2098
30672,r2i1p1f1,2098,12,23,0.0,17.51429,6.0019016,2098
30673,r2i1p1f1,2098,12,24,0.004105775883544993,14.034791,4.172276,2098
30674,r2i1p1f1,2098,12,25,8.054443564469693,11.482636,6.8977904,2098
30675,r2i1p1f1,2098,12,26,0.0,14.407806,2.9678044,2098
30676,r2i1p1f1,2098,12,27,0.0,14.047786,-0.23512846,2098
30677,r2i1p1f1,2098,12,28,10.880981338141282,12.902054,3.8347218,2098
30678,r2i1p1f1,2098,12,29,6.396877751819829,11.945673,7.772539,2098
30679,r2i1p1f1,2098,12,30,6.173071988291667,14.061854,9.526659,2098
30680,r2i1p1f1,2098,12,31,0.0,14.419942,-0.5884681,2098
30681,r2i1p1f1,2099,01,01,0.0,13.715082,0.12561253,2099
30682,r2i1p1f1,2099,01,02,0.0,14.746258,3.353398,2099
30683,r2i1p1f1,2099,01,03,0.0,16.279152,3.4736235,2099
30684,r2i1p1f1,2099,01,04,0.0,15.539078,2.1695578,2099
30685,r2i1p1f1,2099,01,05,0.0,16.312183,3.6618776,2099
30686,r2i1p1f1,2099,01,06,0.0,16.570456,5.711878,2099
30687,r2i1p1f1,2099,01,07,0.0,18.006502,4.7892056,2099
30688,r2i1p1f1,2099,01,08,0.0,18.394136,4.6507754,2099
30689,r2i1p1f1,2099,01,09,42.556914337183116,17.812248,6.299597,2099
30690,r2i1p1f1,2099,01,10,52.55255558149656,12.754855,8.617349,2099
30691,r2i1p1f1,2099,01,11,0.11980049020010597,13.644611,4.3950596,2099
30692,r2i1p1f1,2099,01,12,0.0,13.633018,2.1412876,2099
30693,r2i1p1f1,2099,01,13,0.0,16.51451,6.858004,2099
30694,r2i1p1f1,2099,01,14,19.224790141743142,16.468735,8.144349,2099
30695,r2i1p1f1,2099,01,15,8.550812487010262,13.041019,0.23239724,2099
30696,r2i1p1f1,2099,01,16,12.205452063244593,8.150363,-0.16592509,2099
30697,r2i1p1f1,2099,01,17,5.329744194534669,9.129882,-0.7294251,2099
30698,r2i1p1f1,2099,01,18,0.0,11.588187,-0.32852247,2099
30699,r2i1p1f1,2099,01,19,12.100179368098907,9.020441,0.8464863,2099
30700,r2i1p1f1,2099,01,20,1.0729605685469323,8.681477,-3.974679,2099
30701,r2i1p1f1,2099,01,21,1.4860280562942307,7.4798484,1.436628,2099
30702,r2i1p1f1,2099,01,22,0.0778684902797977,10.018196,3.7950525,2099
30703,r2i1p1f1,2099,01,23,0.0,14.814168,1.0558213,2099
30704,r2i1p1f1,2099,01,24,0.0,17.077082,4.5094023,2099
30705,r2i1p1f1,2099,01,25,0.0,17.818901,4.0847564,2099
30706,r2i1p1f1,2099,01,26,2.735829703539139,16.399166,5.3254676,2099
30707,r2i1p1f1,2099,01,27,10.002955864365504,10.812479,7.0448427,2099
30708,r2i1p1f1,2099,01,28,0.0,13.159181,0.72035146,2099
30709,r2i1p1f1,2099,01,29,6.744202268419031,14.124194,1.5974898,2099
30710,r2i1p1f1,2099,01,30,42.1628711046651,11.995134,3.7212868,2099
30711,r2i1p1f1,2099,01,31,9.650051403230009,10.799694,-0.07314459,2099
30712,r2i1p1f1,2099,02,01,3.733697551649584,9.898212,-1.1689396,2099
30713,r2i1p1f1,2099,02,02,0.0013577319919022557,14.187413,4.864692,2099
30714,r2i1p1f1,2099,02,03,0.0,17.474558,4.781984,2099
30715,r2i1p1f1,2099,02,04,0.0,18.12371,5.133368,2099
30716,r2i1p1f1,2099,02,05,0.0,17.970676,4.615803,2099
30717,r2i1p1f1,2099,02,06,0.0,18.192158,4.253475,2099
30718,r2i1p1f1,2099,02,07,9.826023065397749,17.51953,7.036356,2099
30719,r2i1p1f1,2099,02,08,7.7262402248834405,14.432868,3.3211915,2099
30720,r2i1p1f1,2099,02,09,1.8054062007138327,13.80249,4.717755,2099
30721,r2i1p1f1,2099,02,10,8.781265222978618,12.986209,6.0276637,2099
30722,r2i1p1f1,2099,02,11,58.57297311522416,12.250151,4.2110662,2099
30723,r2i1p1f1,2099,02,12,47.10809699569154,11.3695,-2.2492654,2099
30724,r2i1p1f1,2099,02,13,15.218760956258848,8.447496,3.793991,2099
30725,r2i1p1f1,2099,02,14,0.07047293029245338,12.922738,3.3379102,2099
30726,r2i1p1f1,2099,02,15,0.0,14.428046,0.37608072,2099
30727,r2i1p1f1,2099,02,16,0.0,16.26188,3.1025555,2099
30728,r2i1p1f1,2099,02,17,0.0,19.604607,5.85717,2099
30729,r2i1p1f1,2099,02,18,0.0,20.75048,8.047119,2099
30730,r2i1p1f1,2099,02,19,0.0,22.791794,8.138023,2099
30731,r2i1p1f1,2099,02,20,0.0,23.557266,8.356132,2099
30732,r2i1p1f1,2099,02,21,0.0,20.349224,7.8299494,2099
30733,r2i1p1f1,2099,02,22,22.554327121179085,13.726925,7.9004908,2099
30734,r2i1p1f1,2099,02,23,3.265580988511374,9.461705,2.7982123,2099
30735,r2i1p1f1,2099,02,24,6.27530813580961,12.602962,4.3382487,2099
30736,r2i1p1f1,2099,02,25,0.0,20.988636,5.541919,2099
30737,r2i1p1f1,2099,02,26,0.0,21.086086,8.334982,2099
30738,r2i1p1f1,2099,02,27,0.0,21.266771,8.449093,2099
30739,r2i1p1f1,2099,02,28,0.0,21.419775,8.657362,2099
30740,r2i1p1f1,2099,03,01,0.632638630480642,20.883816,6.392416,2099
30741,r2i1p1f1,2099,03,02,0.6903934191143435,16.62288,6.671902,2099
30742,r2i1p1f1,2099,03,03,0.10975742104619712,14.388358,7.5865192,2099
30743,r2i1p1f1,2099,03,04,3.107614204316178,14.578049,7.278368,2099
30744,r2i1p1f1,2099,03,05,0.0,19.015343,4.625735,2099
30745,r2i1p1f1,2099,03,06,0.0,20.177755,4.048562,2099
30746,r2i1p1f1,2099,03,07,0.0,19.778252,4.849061,2099
30747,r2i1p1f1,2099,03,08,0.0,21.35441,6.020357,2099
30748,r2i1p1f1,2099,03,09,0.0,23.6014,8.059489,2099
30749,r2i1p1f1,2099,03,10,0.0,22.51915,6.318939,2099
30750,r2i1p1f1,2099,03,11,0.10879607316383044,17.804735,4.44415,2099
30751,r2i1p1f1,2099,03,12,5.401801988148236,10.420565,-2.2289572,2099
30752,r2i1p1f1,2099,03,13,47.61008521600161,9.564001,3.0020206,2099
30753,r2i1p1f1,2099,03,14,62.22600647597574,9.950341,4.2861967,2099
30754,r2i1p1f1,2099,03,15,0.0009755108976605698,12.611446,0.5991685,2099
30755,r2i1p1f1,2099,03,16,0.0,14.519957,0.5834909,2099
30756,r2i1p1f1,2099,03,17,0.6037190255000269,16.314754,7.1948647,2099
30757,r2i1p1f1,2099,03,18,7.772154051394864,12.904547,2.6276433,2099
30758,r2i1p1f1,2099,03,19,1.731516260463195,7.115839,0.83974886,2099
30759,r2i1p1f1,2099,03,20,12.558792754998649,14.100681,2.3391829,2099
30760,r2i1p1f1,2099,03,21,0.0,19.517952,3.618207,2099
30761,r2i1p1f1,2099,03,22,0.0,21.137644,5.895595,2099
30762,r2i1p1f1,2099,03,23,0.0,20.625862,4.4959836,2099
30763,r2i1p1f1,2099,03,24,0.0,20.568996,5.698906,2099
30764,r2i1p1f1,2099,03,25,0.0,18.021603,4.4617567,2099
30765,r2i1p1f1,2099,03,26,5.9152893905320525,12.332927,1.2631308,2099
30766,r2i1p1f1,2099,03,27,0.0,13.613216,2.983507,2099
30767,r2i1p1f1,2099,03,28,0.0,20.545038,2.827986,2099
30768,r2i1p1f1,2099,03,29,0.0,22.562784,7.248229,2099
30769,r2i1p1f1,2099,03,30,0.03583772249839967,21.339653,6.8966274,2099
30770,r2i1p1f1,2099,03,31,0.0,19.893097,6.2295914,2099
30771,r2i1p1f1,2099,04,01,0.15377302939896254,18.25208,7.465913,2099
30772,r2i1p1f1,2099,04,02,0.0,20.505135,4.5732903,2099
30773,r2i1p1f1,2099,04,03,10.179154477236807,20.161682,5.1175895,2099
30774,r2i1p1f1,2099,04,04,4.141379986975835,12.807819,8.272984,2099
30775,r2i1p1f1,2099,04,05,0.0,18.169926,2.9569604,2099
30776,r2i1p1f1,2099,04,06,0.0,19.803656,4.766706,2099
30777,r2i1p1f1,2099,04,07,1.4797103204557516,19.329468,6.65032,2099
30778,r2i1p1f1,2099,04,08,0.0,19.650248,3.157595,2099
30779,r2i1p1f1,2099,04,09,0.0,22.142794,6.0090156,2099
30780,r2i1p1f1,2099,04,10,0.0,22.28408,8.54221,2099
30781,r2i1p1f1,2099,04,11,0.0,25.547573,10.153065,2099
30782,r2i1p1f1,2099,04,12,0.0,26.978384,12.085897,2099
30783,r2i1p1f1,2099,04,13,0.0,29.230873,13.6068125,2099
30784,r2i1p1f1,2099,04,14,0.0,29.645124,13.946143,2099
30785,r2i1p1f1,2099,04,15,0.0,29.763191,14.822078,2099
30786,r2i1p1f1,2099,04,16,0.0,29.541094,12.534882,2099
30787,r2i1p1f1,2099,04,17,0.02258424274259596,23.948635,8.861331,2099
30788,r2i1p1f1,2099,04,18,0.0,16.081066,3.0722313,2099
30789,r2i1p1f1,2099,04,19,0.0,18.24573,2.9734318,2099
30790,r2i1p1f1,2099,04,20,0.0,19.325111,3.7616322,2099
30791,r2i1p1f1,2099,04,21,0.0,20.257618,2.9096315,2099
30792,r2i1p1f1,2099,04,22,0.0,22.711876,5.002413,2099
30793,r2i1p1f1,2099,04,23,0.0,22.428839,7.5973835,2099
30794,r2i1p1f1,2099,04,24,8.955490144580835,13.478887,-0.5547149,2099
30795,r2i1p1f1,2099,04,25,0.0,11.323043,-2.5765104,2099
30796,r2i1p1f1,2099,04,26,0.0,15.204622,0.15551212,2099
30797,r2i1p1f1,2099,04,27,0.0,19.812796,3.835889,2099
30798,r2i1p1f1,2099,04,28,0.0,21.001242,4.4446664,2099
30799,r2i1p1f1,2099,04,29,0.0,23.46841,7.4976535,2099
30800,r2i1p1f1,2099,04,30,0.0,27.3868,11.463451,2099
30801,r2i1p1f1,2099,05,01,0.0,28.654764,11.803504,2099
30802,r2i1p1f1,2099,05,02,0.0,23.663874,7.287492,2099
30803,r2i1p1f1,2099,05,03,0.0,22.57335,4.387064,2099
30804,r2i1p1f1,2099,05,04,0.9934460481133556,21.689802,5.401061,2099
30805,r2i1p1f1,2099,05,05,0.0,13.92731,3.654001,2099
30806,r2i1p1f1,2099,05,06,0.0,18.526743,3.38477,2099
30807,r2i1p1f1,2099,05,07,0.0,20.57208,4.918515,2099
30808,r2i1p1f1,2099,05,08,0.0,22.515022,6.771784,2099
30809,r2i1p1f1,2099,05,09,0.0,23.864494,6.9949856,2099
30810,r2i1p1f1,2099,05,10,0.01054682941514784,23.613264,5.046402,2099
30811,r2i1p1f1,2099,05,11,20.55038678007577,15.277793,4.193872,2099
30812,r2i1p1f1,2099,05,12,7.353211822373851,12.847044,6.4156547,2099
30813,r2i1p1f1,2099,05,13,0.09704055123620492,19.288721,2.5205731,2099
30814,r2i1p1f1,2099,05,14,0.0,21.665047,5.551058,2099
30815,r2i1p1f1,2099,05,15,0.0,22.955208,7.67316,2099
30816,r2i1p1f1,2099,05,16,0.0,23.393723,7.7917843,2099
30817,r2i1p1f1,2099,05,17,0.0,23.32285,7.801055,2099
30818,r2i1p1f1,2099,05,18,0.0,25.18451,8.659342,2099
30819,r2i1p1f1,2099,05,19,0.0411745592373336,25.22215,9.328876,2099
30820,r2i1p1f1,2099,05,20,0.0,26.370682,8.3775,2099
30821,r2i1p1f1,2099,05,21,0.0,27.6178,10.649431,2099
30822,r2i1p1f1,2099,05,22,0.8864002040354535,26.342667,11.16645,2099
30823,r2i1p1f1,2099,05,23,8.712943058208111,22.127756,7.5726776,2099
30824,r2i1p1f1,2099,05,24,1.2124359930794526,24.0818,9.044007,2099
30825,r2i1p1f1,2099,05,25,1.7162647442916068,24.83186,8.580114,2099
30826,r2i1p1f1,2099,05,26,0.0,29.412832,13.140135,2099
30827,r2i1p1f1,2099,05,27,0.0,28.011242,9.904138,2099
30828,r2i1p1f1,2099,05,28,0.6140298709851777,20.041676,5.1540713,2099
30829,r2i1p1f1,2099,05,29,0.0,22.779945,7.6528006,2099
30830,r2i1p1f1,2099,05,30,0.0,26.727726,11.757133,2099
30831,r2i1p1f1,2099,05,31,0.0,28.567099,12.62207,2099
30832,r2i1p1f1,2099,06,01,0.0,30.084541,11.592364,2099
30833,r2i1p1f1,2099,06,02,0.0,30.651852,12.750034,2099
30834,r2i1p1f1,2099,06,03,0.0,32.858566,15.107127,2099
30835,r2i1p1f1,2099,06,04,0.0,35.780273,17.214169,2099
30836,r2i1p1f1,2099,06,05,0.0,36.866405,16.738989,2099
30837,r2i1p1f1,2099,06,06,0.0,34.381855,15.753132,2099
30838,r2i1p1f1,2099,06,07,0.0,33.552135,18.073336,2099
30839,r2i1p1f1,2099,06,08,0.0,34.225544,16.516579,2099
30840,r2i1p1f1,2099,06,09,0.0,33.025818,14.168456,2099
30841,r2i1p1f1,2099,06,10,0.0,31.169407,11.514593,2099
30842,r2i1p1f1,2099,06,11,0.0,28.447262,10.720176,2099
30843,r2i1p1f1,2099,06,12,0.0,28.446371,10.588393,2099
30844,r2i1p1f1,2099,06,13,0.0,22.545498,6.381401,2099
30845,r2i1p1f1,2099,06,14,0.0,27.950249,10.2243,2099
30846,r2i1p1f1,2099,06,15,0.0,34.637833,17.614143,2099
30847,r2i1p1f1,2099,06,16,0.23025915725156665,33.86567,15.066138,2099
30848,r2i1p1f1,2099,06,17,0.0,30.378475,10.860964,2099
30849,r2i1p1f1,2099,06,18,0.0,31.896616,13.315336,2099
30850,r2i1p1f1,2099,06,19,0.0,34.878845,16.773458,2099
30851,r2i1p1f1,2099,06,20,0.0,37.204674,18.493614,2099
30852,r2i1p1f1,2099,06,21,0.14979126035541412,36.90468,19.62754,2099
30853,r2i1p1f1,2099,06,22,0.06040139833203284,36.033764,20.158937,2099
30854,r2i1p1f1,2099,06,23,0.8716723975144447,30.750292,11.578144,2099
30855,r2i1p1f1,2099,06,24,0.09028748750665727,29.02125,12.838144,2099
30856,r2i1p1f1,2099,06,25,0.0,34.3592,17.933119,2099
30857,r2i1p1f1,2099,06,26,0.0,35.7769,17.416466,2099
30858,r2i1p1f1,2099,06,27,0.0,36.55339,17.981174,2099
30859,r2i1p1f1,2099,06,28,0.0,36.164867,18.155777,2099
30860,r2i1p1f1,2099,06,29,0.0,34.730854,17.378864,2099
30861,r2i1p1f1,2099,06,30,0.0,33.356373,14.922204,2099
30862,r2i1p1f1,2099,07,01,0.0,32.66841,13.858633,2099
30863,r2i1p1f1,2099,07,02,0.0,37.26694,19.657835,2099
30864,r2i1p1f1,2099,07,03,0.0,41.503338,22.841959,2099
30865,r2i1p1f1,2099,07,04,0.0,40.738846,22.724276,2099
30866,r2i1p1f1,2099,07,05,0.0,38.958927,20.245623,2099
30867,r2i1p1f1,2099,07,06,0.0,36.68304,17.762136,2099
30868,r2i1p1f1,2099,07,07,0.0,34.440056,16.35289,2099
30869,r2i1p1f1,2099,07,08,0.0,37.127125,19.605915,2099
30870,r2i1p1f1,2099,07,09,0.0,38.479477,20.964622,2099
30871,r2i1p1f1,2099,07,10,0.0,37.21674,16.724802,2099
30872,r2i1p1f1,2099,07,11,0.0,35.462616,16.897366,2099
30873,r2i1p1f1,2099,07,12,0.0,37.57655,19.836586,2099
30874,r2i1p1f1,2099,07,13,0.0,39.297836,20.237865,2099
30875,r2i1p1f1,2099,07,14,0.0,39.12924,19.096775,2099
30876,r2i1p1f1,2099,07,15,0.0,37.85961,16.730757,2099
30877,r2i1p1f1,2099,07,16,0.0,35.297493,14.907283,2099
30878,r2i1p1f1,2099,07,17,0.0005364777166505519,34.429466,17.010157,2099
30879,r2i1p1f1,2099,07,18,0.0,34.26146,16.277382,2099
30880,r2i1p1f1,2099,07,19,0.0,34.861984,17.321457,2099
30881,r2i1p1f1,2099,07,20,0.0,33.745342,15.866749,2099
30882,r2i1p1f1,2099,07,21,0.0,33.6693,15.908519,2099
30883,r2i1p1f1,2099,07,22,0.0,33.949104,15.742832,2099
30884,r2i1p1f1,2099,07,23,0.0,34.076996,14.461497,2099
30885,r2i1p1f1,2099,07,24,0.0,33.709038,13.853706,2099
30886,r2i1p1f1,2099,07,25,0.0,33.39214,14.063748,2099
30887,r2i1p1f1,2099,07,26,0.0,35.44313,16.480635,2099
30888,r2i1p1f1,2099,07,27,0.0,37.826828,17.127428,2099
30889,r2i1p1f1,2099,07,28,0.0,38.882786,21.902617,2099
30890,r2i1p1f1,2099,07,29,0.0,41.207672,23.896788,2099
30891,r2i1p1f1,2099,07,30,0.0,41.57155,22.41491,2099
30892,r2i1p1f1,2099,07,31,0.0,39.2176,21.646313,2099
30893,r2i1p1f1,2099,08,01,0.0,39.89033,22.422045,2099
30894,r2i1p1f1,2099,08,02,0.0,40.37489,21.558159,2099
30895,r2i1p1f1,2099,08,03,0.0,39.497498,19.912998,2099
30896,r2i1p1f1,2099,08,04,0.0,38.292377,19.200127,2099
30897,r2i1p1f1,2099,08,05,0.0,36.517723,17.640926,2099
30898,r2i1p1f1,2099,08,06,0.0,37.282055,17.535942,2099
30899,r2i1p1f1,2099,08,07,0.0,38.734062,20.235193,2099
30900,r2i1p1f1,2099,08,08,0.0,39.479767,19.095392,2099
30901,r2i1p1f1,2099,08,09,0.0,38.87491,20.019318,2099
30902,r2i1p1f1,2099,08,10,0.0,38.349186,20.275063,2099
30903,r2i1p1f1,2099,08,11,0.0,37.973186,17.86851,2099
30904,r2i1p1f1,2099,08,12,0.0,40.588207,21.093563,2099
30905,r2i1p1f1,2099,08,13,0.11717209569326315,40.429615,23.763527,2099
30906,r2i1p1f1,2099,08,14,0.0,39.09578,21.578865,2099
30907,r2i1p1f1,2099,08,15,0.0,39.540672,20.620134,2099
30908,r2i1p1f1,2099,08,16,0.15678656199042962,34.00761,13.546477,2099
30909,r2i1p1f1,2099,08,17,0.0,37.520912,19.936766,2099
30910,r2i1p1f1,2099,08,18,0.0,38.607124,23.26138,2099
30911,r2i1p1f1,2099,08,19,0.0,39.09158,21.846827,2099
30912,r2i1p1f1,2099,08,20,0.0,40.1205,22.530685,2099
30913,r2i1p1f1,2099,08,21,0.0,39.56746,22.28444,2099
30914,r2i1p1f1,2099,08,22,0.0,38.94733,21.683714,2099
30915,r2i1p1f1,2099,08,23,0.0,38.492176,22.654718,2099
30916,r2i1p1f1,2099,08,24,0.0,39.03075,21.047392,2099
30917,r2i1p1f1,2099,08,25,0.0,39.16204,20.884548,2099
30918,r2i1p1f1,2099,08,26,0.021505125096155098,39.2781,21.37557,2099
30919,r2i1p1f1,2099,08,27,0.0,39.928513,21.56655,2099
30920,r2i1p1f1,2099,08,28,0.0,40.1965,20.308372,2099
30921,r2i1p1f1,2099,08,29,0.0,38.1313,18.301826,2099
30922,r2i1p1f1,2099,08,30,0.0,35.1269,17.27742,2099
30923,r2i1p1f1,2099,08,31,0.0,36.13045,18.860231,2099
30924,r2i1p1f1,2099,09,01,0.0,37.588108,21.305517,2099
30925,r2i1p1f1,2099,09,02,0.0,36.58335,18.701029,2099
30926,r2i1p1f1,2099,09,03,0.0,34.923904,16.586235,2099
30927,r2i1p1f1,2099,09,04,0.0,31.288235,12.789856,2099
30928,r2i1p1f1,2099,09,05,0.0,29.91204,11.490281,2099
30929,r2i1p1f1,2099,09,06,0.0,29.527626,11.099216,2099
30930,r2i1p1f1,2099,09,07,0.0,27.397297,9.899505,2099
30931,r2i1p1f1,2099,09,08,4.032028532635756,24.499207,8.539503,2099
30932,r2i1p1f1,2099,09,09,18.45931868600701,14.922032,7.5222955,2099
30933,r2i1p1f1,2099,09,10,0.2186675893881329,18.732033,6.437929,2099
30934,r2i1p1f1,2099,09,11,0.0,24.995796,8.493789,2099
30935,r2i1p1f1,2099,09,12,0.0,29.976433,13.101066,2099
30936,r2i1p1f1,2099,09,13,0.0,30.806816,12.086134,2099
30937,r2i1p1f1,2099,09,14,0.0,28.457895,11.53707,2099
30938,r2i1p1f1,2099,09,15,0.0,27.374666,13.600653,2099
30939,r2i1p1f1,2099,09,16,0.0,33.563766,16.178013,2099
30940,r2i1p1f1,2099,09,17,0.0,34.476475,16.59931,2099
30941,r2i1p1f1,2099,09,18,0.0,34.28663,15.234702,2099
30942,r2i1p1f1,2099,09,19,0.0,33.370728,17.179817,2099
30943,r2i1p1f1,2099,09,20,0.0,31.685059,15.942117,2099
30944,r2i1p1f1,2099,09,21,0.0,31.480255,14.3874445,2099
30945,r2i1p1f1,2099,09,22,0.0,28.103685,9.100131,2099
30946,r2i1p1f1,2099,09,23,0.0,24.803535,9.109807,2099
30947,r2i1p1f1,2099,09,24,0.0,24.15752,9.134773,2099
30948,r2i1p1f1,2099,09,25,0.0,25.171194,11.500519,2099
30949,r2i1p1f1,2099,09,26,0.21576539821808183,24.762613,7.768726,2099
30950,r2i1p1f1,2099,09,27,0.0,25.709913,9.626722,2099
30951,r2i1p1f1,2099,09,28,0.0,28.020298,11.347379,2099
30952,r2i1p1f1,2099,09,29,0.0,30.42529,15.001755,2099
30953,r2i1p1f1,2099,09,30,0.0,35.87586,18.586185,2099
30954,r2i1p1f1,2099,10,01,0.0,36.404068,17.645363,2099
30955,r2i1p1f1,2099,10,02,0.0,35.873333,16.8325,2099
30956,r2i1p1f1,2099,10,03,0.2555294044668699,30.72739,14.191297,2099
30957,r2i1p1f1,2099,10,04,0.0,29.311184,13.811965,2099
30958,r2i1p1f1,2099,10,05,0.0,32.322998,15.804402,2099
30959,r2i1p1f1,2099,10,06,0.0,36.004498,19.495481,2099
30960,r2i1p1f1,2099,10,07,0.0,36.45851,19.386108,2099
30961,r2i1p1f1,2099,10,08,0.0,35.923515,19.580444,2099
30962,r2i1p1f1,2099,10,09,0.0,37.74254,20.297754,2099
30963,r2i1p1f1,2099,10,10,0.0,38.603813,20.491392,2099
30964,r2i1p1f1,2099,10,11,0.0,37.705788,19.636538,2099
30965,r2i1p1f1,2099,10,12,0.0,33.29137,16.08439,2099
30966,r2i1p1f1,2099,10,13,0.0,27.952023,12.766727,2099
30967,r2i1p1f1,2099,10,14,0.0,27.351522,10.059544,2099
30968,r2i1p1f1,2099,10,15,0.0,30.084843,13.339384,2099
30969,r2i1p1f1,2099,10,16,0.0,32.431717,14.545242,2099
30970,r2i1p1f1,2099,10,17,10.09504098014986,29.017508,12.886585,2099
30971,r2i1p1f1,2099,10,18,1.3678099408480193,19.392988,10.448413,2099
30972,r2i1p1f1,2099,10,19,0.0,26.543856,10.930705,2099
30973,r2i1p1f1,2099,10,20,0.02717816946642415,27.947723,13.925372,2099
30974,r2i1p1f1,2099,10,21,0.26732862564244897,24.855055,9.183735,2099
30975,r2i1p1f1,2099,10,22,0.10069073225551506,21.280727,13.207043,2099
30976,r2i1p1f1,2099,10,23,0.0,24.698633,10.491192,2099
30977,r2i1p1f1,2099,10,24,0.0,25.715546,12.686684,2099
30978,r2i1p1f1,2099,10,25,0.0,24.325502,9.327392,2099
30979,r2i1p1f1,2099,10,26,0.0,24.900988,10.406209,2099
30980,r2i1p1f1,2099,10,27,0.0,26.14022,11.221642,2099
30981,r2i1p1f1,2099,10,28,0.0,27.059135,11.358865,2099
30982,r2i1p1f1,2099,10,29,0.0,25.700989,9.612671,2099
30983,r2i1p1f1,2099,10,30,0.0,21.605793,8.134309,2099
30984,r2i1p1f1,2099,10,31,0.0,24.822046,8.674627,2099
30985,r2i1p1f1,2099,11,01,0.0,26.264915,12.342318,2099
30986,r2i1p1f1,2099,11,02,0.0,26.697763,11.171238,2099
30987,r2i1p1f1,2099,11,03,0.0,27.478779,12.290111,2099
30988,r2i1p1f1,2099,11,04,0.0,27.94211,12.679249,2099
30989,r2i1p1f1,2099,11,05,0.0,27.467123,12.827346,2099
30990,r2i1p1f1,2099,11,06,0.0,27.677084,14.502758,2099
30991,r2i1p1f1,2099,11,07,0.0,25.818754,10.868597,2099
30992,r2i1p1f1,2099,11,08,0.0,24.97527,9.504202,2099
30993,r2i1p1f1,2099,11,09,0.0,25.181404,12.228571,2099
30994,r2i1p1f1,2099,11,10,0.0,26.08774,14.125929,2099
30995,r2i1p1f1,2099,11,11,0.0,26.627798,9.208947,2099
30996,r2i1p1f1,2099,11,12,0.0,23.579752,8.522629,2099
30997,r2i1p1f1,2099,11,13,0.0,22.944685,10.874554,2099
30998,r2i1p1f1,2099,11,14,0.0,22.90513,9.256497,2099
30999,r2i1p1f1,2099,11,15,0.015574474855384324,17.610312,1.4074653,2099
31000,r2i1p1f1,2099,11,16,0.005006782521377318,14.547472,2.7388318,2099
31001,r2i1p1f1,2099,11,17,8.230169112289332,15.795992,1.9446744,2099
31002,r2i1p1f1,2099,11,18,0.8546438748680885,10.726475,3.508577,2099
31003,r2i1p1f1,2099,11,19,19.11320880853964,9.619327,4.596805,2099
31004,r2i1p1f1,2099,11,20,0.2760740759413238,8.34762,-3.4520798,2099
31005,r2i1p1f1,2099,11,21,6.343272721022686,8.293605,-2.9635074,2099
31006,r2i1p1f1,2099,11,22,0.505811577249915,8.102958,-0.96671283,2099
31007,r2i1p1f1,2099,11,23,0.022592479763261508,7.578922,0.5483104,2099
31008,r2i1p1f1,2099,11,24,0.0,7.1762323,-5.2962637,2099
31009,r2i1p1f1,2099,11,25,0.08937512200191122,9.2846575,-3.78216,2099
31010,r2i1p1f1,2099,11,26,0.6916308767813462,11.774878,-1.3166025,2099
31011,r2i1p1f1,2099,11,27,0.0,12.945062,-0.8065294,2099
31012,r2i1p1f1,2099,11,28,0.18420142711192966,12.554633,2.727306,2099
31013,r2i1p1f1,2099,11,29,11.203003655100474,10.212973,5.1912136,2099
31014,r2i1p1f1,2099,11,30,0.0,16.078558,3.9367666,2099
31015,r2i1p1f1,2099,12,01,0.0,18.990265,6.606106,2099
31016,r2i1p1f1,2099,12,02,0.0,21.126728,8.30011,2099
31017,r2i1p1f1,2099,12,03,27.658440630693804,19.373707,8.764385,2099
31018,r2i1p1f1,2099,12,04,0.0,12.763686,3.3567562,2099
31019,r2i1p1f1,2099,12,05,0.0,13.385529,2.531585,2099
31020,r2i1p1f1,2099,12,06,9.568352659152879,13.978413,4.4615045,2099
31021,r2i1p1f1,2099,12,07,0.0,11.352554,0.3777694,2099
31022,r2i1p1f1,2099,12,08,0.0,13.082341,-0.1072785,2099
31023,r2i1p1f1,2099,12,09,2.0987474420252283,13.141991,3.1725667,2099
31024,r2i1p1f1,2099,12,10,2.0983957015346277,13.394499,7.011133,2099
31025,r2i1p1f1,2099,12,11,3.4622489222044806,12.596174,6.0179462,2099
31026,r2i1p1f1,2099,12,12,49.465996568324044,14.160931,4.266581,2099
31027,r2i1p1f1,2099,12,13,22.26336865005578,11.011667,1.7585831,2099
31028,r2i1p1f1,2099,12,14,80.58960058383491,12.84827,6.851755,2099
31029,r2i1p1f1,2099,12,15,6.223314608484998,11.769672,5.5841107,2099
31030,r2i1p1f1,2099,12,16,0.0,11.33147,1.9065794,2099
31031,r2i1p1f1,2099,12,17,0.0,12.191613,1.3999952,2099
31032,r2i1p1f1,2099,12,18,0.6132972339855769,8.993252,3.9926016,2099
31033,r2i1p1f1,2099,12,19,10.44367853651238,11.694088,5.2096806,2099
31034,r2i1p1f1,2099,12,20,0.1922155685861071,13.19646,7.7312503,2099
31035,r2i1p1f1,2099,12,21,3.4375055852422065,14.187071,8.489008,2099
31036,r2i1p1f1,2099,12,22,6.645887227284675,12.636631,-0.3101618,2099
31037,r2i1p1f1,2099,12,23,0.0,14.706631,1.6676147,2099
31038,r2i1p1f1,2099,12,24,0.0,15.836324,4.952841,2099
31039,r2i1p1f1,2099,12,25,0.0,17.862907,6.014353,2099
31040,r2i1p1f1,2099,12,26,0.0,18.24667,5.763564,2099
31041,r2i1p1f1,2099,12,27,8.746369207608495,12.592204,4.698995,2099
31042,r2i1p1f1,2099,12,28,0.0,9.789056,-1.4901059,2099
31043,r2i1p1f1,2099,12,29,0.8660761959077945,10.115644,-0.0727325,2099
31044,r2i1p1f1,2099,12,30,21.909447215330147,12.05327,2.7086952,2099
31045,r2i1p1f1,2099,12,31,8.662248890641422,13.3308735,1.5906664,2099
31046,r2i1p1f1,2100,01,01,0.0,10.846988,2.3042688,2100
31047,r2i1p1f1,2100,01,02,5.9277708492231795,9.594804,2.2174683,2100
31048,r2i1p1f1,2100,01,03,1.4009209865037064,12.095692,5.67915,2100
31049,r2i1p1f1,2100,01,04,25.75611703141476,12.254104,5.9003625,2100
31050,r2i1p1f1,2100,01,05,2.556955445669473,11.064213,-0.5956552,2100
31051,r2i1p1f1,2100,01,06,0.0,10.401524,-1.4858252,2100
31052,r2i1p1f1,2100,01,07,9.045214575849059,9.245367,0.7972748,2100
31053,r2i1p1f1,2100,01,08,23.274978996232676,13.819223,5.5012627,2100
31054,r2i1p1f1,2100,01,09,3.933228409636058e-06,16.461372,3.1774354,2100
31055,r2i1p1f1,2100,01,10,74.82925076838,14.215611,8.913364,2100
31056,r2i1p1f1,2100,01,11,13.119584837704679,13.337324,6.665789,2100
31057,r2i1p1f1,2100,01,12,0.0,13.832618,0.90188134,2100
31058,r2i1p1f1,2100,01,13,0.0,14.545963,1.0849373,2100
31059,r2i1p1f1,2100,01,14,0.018888503484504326,15.310291,2.8795846,2100
31060,r2i1p1f1,2100,01,15,11.389401061205717,11.583996,6.4465485,2100
31061,r2i1p1f1,2100,01,16,67.17802917701192,13.623008,6.346277,2100
31062,r2i1p1f1,2100,01,17,4.4898706524122645,8.803079,-1.1480964,2100
31063,r2i1p1f1,2100,01,18,0.0,10.838311,-3.2097363,2100
31064,r2i1p1f1,2100,01,19,3.5832926689636224,9.481311,-3.130231,2100
31065,r2i1p1f1,2100,01,20,18.106710236952495,8.24447,2.9740112,2100
31066,r2i1p1f1,2100,01,21,14.42389081521469,7.7723856,3.0743666,2100
31067,r2i1p1f1,2100,01,22,71.21678230032558,10.648082,5.4040866,2100
31068,r2i1p1f1,2100,01,23,21.07265434533474,11.621821,-0.22051848,2100
31069,r2i1p1f1,2100,01,24,3.5324132696246124,7.9104776,2.4868288,2100
31070,r2i1p1f1,2100,01,25,0.0,12.251598,0.0438936,2100
31071,r2i1p1f1,2100,01,26,0.0,11.547492,3.405166,2100
31072,r2i1p1f1,2100,01,27,0.0,13.646714,3.0293841,2100
31073,r2i1p1f1,2100,01,28,26.20526139962749,13.9136,1.795572,2100
31074,r2i1p1f1,2100,01,29,38.02157365353196,11.099712,6.0867224,2100
31075,r2i1p1f1,2100,01,30,11.639660332730273,12.254178,5.1931067,2100
31076,r2i1p1f1,2100,01,31,0.0,13.666441,-0.33555254,2100
31077,r2i1p1f1,2100,02,01,0.0,13.598872,-0.11884536,2100
31078,r2i1p1f1,2100,02,02,0.35360035036546833,13.284895,3.8168712,2100
31079,r2i1p1f1,2100,02,03,0.8891111535952234,11.3396015,2.9548445,2100
31080,r2i1p1f1,2100,02,04,0.0,12.651861,1.0315605,2100
31081,r2i1p1f1,2100,02,05,4.593565091431628,9.412766,3.281973,2100
31082,r2i1p1f1,2100,02,06,0.0,14.382575,0.07738474,2100
31083,r2i1p1f1,2100,02,07,0.0,17.669283,4.9115815,2100
31084,r2i1p1f1,2100,02,08,10.669093685100961,19.711601,5.6059093,2100
31085,r2i1p1f1,2100,02,09,6.777989754073133,13.946256,4.5867915,2100
31086,r2i1p1f1,2100,02,10,3.7199014396719576,12.567542,1.2950327,2100
31087,r2i1p1f1,2100,02,11,0.1540505583577101,10.189781,0.7940752,2100
31088,r2i1p1f1,2100,02,12,0.0,8.957983,-1.9876332,2100
31089,r2i1p1f1,2100,02,13,0.0,13.124035,0.065773755,2100
31090,r2i1p1f1,2100,02,14,0.0,17.754122,3.4211679,2100
31091,r2i1p1f1,2100,02,15,0.0,19.416548,6.230696,2100
31092,r2i1p1f1,2100,02,16,0.0,21.276669,7.606698,2100
31093,r2i1p1f1,2100,02,17,0.0,18.35206,6.6061997,2100
31094,r2i1p1f1,2100,02,18,0.0,21.965897,7.663123,2100
31095,r2i1p1f1,2100,02,19,0.0,21.168617,7.1344714,2100
31096,r2i1p1f1,2100,02,20,0.0,19.51063,6.925957,2100
31097,r2i1p1f1,2100,02,21,10.997686708014953,14.11181,7.912145,2100
31098,r2i1p1f1,2100,02,22,0.012342939794507402,18.313398,5.32145,2100
31099,r2i1p1f1,2100,02,23,0.0,18.516699,5.857205,2100
31100,r2i1p1f1,2100,02,24,0.0,19.508581,5.4229984,2100
31101,r2i1p1f1,2100,02,25,0.1945324882683508,17.69962,6.036644,2100
31102,r2i1p1f1,2100,02,26,21.173476802141522,14.352903,5.984039,2100
31103,r2i1p1f1,2100,02,27,30.25538700430843,10.297296,3.9045172,2100
31104,r2i1p1f1,2100,02,28,0.0,14.30307,1.7616374,2100
31105,r2i1p1f1,2100,03,01,0.0,16.25216,1.0810876,2100
31106,r2i1p1f1,2100,03,02,0.0,17.585066,4.431078,2100
31107,r2i1p1f1,2100,03,03,21.24387488929642,12.9990225,7.030699,2100
31108,r2i1p1f1,2100,03,04,3.3679848267354373,10.342545,-1.0220761,2100
31109,r2i1p1f1,2100,03,05,2.01641425603043,9.119973,-0.7752369,2100
31110,r2i1p1f1,2100,03,06,0.26783962823628826,12.3634405,3.4189649,2100
31111,r2i1p1f1,2100,03,07,0.5176161015242542,14.720149,5.326175,2100
31112,r2i1p1f1,2100,03,08,0.0,16.990282,5.061794,2100
31113,r2i1p1f1,2100,03,09,0.0,21.335127,5.357137,2100
31114,r2i1p1f1,2100,03,10,0.0,22.562218,8.876247,2100
31115,r2i1p1f1,2100,03,11,0.011535117829453156,22.44047,8.1256895,2100
31116,r2i1p1f1,2100,03,12,0.0,17.34886,3.2820544,2100
31117,r2i1p1f1,2100,03,13,0.0,19.598534,3.4967754,2100
31118,r2i1p1f1,2100,03,14,1.6727331488709751,19.1028,3.4193137,2100
31119,r2i1p1f1,2100,03,15,3.124330903892769,16.527733,6.494907,2100
31120,r2i1p1f1,2100,03,16,1.9890882234619767,14.404323,4.5578976,2100
31121,r2i1p1f1,2100,03,17,6.578576859692475,12.619625,6.146181,2100
31122,r2i1p1f1,2100,03,18,8.31889403243622,9.456192,4.5955415,2100
31123,r2i1p1f1,2100,03,19,2.7906522030775704,8.907206,-2.8989265,2100
31124,r2i1p1f1,2100,03,20,0.0,15.385507,-0.9130351,2100
31125,r2i1p1f1,2100,03,21,0.0,17.087748,2.400682,2100
31126,r2i1p1f1,2100,03,22,0.005226513553679979,15.653564,5.073644,2100
31127,r2i1p1f1,2100,03,23,2.4964530762190407,14.955097,6.0978436,2100
31128,r2i1p1f1,2100,03,24,0.822003873301469,15.328701,5.9420805,2100
31129,r2i1p1f1,2100,03,25,0.004390984122437658,20.784231,5.5614266,2100
31130,r2i1p1f1,2100,03,26,0.0,21.483969,5.930002,2100
31131,r2i1p1f1,2100,03,27,0.0,22.812605,7.081401,2100
31132,r2i1p1f1,2100,03,28,0.0,25.556229,8.564196,2100
31133,r2i1p1f1,2100,03,29,0.0,26.038143,9.8074,2100
31134,r2i1p1f1,2100,03,30,0.0,26.780693,12.124354,2100
31135,r2i1p1f1,2100,03,31,0.0,24.421473,9.456678,2100
31136,r2i1p1f1,2100,04,01,0.0,25.833239,9.878279,2100
31137,r2i1p1f1,2100,04,02,0.0,26.661015,10.58931,2100
31138,r2i1p1f1,2100,04,03,8.075935975102766,21.423122,6.661299,2100
31139,r2i1p1f1,2100,04,04,3.9096004318196265,17.014198,6.05547,2100
31140,r2i1p1f1,2100,04,05,0.0,14.764838,5.638597,2100
31141,r2i1p1f1,2100,04,06,2.329873223084178,10.878104,4.244402,2100
31142,r2i1p1f1,2100,04,07,0.0,18.114597,2.3391478,2100
31143,r2i1p1f1,2100,04,08,0.0,19.683271,4.679319,2100
31144,r2i1p1f1,2100,04,09,0.0,21.903557,5.9127097,2100
31145,r2i1p1f1,2100,04,10,0.0,24.168037,7.6544476,2100
31146,r2i1p1f1,2100,04,11,0.0,24.011644,7.100292,2100
31147,r2i1p1f1,2100,04,12,20.464348291716306,18.457249,4.6429195,2100
31148,r2i1p1f1,2100,04,13,0.0,16.143627,4.624444,2100
31149,r2i1p1f1,2100,04,14,0.0,21.38502,5.291545,2100
31150,r2i1p1f1,2100,04,15,0.0,22.321447,6.6569033,2100
31151,r2i1p1f1,2100,04,16,0.17083726702935564,18.69794,3.672699,2100
31152,r2i1p1f1,2100,04,17,0.0,13.9072695,2.7374518,2100
31153,r2i1p1f1,2100,04,18,0.0,13.95909,1.4743701,2100
31154,r2i1p1f1,2100,04,19,4.2784638602825,12.066698,0.96759456,2100
31155,r2i1p1f1,2100,04,20,32.887277131158044,8.756552,4.278859,2100
31156,r2i1p1f1,2100,04,21,0.0,14.518082,-0.8325216,2100
31157,r2i1p1f1,2100,04,22,0.0,16.743717,1.5126934,2100
31158,r2i1p1f1,2100,04,23,0.0,19.688543,3.9458494,2100
31159,r2i1p1f1,2100,04,24,0.0,20.742052,4.556398,2100
31160,r2i1p1f1,2100,04,25,0.0,20.63593,5.077439,2100
31161,r2i1p1f1,2100,04,26,0.0,17.290642,4.79785,2100
31162,r2i1p1f1,2100,04,27,0.0,17.746485,2.5488849,2100
31163,r2i1p1f1,2100,04,28,1.244037062837755,15.53135,0.24463494,2100
31164,r2i1p1f1,2100,04,29,3.7146835972066583,13.51474,4.0094185,2100
31165,r2i1p1f1,2100,04,30,0.0,17.42736,2.3140402,2100
31166,r2i1p1f1,2100,05,01,0.0,19.153784,3.7634764,2100
31167,r2i1p1f1,2100,05,02,0.0,22.679802,6.9437056,2100
31168,r2i1p1f1,2100,05,03,0.0,25.584837,8.631077,2100
31169,r2i1p1f1,2100,05,04,5.856197979932176,22.508757,5.267153,2100
31170,r2i1p1f1,2100,05,05,7.725992454038533,17.48278,2.9918468,2100
31171,r2i1p1f1,2100,05,06,15.233201567986043,8.329342,3.3691914,2100
31172,r2i1p1f1,2100,05,07,1.0999132656706934,12.939015,2.5743651,2100
31173,r2i1p1f1,2100,05,08,0.0,18.5737,1.959607,2100
31174,r2i1p1f1,2100,05,09,0.0,21.4945,4.8074346,2100
31175,r2i1p1f1,2100,05,10,0.0,24.158863,7.8517556,2100
31176,r2i1p1f1,2100,05,11,0.0,25.615696,10.917774,2100
31177,r2i1p1f1,2100,05,12,4.8018825312738045,22.133072,5.576594,2100
31178,r2i1p1f1,2100,05,13,4.368590348673251,21.125536,5.8087373,2100
31179,r2i1p1f1,2100,05,14,0.0,21.97887,7.15591,2100
31180,r2i1p1f1,2100,05,15,5.5402653242026645,21.180746,6.025998,2100
31181,r2i1p1f1,2100,05,16,1.0509861612675309,24.121168,9.659973,2100
31182,r2i1p1f1,2100,05,17,1.2347147226648758,24.293512,9.281004,2100
31183,r2i1p1f1,2100,05,18,1.5061148079865916,22.716785,6.2399483,2100
31184,r2i1p1f1,2100,05,19,0.0,23.574791,7.6632876,2100
31185,r2i1p1f1,2100,05,20,0.0,26.301178,10.923871,2100
31186,r2i1p1f1,2100,05,21,0.0,26.33968,10.245332,2100
31187,r2i1p1f1,2100,05,22,0.0,25.007118,9.509392,2100
31188,r2i1p1f1,2100,05,23,0.0,25.961134,10.110261,2100
31189,r2i1p1f1,2100,05,24,0.0,27.467129,10.427787,2100
31190,r2i1p1f1,2100,05,25,0.0,27.716621,10.406719,2100
31191,r2i1p1f1,2100,05,26,0.0,25.305988,8.334835,2100
31192,r2i1p1f1,2100,05,27,0.0,23.156929,8.047875,2100
31193,r2i1p1f1,2100,05,28,0.0,23.405725,7.569179,2100
31194,r2i1p1f1,2100,05,29,0.0,23.271805,7.9200854,2100
31195,r2i1p1f1,2100,05,30,0.0,22.216658,8.326082,2100
31196,r2i1p1f1,2100,05,31,0.0,25.550945,10.225884,2100
31197,r2i1p1f1,2100,06,01,0.0,26.345463,9.770289,2100
31198,r2i1p1f1,2100,06,02,0.0,27.336372,12.555956,2100
31199,r2i1p1f1,2100,06,03,0.0,30.123905,14.414088,2100
31200,r2i1p1f1,2100,06,04,0.0,32.501766,15.257207,2100
31201,r2i1p1f1,2100,06,05,0.0,35.20002,17.737442,2100
31202,r2i1p1f1,2100,06,06,0.0,36.486927,18.385956,2100
31203,r2i1p1f1,2100,06,07,0.03143346621072851,36.478745,17.585697,2100
31204,r2i1p1f1,2100,06,08,0.007335993905144278,34.877605,17.497347,2100
31205,r2i1p1f1,2100,06,09,0.02624752337396785,31.911207,15.82188,2100
31206,r2i1p1f1,2100,06,10,0.0,31.684235,16.566248,2100
31207,r2i1p1f1,2100,06,11,0.0,32.443783,14.887806,2100
31208,r2i1p1f1,2100,06,12,0.14753934013285175,27.01404,9.635638,2100
31209,r2i1p1f1,2100,06,13,0.0,24.149174,10.880836,2100
31210,r2i1p1f1,2100,06,14,0.0,27.286018,11.392909,2100
31211,r2i1p1f1,2100,06,15,0.0,29.13235,12.881641,2100
31212,r2i1p1f1,2100,06,16,0.0,30.567461,15.177351,2100
31213,r2i1p1f1,2100,06,17,0.0,32.70525,16.29333,2100
31214,r2i1p1f1,2100,06,18,0.0,33.419376,13.461725,2100
31215,r2i1p1f1,2100,06,19,0.0,32.76225,13.718816,2100
31216,r2i1p1f1,2100,06,20,0.0,32.637085,14.620412,2100
31217,r2i1p1f1,2100,06,21,0.0,34.791515,16.376114,2100
31218,r2i1p1f1,2100,06,22,0.0,34.857574,14.700928,2100
31219,r2i1p1f1,2100,06,23,0.0,34.093662,15.383846,2100
31220,r2i1p1f1,2100,06,24,0.0,34.886963,16.509916,2100
31221,r2i1p1f1,2100,06,25,0.0,34.287483,17.281075,2100
31222,r2i1p1f1,2100,06,26,0.0,33.087692,15.6701355,2100
31223,r2i1p1f1,2100,06,27,0.0,36.281136,18.187256,2100
31224,r2i1p1f1,2100,06,28,0.0,37.08351,18.000395,2100
31225,r2i1p1f1,2100,06,29,0.0,36.939674,18.416328,2100
31226,r2i1p1f1,2100,06,30,0.07844278297852725,36.190918,17.244518,2100
31227,r2i1p1f1,2100,07,01,0.0,39.89743,22.767416,2100
31228,r2i1p1f1,2100,07,02,0.0,42.615124,25.667315,2100
31229,r2i1p1f1,2100,07,03,7.291511066705425,41.7348,20.206612,2100
31230,r2i1p1f1,2100,07,04,0.43556668263420306,29.207977,14.511719,2100
31231,r2i1p1f1,2100,07,05,0.002993590442201821,34.357754,16.769283,2100
31232,r2i1p1f1,2100,07,06,0.0,36.151203,20.905613,2100
31233,r2i1p1f1,2100,07,07,0.0,35.497837,17.514618,2100
31234,r2i1p1f1,2100,07,08,0.0,35.518963,19.022814,2100
31235,r2i1p1f1,2100,07,09,0.0,38.487534,21.450325,2100
31236,r2i1p1f1,2100,07,10,0.0,40.424484,21.803694,2100
31237,r2i1p1f1,2100,07,11,0.0,42.19192,22.915056,2100
31238,r2i1p1f1,2100,07,12,0.0,42.663383,22.072445,2100
31239,r2i1p1f1,2100,07,13,0.0,41.54225,22.702156,2100
31240,r2i1p1f1,2100,07,14,0.0,39.30325,21.681742,2100
31241,r2i1p1f1,2100,07,15,0.0,40.699364,22.94201,2100
31242,r2i1p1f1,2100,07,16,0.0,41.93477,23.52991,2100
31243,r2i1p1f1,2100,07,17,0.0,43.158237,24.960703,2100
31244,r2i1p1f1,2100,07,18,0.0,44.006336,25.377213,2100
31245,r2i1p1f1,2100,07,19,0.0,42.247513,23.294603,2100
31246,r2i1p1f1,2100,07,20,0.0,41.474106,21.719292,2100
31247,r2i1p1f1,2100,07,21,0.0,38.17876,20.353123,2100
31248,r2i1p1f1,2100,07,22,0.0,36.98425,17.95059,2100
31249,r2i1p1f1,2100,07,23,0.0,35.359783,15.402142,2100
31250,r2i1p1f1,2100,07,24,0.0,31.390564,12.644592,2100
31251,r2i1p1f1,2100,07,25,0.0,32.536,15.232834,2100
31252,r2i1p1f1,2100,07,26,0.0,36.870064,18.564028,2100
31253,r2i1p1f1,2100,07,27,0.0,40.66923,22.614756,2100
31254,r2i1p1f1,2100,07,28,0.0,41.644608,24.302595,2100
31255,r2i1p1f1,2100,07,29,0.0,41.316833,21.69716,2100
31256,r2i1p1f1,2100,07,30,0.0,38.340816,17.848064,2100
31257,r2i1p1f1,2100,07,31,0.0,34.48255,14.517768,2100
31258,r2i1p1f1,2100,08,01,0.0,32.029026,12.5474205,2100
31259,r2i1p1f1,2100,08,02,0.0,31.064999,12.254551,2100
31260,r2i1p1f1,2100,08,03,0.0,32.492252,14.707326,2100
31261,r2i1p1f1,2100,08,04,0.0,33.961784,15.345498,2100
31262,r2i1p1f1,2100,08,05,0.0,32.918034,13.824705,2100
31263,r2i1p1f1,2100,08,06,0.0,32.70791,14.515379,2100
31264,r2i1p1f1,2100,08,07,0.0,34.14159,13.138022,2100
31265,r2i1p1f1,2100,08,08,0.0,34.526646,14.970585,2100
31266,r2i1p1f1,2100,08,09,0.0,35.749294,18.066208,2100
31267,r2i1p1f1,2100,08,10,0.0,37.712605,20.37969,2100
31268,r2i1p1f1,2100,08,11,0.0,38.41081,18.616047,2100
31269,r2i1p1f1,2100,08,12,0.0,36.907757,16.412203,2100
31270,r2i1p1f1,2100,08,13,0.0,32.897713,13.604502,2100
31271,r2i1p1f1,2100,08,14,0.0,30.278708,13.060324,2100
31272,r2i1p1f1,2100,08,15,0.0,32.195724,14.331783,2100
31273,r2i1p1f1,2100,08,16,0.0,34.289246,14.699668,2100
31274,r2i1p1f1,2100,08,17,0.0,34.942673,14.455965,2100
31275,r2i1p1f1,2100,08,18,0.0,34.989746,16.890919,2100
31276,r2i1p1f1,2100,08,19,0.0,36.08055,17.620316,2100
31277,r2i1p1f1,2100,08,20,0.0,32.558945,15.241806,2100
31278,r2i1p1f1,2100,08,21,0.0,30.849918,10.517251,2100
31279,r2i1p1f1,2100,08,22,0.0,29.13034,11.098998,2100
31280,r2i1p1f1,2100,08,23,0.0,33.0406,13.601212,2100
31281,r2i1p1f1,2100,08,24,0.0,34.63304,14.874261,2100
31282,r2i1p1f1,2100,08,25,0.0,34.72644,13.186596,2100
31283,r2i1p1f1,2100,08,26,0.0,29.269222,10.671316,2100
31284,r2i1p1f1,2100,08,27,0.0,26.936256,9.639091,2100
31285,r2i1p1f1,2100,08,28,0.0,26.774916,9.025055,2100
31286,r2i1p1f1,2100,08,29,0.0,27.535011,9.373063,2100
31287,r2i1p1f1,2100,08,30,0.0,27.265587,7.903559,2100
31288,r2i1p1f1,2100,08,31,0.0,28.605967,9.61282,2100
31289,r2i1p1f1,2100,09,01,0.0,29.87398,10.714891,2100
31290,r2i1p1f1,2100,09,02,0.0,29.116905,10.218672,2100
31291,r2i1p1f1,2100,09,03,0.0,27.930094,11.525376,2100
31292,r2i1p1f1,2100,09,04,0.0,32.56624,15.768202,2100
31293,r2i1p1f1,2100,09,05,0.0,33.88782,16.537382,2100
31294,r2i1p1f1,2100,09,06,0.0,35.63175,17.970766,2100
31295,r2i1p1f1,2100,09,07,0.0,34.134525,15.014797,2100
31296,r2i1p1f1,2100,09,08,0.0,30.573442,12.108349,2100
31297,r2i1p1f1,2100,09,09,0.0,29.258423,12.724125,2100
31298,r2i1p1f1,2100,09,10,0.0,32.191353,14.69746,2100
31299,r2i1p1f1,2100,09,11,0.0,33.858723,14.305093,2100
31300,r2i1p1f1,2100,09,12,0.0,34.88006,16.89901,2100
31301,r2i1p1f1,2100,09,13,0.0,33.47581,14.125131,2100
31302,r2i1p1f1,2100,09,14,0.0,29.937735,11.187344,2100
31303,r2i1p1f1,2100,09,15,0.011240876483498141,29.663778,10.282972,2100
31304,r2i1p1f1,2100,09,16,0.0,22.725126,5.95732,2100
31305,r2i1p1f1,2100,09,17,5.1988702160088,19.390514,5.603206,2100
31306,r2i1p1f1,2100,09,18,8.057177593332199,18.014582,6.5168552,2100
31307,r2i1p1f1,2100,09,19,0.0,21.415367,6.3970637,2100
31308,r2i1p1f1,2100,09,20,0.0,22.25103,7.696045,2100
31309,r2i1p1f1,2100,09,21,0.07330727992211905,20.50648,9.143004,2100
31310,r2i1p1f1,2100,09,22,0.0,23.069258,7.6714563,2100
31311,r2i1p1f1,2100,09,23,0.0,27.119734,9.032661,2100
31312,r2i1p1f1,2100,09,24,0.0,28.174921,9.786114,2100
31313,r2i1p1f1,2100,09,25,0.0,28.625559,9.466403,2100
31314,r2i1p1f1,2100,09,26,0.0,29.765385,11.210833,2100
31315,r2i1p1f1,2100,09,27,0.0,32.826157,15.117532,2100
31316,r2i1p1f1,2100,09,28,0.0,35.091343,17.615534,2100
31317,r2i1p1f1,2100,09,29,0.0,34.695255,15.906294,2100
31318,r2i1p1f1,2100,09,30,0.0,32.095146,14.321913,2100
31319,r2i1p1f1,2100,10,01,0.0,29.996433,14.017305,2100
31320,r2i1p1f1,2100,10,02,0.0,30.73978,13.723974,2100
31321,r2i1p1f1,2100,10,03,0.0,32.534306,15.486949,2100
31322,r2i1p1f1,2100,10,04,0.0,33.02484,16.040186,2100
31323,r2i1p1f1,2100,10,05,0.0,32.229332,15.593059,2100
31324,r2i1p1f1,2100,10,06,0.0,26.240343,8.221194,2100
31325,r2i1p1f1,2100,10,07,0.0,26.776512,9.762244,2100
31326,r2i1p1f1,2100,10,08,0.0,29.053629,12.080375,2100
31327,r2i1p1f1,2100,10,09,0.0,28.851723,13.003174,2100
31328,r2i1p1f1,2100,10,10,0.0,25.963314,7.216692,2100
31329,r2i1p1f1,2100,10,11,0.0,25.44701,10.471465,2100
31330,r2i1p1f1,2100,10,12,0.0,25.436577,5.9460964,2100
31331,r2i1p1f1,2100,10,13,0.0,19.33823,6.323557,2100
31332,r2i1p1f1,2100,10,14,0.0,24.833632,7.9193215,2100
31333,r2i1p1f1,2100,10,15,0.0,27.68108,11.079999,2100
31334,r2i1p1f1,2100,10,16,0.0,28.912045,13.132404,2100
31335,r2i1p1f1,2100,10,17,0.0,31.690704,14.58077,2100
31336,r2i1p1f1,2100,10,18,0.0,33.570618,15.741161,2100
31337,r2i1p1f1,2100,10,19,0.0,34.653942,16.912224,2100
31338,r2i1p1f1,2100,10,20,0.0,32.695343,17.423079,2100
31339,r2i1p1f1,2100,10,21,0.0,30.990356,16.303076,2100
31340,r2i1p1f1,2100,10,22,0.0,28.556173,14.005177,2100
31341,r2i1p1f1,2100,10,23,0.0,30.389513,14.419229,2100
31342,r2i1p1f1,2100,10,24,0.0,31.219181,13.541771,2100
31343,r2i1p1f1,2100,10,25,0.0,25.417625,8.858466,2100
31344,r2i1p1f1,2100,10,26,0.0,24.667395,9.381268,2100
31345,r2i1p1f1,2100,10,27,0.0,28.894989,14.274906,2100
31346,r2i1p1f1,2100,10,28,0.0,31.32192,16.507633,2100
31347,r2i1p1f1,2100,10,29,0.0,31.191738,16.920017,2100
31348,r2i1p1f1,2100,10,30,0.0,28.592743,13.257078,2100
31349,r2i1p1f1,2100,10,31,0.0,30.032139,14.464059,2100
31350,r2i1p1f1,2100,11,01,0.0,31.646858,15.332515,2100
31351,r2i1p1f1,2100,11,02,0.0,32.808605,15.742837,2100
31352,r2i1p1f1,2100,11,03,0.0,31.531424,16.630016,2100
31353,r2i1p1f1,2100,11,04,0.0,28.541473,10.973731,2100
31354,r2i1p1f1,2100,11,05,0.11569347252589068,25.941929,8.632927,2100
31355,r2i1p1f1,2100,11,06,0.0,20.699635,9.00905,2100
31356,r2i1p1f1,2100,11,07,0.0,21.647774,7.7408013,2100
31357,r2i1p1f1,2100,11,08,0.0,21.530233,7.621023,2100
31358,r2i1p1f1,2100,11,09,0.0,25.843681,10.144229,2100
31359,r2i1p1f1,2100,11,10,0.0,26.107035,10.409716,2100
31360,r2i1p1f1,2100,11,11,0.0,24.88607,6.9500647,2100
31361,r2i1p1f1,2100,11,12,0.0,21.14749,6.5002127,2100
31362,r2i1p1f1,2100,11,13,17.383558004729593,16.879982,5.8931894,2100
31363,r2i1p1f1,2100,11,14,4.049771767179777,8.268268,0.8987401,2100
31364,r2i1p1f1,2100,11,15,0.0,7.9747334,-4.1802344,2100
31365,r2i1p1f1,2100,11,16,0.0,9.516118,-2.6104803,2100
31366,r2i1p1f1,2100,11,17,0.0,10.011373,0.27407128,2100
31367,r2i1p1f1,2100,11,18,0.0,10.651279,-1.7779675,2100
31368,r2i1p1f1,2100,11,19,0.0,11.970773,-2.2185469,2100
31369,r2i1p1f1,2100,11,20,0.0,12.198887,-0.52933234,2100
31370,r2i1p1f1,2100,11,21,0.0,13.861536,0.112210855,2100
31371,r2i1p1f1,2100,11,22,0.0,15.448785,-0.26756832,2100
31372,r2i1p1f1,2100,11,23,0.0,16.361904,3.0208676,2100
31373,r2i1p1f1,2100,11,24,12.87044039763714,13.707253,3.2133434,2100
31374,r2i1p1f1,2100,11,25,12.378639808503067,8.105006,3.3628528,2100
31375,r2i1p1f1,2100,11,26,5.527261212887424,8.614867,-0.6912849,2100
31376,r2i1p1f1,2100,11,27,44.20118739071768,8.982217,4.371233,2100
31377,r2i1p1f1,2100,11,28,2.2665427122944948,9.764184,-0.78328985,2100
31378,r2i1p1f1,2100,11,29,0.0,13.727136,0.52493834,2100
31379,r2i1p1f1,2100,11,30,0.0,15.024731,2.2490354,2100
31380,r2i1p1f1,2100,12,01,3.7954600776402003,15.352639,4.3839006,2100
31381,r2i1p1f1,2100,12,02,29.180974588598474,10.273958,1.9682778,2100
31382,r2i1p1f1,2100,12,03,0.0,5.630708,-5.299751,2100
31383,r2i1p1f1,2100,12,04,0.0,8.517978,-2.6596231,2100
31384,r2i1p1f1,2100,12,05,0.26035610741246273,12.396713,2.1632512,2100
31385,r2i1p1f1,2100,12,06,0.0,14.5471,3.2740011,2100
31386,r2i1p1f1,2100,12,07,0.0,15.387234,3.8098514,2100
31387,r2i1p1f1,2100,12,08,0.0,15.928333,4.46711,2100
31388,r2i1p1f1,2100,12,09,0.0,14.942577,3.8074412,2100
31389,r2i1p1f1,2100,12,10,0.0,16.084549,4.962752,2100
31390,r2i1p1f1,2100,12,11,0.0,19.39945,6.662574,2100
31391,r2i1p1f1,2100,12,12,0.0,19.755943,6.937648,2100
31392,r2i1p1f1,2100,12,13,0.0,16.679453,6.7560253,2100
31393,r2i1p1f1,2100,12,14,0.0,15.345165,4.119941,2100
31394,r2i1p1f1,2100,12,15,0.0,18.15285,6.0275965,2100
31395,r2i1p1f1,2100,12,16,0.0,18.886648,7.6569715,2100
31396,r2i1p1f1,2100,12,17,0.0,19.590233,5.8129463,2100
31397,r2i1p1f1,2100,12,18,0.0,18.774126,6.9497056,2100
31398,r2i1p1f1,2100,12,19,0.0,18.848299,7.603436,2100
31399,r2i1p1f1,2100,12,20,0.0,16.156986,4.231123,2100
31400,r2i1p1f1,2100,12,21,0.0,17.162216,3.8848054,2100
31401,r2i1p1f1,2100,12,22,0.0,18.110115,6.2227354,2100
31402,r2i1p1f1,2100,12,23,0.0,19.789667,7.7959423,2100
31403,r2i1p1f1,2100,12,24,0.0,20.312544,8.054584,2100
31404,r2i1p1f1,2100,12,25,0.04788701222604441,17.870527,5.1604567,2100
31405,r2i1p1f1,2100,12,26,0.008424683619523421,13.233278,2.5158806,2100
31406,r2i1p1f1,2100,12,27,0.0,11.27275,-0.4714371,2100
31407,r2i1p1f1,2100,12,28,23.205052136836457,10.816369,4.701378,2100
31408,r2i1p1f1,2100,12,29,6.535447586202281,11.120949,2.4889631,2100
31409,r2i1p1f1,2100,12,30,5.832987828324576,9.487141,2.390983,2100
31410,r2i1p1f1,2100,12,31,5.791332489229717,12.6044655,1.7283257,2100
