index,member_id,Year,Month,Day,Pr (mm),Tasmax (degC),Tasmin (degC),Year
0,r2i1p1f1,2015,01,01,0.0,9.584698,4.0041823,2015
1,r2i1p1f1,2015,01,02,2.3207281920375724,9.008891,3.7395177,2015
2,r2i1p1f1,2015,01,03,0.0,13.193047,3.5039861,2015
3,r2i1p1f1,2015,01,04,0.0,14.32025,3.2924132,2015
4,r2i1p1f1,2015,01,05,4.989341384470418,9.253827,0.6963364,2015
5,r2i1p1f1,2015,01,06,0.0,5.6437683,0.8286488,2015
6,r2i1p1f1,2015,01,07,0.0,5.021597,-3.157337,2015
7,r2i1p1f1,2015,01,08,0.0,9.805305,-4.998072,2015
8,r2i1p1f1,2015,01,09,0.0,8.405583,-7.481331,2015
9,r2i1p1f1,2015,01,10,0.019527222097027473,1.9033496,-4.194693,2015
10,r2i1p1f1,2015,01,11,17.53914987863167,2.9709969,-4.209897,2015
11,r2i1p1f1,2015,01,12,17.484399742855974,3.030658,-1.4765269,2015
12,r2i1p1f1,2015,01,13,0.9486192655458581,8.498782,1.1371809,2015
13,r2i1p1f1,2015,01,14,0.0,14.34449,1.326649,2015
14,r2i1p1f1,2015,01,15,0.0,12.109835,2.2570195,2015
15,r2i1p1f1,2015,01,16,0.0,10.841122,0.20417453,2015
16,r2i1p1f1,2015,01,17,0.0,17.855734,3.5291862,2015
17,r2i1p1f1,2015,01,18,0.0,18.319216,3.9132087,2015
18,r2i1p1f1,2015,01,19,0.0,19.133764,3.3384595,2015
19,r2i1p1f1,2015,01,20,0.0,16.260489,2.1748967,2015
20,r2i1p1f1,2015,01,21,0.0,12.687651,2.998758,2015
21,r2i1p1f1,2015,01,22,0.0,12.524233,3.5718422,2015
22,r2i1p1f1,2015,01,23,0.0,12.694765,2.391612,2015
23,r2i1p1f1,2015,01,24,0.0,13.100835,0.41795945,2015
24,r2i1p1f1,2015,01,25,0.0,13.192259,0.15743491,2015
25,r2i1p1f1,2015,01,26,7.281972743965945,6.478359,-0.43430594,2015
26,r2i1p1f1,2015,01,27,1.4754268396945218,4.5975075,-2.8637958,2015
27,r2i1p1f1,2015,01,28,7.4588809626080685,2.2195556,-4.227725,2015
28,r2i1p1f1,2015,01,29,28.533607834162048,0.011744964,-4.3042855,2015
29,r2i1p1f1,2015,01,30,2.794052565849807,3.2493854,-10.407336,2015
30,r2i1p1f1,2015,01,31,0.0,0.44251585,-12.017738,2015
31,r2i1p1f1,2015,02,01,0.23617372800030212,-0.123981185,-7.9733996,2015
32,r2i1p1f1,2015,02,02,0.6089857058283926,-1.3302023,-6.7175217,2015
33,r2i1p1f1,2015,02,03,0.0,3.4169154,-12.513912,2015
34,r2i1p1f1,2015,02,04,0.0,9.487615,-7.0143485,2015
35,r2i1p1f1,2015,02,05,0.0,9.35362,-4.862655,2015
36,r2i1p1f1,2015,02,06,0.0,9.47081,-1.4491676,2015
37,r2i1p1f1,2015,02,07,0.0,6.6397758,-0.22102562,2015
38,r2i1p1f1,2015,02,08,20.884306328606236,6.5738864,1.0714643,2015
39,r2i1p1f1,2015,02,09,5.852455671013629,8.315785,3.3211522,2015
40,r2i1p1f1,2015,02,10,17.779299948597327,9.365064,-0.27096987,2015
41,r2i1p1f1,2015,02,11,10.788261916996607,7.6438503,-2.2723775,2015
42,r2i1p1f1,2015,02,12,28.0746012596165,0.92757016,-3.1012416,2015
43,r2i1p1f1,2015,02,13,9.774107078975739,2.5495021,-9.612434,2015
44,r2i1p1f1,2015,02,14,0.0,1.6513053,-11.48274,2015
45,r2i1p1f1,2015,02,15,1.0435718157238556,3.2301106,-8.513081,2015
46,r2i1p1f1,2015,02,16,0.0,8.919904,-5.825465,2015
47,r2i1p1f1,2015,02,17,0.0,10.849756,-3.5558777,2015
48,r2i1p1f1,2015,02,18,0.0,11.481573,-2.4989233,2015
49,r2i1p1f1,2015,02,19,0.0,12.113075,-2.0340557,2015
50,r2i1p1f1,2015,02,20,0.0,12.436615,-1.033581,2015
51,r2i1p1f1,2015,02,21,0.0,11.094549,-4.274574,2015
52,r2i1p1f1,2015,02,22,0.0,8.843149,-2.7177796,2015
53,r2i1p1f1,2015,02,23,0.0,9.158025,-1.711831,2015
54,r2i1p1f1,2015,02,24,0.0,7.8622594,-4.5867577,2015
55,r2i1p1f1,2015,02,25,0.0,8.410097,-4.4587336,2015
56,r2i1p1f1,2015,02,26,0.0,13.595227,-0.87077075,2015
57,r2i1p1f1,2015,02,27,0.0,13.837446,0.15493843,2015
58,r2i1p1f1,2015,02,28,0.0,13.59206,0.008573092,2015
59,r2i1p1f1,2015,03,01,0.0,13.7553,-2.5688462,2015
60,r2i1p1f1,2015,03,02,0.0,11.803813,-2.6398883,2015
61,r2i1p1f1,2015,03,03,0.0,11.768359,-4.0940614,2015
62,r2i1p1f1,2015,03,04,0.0,12.918577,-1.8866497,2015
63,r2i1p1f1,2015,03,05,0.0,14.411245,-0.28565148,2015
64,r2i1p1f1,2015,03,06,0.0,14.204444,-1.9894562,2015
65,r2i1p1f1,2015,03,07,0.0,14.247066,-1.2465082,2015
66,r2i1p1f1,2015,03,08,0.0,14.38311,1.3904972,2015
67,r2i1p1f1,2015,03,09,0.0,15.574241,1.5389715,2015
68,r2i1p1f1,2015,03,10,0.0,12.37886,-1.4435138,2015
69,r2i1p1f1,2015,03,11,0.0,12.494854,-4.157197,2015
70,r2i1p1f1,2015,03,12,0.0,14.381354,-2.7358003,2015
71,r2i1p1f1,2015,03,13,0.0,15.043978,-1.127444,2015
72,r2i1p1f1,2015,03,14,43.33677549371854,2.6533546,-4.9429083,2015
73,r2i1p1f1,2015,03,15,8.310340337965709,3.3684778,-10.351128,2015
74,r2i1p1f1,2015,03,16,0.0,4.4369254,-3.176129,2015
75,r2i1p1f1,2015,03,17,0.0,10.432253,-6.0617056,2015
76,r2i1p1f1,2015,03,18,0.0,11.927117,-4.578477,2015
77,r2i1p1f1,2015,03,19,5.668876426226723,5.471068,-5.8218985,2015
78,r2i1p1f1,2015,03,20,0.0,10.674916,-0.8945322,2015
79,r2i1p1f1,2015,03,21,0.0,12.165545,-2.7944343,2015
80,r2i1p1f1,2015,03,22,0.0,15.642099,-1.7963171,2015
81,r2i1p1f1,2015,03,23,0.0,16.27402,-0.05572099,2015
82,r2i1p1f1,2015,03,24,0.0,13.204329,-2.099285,2015
83,r2i1p1f1,2015,03,25,0.0,12.38487,-1.5066091,2015
84,r2i1p1f1,2015,03,26,0.0,12.724109,-5.267346,2015
85,r2i1p1f1,2015,03,27,0.9315516124423504,11.882964,-2.6278353,2015
86,r2i1p1f1,2015,03,28,0.0,12.636824,-2.7024896,2015
87,r2i1p1f1,2015,03,29,0.0,16.580751,-0.49734917,2015
88,r2i1p1f1,2015,03,30,0.0,19.744337,2.3315108,2015
89,r2i1p1f1,2015,03,31,0.0,22.003141,3.8425581,2015
90,r2i1p1f1,2015,04,01,0.0,21.987919,4.068707,2015
91,r2i1p1f1,2015,04,02,0.0,19.738125,2.4136221,2015
92,r2i1p1f1,2015,04,03,31.824743762934723,9.909098,-4.058366,2015
93,r2i1p1f1,2015,04,04,0.310852915252396,10.714624,-0.9642101,2015
94,r2i1p1f1,2015,04,05,0.8572971772991878,11.318395,-1.8226349,2015
95,r2i1p1f1,2015,04,06,2.4989836036603754,11.456904,-3.0317755,2015
96,r2i1p1f1,2015,04,07,16.903291676135268,3.0651178,-1.8156092,2015
97,r2i1p1f1,2015,04,08,14.703288373717582,3.3842304,-3.5854695,2015
98,r2i1p1f1,2015,04,09,3.346175578896621,4.603588,-0.050891485,2015
99,r2i1p1f1,2015,04,10,0.8976702630416884,11.428169,-2.9180002,2015
100,r2i1p1f1,2015,04,11,11.490105351101821,7.4223886,-0.3421363,2015
101,r2i1p1f1,2015,04,12,0.0,13.947449,-0.8676958,2015
102,r2i1p1f1,2015,04,13,0.0,12.528189,-0.863625,2015
103,r2i1p1f1,2015,04,14,3.704155413078507,9.541421,-3.0943868,2015
104,r2i1p1f1,2015,04,15,0.0,13.457426,-2.9922273,2015
105,r2i1p1f1,2015,04,16,0.0,18.562847,1.194863,2015
106,r2i1p1f1,2015,04,17,0.0,24.042665,5.6847334,2015
107,r2i1p1f1,2015,04,18,0.0,24.522871,7.8715725,2015
108,r2i1p1f1,2015,04,19,0.0,26.137325,9.014786,2015
109,r2i1p1f1,2015,04,20,0.0,27.08915,7.733944,2015
110,r2i1p1f1,2015,04,21,0.0,23.60226,3.965226,2015
111,r2i1p1f1,2015,04,22,0.0,19.573923,2.6725147,2015
112,r2i1p1f1,2015,04,23,0.0,21.510195,5.643547,2015
113,r2i1p1f1,2015,04,24,0.0,24.514914,6.358756,2015
114,r2i1p1f1,2015,04,25,0.0,23.256811,7.479746,2015
115,r2i1p1f1,2015,04,26,0.0,21.104496,5.42704,2015
116,r2i1p1f1,2015,04,27,0.0,21.589077,5.250393,2015
117,r2i1p1f1,2015,04,28,0.0,21.547787,6.121038,2015
118,r2i1p1f1,2015,04,29,0.0,25.943798,8.551919,2015
119,r2i1p1f1,2015,04,30,0.0,23.062141,6.8219433,2015
120,r2i1p1f1,2015,05,01,50.67104391861134,7.8809814,1.012435,2015
121,r2i1p1f1,2015,05,02,0.11728948916592905,9.157579,0.6211366,2015
122,r2i1p1f1,2015,05,03,0.0,16.29634,0.6287274,2015
123,r2i1p1f1,2015,05,04,0.0,19.754951,3.796785,2015
124,r2i1p1f1,2015,05,05,0.434301814182338,17.87511,4.009451,2015
125,r2i1p1f1,2015,05,06,0.0,20.194077,3.495039,2015
126,r2i1p1f1,2015,05,07,0.0,21.519562,3.5954645,2015
127,r2i1p1f1,2015,05,08,0.0,25.699629,7.8394785,2015
128,r2i1p1f1,2015,05,09,0.0,26.244114,9.6732,2015
129,r2i1p1f1,2015,05,10,0.0,24.93855,8.657464,2015
130,r2i1p1f1,2015,05,11,0.0,20.673727,6.8963027,2015
131,r2i1p1f1,2015,05,12,0.0,22.388744,5.2390003,2015
132,r2i1p1f1,2015,05,13,0.0,22.217987,4.8349586,2015
133,r2i1p1f1,2015,05,14,0.0,19.998758,3.7846599,2015
134,r2i1p1f1,2015,05,15,10.465083462007057,9.685686,-0.85340196,2015
135,r2i1p1f1,2015,05,16,0.0,11.1622925,1.5992438,2015
136,r2i1p1f1,2015,05,17,0.43118548186472394,11.230598,-1.5447598,2015
137,r2i1p1f1,2015,05,18,0.0,16.71746,-0.12531662,2015
138,r2i1p1f1,2015,05,19,0.0,25.214884,6.2916574,2015
139,r2i1p1f1,2015,05,20,0.0,25.70412,8.398104,2015
140,r2i1p1f1,2015,05,21,0.03005978007702372,23.827988,6.46182,2015
141,r2i1p1f1,2015,05,22,0.0,29.94346,8.453661,2015
142,r2i1p1f1,2015,05,23,0.0,28.415195,10.498637,2015
143,r2i1p1f1,2015,05,24,7.156307612869848,25.397465,8.277464,2015
144,r2i1p1f1,2015,05,25,11.708860240721082,18.527908,9.965615,2015
145,r2i1p1f1,2015,05,26,0.0,18.591658,10.005986,2015
146,r2i1p1f1,2015,05,27,2.0261403002852885,14.855,6.5264206,2015
147,r2i1p1f1,2015,05,28,0.0,21.288252,6.4951925,2015
148,r2i1p1f1,2015,05,29,0.0,21.486053,5.724916,2015
149,r2i1p1f1,2015,05,30,0.0,19.330566,4.4282265,2015
150,r2i1p1f1,2015,05,31,0.0,16.839018,4.683723,2015
151,r2i1p1f1,2015,06,01,0.0,16.203903,1.6970956,2015
152,r2i1p1f1,2015,06,02,0.0,15.631346,-0.8265178,2015
153,r2i1p1f1,2015,06,03,0.0,18.359238,1.5860384,2015
154,r2i1p1f1,2015,06,04,0.0,18.43509,3.8183343,2015
155,r2i1p1f1,2015,06,05,8.63072664399694,11.407268,-1.8906823,2015
156,r2i1p1f1,2015,06,06,7.53583507017678,8.560564,-3.6789832,2015
157,r2i1p1f1,2015,06,07,0.7134839069084802,10.085413,-0.9547177,2015
158,r2i1p1f1,2015,06,08,3.83229141161092,11.8022175,-2.1445708,2015
159,r2i1p1f1,2015,06,09,0.0,20.93684,3.2595913,2015
160,r2i1p1f1,2015,06,10,0.0,24.39097,8.440377,2015
161,r2i1p1f1,2015,06,11,0.41638023646485706,24.650604,6.7399545,2015
162,r2i1p1f1,2015,06,12,0.0,23.920834,6.7519875,2015
163,r2i1p1f1,2015,06,13,0.0,27.74841,9.190962,2015
164,r2i1p1f1,2015,06,14,0.0,30.961773,11.986104,2015
165,r2i1p1f1,2015,06,15,0.0,30.62454,13.259853,2015
166,r2i1p1f1,2015,06,16,0.0,29.089794,12.035386,2015
167,r2i1p1f1,2015,06,17,0.0,26.162334,8.297011,2015
168,r2i1p1f1,2015,06,18,0.0,31.283276,11.789704,2015
169,r2i1p1f1,2015,06,19,0.0,33.013023,12.797243,2015
170,r2i1p1f1,2015,06,20,0.0,32.573425,13.672415,2015
171,r2i1p1f1,2015,06,21,0.0,29.536295,13.669329,2015
172,r2i1p1f1,2015,06,22,0.0,29.335255,12.819198,2015
173,r2i1p1f1,2015,06,23,0.0,30.857822,13.177686,2015
174,r2i1p1f1,2015,06,24,0.0,30.517315,13.350559,2015
175,r2i1p1f1,2015,06,25,0.0,29.007524,11.730959,2015
176,r2i1p1f1,2015,06,26,0.0,29.809258,11.855513,2015
177,r2i1p1f1,2015,06,27,0.0,31.847982,13.402695,2015
178,r2i1p1f1,2015,06,28,0.0,31.760307,14.315721,2015
179,r2i1p1f1,2015,06,29,0.0,31.977587,14.474398,2015
180,r2i1p1f1,2015,06,30,0.0,30.58398,13.032216,2015
181,r2i1p1f1,2015,07,01,1.7135782244167785,29.403788,15.112649,2015
182,r2i1p1f1,2015,07,02,0.06711272146905965,27.041006,10.450714,2015
183,r2i1p1f1,2015,07,03,0.0,26.306719,9.14442,2015
184,r2i1p1f1,2015,07,04,0.0,23.286278,8.499619,2015
185,r2i1p1f1,2015,07,05,0.0,24.205395,6.466884,2015
186,r2i1p1f1,2015,07,06,0.0,27.20319,9.254505,2015
187,r2i1p1f1,2015,07,07,0.0,29.128365,10.878042,2015
188,r2i1p1f1,2015,07,08,0.0,29.336226,13.2646675,2015
189,r2i1p1f1,2015,07,09,0.16348679523266932,28.481066,11.659604,2015
190,r2i1p1f1,2015,07,10,0.0,26.522236,11.587165,2015
191,r2i1p1f1,2015,07,11,0.0,26.930288,8.784807,2015
192,r2i1p1f1,2015,07,12,0.0,26.201141,12.022953,2015
193,r2i1p1f1,2015,07,13,0.0,26.982271,11.568969,2015
194,r2i1p1f1,2015,07,14,0.0,29.598555,11.961568,2015
195,r2i1p1f1,2015,07,15,0.0,30.555058,13.675439,2015
196,r2i1p1f1,2015,07,16,0.0,31.756205,14.40122,2015
197,r2i1p1f1,2015,07,17,0.0,32.389885,15.146822,2015
198,r2i1p1f1,2015,07,18,0.0,34.74304,15.850628,2015
199,r2i1p1f1,2015,07,19,0.0,36.29124,17.826351,2015
200,r2i1p1f1,2015,07,20,0.0,38.184513,19.357359,2015
201,r2i1p1f1,2015,07,21,0.0,35.29831,16.992418,2015
202,r2i1p1f1,2015,07,22,0.0,34.061058,16.840954,2015
203,r2i1p1f1,2015,07,23,0.0,32.103416,13.572043,2015
204,r2i1p1f1,2015,07,24,0.0,30.07606,12.709748,2015
205,r2i1p1f1,2015,07,25,0.0,27.966343,10.819626,2015
206,r2i1p1f1,2015,07,26,0.0,28.474115,9.96706,2015
207,r2i1p1f1,2015,07,27,0.0,29.604404,10.887021,2015
208,r2i1p1f1,2015,07,28,0.0,30.142033,12.356538,2015
209,r2i1p1f1,2015,07,29,0.0,29.78082,12.046935,2015
210,r2i1p1f1,2015,07,30,0.0,30.002848,11.946579,2015
211,r2i1p1f1,2015,07,31,0.0,29.816444,11.59317,2015
212,r2i1p1f1,2015,08,01,0.0,28.334473,9.419353,2015
213,r2i1p1f1,2015,08,02,0.0,28.942787,10.688052,2015
214,r2i1p1f1,2015,08,03,0.0,29.217714,11.217631,2015
215,r2i1p1f1,2015,08,04,0.0,27.929703,9.878366,2015
216,r2i1p1f1,2015,08,05,0.0,28.00047,10.825607,2015
217,r2i1p1f1,2015,08,06,0.0,28.171635,10.446381,2015
218,r2i1p1f1,2015,08,07,0.07443990618255086,25.689754,8.852793,2015
219,r2i1p1f1,2015,08,08,0.0,24.67774,7.5825663,2015
220,r2i1p1f1,2015,08,09,0.0,27.023012,9.792421,2015
221,r2i1p1f1,2015,08,10,0.0,28.153141,10.610748,2015
222,r2i1p1f1,2015,08,11,0.0,28.209448,10.192376,2015
223,r2i1p1f1,2015,08,12,0.0,28.913744,10.308362,2015
224,r2i1p1f1,2015,08,13,0.0,28.824213,10.986232,2015
225,r2i1p1f1,2015,08,14,0.0,28.31235,10.54883,2015
226,r2i1p1f1,2015,08,15,0.0,28.4423,11.442481,2015
227,r2i1p1f1,2015,08,16,0.0,29.917189,12.257239,2015
228,r2i1p1f1,2015,08,17,0.0,29.61669,12.720471,2015
229,r2i1p1f1,2015,08,18,0.0,25.380587,8.619531,2015
230,r2i1p1f1,2015,08,19,0.0,22.598642,5.0898056,2015
231,r2i1p1f1,2015,08,20,0.0,25.766659,6.9404564,2015
232,r2i1p1f1,2015,08,21,0.0,26.356527,8.261292,2015
233,r2i1p1f1,2015,08,22,0.0,26.060787,7.90933,2015
234,r2i1p1f1,2015,08,23,0.0,26.233753,8.681037,2015
235,r2i1p1f1,2015,08,24,0.0,25.606672,8.676443,2015
236,r2i1p1f1,2015,08,25,0.0,24.382402,8.006883,2015
237,r2i1p1f1,2015,08,26,0.0,23.71992,8.510586,2015
238,r2i1p1f1,2015,08,27,0.0,22.679878,5.7452874,2015
239,r2i1p1f1,2015,08,28,1.3082313639223195,17.668196,1.627409,2015
240,r2i1p1f1,2015,08,29,3.3542133705798105,20.091381,2.8175824,2015
241,r2i1p1f1,2015,08,30,0.0,26.336147,6.8354516,2015
242,r2i1p1f1,2015,08,31,0.0,29.339884,9.328713,2015
243,r2i1p1f1,2015,09,01,0.0,27.737667,11.939168,2015
244,r2i1p1f1,2015,09,02,0.0,30.044302,12.8205,2015
245,r2i1p1f1,2015,09,03,0.0,31.153204,13.140654,2015
246,r2i1p1f1,2015,09,04,0.0,31.217436,13.741443,2015
247,r2i1p1f1,2015,09,05,0.0,29.827374,13.758792,2015
248,r2i1p1f1,2015,09,06,0.0,30.194681,11.433968,2015
249,r2i1p1f1,2015,09,07,0.0,30.558788,12.738898,2015
250,r2i1p1f1,2015,09,08,0.0002587274630846318,30.026117,12.855596,2015
251,r2i1p1f1,2015,09,09,0.0,29.772856,13.170756,2015
252,r2i1p1f1,2015,09,10,0.0,32.12255,15.197898,2015
253,r2i1p1f1,2015,09,11,0.0,32.571354,14.7579975,2015
254,r2i1p1f1,2015,09,12,0.0,32.72392,14.621209,2015
255,r2i1p1f1,2015,09,13,0.0,33.589714,15.3864765,2015
256,r2i1p1f1,2015,09,14,0.0,31.872828,14.456555,2015
257,r2i1p1f1,2015,09,15,0.0,29.261137,12.5094595,2015
258,r2i1p1f1,2015,09,16,0.0,28.205015,11.277192,2015
259,r2i1p1f1,2015,09,17,0.0,29.718693,12.2228985,2015
260,r2i1p1f1,2015,09,18,0.0,29.922882,13.172466,2015
261,r2i1p1f1,2015,09,19,0.0,27.74528,10.654177,2015
262,r2i1p1f1,2015,09,20,0.0,22.114515,6.0758877,2015
263,r2i1p1f1,2015,09,21,0.0,19.24213,4.034761,2015
264,r2i1p1f1,2015,09,22,0.20888003122168952,18.763924,3.382257,2015
265,r2i1p1f1,2015,09,23,0.0,17.052904,4.2912507,2015
266,r2i1p1f1,2015,09,24,7.387648179356068e-05,14.804932,1.8533407,2015
267,r2i1p1f1,2015,09,25,8.265571351393401,15.566779,2.1687634,2015
268,r2i1p1f1,2015,09,26,11.911946074976116,19.387777,3.427298,2015
269,r2i1p1f1,2015,09,27,0.004001987774525053,22.377815,7.0853586,2015
270,r2i1p1f1,2015,09,28,0.0,25.536528,9.616697,2015
271,r2i1p1f1,2015,09,29,0.0,23.568882,8.843928,2015
272,r2i1p1f1,2015,09,30,0.0,26.226336,9.882515,2015
273,r2i1p1f1,2015,10,01,0.0,27.652124,9.588282,2015
274,r2i1p1f1,2015,10,02,0.0,29.412441,11.137584,2015
275,r2i1p1f1,2015,10,03,0.0,28.628702,12.2395115,2015
276,r2i1p1f1,2015,10,04,0.0,28.863197,11.090401,2015
277,r2i1p1f1,2015,10,05,0.0,28.660614,9.541567,2015
278,r2i1p1f1,2015,10,06,0.0,27.764708,10.25616,2015
279,r2i1p1f1,2015,10,07,0.0,27.00671,9.409178,2015
280,r2i1p1f1,2015,10,08,0.0,24.675644,10.215044,2015
281,r2i1p1f1,2015,10,09,0.0,25.078754,8.944159,2015
282,r2i1p1f1,2015,10,10,0.0003302723913433371,20.464903,6.7487698,2015
283,r2i1p1f1,2015,10,11,0.0,23.944681,5.9237733,2015
284,r2i1p1f1,2015,10,12,0.0,23.907518,5.9478,2015
285,r2i1p1f1,2015,10,13,0.0,21.13984,7.662843,2015
286,r2i1p1f1,2015,10,14,0.0,19.032526,6.007937,2015
287,r2i1p1f1,2015,10,15,0.0,18.494982,4.7614093,2015
288,r2i1p1f1,2015,10,16,0.0,16.97342,2.078986,2015
289,r2i1p1f1,2015,10,17,0.0,23.681854,3.5796688,2015
290,r2i1p1f1,2015,10,18,0.0,24.386328,6.36053,2015
291,r2i1p1f1,2015,10,19,0.0,25.74506,8.759376,2015
292,r2i1p1f1,2015,10,20,0.0,23.477514,8.979029,2015
293,r2i1p1f1,2015,10,21,0.0,26.01925,8.759362,2015
294,r2i1p1f1,2015,10,22,0.0,25.86144,7.8137097,2015
295,r2i1p1f1,2015,10,23,0.0,24.944029,7.416531,2015
296,r2i1p1f1,2015,10,24,0.0,25.135237,9.837644,2015
297,r2i1p1f1,2015,10,25,0.0,20.412975,6.9405518,2015
298,r2i1p1f1,2015,10,26,0.0,24.535307,9.5071125,2015
299,r2i1p1f1,2015,10,27,0.0,24.865633,9.4966135,2015
300,r2i1p1f1,2015,10,28,0.0,22.70022,9.528899,2015
301,r2i1p1f1,2015,10,29,0.0,24.10509,8.432278,2015
302,r2i1p1f1,2015,10,30,0.0,25.409414,9.535794,2015
303,r2i1p1f1,2015,10,31,0.0,24.638952,9.192167,2015
304,r2i1p1f1,2015,11,01,0.0,22.219898,7.9960732,2015
305,r2i1p1f1,2015,11,02,0.0,22.150648,6.1300144,2015
306,r2i1p1f1,2015,11,03,0.0,19.419264,4.32392,2015
307,r2i1p1f1,2015,11,04,0.05442099735284081,14.502925,2.1442626,2015
308,r2i1p1f1,2015,11,05,0.0,20.80804,2.8100321,2015
309,r2i1p1f1,2015,11,06,0.0,20.566471,3.4135845,2015
310,r2i1p1f1,2015,11,07,12.64816311307256,15.841211,5.152654,2015
311,r2i1p1f1,2015,11,08,40.06797972654637,10.788405,6.168448,2015
312,r2i1p1f1,2015,11,09,40.05204181168945,9.712151,0.62161547,2015
313,r2i1p1f1,2015,11,10,0.5630687971216293,11.013691,0.83593845,2015
314,r2i1p1f1,2015,11,11,1.4866202632639705,13.731508,3.3327296,2015
315,r2i1p1f1,2015,11,12,0.0,12.839121,3.5147963,2015
316,r2i1p1f1,2015,11,13,0.0,14.297886,3.8140833,2015
317,r2i1p1f1,2015,11,14,0.0,13.184991,0.5107318,2015
318,r2i1p1f1,2015,11,15,0.0,15.839584,1.9017435,2015
319,r2i1p1f1,2015,11,16,0.0,15.89023,2.0483208,2015
320,r2i1p1f1,2015,11,17,0.0,13.322344,1.5205421,2015
321,r2i1p1f1,2015,11,18,0.0,14.607773,0.5209903,2015
322,r2i1p1f1,2015,11,19,0.0,15.729499,1.5511553,2015
323,r2i1p1f1,2015,11,20,0.0,15.763356,3.8526683,2015
324,r2i1p1f1,2015,11,21,0.0,16.397419,3.209435,2015
325,r2i1p1f1,2015,11,22,0.0,18.878477,3.5881371,2015
326,r2i1p1f1,2015,11,23,0.0,19.145433,5.9682264,2015
327,r2i1p1f1,2015,11,24,0.0,19.508257,5.867677,2015
328,r2i1p1f1,2015,11,25,0.0,18.75822,4.4401746,2015
329,r2i1p1f1,2015,11,26,0.0,12.797576,0.4096131,2015
330,r2i1p1f1,2015,11,27,18.626800665683383,7.8039684,2.6774106,2015
331,r2i1p1f1,2015,11,28,29.012559448780777,6.992219,1.1689416,2015
332,r2i1p1f1,2015,11,29,45.34356369493673,7.907616,-1.196945,2015
333,r2i1p1f1,2015,11,30,1.0128549534364049,5.7598963,-5.892394,2015
334,r2i1p1f1,2015,12,01,0.3348242934197725,2.070883,-6.834044,2015
335,r2i1p1f1,2015,12,02,43.65483364000773,3.0559473,-1.5514566,2015
336,r2i1p1f1,2015,12,03,99.95625773623873,11.580168,-2.8304315,2015
337,r2i1p1f1,2015,12,04,68.29201442910394,9.870147,-4.1590066,2015
338,r2i1p1f1,2015,12,05,67.1846365977007,0.18911606,-3.4217427,2015
339,r2i1p1f1,2015,12,06,31.07215615052085,2.2004058,-2.7616653,2015
340,r2i1p1f1,2015,12,07,29.058201612497214,2.3959453,-7.4377646,2015
341,r2i1p1f1,2015,12,08,14.36094308119209,-1.831182,-7.0647817,2015
342,r2i1p1f1,2015,12,09,4.637200676132545,0.5842317,-4.8168488,2015
343,r2i1p1f1,2015,12,10,87.66048463204733,10.136389,-0.45755053,2015
344,r2i1p1f1,2015,12,11,60.346176366930685,10.895453,-0.052201003,2015
345,r2i1p1f1,2015,12,12,32.08958538228986,1.7802163,-7.277921,2015
346,r2i1p1f1,2015,12,13,67.63734427603104,2.5833876,-8.633312,2015
347,r2i1p1f1,2015,12,14,0.012363116291698343,7.407477,-7.949735,2015
348,r2i1p1f1,2015,12,15,0.0,3.0884392,-9.050204,2015
349,r2i1p1f1,2015,12,16,0.0,8.387492,-8.655747,2015
350,r2i1p1f1,2015,12,17,0.0,7.488884,-3.7224724,2015
351,r2i1p1f1,2015,12,18,0.0,12.278747,-1.8168098,2015
352,r2i1p1f1,2015,12,19,0.0,10.521697,-0.9786549,2015
353,r2i1p1f1,2015,12,20,0.0,10.147431,-2.2767427,2015
354,r2i1p1f1,2015,12,21,0.0,11.61677,-0.5456955,2015
355,r2i1p1f1,2015,12,22,3.550059680373334,7.590996,3.3107495,2015
356,r2i1p1f1,2015,12,23,32.605438041523136,5.3714266,-0.66961396,2015
357,r2i1p1f1,2015,12,24,7.195061430964135,2.9026833,-6.850138,2015
358,r2i1p1f1,2015,12,25,0.0,-0.96366805,-7.910255,2015
359,r2i1p1f1,2015,12,26,0.0,-4.020034,-10.048814,2015
360,r2i1p1f1,2015,12,27,0.0,4.60999,-8.489883,2015
361,r2i1p1f1,2015,12,28,0.0,5.955101,-7.391433,2015
362,r2i1p1f1,2015,12,29,0.0,5.2948313,-7.436141,2015
363,r2i1p1f1,2015,12,30,0.0,0.77925414,-4.671233,2015
364,r2i1p1f1,2015,12,31,43.60937907073934,2.5850823,-3.1576786,2015
365,r2i1p1f1,2016,01,01,76.0277656130851,4.771553,-0.12226301,2016
366,r2i1p1f1,2016,01,02,8.28132565276554,4.3470535,-1.9901111,2016
367,r2i1p1f1,2016,01,03,55.65471265240026,6.3861904,-3.015289,2016
368,r2i1p1f1,2016,01,04,105.08377489347298,6.2399473,0.4835701,2016
369,r2i1p1f1,2016,01,05,0.22880426576403595,7.4869885,-2.9151673,2016
370,r2i1p1f1,2016,01,06,0.22212537371440425,6.587899,-4.3071904,2016
371,r2i1p1f1,2016,01,07,10.364794475893946,2.4590755,-2.174624,2016
372,r2i1p1f1,2016,01,08,0.0,9.933906,-4.909649,2016
373,r2i1p1f1,2016,01,09,10.859146268376207,6.774862,-1.0367162,2016
374,r2i1p1f1,2016,01,10,0.0,13.381707,1.8273492,2016
375,r2i1p1f1,2016,01,11,0.0,11.079311,1.6512619,2016
376,r2i1p1f1,2016,01,12,0.0,9.167673,1.6022589,2016
377,r2i1p1f1,2016,01,13,0.0,9.284103,-2.1869767,2016
378,r2i1p1f1,2016,01,14,0.0,11.777507,-2.7012732,2016
379,r2i1p1f1,2016,01,15,0.0,11.618297,-2.0553057,2016
380,r2i1p1f1,2016,01,16,0.0,13.424476,-0.27883774,2016
381,r2i1p1f1,2016,01,17,0.0,15.0069895,-0.03709813,2016
382,r2i1p1f1,2016,01,18,0.0,13.777705,0.3228621,2016
383,r2i1p1f1,2016,01,19,3.2696423069025444,7.969841,2.769109,2016
384,r2i1p1f1,2016,01,20,0.0,6.4265614,-5.0369954,2016
385,r2i1p1f1,2016,01,21,0.0,5.048313,-6.2877707,2016
386,r2i1p1f1,2016,01,22,0.0,3.7769117,-8.0079975,2016
387,r2i1p1f1,2016,01,23,0.0,6.5272803,-8.323906,2016
388,r2i1p1f1,2016,01,24,0.0,9.118071,-5.2625093,2016
389,r2i1p1f1,2016,01,25,0.0,14.101997,0.53005445,2016
390,r2i1p1f1,2016,01,26,0.0,16.002676,1.6875244,2016
391,r2i1p1f1,2016,01,27,0.0,16.081339,1.646554,2016
392,r2i1p1f1,2016,01,28,0.0,17.340752,1.9386365,2016
393,r2i1p1f1,2016,01,29,0.05864304987951003,16.004887,0.7605269,2016
394,r2i1p1f1,2016,01,30,0.0,10.125113,3.524638,2016
395,r2i1p1f1,2016,01,31,17.16996036803511,6.997798,2.1479492,2016
396,r2i1p1f1,2016,02,01,70.54855062518843,9.422872,-1.2528249,2016
397,r2i1p1f1,2016,02,02,41.14972967240297,8.613339,-1.2476094,2016
398,r2i1p1f1,2016,02,03,21.04129895944005,9.056325,-0.18140206,2016
399,r2i1p1f1,2016,02,04,3.5114949537203826,6.216425,-1.1921297,2016
400,r2i1p1f1,2016,02,05,0.0,5.858351,-6.446776,2016
401,r2i1p1f1,2016,02,06,0.0,4.4147377,-11.122685,2016
402,r2i1p1f1,2016,02,07,0.0,3.54911,-10.03242,2016
403,r2i1p1f1,2016,02,08,0.004764088393690495,2.3146648,-7.3298826,2016
404,r2i1p1f1,2016,02,09,0.0,6.303261,-9.133916,2016
405,r2i1p1f1,2016,02,10,0.0,7.569714,-8.698707,2016
406,r2i1p1f1,2016,02,11,23.901915880672348,0.030443631,-7.862572,2016
407,r2i1p1f1,2016,02,12,85.89753712831924,10.17605,-3.2230134,2016
408,r2i1p1f1,2016,02,13,87.59483054656393,13.554102,0.19426903,2016
409,r2i1p1f1,2016,02,14,41.87088385940744,8.642824,-7.686963,2016
410,r2i1p1f1,2016,02,15,25.56005234062188,4.8899217,-5.9469547,2016
411,r2i1p1f1,2016,02,16,32.12220886265501,4.2789793,-1.2029257,2016
412,r2i1p1f1,2016,02,17,2.920137266970904,2.3724132,-3.122533,2016
413,r2i1p1f1,2016,02,18,12.40413466724791,1.0680159,-6.839747,2016
414,r2i1p1f1,2016,02,19,17.46080712406323,0.28686866,-6.848176,2016
415,r2i1p1f1,2016,02,20,35.60370227742869,5.0571437,-1.0424453,2016
416,r2i1p1f1,2016,02,21,6.247063273636181,7.233645,-6.1747165,2016
417,r2i1p1f1,2016,02,22,125.25837156527604,5.5023203,-1.6618155,2016
418,r2i1p1f1,2016,02,23,85.81246831454337,4.2674246,-1.3681539,2016
419,r2i1p1f1,2016,02,24,65.7267246198339,4.1174054,-1.5892386,2016
420,r2i1p1f1,2016,02,25,72.01119786656749,3.8790674,-0.9506024,2016
421,r2i1p1f1,2016,02,26,21.456914741653375,1.9597657,-9.019048,2016
422,r2i1p1f1,2016,02,27,0.03252870542033074,2.76503,-6.801995,2016
423,r2i1p1f1,2016,02,28,0.0,3.104824,-4.850626,2016
424,r2i1p1f1,2016,02,29,40.21357070887461,1.9497485,-3.7200665,2016
425,r2i1p1f1,2016,03,01,45.78844178512764,0.5477071,-2.604181,2016
426,r2i1p1f1,2016,03,02,3.3662328415840213,2.8699532,-5.841596,2016
427,r2i1p1f1,2016,03,03,0.0,6.060196,-1.913075,2016
428,r2i1p1f1,2016,03,04,0.0,4.265656,-1.0065817,2016
429,r2i1p1f1,2016,03,05,4.8422174859157305,3.7414875,-2.8357656,2016
430,r2i1p1f1,2016,03,06,2.7453220823540154,4.189121,-2.4368842,2016
431,r2i1p1f1,2016,03,07,0.0,10.412589,-1.687876,2016
432,r2i1p1f1,2016,03,08,0.0,14.2408695,-2.085478,2016
433,r2i1p1f1,2016,03,09,0.0,14.365197,-0.43545756,2016
434,r2i1p1f1,2016,03,10,0.0,14.243999,3.6900072,2016
435,r2i1p1f1,2016,03,11,0.0,17.228941,2.066877,2016
436,r2i1p1f1,2016,03,12,0.0,17.392416,0.6849747,2016
437,r2i1p1f1,2016,03,13,0.0,16.05556,2.1252918,2016
438,r2i1p1f1,2016,03,14,0.0,16.36886,1.4433068,2016
439,r2i1p1f1,2016,03,15,0.0,16.092764,2.390343,2016
440,r2i1p1f1,2016,03,16,0.0,16.597307,2.6918018,2016
441,r2i1p1f1,2016,03,17,0.0,14.88604,2.7677357,2016
442,r2i1p1f1,2016,03,18,3.8612491785128302,13.567276,0.7401193,2016
443,r2i1p1f1,2016,03,19,0.0,12.940807,0.9404857,2016
444,r2i1p1f1,2016,03,20,0.0,15.724587,-0.1094688,2016
445,r2i1p1f1,2016,03,21,0.0,17.156374,-1.4178555,2016
446,r2i1p1f1,2016,03,22,0.0,16.55457,0.31206444,2016
447,r2i1p1f1,2016,03,23,0.0,19.365025,0.7840082,2016
448,r2i1p1f1,2016,03,24,0.0,17.96499,0.92454207,2016
449,r2i1p1f1,2016,03,25,0.0,15.607639,2.1847835,2016
450,r2i1p1f1,2016,03,26,17.055880877663956,7.367456,1.210606,2016
451,r2i1p1f1,2016,03,27,4.4482687338131655,4.9648404,-0.5609113,2016
452,r2i1p1f1,2016,03,28,0.0,8.804437,0.61056685,2016
453,r2i1p1f1,2016,03,29,0.0,14.297363,-1.7548324,2016
454,r2i1p1f1,2016,03,30,0.0,14.188348,0.37585115,2016
455,r2i1p1f1,2016,03,31,0.5739576455828053,13.27208,3.0659447,2016
456,r2i1p1f1,2016,04,01,0.2511823655507984,16.521357,1.0410613,2016
457,r2i1p1f1,2016,04,02,0.0,19.405449,3.0035784,2016
458,r2i1p1f1,2016,04,03,0.0,18.929283,1.7646166,2016
459,r2i1p1f1,2016,04,04,0.0,16.89188,0.57151014,2016
460,r2i1p1f1,2016,04,05,15.96387125136971,12.160051,-4.0423717,2016
461,r2i1p1f1,2016,04,06,27.85537683431847,9.222149,-2.7751162,2016
462,r2i1p1f1,2016,04,07,39.57236712494005,9.872979,-3.6004665,2016
463,r2i1p1f1,2016,04,08,20.507542820492883,6.2335134,-1.2118818,2016
464,r2i1p1f1,2016,04,09,0.0,13.267575,0.10541388,2016
465,r2i1p1f1,2016,04,10,7.4645372161285195,10.724428,5.7695527,2016
466,r2i1p1f1,2016,04,11,2.4596113188251296,10.492964,2.7480273,2016
467,r2i1p1f1,2016,04,12,0.0,13.093032,0.847019,2016
468,r2i1p1f1,2016,04,13,0.0,14.431472,0.9206442,2016
469,r2i1p1f1,2016,04,14,0.0,15.106461,-1.1257275,2016
470,r2i1p1f1,2016,04,15,32.40548090840233,9.173577,-3.0775332,2016
471,r2i1p1f1,2016,04,16,21.448023841367103,6.455185,-0.6683702,2016
472,r2i1p1f1,2016,04,17,19.522512796762523,5.613471,-0.054917946,2016
473,r2i1p1f1,2016,04,18,0.48209614679553153,13.500462,0.257715,2016
474,r2i1p1f1,2016,04,19,12.006670667548091,8.843084,3.028189,2016
475,r2i1p1f1,2016,04,20,0.002381149589872131,12.446074,0.82104176,2016
476,r2i1p1f1,2016,04,21,0.0,11.583369,2.2380838,2016
477,r2i1p1f1,2016,04,22,0.0,14.083133,2.0056484,2016
478,r2i1p1f1,2016,04,23,0.24164066324794056,12.643058,-3.631565,2016
479,r2i1p1f1,2016,04,24,4.57852375321426,12.306349,-4.679322,2016
480,r2i1p1f1,2016,04,25,13.232524821908624,12.174215,-3.0417123,2016
481,r2i1p1f1,2016,04,26,0.1839755296084779,11.381633,-2.7637064,2016
482,r2i1p1f1,2016,04,27,0.0,13.515791,0.26210764,2016
483,r2i1p1f1,2016,04,28,10.905591084324092,8.542128,-1.5835122,2016
484,r2i1p1f1,2016,04,29,38.86216047013966,7.8562155,-0.4645472,2016
485,r2i1p1f1,2016,04,30,8.160653846740528,8.436817,-0.32934228,2016
486,r2i1p1f1,2016,05,01,4.76594399480326,9.222239,-0.14468823,2016
487,r2i1p1f1,2016,05,02,2.4936419417861964,8.030015,-2.8506694,2016
488,r2i1p1f1,2016,05,03,0.45174291888263096,7.9790807,0.014958308,2016
489,r2i1p1f1,2016,05,04,0.939586257370068,10.098779,0.7236771,2016
490,r2i1p1f1,2016,05,05,0.0,10.522898,-1.3978481,2016
491,r2i1p1f1,2016,05,06,0.0,12.864536,0.5903706,2016
492,r2i1p1f1,2016,05,07,0.0,20.05048,5.579557,2016
493,r2i1p1f1,2016,05,08,0.0,26.182976,9.470552,2016
494,r2i1p1f1,2016,05,09,0.0,26.365353,10.916682,2016
495,r2i1p1f1,2016,05,10,0.0,25.310045,9.506012,2016
496,r2i1p1f1,2016,05,11,9.838257238082475,14.384753,-1.361772,2016
497,r2i1p1f1,2016,05,12,3.3382619900084345,8.554921,-1.3861513,2016
498,r2i1p1f1,2016,05,13,5.88924043510745,9.889505,1.7862909,2016
499,r2i1p1f1,2016,05,14,2.0139596140115126,14.288017,3.1098714,2016
500,r2i1p1f1,2016,05,15,0.520102739756112,19.602758,4.9193673,2016
501,r2i1p1f1,2016,05,16,0.04491785671584344,18.847137,2.228584,2016
502,r2i1p1f1,2016,05,17,0.1307432063885454,21.08487,4.375193,2016
503,r2i1p1f1,2016,05,18,0.7575835742710086,19.15243,2.944376,2016
504,r2i1p1f1,2016,05,19,0.10388058502800189,15.186148,2.658141,2016
505,r2i1p1f1,2016,05,20,0.6190125652420437,15.762929,2.0929286,2016
506,r2i1p1f1,2016,05,21,0.0,21.001762,5.871982,2016
507,r2i1p1f1,2016,05,22,0.0035824432975809593,19.827255,5.3649793,2016
508,r2i1p1f1,2016,05,23,13.193435553778098,16.191772,3.7870936,2016
509,r2i1p1f1,2016,05,24,0.0,24.218933,6.972378,2016
510,r2i1p1f1,2016,05,25,0.0,26.330807,8.388487,2016
511,r2i1p1f1,2016,05,26,5.390253182570002,18.609303,2.0584364,2016
512,r2i1p1f1,2016,05,27,0.0,19.193201,3.9799922,2016
513,r2i1p1f1,2016,05,28,0.0,13.697912,5.824905,2016
514,r2i1p1f1,2016,05,29,17.829039060150254,11.910197,6.048742,2016
515,r2i1p1f1,2016,05,30,0.15706836962775783,11.806026,5.783042,2016
516,r2i1p1f1,2016,05,31,0.43155072334264755,14.829539,6.1201396,2016
517,r2i1p1f1,2016,06,01,0.0,24.153887,4.6131015,2016
518,r2i1p1f1,2016,06,02,0.0,25.804464,6.988203,2016
519,r2i1p1f1,2016,06,03,0.0,25.122284,9.633925,2016
520,r2i1p1f1,2016,06,04,0.0,22.367567,6.437023,2016
521,r2i1p1f1,2016,06,05,0.0,23.68793,6.320422,2016
522,r2i1p1f1,2016,06,06,0.0,23.11433,6.679839,2016
523,r2i1p1f1,2016,06,07,0.0,27.3652,8.477029,2016
524,r2i1p1f1,2016,06,08,3.471128872080534,26.037567,10.892249,2016
525,r2i1p1f1,2016,06,09,9.15302309378883,19.96252,5.922857,2016
526,r2i1p1f1,2016,06,10,4.955870647785769,19.049198,5.6657805,2016
527,r2i1p1f1,2016,06,11,0.3124357673816401,23.900587,8.046133,2016
528,r2i1p1f1,2016,06,12,0.0,29.020128,11.425586,2016
529,r2i1p1f1,2016,06,13,0.0,31.76796,12.828825,2016
530,r2i1p1f1,2016,06,14,0.0,32.807735,14.151546,2016
531,r2i1p1f1,2016,06,15,0.27881465668122896,32.67824,17.515594,2016
532,r2i1p1f1,2016,06,16,0.02390592595265144,28.67669,12.339991,2016
533,r2i1p1f1,2016,06,17,0.0,22.164202,6.25093,2016
534,r2i1p1f1,2016,06,18,0.0,25.206224,6.9541907,2016
535,r2i1p1f1,2016,06,19,0.0,26.539825,7.568321,2016
536,r2i1p1f1,2016,06,20,0.0,27.93221,9.399578,2016
537,r2i1p1f1,2016,06,21,0.0,27.136976,9.424863,2016
538,r2i1p1f1,2016,06,22,0.0,27.33955,9.778032,2016
539,r2i1p1f1,2016,06,23,0.0,27.22671,10.536053,2016
540,r2i1p1f1,2016,06,24,0.0,26.118637,10.625371,2016
541,r2i1p1f1,2016,06,25,0.0,24.843266,9.047516,2016
542,r2i1p1f1,2016,06,26,0.0,24.654034,8.147456,2016
543,r2i1p1f1,2016,06,27,0.0,26.13747,9.326357,2016
544,r2i1p1f1,2016,06,28,0.0,27.739883,10.789277,2016
545,r2i1p1f1,2016,06,29,0.016886155180355463,27.617764,8.03301,2016
546,r2i1p1f1,2016,06,30,0.0,24.788954,5.934292,2016
547,r2i1p1f1,2016,07,01,0.0,23.822584,7.764556,2016
548,r2i1p1f1,2016,07,02,0.0,27.796562,10.198399,2016
549,r2i1p1f1,2016,07,03,0.0,27.34045,13.82426,2016
550,r2i1p1f1,2016,07,04,17.90538511894948,27.972252,12.759735,2016
551,r2i1p1f1,2016,07,05,0.23871278615738098,27.377298,10.10168,2016
552,r2i1p1f1,2016,07,06,0.0,26.60747,11.254234,2016
553,r2i1p1f1,2016,07,07,0.0,27.272524,10.773637,2016
554,r2i1p1f1,2016,07,08,0.00014026655627766068,28.792286,12.652634,2016
555,r2i1p1f1,2016,07,09,0.0,29.845446,13.444914,2016
556,r2i1p1f1,2016,07,10,0.0,32.50641,13.956166,2016
557,r2i1p1f1,2016,07,11,0.0,31.735023,13.5061455,2016
558,r2i1p1f1,2016,07,12,0.0,31.128096,12.834575,2016
559,r2i1p1f1,2016,07,13,0.0,32.928272,14.178547,2016
560,r2i1p1f1,2016,07,14,0.0,33.10827,15.044621,2016
561,r2i1p1f1,2016,07,15,0.0,32.702522,14.447209,2016
562,r2i1p1f1,2016,07,16,0.0,31.842724,13.6979475,2016
563,r2i1p1f1,2016,07,17,0.0,30.502714,16.006594,2016
564,r2i1p1f1,2016,07,18,0.007123135593736571,29.90856,13.926851,2016
565,r2i1p1f1,2016,07,19,0.0,30.310024,13.079424,2016
566,r2i1p1f1,2016,07,20,0.0,30.053345,13.179297,2016
567,r2i1p1f1,2016,07,21,0.0,31.44543,16.330576,2016
568,r2i1p1f1,2016,07,22,0.0,29.738094,12.394721,2016
569,r2i1p1f1,2016,07,23,0.024937857016574035,28.029388,10.112801,2016
570,r2i1p1f1,2016,07,24,2.011572167117055,27.59641,10.17303,2016
571,r2i1p1f1,2016,07,25,0.7330509825341079,27.985874,10.800308,2016
572,r2i1p1f1,2016,07,26,0.0,29.147074,11.30641,2016
573,r2i1p1f1,2016,07,27,0.0,29.964218,11.914623,2016
574,r2i1p1f1,2016,07,28,0.0,31.623922,14.179285,2016
575,r2i1p1f1,2016,07,29,0.0,31.852236,14.500867,2016
576,r2i1p1f1,2016,07,30,0.0,30.12172,12.524405,2016
577,r2i1p1f1,2016,07,31,0.0,27.423534,10.157536,2016
578,r2i1p1f1,2016,08,01,0.0,28.692709,10.499732,2016
579,r2i1p1f1,2016,08,02,0.0,29.104733,10.489374,2016
580,r2i1p1f1,2016,08,03,0.0,28.645239,10.064465,2016
581,r2i1p1f1,2016,08,04,0.0,29.552982,11.275503,2016
582,r2i1p1f1,2016,08,05,0.0,31.034733,12.424728,2016
583,r2i1p1f1,2016,08,06,0.0,32.707657,13.959397,2016
584,r2i1p1f1,2016,08,07,0.0,36.327435,17.051908,2016
585,r2i1p1f1,2016,08,08,0.0,39.589066,19.776821,2016
586,r2i1p1f1,2016,08,09,0.0,37.102165,18.274662,2016
587,r2i1p1f1,2016,08,10,0.0,33.19946,14.731001,2016
588,r2i1p1f1,2016,08,11,0.0,31.056528,12.7116,2016
589,r2i1p1f1,2016,08,12,0.0,31.218105,13.313924,2016
590,r2i1p1f1,2016,08,13,0.0,31.12494,13.964124,2016
591,r2i1p1f1,2016,08,14,0.0,31.374102,14.944333,2016
592,r2i1p1f1,2016,08,15,0.0,31.214127,13.650171,2016
593,r2i1p1f1,2016,08,16,0.0,30.052505,12.207956,2016
594,r2i1p1f1,2016,08,17,0.0,27.864262,10.468186,2016
595,r2i1p1f1,2016,08,18,0.0,27.814459,11.064245,2016
596,r2i1p1f1,2016,08,19,0.0,26.49097,9.315721,2016
597,r2i1p1f1,2016,08,20,0.0,23.0915,7.9759836,2016
598,r2i1p1f1,2016,08,21,0.0,26.97193,9.651596,2016
599,r2i1p1f1,2016,08,22,0.0,31.231709,11.006788,2016
600,r2i1p1f1,2016,08,23,0.0,31.704185,12.156749,2016
601,r2i1p1f1,2016,08,24,0.0,30.108818,11.939443,2016
602,r2i1p1f1,2016,08,25,0.0,30.610136,12.455228,2016
603,r2i1p1f1,2016,08,26,0.0,30.222599,11.505097,2016
604,r2i1p1f1,2016,08,27,0.0,24.317284,8.776219,2016
605,r2i1p1f1,2016,08,28,0.0,23.672247,7.3644485,2016
606,r2i1p1f1,2016,08,29,0.0,19.776798,2.7700496,2016
607,r2i1p1f1,2016,08,30,0.0,23.279097,5.0341105,2016
608,r2i1p1f1,2016,08,31,0.0,27.026493,8.616262,2016
609,r2i1p1f1,2016,09,01,0.0,29.787579,12.229234,2016
610,r2i1p1f1,2016,09,02,0.0,29.502153,12.603108,2016
611,r2i1p1f1,2016,09,03,0.0,28.216381,12.036864,2016
612,r2i1p1f1,2016,09,04,0.0,28.65121,12.304853,2016
613,r2i1p1f1,2016,09,05,0.0,30.696484,13.207444,2016
614,r2i1p1f1,2016,09,06,0.0,28.386831,10.771343,2016
615,r2i1p1f1,2016,09,07,0.0,25.103086,8.730777,2016
616,r2i1p1f1,2016,09,08,0.0,25.027224,9.493122,2016
617,r2i1p1f1,2016,09,09,0.0,29.052853,10.706518,2016
618,r2i1p1f1,2016,09,10,0.0,30.476826,12.9452095,2016
619,r2i1p1f1,2016,09,11,0.009005711203476844,31.683607,13.034727,2016
620,r2i1p1f1,2016,09,12,0.05833188104308927,27.961777,13.291189,2016
621,r2i1p1f1,2016,09,13,0.0,27.640015,9.616684,2016
622,r2i1p1f1,2016,09,14,0.0,29.285702,10.684487,2016
623,r2i1p1f1,2016,09,15,0.0,29.276592,11.815344,2016
624,r2i1p1f1,2016,09,16,0.0,29.188595,11.164841,2016
625,r2i1p1f1,2016,09,17,0.0,28.029243,11.105283,2016
626,r2i1p1f1,2016,09,18,0.0,27.765089,10.277012,2016
627,r2i1p1f1,2016,09,19,0.0,28.7029,11.86417,2016
628,r2i1p1f1,2016,09,20,0.7032868147768148,30.115171,14.319029,2016
629,r2i1p1f1,2016,09,21,0.0,30.487167,13.748342,2016
630,r2i1p1f1,2016,09,22,0.0,30.532652,12.398858,2016
631,r2i1p1f1,2016,09,23,26.366030618037957,20.98682,7.026913,2016
632,r2i1p1f1,2016,09,24,59.44503002638857,7.75954,2.3215203,2016
633,r2i1p1f1,2016,09,25,33.488832819812856,5.3618655,-2.7047734,2016
634,r2i1p1f1,2016,09,26,28.115147339415742,6.346243,-4.833124,2016
635,r2i1p1f1,2016,09,27,5.186115029461619,8.053931,-0.9689044,2016
636,r2i1p1f1,2016,09,28,0.0,17.1407,2.734526,2016
637,r2i1p1f1,2016,09,29,3.6405744118942844,18.99236,5.742358,2016
638,r2i1p1f1,2016,09,30,8.551772259460659,17.057142,2.6122448,2016
639,r2i1p1f1,2016,10,01,0.0,18.952797,4.669943,2016
640,r2i1p1f1,2016,10,02,0.0,18.199297,4.8430624,2016
641,r2i1p1f1,2016,10,03,0.0,18.699858,4.351267,2016
642,r2i1p1f1,2016,10,04,0.0,16.335936,3.2851892,2016
643,r2i1p1f1,2016,10,05,3.7010001011017617,12.139546,2.810874,2016
644,r2i1p1f1,2016,10,06,24.07120494530178,12.170644,4.445536,2016
645,r2i1p1f1,2016,10,07,0.2628430557916335,15.864687,2.142728,2016
646,r2i1p1f1,2016,10,08,0.0,17.510014,3.3712134,2016
647,r2i1p1f1,2016,10,09,0.7868203700511983,16.777544,5.0275073,2016
648,r2i1p1f1,2016,10,10,2.420566911601222,18.097153,5.2323933,2016
649,r2i1p1f1,2016,10,11,0.0,17.765022,5.2956142,2016
650,r2i1p1f1,2016,10,12,0.0,17.500612,5.195122,2016
651,r2i1p1f1,2016,10,13,0.0,14.720139,5.750874,2016
652,r2i1p1f1,2016,10,14,0.06514256876051569,17.518877,4.120214,2016
653,r2i1p1f1,2016,10,15,0.0,17.83519,3.5573254,2016
654,r2i1p1f1,2016,10,16,0.0,20.279886,4.411421,2016
655,r2i1p1f1,2016,10,17,0.0,19.90077,4.288207,2016
656,r2i1p1f1,2016,10,18,0.0,18.233467,4.5156274,2016
657,r2i1p1f1,2016,10,19,0.043836026851260194,18.440819,5.0594816,2016
658,r2i1p1f1,2016,10,20,0.0,19.309814,5.646378,2016
659,r2i1p1f1,2016,10,21,0.0,21.328295,4.5941787,2016
660,r2i1p1f1,2016,10,22,0.0,22.931393,6.8037033,2016
661,r2i1p1f1,2016,10,23,0.0,23.989166,7.3509817,2016
662,r2i1p1f1,2016,10,24,0.0,22.254215,7.39322,2016
663,r2i1p1f1,2016,10,25,0.0,19.989542,6.711684,2016
664,r2i1p1f1,2016,10,26,0.0,19.587774,7.14547,2016
665,r2i1p1f1,2016,10,27,0.0,21.325897,5.9154634,2016
666,r2i1p1f1,2016,10,28,0.0,20.98614,3.4221165,2016
667,r2i1p1f1,2016,10,29,0.0,19.278858,5.887889,2016
668,r2i1p1f1,2016,10,30,0.0,22.836796,6.398383,2016
669,r2i1p1f1,2016,10,31,0.0,21.743534,6.822092,2016
670,r2i1p1f1,2016,11,01,0.0,20.084545,5.744355,2016
671,r2i1p1f1,2016,11,02,0.0,20.465084,6.370066,2016
672,r2i1p1f1,2016,11,03,0.0,23.229277,5.245885,2016
673,r2i1p1f1,2016,11,04,0.0,21.796196,5.7183633,2016
674,r2i1p1f1,2016,11,05,0.0,21.768734,5.8041463,2016
675,r2i1p1f1,2016,11,06,0.0,20.170319,4.904092,2016
676,r2i1p1f1,2016,11,07,0.0,16.361078,5.079154,2016
677,r2i1p1f1,2016,11,08,0.32272424877401834,12.9392395,3.7299352,2016
678,r2i1p1f1,2016,11,09,0.0,8.246128,-1.7267554,2016
679,r2i1p1f1,2016,11,10,0.09782180153216849,11.577507,-0.53918713,2016
680,r2i1p1f1,2016,11,11,0.003500342455271703,7.833817,-0.5660989,2016
681,r2i1p1f1,2016,11,12,0.0,11.2876215,-3.5987573,2016
682,r2i1p1f1,2016,11,13,0.0,11.627086,-0.80957824,2016
683,r2i1p1f1,2016,11,14,0.0,11.347358,-1.0982075,2016
684,r2i1p1f1,2016,11,15,0.022032477311138512,11.462164,0.85139805,2016
685,r2i1p1f1,2016,11,16,11.528859443849516,7.7500267,0.4709851,2016
686,r2i1p1f1,2016,11,17,0.05205372796039088,9.457144,3.737145,2016
687,r2i1p1f1,2016,11,18,33.076942664606925,7.153209,1.9102746,2016
688,r2i1p1f1,2016,11,19,57.556156166202314,7.6587267,3.4109979,2016
689,r2i1p1f1,2016,11,20,99.34914672138312,9.061643,-2.9429736,2016
690,r2i1p1f1,2016,11,21,17.889251901718897,0.1505122,-4.0858397,2016
691,r2i1p1f1,2016,11,22,5.86388838066621,1.8333615,-3.0485287,2016
692,r2i1p1f1,2016,11,23,0.407275007161773,8.720139,-0.32437918,2016
693,r2i1p1f1,2016,11,24,13.887304281496863,6.870144,0.7605728,2016
694,r2i1p1f1,2016,11,25,0.0,9.620796,0.8146347,2016
695,r2i1p1f1,2016,11,26,0.0,9.97637,-1.716426,2016
696,r2i1p1f1,2016,11,27,0.0,11.168548,-1.490778,2016
697,r2i1p1f1,2016,11,28,13.964897232765976,12.163895,-0.15712132,2016
698,r2i1p1f1,2016,11,29,17.62381867514565,2.0122626,-1.78788,2016
699,r2i1p1f1,2016,11,30,2.0958210353980506,3.517397,-2.2927575,2016
700,r2i1p1f1,2016,12,01,0.0,2.0517426,-6.677849,2016
701,r2i1p1f1,2016,12,02,0.0,5.2883263,-6.9808946,2016
702,r2i1p1f1,2016,12,03,0.2496230431811105,3.7725,-3.4815886,2016
703,r2i1p1f1,2016,12,04,0.0,3.4172716,-6.939878,2016
704,r2i1p1f1,2016,12,05,0.0,13.148056,-1.7956504,2016
705,r2i1p1f1,2016,12,06,0.0,14.904834,1.2014724,2016
706,r2i1p1f1,2016,12,07,0.0,14.087236,1.8223447,2016
707,r2i1p1f1,2016,12,08,0.0,12.959653,1.0214089,2016
708,r2i1p1f1,2016,12,09,0.0,13.981086,1.9355093,2016
709,r2i1p1f1,2016,12,10,0.0,13.969733,-0.717554,2016
710,r2i1p1f1,2016,12,11,0.0,14.201358,0.16898873,2016
711,r2i1p1f1,2016,12,12,0.0,14.245857,-0.5198073,2016
712,r2i1p1f1,2016,12,13,0.12264478243126248,11.132488,-0.4879387,2016
713,r2i1p1f1,2016,12,14,0.0,3.6952794,-5.6497936,2016
714,r2i1p1f1,2016,12,15,0.0,5.8081703,-7.506242,2016
715,r2i1p1f1,2016,12,16,0.0,4.996193,-8.553174,2016
716,r2i1p1f1,2016,12,17,39.30337601923384,1.7280252,-8.003376,2016
717,r2i1p1f1,2016,12,18,11.871203920096518,4.030693,-0.70467854,2016
718,r2i1p1f1,2016,12,19,0.025439541563033484,5.5774875,1.0343548,2016
719,r2i1p1f1,2016,12,20,0.0,9.22974,-2.3848598,2016
720,r2i1p1f1,2016,12,21,0.0,9.565602,-0.97623855,2016
721,r2i1p1f1,2016,12,22,0.0,9.608784,-1.229566,2016
722,r2i1p1f1,2016,12,23,0.0,7.893798,-2.8746538,2016
723,r2i1p1f1,2016,12,24,0.0,7.757357,-2.9866316,2016
724,r2i1p1f1,2016,12,25,0.0,7.2306275,-4.027106,2016
725,r2i1p1f1,2016,12,26,0.0,7.2630725,-4.8614173,2016
726,r2i1p1f1,2016,12,27,0.0,9.781723,-1.131163,2016
727,r2i1p1f1,2016,12,28,33.48550687660463,6.079264,1.1895722,2016
728,r2i1p1f1,2016,12,29,0.0,4.6973305,-4.5380383,2016
729,r2i1p1f1,2016,12,30,0.0,3.1748,-6.151763,2016
730,r2i1p1f1,2016,12,31,0.0,3.1699653,-1.5238657,2016
731,r2i1p1f1,2017,01,01,10.510451357283902,4.0824847,-1.3277503,2017
732,r2i1p1f1,2017,01,02,65.78757846996618,4.0200586,-0.09818874,2017
733,r2i1p1f1,2017,01,03,10.01445372591591,6.2651963,1.8270338,2017
734,r2i1p1f1,2017,01,04,80.88298475799652,10.12895,0.99825346,2017
735,r2i1p1f1,2017,01,05,63.18819855178635,10.530748,2.2368178,2017
736,r2i1p1f1,2017,01,06,4.547741651045866,10.964705,2.272746,2017
737,r2i1p1f1,2017,01,07,0.0,14.543654,1.9499906,2017
738,r2i1p1f1,2017,01,08,0.0,18.823997,2.2121413,2017
739,r2i1p1f1,2017,01,09,0.0,16.004526,3.3425293,2017
740,r2i1p1f1,2017,01,10,0.0,15.717094,1.5593902,2017
741,r2i1p1f1,2017,01,11,0.0,16.16744,1.8421274,2017
742,r2i1p1f1,2017,01,12,9.116352677315612,11.551149,1.9202257,2017
743,r2i1p1f1,2017,01,13,88.9546896268327,7.2768617,1.5556122,2017
744,r2i1p1f1,2017,01,14,31.511549624981573,3.1303782,-1.0813386,2017
745,r2i1p1f1,2017,01,15,1.034999172623849,4.607179,-0.4044304,2017
746,r2i1p1f1,2017,01,16,27.67367820387545,7.151499,-0.2147161,2017
747,r2i1p1f1,2017,01,17,24.29973862935395,7.45959,1.7094394,2017
748,r2i1p1f1,2017,01,18,44.25778491579247,2.3434925,-1.5654404,2017
749,r2i1p1f1,2017,01,19,0.31986967000053623,6.012722,-6.811881,2017
750,r2i1p1f1,2017,01,20,0.0,11.128438,-4.671658,2017
751,r2i1p1f1,2017,01,21,0.0,13.85094,-0.60472363,2017
752,r2i1p1f1,2017,01,22,0.0,13.219514,0.25980094,2017
753,r2i1p1f1,2017,01,23,0.0,9.353459,0.9560541,2017
754,r2i1p1f1,2017,01,24,0.0,11.0078125,0.09959891,2017
755,r2i1p1f1,2017,01,25,0.0,8.581992,-4.1423197,2017
756,r2i1p1f1,2017,01,26,0.0,12.343744,-2.553623,2017
757,r2i1p1f1,2017,01,27,0.0,12.027482,-2.906667,2017
758,r2i1p1f1,2017,01,28,0.0,14.774475,-0.41703504,2017
759,r2i1p1f1,2017,01,29,0.0,11.6578045,-2.189821,2017
760,r2i1p1f1,2017,01,30,0.0,6.755872,-3.925285,2017
761,r2i1p1f1,2017,01,31,0.0,6.244316,-5.757063,2017
762,r2i1p1f1,2017,02,01,1.6843784279514624,4.7476077,0.0043504178,2017
763,r2i1p1f1,2017,02,02,0.08130861086696174,9.977688,3.8116822,2017
764,r2i1p1f1,2017,02,03,2.90866920008389,10.562857,-0.22343074,2017
765,r2i1p1f1,2017,02,04,0.0,9.348686,-5.6602917,2017
766,r2i1p1f1,2017,02,05,0.0,7.7138925,-4.2753797,2017
767,r2i1p1f1,2017,02,06,0.0,6.821382,-4.309018,2017
768,r2i1p1f1,2017,02,07,0.0,8.170212,-3.145322,2017
769,r2i1p1f1,2017,02,08,0.0,13.414766,-0.450018,2017
770,r2i1p1f1,2017,02,09,0.0,14.216973,0.18499003,2017
771,r2i1p1f1,2017,02,10,0.0,15.209595,1.3259145,2017
772,r2i1p1f1,2017,02,11,0.0,16.161983,2.3893938,2017
773,r2i1p1f1,2017,02,12,0.0,15.2480755,2.2076952,2017
774,r2i1p1f1,2017,02,13,0.0,16.330557,1.13121,2017
775,r2i1p1f1,2017,02,14,0.0,16.954865,0.74243134,2017
776,r2i1p1f1,2017,02,15,0.0,17.075684,1.216711,2017
777,r2i1p1f1,2017,02,16,0.0,16.81043,1.7182713,2017
778,r2i1p1f1,2017,02,17,0.0059226281616877085,16.225122,2.4344873,2017
779,r2i1p1f1,2017,02,18,7.590868447410825,7.498693,2.0741072,2017
780,r2i1p1f1,2017,02,19,0.0,11.06971,1.4665718,2017
781,r2i1p1f1,2017,02,20,0.0,11.917316,-0.59769285,2017
782,r2i1p1f1,2017,02,21,0.0,13.132249,1.1100061,2017
783,r2i1p1f1,2017,02,22,0.0,16.435255,0.15525436,2017
784,r2i1p1f1,2017,02,23,0.0,16.836641,1.7308469,2017
785,r2i1p1f1,2017,02,24,0.0,15.727114,0.77412325,2017
786,r2i1p1f1,2017,02,25,0.0,12.425978,0.597059,2017
787,r2i1p1f1,2017,02,26,2.7470647919122153,10.938984,-0.20562343,2017
788,r2i1p1f1,2017,02,27,0.0,9.338655,1.7666147,2017
789,r2i1p1f1,2017,02,28,0.32274524861489995,10.567681,-0.2829307,2017
790,r2i1p1f1,2017,03,01,33.82590886366625,3.2502153,-3.605537,2017
791,r2i1p1f1,2017,03,02,0.5606002008649879,5.7377005,-5.6712523,2017
792,r2i1p1f1,2017,03,03,0.0,6.9254227,-3.6581676,2017
793,r2i1p1f1,2017,03,04,7.039010289974192,2.7943916,-3.1888106,2017
794,r2i1p1f1,2017,03,05,0.0,12.854181,-3.285949,2017
795,r2i1p1f1,2017,03,06,0.0,12.360726,-2.1709764,2017
796,r2i1p1f1,2017,03,07,0.0,13.066125,-0.62640804,2017
797,r2i1p1f1,2017,03,08,0.0,13.412766,-0.34112626,2017
798,r2i1p1f1,2017,03,09,0.0,13.769531,-0.22305572,2017
799,r2i1p1f1,2017,03,10,0.0,13.14834,0.8969476,2017
800,r2i1p1f1,2017,03,11,0.0,13.596517,2.995791,2017
801,r2i1p1f1,2017,03,12,0.0,16.964733,0.93037444,2017
802,r2i1p1f1,2017,03,13,0.0,15.755888,1.668923,2017
803,r2i1p1f1,2017,03,14,13.769433638942875,9.37107,-3.611662,2017
804,r2i1p1f1,2017,03,15,0.0,11.039182,-3.8841615,2017
805,r2i1p1f1,2017,03,16,0.0,10.118292,-3.0636156,2017
806,r2i1p1f1,2017,03,17,21.948402632887547,5.0189605,0.10898346,2017
807,r2i1p1f1,2017,03,18,38.40169157259739,6.6310596,-0.6334737,2017
808,r2i1p1f1,2017,03,19,50.06432874719254,5.2953944,-0.5927795,2017
809,r2i1p1f1,2017,03,20,43.11449476383412,4.4375467,-1.0310438,2017
810,r2i1p1f1,2017,03,21,6.702970881521581,6.9168167,-2.1928387,2017
811,r2i1p1f1,2017,03,22,2.3676326307115514,9.035341,-4.522949,2017
812,r2i1p1f1,2017,03,23,0.0,10.252915,-7.4959903,2017
813,r2i1p1f1,2017,03,24,0.0,13.420171,-3.7844117,2017
814,r2i1p1f1,2017,03,25,0.40602243883628175,9.832099,-0.17927854,2017
815,r2i1p1f1,2017,03,26,0.0,7.9304905,-3.747387,2017
816,r2i1p1f1,2017,03,27,0.0,5.683065,-6.0838013,2017
817,r2i1p1f1,2017,03,28,0.0,10.294305,-6.042011,2017
818,r2i1p1f1,2017,03,29,15.161914205348763,5.4041753,-4.1808195,2017
819,r2i1p1f1,2017,03,30,67.49925859185169,3.3148534,0.08478067,2017
820,r2i1p1f1,2017,03,31,0.0,9.787283,-3.3021648,2017
821,r2i1p1f1,2017,04,01,0.0,18.71444,-0.66999847,2017
822,r2i1p1f1,2017,04,02,0.0,17.637014,1.9397161,2017
823,r2i1p1f1,2017,04,03,0.0,15.675058,2.1570334,2017
824,r2i1p1f1,2017,04,04,0.0,19.690172,4.398638,2017
825,r2i1p1f1,2017,04,05,0.0,23.868221,6.448271,2017
826,r2i1p1f1,2017,04,06,0.0,23.95219,8.509128,2017
827,r2i1p1f1,2017,04,07,0.0,22.411703,5.9789343,2017
828,r2i1p1f1,2017,04,08,8.124707298338762,10.955975,-3.7172773,2017
829,r2i1p1f1,2017,04,09,5.405743649435653,8.143809,-6.243237,2017
830,r2i1p1f1,2017,04,10,2.467620187952399,8.2470875,-4.336923,2017
831,r2i1p1f1,2017,04,11,6.044037539490651,7.5227847,-0.23554268,2017
832,r2i1p1f1,2017,04,12,4.1537749580059495,5.745795,-0.30363935,2017
833,r2i1p1f1,2017,04,13,5.9862040698835,8.719342,-3.9579713,2017
834,r2i1p1f1,2017,04,14,0.0,15.319184,-1.6871048,2017
835,r2i1p1f1,2017,04,15,0.0,13.069868,-1.1184883,2017
836,r2i1p1f1,2017,04,16,11.339123012798014,6.4037256,-2.2365284,2017
837,r2i1p1f1,2017,04,17,0.0,11.700499,-1.6797982,2017
838,r2i1p1f1,2017,04,18,0.0,15.87721,0.79776275,2017
839,r2i1p1f1,2017,04,19,0.0,19.636597,2.643625,2017
840,r2i1p1f1,2017,04,20,0.0,22.375834,3.5828333,2017
841,r2i1p1f1,2017,04,21,0.0,16.650583,1.7976584,2017
842,r2i1p1f1,2017,04,22,0.0817902505983826,14.738253,4.439526,2017
843,r2i1p1f1,2017,04,23,0.0,16.622816,2.3177428,2017
844,r2i1p1f1,2017,04,24,14.998909330573111,12.425396,-3.795916,2017
845,r2i1p1f1,2017,04,25,4.61862742744975,1.2353622,-9.220655,2017
846,r2i1p1f1,2017,04,26,0.0,9.514547,-4.823559,2017
847,r2i1p1f1,2017,04,27,0.0,14.564422,-2.2219853,2017
848,r2i1p1f1,2017,04,28,0.0,14.189841,0.14452362,2017
849,r2i1p1f1,2017,04,29,1.3942674831364106,9.083488,1.9549472,2017
850,r2i1p1f1,2017,04,30,0.005423267055868144,8.786355,0.444552,2017
851,r2i1p1f1,2017,05,01,0.0,14.658134,-2.356618,2017
852,r2i1p1f1,2017,05,02,0.03608075506305725,14.983001,-1.0348552,2017
853,r2i1p1f1,2017,05,03,0.0,13.864426,0.045296595,2017
854,r2i1p1f1,2017,05,04,0.0,12.703497,0.9298543,2017
855,r2i1p1f1,2017,05,05,6.766833592477129,8.689803,-7.4940686,2017
856,r2i1p1f1,2017,05,06,15.289643001429235,5.015259,-2.3326142,2017
857,r2i1p1f1,2017,05,07,2.799809030022096,9.267615,0.5469888,2017
858,r2i1p1f1,2017,05,08,0.0,16.476343,-2.639538,2017
859,r2i1p1f1,2017,05,09,0.0,16.881525,1.141762,2017
860,r2i1p1f1,2017,05,10,0.0,17.504238,2.0065627,2017
861,r2i1p1f1,2017,05,11,0.0,19.564081,2.9320858,2017
862,r2i1p1f1,2017,05,12,0.0,22.033665,5.493123,2017
863,r2i1p1f1,2017,05,13,0.0,25.517635,7.9462547,2017
864,r2i1p1f1,2017,05,14,0.0,26.725973,8.804801,2017
865,r2i1p1f1,2017,05,15,0.0,29.142359,10.909599,2017
866,r2i1p1f1,2017,05,16,0.0,25.915743,8.453101,2017
867,r2i1p1f1,2017,05,17,0.0,15.739092,-0.2509532,2017
868,r2i1p1f1,2017,05,18,0.0,14.029638,-0.8629034,2017
869,r2i1p1f1,2017,05,19,0.0,19.86578,-0.18657039,2017
870,r2i1p1f1,2017,05,20,0.0,23.906229,7.118147,2017
871,r2i1p1f1,2017,05,21,0.0,23.032263,5.7393913,2017
872,r2i1p1f1,2017,05,22,0.7071972352255566,13.897802,-2.3531108,2017
873,r2i1p1f1,2017,05,23,0.0,14.367097,1.1566342,2017
874,r2i1p1f1,2017,05,24,0.0,17.47226,3.1219122,2017
875,r2i1p1f1,2017,05,25,0.0,19.416187,2.644697,2017
876,r2i1p1f1,2017,05,26,0.0,20.961329,4.714045,2017
877,r2i1p1f1,2017,05,27,0.0,24.95353,8.023385,2017
878,r2i1p1f1,2017,05,28,0.0,28.655182,9.632215,2017
879,r2i1p1f1,2017,05,29,0.0,27.27891,10.52332,2017
880,r2i1p1f1,2017,05,30,0.0,24.296803,8.259057,2017
881,r2i1p1f1,2017,05,31,8.64528236136091,12.594673,2.0201566,2017
882,r2i1p1f1,2017,06,01,0.3116353332188737,13.455564,4.4802475,2017
883,r2i1p1f1,2017,06,02,0.06156582162475388,16.768473,2.5483747,2017
884,r2i1p1f1,2017,06,03,0.072321862822159,19.879826,2.1910303,2017
885,r2i1p1f1,2017,06,04,0.013247094242475353,22.57296,4.5836434,2017
886,r2i1p1f1,2017,06,05,0.0,21.171076,5.260009,2017
887,r2i1p1f1,2017,06,06,0.0,17.277456,4.117202,2017
888,r2i1p1f1,2017,06,07,0.0,18.722208,3.9351795,2017
889,r2i1p1f1,2017,06,08,0.34178848859133165,18.328527,3.4492157,2017
890,r2i1p1f1,2017,06,09,2.963753318779429,13.554597,2.0789196,2017
891,r2i1p1f1,2017,06,10,0.1886964555454212,16.41188,-0.69285506,2017
892,r2i1p1f1,2017,06,11,0.019372515442647946,18.569027,5.8416476,2017
893,r2i1p1f1,2017,06,12,0.0,24.795902,5.775169,2017
894,r2i1p1f1,2017,06,13,0.0,27.127832,8.726992,2017
895,r2i1p1f1,2017,06,14,0.0,26.324,8.001775,2017
896,r2i1p1f1,2017,06,15,0.0,24.214903,6.6297483,2017
897,r2i1p1f1,2017,06,16,0.0,25.07819,6.2415566,2017
898,r2i1p1f1,2017,06,17,0.0,26.499073,8.057294,2017
899,r2i1p1f1,2017,06,18,0.0,25.076508,7.3341346,2017
900,r2i1p1f1,2017,06,19,0.0,18.28421,4.023183,2017
901,r2i1p1f1,2017,06,20,0.0,22.05625,5.409288,2017
902,r2i1p1f1,2017,06,21,0.0,28.931898,9.462609,2017
903,r2i1p1f1,2017,06,22,0.0,29.203325,10.473567,2017
904,r2i1p1f1,2017,06,23,0.0,25.595688,7.2944937,2017
905,r2i1p1f1,2017,06,24,0.0,24.559217,5.7497573,2017
906,r2i1p1f1,2017,06,25,0.0,23.372162,6.58686,2017
907,r2i1p1f1,2017,06,26,0.0,24.187069,8.701433,2017
908,r2i1p1f1,2017,06,27,0.0,26.911871,7.9720664,2017
909,r2i1p1f1,2017,06,28,0.0,29.643942,10.820568,2017
910,r2i1p1f1,2017,06,29,0.0,30.20915,11.36654,2017
911,r2i1p1f1,2017,06,30,0.0,28.70238,11.614339,2017
912,r2i1p1f1,2017,07,01,0.0,27.904135,10.274118,2017
913,r2i1p1f1,2017,07,02,0.0,26.925468,8.365538,2017
914,r2i1p1f1,2017,07,03,0.0,26.819204,8.53574,2017
915,r2i1p1f1,2017,07,04,0.0,26.909786,9.115891,2017
916,r2i1p1f1,2017,07,05,0.0,28.499935,10.495984,2017
917,r2i1p1f1,2017,07,06,0.0,31.833675,12.370925,2017
918,r2i1p1f1,2017,07,07,0.0,32.281853,13.614394,2017
919,r2i1p1f1,2017,07,08,0.0,31.084341,12.624621,2017
920,r2i1p1f1,2017,07,09,0.0,27.277563,9.014628,2017
921,r2i1p1f1,2017,07,10,0.0,29.887295,11.633281,2017
922,r2i1p1f1,2017,07,11,0.0,31.560202,13.434905,2017
923,r2i1p1f1,2017,07,12,0.0,32.58953,14.374719,2017
924,r2i1p1f1,2017,07,13,0.0,33.591793,15.462019,2017
925,r2i1p1f1,2017,07,14,0.0,33.66383,15.748298,2017
926,r2i1p1f1,2017,07,15,0.0,34.066635,14.632819,2017
927,r2i1p1f1,2017,07,16,0.0,31.482948,12.631438,2017
928,r2i1p1f1,2017,07,17,0.0,30.456938,12.566487,2017
929,r2i1p1f1,2017,07,18,0.0,30.548536,12.356911,2017
930,r2i1p1f1,2017,07,19,0.0,29.071045,10.348542,2017
931,r2i1p1f1,2017,07,20,0.0,29.70067,11.0032425,2017
932,r2i1p1f1,2017,07,21,0.0,32.306614,13.405389,2017
933,r2i1p1f1,2017,07,22,0.0,34.770744,15.394793,2017
934,r2i1p1f1,2017,07,23,0.0,33.301582,14.866848,2017
935,r2i1p1f1,2017,07,24,0.0,32.58891,14.105888,2017
936,r2i1p1f1,2017,07,25,0.0,31.11856,12.913391,2017
937,r2i1p1f1,2017,07,26,0.0,31.098564,12.974477,2017
938,r2i1p1f1,2017,07,27,0.0,31.650196,14.749629,2017
939,r2i1p1f1,2017,07,28,0.0,33.15785,15.425227,2017
940,r2i1p1f1,2017,07,29,0.0,33.09794,14.794621,2017
941,r2i1p1f1,2017,07,30,0.0,32.70903,14.617349,2017
942,r2i1p1f1,2017,07,31,0.0,31.903008,13.96157,2017
943,r2i1p1f1,2017,08,01,0.0,30.968554,12.817825,2017
944,r2i1p1f1,2017,08,02,0.0,28.914911,10.70392,2017
945,r2i1p1f1,2017,08,03,0.0,31.906132,13.447031,2017
946,r2i1p1f1,2017,08,04,0.0,35.887726,17.090591,2017
947,r2i1p1f1,2017,08,05,0.0,34.792774,17.370676,2017
948,r2i1p1f1,2017,08,06,0.0,33.9128,17.539106,2017
949,r2i1p1f1,2017,08,07,0.0,31.86187,16.096336,2017
950,r2i1p1f1,2017,08,08,0.0,31.388525,13.647576,2017
951,r2i1p1f1,2017,08,09,0.0,30.426044,12.402676,2017
952,r2i1p1f1,2017,08,10,0.0,29.640059,13.236226,2017
953,r2i1p1f1,2017,08,11,0.0,30.199127,13.219367,2017
954,r2i1p1f1,2017,08,12,0.0,31.788937,13.540233,2017
955,r2i1p1f1,2017,08,13,0.0,30.378292,15.161968,2017
956,r2i1p1f1,2017,08,14,0.0,29.442076,15.45435,2017
957,r2i1p1f1,2017,08,15,0.001316542042891692,29.977182,15.78325,2017
958,r2i1p1f1,2017,08,16,0.5884730786682177,30.067354,17.014013,2017
959,r2i1p1f1,2017,08,17,0.0,30.091475,15.451118,2017
960,r2i1p1f1,2017,08,18,0.0,30.344097,14.59829,2017
961,r2i1p1f1,2017,08,19,0.0,30.283346,13.845722,2017
962,r2i1p1f1,2017,08,20,0.0,30.090902,13.167984,2017
963,r2i1p1f1,2017,08,21,0.0,31.085922,13.698752,2017
964,r2i1p1f1,2017,08,22,0.0,32.06384,15.54323,2017
965,r2i1p1f1,2017,08,23,0.0,32.28969,16.296455,2017
966,r2i1p1f1,2017,08,24,0.3063744616016405,32.508022,17.067207,2017
967,r2i1p1f1,2017,08,25,0.0,30.528696,13.353389,2017
968,r2i1p1f1,2017,08,26,0.0,28.96498,11.390396,2017
969,r2i1p1f1,2017,08,27,0.0,27.87259,10.19843,2017
970,r2i1p1f1,2017,08,28,0.0,27.573374,8.216929,2017
971,r2i1p1f1,2017,08,29,0.0,22.828827,5.7870955,2017
972,r2i1p1f1,2017,08,30,0.0,20.340801,3.5171678,2017
973,r2i1p1f1,2017,08,31,0.0,22.251698,3.301581,2017
974,r2i1p1f1,2017,09,01,0.0,24.253653,7.422368,2017
975,r2i1p1f1,2017,09,02,0.0,26.932915,9.248279,2017
976,r2i1p1f1,2017,09,03,0.0,27.282696,9.913977,2017
977,r2i1p1f1,2017,09,04,0.0,26.284262,8.093586,2017
978,r2i1p1f1,2017,09,05,0.0,24.433521,7.8172116,2017
979,r2i1p1f1,2017,09,06,0.0,23.0741,6.8881545,2017
980,r2i1p1f1,2017,09,07,0.0,23.699198,8.466645,2017
981,r2i1p1f1,2017,09,08,1.818856193029625,24.219645,5.924195,2017
982,r2i1p1f1,2017,09,09,0.0,23.111013,6.9913516,2017
983,r2i1p1f1,2017,09,10,0.0,26.124926,9.23206,2017
984,r2i1p1f1,2017,09,11,0.0,26.200922,8.952604,2017
985,r2i1p1f1,2017,09,12,0.0,26.965445,10.424321,2017
986,r2i1p1f1,2017,09,13,0.0,31.241774,12.68986,2017
987,r2i1p1f1,2017,09,14,0.0,31.443546,13.308528,2017
988,r2i1p1f1,2017,09,15,0.0,30.754677,14.158645,2017
989,r2i1p1f1,2017,09,16,0.0,29.8667,11.496533,2017
990,r2i1p1f1,2017,09,17,0.0,29.027676,12.872999,2017
991,r2i1p1f1,2017,09,18,0.0,26.323618,8.423148,2017
992,r2i1p1f1,2017,09,19,0.0,23.07172,8.736993,2017
993,r2i1p1f1,2017,09,20,0.0,22.002129,6.3716073,2017
994,r2i1p1f1,2017,09,21,0.0,21.778418,5.6282105,2017
995,r2i1p1f1,2017,09,22,0.044663764912491806,21.45618,6.6575756,2017
996,r2i1p1f1,2017,09,23,0.0,21.737745,6.3317723,2017
997,r2i1p1f1,2017,09,24,0.0,21.667707,8.354572,2017
998,r2i1p1f1,2017,09,25,0.0,21.626451,8.33404,2017
999,r2i1p1f1,2017,09,26,0.0,22.961447,7.3746066,2017
1000,r2i1p1f1,2017,09,27,0.0,23.546606,8.4599,2017
1001,r2i1p1f1,2017,09,28,0.0,21.26693,5.465838,2017
1002,r2i1p1f1,2017,09,29,0.0,20.402279,6.677423,2017
1003,r2i1p1f1,2017,09,30,0.0,20.745638,6.586361,2017
1004,r2i1p1f1,2017,10,01,0.0,27.8513,8.590034,2017
1005,r2i1p1f1,2017,10,02,0.0,30.435328,12.798991,2017
1006,r2i1p1f1,2017,10,03,0.0,30.18332,13.698425,2017
1007,r2i1p1f1,2017,10,04,0.0,29.791576,12.512938,2017
1008,r2i1p1f1,2017,10,05,0.0,28.776957,12.371107,2017
1009,r2i1p1f1,2017,10,06,0.0,28.83453,12.477236,2017
1010,r2i1p1f1,2017,10,07,0.0,28.296562,12.3196125,2017
1011,r2i1p1f1,2017,10,08,0.0,25.145054,9.983885,2017
1012,r2i1p1f1,2017,10,09,0.0,24.229963,6.1077733,2017
1013,r2i1p1f1,2017,10,10,0.0,26.081343,10.061399,2017
1014,r2i1p1f1,2017,10,11,0.0,25.042631,8.57241,2017
1015,r2i1p1f1,2017,10,12,0.0,20.773561,7.645857,2017
1016,r2i1p1f1,2017,10,13,0.0,23.160414,8.598709,2017
1017,r2i1p1f1,2017,10,14,0.0,22.478565,5.9365444,2017
1018,r2i1p1f1,2017,10,15,0.0,24.122467,7.18682,2017
1019,r2i1p1f1,2017,10,16,0.0,25.723724,8.777221,2017
1020,r2i1p1f1,2017,10,17,0.0,24.669119,7.900095,2017
1021,r2i1p1f1,2017,10,18,0.0,18.505348,4.4600034,2017
1022,r2i1p1f1,2017,10,19,0.0,21.046402,5.148865,2017
1023,r2i1p1f1,2017,10,20,0.0,23.019888,6.1123004,2017
1024,r2i1p1f1,2017,10,21,0.0,24.877434,6.8943076,2017
1025,r2i1p1f1,2017,10,22,0.0,23.589184,9.014944,2017
1026,r2i1p1f1,2017,10,23,0.0,21.63265,8.1228075,2017
1027,r2i1p1f1,2017,10,24,0.0,18.629774,4.9747696,2017
1028,r2i1p1f1,2017,10,25,0.0,22.097187,8.758855,2017
1029,r2i1p1f1,2017,10,26,0.0,21.519878,8.691378,2017
1030,r2i1p1f1,2017,10,27,0.0,19.805079,7.1335692,2017
1031,r2i1p1f1,2017,10,28,0.3616465004317713,17.357712,5.4295654,2017
1032,r2i1p1f1,2017,10,29,2.678827302235968,12.641595,5.864351,2017
1033,r2i1p1f1,2017,10,30,3.0728043590128298,12.958467,1.6396234,2017
1034,r2i1p1f1,2017,10,31,0.0,15.853596,3.2574806,2017
1035,r2i1p1f1,2017,11,01,0.0,16.91841,2.2811697,2017
1036,r2i1p1f1,2017,11,02,0.0,17.203848,3.7532067,2017
1037,r2i1p1f1,2017,11,03,0.0,18.343117,6.0758605,2017
1038,r2i1p1f1,2017,11,04,0.0,14.140266,2.1313355,2017
1039,r2i1p1f1,2017,11,05,0.07245555688524082,14.139692,1.065136,2017
1040,r2i1p1f1,2017,11,06,0.15843245602039902,10.743855,3.2330635,2017
1041,r2i1p1f1,2017,11,07,0.0,14.061089,-0.46117187,2017
1042,r2i1p1f1,2017,11,08,0.0,13.865973,-0.3214705,2017
1043,r2i1p1f1,2017,11,09,0.0,13.554625,0.20847203,2017
1044,r2i1p1f1,2017,11,10,0.0,13.324638,0.05053848,2017
1045,r2i1p1f1,2017,11,11,0.0,12.403738,-1.8252403,2017
1046,r2i1p1f1,2017,11,12,0.0,10.204675,-2.0840318,2017
1047,r2i1p1f1,2017,11,13,0.0,11.179387,-5.5243397,2017
1048,r2i1p1f1,2017,11,14,13.751175868674181,9.283274,-2.6957774,2017
1049,r2i1p1f1,2017,11,15,2.2709895508411977,4.56865,-2.818664,2017
1050,r2i1p1f1,2017,11,16,0.15673897172606444,6.9776025,-1.8208536,2017
1051,r2i1p1f1,2017,11,17,0.007207841834035487,12.227812,0.14193246,2017
1052,r2i1p1f1,2017,11,18,0.0,11.909214,0.033943567,2017
1053,r2i1p1f1,2017,11,19,0.0,10.91279,-2.3353307,2017
1054,r2i1p1f1,2017,11,20,0.0,9.722693,-2.6999898,2017
1055,r2i1p1f1,2017,11,21,0.017372997927640636,11.2335005,-4.1160293,2017
1056,r2i1p1f1,2017,11,22,0.0,9.991044,-1.6436316,2017
1057,r2i1p1f1,2017,11,23,43.73693878207212,10.307688,0.11068647,2017
1058,r2i1p1f1,2017,11,24,79.20978244465704,10.1383705,5.3860426,2017
1059,r2i1p1f1,2017,11,25,7.2143493504811955,7.9379163,-0.5537254,2017
1060,r2i1p1f1,2017,11,26,6.278213421949029,5.594135,-3.0554097,2017
1061,r2i1p1f1,2017,11,27,0.0,6.4377737,-4.8651247,2017
1062,r2i1p1f1,2017,11,28,10.032028201889121,7.492665,-4.4062605,2017
1063,r2i1p1f1,2017,11,29,45.045714474354796,5.9260597,1.2103682,2017
1064,r2i1p1f1,2017,11,30,1.077024951277613,5.8265476,2.7176116,2017
1065,r2i1p1f1,2017,12,01,0.0,14.732908,2.830874,2017
1066,r2i1p1f1,2017,12,02,0.0,16.418837,3.498208,2017
1067,r2i1p1f1,2017,12,03,0.0,15.844246,3.1704488,2017
1068,r2i1p1f1,2017,12,04,0.0,17.463095,2.1226757,2017
1069,r2i1p1f1,2017,12,05,0.0,15.050041,3.6523743,2017
1070,r2i1p1f1,2017,12,06,0.0,16.59357,3.623883,2017
1071,r2i1p1f1,2017,12,07,0.0,14.719798,2.8752077,2017
1072,r2i1p1f1,2017,12,08,0.0,14.571108,2.4630208,2017
1073,r2i1p1f1,2017,12,09,0.0,14.103279,1.8446774,2017
1074,r2i1p1f1,2017,12,10,0.0,12.463154,-1.452642,2017
1075,r2i1p1f1,2017,12,11,0.0,12.106621,-0.34696198,2017
1076,r2i1p1f1,2017,12,12,0.0,13.835696,0.94910526,2017
1077,r2i1p1f1,2017,12,13,0.0,15.089114,1.4564306,2017
1078,r2i1p1f1,2017,12,14,0.0,14.212679,1.1352243,2017
1079,r2i1p1f1,2017,12,15,3.754507203596474e-05,10.571579,-1.844724,2017
1080,r2i1p1f1,2017,12,16,6.572921703264001,3.7475684,-9.026731,2017
1081,r2i1p1f1,2017,12,17,0.0,4.334728,-8.848156,2017
1082,r2i1p1f1,2017,12,18,0.0,1.2368809,-9.631411,2017
1083,r2i1p1f1,2017,12,19,19.211364782621295,-1.2260628,-7.703798,2017
1084,r2i1p1f1,2017,12,20,0.0,5.243109,-8.516963,2017
1085,r2i1p1f1,2017,12,21,26.474324283145297,-1.3938752,-8.304321,2017
1086,r2i1p1f1,2017,12,22,9.778202382417826,2.9444764,-1.8969891,2017
1087,r2i1p1f1,2017,12,23,0.0,8.618372,0.85412616,2017
1088,r2i1p1f1,2017,12,24,0.0,5.9952674,-0.048290547,2017
1089,r2i1p1f1,2017,12,25,0.0,5.6588736,-1.3940256,2017
1090,r2i1p1f1,2017,12,26,0.0,8.442601,-2.2679603,2017
1091,r2i1p1f1,2017,12,27,0.0,9.649108,1.7597183,2017
1092,r2i1p1f1,2017,12,28,0.0,7.5330057,0.96862125,2017
1093,r2i1p1f1,2017,12,29,13.666855082332264,3.9155989,-1.4373318,2017
1094,r2i1p1f1,2017,12,30,40.65918360586063,0.7110654,-3.3824425,2017
1095,r2i1p1f1,2017,12,31,26.34419372323184,4.185375,-5.397421,2017
1096,r2i1p1f1,2018,01,01,13.796848583017262,3.4122674,-1.772565,2018
1097,r2i1p1f1,2018,01,02,0.0,1.3762906,-3.4793963,2018
1098,r2i1p1f1,2018,01,03,0.0,3.3814855,-7.4051046,2018
1099,r2i1p1f1,2018,01,04,0.0,6.0754833,-7.3476944,2018
1100,r2i1p1f1,2018,01,05,0.0,5.6447587,-5.279802,2018
1101,r2i1p1f1,2018,01,06,0.0,5.2596583,-5.4737563,2018
1102,r2i1p1f1,2018,01,07,0.0,7.551261,-4.33823,2018
1103,r2i1p1f1,2018,01,08,0.0,9.362315,-3.4757445,2018
1104,r2i1p1f1,2018,01,09,0.0,8.969375,-3.0149279,2018
1105,r2i1p1f1,2018,01,10,0.0,9.243956,-3.943825,2018
1106,r2i1p1f1,2018,01,11,0.0,12.041982,-2.1832404,2018
1107,r2i1p1f1,2018,01,12,0.0,9.223518,-2.3254323,2018
1108,r2i1p1f1,2018,01,13,7.0847053038820516,1.5231402,-3.1741078,2018
1109,r2i1p1f1,2018,01,14,2.972574989217509,4.958861,-0.18859814,2018
1110,r2i1p1f1,2018,01,15,0.0,15.00189,3.935288,2018
1111,r2i1p1f1,2018,01,16,0.0,17.983803,2.0456395,2018
1112,r2i1p1f1,2018,01,17,25.59174176970443,11.914475,4.662273,2018
1113,r2i1p1f1,2018,01,18,2.2195613073248612,10.293203,3.036994,2018
1114,r2i1p1f1,2018,01,19,7.368480455988902,6.7047434,0.6195316,2018
1115,r2i1p1f1,2018,01,20,0.0,6.2718353,-2.8741543,2018
1116,r2i1p1f1,2018,01,21,5.531550817207831,2.4423635,-3.7586474,2018
1117,r2i1p1f1,2018,01,22,0.0,3.275121,-6.8921742,2018
1118,r2i1p1f1,2018,01,23,0.0,6.577534,-0.94902325,2018
1119,r2i1p1f1,2018,01,24,0.0,12.418076,0.15051681,2018
1120,r2i1p1f1,2018,01,25,0.0,17.260433,2.1076612,2018
1121,r2i1p1f1,2018,01,26,0.0,18.04917,1.5996194,2018
1122,r2i1p1f1,2018,01,27,0.0,17.699934,2.056166,2018
1123,r2i1p1f1,2018,01,28,0.0,15.535234,2.4606764,2018
1124,r2i1p1f1,2018,01,29,0.0,13.583682,1.5304085,2018
1125,r2i1p1f1,2018,01,30,30.340918905746477,8.131441,-3.3417962,2018
1126,r2i1p1f1,2018,01,31,0.005099908113292118,0.6865825,-9.93929,2018
1127,r2i1p1f1,2018,02,01,24.706932190635527,-3.35906,-7.4342356,2018
1128,r2i1p1f1,2018,02,02,0.0,1.1266509,-12.150449,2018
1129,r2i1p1f1,2018,02,03,0.0,4.451925,-8.699778,2018
1130,r2i1p1f1,2018,02,04,0.0,11.32223,-3.3425434,2018
1131,r2i1p1f1,2018,02,05,0.0,15.522317,0.46525025,2018
1132,r2i1p1f1,2018,02,06,0.0,13.437076,-0.1419444,2018
1133,r2i1p1f1,2018,02,07,0.0,8.358475,-3.3763404,2018
1134,r2i1p1f1,2018,02,08,0.005011738875719647,7.147689,-4.500974,2018
1135,r2i1p1f1,2018,02,09,10.473218613207372,2.7747588,-1.8952398,2018
1136,r2i1p1f1,2018,02,10,4.332211942314993,2.5363753,-13.073588,2018
1137,r2i1p1f1,2018,02,11,0.0,-0.39374307,-14.33934,2018
1138,r2i1p1f1,2018,02,12,0.0,2.7556648,-11.094855,2018
1139,r2i1p1f1,2018,02,13,0.0,2.7925038,-9.692529,2018
1140,r2i1p1f1,2018,02,14,0.0,9.694325,-3.9125628,2018
1141,r2i1p1f1,2018,02,15,0.0,3.9994898,-9.09831,2018
1142,r2i1p1f1,2018,02,16,0.0,5.5989923,-9.305312,2018
1143,r2i1p1f1,2018,02,17,0.0,7.2950563,-9.109431,2018
1144,r2i1p1f1,2018,02,18,0.0,13.990053,-2.3879628,2018
1145,r2i1p1f1,2018,02,19,0.0,10.961012,-2.5161073,2018
1146,r2i1p1f1,2018,02,20,7.503985902370075,3.605403,-0.7765202,2018
1147,r2i1p1f1,2018,02,21,0.0,5.240243,-3.2808373,2018
1148,r2i1p1f1,2018,02,22,0.0,8.25555,-7.0485044,2018
1149,r2i1p1f1,2018,02,23,0.5312002789371315,9.502896,-4.498218,2018
1150,r2i1p1f1,2018,02,24,11.524646477048988,4.7997556,-1.1090394,2018
1151,r2i1p1f1,2018,02,25,28.93323254896901,3.612685,-0.45821908,2018
1152,r2i1p1f1,2018,02,26,5.064406628207507,2.30057,-7.031029,2018
1153,r2i1p1f1,2018,02,27,88.91975063060482,2.8015168,-1.7160784,2018
1154,r2i1p1f1,2018,02,28,0.0,5.553297,-0.154846,2018
1155,r2i1p1f1,2018,03,01,0.0,7.255908,-6.602867,2018
1156,r2i1p1f1,2018,03,02,0.0,9.893025,-3.3521602,2018
1157,r2i1p1f1,2018,03,03,0.0,10.067863,-3.477821,2018
1158,r2i1p1f1,2018,03,04,0.0,11.086177,-3.2224784,2018
1159,r2i1p1f1,2018,03,05,0.0,12.9749975,-1.6400825,2018
1160,r2i1p1f1,2018,03,06,0.0,17.274187,0.0046216524,2018
1161,r2i1p1f1,2018,03,07,0.0,21.040148,3.824901,2018
1162,r2i1p1f1,2018,03,08,0.0,19.836754,3.3274786,2018
1163,r2i1p1f1,2018,03,09,0.004418169006525064,19.432997,3.8607142,2018
1164,r2i1p1f1,2018,03,10,0.0,22.912855,5.729416,2018
1165,r2i1p1f1,2018,03,11,0.0,22.779356,7.582793,2018
1166,r2i1p1f1,2018,03,12,0.0,23.749111,6.0978165,2018
1167,r2i1p1f1,2018,03,13,0.0,24.78282,7.3469496,2018
1168,r2i1p1f1,2018,03,14,0.0,20.833477,4.9073462,2018
1169,r2i1p1f1,2018,03,15,0.0,14.901518,0.5340273,2018
1170,r2i1p1f1,2018,03,16,0.0,15.288967,-1.8941224,2018
1171,r2i1p1f1,2018,03,17,0.0,15.349891,-3.1305647,2018
1172,r2i1p1f1,2018,03,18,12.372848116053948,11.9054165,-3.0529208,2018
1173,r2i1p1f1,2018,03,19,0.0,8.954404,-0.31727347,2018
1174,r2i1p1f1,2018,03,20,44.6170848606226,4.0802665,-1.7625674,2018
1175,r2i1p1f1,2018,03,21,10.477657146895162,5.620358,-0.25515208,2018
1176,r2i1p1f1,2018,03,22,7.670260338958402,11.0892315,-2.0633223,2018
1177,r2i1p1f1,2018,03,23,27.483825023339776,8.952986,-3.17115,2018
1178,r2i1p1f1,2018,03,24,21.841886283856674,7.019562,-3.669635,2018
1179,r2i1p1f1,2018,03,25,3.7360722233223407,4.6080723,-0.73431337,2018
1180,r2i1p1f1,2018,03,26,0.0,5.2025585,-0.2696631,2018
1181,r2i1p1f1,2018,03,27,0.5119607076756858,8.253425,-3.4096935,2018
1182,r2i1p1f1,2018,03,28,5.051857408062251,4.552775,-3.0731678,2018
1183,r2i1p1f1,2018,03,29,0.4918131152163159,6.432514,-2.8558764,2018
1184,r2i1p1f1,2018,03,30,3.0138601621239594,3.8918433,-2.8824537,2018
1185,r2i1p1f1,2018,03,31,0.3095097439969462,6.908855,1.260711,2018
1186,r2i1p1f1,2018,04,01,3.2767275795847057,7.1140294,0.2679286,2018
1187,r2i1p1f1,2018,04,02,0.0,15.331721,-2.493181,2018
1188,r2i1p1f1,2018,04,03,0.0,16.249619,-2.0258398,2018
1189,r2i1p1f1,2018,04,04,0.0,14.817368,0.6567169,2018
1190,r2i1p1f1,2018,04,05,0.0,16.920458,1.3620816,2018
1191,r2i1p1f1,2018,04,06,0.0,16.912214,1.9770756,2018
1192,r2i1p1f1,2018,04,07,7.323688725003963,11.893938,-4.0337605,2018
1193,r2i1p1f1,2018,04,08,0.6380734019890392,4.205867,-8.832034,2018
1194,r2i1p1f1,2018,04,09,0.0,7.2517543,-5.185456,2018
1195,r2i1p1f1,2018,04,10,0.0,14.25678,-2.0861528,2018
1196,r2i1p1f1,2018,04,11,0.0,15.542122,0.0108740395,2018
1197,r2i1p1f1,2018,04,12,7.676372834668235,12.604376,-3.6716542,2018
1198,r2i1p1f1,2018,04,13,0.004811732889300821,15.513886,-2.058351,2018
1199,r2i1p1f1,2018,04,14,0.0,15.034358,-1.4257913,2018
1200,r2i1p1f1,2018,04,15,0.0,16.858917,-2.1789198,2018
1201,r2i1p1f1,2018,04,16,0.0,16.36284,0.5168541,2018
1202,r2i1p1f1,2018,04,17,0.0,18.901424,3.226533,2018
1203,r2i1p1f1,2018,04,18,3.7072635954245925,17.713827,1.4535666,2018
1204,r2i1p1f1,2018,04,19,0.03541241861127604,20.750057,3.8812432,2018
1205,r2i1p1f1,2018,04,20,0.14581519727786285,21.411007,4.1579885,2018
1206,r2i1p1f1,2018,04,21,5.136509716871492,14.291018,-1.608551,2018
1207,r2i1p1f1,2018,04,22,0.7313509180396347,16.418417,-0.34964225,2018
1208,r2i1p1f1,2018,04,23,0.0,22.997467,3.7387226,2018
1209,r2i1p1f1,2018,04,24,0.0,23.762377,5.2306967,2018
1210,r2i1p1f1,2018,04,25,0.0,21.566158,4.4113536,2018
1211,r2i1p1f1,2018,04,26,0.0,17.097792,3.1510475,2018
1212,r2i1p1f1,2018,04,27,13.233777858253093,7.4498134,-5.061056,2018
1213,r2i1p1f1,2018,04,28,1.4402542207720286,1.8321667,-2.899712,2018
1214,r2i1p1f1,2018,04,29,0.0,10.121292,-2.6222026,2018
1215,r2i1p1f1,2018,04,30,0.0,15.395283,-0.34749505,2018
1216,r2i1p1f1,2018,05,01,0.0,20.363735,0.18148227,2018
1217,r2i1p1f1,2018,05,02,3.6426185057140312,17.469933,-0.41816133,2018
1218,r2i1p1f1,2018,05,03,0.31489148593839045,20.925833,4.1839004,2018
1219,r2i1p1f1,2018,05,04,0.0,18.46794,5.700482,2018
1220,r2i1p1f1,2018,05,05,0.31930387503962265,11.753885,5.450362,2018
1221,r2i1p1f1,2018,05,06,0.0015737603742029304,15.001931,1.3377323,2018
1222,r2i1p1f1,2018,05,07,0.0,17.85361,2.7814946,2018
1223,r2i1p1f1,2018,05,08,0.4644474785436614,17.292755,1.2370616,2018
1224,r2i1p1f1,2018,05,09,1.6200351172301453,10.804122,4.4105897,2018
1225,r2i1p1f1,2018,05,10,0.0,18.086597,2.1332104,2018
1226,r2i1p1f1,2018,05,11,0.0,25.195707,7.6069727,2018
1227,r2i1p1f1,2018,05,12,0.0,26.422682,11.263709,2018
1228,r2i1p1f1,2018,05,13,0.0,26.21198,9.9390545,2018
1229,r2i1p1f1,2018,05,14,0.0,23.990019,8.836967,2018
1230,r2i1p1f1,2018,05,15,0.5140782345104247,25.169174,9.26674,2018
1231,r2i1p1f1,2018,05,16,0.0976107557317636,25.993587,9.082151,2018
1232,r2i1p1f1,2018,05,17,0.46620011255352156,26.00015,9.50574,2018
1233,r2i1p1f1,2018,05,18,0.0,29.141464,11.8826275,2018
1234,r2i1p1f1,2018,05,19,0.07049678847229537,29.39872,12.502171,2018
1235,r2i1p1f1,2018,05,20,0.0,28.663876,12.235444,2018
1236,r2i1p1f1,2018,05,21,0.0,27.995323,11.415978,2018
1237,r2i1p1f1,2018,05,22,0.0,29.542437,10.237172,2018
1238,r2i1p1f1,2018,05,23,1.257724522614668,27.929775,11.414746,2018
1239,r2i1p1f1,2018,05,24,0.0,28.680923,11.79342,2018
1240,r2i1p1f1,2018,05,25,0.0,28.7812,9.961716,2018
1241,r2i1p1f1,2018,05,26,0.0,27.293247,9.387794,2018
1242,r2i1p1f1,2018,05,27,0.0,25.89256,8.870585,2018
1243,r2i1p1f1,2018,05,28,0.0,24.103493,7.9485617,2018
1244,r2i1p1f1,2018,05,29,0.0,21.32978,5.6445236,2018
1245,r2i1p1f1,2018,05,30,0.0,23.62624,4.8687973,2018
1246,r2i1p1f1,2018,05,31,0.0,30.244638,11.672592,2018
1247,r2i1p1f1,2018,06,01,0.0,33.647278,14.134532,2018
1248,r2i1p1f1,2018,06,02,0.06098130593622605,33.099514,13.688433,2018
1249,r2i1p1f1,2018,06,03,5.260768476252381,30.00024,11.660542,2018
1250,r2i1p1f1,2018,06,04,0.01762348838383332,30.531319,13.557988,2018
1251,r2i1p1f1,2018,06,05,1.3805163310070594,29.463388,13.289348,2018
1252,r2i1p1f1,2018,06,06,8.135999634284348,26.944155,11.958737,2018
1253,r2i1p1f1,2018,06,07,0.006541523851830369,26.779362,10.5774,2018
1254,r2i1p1f1,2018,06,08,0.0,27.207157,9.512115,2018
1255,r2i1p1f1,2018,06,09,0.0,26.71599,9.775896,2018
1256,r2i1p1f1,2018,06,10,4.052764921254073,24.63891,7.7993155,2018
1257,r2i1p1f1,2018,06,11,0.0,22.673286,6.6422763,2018
1258,r2i1p1f1,2018,06,12,0.0,20.68311,6.548701,2018
1259,r2i1p1f1,2018,06,13,0.0012173608690948011,17.743715,4.8646936,2018
1260,r2i1p1f1,2018,06,14,0.0,18.553122,5.063234,2018
1261,r2i1p1f1,2018,06,15,0.0,22.472738,4.7805505,2018
1262,r2i1p1f1,2018,06,16,0.011903316429267691,21.367977,6.075637,2018
1263,r2i1p1f1,2018,06,17,0.013673411740455776,16.137882,5.5510516,2018
1264,r2i1p1f1,2018,06,18,0.0,16.909893,2.6038716,2018
1265,r2i1p1f1,2018,06,19,0.19725500184834416,21.752811,4.910725,2018
1266,r2i1p1f1,2018,06,20,0.0,23.77308,6.2207713,2018
1267,r2i1p1f1,2018,06,21,0.0,25.11293,9.307226,2018
1268,r2i1p1f1,2018,06,22,0.0,28.978052,10.263538,2018
1269,r2i1p1f1,2018,06,23,0.0,32.33234,13.103508,2018
1270,r2i1p1f1,2018,06,24,0.0,33.241474,13.641821,2018
1271,r2i1p1f1,2018,06,25,0.0,33.97891,14.60334,2018
1272,r2i1p1f1,2018,06,26,0.0,33.954826,14.661731,2018
1273,r2i1p1f1,2018,06,27,1.1505990179837402,30.058681,12.12025,2018
1274,r2i1p1f1,2018,06,28,0.0,30.657402,13.853785,2018
1275,r2i1p1f1,2018,06,29,0.0,28.869326,12.885888,2018
1276,r2i1p1f1,2018,06,30,0.0,32.068382,14.699263,2018
1277,r2i1p1f1,2018,07,01,0.0,32.725098,17.476015,2018
1278,r2i1p1f1,2018,07,02,0.0,32.247723,13.751721,2018
1279,r2i1p1f1,2018,07,03,0.0,29.630875,12.170134,2018
1280,r2i1p1f1,2018,07,04,0.0,27.093008,10.20392,2018
1281,r2i1p1f1,2018,07,05,0.0,28.678808,10.812567,2018
1282,r2i1p1f1,2018,07,06,0.0,31.104692,12.500841,2018
1283,r2i1p1f1,2018,07,07,0.0,31.497837,13.268559,2018
1284,r2i1p1f1,2018,07,08,0.0,30.091948,12.38629,2018
1285,r2i1p1f1,2018,07,09,0.0,28.508526,11.679942,2018
1286,r2i1p1f1,2018,07,10,0.0,30.038252,12.767638,2018
1287,r2i1p1f1,2018,07,11,0.0,29.862461,12.584739,2018
1288,r2i1p1f1,2018,07,12,0.0,30.318832,13.009412,2018
1289,r2i1p1f1,2018,07,13,0.0,30.857357,12.285921,2018
1290,r2i1p1f1,2018,07,14,0.0,31.374186,13.716052,2018
1291,r2i1p1f1,2018,07,15,0.0,29.94181,12.585452,2018
1292,r2i1p1f1,2018,07,16,0.0,28.650465,11.654933,2018
1293,r2i1p1f1,2018,07,17,0.0,26.60018,10.291686,2018
1294,r2i1p1f1,2018,07,18,0.0,27.307207,9.913864,2018
1295,r2i1p1f1,2018,07,19,0.0,30.039751,11.245185,2018
1296,r2i1p1f1,2018,07,20,0.0,30.553802,12.961349,2018
1297,r2i1p1f1,2018,07,21,0.0,30.631542,13.2871,2018
1298,r2i1p1f1,2018,07,22,0.0,31.675444,13.931597,2018
1299,r2i1p1f1,2018,07,23,0.0,35.162746,16.109745,2018
1300,r2i1p1f1,2018,07,24,0.0,33.289,16.113047,2018
1301,r2i1p1f1,2018,07,25,0.0,32.371643,14.68383,2018
1302,r2i1p1f1,2018,07,26,0.0,31.91022,14.499988,2018
1303,r2i1p1f1,2018,07,27,0.0,30.36402,13.071149,2018
1304,r2i1p1f1,2018,07,28,0.0,30.05838,11.861937,2018
1305,r2i1p1f1,2018,07,29,0.0,30.30893,12.065139,2018
1306,r2i1p1f1,2018,07,30,0.0,30.260693,13.787917,2018
1307,r2i1p1f1,2018,07,31,0.0,30.00998,12.4963255,2018
1308,r2i1p1f1,2018,08,01,0.0,28.00273,10.967461,2018
1309,r2i1p1f1,2018,08,02,0.0,28.873497,10.416822,2018
1310,r2i1p1f1,2018,08,03,0.0,30.72878,13.445821,2018
1311,r2i1p1f1,2018,08,04,0.0,31.316143,13.210884,2018
1312,r2i1p1f1,2018,08,05,0.0,30.768536,13.015973,2018
1313,r2i1p1f1,2018,08,06,0.0,30.04023,12.61843,2018
1314,r2i1p1f1,2018,08,07,0.0,30.466566,13.085288,2018
1315,r2i1p1f1,2018,08,08,0.0,30.076548,13.015002,2018
1316,r2i1p1f1,2018,08,09,0.0,28.4175,11.186437,2018
1317,r2i1p1f1,2018,08,10,0.0,26.213017,9.118262,2018
1318,r2i1p1f1,2018,08,11,0.0,26.424198,9.400775,2018
1319,r2i1p1f1,2018,08,12,0.0,28.440186,11.4304285,2018
1320,r2i1p1f1,2018,08,13,0.0,28.770298,12.088384,2018
1321,r2i1p1f1,2018,08,14,0.0,28.86394,12.806839,2018
1322,r2i1p1f1,2018,08,15,0.0,29.116655,13.49926,2018
1323,r2i1p1f1,2018,08,16,0.7259221671399876,30.248077,14.331087,2018
1324,r2i1p1f1,2018,08,17,0.0,30.21852,13.370507,2018
1325,r2i1p1f1,2018,08,18,0.0,29.33132,12.862009,2018
1326,r2i1p1f1,2018,08,19,0.0,25.716715,8.21572,2018
1327,r2i1p1f1,2018,08,20,0.0,23.489172,6.69192,2018
1328,r2i1p1f1,2018,08,21,0.0,22.017307,4.7643843,2018
1329,r2i1p1f1,2018,08,22,0.0,27.324951,9.71761,2018
1330,r2i1p1f1,2018,08,23,0.0,26.993954,9.628032,2018
1331,r2i1p1f1,2018,08,24,0.0,24.329905,6.3118124,2018
1332,r2i1p1f1,2018,08,25,0.0,29.622793,10.574178,2018
1333,r2i1p1f1,2018,08,26,0.0,31.914093,12.115631,2018
1334,r2i1p1f1,2018,08,27,0.0,30.61407,12.9683895,2018
1335,r2i1p1f1,2018,08,28,0.0,31.047422,11.712915,2018
1336,r2i1p1f1,2018,08,29,0.0,30.99269,10.781693,2018
1337,r2i1p1f1,2018,08,30,0.0,30.025146,10.093932,2018
1338,r2i1p1f1,2018,08,31,0.0,29.38581,11.879754,2018
1339,r2i1p1f1,2018,09,01,0.0,29.02971,13.154541,2018
1340,r2i1p1f1,2018,09,02,1.169453599812606,30.473335,14.918755,2018
1341,r2i1p1f1,2018,09,03,0.023584781820318312,31.667759,14.540334,2018
1342,r2i1p1f1,2018,09,04,0.0,31.075752,14.222797,2018
1343,r2i1p1f1,2018,09,05,0.0,28.023258,10.877991,2018
1344,r2i1p1f1,2018,09,06,0.0,27.488407,10.334051,2018
1345,r2i1p1f1,2018,09,07,0.0,28.54625,11.558819,2018
1346,r2i1p1f1,2018,09,08,0.0,32.2501,15.764842,2018
1347,r2i1p1f1,2018,09,09,0.0,32.249203,16.013147,2018
1348,r2i1p1f1,2018,09,10,0.0,32.06242,15.990019,2018
1349,r2i1p1f1,2018,09,11,0.0,29.902153,12.074043,2018
1350,r2i1p1f1,2018,09,12,0.0,24.812231,7.821394,2018
1351,r2i1p1f1,2018,09,13,0.0,19.21038,1.9639853,2018
1352,r2i1p1f1,2018,09,14,0.0,18.826817,4.436503,2018
1353,r2i1p1f1,2018,09,15,0.0,20.65097,6.3353415,2018
1354,r2i1p1f1,2018,09,16,0.0,24.921915,9.218059,2018
1355,r2i1p1f1,2018,09,17,0.0,25.147236,7.934705,2018
1356,r2i1p1f1,2018,09,18,0.0,23.71244,8.745097,2018
1357,r2i1p1f1,2018,09,19,0.0,23.040493,7.047476,2018
1358,r2i1p1f1,2018,09,20,0.2022687274592709,17.771044,1.4720539,2018
1359,r2i1p1f1,2018,09,21,0.0,18.123852,-0.88057995,2018
1360,r2i1p1f1,2018,09,22,0.0,16.322224,0.7866965,2018
1361,r2i1p1f1,2018,09,23,0.0,20.216671,5.9147873,2018
1362,r2i1p1f1,2018,09,24,0.0,24.666597,8.564087,2018
1363,r2i1p1f1,2018,09,25,0.0,26.235826,7.8634176,2018
1364,r2i1p1f1,2018,09,26,0.0,26.814697,9.471202,2018
1365,r2i1p1f1,2018,09,27,0.0,27.327705,10.323396,2018
1366,r2i1p1f1,2018,09,28,0.0,28.172358,10.607095,2018
1367,r2i1p1f1,2018,09,29,0.0,27.383715,10.174827,2018
1368,r2i1p1f1,2018,09,30,0.0,21.710743,6.0340295,2018
1369,r2i1p1f1,2018,10,01,0.0,23.744198,7.409055,2018
1370,r2i1p1f1,2018,10,02,0.0,25.598122,8.668186,2018
1371,r2i1p1f1,2018,10,03,0.0,26.889774,9.12415,2018
1372,r2i1p1f1,2018,10,04,0.0,26.769625,10.193226,2018
1373,r2i1p1f1,2018,10,05,0.001632710616552056,25.590101,9.878094,2018
1374,r2i1p1f1,2018,10,06,0.0,26.315874,7.2073607,2018
1375,r2i1p1f1,2018,10,07,0.0,24.986967,6.8668666,2018
1376,r2i1p1f1,2018,10,08,0.0,23.303251,4.3223524,2018
1377,r2i1p1f1,2018,10,09,0.11802212505314785,20.292418,6.0315824,2018
1378,r2i1p1f1,2018,10,10,0.0,15.599747,2.5089433,2018
1379,r2i1p1f1,2018,10,11,0.0,18.467022,3.1423452,2018
1380,r2i1p1f1,2018,10,12,0.0,25.147158,5.9393997,2018
1381,r2i1p1f1,2018,10,13,0.0,27.054092,8.747513,2018
1382,r2i1p1f1,2018,10,14,0.0,27.27196,9.55468,2018
1383,r2i1p1f1,2018,10,15,0.0,22.448446,8.500556,2018
1384,r2i1p1f1,2018,10,16,0.0,24.919489,8.296956,2018
1385,r2i1p1f1,2018,10,17,0.0,26.965513,8.54497,2018
1386,r2i1p1f1,2018,10,18,0.0,25.713703,10.256059,2018
1387,r2i1p1f1,2018,10,19,0.0,23.875372,7.321411,2018
1388,r2i1p1f1,2018,10,20,0.0,22.72688,6.0809593,2018
1389,r2i1p1f1,2018,10,21,0.0,21.759962,4.2458124,2018
1390,r2i1p1f1,2018,10,22,0.0,22.019522,4.953921,2018
1391,r2i1p1f1,2018,10,23,0.0,19.731918,4.8371654,2018
1392,r2i1p1f1,2018,10,24,0.0,20.079433,4.8237677,2018
1393,r2i1p1f1,2018,10,25,1.7084480781564848,17.72565,0.7290436,2018
1394,r2i1p1f1,2018,10,26,26.627787973064606,12.629794,-0.5084216,2018
1395,r2i1p1f1,2018,10,27,14.286980781945694,11.730898,-1.4215652,2018
1396,r2i1p1f1,2018,10,28,0.031452230919407714,14.296193,-0.96721756,2018
1397,r2i1p1f1,2018,10,29,0.3549048728718145,14.162807,0.38132086,2018
1398,r2i1p1f1,2018,10,30,38.19062431799606,11.436781,5.510681,2018
1399,r2i1p1f1,2018,10,31,44.70061526472609,11.522569,5.8275614,2018
1400,r2i1p1f1,2018,11,01,0.6398531150807685,11.7683115,-0.32886377,2018
1401,r2i1p1f1,2018,11,02,0.0,9.505914,0.7305693,2018
1402,r2i1p1f1,2018,11,03,0.6749104882496445,4.2106423,-0.18993133,2018
1403,r2i1p1f1,2018,11,04,0.0,10.543443,-3.1979601,2018
1404,r2i1p1f1,2018,11,05,0.0,10.505401,-2.1067543,2018
1405,r2i1p1f1,2018,11,06,0.0,14.047883,0.25071236,2018
1406,r2i1p1f1,2018,11,07,0.0,15.917358,1.609722,2018
1407,r2i1p1f1,2018,11,08,1.2013781954132914,12.868571,2.3573167,2018
1408,r2i1p1f1,2018,11,09,4.58556305469616,7.158286,1.9717013,2018
1409,r2i1p1f1,2018,11,10,0.010224394589805832,8.574296,1.3059995,2018
1410,r2i1p1f1,2018,11,11,22.295327674901973,7.6338744,2.2301893,2018
1411,r2i1p1f1,2018,11,12,27.327665653669662,7.4221926,0.54115725,2018
1412,r2i1p1f1,2018,11,13,0.0,11.785346,-0.8905678,2018
1413,r2i1p1f1,2018,11,14,0.0,12.009205,-0.5524999,2018
1414,r2i1p1f1,2018,11,15,0.0,13.305512,-0.5566971,2018
1415,r2i1p1f1,2018,11,16,0.0,12.604638,1.6639056,2018
1416,r2i1p1f1,2018,11,17,0.0,12.663076,1.8731611,2018
1417,r2i1p1f1,2018,11,18,0.0,17.430141,4.1760974,2018
1418,r2i1p1f1,2018,11,19,0.0,18.621222,1.7044208,2018
1419,r2i1p1f1,2018,11,20,0.0,15.149223,1.8633689,2018
1420,r2i1p1f1,2018,11,21,0.0,13.45002,0.27260825,2018
1421,r2i1p1f1,2018,11,22,0.0,13.171944,-1.871622,2018
1422,r2i1p1f1,2018,11,23,0.0,13.329621,-2.0911615,2018
1423,r2i1p1f1,2018,11,24,0.0,10.741396,-0.11643454,2018
1424,r2i1p1f1,2018,11,25,0.0,15.013215,-0.14067039,2018
1425,r2i1p1f1,2018,11,26,0.0,14.006228,0.40783983,2018
1426,r2i1p1f1,2018,11,27,0.43456013991090003,10.230362,3.4836645,2018
1427,r2i1p1f1,2018,11,28,0.08020620112242446,10.749482,2.2693043,2018
1428,r2i1p1f1,2018,11,29,0.0,10.609494,-1.9917666,2018
1429,r2i1p1f1,2018,11,30,2.4908417561933813,10.070275,-0.15159528,2018
1430,r2i1p1f1,2018,12,01,3.216964633331652,7.4509373,3.100401,2018
1431,r2i1p1f1,2018,12,02,0.0,11.407966,-1.0575079,2018
1432,r2i1p1f1,2018,12,03,0.0,12.899721,-1.8016849,2018
1433,r2i1p1f1,2018,12,04,0.0,11.070875,-0.7698463,2018
1434,r2i1p1f1,2018,12,05,0.0,13.155173,0.046324704,2018
1435,r2i1p1f1,2018,12,06,0.0,13.9660015,0.28419113,2018
1436,r2i1p1f1,2018,12,07,0.0,14.130012,0.9585047,2018
1437,r2i1p1f1,2018,12,08,0.0,16.101732,0.25524628,2018
1438,r2i1p1f1,2018,12,09,2.4889840614308083,11.423753,-1.8059744,2018
1439,r2i1p1f1,2018,12,10,8.948127875247827,2.0095809,-5.593212,2018
1440,r2i1p1f1,2018,12,11,0.0,5.1130223,-8.603025,2018
1441,r2i1p1f1,2018,12,12,25.684697300535984,5.0706873,-5.6986365,2018
1442,r2i1p1f1,2018,12,13,62.11804456901378,6.3121676,1.895568,2018
1443,r2i1p1f1,2018,12,14,21.044244633734568,4.7521076,0.55888385,2018
1444,r2i1p1f1,2018,12,15,15.309809916121035,5.6636143,0.7972536,2018
1445,r2i1p1f1,2018,12,16,0.208899673536787,12.074998,3.139353,2018
1446,r2i1p1f1,2018,12,17,0.0,12.930786,2.0631497,2018
1447,r2i1p1f1,2018,12,18,0.0,11.799133,3.7025335,2018
1448,r2i1p1f1,2018,12,19,48.76460543779943,8.381174,5.3198442,2018
1449,r2i1p1f1,2018,12,20,10.482647832787524,9.099369,1.730333,2018
1450,r2i1p1f1,2018,12,21,0.0,9.87361,-2.211162,2018
1451,r2i1p1f1,2018,12,22,0.0,6.665017,-4.362511,2018
1452,r2i1p1f1,2018,12,23,0.0,8.145544,-4.6602755,2018
1453,r2i1p1f1,2018,12,24,0.0,11.440157,-0.40731215,2018
1454,r2i1p1f1,2018,12,25,0.0,15.400799,1.775004,2018
1455,r2i1p1f1,2018,12,26,0.0,13.771409,1.6342386,2018
1456,r2i1p1f1,2018,12,27,9.38146891393654,8.031486,2.382295,2018
1457,r2i1p1f1,2018,12,28,6.724428980669472,4.9070973,-2.3453648,2018
1458,r2i1p1f1,2018,12,29,13.227960852964316,0.92024595,-4.666674,2018
1459,r2i1p1f1,2018,12,30,0.0,3.372154,-7.3652744,2018
1460,r2i1p1f1,2018,12,31,95.95103356987238,8.0648985,-4.5545683,2018
1461,r2i1p1f1,2019,01,01,17.131957283485324,4.2901754,-1.2952945,2019
1462,r2i1p1f1,2019,01,02,0.0,7.759185,1.9376984,2019
1463,r2i1p1f1,2019,01,03,0.0,8.530865,-1.0699145,2019
1464,r2i1p1f1,2019,01,04,0.0,11.893334,-0.63246065,2019
1465,r2i1p1f1,2019,01,05,0.0,13.72759,0.2635056,2019
1466,r2i1p1f1,2019,01,06,0.0,17.900063,2.8151977,2019
1467,r2i1p1f1,2019,01,07,0.0,17.47034,2.933535,2019
1468,r2i1p1f1,2019,01,08,0.0,16.587656,3.7127752,2019
1469,r2i1p1f1,2019,01,09,0.0,14.989018,4.177519,2019
1470,r2i1p1f1,2019,01,10,0.0,17.93493,4.165862,2019
1471,r2i1p1f1,2019,01,11,0.0,15.499643,3.5750775,2019
1472,r2i1p1f1,2019,01,12,0.0,16.962952,3.1198332,2019
1473,r2i1p1f1,2019,01,13,0.0,15.87301,2.7119176,2019
1474,r2i1p1f1,2019,01,14,0.05968292602679307,12.8284,4.2050247,2019
1475,r2i1p1f1,2019,01,15,0.0,16.58759,2.5958247,2019
1476,r2i1p1f1,2019,01,16,0.0,17.557531,0.9467137,2019
1477,r2i1p1f1,2019,01,17,0.0,14.13105,-0.22490613,2019
1478,r2i1p1f1,2019,01,18,0.0,11.748467,-1.8135891,2019
1479,r2i1p1f1,2019,01,19,12.586100300093396,2.5602918,-8.639938,2019
1480,r2i1p1f1,2019,01,20,1.5012727640308954,-1.3769566,-6.3152213,2019
1481,r2i1p1f1,2019,01,21,8.489545694996755,2.2481518,-2.9463627,2019
1482,r2i1p1f1,2019,01,22,1.7205335295259898,1.772756,-2.811789,2019
1483,r2i1p1f1,2019,01,23,62.483687251089854,2.3480725,-2.151455,2019
1484,r2i1p1f1,2019,01,24,31.743302741625275,2.4254258,-3.0140994,2019
1485,r2i1p1f1,2019,01,25,27.974502932584773,3.014367,-5.290675,2019
1486,r2i1p1f1,2019,01,26,0.32544369177440574,6.465623,-7.650825,2019
1487,r2i1p1f1,2019,01,27,11.81485012840802,3.6892848,-10.702665,2019
1488,r2i1p1f1,2019,01,28,0.0,2.959121,-10.522769,2019
1489,r2i1p1f1,2019,01,29,0.6175208806500729,1.0262324,-11.464251,2019
1490,r2i1p1f1,2019,01,30,0.00012268639273735552,2.9895332,-8.526213,2019
1491,r2i1p1f1,2019,01,31,0.0,2.3034844,-12.81504,2019
1492,r2i1p1f1,2019,02,01,0.0,2.511934,-12.338938,2019
1493,r2i1p1f1,2019,02,02,0.0,3.4063237,-10.979826,2019
1494,r2i1p1f1,2019,02,03,0.0,6.538469,-10.351695,2019
1495,r2i1p1f1,2019,02,04,6.012761032980052,-0.7025461,-8.993826,2019
1496,r2i1p1f1,2019,02,05,34.07616083053514,0.60951966,-5.743176,2019
1497,r2i1p1f1,2019,02,06,82.47683045203583,2.9658833,-2.663998,2019
1498,r2i1p1f1,2019,02,07,47.431990903658935,7.0313354,-3.2522283,2019
1499,r2i1p1f1,2019,02,08,63.68860124180523,6.051015,1.282579,2019
1500,r2i1p1f1,2019,02,09,0.0,7.7401767,-4.783109,2019
1501,r2i1p1f1,2019,02,10,0.0,12.888892,-2.2541425,2019
1502,r2i1p1f1,2019,02,11,0.0,17.119833,0.35003945,2019
1503,r2i1p1f1,2019,02,12,0.0,12.186846,-2.879234,2019
1504,r2i1p1f1,2019,02,13,0.0,12.778902,-1.6268721,2019
1505,r2i1p1f1,2019,02,14,0.0,14.846015,0.13001682,2019
1506,r2i1p1f1,2019,02,15,0.0,12.197442,-0.23216218,2019
1507,r2i1p1f1,2019,02,16,0.0,12.591235,-0.3900654,2019
1508,r2i1p1f1,2019,02,17,0.0,14.210198,0.2783701,2019
1509,r2i1p1f1,2019,02,18,0.0,17.421461,1.0498046,2019
1510,r2i1p1f1,2019,02,19,0.0,17.582348,1.7128824,2019
1511,r2i1p1f1,2019,02,20,0.0,15.907273,2.8321784,2019
1512,r2i1p1f1,2019,02,21,0.0,20.81562,4.5475783,2019
1513,r2i1p1f1,2019,02,22,1.162331986870413,13.20515,0.80032635,2019
1514,r2i1p1f1,2019,02,23,0.002826019352561651,6.839713,-5.2434754,2019
1515,r2i1p1f1,2019,02,24,0.0,6.5019326,-8.188651,2019
1516,r2i1p1f1,2019,02,25,0.0,7.355222,-5.689916,2019
1517,r2i1p1f1,2019,02,26,0.0,7.374625,-4.440324,2019
1518,r2i1p1f1,2019,02,27,0.0,9.6994295,-3.8250966,2019
1519,r2i1p1f1,2019,02,28,3.346125588009622,4.7478466,-1.3236321,2019
1520,r2i1p1f1,2019,03,01,0.02064745892242242,2.489915,-4.9010797,2019
1521,r2i1p1f1,2019,03,02,5.7124719483069315,3.5414112,-6.857571,2019
1522,r2i1p1f1,2019,03,03,0.0,10.367728,-6.4627705,2019
1523,r2i1p1f1,2019,03,04,0.00920719020926369,8.634408,-3.9334657,2019
1524,r2i1p1f1,2019,03,05,14.786267817040565,2.1176348,-2.4957447,2019
1525,r2i1p1f1,2019,03,06,0.23335154753042914,6.630747,1.0510287,2019
1526,r2i1p1f1,2019,03,07,0.0,16.33805,0.23384525,2019
1527,r2i1p1f1,2019,03,08,0.0,19.935024,1.800965,2019
1528,r2i1p1f1,2019,03,09,0.0,20.370733,3.2206542,2019
1529,r2i1p1f1,2019,03,10,0.0,21.739882,6.4529934,2019
1530,r2i1p1f1,2019,03,11,0.0,21.85045,6.1201506,2019
1531,r2i1p1f1,2019,03,12,0.0,19.894539,3.6228497,2019
1532,r2i1p1f1,2019,03,13,0.42068497137874006,12.922165,-0.9630548,2019
1533,r2i1p1f1,2019,03,14,2.744331118833543,6.427182,-0.1302904,2019
1534,r2i1p1f1,2019,03,15,40.51594032207504,5.6284504,-1.2215974,2019
1535,r2i1p1f1,2019,03,16,43.2768791833391,5.883314,-1.4930494,2019
1536,r2i1p1f1,2019,03,17,9.977332112766117,4.975707,-1.064496,2019
1537,r2i1p1f1,2019,03,18,15.592771750603928,4.1727686,-1.1068281,2019
1538,r2i1p1f1,2019,03,19,2.3833062001638328,6.152325,-1.0937189,2019
1539,r2i1p1f1,2019,03,20,0.4378864430271698,12.213408,-3.9113245,2019
1540,r2i1p1f1,2019,03,21,0.0,12.517086,-0.4704352,2019
1541,r2i1p1f1,2019,03,22,16.54710442257615,6.2946005,0.06696232,2019
1542,r2i1p1f1,2019,03,23,0.17671392874595207,11.665942,-2.7792163,2019
1543,r2i1p1f1,2019,03,24,0.0,17.972475,-0.96300995,2019
1544,r2i1p1f1,2019,03,25,0.0,18.454481,1.2764388,2019
1545,r2i1p1f1,2019,03,26,16.496036498798414,12.453664,-4.4631577,2019
1546,r2i1p1f1,2019,03,27,0.08170783850031373,8.062038,1.0031323,2019
1547,r2i1p1f1,2019,03,28,0.15742582411173947,8.712798,-4.5339007,2019
1548,r2i1p1f1,2019,03,29,13.42471401014616,2.3616807,-2.2868283,2019
1549,r2i1p1f1,2019,03,30,8.13273710138254,6.4788656,-5.728931,2019
1550,r2i1p1f1,2019,03,31,37.247705441236924,3.6522956,-1.556592,2019
1551,r2i1p1f1,2019,04,01,0.08514463373173314,7.7306676,-3.6379967,2019
1552,r2i1p1f1,2019,04,02,1.3249462143973618,6.246936,-2.0378923,2019
1553,r2i1p1f1,2019,04,03,6.3088331072392,1.2871284,-4.801841,2019
1554,r2i1p1f1,2019,04,04,0.0,9.485602,-8.378142,2019
1555,r2i1p1f1,2019,04,05,0.0,11.240817,-3.9965508,2019
1556,r2i1p1f1,2019,04,06,14.731973543082578,4.8613315,-1.4441141,2019
1557,r2i1p1f1,2019,04,07,0.0,9.396197,-4.6568537,2019
1558,r2i1p1f1,2019,04,08,0.0,13.217742,-2.343017,2019
1559,r2i1p1f1,2019,04,09,0.0,13.329651,-0.9837266,2019
1560,r2i1p1f1,2019,04,10,22.071006961050443,8.803355,-3.7631867,2019
1561,r2i1p1f1,2019,04,11,3.305131049315745,7.2598743,-2.7591536,2019
1562,r2i1p1f1,2019,04,12,21.79088577193817,4.3414,-2.4572241,2019
1563,r2i1p1f1,2019,04,13,8.330132222748103,2.7264583,-2.8359587,2019
1564,r2i1p1f1,2019,04,14,0.0,9.839966,-3.0265985,2019
1565,r2i1p1f1,2019,04,15,0.0,15.414512,-3.3582995,2019
1566,r2i1p1f1,2019,04,16,0.0,16.997763,0.45251074,2019
1567,r2i1p1f1,2019,04,17,0.0,16.761263,1.261358,2019
1568,r2i1p1f1,2019,04,18,35.60868258467123,11.980511,-2.354455,2019
1569,r2i1p1f1,2019,04,19,1.8788263548895674,10.434703,2.0868022,2019
1570,r2i1p1f1,2019,04,20,0.0,9.847539,2.1416519,2019
1571,r2i1p1f1,2019,04,21,0.0,14.833113,-0.76793396,2019
1572,r2i1p1f1,2019,04,22,0.0,17.68569,-1.5705513,2019
1573,r2i1p1f1,2019,04,23,0.0,16.25416,1.0156603,2019
1574,r2i1p1f1,2019,04,24,38.02358708389175,10.8773,-3.0238605,2019
1575,r2i1p1f1,2019,04,25,0.23179713775439617,10.225141,2.246974,2019
1576,r2i1p1f1,2019,04,26,0.03350690827713921,12.542071,1.6158601,2019
1577,r2i1p1f1,2019,04,27,0.0,12.527122,-1.0703565,2019
1578,r2i1p1f1,2019,04,28,17.418757270262667,6.0419436,-1.2165018,2019
1579,r2i1p1f1,2019,04,29,0.008383601589929849,12.843233,-2.2896023,2019
1580,r2i1p1f1,2019,04,30,0.0,15.519622,0.5261127,2019
1581,r2i1p1f1,2019,05,01,0.1848966091686704,13.554373,2.3005295,2019
1582,r2i1p1f1,2019,05,02,0.04624475480411023,15.022204,2.0074558,2019
1583,r2i1p1f1,2019,05,03,0.0,19.965784,2.6561086,2019
1584,r2i1p1f1,2019,05,04,0.0,22.76934,4.8785048,2019
1585,r2i1p1f1,2019,05,05,1.27643408388674,17.274443,1.2523785,2019
1586,r2i1p1f1,2019,05,06,1.2636335954784255,12.510522,-0.1316003,2019
1587,r2i1p1f1,2019,05,07,0.5368569628234792,11.782978,0.31896377,2019
1588,r2i1p1f1,2019,05,08,19.95680735148758,10.061954,-2.2793689,2019
1589,r2i1p1f1,2019,05,09,5.329569056595154,8.682971,2.5976312,2019
1590,r2i1p1f1,2019,05,10,10.254852784559121,8.355541,-1.4244196,2019
1591,r2i1p1f1,2019,05,11,0.003739922301694885,14.311868,2.5657713,2019
1592,r2i1p1f1,2019,05,12,0.0,16.073614,2.9034095,2019
1593,r2i1p1f1,2019,05,13,19.199259003877298,12.928896,5.767906,2019
1594,r2i1p1f1,2019,05,14,0.0,18.33643,3.505017,2019
1595,r2i1p1f1,2019,05,15,0.06845100618263061,18.782104,3.4641132,2019
1596,r2i1p1f1,2019,05,16,0.0,16.090956,0.4210071,2019
1597,r2i1p1f1,2019,05,17,16.871324106894182,12.567167,5.580667,2019
1598,r2i1p1f1,2019,05,18,9.936838409409505,12.399565,-1.8200141,2019
1599,r2i1p1f1,2019,05,19,0.32153381835786815,13.400632,-2.366303,2019
1600,r2i1p1f1,2019,05,20,0.0,14.338291,0.349295,2019
1601,r2i1p1f1,2019,05,21,0.0,14.821238,-0.3006848,2019
1602,r2i1p1f1,2019,05,22,0.0,15.59945,-2.2541547,2019
1603,r2i1p1f1,2019,05,23,0.0,17.681536,0.6929099,2019
1604,r2i1p1f1,2019,05,24,0.0,24.771679,4.898396,2019
1605,r2i1p1f1,2019,05,25,0.0,25.715946,7.0543613,2019
1606,r2i1p1f1,2019,05,26,0.0,28.35796,9.223573,2019
1607,r2i1p1f1,2019,05,27,0.0,26.654448,10.517005,2019
1608,r2i1p1f1,2019,05,28,0.0,22.68816,4.6306434,2019
1609,r2i1p1f1,2019,05,29,0.0,25.765568,5.861986,2019
1610,r2i1p1f1,2019,05,30,1.1625151549091803e-05,25.655767,7.875341,2019
1611,r2i1p1f1,2019,05,31,0.0,26.546669,9.640639,2019
1612,r2i1p1f1,2019,06,01,0.05471948150863262,25.84749,10.41253,2019
1613,r2i1p1f1,2019,06,02,0.007007021395111224,18.736437,3.5804927,2019
1614,r2i1p1f1,2019,06,03,0.0,15.449566,-2.1829677,2019
1615,r2i1p1f1,2019,06,04,0.0,12.260391,1.6438696,2019
1616,r2i1p1f1,2019,06,05,0.26750673072316344,14.314826,0.3058043,2019
1617,r2i1p1f1,2019,06,06,0.6394041787224034,15.55197,-0.49248055,2019
1618,r2i1p1f1,2019,06,07,0.0,17.89251,3.8437788,2019
1619,r2i1p1f1,2019,06,08,0.0,18.97702,3.4973652,2019
1620,r2i1p1f1,2019,06,09,0.0,18.699442,3.8983061,2019
1621,r2i1p1f1,2019,06,10,0.023224507794321444,17.148197,3.0661047,2019
1622,r2i1p1f1,2019,06,11,0.0,15.079302,4.2949185,2019
1623,r2i1p1f1,2019,06,12,0.0,15.865288,4.1465898,2019
1624,r2i1p1f1,2019,06,13,0.0,15.2963915,3.0114193,2019
1625,r2i1p1f1,2019,06,14,0.0,17.75712,1.8838202,2019
1626,r2i1p1f1,2019,06,15,0.0,19.109116,3.4282343,2019
1627,r2i1p1f1,2019,06,16,0.014781273547179388,20.425838,4.1246533,2019
1628,r2i1p1f1,2019,06,17,1.6712883923901245,19.348034,3.3230705,2019
1629,r2i1p1f1,2019,06,18,0.0969695685993289,17.312588,7.437168,2019
1630,r2i1p1f1,2019,06,19,0.0,18.137543,5.9888134,2019
1631,r2i1p1f1,2019,06,20,7.661077326277057,16.713493,7.225968,2019
1632,r2i1p1f1,2019,06,21,1.9397527927629619,21.626451,4.052041,2019
1633,r2i1p1f1,2019,06,22,2.119908348014668,22.160658,4.324944,2019
1634,r2i1p1f1,2019,06,23,1.6596430409313494,24.239815,7.8765335,2019
1635,r2i1p1f1,2019,06,24,0.0,25.182829,10.693994,2019
1636,r2i1p1f1,2019,06,25,0.0,23.88458,9.781958,2019
1637,r2i1p1f1,2019,06,26,0.0,24.217268,8.634089,2019
1638,r2i1p1f1,2019,06,27,0.24174463234465712,24.68737,7.1358275,2019
1639,r2i1p1f1,2019,06,28,0.0,25.900652,7.578518,2019
1640,r2i1p1f1,2019,06,29,0.0,28.656088,10.57748,2019
1641,r2i1p1f1,2019,06,30,0.0,28.260641,12.163764,2019
1642,r2i1p1f1,2019,07,01,0.9227057735747971,27.431362,11.016351,2019
1643,r2i1p1f1,2019,07,02,2.68821318656172,23.74855,9.353145,2019
1644,r2i1p1f1,2019,07,03,1.6375415973435827,22.926933,7.9663,2019
1645,r2i1p1f1,2019,07,04,0.0,23.47232,8.45587,2019
1646,r2i1p1f1,2019,07,05,0.0,25.349966,9.27571,2019
1647,r2i1p1f1,2019,07,06,0.4088551259166287,27.462172,11.029353,2019
1648,r2i1p1f1,2019,07,07,0.10246605021305956,29.251183,12.863992,2019
1649,r2i1p1f1,2019,07,08,0.0,28.995464,13.279194,2019
1650,r2i1p1f1,2019,07,09,0.0,29.691864,13.451414,2019
1651,r2i1p1f1,2019,07,10,0.0,29.598934,12.150894,2019
1652,r2i1p1f1,2019,07,11,0.0,27.26057,10.660494,2019
1653,r2i1p1f1,2019,07,12,0.0,27.549433,12.260667,2019
1654,r2i1p1f1,2019,07,13,0.0,28.665699,11.696452,2019
1655,r2i1p1f1,2019,07,14,0.0,26.010843,10.020637,2019
1656,r2i1p1f1,2019,07,15,0.0,23.237514,8.185163,2019
1657,r2i1p1f1,2019,07,16,0.0,24.48012,8.874022,2019
1658,r2i1p1f1,2019,07,17,0.0,28.222416,11.76923,2019
1659,r2i1p1f1,2019,07,18,0.0,32.25388,14.7184305,2019
1660,r2i1p1f1,2019,07,19,0.0,33.153553,15.743349,2019
1661,r2i1p1f1,2019,07,20,0.0,34.680645,16.945826,2019
1662,r2i1p1f1,2019,07,21,0.0,32.985973,14.893611,2019
1663,r2i1p1f1,2019,07,22,0.0,32.914047,14.513738,2019
1664,r2i1p1f1,2019,07,23,0.0,30.419844,12.823178,2019
1665,r2i1p1f1,2019,07,24,0.0,30.5492,13.913133,2019
1666,r2i1p1f1,2019,07,25,0.0,30.980694,14.976977,2019
1667,r2i1p1f1,2019,07,26,0.0,31.244022,16.25942,2019
1668,r2i1p1f1,2019,07,27,0.0,30.809713,15.318281,2019
1669,r2i1p1f1,2019,07,28,0.0,29.924078,13.470386,2019
1670,r2i1p1f1,2019,07,29,0.0,31.188633,13.448423,2019
1671,r2i1p1f1,2019,07,30,0.0,33.008297,15.162668,2019
1672,r2i1p1f1,2019,07,31,0.0,32.901196,15.804102,2019
1673,r2i1p1f1,2019,08,01,0.0,30.98833,13.445005,2019
1674,r2i1p1f1,2019,08,02,0.0,30.125153,13.019548,2019
1675,r2i1p1f1,2019,08,03,0.0,29.470846,11.17783,2019
1676,r2i1p1f1,2019,08,04,0.0,29.183275,10.908912,2019
1677,r2i1p1f1,2019,08,05,0.0,29.658545,11.59708,2019
1678,r2i1p1f1,2019,08,06,0.0,30.814625,12.59726,2019
1679,r2i1p1f1,2019,08,07,0.0,32.750282,14.252544,2019
1680,r2i1p1f1,2019,08,08,0.0,32.294647,14.631172,2019
1681,r2i1p1f1,2019,08,09,0.0,29.955053,12.584265,2019
1682,r2i1p1f1,2019,08,10,0.0,29.59876,11.980157,2019
1683,r2i1p1f1,2019,08,11,0.0,28.532627,11.490484,2019
1684,r2i1p1f1,2019,08,12,0.0,28.235039,10.6175995,2019
1685,r2i1p1f1,2019,08,13,0.0,28.652128,12.629709,2019
1686,r2i1p1f1,2019,08,14,0.0,27.944483,12.009145,2019
1687,r2i1p1f1,2019,08,15,0.0,27.608212,9.264974,2019
1688,r2i1p1f1,2019,08,16,0.0,29.083984,10.907647,2019
1689,r2i1p1f1,2019,08,17,0.0,28.838423,12.530168,2019
1690,r2i1p1f1,2019,08,18,0.0,28.936607,13.018455,2019
1691,r2i1p1f1,2019,08,19,0.0,28.527515,11.54078,2019
1692,r2i1p1f1,2019,08,20,0.0,24.714155,7.9070005,2019
1693,r2i1p1f1,2019,08,21,0.0,25.43058,6.9528623,2019
1694,r2i1p1f1,2019,08,22,0.0,25.906519,7.6522717,2019
1695,r2i1p1f1,2019,08,23,0.0,27.167915,9.06766,2019
1696,r2i1p1f1,2019,08,24,0.0,28.753174,10.038591,2019
1697,r2i1p1f1,2019,08,25,0.0,25.029425,5.682798,2019
1698,r2i1p1f1,2019,08,26,0.0,20.763222,4.438693,2019
1699,r2i1p1f1,2019,08,27,0.0,21.955389,7.1118984,2019
1700,r2i1p1f1,2019,08,28,0.0,23.725348,5.6817493,2019
1701,r2i1p1f1,2019,08,29,0.0,23.230871,5.2361474,2019
1702,r2i1p1f1,2019,08,30,0.0,22.135817,4.5849047,2019
1703,r2i1p1f1,2019,08,31,0.0,19.69497,3.3174212,2019
1704,r2i1p1f1,2019,09,01,0.0,20.317694,4.141315,2019
1705,r2i1p1f1,2019,09,02,0.0,20.675787,5.82317,2019
1706,r2i1p1f1,2019,09,03,0.0,22.522089,5.924182,2019
1707,r2i1p1f1,2019,09,04,0.0,22.664371,6.5178733,2019
1708,r2i1p1f1,2019,09,05,0.0,25.324738,8.138535,2019
1709,r2i1p1f1,2019,09,06,0.0,29.952168,12.273081,2019
1710,r2i1p1f1,2019,09,07,0.0,31.788881,13.354328,2019
1711,r2i1p1f1,2019,09,08,0.0,32.20493,15.846846,2019
1712,r2i1p1f1,2019,09,09,0.0,32.024387,14.80356,2019
1713,r2i1p1f1,2019,09,10,0.0,32.450962,15.323702,2019
1714,r2i1p1f1,2019,09,11,0.0,32.99844,15.50164,2019
1715,r2i1p1f1,2019,09,12,0.0,33.66934,16.162344,2019
1716,r2i1p1f1,2019,09,13,0.0,32.50092,14.470769,2019
1717,r2i1p1f1,2019,09,14,0.0,33.59508,16.058382,2019
1718,r2i1p1f1,2019,09,15,0.0,33.871746,17.28026,2019
1719,r2i1p1f1,2019,09,16,0.0,33.411037,16.454847,2019
1720,r2i1p1f1,2019,09,17,0.0,32.755222,15.017615,2019
1721,r2i1p1f1,2019,09,18,0.0,31.978378,13.811055,2019
1722,r2i1p1f1,2019,09,19,0.0,30.618788,14.134043,2019
1723,r2i1p1f1,2019,09,20,0.0,29.39879,12.079584,2019
1724,r2i1p1f1,2019,09,21,0.0,26.90379,10.314605,2019
1725,r2i1p1f1,2019,09,22,0.0,21.801743,8.440156,2019
1726,r2i1p1f1,2019,09,23,0.0,22.278893,5.489026,2019
1727,r2i1p1f1,2019,09,24,0.0,26.43298,9.82598,2019
1728,r2i1p1f1,2019,09,25,0.0,28.663906,11.83655,2019
1729,r2i1p1f1,2019,09,26,0.0,29.376478,11.105576,2019
1730,r2i1p1f1,2019,09,27,0.0,23.025305,6.304182,2019
1731,r2i1p1f1,2019,09,28,0.0,18.555595,2.557837,2019
1732,r2i1p1f1,2019,09,29,0.0,25.103626,9.99323,2019
1733,r2i1p1f1,2019,09,30,0.02286793812625267,25.588873,11.54519,2019
1734,r2i1p1f1,2019,10,01,0.0,28.113956,13.172418,2019
1735,r2i1p1f1,2019,10,02,0.0,28.431358,10.868328,2019
1736,r2i1p1f1,2019,10,03,0.0,24.175667,8.643542,2019
1737,r2i1p1f1,2019,10,04,0.0,22.17352,8.444142,2019
1738,r2i1p1f1,2019,10,05,36.03845308221375,20.200602,7.8830996,2019
1739,r2i1p1f1,2019,10,06,9.137407588661098,23.29945,9.355164,2019
1740,r2i1p1f1,2019,10,07,0.0,25.00389,9.027071,2019
1741,r2i1p1f1,2019,10,08,0.0,27.530539,10.430299,2019
1742,r2i1p1f1,2019,10,09,0.0,27.442617,9.946482,2019
1743,r2i1p1f1,2019,10,10,0.0,27.4844,10.425523,2019
1744,r2i1p1f1,2019,10,11,0.0,28.258976,11.48871,2019
1745,r2i1p1f1,2019,10,12,0.3129788077295906,26.250265,12.077756,2019
1746,r2i1p1f1,2019,10,13,0.0,26.113754,11.480469,2019
1747,r2i1p1f1,2019,10,14,0.0,28.365248,13.962448,2019
1748,r2i1p1f1,2019,10,15,0.0,28.935396,13.130857,2019
1749,r2i1p1f1,2019,10,16,0.0,28.929726,12.428205,2019
1750,r2i1p1f1,2019,10,17,0.0,29.037052,12.56759,2019
1751,r2i1p1f1,2019,10,18,0.0,28.385023,10.97833,2019
1752,r2i1p1f1,2019,10,19,0.0,27.481903,9.930537,2019
1753,r2i1p1f1,2019,10,20,1.3230945436239732,28.046616,11.058882,2019
1754,r2i1p1f1,2019,10,21,8.904730969516095,21.470907,9.437027,2019
1755,r2i1p1f1,2019,10,22,1.8441665910743792,24.21173,11.6091795,2019
1756,r2i1p1f1,2019,10,23,0.03457504705973126,23.78884,8.322493,2019
1757,r2i1p1f1,2019,10,24,0.25161143933456304,21.951803,8.807154,2019
1758,r2i1p1f1,2019,10,25,1.0825502748677815,22.810785,6.6930795,2019
1759,r2i1p1f1,2019,10,26,10.982439495161929,20.34905,8.160748,2019
1760,r2i1p1f1,2019,10,27,50.759202590024174,12.662011,7.1987405,2019
1761,r2i1p1f1,2019,10,28,58.89702652840732,10.495652,5.815734,2019
1762,r2i1p1f1,2019,10,29,59.77947551470537,8.817742,3.1950078,2019
1763,r2i1p1f1,2019,10,30,14.761722850716279,8.830887,3.968305,2019
1764,r2i1p1f1,2019,10,31,28.749312158078492,8.832151,2.4574823,2019
1765,r2i1p1f1,2019,11,01,0.9354041189033944,8.821932,3.502673,2019
1766,r2i1p1f1,2019,11,02,13.850457707541445,8.4714155,-2.09544,2019
1767,r2i1p1f1,2019,11,03,0.1487252087057501,7.244718,1.6619607,2019
1768,r2i1p1f1,2019,11,04,0.0,13.688193,-0.53497165,2019
1769,r2i1p1f1,2019,11,05,0.0,14.031404,-1.0291908,2019
1770,r2i1p1f1,2019,11,06,0.0,15.474731,0.5395412,2019
1771,r2i1p1f1,2019,11,07,0.0,18.43869,2.3617284,2019
1772,r2i1p1f1,2019,11,08,0.0,18.589643,2.087927,2019
1773,r2i1p1f1,2019,11,09,0.0,17.584503,2.3075655,2019
1774,r2i1p1f1,2019,11,10,0.0,14.39101,2.510525,2019
1775,r2i1p1f1,2019,11,11,54.72116358130454,6.5241284,1.8780236,2019
1776,r2i1p1f1,2019,11,12,5.233587916812282,4.41012,-1.0070049,2019
1777,r2i1p1f1,2019,11,13,0.6217940554191815,3.5795467,-5.2925587,2019
1778,r2i1p1f1,2019,11,14,0.03311434220100077,5.515272,-4.1817727,2019
1779,r2i1p1f1,2019,11,15,0.0,9.936526,-3.6052582,2019
1780,r2i1p1f1,2019,11,16,0.0,11.838882,-2.9290943,2019
1781,r2i1p1f1,2019,11,17,0.0,9.756995,-2.5276036,2019
1782,r2i1p1f1,2019,11,18,0.0,9.949676,-2.35487,2019
1783,r2i1p1f1,2019,11,19,0.0,10.008852,-0.7101915,2019
1784,r2i1p1f1,2019,11,20,4.215748403224167,9.560496,-0.8260666,2019
1785,r2i1p1f1,2019,11,21,9.660413394410101,10.548242,-0.83616406,2019
1786,r2i1p1f1,2019,11,22,12.938647091365196,6.1808434,-1.9223287,2019
1787,r2i1p1f1,2019,11,23,4.00837529601771,4.5397654,-0.004660386,2019
1788,r2i1p1f1,2019,11,24,0.0,10.689876,0.45659766,2019
1789,r2i1p1f1,2019,11,25,0.0,12.482459,-0.07140223,2019
1790,r2i1p1f1,2019,11,26,0.0,14.399614,-2.581621,2019
1791,r2i1p1f1,2019,11,27,0.0,13.674905,-1.2398767,2019
1792,r2i1p1f1,2019,11,28,0.0,11.290805,-2.4372792,2019
1793,r2i1p1f1,2019,11,29,0.0,7.6977134,-4.956989,2019
1794,r2i1p1f1,2019,11,30,0.0,11.425648,-6.854727,2019
1795,r2i1p1f1,2019,12,01,0.0,10.234261,-3.013004,2019
1796,r2i1p1f1,2019,12,02,25.579071550880773,7.069259,-4.9813724,2019
1797,r2i1p1f1,2019,12,03,0.0,-0.041686326,-11.498323,2019
1798,r2i1p1f1,2019,12,04,5.27838367768429,-2.8461015,-13.79324,2019
1799,r2i1p1f1,2019,12,05,0.9772927124616287,-3.6296403,-12.1432705,2019
1800,r2i1p1f1,2019,12,06,0.0,1.0840901,-9.558193,2019
1801,r2i1p1f1,2019,12,07,0.0,3.7836463,-8.386216,2019
1802,r2i1p1f1,2019,12,08,56.625741807511076,2.7650948,-5.5421247,2019
1803,r2i1p1f1,2019,12,09,75.29770841132492,7.077175,1.3352982,2019
1804,r2i1p1f1,2019,12,10,117.67751433922408,8.423286,1.8780768,2019
1805,r2i1p1f1,2019,12,11,28.94620115145629,7.115608,0.4263333,2019
1806,r2i1p1f1,2019,12,12,5.779158551278949,6.722794,1.5761068,2019
1807,r2i1p1f1,2019,12,13,0.0,9.0123005,-2.021142,2019
1808,r2i1p1f1,2019,12,14,0.0,9.346864,3.5098546,2019
1809,r2i1p1f1,2019,12,15,0.0,11.629341,-1.8700804,2019
1810,r2i1p1f1,2019,12,16,0.0,9.999753,-0.7681412,2019
1811,r2i1p1f1,2019,12,17,0.0,11.220049,-1.1055475,2019
1812,r2i1p1f1,2019,12,18,0.0,12.107338,-0.50958514,2019
1813,r2i1p1f1,2019,12,19,0.0,12.6672735,0.3746788,2019
1814,r2i1p1f1,2019,12,20,0.0,12.7898,-0.025320102,2019
1815,r2i1p1f1,2019,12,21,0.0,12.642655,0.6670218,2019
1816,r2i1p1f1,2019,12,22,0.0,14.39871,0.58253706,2019
1817,r2i1p1f1,2019,12,23,0.0,12.38682,0.89752734,2019
1818,r2i1p1f1,2019,12,24,0.0,10.975056,-1.3118596,2019
1819,r2i1p1f1,2019,12,25,0.0,13.326455,-0.60947025,2019
1820,r2i1p1f1,2019,12,26,0.0,15.292089,2.588161,2019
1821,r2i1p1f1,2019,12,27,0.0,13.104309,0.4985291,2019
1822,r2i1p1f1,2019,12,28,0.0,12.455874,0.7969373,2019
1823,r2i1p1f1,2019,12,29,0.0,12.719259,0.33125138,2019
1824,r2i1p1f1,2019,12,30,0.0,12.761268,1.5295097,2019
1825,r2i1p1f1,2019,12,31,0.0,13.793094,0.9987178,2019
1826,r2i1p1f1,2020,01,01,0.0,13.920805,0.621649,2020
1827,r2i1p1f1,2020,01,02,0.0,14.093592,0.21055065,2020
1828,r2i1p1f1,2020,01,03,0.0,12.341171,0.64190644,2020
1829,r2i1p1f1,2020,01,04,0.0,11.037574,0.96528256,2020
1830,r2i1p1f1,2020,01,05,0.0,10.292846,0.5994997,2020
1831,r2i1p1f1,2020,01,06,4.074097865969424,7.535914,-1.3157853,2020
1832,r2i1p1f1,2020,01,07,8.818208743426881,5.832455,0.06870876,2020
1833,r2i1p1f1,2020,01,08,71.470760648103,6.606813,1.1921911,2020
1834,r2i1p1f1,2020,01,09,7.9235746899380155,5.1025662,0.69279957,2020
1835,r2i1p1f1,2020,01,10,0.19279840601554427,13.952006,4.5001016,2020
1836,r2i1p1f1,2020,01,11,0.0,16.063665,2.5574372,2020
1837,r2i1p1f1,2020,01,12,0.0,15.789309,2.2321014,2020
1838,r2i1p1f1,2020,01,13,0.0,15.229895,2.9784985,2020
1839,r2i1p1f1,2020,01,14,0.0,14.576665,3.4893885,2020
1840,r2i1p1f1,2020,01,15,0.057948099373998745,16.389027,5.6259828,2020
1841,r2i1p1f1,2020,01,16,0.0,18.544418,3.0544605,2020
1842,r2i1p1f1,2020,01,17,0.0,17.653969,2.7263439,2020
1843,r2i1p1f1,2020,01,18,16.230306685835014,14.132558,2.4458861,2020
1844,r2i1p1f1,2020,01,19,0.0,9.8677435,2.1521351,2020
1845,r2i1p1f1,2020,01,20,0.9069773251667357,6.584482,0.8661476,2020
1846,r2i1p1f1,2020,01,21,48.80452107620211,12.815279,0.5747606,2020
1847,r2i1p1f1,2020,01,22,118.99846373842313,12.258053,7.735516,2020
1848,r2i1p1f1,2020,01,23,105.64544875568782,12.156899,3.304087,2020
1849,r2i1p1f1,2020,01,24,1.1210028762189512,12.881421,2.1042082,2020
1850,r2i1p1f1,2020,01,25,31.93876821986543,9.045596,2.8139362,2020
1851,r2i1p1f1,2020,01,26,9.754258632528945,11.720362,0.23410054,2020
1852,r2i1p1f1,2020,01,27,0.0,11.439398,0.21003616,2020
1853,r2i1p1f1,2020,01,28,19.17157557898183,9.341083,1.102212,2020
1854,r2i1p1f1,2020,01,29,68.69629548253634,10.550305,4.921704,2020
1855,r2i1p1f1,2020,01,30,28.607167126252673,6.1170535,-1.3947247,2020
1856,r2i1p1f1,2020,01,31,25.29357821868661,5.7152658,-4.844601,2020
1857,r2i1p1f1,2020,02,01,73.88416776666418,11.929971,-1.3683169,2020
1858,r2i1p1f1,2020,02,02,24.0147214260315,9.241762,-2.3955426,2020
1859,r2i1p1f1,2020,02,03,0.0,3.0644226,-1.9376844,2020
1860,r2i1p1f1,2020,02,04,0.0,4.943066,-6.5473166,2020
1861,r2i1p1f1,2020,02,05,0.04797128203790635,7.738984,-4.857867,2020
1862,r2i1p1f1,2020,02,06,0.0,11.038657,-3.4004028,2020
1863,r2i1p1f1,2020,02,07,0.0,10.191844,-2.4947548,2020
1864,r2i1p1f1,2020,02,08,0.0,11.358433,-0.02507733,2020
1865,r2i1p1f1,2020,02,09,0.0,15.093312,-1.7201276,2020
1866,r2i1p1f1,2020,02,10,0.0,14.556382,0.47934946,2020
1867,r2i1p1f1,2020,02,11,39.51008556871854,8.853624,-6.0904427,2020
1868,r2i1p1f1,2020,02,12,0.0,-1.5728468,-9.734937,2020
1869,r2i1p1f1,2020,02,13,0.0,4.31455,-8.8443575,2020
1870,r2i1p1f1,2020,02,14,0.0,5.3368325,-3.3621173,2020
1871,r2i1p1f1,2020,02,15,0.28879703376542937,6.9189343,-1.1541009,2020
1872,r2i1p1f1,2020,02,16,0.0,10.030175,-3.2060509,2020
1873,r2i1p1f1,2020,02,17,0.0,10.421366,-0.39868584,2020
1874,r2i1p1f1,2020,02,18,0.3702795952379417,10.383533,-0.37399516,2020
1875,r2i1p1f1,2020,02,19,0.0,11.4984045,1.0050533,2020
1876,r2i1p1f1,2020,02,20,0.0,13.246297,-0.66014415,2020
1877,r2i1p1f1,2020,02,21,0.0,14.715081,2.1479273,2020
1878,r2i1p1f1,2020,02,22,0.0,15.649343,0.42932236,2020
1879,r2i1p1f1,2020,02,23,0.0,14.838189,1.8380264,2020
1880,r2i1p1f1,2020,02,24,0.0,16.828268,2.7110054,2020
1881,r2i1p1f1,2020,02,25,0.0,15.761379,4.026991,2020
1882,r2i1p1f1,2020,02,26,20.767588618596513,10.415624,-2.15125,2020
1883,r2i1p1f1,2020,02,27,17.931610437741394,2.528656,-2.0786908,2020
1884,r2i1p1f1,2020,02,28,24.858148315783744,1.0040357,-4.113027,2020
1885,r2i1p1f1,2020,02,29,4.403837885127779e-05,3.496122,-3.014682,2020
1886,r2i1p1f1,2020,03,01,0.0,6.212604,-6.349255,2020
1887,r2i1p1f1,2020,03,02,15.419529140210496,-1.1357905,-5.9336777,2020
1888,r2i1p1f1,2020,03,03,20.70920804846817,2.221299,-4.819305,2020
1889,r2i1p1f1,2020,03,04,0.0,8.041394,-7.2550097,2020
1890,r2i1p1f1,2020,03,05,0.0,5.7574615,-1.4866314,2020
1891,r2i1p1f1,2020,03,06,1.9817429943871572,4.4613895,-1.1426765,2020
1892,r2i1p1f1,2020,03,07,0.0,13.411111,-0.8685336,2020
1893,r2i1p1f1,2020,03,08,0.0,16.237988,0.45842627,2020
1894,r2i1p1f1,2020,03,09,0.0,16.124086,2.1979327,2020
1895,r2i1p1f1,2020,03,10,0.0,14.624275,0.31650886,2020
1896,r2i1p1f1,2020,03,11,0.0,12.8712225,1.2260436,2020
1897,r2i1p1f1,2020,03,12,0.0,12.791789,1.3495347,2020
1898,r2i1p1f1,2020,03,13,0.0,15.130445,1.8811837,2020
1899,r2i1p1f1,2020,03,14,0.0,16.912008,2.6143532,2020
1900,r2i1p1f1,2020,03,15,0.0,16.11639,1.9405929,2020
1901,r2i1p1f1,2020,03,16,0.0,19.639668,3.5641856,2020
1902,r2i1p1f1,2020,03,17,0.0,17.898003,4.3764415,2020
1903,r2i1p1f1,2020,03,18,0.0,19.065235,4.0304294,2020
1904,r2i1p1f1,2020,03,19,9.117324888295396,11.413184,-3.577198,2020
1905,r2i1p1f1,2020,03,20,0.4513236650522091,8.152634,-1.3457502,2020
1906,r2i1p1f1,2020,03,21,1.684906816890711,11.141687,-0.6336008,2020
1907,r2i1p1f1,2020,03,22,0.0,19.712107,1.483881,2020
1908,r2i1p1f1,2020,03,23,0.0,22.981636,5.1011558,2020
1909,r2i1p1f1,2020,03,24,0.0,24.507141,6.466667,2020
1910,r2i1p1f1,2020,03,25,0.0,25.642447,7.6771865,2020
1911,r2i1p1f1,2020,03,26,0.0,26.507875,7.4979577,2020
1912,r2i1p1f1,2020,03,27,0.0,26.708076,8.309455,2020
1913,r2i1p1f1,2020,03,28,0.0,27.571058,8.4884405,2020
1914,r2i1p1f1,2020,03,29,0.0,27.223715,8.527512,2020
1915,r2i1p1f1,2020,03,30,0.0,26.620361,8.268483,2020
1916,r2i1p1f1,2020,03,31,0.0,22.133472,7.47488,2020
1917,r2i1p1f1,2020,04,01,21.092023400482365,11.433642,-2.8223486,2020
1918,r2i1p1f1,2020,04,02,0.0,17.290611,-0.8244545,2020
1919,r2i1p1f1,2020,04,03,0.00869414519946496,10.477835,0.48578173,2020
1920,r2i1p1f1,2020,04,04,0.0,11.805728,-0.44111046,2020
1921,r2i1p1f1,2020,04,05,0.0,17.516275,0.2788528,2020
1922,r2i1p1f1,2020,04,06,0.0,16.123703,1.6215492,2020
1923,r2i1p1f1,2020,04,07,15.761600412000776,11.04029,-3.0587041,2020
1924,r2i1p1f1,2020,04,08,0.0,11.641459,-2.5079765,2020
1925,r2i1p1f1,2020,04,09,0.0,13.327937,-3.5610468,2020
1926,r2i1p1f1,2020,04,10,0.6226499685628648,11.877418,-3.0479374,2020
1927,r2i1p1f1,2020,04,11,0.7844596434167145,11.218999,-2.2797155,2020
1928,r2i1p1f1,2020,04,12,0.0,14.649282,-2.1136546,2020
1929,r2i1p1f1,2020,04,13,0.0,16.232565,-1.7053531,2020
1930,r2i1p1f1,2020,04,14,0.0,16.603241,0.17163438,2020
1931,r2i1p1f1,2020,04,15,0.0,15.389707,3.559505,2020
1932,r2i1p1f1,2020,04,16,0.0,16.545918,2.2708824,2020
1933,r2i1p1f1,2020,04,17,0.0,21.526903,5.7295613,2020
1934,r2i1p1f1,2020,04,18,0.0,22.318306,6.225049,2020
1935,r2i1p1f1,2020,04,19,0.0,24.35373,7.8623233,2020
1936,r2i1p1f1,2020,04,20,0.0,25.254625,9.632314,2020
1937,r2i1p1f1,2020,04,21,0.0,28.372553,10.475411,2020
1938,r2i1p1f1,2020,04,22,0.0,23.80746,7.142402,2020
1939,r2i1p1f1,2020,04,23,0.0,19.274418,3.0944633,2020
1940,r2i1p1f1,2020,04,24,0.0,16.740715,0.048253477,2020
1941,r2i1p1f1,2020,04,25,0.0,14.697578,4.323994,2020
1942,r2i1p1f1,2020,04,26,0.0,15.686221,4.31358,2020
1943,r2i1p1f1,2020,04,27,0.0,15.561148,1.0584133,2020
1944,r2i1p1f1,2020,04,28,0.0,14.7327,1.7073568,2020
1945,r2i1p1f1,2020,04,29,0.0,14.513835,1.0491134,2020
1946,r2i1p1f1,2020,04,30,0.0,14.778455,-0.5508899,2020
1947,r2i1p1f1,2020,05,01,0.0,14.810472,0.8282083,2020
1948,r2i1p1f1,2020,05,02,0.015809427434130788,13.330812,1.9377328,2020
1949,r2i1p1f1,2020,05,03,11.519849026388748,8.229314,-4.3182316,2020
1950,r2i1p1f1,2020,05,04,0.9271125749084883,8.023535,-5.2564683,2020
1951,r2i1p1f1,2020,05,05,0.0,11.963654,-2.7160268,2020
1952,r2i1p1f1,2020,05,06,0.0,14.370647,-0.5229286,2020
1953,r2i1p1f1,2020,05,07,0.0,15.0075655,-0.14178574,2020
1954,r2i1p1f1,2020,05,08,0.0,14.136948,-1.6538888,2020
1955,r2i1p1f1,2020,05,09,0.0,16.258844,0.10593395,2020
1956,r2i1p1f1,2020,05,10,0.0,19.116693,4.338073,2020
1957,r2i1p1f1,2020,05,11,0.0,18.049704,5.044922,2020
1958,r2i1p1f1,2020,05,12,0.38523005314345937,16.07037,3.346538,2020
1959,r2i1p1f1,2020,05,13,0.0,21.22524,3.42022,2020
1960,r2i1p1f1,2020,05,14,0.0,20.374956,5.5797005,2020
1961,r2i1p1f1,2020,05,15,0.0,20.633785,6.1307974,2020
1962,r2i1p1f1,2020,05,16,0.17850751347186117,18.981659,4.7689524,2020
1963,r2i1p1f1,2020,05,17,0.0,20.805624,4.2909765,2020
1964,r2i1p1f1,2020,05,18,0.0,22.767166,6.7563868,2020
1965,r2i1p1f1,2020,05,19,0.0,22.318216,6.9829416,2020
1966,r2i1p1f1,2020,05,20,0.0,20.564423,4.2337112,2020
1967,r2i1p1f1,2020,05,21,1.8565613061162787,15.289514,5.97583,2020
1968,r2i1p1f1,2020,05,22,0.0,14.446719,5.3623643,2020
1969,r2i1p1f1,2020,05,23,11.803441642908952,11.382736,5.1334352,2020
1970,r2i1p1f1,2020,05,24,0.012798476046345268,21.092527,4.027005,2020
1971,r2i1p1f1,2020,05,25,0.0,25.2635,6.8664675,2020
1972,r2i1p1f1,2020,05,26,0.8816424573104507,22.073378,7.3296914,2020
1973,r2i1p1f1,2020,05,27,8.002916217530863,11.816281,-2.5446088,2020
1974,r2i1p1f1,2020,05,28,0.0,18.400892,2.419068,2020
1975,r2i1p1f1,2020,05,29,0.0,22.319803,5.839483,2020
1976,r2i1p1f1,2020,05,30,1.037466613063141,23.377995,8.719794,2020
1977,r2i1p1f1,2020,05,31,0.0,26.288404,9.782041,2020
1978,r2i1p1f1,2020,06,01,9.356058157901806,23.351137,7.617424,2020
1979,r2i1p1f1,2020,06,02,0.21509390237322526,20.473608,4.964714,2020
1980,r2i1p1f1,2020,06,03,0.0,20.835999,6.235134,2020
1981,r2i1p1f1,2020,06,04,0.0,24.254053,7.1011753,2020
1982,r2i1p1f1,2020,06,05,0.0,27.299385,10.411519,2020
1983,r2i1p1f1,2020,06,06,0.0,29.100805,11.963005,2020
1984,r2i1p1f1,2020,06,07,0.0,29.304174,10.304724,2020
1985,r2i1p1f1,2020,06,08,0.0,28.041939,10.57933,2020
1986,r2i1p1f1,2020,06,09,0.0,29.167494,11.223837,2020
1987,r2i1p1f1,2020,06,10,0.0,29.136925,11.19634,2020
1988,r2i1p1f1,2020,06,11,0.0,29.844156,11.2716875,2020
1989,r2i1p1f1,2020,06,12,0.0,29.875807,11.585464,2020
1990,r2i1p1f1,2020,06,13,0.0,31.955353,12.798489,2020
1991,r2i1p1f1,2020,06,14,1.015339491018844,33.713898,14.560988,2020
1992,r2i1p1f1,2020,06,15,0.0,33.574978,14.617857,2020
1993,r2i1p1f1,2020,06,16,0.29139957528409116,33.10352,13.726973,2020
1994,r2i1p1f1,2020,06,17,0.0,35.77941,16.026636,2020
1995,r2i1p1f1,2020,06,18,0.0,36.32718,17.422964,2020
1996,r2i1p1f1,2020,06,19,0.0,33.96263,18.128286,2020
1997,r2i1p1f1,2020,06,20,0.0,30.254082,13.882875,2020
1998,r2i1p1f1,2020,06,21,0.0,29.892159,13.094045,2020
1999,r2i1p1f1,2020,06,22,0.0,30.659092,14.310518,2020
2000,r2i1p1f1,2020,06,23,0.0,31.906475,13.498472,2020
2001,r2i1p1f1,2020,06,24,0.0,33.31221,13.983198,2020
2002,r2i1p1f1,2020,06,25,0.0,31.196058,13.647217,2020
2003,r2i1p1f1,2020,06,26,0.0,30.996387,13.450668,2020
2004,r2i1p1f1,2020,06,27,0.0,31.421835,13.370249,2020
2005,r2i1p1f1,2020,06,28,0.0,31.74328,14.389467,2020
2006,r2i1p1f1,2020,06,29,0.0,29.119791,12.45865,2020
2007,r2i1p1f1,2020,06,30,0.0,29.046425,12.198632,2020
2008,r2i1p1f1,2020,07,01,0.0,30.906616,12.191236,2020
2009,r2i1p1f1,2020,07,02,0.0,30.611866,12.25792,2020
2010,r2i1p1f1,2020,07,03,0.1710057363897459,30.045372,15.356165,2020
2011,r2i1p1f1,2020,07,04,0.0532714087547412,26.635946,12.9346,2020
2012,r2i1p1f1,2020,07,05,0.0,21.708145,8.785748,2020
2013,r2i1p1f1,2020,07,06,0.0,21.486847,6.0247183,2020
2014,r2i1p1f1,2020,07,07,0.0,23.712822,7.5866528,2020
2015,r2i1p1f1,2020,07,08,0.0,25.524689,9.357359,2020
2016,r2i1p1f1,2020,07,09,0.0,25.252934,9.403702,2020
2017,r2i1p1f1,2020,07,10,0.0,24.838991,9.518107,2020
2018,r2i1p1f1,2020,07,11,0.0,24.262993,7.106738,2020
2019,r2i1p1f1,2020,07,12,0.0,27.049927,8.68362,2020
2020,r2i1p1f1,2020,07,13,0.0,27.059233,11.979175,2020
2021,r2i1p1f1,2020,07,14,0.0,26.397308,10.358594,2020
2022,r2i1p1f1,2020,07,15,0.0,24.686205,10.003548,2020
2023,r2i1p1f1,2020,07,16,0.0,25.302208,8.166306,2020
2024,r2i1p1f1,2020,07,17,0.0,27.063839,8.770053,2020
2025,r2i1p1f1,2020,07,18,0.0,27.239132,11.207762,2020
2026,r2i1p1f1,2020,07,19,0.0,28.505802,11.232688,2020
2027,r2i1p1f1,2020,07,20,0.0,28.628326,11.606749,2020
2028,r2i1p1f1,2020,07,21,0.0,29.03504,11.621835,2020
2029,r2i1p1f1,2020,07,22,0.0,29.592173,12.876629,2020
2030,r2i1p1f1,2020,07,23,0.0,30.587612,14.042036,2020
2031,r2i1p1f1,2020,07,24,0.0,29.565678,12.110144,2020
2032,r2i1p1f1,2020,07,25,0.15307789878464134,28.388353,11.91509,2020
2033,r2i1p1f1,2020,07,26,0.0,29.076935,12.435318,2020
2034,r2i1p1f1,2020,07,27,2.769476844766289,29.0741,12.815759,2020
2035,r2i1p1f1,2020,07,28,0.0,29.410328,13.839653,2020
2036,r2i1p1f1,2020,07,29,0.0,29.149927,11.740706,2020
2037,r2i1p1f1,2020,07,30,0.0,30.780445,12.860004,2020
2038,r2i1p1f1,2020,07,31,0.0,33.407185,14.969958,2020
2039,r2i1p1f1,2020,08,01,0.0,32.029453,14.61634,2020
2040,r2i1p1f1,2020,08,02,0.0,30.347456,12.679483,2020
2041,r2i1p1f1,2020,08,03,0.0,29.379951,12.072908,2020
2042,r2i1p1f1,2020,08,04,0.0,29.323193,10.947786,2020
2043,r2i1p1f1,2020,08,05,0.0,28.963448,10.919351,2020
2044,r2i1p1f1,2020,08,06,0.0,29.178017,11.151793,2020
2045,r2i1p1f1,2020,08,07,0.0,29.860697,11.604478,2020
2046,r2i1p1f1,2020,08,08,0.0,30.713993,12.455455,2020
2047,r2i1p1f1,2020,08,09,0.0,30.76024,13.307837,2020
2048,r2i1p1f1,2020,08,10,0.0,30.019863,12.394513,2020
2049,r2i1p1f1,2020,08,11,0.0,28.242247,9.506954,2020
2050,r2i1p1f1,2020,08,12,0.0,26.460806,11.051789,2020
2051,r2i1p1f1,2020,08,13,0.0,27.570719,10.053852,2020
2052,r2i1p1f1,2020,08,14,0.0,29.101582,9.923077,2020
2053,r2i1p1f1,2020,08,15,0.0,29.61094,11.650275,2020
2054,r2i1p1f1,2020,08,16,0.0,28.420729,10.8041525,2020
2055,r2i1p1f1,2020,08,17,0.0,27.508125,10.716265,2020
2056,r2i1p1f1,2020,08,18,0.0,25.806734,9.298743,2020
2057,r2i1p1f1,2020,08,19,0.0,27.840702,10.025004,2020
2058,r2i1p1f1,2020,08,20,0.0,30.142452,12.275035,2020
2059,r2i1p1f1,2020,08,21,0.0,30.523062,12.634329,2020
2060,r2i1p1f1,2020,08,22,0.0,29.59431,10.681647,2020
2061,r2i1p1f1,2020,08,23,0.0,29.50126,12.333613,2020
2062,r2i1p1f1,2020,08,24,0.0,31.094288,13.054805,2020
2063,r2i1p1f1,2020,08,25,0.0,31.494541,13.457097,2020
2064,r2i1p1f1,2020,08,26,0.0,31.813047,13.174038,2020
2065,r2i1p1f1,2020,08,27,0.0,31.292572,14.410535,2020
2066,r2i1p1f1,2020,08,28,0.0,28.227186,10.864153,2020
2067,r2i1p1f1,2020,08,29,0.0,30.060356,10.733313,2020
2068,r2i1p1f1,2020,08,30,0.0,29.7723,11.916169,2020
2069,r2i1p1f1,2020,08,31,0.0,29.921635,10.597197,2020
2070,r2i1p1f1,2020,09,01,0.0,27.1913,10.342935,2020
2071,r2i1p1f1,2020,09,02,0.0,27.03741,8.699251,2020
2072,r2i1p1f1,2020,09,03,0.0,25.554451,9.927539,2020
2073,r2i1p1f1,2020,09,04,0.0,24.926722,10.479477,2020
2074,r2i1p1f1,2020,09,05,0.0,25.790804,10.6020775,2020
2075,r2i1p1f1,2020,09,06,0.0,30.307789,12.234762,2020
2076,r2i1p1f1,2020,09,07,0.0,31.574516,14.069978,2020
2077,r2i1p1f1,2020,09,08,0.0,30.945112,13.830608,2020
2078,r2i1p1f1,2020,09,09,0.0,28.25234,11.059978,2020
2079,r2i1p1f1,2020,09,10,0.0,24.417711,6.557501,2020
2080,r2i1p1f1,2020,09,11,0.0,24.47751,6.959014,2020
2081,r2i1p1f1,2020,09,12,0.0,26.006319,8.448635,2020
2082,r2i1p1f1,2020,09,13,0.0,24.903746,9.117033,2020
2083,r2i1p1f1,2020,09,14,0.0,28.418043,10.977749,2020
2084,r2i1p1f1,2020,09,15,0.0,30.519144,12.495499,2020
2085,r2i1p1f1,2020,09,16,0.0,30.562382,13.140047,2020
2086,r2i1p1f1,2020,09,17,0.0,30.605621,13.702373,2020
2087,r2i1p1f1,2020,09,18,0.0,29.738935,12.06248,2020
2088,r2i1p1f1,2020,09,19,0.0,27.746012,9.116641,2020
2089,r2i1p1f1,2020,09,20,0.0,21.652746,6.5863695,2020
2090,r2i1p1f1,2020,09,21,0.0,20.880165,5.0839357,2020
2091,r2i1p1f1,2020,09,22,0.0,25.433847,9.1536665,2020
2092,r2i1p1f1,2020,09,23,0.0,27.956142,10.895774,2020
2093,r2i1p1f1,2020,09,24,0.0,29.005821,12.440017,2020
2094,r2i1p1f1,2020,09,25,0.0,30.225931,13.422686,2020
2095,r2i1p1f1,2020,09,26,0.0,30.712456,12.932693,2020
2096,r2i1p1f1,2020,09,27,0.0,30.640053,13.336166,2020
2097,r2i1p1f1,2020,09,28,0.0,29.432802,11.769268,2020
2098,r2i1p1f1,2020,09,29,0.0,27.707193,11.308885,2020
2099,r2i1p1f1,2020,09,30,0.0,25.48365,7.6360903,2020
2100,r2i1p1f1,2020,10,01,0.0,25.66398,8.421666,2020
2101,r2i1p1f1,2020,10,02,0.0,17.83245,4.4504523,2020
2102,r2i1p1f1,2020,10,03,2.6306640578136116,18.029703,6.609391,2020
2103,r2i1p1f1,2020,10,04,1.1140175214642603,21.163336,8.905036,2020
2104,r2i1p1f1,2020,10,05,0.0,20.66446,6.244806,2020
2105,r2i1p1f1,2020,10,06,0.0,20.993847,5.243015,2020
2106,r2i1p1f1,2020,10,07,0.0,22.36009,4.3053064,2020
2107,r2i1p1f1,2020,10,08,34.47048508768113,25.814688,11.143958,2020
2108,r2i1p1f1,2020,10,09,35.2652943733399,12.581777,4.7164884,2020
2109,r2i1p1f1,2020,10,10,0.5610782302098344,17.545385,2.8963459,2020
2110,r2i1p1f1,2020,10,11,0.0,18.842398,4.780378,2020
2111,r2i1p1f1,2020,10,12,0.0,20.599995,8.136587,2020
2112,r2i1p1f1,2020,10,13,0.0,21.89681,7.5424814,2020
2113,r2i1p1f1,2020,10,14,0.0,26.28749,8.996981,2020
2114,r2i1p1f1,2020,10,15,0.0,27.07743,10.308347,2020
2115,r2i1p1f1,2020,10,16,0.0,27.840527,11.050005,2020
2116,r2i1p1f1,2020,10,17,0.0,24.89494,10.087146,2020
2117,r2i1p1f1,2020,10,18,0.0,24.06827,10.852402,2020
2118,r2i1p1f1,2020,10,19,0.0,26.15862,11.394255,2020
2119,r2i1p1f1,2020,10,20,2.3799929748187982,25.995874,13.064673,2020
2120,r2i1p1f1,2020,10,21,9.84178755830866,18.22056,2.881001,2020
2121,r2i1p1f1,2020,10,22,0.0,13.827004,-0.8460619,2020
2122,r2i1p1f1,2020,10,23,0.0,11.778135,-2.2307537,2020
2123,r2i1p1f1,2020,10,24,0.0,10.460883,-0.67076385,2020
2124,r2i1p1f1,2020,10,25,0.0,13.060496,-1.4013005,2020
2125,r2i1p1f1,2020,10,26,0.0,16.771353,2.0103023,2020
2126,r2i1p1f1,2020,10,27,0.0,18.19481,3.2383778,2020
2127,r2i1p1f1,2020,10,28,0.0,18.639404,3.5781085,2020
2128,r2i1p1f1,2020,10,29,0.0,16.503902,4.051443,2020
2129,r2i1p1f1,2020,10,30,0.0,18.753048,4.73554,2020
2130,r2i1p1f1,2020,10,31,0.0,22.595264,5.2524476,2020
2131,r2i1p1f1,2020,11,01,0.0,23.031376,7.967526,2020
2132,r2i1p1f1,2020,11,02,0.0,23.729845,8.782242,2020
2133,r2i1p1f1,2020,11,03,0.0,22.191713,5.9553223,2020
2134,r2i1p1f1,2020,11,04,0.0,19.00007,3.5624762,2020
2135,r2i1p1f1,2020,11,05,0.0,16.040258,3.0768378,2020
2136,r2i1p1f1,2020,11,06,0.0,18.098444,3.8478267,2020
2137,r2i1p1f1,2020,11,07,0.0,19.103912,5.5794854,2020
2138,r2i1p1f1,2020,11,08,0.0,19.206024,5.1830196,2020
2139,r2i1p1f1,2020,11,09,0.0,19.571957,3.2056787,2020
2140,r2i1p1f1,2020,11,10,0.0,17.597921,2.013682,2020
2141,r2i1p1f1,2020,11,11,0.036018818641773226,12.890997,3.7925103,2020
2142,r2i1p1f1,2020,11,12,0.0,16.921309,1.91893,2020
2143,r2i1p1f1,2020,11,13,0.0,16.732353,2.7916949,2020
2144,r2i1p1f1,2020,11,14,9.31457752605918,15.836311,4.2944517,2020
2145,r2i1p1f1,2020,11,15,7.8351398973399435,6.0434036,-2.4695237,2020
2146,r2i1p1f1,2020,11,16,0.0,9.204978,-4.7769213,2020
2147,r2i1p1f1,2020,11,17,0.0,11.771364,-4.8283534,2020
2148,r2i1p1f1,2020,11,18,0.0,10.115965,-0.9969143,2020
2149,r2i1p1f1,2020,11,19,0.0,13.329003,-1.101202,2020
2150,r2i1p1f1,2020,11,20,0.0,12.265927,-1.1024745,2020
2151,r2i1p1f1,2020,11,21,0.0,13.273503,1.7306094,2020
2152,r2i1p1f1,2020,11,22,0.0,13.715286,1.056707,2020
2153,r2i1p1f1,2020,11,23,0.0,13.394572,-2.451911,2020
2154,r2i1p1f1,2020,11,24,0.0,15.2026,-2.4919055,2020
2155,r2i1p1f1,2020,11,25,0.0,14.396167,-0.93617797,2020
2156,r2i1p1f1,2020,11,26,13.823114312253892,11.928647,0.9837437,2020
2157,r2i1p1f1,2020,11,27,13.572707163313261,6.2713046,0.64242005,2020
2158,r2i1p1f1,2020,11,28,5.523643535714375,7.1475143,2.8222022,2020
2159,r2i1p1f1,2020,11,29,9.788275973019504,6.8161654,-2.051669,2020
2160,r2i1p1f1,2020,11,30,3.53583827035646,4.8572116,-6.9481397,2020
2161,r2i1p1f1,2020,12,01,0.0,7.886563,-4.301781,2020
2162,r2i1p1f1,2020,12,02,0.0,8.710792,-2.04579,2020
2163,r2i1p1f1,2020,12,03,0.022006883731452175,10.390322,0.02189157,2020
2164,r2i1p1f1,2020,12,04,0.0,14.055383,1.1030896,2020
2165,r2i1p1f1,2020,12,05,0.0,13.821636,1.0301762,2020
2166,r2i1p1f1,2020,12,06,0.0,16.36561,1.9587018,2020
2167,r2i1p1f1,2020,12,07,0.0,17.321054,3.1362736,2020
2168,r2i1p1f1,2020,12,08,0.0,17.436125,3.4719098,2020
2169,r2i1p1f1,2020,12,09,0.0,16.063534,2.9999914,2020
2170,r2i1p1f1,2020,12,10,0.0,16.822227,0.5546783,2020
2171,r2i1p1f1,2020,12,11,0.0,11.26251,-4.006055,2020
2172,r2i1p1f1,2020,12,12,0.0,11.628748,-0.42001,2020
2173,r2i1p1f1,2020,12,13,0.0,13.642747,0.36103958,2020
2174,r2i1p1f1,2020,12,14,0.0,13.561472,0.7066943,2020
2175,r2i1p1f1,2020,12,15,0.0,13.829246,-0.72643703,2020
2176,r2i1p1f1,2020,12,16,0.0,15.602363,0.6370873,2020
2177,r2i1p1f1,2020,12,17,0.0,16.06014,0.93267184,2020
2178,r2i1p1f1,2020,12,18,0.0,13.329521,0.049499415,2020
2179,r2i1p1f1,2020,12,19,0.0,10.689018,-0.13610223,2020
2180,r2i1p1f1,2020,12,20,0.20076352947258924,8.049978,3.2531416,2020
2181,r2i1p1f1,2020,12,21,32.10621399921365,4.092504,-0.80755633,2020
2182,r2i1p1f1,2020,12,22,14.182662396678307,2.638258,-2.6451964,2020
2183,r2i1p1f1,2020,12,23,0.0,3.689751,-8.516059,2020
2184,r2i1p1f1,2020,12,24,1.5120380637619326,-0.923449,-6.567339,2020
2185,r2i1p1f1,2020,12,25,36.22106433971427,1.3614949,-8.123653,2020
2186,r2i1p1f1,2020,12,26,0.167223714323392,4.4202175,-3.631933,2020
2187,r2i1p1f1,2020,12,27,0.0,4.3798037,-2.1642945,2020
2188,r2i1p1f1,2020,12,28,0.007639467660807826,4.2798276,-0.2481179,2020
2189,r2i1p1f1,2020,12,29,1.5050460858429477,2.8611357,-1.779328,2020
2190,r2i1p1f1,2020,12,30,0.0,5.202881,-6.332668,2020
2191,r2i1p1f1,2020,12,31,0.0,5.243074,-6.1489434,2020
2192,r2i1p1f1,2021,01,01,0.0,7.365128,-4.8082895,2021
2193,r2i1p1f1,2021,01,02,0.0,7.109907,-3.4271724,2021
2194,r2i1p1f1,2021,01,03,0.0,7.7445006,-4.275845,2021
2195,r2i1p1f1,2021,01,04,0.0,9.538786,-4.3609195,2021
2196,r2i1p1f1,2021,01,05,0.0,8.426076,-5.1131735,2021
2197,r2i1p1f1,2021,01,06,0.0,11.589457,-2.443304,2021
2198,r2i1p1f1,2021,01,07,0.0,10.287962,-1.421565,2021
2199,r2i1p1f1,2021,01,08,0.0,14.41985,-1.3069882,2021
2200,r2i1p1f1,2021,01,09,0.0,12.634715,-1.6821378,2021
2201,r2i1p1f1,2021,01,10,0.0,11.030557,-1.114902,2021
2202,r2i1p1f1,2021,01,11,0.0,12.534893,0.05170832,2021
2203,r2i1p1f1,2021,01,12,0.0,15.525356,1.5787379,2021
2204,r2i1p1f1,2021,01,13,0.0,14.185962,2.8015962,2021
2205,r2i1p1f1,2021,01,14,25.986509977575714,10.907444,-0.074820004,2021
2206,r2i1p1f1,2021,01,15,18.31459882467663,2.4260387,-5.1351066,2021
2207,r2i1p1f1,2021,01,16,1.0482554135426023,0.3419024,-11.514556,2021
2208,r2i1p1f1,2021,01,17,0.0,-2.7108943,-14.829017,2021
2209,r2i1p1f1,2021,01,18,0.0,-0.2513507,-16.187742,2021
2210,r2i1p1f1,2021,01,19,0.0,-3.1187663,-15.571915,2021
2211,r2i1p1f1,2021,01,20,0.0,2.5560706,-9.576373,2021
2212,r2i1p1f1,2021,01,21,0.0,7.422012,-6.4004273,2021
2213,r2i1p1f1,2021,01,22,0.0,10.007664,-3.5234914,2021
2214,r2i1p1f1,2021,01,23,0.0,8.924512,-4.2122397,2021
2215,r2i1p1f1,2021,01,24,0.0,8.437874,-5.1202993,2021
2216,r2i1p1f1,2021,01,25,0.0,10.722356,-3.295971,2021
2217,r2i1p1f1,2021,01,26,10.440034438803336,9.608902,1.2340602,2021
2218,r2i1p1f1,2021,01,27,3.2222288387576836,4.894988,-1.5356041,2021
2219,r2i1p1f1,2021,01,28,0.0,9.199588,-6.1062655,2021
2220,r2i1p1f1,2021,01,29,20.724740190556847,5.1006765,-0.35865667,2021
2221,r2i1p1f1,2021,01,30,0.0,7.081417,-4.919644,2021
2222,r2i1p1f1,2021,01,31,2.9711915396966595,4.5619516,-1.7918998,2021
2223,r2i1p1f1,2021,02,01,0.0029119303891233217,6.455729,1.6509075,2021
2224,r2i1p1f1,2021,02,02,0.0,10.050894,-1.2788192,2021
2225,r2i1p1f1,2021,02,03,0.0,16.969122,1.8386129,2021
2226,r2i1p1f1,2021,02,04,0.0,19.400736,1.31279,2021
2227,r2i1p1f1,2021,02,05,0.0,15.832022,1.3244569,2021
2228,r2i1p1f1,2021,02,06,0.0154556831008589,12.753624,7.410934,2021
2229,r2i1p1f1,2021,02,07,0.0,18.044315,-0.26638705,2021
2230,r2i1p1f1,2021,02,08,14.5413979183034,15.254048,0.62742734,2021
2231,r2i1p1f1,2021,02,09,11.45775505290378,12.5617695,2.634732,2021
2232,r2i1p1f1,2021,02,10,4.795418529269787,6.658424,-4.576038,2021
2233,r2i1p1f1,2021,02,11,0.0,3.2209642,-8.582657,2021
2234,r2i1p1f1,2021,02,12,0.0,2.520959,-9.464183,2021
2235,r2i1p1f1,2021,02,13,7.104677325346879,-1.2044282,-14.127085,2021
2236,r2i1p1f1,2021,02,14,1.561869072632432,-7.949966,-15.447793,2021
2237,r2i1p1f1,2021,02,15,0.0,-6.999137,-19.662584,2021
2238,r2i1p1f1,2021,02,16,0.0,-1.4752729,-13.952596,2021
2239,r2i1p1f1,2021,02,17,5.661032953797146,0.8413394,-7.939752,2021
2240,r2i1p1f1,2021,02,18,0.08960420869138594,4.1601744,-4.6961718,2021
2241,r2i1p1f1,2021,02,19,0.22416507347315928,0.9177913,-4.612542,2021
2242,r2i1p1f1,2021,02,20,0.0,-0.64256436,-10.653209,2021
2243,r2i1p1f1,2021,02,21,0.0,2.660623,-11.160665,2021
2244,r2i1p1f1,2021,02,22,10.397329222178087,-1.1897798,-7.2370214,2021
2245,r2i1p1f1,2021,02,23,0.0,3.4693348,-8.747125,2021
2246,r2i1p1f1,2021,02,24,0.0,2.1862152,-10.679839,2021
2247,r2i1p1f1,2021,02,25,10.713292935878808,-0.29843011,-6.979789,2021
2248,r2i1p1f1,2021,02,26,14.24160082779753,1.4348505,-4.4083586,2021
2249,r2i1p1f1,2021,02,27,22.49492798627426,4.2948675,-1.7838084,2021
2250,r2i1p1f1,2021,02,28,0.0,6.47202,1.5847868,2021
2251,r2i1p1f1,2021,03,01,0.0,8.182346,-0.14931498,2021
2252,r2i1p1f1,2021,03,02,0.0,12.267276,-0.9247633,2021
2253,r2i1p1f1,2021,03,03,18.152571414933707,10.355118,2.9062927,2021
2254,r2i1p1f1,2021,03,04,22.823542793552267,9.074948,3.426935,2021
2255,r2i1p1f1,2021,03,05,0.0,13.988649,7.439877,2021
2256,r2i1p1f1,2021,03,06,21.61711400907594,7.741826,-2.699462,2021
2257,r2i1p1f1,2021,03,07,16.529146457721183,7.3629103,-0.50526595,2021
2258,r2i1p1f1,2021,03,08,123.04362541673562,5.0770335,0.00026712663,2021
2259,r2i1p1f1,2021,03,09,71.8272939342289,4.4051833,-0.43139288,2021
2260,r2i1p1f1,2021,03,10,4.6546897751306044,1.4672846,-3.385255,2021
2261,r2i1p1f1,2021,03,11,0.0,5.2530417,0.04322179,2021
2262,r2i1p1f1,2021,03,12,3.252074530973914,4.264354,-0.63478535,2021
2263,r2i1p1f1,2021,03,13,25.46310057827773,4.7414427,1.2135819,2021
2264,r2i1p1f1,2021,03,14,10.33924744347482,6.202268,0.698914,2021
2265,r2i1p1f1,2021,03,15,17.25358951589442,4.288582,-7.660144,2021
2266,r2i1p1f1,2021,03,16,0.6453055523497124,4.0392137,-3.1867993,2021
2267,r2i1p1f1,2021,03,17,0.0,7.457571,-2.5421793,2021
2268,r2i1p1f1,2021,03,18,0.0,12.931738,-2.6532836,2021
2269,r2i1p1f1,2021,03,19,0.0,16.759953,-1.1533192,2021
2270,r2i1p1f1,2021,03,20,0.0,15.312803,1.807002,2021
2271,r2i1p1f1,2021,03,21,0.0,17.601267,3.036557,2021
2272,r2i1p1f1,2021,03,22,0.0,17.399557,2.1944377,2021
2273,r2i1p1f1,2021,03,23,45.636540273419364,8.144304,-4.1183352,2021
2274,r2i1p1f1,2021,03,24,0.023319765303033188,6.710799,-2.9773278,2021
2275,r2i1p1f1,2021,03,25,0.0,8.154966,-3.7897813,2021
2276,r2i1p1f1,2021,03,26,0.5306216084013963,4.5204673,-2.875954,2021
2277,r2i1p1f1,2021,03,27,2.785830158137077,1.0042591,-3.53484,2021
2278,r2i1p1f1,2021,03,28,22.31449060911053,0.78186095,-7.0969186,2021
2279,r2i1p1f1,2021,03,29,38.60912247954939,4.214447,-0.13773425,2021
2280,r2i1p1f1,2021,03,30,77.46080396284994,4.5689597,-1.2964472,2021
2281,r2i1p1f1,2021,03,31,24.650890763048384,4.0107675,-7.1220717,2021
2282,r2i1p1f1,2021,04,01,5.628209385087337,5.245664,-5.593351,2021
2283,r2i1p1f1,2021,04,02,0.1495330874429503,4.6945553,-0.601763,2021
2284,r2i1p1f1,2021,04,03,0.0,13.136631,0.9212796,2021
2285,r2i1p1f1,2021,04,04,0.0,17.218748,-1.5044438,2021
2286,r2i1p1f1,2021,04,05,0.0,17.837847,0.22952397,2021
2287,r2i1p1f1,2021,04,06,7.431358742640161,10.943081,-1.1638095,2021
2288,r2i1p1f1,2021,04,07,27.690217107738135,6.594463,-1.0684258,2021
2289,r2i1p1f1,2021,04,08,24.915479208441237,4.6511135,0.3917024,2021
2290,r2i1p1f1,2021,04,09,0.0,13.103434,-2.4155397,2021
2291,r2i1p1f1,2021,04,10,0.0,16.932953,1.7951658,2021
2292,r2i1p1f1,2021,04,11,0.0,19.99882,3.4041607,2021
2293,r2i1p1f1,2021,04,12,0.0,23.137018,5.2943244,2021
2294,r2i1p1f1,2021,04,13,0.0,23.188251,6.01908,2021
2295,r2i1p1f1,2021,04,14,12.999125020947899,15.474372,1.6517318,2021
2296,r2i1p1f1,2021,04,15,8.010300422585296,13.402224,-0.5611233,2021
2297,r2i1p1f1,2021,04,16,0.0,19.219236,1.0282545,2021
2298,r2i1p1f1,2021,04,17,0.0,20.1618,2.96157,2021
2299,r2i1p1f1,2021,04,18,0.0,21.684433,3.8239293,2021
2300,r2i1p1f1,2021,04,19,0.0,20.666317,4.5181613,2021
2301,r2i1p1f1,2021,04,20,8.243293464147428,9.283951,-5.7333794,2021
2302,r2i1p1f1,2021,04,21,0.9120473472019233,6.3242087,-4.9128537,2021
2303,r2i1p1f1,2021,04,22,5.316859643370173,7.8363647,-5.449456,2021
2304,r2i1p1f1,2021,04,23,1.7851455003297956,11.958096,-5.598649,2021
2305,r2i1p1f1,2021,04,24,0.0,17.286234,-0.97990817,2021
2306,r2i1p1f1,2021,04,25,0.0,17.70247,2.9669092,2021
2307,r2i1p1f1,2021,04,26,0.0,17.887539,1.5662566,2021
2308,r2i1p1f1,2021,04,27,0.0,18.003101,3.4862206,2021
2309,r2i1p1f1,2021,04,28,0.0,19.152618,3.0308015,2021
2310,r2i1p1f1,2021,04,29,0.0,14.718887,3.0196917,2021
2311,r2i1p1f1,2021,04,30,0.0,17.8165,0.86688274,2021
2312,r2i1p1f1,2021,05,01,0.0,23.22409,3.6755137,2021
2313,r2i1p1f1,2021,05,02,0.0,22.319542,6.7811513,2021
2314,r2i1p1f1,2021,05,03,0.0,23.727455,7.2643948,2021
2315,r2i1p1f1,2021,05,04,0.0,23.500948,8.740166,2021
2316,r2i1p1f1,2021,05,05,0.0,22.78678,5.7333775,2021
2317,r2i1p1f1,2021,05,06,0.0,23.160984,6.8757324,2021
2318,r2i1p1f1,2021,05,07,0.0,22.009993,7.414907,2021
2319,r2i1p1f1,2021,05,08,0.0,19.767233,4.3050537,2021
2320,r2i1p1f1,2021,05,09,0.0,27.349092,8.8494005,2021
2321,r2i1p1f1,2021,05,10,1.5828924797460786,27.399061,11.831776,2021
2322,r2i1p1f1,2021,05,11,0.0,28.820822,10.579837,2021
2323,r2i1p1f1,2021,05,12,0.0,27.828238,9.179889,2021
2324,r2i1p1f1,2021,05,13,0.0,26.543447,8.435857,2021
2325,r2i1p1f1,2021,05,14,0.03332883288049533,24.639795,8.072273,2021
2326,r2i1p1f1,2021,05,15,0.0,23.324188,4.615344,2021
2327,r2i1p1f1,2021,05,16,0.0,21.950916,4.507306,2021
2328,r2i1p1f1,2021,05,17,0.0,22.028557,5.6526237,2021
2329,r2i1p1f1,2021,05,18,0.0,22.599941,6.5215955,2021
2330,r2i1p1f1,2021,05,19,0.0,20.007349,4.3668823,2021
2331,r2i1p1f1,2021,05,20,0.0,19.315401,2.3247457,2021
2332,r2i1p1f1,2021,05,21,0.0,19.458368,0.8682463,2021
2333,r2i1p1f1,2021,05,22,0.0,24.523754,3.430988,2021
2334,r2i1p1f1,2021,05,23,0.0,27.65861,8.165571,2021
2335,r2i1p1f1,2021,05,24,0.0,27.330015,8.428836,2021
2336,r2i1p1f1,2021,05,25,0.9891828104558115,17.23701,2.001543,2021
2337,r2i1p1f1,2021,05,26,0.0,18.213049,2.9617589,2021
2338,r2i1p1f1,2021,05,27,0.0,19.880377,3.355858,2021
2339,r2i1p1f1,2021,05,28,0.0,19.291538,3.606518,2021
2340,r2i1p1f1,2021,05,29,0.0,23.19505,4.515823,2021
2341,r2i1p1f1,2021,05,30,0.0,23.96912,6.9503245,2021
2342,r2i1p1f1,2021,05,31,0.0,21.81959,7.3984523,2021
2343,r2i1p1f1,2021,06,01,0.0,24.144281,4.0503454,2021
2344,r2i1p1f1,2021,06,02,0.0,29.375126,9.861199,2021
2345,r2i1p1f1,2021,06,03,0.0,29.332212,11.32477,2021
2346,r2i1p1f1,2021,06,04,0.0,29.270765,10.616062,2021
2347,r2i1p1f1,2021,06,05,0.0,25.554277,7.4511266,2021
2348,r2i1p1f1,2021,06,06,0.0,27.20707,8.540761,2021
2349,r2i1p1f1,2021,06,07,0.0,27.928438,9.726125,2021
2350,r2i1p1f1,2021,06,08,0.0,29.899628,11.726926,2021
2351,r2i1p1f1,2021,06,09,0.0,29.074049,11.4546,2021
2352,r2i1p1f1,2021,06,10,0.0030301174354882767,24.239742,6.3657203,2021
2353,r2i1p1f1,2021,06,11,0.19231090818021374,19.334753,4.0797434,2021
2354,r2i1p1f1,2021,06,12,0.0,21.854689,3.82223,2021
2355,r2i1p1f1,2021,06,13,0.047936780230464555,21.723383,5.451233,2021
2356,r2i1p1f1,2021,06,14,0.3619801525648934,18.623295,2.637597,2021
2357,r2i1p1f1,2021,06,15,0.8482638266566658,16.279902,5.379548,2021
2358,r2i1p1f1,2021,06,16,0.9407264492578039,16.7499,3.6098754,2021
2359,r2i1p1f1,2021,06,17,0.0,25.188463,7.8485656,2021
2360,r2i1p1f1,2021,06,18,0.007682973843587276,26.829317,7.3379054,2021
2361,r2i1p1f1,2021,06,19,0.08255207852786182,27.090714,9.157264,2021
2362,r2i1p1f1,2021,06,20,0.0,25.048521,8.940213,2021
2363,r2i1p1f1,2021,06,21,1.6325209365766988,22.762243,5.9481325,2021
2364,r2i1p1f1,2021,06,22,1.1363324387205536,19.587439,7.631091,2021
2365,r2i1p1f1,2021,06,23,0.0,24.329496,7.8098598,2021
2366,r2i1p1f1,2021,06,24,0.0,27.415663,10.363877,2021
2367,r2i1p1f1,2021,06,25,0.0,26.581787,9.140581,2021
2368,r2i1p1f1,2021,06,26,0.0,25.763771,8.662286,2021
2369,r2i1p1f1,2021,06,27,0.0,25.53065,8.1168585,2021
2370,r2i1p1f1,2021,06,28,0.0,28.223423,10.134084,2021
2371,r2i1p1f1,2021,06,29,0.0,27.634134,10.268064,2021
2372,r2i1p1f1,2021,06,30,0.0,27.263556,10.76617,2021
2373,r2i1p1f1,2021,07,01,0.0,27.315254,10.143156,2021
2374,r2i1p1f1,2021,07,02,0.0,24.291933,7.343596,2021
2375,r2i1p1f1,2021,07,03,0.0,24.204472,8.000059,2021
2376,r2i1p1f1,2021,07,04,0.0,23.380333,6.354264,2021
2377,r2i1p1f1,2021,07,05,0.0,24.731867,8.200254,2021
2378,r2i1p1f1,2021,07,06,0.0,25.663996,8.445467,2021
2379,r2i1p1f1,2021,07,07,0.0,28.05913,10.194029,2021
2380,r2i1p1f1,2021,07,08,0.0,29.212372,11.735935,2021
2381,r2i1p1f1,2021,07,09,0.0,32.23876,13.128196,2021
2382,r2i1p1f1,2021,07,10,0.0,33.189777,14.4586935,2021
2383,r2i1p1f1,2021,07,11,0.0,33.075954,15.013626,2021
2384,r2i1p1f1,2021,07,12,0.0,31.55954,13.968833,2021
2385,r2i1p1f1,2021,07,13,0.0,30.626486,13.180783,2021
2386,r2i1p1f1,2021,07,14,0.0,30.533194,12.7775,2021
2387,r2i1p1f1,2021,07,15,0.0,29.917118,11.98449,2021
2388,r2i1p1f1,2021,07,16,0.0,31.987236,13.677507,2021
2389,r2i1p1f1,2021,07,17,0.0,33.02215,14.431299,2021
2390,r2i1p1f1,2021,07,18,0.0,32.097507,13.4477005,2021
2391,r2i1p1f1,2021,07,19,0.0,29.048878,10.996934,2021
2392,r2i1p1f1,2021,07,20,0.0,29.69458,12.131039,2021
2393,r2i1p1f1,2021,07,21,0.0,33.393784,14.582888,2021
2394,r2i1p1f1,2021,07,22,0.0,34.78296,15.852256,2021
2395,r2i1p1f1,2021,07,23,0.0,36.79003,17.68019,2021
2396,r2i1p1f1,2021,07,24,0.0,38.337498,19.348232,2021
2397,r2i1p1f1,2021,07,25,0.0,38.256958,19.15875,2021
2398,r2i1p1f1,2021,07,26,0.0,36.27942,17.571955,2021
2399,r2i1p1f1,2021,07,27,0.0,33.076008,14.483045,2021
2400,r2i1p1f1,2021,07,28,0.0,32.36095,14.008972,2021
2401,r2i1p1f1,2021,07,29,0.0,31.917637,13.635671,2021
2402,r2i1p1f1,2021,07,30,0.0,31.466993,13.958032,2021
2403,r2i1p1f1,2021,07,31,0.0,31.142807,15.300296,2021
2404,r2i1p1f1,2021,08,01,0.0,30.718178,14.415965,2021
2405,r2i1p1f1,2021,08,02,0.0,28.95653,10.639236,2021
2406,r2i1p1f1,2021,08,03,0.0,30.795923,11.992102,2021
2407,r2i1p1f1,2021,08,04,0.0,31.813124,13.709634,2021
2408,r2i1p1f1,2021,08,05,0.0,32.59289,14.838113,2021
2409,r2i1p1f1,2021,08,06,0.0,33.91293,15.014846,2021
2410,r2i1p1f1,2021,08,07,0.0,34.413067,15.663765,2021
2411,r2i1p1f1,2021,08,08,0.0,33.925686,17.159777,2021
2412,r2i1p1f1,2021,08,09,0.0,33.482494,15.696353,2021
2413,r2i1p1f1,2021,08,10,0.0,31.411547,13.116379,2021
2414,r2i1p1f1,2021,08,11,0.0,30.852398,12.58433,2021
2415,r2i1p1f1,2021,08,12,0.0,30.465796,12.851013,2021
2416,r2i1p1f1,2021,08,13,0.0,30.186329,11.932375,2021
2417,r2i1p1f1,2021,08,14,0.0,30.000513,11.543807,2021
2418,r2i1p1f1,2021,08,15,0.0,30.593431,14.287388,2021
2419,r2i1p1f1,2021,08,16,0.0,30.580917,15.030803,2021
2420,r2i1p1f1,2021,08,17,0.0,30.303165,13.597719,2021
2421,r2i1p1f1,2021,08,18,0.0,28.2894,11.297282,2021
2422,r2i1p1f1,2021,08,19,0.0,26.978022,9.107624,2021
2423,r2i1p1f1,2021,08,20,0.0,25.964546,7.6911902,2021
2424,r2i1p1f1,2021,08,21,0.0,26.847105,7.905135,2021
2425,r2i1p1f1,2021,08,22,0.0,29.72691,11.199126,2021
2426,r2i1p1f1,2021,08,23,0.0,30.426432,11.94846,2021
2427,r2i1p1f1,2021,08,24,0.0,30.685307,12.550593,2021
2428,r2i1p1f1,2021,08,25,0.0,29.350113,12.281821,2021
2429,r2i1p1f1,2021,08,26,0.0,28.955528,11.3623495,2021
2430,r2i1p1f1,2021,08,27,0.0,29.715733,9.697544,2021
2431,r2i1p1f1,2021,08,28,0.0,22.823366,5.2805014,2021
2432,r2i1p1f1,2021,08,29,0.0,25.011644,5.977747,2021
2433,r2i1p1f1,2021,08,30,0.0,26.157768,6.9565725,2021
2434,r2i1p1f1,2021,08,31,0.0,29.725014,10.64455,2021
2435,r2i1p1f1,2021,09,01,0.0,30.209127,14.917244,2021
2436,r2i1p1f1,2021,09,02,0.0,30.836142,13.715207,2021
2437,r2i1p1f1,2021,09,03,0.0,30.725077,13.135278,2021
2438,r2i1p1f1,2021,09,04,0.0,30.262611,11.447634,2021
2439,r2i1p1f1,2021,09,05,0.0,30.664503,12.777032,2021
2440,r2i1p1f1,2021,09,06,0.0,29.89091,13.220298,2021
2441,r2i1p1f1,2021,09,07,0.0,29.936005,14.239004,2021
2442,r2i1p1f1,2021,09,08,0.0,29.269321,13.576951,2021
2443,r2i1p1f1,2021,09,09,0.0,28.45769,12.649338,2021
2444,r2i1p1f1,2021,09,10,0.0,28.162128,11.124191,2021
2445,r2i1p1f1,2021,09,11,0.0,26.31547,9.782268,2021
2446,r2i1p1f1,2021,09,12,0.0,27.669298,9.27799,2021
2447,r2i1p1f1,2021,09,13,0.0,26.062437,8.874779,2021
2448,r2i1p1f1,2021,09,14,0.0,19.600336,3.3454797,2021
2449,r2i1p1f1,2021,09,15,0.0,27.598545,8.722888,2021
2450,r2i1p1f1,2021,09,16,0.0,30.812275,11.924233,2021
2451,r2i1p1f1,2021,09,17,0.0,31.168348,13.375693,2021
2452,r2i1p1f1,2021,09,18,0.0,29.761705,12.729479,2021
2453,r2i1p1f1,2021,09,19,0.0,29.315329,11.93231,2021
2454,r2i1p1f1,2021,09,20,0.0,27.387201,10.861413,2021
2455,r2i1p1f1,2021,09,21,0.1079615934237119,26.815825,11.020251,2021
2456,r2i1p1f1,2021,09,22,0.0,26.079462,10.603469,2021
2457,r2i1p1f1,2021,09,23,0.0,27.526127,10.681038,2021
2458,r2i1p1f1,2021,09,24,0.0,23.632748,9.219372,2021
2459,r2i1p1f1,2021,09,25,0.0,23.599792,10.465965,2021
2460,r2i1p1f1,2021,09,26,0.008705259264948277,27.191568,13.170112,2021
2461,r2i1p1f1,2021,09,27,0.0,29.789482,12.71331,2021
2462,r2i1p1f1,2021,09,28,0.0,29.901825,12.853657,2021
2463,r2i1p1f1,2021,09,29,0.0,30.365253,12.247595,2021
2464,r2i1p1f1,2021,09,30,0.0,30.247007,11.886814,2021
2465,r2i1p1f1,2021,10,01,0.0,29.476557,11.375357,2021
2466,r2i1p1f1,2021,10,02,0.0,30.168182,12.687959,2021
2467,r2i1p1f1,2021,10,03,0.0,30.158638,11.340374,2021
2468,r2i1p1f1,2021,10,04,0.0,30.387457,14.862829,2021
2469,r2i1p1f1,2021,10,05,0.0,31.926851,13.714734,2021
2470,r2i1p1f1,2021,10,06,0.0,30.907427,12.850033,2021
2471,r2i1p1f1,2021,10,07,0.0,28.07226,11.865162,2021
2472,r2i1p1f1,2021,10,08,29.25796072365931,20.957462,7.6120944,2021
2473,r2i1p1f1,2021,10,09,18.240882822731063,10.339367,-0.9822092,2021
2474,r2i1p1f1,2021,10,10,0.0,9.921013,-5.2427926,2021
2475,r2i1p1f1,2021,10,11,0.0,16.645866,-1.5085721,2021
2476,r2i1p1f1,2021,10,12,0.0,18.255909,1.6074201,2021
2477,r2i1p1f1,2021,10,13,0.0,21.190317,4.816993,2021
2478,r2i1p1f1,2021,10,14,0.0,23.000772,5.90818,2021
2479,r2i1p1f1,2021,10,15,0.0,20.838062,5.4888816,2021
2480,r2i1p1f1,2021,10,16,0.0,21.964584,6.689535,2021
2481,r2i1p1f1,2021,10,17,1.792848712578304,23.211828,7.0801744,2021
2482,r2i1p1f1,2021,10,18,9.814632897513757,26.510075,11.290873,2021
2483,r2i1p1f1,2021,10,19,2.326839232318889,25.07082,12.1835575,2021
2484,r2i1p1f1,2021,10,20,1.1470373793669681,23.35095,9.127421,2021
2485,r2i1p1f1,2021,10,21,0.0,23.627144,9.98997,2021
2486,r2i1p1f1,2021,10,22,0.0,23.490274,9.728389,2021
2487,r2i1p1f1,2021,10,23,0.0,25.137777,11.225596,2021
2488,r2i1p1f1,2021,10,24,0.0,24.884369,10.211331,2021
2489,r2i1p1f1,2021,10,25,0.0,23.720846,9.726798,2021
2490,r2i1p1f1,2021,10,26,0.0,23.24351,9.026291,2021
2491,r2i1p1f1,2021,10,27,0.0,22.08935,6.2275157,2021
2492,r2i1p1f1,2021,10,28,9.214483763487525,17.415356,4.4096866,2021
2493,r2i1p1f1,2021,10,29,38.75009113242133,10.727637,5.577579,2021
2494,r2i1p1f1,2021,10,30,21.78270596531757,10.718024,6.01267,2021
2495,r2i1p1f1,2021,10,31,49.14783465635712,9.570637,6.330432,2021
2496,r2i1p1f1,2021,11,01,2.5811462464809245,10.748914,3.8603375,2021
2497,r2i1p1f1,2021,11,02,2.0692300658083695,9.676054,4.539047,2021
2498,r2i1p1f1,2021,11,03,0.09804802926877389,8.5708,-1.6283839,2021
2499,r2i1p1f1,2021,11,04,0.0,11.241692,-1.1624818,2021
2500,r2i1p1f1,2021,11,05,0.0,14.769075,-1.7532673,2021
2501,r2i1p1f1,2021,11,06,0.0,15.981653,-1.3061597,2021
2502,r2i1p1f1,2021,11,07,0.0,15.126062,1.1064727,2021
2503,r2i1p1f1,2021,11,08,0.0,15.033828,2.0581133,2021
2504,r2i1p1f1,2021,11,09,36.966474423668565,10.412046,1.2973487,2021
2505,r2i1p1f1,2021,11,10,10.648725947472625,6.864214,0.0005723024,2021
2506,r2i1p1f1,2021,11,11,0.0,7.0671873,-1.1262138,2021
2507,r2i1p1f1,2021,11,12,1.511379010620518,11.546395,0.9462434,2021
2508,r2i1p1f1,2021,11,13,6.0713444906888565,12.555722,4.0144825,2021
2509,r2i1p1f1,2021,11,14,62.00904630823061,9.200727,-2.0341208,2021
2510,r2i1p1f1,2021,11,15,15.268665169088099,3.8701282,-4.585662,2021
2511,r2i1p1f1,2021,11,16,0.048327117628314924,3.8879805,-7.3083444,2021
2512,r2i1p1f1,2021,11,17,3.2338547691604336,0.6145116,-6.355121,2021
2513,r2i1p1f1,2021,11,18,29.778987467244196,2.038985,-5.8207717,2021
2514,r2i1p1f1,2021,11,19,4.001546536553108,4.283107,-0.72513264,2021
2515,r2i1p1f1,2021,11,20,0.0,4.6433673,-3.471139,2021
2516,r2i1p1f1,2021,11,21,0.0,8.248253,-4.7823453,2021
2517,r2i1p1f1,2021,11,22,0.0,9.113045,-2.7109587,2021
2518,r2i1p1f1,2021,11,23,0.0,11.089122,-1.045532,2021
2519,r2i1p1f1,2021,11,24,0.0,17.708006,-0.96866184,2021
2520,r2i1p1f1,2021,11,25,0.0,18.470068,5.428806,2021
2521,r2i1p1f1,2021,11,26,0.0,18.494547,2.782153,2021
2522,r2i1p1f1,2021,11,27,0.0,15.363802,0.08376283,2021
2523,r2i1p1f1,2021,11,28,0.0,12.628015,0.7102978,2021
2524,r2i1p1f1,2021,11,29,0.0,12.72317,-0.31056955,2021
2525,r2i1p1f1,2021,11,30,0.0,11.141674,-2.1945446,2021
2526,r2i1p1f1,2021,12,01,3.729136471464209,8.301457,1.2235531,2021
2527,r2i1p1f1,2021,12,02,75.77259452082217,9.2161455,4.6989746,2021
2528,r2i1p1f1,2021,12,03,0.42853752865294853,11.94579,6.0198827,2021
2529,r2i1p1f1,2021,12,04,35.22622059838166,11.202042,5.608639,2021
2530,r2i1p1f1,2021,12,05,0.2753180301064836,12.211292,3.8285608,2021
2531,r2i1p1f1,2021,12,06,10.159887649877838,9.657144,3.2452042,2021
2532,r2i1p1f1,2021,12,07,0.0,11.663018,4.1778545,2021
2533,r2i1p1f1,2021,12,08,0.5477059700122202,10.251022,5.3799253,2021
2534,r2i1p1f1,2021,12,09,0.0,13.284937,0.05964514,2021
2535,r2i1p1f1,2021,12,10,0.0,13.302675,-0.8843045,2021
2536,r2i1p1f1,2021,12,11,0.0,12.671483,-0.41102737,2021
2537,r2i1p1f1,2021,12,12,0.0,15.328733,2.0168092,2021
2538,r2i1p1f1,2021,12,13,0.0,13.469589,1.0709422,2021
2539,r2i1p1f1,2021,12,14,0.0,12.486074,2.0369525,2021
2540,r2i1p1f1,2021,12,15,0.0,15.897395,2.3891966,2021
2541,r2i1p1f1,2021,12,16,0.0,16.528028,2.748526,2021
2542,r2i1p1f1,2021,12,17,0.0,18.117842,3.4245555,2021
2543,r2i1p1f1,2021,12,18,0.0,16.612032,3.1668801,2021
2544,r2i1p1f1,2021,12,19,0.0,16.981886,1.5139503,2021
2545,r2i1p1f1,2021,12,20,0.0,14.496103,2.8170192,2021
2546,r2i1p1f1,2021,12,21,0.0,14.63477,2.5984864,2021
2547,r2i1p1f1,2021,12,22,0.004607435805435391,13.242499,1.1396345,2021
2548,r2i1p1f1,2021,12,23,0.06854821862921548,3.5924854,-6.8126864,2021
2549,r2i1p1f1,2021,12,24,0.0,3.0528436,-6.7685885,2021
2550,r2i1p1f1,2021,12,25,6.017940151132979,0.6329317,-5.1286626,2021
2551,r2i1p1f1,2021,12,26,0.0,3.3763978,-2.4710927,2021
2552,r2i1p1f1,2021,12,27,0.0,10.390234,0.7955075,2021
2553,r2i1p1f1,2021,12,28,0.0,13.8025,0.6156812,2021
2554,r2i1p1f1,2021,12,29,0.0,15.352658,1.8053815,2021
2555,r2i1p1f1,2021,12,30,0.0,13.941995,0.92811406,2021
2556,r2i1p1f1,2021,12,31,0.0,14.005798,1.9599097,2021
2557,r2i1p1f1,2022,01,01,0.0,14.040377,0.51264805,2022
2558,r2i1p1f1,2022,01,02,0.31879904003849685,9.656557,-1.1861771,2022
2559,r2i1p1f1,2022,01,03,15.28588244646716,4.6323676,0.34534776,2022
2560,r2i1p1f1,2022,01,04,28.129463403736455,3.3063054,-3.394032,2022
2561,r2i1p1f1,2022,01,05,0.0,5.6297107,-6.0308456,2022
2562,r2i1p1f1,2022,01,06,2.40655690773355,1.9960848,-4.388922,2022
2563,r2i1p1f1,2022,01,07,86.32351722245893,6.1552277,-1.2454052,2022
2564,r2i1p1f1,2022,01,08,10.357052703553704,7.1937904,2.4900727,2022
2565,r2i1p1f1,2022,01,09,0.0,8.936777,-1.9782751,2022
2566,r2i1p1f1,2022,01,10,0.0,10.096773,-1.0288204,2022
2567,r2i1p1f1,2022,01,11,0.5521238960367415,5.9761457,1.2776519,2022
2568,r2i1p1f1,2022,01,12,0.0,3.5413475,-0.837524,2022
2569,r2i1p1f1,2022,01,13,12.415160012628453,4.769915,-1.139057,2022
2570,r2i1p1f1,2022,01,14,25.628357030710994,6.5411935,0.7685706,2022
2571,r2i1p1f1,2022,01,15,48.72337373582503,8.095545,1.8279781,2022
2572,r2i1p1f1,2022,01,16,80.86457244487694,9.675236,5.0692554,2022
2573,r2i1p1f1,2022,01,17,5.080803682809487,12.783062,0.24858846,2022
2574,r2i1p1f1,2022,01,18,0.0,12.148313,-2.2454998,2022
2575,r2i1p1f1,2022,01,19,0.0,11.256667,1.2471933,2022
2576,r2i1p1f1,2022,01,20,0.0,8.839398,2.8019223,2022
2577,r2i1p1f1,2022,01,21,2.224820720892659,3.9237044,-1.2814752,2022
2578,r2i1p1f1,2022,01,22,0.0,7.6085706,-1.7296747,2022
2579,r2i1p1f1,2022,01,23,0.0,9.164483,3.3617687,2022
2580,r2i1p1f1,2022,01,24,2.283747297210189,2.6482484,-1.1451491,2022
2581,r2i1p1f1,2022,01,25,0.0,7.7707253,-7.120053,2022
2582,r2i1p1f1,2022,01,26,0.0,5.929292,-6.025477,2022
2583,r2i1p1f1,2022,01,27,0.0,12.328543,-2.2968984,2022
2584,r2i1p1f1,2022,01,28,0.0,12.68823,-1.4351646,2022
2585,r2i1p1f1,2022,01,29,0.0,16.020006,-0.3040476,2022
2586,r2i1p1f1,2022,01,30,0.0,14.895536,0.341657,2022
2587,r2i1p1f1,2022,01,31,0.0,16.253395,-0.53151643,2022
2588,r2i1p1f1,2022,02,01,0.0,14.091476,1.254427,2022
2589,r2i1p1f1,2022,02,02,3.2215776789738673,14.15322,0.23194268,2022
2590,r2i1p1f1,2022,02,03,64.80410679315145,11.176685,0.986263,2022
2591,r2i1p1f1,2022,02,04,50.909958043708826,4.7229943,0.49894616,2022
2592,r2i1p1f1,2022,02,05,32.127503727007515,3.0278344,-6.186241,2022
2593,r2i1p1f1,2022,02,06,5.1715526740736095,2.976246,-4.7251687,2022
2594,r2i1p1f1,2022,02,07,0.0,4.226326,-9.3195305,2022
2595,r2i1p1f1,2022,02,08,0.0,1.4590842,-11.0846405,2022
2596,r2i1p1f1,2022,02,09,0.19296990814767084,0.87228405,-10.314202,2022
2597,r2i1p1f1,2022,02,10,0.0,6.1412406,-5.917063,2022
2598,r2i1p1f1,2022,02,11,0.0,6.409851,-7.1382017,2022
2599,r2i1p1f1,2022,02,12,0.14442439393091122,2.3907921,-2.2734895,2022
2600,r2i1p1f1,2022,02,13,36.22524218651681,3.3774767,-0.99966794,2022
2601,r2i1p1f1,2022,02,14,2.983303607858873,7.0007887,-7.2078977,2022
2602,r2i1p1f1,2022,02,15,0.0,8.043076,-7.357738,2022
2603,r2i1p1f1,2022,02,16,0.0,2.9176476,-5.3046036,2022
2604,r2i1p1f1,2022,02,17,84.40807170162981,5.52565,-3.899308,2022
2605,r2i1p1f1,2022,02,18,99.04089921798844,6.987572,-0.4352096,2022
2606,r2i1p1f1,2022,02,19,49.68361067227446,4.631972,-0.25377244,2022
2607,r2i1p1f1,2022,02,20,0.0,5.824612,-0.5241417,2022
2608,r2i1p1f1,2022,02,21,0.0,8.529824,-1.1515158,2022
2609,r2i1p1f1,2022,02,22,0.0,10.667334,-0.29976743,2022
2610,r2i1p1f1,2022,02,23,0.0,14.340891,1.7071619,2022
2611,r2i1p1f1,2022,02,24,0.0,15.350706,1.4842474,2022
2612,r2i1p1f1,2022,02,25,0.5280341474924801,15.133072,1.6873697,2022
2613,r2i1p1f1,2022,02,26,0.0,13.724246,1.1810076,2022
2614,r2i1p1f1,2022,02,27,0.0,9.464585,-1.7565114,2022
2615,r2i1p1f1,2022,02,28,0.0,10.496443,-1.6757476,2022
2616,r2i1p1f1,2022,03,01,0.0,13.632177,-2.8756397,2022
2617,r2i1p1f1,2022,03,02,0.0,11.0926485,1.4511462,2022
2618,r2i1p1f1,2022,03,03,0.1882041294895596,4.5233207,-1.1479988,2022
2619,r2i1p1f1,2022,03,04,1.8928300851747246,4.104594,-1.5877846,2022
2620,r2i1p1f1,2022,03,05,0.0,13.21635,0.8334589,2022
2621,r2i1p1f1,2022,03,06,0.0,18.09804,1.886743,2022
2622,r2i1p1f1,2022,03,07,0.0,16.347382,-0.008811657,2022
2623,r2i1p1f1,2022,03,08,0.0,13.546794,1.479285,2022
2624,r2i1p1f1,2022,03,09,0.0,15.735677,-0.24243858,2022
2625,r2i1p1f1,2022,03,10,0.8304870146765517,14.214966,-0.17273644,2022
2626,r2i1p1f1,2022,03,11,51.48842176870228,2.313795,-2.090412,2022
2627,r2i1p1f1,2022,03,12,0.49778569022097285,4.709608,-4.675599,2022
2628,r2i1p1f1,2022,03,13,0.0,5.984325,-4.031193,2022
2629,r2i1p1f1,2022,03,14,0.0,7.8130836,-2.3133318,2022
2630,r2i1p1f1,2022,03,15,0.0,11.348708,-3.1159081,2022
2631,r2i1p1f1,2022,03,16,0.0,17.027578,-1.2524662,2022
2632,r2i1p1f1,2022,03,17,0.0,19.311865,-0.2267998,2022
2633,r2i1p1f1,2022,03,18,0.0,16.664873,2.3422062,2022
2634,r2i1p1f1,2022,03,19,51.66369133131901,5.389277,0.7276317,2022
2635,r2i1p1f1,2022,03,20,8.096760666760998,6.3525686,-1.7215592,2022
2636,r2i1p1f1,2022,03,21,0.0,7.488322,-1.1988765,2022
2637,r2i1p1f1,2022,03,22,2.949537057317614,2.6135364,-3.4966278,2022
2638,r2i1p1f1,2022,03,23,0.15976638273619195,7.4492636,-5.3506937,2022
2639,r2i1p1f1,2022,03,24,0.0,15.471233,-2.8823242,2022
2640,r2i1p1f1,2022,03,25,0.0,15.971921,-1.4899851,2022
2641,r2i1p1f1,2022,03,26,0.0,17.421547,-0.70005584,2022
2642,r2i1p1f1,2022,03,27,0.0,19.270798,0.86304796,2022
2643,r2i1p1f1,2022,03,28,0.0,18.091427,1.7690543,2022
2644,r2i1p1f1,2022,03,29,0.0,11.657607,-1.536569,2022
2645,r2i1p1f1,2022,03,30,0.0,12.587332,-1.168597,2022
2646,r2i1p1f1,2022,03,31,0.17257884249444871,14.458135,-3.098178,2022
2647,r2i1p1f1,2022,04,01,0.0,18.04731,-1.6313956,2022
2648,r2i1p1f1,2022,04,02,0.0,16.445591,0.39440858,2022
2649,r2i1p1f1,2022,04,03,11.093549991262709,5.471151,-4.3605466,2022
2650,r2i1p1f1,2022,04,04,0.0,7.1342397,-5.812196,2022
2651,r2i1p1f1,2022,04,05,0.1616634912072466,8.438181,-3.1344707,2022
2652,r2i1p1f1,2022,04,06,0.0,9.019104,0.69732577,2022
2653,r2i1p1f1,2022,04,07,11.04262756654442,6.7096214,0.9917221,2022
2654,r2i1p1f1,2022,04,08,0.27284719050070494,7.3505983,-2.3723946,2022
2655,r2i1p1f1,2022,04,09,0.0,9.563084,1.3910289,2022
2656,r2i1p1f1,2022,04,10,0.0,15.45546,-1.7507786,2022
2657,r2i1p1f1,2022,04,11,0.0,17.76861,-1.3796107,2022
2658,r2i1p1f1,2022,04,12,0.0,19.70144,0.47460467,2022
2659,r2i1p1f1,2022,04,13,2.2413516598065213,15.356718,-2.5584934,2022
2660,r2i1p1f1,2022,04,14,0.0,11.362053,-5.3384027,2022
2661,r2i1p1f1,2022,04,15,0.0,14.247147,-3.3559062,2022
2662,r2i1p1f1,2022,04,16,0.0,16.893854,0.852327,2022
2663,r2i1p1f1,2022,04,17,0.0,19.799038,2.3584554,2022
2664,r2i1p1f1,2022,04,18,0.0,18.675127,2.5092602,2022
2665,r2i1p1f1,2022,04,19,0.0,17.064608,2.5802233,2022
2666,r2i1p1f1,2022,04,20,0.0,15.817036,1.9792684,2022
2667,r2i1p1f1,2022,04,21,0.0,16.24578,1.4508216,2022
2668,r2i1p1f1,2022,04,22,0.0,16.330797,0.6820217,2022
2669,r2i1p1f1,2022,04,23,3.947539657887179,13.585713,-1.6544449,2022
2670,r2i1p1f1,2022,04,24,0.0,16.528591,-0.65589863,2022
2671,r2i1p1f1,2022,04,25,0.0,19.672125,3.2593098,2022
2672,r2i1p1f1,2022,04,26,0.0,19.83455,4.284901,2022
2673,r2i1p1f1,2022,04,27,0.010015428555421889,16.818382,1.2580218,2022
2674,r2i1p1f1,2022,04,28,0.0,13.402544,-1.9580051,2022
2675,r2i1p1f1,2022,04,29,0.0,10.356364,0.477694,2022
2676,r2i1p1f1,2022,04,30,0.0,10.831565,2.9857812,2022
2677,r2i1p1f1,2022,05,01,0.0,18.144476,-1.2923472,2022
2678,r2i1p1f1,2022,05,02,0.0,22.120195,0.7835022,2022
2679,r2i1p1f1,2022,05,03,0.0,19.271704,3.9154217,2022
2680,r2i1p1f1,2022,05,04,0.0,18.953573,3.9931085,2022
2681,r2i1p1f1,2022,05,05,0.0,16.573883,1.7258222,2022
2682,r2i1p1f1,2022,05,06,0.02065310058801865,12.111365,-2.7538812,2022
2683,r2i1p1f1,2022,05,07,0.0,17.232224,-1.3924494,2022
2684,r2i1p1f1,2022,05,08,0.0,20.09094,0.4044127,2022
2685,r2i1p1f1,2022,05,09,0.0,18.98056,3.896815,2022
2686,r2i1p1f1,2022,05,10,11.921265128442498,13.7603855,-2.0727878,2022
2687,r2i1p1f1,2022,05,11,0.29345802197964915,10.921005,4.1068583,2022
2688,r2i1p1f1,2022,05,12,0.009714008466779398,16.013,1.9821292,2022
2689,r2i1p1f1,2022,05,13,0.0,21.039509,2.7926147,2022
2690,r2i1p1f1,2022,05,14,0.0,24.667921,7.3300405,2022
2691,r2i1p1f1,2022,05,15,0.0,24.748713,8.438093,2022
2692,r2i1p1f1,2022,05,16,0.0,21.553463,4.6338058,2022
2693,r2i1p1f1,2022,05,17,0.7547768706339971,14.789998,2.59698,2022
2694,r2i1p1f1,2022,05,18,1.1239022934835072,15.348038,0.08053129,2022
2695,r2i1p1f1,2022,05,19,0.03683193924818905,15.838228,1.4450245,2022
2696,r2i1p1f1,2022,05,20,0.0,22.166025,3.20755,2022
2697,r2i1p1f1,2022,05,21,0.0,26.571896,8.094219,2022
2698,r2i1p1f1,2022,05,22,0.0,25.55181,6.877881,2022
2699,r2i1p1f1,2022,05,23,3.0734691006343313,12.290565,0.7955713,2022
2700,r2i1p1f1,2022,05,24,0.09859285738247518,13.010893,-0.23059092,2022
2701,r2i1p1f1,2022,05,25,0.0,15.911367,2.9719217,2022
2702,r2i1p1f1,2022,05,26,0.0,23.635319,6.2015,2022
2703,r2i1p1f1,2022,05,27,0.0,27.983786,10.6314335,2022
2704,r2i1p1f1,2022,05,28,0.0,27.091177,10.400544,2022
2705,r2i1p1f1,2022,05,29,14.1660945757534,15.992078,1.2124718,2022
2706,r2i1p1f1,2022,05,30,13.72278534813981,9.807964,1.3561829,2022
2707,r2i1p1f1,2022,05,31,24.159073238675212,9.049805,4.079609,2022
2708,r2i1p1f1,2022,06,01,10.6053237652724,18.436958,3.028944,2022
2709,r2i1p1f1,2022,06,02,0.0003665255077906365,19.561201,6.722748,2022
2710,r2i1p1f1,2022,06,03,0.00835663127225836,21.7177,5.791191,2022
2711,r2i1p1f1,2022,06,04,0.0,28.497267,9.55832,2022
2712,r2i1p1f1,2022,06,05,0.0,34.087826,11.736583,2022
2713,r2i1p1f1,2022,06,06,0.0,34.063454,14.753977,2022
2714,r2i1p1f1,2022,06,07,0.0,29.586508,12.5264435,2022
2715,r2i1p1f1,2022,06,08,0.0,27.6131,10.309908,2022
2716,r2i1p1f1,2022,06,09,0.0,27.373793,9.710658,2022
2717,r2i1p1f1,2022,06,10,0.0,26.501812,8.938073,2022
2718,r2i1p1f1,2022,06,11,0.0,21.351276,5.8834157,2022
2719,r2i1p1f1,2022,06,12,0.0,20.6936,4.3242197,2022
2720,r2i1p1f1,2022,06,13,0.0,22.52714,4.7249856,2022
2721,r2i1p1f1,2022,06,14,0.0,25.808102,6.553093,2022
2722,r2i1p1f1,2022,06,15,0.0,24.61392,7.400309,2022
2723,r2i1p1f1,2022,06,16,0.0,23.686556,6.389983,2022
2724,r2i1p1f1,2022,06,17,0.0,24.152138,6.5129776,2022
2725,r2i1p1f1,2022,06,18,0.0,26.264088,7.843448,2022
2726,r2i1p1f1,2022,06,19,0.0,29.180336,9.993105,2022
2727,r2i1p1f1,2022,06,20,0.0,30.933594,13.316585,2022
2728,r2i1p1f1,2022,06,21,0.0,31.056295,15.344453,2022
2729,r2i1p1f1,2022,06,22,0.0,28.274244,10.426808,2022
2730,r2i1p1f1,2022,06,23,0.0,27.413443,10.083735,2022
2731,r2i1p1f1,2022,06,24,0.0,29.160814,11.158479,2022
2732,r2i1p1f1,2022,06,25,0.8393701905403689,27.789654,12.662002,2022
2733,r2i1p1f1,2022,06,26,0.0,27.910006,11.577466,2022
2734,r2i1p1f1,2022,06,27,0.0,27.831924,11.657137,2022
2735,r2i1p1f1,2022,06,28,0.0,28.748653,11.682802,2022
2736,r2i1p1f1,2022,06,29,0.0,28.82343,12.007919,2022
2737,r2i1p1f1,2022,06,30,0.0,29.28501,12.5815115,2022
2738,r2i1p1f1,2022,07,01,0.0,29.773512,12.828906,2022
2739,r2i1p1f1,2022,07,02,0.0,30.64873,12.6379595,2022
2740,r2i1p1f1,2022,07,03,0.0,30.472881,12.000331,2022
2741,r2i1p1f1,2022,07,04,0.0,28.946718,11.291062,2022
2742,r2i1p1f1,2022,07,05,0.0,28.34892,11.446779,2022
2743,r2i1p1f1,2022,07,06,0.0,27.923256,11.495246,2022
2744,r2i1p1f1,2022,07,07,0.0,28.329262,10.494722,2022
2745,r2i1p1f1,2022,07,08,0.0,28.431051,11.9027605,2022
2746,r2i1p1f1,2022,07,09,0.0,31.228537,13.379039,2022
2747,r2i1p1f1,2022,07,10,0.0,31.790722,14.121435,2022
2748,r2i1p1f1,2022,07,11,0.0,31.312616,13.484966,2022
2749,r2i1p1f1,2022,07,12,0.0,31.05916,12.874903,2022
2750,r2i1p1f1,2022,07,13,0.0,31.023588,13.265799,2022
2751,r2i1p1f1,2022,07,14,0.0,32.52279,14.207774,2022
2752,r2i1p1f1,2022,07,15,0.0,34.42969,16.11571,2022
2753,r2i1p1f1,2022,07,16,0.0,34.196095,16.610043,2022
2754,r2i1p1f1,2022,07,17,0.0,33.497616,16.003052,2022
2755,r2i1p1f1,2022,07,18,0.0,31.043608,13.409133,2022
2756,r2i1p1f1,2022,07,19,0.0,28.562025,11.695125,2022
2757,r2i1p1f1,2022,07,20,0.020938544688620962,23.735783,8.191335,2022
2758,r2i1p1f1,2022,07,21,0.0,18.691507,4.1955357,2022
2759,r2i1p1f1,2022,07,22,0.13270662854595755,20.686348,3.8924272,2022
2760,r2i1p1f1,2022,07,23,0.0,24.774483,8.747024,2022
2761,r2i1p1f1,2022,07,24,0.0,26.58126,9.924607,2022
2762,r2i1p1f1,2022,07,25,0.0,28.18966,10.786313,2022
2763,r2i1p1f1,2022,07,26,0.0,28.183125,11.1695,2022
2764,r2i1p1f1,2022,07,27,0.0,28.799198,11.716907,2022
2765,r2i1p1f1,2022,07,28,0.0,28.969795,11.769082,2022
2766,r2i1p1f1,2022,07,29,0.0,29.412096,11.796001,2022
2767,r2i1p1f1,2022,07,30,0.0,30.258745,12.237925,2022
2768,r2i1p1f1,2022,07,31,0.0,30.82101,13.705324,2022
2769,r2i1p1f1,2022,08,01,0.0,29.371714,11.349716,2022
2770,r2i1p1f1,2022,08,02,0.0,26.825216,8.654228,2022
2771,r2i1p1f1,2022,08,03,0.0,29.146957,10.366188,2022
2772,r2i1p1f1,2022,08,04,0.0,31.43644,12.181472,2022
2773,r2i1p1f1,2022,08,05,0.0,31.522642,13.261726,2022
2774,r2i1p1f1,2022,08,06,0.0,29.590773,11.360563,2022
2775,r2i1p1f1,2022,08,07,0.0,29.154371,10.685984,2022
2776,r2i1p1f1,2022,08,08,0.0,28.81772,10.465369,2022
2777,r2i1p1f1,2022,08,09,0.0,29.091578,10.606696,2022
2778,r2i1p1f1,2022,08,10,0.0,29.740892,11.546919,2022
2779,r2i1p1f1,2022,08,11,0.0,30.398125,13.81146,2022
2780,r2i1p1f1,2022,08,12,0.0,31.570108,15.872125,2022
2781,r2i1p1f1,2022,08,13,0.0,31.512543,15.528649,2022
2782,r2i1p1f1,2022,08,14,0.0,30.440731,14.016465,2022
2783,r2i1p1f1,2022,08,15,0.0,28.31111,10.455048,2022
2784,r2i1p1f1,2022,08,16,0.0,26.6091,8.251407,2022
2785,r2i1p1f1,2022,08,17,0.0,27.147984,8.717811,2022
2786,r2i1p1f1,2022,08,18,0.0,27.893106,10.191439,2022
2787,r2i1p1f1,2022,08,19,0.0,28.378325,11.561194,2022
2788,r2i1p1f1,2022,08,20,0.0,29.351152,11.696901,2022
2789,r2i1p1f1,2022,08,21,0.0,30.210463,12.67248,2022
2790,r2i1p1f1,2022,08,22,0.0,28.67394,12.784499,2022
2791,r2i1p1f1,2022,08,23,0.0,29.26068,12.319557,2022
2792,r2i1p1f1,2022,08,24,0.0,28.818573,11.625681,2022
2793,r2i1p1f1,2022,08,25,0.0,26.385239,8.184077,2022
2794,r2i1p1f1,2022,08,26,0.0,22.417124,5.732155,2022
2795,r2i1p1f1,2022,08,27,0.0,20.679628,2.8163218,2022
2796,r2i1p1f1,2022,08,28,0.0,22.773722,4.5116434,2022
2797,r2i1p1f1,2022,08,29,0.0,25.93317,7.516737,2022
2798,r2i1p1f1,2022,08,30,0.0,29.22342,10.704692,2022
2799,r2i1p1f1,2022,08,31,0.0,32.181152,12.473703,2022
2800,r2i1p1f1,2022,09,01,0.0,32.09828,15.392912,2022
2801,r2i1p1f1,2022,09,02,0.0,31.20622,14.996707,2022
2802,r2i1p1f1,2022,09,03,0.0,31.805433,14.646043,2022
2803,r2i1p1f1,2022,09,04,0.0,29.506924,13.886211,2022
2804,r2i1p1f1,2022,09,05,0.0,29.364899,14.478414,2022
2805,r2i1p1f1,2022,09,06,0.0,29.321476,13.967964,2022
2806,r2i1p1f1,2022,09,07,0.0,27.695072,11.160634,2022
2807,r2i1p1f1,2022,09,08,0.0,24.616823,8.784793,2022
2808,r2i1p1f1,2022,09,09,0.0,20.934101,4.1522555,2022
2809,r2i1p1f1,2022,09,10,0.0,19.529222,2.7841802,2022
2810,r2i1p1f1,2022,09,11,0.0,29.392515,9.549006,2022
2811,r2i1p1f1,2022,09,12,0.0,27.807573,11.3546295,2022
2812,r2i1p1f1,2022,09,13,0.0,25.593441,8.23264,2022
2813,r2i1p1f1,2022,09,14,0.0,25.232409,9.948416,2022
2814,r2i1p1f1,2022,09,15,0.0,28.420397,11.67572,2022
2815,r2i1p1f1,2022,09,16,0.0,30.090685,12.423807,2022
2816,r2i1p1f1,2022,09,17,0.0,31.071875,13.025499,2022
2817,r2i1p1f1,2022,09,18,0.0,30.337837,12.565617,2022
2818,r2i1p1f1,2022,09,19,0.0,27.404682,12.388064,2022
2819,r2i1p1f1,2022,09,20,0.0,27.003891,10.078011,2022
2820,r2i1p1f1,2022,09,21,0.0,28.02228,10.230203,2022
2821,r2i1p1f1,2022,09,22,0.0,27.302216,9.919155,2022
2822,r2i1p1f1,2022,09,23,0.0,20.171534,5.002543,2022
2823,r2i1p1f1,2022,09,24,0.1967778932370178,15.709579,3.36383,2022
2824,r2i1p1f1,2022,09,25,8.077265887830155,19.446468,5.627793,2022
2825,r2i1p1f1,2022,09,26,0.0,24.659271,9.780815,2022
2826,r2i1p1f1,2022,09,27,0.0,24.32326,9.126733,2022
2827,r2i1p1f1,2022,09,28,0.0,20.807611,6.7833524,2022
2828,r2i1p1f1,2022,09,29,71.31420953754478,15.946326,4.3648534,2022
2829,r2i1p1f1,2022,09,30,42.57853798290643,9.492814,5.169052,2022
2830,r2i1p1f1,2022,10,01,0.9494745019808831,16.953413,2.8280463,2022
2831,r2i1p1f1,2022,10,02,0.0,20.336624,5.644554,2022
2832,r2i1p1f1,2022,10,03,0.0,21.42471,7.6396155,2022
2833,r2i1p1f1,2022,10,04,0.0,22.85471,9.013743,2022
2834,r2i1p1f1,2022,10,05,0.45746136238449253,22.935993,8.578028,2022
2835,r2i1p1f1,2022,10,06,0.7973600834073016,21.230377,7.0651646,2022
2836,r2i1p1f1,2022,10,07,0.0,21.764685,8.9610815,2022
2837,r2i1p1f1,2022,10,08,3.0408979302050145,20.916712,10.173015,2022
2838,r2i1p1f1,2022,10,09,1.396934676883505,24.532965,11.047338,2022
2839,r2i1p1f1,2022,10,10,0.007965904380678413,25.606884,11.090178,2022
2840,r2i1p1f1,2022,10,11,0.08395879390613678,25.623495,9.885261,2022
2841,r2i1p1f1,2022,10,12,4.63292749915966,20.37578,7.4734287,2022
2842,r2i1p1f1,2022,10,13,8.099301137050274,19.04478,7.4901505,2022
2843,r2i1p1f1,2022,10,14,6.572928422261052,15.61064,7.4619546,2022
2844,r2i1p1f1,2022,10,15,8.662190911309153,16.227219,5.2716403,2022
2845,r2i1p1f1,2022,10,16,9.94526856311495,14.554641,3.583783,2022
2846,r2i1p1f1,2022,10,17,13.153921005057502,12.167552,5.926905,2022
2847,r2i1p1f1,2022,10,18,0.0,12.278703,-0.3529308,2022
2848,r2i1p1f1,2022,10,19,0.0,13.3777485,0.7425451,2022
2849,r2i1p1f1,2022,10,20,0.0,21.837017,3.8634503,2022
2850,r2i1p1f1,2022,10,21,0.0,20.791035,6.0601773,2022
2851,r2i1p1f1,2022,10,22,0.0,19.317955,6.17757,2022
2852,r2i1p1f1,2022,10,23,0.0,21.338856,7.7644277,2022
2853,r2i1p1f1,2022,10,24,0.0,25.283945,9.430209,2022
2854,r2i1p1f1,2022,10,25,0.0,24.57391,8.212952,2022
2855,r2i1p1f1,2022,10,26,0.0,22.184435,8.01419,2022
2856,r2i1p1f1,2022,10,27,0.0,20.799667,8.670013,2022
2857,r2i1p1f1,2022,10,28,0.5082304201865694,13.311777,3.8402972,2022
2858,r2i1p1f1,2022,10,29,0.0,10.504626,-2.287911,2022
2859,r2i1p1f1,2022,10,30,0.8376323623451754,8.135381,-3.4499903,2022
2860,r2i1p1f1,2022,10,31,0.002968172639856885,5.695447,-4.2665577,2022
2861,r2i1p1f1,2022,11,01,0.7408872383446299,6.5817685,-5.02494,2022
2862,r2i1p1f1,2022,11,02,14.368884809776388,4.9069314,-2.7221782,2022
2863,r2i1p1f1,2022,11,03,0.04849629282524312,5.5087132,-4.198143,2022
2864,r2i1p1f1,2022,11,04,0.0,9.103838,-3.4310591,2022
2865,r2i1p1f1,2022,11,05,0.0,15.140589,-1.1838104,2022
2866,r2i1p1f1,2022,11,06,0.0,16.441124,2.3510344,2022
2867,r2i1p1f1,2022,11,07,0.0,17.230324,2.187143,2022
2868,r2i1p1f1,2022,11,08,0.0,19.114985,4.0875063,2022
2869,r2i1p1f1,2022,11,09,0.06866145548393923,17.229868,4.136274,2022
2870,r2i1p1f1,2022,11,10,0.8833623557131012,11.909857,3.3054273,2022
2871,r2i1p1f1,2022,11,11,0.0,9.167757,0.8323383,2022
2872,r2i1p1f1,2022,11,12,0.0,6.885731,-4.5498986,2022
2873,r2i1p1f1,2022,11,13,0.0,4.0751443,-7.143341,2022
2874,r2i1p1f1,2022,11,14,0.0,8.477831,-5.597714,2022
2875,r2i1p1f1,2022,11,15,0.0,13.841922,-2.7927787,2022
2876,r2i1p1f1,2022,11,16,0.0,15.191619,-0.763523,2022
2877,r2i1p1f1,2022,11,17,0.0,13.289244,0.23713478,2022
2878,r2i1p1f1,2022,11,18,0.0,14.431978,0.61284024,2022
2879,r2i1p1f1,2022,11,19,0.0,16.51319,2.9832141,2022
2880,r2i1p1f1,2022,11,20,0.0,17.30731,1.6996719,2022
2881,r2i1p1f1,2022,11,21,0.0,15.849777,2.6313677,2022
2882,r2i1p1f1,2022,11,22,0.0,18.03315,2.8039324,2022
2883,r2i1p1f1,2022,11,23,0.22048709466057168,16.90728,3.3774683,2022
2884,r2i1p1f1,2022,11,24,0.6153246275201897,11.668597,2.114203,2022
2885,r2i1p1f1,2022,11,25,0.0,9.747914,-4.017501,2022
2886,r2i1p1f1,2022,11,26,0.0,8.004175,-9.612153,2022
2887,r2i1p1f1,2022,11,27,0.0,10.972922,-9.954756,2022
2888,r2i1p1f1,2022,11,28,0.0,12.428806,-3.797793,2022
2889,r2i1p1f1,2022,11,29,0.0,12.388664,-2.4474688,2022
2890,r2i1p1f1,2022,11,30,0.0,14.277869,-2.0359604,2022
2891,r2i1p1f1,2022,12,01,0.0,12.046811,0.5205255,2022
2892,r2i1p1f1,2022,12,02,0.0,14.546485,2.0236433,2022
2893,r2i1p1f1,2022,12,03,0.0,15.457161,1.9045764,2022
2894,r2i1p1f1,2022,12,04,0.0,11.870089,0.71394074,2022
2895,r2i1p1f1,2022,12,05,0.0,10.884038,3.3694408,2022
2896,r2i1p1f1,2022,12,06,0.0,14.700167,1.3015401,2022
2897,r2i1p1f1,2022,12,07,0.0,17.427094,2.6272326,2022
2898,r2i1p1f1,2022,12,08,0.0,16.49706,2.3870854,2022
2899,r2i1p1f1,2022,12,09,0.0,11.2907505,2.3287222,2022
2900,r2i1p1f1,2022,12,10,0.6613828762265956,8.697029,0.32691956,2022
2901,r2i1p1f1,2022,12,11,0.0,12.684624,2.7780848,2022
2902,r2i1p1f1,2022,12,12,0.0,17.388702,4.501233,2022
2903,r2i1p1f1,2022,12,13,0.0,18.802822,3.5570307,2022
2904,r2i1p1f1,2022,12,14,0.0,18.023384,2.7720428,2022
2905,r2i1p1f1,2022,12,15,0.0,18.34752,2.8987541,2022
2906,r2i1p1f1,2022,12,16,0.0,17.190937,2.305486,2022
2907,r2i1p1f1,2022,12,17,0.0,18.855402,3.7102447,2022
2908,r2i1p1f1,2022,12,18,0.0,18.02537,4.036147,2022
2909,r2i1p1f1,2022,12,19,0.0,17.670118,1.4699126,2022
2910,r2i1p1f1,2022,12,20,0.05644389160666973,15.331458,1.051233,2022
2911,r2i1p1f1,2022,12,21,0.0,1.3696913,-6.1057196,2022
2912,r2i1p1f1,2022,12,22,69.96598262877131,0.1969003,-7.3010206,2022
2913,r2i1p1f1,2022,12,23,73.20767244136033,-0.733766,-5.98074,2022
2914,r2i1p1f1,2022,12,24,57.93580691254017,0.5260763,-4.858465,2022
2915,r2i1p1f1,2022,12,25,88.47711976492204,1.7947903,-4.49456,2022
2916,r2i1p1f1,2022,12,26,36.178937546187974,4.7895985,-4.219514,2022
2917,r2i1p1f1,2022,12,27,6.143188420817471,2.735154,-7.094545,2022
2918,r2i1p1f1,2022,12,28,35.75385185451103,0.8231781,-3.413935,2022
2919,r2i1p1f1,2022,12,29,5.010599324375037,1.0095775,-3.273697,2022
2920,r2i1p1f1,2022,12,30,0.0,6.154818,-7.3248024,2022
2921,r2i1p1f1,2022,12,31,0.0,5.238893,-7.782333,2022
2922,r2i1p1f1,2023,01,01,20.14220201437218,-0.19120437,-4.406677,2023
2923,r2i1p1f1,2023,01,02,13.40253005971765,-0.31276232,-7.587842,2023
2924,r2i1p1f1,2023,01,03,15.657618046791937,-0.089169525,-5.796577,2023
2925,r2i1p1f1,2023,01,04,0.0,5.6080475,-9.088843,2023
2926,r2i1p1f1,2023,01,05,33.69049403767209,9.732905,-6.3254604,2023
2927,r2i1p1f1,2023,01,06,25.297350891140432,4.5665956,-2.1841967,2023
2928,r2i1p1f1,2023,01,07,1.645050919964538,7.5290356,-5.270339,2023
2929,r2i1p1f1,2023,01,08,26.441787211940838,4.187065,-1.8857535,2023
2930,r2i1p1f1,2023,01,09,18.258579747970753,4.9965663,-7.2924414,2023
2931,r2i1p1f1,2023,01,10,3.6640417765808637,3.1161556,-8.2844095,2023
2932,r2i1p1f1,2023,01,11,11.64774891882329,3.9555206,-1.6402942,2023
2933,r2i1p1f1,2023,01,12,23.844844533596188,4.5066667,-1.3897499,2023
2934,r2i1p1f1,2023,01,13,26.82261502934405,6.4532423,1.1088928,2023
2935,r2i1p1f1,2023,01,14,0.3195679940220613,7.010678,2.5761006,2023
2936,r2i1p1f1,2023,01,15,0.0,11.537809,-2.2016346,2023
2937,r2i1p1f1,2023,01,16,0.010989024010016762,7.806874,1.1335009,2023
2938,r2i1p1f1,2023,01,17,28.465683516249275,3.9626558,-4.6814036,2023
2939,r2i1p1f1,2023,01,18,0.0,6.565448,-8.197189,2023
2940,r2i1p1f1,2023,01,19,0.0,5.7169437,-7.228022,2023
2941,r2i1p1f1,2023,01,20,28.715064345473927,4.7399316,-5.0276012,2023
2942,r2i1p1f1,2023,01,21,43.98906364490708,7.8763013,0.85501784,2023
2943,r2i1p1f1,2023,01,22,46.17310735361221,9.541729,4.1450477,2023
2944,r2i1p1f1,2023,01,23,20.62386893040429,5.407103,0.81013477,2023
2945,r2i1p1f1,2023,01,24,12.617609483752927,4.0667386,-6.879206,2023
2946,r2i1p1f1,2023,01,25,38.6919115728233,2.7156956,-7.078989,2023
2947,r2i1p1f1,2023,01,26,23.287652662391057,-4.283867,-8.126238,2023
2948,r2i1p1f1,2023,01,27,1.083445468485969,-1.9423318,-12.819641,2023
2949,r2i1p1f1,2023,01,28,4.843872208346931,-0.6924025,-14.624475,2023
2950,r2i1p1f1,2023,01,29,10.45534494787017,-0.6852909,-13.919972,2023
2951,r2i1p1f1,2023,01,30,0.9744571886655579,0.499199,-10.401029,2023
2952,r2i1p1f1,2023,01,31,0.0,3.5675757,-8.614085,2023
2953,r2i1p1f1,2023,02,01,0.0,0.7916615,-16.025665,2023
2954,r2i1p1f1,2023,02,02,0.0,0.89598036,-13.166194,2023
2955,r2i1p1f1,2023,02,03,20.197859032151218,-0.79845595,-10.91728,2023
2956,r2i1p1f1,2023,02,04,50.48110639819732,9.387123,-2.9415822,2023
2957,r2i1p1f1,2023,02,05,41.01575794719303,6.0761433,0.23206544,2023
2958,r2i1p1f1,2023,02,06,136.53718976375575,11.649837,-2.1338267,2023
2959,r2i1p1f1,2023,02,07,52.626819429972855,10.359721,2.9348583,2023
2960,r2i1p1f1,2023,02,08,50.450384208502676,9.484861,4.1571302,2023
2961,r2i1p1f1,2023,02,09,21.11349395171811,10.82908,1.6412928,2023
2962,r2i1p1f1,2023,02,10,26.294354380941233,9.190932,1.1995531,2023
2963,r2i1p1f1,2023,02,11,17.837449141930286,8.801112,2.6362975,2023
2964,r2i1p1f1,2023,02,12,25.45940393734222,9.01588,-2.1045215,2023
2965,r2i1p1f1,2023,02,13,35.15368376751072,6.175386,1.0604848,2023
2966,r2i1p1f1,2023,02,14,48.33359681831028,5.4644346,-3.3884175,2023
2967,r2i1p1f1,2023,02,15,0.07574042552522979,6.8831863,-6.1283035,2023
2968,r2i1p1f1,2023,02,16,10.085840625218294,4.5686717,-8.725973,2023
2969,r2i1p1f1,2023,02,17,0.00880687372185863,5.246805,-9.129843,2023
2970,r2i1p1f1,2023,02,18,0.0,7.2697387,-7.2499876,2023
2971,r2i1p1f1,2023,02,19,0.0,6.5236034,-6.416566,2023
2972,r2i1p1f1,2023,02,20,0.2708912690195575,5.766995,-2.8508875,2023
2973,r2i1p1f1,2023,02,21,27.61378197106891,2.718043,-1.242419,2023
2974,r2i1p1f1,2023,02,22,0.10412827272235657,5.8034286,-2.6851537,2023
2975,r2i1p1f1,2023,02,23,48.062568809389354,6.0903463,-4.618716,2023
2976,r2i1p1f1,2023,02,24,4.920207191788415,0.808958,-7.440841,2023
2977,r2i1p1f1,2023,02,25,0.0,3.1486163,-6.6789722,2023
2978,r2i1p1f1,2023,02,26,0.0,7.0012503,-4.4861765,2023
2979,r2i1p1f1,2023,02,27,0.0,9.545154,-3.2464232,2023
2980,r2i1p1f1,2023,02,28,0.0,9.94529,-2.5524452,2023
2981,r2i1p1f1,2023,03,01,0.0,11.327621,-3.1183796,2023
2982,r2i1p1f1,2023,03,02,1.102209056261927,11.262307,-1.2726401,2023
2983,r2i1p1f1,2023,03,03,0.0,12.737061,-3.512954,2023
2984,r2i1p1f1,2023,03,04,0.0,14.279536,-1.5953956,2023
2985,r2i1p1f1,2023,03,05,8.918672633388688,11.096838,-4.408913,2023
2986,r2i1p1f1,2023,03,06,34.07100668947141,2.7492447,-2.0010016,2023
2987,r2i1p1f1,2023,03,07,3.2883368285393564,6.2926655,1.6757358,2023
2988,r2i1p1f1,2023,03,08,0.935955935819248,9.791397,3.4113739,2023
2989,r2i1p1f1,2023,03,09,0.0,15.1578245,2.3770027,2023
2990,r2i1p1f1,2023,03,10,0.0,15.695397,-2.2755346,2023
2991,r2i1p1f1,2023,03,11,0.0,15.701604,-0.3544384,2023
2992,r2i1p1f1,2023,03,12,0.0,16.549093,0.9922732,2023
2993,r2i1p1f1,2023,03,13,0.0,18.88756,1.0052556,2023
2994,r2i1p1f1,2023,03,14,0.0,18.603178,1.6464347,2023
2995,r2i1p1f1,2023,03,15,0.0,18.878086,2.9440749,2023
2996,r2i1p1f1,2023,03,16,0.0,20.31559,2.3567731,2023
2997,r2i1p1f1,2023,03,17,0.0,18.562513,4.1310315,2023
2998,r2i1p1f1,2023,03,18,36.880623892648146,10.998069,1.9751818,2023
2999,r2i1p1f1,2023,03,19,9.261401628310313,8.439184,-1.017008,2023
3000,r2i1p1f1,2023,03,20,48.72689031091375,8.613946,-4.273062,2023
3001,r2i1p1f1,2023,03,21,0.0,14.43915,-1.9656049,2023
3002,r2i1p1f1,2023,03,22,0.0,16.858074,0.1575735,2023
3003,r2i1p1f1,2023,03,23,0.0,17.437494,0.07079521,2023
3004,r2i1p1f1,2023,03,24,0.0,18.628365,0.6767452,2023
3005,r2i1p1f1,2023,03,25,0.0,18.597027,2.1970372,2023
3006,r2i1p1f1,2023,03,26,0.0,12.078707,3.0585208,2023
3007,r2i1p1f1,2023,03,27,0.0,12.2907,-2.4382691,2023
3008,r2i1p1f1,2023,03,28,0.0,14.285913,-3.3603172,2023
3009,r2i1p1f1,2023,03,29,0.0,13.603544,-2.757024,2023
3010,r2i1p1f1,2023,03,30,18.992016534097136,8.76345,0.641517,2023
3011,r2i1p1f1,2023,03,31,0.0,13.801169,-1.6256288,2023
3012,r2i1p1f1,2023,04,01,0.0,13.794152,-1.633616,2023
3013,r2i1p1f1,2023,04,02,24.188874752368204,9.234905,-1.6081142,2023
3014,r2i1p1f1,2023,04,03,6.658630972518809,15.314326,2.060097,2023
3015,r2i1p1f1,2023,04,04,0.0,18.872396,4.9988537,2023
3016,r2i1p1f1,2023,04,05,0.0,20.066612,6.364662,2023
3017,r2i1p1f1,2023,04,06,0.0,26.62129,8.368499,2023
3018,r2i1p1f1,2023,04,07,0.0,26.510967,10.13333,2023
3019,r2i1p1f1,2023,04,08,0.0,26.735006,9.212819,2023
3020,r2i1p1f1,2023,04,09,30.032430450843933,15.62002,0.45571116,2023
3021,r2i1p1f1,2023,04,10,11.918489202326572,11.6759405,2.0180402,2023
3022,r2i1p1f1,2023,04,11,0.0,20.283792,2.136292,2023
3023,r2i1p1f1,2023,04,12,0.0,22.104673,2.7869585,2023
3024,r2i1p1f1,2023,04,13,0.0,19.80438,3.9195604,2023
3025,r2i1p1f1,2023,04,14,9.394502690254459,14.084959,2.5134287,2023
3026,r2i1p1f1,2023,04,15,20.881226260770255,7.7190323,-1.0206654,2023
3027,r2i1p1f1,2023,04,16,0.0,11.057395,-3.638837,2023
3028,r2i1p1f1,2023,04,17,0.0,10.113734,-1.7571806,2023
3029,r2i1p1f1,2023,04,18,30.667798575954155,5.0607986,-0.2450317,2023
3030,r2i1p1f1,2023,04,19,44.56660724245012,8.218028,2.7589505,2023
3031,r2i1p1f1,2023,04,20,56.18735528371941,7.2583585,1.2922808,2023
3032,r2i1p1f1,2023,04,21,33.88927797182427,5.949946,-6.783154,2023
3033,r2i1p1f1,2023,04,22,33.6106163954425,3.0868478,-7.4179053,2023
3034,r2i1p1f1,2023,04,23,0.0,5.8105297,-3.0662913,2023
3035,r2i1p1f1,2023,04,24,0.043245083473336235,7.642819,1.1994995,2023
3036,r2i1p1f1,2023,04,25,0.0,17.22576,-1.4867891,2023
3037,r2i1p1f1,2023,04,26,0.0,17.291609,-0.80849904,2023
3038,r2i1p1f1,2023,04,27,0.0,16.552225,1.757271,2023
3039,r2i1p1f1,2023,04,28,0.0,17.256605,0.76056063,2023
3040,r2i1p1f1,2023,04,29,0.0,17.403994,1.5844833,2023
3041,r2i1p1f1,2023,04,30,0.0,17.973417,2.40101,2023
3042,r2i1p1f1,2023,05,01,0.0,18.090302,2.7706664,2023
3043,r2i1p1f1,2023,05,02,0.0,18.157173,2.7943163,2023
3044,r2i1p1f1,2023,05,03,0.0,14.733001,1.242538,2023
3045,r2i1p1f1,2023,05,04,0.5954187422433349,14.914607,-2.3881397,2023
3046,r2i1p1f1,2023,05,05,1.1780476206065662,15.3575535,0.00734251,2023
3047,r2i1p1f1,2023,05,06,0.0,24.8557,6.538647,2023
3048,r2i1p1f1,2023,05,07,0.0,24.09935,7.4937515,2023
3049,r2i1p1f1,2023,05,08,3.1576939101236907,16.461573,4.166417,2023
3050,r2i1p1f1,2023,05,09,0.0,17.89504,4.383966,2023
3051,r2i1p1f1,2023,05,10,0.0,17.630228,3.099715,2023
3052,r2i1p1f1,2023,05,11,0.0,18.687063,4.878163,2023
3053,r2i1p1f1,2023,05,12,0.0,21.196314,5.29349,2023
3054,r2i1p1f1,2023,05,13,37.169944494514944,14.5213375,0.6361712,2023
3055,r2i1p1f1,2023,05,14,76.37934856331692,12.36729,0.70172423,2023
3056,r2i1p1f1,2023,05,15,0.0,19.275278,5.7001114,2023
3057,r2i1p1f1,2023,05,16,0.0,19.973541,4.42241,2023
3058,r2i1p1f1,2023,05,17,0.0,17.212433,4.4347773,2023
3059,r2i1p1f1,2023,05,18,0.0,17.552197,3.3669238,2023
3060,r2i1p1f1,2023,05,19,0.0,22.215876,5.4117384,2023
3061,r2i1p1f1,2023,05,20,0.0,22.970991,8.044503,2023
3062,r2i1p1f1,2023,05,21,0.4816056209410118,19.210049,4.46925,2023
3063,r2i1p1f1,2023,05,22,0.39877192157991187,21.786798,4.2362638,2023
3064,r2i1p1f1,2023,05,23,7.278867395108626,15.00031,1.9817086,2023
3065,r2i1p1f1,2023,05,24,3.0470268137728103,10.499784,4.5532656,2023
3066,r2i1p1f1,2023,05,25,0.12745332758273575,14.913091,5.1961985,2023
3067,r2i1p1f1,2023,05,26,4.1381162714689985,13.870188,4.3358974,2023
3068,r2i1p1f1,2023,05,27,0.39002689763947274,16.008566,3.522893,2023
3069,r2i1p1f1,2023,05,28,2.4660017262878964,14.8822365,0.16027401,2023
3070,r2i1p1f1,2023,05,29,8.218817371100439,14.575073,-0.68998826,2023
3071,r2i1p1f1,2023,05,30,0.2643340018039453,19.7581,3.0115104,2023
3072,r2i1p1f1,2023,05,31,0.0,26.381695,11.11719,2023
3073,r2i1p1f1,2023,06,01,0.0,27.642496,12.8876915,2023
3074,r2i1p1f1,2023,06,02,0.0,26.275822,11.398071,2023
3075,r2i1p1f1,2023,06,03,0.0,22.243444,7.675282,2023
3076,r2i1p1f1,2023,06,04,14.627836809435953,13.876127,2.3559477,2023
3077,r2i1p1f1,2023,06,05,8.823103376688287,9.077394,0.47376516,2023
3078,r2i1p1f1,2023,06,06,7.047017104112176,18.372608,0.12403517,2023
3079,r2i1p1f1,2023,06,07,8.816860665354817,18.411787,2.9265552,2023
3080,r2i1p1f1,2023,06,08,6.488743109940305,17.943235,4.8875284,2023
3081,r2i1p1f1,2023,06,09,8.574862946317388,14.380831,0.90978885,2023
3082,r2i1p1f1,2023,06,10,2.3593580507832277,14.073676,2.867674,2023
3083,r2i1p1f1,2023,06,11,2.0100963637920937,14.39222,6.386776,2023
3084,r2i1p1f1,2023,06,12,0.0,19.014347,9.075584,2023
3085,r2i1p1f1,2023,06,13,0.43568629821843036,23.04867,7.8621154,2023
3086,r2i1p1f1,2023,06,14,0.0,24.790113,8.632332,2023
3087,r2i1p1f1,2023,06,15,6.187742195162662,22.439571,7.1990175,2023
3088,r2i1p1f1,2023,06,16,0.0,17.8729,6.2940855,2023
3089,r2i1p1f1,2023,06,17,0.0,22.645712,6.1670113,2023
3090,r2i1p1f1,2023,06,18,0.0,23.914354,8.310965,2023
3091,r2i1p1f1,2023,06,19,0.8844551770030543,23.627378,8.883752,2023
3092,r2i1p1f1,2023,06,20,0.07375470427527595,22.180822,7.781257,2023
3093,r2i1p1f1,2023,06,21,0.0,25.463516,8.663174,2023
3094,r2i1p1f1,2023,06,22,0.0,30.800087,11.599984,2023
3095,r2i1p1f1,2023,06,23,0.0,29.490463,12.731731,2023
3096,r2i1p1f1,2023,06,24,0.0,32.534836,12.660959,2023
3097,r2i1p1f1,2023,06,25,0.0,31.951782,13.651077,2023
3098,r2i1p1f1,2023,06,26,0.020372606167466775,31.177475,14.20394,2023
3099,r2i1p1f1,2023,06,27,0.0,32.00934,15.541116,2023
3100,r2i1p1f1,2023,06,28,0.0004988306570269812,29.719414,13.399671,2023
3101,r2i1p1f1,2023,06,29,0.0,26.518902,9.165125,2023
3102,r2i1p1f1,2023,06,30,0.0,25.070288,9.165764,2023
3103,r2i1p1f1,2023,07,01,0.0,26.889706,10.919127,2023
3104,r2i1p1f1,2023,07,02,0.0,29.5816,12.044301,2023
3105,r2i1p1f1,2023,07,03,0.0,29.80601,12.927011,2023
3106,r2i1p1f1,2023,07,04,0.0,28.532045,11.874142,2023
3107,r2i1p1f1,2023,07,05,0.0,26.189295,9.825407,2023
3108,r2i1p1f1,2023,07,06,0.0,26.962582,10.69145,2023
3109,r2i1p1f1,2023,07,07,0.0,26.790464,10.963382,2023
3110,r2i1p1f1,2023,07,08,0.0,25.864614,10.256115,2023
3111,r2i1p1f1,2023,07,09,0.0,25.322193,9.766176,2023
3112,r2i1p1f1,2023,07,10,0.0,25.770409,10.441428,2023
3113,r2i1p1f1,2023,07,11,0.0,27.098429,10.151438,2023
3114,r2i1p1f1,2023,07,12,0.0,29.233004,11.411141,2023
3115,r2i1p1f1,2023,07,13,0.0,30.400118,13.482988,2023
3116,r2i1p1f1,2023,07,14,0.0,30.228712,14.121513,2023
3117,r2i1p1f1,2023,07,15,0.0,30.217926,12.61034,2023
3118,r2i1p1f1,2023,07,16,0.0,31.798038,13.396137,2023
3119,r2i1p1f1,2023,07,17,0.0,32.32076,14.058428,2023
3120,r2i1p1f1,2023,07,18,0.0,27.830973,10.157355,2023
3121,r2i1p1f1,2023,07,19,0.0,25.43685,8.976586,2023
3122,r2i1p1f1,2023,07,20,0.0,25.633598,9.708214,2023
3123,r2i1p1f1,2023,07,21,0.002207252709223002,28.02514,10.035046,2023
3124,r2i1p1f1,2023,07,22,0.0,29.324682,12.95145,2023
3125,r2i1p1f1,2023,07,23,0.0,29.724258,12.249587,2023
3126,r2i1p1f1,2023,07,24,0.0,29.583883,11.961631,2023
3127,r2i1p1f1,2023,07,25,0.0,28.848232,12.165068,2023
3128,r2i1p1f1,2023,07,26,0.0,27.899557,11.352672,2023
3129,r2i1p1f1,2023,07,27,0.0,28.94496,10.491062,2023
3130,r2i1p1f1,2023,07,28,0.0,28.360952,10.897726,2023
3131,r2i1p1f1,2023,07,29,0.0,23.76818,8.226368,2023
3132,r2i1p1f1,2023,07,30,0.0,25.693207,7.764302,2023
3133,r2i1p1f1,2023,07,31,0.0,29.008686,10.912933,2023
3134,r2i1p1f1,2023,08,01,0.0,29.414808,11.809256,2023
3135,r2i1p1f1,2023,08,02,0.0,28.732779,10.757913,2023
3136,r2i1p1f1,2023,08,03,0.0,29.128588,12.269187,2023
3137,r2i1p1f1,2023,08,04,0.0,31.342129,12.682,2023
3138,r2i1p1f1,2023,08,05,0.0,32.349598,14.373523,2023
3139,r2i1p1f1,2023,08,06,0.0,31.583696,14.091365,2023
3140,r2i1p1f1,2023,08,07,0.0,30.199932,12.9974,2023
3141,r2i1p1f1,2023,08,08,0.0,29.324677,11.376512,2023
3142,r2i1p1f1,2023,08,09,0.0,28.71245,11.695999,2023
3143,r2i1p1f1,2023,08,10,0.07818362030845422,28.415918,12.217892,2023
3144,r2i1p1f1,2023,08,11,0.0,28.673878,12.932481,2023
3145,r2i1p1f1,2023,08,12,0.001753740210775644,28.697842,12.149425,2023
3146,r2i1p1f1,2023,08,13,0.10257944136355945,28.30688,11.568407,2023
3147,r2i1p1f1,2023,08,14,0.0,29.378374,13.102487,2023
3148,r2i1p1f1,2023,08,15,0.0,29.675913,13.963687,2023
3149,r2i1p1f1,2023,08,16,0.0,30.153545,12.867496,2023
3150,r2i1p1f1,2023,08,17,0.0,30.775537,12.456306,2023
3151,r2i1p1f1,2023,08,18,0.0,30.724596,14.225799,2023
3152,r2i1p1f1,2023,08,19,0.0,30.54521,14.976897,2023
3153,r2i1p1f1,2023,08,20,0.0,31.572094,13.263501,2023
3154,r2i1p1f1,2023,08,21,0.0,30.424809,13.360496,2023
3155,r2i1p1f1,2023,08,22,0.0,29.667418,12.353745,2023
3156,r2i1p1f1,2023,08,23,0.0,28.998072,11.7462225,2023
3157,r2i1p1f1,2023,08,24,0.0,29.16663,11.863535,2023
3158,r2i1p1f1,2023,08,25,0.0,27.849037,11.588515,2023
3159,r2i1p1f1,2023,08,26,0.0,25.422602,7.2746115,2023
3160,r2i1p1f1,2023,08,27,0.0,29.104849,10.288532,2023
3161,r2i1p1f1,2023,08,28,0.0,29.425419,11.161872,2023
3162,r2i1p1f1,2023,08,29,0.0,28.978495,9.9882,2023
3163,r2i1p1f1,2023,08,30,0.0,29.448467,10.182639,2023
3164,r2i1p1f1,2023,08,31,0.05817924653596352,26.5815,9.222203,2023
3165,r2i1p1f1,2023,09,01,0.0,26.13588,9.282683,2023
3166,r2i1p1f1,2023,09,02,0.0,26.144905,10.017737,2023
3167,r2i1p1f1,2023,09,03,0.0,26.13348,11.146439,2023
3168,r2i1p1f1,2023,09,04,0.0,28.578491,11.172071,2023
3169,r2i1p1f1,2023,09,05,0.0,26.172457,10.651858,2023
3170,r2i1p1f1,2023,09,06,0.0,23.595215,8.582939,2023
3171,r2i1p1f1,2023,09,07,0.0,25.951012,8.656172,2023
3172,r2i1p1f1,2023,09,08,0.0,27.175669,12.83499,2023
3173,r2i1p1f1,2023,09,09,0.0,28.703243,13.834,2023
3174,r2i1p1f1,2023,09,10,6.904458127288448,29.330166,13.697751,2023
3175,r2i1p1f1,2023,09,11,0.0972030679769467,29.398825,12.771289,2023
3176,r2i1p1f1,2023,09,12,0.05613244559036992,28.004765,12.779448,2023
3177,r2i1p1f1,2023,09,13,0.0,27.779957,12.559203,2023
3178,r2i1p1f1,2023,09,14,0.0,25.786087,10.669169,2023
3179,r2i1p1f1,2023,09,15,0.0,19.988716,4.3196917,2023
3180,r2i1p1f1,2023,09,16,0.0,18.882076,4.360637,2023
3181,r2i1p1f1,2023,09,17,0.0,20.980513,5.5286474,2023
3182,r2i1p1f1,2023,09,18,0.0,26.286417,8.327624,2023
3183,r2i1p1f1,2023,09,19,0.0,27.68951,10.229072,2023
3184,r2i1p1f1,2023,09,20,0.0,27.844137,11.231306,2023
3185,r2i1p1f1,2023,09,21,0.0,29.104536,12.252078,2023
3186,r2i1p1f1,2023,09,22,1.0509338101201138,28.208344,13.902678,2023
3187,r2i1p1f1,2023,09,23,12.443032301346717,19.586283,6.3804955,2023
3188,r2i1p1f1,2023,09,24,0.004996994247309116,15.697039,4.4509287,2023
3189,r2i1p1f1,2023,09,25,0.0,21.231195,6.4900413,2023
3190,r2i1p1f1,2023,09,26,0.0,22.504078,5.78316,2023
3191,r2i1p1f1,2023,09,27,0.0,23.115791,6.2974463,2023
3192,r2i1p1f1,2023,09,28,0.0,24.72553,8.1712055,2023
3193,r2i1p1f1,2023,09,29,0.0,27.032715,10.4971895,2023
3194,r2i1p1f1,2023,09,30,0.0,28.124393,10.644673,2023
3195,r2i1p1f1,2023,10,01,0.0,27.300947,9.299074,2023
3196,r2i1p1f1,2023,10,02,0.0,25.356197,6.6267037,2023
3197,r2i1p1f1,2023,10,03,0.0,24.234959,8.748646,2023
3198,r2i1p1f1,2023,10,04,0.0,23.407898,6.816234,2023
3199,r2i1p1f1,2023,10,05,0.0,24.228384,6.5371566,2023
3200,r2i1p1f1,2023,10,06,0.0,24.27855,7.4309645,2023
3201,r2i1p1f1,2023,10,07,0.0,23.0296,8.16611,2023
3202,r2i1p1f1,2023,10,08,0.0,23.481264,6.6757107,2023
3203,r2i1p1f1,2023,10,09,0.0,21.609938,6.3123803,2023
3204,r2i1p1f1,2023,10,10,0.0,23.206568,7.207161,2023
3205,r2i1p1f1,2023,10,11,0.0,27.536652,9.62056,2023
3206,r2i1p1f1,2023,10,12,0.0,28.40837,10.438789,2023
3207,r2i1p1f1,2023,10,13,0.0,27.577274,8.911367,2023
3208,r2i1p1f1,2023,10,14,0.0,22.74394,6.227334,2023
3209,r2i1p1f1,2023,10,15,0.0,24.460482,6.104537,2023
3210,r2i1p1f1,2023,10,16,0.0,25.849283,7.5965195,2023
3211,r2i1p1f1,2023,10,17,0.0,23.481333,7.2302113,2023
3212,r2i1p1f1,2023,10,18,0.0,23.051134,6.6132264,2023
3213,r2i1p1f1,2023,10,19,0.0,25.522003,6.6890006,2023
3214,r2i1p1f1,2023,10,20,0.0,23.914873,7.433284,2023
3215,r2i1p1f1,2023,10,21,0.0,24.932962,7.1802163,2023
3216,r2i1p1f1,2023,10,22,0.0,24.863012,7.778555,2023
3217,r2i1p1f1,2023,10,23,0.0,23.83022,7.095841,2023
3218,r2i1p1f1,2023,10,24,0.0,22.620827,7.177642,2023
3219,r2i1p1f1,2023,10,25,0.0,23.169659,7.7780886,2023
3220,r2i1p1f1,2023,10,26,0.0,24.048399,6.257015,2023
3221,r2i1p1f1,2023,10,27,0.0,24.86392,6.543393,2023
3222,r2i1p1f1,2023,10,28,0.0,24.005228,7.844836,2023
3223,r2i1p1f1,2023,10,29,0.0,22.987103,6.669375,2023
3224,r2i1p1f1,2023,10,30,0.0,22.339394,5.830053,2023
3225,r2i1p1f1,2023,10,31,0.0,19.739143,5.259092,2023
3226,r2i1p1f1,2023,11,01,11.286371127397825,13.270401,3.8264034,2023
3227,r2i1p1f1,2023,11,02,0.020392662666451473,11.520223,-2.8805847,2023
3228,r2i1p1f1,2023,11,03,3.6868757762791713,8.5200615,-3.6115105,2023
3229,r2i1p1f1,2023,11,04,26.53100594627456,4.265134,-1.2094274,2023
3230,r2i1p1f1,2023,11,05,0.0,9.732305,-3.748032,2023
3231,r2i1p1f1,2023,11,06,131.42064093934516,12.781343,1.2485741,2023
3232,r2i1p1f1,2023,11,07,71.73436420898025,9.272104,0.38851556,2023
3233,r2i1p1f1,2023,11,08,0.4755167983463392,4.7495675,-4.1435995,2023
3234,r2i1p1f1,2023,11,09,13.655198093552967,1.1161338,-4.602878,2023
3235,r2i1p1f1,2023,11,10,35.43485665073744,2.4301372,-6.669158,2023
3236,r2i1p1f1,2023,11,11,56.64397527177174,6.583634,-4.3736453,2023
3237,r2i1p1f1,2023,11,12,0.006203017021387216,2.7859411,-8.431983,2023
3238,r2i1p1f1,2023,11,13,0.6125796343230132,5.1057253,-5.459209,2023
3239,r2i1p1f1,2023,11,14,15.357665498427545,2.828547,-5.6957006,2023
3240,r2i1p1f1,2023,11,15,63.1748621378882,5.43999,0.1828933,2023
3241,r2i1p1f1,2023,11,16,77.2232160402032,5.531432,-0.057129104,2023
3242,r2i1p1f1,2023,11,17,96.31218132742036,5.9536605,-4.6103067,2023
3243,r2i1p1f1,2023,11,18,60.30572054710669,4.6490946,0.07240853,2023
3244,r2i1p1f1,2023,11,19,0.41818424133452936,9.73668,-2.0280833,2023
3245,r2i1p1f1,2023,11,20,0.0,9.0273285,-3.6063826,2023
3246,r2i1p1f1,2023,11,21,1.8289374322753598,10.136692,0.25667512,2023
3247,r2i1p1f1,2023,11,22,0.0,16.269012,2.5394075,2023
3248,r2i1p1f1,2023,11,23,0.0,16.43445,2.649467,2023
3249,r2i1p1f1,2023,11,24,0.0,19.122238,4.740226,2023
3250,r2i1p1f1,2023,11,25,0.0,18.700506,4.689877,2023
3251,r2i1p1f1,2023,11,26,0.0,19.022024,3.3755608,2023
3252,r2i1p1f1,2023,11,27,0.0,17.961676,4.720294,2023
3253,r2i1p1f1,2023,11,28,0.0,20.055786,4.404794,2023
3254,r2i1p1f1,2023,11,29,0.0,20.087236,3.5555663,2023
3255,r2i1p1f1,2023,11,30,0.0,18.535328,3.8376977,2023
3256,r2i1p1f1,2023,12,01,0.0,16.963385,3.1542058,2023
3257,r2i1p1f1,2023,12,02,0.0,15.791623,2.5828936,2023
3258,r2i1p1f1,2023,12,03,0.0,14.886211,2.4912407,2023
3259,r2i1p1f1,2023,12,04,0.0,14.133016,1.9300107,2023
3260,r2i1p1f1,2023,12,05,0.0,13.790258,1.3607082,2023
3261,r2i1p1f1,2023,12,06,0.0,14.001546,0.8845123,2023
3262,r2i1p1f1,2023,12,07,0.0,14.127776,1.582334,2023
3263,r2i1p1f1,2023,12,08,0.0,14.551878,2.2175016,2023
3264,r2i1p1f1,2023,12,09,0.0,15.422908,3.3765209,2023
3265,r2i1p1f1,2023,12,10,0.0,15.493995,1.0576508,2023
3266,r2i1p1f1,2023,12,11,0.0,15.605281,1.5179139,2023
3267,r2i1p1f1,2023,12,12,0.0,16.277657,3.017566,2023
3268,r2i1p1f1,2023,12,13,66.75172200193629,8.125565,-0.60719466,2023
3269,r2i1p1f1,2023,12,14,8.854728587119517,6.0437546,-0.64340305,2023
3270,r2i1p1f1,2023,12,15,0.029351270999401234,3.2484355,-5.2207465,2023
3271,r2i1p1f1,2023,12,16,6.124840045371754,1.164176,-3.9786415,2023
3272,r2i1p1f1,2023,12,17,27.14192402961019,2.4494073,-2.388552,2023
3273,r2i1p1f1,2023,12,18,0.0,11.490163,-6.9499574,2023
3274,r2i1p1f1,2023,12,19,0.0,9.465085,-3.8848865,2023
3275,r2i1p1f1,2023,12,20,0.0,11.996733,0.35229003,2023
3276,r2i1p1f1,2023,12,21,0.0,10.707982,-1.0635135,2023
3277,r2i1p1f1,2023,12,22,26.4463556111038,5.482433,0.15155342,2023
3278,r2i1p1f1,2023,12,23,5.045335400217692,4.355457,-0.26612902,2023
3279,r2i1p1f1,2023,12,24,0.0,9.212711,-1.7637568,2023
3280,r2i1p1f1,2023,12,25,0.0,8.430051,2.0752428,2023
3281,r2i1p1f1,2023,12,26,10.198268684213803,5.1611958,0.4853005,2023
3282,r2i1p1f1,2023,12,27,14.720681345408174,4.9178066,0.5906493,2023
3283,r2i1p1f1,2023,12,28,29.358552703230927,2.145546,-3.1105146,2023
3284,r2i1p1f1,2023,12,29,15.841093662524704,2.639763,-8.548983,2023
3285,r2i1p1f1,2023,12,30,28.689572505670814,1.8733575,-8.605015,2023
3286,r2i1p1f1,2023,12,31,16.961670937598683,1.987077,-3.5054905,2023
3287,r2i1p1f1,2024,01,01,34.2264838545816,2.1587918,-1.6846313,2024
3288,r2i1p1f1,2024,01,02,7.353108658851572,4.120281,-1.067983,2024
3289,r2i1p1f1,2024,01,03,0.0,8.123471,-0.927142,2024
3290,r2i1p1f1,2024,01,04,0.6809924800528768,7.652407,0.4257779,2024
3291,r2i1p1f1,2024,01,05,20.741030992352396,6.869806,1.2974755,2024
3292,r2i1p1f1,2024,01,06,1.4840978420229827,5.444164,-0.07978977,2024
3293,r2i1p1f1,2024,01,07,1.395480873305552,6.4532776,1.7046851,2024
3294,r2i1p1f1,2024,01,08,0.0,8.345551,4.0087256,2024
3295,r2i1p1f1,2024,01,09,0.0,13.926706,1.9148871,2024
3296,r2i1p1f1,2024,01,10,0.0,14.332175,0.36171272,2024
3297,r2i1p1f1,2024,01,11,0.0,14.142483,0.15172656,2024
3298,r2i1p1f1,2024,01,12,0.0,14.47134,1.2213023,2024
3299,r2i1p1f1,2024,01,13,0.0,16.793716,3.2006078,2024
3300,r2i1p1f1,2024,01,14,0.0,15.746657,3.647392,2024
3301,r2i1p1f1,2024,01,15,0.0,14.496491,2.4478853,2024
3302,r2i1p1f1,2024,01,16,0.0,17.690948,2.1337736,2024
3303,r2i1p1f1,2024,01,17,0.0,18.236696,2.622499,2024
3304,r2i1p1f1,2024,01,18,0.0,19.527718,3.6087706,2024
3305,r2i1p1f1,2024,01,19,0.0,17.583473,3.045566,2024
3306,r2i1p1f1,2024,01,20,0.0,16.897194,3.1219795,2024
3307,r2i1p1f1,2024,01,21,0.0,16.409376,3.8408685,2024
3308,r2i1p1f1,2024,01,22,0.0,18.059296,3.128578,2024
3309,r2i1p1f1,2024,01,23,0.0,18.136929,3.0213444,2024
3310,r2i1p1f1,2024,01,24,0.0,17.03171,3.3489122,2024
3311,r2i1p1f1,2024,01,25,0.0,14.864251,4.2906556,2024
3312,r2i1p1f1,2024,01,26,0.0,15.413201,2.1073964,2024
3313,r2i1p1f1,2024,01,27,61.99562587381269,9.657197,-0.37922034,2024
3314,r2i1p1f1,2024,01,28,29.87159340244454,5.164663,0.5549458,2024
3315,r2i1p1f1,2024,01,29,35.50382719034902,6.4695067,-8.2108555,2024
3316,r2i1p1f1,2024,01,30,0.0,0.467144,-10.8411875,2024
3317,r2i1p1f1,2024,01,31,0.0,0.62509996,-7.7088623,2024
3318,r2i1p1f1,2024,02,01,18.716805059879196,-0.3266803,-6.908513,2024
3319,r2i1p1f1,2024,02,02,16.017635686540206,2.9861739,-6.087397,2024
3320,r2i1p1f1,2024,02,03,3.4565152324725763,4.1542153,-1.4489174,2024
3321,r2i1p1f1,2024,02,04,0.0,9.572642,-4.863811,2024
3322,r2i1p1f1,2024,02,05,0.0,12.732027,0.20803031,2024
3323,r2i1p1f1,2024,02,06,0.0,13.020179,1.2985102,2024
3324,r2i1p1f1,2024,02,07,0.0,7.8769984,0.20841892,2024
3325,r2i1p1f1,2024,02,08,99.68837559258995,9.451038,-0.88471866,2024
3326,r2i1p1f1,2024,02,09,95.55814335158524,9.261912,-0.7634071,2024
3327,r2i1p1f1,2024,02,10,15.794417811020349,6.635304,-1.7759418,2024
3328,r2i1p1f1,2024,02,11,34.8682173097936,5.4384713,-0.30639648,2024
3329,r2i1p1f1,2024,02,12,25.740424786999938,6.20601,-0.1662223,2024
3330,r2i1p1f1,2024,02,13,0.0,10.574423,-5.2200427,2024
3331,r2i1p1f1,2024,02,14,0.0,12.730471,-3.6302679,2024
3332,r2i1p1f1,2024,02,15,45.16995604812669,7.583982,-4.616029,2024
3333,r2i1p1f1,2024,02,16,4.367641152972423,7.9,-6.488746,2024
3334,r2i1p1f1,2024,02,17,0.0,12.818659,-6.1177692,2024
3335,r2i1p1f1,2024,02,18,0.0,12.9785595,-4.924781,2024
3336,r2i1p1f1,2024,02,19,0.0,10.157722,-4.178563,2024
3337,r2i1p1f1,2024,02,20,0.0,7.8071017,-3.8424122,2024
3338,r2i1p1f1,2024,02,21,0.0,10.641931,-3.9752464,2024
3339,r2i1p1f1,2024,02,22,0.0,9.994443,-2.5365388,2024
3340,r2i1p1f1,2024,02,23,17.751443195111978,4.032644,-1.2232682,2024
3341,r2i1p1f1,2024,02,24,11.972923213257813,3.4943373,-1.5444022,2024
3342,r2i1p1f1,2024,02,25,16.956565731939357,4.0156107,-0.38832864,2024
3343,r2i1p1f1,2024,02,26,46.278962009819224,4.3777747,-0.79324675,2024
3344,r2i1p1f1,2024,02,27,9.381647764810342,5.195044,-0.8841084,2024
3345,r2i1p1f1,2024,02,28,0.0,9.110585,-3.7775922,2024
3346,r2i1p1f1,2024,02,29,0.0,11.004224,0.8681046,2024
3347,r2i1p1f1,2024,03,01,10.308804377452292,6.398241,-4.4503,2024
3348,r2i1p1f1,2024,03,02,13.787180216128876,1.7166727,-2.3474543,2024
3349,r2i1p1f1,2024,03,03,13.442796504442903,4.9130545,-1.630436,2024
3350,r2i1p1f1,2024,03,04,0.0,8.412495,-3.5411255,2024
3351,r2i1p1f1,2024,03,05,61.328911588778006,5.476924,-4.5231757,2024
3352,r2i1p1f1,2024,03,06,84.79011368203479,5.5338264,-1.4655645,2024
3353,r2i1p1f1,2024,03,07,47.51094508683309,6.023722,-0.28575888,2024
3354,r2i1p1f1,2024,03,08,0.0,10.868288,-0.6771433,2024
3355,r2i1p1f1,2024,03,09,0.0,11.109736,-0.1884127,2024
3356,r2i1p1f1,2024,03,10,0.0,13.276727,2.2838469,2024
3357,r2i1p1f1,2024,03,11,0.0,16.560305,-0.7605174,2024
3358,r2i1p1f1,2024,03,12,0.0,12.467579,-1.1614791,2024
3359,r2i1p1f1,2024,03,13,0.0,14.858619,-2.3765059,2024
3360,r2i1p1f1,2024,03,14,0.0,14.0631075,-1.2616827,2024
3361,r2i1p1f1,2024,03,15,0.0,14.518308,-1.3408964,2024
3362,r2i1p1f1,2024,03,16,0.0,15.326511,-0.62048936,2024
3363,r2i1p1f1,2024,03,17,0.0,16.401445,-1.1459322,2024
3364,r2i1p1f1,2024,03,18,0.0,13.409953,-1.3767712,2024
3365,r2i1p1f1,2024,03,19,22.93893583141303,9.072321,-5.8792744,2024
3366,r2i1p1f1,2024,03,20,63.783521270110775,5.979526,-6.4234266,2024
3367,r2i1p1f1,2024,03,21,14.124710367468651,1.8208349,-5.3189645,2024
3368,r2i1p1f1,2024,03,22,4.417499792592794,4.6062107,-9.857474,2024
3369,r2i1p1f1,2024,03,23,24.814148932301368,2.9308257,-1.1732639,2024
3370,r2i1p1f1,2024,03,24,44.51275893057195,6.0348635,-0.05515358,2024
3371,r2i1p1f1,2024,03,25,32.38114123926677,10.128115,-4.2113876,2024
3372,r2i1p1f1,2024,03,26,36.35700481681852,6.824956,-3.6456707,2024
3373,r2i1p1f1,2024,03,27,0.38275394001280244,9.047456,-4.2649612,2024
3374,r2i1p1f1,2024,03,28,0.0,16.770884,-2.5533965,2024
3375,r2i1p1f1,2024,03,29,0.0,19.333212,-1.5853232,2024
3376,r2i1p1f1,2024,03,30,0.0,20.669085,0.9511163,2024
3377,r2i1p1f1,2024,03,31,0.0,19.587116,1.7947345,2024
3378,r2i1p1f1,2024,04,01,0.0,19.957348,6.1484084,2024
3379,r2i1p1f1,2024,04,02,0.0,22.757158,6.2969856,2024
3380,r2i1p1f1,2024,04,03,0.0,23.792196,5.245814,2024
3381,r2i1p1f1,2024,04,04,0.0,22.73398,6.178865,2024
3382,r2i1p1f1,2024,04,05,0.0,24.029228,8.377522,2024
3383,r2i1p1f1,2024,04,06,0.0,22.165676,6.2027426,2024
3384,r2i1p1f1,2024,04,07,0.0,19.392874,4.63718,2024
3385,r2i1p1f1,2024,04,08,2.7599539742298544,14.942139,5.564428,2024
3386,r2i1p1f1,2024,04,09,0.0,17.528133,3.5363605,2024
3387,r2i1p1f1,2024,04,10,0.0,19.917875,3.5030231,2024
3388,r2i1p1f1,2024,04,11,0.2776101943219636,17.953407,5.4209213,2024
3389,r2i1p1f1,2024,04,12,48.17900364981212,13.43792,-3.2624593,2024
3390,r2i1p1f1,2024,04,13,0.0,15.980832,2.0194948,2024
3391,r2i1p1f1,2024,04,14,0.0,17.813082,-0.30475146,2024
3392,r2i1p1f1,2024,04,15,0.0,18.319204,2.2493534,2024
3393,r2i1p1f1,2024,04,16,20.005771070002364,12.573842,-2.8521264,2024
3394,r2i1p1f1,2024,04,17,48.493904913462195,6.820911,-2.488608,2024
3395,r2i1p1f1,2024,04,18,7.300430852046702,4.538142,-0.7202081,2024
3396,r2i1p1f1,2024,04,19,2.8285151477225905,8.953457,0.17671047,2024
3397,r2i1p1f1,2024,04,20,0.0,12.709355,-2.6875885,2024
3398,r2i1p1f1,2024,04,21,2.667782970960476,9.828636,-4.096693,2024
3399,r2i1p1f1,2024,04,22,0.0,13.062158,-2.5025213,2024
3400,r2i1p1f1,2024,04,23,0.0,12.706519,6.723905,2024
3401,r2i1p1f1,2024,04,24,8.856981618781061,10.385816,-2.6303115,2024
3402,r2i1p1f1,2024,04,25,3.2256508185407884,8.656877,-0.96531236,2024
3403,r2i1p1f1,2024,04,26,3.4568071744685698,12.392787,-1.7084781,2024
3404,r2i1p1f1,2024,04,27,0.0,17.338549,0.8265489,2024
3405,r2i1p1f1,2024,04,28,0.1901348588244918,16.242523,2.431285,2024
3406,r2i1p1f1,2024,04,29,0.0,15.104277,-0.48979363,2024
3407,r2i1p1f1,2024,04,30,0.0,15.91239,2.201379,2024
3408,r2i1p1f1,2024,05,01,0.0634102168336225,13.826817,3.520275,2024
3409,r2i1p1f1,2024,05,02,0.3066707009286172,10.877114,-1.3845211,2024
3410,r2i1p1f1,2024,05,03,0.0,16.082563,-0.9311315,2024
3411,r2i1p1f1,2024,05,04,0.0,20.132952,2.940658,2024
3412,r2i1p1f1,2024,05,05,0.0,19.692652,3.755663,2024
3413,r2i1p1f1,2024,05,06,1.2243434998254088,13.76888,0.40743795,2024
3414,r2i1p1f1,2024,05,07,7.211861522787681,16.225761,-0.8526816,2024
3415,r2i1p1f1,2024,05,08,0.0,19.466702,2.2425354,2024
3416,r2i1p1f1,2024,05,09,0.0,19.608805,5.7410254,2024
3417,r2i1p1f1,2024,05,10,0.0,18.624792,6.382018,2024
3418,r2i1p1f1,2024,05,11,0.0,18.652418,3.371906,2024
3419,r2i1p1f1,2024,05,12,0.0,18.893476,3.7144666,2024
3420,r2i1p1f1,2024,05,13,2.2022050530862405,17.791697,1.6380714,2024
3421,r2i1p1f1,2024,05,14,0.0,20.862177,4.4623537,2024
3422,r2i1p1f1,2024,05,15,0.0,20.15158,1.6071566,2024
3423,r2i1p1f1,2024,05,16,5.885551428554418,14.870183,1.5712745,2024
3424,r2i1p1f1,2024,05,17,5.372957213022835,11.612753,-1.5280625,2024
3425,r2i1p1f1,2024,05,18,0.6292633729642078,16.282803,4.315285,2024
3426,r2i1p1f1,2024,05,19,6.019582553451003,10.179514,1.3957528,2024
3427,r2i1p1f1,2024,05,20,7.503947454167176,10.560417,-0.986919,2024
3428,r2i1p1f1,2024,05,21,3.2786508044339895,14.026452,2.4787848,2024
3429,r2i1p1f1,2024,05,22,0.02204129033578703,23.733383,6.4234943,2024
3430,r2i1p1f1,2024,05,23,0.6012442595210115,22.861855,7.0794272,2024
3431,r2i1p1f1,2024,05,24,47.659244894748554,14.73426,-1.1050771,2024
3432,r2i1p1f1,2024,05,25,27.128721468258075,9.430483,-2.9331043,2024
3433,r2i1p1f1,2024,05,26,5.0910392581919535,10.379404,-4.5084176,2024
3434,r2i1p1f1,2024,05,27,0.0,17.128082,3.3225574,2024
3435,r2i1p1f1,2024,05,28,1.2218505624892155,14.458199,3.0822875,2024
3436,r2i1p1f1,2024,05,29,8.699046122176068,11.130925,-0.20069622,2024
3437,r2i1p1f1,2024,05,30,8.801311741011046,11.238601,1.7904867,2024
3438,r2i1p1f1,2024,05,31,6.326372499041519,13.574429,3.2530665,2024
3439,r2i1p1f1,2024,06,01,1.0237836744636297,19.565756,2.8844607,2024
3440,r2i1p1f1,2024,06,02,0.0,20.740284,5.1322174,2024
3441,r2i1p1f1,2024,06,03,0.0,18.114035,4.817152,2024
3442,r2i1p1f1,2024,06,04,8.174034983746354,14.982059,3.782284,2024
3443,r2i1p1f1,2024,06,05,8.620511063187363,16.18921,4.528889,2024
3444,r2i1p1f1,2024,06,06,0.0,22.74394,6.433658,2024
3445,r2i1p1f1,2024,06,07,10.046351999447394,18.693365,4.5315967,2024
3446,r2i1p1f1,2024,06,08,0.07923247255978193,16.964117,4.7423577,2024
3447,r2i1p1f1,2024,06,09,5.740242807307648,13.705224,3.9074616,2024
3448,r2i1p1f1,2024,06,10,6.585003607310332,14.435293,5.6064744,2024
3449,r2i1p1f1,2024,06,11,0.00010436857040146536,19.921959,7.298386,2024
3450,r2i1p1f1,2024,06,12,0.0,19.945492,6.6359386,2024
3451,r2i1p1f1,2024,06,13,11.991578172399805,16.045078,6.526898,2024
3452,r2i1p1f1,2024,06,14,0.18772811943283438,21.38724,5.88789,2024
3453,r2i1p1f1,2024,06,15,0.0904904789702134,22.027534,7.741879,2024
3454,r2i1p1f1,2024,06,16,4.147845897275077,16.9316,3.3798676,2024
3455,r2i1p1f1,2024,06,17,0.2086981764128163,16.316973,4.071239,2024
3456,r2i1p1f1,2024,06,18,0.0,23.203886,7.2940297,2024
3457,r2i1p1f1,2024,06,19,0.0,24.37101,8.786257,2024
3458,r2i1p1f1,2024,06,20,0.0,21.887,7.286848,2024
3459,r2i1p1f1,2024,06,21,0.0,22.87649,6.624537,2024
3460,r2i1p1f1,2024,06,22,0.0,24.948624,6.6092405,2024
3461,r2i1p1f1,2024,06,23,0.0,25.492481,8.301967,2024
3462,r2i1p1f1,2024,06,24,0.0,25.53056,9.987243,2024
3463,r2i1p1f1,2024,06,25,0.0,27.14477,12.301398,2024
3464,r2i1p1f1,2024,06,26,0.0,26.782597,12.090041,2024
3465,r2i1p1f1,2024,06,27,0.0,26.89941,10.588264,2024
3466,r2i1p1f1,2024,06,28,0.0,27.977226,11.7641535,2024
3467,r2i1p1f1,2024,06,29,0.0,28.277857,12.79219,2024
3468,r2i1p1f1,2024,06,30,0.0,28.714005,12.046419,2024
3469,r2i1p1f1,2024,07,01,0.0,28.89856,12.566615,2024
3470,r2i1p1f1,2024,07,02,0.0,28.558712,13.212177,2024
3471,r2i1p1f1,2024,07,03,0.0,29.981295,12.977628,2024
3472,r2i1p1f1,2024,07,04,0.0,30.375546,14.172805,2024
3473,r2i1p1f1,2024,07,05,0.0,30.890732,13.783828,2024
3474,r2i1p1f1,2024,07,06,0.0,29.794565,12.666099,2024
3475,r2i1p1f1,2024,07,07,0.0,28.357447,11.0525875,2024
3476,r2i1p1f1,2024,07,08,0.0,24.749937,10.199265,2024
3477,r2i1p1f1,2024,07,09,0.0,25.286417,9.146004,2024
3478,r2i1p1f1,2024,07,10,0.0,28.240587,10.67205,2024
3479,r2i1p1f1,2024,07,11,0.0,29.655102,12.48456,2024
3480,r2i1p1f1,2024,07,12,0.0,30.898651,13.619516,2024
3481,r2i1p1f1,2024,07,13,0.0,30.542162,13.38199,2024
3482,r2i1p1f1,2024,07,14,0.0,27.85724,12.661157,2024
3483,r2i1p1f1,2024,07,15,0.0,29.164303,11.405253,2024
3484,r2i1p1f1,2024,07,16,0.0,29.790161,12.152139,2024
3485,r2i1p1f1,2024,07,17,0.0,32.382755,14.7482,2024
3486,r2i1p1f1,2024,07,18,0.0,33.78702,16.489199,2024
3487,r2i1p1f1,2024,07,19,0.0,34.344833,16.48525,2024
3488,r2i1p1f1,2024,07,20,3.5253725788956776,32.951077,16.213148,2024
3489,r2i1p1f1,2024,07,21,0.0,31.600536,15.39999,2024
3490,r2i1p1f1,2024,07,22,0.0,31.255878,14.886999,2024
3491,r2i1p1f1,2024,07,23,0.0,30.536303,13.48127,2024
3492,r2i1p1f1,2024,07,24,0.0,28.649332,12.056819,2024
3493,r2i1p1f1,2024,07,25,1.4056921599638792,25.804293,10.675838,2024
3494,r2i1p1f1,2024,07,26,8.252060832483739,23.660336,10.323001,2024
3495,r2i1p1f1,2024,07,27,19.98756504287415,19.333487,10.598675,2024
3496,r2i1p1f1,2024,07,28,11.81442188713985,25.710526,10.238631,2024
3497,r2i1p1f1,2024,07,29,2.9232584726392257,27.08016,9.985217,2024
3498,r2i1p1f1,2024,07,30,3.0606325102570944,26.745697,15.062742,2024
3499,r2i1p1f1,2024,07,31,0.0021490758976702076,27.031378,12.397183,2024
3500,r2i1p1f1,2024,08,01,0.0,27.804874,11.172834,2024
3501,r2i1p1f1,2024,08,02,0.0,29.274801,12.614409,2024
3502,r2i1p1f1,2024,08,03,0.0,30.16708,13.744112,2024
3503,r2i1p1f1,2024,08,04,0.0,29.995499,12.998221,2024
3504,r2i1p1f1,2024,08,05,0.0,29.899796,14.0356245,2024
3505,r2i1p1f1,2024,08,06,0.0,28.932686,12.020213,2024
3506,r2i1p1f1,2024,08,07,0.0,26.974497,10.4918,2024
3507,r2i1p1f1,2024,08,08,0.0,27.39438,9.821968,2024
3508,r2i1p1f1,2024,08,09,0.0,27.760386,10.386243,2024
3509,r2i1p1f1,2024,08,10,0.0,28.023983,13.015236,2024
3510,r2i1p1f1,2024,08,11,0.0,26.559326,9.557066,2024
3511,r2i1p1f1,2024,08,12,0.0,25.620361,9.729612,2024
3512,r2i1p1f1,2024,08,13,0.0,29.305414,11.020163,2024
3513,r2i1p1f1,2024,08,14,0.0,30.86683,13.704148,2024
3514,r2i1p1f1,2024,08,15,0.0,30.642603,14.140161,2024
3515,r2i1p1f1,2024,08,16,0.22403548886918892,30.323458,13.795291,2024
3516,r2i1p1f1,2024,08,17,0.1590909088218513,28.463911,13.878953,2024
3517,r2i1p1f1,2024,08,18,0.0,28.124605,11.077145,2024
3518,r2i1p1f1,2024,08,19,0.0,27.102533,10.334384,2024
3519,r2i1p1f1,2024,08,20,0.0,27.270473,10.895012,2024
3520,r2i1p1f1,2024,08,21,0.0,26.378286,8.613848,2024
3521,r2i1p1f1,2024,08,22,0.0,22.421122,7.2823844,2024
3522,r2i1p1f1,2024,08,23,0.0,25.960894,9.210134,2024
3523,r2i1p1f1,2024,08,24,0.0,28.673296,10.694089,2024
3524,r2i1p1f1,2024,08,25,0.0,29.886803,11.336902,2024
3525,r2i1p1f1,2024,08,26,0.0,29.570312,11.766804,2024
3526,r2i1p1f1,2024,08,27,0.0,29.549936,12.842022,2024
3527,r2i1p1f1,2024,08,28,0.0,29.708199,11.612635,2024
3528,r2i1p1f1,2024,08,29,0.0,26.949726,8.429077,2024
3529,r2i1p1f1,2024,08,30,0.0,25.042555,7.699484,2024
3530,r2i1p1f1,2024,08,31,0.0,24.439013,8.497709,2024
3531,r2i1p1f1,2024,09,01,0.0,24.024794,8.43053,2024
3532,r2i1p1f1,2024,09,02,0.0,25.811232,10.101982,2024
3533,r2i1p1f1,2024,09,03,0.0,26.84978,9.861294,2024
3534,r2i1p1f1,2024,09,04,0.0,26.71062,9.009087,2024
3535,r2i1p1f1,2024,09,05,0.0,24.89012,8.417676,2024
3536,r2i1p1f1,2024,09,06,0.0,24.026108,8.061154,2024
3537,r2i1p1f1,2024,09,07,0.0,27.922632,9.580097,2024
3538,r2i1p1f1,2024,09,08,0.0,28.590025,11.174241,2024
3539,r2i1p1f1,2024,09,09,0.0,30.269556,12.812602,2024
3540,r2i1p1f1,2024,09,10,0.0,31.16789,13.900212,2024
3541,r2i1p1f1,2024,09,11,0.0,32.21274,15.229384,2024
3542,r2i1p1f1,2024,09,12,0.0,31.737066,14.389907,2024
3543,r2i1p1f1,2024,09,13,0.0,31.214857,14.251704,2024
3544,r2i1p1f1,2024,09,14,0.0,32.3726,15.376252,2024
3545,r2i1p1f1,2024,09,15,0.9408640440037394,30.99227,16.25111,2024
3546,r2i1p1f1,2024,09,16,0.0,29.53664,13.885117,2024
3547,r2i1p1f1,2024,09,17,0.0,26.797993,11.628137,2024
3548,r2i1p1f1,2024,09,18,0.007306840975965874,29.589762,12.33315,2024
3549,r2i1p1f1,2024,09,19,0.0,30.792065,14.804182,2024
3550,r2i1p1f1,2024,09,20,0.0,33.304745,16.52019,2024
3551,r2i1p1f1,2024,09,21,0.0062794669737251336,26.462353,11.1778145,2024
3552,r2i1p1f1,2024,09,22,1.3317433557578904,18.157486,6.5543075,2024
3553,r2i1p1f1,2024,09,23,0.005876203739227584,19.942139,5.4975486,2024
3554,r2i1p1f1,2024,09,24,0.0,20.0602,7.3401804,2024
3555,r2i1p1f1,2024,09,25,0.0,21.63474,8.8496685,2024
3556,r2i1p1f1,2024,09,26,0.0,23.564741,8.639783,2024
3557,r2i1p1f1,2024,09,27,0.0,25.029322,11.129137,2024
3558,r2i1p1f1,2024,09,28,0.0,23.390034,9.836982,2024
3559,r2i1p1f1,2024,09,29,0.0,18.593496,6.4574013,2024
3560,r2i1p1f1,2024,09,30,0.0,20.046783,6.9119315,2024
3561,r2i1p1f1,2024,10,01,0.0,26.960167,9.322721,2024
3562,r2i1p1f1,2024,10,02,0.0,30.044127,12.588124,2024
3563,r2i1p1f1,2024,10,03,0.0,29.743809,12.84387,2024
3564,r2i1p1f1,2024,10,04,0.0,29.83374,12.763455,2024
3565,r2i1p1f1,2024,10,05,0.0,28.367828,12.386399,2024
3566,r2i1p1f1,2024,10,06,0.0,21.12898,5.1614504,2024
3567,r2i1p1f1,2024,10,07,0.0,15.106988,1.7565261,2024
3568,r2i1p1f1,2024,10,08,16.215673737217283,9.513277,-2.9817595,2024
3569,r2i1p1f1,2024,10,09,18.06374501298146,7.6132193,0.25458184,2024
3570,r2i1p1f1,2024,10,10,14.448638865276454,7.668892,1.8995283,2024
3571,r2i1p1f1,2024,10,11,4.366530385550504,9.86528,0.028040862,2024
3572,r2i1p1f1,2024,10,12,0.0,14.56691,-0.58500385,2024
3573,r2i1p1f1,2024,10,13,0.09786640982313727,15.475842,4.234779,2024
3574,r2i1p1f1,2024,10,14,2.622509986192129,20.483711,6.331843,2024
3575,r2i1p1f1,2024,10,15,0.0,21.193838,5.921114,2024
3576,r2i1p1f1,2024,10,16,0.0,20.625532,5.9048557,2024
3577,r2i1p1f1,2024,10,17,0.0,23.936712,6.9222426,2024
3578,r2i1p1f1,2024,10,18,0.0,23.38305,8.259917,2024
3579,r2i1p1f1,2024,10,19,0.0,23.190762,8.727624,2024
3580,r2i1p1f1,2024,10,20,0.0,23.06195,8.107815,2024
3581,r2i1p1f1,2024,10,21,0.0,23.322979,10.375283,2024
3582,r2i1p1f1,2024,10,22,0.0,23.749271,9.415959,2024
3583,r2i1p1f1,2024,10,23,38.05467576424304,18.004435,7.264778,2024
3584,r2i1p1f1,2024,10,24,16.96699180952587,12.557055,7.441017,2024
3585,r2i1p1f1,2024,10,25,38.30460627303602,13.496258,6.315557,2024
3586,r2i1p1f1,2024,10,26,0.40006371421511105,14.581862,0.45046273,2024
3587,r2i1p1f1,2024,10,27,0.0,13.140683,-0.9400314,2024
3588,r2i1p1f1,2024,10,28,0.19041331871938802,11.916128,1.5909145,2024
3589,r2i1p1f1,2024,10,29,27.91961967730178,8.558973,3.4052937,2024
3590,r2i1p1f1,2024,10,30,11.841550948940075,7.6100516,1.7030145,2024
3591,r2i1p1f1,2024,10,31,14.365854873050502,9.627625,-0.1789272,2024
3592,r2i1p1f1,2024,11,01,0.0,12.736685,-1.5066003,2024
3593,r2i1p1f1,2024,11,02,0.0,12.269969,-0.6168168,2024
3594,r2i1p1f1,2024,11,03,0.043885254098523334,11.736435,1.05096,2024
3595,r2i1p1f1,2024,11,04,1.9802361271663709,8.574709,1.4455731,2024
3596,r2i1p1f1,2024,11,05,1.1148143301957485,6.6973386,1.4777918,2024
3597,r2i1p1f1,2024,11,06,22.701210778009575,6.443343,1.3531374,2024
3598,r2i1p1f1,2024,11,07,82.28402770697497,6.1841187,1.3927784,2024
3599,r2i1p1f1,2024,11,08,57.17617792722125,7.2427588,3.36218,2024
3600,r2i1p1f1,2024,11,09,31.03333994177564,11.186953,4.831539,2024
3601,r2i1p1f1,2024,11,10,0.0,15.628354,2.169707,2024
3602,r2i1p1f1,2024,11,11,0.0,15.815527,3.0282004,2024
3603,r2i1p1f1,2024,11,12,0.0,14.725633,4.386548,2024
3604,r2i1p1f1,2024,11,13,0.0,19.11576,5.265873,2024
3605,r2i1p1f1,2024,11,14,0.0,17.903833,5.0387626,2024
3606,r2i1p1f1,2024,11,15,1.0828658757488414,12.517219,6.1792808,2024
3607,r2i1p1f1,2024,11,16,8.088117100935332,12.815051,3.4547856,2024
3608,r2i1p1f1,2024,11,17,0.04694359724033767,11.109412,2.7057593,2024
3609,r2i1p1f1,2024,11,18,0.27004176096869953,9.175714,-0.35225725,2024
3610,r2i1p1f1,2024,11,19,0.0,7.9639487,0.39779603,2024
3611,r2i1p1f1,2024,11,20,0.0,8.999802,1.8132528,2024
3612,r2i1p1f1,2024,11,21,42.045226160385376,7.842008,1.0502911,2024
3613,r2i1p1f1,2024,11,22,50.435838523732784,8.840154,3.5429356,2024
3614,r2i1p1f1,2024,11,23,15.12411411296433,8.621022,-1.7554775,2024
3615,r2i1p1f1,2024,11,24,0.22123144544121504,6.6183653,0.35502908,2024
3616,r2i1p1f1,2024,11,25,0.26028281835911354,9.483283,0.039442502,2024
3617,r2i1p1f1,2024,11,26,42.16562279750808,8.0335245,2.0055459,2024
3618,r2i1p1f1,2024,11,27,12.076011241991251,3.8929632,-0.91271025,2024
3619,r2i1p1f1,2024,11,28,34.09922223475475,6.6887784,0.65859663,2024
3620,r2i1p1f1,2024,11,29,5.813030454037989,8.736548,0.6009624,2024
3621,r2i1p1f1,2024,11,30,91.72972390750566,7.2829823,0.9964258,2024
3622,r2i1p1f1,2024,12,01,30.23031104553061,6.5842786,-2.1457384,2024
3623,r2i1p1f1,2024,12,02,0.0,7.7310824,2.1866012,2024
3624,r2i1p1f1,2024,12,03,0.0,7.8319044,1.8531207,2024
3625,r2i1p1f1,2024,12,04,23.75674988501347,6.9099145,1.7891079,2024
3626,r2i1p1f1,2024,12,05,9.8741472850144,6.8898206,0.35101387,2024
3627,r2i1p1f1,2024,12,06,12.703777181405503,6.7321506,-4.470153,2024
3628,r2i1p1f1,2024,12,07,41.98839496642064,1.5773511,-2.218877,2024
3629,r2i1p1f1,2024,12,08,0.0,6.2989,0.9528126,2024
3630,r2i1p1f1,2024,12,09,0.0,13.719872,0.3192037,2024
3631,r2i1p1f1,2024,12,10,0.0,16.269484,1.2688824,2024
3632,r2i1p1f1,2024,12,11,0.0,15.57658,2.2629933,2024
3633,r2i1p1f1,2024,12,12,0.0,15.187549,3.4278102,2024
3634,r2i1p1f1,2024,12,13,0.0,15.787591,2.9746149,2024
3635,r2i1p1f1,2024,12,14,0.0,15.765654,3.1201916,2024
3636,r2i1p1f1,2024,12,15,0.0,15.799236,2.8540955,2024
3637,r2i1p1f1,2024,12,16,0.0,14.157596,2.1648304,2024
3638,r2i1p1f1,2024,12,17,0.0,13.758704,2.3562295,2024
3639,r2i1p1f1,2024,12,18,0.0,14.352899,2.3345065,2024
3640,r2i1p1f1,2024,12,19,0.0,13.08311,2.8603206,2024
3641,r2i1p1f1,2024,12,20,0.0,13.843531,2.2769232,2024
3642,r2i1p1f1,2024,12,21,0.0,15.447425,1.6487643,2024
3643,r2i1p1f1,2024,12,22,0.0,13.201467,1.948698,2024
3644,r2i1p1f1,2024,12,23,0.0,11.962002,0.98015136,2024
3645,r2i1p1f1,2024,12,24,0.0,12.150649,0.3828972,2024
3646,r2i1p1f1,2024,12,25,0.0,13.541663,0.2866919,2024
3647,r2i1p1f1,2024,12,26,0.0,12.202615,0.7135669,2024
3648,r2i1p1f1,2024,12,27,0.44282384943261816,8.001219,0.47965974,2024
3649,r2i1p1f1,2024,12,28,0.23107867088513628,1.2582476,-8.056761,2024
3650,r2i1p1f1,2024,12,29,5.104581255391867,-0.91634494,-10.956144,2024
3651,r2i1p1f1,2024,12,30,0.5745463352538466,-2.9327056,-10.208654,2024
3652,r2i1p1f1,2024,12,31,2.665791736430597,-6.204492,-14.269202,2024
3653,r2i1p1f1,2025,01,01,0.0,-2.9778035,-16.454847,2025
3654,r2i1p1f1,2025,01,02,6.511208534021325,-3.3709228,-8.354442,2025
3655,r2i1p1f1,2025,01,03,0.0,-1.9072015,-10.126448,2025
3656,r2i1p1f1,2025,01,04,0.0,1.3881255,-11.336294,2025
3657,r2i1p1f1,2025,01,05,0.0,4.0235324,-10.821685,2025
3658,r2i1p1f1,2025,01,06,0.0,7.681587,-7.5278373,2025
3659,r2i1p1f1,2025,01,07,0.0002984590642322124,5.6548715,-5.797116,2025
3660,r2i1p1f1,2025,01,08,29.5759654894657,1.9584597,-3.6648571,2025
3661,r2i1p1f1,2025,01,09,55.26642196972926,1.8386495,-2.124333,2025
3662,r2i1p1f1,2025,01,10,0.23912590332271905,5.304864,-0.096359156,2025
3663,r2i1p1f1,2025,01,11,0.23958153344490432,7.306052,1.3342897,2025
3664,r2i1p1f1,2025,01,12,0.0,10.045031,-4.120386,2025
3665,r2i1p1f1,2025,01,13,0.0,10.808145,-3.2881274,2025
3666,r2i1p1f1,2025,01,14,0.04959512969855076,8.525943,-2.0070057,2025
3667,r2i1p1f1,2025,01,15,0.0,7.0170364,-1.6223937,2025
3668,r2i1p1f1,2025,01,16,0.0,12.353999,-0.28229475,2025
3669,r2i1p1f1,2025,01,17,0.0,12.855398,0.21245663,2025
3670,r2i1p1f1,2025,01,18,0.0,10.043691,-1.5783013,2025
3671,r2i1p1f1,2025,01,19,0.0,13.096885,-1.9628484,2025
3672,r2i1p1f1,2025,01,20,0.0,12.091041,0.044801567,2025
3673,r2i1p1f1,2025,01,21,0.0,13.366953,-0.35252556,2025
3674,r2i1p1f1,2025,01,22,0.0,11.678232,-0.99485457,2025
3675,r2i1p1f1,2025,01,23,0.0,14.243857,0.61926854,2025
3676,r2i1p1f1,2025,01,24,0.0,14.265151,2.5779536,2025
3677,r2i1p1f1,2025,01,25,0.0,13.2239275,7.6479774,2025
3678,r2i1p1f1,2025,01,26,40.26159638664327,6.481901,-2.7050855,2025
3679,r2i1p1f1,2025,01,27,7.697315225574969,1.6847595,-4.225257,2025
3680,r2i1p1f1,2025,01,28,0.0,4.728912,-8.653946,2025
3681,r2i1p1f1,2025,01,29,0.0,5.5437,-8.505605,2025
3682,r2i1p1f1,2025,01,30,0.0,7.463781,-7.068933,2025
3683,r2i1p1f1,2025,01,31,0.0,12.567332,-2.4547346,2025
3684,r2i1p1f1,2025,02,01,0.0,10.545447,-0.54243106,2025
3685,r2i1p1f1,2025,02,02,0.0,18.068504,1.6904119,2025
3686,r2i1p1f1,2025,02,03,0.0,18.13448,0.9746771,2025
3687,r2i1p1f1,2025,02,04,0.0,17.499643,0.8719206,2025
3688,r2i1p1f1,2025,02,05,0.0,17.681026,1.4713248,2025
3689,r2i1p1f1,2025,02,06,0.0,17.249577,1.0499372,2025
3690,r2i1p1f1,2025,02,07,0.0,14.395117,1.544765,2025
3691,r2i1p1f1,2025,02,08,0.0,14.389545,0.7316562,2025
3692,r2i1p1f1,2025,02,09,2.8910529126943194,15.349206,1.1441457,2025
3693,r2i1p1f1,2025,02,10,0.0,18.048857,1.0146644,2025
3694,r2i1p1f1,2025,02,11,0.0,17.805794,0.0044030407,2025
3695,r2i1p1f1,2025,02,12,9.155974211283207,10.649865,1.1707748,2025
3696,r2i1p1f1,2025,02,13,8.877080629652202,8.203337,1.5954957,2025
3697,r2i1p1f1,2025,02,14,0.0,13.937449,-1.0409409,2025
3698,r2i1p1f1,2025,02,15,0.0,11.625564,-0.035247706,2025
3699,r2i1p1f1,2025,02,16,0.0,11.043484,-2.7176976,2025
3700,r2i1p1f1,2025,02,17,0.0,14.430323,-4.9113245,2025
3701,r2i1p1f1,2025,02,18,0.0,14.190537,-1.8738391,2025
3702,r2i1p1f1,2025,02,19,0.03855548521432166,10.127974,-2.4062555,2025
3703,r2i1p1f1,2025,02,20,0.33690275908716455,10.128765,-0.1543895,2025
3704,r2i1p1f1,2025,02,21,4.936137030185469,5.1733294,-1.6844158,2025
3705,r2i1p1f1,2025,02,22,0.0,11.539064,-4.5425577,2025
3706,r2i1p1f1,2025,02,23,0.0,9.726301,-3.7794738,2025
3707,r2i1p1f1,2025,02,24,0.0,14.017822,-0.89328617,2025
3708,r2i1p1f1,2025,02,25,0.0,11.841441,-0.07530721,2025
3709,r2i1p1f1,2025,02,26,0.0,12.041819,-2.2842314,2025
3710,r2i1p1f1,2025,02,27,0.0,13.994539,-1.0764042,2025
3711,r2i1p1f1,2025,02,28,0.0,14.168269,-0.56410265,2025
3712,r2i1p1f1,2025,03,01,0.0,15.00069,-1.2189866,2025
3713,r2i1p1f1,2025,03,02,0.0,14.850218,-2.0228589,2025
3714,r2i1p1f1,2025,03,03,0.0,14.999885,-1.7881967,2025
3715,r2i1p1f1,2025,03,04,0.0,15.472715,-2.1151707,2025
3716,r2i1p1f1,2025,03,05,0.0,16.343388,-0.70089537,2025
3717,r2i1p1f1,2025,03,06,0.0,16.426935,-0.5013358,2025
3718,r2i1p1f1,2025,03,07,0.0,17.57034,3.010006,2025
3719,r2i1p1f1,2025,03,08,0.0,17.428505,2.5019479,2025
3720,r2i1p1f1,2025,03,09,0.0,17.40098,1.3261279,2025
3721,r2i1p1f1,2025,03,10,0.0,18.016207,3.477003,2025
3722,r2i1p1f1,2025,03,11,0.0,16.181513,1.2690915,2025
3723,r2i1p1f1,2025,03,12,0.0,16.133926,0.9514604,2025
3724,r2i1p1f1,2025,03,13,0.0,17.396496,1.9164401,2025
3725,r2i1p1f1,2025,03,14,0.04210413761099447,13.562675,-1.8135071,2025
3726,r2i1p1f1,2025,03,15,0.0,16.713686,-0.28964156,2025
3727,r2i1p1f1,2025,03,16,0.0,16.457155,1.8199499,2025
3728,r2i1p1f1,2025,03,17,0.0,16.189432,1.6294193,2025
3729,r2i1p1f1,2025,03,18,0.0,18.313707,0.08782949,2025
3730,r2i1p1f1,2025,03,19,0.0,19.266134,1.5618948,2025
3731,r2i1p1f1,2025,03,20,0.0,20.523787,3.1676629,2025
3732,r2i1p1f1,2025,03,21,0.0,21.117256,2.5658104,2025
3733,r2i1p1f1,2025,03,22,0.0,16.380062,0.45054442,2025
3734,r2i1p1f1,2025,03,23,13.154734023723554,11.17581,3.2879338,2025
3735,r2i1p1f1,2025,03,24,53.464674051904765,8.46288,-1.735505,2025
3736,r2i1p1f1,2025,03,25,12.648339669752973,5.411035,-5.5146537,2025
3737,r2i1p1f1,2025,03,26,28.16986115470242,2.037708,-3.0094523,2025
3738,r2i1p1f1,2025,03,27,31.68796583598193,3.1511223,-5.2685556,2025
3739,r2i1p1f1,2025,03,28,1.121255030604446,6.2820463,-2.3291972,2025
3740,r2i1p1f1,2025,03,29,0.0,12.339423,-0.700778,2025
3741,r2i1p1f1,2025,03,30,0.0,15.24771,-2.819257,2025
3742,r2i1p1f1,2025,03,31,0.0,17.950369,0.08316597,2025
3743,r2i1p1f1,2025,04,01,0.0,21.07019,2.477068,2025
3744,r2i1p1f1,2025,04,02,0.0,22.143536,3.1317384,2025
3745,r2i1p1f1,2025,04,03,0.0,22.300114,4.0621586,2025
3746,r2i1p1f1,2025,04,04,0.0,20.7902,4.0902743,2025
3747,r2i1p1f1,2025,04,05,0.0,22.362406,3.9699402,2025
3748,r2i1p1f1,2025,04,06,0.0,22.131313,3.7766156,2025
3749,r2i1p1f1,2025,04,07,0.0,21.972233,3.4686306,2025
3750,r2i1p1f1,2025,04,08,0.0,19.684847,2.4964507,2025
3751,r2i1p1f1,2025,04,09,0.0,21.4577,2.105814,2025
3752,r2i1p1f1,2025,04,10,0.0,20.675903,3.3006713,2025
3753,r2i1p1f1,2025,04,11,0.0,17.322977,2.4606373,2025
3754,r2i1p1f1,2025,04,12,0.0391726224804118,16.476826,2.9609349,2025
3755,r2i1p1f1,2025,04,13,4.647312577704865,17.253912,-0.2821395,2025
3756,r2i1p1f1,2025,04,14,0.05169625622399438,20.031725,2.114563,2025
3757,r2i1p1f1,2025,04,15,7.38684668221,19.90132,2.3396823,2025
3758,r2i1p1f1,2025,04,16,0.0,19.49446,5.536862,2025
3759,r2i1p1f1,2025,04,17,0.0,19.965555,4.126018,2025
3760,r2i1p1f1,2025,04,18,0.0,17.63443,2.6743615,2025
3761,r2i1p1f1,2025,04,19,7.828665129692616,13.4366045,-0.73256147,2025
3762,r2i1p1f1,2025,04,20,0.0,18.997099,3.0060954,2025
3763,r2i1p1f1,2025,04,21,0.0,21.863808,6.5151386,2025
3764,r2i1p1f1,2025,04,22,0.0,18.52673,3.6665545,2025
3765,r2i1p1f1,2025,04,23,7.567314967421296,9.343779,-4.5344014,2025
3766,r2i1p1f1,2025,04,24,0.0,10.234001,-2.0322487,2025
3767,r2i1p1f1,2025,04,25,0.0,10.015959,-1.2572027,2025
3768,r2i1p1f1,2025,04,26,13.771830268860167,8.373652,-3.4315007,2025
3769,r2i1p1f1,2025,04,27,0.4264415063237091,15.314921,-2.9923992,2025
3770,r2i1p1f1,2025,04,28,0.0,18.532797,1.0449824,2025
3771,r2i1p1f1,2025,04,29,0.0,19.67221,4.273929,2025
3772,r2i1p1f1,2025,04,30,5.799558742168861,14.64332,-0.9212285,2025
3773,r2i1p1f1,2025,05,01,3.0921323355519585,6.4165516,-0.8870207,2025
3774,r2i1p1f1,2025,05,02,1.045642623522816,8.145994,1.5080477,2025
3775,r2i1p1f1,2025,05,03,4.39360595072895,9.716514,-5.169739,2025
3776,r2i1p1f1,2025,05,04,0.0,12.360026,1.8977369,2025
3777,r2i1p1f1,2025,05,05,1.5976028832693163,10.290054,4.100554,2025
3778,r2i1p1f1,2025,05,06,0.0,14.605716,0.34283105,2025
3779,r2i1p1f1,2025,05,07,0.0,15.163127,-0.3896624,2025
3780,r2i1p1f1,2025,05,08,0.07886546596777268,13.006124,-1.8783554,2025
3781,r2i1p1f1,2025,05,09,0.0,14.693408,-0.9997151,2025
3782,r2i1p1f1,2025,05,10,0.0,14.349209,0.8317085,2025
3783,r2i1p1f1,2025,05,11,0.0,21.59495,3.827422,2025
3784,r2i1p1f1,2025,05,12,0.0,26.366953,7.803727,2025
3785,r2i1p1f1,2025,05,13,0.06841678746590893,29.018066,11.395244,2025
3786,r2i1p1f1,2025,05,14,0.0,27.989645,10.688979,2025
3787,r2i1p1f1,2025,05,15,0.3530572935023184,25.000137,11.246925,2025
3788,r2i1p1f1,2025,05,16,2.0373880872214682,18.641005,2.988441,2025
3789,r2i1p1f1,2025,05,17,1.1232812726610484,20.450481,3.5148206,2025
3790,r2i1p1f1,2025,05,18,0.021391434557489656,23.38977,6.427333,2025
3791,r2i1p1f1,2025,05,19,0.0,24.40397,9.061239,2025
3792,r2i1p1f1,2025,05,20,0.27168434203653863,25.34715,8.174157,2025
3793,r2i1p1f1,2025,05,21,1.378429367580863,21.81387,6.7849464,2025
3794,r2i1p1f1,2025,05,22,0.08132181669330188,21.283442,7.895,2025
3795,r2i1p1f1,2025,05,23,0.15565957917435577,23.519478,5.514183,2025
3796,r2i1p1f1,2025,05,24,0.025590699540491466,22.817379,9.220899,2025
3797,r2i1p1f1,2025,05,25,1.428006950188249,22.359459,6.9994507,2025
3798,r2i1p1f1,2025,05,26,0.0,23.954454,9.947414,2025
3799,r2i1p1f1,2025,05,27,0.019343444336510193,25.718756,8.222534,2025
3800,r2i1p1f1,2025,05,28,19.24596966530841,18.29814,3.9996037,2025
3801,r2i1p1f1,2025,05,29,5.222728274076451,16.432726,0.96184814,2025
3802,r2i1p1f1,2025,05,30,0.09391441337636654,20.95139,9.775875,2025
3803,r2i1p1f1,2025,05,31,0.0,23.968315,7.911097,2025
3804,r2i1p1f1,2025,06,01,0.0,25.660702,8.716218,2025
3805,r2i1p1f1,2025,06,02,0.5140777894736787,21.6957,7.540984,2025
3806,r2i1p1f1,2025,06,03,0.001605935246446349,23.061445,5.037674,2025
3807,r2i1p1f1,2025,06,04,0.0,23.95628,4.770991,2025
3808,r2i1p1f1,2025,06,05,0.0,23.287481,7.841768,2025
3809,r2i1p1f1,2025,06,06,0.0,23.86546,7.8072414,2025
3810,r2i1p1f1,2025,06,07,0.0,24.823896,7.7605724,2025
3811,r2i1p1f1,2025,06,08,0.0,19.915401,5.362536,2025
3812,r2i1p1f1,2025,06,09,0.0,17.79449,2.3554125,2025
3813,r2i1p1f1,2025,06,10,0.0,19.97771,4.9814463,2025
3814,r2i1p1f1,2025,06,11,0.0,23.410685,6.2488875,2025
3815,r2i1p1f1,2025,06,12,0.0,26.057892,10.474298,2025
3816,r2i1p1f1,2025,06,13,0.0,25.675694,7.280508,2025
3817,r2i1p1f1,2025,06,14,0.0,15.904255,3.4959636,2025
3818,r2i1p1f1,2025,06,15,0.0,16.183716,0.34648728,2025
3819,r2i1p1f1,2025,06,16,0.0,19.51288,2.0956447,2025
3820,r2i1p1f1,2025,06,17,0.0,24.730232,6.62272,2025
3821,r2i1p1f1,2025,06,18,0.0,25.86225,8.129907,2025
3822,r2i1p1f1,2025,06,19,0.0,25.440971,6.886631,2025
3823,r2i1p1f1,2025,06,20,0.24266135779516146,21.963758,4.188683,2025
3824,r2i1p1f1,2025,06,21,1.7043723732058425,23.351898,6.085221,2025
3825,r2i1p1f1,2025,06,22,0.016320111129831415,25.785866,10.397349,2025
3826,r2i1p1f1,2025,06,23,0.3202030445838598,27.581217,11.54318,2025
3827,r2i1p1f1,2025,06,24,0.0,23.913555,9.858381,2025
3828,r2i1p1f1,2025,06,25,0.0,19.698229,4.652801,2025
3829,r2i1p1f1,2025,06,26,0.11413798581718136,21.00493,5.58775,2025
3830,r2i1p1f1,2025,06,27,0.0,20.175692,6.814781,2025
3831,r2i1p1f1,2025,06,28,0.0,22.15213,5.878006,2025
3832,r2i1p1f1,2025,06,29,0.0,25.454313,8.200302,2025
3833,r2i1p1f1,2025,06,30,0.0,29.43645,10.637581,2025
3834,r2i1p1f1,2025,07,01,0.0,32.577988,13.394053,2025
3835,r2i1p1f1,2025,07,02,0.0,32.774456,14.366777,2025
3836,r2i1p1f1,2025,07,03,0.0,31.686705,13.041453,2025
3837,r2i1p1f1,2025,07,04,0.0,32.599503,13.955523,2025
3838,r2i1p1f1,2025,07,05,0.0,34.96833,15.217383,2025
3839,r2i1p1f1,2025,07,06,0.0,35.037132,17.480543,2025
3840,r2i1p1f1,2025,07,07,0.38638490835602657,33.398182,17.013933,2025
3841,r2i1p1f1,2025,07,08,0.00615643528083008,33.028778,15.314168,2025
3842,r2i1p1f1,2025,07,09,0.0,32.724224,15.366712,2025
3843,r2i1p1f1,2025,07,10,0.0,33.196247,15.201541,2025
3844,r2i1p1f1,2025,07,11,0.0,32.92165,14.80312,2025
3845,r2i1p1f1,2025,07,12,0.0,32.2734,14.529014,2025
3846,r2i1p1f1,2025,07,13,0.0,30.96838,13.774953,2025
3847,r2i1p1f1,2025,07,14,0.0,29.403584,12.6344185,2025
3848,r2i1p1f1,2025,07,15,0.0,29.774273,11.73313,2025
3849,r2i1p1f1,2025,07,16,0.0,33.11707,15.202521,2025
3850,r2i1p1f1,2025,07,17,0.0,34.399395,16.599901,2025
3851,r2i1p1f1,2025,07,18,0.0,33.578465,15.861616,2025
3852,r2i1p1f1,2025,07,19,0.0,33.30773,15.271456,2025
3853,r2i1p1f1,2025,07,20,0.0,33.381023,15.794815,2025
3854,r2i1p1f1,2025,07,21,0.0,35.950794,17.313383,2025
3855,r2i1p1f1,2025,07,22,0.0,36.237984,18.27222,2025
3856,r2i1p1f1,2025,07,23,0.0,35.603024,17.884476,2025
3857,r2i1p1f1,2025,07,24,0.0,33.68576,15.689738,2025
3858,r2i1p1f1,2025,07,25,0.0,31.996386,15.539532,2025
3859,r2i1p1f1,2025,07,26,0.0,31.453451,15.121529,2025
3860,r2i1p1f1,2025,07,27,0.007769213061692426,31.694752,14.524123,2025
3861,r2i1p1f1,2025,07,28,0.35253664464807327,31.795034,16.089533,2025
3862,r2i1p1f1,2025,07,29,0.38310545544740865,32.18287,16.447836,2025
3863,r2i1p1f1,2025,07,30,0.5437174541069768,32.273087,16.421944,2025
3864,r2i1p1f1,2025,07,31,0.0,33.512627,17.276411,2025
3865,r2i1p1f1,2025,08,01,0.0,32.239433,15.362949,2025
3866,r2i1p1f1,2025,08,02,0.0,31.906036,15.379807,2025
3867,r2i1p1f1,2025,08,03,0.0,31.62741,15.861885,2025
3868,r2i1p1f1,2025,08,04,0.0,31.245287,15.4117775,2025
3869,r2i1p1f1,2025,08,05,0.0,31.03251,14.801213,2025
3870,r2i1p1f1,2025,08,06,0.0,31.472574,14.982106,2025
3871,r2i1p1f1,2025,08,07,0.0,31.85314,14.077214,2025
3872,r2i1p1f1,2025,08,08,0.0,31.77977,15.343603,2025
3873,r2i1p1f1,2025,08,09,0.0,32.15647,15.84613,2025
3874,r2i1p1f1,2025,08,10,0.0,31.876318,15.518415,2025
3875,r2i1p1f1,2025,08,11,0.0,30.360722,13.92134,2025
3876,r2i1p1f1,2025,08,12,0.009446143947290974,29.311104,12.378327,2025
3877,r2i1p1f1,2025,08,13,0.13598972113857583,29.180367,11.596674,2025
3878,r2i1p1f1,2025,08,14,0.0,29.251478,12.784107,2025
3879,r2i1p1f1,2025,08,15,0.0,28.406528,10.818711,2025
3880,r2i1p1f1,2025,08,16,0.0,27.037739,9.035427,2025
3881,r2i1p1f1,2025,08,17,0.0,26.86606,9.214751,2025
3882,r2i1p1f1,2025,08,18,0.0,27.880484,10.48086,2025
3883,r2i1p1f1,2025,08,19,0.0,27.88824,10.155711,2025
3884,r2i1p1f1,2025,08,20,0.0,27.616598,9.745798,2025
3885,r2i1p1f1,2025,08,21,0.0,27.020264,9.84481,2025
3886,r2i1p1f1,2025,08,22,0.0,26.784492,9.601511,2025
3887,r2i1p1f1,2025,08,23,0.0,26.106571,9.287856,2025
3888,r2i1p1f1,2025,08,24,0.0,23.115526,8.020497,2025
3889,r2i1p1f1,2025,08,25,0.0,22.46592,7.117892,2025
3890,r2i1p1f1,2025,08,26,0.0,23.688553,7.154906,2025
3891,r2i1p1f1,2025,08,27,0.0,28.699137,8.717867,2025
3892,r2i1p1f1,2025,08,28,0.0,29.904093,11.196316,2025
3893,r2i1p1f1,2025,08,29,0.0,29.828434,11.724602,2025
3894,r2i1p1f1,2025,08,30,0.0,29.639198,11.513298,2025
3895,r2i1p1f1,2025,08,31,0.0,27.91688,11.271679,2025
3896,r2i1p1f1,2025,09,01,0.0,26.872284,12.236403,2025
3897,r2i1p1f1,2025,09,02,0.0,25.721228,10.91791,2025
3898,r2i1p1f1,2025,09,03,0.0,25.854425,9.861587,2025
3899,r2i1p1f1,2025,09,04,0.0,22.597277,5.371729,2025
3900,r2i1p1f1,2025,09,05,0.0,22.356974,5.2988396,2025
3901,r2i1p1f1,2025,09,06,0.0,25.98628,8.246373,2025
3902,r2i1p1f1,2025,09,07,0.0,27.038828,10.177172,2025
3903,r2i1p1f1,2025,09,08,0.0,29.467924,11.534498,2025
3904,r2i1p1f1,2025,09,09,0.0,29.975328,13.0218115,2025
3905,r2i1p1f1,2025,09,10,0.0,29.012295,12.693223,2025
3906,r2i1p1f1,2025,09,11,0.0,28.91022,11.486519,2025
3907,r2i1p1f1,2025,09,12,0.0,29.055521,12.02209,2025
3908,r2i1p1f1,2025,09,13,0.0,28.299711,12.106414,2025
3909,r2i1p1f1,2025,09,14,0.0,26.88608,11.431248,2025
3910,r2i1p1f1,2025,09,15,0.0,23.71599,8.633831,2025
3911,r2i1p1f1,2025,09,16,0.0,24.643656,7.6912413,2025
3912,r2i1p1f1,2025,09,17,0.0,27.681368,9.836626,2025
3913,r2i1p1f1,2025,09,18,0.0,28.899279,11.102857,2025
3914,r2i1p1f1,2025,09,19,0.0,28.32226,12.814721,2025
3915,r2i1p1f1,2025,09,20,0.0,30.52452,15.307707,2025
3916,r2i1p1f1,2025,09,21,0.0,31.288193,14.605375,2025
3917,r2i1p1f1,2025,09,22,0.0,31.191036,14.509485,2025
3918,r2i1p1f1,2025,09,23,0.0,30.556593,11.919443,2025
3919,r2i1p1f1,2025,09,24,0.07979486611895062,30.722174,12.673127,2025
3920,r2i1p1f1,2025,09,25,2.7421890850536537,28.905243,13.564966,2025
3921,r2i1p1f1,2025,09,26,0.0,28.86767,13.4717865,2025
3922,r2i1p1f1,2025,09,27,0.0,24.156418,10.384863,2025
3923,r2i1p1f1,2025,09,28,0.0,28.099346,11.599992,2025
3924,r2i1p1f1,2025,09,29,0.0,29.220333,12.248392,2025
3925,r2i1p1f1,2025,09,30,0.0,27.98472,11.771536,2025
3926,r2i1p1f1,2025,10,01,0.0,26.199404,8.994888,2025
3927,r2i1p1f1,2025,10,02,0.0,22.460478,6.516064,2025
3928,r2i1p1f1,2025,10,03,0.0,24.259737,6.777672,2025
3929,r2i1p1f1,2025,10,04,0.0,25.196749,9.384722,2025
3930,r2i1p1f1,2025,10,05,0.0,30.16173,11.311452,2025
3931,r2i1p1f1,2025,10,06,0.005678674166959424,29.850693,12.697029,2025
3932,r2i1p1f1,2025,10,07,32.25640904812071,21.285692,8.475049,2025
3933,r2i1p1f1,2025,10,08,1.1903441169264484,16.720524,3.3941154,2025
3934,r2i1p1f1,2025,10,09,0.0,21.99445,5.760515,2025
3935,r2i1p1f1,2025,10,10,0.0,22.170153,8.099221,2025
3936,r2i1p1f1,2025,10,11,0.0,21.162252,7.2439537,2025
3937,r2i1p1f1,2025,10,12,0.0,21.623882,7.7058434,2025
3938,r2i1p1f1,2025,10,13,22.71684918489952,23.74669,9.751557,2025
3939,r2i1p1f1,2025,10,14,12.607339377063909,17.132294,5.292005,2025
3940,r2i1p1f1,2025,10,15,0.0,20.746107,4.850197,2025
3941,r2i1p1f1,2025,10,16,0.0,24.368328,6.9220004,2025
3942,r2i1p1f1,2025,10,17,0.0,24.366896,8.700393,2025
3943,r2i1p1f1,2025,10,18,0.0,25.652775,9.404992,2025
3944,r2i1p1f1,2025,10,19,0.0,22.712305,7.225681,2025
3945,r2i1p1f1,2025,10,20,0.0,15.614295,0.38297212,2025
3946,r2i1p1f1,2025,10,21,0.8463092104718201,12.475173,-0.4202603,2025
3947,r2i1p1f1,2025,10,22,0.8348335880817523,6.312664,-3.8367686,2025
3948,r2i1p1f1,2025,10,23,0.6310867624016772,5.9920626,-3.6741755,2025
3949,r2i1p1f1,2025,10,24,0.01503232426610059,6.4327097,-5.154161,2025
3950,r2i1p1f1,2025,10,25,0.6152448210601645,9.62911,-2.2363062,2025
3951,r2i1p1f1,2025,10,26,0.0,13.378205,-1.0899057,2025
3952,r2i1p1f1,2025,10,27,0.0,14.639922,-0.15556522,2025
3953,r2i1p1f1,2025,10,28,0.0,15.976412,1.0876588,2025
3954,r2i1p1f1,2025,10,29,0.0,18.141817,2.5597432,2025
3955,r2i1p1f1,2025,10,30,0.0,18.574123,2.2064106,2025
3956,r2i1p1f1,2025,10,31,0.0,18.945148,1.5271566,2025
3957,r2i1p1f1,2025,11,01,0.0,18.589106,3.415327,2025
3958,r2i1p1f1,2025,11,02,8.534351647260618,13.826635,3.1193135,2025
3959,r2i1p1f1,2025,11,03,25.709910726156803,4.2783346,-0.2965709,2025
3960,r2i1p1f1,2025,11,04,40.401827839041985,2.3530705,-4.5049243,2025
3961,r2i1p1f1,2025,11,05,0.0,0.7771666,-8.49844,2025
3962,r2i1p1f1,2025,11,06,0.0,0.5992741,-8.32168,2025
3963,r2i1p1f1,2025,11,07,0.0,6.125135,-6.8362174,2025
3964,r2i1p1f1,2025,11,08,0.0,10.524351,-4.6375575,2025
3965,r2i1p1f1,2025,11,09,0.0,12.211928,-1.993794,2025
3966,r2i1p1f1,2025,11,10,2.4969313952396988,9.426276,-1.2586458,2025
3967,r2i1p1f1,2025,11,11,13.592765759788632,7.88806,0.50933796,2025
3968,r2i1p1f1,2025,11,12,0.0,9.816455,3.1654701,2025
3969,r2i1p1f1,2025,11,13,0.0,12.430249,0.2651149,2025
3970,r2i1p1f1,2025,11,14,0.0,11.062838,0.94079524,2025
3971,r2i1p1f1,2025,11,15,0.0,15.751255,0.85383207,2025
3972,r2i1p1f1,2025,11,16,0.0,15.02232,2.814887,2025
3973,r2i1p1f1,2025,11,17,1.0749801350602166,11.261659,-0.5285628,2025
3974,r2i1p1f1,2025,11,18,0.0,10.6225395,-1.1592859,2025
3975,r2i1p1f1,2025,11,19,1.057676974309848,6.9231067,-1.9683431,2025
3976,r2i1p1f1,2025,11,20,16.09704579840092,5.370748,0.45961252,2025
3977,r2i1p1f1,2025,11,21,23.817758183800972,2.8107092,-1.2245876,2025
3978,r2i1p1f1,2025,11,22,21.892471398426167,3.2747037,-5.229248,2025
3979,r2i1p1f1,2025,11,23,20.18477670275248,2.5800679,-5.3211393,2025
3980,r2i1p1f1,2025,11,24,0.10315524666041781,4.2087674,-5.5942354,2025
3981,r2i1p1f1,2025,11,25,30.630566313182218,5.020011,-0.48369423,2025
3982,r2i1p1f1,2025,11,26,65.4845982673578,10.519481,1.1736479,2025
3983,r2i1p1f1,2025,11,27,41.76169893505106,7.986488,2.1183546,2025
3984,r2i1p1f1,2025,11,28,11.33971114749539,9.765052,4.7073746,2025
3985,r2i1p1f1,2025,11,29,1.6379899529755886,13.676733,1.4163452,2025
3986,r2i1p1f1,2025,11,30,0.010537036555783393,16.079472,3.1792219,2025
3987,r2i1p1f1,2025,12,01,0.0,13.165041,2.8791645,2025
3988,r2i1p1f1,2025,12,02,0.07172659374751114,10.479204,5.2989564,2025
3989,r2i1p1f1,2025,12,03,0.0,9.80857,3.798429,2025
3990,r2i1p1f1,2025,12,04,0.0,14.156558,0.44670328,2025
3991,r2i1p1f1,2025,12,05,0.0,11.387279,0.71387327,2025
3992,r2i1p1f1,2025,12,06,0.0,10.915761,5.505294,2025
3993,r2i1p1f1,2025,12,07,0.1316824146320309,10.084932,4.052422,2025
3994,r2i1p1f1,2025,12,08,30.147768225064144,9.692145,5.1683297,2025
3995,r2i1p1f1,2025,12,09,0.0,11.468879,1.818436,2025
3996,r2i1p1f1,2025,12,10,29.954091753237524,9.143108,2.6756806,2025
3997,r2i1p1f1,2025,12,11,85.04418030542394,12.037368,-0.70856386,2025
3998,r2i1p1f1,2025,12,12,0.18706563928062153,4.883872,-0.029937549,2025
3999,r2i1p1f1,2025,12,13,20.02913149660274,9.369427,-0.20906731,2025
4000,r2i1p1f1,2025,12,14,59.116885780867264,6.4819107,-0.5337128,2025
4001,r2i1p1f1,2025,12,15,21.113158485688754,2.0292041,-9.1031275,2025
4002,r2i1p1f1,2025,12,16,0.0,0.417806,-8.152695,2025
4003,r2i1p1f1,2025,12,17,0.0,1.8052145,-3.5892122,2025
4004,r2i1p1f1,2025,12,18,0.03853661138726658,3.490106,-1.2588725,2025
4005,r2i1p1f1,2025,12,19,0.0,4.9788694,-0.03841322,2025
4006,r2i1p1f1,2025,12,20,22.482895055033552,3.4207332,-2.083612,2025
4007,r2i1p1f1,2025,12,21,32.39497247760972,4.7330484,-1.5630785,2025
4008,r2i1p1f1,2025,12,22,17.16478843859827,4.00084,-1.269941,2025
4009,r2i1p1f1,2025,12,23,0.7440728271761216,3.3132067,-3.9409838,2025
4010,r2i1p1f1,2025,12,24,0.0,2.7825582,-6.522976,2025
4011,r2i1p1f1,2025,12,25,0.0,4.069899,-4.6629186,2025
4012,r2i1p1f1,2025,12,26,0.0,4.716907,-5.895375,2025
4013,r2i1p1f1,2025,12,27,0.0,1.0318416,-10.225466,2025
4014,r2i1p1f1,2025,12,28,0.0,0.49325356,-10.810109,2025
4015,r2i1p1f1,2025,12,29,0.0,1.0859404,-8.790698,2025
4016,r2i1p1f1,2025,12,30,27.0856604562141,-0.50267226,-9.806126,2025
4017,r2i1p1f1,2025,12,31,10.052230897081945,0.2767512,-5.5299444,2025
4018,r2i1p1f1,2026,01,01,0.0,-1.2680228,-9.530973,2026
4019,r2i1p1f1,2026,01,02,0.0,3.5063543,-8.622408,2026
4020,r2i1p1f1,2026,01,03,0.25209988839028835,4.6636157,-3.0572278,2026
4021,r2i1p1f1,2026,01,04,0.0,7.0534263,-3.7255805,2026
4022,r2i1p1f1,2026,01,05,1.2967399808845725,8.6054535,-3.754544,2026
4023,r2i1p1f1,2026,01,06,28.999343242657442,5.4123597,1.0207857,2026
4024,r2i1p1f1,2026,01,07,35.73185996904682,6.4245462,2.0277698,2026
4025,r2i1p1f1,2026,01,08,0.0,8.557698,-1.5416399,2026
4026,r2i1p1f1,2026,01,09,0.0,11.015813,-3.3312178,2026
4027,r2i1p1f1,2026,01,10,0.0,10.7308855,-1.2836815,2026
4028,r2i1p1f1,2026,01,11,0.0,10.657846,-4.0266623,2026
4029,r2i1p1f1,2026,01,12,0.0,10.889946,-1.8404279,2026
4030,r2i1p1f1,2026,01,13,0.0,15.940205,2.267119,2026
4031,r2i1p1f1,2026,01,14,0.0,17.356882,3.1890092,2026
4032,r2i1p1f1,2026,01,15,0.0,15.762944,0.87580705,2026
4033,r2i1p1f1,2026,01,16,0.0,14.425755,2.0212793,2026
4034,r2i1p1f1,2026,01,17,0.0,15.577639,3.915302,2026
4035,r2i1p1f1,2026,01,18,0.0,16.075052,2.8621607,2026
4036,r2i1p1f1,2026,01,19,0.0,10.19977,2.407323,2026
4037,r2i1p1f1,2026,01,20,0.0,15.001174,0.5341711,2026
4038,r2i1p1f1,2026,01,21,0.0,13.728753,1.1886321,2026
4039,r2i1p1f1,2026,01,22,0.036683848800468974,14.6644945,4.077725,2026
4040,r2i1p1f1,2026,01,23,0.0,17.86863,2.956658,2026
4041,r2i1p1f1,2026,01,24,0.0,18.30729,3.163653,2026
4042,r2i1p1f1,2026,01,25,0.03689346104483075,16.918152,3.9154656,2026
4043,r2i1p1f1,2026,01,26,0.0,16.110615,3.0388453,2026
4044,r2i1p1f1,2026,01,27,0.0,18.572191,4.0551057,2026
4045,r2i1p1f1,2026,01,28,0.0,18.217613,4.286697,2026
4046,r2i1p1f1,2026,01,29,0.0,17.32991,3.248613,2026
4047,r2i1p1f1,2026,01,30,0.0,14.379312,4.160056,2026
4048,r2i1p1f1,2026,01,31,0.0,15.407624,1.7196918,2026
4049,r2i1p1f1,2026,02,01,21.561514725684763,14.959285,2.486682,2026
4050,r2i1p1f1,2026,02,02,14.424697604016938,7.5413175,-0.59013534,2026
4051,r2i1p1f1,2026,02,03,0.0,6.625531,-5.163519,2026
4052,r2i1p1f1,2026,02,04,78.71928356963998,6.1937594,0.4358001,2026
4053,r2i1p1f1,2026,02,05,30.64315288726133,4.4850154,-0.57688236,2026
4054,r2i1p1f1,2026,02,06,0.0,10.480625,-4.919194,2026
4055,r2i1p1f1,2026,02,07,0.0,9.612923,-7.08273,2026
4056,r2i1p1f1,2026,02,08,0.0,5.4280047,-6.423852,2026
4057,r2i1p1f1,2026,02,09,0.0,4.632855,-9.961479,2026
4058,r2i1p1f1,2026,02,10,0.0,4.1204314,-11.170911,2026
4059,r2i1p1f1,2026,02,11,0.0,8.374116,-6.4035516,2026
4060,r2i1p1f1,2026,02,12,8.085145347915667,3.2459395,-5.728957,2026
4061,r2i1p1f1,2026,02,13,35.5567720257498,8.228008,-3.9527667,2026
4062,r2i1p1f1,2026,02,14,41.955430440318125,5.5304213,-1.9744904,2026
4063,r2i1p1f1,2026,02,15,29.840949290127565,7.8907003,-4.0921926,2026
4064,r2i1p1f1,2026,02,16,23.853771631211902,5.1345363,-6.8055186,2026
4065,r2i1p1f1,2026,02,17,15.771343606390404,2.1229444,-7.6804404,2026
4066,r2i1p1f1,2026,02,18,12.872193930693006,3.481606,-8.978749,2026
4067,r2i1p1f1,2026,02,19,66.40122902351253,4.2144656,-2.9327762,2026
4068,r2i1p1f1,2026,02,20,5.526408130992002,6.049059,-8.207206,2026
4069,r2i1p1f1,2026,02,21,25.098486845336783,3.1265004,-6.009054,2026
4070,r2i1p1f1,2026,02,22,0.0,7.9992213,-5.0479684,2026
4071,r2i1p1f1,2026,02,23,13.815146446890699,3.4613514,-3.1313374,2026
4072,r2i1p1f1,2026,02,24,43.25619824364996,1.8603686,-3.9703321,2026
4073,r2i1p1f1,2026,02,25,12.715708512041601,2.2539425,-9.538193,2026
4074,r2i1p1f1,2026,02,26,59.32300629613634,0.94090486,-3.8098176,2026
4075,r2i1p1f1,2026,02,27,3.6489885017125254,4.37043,-9.487419,2026
4076,r2i1p1f1,2026,02,28,28.18014158715064,2.3289979,-6.784895,2026
4077,r2i1p1f1,2026,03,01,52.2150667097706,0.99198055,-2.8542671,2026
4078,r2i1p1f1,2026,03,02,0.02152459939959674,6.202507,-11.219135,2026
4079,r2i1p1f1,2026,03,03,0.0,6.166399,-11.663731,2026
4080,r2i1p1f1,2026,03,04,46.94522856018291,-1.2806892,-6.63546,2026
4081,r2i1p1f1,2026,03,05,12.372397670361142,-1.4185717,-6.1192427,2026
4082,r2i1p1f1,2026,03,06,26.70152630643525,-1.5222931,-6.2502556,2026
4083,r2i1p1f1,2026,03,07,0.0,2.2112322,-8.201193,2026
4084,r2i1p1f1,2026,03,08,5.5121345262495405,1.287432,-10.523062,2026
4085,r2i1p1f1,2026,03,09,34.676803534743016,-0.8131081,-4.712783,2026
4086,r2i1p1f1,2026,03,10,59.5479769882961,0.8839615,-2.99678,2026
4087,r2i1p1f1,2026,03,11,11.791519163895058,0.6156394,-11.472591,2026
4088,r2i1p1f1,2026,03,12,35.65619680717086,0.59240437,-11.213633,2026
4089,r2i1p1f1,2026,03,13,24.0063657520715,-0.17398442,-6.5283527,2026
4090,r2i1p1f1,2026,03,14,3.575420920466198,2.7269826,-2.6830113,2026
4091,r2i1p1f1,2026,03,15,43.3803438486603,3.166237,-3.1560106,2026
4092,r2i1p1f1,2026,03,16,7.6034743805569,5.0272436,-11.424812,2026
4093,r2i1p1f1,2026,03,17,9.958605413423637,3.9636152,-12.542609,2026
4094,r2i1p1f1,2026,03,18,28.259846647807326,3.1199107,-0.81623566,2026
4095,r2i1p1f1,2026,03,19,2.8007815032511783,6.4987793,2.5476487,2026
4096,r2i1p1f1,2026,03,20,0.0,14.409211,0.04297452,2026
4097,r2i1p1f1,2026,03,21,0.0,11.774119,-2.4846048,2026
4098,r2i1p1f1,2026,03,22,0.0,9.603926,1.5142999,2026
4099,r2i1p1f1,2026,03,23,0.43430178572214995,6.7388535,1.5407268,2026
4100,r2i1p1f1,2026,03,24,6.206866021106039,5.381833,0.94187224,2026
4101,r2i1p1f1,2026,03,25,4.941831514805437,5.53611,-0.586483,2026
4102,r2i1p1f1,2026,03,26,0.4769556084109074,7.795769,-1.337735,2026
4103,r2i1p1f1,2026,03,27,14.740376761423809,4.89538,-2.0267382,2026
4104,r2i1p1f1,2026,03,28,3.609715814910977,7.7551956,-2.4367352,2026
4105,r2i1p1f1,2026,03,29,20.115888439781536,7.381333,-0.9938508,2026
4106,r2i1p1f1,2026,03,30,7.849880439887504,5.295177,-0.84400696,2026
4107,r2i1p1f1,2026,03,31,3.004613929117393,6.265207,-7.269529,2026
4108,r2i1p1f1,2026,04,01,0.0,4.248341,-7.4420238,2026
4109,r2i1p1f1,2026,04,02,3.999902060891495,1.1716101,-8.244715,2026
4110,r2i1p1f1,2026,04,03,15.129272393600191,2.3465889,-5.4880853,2026
4111,r2i1p1f1,2026,04,04,11.76839341622746,3.1262677,-2.5587108,2026
4112,r2i1p1f1,2026,04,05,38.66250185316088,5.029811,-0.52304214,2026
4113,r2i1p1f1,2026,04,06,8.219528455951009,2.0777802,-2.9164171,2026
4114,r2i1p1f1,2026,04,07,8.556242286991059e-05,9.966027,-4.787515,2026
4115,r2i1p1f1,2026,04,08,1.9389112765076368,12.961928,-0.29888016,2026
4116,r2i1p1f1,2026,04,09,5.2063304828782115,8.360999,3.100113,2026
4117,r2i1p1f1,2026,04,10,21.93445205518331,6.791194,1.1034586,2026
4118,r2i1p1f1,2026,04,11,0.0,14.0992365,-1.7461149,2026
4119,r2i1p1f1,2026,04,12,0.0,17.676256,-0.8377038,2026
4120,r2i1p1f1,2026,04,13,0.0,16.791573,1.5209464,2026
4121,r2i1p1f1,2026,04,14,0.0,19.760645,5.3061533,2026
4122,r2i1p1f1,2026,04,15,14.162550065353011,15.175666,1.3566941,2026
4123,r2i1p1f1,2026,04,16,1.1045908553989228,15.12698,1.1433727,2026
4124,r2i1p1f1,2026,04,17,0.0,14.4965315,0.13424546,2026
4125,r2i1p1f1,2026,04,18,0.12029685979611643,13.269331,0.14119613,2026
4126,r2i1p1f1,2026,04,19,0.0,18.44632,1.4619545,2026
4127,r2i1p1f1,2026,04,20,0.0,22.878462,7.1148257,2026
4128,r2i1p1f1,2026,04,21,0.0,24.928305,8.376155,2026
4129,r2i1p1f1,2026,04,22,0.509710504355518,21.325958,5.886254,2026
4130,r2i1p1f1,2026,04,23,5.268848141041906,8.032345,2.0426292,2026
4131,r2i1p1f1,2026,04,24,0.0,14.772508,0.4159807,2026
4132,r2i1p1f1,2026,04,25,0.0,16.33929,1.364208,2026
4133,r2i1p1f1,2026,04,26,0.04900332061459686,13.958274,-1.3471688,2026
4134,r2i1p1f1,2026,04,27,24.539089155419227,7.234971,1.6400744,2026
4135,r2i1p1f1,2026,04,28,0.0,12.90375,-1.7073239,2026
4136,r2i1p1f1,2026,04,29,0.0,16.83599,1.384452,2026
4137,r2i1p1f1,2026,04,30,0.0,18.732637,3.2093282,2026
4138,r2i1p1f1,2026,05,01,0.0,16.49599,2.9443102,2026
4139,r2i1p1f1,2026,05,02,0.3336518036891133,15.660521,2.4600682,2026
4140,r2i1p1f1,2026,05,03,0.0,21.745893,4.1053076,2026
4141,r2i1p1f1,2026,05,04,0.0,21.406263,5.871958,2026
4142,r2i1p1f1,2026,05,05,0.0,18.185766,4.225876,2026
4143,r2i1p1f1,2026,05,06,0.0,18.046522,2.0423427,2026
4144,r2i1p1f1,2026,05,07,0.2629722188290683,17.376722,4.098213,2026
4145,r2i1p1f1,2026,05,08,1.509499024478618,12.71461,-2.849224,2026
4146,r2i1p1f1,2026,05,09,0.0,17.258858,1.0459145,2026
4147,r2i1p1f1,2026,05,10,0.0,18.842669,2.1691267,2026
4148,r2i1p1f1,2026,05,11,0.0,21.191631,3.3396668,2026
4149,r2i1p1f1,2026,05,12,0.0,21.463297,4.3702555,2026
4150,r2i1p1f1,2026,05,13,0.0,21.65127,5.5315084,2026
4151,r2i1p1f1,2026,05,14,0.0,22.574125,4.8665013,2026
4152,r2i1p1f1,2026,05,15,0.0,23.746458,7.459709,2026
4153,r2i1p1f1,2026,05,16,0.12271555523721663,23.533068,7.260238,2026
4154,r2i1p1f1,2026,05,17,0.0,22.693277,7.346005,2026
4155,r2i1p1f1,2026,05,18,0.25628307187162136,21.734102,6.832062,2026
4156,r2i1p1f1,2026,05,19,5.2926957870463065,17.629992,4.23749,2026
4157,r2i1p1f1,2026,05,20,0.0,17.056152,3.6013222,2026
4158,r2i1p1f1,2026,05,21,16.68269863640979,10.709161,3.2581365,2026
4159,r2i1p1f1,2026,05,22,0.5625334286833095,15.599192,4.5703235,2026
4160,r2i1p1f1,2026,05,23,0.0,19.140345,5.3793745,2026
4161,r2i1p1f1,2026,05,24,3.7543739652112262,18.879215,2.9809442,2026
4162,r2i1p1f1,2026,05,25,17.419710097965435,14.059746,-1.6482767,2026
4163,r2i1p1f1,2026,05,26,0.9296766989511804,12.694636,3.6350105,2026
4164,r2i1p1f1,2026,05,27,0.18774957976837378,14.738294,4.849803,2026
4165,r2i1p1f1,2026,05,28,0.20333301715884142,15.050059,5.869205,2026
4166,r2i1p1f1,2026,05,29,0.14479019348352898,17.823994,4.823386,2026
4167,r2i1p1f1,2026,05,30,0.0,19.438524,7.265686,2026
4168,r2i1p1f1,2026,05,31,0.003375715543650306,20.877426,8.7635355,2026
4169,r2i1p1f1,2026,06,01,0.0,20.876156,6.8169913,2026
4170,r2i1p1f1,2026,06,02,0.0,15.2879925,4.364095,2026
4171,r2i1p1f1,2026,06,03,7.306009571766481,15.2836895,2.5573263,2026
4172,r2i1p1f1,2026,06,04,0.0,23.230219,4.31496,2026
4173,r2i1p1f1,2026,06,05,0.0,23.79414,6.055746,2026
4174,r2i1p1f1,2026,06,06,0.09454825828400387,20.610575,5.4609056,2026
4175,r2i1p1f1,2026,06,07,0.0,19.632935,4.568785,2026
4176,r2i1p1f1,2026,06,08,0.0,24.301157,6.122845,2026
4177,r2i1p1f1,2026,06,09,0.0,28.837896,10.353875,2026
4178,r2i1p1f1,2026,06,10,0.0,30.494555,13.11236,2026
4179,r2i1p1f1,2026,06,11,0.0,28.744303,11.48675,2026
4180,r2i1p1f1,2026,06,12,0.06718038622728692,20.351381,7.592584,2026
4181,r2i1p1f1,2026,06,13,3.4183522481655997,14.161875,7.274802,2026
4182,r2i1p1f1,2026,06,14,0.0,24.316105,7.1602464,2026
4183,r2i1p1f1,2026,06,15,0.0,26.582333,9.340202,2026
4184,r2i1p1f1,2026,06,16,0.0,25.826302,7.5600266,2026
4185,r2i1p1f1,2026,06,17,0.0,23.242575,4.4610467,2026
4186,r2i1p1f1,2026,06,18,0.0,20.277985,3.358056,2026
4187,r2i1p1f1,2026,06,19,0.0,21.511562,4.3168883,2026
4188,r2i1p1f1,2026,06,20,0.0,28.706049,9.750542,2026
4189,r2i1p1f1,2026,06,21,0.0,32.770954,13.392509,2026
4190,r2i1p1f1,2026,06,22,0.0,35.1146,15.3391695,2026
4191,r2i1p1f1,2026,06,23,0.0,36.912735,17.526907,2026
4192,r2i1p1f1,2026,06,24,0.0,35.79732,15.668565,2026
4193,r2i1p1f1,2026,06,25,0.0,30.980186,13.763616,2026
4194,r2i1p1f1,2026,06,26,0.0,29.606396,13.085735,2026
4195,r2i1p1f1,2026,06,27,0.0,32.441223,13.760905,2026
4196,r2i1p1f1,2026,06,28,0.0,34.30622,14.136538,2026
4197,r2i1p1f1,2026,06,29,0.0,33.976994,15.465608,2026
4198,r2i1p1f1,2026,06,30,0.0,32.671883,14.00636,2026
4199,r2i1p1f1,2026,07,01,0.0,27.092398,10.090435,2026
4200,r2i1p1f1,2026,07,02,0.0,22.844328,7.3541627,2026
4201,r2i1p1f1,2026,07,03,0.0,24.286728,5.325121,2026
4202,r2i1p1f1,2026,07,04,0.0,25.775412,8.160457,2026
4203,r2i1p1f1,2026,07,05,0.0,28.211514,9.310572,2026
4204,r2i1p1f1,2026,07,06,0.0,30.099794,10.633779,2026
4205,r2i1p1f1,2026,07,07,0.0,29.49015,10.50313,2026
4206,r2i1p1f1,2026,07,08,0.0,25.967564,8.668914,2026
4207,r2i1p1f1,2026,07,09,0.0,26.597948,8.750634,2026
4208,r2i1p1f1,2026,07,10,0.0,30.028463,11.781311,2026
4209,r2i1p1f1,2026,07,11,0.0,29.920586,11.864614,2026
4210,r2i1p1f1,2026,07,12,0.0,26.372843,9.030128,2026
4211,r2i1p1f1,2026,07,13,0.0,26.861391,9.009255,2026
4212,r2i1p1f1,2026,07,14,0.0,28.190205,10.5753565,2026
4213,r2i1p1f1,2026,07,15,0.0,31.079008,12.52177,2026
4214,r2i1p1f1,2026,07,16,0.0,32.625435,14.385107,2026
4215,r2i1p1f1,2026,07,17,0.0,33.371105,14.796282,2026
4216,r2i1p1f1,2026,07,18,0.0,30.496874,12.380827,2026
4217,r2i1p1f1,2026,07,19,0.0,30.753878,12.224272,2026
4218,r2i1p1f1,2026,07,20,0.0,30.486128,12.231936,2026
4219,r2i1p1f1,2026,07,21,0.0,29.692392,12.932722,2026
4220,r2i1p1f1,2026,07,22,0.0,32.627937,14.510229,2026
4221,r2i1p1f1,2026,07,23,0.0,35.233295,16.872505,2026
4222,r2i1p1f1,2026,07,24,0.0,34.137833,16.106579,2026
4223,r2i1p1f1,2026,07,25,0.0,32.196194,14.345278,2026
4224,r2i1p1f1,2026,07,26,0.0,30.676586,13.150649,2026
4225,r2i1p1f1,2026,07,27,0.0,30.251734,12.944582,2026
4226,r2i1p1f1,2026,07,28,0.0,29.11027,11.812236,2026
4227,r2i1p1f1,2026,07,29,0.0,27.429941,11.157119,2026
4228,r2i1p1f1,2026,07,30,0.0,27.733036,10.22534,2026
4229,r2i1p1f1,2026,07,31,0.0,29.483261,11.206523,2026
4230,r2i1p1f1,2026,08,01,0.0,30.78564,12.714061,2026
4231,r2i1p1f1,2026,08,02,0.0,32.473495,14.136631,2026
4232,r2i1p1f1,2026,08,03,0.0,32.504673,14.245496,2026
4233,r2i1p1f1,2026,08,04,0.0,32.44757,15.076597,2026
4234,r2i1p1f1,2026,08,05,0.0,32.48786,15.088698,2026
4235,r2i1p1f1,2026,08,06,0.0,32.733208,16.487469,2026
4236,r2i1p1f1,2026,08,07,0.0,32.456738,15.007055,2026
4237,r2i1p1f1,2026,08,08,0.0,30.374662,11.98738,2026
4238,r2i1p1f1,2026,08,09,0.0,26.810316,8.344106,2026
4239,r2i1p1f1,2026,08,10,0.0,27.687662,8.876768,2026
4240,r2i1p1f1,2026,08,11,0.0,28.77519,10.133113,2026
4241,r2i1p1f1,2026,08,12,0.0,28.78331,10.763086,2026
4242,r2i1p1f1,2026,08,13,0.0,29.10292,12.959427,2026
4243,r2i1p1f1,2026,08,14,0.0,30.454716,11.921691,2026
4244,r2i1p1f1,2026,08,15,0.0210593832469805,29.660631,14.545928,2026
4245,r2i1p1f1,2026,08,16,0.033380776249731965,28.45494,12.09823,2026
4246,r2i1p1f1,2026,08,17,0.0,28.58309,10.641944,2026
4247,r2i1p1f1,2026,08,18,0.0,28.019258,9.463371,2026
4248,r2i1p1f1,2026,08,19,0.0,26.824833,8.1136875,2026
4249,r2i1p1f1,2026,08,20,0.0,25.452738,7.2442346,2026
4250,r2i1p1f1,2026,08,21,0.0,29.224493,11.065788,2026
4251,r2i1p1f1,2026,08,22,0.0,29.423527,11.780336,2026
4252,r2i1p1f1,2026,08,23,0.0,27.585428,10.84282,2026
4253,r2i1p1f1,2026,08,24,0.0,28.356964,10.642037,2026
4254,r2i1p1f1,2026,08,25,0.0,27.64233,9.742668,2026
4255,r2i1p1f1,2026,08,26,0.0,25.748892,8.746753,2026
4256,r2i1p1f1,2026,08,27,0.0,28.610905,8.875311,2026
4257,r2i1p1f1,2026,08,28,0.0,33.527195,14.250464,2026
4258,r2i1p1f1,2026,08,29,0.0,34.525173,15.803855,2026
4259,r2i1p1f1,2026,08,30,0.0,35.00257,15.481475,2026
4260,r2i1p1f1,2026,08,31,0.0,32.72742,14.070476,2026
4261,r2i1p1f1,2026,09,01,0.0,30.256006,14.551063,2026
4262,r2i1p1f1,2026,09,02,0.0,28.487988,11.37182,2026
4263,r2i1p1f1,2026,09,03,0.0,25.520792,8.761625,2026
4264,r2i1p1f1,2026,09,04,0.0,23.876173,8.30967,2026
4265,r2i1p1f1,2026,09,05,0.0,24.062159,9.237476,2026
4266,r2i1p1f1,2026,09,06,0.0,26.023422,8.622025,2026
4267,r2i1p1f1,2026,09,07,0.0,28.490536,10.64663,2026
4268,r2i1p1f1,2026,09,08,1.610457306842888,28.117657,11.257116,2026
4269,r2i1p1f1,2026,09,09,2.7275600434782414,26.203238,9.187053,2026
4270,r2i1p1f1,2026,09,10,0.0,25.1448,8.8826685,2026
4271,r2i1p1f1,2026,09,11,0.0,22.959293,7.089292,2026
4272,r2i1p1f1,2026,09,12,0.0,20.109846,4.614468,2026
4273,r2i1p1f1,2026,09,13,0.0,21.530802,4.9462233,2026
4274,r2i1p1f1,2026,09,14,0.0,21.55336,5.5609484,2026
4275,r2i1p1f1,2026,09,15,0.0,19.748482,4.448924,2026
4276,r2i1p1f1,2026,09,16,0.0,20.63244,5.168717,2026
4277,r2i1p1f1,2026,09,17,0.0,22.32548,5.630365,2026
4278,r2i1p1f1,2026,09,18,0.12481354991415664,21.860863,5.111555,2026
4279,r2i1p1f1,2026,09,19,1.9134692287479993,18.021965,4.1618223,2026
4280,r2i1p1f1,2026,09,20,1.0820478575344448,15.866004,3.3872197,2026
4281,r2i1p1f1,2026,09,21,0.0,20.339146,4.1455927,2026
4282,r2i1p1f1,2026,09,22,0.40408832100743336,18.758749,4.7737,2026
4283,r2i1p1f1,2026,09,23,0.0,19.251148,3.7821476,2026
4284,r2i1p1f1,2026,09,24,0.0,19.987442,3.6680102,2026
4285,r2i1p1f1,2026,09,25,0.0,20.231321,5.217095,2026
4286,r2i1p1f1,2026,09,26,6.745125511504459,17.692232,2.8366253,2026
4287,r2i1p1f1,2026,09,27,5.906449921069277,16.244526,1.587537,2026
4288,r2i1p1f1,2026,09,28,0.23712399000452514,19.465063,3.4311962,2026
4289,r2i1p1f1,2026,09,29,11.703513606782789,20.331738,6.670614,2026
4290,r2i1p1f1,2026,09,30,24.80748226723965,15.535874,2.3657722,2026
4291,r2i1p1f1,2026,10,01,62.65472546578027,12.213832,3.1692946,2026
4292,r2i1p1f1,2026,10,02,35.319054062711075,8.741377,2.1585624,2026
4293,r2i1p1f1,2026,10,03,14.486966649089412,9.971209,0.7757217,2026
4294,r2i1p1f1,2026,10,04,0.0,16.790712,0.47700402,2026
4295,r2i1p1f1,2026,10,05,0.0,20.556099,4.79417,2026
4296,r2i1p1f1,2026,10,06,6.065163709857957,20.797953,7.156975,2026
4297,r2i1p1f1,2026,10,07,25.547509029050932,16.218775,3.8863368,2026
4298,r2i1p1f1,2026,10,08,0.17625714238140341,13.971113,1.8177226,2026
4299,r2i1p1f1,2026,10,09,0.0,16.457855,0.69187397,2026
4300,r2i1p1f1,2026,10,10,0.0,15.719626,2.1069849,2026
4301,r2i1p1f1,2026,10,11,0.027928477944582343,14.111147,1.6641016,2026
4302,r2i1p1f1,2026,10,12,0.0,19.304007,4.546141,2026
4303,r2i1p1f1,2026,10,13,0.0,23.630507,7.3037515,2026
4304,r2i1p1f1,2026,10,14,0.0,24.116821,9.79826,2026
4305,r2i1p1f1,2026,10,15,0.0,25.387486,9.054807,2026
4306,r2i1p1f1,2026,10,16,0.0,23.576315,7.482124,2026
4307,r2i1p1f1,2026,10,17,0.0,26.882065,9.3799,2026
4308,r2i1p1f1,2026,10,18,0.0,26.149725,9.753817,2026
4309,r2i1p1f1,2026,10,19,0.0,26.494389,10.751986,2026
4310,r2i1p1f1,2026,10,20,0.0,25.828888,9.612084,2026
4311,r2i1p1f1,2026,10,21,0.0,23.178896,7.8398986,2026
4312,r2i1p1f1,2026,10,22,0.0,18.052906,5.998683,2026
4313,r2i1p1f1,2026,10,23,0.0,18.822021,4.4955587,2026
4314,r2i1p1f1,2026,10,24,0.0,19.429731,5.33436,2026
4315,r2i1p1f1,2026,10,25,0.0,22.233719,7.4939184,2026
4316,r2i1p1f1,2026,10,26,0.0,23.405783,9.098049,2026
4317,r2i1p1f1,2026,10,27,0.11765671847307693,20.388441,8.221049,2026
4318,r2i1p1f1,2026,10,28,0.0,14.325325,1.7534684,2026
4319,r2i1p1f1,2026,10,29,0.0,17.048685,2.6785152,2026
4320,r2i1p1f1,2026,10,30,0.0,21.116407,5.9607644,2026
4321,r2i1p1f1,2026,10,31,0.0,20.922276,4.369963,2026
4322,r2i1p1f1,2026,11,01,0.0,22.650932,5.1522164,2026
4323,r2i1p1f1,2026,11,02,0.0,19.120777,3.9354334,2026
4324,r2i1p1f1,2026,11,03,0.0,17.564878,3.8588252,2026
4325,r2i1p1f1,2026,11,04,0.0,17.473436,3.2336535,2026
4326,r2i1p1f1,2026,11,05,0.0,18.71783,3.313067,2026
4327,r2i1p1f1,2026,11,06,0.0,17.594828,2.5882788,2026
4328,r2i1p1f1,2026,11,07,0.0,13.845559,2.342508,2026
4329,r2i1p1f1,2026,11,08,0.0,14.185335,1.4283749,2026
4330,r2i1p1f1,2026,11,09,0.0,15.328128,0.33394182,2026
4331,r2i1p1f1,2026,11,10,0.0,12.743015,2.2642512,2026
4332,r2i1p1f1,2026,11,11,0.0,9.504048,-1.7341782,2026
4333,r2i1p1f1,2026,11,12,0.0,10.469919,-1.9553571,2026
4334,r2i1p1f1,2026,11,13,0.0,12.420756,-1.261466,2026
4335,r2i1p1f1,2026,11,14,0.0,17.067461,-0.7464944,2026
4336,r2i1p1f1,2026,11,15,0.0,16.644497,0.2024409,2026
4337,r2i1p1f1,2026,11,16,0.0,16.204254,2.4209583,2026
4338,r2i1p1f1,2026,11,17,6.824851949288411,12.073017,3.7402477,2026
4339,r2i1p1f1,2026,11,18,25.86532505318666,7.577518,3.050284,2026
4340,r2i1p1f1,2026,11,19,1.385667890001339,7.0260606,-0.5621958,2026
4341,r2i1p1f1,2026,11,20,0.48974528833871145,6.833229,-2.9667609,2026
4342,r2i1p1f1,2026,11,21,0.0,9.348749,-0.450177,2026
4343,r2i1p1f1,2026,11,22,5.4596406825742,7.7644296,-1.4828993,2026
4344,r2i1p1f1,2026,11,23,0.0,11.611104,-0.20001523,2026
4345,r2i1p1f1,2026,11,24,0.0,7.372522,-3.214994,2026
4346,r2i1p1f1,2026,11,25,19.28538949801945,2.2917283,-2.4414763,2026
4347,r2i1p1f1,2026,11,26,0.0,5.1871047,-6.8514905,2026
4348,r2i1p1f1,2026,11,27,22.74673337367578,2.4206228,-4.11786,2026
4349,r2i1p1f1,2026,11,28,18.980305355356766,3.95691,-0.8582062,2026
4350,r2i1p1f1,2026,11,29,14.473692641835301,4.844344,0.916799,2026
4351,r2i1p1f1,2026,11,30,0.5827365457732342,9.322095,2.6763692,2026
4352,r2i1p1f1,2026,12,01,2.2343773469751445,9.557847,-2.874786,2026
4353,r2i1p1f1,2026,12,02,0.0,8.255174,-3.0131843,2026
4354,r2i1p1f1,2026,12,03,1.81420298795274,6.75292,1.7468121,2026
4355,r2i1p1f1,2026,12,04,0.0,10.837801,3.5635755,2026
4356,r2i1p1f1,2026,12,05,0.0,11.139788,5.8588166,2026
4357,r2i1p1f1,2026,12,06,0.02427147644714121,10.6899,4.392421,2026
4358,r2i1p1f1,2026,12,07,0.5717228889352555,11.738061,5.415149,2026
4359,r2i1p1f1,2026,12,08,21.351237725062113,9.805035,4.6980863,2026
4360,r2i1p1f1,2026,12,09,32.68664733242566,12.176257,5.951696,2026
4361,r2i1p1f1,2026,12,10,0.0,10.77004,5.519402,2026
4362,r2i1p1f1,2026,12,11,14.088595737288975,8.190449,3.1203325,2026
4363,r2i1p1f1,2026,12,12,55.5193909103624,9.07194,0.3065024,2026
4364,r2i1p1f1,2026,12,13,0.0,15.542417,1.212148,2026
4365,r2i1p1f1,2026,12,14,0.0,15.816982,2.2740536,2026
4366,r2i1p1f1,2026,12,15,0.0,13.56209,0.5196153,2026
4367,r2i1p1f1,2026,12,16,0.0,14.418069,1.117874,2026
4368,r2i1p1f1,2026,12,17,0.0,13.376111,3.0703743,2026
4369,r2i1p1f1,2026,12,18,0.0,15.121396,1.5218682,2026
4370,r2i1p1f1,2026,12,19,0.0,15.591052,1.117427,2026
4371,r2i1p1f1,2026,12,20,0.0,14.14656,1.6128788,2026
4372,r2i1p1f1,2026,12,21,0.0,11.993659,-1.8078116,2026
4373,r2i1p1f1,2026,12,22,0.0,14.006764,1.8831558,2026
4374,r2i1p1f1,2026,12,23,0.0,12.029222,0.43012962,2026
4375,r2i1p1f1,2026,12,24,0.1145844023155335,5.6133494,0.8402426,2026
4376,r2i1p1f1,2026,12,25,29.235606316853172,3.226366,-1.1749449,2026
4377,r2i1p1f1,2026,12,26,40.962449277251906,3.0031416,-7.3343277,2026
4378,r2i1p1f1,2026,12,27,13.71021771897526,-2.8056242,-8.489132,2026
4379,r2i1p1f1,2026,12,28,0.0,-5.2556963,-15.7530985,2026
4380,r2i1p1f1,2026,12,29,0.0,-2.1030576,-17.192308,2026
4381,r2i1p1f1,2026,12,30,7.947415192813003,0.908555,-11.184783,2026
4382,r2i1p1f1,2026,12,31,18.812075405395053,0.8240576,-5.0168815,2026
4383,r2i1p1f1,2027,01,01,67.6905921776779,3.1940496,-1.9815259,2027
4384,r2i1p1f1,2027,01,02,109.92786569180541,4.44965,-0.7497673,2027
4385,r2i1p1f1,2027,01,03,36.76739620260867,3.5387995,-7.9096155,2027
4386,r2i1p1f1,2027,01,04,55.73199648195161,2.020409,-3.3942413,2027
4387,r2i1p1f1,2027,01,05,45.0235670280213,5.4066734,1.4444038,2027
4388,r2i1p1f1,2027,01,06,37.79560309351207,5.805884,0.47435358,2027
4389,r2i1p1f1,2027,01,07,12.902325850042802,4.093646,-4.896885,2027
4390,r2i1p1f1,2027,01,08,7.829796943014326,3.9866252,-10.693898,2027
4391,r2i1p1f1,2027,01,09,0.0,2.1556745,-10.687746,2027
4392,r2i1p1f1,2027,01,10,0.0,0.040960066,-6.4488544,2027
4393,r2i1p1f1,2027,01,11,58.91810726875869,6.350383,-5.7940645,2027
4394,r2i1p1f1,2027,01,12,46.09703427234378,7.438938,-5.901726,2027
4395,r2i1p1f1,2027,01,13,34.065560467290474,0.8220962,-8.762282,2027
4396,r2i1p1f1,2027,01,14,6.78777400684899,3.4992943,-10.374438,2027
4397,r2i1p1f1,2027,01,15,68.93664654792072,1.979542,-3.2723134,2027
4398,r2i1p1f1,2027,01,16,59.9134704120493,3.0370874,-1.2757647,2027
4399,r2i1p1f1,2027,01,17,36.7275921941305,5.7120047,1.1427563,2027
4400,r2i1p1f1,2027,01,18,30.27377679469422,7.2403893,-6.2899685,2027
4401,r2i1p1f1,2027,01,19,3.7648423994911493,1.4294624,-10.169236,2027
4402,r2i1p1f1,2027,01,20,3.12223318566374,0.6643541,-8.15123,2027
4403,r2i1p1f1,2027,01,21,26.25166069572935,0.67752427,-7.0847535,2027
4404,r2i1p1f1,2027,01,22,1.4238006075751959,2.143943,-2.0845141,2027
4405,r2i1p1f1,2027,01,23,21.693355171681524,1.7355186,-4.5263734,2027
4406,r2i1p1f1,2027,01,24,0.16667342947235178,5.5157285,-8.959941,2027
4407,r2i1p1f1,2027,01,25,19.80019686340641,1.2047539,-4.0856547,2027
4408,r2i1p1f1,2027,01,26,4.64006792107494,3.5407696,-6.9728274,2027
4409,r2i1p1f1,2027,01,27,16.875953748603933,7.537208,-2.9955688,2027
4410,r2i1p1f1,2027,01,28,13.895141063011788,7.818441,2.4112988,2027
4411,r2i1p1f1,2027,01,29,9.037397065717064,4.572485,0.68590724,2027
4412,r2i1p1f1,2027,01,30,43.320398064903344,2.0516474,-2.3721533,2027
4413,r2i1p1f1,2027,01,31,10.586649866253047,7.224421,-7.6813736,2027
4414,r2i1p1f1,2027,02,01,0.9545560802927446,5.202535,-3.2132268,2027
4415,r2i1p1f1,2027,02,02,0.0,9.11705,-3.5293682,2027
4416,r2i1p1f1,2027,02,03,0.0,12.012488,-3.0505552,2027
4417,r2i1p1f1,2027,02,04,0.0,12.590205,-2.1687543,2027
4418,r2i1p1f1,2027,02,05,0.0,13.367222,-2.1750886,2027
4419,r2i1p1f1,2027,02,06,0.0,12.699997,-2.7275755,2027
4420,r2i1p1f1,2027,02,07,0.0,8.763254,-6.741206,2027
4421,r2i1p1f1,2027,02,08,0.0,8.894399,-7.278164,2027
4422,r2i1p1f1,2027,02,09,0.0,9.686128,-7.490968,2027
4423,r2i1p1f1,2027,02,10,33.795394080740294,3.718513,-4.914338,2027
4424,r2i1p1f1,2027,02,11,18.2394968412924,2.301492,-11.259328,2027
4425,r2i1p1f1,2027,02,12,0.23661230343350326,-2.6644378,-15.921291,2027
4426,r2i1p1f1,2027,02,13,9.409424396066102,-0.62117356,-12.146983,2027
4427,r2i1p1f1,2027,02,14,4.638471818571606,1.3303664,-15.767295,2027
4428,r2i1p1f1,2027,02,15,5.5044214485475935,1.9149641,-13.045564,2027
4429,r2i1p1f1,2027,02,16,0.0,8.150369,-2.68396,2027
4430,r2i1p1f1,2027,02,17,0.0,5.389941,0.72394747,2027
4431,r2i1p1f1,2027,02,18,9.015000770299453,6.375038,-6.7475758,2027
4432,r2i1p1f1,2027,02,19,3.9933756971899688,3.2659874,-1.2829189,2027
4433,r2i1p1f1,2027,02,20,0.0,5.7633276,-7.7160573,2027
4434,r2i1p1f1,2027,02,21,0.18836452509626375,4.8307505,-2.3051202,2027
4435,r2i1p1f1,2027,02,22,0.0,8.374236,-4.105332,2027
4436,r2i1p1f1,2027,02,23,0.0,9.775718,-6.3199887,2027
4437,r2i1p1f1,2027,02,24,0.004085620429787713,9.356053,-5.3173056,2027
4438,r2i1p1f1,2027,02,25,0.04228474682227338,3.6190095,-1.9159061,2027
4439,r2i1p1f1,2027,02,26,0.9872615586153608,3.5669274,-5.703777,2027
4440,r2i1p1f1,2027,02,27,0.0,7.194868,-0.9529385,2027
4441,r2i1p1f1,2027,02,28,0.0,8.430354,-3.11208,2027
4442,r2i1p1f1,2027,03,01,0.016153966470693167,11.632031,-0.21057579,2027
4443,r2i1p1f1,2027,03,02,17.47522375976237,3.5480895,-1.6063449,2027
4444,r2i1p1f1,2027,03,03,0.0,6.4976783,1.8808957,2027
4445,r2i1p1f1,2027,03,04,57.58227222608044,6.0044923,-0.3626072,2027
4446,r2i1p1f1,2027,03,05,101.1050299490587,6.4253755,1.3605949,2027
4447,r2i1p1f1,2027,03,06,34.2032425195122,5.1941113,-0.8518205,2027
4448,r2i1p1f1,2027,03,07,0.0,8.023654,0.41335657,2027
4449,r2i1p1f1,2027,03,08,0.0,8.134522,-0.054318454,2027
4450,r2i1p1f1,2027,03,09,0.0,10.539927,-2.8225017,2027
4451,r2i1p1f1,2027,03,10,0.0,10.028401,-2.4072347,2027
4452,r2i1p1f1,2027,03,11,0.0,10.582447,-1.3765829,2027
4453,r2i1p1f1,2027,03,12,0.0,10.2423725,2.1801524,2027
4454,r2i1p1f1,2027,03,13,0.0,11.446895,1.975072,2027
4455,r2i1p1f1,2027,03,14,0.0,16.32521,-0.041123807,2027
4456,r2i1p1f1,2027,03,15,0.0,16.176098,0.8451396,2027
4457,r2i1p1f1,2027,03,16,0.587611222083349,12.337107,1.6941526,2027
4458,r2i1p1f1,2027,03,17,0.0,16.12975,2.0014708,2027
4459,r2i1p1f1,2027,03,18,0.0,15.381838,1.6772555,2027
4460,r2i1p1f1,2027,03,19,0.0,15.784571,3.377533,2027
4461,r2i1p1f1,2027,03,20,2.0132430584453687,15.161091,2.7410376,2027
4462,r2i1p1f1,2027,03,21,0.0855834901679705,17.664549,1.8386633,2027
4463,r2i1p1f1,2027,03,22,0.0,17.439238,1.1808583,2027
4464,r2i1p1f1,2027,03,23,0.0,20.871923,2.6811757,2027
4465,r2i1p1f1,2027,03,24,0.0,20.64212,3.1386888,2027
4466,r2i1p1f1,2027,03,25,0.0,20.75498,2.8749874,2027
4467,r2i1p1f1,2027,03,26,0.0,20.62482,4.899701,2027
4468,r2i1p1f1,2027,03,27,0.0,25.56057,6.0561213,2027
4469,r2i1p1f1,2027,03,28,0.0,24.712774,5.9970093,2027
4470,r2i1p1f1,2027,03,29,7.403336647677441,13.903794,-2.3149536,2027
4471,r2i1p1f1,2027,03,30,5.849376089267585,10.83536,0.095812775,2027
4472,r2i1p1f1,2027,03,31,0.0,12.417669,2.523748,2027
4473,r2i1p1f1,2027,04,01,0.0,8.538385,2.2397573,2027
4474,r2i1p1f1,2027,04,02,8.17566679534838,9.645116,1.2035722,2027
4475,r2i1p1f1,2027,04,03,0.0,16.368174,-1.5180312,2027
4476,r2i1p1f1,2027,04,04,0.0,19.532312,2.4853258,2027
4477,r2i1p1f1,2027,04,05,0.0,19.940529,3.5475574,2027
4478,r2i1p1f1,2027,04,06,0.0,17.869486,2.425553,2027
4479,r2i1p1f1,2027,04,07,0.0,19.26879,1.9417685,2027
4480,r2i1p1f1,2027,04,08,0.0,17.265131,1.5940654,2027
4481,r2i1p1f1,2027,04,09,0.0,15.937193,2.3075612,2027
4482,r2i1p1f1,2027,04,10,0.0,19.87337,4.269583,2027
4483,r2i1p1f1,2027,04,11,0.0,22.927258,6.3510327,2027
4484,r2i1p1f1,2027,04,12,0.0,24.649271,8.933226,2027
4485,r2i1p1f1,2027,04,13,0.4751185614124482,23.831648,6.106637,2027
4486,r2i1p1f1,2027,04,14,5.780068244544404,11.7237015,0.25015053,2027
4487,r2i1p1f1,2027,04,15,0.0,13.057852,0.40823942,2027
4488,r2i1p1f1,2027,04,16,4.821215810359438,6.969584,-0.2955113,2027
4489,r2i1p1f1,2027,04,17,7.2126054406208615,6.1910143,-0.37786278,2027
4490,r2i1p1f1,2027,04,18,0.0,14.438957,0.35104936,2027
4491,r2i1p1f1,2027,04,19,0.0,16.972723,2.3212233,2027
4492,r2i1p1f1,2027,04,20,0.0,17.673233,1.1148428,2027
4493,r2i1p1f1,2027,04,21,11.91262472415334,13.165632,-2.8479023,2027
4494,r2i1p1f1,2027,04,22,0.26437504479522783,11.433464,-0.7933125,2027
4495,r2i1p1f1,2027,04,23,0.14098719443259491,10.790928,1.432849,2027
4496,r2i1p1f1,2027,04,24,38.137411664669905,6.5816956,-1.2092426,2027
4497,r2i1p1f1,2027,04,25,0.0,11.8172455,-1.1222241,2027
4498,r2i1p1f1,2027,04,26,0.0010996261083234388,18.447826,-0.6390014,2027
4499,r2i1p1f1,2027,04,27,0.0,15.759993,4.074473,2027
4500,r2i1p1f1,2027,04,28,10.230759536324722,7.9533987,1.0494608,2027
4501,r2i1p1f1,2027,04,29,0.9372532282913408,16.087965,1.125337,2027
4502,r2i1p1f1,2027,04,30,8.470893530745972,14.650516,-1.7503122,2027
4503,r2i1p1f1,2027,05,01,0.0,16.98867,1.4033953,2027
4504,r2i1p1f1,2027,05,02,0.0,16.737886,-0.20353709,2027
4505,r2i1p1f1,2027,05,03,0.0,18.37149,-0.013553913,2027
4506,r2i1p1f1,2027,05,04,0.0,17.346796,2.1425738,2027
4507,r2i1p1f1,2027,05,05,0.0,20.765793,3.7126844,2027
4508,r2i1p1f1,2027,05,06,0.0,22.14919,6.1243005,2027
4509,r2i1p1f1,2027,05,07,0.0,25.575466,9.374141,2027
4510,r2i1p1f1,2027,05,08,0.0,27.262638,9.012436,2027
4511,r2i1p1f1,2027,05,09,0.0,27.436167,8.10681,2027
4512,r2i1p1f1,2027,05,10,0.0,27.373785,8.795044,2027
4513,r2i1p1f1,2027,05,11,0.0,27.423622,9.500709,2027
4514,r2i1p1f1,2027,05,12,0.0,25.37599,8.561516,2027
4515,r2i1p1f1,2027,05,13,0.0,27.183468,9.84465,2027
4516,r2i1p1f1,2027,05,14,0.0,24.850492,6.011382,2027
4517,r2i1p1f1,2027,05,15,0.0,25.055565,6.023393,2027
4518,r2i1p1f1,2027,05,16,0.0,25.018345,7.3446555,2027
4519,r2i1p1f1,2027,05,17,0.04010282357809886,27.268692,8.108614,2027
4520,r2i1p1f1,2027,05,18,0.0,27.517199,9.831933,2027
4521,r2i1p1f1,2027,05,19,0.0,28.009907,9.540444,2027
4522,r2i1p1f1,2027,05,20,0.0,28.379902,9.661833,2027
4523,r2i1p1f1,2027,05,21,0.0,28.478485,10.529241,2027
4524,r2i1p1f1,2027,05,22,0.0,26.447247,9.911096,2027
4525,r2i1p1f1,2027,05,23,0.0,27.231348,9.486271,2027
4526,r2i1p1f1,2027,05,24,0.0,28.508467,10.759678,2027
4527,r2i1p1f1,2027,05,25,0.0,30.521143,11.695912,2027
4528,r2i1p1f1,2027,05,26,0.29753867031384007,26.703764,10.029054,2027
4529,r2i1p1f1,2027,05,27,4.135171624574678,19.427452,4.822355,2027
4530,r2i1p1f1,2027,05,28,0.337031125617124,27.05813,8.894104,2027
4531,r2i1p1f1,2027,05,29,7.447629367642059,23.219398,6.04642,2027
4532,r2i1p1f1,2027,05,30,3.2246479964249795,19.678392,5.3516,2027
4533,r2i1p1f1,2027,05,31,0.0,22.108479,9.252155,2027
4534,r2i1p1f1,2027,06,01,0.0028355736643649065,18.040117,1.5493042,2027
4535,r2i1p1f1,2027,06,02,0.08252729323010918,14.292288,-0.7450585,2027
4536,r2i1p1f1,2027,06,03,0.0,19.408453,1.9428388,2027
4537,r2i1p1f1,2027,06,04,0.0,22.379034,5.739494,2027
4538,r2i1p1f1,2027,06,05,0.0,25.895752,7.7153907,2027
4539,r2i1p1f1,2027,06,06,0.0,25.1728,7.5089035,2027
4540,r2i1p1f1,2027,06,07,0.0,24.012955,5.7929673,2027
4541,r2i1p1f1,2027,06,08,0.0,23.460804,6.3116508,2027
4542,r2i1p1f1,2027,06,09,0.0,24.503727,7.499188,2027
4543,r2i1p1f1,2027,06,10,0.0,23.769043,5.993003,2027
4544,r2i1p1f1,2027,06,11,0.0,20.399504,4.9571905,2027
4545,r2i1p1f1,2027,06,12,0.12613070891977538,20.704165,3.8758965,2027
4546,r2i1p1f1,2027,06,13,0.0,25.443071,6.818568,2027
4547,r2i1p1f1,2027,06,14,0.0,24.71626,7.398711,2027
4548,r2i1p1f1,2027,06,15,0.0780449858841446,19.793764,6.4147983,2027
4549,r2i1p1f1,2027,06,16,0.005771737722590422,21.44517,7.402167,2027
4550,r2i1p1f1,2027,06,17,0.0,23.52208,7.920973,2027
4551,r2i1p1f1,2027,06,18,0.0,22.934809,6.0864015,2027
4552,r2i1p1f1,2027,06,19,0.4340697600407741,21.065084,7.5761642,2027
4553,r2i1p1f1,2027,06,20,0.0,26.730288,9.808085,2027
4554,r2i1p1f1,2027,06,21,0.0,26.702223,9.950066,2027
4555,r2i1p1f1,2027,06,22,0.0,27.37068,10.320062,2027
4556,r2i1p1f1,2027,06,23,0.0,27.834711,10.774758,2027
4557,r2i1p1f1,2027,06,24,0.0,28.368546,10.651835,2027
4558,r2i1p1f1,2027,06,25,0.0,26.420841,10.539131,2027
4559,r2i1p1f1,2027,06,26,0.0,27.201153,9.002984,2027
4560,r2i1p1f1,2027,06,27,0.0,30.368158,12.272812,2027
4561,r2i1p1f1,2027,06,28,0.0,29.098602,12.285672,2027
4562,r2i1p1f1,2027,06,29,0.0,27.16854,9.715478,2027
4563,r2i1p1f1,2027,06,30,0.0,28.25877,10.521896,2027
4564,r2i1p1f1,2027,07,01,0.0,30.913754,12.16976,2027
4565,r2i1p1f1,2027,07,02,0.0,32.117092,13.097549,2027
4566,r2i1p1f1,2027,07,03,0.0,31.826757,13.486159,2027
4567,r2i1p1f1,2027,07,04,0.0,31.070019,13.259441,2027
4568,r2i1p1f1,2027,07,05,0.0,32.562515,14.041213,2027
4569,r2i1p1f1,2027,07,06,0.0,31.965082,14.429546,2027
4570,r2i1p1f1,2027,07,07,0.0,31.620243,12.828337,2027
4571,r2i1p1f1,2027,07,08,0.0,28.46895,10.589166,2027
4572,r2i1p1f1,2027,07,09,0.0,26.620146,9.014855,2027
4573,r2i1p1f1,2027,07,10,0.0,26.008518,8.570477,2027
4574,r2i1p1f1,2027,07,11,0.0,24.560045,8.590395,2027
4575,r2i1p1f1,2027,07,12,0.0,23.763613,8.146533,2027
4576,r2i1p1f1,2027,07,13,0.0,25.6392,7.8599253,2027
4577,r2i1p1f1,2027,07,14,0.0,27.823233,10.48199,2027
4578,r2i1p1f1,2027,07,15,0.0,27.560009,10.320754,2027
4579,r2i1p1f1,2027,07,16,0.0,29.056124,10.955706,2027
4580,r2i1p1f1,2027,07,17,0.0,31.09772,12.969952,2027
4581,r2i1p1f1,2027,07,18,0.0,29.815975,12.696359,2027
4582,r2i1p1f1,2027,07,19,0.0,29.559877,11.512574,2027
4583,r2i1p1f1,2027,07,20,0.0,29.667294,11.465773,2027
4584,r2i1p1f1,2027,07,21,0.0,30.556112,12.785897,2027
4585,r2i1p1f1,2027,07,22,0.0,32.35612,13.6683035,2027
4586,r2i1p1f1,2027,07,23,0.0,33.922707,15.3222065,2027
4587,r2i1p1f1,2027,07,24,0.0,32.465904,14.722105,2027
4588,r2i1p1f1,2027,07,25,0.0,32.00496,14.200806,2027
4589,r2i1p1f1,2027,07,26,0.0,30.8231,15.10811,2027
4590,r2i1p1f1,2027,07,27,0.0,30.815468,13.951641,2027
4591,r2i1p1f1,2027,07,28,0.0,30.282524,13.743909,2027
4592,r2i1p1f1,2027,07,29,0.0,30.633125,13.176847,2027
4593,r2i1p1f1,2027,07,30,0.0,31.265907,15.480129,2027
4594,r2i1p1f1,2027,07,31,0.2756299552157333,31.992613,16.726742,2027
4595,r2i1p1f1,2027,08,01,0.0,31.706947,15.866082,2027
4596,r2i1p1f1,2027,08,02,0.0,32.22385,14.66875,2027
4597,r2i1p1f1,2027,08,03,0.0,31.915722,15.386643,2027
4598,r2i1p1f1,2027,08,04,0.0,30.181034,13.352009,2027
4599,r2i1p1f1,2027,08,05,0.0,28.870317,11.330743,2027
4600,r2i1p1f1,2027,08,06,0.0,29.685411,10.610594,2027
4601,r2i1p1f1,2027,08,07,0.0,30.986094,12.185584,2027
4602,r2i1p1f1,2027,08,08,0.0,31.636822,14.347778,2027
4603,r2i1p1f1,2027,08,09,0.0,29.674301,11.656916,2027
4604,r2i1p1f1,2027,08,10,0.0,23.61795,6.600868,2027
4605,r2i1p1f1,2027,08,11,12.47209753637435,26.460402,10.463548,2027
4606,r2i1p1f1,2027,08,12,7.321337721049741,20.300928,6.4137454,2027
4607,r2i1p1f1,2027,08,13,0.0,24.514551,6.501843,2027
4608,r2i1p1f1,2027,08,14,0.0,26.542616,11.259329,2027
4609,r2i1p1f1,2027,08,15,0.0,27.32127,10.87536,2027
4610,r2i1p1f1,2027,08,16,0.0,25.314907,9.986435,2027
4611,r2i1p1f1,2027,08,17,0.0,23.538422,8.607962,2027
4612,r2i1p1f1,2027,08,18,0.0,24.35393,9.286098,2027
4613,r2i1p1f1,2027,08,19,0.0,25.342627,9.685479,2027
4614,r2i1p1f1,2027,08,20,0.0,23.571432,8.108887,2027
4615,r2i1p1f1,2027,08,21,0.0,22.898043,4.7747073,2027
4616,r2i1p1f1,2027,08,22,0.0,26.063848,7.760642,2027
4617,r2i1p1f1,2027,08,23,0.0,27.747433,11.483578,2027
4618,r2i1p1f1,2027,08,24,0.0,30.343433,12.741215,2027
4619,r2i1p1f1,2027,08,25,0.0,30.032587,13.203198,2027
4620,r2i1p1f1,2027,08,26,0.0,29.65211,13.49564,2027
4621,r2i1p1f1,2027,08,27,0.0,29.992619,14.219026,2027
4622,r2i1p1f1,2027,08,28,0.07301906823088827,30.703814,14.141572,2027
4623,r2i1p1f1,2027,08,29,2.6794581181582964,28.32725,13.116982,2027
4624,r2i1p1f1,2027,08,30,1.712975106965167,27.531143,9.913798,2027
4625,r2i1p1f1,2027,08,31,11.66925816407736,25.418495,8.752395,2027
4626,r2i1p1f1,2027,09,01,0.099266340248505,23.290327,9.293613,2027
4627,r2i1p1f1,2027,09,02,0.0,26.088188,10.954912,2027
4628,r2i1p1f1,2027,09,03,0.0,27.940536,9.875266,2027
4629,r2i1p1f1,2027,09,04,0.0,27.929369,12.4217825,2027
4630,r2i1p1f1,2027,09,05,0.0,27.895826,12.522193,2027
4631,r2i1p1f1,2027,09,06,0.0,27.878675,13.5028,2027
4632,r2i1p1f1,2027,09,07,0.0,28.602997,12.724011,2027
4633,r2i1p1f1,2027,09,08,0.0,30.26129,12.897651,2027
4634,r2i1p1f1,2027,09,09,0.0,27.778107,12.285787,2027
4635,r2i1p1f1,2027,09,10,0.0,29.146112,11.032133,2027
4636,r2i1p1f1,2027,09,11,0.0,24.745968,7.621028,2027
4637,r2i1p1f1,2027,09,12,0.0,21.293783,4.531217,2027
4638,r2i1p1f1,2027,09,13,0.0,15.803442,3.777771,2027
4639,r2i1p1f1,2027,09,14,0.0,22.117035,3.411955,2027
4640,r2i1p1f1,2027,09,15,0.0,23.487011,5.125734,2027
4641,r2i1p1f1,2027,09,16,0.0,22.8638,6.7488904,2027
4642,r2i1p1f1,2027,09,17,0.0,22.032082,5.611271,2027
4643,r2i1p1f1,2027,09,18,0.0,21.482553,6.3125362,2027
4644,r2i1p1f1,2027,09,19,0.3884140732330147,18.296198,3.2353673,2027
4645,r2i1p1f1,2027,09,20,0.0,19.028036,3.3514082,2027
4646,r2i1p1f1,2027,09,21,3.4546252314612502,19.157166,5.3581433,2027
4647,r2i1p1f1,2027,09,22,0.0,23.18043,8.241773,2027
4648,r2i1p1f1,2027,09,23,0.0,23.37595,8.365644,2027
4649,r2i1p1f1,2027,09,24,0.0,23.628408,8.853287,2027
4650,r2i1p1f1,2027,09,25,0.0,23.450382,7.7529235,2027
4651,r2i1p1f1,2027,09,26,0.0,23.868055,8.333033,2027
4652,r2i1p1f1,2027,09,27,0.0,25.502518,9.4004345,2027
4653,r2i1p1f1,2027,09,28,0.0,27.78436,11.218808,2027
4654,r2i1p1f1,2027,09,29,0.0,27.019669,10.33757,2027
4655,r2i1p1f1,2027,09,30,0.0,21.017227,6.624541,2027
4656,r2i1p1f1,2027,10,01,0.0,18.097576,4.1153927,2027
4657,r2i1p1f1,2027,10,02,0.0,17.149864,2.9524498,2027
4658,r2i1p1f1,2027,10,03,0.0,20.421469,6.000178,2027
4659,r2i1p1f1,2027,10,04,0.0,21.12293,6.0198326,2027
4660,r2i1p1f1,2027,10,05,0.0,20.945124,6.9840846,2027
4661,r2i1p1f1,2027,10,06,31.360480063505328,11.974337,4.839739,2027
4662,r2i1p1f1,2027,10,07,44.91187059936168,9.792396,1.1688313,2027
4663,r2i1p1f1,2027,10,08,10.53025309602862,7.414417,0.06820473,2027
4664,r2i1p1f1,2027,10,09,7.082728676102936,7.8756604,-2.7726898,2027
4665,r2i1p1f1,2027,10,10,8.823038936903826,5.92781,-1.922636,2027
4666,r2i1p1f1,2027,10,11,0.13040404947577583,5.2946854,-3.8768544,2027
4667,r2i1p1f1,2027,10,12,0.0,8.706363,-7.8405223,2027
4668,r2i1p1f1,2027,10,13,0.0,10.237851,-7.694714,2027
4669,r2i1p1f1,2027,10,14,0.0,10.774079,-0.22055347,2027
4670,r2i1p1f1,2027,10,15,0.0,15.790634,1.1380203,2027
4671,r2i1p1f1,2027,10,16,0.0,20.456896,3.2234015,2027
4672,r2i1p1f1,2027,10,17,0.0,20.032772,4.933126,2027
4673,r2i1p1f1,2027,10,18,0.0,21.33577,6.7737174,2027
4674,r2i1p1f1,2027,10,19,0.0,21.695875,7.901765,2027
4675,r2i1p1f1,2027,10,20,0.0,25.373058,8.077596,2027
4676,r2i1p1f1,2027,10,21,0.0,26.259922,10.099899,2027
4677,r2i1p1f1,2027,10,22,0.0,27.049072,10.018171,2027
4678,r2i1p1f1,2027,10,23,0.0,21.288486,9.607015,2027
4679,r2i1p1f1,2027,10,24,0.0,24.12599,9.957498,2027
4680,r2i1p1f1,2027,10,25,0.0,21.615807,9.703298,2027
4681,r2i1p1f1,2027,10,26,0.0050327772511921534,20.405138,9.088554,2027
4682,r2i1p1f1,2027,10,27,0.0,24.652025,9.268241,2027
4683,r2i1p1f1,2027,10,28,0.0,26.655117,10.112918,2027
4684,r2i1p1f1,2027,10,29,0.0,25.375746,9.784273,2027
4685,r2i1p1f1,2027,10,30,0.0,24.493793,10.156454,2027
4686,r2i1p1f1,2027,10,31,0.0,22.891787,8.089846,2027
4687,r2i1p1f1,2027,11,01,0.0,17.54557,4.249215,2027
4688,r2i1p1f1,2027,11,02,0.0,14.266848,2.0756607,2027
4689,r2i1p1f1,2027,11,03,0.0,19.69375,2.269151,2027
4690,r2i1p1f1,2027,11,04,0.0,19.866045,5.477416,2027
4691,r2i1p1f1,2027,11,05,0.0,13.816963,-0.5503093,2027
4692,r2i1p1f1,2027,11,06,0.0,4.8590603,-5.1660814,2027
4693,r2i1p1f1,2027,11,07,0.0,7.9829125,-6.9441576,2027
4694,r2i1p1f1,2027,11,08,0.0,10.681368,-3.047442,2027
4695,r2i1p1f1,2027,11,09,0.006607292072238544,11.615561,-1.5175205,2027
4696,r2i1p1f1,2027,11,10,0.0,11.248262,-4.3304567,2027
4697,r2i1p1f1,2027,11,11,0.0,11.511833,-1.1707692,2027
4698,r2i1p1f1,2027,11,12,16.641469528594126,7.1973486,-0.107893236,2027
4699,r2i1p1f1,2027,11,13,24.169461552362637,5.5769567,-0.77430737,2027
4700,r2i1p1f1,2027,11,14,0.0,3.7033818,-7.8442054,2027
4701,r2i1p1f1,2027,11,15,45.59419795315569,2.438849,-4.0453553,2027
4702,r2i1p1f1,2027,11,16,15.527650111415333,2.7248816,-7.4133177,2027
4703,r2i1p1f1,2027,11,17,0.1688101081463436,4.368525,-5.7469773,2027
4704,r2i1p1f1,2027,11,18,0.57987946785523,6.658616,-4.98772,2027
4705,r2i1p1f1,2027,11,19,7.729654133716115,4.457869,-5.1036024,2027
4706,r2i1p1f1,2027,11,20,0.009915073147007765,3.0196724,-1.2617394,2027
4707,r2i1p1f1,2027,11,21,0.00235598927247338,4.0377355,-1.1426945,2027
4708,r2i1p1f1,2027,11,22,0.0,7.227089,-5.2762523,2027
4709,r2i1p1f1,2027,11,23,0.0,7.8621716,-7.054187,2027
4710,r2i1p1f1,2027,11,24,0.0,5.0187545,-8.728916,2027
4711,r2i1p1f1,2027,11,25,39.824572099426476,6.48352,-1.2244109,2027
4712,r2i1p1f1,2027,11,26,39.65374103057771,7.315151,1.2907075,2027
4713,r2i1p1f1,2027,11,27,0.0,6.317904,1.7377545,2027
4714,r2i1p1f1,2027,11,28,30.669490803624146,4.1979737,-1.4670998,2027
4715,r2i1p1f1,2027,11,29,65.7060716426573,7.708053,-0.16518979,2027
4716,r2i1p1f1,2027,11,30,31.675035202911552,4.8532963,-0.25096697,2027
4717,r2i1p1f1,2027,12,01,8.871713700640472,1.547272,-8.364858,2027
4718,r2i1p1f1,2027,12,02,11.368270636795877,-0.3281923,-9.9407625,2027
4719,r2i1p1f1,2027,12,03,31.458820645751146,5.7259674,-3.4218493,2027
4720,r2i1p1f1,2027,12,04,7.880286292640029,2.937239,-2.8452978,2027
4721,r2i1p1f1,2027,12,05,27.005803169315467,3.2290564,-3.2944317,2027
4722,r2i1p1f1,2027,12,06,33.30568867072893,3.595492,-1.8885778,2027
4723,r2i1p1f1,2027,12,07,48.746125142609415,3.4791894,-1.3366789,2027
4724,r2i1p1f1,2027,12,08,0.5947768101560331,2.4615448,-0.94345874,2027
4725,r2i1p1f1,2027,12,09,0.0,3.550155,-5.403737,2027
4726,r2i1p1f1,2027,12,10,0.0,6.077743,-5.7130504,2027
4727,r2i1p1f1,2027,12,11,0.0,10.497245,-3.1917403,2027
4728,r2i1p1f1,2027,12,12,0.0,12.982707,-1.7166666,2027
4729,r2i1p1f1,2027,12,13,0.0,13.171938,-0.43080032,2027
4730,r2i1p1f1,2027,12,14,0.0,18.544302,1.653791,2027
4731,r2i1p1f1,2027,12,15,0.0,18.460732,3.216674,2027
4732,r2i1p1f1,2027,12,16,0.0,14.631543,2.0489745,2027
4733,r2i1p1f1,2027,12,17,0.0,14.102938,-0.31558317,2027
4734,r2i1p1f1,2027,12,18,0.0,7.282715,-3.5387762,2027
4735,r2i1p1f1,2027,12,19,0.0,5.74954,-5.093278,2027
4736,r2i1p1f1,2027,12,20,0.0,10.265401,-3.1007056,2027
4737,r2i1p1f1,2027,12,21,0.0,8.666435,-4.4605417,2027
4738,r2i1p1f1,2027,12,22,0.0,10.382935,-1.8199279,2027
4739,r2i1p1f1,2027,12,23,0.0,16.13862,-0.79882586,2027
4740,r2i1p1f1,2027,12,24,0.05366000691712823,14.110716,0.48136473,2027
4741,r2i1p1f1,2027,12,25,0.10455283834464633,11.288015,-1.087747,2027
4742,r2i1p1f1,2027,12,26,0.0,10.234363,-6.3472357,2027
4743,r2i1p1f1,2027,12,27,0.0,13.806123,-1.9330432,2027
4744,r2i1p1f1,2027,12,28,0.0,10.480401,0.8099291,2027
4745,r2i1p1f1,2027,12,29,1.050005319246758,9.501421,2.9819906,2027
4746,r2i1p1f1,2027,12,30,0.0,11.825705,0.35979882,2027
4747,r2i1p1f1,2027,12,31,0.0,14.317593,1.8509443,2027
4748,r2i1p1f1,2028,01,01,0.0,13.1639595,1.5299398,2028
4749,r2i1p1f1,2028,01,02,0.0,12.961882,1.5899355,2028
4750,r2i1p1f1,2028,01,03,0.0,11.79308,4.719121,2028
4751,r2i1p1f1,2028,01,04,0.0,13.412465,6.8169937,2028
4752,r2i1p1f1,2028,01,05,0.0,12.316766,1.2422885,2028
4753,r2i1p1f1,2028,01,06,0.0,12.339878,1.010216,2028
4754,r2i1p1f1,2028,01,07,0.0,16.345768,2.6953108,2028
4755,r2i1p1f1,2028,01,08,0.0,18.710146,2.4516413,2028
4756,r2i1p1f1,2028,01,09,0.0,17.586092,5.2842703,2028
4757,r2i1p1f1,2028,01,10,0.0,18.347624,4.224837,2028
4758,r2i1p1f1,2028,01,11,0.0,14.603291,2.5521946,2028
4759,r2i1p1f1,2028,01,12,17.732610241420424,8.442082,3.2139773,2028
4760,r2i1p1f1,2028,01,13,33.05715137931447,6.746184,1.5299771,2028
4761,r2i1p1f1,2028,01,14,46.66311759591246,9.852021,0.5821532,2028
4762,r2i1p1f1,2028,01,15,9.87566416392488,8.367268,0.69577956,2028
4763,r2i1p1f1,2028,01,16,5.637798671943108,4.1237717,-0.6609006,2028
4764,r2i1p1f1,2028,01,17,4.545356152336283,3.202282,-2.0452552,2028
4765,r2i1p1f1,2028,01,18,0.0,4.594194,-3.8361707,2028
4766,r2i1p1f1,2028,01,19,4.373430479846809,8.552831,1.1405741,2028
4767,r2i1p1f1,2028,01,20,0.10464383187218992,12.608797,4.393218,2028
4768,r2i1p1f1,2028,01,21,0.0,16.361757,2.4404988,2028
4769,r2i1p1f1,2028,01,22,0.0,18.365547,2.4149134,2028
4770,r2i1p1f1,2028,01,23,0.0,19.633736,3.6389482,2028
4771,r2i1p1f1,2028,01,24,0.0,17.614664,4.459527,2028
4772,r2i1p1f1,2028,01,25,0.0,16.008747,3.37051,2028
4773,r2i1p1f1,2028,01,26,0.0,16.095854,-0.004633292,2028
4774,r2i1p1f1,2028,01,27,0.0,16.082767,2.2229264,2028
4775,r2i1p1f1,2028,01,28,0.17944811840537184,12.966642,4.28453,2028
4776,r2i1p1f1,2028,01,29,1.2577978633859088,11.138134,3.602467,2028
4777,r2i1p1f1,2028,01,30,0.0,16.691563,0.97031933,2028
4778,r2i1p1f1,2028,01,31,0.0,15.965158,2.586459,2028
4779,r2i1p1f1,2028,02,01,0.0,22.052372,3.6177642,2028
4780,r2i1p1f1,2028,02,02,0.0,20.083345,4.112253,2028
4781,r2i1p1f1,2028,02,03,0.0,18.269331,3.8930352,2028
4782,r2i1p1f1,2028,02,04,0.0,21.124283,1.9083865,2028
4783,r2i1p1f1,2028,02,05,0.0,16.439554,3.792725,2028
4784,r2i1p1f1,2028,02,06,0.0,16.508364,2.843549,2028
4785,r2i1p1f1,2028,02,07,55.56768713017496,10.156325,0.6658281,2028
4786,r2i1p1f1,2028,02,08,14.0464485434747,8.057916,1.0698884,2028
4787,r2i1p1f1,2028,02,09,0.0,9.217928,-4.0591183,2028
4788,r2i1p1f1,2028,02,10,6.379357611149317,3.0685585,-2.900326,2028
4789,r2i1p1f1,2028,02,11,1.583945579113788,3.8760943,-2.1931365,2028
4790,r2i1p1f1,2028,02,12,64.70345125014249,2.3039958,-1.9499664,2028
4791,r2i1p1f1,2028,02,13,11.679789660719017,0.5126772,-7.471661,2028
4792,r2i1p1f1,2028,02,14,15.944599285677004,2.0710936,-2.0414631,2028
4793,r2i1p1f1,2028,02,15,38.45534652041701,9.890938,-2.4355876,2028
4794,r2i1p1f1,2028,02,16,4.44596732444412,2.8867831,-6.690349,2028
4795,r2i1p1f1,2028,02,17,3.899220906546711,4.8172913,-6.5698647,2028
4796,r2i1p1f1,2028,02,18,0.0,4.820922,-5.7911963,2028
4797,r2i1p1f1,2028,02,19,0.0,11.7717705,-6.5601883,2028
4798,r2i1p1f1,2028,02,20,0.005958282417850569,6.5603566,-3.7071228,2028
4799,r2i1p1f1,2028,02,21,25.72174036803727,6.0417213,-3.2375033,2028
4800,r2i1p1f1,2028,02,22,8.849394188291626,4.9454575,-1.127822,2028
4801,r2i1p1f1,2028,02,23,0.44883564664749326,10.289807,-1.4514321,2028
4802,r2i1p1f1,2028,02,24,27.475835384169702,6.8138266,-3.5376148,2028
4803,r2i1p1f1,2028,02,25,10.83231728166888,4.8088064,-0.03164076,2028
4804,r2i1p1f1,2028,02,26,29.707276963073618,2.398717,-2.7560532,2028
4805,r2i1p1f1,2028,02,27,4.768121161788049,2.9147027,-8.761988,2028
4806,r2i1p1f1,2028,02,28,0.0,5.962024,-6.186687,2028
4807,r2i1p1f1,2028,02,29,0.0,7.4654446,-5.1699853,2028
4808,r2i1p1f1,2028,03,01,0.0,10.119263,-3.18258,2028
4809,r2i1p1f1,2028,03,02,0.0,10.251611,-4.5222898,2028
4810,r2i1p1f1,2028,03,03,0.0,11.936867,-3.079428,2028
4811,r2i1p1f1,2028,03,04,0.0,15.68802,-0.7416598,2028
4812,r2i1p1f1,2028,03,05,0.0,16.771534,0.24019612,2028
4813,r2i1p1f1,2028,03,06,0.0,19.685806,1.9186503,2028
4814,r2i1p1f1,2028,03,07,0.0,19.139044,0.20730865,2028
4815,r2i1p1f1,2028,03,08,26.56286305170327,14.059162,-4.5540247,2028
4816,r2i1p1f1,2028,03,09,34.17626410686913,4.120795,-4.8530154,2028
4817,r2i1p1f1,2028,03,10,58.52938093818151,2.7918794,-3.0976515,2028
4818,r2i1p1f1,2028,03,11,10.785821958835676,3.27378,-2.137378,2028
4819,r2i1p1f1,2028,03,12,5.200380322412457,7.5711718,1.4964389,2028
4820,r2i1p1f1,2028,03,13,54.71088578029034,8.079502,-3.9639447,2028
4821,r2i1p1f1,2028,03,14,59.59134635363276,6.75796,-1.2435793,2028
4822,r2i1p1f1,2028,03,15,13.098401392546922,2.7548692,-3.1715567,2028
4823,r2i1p1f1,2028,03,16,66.8186573499742,5.9643106,-1.4000971,2028
4824,r2i1p1f1,2028,03,17,8.23721071260829,9.826236,-0.20798492,2028
4825,r2i1p1f1,2028,03,18,0.12883019682633928,12.743519,2.3819964,2028
4826,r2i1p1f1,2028,03,19,1.785115848906571,9.756651,0.70204586,2028
4827,r2i1p1f1,2028,03,20,1.687133656293309,9.658937,1.4915423,2028
4828,r2i1p1f1,2028,03,21,12.832141957726261,11.846853,-3.18776,2028
4829,r2i1p1f1,2028,03,22,3.8293598475880013,13.437978,-2.324787,2028
4830,r2i1p1f1,2028,03,23,23.296675766043617,12.034025,-2.8407946,2028
4831,r2i1p1f1,2028,03,24,14.138930171499782,7.0123134,-2.4135027,2028
4832,r2i1p1f1,2028,03,25,19.72230650292029,3.4375439,-1.2466685,2028
4833,r2i1p1f1,2028,03,26,0.0,10.818592,-2.4997451,2028
4834,r2i1p1f1,2028,03,27,0.0,11.835972,1.7321274,2028
4835,r2i1p1f1,2028,03,28,0.0,17.881275,1.9560983,2028
4836,r2i1p1f1,2028,03,29,0.0,20.993277,2.5233455,2028
4837,r2i1p1f1,2028,03,30,0.0,23.963568,5.1346164,2028
4838,r2i1p1f1,2028,03,31,0.0,24.423887,6.35981,2028
4839,r2i1p1f1,2028,04,01,0.0,24.727186,6.2755637,2028
4840,r2i1p1f1,2028,04,02,0.0,24.321955,6.0333166,2028
4841,r2i1p1f1,2028,04,03,0.0,24.538754,6.2224684,2028
4842,r2i1p1f1,2028,04,04,0.0,23.506063,5.6657853,2028
4843,r2i1p1f1,2028,04,05,0.1202838574569726,17.56821,2.1165192,2028
4844,r2i1p1f1,2028,04,06,8.883362670195101,7.968448,-1.389816,2028
4845,r2i1p1f1,2028,04,07,0.3494618160052946,14.750884,-1.2794797,2028
4846,r2i1p1f1,2028,04,08,0.0,21.870785,3.681206,2028
4847,r2i1p1f1,2028,04,09,0.0,22.309874,5.2490487,2028
4848,r2i1p1f1,2028,04,10,0.0,24.267166,5.5034966,2028
4849,r2i1p1f1,2028,04,11,0.0,24.63159,5.5012503,2028
4850,r2i1p1f1,2028,04,12,0.01019663356531125,24.202562,7.660759,2028
4851,r2i1p1f1,2028,04,13,0.0038429298281418877,22.039742,7.87155,2028
4852,r2i1p1f1,2028,04,14,18.91025043800115,14.74012,1.5061424,2028
4853,r2i1p1f1,2028,04,15,0.008795287151140375,21.557953,4.163869,2028
4854,r2i1p1f1,2028,04,16,0.0,22.324795,4.2324305,2028
4855,r2i1p1f1,2028,04,17,0.0,18.500929,0.6891847,2028
4856,r2i1p1f1,2028,04,18,0.5162495579637695,15.526206,-1.6636982,2028
4857,r2i1p1f1,2028,04,19,0.0,14.987856,2.562783,2028
4858,r2i1p1f1,2028,04,20,25.43911014335418,10.535311,3.1925304,2028
4859,r2i1p1f1,2028,04,21,0.028687678143167153,11.212009,2.074189,2028
4860,r2i1p1f1,2028,04,22,5.519560502265309,9.189752,-3.2898118,2028
4861,r2i1p1f1,2028,04,23,0.0,15.61253,-0.4576203,2028
4862,r2i1p1f1,2028,04,24,0.0,15.997656,-1.2829609,2028
4863,r2i1p1f1,2028,04,25,0.4225574386710972,11.653225,5.118947,2028
4864,r2i1p1f1,2028,04,26,3.579338004321751,9.9362135,2.7378798,2028
4865,r2i1p1f1,2028,04,27,0.17399542820595132,18.372805,3.148097,2028
4866,r2i1p1f1,2028,04,28,0.0,22.939604,5.9295907,2028
4867,r2i1p1f1,2028,04,29,0.0,24.957369,6.8354287,2028
4868,r2i1p1f1,2028,04,30,0.0,25.789303,9.306122,2028
4869,r2i1p1f1,2028,05,01,0.0,22.823412,6.0302076,2028
4870,r2i1p1f1,2028,05,02,5.238131612657946,12.777393,-3.0556464,2028
4871,r2i1p1f1,2028,05,03,6.993212195028229,4.8600736,-1.774295,2028
4872,r2i1p1f1,2028,05,04,0.579607907541056,8.414744,-3.9726946,2028
4873,r2i1p1f1,2028,05,05,0.0,14.7328205,-1.5092226,2028
4874,r2i1p1f1,2028,05,06,0.0,16.318302,-0.105541624,2028
4875,r2i1p1f1,2028,05,07,0.5935393858145779,13.893474,3.2373188,2028
4876,r2i1p1f1,2028,05,08,0.0,19.203608,1.6536502,2028
4877,r2i1p1f1,2028,05,09,12.411960186839748,12.914827,-2.1642241,2028
4878,r2i1p1f1,2028,05,10,17.573473140454063,8.03586,3.5640666,2028
4879,r2i1p1f1,2028,05,11,0.03148435227138599,9.663084,2.507195,2028
4880,r2i1p1f1,2028,05,12,0.7783030376580987,12.411262,-1.9886838,2028
4881,r2i1p1f1,2028,05,13,0.0,16.901115,-0.15913303,2028
4882,r2i1p1f1,2028,05,14,0.0,17.74724,4.047296,2028
4883,r2i1p1f1,2028,05,15,5.854202056847358,11.988554,0.058169242,2028
4884,r2i1p1f1,2028,05,16,5.3987768278672705,8.196687,-2.0704494,2028
4885,r2i1p1f1,2028,05,17,40.45832128814744,5.146534,-0.112023376,2028
4886,r2i1p1f1,2028,05,18,0.0,19.7033,2.4816203,2028
4887,r2i1p1f1,2028,05,19,0.0350125554877405,22.407387,5.9694724,2028
4888,r2i1p1f1,2028,05,20,0.0,22.852158,6.678344,2028
4889,r2i1p1f1,2028,05,21,0.0,22.151016,6.997854,2028
4890,r2i1p1f1,2028,05,22,0.0,23.588705,7.925887,2028
4891,r2i1p1f1,2028,05,23,0.0,24.778133,8.381693,2028
4892,r2i1p1f1,2028,05,24,0.0,25.227411,9.4223585,2028
4893,r2i1p1f1,2028,05,25,0.0,27.94704,9.8637495,2028
4894,r2i1p1f1,2028,05,26,0.0,29.628849,10.98114,2028
4895,r2i1p1f1,2028,05,27,0.0,30.043451,12.998352,2028
4896,r2i1p1f1,2028,05,28,0.0,29.46227,13.130897,2028
4897,r2i1p1f1,2028,05,29,0.0,27.555426,9.973838,2028
4898,r2i1p1f1,2028,05,30,0.0,24.50036,7.48833,2028
4899,r2i1p1f1,2028,05,31,0.27605850104569424,16.515694,2.0547493,2028
4900,r2i1p1f1,2028,06,01,0.0,13.299924,1.4436556,2028
4901,r2i1p1f1,2028,06,02,0.0,17.355204,2.0746753,2028
4902,r2i1p1f1,2028,06,03,0.0,20.804937,2.5234408,2028
4903,r2i1p1f1,2028,06,04,0.08027019158851964,21.688097,4.9494057,2028
4904,r2i1p1f1,2028,06,05,0.0,21.415524,5.6977367,2028
4905,r2i1p1f1,2028,06,06,0.413805233893072,19.178488,3.3898358,2028
4906,r2i1p1f1,2028,06,07,0.009252855352315237,22.805647,7.9806285,2028
4907,r2i1p1f1,2028,06,08,0.008592816587994233,23.428026,8.478348,2028
4908,r2i1p1f1,2028,06,09,0.0,23.206514,6.6874814,2028
4909,r2i1p1f1,2028,06,10,0.0,23.20752,6.1846666,2028
4910,r2i1p1f1,2028,06,11,0.0,24.228167,7.5926676,2028
4911,r2i1p1f1,2028,06,12,0.0,24.820951,7.2954116,2028
4912,r2i1p1f1,2028,06,13,0.0,26.910263,10.379796,2028
4913,r2i1p1f1,2028,06,14,0.34010542514911674,27.523512,10.516259,2028
4914,r2i1p1f1,2028,06,15,0.7226621676828962,19.429104,4.67229,2028
4915,r2i1p1f1,2028,06,16,0.10794724618720536,18.587088,8.553975,2028
4916,r2i1p1f1,2028,06,17,0.0014569593531632563,20.060068,7.1084237,2028
4917,r2i1p1f1,2028,06,18,0.0,24.576378,6.1062436,2028
4918,r2i1p1f1,2028,06,19,0.0,27.9202,11.325804,2028
4919,r2i1p1f1,2028,06,20,0.0,31.302114,12.744385,2028
4920,r2i1p1f1,2028,06,21,0.0,32.3912,13.66323,2028
4921,r2i1p1f1,2028,06,22,0.0,31.945562,13.694953,2028
4922,r2i1p1f1,2028,06,23,0.0,31.833065,14.25032,2028
4923,r2i1p1f1,2028,06,24,0.0,31.261377,14.3347845,2028
4924,r2i1p1f1,2028,06,25,0.0,30.813934,13.243371,2028
4925,r2i1p1f1,2028,06,26,0.0,29.598993,12.267188,2028
4926,r2i1p1f1,2028,06,27,0.0,29.262182,10.734609,2028
4927,r2i1p1f1,2028,06,28,0.04931688526994549,28.533329,10.845958,2028
4928,r2i1p1f1,2028,06,29,11.658322703211665,27.28046,12.644212,2028
4929,r2i1p1f1,2028,06,30,0.7524481239950267,23.957964,9.536869,2028
4930,r2i1p1f1,2028,07,01,0.0,26.892979,8.963071,2028
4931,r2i1p1f1,2028,07,02,0.0,27.932417,13.232195,2028
4932,r2i1p1f1,2028,07,03,0.051156526639645636,26.891514,9.816159,2028
4933,r2i1p1f1,2028,07,04,1.0451928873198295,21.762943,7.160172,2028
4934,r2i1p1f1,2028,07,05,0.18509506245349117,16.907686,6.5474396,2028
4935,r2i1p1f1,2028,07,06,0.0,19.33827,3.1102235,2028
4936,r2i1p1f1,2028,07,07,0.0,22.137281,7.852511,2028
4937,r2i1p1f1,2028,07,08,6.762572823264725,19.28557,6.3228903,2028
4938,r2i1p1f1,2028,07,09,0.011933703409830252,16.859598,8.358222,2028
4939,r2i1p1f1,2028,07,10,0.0,19.142138,9.113327,2028
4940,r2i1p1f1,2028,07,11,0.7625829176014611,19.4741,6.6598196,2028
4941,r2i1p1f1,2028,07,12,0.3070465209860301,20.696749,5.3028917,2028
4942,r2i1p1f1,2028,07,13,0.0,21.268942,5.1446085,2028
4943,r2i1p1f1,2028,07,14,0.0,21.404581,6.109884,2028
4944,r2i1p1f1,2028,07,15,0.0,24.057108,7.111412,2028
4945,r2i1p1f1,2028,07,16,0.0,24.976889,8.954951,2028
4946,r2i1p1f1,2028,07,17,0.0,24.038021,8.9318695,2028
4947,r2i1p1f1,2028,07,18,0.0,25.138292,8.560058,2028
4948,r2i1p1f1,2028,07,19,0.6346874860495378,26.628815,11.928362,2028
4949,r2i1p1f1,2028,07,20,0.4037580804055534,28.871368,12.137199,2028
4950,r2i1p1f1,2028,07,21,0.01990245651680967,29.712528,14.424903,2028
4951,r2i1p1f1,2028,07,22,0.6233137214132092,30.182455,16.154602,2028
4952,r2i1p1f1,2028,07,23,5.281318435229948,26.755968,11.700767,2028
4953,r2i1p1f1,2028,07,24,0.0008430964883770614,25.918997,11.044968,2028
4954,r2i1p1f1,2028,07,25,0.0,26.72623,10.489929,2028
4955,r2i1p1f1,2028,07,26,0.0,28.480516,11.183056,2028
4956,r2i1p1f1,2028,07,27,0.0,28.59129,11.219324,2028
4957,r2i1p1f1,2028,07,28,0.0,27.446634,10.828332,2028
4958,r2i1p1f1,2028,07,29,0.0,27.443834,10.108083,2028
4959,r2i1p1f1,2028,07,30,0.0,28.235302,10.283298,2028
4960,r2i1p1f1,2028,07,31,0.0,27.56317,10.936227,2028
4961,r2i1p1f1,2028,08,01,0.0,27.814077,12.26677,2028
4962,r2i1p1f1,2028,08,02,0.026162236155449554,27.00378,11.969683,2028
4963,r2i1p1f1,2028,08,03,0.0,25.947178,10.185658,2028
4964,r2i1p1f1,2028,08,04,0.0,25.59617,9.897973,2028
4965,r2i1p1f1,2028,08,05,0.0,26.480412,10.323698,2028
4966,r2i1p1f1,2028,08,06,0.0,27.797417,10.510249,2028
4967,r2i1p1f1,2028,08,07,0.0,29.422543,11.287895,2028
4968,r2i1p1f1,2028,08,08,0.0,30.796207,12.922534,2028
4969,r2i1p1f1,2028,08,09,0.0,30.643793,12.841224,2028
4970,r2i1p1f1,2028,08,10,0.0,28.27089,10.780942,2028
4971,r2i1p1f1,2028,08,11,0.0,25.013683,8.816381,2028
4972,r2i1p1f1,2028,08,12,0.0,24.530924,8.346796,2028
4973,r2i1p1f1,2028,08,13,0.0,24.340942,7.6516867,2028
4974,r2i1p1f1,2028,08,14,0.0,22.268896,6.1504416,2028
4975,r2i1p1f1,2028,08,15,2.419300365734391,22.678436,6.156505,2028
4976,r2i1p1f1,2028,08,16,5.769551554504478,22.748194,6.6414294,2028
4977,r2i1p1f1,2028,08,17,28.85354238633926,16.649458,6.8588977,2028
4978,r2i1p1f1,2028,08,18,0.0,23.416372,7.77037,2028
4979,r2i1p1f1,2028,08,19,0.0,24.32785,12.085185,2028
4980,r2i1p1f1,2028,08,20,0.0,25.431236,12.994458,2028
4981,r2i1p1f1,2028,08,21,0.0,27.05286,12.584397,2028
4982,r2i1p1f1,2028,08,22,0.0,27.44351,11.491859,2028
4983,r2i1p1f1,2028,08,23,0.0,28.298027,11.5299,2028
4984,r2i1p1f1,2028,08,24,0.0,28.693087,13.674363,2028
4985,r2i1p1f1,2028,08,25,0.0,29.58642,13.149128,2028
4986,r2i1p1f1,2028,08,26,0.0,29.426123,12.588963,2028
4987,r2i1p1f1,2028,08,27,0.0,31.213924,14.230798,2028
4988,r2i1p1f1,2028,08,28,0.0,32.535126,15.074544,2028
4989,r2i1p1f1,2028,08,29,0.0,33.35666,14.2218895,2028
4990,r2i1p1f1,2028,08,30,0.0,34.095997,15.133467,2028
4991,r2i1p1f1,2028,08,31,0.0,34.163704,14.946472,2028
4992,r2i1p1f1,2028,09,01,0.0,32.537937,16.076206,2028
4993,r2i1p1f1,2028,09,02,0.0,30.41065,14.286335,2028
4994,r2i1p1f1,2028,09,03,0.0,26.083265,9.806133,2028
4995,r2i1p1f1,2028,09,04,10.14242838106069,19.679861,3.7206476,2028
4996,r2i1p1f1,2028,09,05,13.107594679072813,20.597616,3.5507982,2028
4997,r2i1p1f1,2028,09,06,13.2453019157905,22.742584,6.777754,2028
4998,r2i1p1f1,2028,09,07,0.0,21.047068,7.031854,2028
4999,r2i1p1f1,2028,09,08,1.4183456624568162e-05,16.9438,1.8113685,2028
5000,r2i1p1f1,2028,09,09,0.0,19.327219,2.9028425,2028
5001,r2i1p1f1,2028,09,10,0.0,24.013424,6.238982,2028
5002,r2i1p1f1,2028,09,11,0.0,23.031263,6.948387,2028
5003,r2i1p1f1,2028,09,12,0.0,21.908237,6.5671287,2028
5004,r2i1p1f1,2028,09,13,0.0,28.281235,11.589246,2028
5005,r2i1p1f1,2028,09,14,0.0,29.811852,11.685231,2028
5006,r2i1p1f1,2028,09,15,0.0,23.184761,9.22721,2028
5007,r2i1p1f1,2028,09,16,0.0,16.808607,2.1807258,2028
5008,r2i1p1f1,2028,09,17,0.0,24.579926,6.802743,2028
5009,r2i1p1f1,2028,09,18,0.0,25.829174,9.3337555,2028
5010,r2i1p1f1,2028,09,19,0.0,18.223427,5.2068753,2028
5011,r2i1p1f1,2028,09,20,0.0,18.343018,0.9275001,2028
5012,r2i1p1f1,2028,09,21,0.0,22.219067,3.682474,2028
5013,r2i1p1f1,2028,09,22,0.0,24.638906,6.8341103,2028
5014,r2i1p1f1,2028,09,23,0.0,22.723291,8.272032,2028
5015,r2i1p1f1,2028,09,24,0.0,18.529713,4.382531,2028
5016,r2i1p1f1,2028,09,25,0.0,14.121526,0.017675156,2028
5017,r2i1p1f1,2028,09,26,0.16990621864421812,14.396234,1.9726402,2028
5018,r2i1p1f1,2028,09,27,0.0,23.261059,7.5594544,2028
5019,r2i1p1f1,2028,09,28,0.0,28.093521,9.446298,2028
5020,r2i1p1f1,2028,09,29,0.0,27.418373,11.213046,2028
5021,r2i1p1f1,2028,09,30,0.0,26.894844,9.577441,2028
5022,r2i1p1f1,2028,10,01,0.0,25.639462,9.902705,2028
5023,r2i1p1f1,2028,10,02,0.0,29.050797,13.200568,2028
5024,r2i1p1f1,2028,10,03,0.0,30.383095,12.543924,2028
5025,r2i1p1f1,2028,10,04,0.0,30.326479,12.557061,2028
5026,r2i1p1f1,2028,10,05,0.0,27.384703,12.000281,2028
5027,r2i1p1f1,2028,10,06,0.0,22.019186,7.552822,2028
5028,r2i1p1f1,2028,10,07,0.0,24.782255,6.558849,2028
5029,r2i1p1f1,2028,10,08,0.0,25.695156,7.03017,2028
5030,r2i1p1f1,2028,10,09,0.0,25.393932,7.4598875,2028
5031,r2i1p1f1,2028,10,10,0.0,20.463882,6.8539286,2028
5032,r2i1p1f1,2028,10,11,5.646265227425409,14.817793,1.2992482,2028
5033,r2i1p1f1,2028,10,12,0.0,16.709791,1.688288,2028
5034,r2i1p1f1,2028,10,13,0.0,18.502966,3.0133336,2028
5035,r2i1p1f1,2028,10,14,0.038852788650099404,17.71819,4.722944,2028
5036,r2i1p1f1,2028,10,15,54.39531441974955,15.285115,0.23977573,2028
5037,r2i1p1f1,2028,10,16,55.024368221459625,9.135456,-1.6026064,2028
5038,r2i1p1f1,2028,10,17,0.3697583187798815,9.66988,-1.4790813,2028
5039,r2i1p1f1,2028,10,18,0.0,13.453698,0.65603787,2028
5040,r2i1p1f1,2028,10,19,0.0,18.128508,1.0991321,2028
5041,r2i1p1f1,2028,10,20,0.0,17.937784,3.152715,2028
5042,r2i1p1f1,2028,10,21,0.0,17.799713,4.023326,2028
5043,r2i1p1f1,2028,10,22,0.0,19.153154,5.6739845,2028
5044,r2i1p1f1,2028,10,23,0.0,21.890985,7.675288,2028
5045,r2i1p1f1,2028,10,24,0.0,19.993916,6.969309,2028
5046,r2i1p1f1,2028,10,25,0.0,22.97415,8.579952,2028
5047,r2i1p1f1,2028,10,26,0.0,22.342554,6.44576,2028
5048,r2i1p1f1,2028,10,27,0.0,19.918438,7.6686783,2028
5049,r2i1p1f1,2028,10,28,0.0,21.30817,8.644447,2028
5050,r2i1p1f1,2028,10,29,0.0,23.162052,7.6639247,2028
5051,r2i1p1f1,2028,10,30,0.0,17.800076,4.5420504,2028
5052,r2i1p1f1,2028,10,31,0.0,15.195749,3.1302698,2028
5053,r2i1p1f1,2028,11,01,0.0,14.432915,0.3587002,2028
5054,r2i1p1f1,2028,11,02,0.0,12.98273,-1.677322,2028
5055,r2i1p1f1,2028,11,03,0.1682771205825982,11.065816,1.7423812,2028
5056,r2i1p1f1,2028,11,04,0.0019010793599031435,11.236081,3.0102813,2028
5057,r2i1p1f1,2028,11,05,0.0,13.154856,0.37993836,2028
5058,r2i1p1f1,2028,11,06,30.04702046701613,12.057599,3.2595391,2028
5059,r2i1p1f1,2028,11,07,101.94954889727971,11.847092,5.6024246,2028
5060,r2i1p1f1,2028,11,08,44.24789481532711,8.288831,3.0112646,2028
5061,r2i1p1f1,2028,11,09,0.24058407561824424,9.917521,3.7468097,2028
5062,r2i1p1f1,2028,11,10,0.0,11.109952,1.2714475,2028
5063,r2i1p1f1,2028,11,11,0.20665119769336554,10.41052,5.0194054,2028
5064,r2i1p1f1,2028,11,12,0.0,12.863421,1.020379,2028
5065,r2i1p1f1,2028,11,13,0.0,11.695142,-0.88102627,2028
5066,r2i1p1f1,2028,11,14,0.0,9.168881,-3.594416,2028
5067,r2i1p1f1,2028,11,15,0.0,9.626223,-3.4153497,2028
5068,r2i1p1f1,2028,11,16,0.0,13.068145,-1.2865984,2028
5069,r2i1p1f1,2028,11,17,0.0,15.797152,1.5240971,2028
5070,r2i1p1f1,2028,11,18,0.0,14.395273,-0.71860456,2028
5071,r2i1p1f1,2028,11,19,0.0,13.765373,-1.9658731,2028
5072,r2i1p1f1,2028,11,20,0.0,12.754201,-2.5974665,2028
5073,r2i1p1f1,2028,11,21,21.920069289626554,9.917164,1.7878958,2028
5074,r2i1p1f1,2028,11,22,21.32426526267619,8.716106,3.6451244,2028
5075,r2i1p1f1,2028,11,23,0.0,9.628676,3.6164105,2028
5076,r2i1p1f1,2028,11,24,0.0,10.836949,3.919432,2028
5077,r2i1p1f1,2028,11,25,0.0,13.021635,4.3107142,2028
5078,r2i1p1f1,2028,11,26,0.0,18.204863,4.397425,2028
5079,r2i1p1f1,2028,11,27,0.0,17.162296,3.771139,2028
5080,r2i1p1f1,2028,11,28,0.0,17.485357,3.8170369,2028
5081,r2i1p1f1,2028,11,29,0.0,16.170347,4.261626,2028
5082,r2i1p1f1,2028,11,30,0.0,16.96537,3.1659918,2028
5083,r2i1p1f1,2028,12,01,0.0,16.167044,2.4458904,2028
5084,r2i1p1f1,2028,12,02,0.0,15.234744,2.65266,2028
5085,r2i1p1f1,2028,12,03,0.2861627634187104,12.360348,4.719462,2028
5086,r2i1p1f1,2028,12,04,1.7467485586376614,10.897082,5.940795,2028
5087,r2i1p1f1,2028,12,05,0.19256221617419775,12.77902,2.1268396,2028
5088,r2i1p1f1,2028,12,06,0.3900531334623408,10.6607275,5.216996,2028
5089,r2i1p1f1,2028,12,07,0.745118039892007,10.906047,6.427535,2028
5090,r2i1p1f1,2028,12,08,0.0,16.108671,2.37364,2028
5091,r2i1p1f1,2028,12,09,0.0,16.441061,2.4699755,2028
5092,r2i1p1f1,2028,12,10,0.0,15.768064,2.30024,2028
5093,r2i1p1f1,2028,12,11,0.0,14.433509,2.3652802,2028
5094,r2i1p1f1,2028,12,12,0.0,12.538265,2.2727928,2028
5095,r2i1p1f1,2028,12,13,0.0,12.048473,-2.3512745,2028
5096,r2i1p1f1,2028,12,14,0.0,7.823254,-6.6448984,2028
5097,r2i1p1f1,2028,12,15,0.0,8.068636,-5.289552,2028
5098,r2i1p1f1,2028,12,16,0.0,7.674645,-2.5010736,2028
5099,r2i1p1f1,2028,12,17,0.0,5.903768,-1.7187426,2028
5100,r2i1p1f1,2028,12,18,0.8426581820878289,4.986787,-0.89087355,2028
5101,r2i1p1f1,2028,12,19,1.1204450917935342,4.3372083,-0.09111042,2028
5102,r2i1p1f1,2028,12,20,0.0,9.714143,-3.7223577,2028
5103,r2i1p1f1,2028,12,21,0.0,5.406207,-5.504687,2028
5104,r2i1p1f1,2028,12,22,0.0,8.070876,-3.0509365,2028
5105,r2i1p1f1,2028,12,23,0.0,13.020013,0.90202016,2028
5106,r2i1p1f1,2028,12,24,0.0,16.715933,2.3280315,2028
5107,r2i1p1f1,2028,12,25,0.0,14.726248,0.70391864,2028
5108,r2i1p1f1,2028,12,26,0.0,11.747573,0.8230548,2028
5109,r2i1p1f1,2028,12,27,62.50510698300786,9.0235,3.6474311,2028
5110,r2i1p1f1,2028,12,28,0.0,11.925735,1.983771,2028
5111,r2i1p1f1,2028,12,29,8.033170215094287,9.545689,2.2389324,2028
5112,r2i1p1f1,2028,12,30,87.85050100682733,10.866989,5.369881,2028
5113,r2i1p1f1,2028,12,31,77.05542761026524,9.291966,2.873125,2028
5114,r2i1p1f1,2029,01,01,48.46124350800752,8.897667,-0.7314607,2029
5115,r2i1p1f1,2029,01,02,42.9590049916162,4.3117027,0.18621269,2029
5116,r2i1p1f1,2029,01,03,23.34216806092837,6.973187,1.3504543,2029
5117,r2i1p1f1,2029,01,04,36.583106422152085,9.470971,-2.716995,2029
5118,r2i1p1f1,2029,01,05,74.33922843058379,8.188894,3.13966,2029
5119,r2i1p1f1,2029,01,06,34.44603054977582,10.919038,3.5543146,2029
5120,r2i1p1f1,2029,01,07,55.76298557481585,10.457475,6.3903394,2029
5121,r2i1p1f1,2029,01,08,3.451060070423969,9.3800335,-0.09266741,2029
5122,r2i1p1f1,2029,01,09,0.0,9.820278,-3.6757338,2029
5123,r2i1p1f1,2029,01,10,0.0,12.955662,-1.1148366,2029
5124,r2i1p1f1,2029,01,11,0.0,16.388569,0.75611836,2029
5125,r2i1p1f1,2029,01,12,0.0,15.8538885,0.95293605,2029
5126,r2i1p1f1,2029,01,13,0.0,16.75046,1.0321337,2029
5127,r2i1p1f1,2029,01,14,0.0,14.296748,3.0586066,2029
5128,r2i1p1f1,2029,01,15,5.032371182110532,10.830198,3.140635,2029
5129,r2i1p1f1,2029,01,16,0.0,11.3981905,-0.7173599,2029
5130,r2i1p1f1,2029,01,17,16.79817754142837,9.085768,-3.7316322,2029
5131,r2i1p1f1,2029,01,18,33.850762399379164,4.3545804,-1.4369626,2029
5132,r2i1p1f1,2029,01,19,7.476939283878892,3.8076477,-6.724126,2029
5133,r2i1p1f1,2029,01,20,1.2072736693286201,4.328028,-6.291918,2029
5134,r2i1p1f1,2029,01,21,68.44597253142499,3.1262841,-4.442989,2029
5135,r2i1p1f1,2029,01,22,11.179727029901606,1.0051914,-4.7402163,2029
5136,r2i1p1f1,2029,01,23,9.683156997813898,1.2530156,-5.1443553,2029
5137,r2i1p1f1,2029,01,24,0.0,3.2591572,-9.64301,2029
5138,r2i1p1f1,2029,01,25,0.0,5.887086,-7.1720815,2029
5139,r2i1p1f1,2029,01,26,0.0,7.3779516,-5.5419784,2029
5140,r2i1p1f1,2029,01,27,0.0,8.879092,-3.721421,2029
5141,r2i1p1f1,2029,01,28,0.0,8.833921,-3.983861,2029
5142,r2i1p1f1,2029,01,29,0.0,10.806855,-2.8518283,2029
5143,r2i1p1f1,2029,01,30,0.0,11.500027,-2.5870495,2029
5144,r2i1p1f1,2029,01,31,0.0,13.295413,-3.5345972,2029
5145,r2i1p1f1,2029,02,01,0.0,12.356088,-2.535946,2029
5146,r2i1p1f1,2029,02,02,0.0,11.662578,-2.9815876,2029
5147,r2i1p1f1,2029,02,03,0.7828414291417665,5.4566603,-3.7862837,2029
5148,r2i1p1f1,2029,02,04,0.0,9.042679,-5.7193384,2029
5149,r2i1p1f1,2029,02,05,0.0,12.283603,-5.3581443,2029
5150,r2i1p1f1,2029,02,06,0.0,10.88719,-4.566776,2029
5151,r2i1p1f1,2029,02,07,0.0,9.367413,-3.6553998,2029
5152,r2i1p1f1,2029,02,08,0.0,13.616133,-1.1377894,2029
5153,r2i1p1f1,2029,02,09,0.0,14.432672,-0.5341997,2029
5154,r2i1p1f1,2029,02,10,0.0,15.73102,0.83395344,2029
5155,r2i1p1f1,2029,02,11,0.0,18.443531,3.429554,2029
5156,r2i1p1f1,2029,02,12,0.0,19.00996,3.9887981,2029
5157,r2i1p1f1,2029,02,13,0.0,19.491884,2.8556037,2029
5158,r2i1p1f1,2029,02,14,0.0,20.234354,3.1870441,2029
5159,r2i1p1f1,2029,02,15,0.0,19.261713,3.2172625,2029
5160,r2i1p1f1,2029,02,16,0.0,16.041775,2.9525194,2029
5161,r2i1p1f1,2029,02,17,0.0,18.046196,1.1604009,2029
5162,r2i1p1f1,2029,02,18,0.0,16.630703,1.0387487,2029
5163,r2i1p1f1,2029,02,19,0.0,16.832598,2.3247633,2029
5164,r2i1p1f1,2029,02,20,0.0,19.088211,1.400781,2029
5165,r2i1p1f1,2029,02,21,0.0,15.920798,1.1807772,2029
5166,r2i1p1f1,2029,02,22,0.0,17.403606,1.7751496,2029
5167,r2i1p1f1,2029,02,23,0.0,14.5604,1.4287554,2029
5168,r2i1p1f1,2029,02,24,5.240819811912773,11.202556,-1.299099,2029
5169,r2i1p1f1,2029,02,25,1.777822121560418,4.809349,-6.3254375,2029
5170,r2i1p1f1,2029,02,26,0.0,3.1642663,-6.177465,2029
5171,r2i1p1f1,2029,02,27,79.5898689270521,5.264225,-5.3033834,2029
5172,r2i1p1f1,2029,02,28,56.273484815252374,6.5308785,-3.086406,2029
5173,r2i1p1f1,2029,03,01,19.159503894535682,4.5782204,-4.5511403,2029
5174,r2i1p1f1,2029,03,02,21.081815783803066,10.129418,-3.7273936,2029
5175,r2i1p1f1,2029,03,03,14.52865562871291,12.1555395,4.628212,2029
5176,r2i1p1f1,2029,03,04,36.18729241872923,9.964366,2.8032246,2029
5177,r2i1p1f1,2029,03,05,9.475186625226902,11.567892,1.0549484,2029
5178,r2i1p1f1,2029,03,06,21.615439972755176,9.898228,0.052135468,2029
5179,r2i1p1f1,2029,03,07,74.70869394556547,11.006235,-0.9925494,2029
5180,r2i1p1f1,2029,03,08,28.707607240623755,8.772835,-3.8354132,2029
5181,r2i1p1f1,2029,03,09,0.21159770043849535,7.862186,-1.1452271,2029
5182,r2i1p1f1,2029,03,10,0.0,14.166741,0.6104776,2029
5183,r2i1p1f1,2029,03,11,0.0,17.252693,0.023522401,2029
5184,r2i1p1f1,2029,03,12,0.11567656127646422,15.795811,1.1622633,2029
5185,r2i1p1f1,2029,03,13,4.914452666623849,9.046252,-1.314082,2029
5186,r2i1p1f1,2029,03,14,0.0,14.816195,-0.9727135,2029
5187,r2i1p1f1,2029,03,15,60.8286866112254,7.9366555,-3.2425177,2029
5188,r2i1p1f1,2029,03,16,44.58339305128902,3.185229,-4.3404336,2029
5189,r2i1p1f1,2029,03,17,10.428684861485985,0.34737816,-4.2184963,2029
5190,r2i1p1f1,2029,03,18,17.84254354984464,1.4794327,-0.78030276,2029
5191,r2i1p1f1,2029,03,19,0.07411179501034965,4.2909765,-2.8691094,2029
5192,r2i1p1f1,2029,03,20,33.57296757323918,3.510782,-2.2242186,2029
5193,r2i1p1f1,2029,03,21,8.657026184692558,5.632176,-5.982947,2029
5194,r2i1p1f1,2029,03,22,0.0,8.772181,-0.4501114,2029
5195,r2i1p1f1,2029,03,23,0.0,11.958177,0.028285393,2029
5196,r2i1p1f1,2029,03,24,0.0,15.989651,-3.4979186,2029
5197,r2i1p1f1,2029,03,25,0.0,16.82063,-1.9964353,2029
5198,r2i1p1f1,2029,03,26,0.0,19.642069,1.2772069,2029
5199,r2i1p1f1,2029,03,27,0.0,18.007078,3.8419926,2029
5200,r2i1p1f1,2029,03,28,0.0,20.27464,4.5808854,2029
5201,r2i1p1f1,2029,03,29,0.0,18.524149,4.4007974,2029
5202,r2i1p1f1,2029,03,30,0.006091173865850299,16.933077,2.179192,2029
5203,r2i1p1f1,2029,03,31,0.0,13.160173,1.3740318,2029
5204,r2i1p1f1,2029,04,01,0.0,13.99803,-2.2119055,2029
5205,r2i1p1f1,2029,04,02,1.2616487080427201,11.581539,-5.4325614,2029
5206,r2i1p1f1,2029,04,03,5.5298132679476675,11.044151,-5.840079,2029
5207,r2i1p1f1,2029,04,04,16.443059953710943,7.1108227,-1.7871875,2029
5208,r2i1p1f1,2029,04,05,0.37990855345504737,6.639857,0.40410477,2029
5209,r2i1p1f1,2029,04,06,0.017780461432546593,10.054861,2.1380794,2029
5210,r2i1p1f1,2029,04,07,0.0381426190590271,9.844741,3.565175,2029
5211,r2i1p1f1,2029,04,08,0.0,17.017132,-1.9459546,2029
5212,r2i1p1f1,2029,04,09,0.0,19.15599,0.4557543,2029
5213,r2i1p1f1,2029,04,10,0.0,25.525785,7.1676135,2029
5214,r2i1p1f1,2029,04,11,0.0,28.793598,9.272825,2029
5215,r2i1p1f1,2029,04,12,0.0,26.38058,10.082003,2029
5216,r2i1p1f1,2029,04,13,0.0,28.296167,9.531438,2029
5217,r2i1p1f1,2029,04,14,0.0,28.31286,10.875955,2029
5218,r2i1p1f1,2029,04,15,0.0,28.414003,10.159797,2029
5219,r2i1p1f1,2029,04,16,0.0,27.888744,9.639768,2029
5220,r2i1p1f1,2029,04,17,0.0,23.418581,7.234762,2029
5221,r2i1p1f1,2029,04,18,0.0,22.925228,7.2528358,2029
5222,r2i1p1f1,2029,04,19,0.0,23.44537,8.041275,2029
5223,r2i1p1f1,2029,04,20,20.488023482119807,14.925566,-0.9510619,2029
5224,r2i1p1f1,2029,04,21,6.58018614107837,9.889319,0.5475081,2029
5225,r2i1p1f1,2029,04,22,3.3879953667705056,9.226802,-4.818754,2029
5226,r2i1p1f1,2029,04,23,0.0,11.114969,-2.554792,2029
5227,r2i1p1f1,2029,04,24,0.0,14.872117,-2.2976322,2029
5228,r2i1p1f1,2029,04,25,0.0,17.879868,0.54851425,2029
5229,r2i1p1f1,2029,04,26,1.7352823079608453,17.83606,3.4731023,2029
5230,r2i1p1f1,2029,04,27,0.0,18.637789,0.5479028,2029
5231,r2i1p1f1,2029,04,28,0.0,17.955397,2.930998,2029
5232,r2i1p1f1,2029,04,29,0.0,18.62255,3.828125,2029
5233,r2i1p1f1,2029,04,30,0.0,18.202719,3.0833013,2029
5234,r2i1p1f1,2029,05,01,0.0,16.604795,0.56146103,2029
5235,r2i1p1f1,2029,05,02,0.0,16.082779,1.7248461,2029
5236,r2i1p1f1,2029,05,03,0.0,16.732565,0.12127617,2029
5237,r2i1p1f1,2029,05,04,0.0,16.788692,0.023407863,2029
5238,r2i1p1f1,2029,05,05,0.0,18.40444,-0.01752736,2029
5239,r2i1p1f1,2029,05,06,0.0,23.149237,3.815515,2029
5240,r2i1p1f1,2029,05,07,0.0,24.241554,7.5298867,2029
5241,r2i1p1f1,2029,05,08,0.0,23.897701,8.449829,2029
5242,r2i1p1f1,2029,05,09,0.0,22.7192,6.7997413,2029
5243,r2i1p1f1,2029,05,10,0.0,17.278708,3.9754658,2029
5244,r2i1p1f1,2029,05,11,7.238545769415885,8.80862,1.6389297,2029
5245,r2i1p1f1,2029,05,12,1.9082528557681564,11.731587,1.1085732,2029
5246,r2i1p1f1,2029,05,13,0.0,18.614532,2.8621197,2029
5247,r2i1p1f1,2029,05,14,0.0,20.889317,1.923363,2029
5248,r2i1p1f1,2029,05,15,0.0,19.157505,2.3986278,2029
5249,r2i1p1f1,2029,05,16,22.32101902616425,10.55312,2.6245034,2029
5250,r2i1p1f1,2029,05,17,22.61430163730088,11.029414,3.9683447,2029
5251,r2i1p1f1,2029,05,18,0.0,17.815557,1.244794,2029
5252,r2i1p1f1,2029,05,19,0.0,24.06711,6.4429574,2029
5253,r2i1p1f1,2029,05,20,0.0,23.433847,8.124551,2029
5254,r2i1p1f1,2029,05,21,0.0,23.84338,6.9486427,2029
5255,r2i1p1f1,2029,05,22,0.0,22.692354,6.0058026,2029
5256,r2i1p1f1,2029,05,23,0.0,22.289158,6.6026845,2029
5257,r2i1p1f1,2029,05,24,0.0,20.850336,4.604548,2029
5258,r2i1p1f1,2029,05,25,0.0,17.72551,1.3065864,2029
5259,r2i1p1f1,2029,05,26,0.5365327342867834,11.190218,-1.6407144,2029
5260,r2i1p1f1,2029,05,27,3.73404646113788,9.680308,-5.760087,2029
5261,r2i1p1f1,2029,05,28,0.0,13.633848,-2.7703185,2029
5262,r2i1p1f1,2029,05,29,0.0,16.095922,2.4045289,2029
5263,r2i1p1f1,2029,05,30,0.0,17.534878,6.114254,2029
5264,r2i1p1f1,2029,05,31,8.915686822185238,12.169985,1.4457062,2029
5265,r2i1p1f1,2029,06,01,4.558929311490199,10.245745,-2.9668636,2029
5266,r2i1p1f1,2029,06,02,4.96741517929597,12.762475,-1.7110364,2029
5267,r2i1p1f1,2029,06,03,1.7054082166326294,14.808553,2.6017632,2029
5268,r2i1p1f1,2029,06,04,0.03114882746418656,17.792429,3.9188538,2029
5269,r2i1p1f1,2029,06,05,0.0,19.172447,4.0930905,2029
5270,r2i1p1f1,2029,06,06,0.02409906695762542,17.680927,1.720335,2029
5271,r2i1p1f1,2029,06,07,27.450832077346814,8.298266,-2.47378,2029
5272,r2i1p1f1,2029,06,08,2.968285915183235,11.653296,5.9391613,2029
5273,r2i1p1f1,2029,06,09,0.4306581145171479,21.150911,3.2470436,2029
5274,r2i1p1f1,2029,06,10,0.0,25.09605,7.400997,2029
5275,r2i1p1f1,2029,06,11,0.0,27.090864,10.775729,2029
5276,r2i1p1f1,2029,06,12,0.0,28.309376,10.618462,2029
5277,r2i1p1f1,2029,06,13,0.0,29.06546,11.452935,2029
5278,r2i1p1f1,2029,06,14,0.0,27.720133,10.375349,2029
5279,r2i1p1f1,2029,06,15,0.0,22.211637,6.9206543,2029
5280,r2i1p1f1,2029,06,16,0.0,18.990494,4.8351493,2029
5281,r2i1p1f1,2029,06,17,0.0,24.110453,7.175177,2029
5282,r2i1p1f1,2029,06,18,0.0,25.544645,9.081665,2029
5283,r2i1p1f1,2029,06,19,2.116575637452255,26.373306,9.672897,2029
5284,r2i1p1f1,2029,06,20,0.0,26.07128,8.520469,2029
5285,r2i1p1f1,2029,06,21,0.0,26.036922,9.492912,2029
5286,r2i1p1f1,2029,06,22,0.0,29.177765,12.480694,2029
5287,r2i1p1f1,2029,06,23,0.0,29.588833,12.7488785,2029
5288,r2i1p1f1,2029,06,24,0.0,28.545347,10.097409,2029
5289,r2i1p1f1,2029,06,25,0.0,26.30957,10.054592,2029
5290,r2i1p1f1,2029,06,26,0.0,25.866924,9.186133,2029
5291,r2i1p1f1,2029,06,27,0.0,25.083918,7.3001637,2029
5292,r2i1p1f1,2029,06,28,0.0,25.99263,7.766993,2029
5293,r2i1p1f1,2029,06,29,0.0,24.619087,7.4191127,2029
5294,r2i1p1f1,2029,06,30,0.0,25.725704,9.038469,2029
5295,r2i1p1f1,2029,07,01,0.0,25.124643,8.76632,2029
5296,r2i1p1f1,2029,07,02,0.06280906001428285,26.394312,9.861318,2029
5297,r2i1p1f1,2029,07,03,0.0,26.89747,10.3216305,2029
5298,r2i1p1f1,2029,07,04,0.0,30.529316,12.080188,2029
5299,r2i1p1f1,2029,07,05,0.0,32.859894,14.407417,2029
5300,r2i1p1f1,2029,07,06,0.0,31.959723,13.855384,2029
5301,r2i1p1f1,2029,07,07,0.0,30.482363,13.549711,2029
5302,r2i1p1f1,2029,07,08,0.0,31.089169,14.588086,2029
5303,r2i1p1f1,2029,07,09,0.0,31.169615,14.556021,2029
5304,r2i1p1f1,2029,07,10,0.012301812015581302,30.587446,14.491633,2029
5305,r2i1p1f1,2029,07,11,0.0,31.298838,15.771844,2029
5306,r2i1p1f1,2029,07,12,0.0,34.078823,16.208014,2029
5307,r2i1p1f1,2029,07,13,0.0,34.78621,17.41042,2029
5308,r2i1p1f1,2029,07,14,0.0,32.9833,17.03033,2029
5309,r2i1p1f1,2029,07,15,0.0,33.192616,15.839143,2029
5310,r2i1p1f1,2029,07,16,0.0,31.978374,14.519062,2029
5311,r2i1p1f1,2029,07,17,0.0,31.73065,15.234973,2029
5312,r2i1p1f1,2029,07,18,0.0,31.64932,15.307222,2029
5313,r2i1p1f1,2029,07,19,0.0,30.148344,13.047985,2029
5314,r2i1p1f1,2029,07,20,0.0,29.548038,12.060083,2029
5315,r2i1p1f1,2029,07,21,0.0,28.772339,12.862468,2029
5316,r2i1p1f1,2029,07,22,0.0,29.140547,11.9322,2029
5317,r2i1p1f1,2029,07,23,0.0,29.084423,13.028638,2029
5318,r2i1p1f1,2029,07,24,0.0,28.931904,11.491502,2029
5319,r2i1p1f1,2029,07,25,0.0,28.630665,10.908279,2029
5320,r2i1p1f1,2029,07,26,0.0,28.078156,10.733305,2029
5321,r2i1p1f1,2029,07,27,0.0,26.885185,10.605073,2029
5322,r2i1p1f1,2029,07,28,0.0,26.941763,10.548225,2029
5323,r2i1p1f1,2029,07,29,0.0,27.356014,10.98456,2029
5324,r2i1p1f1,2029,07,30,0.0,28.24922,11.069487,2029
5325,r2i1p1f1,2029,07,31,0.0,26.833277,10.679811,2029
5326,r2i1p1f1,2029,08,01,0.0,28.645445,10.0587845,2029
5327,r2i1p1f1,2029,08,02,0.0,29.507969,11.026762,2029
5328,r2i1p1f1,2029,08,03,0.0,30.089888,10.84868,2029
5329,r2i1p1f1,2029,08,04,0.0,30.186045,10.756066,2029
5330,r2i1p1f1,2029,08,05,0.0,29.301664,11.558977,2029
5331,r2i1p1f1,2029,08,06,0.0,30.140211,12.621895,2029
5332,r2i1p1f1,2029,08,07,0.0,30.607164,13.42646,2029
5333,r2i1p1f1,2029,08,08,0.0,30.591103,13.137876,2029
5334,r2i1p1f1,2029,08,09,0.06608686948871204,29.282578,11.073172,2029
5335,r2i1p1f1,2029,08,10,0.0,28.784288,11.856735,2029
5336,r2i1p1f1,2029,08,11,0.11840599959563966,28.194149,12.073617,2029
5337,r2i1p1f1,2029,08,12,0.0,27.499796,9.9948015,2029
5338,r2i1p1f1,2029,08,13,0.0,28.351543,10.040329,2029
5339,r2i1p1f1,2029,08,14,0.0,27.407564,9.965117,2029
5340,r2i1p1f1,2029,08,15,0.0,27.962755,10.956355,2029
5341,r2i1p1f1,2029,08,16,0.0,28.611298,10.631921,2029
5342,r2i1p1f1,2029,08,17,0.0,31.40608,13.17878,2029
5343,r2i1p1f1,2029,08,18,0.0,32.86668,15.31593,2029
5344,r2i1p1f1,2029,08,19,0.0,31.710192,16.490326,2029
5345,r2i1p1f1,2029,08,20,0.0,29.997705,12.715978,2029
5346,r2i1p1f1,2029,08,21,0.0,29.636597,12.835127,2029
5347,r2i1p1f1,2029,08,22,0.0,28.75708,11.957022,2029
5348,r2i1p1f1,2029,08,23,0.0,24.187284,6.783629,2029
5349,r2i1p1f1,2029,08,24,0.0,24.11683,5.776739,2029
5350,r2i1p1f1,2029,08,25,0.0,25.854374,7.9019604,2029
5351,r2i1p1f1,2029,08,26,0.0,28.39485,10.205865,2029
5352,r2i1p1f1,2029,08,27,0.0,29.64959,11.528735,2029
5353,r2i1p1f1,2029,08,28,0.0,30.272823,11.735476,2029
5354,r2i1p1f1,2029,08,29,0.0,29.853916,11.150547,2029
5355,r2i1p1f1,2029,08,30,0.0,25.330095,7.749563,2029
5356,r2i1p1f1,2029,08,31,0.0,24.169561,6.047473,2029
5357,r2i1p1f1,2029,09,01,0.0,23.390806,8.081643,2029
5358,r2i1p1f1,2029,09,02,0.0,22.549463,7.8002963,2029
5359,r2i1p1f1,2029,09,03,0.0,23.19684,7.438794,2029
5360,r2i1p1f1,2029,09,04,0.0,23.858679,7.607065,2029
5361,r2i1p1f1,2029,09,05,0.0,25.436651,8.851428,2029
5362,r2i1p1f1,2029,09,06,0.0,27.691162,10.577128,2029
5363,r2i1p1f1,2029,09,07,0.0,31.303009,14.387427,2029
5364,r2i1p1f1,2029,09,08,0.0,31.99205,15.651023,2029
5365,r2i1p1f1,2029,09,09,0.0,32.666515,15.527056,2029
5366,r2i1p1f1,2029,09,10,0.0,33.882576,16.284676,2029
5367,r2i1p1f1,2029,09,11,0.0,34.530193,17.893812,2029
5368,r2i1p1f1,2029,09,12,0.0,34.453594,17.917181,2029
5369,r2i1p1f1,2029,09,13,0.0,32.164913,15.921293,2029
5370,r2i1p1f1,2029,09,14,0.0,33.73367,16.280094,2029
5371,r2i1p1f1,2029,09,15,0.0,32.081116,15.708474,2029
5372,r2i1p1f1,2029,09,16,0.0,29.548271,13.808418,2029
5373,r2i1p1f1,2029,09,17,0.0,27.791927,12.383281,2029
5374,r2i1p1f1,2029,09,18,0.0,27.19503,11.478202,2029
5375,r2i1p1f1,2029,09,19,0.0,27.474989,10.850881,2029
5376,r2i1p1f1,2029,09,20,0.0,23.280231,8.124246,2029
5377,r2i1p1f1,2029,09,21,0.7159927745515933,21.305723,7.062658,2029
5378,r2i1p1f1,2029,09,22,0.058696066455992804,22.161886,6.569353,2029
5379,r2i1p1f1,2029,09,23,0.0,20.416914,6.629695,2029
5380,r2i1p1f1,2029,09,24,0.0,16.54326,2.9134982,2029
5381,r2i1p1f1,2029,09,25,14.54469033515824,14.711873,2.7264495,2029
5382,r2i1p1f1,2029,09,26,4.1276746245855,12.714851,0.54789394,2029
5383,r2i1p1f1,2029,09,27,0.0,17.914724,0.58169127,2029
5384,r2i1p1f1,2029,09,28,0.0,21.452272,6.002174,2029
5385,r2i1p1f1,2029,09,29,0.0,22.471327,5.495796,2029
5386,r2i1p1f1,2029,09,30,0.0,21.847803,8.070818,2029
5387,r2i1p1f1,2029,10,01,0.0,23.815346,10.514419,2029
5388,r2i1p1f1,2029,10,02,0.0,24.060553,8.435362,2029
5389,r2i1p1f1,2029,10,03,0.0,19.27589,3.9653869,2029
5390,r2i1p1f1,2029,10,04,0.0,16.734432,2.9515781,2029
5391,r2i1p1f1,2029,10,05,16.06672117486596,15.729627,4.495619,2029
5392,r2i1p1f1,2029,10,06,2.340096808158985,11.48772,5.470785,2029
5393,r2i1p1f1,2029,10,07,5.5249012261811,11.684804,2.3709548,2029
5394,r2i1p1f1,2029,10,08,0.7217622517670791,16.57343,1.937279,2029
5395,r2i1p1f1,2029,10,09,0.0,18.299507,5.0260305,2029
5396,r2i1p1f1,2029,10,10,0.009405856284362156,19.413317,6.1127243,2029
5397,r2i1p1f1,2029,10,11,0.0,21.546417,6.5666738,2029
5398,r2i1p1f1,2029,10,12,0.0,22.969696,8.512129,2029
5399,r2i1p1f1,2029,10,13,0.0,25.37143,9.2770405,2029
5400,r2i1p1f1,2029,10,14,0.0,26.820572,9.804897,2029
5401,r2i1p1f1,2029,10,15,0.0,22.313604,8.767083,2029
5402,r2i1p1f1,2029,10,16,0.0,24.354498,10.597793,2029
5403,r2i1p1f1,2029,10,17,0.0,23.36581,9.273019,2029
5404,r2i1p1f1,2029,10,18,0.08768696747071002,25.565435,8.406379,2029
5405,r2i1p1f1,2029,10,19,0.0,25.43045,9.214097,2029
5406,r2i1p1f1,2029,10,20,0.0,24.578205,7.193066,2029
5407,r2i1p1f1,2029,10,21,0.0,22.993765,6.220974,2029
5408,r2i1p1f1,2029,10,22,0.0,19.22117,5.969153,2029
5409,r2i1p1f1,2029,10,23,4.8631631842804035,13.234921,6.4562654,2029
5410,r2i1p1f1,2029,10,24,14.922057527180117,10.866856,-0.6504852,2029
5411,r2i1p1f1,2029,10,25,0.11102225264319433,11.621375,-0.368171,2029
5412,r2i1p1f1,2029,10,26,0.0,12.0115795,0.31524962,2029
5413,r2i1p1f1,2029,10,27,0.0,11.121075,0.9609325,2029
5414,r2i1p1f1,2029,10,28,1.6785485334716772,8.922609,4.63539,2029
5415,r2i1p1f1,2029,10,29,37.838958274089514,12.724946,5.280081,2029
5416,r2i1p1f1,2029,10,30,69.44544310950172,11.0702095,5.35757,2029
5417,r2i1p1f1,2029,10,31,39.91441982305752,9.240234,4.652214,2029
5418,r2i1p1f1,2029,11,01,0.2080977858265844,10.87608,1.6451336,2029
5419,r2i1p1f1,2029,11,02,0.0,11.570063,-0.623931,2029
5420,r2i1p1f1,2029,11,03,0.13528427420029543,9.640123,2.7124047,2029
5421,r2i1p1f1,2029,11,04,0.0,11.663425,0.3074695,2029
5422,r2i1p1f1,2029,11,05,0.06801070440605354,11.9803,0.7021152,2029
5423,r2i1p1f1,2029,11,06,0.0,14.628679,1.7283039,2029
5424,r2i1p1f1,2029,11,07,0.0,18.089956,3.232281,2029
5425,r2i1p1f1,2029,11,08,0.0,17.32154,3.0762727,2029
5426,r2i1p1f1,2029,11,09,38.230469084989565,13.968265,4.3416934,2029
5427,r2i1p1f1,2029,11,10,16.804209632951263,8.205463,3.5771413,2029
5428,r2i1p1f1,2029,11,11,0.1534133113566965,14.889946,1.5750967,2029
5429,r2i1p1f1,2029,11,12,0.0,13.998028,0.22453366,2029
5430,r2i1p1f1,2029,11,13,0.0,11.527961,1.2732964,2029
5431,r2i1p1f1,2029,11,14,0.0,10.348553,1.7465327,2029
5432,r2i1p1f1,2029,11,15,0.0,9.156548,-0.950496,2029
5433,r2i1p1f1,2029,11,16,0.0,9.536208,3.9281733,2029
5434,r2i1p1f1,2029,11,17,22.62881348567764,10.771636,5.8661604,2029
5435,r2i1p1f1,2029,11,18,0.11331874891486503,13.208631,0.80285597,2029
5436,r2i1p1f1,2029,11,19,0.0,10.60718,-1.7386068,2029
5437,r2i1p1f1,2029,11,20,0.0,10.985769,-0.78117144,2029
5438,r2i1p1f1,2029,11,21,0.6579012013879457,9.282383,1.6350802,2029
5439,r2i1p1f1,2029,11,22,0.0,12.070261,1.619654,2029
5440,r2i1p1f1,2029,11,23,0.0,12.570496,-0.85317355,2029
5441,r2i1p1f1,2029,11,24,0.0,11.265941,-0.10278526,2029
5442,r2i1p1f1,2029,11,25,0.0,10.840119,-1.9138982,2029
5443,r2i1p1f1,2029,11,26,0.0,9.513469,-2.9654317,2029
5444,r2i1p1f1,2029,11,27,0.0,9.848434,-0.5974939,2029
5445,r2i1p1f1,2029,11,28,5.8791981635574935,7.715747,-1.7391968,2029
5446,r2i1p1f1,2029,11,29,0.02829949780089709,10.224059,5.199609,2029
5447,r2i1p1f1,2029,11,30,0.2142931801455024,11.108932,4.1924024,2029
5448,r2i1p1f1,2029,12,01,0.0,10.310584,5.32796,2029
5449,r2i1p1f1,2029,12,02,11.226716851524543,7.807139,-0.80559295,2029
5450,r2i1p1f1,2029,12,03,24.36280025464769,5.0855994,-3.4227116,2029
5451,r2i1p1f1,2029,12,04,0.0,5.3581514,-0.5788127,2029
5452,r2i1p1f1,2029,12,05,0.0,4.6036816,-3.0436864,2029
5453,r2i1p1f1,2029,12,06,0.0,5.770991,-0.37377432,2029
5454,r2i1p1f1,2029,12,07,35.42261151731229,4.3766675,-0.78796613,2029
5455,r2i1p1f1,2029,12,08,0.0,2.6017945,-7.9283767,2029
5456,r2i1p1f1,2029,12,09,0.0,6.370296,-7.18766,2029
5457,r2i1p1f1,2029,12,10,0.0,9.033086,-5.4306693,2029
5458,r2i1p1f1,2029,12,11,0.0,11.637785,-1.5859902,2029
5459,r2i1p1f1,2029,12,12,0.0,13.223974,-0.68026996,2029
5460,r2i1p1f1,2029,12,13,0.0,15.274101,2.2098353,2029
5461,r2i1p1f1,2029,12,14,0.0,16.496952,3.39263,2029
5462,r2i1p1f1,2029,12,15,0.0,17.706123,4.371315,2029
5463,r2i1p1f1,2029,12,16,0.0,18.366964,3.5966563,2029
5464,r2i1p1f1,2029,12,17,0.0,16.850033,3.1318495,2029
5465,r2i1p1f1,2029,12,18,0.0,16.44627,0.36205077,2029
5466,r2i1p1f1,2029,12,19,0.0,15.566381,1.2893779,2029
5467,r2i1p1f1,2029,12,20,0.0,10.004755,2.1233332,2029
5468,r2i1p1f1,2029,12,21,0.0,3.926717,-6.912737,2029
5469,r2i1p1f1,2029,12,22,0.0,8.900384,-6.5640216,2029
5470,r2i1p1f1,2029,12,23,0.0,12.766531,-1.562304,2029
5471,r2i1p1f1,2029,12,24,0.0,14.119209,0.44056028,2029
5472,r2i1p1f1,2029,12,25,0.0,15.861311,2.6541982,2029
5473,r2i1p1f1,2029,12,26,0.0,17.879652,3.8148232,2029
5474,r2i1p1f1,2029,12,27,0.0,16.823164,2.8998606,2029
5475,r2i1p1f1,2029,12,28,0.0,14.929947,1.6036892,2029
5476,r2i1p1f1,2029,12,29,0.0,11.831728,1.0228034,2029
5477,r2i1p1f1,2029,12,30,0.0,12.135461,1.0905923,2029
5478,r2i1p1f1,2029,12,31,0.0,13.908266,2.1465602,2029
5479,r2i1p1f1,2030,01,01,0.0,14.211162,-0.22839923,2030
5480,r2i1p1f1,2030,01,02,0.0,12.248565,-0.21879666,2030
5481,r2i1p1f1,2030,01,03,0.0,12.445373,1.2850372,2030
5482,r2i1p1f1,2030,01,04,17.71308967951112,8.448149,0.3542501,2030
5483,r2i1p1f1,2030,01,05,85.20147296960484,8.427689,4.0766187,2030
5484,r2i1p1f1,2030,01,06,156.5677523595066,11.865004,5.301559,2030
5485,r2i1p1f1,2030,01,07,57.39698874128338,11.969686,-1.8307961,2030
5486,r2i1p1f1,2030,01,08,15.149963653507607,5.4122305,1.4132798,2030
5487,r2i1p1f1,2030,01,09,81.80465404338275,10.568477,0.55491894,2030
5488,r2i1p1f1,2030,01,10,19.100578387364155,8.585709,-2.5485966,2030
5489,r2i1p1f1,2030,01,11,13.417713407342,3.168195,-5.3032117,2030
5490,r2i1p1f1,2030,01,12,0.0,5.484099,0.7560919,2030
5491,r2i1p1f1,2030,01,13,30.351915966737298,6.9053392,1.3246986,2030
5492,r2i1p1f1,2030,01,14,4.3317021054673,3.8299322,-0.98878646,2030
5493,r2i1p1f1,2030,01,15,4.325796506509505,3.1552176,-0.48253816,2030
5494,r2i1p1f1,2030,01,16,0.0,6.042754,-1.3096459,2030
5495,r2i1p1f1,2030,01,17,0.0,7.544827,-3.2176795,2030
5496,r2i1p1f1,2030,01,18,0.0,7.064396,2.0886753,2030
5497,r2i1p1f1,2030,01,19,0.0,16.198315,1.4899693,2030
5498,r2i1p1f1,2030,01,20,0.12219352896024177,12.49155,2.3627918,2030
5499,r2i1p1f1,2030,01,21,0.9664533917167808,10.057532,3.9953473,2030
5500,r2i1p1f1,2030,01,22,0.8915267943988371,9.972301,4.2081194,2030
5501,r2i1p1f1,2030,01,23,0.059404052388764776,14.337095,6.688918,2030
5502,r2i1p1f1,2030,01,24,0.0,17.53016,2.5969028,2030
5503,r2i1p1f1,2030,01,25,0.0,15.519353,3.5609467,2030
5504,r2i1p1f1,2030,01,26,0.0,17.952522,4.1890244,2030
5505,r2i1p1f1,2030,01,27,0.0,18.213037,2.8603525,2030
5506,r2i1p1f1,2030,01,28,0.0,19.800938,3.859904,2030
5507,r2i1p1f1,2030,01,29,0.0,20.476267,4.8306665,2030
5508,r2i1p1f1,2030,01,30,0.0,21.956411,6.01369,2030
5509,r2i1p1f1,2030,01,31,0.0,16.591118,2.1454232,2030
5510,r2i1p1f1,2030,02,01,0.0,15.841428,2.1576366,2030
5511,r2i1p1f1,2030,02,02,0.0,18.052277,2.739514,2030
5512,r2i1p1f1,2030,02,03,0.0,15.954075,1.7663721,2030
5513,r2i1p1f1,2030,02,04,0.0,16.618439,1.6171093,2030
5514,r2i1p1f1,2030,02,05,0.0,16.829346,1.4019091,2030
5515,r2i1p1f1,2030,02,06,0.0,18.345879,2.1374831,2030
5516,r2i1p1f1,2030,02,07,0.0,19.74577,2.4483967,2030
5517,r2i1p1f1,2030,02,08,0.0,22.094328,6.2555985,2030
5518,r2i1p1f1,2030,02,09,0.0,17.127367,1.4736533,2030
5519,r2i1p1f1,2030,02,10,0.0,16.58733,1.5596836,2030
5520,r2i1p1f1,2030,02,11,0.0,18.686035,2.9476426,2030
5521,r2i1p1f1,2030,02,12,0.0,19.52563,3.907669,2030
5522,r2i1p1f1,2030,02,13,0.0,19.386969,3.7421007,2030
5523,r2i1p1f1,2030,02,14,0.0,18.815609,2.6595576,2030
5524,r2i1p1f1,2030,02,15,0.0,17.349745,2.1595662,2030
5525,r2i1p1f1,2030,02,16,3.378127138841172,14.905947,1.5823617,2030
5526,r2i1p1f1,2030,02,17,5.823548913143056,11.960056,-0.7736308,2030
5527,r2i1p1f1,2030,02,18,0.0246576288750825,13.388657,-0.54261535,2030
5528,r2i1p1f1,2030,02,19,0.02433916006339132,10.211487,-0.31631568,2030
5529,r2i1p1f1,2030,02,20,1.6774585505817623,11.992055,0.88084304,2030
5530,r2i1p1f1,2030,02,21,0.0,15.342429,0.46606386,2030
5531,r2i1p1f1,2030,02,22,0.0,16.469809,1.1932265,2030
5532,r2i1p1f1,2030,02,23,0.0,14.251784,-0.25186685,2030
5533,r2i1p1f1,2030,02,24,0.0,9.889504,-5.4204607,2030
5534,r2i1p1f1,2030,02,25,0.8053606952391699,9.176294,-6.5928526,2030
5535,r2i1p1f1,2030,02,26,0.0,-1.75087,-11.8207245,2030
5536,r2i1p1f1,2030,02,27,0.0,1.8720096,-12.210003,2030
5537,r2i1p1f1,2030,02,28,0.0,6.580488,-8.62102,2030
5538,r2i1p1f1,2030,03,01,0.0,11.420356,-7.1524315,2030
5539,r2i1p1f1,2030,03,02,33.42544534601844,4.6920457,-5.6770053,2030
5540,r2i1p1f1,2030,03,03,1.5688499645211078,8.126496,0.35403353,2030
5541,r2i1p1f1,2030,03,04,0.0,18.342806,1.1149528,2030
5542,r2i1p1f1,2030,03,05,0.0,17.365665,1.5826838,2030
5543,r2i1p1f1,2030,03,06,15.790797269101649,11.654655,-2.843258,2030
5544,r2i1p1f1,2030,03,07,6.742285460145817,6.5625744,1.2287326,2030
5545,r2i1p1f1,2030,03,08,14.528666750098077,6.0287924,0.009636708,2030
5546,r2i1p1f1,2030,03,09,1.924744826828828,6.0364547,0.011264312,2030
5547,r2i1p1f1,2030,03,10,0.0,8.097905,-3.321363,2030
5548,r2i1p1f1,2030,03,11,14.00654681996317,7.1791368,-3.5770185,2030
5549,r2i1p1f1,2030,03,12,0.19633112602745173,5.1533585,-5.0154715,2030
5550,r2i1p1f1,2030,03,13,0.06903074449487925,3.5288255,-4.634735,2030
5551,r2i1p1f1,2030,03,14,23.690001365768975,2.0354412,-2.6931784,2030
5552,r2i1p1f1,2030,03,15,0.0,10.165926,-2.7862995,2030
5553,r2i1p1f1,2030,03,16,0.0,10.612205,-1.5030897,2030
5554,r2i1p1f1,2030,03,17,0.0,9.763616,-3.0574596,2030
5555,r2i1p1f1,2030,03,18,0.0,15.726573,-1.3710897,2030
5556,r2i1p1f1,2030,03,19,0.0,16.610607,-0.8372987,2030
5557,r2i1p1f1,2030,03,20,0.0,16.859941,-0.13659385,2030
5558,r2i1p1f1,2030,03,21,0.0,17.102358,0.521001,2030
5559,r2i1p1f1,2030,03,22,0.0,19.960424,2.2301006,2030
5560,r2i1p1f1,2030,03,23,0.0,19.499903,1.375358,2030
5561,r2i1p1f1,2030,03,24,0.0,17.651054,3.204365,2030
5562,r2i1p1f1,2030,03,25,3.9374995641712585,14.445588,-0.10747499,2030
5563,r2i1p1f1,2030,03,26,0.0,18.408638,1.7908771,2030
5564,r2i1p1f1,2030,03,27,0.0,22.962408,4.3685045,2030
5565,r2i1p1f1,2030,03,28,0.0,22.582378,4.978469,2030
5566,r2i1p1f1,2030,03,29,0.7215446030456335,18.527164,2.0226314,2030
5567,r2i1p1f1,2030,03,30,0.2855567112699366,15.657608,-0.30244553,2030
5568,r2i1p1f1,2030,03,31,0.0,14.721355,0.5187804,2030
5569,r2i1p1f1,2030,04,01,0.0,15.592283,1.9772546,2030
5570,r2i1p1f1,2030,04,02,0.0,22.099985,4.2711535,2030
5571,r2i1p1f1,2030,04,03,0.0,24.5379,5.9052343,2030
5572,r2i1p1f1,2030,04,04,0.0,16.055038,3.357204,2030
5573,r2i1p1f1,2030,04,05,3.3424401790888134,7.909488,-4.674122,2030
5574,r2i1p1f1,2030,04,06,0.0,6.620748,-2.0455139,2030
5575,r2i1p1f1,2030,04,07,0.0,11.841183,-5.2278905,2030
5576,r2i1p1f1,2030,04,08,0.0,13.527722,-3.6875117,2030
5577,r2i1p1f1,2030,04,09,0.0,11.623241,-2.1403022,2030
5578,r2i1p1f1,2030,04,10,0.0,10.282898,-2.0733185,2030
5579,r2i1p1f1,2030,04,11,1.6530527455100896,7.6583986,2.1619694,2030
5580,r2i1p1f1,2030,04,12,0.0,12.079646,-0.19857036,2030
5581,r2i1p1f1,2030,04,13,0.0,16.533548,2.2388244,2030
5582,r2i1p1f1,2030,04,14,0.0,14.674482,1.4848753,2030
5583,r2i1p1f1,2030,04,15,0.0,7.630757,-0.17084327,2030
5584,r2i1p1f1,2030,04,16,0.0,15.839265,-1.9922456,2030
5585,r2i1p1f1,2030,04,17,0.0,23.594707,5.9872894,2030
5586,r2i1p1f1,2030,04,18,0.0,23.830885,7.107611,2030
5587,r2i1p1f1,2030,04,19,0.0,23.173912,7.21199,2030
5588,r2i1p1f1,2030,04,20,0.0,24.569489,6.6266136,2030
5589,r2i1p1f1,2030,04,21,11.74989884277518,14.722419,1.3154898,2030
5590,r2i1p1f1,2030,04,22,94.85810481173058,6.8708878,2.016593,2030
5591,r2i1p1f1,2030,04,23,20.36777159149866,7.666774,-5.5844283,2030
5592,r2i1p1f1,2030,04,24,0.04659911010269123,12.219258,-0.6596635,2030
5593,r2i1p1f1,2030,04,25,0.0,11.3686075,2.43887,2030
5594,r2i1p1f1,2030,04,26,1.0540339541513242,8.575416,4.0469933,2030
5595,r2i1p1f1,2030,04,27,1.130356205160223,16.122797,2.4933374,2030
5596,r2i1p1f1,2030,04,28,0.0,25.042454,7.1232615,2030
5597,r2i1p1f1,2030,04,29,0.0,26.849613,9.280273,2030
5598,r2i1p1f1,2030,04,30,0.0,24.978407,8.95795,2030
5599,r2i1p1f1,2030,05,01,4.874163993988007,16.0157,1.0979263,2030
5600,r2i1p1f1,2030,05,02,11.097280262192026,8.18345,-0.9132201,2030
5601,r2i1p1f1,2030,05,03,0.0,12.928521,-2.14889,2030
5602,r2i1p1f1,2030,05,04,0.0,18.36774,0.5841612,2030
5603,r2i1p1f1,2030,05,05,0.0,22.016378,5.4127674,2030
5604,r2i1p1f1,2030,05,06,0.0,25.366774,8.210093,2030
5605,r2i1p1f1,2030,05,07,0.0,24.990047,10.007778,2030
5606,r2i1p1f1,2030,05,08,0.03775829721304875,20.232765,5.1114287,2030
5607,r2i1p1f1,2030,05,09,0.0,18.015299,4.331256,2030
5608,r2i1p1f1,2030,05,10,0.0,17.651913,2.01646,2030
5609,r2i1p1f1,2030,05,11,0.0,23.945656,6.1802115,2030
5610,r2i1p1f1,2030,05,12,0.0,26.75835,9.086141,2030
5611,r2i1p1f1,2030,05,13,0.0,26.660318,9.422309,2030
5612,r2i1p1f1,2030,05,14,0.0,22.739481,7.352367,2030
5613,r2i1p1f1,2030,05,15,2.042821827469127,14.918867,2.0272112,2030
5614,r2i1p1f1,2030,05,16,0.025174302007914005,14.043164,1.3128399,2030
5615,r2i1p1f1,2030,05,17,0.0,15.645699,2.0576692,2030
5616,r2i1p1f1,2030,05,18,0.0,15.977224,1.6581135,2030
5617,r2i1p1f1,2030,05,19,0.0,16.513706,0.9251163,2030
5618,r2i1p1f1,2030,05,20,0.0,18.800371,1.4949173,2030
5619,r2i1p1f1,2030,05,21,0.0,23.058798,5.837681,2030
5620,r2i1p1f1,2030,05,22,0.0,23.942547,6.2611437,2030
5621,r2i1p1f1,2030,05,23,4.183101241589891,14.39718,0.509175,2030
5622,r2i1p1f1,2030,05,24,11.089838843942674,8.601165,-0.66345245,2030
5623,r2i1p1f1,2030,05,25,8.38927913651927,12.568986,-1.7359107,2030
5624,r2i1p1f1,2030,05,26,0.08317534008640975,20.123356,7.4673657,2030
5625,r2i1p1f1,2030,05,27,0.0,23.696363,7.501166,2030
5626,r2i1p1f1,2030,05,28,0.0,25.885134,8.381407,2030
5627,r2i1p1f1,2030,05,29,0.0,27.060923,10.060591,2030
5628,r2i1p1f1,2030,05,30,0.0,27.919346,10.37304,2030
5629,r2i1p1f1,2030,05,31,0.0,27.306602,9.926808,2030
5630,r2i1p1f1,2030,06,01,0.0,23.25871,5.8265743,2030
5631,r2i1p1f1,2030,06,02,9.176921909164985,14.880202,0.54820293,2030
5632,r2i1p1f1,2030,06,03,0.0,15.054136,0.66861784,2030
5633,r2i1p1f1,2030,06,04,0.006660405583366251,17.99362,2.3013248,2030
5634,r2i1p1f1,2030,06,05,1.4152291164674142,16.222773,2.8377168,2030
5635,r2i1p1f1,2030,06,06,0.3216451425872107,14.498303,0.3498494,2030
5636,r2i1p1f1,2030,06,07,0.0,18.777418,2.082996,2030
5637,r2i1p1f1,2030,06,08,0.0,20.881283,3.7172687,2030
5638,r2i1p1f1,2030,06,09,0.0,20.990028,3.8338141,2030
5639,r2i1p1f1,2030,06,10,0.0,19.673838,3.582687,2030
5640,r2i1p1f1,2030,06,11,7.516147709527734,10.919809,1.0842386,2030
5641,r2i1p1f1,2030,06,12,0.017526114180117684,12.980201,5.8440137,2030
5642,r2i1p1f1,2030,06,13,0.026674463879317045,16.51728,1.4707459,2030
5643,r2i1p1f1,2030,06,14,0.0,22.663437,4.478183,2030
5644,r2i1p1f1,2030,06,15,0.0,24.127415,8.725804,2030
5645,r2i1p1f1,2030,06,16,0.005412867596113266,23.336193,5.7323093,2030
5646,r2i1p1f1,2030,06,17,0.010215648496971251,25.00034,8.051682,2030
5647,r2i1p1f1,2030,06,18,0.0,25.782597,10.444399,2030
5648,r2i1p1f1,2030,06,19,0.0,25.180405,7.2930517,2030
5649,r2i1p1f1,2030,06,20,0.0,19.41642,7.115901,2030
5650,r2i1p1f1,2030,06,21,0.0,26.362743,7.8953805,2030
5651,r2i1p1f1,2030,06,22,0.0,27.428154,9.573655,2030
5652,r2i1p1f1,2030,06,23,0.7090454957191329,27.790546,10.574363,2030
5653,r2i1p1f1,2030,06,24,0.18627801539598574,23.27601,7.5569143,2030
5654,r2i1p1f1,2030,06,25,0.03591585843353711,15.843124,3.6633375,2030
5655,r2i1p1f1,2030,06,26,0.0,15.999775,1.5696245,2030
5656,r2i1p1f1,2030,06,27,0.0,22.968145,5.229159,2030
5657,r2i1p1f1,2030,06,28,0.0,26.901142,9.121663,2030
5658,r2i1p1f1,2030,06,29,0.0,27.15142,9.187243,2030
5659,r2i1p1f1,2030,06,30,0.0,24.767208,9.323078,2030
5660,r2i1p1f1,2030,07,01,0.0,24.386362,9.626784,2030
5661,r2i1p1f1,2030,07,02,0.0,27.28002,9.101755,2030
5662,r2i1p1f1,2030,07,03,0.0,28.57501,11.016931,2030
5663,r2i1p1f1,2030,07,04,0.0,28.488457,10.794685,2030
5664,r2i1p1f1,2030,07,05,0.0,28.214687,11.044914,2030
5665,r2i1p1f1,2030,07,06,0.1240709053280835,27.954865,12.185662,2030
5666,r2i1p1f1,2030,07,07,0.027973050376973473,29.48565,12.308545,2030
5667,r2i1p1f1,2030,07,08,0.0,29.4805,13.373159,2030
5668,r2i1p1f1,2030,07,09,0.0,27.577143,11.607459,2030
5669,r2i1p1f1,2030,07,10,0.0,26.155302,10.439521,2030
5670,r2i1p1f1,2030,07,11,0.0,29.001425,11.727672,2030
5671,r2i1p1f1,2030,07,12,0.0,30.371489,12.674983,2030
5672,r2i1p1f1,2030,07,13,0.0,30.55771,13.401235,2030
5673,r2i1p1f1,2030,07,14,0.0,28.732897,12.015832,2030
5674,r2i1p1f1,2030,07,15,0.0,27.695395,10.173179,2030
5675,r2i1p1f1,2030,07,16,0.0,27.487944,10.294058,2030
5676,r2i1p1f1,2030,07,17,0.0,27.626451,9.981192,2030
5677,r2i1p1f1,2030,07,18,0.0,27.886496,9.741019,2030
5678,r2i1p1f1,2030,07,19,0.0,30.135435,11.579509,2030
5679,r2i1p1f1,2030,07,20,0.0,30.340294,11.8996315,2030
5680,r2i1p1f1,2030,07,21,0.0,29.578287,11.865585,2030
5681,r2i1p1f1,2030,07,22,0.0,27.425865,11.291647,2030
5682,r2i1p1f1,2030,07,23,0.0,27.164131,10.13354,2030
5683,r2i1p1f1,2030,07,24,0.0,26.915792,10.179605,2030
5684,r2i1p1f1,2030,07,25,0.0,27.339155,9.478797,2030
5685,r2i1p1f1,2030,07,26,0.0,28.785238,10.512556,2030
5686,r2i1p1f1,2030,07,27,4.951407894068675,28.25256,12.377513,2030
5687,r2i1p1f1,2030,07,28,30.350079033367084,27.669352,13.239724,2030
5688,r2i1p1f1,2030,07,29,5.23595852064318,27.569136,10.824651,2030
5689,r2i1p1f1,2030,07,30,0.0,26.92153,9.648157,2030
5690,r2i1p1f1,2030,07,31,0.0,28.121857,10.117025,2030
5691,r2i1p1f1,2030,08,01,0.0,28.112745,10.511888,2030
5692,r2i1p1f1,2030,08,02,0.10225662365253531,29.824,11.805355,2030
5693,r2i1p1f1,2030,08,03,0.0,31.819054,13.540761,2030
5694,r2i1p1f1,2030,08,04,2.769082740989968,32.262867,16.291758,2030
5695,r2i1p1f1,2030,08,05,0.20041961111368997,32.105812,15.1482,2030
5696,r2i1p1f1,2030,08,06,0.0,32.359646,17.098986,2030
5697,r2i1p1f1,2030,08,07,0.0,31.957148,15.592898,2030
5698,r2i1p1f1,2030,08,08,0.0,31.710243,16.216618,2030
5699,r2i1p1f1,2030,08,09,0.0,30.008026,13.053882,2030
5700,r2i1p1f1,2030,08,10,0.0,28.706861,11.041797,2030
5701,r2i1p1f1,2030,08,11,0.0,28.31956,10.843565,2030
5702,r2i1p1f1,2030,08,12,0.0,26.871134,10.723923,2030
5703,r2i1p1f1,2030,08,13,0.0,27.640453,10.253381,2030
5704,r2i1p1f1,2030,08,14,0.0,28.136246,11.85268,2030
5705,r2i1p1f1,2030,08,15,0.0,29.9843,13.57448,2030
5706,r2i1p1f1,2030,08,16,0.0,29.603745,13.3613205,2030
5707,r2i1p1f1,2030,08,17,0.0,28.319506,11.006511,2030
5708,r2i1p1f1,2030,08,18,0.0,26.581871,10.273958,2030
5709,r2i1p1f1,2030,08,19,0.0,25.534943,9.137571,2030
5710,r2i1p1f1,2030,08,20,0.0,24.554546,8.130634,2030
5711,r2i1p1f1,2030,08,21,0.0,24.615292,8.807506,2030
5712,r2i1p1f1,2030,08,22,0.0,28.521963,10.784889,2030
5713,r2i1p1f1,2030,08,23,0.0,30.039444,11.697133,2030
5714,r2i1p1f1,2030,08,24,0.0,27.692719,9.682869,2030
5715,r2i1p1f1,2030,08,25,0.0,24.132524,8.793577,2030
5716,r2i1p1f1,2030,08,26,0.0,26.418444,11.942974,2030
5717,r2i1p1f1,2030,08,27,0.0,29.067192,13.830464,2030
5718,r2i1p1f1,2030,08,28,0.0,31.190454,12.494663,2030
5719,r2i1p1f1,2030,08,29,0.0,32.151672,12.991976,2030
5720,r2i1p1f1,2030,08,30,0.0,31.249033,11.481218,2030
5721,r2i1p1f1,2030,08,31,0.0,24.747553,7.7358084,2030
5722,r2i1p1f1,2030,09,01,0.0,23.797806,9.304609,2030
5723,r2i1p1f1,2030,09,02,0.0,29.069624,12.838845,2030
5724,r2i1p1f1,2030,09,03,0.0,30.603775,13.026994,2030
5725,r2i1p1f1,2030,09,04,0.0,29.648687,13.057923,2030
5726,r2i1p1f1,2030,09,05,0.0,28.324688,11.509734,2030
5727,r2i1p1f1,2030,09,06,0.0,29.576582,12.960614,2030
5728,r2i1p1f1,2030,09,07,0.0,30.09801,14.123848,2030
5729,r2i1p1f1,2030,09,08,0.0,30.61735,13.9704485,2030
5730,r2i1p1f1,2030,09,09,0.0,30.2988,14.142938,2030
5731,r2i1p1f1,2030,09,10,0.0,29.029858,11.245473,2030
5732,r2i1p1f1,2030,09,11,0.0,29.86104,12.278726,2030
5733,r2i1p1f1,2030,09,12,0.0,27.445719,9.958467,2030
5734,r2i1p1f1,2030,09,13,0.0,25.496502,9.279685,2030
5735,r2i1p1f1,2030,09,14,0.0,25.659624,9.735253,2030
5736,r2i1p1f1,2030,09,15,0.0,25.346714,10.743104,2030
5737,r2i1p1f1,2030,09,16,0.0,30.041622,12.346374,2030
5738,r2i1p1f1,2030,09,17,0.0,31.257725,14.23385,2030
5739,r2i1p1f1,2030,09,18,0.06725957355229184,28.474379,11.656931,2030
5740,r2i1p1f1,2030,09,19,3.448718827952199,27.758924,12.87114,2030
5741,r2i1p1f1,2030,09,20,5.114020980055591,25.958397,12.108852,2030
5742,r2i1p1f1,2030,09,21,23.573392192842082,25.540972,12.5854225,2030
5743,r2i1p1f1,2030,09,22,19.758041952473622,21.232077,9.745741,2030
5744,r2i1p1f1,2030,09,23,7.182057509446447,18.73254,8.75404,2030
5745,r2i1p1f1,2030,09,24,9.322316408053247e-05,21.37547,7.383378,2030
5746,r2i1p1f1,2030,09,25,0.0,25.981958,9.833765,2030
5747,r2i1p1f1,2030,09,26,0.0,27.489193,11.962475,2030
5748,r2i1p1f1,2030,09,27,0.0,29.426783,13.063504,2030
5749,r2i1p1f1,2030,09,28,0.0,29.071712,12.520488,2030
5750,r2i1p1f1,2030,09,29,0.0,29.271294,12.154088,2030
5751,r2i1p1f1,2030,09,30,0.0,29.876621,12.420752,2030
5752,r2i1p1f1,2030,10,01,0.0,28.699823,14.424057,2030
5753,r2i1p1f1,2030,10,02,0.0,27.87793,14.678636,2030
5754,r2i1p1f1,2030,10,03,2.40298070634708,26.894081,14.368013,2030
5755,r2i1p1f1,2030,10,04,0.0,26.135862,13.214554,2030
5756,r2i1p1f1,2030,10,05,0.0,29.368105,13.481026,2030
5757,r2i1p1f1,2030,10,06,0.0,29.688286,13.577195,2030
5758,r2i1p1f1,2030,10,07,0.0,29.43494,14.859946,2030
5759,r2i1p1f1,2030,10,08,0.0,27.850298,11.826389,2030
5760,r2i1p1f1,2030,10,09,0.0,25.01508,8.794706,2030
5761,r2i1p1f1,2030,10,10,0.0006756444944445461,19.413479,5.1891403,2030
5762,r2i1p1f1,2030,10,11,21.232097770776956,11.845559,6.8193727,2030
5763,r2i1p1f1,2030,10,12,9.610035395710907,10.789298,-0.7349654,2030
5764,r2i1p1f1,2030,10,13,0.0,16.038794,-0.57348317,2030
5765,r2i1p1f1,2030,10,14,0.0,19.819035,2.5200138,2030
5766,r2i1p1f1,2030,10,15,0.0,21.404688,5.108006,2030
5767,r2i1p1f1,2030,10,16,0.0,22.151903,6.1590524,2030
5768,r2i1p1f1,2030,10,17,0.0,22.15919,8.504408,2030
5769,r2i1p1f1,2030,10,18,0.0,23.600082,9.369172,2030
5770,r2i1p1f1,2030,10,19,0.0,23.42316,9.742116,2030
5771,r2i1p1f1,2030,10,20,0.0,22.970585,8.030977,2030
5772,r2i1p1f1,2030,10,21,0.025268636339275802,23.136335,8.011429,2030
5773,r2i1p1f1,2030,10,22,6.078191669341602,11.617178,6.4534965,2030
5774,r2i1p1f1,2030,10,23,9.057195032983145,8.343899,2.0773559,2030
5775,r2i1p1f1,2030,10,24,28.664816663457223,7.117339,0.73704606,2030
5776,r2i1p1f1,2030,10,25,51.72195838030557,7.1083107,-1.7225146,2030
5777,r2i1p1f1,2030,10,26,0.0,10.915786,-0.43437117,2030
5778,r2i1p1f1,2030,10,27,0.0,16.220507,1.5840999,2030
5779,r2i1p1f1,2030,10,28,0.0,12.919887,5.4035115,2030
5780,r2i1p1f1,2030,10,29,11.89451372005211,12.276843,2.9602478,2030
5781,r2i1p1f1,2030,10,30,21.218456313027463,14.152036,6.570804,2030
5782,r2i1p1f1,2030,10,31,0.0,13.083267,0.9821257,2030
5783,r2i1p1f1,2030,11,01,0.15237921621659412,11.698414,4.7193346,2030
5784,r2i1p1f1,2030,11,02,0.17051290817212597,12.584126,2.7227058,2030
5785,r2i1p1f1,2030,11,03,7.362567561904143,8.764999,4.23833,2030
5786,r2i1p1f1,2030,11,04,0.0,13.886481,-0.34806627,2030
5787,r2i1p1f1,2030,11,05,0.0,13.815339,1.5461415,2030
5788,r2i1p1f1,2030,11,06,0.0638637695549103,9.836339,-1.0368884,2030
5789,r2i1p1f1,2030,11,07,1.0787394575765155,9.610671,1.362274,2030
5790,r2i1p1f1,2030,11,08,9.423897729245185,5.8024764,0.5869965,2030
5791,r2i1p1f1,2030,11,09,0.0054348738698396255,8.668291,-0.42443368,2030
5792,r2i1p1f1,2030,11,10,0.0,13.076231,-2.8569875,2030
5793,r2i1p1f1,2030,11,11,0.0,13.703535,0.43059424,2030
5794,r2i1p1f1,2030,11,12,0.0,12.065394,0.84811586,2030
5795,r2i1p1f1,2030,11,13,52.11721388175367,10.008231,1.5231136,2030
5796,r2i1p1f1,2030,11,14,18.167971058098303,10.760941,5.6246276,2030
5797,r2i1p1f1,2030,11,15,0.0,12.909708,2.7818365,2030
5798,r2i1p1f1,2030,11,16,36.35056986554096,9.040381,3.910257,2030
5799,r2i1p1f1,2030,11,17,53.393681189761715,10.686997,5.672384,2030
5800,r2i1p1f1,2030,11,18,0.003785707597741678,13.665674,0.7248129,2030
5801,r2i1p1f1,2030,11,19,0.0,12.325438,2.4224925,2030
5802,r2i1p1f1,2030,11,20,0.0,11.00313,3.914294,2030
5803,r2i1p1f1,2030,11,21,0.0,10.67898,-0.27096742,2030
5804,r2i1p1f1,2030,11,22,0.0,11.933628,0.9045108,2030
5805,r2i1p1f1,2030,11,23,2.5479141812306456,9.333474,4.320578,2030
5806,r2i1p1f1,2030,11,24,4.968190314964606,8.16879,3.5829136,2030
5807,r2i1p1f1,2030,11,25,41.24115807487844,7.699817,2.7483194,2030
5808,r2i1p1f1,2030,11,26,1.9989212656302977,10.738885,-0.12203989,2030
5809,r2i1p1f1,2030,11,27,0.0,11.963406,-0.44460395,2030
5810,r2i1p1f1,2030,11,28,46.126325719524175,5.437779,0.65344024,2030
5811,r2i1p1f1,2030,11,29,12.368710080269151,4.5667567,-1.8859116,2030
5812,r2i1p1f1,2030,11,30,0.0,5.856283,-4.4626412,2030
5813,r2i1p1f1,2030,12,01,0.0,6.456973,-3.156535,2030
5814,r2i1p1f1,2030,12,02,0.0,6.772328,-2.962516,2030
5815,r2i1p1f1,2030,12,03,4.5527815148838835,3.4502232,-1.1538553,2030
5816,r2i1p1f1,2030,12,04,1.233659051083053,9.152122,3.6325848,2030
5817,r2i1p1f1,2030,12,05,0.9940236901666839,9.232472,2.7449787,2030
5818,r2i1p1f1,2030,12,06,0.4792580031509995,9.257049,3.7619214,2030
5819,r2i1p1f1,2030,12,07,21.04462003872658,11.2616005,3.1169713,2030
5820,r2i1p1f1,2030,12,08,0.06437189696533516,12.426241,6.7385535,2030
5821,r2i1p1f1,2030,12,09,17.36901268830899,9.954075,2.7967134,2030
5822,r2i1p1f1,2030,12,10,59.43048205674411,11.118938,1.1871423,2030
5823,r2i1p1f1,2030,12,11,10.872837461815484,14.345736,6.874805,2030
5824,r2i1p1f1,2030,12,12,5.00595781879663,9.453492,1.5747982,2030
5825,r2i1p1f1,2030,12,13,0.0,12.867769,4.739198,2030
5826,r2i1p1f1,2030,12,14,0.0,13.751333,1.4914106,2030
5827,r2i1p1f1,2030,12,15,4.648193273407322,8.290883,2.5136664,2030
5828,r2i1p1f1,2030,12,16,5.431920613956829,4.572387,0.9479639,2030
5829,r2i1p1f1,2030,12,17,0.0,12.021492,1.4801072,2030
5830,r2i1p1f1,2030,12,18,0.0,12.52925,4.8033605,2030
5831,r2i1p1f1,2030,12,19,0.291099075240289,11.853561,5.7312045,2030
5832,r2i1p1f1,2030,12,20,1.782474347531276,7.0493336,1.8971945,2030
5833,r2i1p1f1,2030,12,21,0.0,11.19549,1.9316605,2030
5834,r2i1p1f1,2030,12,22,0.0,11.853466,6.3603787,2030
5835,r2i1p1f1,2030,12,23,0.0,13.753736,1.4500828,2030
5836,r2i1p1f1,2030,12,24,0.0,11.678085,1.5976927,2030
5837,r2i1p1f1,2030,12,25,0.0,11.2494135,2.9025383,2030
5838,r2i1p1f1,2030,12,26,0.0,11.206382,1.8391622,2030
5839,r2i1p1f1,2030,12,27,0.0,4.836195,-5.824669,2030
5840,r2i1p1f1,2030,12,28,0.0,3.0350962,-10.044729,2030
5841,r2i1p1f1,2030,12,29,0.0,2.04703,-11.603342,2030
5842,r2i1p1f1,2030,12,30,0.0,7.5427966,-7.9455748,2030
5843,r2i1p1f1,2030,12,31,0.007800344666555667,6.7996397,-5.6372185,2030
5844,r2i1p1f1,2031,01,01,1.191185765786101,4.9161234,-5.397577,2031
5845,r2i1p1f1,2031,01,02,0.04247413929148864,4.0819306,-3.481878,2031
5846,r2i1p1f1,2031,01,03,0.06760824712378402,1.5013211,-8.796803,2031
5847,r2i1p1f1,2031,01,04,0.0,3.075175,-10.071474,2031
5848,r2i1p1f1,2031,01,05,0.0,2.169191,-9.92367,2031
5849,r2i1p1f1,2031,01,06,31.20522699945678,9.139747,-4.2740245,2031
5850,r2i1p1f1,2031,01,07,52.815837645007726,8.2989,-1.1198992,2031
5851,r2i1p1f1,2031,01,08,46.012281724296585,4.3490705,-1.1022307,2031
5852,r2i1p1f1,2031,01,09,0.15717450541370243,7.775414,0.53569883,2031
5853,r2i1p1f1,2031,01,10,11.353820386844186,7.3813095,3.0210607,2031
5854,r2i1p1f1,2031,01,11,0.9879560503577522,11.27782,0.049438965,2031
5855,r2i1p1f1,2031,01,12,0.0,14.914905,2.4310377,2031
5856,r2i1p1f1,2031,01,13,0.0,14.160089,3.2090979,2031
5857,r2i1p1f1,2031,01,14,0.0,14.301038,4.1310086,2031
5858,r2i1p1f1,2031,01,15,2.9989057908796193,9.979507,5.3759255,2031
5859,r2i1p1f1,2031,01,16,40.64296799210402,9.165581,1.9696206,2031
5860,r2i1p1f1,2031,01,17,0.6262109496044734,6.061097,-2.6187568,2031
5861,r2i1p1f1,2031,01,18,0.03829081509908205,5.0647435,-5.655297,2031
5862,r2i1p1f1,2031,01,19,41.54872510474748,2.3244405,-3.3577557,2031
5863,r2i1p1f1,2031,01,20,16.539188101887703,4.262776,-1.6703933,2031
5864,r2i1p1f1,2031,01,21,63.03568507652157,4.353297,0.8844281,2031
5865,r2i1p1f1,2031,01,22,9.304759754517223,3.2409117,-5.271373,2031
5866,r2i1p1f1,2031,01,23,52.96633599791676,7.638949,-0.10778906,2031
5867,r2i1p1f1,2031,01,24,0.0,3.6665657,-3.1583202,2031
5868,r2i1p1f1,2031,01,25,2.6373208641906296,2.1481655,-1.890668,2031
5869,r2i1p1f1,2031,01,26,0.0,7.9897437,-6.044087,2031
5870,r2i1p1f1,2031,01,27,0.0,10.341932,-4.213123,2031
5871,r2i1p1f1,2031,01,28,0.8290739190372803,3.384651,-3.4104602,2031
5872,r2i1p1f1,2031,01,29,15.294885302081148,3.6024647,-2.5601082,2031
5873,r2i1p1f1,2031,01,30,49.83904395933048,10.69705,-0.7329211,2031
5874,r2i1p1f1,2031,01,31,39.70798715040124,10.020827,-1.4421552,2031
5875,r2i1p1f1,2031,02,01,5.246799832247444,6.6191416,-0.22360523,2031
5876,r2i1p1f1,2031,02,02,3.357344296693135,6.086117,1.8545676,2031
5877,r2i1p1f1,2031,02,03,38.34114977910828,5.7828317,-4.7578826,2031
5878,r2i1p1f1,2031,02,04,13.673659061001112,0.58444595,-4.1028957,2031
5879,r2i1p1f1,2031,02,05,2.46457042351092,2.0387526,-9.901403,2031
5880,r2i1p1f1,2031,02,06,7.016268686339362,1.9882855,-2.4986107,2031
5881,r2i1p1f1,2031,02,07,7.782721806751606,4.9735284,0.35506967,2031
5882,r2i1p1f1,2031,02,08,0.06689897239154491,8.690434,3.7554,2031
5883,r2i1p1f1,2031,02,09,0.0,12.183584,-0.14425854,2031
5884,r2i1p1f1,2031,02,10,0.0,14.675584,-0.2284185,2031
5885,r2i1p1f1,2031,02,11,0.0,14.466775,-0.639284,2031
5886,r2i1p1f1,2031,02,12,0.0,13.542456,-2.0298443,2031
5887,r2i1p1f1,2031,02,13,0.0,12.252683,1.2725629,2031
5888,r2i1p1f1,2031,02,14,0.0,12.439581,3.605282,2031
5889,r2i1p1f1,2031,02,15,8.260095835430548,10.420587,0.88935304,2031
5890,r2i1p1f1,2031,02,16,18.714922368571234,9.1974535,2.205906,2031
5891,r2i1p1f1,2031,02,17,61.66519607471015,9.65597,-0.18349144,2031
5892,r2i1p1f1,2031,02,18,74.40561552961859,10.294059,5.3429255,2031
5893,r2i1p1f1,2031,02,19,0.0,13.31624,2.443474,2031
5894,r2i1p1f1,2031,02,20,0.0,18.57835,3.8914397,2031
5895,r2i1p1f1,2031,02,21,0.0,17.209732,2.5176418,2031
5896,r2i1p1f1,2031,02,22,0.0,16.73354,2.2455254,2031
5897,r2i1p1f1,2031,02,23,0.0,15.702321,2.048662,2031
5898,r2i1p1f1,2031,02,24,21.837205381822198,5.763776,-7.2279897,2031
5899,r2i1p1f1,2031,02,25,47.77198654975599,1.953168,-6.5649304,2031
5900,r2i1p1f1,2031,02,26,34.75535476598172,1.364891,-4.015861,2031
5901,r2i1p1f1,2031,02,27,2.5735651078496002,7.4192457,-2.8128102,2031
5902,r2i1p1f1,2031,02,28,34.43634973563558,4.004365,-0.61292934,2031
5903,r2i1p1f1,2031,03,01,0.794842745772957,2.0786283,-5.430434,2031
5904,r2i1p1f1,2031,03,02,20.11660184250034,3.2177675,-2.4106674,2031
5905,r2i1p1f1,2031,03,03,0.0005808348480338912,9.431011,-3.940611,2031
5906,r2i1p1f1,2031,03,04,40.86970949832063,5.180831,-3.7061775,2031
5907,r2i1p1f1,2031,03,05,0.0,4.867218,-2.216197,2031
5908,r2i1p1f1,2031,03,06,0.0,7.962822,2.696016,2031
5909,r2i1p1f1,2031,03,07,0.0,16.577183,1.7192898,2031
5910,r2i1p1f1,2031,03,08,0.0,18.257269,0.54930466,2031
5911,r2i1p1f1,2031,03,09,0.0,18.017782,2.6158092,2031
5912,r2i1p1f1,2031,03,10,0.0,14.692195,2.320887,2031
5913,r2i1p1f1,2031,03,11,4.898178850019646,8.885611,-1.944582,2031
5914,r2i1p1f1,2031,03,12,13.93657246282181,4.3631306,0.25068507,2031
5915,r2i1p1f1,2031,03,13,0.0,15.212114,-1.9599093,2031
5916,r2i1p1f1,2031,03,14,17.201382641080553,10.673869,-1.5613302,2031
5917,r2i1p1f1,2031,03,15,1.181292908838189,9.716106,3.7202501,2031
5918,r2i1p1f1,2031,03,16,0.0,15.096936,-1.2081364,2031
5919,r2i1p1f1,2031,03,17,0.0,16.267359,1.2349111,2031
5920,r2i1p1f1,2031,03,18,25.364114480684155,7.4311647,0.15597232,2031
5921,r2i1p1f1,2031,03,19,0.0,9.5753765,-3.781751,2031
5922,r2i1p1f1,2031,03,20,23.49168339793463,6.234569,-4.11604,2031
5923,r2i1p1f1,2031,03,21,5.093587410528226,3.8674035,-1.3908918,2031
5924,r2i1p1f1,2031,03,22,0.04930339614824893,10.913782,2.3709192,2031
5925,r2i1p1f1,2031,03,23,0.0008398520269390877,11.511323,-0.24950223,2031
5926,r2i1p1f1,2031,03,24,2.4970550977461525,8.7778635,2.210306,2031
5927,r2i1p1f1,2031,03,25,0.0,13.83918,-3.6184785,2031
5928,r2i1p1f1,2031,03,26,57.53093896469531,9.703188,-1.1377187,2031
5929,r2i1p1f1,2031,03,27,77.13400423705865,8.837069,2.7513013,2031
5930,r2i1p1f1,2031,03,28,26.71764431937705,8.159272,-3.1886156,2031
5931,r2i1p1f1,2031,03,29,5.474669750100684,10.826183,-4.476677,2031
5932,r2i1p1f1,2031,03,30,27.170552746303237,5.0193543,-2.2975025,2031
5933,r2i1p1f1,2031,03,31,1.9232165435054271,7.8171325,-0.6592049,2031
5934,r2i1p1f1,2031,04,01,0.10708042196151488,9.285821,-2.7226336,2031
5935,r2i1p1f1,2031,04,02,18.572461210043492,5.3863955,0.45917678,2031
5936,r2i1p1f1,2031,04,03,0.8511359259815575,6.0631747,-0.6381775,2031
5937,r2i1p1f1,2031,04,04,20.31522241215078,3.0371654,-4.089881,2031
5938,r2i1p1f1,2031,04,05,0.0,7.81581,-4.533885,2031
5939,r2i1p1f1,2031,04,06,0.0,10.9302435,-2.7092721,2031
5940,r2i1p1f1,2031,04,07,0.0,12.268924,-1.805012,2031
5941,r2i1p1f1,2031,04,08,0.0,11.564171,-0.71745604,2031
5942,r2i1p1f1,2031,04,09,0.0,11.2193985,2.4014776,2031
5943,r2i1p1f1,2031,04,10,3.7408962811416413,9.9444,3.1900325,2031
5944,r2i1p1f1,2031,04,11,0.0,17.109337,-0.97567886,2031
5945,r2i1p1f1,2031,04,12,0.0,18.228487,2.2769334,2031
5946,r2i1p1f1,2031,04,13,0.0,16.90019,4.3553243,2031
5947,r2i1p1f1,2031,04,14,11.815813186918744,9.389488,2.115819,2031
5948,r2i1p1f1,2031,04,15,11.429820529939697,13.486494,0.05459937,2031
5949,r2i1p1f1,2031,04,16,1.382543069841911,14.902441,3.1215985,2031
5950,r2i1p1f1,2031,04,17,16.48928921433533,8.954908,-3.3806286,2031
5951,r2i1p1f1,2031,04,18,0.0,13.790599,-1.3951685,2031
5952,r2i1p1f1,2031,04,19,0.0,15.899721,0.38464403,2031
5953,r2i1p1f1,2031,04,20,0.0,19.67732,1.0438364,2031
5954,r2i1p1f1,2031,04,21,0.0,20.33671,2.9897156,2031
5955,r2i1p1f1,2031,04,22,0.0,17.14358,2.361081,2031
5956,r2i1p1f1,2031,04,23,11.700931449055274,8.292487,1.0270933,2031
5957,r2i1p1f1,2031,04,24,12.912978332706889,7.1621737,-2.4723928,2031
5958,r2i1p1f1,2031,04,25,4.493332450063183,6.774846,0.13627018,2031
5959,r2i1p1f1,2031,04,26,0.0,17.420193,0.9972554,2031
5960,r2i1p1f1,2031,04,27,0.0,18.803968,2.8695173,2031
5961,r2i1p1f1,2031,04,28,0.9590962228020754,16.88103,2.4210796,2031
5962,r2i1p1f1,2031,04,29,0.058259779549329184,15.895369,1.9111396,2031
5963,r2i1p1f1,2031,04,30,0.0,17.399712,1.2153869,2031
5964,r2i1p1f1,2031,05,01,0.0,18.391485,5.474227,2031
5965,r2i1p1f1,2031,05,02,0.0,17.92997,2.1724327,2031
5966,r2i1p1f1,2031,05,03,0.0,14.413044,0.6150236,2031
5967,r2i1p1f1,2031,05,04,6.024424331357855,11.563084,-2.5066235,2031
5968,r2i1p1f1,2031,05,05,16.023831440515306,9.560418,2.9077435,2031
5969,r2i1p1f1,2031,05,06,38.053340532105025,12.1418915,-3.3769841,2031
5970,r2i1p1f1,2031,05,07,0.054217163660023986,18.98357,0.8764516,2031
5971,r2i1p1f1,2031,05,08,0.05748448826265163,22.043564,3.6295178,2031
5972,r2i1p1f1,2031,05,09,0.0,19.888472,5.177805,2031
5973,r2i1p1f1,2031,05,10,8.844663849273415,10.1387005,-2.823043,2031
5974,r2i1p1f1,2031,05,11,0.0030673972595160683,12.582291,-1.0524877,2031
5975,r2i1p1f1,2031,05,12,19.161936157615855,3.9259284,-1.1723961,2031
5976,r2i1p1f1,2031,05,13,7.067343450006984,8.196165,-0.4263328,2031
5977,r2i1p1f1,2031,05,14,0.0,20.517273,3.356739,2031
5978,r2i1p1f1,2031,05,15,0.0,21.834076,4.9570866,2031
5979,r2i1p1f1,2031,05,16,8.853746550448705,12.010256,-3.024099,2031
5980,r2i1p1f1,2031,05,17,2.6469449003063628,11.678212,-2.2335546,2031
5981,r2i1p1f1,2031,05,18,0.044702043090165504,12.506227,-0.6889947,2031
5982,r2i1p1f1,2031,05,19,8.233416497051412,11.52001,2.8868694,2031
5983,r2i1p1f1,2031,05,20,23.012899391156118,10.300545,-3.0671139,2031
5984,r2i1p1f1,2031,05,21,0.1546986427736276,14.604685,0.0742703,2031
5985,r2i1p1f1,2031,05,22,0.008177552850751314,16.090097,0.8819298,2031
5986,r2i1p1f1,2031,05,23,0.0,19.654259,5.247989,2031
5987,r2i1p1f1,2031,05,24,0.0,23.497492,4.356575,2031
5988,r2i1p1f1,2031,05,25,0.0,24.47805,6.953142,2031
5989,r2i1p1f1,2031,05,26,0.0,24.61464,7.381814,2031
5990,r2i1p1f1,2031,05,27,0.0,20.364414,3.4097552,2031
5991,r2i1p1f1,2031,05,28,9.963708733910327,13.131372,6.5522647,2031
5992,r2i1p1f1,2031,05,29,1.6375728196495543,14.368467,3.938543,2031
5993,r2i1p1f1,2031,05,30,2.2441335438298458,12.510975,4.6378384,2031
5994,r2i1p1f1,2031,05,31,4.251589873463392,11.227485,3.5999427,2031
5995,r2i1p1f1,2031,06,01,2.743100754979913,9.19056,2.8644545,2031
5996,r2i1p1f1,2031,06,02,0.346216149432621,13.693528,1.1878897,2031
5997,r2i1p1f1,2031,06,03,5.5555578043752645,12.994532,1.9232037,2031
5998,r2i1p1f1,2031,06,04,0.0,14.944026,-0.5182274,2031
5999,r2i1p1f1,2031,06,05,0.0,19.040165,1.6391675,2031
6000,r2i1p1f1,2031,06,06,0.0,25.83703,6.601453,2031
6001,r2i1p1f1,2031,06,07,0.0,29.18637,10.122407,2031
6002,r2i1p1f1,2031,06,08,0.0,28.034061,10.005064,2031
6003,r2i1p1f1,2031,06,09,0.11245086580646994,24.0515,7.1026096,2031
6004,r2i1p1f1,2031,06,10,0.04659110421086483,17.410439,5.6618543,2031
6005,r2i1p1f1,2031,06,11,0.0,15.082698,4.021648,2031
6006,r2i1p1f1,2031,06,12,0.17937604511993974,17.66314,2.8451643,2031
6007,r2i1p1f1,2031,06,13,0.0,23.53693,5.291444,2031
6008,r2i1p1f1,2031,06,14,0.0,26.491943,8.459139,2031
6009,r2i1p1f1,2031,06,15,0.0,26.884336,10.620252,2031
6010,r2i1p1f1,2031,06,16,0.0,27.093443,11.627312,2031
6011,r2i1p1f1,2031,06,17,2.142340760544287,25.886143,7.459489,2031
6012,r2i1p1f1,2031,06,18,0.6635760270700513,22.71008,5.6167197,2031
6013,r2i1p1f1,2031,06,19,0.12855448784158888,15.397114,2.7885857,2031
6014,r2i1p1f1,2031,06,20,0.0,18.72151,3.2391887,2031
6015,r2i1p1f1,2031,06,21,0.0,23.10945,6.2022576,2031
6016,r2i1p1f1,2031,06,22,0.0,27.499155,9.310684,2031
6017,r2i1p1f1,2031,06,23,0.0,27.608017,9.758692,2031
6018,r2i1p1f1,2031,06,24,0.0,27.345171,10.281755,2031
6019,r2i1p1f1,2031,06,25,0.0,27.009884,9.633704,2031
6020,r2i1p1f1,2031,06,26,0.0,27.271484,8.949803,2031
6021,r2i1p1f1,2031,06,27,0.0,24.864187,7.667079,2031
6022,r2i1p1f1,2031,06,28,0.0,24.078293,7.508021,2031
6023,r2i1p1f1,2031,06,29,0.0,25.366291,7.150666,2031
6024,r2i1p1f1,2031,06,30,0.0,25.893282,10.186118,2031
6025,r2i1p1f1,2031,07,01,0.0,28.408495,10.069282,2031
6026,r2i1p1f1,2031,07,02,0.0,31.017538,12.117133,2031
6027,r2i1p1f1,2031,07,03,0.0,31.495514,12.885462,2031
6028,r2i1p1f1,2031,07,04,0.0,30.950928,12.989741,2031
6029,r2i1p1f1,2031,07,05,0.0,30.231762,12.592212,2031
6030,r2i1p1f1,2031,07,06,0.0,29.413212,12.288864,2031
6031,r2i1p1f1,2031,07,07,0.0,29.604824,12.091562,2031
6032,r2i1p1f1,2031,07,08,0.0,30.00897,12.047082,2031
6033,r2i1p1f1,2031,07,09,0.0,29.336588,11.635372,2031
6034,r2i1p1f1,2031,07,10,0.0,28.912783,11.117442,2031
6035,r2i1p1f1,2031,07,11,0.0,28.597782,10.903066,2031
6036,r2i1p1f1,2031,07,12,0.0,28.152428,11.682235,2031
6037,r2i1p1f1,2031,07,13,0.0,28.666918,11.661318,2031
6038,r2i1p1f1,2031,07,14,0.0,29.668383,12.498272,2031
6039,r2i1p1f1,2031,07,15,0.0,29.798271,12.040617,2031
6040,r2i1p1f1,2031,07,16,0.0,30.348482,13.326784,2031
6041,r2i1p1f1,2031,07,17,0.0,30.140419,13.261606,2031
6042,r2i1p1f1,2031,07,18,0.0,29.983633,11.795198,2031
6043,r2i1p1f1,2031,07,19,0.0,31.236372,12.608353,2031
6044,r2i1p1f1,2031,07,20,0.0,31.436338,14.285701,2031
6045,r2i1p1f1,2031,07,21,0.0,31.42231,15.188775,2031
6046,r2i1p1f1,2031,07,22,0.0,30.490604,14.074081,2031
6047,r2i1p1f1,2031,07,23,0.0,29.37479,12.47691,2031
6048,r2i1p1f1,2031,07,24,0.0,28.913345,13.3371725,2031
6049,r2i1p1f1,2031,07,25,0.0,27.77978,9.482136,2031
6050,r2i1p1f1,2031,07,26,0.0,29.899424,12.645871,2031
6051,r2i1p1f1,2031,07,27,0.0,34.397404,15.565991,2031
6052,r2i1p1f1,2031,07,28,0.0,35.463184,16.696026,2031
6053,r2i1p1f1,2031,07,29,0.0,35.309082,16.651318,2031
6054,r2i1p1f1,2031,07,30,0.0,33.522747,15.321013,2031
6055,r2i1p1f1,2031,07,31,0.0,33.69986,16.237509,2031
6056,r2i1p1f1,2031,08,01,0.0,32.530193,15.348304,2031
6057,r2i1p1f1,2031,08,02,0.0,32.459576,14.839077,2031
6058,r2i1p1f1,2031,08,03,0.0,31.12184,12.764348,2031
6059,r2i1p1f1,2031,08,04,0.0,29.387508,10.932532,2031
6060,r2i1p1f1,2031,08,05,0.0,25.45914,8.62562,2031
6061,r2i1p1f1,2031,08,06,0.0,24.76819,6.846758,2031
6062,r2i1p1f1,2031,08,07,0.0,28.514017,9.384046,2031
6063,r2i1p1f1,2031,08,08,0.0001136092495156705,30.247496,12.904714,2031
6064,r2i1p1f1,2031,08,09,12.634254141896516,29.540785,14.732863,2031
6065,r2i1p1f1,2031,08,10,0.0,27.202305,10.406679,2031
6066,r2i1p1f1,2031,08,11,0.0,27.140577,9.569253,2031
6067,r2i1p1f1,2031,08,12,0.0,27.489063,10.416826,2031
6068,r2i1p1f1,2031,08,13,0.0,28.368439,10.839182,2031
6069,r2i1p1f1,2031,08,14,0.0,29.319365,11.306265,2031
6070,r2i1p1f1,2031,08,15,0.0,30.837368,13.224321,2031
6071,r2i1p1f1,2031,08,16,0.0,31.707994,14.480904,2031
6072,r2i1p1f1,2031,08,17,0.0,32.748806,16.377483,2031
6073,r2i1p1f1,2031,08,18,0.0,33.401836,16.79816,2031
6074,r2i1p1f1,2031,08,19,0.0,34.430214,17.710829,2031
6075,r2i1p1f1,2031,08,20,0.0,34.706474,15.393852,2031
6076,r2i1p1f1,2031,08,21,0.0,32.97576,13.262695,2031
6077,r2i1p1f1,2031,08,22,0.0,29.61786,12.155114,2031
6078,r2i1p1f1,2031,08,23,0.0,27.560621,9.899119,2031
6079,r2i1p1f1,2031,08,24,0.0,28.74526,9.602148,2031
6080,r2i1p1f1,2031,08,25,0.0,28.637749,9.385935,2031
6081,r2i1p1f1,2031,08,26,0.0,28.955942,9.979046,2031
6082,r2i1p1f1,2031,08,27,0.0012686139685823806,28.64313,9.733313,2031
6083,r2i1p1f1,2031,08,28,3.6836591441197717,29.185112,11.180476,2031
6084,r2i1p1f1,2031,08,29,0.06838883527962025,27.174477,7.715641,2031
6085,r2i1p1f1,2031,08,30,0.0,25.052237,8.10929,2031
6086,r2i1p1f1,2031,08,31,0.0,23.6829,7.463975,2031
6087,r2i1p1f1,2031,09,01,0.0,22.51743,7.416942,2031
6088,r2i1p1f1,2031,09,02,0.0,28.558575,11.596035,2031
6089,r2i1p1f1,2031,09,03,0.0,31.064058,13.775413,2031
6090,r2i1p1f1,2031,09,04,0.0,31.036173,14.066369,2031
6091,r2i1p1f1,2031,09,05,0.0,29.36228,12.167124,2031
6092,r2i1p1f1,2031,09,06,0.0,25.913805,9.818263,2031
6093,r2i1p1f1,2031,09,07,0.0,26.830967,9.408815,2031
6094,r2i1p1f1,2031,09,08,0.0,31.737314,13.146548,2031
6095,r2i1p1f1,2031,09,09,0.0,32.28672,15.037435,2031
6096,r2i1p1f1,2031,09,10,0.0,32.187073,14.724024,2031
6097,r2i1p1f1,2031,09,11,0.0,32.565334,14.913559,2031
6098,r2i1p1f1,2031,09,12,0.0,32.86109,15.041777,2031
6099,r2i1p1f1,2031,09,13,0.0,29.278774,10.990611,2031
6100,r2i1p1f1,2031,09,14,0.0,29.425594,9.3518,2031
6101,r2i1p1f1,2031,09,15,0.0,28.70231,12.745566,2031
6102,r2i1p1f1,2031,09,16,0.0,28.346352,13.441223,2031
6103,r2i1p1f1,2031,09,17,7.982049657850719,23.883675,10.18588,2031
6104,r2i1p1f1,2031,09,18,0.24824277178805249,26.119293,9.558953,2031
6105,r2i1p1f1,2031,09,19,0.08216999704018235,27.378668,10.817215,2031
6106,r2i1p1f1,2031,09,20,0.0,28.13499,13.756992,2031
6107,r2i1p1f1,2031,09,21,0.0,29.441952,12.792315,2031
6108,r2i1p1f1,2031,09,22,0.0,24.558311,8.391334,2031
6109,r2i1p1f1,2031,09,23,0.0,25.60752,9.306773,2031
6110,r2i1p1f1,2031,09,24,0.0,28.56667,12.6204,2031
6111,r2i1p1f1,2031,09,25,0.0,29.636738,11.590283,2031
6112,r2i1p1f1,2031,09,26,0.0,31.39512,15.198494,2031
6113,r2i1p1f1,2031,09,27,0.0,32.13193,15.496241,2031
6114,r2i1p1f1,2031,09,28,0.0,32.747517,16.063028,2031
6115,r2i1p1f1,2031,09,29,0.0,32.980457,16.500952,2031
6116,r2i1p1f1,2031,09,30,8.983841605144194,30.243515,14.798481,2031
6117,r2i1p1f1,2031,10,01,1.3673169993825678,28.754742,14.442774,2031
6118,r2i1p1f1,2031,10,02,0.17594712564739615,26.681278,13.02207,2031
6119,r2i1p1f1,2031,10,03,0.0,26.291035,12.331563,2031
6120,r2i1p1f1,2031,10,04,0.0,25.147789,10.813082,2031
6121,r2i1p1f1,2031,10,05,0.0,23.354261,9.358911,2031
6122,r2i1p1f1,2031,10,06,0.0,27.386616,9.715273,2031
6123,r2i1p1f1,2031,10,07,0.0,28.593187,9.325706,2031
6124,r2i1p1f1,2031,10,08,0.0,28.58288,11.640586,2031
6125,r2i1p1f1,2031,10,09,26.251398389006052,26.145346,11.963725,2031
6126,r2i1p1f1,2031,10,10,1.8904389300657316,19.464533,9.132919,2031
6127,r2i1p1f1,2031,10,11,5.985874861443545,17.982597,9.266368,2031
6128,r2i1p1f1,2031,10,12,0.0,22.5219,7.122499,2031
6129,r2i1p1f1,2031,10,13,0.0,22.453033,8.15347,2031
6130,r2i1p1f1,2031,10,14,0.0,23.503126,9.685411,2031
6131,r2i1p1f1,2031,10,15,0.0,25.169228,9.201182,2031
6132,r2i1p1f1,2031,10,16,0.0,23.253202,5.9909253,2031
6133,r2i1p1f1,2031,10,17,0.0,20.789616,4.9303555,2031
6134,r2i1p1f1,2031,10,18,0.0,20.705015,6.489362,2031
6135,r2i1p1f1,2031,10,19,0.0,20.731281,5.296303,2031
6136,r2i1p1f1,2031,10,20,0.0,22.627062,6.8097806,2031
6137,r2i1p1f1,2031,10,21,0.0,20.73359,5.5738173,2031
6138,r2i1p1f1,2031,10,22,0.0,17.56203,5.153341,2031
6139,r2i1p1f1,2031,10,23,13.69319670871986,16.11074,4.728399,2031
6140,r2i1p1f1,2031,10,24,37.30447182404952,9.351194,-1.9265997,2031
6141,r2i1p1f1,2031,10,25,0.14632192294531984,10.039412,-0.89766556,2031
6142,r2i1p1f1,2031,10,26,28.52719030656422,7.532842,2.2476118,2031
6143,r2i1p1f1,2031,10,27,0.2807499275845133,8.02184,0.02091217,2031
6144,r2i1p1f1,2031,10,28,1.8125303523832441,9.060345,-3.0721762,2031
6145,r2i1p1f1,2031,10,29,24.102891597878905,8.416389,-1.653226,2031
6146,r2i1p1f1,2031,10,30,18.893955118591503,10.251665,4.179531,2031
6147,r2i1p1f1,2031,10,31,0.0,15.186961,1.0944861,2031
6148,r2i1p1f1,2031,11,01,0.0,18.69746,4.001552,2031
6149,r2i1p1f1,2031,11,02,0.0,18.907505,6.079175,2031
6150,r2i1p1f1,2031,11,03,0.0,18.657743,5.063376,2031
6151,r2i1p1f1,2031,11,04,0.0,18.757294,4.2575674,2031
6152,r2i1p1f1,2031,11,05,0.0,18.13961,3.4862654,2031
6153,r2i1p1f1,2031,11,06,0.0,18.579325,3.0592644,2031
6154,r2i1p1f1,2031,11,07,0.0,18.99882,3.5350726,2031
6155,r2i1p1f1,2031,11,08,0.0,19.52745,3.5869014,2031
6156,r2i1p1f1,2031,11,09,0.47805110080284624,12.987861,1.9389089,2031
6157,r2i1p1f1,2031,11,10,0.0,11.327618,-0.78940505,2031
6158,r2i1p1f1,2031,11,11,0.0,13.8195505,0.6873454,2031
6159,r2i1p1f1,2031,11,12,0.0,15.806316,1.8690698,2031
6160,r2i1p1f1,2031,11,13,0.0,16.97105,3.0675325,2031
6161,r2i1p1f1,2031,11,14,0.0,17.953566,3.8888338,2031
6162,r2i1p1f1,2031,11,15,6.9240955315553245,7.9206433,-2.0458577,2031
6163,r2i1p1f1,2031,11,16,45.032397024512576,1.5081474,-2.8930323,2031
6164,r2i1p1f1,2031,11,17,0.0035347908683783878,6.2957697,-6.2471213,2031
6165,r2i1p1f1,2031,11,18,0.0,5.988143,-6.869894,2031
6166,r2i1p1f1,2031,11,19,0.0,7.0702734,-4.9391875,2031
6167,r2i1p1f1,2031,11,20,0.0,7.11104,-4.9098887,2031
6168,r2i1p1f1,2031,11,21,0.0,6.7926064,-6.222443,2031
6169,r2i1p1f1,2031,11,22,0.0,7.7652197,-8.522932,2031
6170,r2i1p1f1,2031,11,23,0.0,5.6000094,-7.4130435,2031
6171,r2i1p1f1,2031,11,24,42.43864187917028,3.5795326,-5.3380365,2031
6172,r2i1p1f1,2031,11,25,46.24340666565471,6.4683323,0.30358797,2031
6173,r2i1p1f1,2031,11,26,4.464964427559328,4.6959047,0.030567268,2031
6174,r2i1p1f1,2031,11,27,72.13809927209066,12.59346,-0.5935139,2031
6175,r2i1p1f1,2031,11,28,79.89333535258014,12.366026,2.9030352,2031
6176,r2i1p1f1,2031,11,29,112.49874501954764,12.444361,3.7172215,2031
6177,r2i1p1f1,2031,11,30,43.31660589445024,11.132569,1.138315,2031
6178,r2i1p1f1,2031,12,01,0.5077591464844142,7.172349,2.4420552,2031
6179,r2i1p1f1,2031,12,02,0.0,10.005325,-2.9316313,2031
6180,r2i1p1f1,2031,12,03,0.0,10.339341,-2.2573216,2031
6181,r2i1p1f1,2031,12,04,20.5181276152591,2.1949553,-1.9799317,2031
6182,r2i1p1f1,2031,12,05,4.9864184070499435,2.8984678,-1.170427,2031
6183,r2i1p1f1,2031,12,06,0.0,7.8197117,-4.4561386,2031
6184,r2i1p1f1,2031,12,07,0.0,9.598329,-2.411169,2031
6185,r2i1p1f1,2031,12,08,0.0,15.405568,2.1732683,2031
6186,r2i1p1f1,2031,12,09,0.0,12.934319,1.7585801,2031
6187,r2i1p1f1,2031,12,10,25.541578784199935,9.365342,3.9824421,2031
6188,r2i1p1f1,2031,12,11,34.24629803496198,7.8627787,2.4000359,2031
6189,r2i1p1f1,2031,12,12,0.16402527978217363,13.8098955,1.3234826,2031
6190,r2i1p1f1,2031,12,13,45.041413727897,12.298015,-1.0349356,2031
6191,r2i1p1f1,2031,12,14,0.0,7.5149474,-1.6099215,2031
6192,r2i1p1f1,2031,12,15,2.435338048331477,6.2780585,1.3674283,2031
6193,r2i1p1f1,2031,12,16,0.1602692437092383,11.018212,4.8864737,2031
6194,r2i1p1f1,2031,12,17,0.0,10.526394,2.492639,2031
6195,r2i1p1f1,2031,12,18,2.5015446969449,6.5933456,1.9150907,2031
6196,r2i1p1f1,2031,12,19,0.0,11.326006,0.41154978,2031
6197,r2i1p1f1,2031,12,20,0.0,11.7642145,0.14521125,2031
6198,r2i1p1f1,2031,12,21,0.0,10.595596,3.5951006,2031
6199,r2i1p1f1,2031,12,22,0.0,8.907296,3.0464776,2031
6200,r2i1p1f1,2031,12,23,19.92723026879293,6.1314316,1.0771427,2031
6201,r2i1p1f1,2031,12,24,0.0,9.239678,0.38684824,2031
6202,r2i1p1f1,2031,12,25,0.0,9.330737,-2.5351868,2031
6203,r2i1p1f1,2031,12,26,0.9283346412792945,8.114978,2.9514134,2031
6204,r2i1p1f1,2031,12,27,0.2208927166905666,6.6972313,-1.2421609,2031
6205,r2i1p1f1,2031,12,28,0.0,11.216214,-0.23301727,2031
6206,r2i1p1f1,2031,12,29,0.0,14.746939,1.5655346,2031
6207,r2i1p1f1,2031,12,30,0.0,14.494147,1.8261981,2031
6208,r2i1p1f1,2031,12,31,0.0,14.612464,1.9839456,2031
6209,r2i1p1f1,2032,01,01,0.0,14.383534,1.1892534,2032
6210,r2i1p1f1,2032,01,02,0.0,14.69915,1.5091542,2032
6211,r2i1p1f1,2032,01,03,0.0,17.95086,3.5937011,2032
6212,r2i1p1f1,2032,01,04,0.0,15.314156,2.7832332,2032
6213,r2i1p1f1,2032,01,05,0.0,16.815105,1.7474111,2032
6214,r2i1p1f1,2032,01,06,0.0,17.805294,2.1720533,2032
6215,r2i1p1f1,2032,01,07,0.0,14.392566,2.0308025,2032
6216,r2i1p1f1,2032,01,08,0.0,15.6272955,1.299994,2032
6217,r2i1p1f1,2032,01,09,0.0,15.251873,2.961143,2032
6218,r2i1p1f1,2032,01,10,0.0,19.094296,2.0881672,2032
6219,r2i1p1f1,2032,01,11,0.0,15.495468,4.294132,2032
6220,r2i1p1f1,2032,01,12,0.0,16.413187,2.1192415,2032
6221,r2i1p1f1,2032,01,13,0.0,16.659374,3.2768834,2032
6222,r2i1p1f1,2032,01,14,0.0,16.921,3.7060869,2032
6223,r2i1p1f1,2032,01,15,0.0,19.615437,4.590925,2032
6224,r2i1p1f1,2032,01,16,0.0,16.392937,1.296337,2032
6225,r2i1p1f1,2032,01,17,0.0,6.4189525,-6.0308685,2032
6226,r2i1p1f1,2032,01,18,0.7803468846234934,3.0811741,-9.436581,2032
6227,r2i1p1f1,2032,01,19,13.57733255815849,1.8875116,-2.8504698,2032
6228,r2i1p1f1,2032,01,20,23.287350176430593,1.7675257,-3.222925,2032
6229,r2i1p1f1,2032,01,21,9.715383435384584,3.8776965,-3.425277,2032
6230,r2i1p1f1,2032,01,22,0.09811716750286556,5.6472263,-0.50894254,2032
6231,r2i1p1f1,2032,01,23,0.0,5.343733,-2.1521022,2032
6232,r2i1p1f1,2032,01,24,76.308312796307,7.918076,-2.9588795,2032
6233,r2i1p1f1,2032,01,25,69.51779867164217,6.547686,-0.37259927,2032
6234,r2i1p1f1,2032,01,26,16.209417777477377,8.580438,0.91959125,2032
6235,r2i1p1f1,2032,01,27,6.056588511763459,0.49560624,-5.7996483,2032
6236,r2i1p1f1,2032,01,28,0.17309779790453972,5.2913003,-9.302909,2032
6237,r2i1p1f1,2032,01,29,3.961590086020386,3.1423066,-8.269725,2032
6238,r2i1p1f1,2032,01,30,4.984280871176102,1.9142612,-3.613363,2032
6239,r2i1p1f1,2032,01,31,0.0,6.897328,-4.7209725,2032
6240,r2i1p1f1,2032,02,01,7.034655979805393,3.2575781,-7.6755905,2032
6241,r2i1p1f1,2032,02,02,39.46645865933253,4.122794,-1.4068836,2032
6242,r2i1p1f1,2032,02,03,0.0,5.4841146,-1.833285,2032
6243,r2i1p1f1,2032,02,04,32.061022807073854,10.716851,-3.3241796,2032
6244,r2i1p1f1,2032,02,05,14.150130950012962,8.35837,2.1775453,2032
6245,r2i1p1f1,2032,02,06,15.509711238561207,4.8502812,0.07785181,2032
6246,r2i1p1f1,2032,02,07,32.091494115929194,7.947466,-1.4455307,2032
6247,r2i1p1f1,2032,02,08,20.830986910536573,8.15674,-2.2897472,2032
6248,r2i1p1f1,2032,02,09,4.126316532808862,6.406354,0.37239936,2032
6249,r2i1p1f1,2032,02,10,16.097423052297717,3.1907165,-0.9235942,2032
6250,r2i1p1f1,2032,02,11,0.004641674828375331,6.9689956,-5.2753234,2032
6251,r2i1p1f1,2032,02,12,6.032742795636855,3.246294,-3.2108858,2032
6252,r2i1p1f1,2032,02,13,27.07938895507071,6.0890555,1.31997,2032
6253,r2i1p1f1,2032,02,14,29.064754442347642,7.7291675,0.87358093,2032
6254,r2i1p1f1,2032,02,15,6.349214018337079,6.779254,-1.0463535,2032
6255,r2i1p1f1,2032,02,16,0.0,10.181689,-5.0105705,2032
6256,r2i1p1f1,2032,02,17,0.0,7.2733836,-3.934171,2032
6257,r2i1p1f1,2032,02,18,0.0,9.209312,-4.5092964,2032
6258,r2i1p1f1,2032,02,19,0.0,7.429564,-4.4235644,2032
6259,r2i1p1f1,2032,02,20,0.0,4.863128,-2.6803331,2032
6260,r2i1p1f1,2032,02,21,0.10896560385075506,2.6325948,-7.8572044,2032
6261,r2i1p1f1,2032,02,22,28.201879041555983,3.2910743,-5.4203205,2032
6262,r2i1p1f1,2032,02,23,20.54255567670155,1.6433963,-6.5820813,2032
6263,r2i1p1f1,2032,02,24,15.056649143494164,3.7708905,-9.098134,2032
6264,r2i1p1f1,2032,02,25,19.43363946987889,2.0986693,-5.1641693,2032
6265,r2i1p1f1,2032,02,26,0.2874468797996927,3.693361,-1.7842749,2032
6266,r2i1p1f1,2032,02,27,0.0,6.256261,-2.6152937,2032
6267,r2i1p1f1,2032,02,28,0.0,7.831178,-0.88840365,2032
6268,r2i1p1f1,2032,02,29,0.0,8.8532,0.3486151,2032
6269,r2i1p1f1,2032,03,01,0.43377250301021447,6.3578587,1.361607,2032
6270,r2i1p1f1,2032,03,02,0.06495416398418176,4.7154465,0.10512318,2032
6271,r2i1p1f1,2032,03,03,0.0,8.120638,-1.1137774,2032
6272,r2i1p1f1,2032,03,04,0.0,10.942227,-0.27700874,2032
6273,r2i1p1f1,2032,03,05,0.0,15.124785,-0.48730245,2032
6274,r2i1p1f1,2032,03,06,0.0,17.445513,1.7379882,2032
6275,r2i1p1f1,2032,03,07,0.0,17.550776,1.3211597,2032
6276,r2i1p1f1,2032,03,08,0.0,20.270586,2.2993343,2032
6277,r2i1p1f1,2032,03,09,0.0,19.86108,3.294699,2032
6278,r2i1p1f1,2032,03,10,0.0,18.721815,2.5346863,2032
6279,r2i1p1f1,2032,03,11,0.0,16.963247,2.0107074,2032
6280,r2i1p1f1,2032,03,12,0.0,13.376978,-0.28358704,2032
6281,r2i1p1f1,2032,03,13,0.0,12.237975,-1.8886411,2032
6282,r2i1p1f1,2032,03,14,27.119194415774054,7.132146,-3.1397383,2032
6283,r2i1p1f1,2032,03,15,5.560691582678164,5.449325,-1.3037827,2032
6284,r2i1p1f1,2032,03,16,0.0,13.679628,-1.6468216,2032
6285,r2i1p1f1,2032,03,17,0.0,14.137368,-0.7836553,2032
6286,r2i1p1f1,2032,03,18,0.26603492110203103,12.477874,1.8051938,2032
6287,r2i1p1f1,2032,03,19,34.60778605042903,5.283889,-0.16295448,2032
6288,r2i1p1f1,2032,03,20,0.015379101079396116,10.425459,-3.0414777,2032
6289,r2i1p1f1,2032,03,21,0.0,14.045759,-1.8857954,2032
6290,r2i1p1f1,2032,03,22,0.0,18.201954,-0.09617077,2032
6291,r2i1p1f1,2032,03,23,0.9392488092963993,12.1459055,2.0622754,2032
6292,r2i1p1f1,2032,03,24,1.0781143120574108,10.862061,3.0595515,2032
6293,r2i1p1f1,2032,03,25,18.320981292345095,9.428373,-1.7206427,2032
6294,r2i1p1f1,2032,03,26,23.660746814074137,6.934197,-0.8207457,2032
6295,r2i1p1f1,2032,03,27,63.35083894574871,6.292477,-1.6995944,2032
6296,r2i1p1f1,2032,03,28,14.220185163923396,3.0565479,-5.5824766,2032
6297,r2i1p1f1,2032,03,29,0.0,6.5498586,1.272973,2032
6298,r2i1p1f1,2032,03,30,7.192386878495409,4.903429,1.5861657,2032
6299,r2i1p1f1,2032,03,31,0.0061595851058462775,13.293611,-1.8037974,2032
6300,r2i1p1f1,2032,04,01,0.0,19.199932,-0.4538131,2032
6301,r2i1p1f1,2032,04,02,0.0,24.353132,4.8261423,2032
6302,r2i1p1f1,2032,04,03,0.0,25.06317,7.377998,2032
6303,r2i1p1f1,2032,04,04,0.0,24.564926,9.5127735,2032
6304,r2i1p1f1,2032,04,05,0.0,25.45346,9.40898,2032
6305,r2i1p1f1,2032,04,06,0.0,24.069462,8.559838,2032
6306,r2i1p1f1,2032,04,07,0.0,25.050962,7.220171,2032
6307,r2i1p1f1,2032,04,08,0.0,21.114925,5.7198863,2032
6308,r2i1p1f1,2032,04,09,0.0,26.830898,8.151078,2032
6309,r2i1p1f1,2032,04,10,0.0,26.267208,10.444243,2032
6310,r2i1p1f1,2032,04,11,0.0,26.952555,11.179573,2032
6311,r2i1p1f1,2032,04,12,0.0,27.034286,11.372329,2032
6312,r2i1p1f1,2032,04,13,0.0,27.435234,9.8281355,2032
6313,r2i1p1f1,2032,04,14,0.0,26.708536,9.183514,2032
6314,r2i1p1f1,2032,04,15,0.0,24.012905,6.5942664,2032
6315,r2i1p1f1,2032,04,16,0.0,22.684992,6.874103,2032
6316,r2i1p1f1,2032,04,17,0.0,21.375624,5.1220655,2032
6317,r2i1p1f1,2032,04,18,0.0,18.225946,1.9246368,2032
6318,r2i1p1f1,2032,04,19,72.75295412579838,7.845107,0.4378942,2032
6319,r2i1p1f1,2032,04,20,19.144206969604756,3.044701,-2.0129151,2032
6320,r2i1p1f1,2032,04,21,0.7924185858813032,3.4160485,-2.00197,2032
6321,r2i1p1f1,2032,04,22,0.0,10.821563,-2.3257976,2032
6322,r2i1p1f1,2032,04,23,0.0,13.273469,0.49632654,2032
6323,r2i1p1f1,2032,04,24,2.8583863100441076,9.701157,-3.810769,2032
6324,r2i1p1f1,2032,04,25,0.0,7.42064,0.6792882,2032
6325,r2i1p1f1,2032,04,26,10.09711631976153,5.921938,-0.0307402,2032
6326,r2i1p1f1,2032,04,27,0.0,11.660332,0.005779951,2032
6327,r2i1p1f1,2032,04,28,0.0,14.705097,1.5563904,2032
6328,r2i1p1f1,2032,04,29,0.0,13.920141,0.12766461,2032
6329,r2i1p1f1,2032,04,30,25.84282337976709,7.69684,-0.9233996,2032
6330,r2i1p1f1,2032,05,01,17.953587764686045,3.622048,-1.6795905,2032
6331,r2i1p1f1,2032,05,02,0.0,5.6199746,-0.91474015,2032
6332,r2i1p1f1,2032,05,03,5.872824039950221,1.3318647,-3.3153389,2032
6333,r2i1p1f1,2032,05,04,0.0,13.532294,-1.0442897,2032
6334,r2i1p1f1,2032,05,05,0.0,16.46817,-1.2584066,2032
6335,r2i1p1f1,2032,05,06,0.0,17.713655,0.8178499,2032
6336,r2i1p1f1,2032,05,07,0.0,20.091255,3.765898,2032
6337,r2i1p1f1,2032,05,08,0.0,20.00526,5.290652,2032
6338,r2i1p1f1,2032,05,09,0.0,20.15738,5.2963037,2032
6339,r2i1p1f1,2032,05,10,0.0,20.943686,6.8338766,2032
6340,r2i1p1f1,2032,05,11,0.0,18.30891,4.525651,2032
6341,r2i1p1f1,2032,05,12,0.0,15.526008,0.25224793,2032
6342,r2i1p1f1,2032,05,13,1.3824368487383674,15.346805,4.3090787,2032
6343,r2i1p1f1,2032,05,14,0.0,19.349863,3.2803557,2032
6344,r2i1p1f1,2032,05,15,17.737045506342277,12.273899,-0.6317064,2032
6345,r2i1p1f1,2032,05,16,7.039906263477091,6.7468505,0.09148133,2032
6346,r2i1p1f1,2032,05,17,2.0817632822609786,9.676736,2.278871,2032
6347,r2i1p1f1,2032,05,18,0.6854108266522346,10.116974,-0.08888597,2032
6348,r2i1p1f1,2032,05,19,0.0,10.891496,-0.7355409,2032
6349,r2i1p1f1,2032,05,20,0.0,15.704045,0.68551546,2032
6350,r2i1p1f1,2032,05,21,0.0,17.885094,1.5903198,2032
6351,r2i1p1f1,2032,05,22,0.0,19.96424,3.9410455,2032
6352,r2i1p1f1,2032,05,23,0.0,19.797287,2.3001757,2032
6353,r2i1p1f1,2032,05,24,0.24312875228553402,13.6345625,1.3151122,2032
6354,r2i1p1f1,2032,05,25,0.14286534379047786,12.927859,2.3288867,2032
6355,r2i1p1f1,2032,05,26,0.0,12.359538,3.1638942,2032
6356,r2i1p1f1,2032,05,27,0.0,12.868169,-0.85478777,2032
6357,r2i1p1f1,2032,05,28,6.312684964247567,9.282486,-1.0794432,2032
6358,r2i1p1f1,2032,05,29,2.652445776343134,11.336343,-2.3456798,2032
6359,r2i1p1f1,2032,05,30,0.00910948863467918,13.208327,3.1741216,2032
6360,r2i1p1f1,2032,05,31,4.384837147356918,11.70087,3.342315,2032
6361,r2i1p1f1,2032,06,01,6.348711740471257,12.79322,0.5376822,2032
6362,r2i1p1f1,2032,06,02,0.0,25.233553,7.040305,2032
6363,r2i1p1f1,2032,06,03,0.0,25.171371,9.552937,2032
6364,r2i1p1f1,2032,06,04,0.0,25.616268,8.175289,2032
6365,r2i1p1f1,2032,06,05,0.0,20.36754,6.527504,2032
6366,r2i1p1f1,2032,06,06,0.46773196951947354,16.844751,2.5869832,2032
6367,r2i1p1f1,2032,06,07,2.5240232913872136,10.557121,2.7116265,2032
6368,r2i1p1f1,2032,06,08,0.007995711264531845,12.62097,3.7157586,2032
6369,r2i1p1f1,2032,06,09,0.0,18.964296,2.8707845,2032
6370,r2i1p1f1,2032,06,10,0.0,24.452702,8.551507,2032
6371,r2i1p1f1,2032,06,11,0.0,26.773085,10.805938,2032
6372,r2i1p1f1,2032,06,12,0.0,26.519316,10.437842,2032
6373,r2i1p1f1,2032,06,13,0.08722007556710966,26.787886,9.523155,2032
6374,r2i1p1f1,2032,06,14,0.0,27.571041,9.74655,2032
6375,r2i1p1f1,2032,06,15,0.0,27.373823,10.497666,2032
6376,r2i1p1f1,2032,06,16,0.0,29.507402,11.337349,2032
6377,r2i1p1f1,2032,06,17,0.0,30.424116,12.495665,2032
6378,r2i1p1f1,2032,06,18,0.0,32.32704,13.707556,2032
6379,r2i1p1f1,2032,06,19,0.0,34.355488,15.282429,2032
6380,r2i1p1f1,2032,06,20,0.0,34.757618,16.18043,2032
6381,r2i1p1f1,2032,06,21,0.0,34.272953,15.502879,2032
6382,r2i1p1f1,2032,06,22,0.0,32.73297,14.227752,2032
6383,r2i1p1f1,2032,06,23,0.0,29.237999,12.588937,2032
6384,r2i1p1f1,2032,06,24,0.0,27.542402,8.505303,2032
6385,r2i1p1f1,2032,06,25,0.0,22.170864,5.6266026,2032
6386,r2i1p1f1,2032,06,26,0.0,25.930117,8.491192,2032
6387,r2i1p1f1,2032,06,27,0.0,25.437117,8.229145,2032
6388,r2i1p1f1,2032,06,28,0.0,21.905987,5.35735,2032
6389,r2i1p1f1,2032,06,29,0.0,25.024122,6.5055466,2032
6390,r2i1p1f1,2032,06,30,0.0,29.557474,11.403179,2032
6391,r2i1p1f1,2032,07,01,0.0,30.806622,12.581855,2032
6392,r2i1p1f1,2032,07,02,0.0,30.202374,13.046339,2032
6393,r2i1p1f1,2032,07,03,0.0,29.523672,11.7769985,2032
6394,r2i1p1f1,2032,07,04,0.0,26.398321,10.529554,2032
6395,r2i1p1f1,2032,07,05,0.0,27.46234,10.562428,2032
6396,r2i1p1f1,2032,07,06,0.0,32.09782,13.223238,2032
6397,r2i1p1f1,2032,07,07,0.0,34.933334,17.95956,2032
6398,r2i1p1f1,2032,07,08,0.0,35.108944,16.438307,2032
6399,r2i1p1f1,2032,07,09,0.0,31.071934,14.122705,2032
6400,r2i1p1f1,2032,07,10,0.0,33.009834,13.784123,2032
6401,r2i1p1f1,2032,07,11,0.0,33.409637,15.615942,2032
6402,r2i1p1f1,2032,07,12,0.0,33.97209,16.524065,2032
6403,r2i1p1f1,2032,07,13,0.0,32.67653,14.858896,2032
6404,r2i1p1f1,2032,07,14,0.0,31.01148,13.274766,2032
6405,r2i1p1f1,2032,07,15,0.0,30.275045,13.689199,2032
6406,r2i1p1f1,2032,07,16,0.0,30.57083,12.613809,2032
6407,r2i1p1f1,2032,07,17,0.0,32.557804,14.417322,2032
6408,r2i1p1f1,2032,07,18,0.0,31.728647,13.733248,2032
6409,r2i1p1f1,2032,07,19,0.0,29.447716,11.200997,2032
6410,r2i1p1f1,2032,07,20,0.0,28.4786,10.531242,2032
6411,r2i1p1f1,2032,07,21,0.0,27.669376,11.169776,2032
6412,r2i1p1f1,2032,07,22,0.0,27.825562,10.608226,2032
6413,r2i1p1f1,2032,07,23,0.0,29.961895,12.066783,2032
6414,r2i1p1f1,2032,07,24,0.0,30.17709,12.073556,2032
6415,r2i1p1f1,2032,07,25,0.0,29.15183,11.434455,2032
6416,r2i1p1f1,2032,07,26,0.0,28.302914,10.818166,2032
6417,r2i1p1f1,2032,07,27,0.0,27.672949,9.964709,2032
6418,r2i1p1f1,2032,07,28,0.0,30.371773,11.780371,2032
6419,r2i1p1f1,2032,07,29,0.0,28.928413,12.009232,2032
6420,r2i1p1f1,2032,07,30,0.0,29.807135,11.720361,2032
6421,r2i1p1f1,2032,07,31,0.0,30.588758,12.0032215,2032
6422,r2i1p1f1,2032,08,01,0.0,31.3981,13.592051,2032
6423,r2i1p1f1,2032,08,02,0.0,31.2243,13.7976885,2032
6424,r2i1p1f1,2032,08,03,0.0,31.939037,14.3439455,2032
6425,r2i1p1f1,2032,08,04,0.0,32.17254,14.328938,2032
6426,r2i1p1f1,2032,08,05,0.0,31.863491,15.076242,2032
6427,r2i1p1f1,2032,08,06,0.0,31.804468,15.012868,2032
6428,r2i1p1f1,2032,08,07,0.0,33.626747,15.8514185,2032
6429,r2i1p1f1,2032,08,08,0.0,33.785908,16.100546,2032
6430,r2i1p1f1,2032,08,09,0.0,33.282497,15.513237,2032
6431,r2i1p1f1,2032,08,10,0.0,32.460606,14.718682,2032
6432,r2i1p1f1,2032,08,11,0.0,30.403866,12.829624,2032
6433,r2i1p1f1,2032,08,12,0.0,29.439228,12.162786,2032
6434,r2i1p1f1,2032,08,13,0.0,28.943178,10.781837,2032
6435,r2i1p1f1,2032,08,14,0.0,26.050684,9.759949,2032
6436,r2i1p1f1,2032,08,15,0.0,24.55844,8.789685,2032
6437,r2i1p1f1,2032,08,16,0.0,24.636007,8.699321,2032
6438,r2i1p1f1,2032,08,17,0.0,27.325346,9.793178,2032
6439,r2i1p1f1,2032,08,18,0.0,26.98793,9.440063,2032
6440,r2i1p1f1,2032,08,19,0.0,26.143845,8.661734,2032
6441,r2i1p1f1,2032,08,20,0.0,28.324398,9.733519,2032
6442,r2i1p1f1,2032,08,21,0.0,29.380386,12.845633,2032
6443,r2i1p1f1,2032,08,22,0.0,28.925724,12.732061,2032
6444,r2i1p1f1,2032,08,23,0.0,28.04123,12.288363,2032
6445,r2i1p1f1,2032,08,24,0.0,27.889467,11.03743,2032
6446,r2i1p1f1,2032,08,25,0.0,29.230873,11.666768,2032
6447,r2i1p1f1,2032,08,26,0.0,30.191792,11.755618,2032
6448,r2i1p1f1,2032,08,27,0.0,31.612318,12.322115,2032
6449,r2i1p1f1,2032,08,28,0.0,33.978134,14.430025,2032
6450,r2i1p1f1,2032,08,29,0.0,35.625828,16.516432,2032
6451,r2i1p1f1,2032,08,30,0.0,34.143093,14.653394,2032
6452,r2i1p1f1,2032,08,31,0.0,30.857197,13.197538,2032
6453,r2i1p1f1,2032,09,01,0.0,30.179571,13.936257,2032
6454,r2i1p1f1,2032,09,02,0.0,29.90496,12.737951,2032
6455,r2i1p1f1,2032,09,03,0.0,28.004337,10.995701,2032
6456,r2i1p1f1,2032,09,04,0.0,28.468521,10.785091,2032
6457,r2i1p1f1,2032,09,05,0.0,28.815079,11.455979,2032
6458,r2i1p1f1,2032,09,06,0.0,28.462656,12.659948,2032
6459,r2i1p1f1,2032,09,07,0.008440070758716991,29.692226,13.852193,2032
6460,r2i1p1f1,2032,09,08,0.0,30.26025,13.219633,2032
6461,r2i1p1f1,2032,09,09,0.0,29.24834,13.339772,2032
6462,r2i1p1f1,2032,09,10,0.057897678813717976,28.905067,12.599072,2032
6463,r2i1p1f1,2032,09,11,0.0,31.029047,13.474988,2032
6464,r2i1p1f1,2032,09,12,0.0,29.886557,13.417815,2032
6465,r2i1p1f1,2032,09,13,0.0,23.718386,6.995216,2032
6466,r2i1p1f1,2032,09,14,0.0,21.808765,3.4810572,2032
6467,r2i1p1f1,2032,09,15,0.0,20.577631,4.0108314,2032
6468,r2i1p1f1,2032,09,16,0.0,20.404926,4.506824,2032
6469,r2i1p1f1,2032,09,17,0.0,22.288107,5.505895,2032
6470,r2i1p1f1,2032,09,18,0.0,23.715576,6.97483,2032
6471,r2i1p1f1,2032,09,19,0.0,22.640812,6.512747,2032
6472,r2i1p1f1,2032,09,20,0.0,21.37972,6.531393,2032
6473,r2i1p1f1,2032,09,21,0.0,22.530628,5.623537,2032
6474,r2i1p1f1,2032,09,22,0.0,26.424961,7.8363023,2032
6475,r2i1p1f1,2032,09,23,0.0,26.047705,9.176194,2032
6476,r2i1p1f1,2032,09,24,0.0,25.547726,8.52637,2032
6477,r2i1p1f1,2032,09,25,0.0,23.237432,6.960601,2032
6478,r2i1p1f1,2032,09,26,0.0,24.124258,7.328204,2032
6479,r2i1p1f1,2032,09,27,0.0,23.854816,6.835271,2032
6480,r2i1p1f1,2032,09,28,0.0,23.251778,6.069791,2032
6481,r2i1p1f1,2032,09,29,0.0,21.43758,7.2669287,2032
6482,r2i1p1f1,2032,09,30,0.0,24.930307,10.780244,2032
6483,r2i1p1f1,2032,10,01,0.0,23.698061,7.8846765,2032
6484,r2i1p1f1,2032,10,02,0.0,23.083364,4.159264,2032
6485,r2i1p1f1,2032,10,03,0.0,21.168005,5.4056687,2032
6486,r2i1p1f1,2032,10,04,0.0,21.157637,5.4305525,2032
6487,r2i1p1f1,2032,10,05,0.0,23.108255,6.493267,2032
6488,r2i1p1f1,2032,10,06,0.0,26.470991,8.799474,2032
6489,r2i1p1f1,2032,10,07,0.0,26.299229,9.119112,2032
6490,r2i1p1f1,2032,10,08,0.0,25.40877,8.237233,2032
6491,r2i1p1f1,2032,10,09,0.0,25.04183,8.229503,2032
6492,r2i1p1f1,2032,10,10,0.0,22.72639,6.9746017,2032
6493,r2i1p1f1,2032,10,11,0.0,25.964008,9.251689,2032
6494,r2i1p1f1,2032,10,12,0.0,28.204922,10.26002,2032
6495,r2i1p1f1,2032,10,13,0.0,29.663761,11.899127,2032
6496,r2i1p1f1,2032,10,14,0.0,30.092535,11.706946,2032
6497,r2i1p1f1,2032,10,15,0.0,27.239428,9.352344,2032
6498,r2i1p1f1,2032,10,16,0.23974856902756214,22.722359,10.18373,2032
6499,r2i1p1f1,2032,10,17,1.2889553705463186,18.656487,7.1328406,2032
6500,r2i1p1f1,2032,10,18,0.0,23.529053,9.416395,2032
6501,r2i1p1f1,2032,10,19,0.0,26.207226,10.112939,2032
6502,r2i1p1f1,2032,10,20,1.7854224627276731,24.557997,12.557938,2032
6503,r2i1p1f1,2032,10,21,39.98773288263832,16.27918,6.621686,2032
6504,r2i1p1f1,2032,10,22,53.4547089966229,11.617681,4.435481,2032
6505,r2i1p1f1,2032,10,23,10.533101144951965,9.878722,4.567901,2032
6506,r2i1p1f1,2032,10,24,7.328903620541146,12.950479,1.5081694,2032
6507,r2i1p1f1,2032,10,25,0.0,15.259463,1.2088358,2032
6508,r2i1p1f1,2032,10,26,0.0,16.038883,1.2163872,2032
6509,r2i1p1f1,2032,10,27,0.0,18.922636,2.1256006,2032
6510,r2i1p1f1,2032,10,28,0.0,20.530045,3.0647123,2032
6511,r2i1p1f1,2032,10,29,0.0,22.930824,5.854903,2032
6512,r2i1p1f1,2032,10,30,0.0,26.052015,8.91581,2032
6513,r2i1p1f1,2032,10,31,0.0,25.59628,8.575954,2032
6514,r2i1p1f1,2032,11,01,0.0,21.183443,4.8717685,2032
6515,r2i1p1f1,2032,11,02,0.0,20.347687,3.362692,2032
6516,r2i1p1f1,2032,11,03,0.0,17.223587,1.2372814,2032
6517,r2i1p1f1,2032,11,04,0.0,15.052706,0.008570158,2032
6518,r2i1p1f1,2032,11,05,0.0,19.324076,1.9386252,2032
6519,r2i1p1f1,2032,11,06,0.0,20.23051,2.5897584,2032
6520,r2i1p1f1,2032,11,07,0.0,19.684217,4.0021167,2032
6521,r2i1p1f1,2032,11,08,0.0,19.223166,3.353376,2032
6522,r2i1p1f1,2032,11,09,0.0,18.857798,1.4147788,2032
6523,r2i1p1f1,2032,11,10,0.0,19.205488,2.4773138,2032
6524,r2i1p1f1,2032,11,11,0.0,19.42794,2.5087516,2032
6525,r2i1p1f1,2032,11,12,0.0,19.003689,2.0874515,2032
6526,r2i1p1f1,2032,11,13,0.0,17.793648,3.515675,2032
6527,r2i1p1f1,2032,11,14,0.0,16.537811,0.26652887,2032
6528,r2i1p1f1,2032,11,15,0.0,14.935754,-1.6483248,2032
6529,r2i1p1f1,2032,11,16,0.0,17.671312,-0.50567776,2032
6530,r2i1p1f1,2032,11,17,0.0,17.705542,1.9817736,2032
6531,r2i1p1f1,2032,11,18,0.0,16.74724,1.3395921,2032
6532,r2i1p1f1,2032,11,19,0.0,13.256648,1.6955136,2032
6533,r2i1p1f1,2032,11,20,0.0,8.775393,3.1845086,2032
6534,r2i1p1f1,2032,11,21,0.5291507263022001,8.870082,3.256748,2032
6535,r2i1p1f1,2032,11,22,0.7604779139735631,6.9890757,-2.5810387,2032
6536,r2i1p1f1,2032,11,23,0.25687431815850476,11.746603,-2.7443688,2032
6537,r2i1p1f1,2032,11,24,0.0,11.602698,-4.392372,2032
6538,r2i1p1f1,2032,11,25,0.0,11.849954,-0.62637573,2032
6539,r2i1p1f1,2032,11,26,0.0,10.776901,-4.9330983,2032
6540,r2i1p1f1,2032,11,27,0.0102686766275348,11.464866,-1.9892899,2032
6541,r2i1p1f1,2032,11,28,0.0,11.990508,-4.670578,2032
6542,r2i1p1f1,2032,11,29,0.0,12.854124,-2.9155195,2032
6543,r2i1p1f1,2032,11,30,0.0,13.387368,-3.7212923,2032
6544,r2i1p1f1,2032,12,01,0.0,12.829407,0.53788334,2032
6545,r2i1p1f1,2032,12,02,0.0,13.652275,1.702819,2032
6546,r2i1p1f1,2032,12,03,0.0,15.759209,-0.085785985,2032
6547,r2i1p1f1,2032,12,04,0.0019449714867592915,13.67082,2.133879,2032
6548,r2i1p1f1,2032,12,05,0.16029655054738284,10.267284,-1.0997492,2032
6549,r2i1p1f1,2032,12,06,0.1626220847426269,10.307453,-3.68206,2032
6550,r2i1p1f1,2032,12,07,11.057374130121808,2.627207,-2.0869088,2032
6551,r2i1p1f1,2032,12,08,26.577165646673304,7.5339613,1.4670897,2032
6552,r2i1p1f1,2032,12,09,0.002036698515439639,9.678301,3.795365,2032
6553,r2i1p1f1,2032,12,10,25.4925353519726,6.7382736,-0.02209815,2032
6554,r2i1p1f1,2032,12,11,14.316549368455666,5.3228207,-4.7376084,2032
6555,r2i1p1f1,2032,12,12,0.005543046259285452,2.1924498,-7.860724,2032
6556,r2i1p1f1,2032,12,13,0.1415181901865463,2.418306,-3.115562,2032
6557,r2i1p1f1,2032,12,14,3.382193311832592,1.4330442,-2.6842756,2032
6558,r2i1p1f1,2032,12,15,0.001256751343484771,5.990248,-4.9733896,2032
6559,r2i1p1f1,2032,12,16,0.0,6.597739,1.4329314,2032
6560,r2i1p1f1,2032,12,17,0.06086058990779118,4.2961035,-0.887505,2032
6561,r2i1p1f1,2032,12,18,0.631924110939508,1.9583423,-3.8217225,2032
6562,r2i1p1f1,2032,12,19,0.0,4.7259207,-6.8743186,2032
6563,r2i1p1f1,2032,12,20,0.0,8.100362,-5.212844,2032
6564,r2i1p1f1,2032,12,21,0.0,3.7750432,-2.5402315,2032
6565,r2i1p1f1,2032,12,22,0.0,3.2500331,-2.8418176,2032
6566,r2i1p1f1,2032,12,23,0.0,3.2608085,-2.5538914,2032
6567,r2i1p1f1,2032,12,24,0.0,12.745966,-1.1298994,2032
6568,r2i1p1f1,2032,12,25,0.0,14.711077,1.330899,2032
6569,r2i1p1f1,2032,12,26,0.0,17.710882,1.9904134,2032
6570,r2i1p1f1,2032,12,27,0.0,14.002229,1.3548075,2032
6571,r2i1p1f1,2032,12,28,0.0,12.34227,1.6950022,2032
6572,r2i1p1f1,2032,12,29,0.0,14.229121,1.2409486,2032
6573,r2i1p1f1,2032,12,30,0.0,15.720899,2.0569694,2032
6574,r2i1p1f1,2032,12,31,0.0,12.877739,1.5339286,2032
6575,r2i1p1f1,2033,01,01,0.0,14.317029,1.520259,2033
6576,r2i1p1f1,2033,01,02,0.0,14.769361,2.2723415,2033
6577,r2i1p1f1,2033,01,03,0.0,17.419378,2.7684855,2033
6578,r2i1p1f1,2033,01,04,0.0,15.187942,3.0119112,2033
6579,r2i1p1f1,2033,01,05,0.0,12.299278,0.14608344,2033
6580,r2i1p1f1,2033,01,06,0.0,5.64338,-8.0669,2033
6581,r2i1p1f1,2033,01,07,0.0,7.339591,-6.490455,2033
6582,r2i1p1f1,2033,01,08,0.0,10.649927,-2.007143,2033
6583,r2i1p1f1,2033,01,09,0.0,11.021663,3.0762994,2033
6584,r2i1p1f1,2033,01,10,0.0,14.136323,2.313372,2033
6585,r2i1p1f1,2033,01,11,0.926400768604743,11.086717,0.749929,2033
6586,r2i1p1f1,2033,01,12,0.373465203903414,12.13555,3.2493606,2033
6587,r2i1p1f1,2033,01,13,0.0,13.063705,4.604269,2033
6588,r2i1p1f1,2033,01,14,0.0,19.053759,0.8897006,2033
6589,r2i1p1f1,2033,01,15,0.0,19.012897,3.7936096,2033
6590,r2i1p1f1,2033,01,16,0.0,18.461813,3.4776745,2033
6591,r2i1p1f1,2033,01,17,0.0,17.735664,3.4904535,2033
6592,r2i1p1f1,2033,01,18,0.0,15.97091,2.2382073,2033
6593,r2i1p1f1,2033,01,19,0.0,15.55356,1.6595193,2033
6594,r2i1p1f1,2033,01,20,0.0,16.453531,2.3487647,2033
6595,r2i1p1f1,2033,01,21,0.0,16.764643,2.9328778,2033
6596,r2i1p1f1,2033,01,22,0.0,18.013569,3.1244934,2033
6597,r2i1p1f1,2033,01,23,0.0,19.014698,5.3968806,2033
6598,r2i1p1f1,2033,01,24,0.0,19.622915,4.8439875,2033
6599,r2i1p1f1,2033,01,25,0.0,19.744379,4.441651,2033
6600,r2i1p1f1,2033,01,26,0.0,21.155819,4.791531,2033
6601,r2i1p1f1,2033,01,27,0.0,20.356909,4.492907,2033
6602,r2i1p1f1,2033,01,28,0.0,17.656923,2.8275177,2033
6603,r2i1p1f1,2033,01,29,0.0,19.091764,3.2187996,2033
6604,r2i1p1f1,2033,01,30,0.0,17.115995,3.2133362,2033
6605,r2i1p1f1,2033,01,31,0.0,16.31132,2.895368,2033
6606,r2i1p1f1,2033,02,01,0.0,19.506195,1.2495027,2033
6607,r2i1p1f1,2033,02,02,0.0,18.77936,1.1841955,2033
6608,r2i1p1f1,2033,02,03,21.218986201431388,11.913949,-1.0141029,2033
6609,r2i1p1f1,2033,02,04,40.14247955279783,7.624028,2.9370131,2033
6610,r2i1p1f1,2033,02,05,45.94269134193802,5.717402,1.3575307,2033
6611,r2i1p1f1,2033,02,06,0.05199427808816582,6.844279,-3.6149547,2033
6612,r2i1p1f1,2033,02,07,0.02429746179123308,11.49379,-0.55052185,2033
6613,r2i1p1f1,2033,02,08,3.893482556150747,4.8891273,-4.8677835,2033
6614,r2i1p1f1,2033,02,09,0.0,5.1852546,0.15642029,2033
6615,r2i1p1f1,2033,02,10,0.0,15.334224,1.1655104,2033
6616,r2i1p1f1,2033,02,11,0.0,17.342983,3.9197888,2033
6617,r2i1p1f1,2033,02,12,25.57098383236175,11.484056,-1.4316539,2033
6618,r2i1p1f1,2033,02,13,0.4650569256717482,8.079288,-0.72385037,2033
6619,r2i1p1f1,2033,02,14,0.0,11.437993,-1.5414034,2033
6620,r2i1p1f1,2033,02,15,0.0,14.012605,-1.2982565,2033
6621,r2i1p1f1,2033,02,16,9.496742551485882,9.615695,-3.9201293,2033
6622,r2i1p1f1,2033,02,17,33.35011569523396,2.3144855,-2.412824,2033
6623,r2i1p1f1,2033,02,18,0.0,3.8728895,-0.5201491,2033
6624,r2i1p1f1,2033,02,19,0.0,5.928353,-3.3665185,2033
6625,r2i1p1f1,2033,02,20,0.0,9.368464,-1.7544644,2033
6626,r2i1p1f1,2033,02,21,0.0,16.338766,1.4505271,2033
6627,r2i1p1f1,2033,02,22,0.0,18.036617,2.0538428,2033
6628,r2i1p1f1,2033,02,23,0.0,18.541866,3.3827147,2033
6629,r2i1p1f1,2033,02,24,0.0,15.176473,3.670753,2033
6630,r2i1p1f1,2033,02,25,26.410788246161808,8.433044,-0.67597675,2033
6631,r2i1p1f1,2033,02,26,0.3536200995138363,6.6126184,-1.7461889,2033
6632,r2i1p1f1,2033,02,27,0.0,11.570236,0.512316,2033
6633,r2i1p1f1,2033,02,28,4.661220921088198,10.1599245,-1.1529751,2033
6634,r2i1p1f1,2033,03,01,80.28214959667821,11.000837,-2.5265312,2033
6635,r2i1p1f1,2033,03,02,13.375667297661774,2.459348,-1.5378131,2033
6636,r2i1p1f1,2033,03,03,0.0,6.4869957,0.40126604,2033
6637,r2i1p1f1,2033,03,04,70.61424135731963,8.42828,-5.0296926,2033
6638,r2i1p1f1,2033,03,05,57.80473763991792,4.859409,-3.2359343,2033
6639,r2i1p1f1,2033,03,06,0.14027023072720532,3.722603,-1.0182475,2033
6640,r2i1p1f1,2033,03,07,0.0,7.228447,-2.5238214,2033
6641,r2i1p1f1,2033,03,08,0.0,11.737551,-1.1646609,2033
6642,r2i1p1f1,2033,03,09,0.0,14.920969,-1.615882,2033
6643,r2i1p1f1,2033,03,10,0.0,14.449033,1.9274865,2033
6644,r2i1p1f1,2033,03,11,0.0,13.598677,3.6802251,2033
6645,r2i1p1f1,2033,03,12,8.486480884340171,11.09343,-0.17741688,2033
6646,r2i1p1f1,2033,03,13,0.816272349346456,9.780066,-1.8475729,2033
6647,r2i1p1f1,2033,03,14,7.6541966340056,8.035844,-2.7068126,2033
6648,r2i1p1f1,2033,03,15,1.98130118116681,7.546196,-1.9095287,2033
6649,r2i1p1f1,2033,03,16,0.0,12.762091,-0.078110814,2033
6650,r2i1p1f1,2033,03,17,0.0,14.476359,0.30830932,2033
6651,r2i1p1f1,2033,03,18,21.625928724712978,6.84004,-1.042501,2033
6652,r2i1p1f1,2033,03,19,18.482635070316835,7.476764,-2.3189778,2033
6653,r2i1p1f1,2033,03,20,0.0,7.936248,-0.48925567,2033
6654,r2i1p1f1,2033,03,21,0.0,9.874076,-4.6025357,2033
6655,r2i1p1f1,2033,03,22,0.0,15.6189375,-3.1909413,2033
6656,r2i1p1f1,2033,03,23,0.0,14.824023,-0.47673416,2033
6657,r2i1p1f1,2033,03,24,0.0,16.869244,0.8312134,2033
6658,r2i1p1f1,2033,03,25,0.0,21.678362,3.3033674,2033
6659,r2i1p1f1,2033,03,26,0.0,23.214218,4.5951304,2033
6660,r2i1p1f1,2033,03,27,0.03697329974294497,18.33896,-0.7441644,2033
6661,r2i1p1f1,2033,03,28,0.0,4.777454,-8.929093,2033
6662,r2i1p1f1,2033,03,29,0.031135749409608813,3.122545,-8.167349,2033
6663,r2i1p1f1,2033,03,30,0.0,6.805171,-8.953101,2033
6664,r2i1p1f1,2033,03,31,0.0,11.161417,-4.963152,2033
6665,r2i1p1f1,2033,04,01,0.0,16.042105,-0.46530297,2033
6666,r2i1p1f1,2033,04,02,0.0,20.427553,2.4964924,2033
6667,r2i1p1f1,2033,04,03,0.0,24.33549,5.4208407,2033
6668,r2i1p1f1,2033,04,04,0.0,25.160446,6.8796816,2033
6669,r2i1p1f1,2033,04,05,0.0,23.581947,7.1649427,2033
6670,r2i1p1f1,2033,04,06,0.0,25.599087,7.298296,2033
6671,r2i1p1f1,2033,04,07,0.0,28.170977,8.941821,2033
6672,r2i1p1f1,2033,04,08,0.0,28.794058,10.203807,2033
6673,r2i1p1f1,2033,04,09,14.351151568833021,18.71027,1.3243504,2033
6674,r2i1p1f1,2033,04,10,32.59768018237642,8.916224,3.0663183,2033
6675,r2i1p1f1,2033,04,11,0.28245512299830666,16.63695,0.8398639,2033
6676,r2i1p1f1,2033,04,12,0.0,19.370802,6.7400155,2033
6677,r2i1p1f1,2033,04,13,0.0,18.453568,0.44153693,2033
6678,r2i1p1f1,2033,04,14,0.0,14.952922,-2.211711,2033
6679,r2i1p1f1,2033,04,15,0.0,17.095446,1.3287259,2033
6680,r2i1p1f1,2033,04,16,0.0,17.185703,4.8904176,2033
6681,r2i1p1f1,2033,04,17,0.0,18.019585,3.385273,2033
6682,r2i1p1f1,2033,04,18,0.0,15.824077,-0.4534774,2033
6683,r2i1p1f1,2033,04,19,0.0,18.077982,0.7899609,2033
6684,r2i1p1f1,2033,04,20,0.0,18.945616,3.4301116,2033
6685,r2i1p1f1,2033,04,21,0.0,20.460629,4.9765515,2033
6686,r2i1p1f1,2033,04,22,0.0,18.807505,4.246805,2033
6687,r2i1p1f1,2033,04,23,0.0,14.63445,-0.012880276,2033
6688,r2i1p1f1,2033,04,24,0.0,18.013105,2.7520866,2033
6689,r2i1p1f1,2033,04,25,0.0,22.620216,6.74311,2033
6690,r2i1p1f1,2033,04,26,0.0,23.231064,7.150033,2033
6691,r2i1p1f1,2033,04,27,0.0,20.710615,4.292931,2033
6692,r2i1p1f1,2033,04,28,0.0,16.53037,1.2392671,2033
6693,r2i1p1f1,2033,04,29,0.0,15.618872,-0.050510406,2033
6694,r2i1p1f1,2033,04,30,0.0,15.239646,-0.24474491,2033
6695,r2i1p1f1,2033,05,01,0.0,14.207078,-2.3645298,2033
6696,r2i1p1f1,2033,05,02,0.0,17.754358,0.501815,2033
6697,r2i1p1f1,2033,05,03,0.0,17.42234,0.8021936,2033
6698,r2i1p1f1,2033,05,04,0.0,16.895117,0.14789005,2033
6699,r2i1p1f1,2033,05,05,0.0,13.353539,-0.3903116,2033
6700,r2i1p1f1,2033,05,06,3.151857565507481,8.108239,-0.8615926,2033
6701,r2i1p1f1,2033,05,07,0.02896079721932228,10.338065,-2.6736548,2033
6702,r2i1p1f1,2033,05,08,1.900967116951226,8.527563,-6.5813723,2033
6703,r2i1p1f1,2033,05,09,0.003996548667391135,9.092061,-4.907355,2033
6704,r2i1p1f1,2033,05,10,0.0,14.745296,-0.88033736,2033
6705,r2i1p1f1,2033,05,11,0.0,15.845937,-0.14341433,2033
6706,r2i1p1f1,2033,05,12,0.0,16.443687,0.0144673865,2033
6707,r2i1p1f1,2033,05,13,0.0,18.6236,2.7138088,2033
6708,r2i1p1f1,2033,05,14,7.896204711701452,12.97347,-3.414798,2033
6709,r2i1p1f1,2033,05,15,0.0,16.356388,2.051808,2033
6710,r2i1p1f1,2033,05,16,0.5148793304040458,12.724191,7.9472656,2033
6711,r2i1p1f1,2033,05,17,0.0,22.487751,4.837561,2033
6712,r2i1p1f1,2033,05,18,0.0,23.501917,7.5086827,2033
6713,r2i1p1f1,2033,05,19,0.0,25.737255,8.624096,2033
6714,r2i1p1f1,2033,05,20,0.15959987067617476,25.808136,10.300178,2033
6715,r2i1p1f1,2033,05,21,0.0,22.261427,6.162017,2033
6716,r2i1p1f1,2033,05,22,7.932722624823677,17.37775,3.7697492,2033
6717,r2i1p1f1,2033,05,23,130.78593184741644,11.501007,-3.2781332,2033
6718,r2i1p1f1,2033,05,24,1.1857517756224156,9.415005,5.8135653,2033
6719,r2i1p1f1,2033,05,25,0.0,17.948442,4.6482825,2033
6720,r2i1p1f1,2033,05,26,0.005337276581065873,24.648285,6.8907385,2033
6721,r2i1p1f1,2033,05,27,0.40923942832215776,22.37866,5.251202,2033
6722,r2i1p1f1,2033,05,28,0.0,27.078701,9.137388,2033
6723,r2i1p1f1,2033,05,29,0.0,28.755602,12.12155,2033
6724,r2i1p1f1,2033,05,30,0.0,28.953701,12.210718,2033
6725,r2i1p1f1,2033,05,31,0.0,28.263716,12.244561,2033
6726,r2i1p1f1,2033,06,01,0.0,26.70099,10.170127,2033
6727,r2i1p1f1,2033,06,02,0.0,26.585844,9.47321,2033
6728,r2i1p1f1,2033,06,03,0.0,26.369223,12.425833,2033
6729,r2i1p1f1,2033,06,04,0.0,27.151562,9.874668,2033
6730,r2i1p1f1,2033,06,05,0.0,24.946104,9.6086445,2033
6731,r2i1p1f1,2033,06,06,0.0,22.168152,4.267808,2033
6732,r2i1p1f1,2033,06,07,0.0,22.496561,6.263549,2033
6733,r2i1p1f1,2033,06,08,0.0,24.111977,9.324382,2033
6734,r2i1p1f1,2033,06,09,0.0,24.982328,8.0821295,2033
6735,r2i1p1f1,2033,06,10,0.0,25.10799,8.853126,2033
6736,r2i1p1f1,2033,06,11,0.0,27.55824,10.053718,2033
6737,r2i1p1f1,2033,06,12,0.0,31.058912,12.70251,2033
6738,r2i1p1f1,2033,06,13,0.0,33.923203,15.811279,2033
6739,r2i1p1f1,2033,06,14,0.0,34.184574,16.237207,2033
6740,r2i1p1f1,2033,06,15,0.0,34.3718,15.540186,2033
6741,r2i1p1f1,2033,06,16,0.0,34.716053,15.743325,2033
6742,r2i1p1f1,2033,06,17,0.0,33.148087,14.412358,2033
6743,r2i1p1f1,2033,06,18,0.0,32.588367,14.058306,2033
6744,r2i1p1f1,2033,06,19,0.0,32.741795,13.730578,2033
6745,r2i1p1f1,2033,06,20,0.0,31.561142,14.347237,2033
6746,r2i1p1f1,2033,06,21,0.0,29.812212,13.195732,2033
6747,r2i1p1f1,2033,06,22,0.0,30.358217,12.614394,2033
6748,r2i1p1f1,2033,06,23,0.0,29.72146,13.097582,2033
6749,r2i1p1f1,2033,06,24,0.0,29.415771,11.931814,2033
6750,r2i1p1f1,2033,06,25,0.0,29.935694,12.012993,2033
6751,r2i1p1f1,2033,06,26,0.0,26.512213,9.626377,2033
6752,r2i1p1f1,2033,06,27,0.0,23.360664,6.4376974,2033
6753,r2i1p1f1,2033,06,28,0.0,26.232801,8.476165,2033
6754,r2i1p1f1,2033,06,29,0.0,27.340607,10.107743,2033
6755,r2i1p1f1,2033,06,30,0.0,27.267471,9.797388,2033
6756,r2i1p1f1,2033,07,01,0.0,26.097878,9.668246,2033
6757,r2i1p1f1,2033,07,02,0.0,25.480389,8.947786,2033
6758,r2i1p1f1,2033,07,03,0.0,30.007086,10.794175,2033
6759,r2i1p1f1,2033,07,04,0.0,30.576185,12.655061,2033
6760,r2i1p1f1,2033,07,05,0.0,30.60189,13.079605,2033
6761,r2i1p1f1,2033,07,06,0.0,28.898272,11.671663,2033
6762,r2i1p1f1,2033,07,07,0.0,28.572374,11.2617035,2033
6763,r2i1p1f1,2033,07,08,0.0,29.893778,11.143099,2033
6764,r2i1p1f1,2033,07,09,0.0,28.969608,11.504415,2033
6765,r2i1p1f1,2033,07,10,0.0,29.72936,11.612449,2033
6766,r2i1p1f1,2033,07,11,0.0,30.298788,12.368528,2033
6767,r2i1p1f1,2033,07,12,0.0,30.249468,12.940854,2033
6768,r2i1p1f1,2033,07,13,0.0,30.599722,13.302564,2033
6769,r2i1p1f1,2033,07,14,0.0,32.990597,15.003574,2033
6770,r2i1p1f1,2033,07,15,0.0,35.758224,17.438786,2033
6771,r2i1p1f1,2033,07,16,0.05668144703332263,35.637592,18.236094,2033
6772,r2i1p1f1,2033,07,17,0.0,33.641838,16.014624,2033
6773,r2i1p1f1,2033,07,18,0.0035952025917560184,31.902676,14.937088,2033
6774,r2i1p1f1,2033,07,19,0.019768312789053128,30.513746,13.419905,2033
6775,r2i1p1f1,2033,07,20,0.0,29.9615,12.743215,2033
6776,r2i1p1f1,2033,07,21,0.0,29.157799,11.328255,2033
6777,r2i1p1f1,2033,07,22,0.0,29.827442,11.765696,2033
6778,r2i1p1f1,2033,07,23,0.0,30.462456,13.400698,2033
6779,r2i1p1f1,2033,07,24,0.0,30.504135,14.222766,2033
6780,r2i1p1f1,2033,07,25,0.0,29.255146,12.255557,2033
6781,r2i1p1f1,2033,07,26,0.0,28.88083,11.758351,2033
6782,r2i1p1f1,2033,07,27,0.0,27.814331,11.5183735,2033
6783,r2i1p1f1,2033,07,28,0.0,27.638754,11.1772,2033
6784,r2i1p1f1,2033,07,29,0.0,27.45393,11.161575,2033
6785,r2i1p1f1,2033,07,30,0.0,28.223026,10.39747,2033
6786,r2i1p1f1,2033,07,31,0.0,29.92125,11.902773,2033
6787,r2i1p1f1,2033,08,01,0.0,31.240454,13.736137,2033
6788,r2i1p1f1,2033,08,02,0.0,33.714787,15.462029,2033
6789,r2i1p1f1,2033,08,03,0.0,35.463543,16.850912,2033
6790,r2i1p1f1,2033,08,04,0.0,33.89945,17.45458,2033
6791,r2i1p1f1,2033,08,05,0.0,32.095905,15.57923,2033
6792,r2i1p1f1,2033,08,06,0.0,30.037506,13.131602,2033
6793,r2i1p1f1,2033,08,07,0.0,29.373827,11.306955,2033
6794,r2i1p1f1,2033,08,08,0.0,29.335924,11.088124,2033
6795,r2i1p1f1,2033,08,09,0.0,30.773853,12.870331,2033
6796,r2i1p1f1,2033,08,10,0.0,30.961485,15.118855,2033
6797,r2i1p1f1,2033,08,11,0.0,30.610933,15.2072,2033
6798,r2i1p1f1,2033,08,12,0.0,30.228535,14.524822,2033
6799,r2i1p1f1,2033,08,13,0.0,30.247746,13.134184,2033
6800,r2i1p1f1,2033,08,14,0.0,29.576841,12.499136,2033
6801,r2i1p1f1,2033,08,15,0.0,30.184801,14.722819,2033
6802,r2i1p1f1,2033,08,16,0.0,31.535873,15.206612,2033
6803,r2i1p1f1,2033,08,17,0.0,31.593447,14.616142,2033
6804,r2i1p1f1,2033,08,18,0.0,30.603563,13.098022,2033
6805,r2i1p1f1,2033,08,19,0.0,29.759218,12.549291,2033
6806,r2i1p1f1,2033,08,20,0.0,29.302412,12.823472,2033
6807,r2i1p1f1,2033,08,21,0.0,26.430264,10.923222,2033
6808,r2i1p1f1,2033,08,22,0.0,26.743639,9.994025,2033
6809,r2i1p1f1,2033,08,23,0.0,28.57438,11.785628,2033
6810,r2i1p1f1,2033,08,24,0.0,31.818983,14.0493355,2033
6811,r2i1p1f1,2033,08,25,0.0,34.131096,15.114161,2033
6812,r2i1p1f1,2033,08,26,0.06379650685980429,34.70713,17.32745,2033
6813,r2i1p1f1,2033,08,27,3.523205539078425,30.213648,13.028005,2033
6814,r2i1p1f1,2033,08,28,0.0,31.901869,14.773506,2033
6815,r2i1p1f1,2033,08,29,0.0,32.59442,16.021767,2033
6816,r2i1p1f1,2033,08,30,0.0,31.537231,12.942185,2033
6817,r2i1p1f1,2033,08,31,0.0,26.77042,9.973251,2033
6818,r2i1p1f1,2033,09,01,0.0,24.494286,8.96611,2033
6819,r2i1p1f1,2033,09,02,0.0,22.236387,7.946408,2033
6820,r2i1p1f1,2033,09,03,1.1619136779560135,21.845577,7.792471,2033
6821,r2i1p1f1,2033,09,04,3.873681961984123,26.291742,9.012031,2033
6822,r2i1p1f1,2033,09,05,0.0,31.252153,14.631543,2033
6823,r2i1p1f1,2033,09,06,0.0,33.230118,16.26372,2033
6824,r2i1p1f1,2033,09,07,0.0,33.71337,16.473598,2033
6825,r2i1p1f1,2033,09,08,0.0,33.42817,16.58341,2033
6826,r2i1p1f1,2033,09,09,0.0,31.689672,15.093293,2033
6827,r2i1p1f1,2033,09,10,0.0,28.603468,11.375029,2033
6828,r2i1p1f1,2033,09,11,0.0,26.979855,9.917644,2033
6829,r2i1p1f1,2033,09,12,0.0,23.928087,8.455907,2033
6830,r2i1p1f1,2033,09,13,0.0,21.99138,7.1560025,2033
6831,r2i1p1f1,2033,09,14,0.0,27.917133,10.511209,2033
6832,r2i1p1f1,2033,09,15,0.0,29.883896,12.613603,2033
6833,r2i1p1f1,2033,09,16,0.0,30.649633,14.613519,2033
6834,r2i1p1f1,2033,09,17,0.0,31.419333,14.812885,2033
6835,r2i1p1f1,2033,09,18,0.0,31.117018,14.9836645,2033
6836,r2i1p1f1,2033,09,19,0.013680150256662343,30.538446,14.284324,2033
6837,r2i1p1f1,2033,09,20,0.0,28.588184,10.871035,2033
6838,r2i1p1f1,2033,09,21,0.0,26.27087,9.847715,2033
6839,r2i1p1f1,2033,09,22,0.0,26.981005,9.5742,2033
6840,r2i1p1f1,2033,09,23,0.0,26.217836,10.120918,2033
6841,r2i1p1f1,2033,09,24,0.0,21.614527,7.7583585,2033
6842,r2i1p1f1,2033,09,25,0.0,22.143843,7.5947924,2033
6843,r2i1p1f1,2033,09,26,0.0,23.824854,7.1242433,2033
6844,r2i1p1f1,2033,09,27,0.0,22.013275,8.306342,2033
6845,r2i1p1f1,2033,09,28,0.0,27.389956,10.612771,2033
6846,r2i1p1f1,2033,09,29,0.0,29.734365,12.106133,2033
6847,r2i1p1f1,2033,09,30,0.0,30.667837,13.424539,2033
6848,r2i1p1f1,2033,10,01,0.0,29.702452,12.628684,2033
6849,r2i1p1f1,2033,10,02,0.0,27.395077,10.078357,2033
6850,r2i1p1f1,2033,10,03,0.0,27.77505,10.544235,2033
6851,r2i1p1f1,2033,10,04,0.0,27.10207,9.167829,2033
6852,r2i1p1f1,2033,10,05,0.4035516797627609,19.606182,4.736724,2033
6853,r2i1p1f1,2033,10,06,12.478233976043366,11.481788,6.958215,2033
6854,r2i1p1f1,2033,10,07,71.57804204124169,11.574014,7.0957913,2033
6855,r2i1p1f1,2033,10,08,0.0,12.591172,-0.8547751,2033
6856,r2i1p1f1,2033,10,09,0.0,14.550188,0.4642517,2033
6857,r2i1p1f1,2033,10,10,0.3053796956552245,14.220313,6.406017,2033
6858,r2i1p1f1,2033,10,11,6.161302345676981,15.321782,2.5424602,2033
6859,r2i1p1f1,2033,10,12,0.0,19.574104,2.5803454,2033
6860,r2i1p1f1,2033,10,13,0.0,29.430338,9.827403,2033
6861,r2i1p1f1,2033,10,14,0.0,30.731615,13.888794,2033
6862,r2i1p1f1,2033,10,15,0.0,29.284204,11.8439865,2033
6863,r2i1p1f1,2033,10,16,0.0,25.720522,12.830462,2033
6864,r2i1p1f1,2033,10,17,0.0,23.81661,10.002879,2033
6865,r2i1p1f1,2033,10,18,0.0,24.804083,9.662105,2033
6866,r2i1p1f1,2033,10,19,0.0,23.871738,9.193723,2033
6867,r2i1p1f1,2033,10,20,0.0,24.781754,9.945344,2033
6868,r2i1p1f1,2033,10,21,0.0,24.582203,9.614031,2033
6869,r2i1p1f1,2033,10,22,0.0,21.698736,8.1286545,2033
6870,r2i1p1f1,2033,10,23,0.0,20.83427,7.335623,2033
6871,r2i1p1f1,2033,10,24,0.0,23.260983,7.578031,2033
6872,r2i1p1f1,2033,10,25,0.0,24.069769,8.70104,2033
6873,r2i1p1f1,2033,10,26,0.0,19.699932,7.144419,2033
6874,r2i1p1f1,2033,10,27,0.0,22.416187,6.305828,2033
6875,r2i1p1f1,2033,10,28,0.0,22.69321,4.804473,2033
6876,r2i1p1f1,2033,10,29,0.0,19.93571,6.522544,2033
6877,r2i1p1f1,2033,10,30,0.1586684717949538,14.12032,1.707774,2033
6878,r2i1p1f1,2033,10,31,15.14626300497464,8.000186,0.24061917,2033
6879,r2i1p1f1,2033,11,01,41.52563677769369,8.056104,-3.132553,2033
6880,r2i1p1f1,2033,11,02,0.9144919392733405,6.9148684,1.6109996,2033
6881,r2i1p1f1,2033,11,03,2.4026768724944794,9.277923,3.8907557,2033
6882,r2i1p1f1,2033,11,04,0.2966427796729057,8.861804,4.098457,2033
6883,r2i1p1f1,2033,11,05,0.0,15.2249565,2.914834,2033
6884,r2i1p1f1,2033,11,06,0.15915579131335386,13.2259445,4.241975,2033
6885,r2i1p1f1,2033,11,07,0.0,16.712355,3.7971857,2033
6886,r2i1p1f1,2033,11,08,0.0,17.594482,2.5223029,2033
6887,r2i1p1f1,2033,11,09,0.0,17.760721,3.1064262,2033
6888,r2i1p1f1,2033,11,10,0.0,18.832918,4.2658496,2033
6889,r2i1p1f1,2033,11,11,0.0,20.20836,4.150811,2033
6890,r2i1p1f1,2033,11,12,0.0,20.156061,3.1189897,2033
6891,r2i1p1f1,2033,11,13,0.0,16.848207,3.8592162,2033
6892,r2i1p1f1,2033,11,14,0.0,17.619184,4.7746177,2033
6893,r2i1p1f1,2033,11,15,0.0,20.143759,1.943776,2033
6894,r2i1p1f1,2033,11,16,8.277947875747206,18.321245,4.6892786,2033
6895,r2i1p1f1,2033,11,17,27.843926189458355,10.867419,6.7228537,2033
6896,r2i1p1f1,2033,11,18,10.629699376036465,10.9663925,6.313152,2033
6897,r2i1p1f1,2033,11,19,0.0004242568733248985,10.000347,-1.5200266,2033
6898,r2i1p1f1,2033,11,20,7.225368389537414,11.847911,1.5003153,2033
6899,r2i1p1f1,2033,11,21,0.4387614910508721,8.093786,-0.17132422,2033
6900,r2i1p1f1,2033,11,22,0.0,10.779004,-0.014090709,2033
6901,r2i1p1f1,2033,11,23,0.0,12.715106,-0.037454654,2033
6902,r2i1p1f1,2033,11,24,0.0,13.059678,0.5561757,2033
6903,r2i1p1f1,2033,11,25,0.0,13.204543,0.5983643,2033
6904,r2i1p1f1,2033,11,26,0.0,11.419793,0.22702691,2033
6905,r2i1p1f1,2033,11,27,0.0,14.582229,-0.76975906,2033
6906,r2i1p1f1,2033,11,28,0.0,13.589375,-1.2256416,2033
6907,r2i1p1f1,2033,11,29,0.0,12.008412,-0.7567069,2033
6908,r2i1p1f1,2033,11,30,0.30203264414887177,12.169778,0.1550155,2033
6909,r2i1p1f1,2033,12,01,2.730212758797279,7.411223,3.3698633,2033
6910,r2i1p1f1,2033,12,02,0.0,13.903198,1.5368587,2033
6911,r2i1p1f1,2033,12,03,0.0,13.624992,0.0054621575,2033
6912,r2i1p1f1,2033,12,04,0.0,13.30542,0.7311506,2033
6913,r2i1p1f1,2033,12,05,0.0,11.198654,-0.08442639,2033
6914,r2i1p1f1,2033,12,06,0.0,14.493931,1.427676,2033
6915,r2i1p1f1,2033,12,07,0.0,17.917223,4.016842,2033
6916,r2i1p1f1,2033,12,08,0.0,18.11108,2.7915285,2033
6917,r2i1p1f1,2033,12,09,0.0,13.432092,1.1300793,2033
6918,r2i1p1f1,2033,12,10,0.0,13.726111,-0.9242398,2033
6919,r2i1p1f1,2033,12,11,0.0,15.056894,0.7233437,2033
6920,r2i1p1f1,2033,12,12,0.0,14.424667,0.39583695,2033
6921,r2i1p1f1,2033,12,13,2.187544336014141,4.4057946,-5.8396063,2033
6922,r2i1p1f1,2033,12,14,0.0,0.57925266,-8.51682,2033
6923,r2i1p1f1,2033,12,15,3.0066627457857136,0.010444348,-8.949309,2033
6924,r2i1p1f1,2033,12,16,8.340289438889998,0.5647934,-6.270885,2033
6925,r2i1p1f1,2033,12,17,0.02996218075762814,5.2484274,-1.6657996,2033
6926,r2i1p1f1,2033,12,18,0.0,6.4429717,-4.494706,2033
6927,r2i1p1f1,2033,12,19,0.0,9.986923,-3.048699,2033
6928,r2i1p1f1,2033,12,20,0.46148278808966725,3.720866,-2.6325068,2033
6929,r2i1p1f1,2033,12,21,0.9521231007178917,4.9447722,0.47617126,2033
6930,r2i1p1f1,2033,12,22,26.299803542832915,5.348207,1.4102951,2033
6931,r2i1p1f1,2033,12,23,14.66061803064524,4.193283,-5.8455687,2033
6932,r2i1p1f1,2033,12,24,0.3080881694096696,2.0147886,-5.8351774,2033
6933,r2i1p1f1,2033,12,25,0.0,6.973008,-5.840102,2033
6934,r2i1p1f1,2033,12,26,0.0,2.26261,-5.1384306,2033
6935,r2i1p1f1,2033,12,27,0.0,4.388244,-1.5001595,2033
6936,r2i1p1f1,2033,12,28,7.520558366083535,4.7457213,0.4015944,2033
6937,r2i1p1f1,2033,12,29,55.625382598596985,1.013357,-2.0756507,2033
6938,r2i1p1f1,2033,12,30,22.12768903320046,1.7729623,-4.639355,2033
6939,r2i1p1f1,2033,12,31,0.5122247006336413,3.7537353,-1.3139402,2033
6940,r2i1p1f1,2034,01,01,0.0,6.482585,-4.58004,2034
6941,r2i1p1f1,2034,01,02,0.0,6.9486904,-4.9398856,2034
6942,r2i1p1f1,2034,01,03,0.0,7.4507523,-5.0318136,2034
6943,r2i1p1f1,2034,01,04,0.0,7.8616934,-3.9899144,2034
6944,r2i1p1f1,2034,01,05,0.0,12.081665,-0.7653087,2034
6945,r2i1p1f1,2034,01,06,0.0,12.554727,0.25260115,2034
6946,r2i1p1f1,2034,01,07,0.0,10.284518,-0.6465691,2034
6947,r2i1p1f1,2034,01,08,0.0,16.36145,2.231779,2034
6948,r2i1p1f1,2034,01,09,0.0,17.766226,2.7441158,2034
6949,r2i1p1f1,2034,01,10,0.0,16.600725,2.8500998,2034
6950,r2i1p1f1,2034,01,11,0.0,16.071173,0.67439604,2034
6951,r2i1p1f1,2034,01,12,0.0,12.372591,-0.7130572,2034
6952,r2i1p1f1,2034,01,13,0.0,14.944407,-0.8854374,2034
6953,r2i1p1f1,2034,01,14,0.0,17.181513,1.2399266,2034
6954,r2i1p1f1,2034,01,15,0.0,13.413181,-0.5275441,2034
6955,r2i1p1f1,2034,01,16,0.0,12.882334,0.08979758,2034
6956,r2i1p1f1,2034,01,17,48.68775606737472,4.6686172,-2.2190518,2034
6957,r2i1p1f1,2034,01,18,70.50509451924322,2.7499862,-5.4025455,2034
6958,r2i1p1f1,2034,01,19,17.693844192371426,1.4431155,-12.127121,2034
6959,r2i1p1f1,2034,01,20,80.7129397827129,3.4446137,-6.677517,2034
6960,r2i1p1f1,2034,01,21,23.087337493556195,0.2873986,-9.593757,2034
6961,r2i1p1f1,2034,01,22,82.58836428688552,1.3368582,-4.939191,2034
6962,r2i1p1f1,2034,01,23,9.391719007808556,2.7156105,-9.290225,2034
6963,r2i1p1f1,2034,01,24,18.336909858659894,0.49464476,-8.616577,2034
6964,r2i1p1f1,2034,01,25,71.05884364662835,3.2006474,-7.3188305,2034
6965,r2i1p1f1,2034,01,26,19.33395658830145,0.6106711,-8.414832,2034
6966,r2i1p1f1,2034,01,27,17.07801804458051,2.574997,-4.7047806,2034
6967,r2i1p1f1,2034,01,28,56.811785889574544,4.7665524,-3.5126777,2034
6968,r2i1p1f1,2034,01,29,5.237786766352096,6.053019,-8.212104,2034
6969,r2i1p1f1,2034,01,30,23.0359062525587,2.1025946,-3.2511907,2034
6970,r2i1p1f1,2034,01,31,24.75001372826787,4.699199,0.8509672,2034
6971,r2i1p1f1,2034,02,01,20.72270065490067,5.3736987,-4.8375854,2034
6972,r2i1p1f1,2034,02,02,2.93071817139627,3.7338648,-8.715429,2034
6973,r2i1p1f1,2034,02,03,0.0,0.8225302,-16.36987,2034
6974,r2i1p1f1,2034,02,04,0.0,3.363521,-15.907773,2034
6975,r2i1p1f1,2034,02,05,0.0,10.855955,-7.3368483,2034
6976,r2i1p1f1,2034,02,06,0.0,8.123515,-5.3384104,2034
6977,r2i1p1f1,2034,02,07,0.0,7.9341507,-5.526519,2034
6978,r2i1p1f1,2034,02,08,0.0,12.677842,-3.7607203,2034
6979,r2i1p1f1,2034,02,09,0.0,8.931384,-4.0926175,2034
6980,r2i1p1f1,2034,02,10,0.0,13.818166,-2.0698621,2034
6981,r2i1p1f1,2034,02,11,0.0,12.432483,-2.4386177,2034
6982,r2i1p1f1,2034,02,12,0.0,11.838145,-1.1499493,2034
6983,r2i1p1f1,2034,02,13,0.0,12.183531,-2.9845204,2034
6984,r2i1p1f1,2034,02,14,0.0,13.587453,-0.81569934,2034
6985,r2i1p1f1,2034,02,15,0.0,12.986366,0.55110776,2034
6986,r2i1p1f1,2034,02,16,0.0,8.938789,-3.8113081,2034
6987,r2i1p1f1,2034,02,17,0.9388506779312313,1.4675149,-10.74927,2034
6988,r2i1p1f1,2034,02,18,1.5703471854067175,-2.1272023,-12.454353,2034
6989,r2i1p1f1,2034,02,19,0.0,-0.8382315,-15.363914,2034
6990,r2i1p1f1,2034,02,20,1.3786443649713385,-1.5230802,-10.832609,2034
6991,r2i1p1f1,2034,02,21,6.93636228131184,-0.47727263,-12.546077,2034
6992,r2i1p1f1,2034,02,22,4.361921868541265,1.1673582,-9.829669,2034
6993,r2i1p1f1,2034,02,23,0.0,1.4277372,-11.346433,2034
6994,r2i1p1f1,2034,02,24,38.463567700595235,-0.6911579,-7.269075,2034
6995,r2i1p1f1,2034,02,25,22.841338046978656,0.54934615,-10.452574,2034
6996,r2i1p1f1,2034,02,26,1.0408779373392463,2.1598163,-8.807791,2034
6997,r2i1p1f1,2034,02,27,0.0,2.6150982,-12.079625,2034
6998,r2i1p1f1,2034,02,28,0.0,1.2784011,-11.7973,2034
6999,r2i1p1f1,2034,03,01,0.0,9.729954,-10.832704,2034
7000,r2i1p1f1,2034,03,02,7.855594006496876,1.3867679,-10.694441,2034
7001,r2i1p1f1,2034,03,03,3.0933892079142074,2.341322,-3.6259296,2034
7002,r2i1p1f1,2034,03,04,17.75233948249549,6.78213,-3.43153,2034
7003,r2i1p1f1,2034,03,05,0.814004839430009,9.858725,2.3001118,2034
7004,r2i1p1f1,2034,03,06,0.0,11.742724,3.3316584,2034
7005,r2i1p1f1,2034,03,07,34.543840582661616,6.522085,-0.63219756,2034
7006,r2i1p1f1,2034,03,08,0.0,10.773818,-4.0432653,2034
7007,r2i1p1f1,2034,03,09,0.0,9.583599,-3.1315906,2034
7008,r2i1p1f1,2034,03,10,39.30448724601705,3.1801517,-4.2524505,2034
7009,r2i1p1f1,2034,03,11,27.650780467397105,2.3878293,-7.941932,2034
7010,r2i1p1f1,2034,03,12,3.5274361674405204,1.1050873,-5.6472006,2034
7011,r2i1p1f1,2034,03,13,42.24081432016996,2.116932,-4.192032,2034
7012,r2i1p1f1,2034,03,14,34.0629674489789,3.7977593,-0.5427585,2034
7013,r2i1p1f1,2034,03,15,0.09259104460327833,10.40445,3.5815234,2034
7014,r2i1p1f1,2034,03,16,0.005636097977493102,12.918298,4.881139,2034
7015,r2i1p1f1,2034,03,17,0.7508976350270411,13.860064,0.542946,2034
7016,r2i1p1f1,2034,03,18,0.0,15.566701,0.039740928,2034
7017,r2i1p1f1,2034,03,19,5.0289108385921,9.987502,-1.5987792,2034
7018,r2i1p1f1,2034,03,20,13.626694547789297,9.513162,-1.2364902,2034
7019,r2i1p1f1,2034,03,21,14.168467395826996,3.4039521,-2.0463207,2034
7020,r2i1p1f1,2034,03,22,18.822785683397132,3.4139843,-5.8368745,2034
7021,r2i1p1f1,2034,03,23,0.0,8.228174,-4.784111,2034
7022,r2i1p1f1,2034,03,24,0.0,4.5065002,-2.4102292,2034
7023,r2i1p1f1,2034,03,25,14.148701876827264,5.3161354,-0.14286403,2034
7024,r2i1p1f1,2034,03,26,0.0,16.466795,-2.9197767,2034
7025,r2i1p1f1,2034,03,27,0.0,18.626379,0.43937254,2034
7026,r2i1p1f1,2034,03,28,0.0,17.924337,1.7090384,2034
7027,r2i1p1f1,2034,03,29,0.5479921519369012,14.698336,0.8973273,2034
7028,r2i1p1f1,2034,03,30,2.13609019715827,11.791404,5.2110586,2034
7029,r2i1p1f1,2034,03,31,0.0,22.803555,3.965998,2034
7030,r2i1p1f1,2034,04,01,0.0,21.819832,6.61397,2034
7031,r2i1p1f1,2034,04,02,6.790133154194896,18.99143,1.9209579,2034
7032,r2i1p1f1,2034,04,03,0.32292333685640745,14.524339,-3.029151,2034
7033,r2i1p1f1,2034,04,04,0.0,17.34039,0.67491317,2034
7034,r2i1p1f1,2034,04,05,0.0,18.432823,0.76313615,2034
7035,r2i1p1f1,2034,04,06,0.0,18.15033,2.628609,2034
7036,r2i1p1f1,2034,04,07,0.0,18.574219,3.6207862,2034
7037,r2i1p1f1,2034,04,08,0.0,22.602308,6.831776,2034
7038,r2i1p1f1,2034,04,09,0.0,22.546059,6.1450367,2034
7039,r2i1p1f1,2034,04,10,0.0,24.794603,7.6706653,2034
7040,r2i1p1f1,2034,04,11,0.0,22.689428,6.950283,2034
7041,r2i1p1f1,2034,04,12,0.0,16.464502,0.94329405,2034
7042,r2i1p1f1,2034,04,13,0.389344393554963,8.379893,-5.1851525,2034
7043,r2i1p1f1,2034,04,14,0.0,11.371467,-2.661578,2034
7044,r2i1p1f1,2034,04,15,0.0,17.058748,-2.8454406,2034
7045,r2i1p1f1,2034,04,16,0.0,16.259682,0.7654805,2034
7046,r2i1p1f1,2034,04,17,0.2788581483820543,11.569648,-0.63910097,2034
7047,r2i1p1f1,2034,04,18,0.286508257760523,9.803222,0.7750682,2034
7048,r2i1p1f1,2034,04,19,26.37788265733084,5.853233,-6.521198,2034
7049,r2i1p1f1,2034,04,20,0.0,3.7022243,-2.4913423,2034
7050,r2i1p1f1,2034,04,21,16.100986909329478,3.8974636,-3.119672,2034
7051,r2i1p1f1,2034,04,22,0.0,11.8907995,-4.652091,2034
7052,r2i1p1f1,2034,04,23,0.0,15.962107,-0.007963131,2034
7053,r2i1p1f1,2034,04,24,0.0,16.521124,1.1440688,2034
7054,r2i1p1f1,2034,04,25,0.0,18.55151,1.1703367,2034
7055,r2i1p1f1,2034,04,26,0.0,18.788744,2.5871375,2034
7056,r2i1p1f1,2034,04,27,0.0,17.626339,3.674897,2034
7057,r2i1p1f1,2034,04,28,0.0,20.272038,4.6348276,2034
7058,r2i1p1f1,2034,04,29,0.0,18.997284,3.8754344,2034
7059,r2i1p1f1,2034,04,30,0.0,18.151186,2.8044896,2034
7060,r2i1p1f1,2034,05,01,0.0,18.150272,3.343634,2034
7061,r2i1p1f1,2034,05,02,0.0,17.154568,3.1993523,2034
7062,r2i1p1f1,2034,05,03,0.0,15.773276,2.5686834,2034
7063,r2i1p1f1,2034,05,04,0.0015646920264071713,16.69437,0.24045387,2034
7064,r2i1p1f1,2034,05,05,0.10050073494942179,15.272702,3.0738335,2034
7065,r2i1p1f1,2034,05,06,1.338227083138358,11.493418,-3.693736,2034
7066,r2i1p1f1,2034,05,07,0.0,7.15425,-0.7962938,2034
7067,r2i1p1f1,2034,05,08,0.4198324084147596,6.76885,-1.7366086,2034
7068,r2i1p1f1,2034,05,09,0.0,18.65917,-0.0021514893,2034
7069,r2i1p1f1,2034,05,10,0.0,24.180992,5.3516226,2034
7070,r2i1p1f1,2034,05,11,0.0,23.593662,7.296703,2034
7071,r2i1p1f1,2034,05,12,0.0,22.669159,7.159405,2034
7072,r2i1p1f1,2034,05,13,0.0,22.674507,7.1676,2034
7073,r2i1p1f1,2034,05,14,0.0,24.91391,6.458179,2034
7074,r2i1p1f1,2034,05,15,0.0,26.20693,8.886993,2034
7075,r2i1p1f1,2034,05,16,0.0,27.826334,9.504753,2034
7076,r2i1p1f1,2034,05,17,1.7400937194766952,27.143229,10.249122,2034
7077,r2i1p1f1,2034,05,18,2.7857911288300294,21.161953,4.160557,2034
7078,r2i1p1f1,2034,05,19,0.000945795895509386,20.896458,4.315278,2034
7079,r2i1p1f1,2034,05,20,0.0,24.63,5.686963,2034
7080,r2i1p1f1,2034,05,21,0.0,27.00499,9.466581,2034
7081,r2i1p1f1,2034,05,22,0.0,27.879301,10.830032,2034
7082,r2i1p1f1,2034,05,23,0.29965595328506495,27.393135,8.60752,2034
7083,r2i1p1f1,2034,05,24,3.972238741513278,18.42763,0.23333642,2034
7084,r2i1p1f1,2034,05,25,0.0,22.362642,6.111557,2034
7085,r2i1p1f1,2034,05,26,0.0,24.876156,5.8135576,2034
7086,r2i1p1f1,2034,05,27,0.0,27.970669,10.465504,2034
7087,r2i1p1f1,2034,05,28,0.0,27.4764,10.703396,2034
7088,r2i1p1f1,2034,05,29,5.567257457872843,20.518253,3.1720593,2034
7089,r2i1p1f1,2034,05,30,0.6879591841915009,13.9875555,1.5273529,2034
7090,r2i1p1f1,2034,05,31,0.42355590670083004,20.292784,5.693084,2034
7091,r2i1p1f1,2034,06,01,0.0,23.923529,5.2535787,2034
7092,r2i1p1f1,2034,06,02,0.0,23.207705,6.4811635,2034
7093,r2i1p1f1,2034,06,03,0.0,25.90152,7.437159,2034
7094,r2i1p1f1,2034,06,04,0.0,27.847578,9.0578785,2034
7095,r2i1p1f1,2034,06,05,0.0,25.784882,7.5621557,2034
7096,r2i1p1f1,2034,06,06,0.0,15.244914,1.7358559,2034
7097,r2i1p1f1,2034,06,07,0.0,16.397083,0.19289222,2034
7098,r2i1p1f1,2034,06,08,0.0,21.367147,5.5383983,2034
7099,r2i1p1f1,2034,06,09,0.03448709141524047,22.149677,8.405122,2034
7100,r2i1p1f1,2034,06,10,0.0,24.058285,5.6728196,2034
7101,r2i1p1f1,2034,06,11,0.0,24.304213,6.881057,2034
7102,r2i1p1f1,2034,06,12,0.0,24.041336,6.417682,2034
7103,r2i1p1f1,2034,06,13,0.0,22.98029,5.4774156,2034
7104,r2i1p1f1,2034,06,14,0.0,22.429005,5.870985,2034
7105,r2i1p1f1,2034,06,15,0.0,26.72194,9.012493,2034
7106,r2i1p1f1,2034,06,16,0.0,31.291117,12.464285,2034
7107,r2i1p1f1,2034,06,17,0.0,33.038746,12.582017,2034
7108,r2i1p1f1,2034,06,18,0.0,30.125658,10.632264,2034
7109,r2i1p1f1,2034,06,19,0.0,27.215855,9.541205,2034
7110,r2i1p1f1,2034,06,20,0.0,27.0113,8.550135,2034
7111,r2i1p1f1,2034,06,21,0.0,31.649136,11.164697,2034
7112,r2i1p1f1,2034,06,22,0.0,32.58262,11.680122,2034
7113,r2i1p1f1,2034,06,23,0.0,33.906082,13.516909,2034
7114,r2i1p1f1,2034,06,24,0.0,33.32775,13.962151,2034
7115,r2i1p1f1,2034,06,25,0.0,29.585646,11.965203,2034
7116,r2i1p1f1,2034,06,26,0.0,28.698423,11.262788,2034
7117,r2i1p1f1,2034,06,27,0.0,28.929966,10.522149,2034
7118,r2i1p1f1,2034,06,28,0.0,27.724916,9.795769,2034
7119,r2i1p1f1,2034,06,29,0.0,24.123436,6.2071247,2034
7120,r2i1p1f1,2034,06,30,0.0,18.30127,2.658747,2034
7121,r2i1p1f1,2034,07,01,0.0,19.253073,0.061884172,2034
7122,r2i1p1f1,2034,07,02,0.0,22.01998,3.7338328,2034
7123,r2i1p1f1,2034,07,03,0.0,26.48564,8.035166,2034
7124,r2i1p1f1,2034,07,04,0.0,29.995556,10.665271,2034
7125,r2i1p1f1,2034,07,05,0.0,31.255922,12.574983,2034
7126,r2i1p1f1,2034,07,06,0.0,31.830587,13.077927,2034
7127,r2i1p1f1,2034,07,07,0.0,32.776653,13.923268,2034
7128,r2i1p1f1,2034,07,08,0.0,33.1523,14.390698,2034
7129,r2i1p1f1,2034,07,09,0.0,33.5632,15.099487,2034
7130,r2i1p1f1,2034,07,10,0.0,34.006973,15.400411,2034
7131,r2i1p1f1,2034,07,11,0.0,33.82767,15.156424,2034
7132,r2i1p1f1,2034,07,12,0.0,33.582726,16.027346,2034
7133,r2i1p1f1,2034,07,13,0.0,34.923748,16.71431,2034
7134,r2i1p1f1,2034,07,14,0.0,34.518703,16.28915,2034
7135,r2i1p1f1,2034,07,15,0.0,32.296387,14.3513775,2034
7136,r2i1p1f1,2034,07,16,0.0,34.13871,14.769873,2034
7137,r2i1p1f1,2034,07,17,0.0,34.75373,18.10691,2034
7138,r2i1p1f1,2034,07,18,0.3265753516857855,33.059265,15.615175,2034
7139,r2i1p1f1,2034,07,19,0.0,31.210978,14.382753,2034
7140,r2i1p1f1,2034,07,20,0.0,30.907013,13.454109,2034
7141,r2i1p1f1,2034,07,21,0.0,31.705824,14.560998,2034
7142,r2i1p1f1,2034,07,22,0.0,34.04663,16.418432,2034
7143,r2i1p1f1,2034,07,23,0.0,32.45588,14.3576,2034
7144,r2i1p1f1,2034,07,24,0.0,34.174835,16.029491,2034
7145,r2i1p1f1,2034,07,25,0.0,34.36047,17.475805,2034
7146,r2i1p1f1,2034,07,26,0.0,34.750202,16.862865,2034
7147,r2i1p1f1,2034,07,27,0.0,33.417732,16.307255,2034
7148,r2i1p1f1,2034,07,28,0.0,32.179615,15.779714,2034
7149,r2i1p1f1,2034,07,29,0.0,32.13137,14.261421,2034
7150,r2i1p1f1,2034,07,30,0.0,32.39944,14.282586,2034
7151,r2i1p1f1,2034,07,31,0.0,32.42413,14.342131,2034
7152,r2i1p1f1,2034,08,01,0.0,31.829605,14.074497,2034
7153,r2i1p1f1,2034,08,02,0.0,31.884787,14.825616,2034
7154,r2i1p1f1,2034,08,03,0.0,32.328312,15.062576,2034
7155,r2i1p1f1,2034,08,04,0.0,32.141888,14.745483,2034
7156,r2i1p1f1,2034,08,05,0.0,32.36859,15.0882635,2034
7157,r2i1p1f1,2034,08,06,0.0,31.952114,15.460313,2034
7158,r2i1p1f1,2034,08,07,0.0,33.520557,16.468107,2034
7159,r2i1p1f1,2034,08,08,0.0,34.1138,17.225647,2034
7160,r2i1p1f1,2034,08,09,0.0,35.453583,17.27104,2034
7161,r2i1p1f1,2034,08,10,0.0,36.10056,19.040586,2034
7162,r2i1p1f1,2034,08,11,0.0,35.55177,18.911036,2034
7163,r2i1p1f1,2034,08,12,0.0,32.92483,15.229517,2034
7164,r2i1p1f1,2034,08,13,0.0,31.14083,12.122755,2034
7165,r2i1p1f1,2034,08,14,0.0,29.021778,10.048649,2034
7166,r2i1p1f1,2034,08,15,0.0,30.66685,13.204856,2034
7167,r2i1p1f1,2034,08,16,0.0,32.023438,14.591994,2034
7168,r2i1p1f1,2034,08,17,0.0,32.292942,14.986392,2034
7169,r2i1p1f1,2034,08,18,0.0,31.808168,14.425814,2034
7170,r2i1p1f1,2034,08,19,0.0,29.755938,11.149957,2034
7171,r2i1p1f1,2034,08,20,0.0,27.886148,9.771472,2034
7172,r2i1p1f1,2034,08,21,0.0,29.341465,11.998901,2034
7173,r2i1p1f1,2034,08,22,0.0,29.953442,13.482364,2034
7174,r2i1p1f1,2034,08,23,0.0,29.651016,12.533414,2034
7175,r2i1p1f1,2034,08,24,0.0,28.473907,10.9850445,2034
7176,r2i1p1f1,2034,08,25,0.0,29.323174,12.023553,2034
7177,r2i1p1f1,2034,08,26,0.0,29.219244,11.745482,2034
7178,r2i1p1f1,2034,08,27,0.0,25.765896,7.737589,2034
7179,r2i1p1f1,2034,08,28,0.0,19.537073,5.520851,2034
7180,r2i1p1f1,2034,08,29,0.0,24.522308,5.477669,2034
7181,r2i1p1f1,2034,08,30,0.0,31.74641,10.675403,2034
7182,r2i1p1f1,2034,08,31,0.0,33.185955,13.259102,2034
7183,r2i1p1f1,2034,09,01,0.0,32.72526,16.801857,2034
7184,r2i1p1f1,2034,09,02,0.0,33.058167,16.442104,2034
7185,r2i1p1f1,2034,09,03,0.0,31.879732,14.903723,2034
7186,r2i1p1f1,2034,09,04,0.0,28.686754,11.331297,2034
7187,r2i1p1f1,2034,09,05,0.0,26.985067,9.844799,2034
7188,r2i1p1f1,2034,09,06,0.0,28.77735,12.4226055,2034
7189,r2i1p1f1,2034,09,07,0.0,30.419584,12.202591,2034
7190,r2i1p1f1,2034,09,08,0.0,31.099728,13.587204,2034
7191,r2i1p1f1,2034,09,09,0.0,30.755772,13.266094,2034
7192,r2i1p1f1,2034,09,10,0.0,30.037392,12.413895,2034
7193,r2i1p1f1,2034,09,11,0.0,29.229458,10.728012,2034
7194,r2i1p1f1,2034,09,12,0.0,29.808695,13.867216,2034
7195,r2i1p1f1,2034,09,13,0.0,33.223972,15.141626,2034
7196,r2i1p1f1,2034,09,14,0.0,33.13842,18.109003,2034
7197,r2i1p1f1,2034,09,15,0.255287972462471,28.061405,14.480642,2034
7198,r2i1p1f1,2034,09,16,0.0,25.96019,10.351068,2034
7199,r2i1p1f1,2034,09,17,0.0,25.123487,9.768867,2034
7200,r2i1p1f1,2034,09,18,0.0,26.450487,10.06697,2034
7201,r2i1p1f1,2034,09,19,0.0,25.053558,9.668364,2034
7202,r2i1p1f1,2034,09,20,0.0,23.797266,8.324434,2034
7203,r2i1p1f1,2034,09,21,0.0,22.506386,6.540964,2034
7204,r2i1p1f1,2034,09,22,0.0,27.465977,8.326834,2034
7205,r2i1p1f1,2034,09,23,0.0,27.46205,11.323848,2034
7206,r2i1p1f1,2034,09,24,0.0,28.342787,11.333305,2034
7207,r2i1p1f1,2034,09,25,0.0,30.9856,12.103389,2034
7208,r2i1p1f1,2034,09,26,0.0,32.456913,14.604422,2034
7209,r2i1p1f1,2034,09,27,0.0,32.527252,14.996834,2034
7210,r2i1p1f1,2034,09,28,0.0,30.196495,13.664682,2034
7211,r2i1p1f1,2034,09,29,0.0,28.760319,11.521663,2034
7212,r2i1p1f1,2034,09,30,0.026207027706102684,28.575977,10.78195,2034
7213,r2i1p1f1,2034,10,01,0.0,31.62247,13.704675,2034
7214,r2i1p1f1,2034,10,02,0.0024055477786952485,31.132355,15.874529,2034
7215,r2i1p1f1,2034,10,03,0.0,25.06581,9.520725,2034
7216,r2i1p1f1,2034,10,04,0.5931849386657772,22.774055,5.785373,2034
7217,r2i1p1f1,2034,10,05,0.0,21.009268,3.8294952,2034
7218,r2i1p1f1,2034,10,06,0.0,20.575323,7.6355124,2034
7219,r2i1p1f1,2034,10,07,0.0,22.954956,8.295637,2034
7220,r2i1p1f1,2034,10,08,0.0,24.2119,8.013639,2034
7221,r2i1p1f1,2034,10,09,0.0,21.784906,6.2964377,2034
7222,r2i1p1f1,2034,10,10,0.0,19.324669,5.293384,2034
7223,r2i1p1f1,2034,10,11,0.0,19.263355,5.940723,2034
7224,r2i1p1f1,2034,10,12,0.6596072716022788,19.089874,7.596854,2034
7225,r2i1p1f1,2034,10,13,0.0,18.597017,1.6572595,2034
7226,r2i1p1f1,2034,10,14,0.0,27.38567,8.657564,2034
7227,r2i1p1f1,2034,10,15,0.0,28.179346,9.68898,2034
7228,r2i1p1f1,2034,10,16,0.0,29.574389,11.49982,2034
7229,r2i1p1f1,2034,10,17,0.0,28.908033,11.538625,2034
7230,r2i1p1f1,2034,10,18,0.0,26.80736,11.534885,2034
7231,r2i1p1f1,2034,10,19,0.0,22.772743,7.231577,2034
7232,r2i1p1f1,2034,10,20,0.0,22.659224,8.304868,2034
7233,r2i1p1f1,2034,10,21,0.0,22.241348,8.990359,2034
7234,r2i1p1f1,2034,10,22,0.35172221663209224,14.58574,7.996371,2034
7235,r2i1p1f1,2034,10,23,2.4678854041947207,12.737357,6.8549366,2034
7236,r2i1p1f1,2034,10,24,0.0178819527298821,13.331724,-0.4498336,2034
7237,r2i1p1f1,2034,10,25,10.912246112443077,12.609461,4.784285,2034
7238,r2i1p1f1,2034,10,26,4.485384270712809,13.347009,6.300476,2034
7239,r2i1p1f1,2034,10,27,0.0,12.8998785,0.46027285,2034
7240,r2i1p1f1,2034,10,28,0.0,12.93728,-0.3779563,2034
7241,r2i1p1f1,2034,10,29,0.0,14.909997,-0.3480021,2034
7242,r2i1p1f1,2034,10,30,0.011211813258481786,14.350679,1.4372916,2034
7243,r2i1p1f1,2034,10,31,28.748383478467495,10.559888,2.5437567,2034
7244,r2i1p1f1,2034,11,01,1.5238269557060518,6.9161205,-0.14120895,2034
7245,r2i1p1f1,2034,11,02,0.0,10.422019,-3.0726,2034
7246,r2i1p1f1,2034,11,03,0.0,11.537615,-0.6392995,2034
7247,r2i1p1f1,2034,11,04,0.09411715076951693,10.9331255,1.2397536,2034
7248,r2i1p1f1,2034,11,05,9.204425252755755,8.513621,2.9908826,2034
7249,r2i1p1f1,2034,11,06,0.0,12.703308,3.64188,2034
7250,r2i1p1f1,2034,11,07,0.31069914964169026,12.16182,2.998007,2034
7251,r2i1p1f1,2034,11,08,17.850980892455063,11.405618,3.8771727,2034
7252,r2i1p1f1,2034,11,09,10.44209886232728,9.621754,-0.54237515,2034
7253,r2i1p1f1,2034,11,10,1.1547778446793717,5.5067787,-1.6597537,2034
7254,r2i1p1f1,2034,11,11,4.87791595397329,7.682029,-0.6088774,2034
7255,r2i1p1f1,2034,11,12,27.354596888136047,10.806168,2.184577,2034
7256,r2i1p1f1,2034,11,13,24.1823953759964,10.322024,5.0419946,2034
7257,r2i1p1f1,2034,11,14,9.54681905277539,9.107485,4.167048,2034
7258,r2i1p1f1,2034,11,15,7.736647913127224,10.48778,-1.4584811,2034
7259,r2i1p1f1,2034,11,16,34.3628838886686,1.9597486,-2.750744,2034
7260,r2i1p1f1,2034,11,17,0.0011224820320001948,4.3761067,-3.6358924,2034
7261,r2i1p1f1,2034,11,18,8.079188311575518,3.8380523,-0.34856394,2034
7262,r2i1p1f1,2034,11,19,0.0,8.758247,-1.8109608,2034
7263,r2i1p1f1,2034,11,20,0.0,15.849707,-1.0815456,2034
7264,r2i1p1f1,2034,11,21,0.0,13.487987,1.0581884,2034
7265,r2i1p1f1,2034,11,22,0.11626133543639018,11.420665,-1.9176551,2034
7266,r2i1p1f1,2034,11,23,0.1613319225550815,0.28085336,-7.659229,2034
7267,r2i1p1f1,2034,11,24,2.0815732847530364,0.9642795,-5.463962,2034
7268,r2i1p1f1,2034,11,25,0.13322545223323126,2.9485142,-3.9378345,2034
7269,r2i1p1f1,2034,11,26,1.5353881421875626,3.9188359,-1.0333296,2034
7270,r2i1p1f1,2034,11,27,0.0,3.1001697,-1.3410281,2034
7271,r2i1p1f1,2034,11,28,1.204131259922948,4.2767067,-0.43951416,2034
7272,r2i1p1f1,2034,11,29,4.999025097570736,5.3550572,-0.026702685,2034
7273,r2i1p1f1,2034,11,30,46.964439015853436,7.306178,1.4526525,2034
7274,r2i1p1f1,2034,12,01,13.266805549602186,5.209709,0.05961609,2034
7275,r2i1p1f1,2034,12,02,47.91457619822513,8.805924,2.6464868,2034
7276,r2i1p1f1,2034,12,03,15.690646039617535,11.923027,7.0429,2034
7277,r2i1p1f1,2034,12,04,0.0,12.496121,6.6896067,2034
7278,r2i1p1f1,2034,12,05,0.0,13.354998,2.382945,2034
7279,r2i1p1f1,2034,12,06,0.0,15.330595,1.2370466,2034
7280,r2i1p1f1,2034,12,07,0.0,15.132762,1.534038,2034
7281,r2i1p1f1,2034,12,08,0.0,16.41351,2.976742,2034
7282,r2i1p1f1,2034,12,09,0.0,15.578798,1.960226,2034
7283,r2i1p1f1,2034,12,10,0.0,16.436188,2.998733,2034
7284,r2i1p1f1,2034,12,11,0.0,14.457473,2.8855565,2034
7285,r2i1p1f1,2034,12,12,0.0,14.662947,1.879902,2034
7286,r2i1p1f1,2034,12,13,0.1471311565322909,14.39948,4.198464,2034
7287,r2i1p1f1,2034,12,14,0.0,13.148657,2.9032435,2034
7288,r2i1p1f1,2034,12,15,1.4925177391048168,11.67158,3.3780103,2034
7289,r2i1p1f1,2034,12,16,43.27722534788056,10.516832,5.9415426,2034
7290,r2i1p1f1,2034,12,17,16.816373327926087,9.554362,-1.1590147,2034
7291,r2i1p1f1,2034,12,18,67.16697057619548,7.5518994,-1.4398744,2034
7292,r2i1p1f1,2034,12,19,0.0,3.1741624,-2.9858418,2034
7293,r2i1p1f1,2034,12,20,2.9190817524697477,0.70957595,-5.326873,2034
7294,r2i1p1f1,2034,12,21,12.50527744867633,2.0611205,-3.951397,2034
7295,r2i1p1f1,2034,12,22,1.5946946459595124,1.1642933,-4.2304797,2034
7296,r2i1p1f1,2034,12,23,0.0,2.0776458,-6.1306424,2034
7297,r2i1p1f1,2034,12,24,33.79288890819925,2.5701625,-3.415348,2034
7298,r2i1p1f1,2034,12,25,29.59385263026119,2.3013177,-2.4122539,2034
7299,r2i1p1f1,2034,12,26,0.08050274394078699,2.8680718,-2.227689,2034
7300,r2i1p1f1,2034,12,27,0.0,3.3665166,-4.546233,2034
7301,r2i1p1f1,2034,12,28,21.65269424306014,0.8211086,-4.248496,2034
7302,r2i1p1f1,2034,12,29,2.283579444813838,2.2250073,-2.9455593,2034
7303,r2i1p1f1,2034,12,30,0.0,4.6890078,-2.824079,2034
7304,r2i1p1f1,2034,12,31,0.0,5.399656,-3.8291376,2034
7305,r2i1p1f1,2035,01,01,0.0,7.916417,-0.99000454,2035
7306,r2i1p1f1,2035,01,02,0.0,6.234745,-0.37032357,2035
7307,r2i1p1f1,2035,01,03,0.0,6.955305,1.005532,2035
7308,r2i1p1f1,2035,01,04,0.0,8.872896,1.9135554,2035
7309,r2i1p1f1,2035,01,05,0.0,9.265287,-1.7151612,2035
7310,r2i1p1f1,2035,01,06,0.0,15.066208,1.1467179,2035
7311,r2i1p1f1,2035,01,07,0.0,16.405207,2.3836043,2035
7312,r2i1p1f1,2035,01,08,0.0,15.714033,1.8015631,2035
7313,r2i1p1f1,2035,01,09,6.164980709064157,9.473269,-1.1703131,2035
7314,r2i1p1f1,2035,01,10,36.81278882865557,8.882633,1.5161546,2035
7315,r2i1p1f1,2035,01,11,10.021816880096313,6.6183095,0.60696673,2035
7316,r2i1p1f1,2035,01,12,42.229011496349884,9.457227,3.2115803,2035
7317,r2i1p1f1,2035,01,13,8.569528869870387,6.9411135,1.4985191,2035
7318,r2i1p1f1,2035,01,14,0.1377832659692593,7.7290354,2.8148942,2035
7319,r2i1p1f1,2035,01,15,0.0,15.6102295,-0.055680692,2035
7320,r2i1p1f1,2035,01,16,0.6693390493008058,13.626243,6.176511,2035
7321,r2i1p1f1,2035,01,17,0.0,12.383918,3.5291595,2035
7322,r2i1p1f1,2035,01,18,0.0,8.157416,-3.468769,2035
7323,r2i1p1f1,2035,01,19,0.0,8.632849,-3.802502,2035
7324,r2i1p1f1,2035,01,20,51.30181751357248,4.0084434,-6.2878375,2035
7325,r2i1p1f1,2035,01,21,11.392089096499639,3.651101,-9.056608,2035
7326,r2i1p1f1,2035,01,22,22.99804933852731,-1.305075,-8.828664,2035
7327,r2i1p1f1,2035,01,23,0.03357948389748344,-2.1432729,-15.488073,2035
7328,r2i1p1f1,2035,01,24,7.35833662388009,0.41342515,-11.840271,2035
7329,r2i1p1f1,2035,01,25,15.632176164693261,1.1648482,-5.1255836,2035
7330,r2i1p1f1,2035,01,26,10.201347514535323,-0.42276773,-8.739299,2035
7331,r2i1p1f1,2035,01,27,47.50902268122165,-1.1432515,-5.09234,2035
7332,r2i1p1f1,2035,01,28,1.3811550948678184,-1.0086915,-9.18529,2035
7333,r2i1p1f1,2035,01,29,19.487165048261748,2.342707,-3.6421404,2035
7334,r2i1p1f1,2035,01,30,0.026229605954050876,7.326587,-7.9099765,2035
7335,r2i1p1f1,2035,01,31,0.02921863216705298,6.1980495,-4.942454,2035
7336,r2i1p1f1,2035,02,01,0.0,6.9592113,0.18385823,2035
7337,r2i1p1f1,2035,02,02,0.0,8.365489,-1.8475308,2035
7338,r2i1p1f1,2035,02,03,1.0617593611711458,5.260189,-1.2131013,2035
7339,r2i1p1f1,2035,02,04,0.0,8.326108,-3.912027,2035
7340,r2i1p1f1,2035,02,05,0.0,6.8896008,-0.46230325,2035
7341,r2i1p1f1,2035,02,06,0.1250589042666224,4.4694963,-10.694002,2035
7342,r2i1p1f1,2035,02,07,0.0,-0.5562962,-12.431231,2035
7343,r2i1p1f1,2035,02,08,0.0,-2.2413867,-14.161801,2035
7344,r2i1p1f1,2035,02,09,0.0,1.149087,-13.179271,2035
7345,r2i1p1f1,2035,02,10,2.757823891037193,2.6508555,-9.452044,2035
7346,r2i1p1f1,2035,02,11,39.13681959607997,3.8302095,-7.549858,2035
7347,r2i1p1f1,2035,02,12,1.9357697669035518,7.7614026,-6.0169625,2035
7348,r2i1p1f1,2035,02,13,0.0,6.0521708,-7.8732615,2035
7349,r2i1p1f1,2035,02,14,0.0,12.1184025,-3.8916314,2035
7350,r2i1p1f1,2035,02,15,0.0,6.5269656,-4.100975,2035
7351,r2i1p1f1,2035,02,16,0.0,7.436324,-3.1378858,2035
7352,r2i1p1f1,2035,02,17,0.0,8.892502,-4.566275,2035
7353,r2i1p1f1,2035,02,18,0.0,8.1286335,-5.8221273,2035
7354,r2i1p1f1,2035,02,19,0.0,5.435001,-3.8687694,2035
7355,r2i1p1f1,2035,02,20,13.079242614045283,4.844464,-1.641367,2035
7356,r2i1p1f1,2035,02,21,0.0,4.8738656,-2.5994337,2035
7357,r2i1p1f1,2035,02,22,0.0,3.9463353,-6.7464914,2035
7358,r2i1p1f1,2035,02,23,10.777445258841349,1.2689086,-3.4396105,2035
7359,r2i1p1f1,2035,02,24,20.765665189425746,1.767948,-2.9082465,2035
7360,r2i1p1f1,2035,02,25,15.069626435153904,2.638999,-8.420769,2035
7361,r2i1p1f1,2035,02,26,0.0,5.280825,-6.669751,2035
7362,r2i1p1f1,2035,02,27,0.0,4.7737775,-3.5449421,2035
7363,r2i1p1f1,2035,02,28,26.41362516173663,2.8783562,-2.4218214,2035
7364,r2i1p1f1,2035,03,01,0.0,6.454796,-2.9421356,2035
7365,r2i1p1f1,2035,03,02,0.0,6.170566,-2.6161284,2035
7366,r2i1p1f1,2035,03,03,12.73303442901054,1.0297968,-3.7118347,2035
7367,r2i1p1f1,2035,03,04,0.0,5.5520806,-6.3272967,2035
7368,r2i1p1f1,2035,03,05,0.0,7.7091603,-4.020122,2035
7369,r2i1p1f1,2035,03,06,0.0,8.959566,-4.3823843,2035
7370,r2i1p1f1,2035,03,07,23.84984910604544,8.481317,-2.7520955,2035
7371,r2i1p1f1,2035,03,08,60.404335459371886,5.051783,0.18222828,2035
7372,r2i1p1f1,2035,03,09,20.36672652130409,6.256351,2.3143964,2035
7373,r2i1p1f1,2035,03,10,0.0,9.004689,3.250613,2035
7374,r2i1p1f1,2035,03,11,0.0,16.873621,1.167584,2035
7375,r2i1p1f1,2035,03,12,0.0,19.702055,3.0648232,2035
7376,r2i1p1f1,2035,03,13,0.6550980873236347,13.110966,3.211729,2035
7377,r2i1p1f1,2035,03,14,35.17256539870197,12.409382,0.47525787,2035
7378,r2i1p1f1,2035,03,15,0.0,15.932973,3.1594942,2035
7379,r2i1p1f1,2035,03,16,0.0,16.626202,4.424932,2035
7380,r2i1p1f1,2035,03,17,0.0,16.43812,3.5063226,2035
7381,r2i1p1f1,2035,03,18,0.008702587659242384,19.036037,5.0719247,2035
7382,r2i1p1f1,2035,03,19,0.0,18.412935,3.131919,2035
7383,r2i1p1f1,2035,03,20,14.14635298446788,8.239462,0.73376644,2035
7384,r2i1p1f1,2035,03,21,20.648354226544214,7.93944,-0.59867215,2035
7385,r2i1p1f1,2035,03,22,0.0,17.775358,0.87059695,2035
7386,r2i1p1f1,2035,03,23,32.863076555524735,13.50559,0.09882648,2035
7387,r2i1p1f1,2035,03,24,55.09851043058846,10.026189,-3.3575768,2035
7388,r2i1p1f1,2035,03,25,43.63932944834232,5.782757,-3.7454207,2035
7389,r2i1p1f1,2035,03,26,12.070622937552308,5.374335,0.96826446,2035
7390,r2i1p1f1,2035,03,27,13.221289650895274,6.9755845,-3.1692886,2035
7391,r2i1p1f1,2035,03,28,10.584516372937987,5.629946,1.2076999,2035
7392,r2i1p1f1,2035,03,29,0.0,15.253266,-3.7571044,2035
7393,r2i1p1f1,2035,03,30,0.0,16.10439,-2.4724739,2035
7394,r2i1p1f1,2035,03,31,0.0,16.632853,-0.12927902,2035
7395,r2i1p1f1,2035,04,01,0.0,17.161068,-0.27304596,2035
7396,r2i1p1f1,2035,04,02,0.0,18.488056,0.349832,2035
7397,r2i1p1f1,2035,04,03,0.0,19.152807,3.943318,2035
7398,r2i1p1f1,2035,04,04,0.0,18.219524,3.5795875,2035
7399,r2i1p1f1,2035,04,05,0.07719001217852704,16.800407,4.2116313,2035
7400,r2i1p1f1,2035,04,06,0.0,18.561401,2.2824743,2035
7401,r2i1p1f1,2035,04,07,0.0,18.033955,2.0286036,2035
7402,r2i1p1f1,2035,04,08,0.0,18.520308,3.266162,2035
7403,r2i1p1f1,2035,04,09,0.0,19.652323,3.2264311,2035
7404,r2i1p1f1,2035,04,10,11.420686541364725,17.157875,2.0033202,2035
7405,r2i1p1f1,2035,04,11,1.5069021454669733,17.278355,-0.4845983,2035
7406,r2i1p1f1,2035,04,12,0.0,17.872911,1.4090885,2035
7407,r2i1p1f1,2035,04,13,0.0,20.732134,1.8732651,2035
7408,r2i1p1f1,2035,04,14,0.0,21.188702,3.8661108,2035
7409,r2i1p1f1,2035,04,15,0.0,18.98974,2.8227293,2035
7410,r2i1p1f1,2035,04,16,0.0,18.186575,1.8623087,2035
7411,r2i1p1f1,2035,04,17,0.0,19.348166,3.6810784,2035
7412,r2i1p1f1,2035,04,18,0.0,20.62191,4.9386816,2035
7413,r2i1p1f1,2035,04,19,0.0,22.102968,5.3477573,2035
7414,r2i1p1f1,2035,04,20,0.03419047615562494,18.95414,3.7316253,2035
7415,r2i1p1f1,2035,04,21,9.316436847963745,7.7888246,-2.9371438,2035
7416,r2i1p1f1,2035,04,22,1.2802948526489042,8.48817,-0.60327727,2035
7417,r2i1p1f1,2035,04,23,0.8594057930727453,12.783567,-0.57982594,2035
7418,r2i1p1f1,2035,04,24,0.0,15.285947,0.07543779,2035
7419,r2i1p1f1,2035,04,25,16.890960197018174,11.838552,-0.80756104,2035
7420,r2i1p1f1,2035,04,26,0.0,17.958416,4.393091,2035
7421,r2i1p1f1,2035,04,27,0.0,22.05212,4.2535434,2035
7422,r2i1p1f1,2035,04,28,13.029331530420817,14.329859,-1.3441755,2035
7423,r2i1p1f1,2035,04,29,0.0,18.889233,4.0610094,2035
7424,r2i1p1f1,2035,04,30,0.0,19.360367,6.1862,2035
7425,r2i1p1f1,2035,05,01,2.396921691391841,16.991407,3.7401507,2035
7426,r2i1p1f1,2035,05,02,0.0,23.952515,6.0279675,2035
7427,r2i1p1f1,2035,05,03,0.0,25.778336,9.833831,2035
7428,r2i1p1f1,2035,05,04,3.930095331424337,20.713125,3.049973,2035
7429,r2i1p1f1,2035,05,05,2.478211455805789,14.787766,1.2378457,2035
7430,r2i1p1f1,2035,05,06,0.0,17.03716,4.413688,2035
7431,r2i1p1f1,2035,05,07,0.0,20.214766,4.8424883,2035
7432,r2i1p1f1,2035,05,08,0.0,21.303892,6.7960563,2035
7433,r2i1p1f1,2035,05,09,0.3643473106351918,18.766886,3.548512,2035
7434,r2i1p1f1,2035,05,10,0.13104456414182025,17.871506,2.8244,2035
7435,r2i1p1f1,2035,05,11,0.0,17.106636,2.6021888,2035
7436,r2i1p1f1,2035,05,12,0.0,19.024338,1.1080009,2035
7437,r2i1p1f1,2035,05,13,0.0,24.142939,4.654341,2035
7438,r2i1p1f1,2035,05,14,0.0,25.379623,6.5279813,2035
7439,r2i1p1f1,2035,05,15,1.3324071170455472,23.586449,6.3508987,2035
7440,r2i1p1f1,2035,05,16,4.964420087568355,15.292871,1.1982191,2035
7441,r2i1p1f1,2035,05,17,6.847639855539875,13.313771,-2.1673973,2035
7442,r2i1p1f1,2035,05,18,14.909460884239078,13.70997,2.978797,2035
7443,r2i1p1f1,2035,05,19,0.20931876359519755,24.225765,7.7091403,2035
7444,r2i1p1f1,2035,05,20,0.0,25.4435,7.438506,2035
7445,r2i1p1f1,2035,05,21,0.0037225198096935996,26.133732,9.094085,2035
7446,r2i1p1f1,2035,05,22,0.06986008671586975,25.592854,10.344041,2035
7447,r2i1p1f1,2035,05,23,0.0,21.723549,5.038296,2035
7448,r2i1p1f1,2035,05,24,0.0,21.503376,5.057372,2035
7449,r2i1p1f1,2035,05,25,0.0041749630047259135,19.639505,6.3497677,2035
7450,r2i1p1f1,2035,05,26,0.0,21.617746,5.850464,2035
7451,r2i1p1f1,2035,05,27,0.0,24.273338,8.558731,2035
7452,r2i1p1f1,2035,05,28,0.0,26.845606,8.595903,2035
7453,r2i1p1f1,2035,05,29,0.0,25.120115,7.122654,2035
7454,r2i1p1f1,2035,05,30,0.0006623108255063506,23.369371,7.9843187,2035
7455,r2i1p1f1,2035,05,31,0.0,24.553074,7.8475046,2035
7456,r2i1p1f1,2035,06,01,0.02632398749343478,25.622337,6.387203,2035
7457,r2i1p1f1,2035,06,02,0.0,26.00606,7.9373364,2035
7458,r2i1p1f1,2035,06,03,0.0,26.573227,9.52143,2035
7459,r2i1p1f1,2035,06,04,0.0,24.276402,7.8852406,2035
7460,r2i1p1f1,2035,06,05,0.0,25.840763,7.7708693,2035
7461,r2i1p1f1,2035,06,06,0.0,28.813095,10.689949,2035
7462,r2i1p1f1,2035,06,07,0.0,30.04914,13.7146015,2035
7463,r2i1p1f1,2035,06,08,0.7982739322380019,27.787724,11.288229,2035
7464,r2i1p1f1,2035,06,09,0.18247426797433247,23.805468,10.322334,2035
7465,r2i1p1f1,2035,06,10,0.0,23.76026,5.404407,2035
7466,r2i1p1f1,2035,06,11,0.0,25.029083,7.040715,2035
7467,r2i1p1f1,2035,06,12,0.0,24.238571,8.714037,2035
7468,r2i1p1f1,2035,06,13,2.053224659095157,17.608313,2.5141487,2035
7469,r2i1p1f1,2035,06,14,2.2023568588478017,15.634127,0.030522175,2035
7470,r2i1p1f1,2035,06,15,0.0,21.011309,4.5917077,2035
7471,r2i1p1f1,2035,06,16,0.0,27.786036,9.315249,2035
7472,r2i1p1f1,2035,06,17,0.0,29.560278,13.77386,2035
7473,r2i1p1f1,2035,06,18,0.0,30.647158,12.385277,2035
7474,r2i1p1f1,2035,06,19,0.0,29.720152,11.04054,2035
7475,r2i1p1f1,2035,06,20,0.0,28.625488,11.2563715,2035
7476,r2i1p1f1,2035,06,21,0.0,29.350098,11.608562,2035
7477,r2i1p1f1,2035,06,22,0.0,30.567265,13.373262,2035
7478,r2i1p1f1,2035,06,23,0.0,32.765934,13.741328,2035
7479,r2i1p1f1,2035,06,24,6.262279900791048e-05,33.23297,16.167423,2035
7480,r2i1p1f1,2035,06,25,0.0,32.237797,13.872385,2035
7481,r2i1p1f1,2035,06,26,0.0,32.101574,13.544351,2035
7482,r2i1p1f1,2035,06,27,0.0,31.137514,13.813544,2035
7483,r2i1p1f1,2035,06,28,0.0,30.491205,11.852121,2035
7484,r2i1p1f1,2035,06,29,0.015640547700548686,27.753168,10.683674,2035
7485,r2i1p1f1,2035,06,30,0.0,26.858114,9.649935,2035
7486,r2i1p1f1,2035,07,01,0.0,23.875462,8.037827,2035
7487,r2i1p1f1,2035,07,02,0.0,25.07541,6.281427,2035
7488,r2i1p1f1,2035,07,03,0.0,25.84208,8.1121435,2035
7489,r2i1p1f1,2035,07,04,0.0,24.607374,6.821811,2035
7490,r2i1p1f1,2035,07,05,0.0,22.78382,5.1341066,2035
7491,r2i1p1f1,2035,07,06,0.0,26.391031,7.71355,2035
7492,r2i1p1f1,2035,07,07,0.0,28.628105,10.130792,2035
7493,r2i1p1f1,2035,07,08,0.0,30.13248,11.809096,2035
7494,r2i1p1f1,2035,07,09,0.0,31.606503,13.358841,2035
7495,r2i1p1f1,2035,07,10,0.0,31.371338,13.488696,2035
7496,r2i1p1f1,2035,07,11,0.0,32.349834,14.295041,2035
7497,r2i1p1f1,2035,07,12,0.0,32.36794,14.437134,2035
7498,r2i1p1f1,2035,07,13,0.0,31.71525,14.380979,2035
7499,r2i1p1f1,2035,07,14,0.0,32.942318,14.764995,2035
7500,r2i1p1f1,2035,07,15,0.0,34.881786,15.966883,2035
7501,r2i1p1f1,2035,07,16,0.0,34.705994,16.238323,2035
7502,r2i1p1f1,2035,07,17,0.0,35.458378,17.110662,2035
7503,r2i1p1f1,2035,07,18,0.0,34.643234,16.64538,2035
7504,r2i1p1f1,2035,07,19,0.0,32.881393,14.413543,2035
7505,r2i1p1f1,2035,07,20,0.0,32.166718,13.823518,2035
7506,r2i1p1f1,2035,07,21,0.0,32.14456,14.698943,2035
7507,r2i1p1f1,2035,07,22,0.0,31.888878,14.087002,2035
7508,r2i1p1f1,2035,07,23,0.0,32.457916,14.994927,2035
7509,r2i1p1f1,2035,07,24,0.0,32.804634,14.777341,2035
7510,r2i1p1f1,2035,07,25,0.0,33.15131,14.805232,2035
7511,r2i1p1f1,2035,07,26,0.0,36.356846,17.40356,2035
7512,r2i1p1f1,2035,07,27,0.0,37.93915,19.262129,2035
7513,r2i1p1f1,2035,07,28,0.0,37.7425,18.839293,2035
7514,r2i1p1f1,2035,07,29,0.0,34.34747,16.140966,2035
7515,r2i1p1f1,2035,07,30,0.0,33.544685,15.562647,2035
7516,r2i1p1f1,2035,07,31,0.0,31.647955,13.943544,2035
7517,r2i1p1f1,2035,08,01,0.0,30.665419,11.97438,2035
7518,r2i1p1f1,2035,08,02,0.0,30.314615,11.700669,2035
7519,r2i1p1f1,2035,08,03,0.0,29.988838,11.530383,2035
7520,r2i1p1f1,2035,08,04,0.0,29.409307,11.459687,2035
7521,r2i1p1f1,2035,08,05,0.0,31.227715,12.762478,2035
7522,r2i1p1f1,2035,08,06,0.0,31.20708,12.769185,2035
7523,r2i1p1f1,2035,08,07,0.0,30.703789,12.836783,2035
7524,r2i1p1f1,2035,08,08,0.0,31.189917,13.872659,2035
7525,r2i1p1f1,2035,08,09,0.0,31.523024,14.543748,2035
7526,r2i1p1f1,2035,08,10,0.0,31.77212,15.48178,2035
7527,r2i1p1f1,2035,08,11,0.0,32.402267,14.529431,2035
7528,r2i1p1f1,2035,08,12,0.0,31.965542,13.911506,2035
7529,r2i1p1f1,2035,08,13,0.0,30.765831,13.487058,2035
7530,r2i1p1f1,2035,08,14,0.0,29.65505,10.9781065,2035
7531,r2i1p1f1,2035,08,15,0.0,29.534664,10.689616,2035
7532,r2i1p1f1,2035,08,16,0.0,29.70798,10.766408,2035
7533,r2i1p1f1,2035,08,17,0.0,29.414722,11.62866,2035
7534,r2i1p1f1,2035,08,18,0.0,30.615196,12.553054,2035
7535,r2i1p1f1,2035,08,19,0.0,30.089115,13.727048,2035
7536,r2i1p1f1,2035,08,20,0.0,29.857973,12.574257,2035
7537,r2i1p1f1,2035,08,21,0.0,31.410069,13.026154,2035
7538,r2i1p1f1,2035,08,22,0.0,32.550026,14.657956,2035
7539,r2i1p1f1,2035,08,23,0.0,32.62865,13.960249,2035
7540,r2i1p1f1,2035,08,24,0.0,30.952536,12.078904,2035
7541,r2i1p1f1,2035,08,25,0.0,26.725536,8.6155205,2035
7542,r2i1p1f1,2035,08,26,0.0,24.450407,6.3216443,2035
7543,r2i1p1f1,2035,08,27,0.0,24.286757,8.4172125,2035
7544,r2i1p1f1,2035,08,28,0.0,28.762875,10.413799,2035
7545,r2i1p1f1,2035,08,29,0.0,33.05977,14.047551,2035
7546,r2i1p1f1,2035,08,30,0.0,33.649036,15.539382,2035
7547,r2i1p1f1,2035,08,31,0.0,35.22232,14.906771,2035
7548,r2i1p1f1,2035,09,01,0.0,32.800835,16.776798,2035
7549,r2i1p1f1,2035,09,02,0.0,32.635574,16.20421,2035
7550,r2i1p1f1,2035,09,03,0.0,31.537983,14.822434,2035
7551,r2i1p1f1,2035,09,04,0.0,30.890913,13.410298,2035
7552,r2i1p1f1,2035,09,05,0.0,29.1577,11.814299,2035
7553,r2i1p1f1,2035,09,06,0.0,26.239305,10.529626,2035
7554,r2i1p1f1,2035,09,07,0.0,26.616821,9.649131,2035
7555,r2i1p1f1,2035,09,08,0.0,26.150347,8.842131,2035
7556,r2i1p1f1,2035,09,09,0.0,23.22296,6.7197204,2035
7557,r2i1p1f1,2035,09,10,0.0,21.38236,4.2682595,2035
7558,r2i1p1f1,2035,09,11,0.0,24.031507,7.3170614,2035
7559,r2i1p1f1,2035,09,12,0.0,27.009111,9.789736,2035
7560,r2i1p1f1,2035,09,13,0.0,28.187954,11.379732,2035
7561,r2i1p1f1,2035,09,14,0.0,29.279789,11.698584,2035
7562,r2i1p1f1,2035,09,15,0.0,29.922827,12.365236,2035
7563,r2i1p1f1,2035,09,16,0.0,29.743393,10.7901,2035
7564,r2i1p1f1,2035,09,17,0.0,28.43917,9.99529,2035
7565,r2i1p1f1,2035,09,18,0.0,23.631826,9.097774,2035
7566,r2i1p1f1,2035,09,19,0.0,24.186283,8.6476755,2035
7567,r2i1p1f1,2035,09,20,0.0,25.355045,8.487185,2035
7568,r2i1p1f1,2035,09,21,0.0,26.867231,9.927826,2035
7569,r2i1p1f1,2035,09,22,0.0,25.670244,10.310927,2035
7570,r2i1p1f1,2035,09,23,0.0,27.740084,10.051795,2035
7571,r2i1p1f1,2035,09,24,0.0,29.908915,11.323919,2035
7572,r2i1p1f1,2035,09,25,0.0,31.533234,14.062065,2035
7573,r2i1p1f1,2035,09,26,0.0,31.697252,14.839763,2035
7574,r2i1p1f1,2035,09,27,0.0,30.100151,13.075358,2035
7575,r2i1p1f1,2035,09,28,0.0,24.69002,7.512462,2035
7576,r2i1p1f1,2035,09,29,0.0,23.104753,4.850773,2035
7577,r2i1p1f1,2035,09,30,0.0,17.747274,3.9012706,2035
7578,r2i1p1f1,2035,10,01,0.0,21.494776,4.3652864,2035
7579,r2i1p1f1,2035,10,02,0.0,22.952765,4.4796896,2035
7580,r2i1p1f1,2035,10,03,0.0,16.259266,1.6638815,2035
7581,r2i1p1f1,2035,10,04,0.0,13.689531,1.6101463,2035
7582,r2i1p1f1,2035,10,05,10.993925316814476,9.986529,0.79603225,2035
7583,r2i1p1f1,2035,10,06,0.7436350431817118,15.460903,-0.27838576,2035
7584,r2i1p1f1,2035,10,07,0.0,18.665506,1.4539669,2035
7585,r2i1p1f1,2035,10,08,0.0,20.626223,3.841117,2035
7586,r2i1p1f1,2035,10,09,0.0,22.251368,4.975229,2035
7587,r2i1p1f1,2035,10,10,0.0,26.14939,8.999099,2035
7588,r2i1p1f1,2035,10,11,0.0,26.31676,8.557688,2035
7589,r2i1p1f1,2035,10,12,0.0,24.128702,7.616295,2035
7590,r2i1p1f1,2035,10,13,0.030498829101606343,21.184477,9.181117,2035
7591,r2i1p1f1,2035,10,14,11.389306443295656,20.01973,7.1782804,2035
7592,r2i1p1f1,2035,10,15,12.334422660905357,16.563728,4.9239717,2035
7593,r2i1p1f1,2035,10,16,23.70414155683158,16.56527,6.7138076,2035
7594,r2i1p1f1,2035,10,17,0.03474960551382257,24.296385,10.326643,2035
7595,r2i1p1f1,2035,10,18,0.00800615744432994,26.088526,9.520689,2035
7596,r2i1p1f1,2035,10,19,0.0,23.77236,9.328196,2035
7597,r2i1p1f1,2035,10,20,0.0,21.42469,7.647228,2035
7598,r2i1p1f1,2035,10,21,0.0,22.665022,6.3111444,2035
7599,r2i1p1f1,2035,10,22,0.0,24.67626,8.0377655,2035
7600,r2i1p1f1,2035,10,23,0.0,24.452091,10.356041,2035
7601,r2i1p1f1,2035,10,24,0.0,24.913294,9.491804,2035
7602,r2i1p1f1,2035,10,25,0.0,21.729733,8.3253765,2035
7603,r2i1p1f1,2035,10,26,0.0,23.262125,6.700834,2035
7604,r2i1p1f1,2035,10,27,0.0,25.775894,9.337968,2035
7605,r2i1p1f1,2035,10,28,0.0,26.605404,10.718726,2035
7606,r2i1p1f1,2035,10,29,0.0,25.668463,9.775586,2035
7607,r2i1p1f1,2035,10,30,0.0,25.60521,9.476708,2035
7608,r2i1p1f1,2035,10,31,0.0,25.757101,9.08561,2035
7609,r2i1p1f1,2035,11,01,0.0,25.86387,8.102421,2035
7610,r2i1p1f1,2035,11,02,0.0,23.727362,8.162187,2035
7611,r2i1p1f1,2035,11,03,0.0,21.541027,7.876406,2035
7612,r2i1p1f1,2035,11,04,0.0,16.663578,1.2449423,2035
7613,r2i1p1f1,2035,11,05,0.0,12.668643,-1.0546209,2035
7614,r2i1p1f1,2035,11,06,0.0,9.2307005,-4.4012794,2035
7615,r2i1p1f1,2035,11,07,0.0,11.633438,-5.1677337,2035
7616,r2i1p1f1,2035,11,08,8.082513331716585,9.027026,-2.6219182,2035
7617,r2i1p1f1,2035,11,09,47.15293486101123,5.0308313,0.030675154,2035
7618,r2i1p1f1,2035,11,10,11.916026435308314,5.630889,0.5562447,2035
7619,r2i1p1f1,2035,11,11,66.19769486938961,7.5104356,-1.2270961,2035
7620,r2i1p1f1,2035,11,12,14.017639578965968,4.4292765,-6.5072083,2035
7621,r2i1p1f1,2035,11,13,77.79758443984275,9.256673,-2.4312441,2035
7622,r2i1p1f1,2035,11,14,92.87356308016639,12.889254,1.985314,2035
7623,r2i1p1f1,2035,11,15,0.017318897880613804,9.282574,-0.5276109,2035
7624,r2i1p1f1,2035,11,16,0.0,11.43918,-0.5134221,2035
7625,r2i1p1f1,2035,11,17,5.402571919834232,10.8352,0.83392704,2035
7626,r2i1p1f1,2035,11,18,1.0721241259104248,11.233323,4.6561813,2035
7627,r2i1p1f1,2035,11,19,0.0425646915503491,12.147888,5.5179014,2035
7628,r2i1p1f1,2035,11,20,0.0,14.630244,1.7282374,2035
7629,r2i1p1f1,2035,11,21,0.0,13.6128435,2.3925226,2035
7630,r2i1p1f1,2035,11,22,0.0006826991816174436,12.621264,1.4125286,2035
7631,r2i1p1f1,2035,11,23,0.0,12.277658,0.19591317,2035
7632,r2i1p1f1,2035,11,24,0.0,11.158264,-1.9016293,2035
7633,r2i1p1f1,2035,11,25,0.0,6.840354,-4.8170214,2035
7634,r2i1p1f1,2035,11,26,0.0,8.458871,-5.132888,2035
7635,r2i1p1f1,2035,11,27,0.0,4.367925,-8.657151,2035
7636,r2i1p1f1,2035,11,28,0.10217861389929357,1.376681,-10.15976,2035
7637,r2i1p1f1,2035,11,29,0.523468364699161,2.476738,-8.105667,2035
7638,r2i1p1f1,2035,11,30,0.2088393636593257,2.9700897,-9.754671,2035
7639,r2i1p1f1,2035,12,01,13.022852076727968,-2.131286,-11.488443,2035
7640,r2i1p1f1,2035,12,02,15.558392312872316,3.9413915,-8.125371,2035
7641,r2i1p1f1,2035,12,03,97.04231676699307,3.6528814,-2.7751946,2035
7642,r2i1p1f1,2035,12,04,115.17868576248965,7.559633,-3.8234448,2035
7643,r2i1p1f1,2035,12,05,18.82019839357991,8.641194,3.6049843,2035
7644,r2i1p1f1,2035,12,06,109.66310239791011,7.9084506,3.6613328,2035
7645,r2i1p1f1,2035,12,07,64.32225342410115,9.407101,3.804724,2035
7646,r2i1p1f1,2035,12,08,107.63025824876073,8.671556,3.462972,2035
7647,r2i1p1f1,2035,12,09,26.106077696357925,11.702848,-1.6073442,2035
7648,r2i1p1f1,2035,12,10,30.193625123669896,9.02294,3.7457824,2035
7649,r2i1p1f1,2035,12,11,58.175542345270514,12.0911455,3.763554,2035
7650,r2i1p1f1,2035,12,12,183.39734631053244,13.115062,7.27699,2035
7651,r2i1p1f1,2035,12,13,78.24146248436031,14.367089,8.036514,2035
7652,r2i1p1f1,2035,12,14,120.31459376896517,14.364075,8.665528,2035
7653,r2i1p1f1,2035,12,15,2.2911660379787255,13.099448,7.9502907,2035
7654,r2i1p1f1,2035,12,16,47.19873310039895,14.438007,2.0237212,2035
7655,r2i1p1f1,2035,12,17,68.85061512092271,10.235445,-2.382686,2035
7656,r2i1p1f1,2035,12,18,22.037484599143053,0.12966186,-4.3295326,2035
7657,r2i1p1f1,2035,12,19,0.32157277988307426,2.49272,-9.381687,2035
7658,r2i1p1f1,2035,12,20,0.0,1.6656512,-8.257863,2035
7659,r2i1p1f1,2035,12,21,0.29801407442671635,0.46347496,-5.5798435,2035
7660,r2i1p1f1,2035,12,22,86.02990922070323,1.6194614,-7.043418,2035
7661,r2i1p1f1,2035,12,23,98.66498894631289,2.4372993,-1.8663236,2035
7662,r2i1p1f1,2035,12,24,31.00389316543722,2.1197114,-4.2585077,2035
7663,r2i1p1f1,2035,12,25,2.823102297504822,-0.032977078,-5.877682,2035
7664,r2i1p1f1,2035,12,26,0.0,6.175592,-7.6794443,2035
7665,r2i1p1f1,2035,12,27,0.0,8.848913,-6.212268,2035
7666,r2i1p1f1,2035,12,28,0.019769215235170962,0.98290634,-7.669325,2035
7667,r2i1p1f1,2035,12,29,8.139670995520786,-0.3617096,-4.9419923,2035
7668,r2i1p1f1,2035,12,30,0.0,6.6150208,-8.208842,2035
7669,r2i1p1f1,2035,12,31,0.0,5.5730333,-6.027296,2035
7670,r2i1p1f1,2036,01,01,0.0,5.904436,-6.1900373,2036
7671,r2i1p1f1,2036,01,02,0.0,5.1058483,-0.07284409,2036
7672,r2i1p1f1,2036,01,03,0.0,4.5297832,-5.877976,2036
7673,r2i1p1f1,2036,01,04,0.0,5.8936706,-5.3359427,2036
7674,r2i1p1f1,2036,01,05,0.0,8.837717,-2.612511,2036
7675,r2i1p1f1,2036,01,06,0.0,8.550386,-2.8764343,2036
7676,r2i1p1f1,2036,01,07,0.0,6.395961,-2.7111273,2036
7677,r2i1p1f1,2036,01,08,0.0,10.163574,-1.089681,2036
7678,r2i1p1f1,2036,01,09,0.0,12.582139,-1.336728,2036
7679,r2i1p1f1,2036,01,10,0.0,11.477611,-1.3608688,2036
7680,r2i1p1f1,2036,01,11,0.0,8.631091,-0.049781017,2036
7681,r2i1p1f1,2036,01,12,0.0,11.229783,-1.1121613,2036
7682,r2i1p1f1,2036,01,13,0.0,11.62998,-0.24761005,2036
7683,r2i1p1f1,2036,01,14,18.667192010840292,3.43351,-4.948932,2036
7684,r2i1p1f1,2036,01,15,0.0,4.6654043,-6.289144,2036
7685,r2i1p1f1,2036,01,16,0.0,5.9986987,-4.066583,2036
7686,r2i1p1f1,2036,01,17,0.0,8.556507,-1.9340094,2036
7687,r2i1p1f1,2036,01,18,0.0,13.644065,1.0988243,2036
7688,r2i1p1f1,2036,01,19,0.0,16.18283,2.151932,2036
7689,r2i1p1f1,2036,01,20,0.0,18.666113,3.1769683,2036
7690,r2i1p1f1,2036,01,21,0.0,16.942049,2.6505244,2036
7691,r2i1p1f1,2036,01,22,3.7151243957011433,11.417751,5.4136806,2036
7692,r2i1p1f1,2036,01,23,87.40720026589071,8.433825,3.3619983,2036
7693,r2i1p1f1,2036,01,24,41.98652967058409,9.517114,0.10923366,2036
7694,r2i1p1f1,2036,01,25,8.651422677439768,4.4631705,-3.671081,2036
7695,r2i1p1f1,2036,01,26,0.645247666814332,1.0597458,-3.2585332,2036
7696,r2i1p1f1,2036,01,27,0.0,4.263197,-6.096504,2036
7697,r2i1p1f1,2036,01,28,0.0,5.3661385,-5.447805,2036
7698,r2i1p1f1,2036,01,29,0.0,5.83926,-4.361848,2036
7699,r2i1p1f1,2036,01,30,0.0,4.8782296,-0.37404105,2036
7700,r2i1p1f1,2036,01,31,0.0,7.1664915,-5.393338,2036
7701,r2i1p1f1,2036,02,01,0.0,8.242051,-5.718159,2036
7702,r2i1p1f1,2036,02,02,0.0,12.15607,-3.7153008,2036
7703,r2i1p1f1,2036,02,03,0.0,16.602047,1.3530767,2036
7704,r2i1p1f1,2036,02,04,0.0,17.726313,2.2351923,2036
7705,r2i1p1f1,2036,02,05,0.0,18.896496,2.422264,2036
7706,r2i1p1f1,2036,02,06,0.0,19.397053,1.380058,2036
7707,r2i1p1f1,2036,02,07,0.0,15.508518,1.164068,2036
7708,r2i1p1f1,2036,02,08,0.0,13.567512,-0.69327426,2036
7709,r2i1p1f1,2036,02,09,0.6420790704466456,11.108094,-3.0174053,2036
7710,r2i1p1f1,2036,02,10,0.40464700359734707,1.6215352,-5.1496677,2036
7711,r2i1p1f1,2036,02,11,0.9409524518000231,4.4089584,-8.764006,2036
7712,r2i1p1f1,2036,02,12,9.952952080661467,2.6892774,-7.177524,2036
7713,r2i1p1f1,2036,02,13,0.377198960827977,5.666826,-6.782711,2036
7714,r2i1p1f1,2036,02,14,0.0,4.9911356,-7.531868,2036
7715,r2i1p1f1,2036,02,15,0.974105982011399,7.940653,-4.572582,2036
7716,r2i1p1f1,2036,02,16,2.9586778347178413,7.591874,0.5733769,2036
7717,r2i1p1f1,2036,02,17,0.0,11.374241,-3.0785503,2036
7718,r2i1p1f1,2036,02,18,0.0995607368412703,6.6308203,1.2906215,2036
7719,r2i1p1f1,2036,02,19,0.0,6.692982,-0.3336121,2036
7720,r2i1p1f1,2036,02,20,0.0,13.18155,-2.921109,2036
7721,r2i1p1f1,2036,02,21,0.0,9.8817215,0.94530016,2036
7722,r2i1p1f1,2036,02,22,0.0,10.147986,0.252611,2036
7723,r2i1p1f1,2036,02,23,0.0,14.5067425,0.83940303,2036
7724,r2i1p1f1,2036,02,24,0.0,15.27032,4.242082,2036
7725,r2i1p1f1,2036,02,25,4.428547827858263,11.139282,0.92020077,2036
7726,r2i1p1f1,2036,02,26,0.6402747260066323,12.703456,1.7575418,2036
7727,r2i1p1f1,2036,02,27,0.0,16.584093,0.7036804,2036
7728,r2i1p1f1,2036,02,28,0.0,12.873701,4.2469144,2036
7729,r2i1p1f1,2036,02,29,18.91187281631014,13.964101,1.681474,2036
7730,r2i1p1f1,2036,03,01,55.88568971411755,9.434889,0.034518804,2036
7731,r2i1p1f1,2036,03,02,22.696110845292704,7.220165,-1.112322,2036
7732,r2i1p1f1,2036,03,03,5.570017075576918,10.971329,3.2528594,2036
7733,r2i1p1f1,2036,03,04,11.8231904721492,9.757317,2.9292102,2036
7734,r2i1p1f1,2036,03,05,20.292829235012714,10.574153,-1.7903537,2036
7735,r2i1p1f1,2036,03,06,3.5830663805707164,3.5878155,-2.7480443,2036
7736,r2i1p1f1,2036,03,07,9.587608205373936,1.4534221,-3.3403394,2036
7737,r2i1p1f1,2036,03,08,1.6533587327033343,5.618202,-2.890472,2036
7738,r2i1p1f1,2036,03,09,0.0,11.306285,-2.7453716,2036
7739,r2i1p1f1,2036,03,10,16.247690636653434,6.8461037,0.28541586,2036
7740,r2i1p1f1,2036,03,11,7.798181613431482,7.904066,-1.0178223,2036
7741,r2i1p1f1,2036,03,12,0.0,12.858191,0.29934508,2036
7742,r2i1p1f1,2036,03,13,0.0,12.107009,3.42698,2036
7743,r2i1p1f1,2036,03,14,5.818946113294469,10.714213,-2.2932312,2036
7744,r2i1p1f1,2036,03,15,0.0,8.138554,-2.931519,2036
7745,r2i1p1f1,2036,03,16,11.418617963220012,2.6960206,-4.0859146,2036
7746,r2i1p1f1,2036,03,17,15.678362682900534,6.0603967,-8.380908,2036
7747,r2i1p1f1,2036,03,18,21.927658018942637,1.9832056,-6.6230116,2036
7748,r2i1p1f1,2036,03,19,0.10704720659235206,12.127518,-5.7609916,2036
7749,r2i1p1f1,2036,03,20,0.0,15.694456,2.004031,2036
7750,r2i1p1f1,2036,03,21,0.0,16.593855,0.03682288,2036
7751,r2i1p1f1,2036,03,22,3.714668843293531e-05,17.783693,-0.18024562,2036
7752,r2i1p1f1,2036,03,23,0.0,16.503149,1.3719046,2036
7753,r2i1p1f1,2036,03,24,6.362096500421243,11.410893,0.19464679,2036
7754,r2i1p1f1,2036,03,25,11.860885442673371,11.307387,1.900366,2036
7755,r2i1p1f1,2036,03,26,0.0,15.713224,-2.7380993,2036
7756,r2i1p1f1,2036,03,27,3.929860865187388,10.776608,-7.214734,2036
7757,r2i1p1f1,2036,03,28,0.13003757418258688,3.0401585,-11.75608,2036
7758,r2i1p1f1,2036,03,29,0.0,2.9698172,-12.110039,2036
7759,r2i1p1f1,2036,03,30,0.0,10.29803,-6.7676816,2036
7760,r2i1p1f1,2036,03,31,0.0,16.206821,-0.5673978,2036
7761,r2i1p1f1,2036,04,01,0.0,19.026127,1.7593583,2036
7762,r2i1p1f1,2036,04,02,0.0,22.040453,4.038558,2036
7763,r2i1p1f1,2036,04,03,0.0,19.926392,4.861685,2036
7764,r2i1p1f1,2036,04,04,0.0,20.811546,6.218301,2036
7765,r2i1p1f1,2036,04,05,0.0,23.725512,7.7734876,2036
7766,r2i1p1f1,2036,04,06,0.0,24.38467,5.8331666,2036
7767,r2i1p1f1,2036,04,07,8.880857190526443,15.94884,-0.29742715,2036
7768,r2i1p1f1,2036,04,08,45.61475526783257,7.4856067,0.21923965,2036
7769,r2i1p1f1,2036,04,09,1.3798768325964024,10.30262,-2.116062,2036
7770,r2i1p1f1,2036,04,10,0.416067997604121,10.935188,-1.0286844,2036
7771,r2i1p1f1,2036,04,11,22.94042458435377,3.7949896,-2.2561584,2036
7772,r2i1p1f1,2036,04,12,26.824961966261842,1.8958842,-3.3419957,2036
7773,r2i1p1f1,2036,04,13,39.79702532675359,3.0961616,-2.805921,2036
7774,r2i1p1f1,2036,04,14,0.061106345016854066,5.1599574,-1.6702222,2036
7775,r2i1p1f1,2036,04,15,0.0,13.462906,0.57006836,2036
7776,r2i1p1f1,2036,04,16,0.0,15.1965475,-1.1732576,2036
7777,r2i1p1f1,2036,04,17,0.0,14.662685,5.047552,2036
7778,r2i1p1f1,2036,04,18,0.0,15.791951,2.9208965,2036
7779,r2i1p1f1,2036,04,19,0.0,20.2071,2.9364507,2036
7780,r2i1p1f1,2036,04,20,0.0,22.309465,6.323166,2036
7781,r2i1p1f1,2036,04,21,0.0,25.496832,7.078488,2036
7782,r2i1p1f1,2036,04,22,0.0,27.322115,8.713574,2036
7783,r2i1p1f1,2036,04,23,0.0,26.855864,8.886885,2036
7784,r2i1p1f1,2036,04,24,0.0,26.253103,10.1252,2036
7785,r2i1p1f1,2036,04,25,0.0,27.894882,9.389747,2036
7786,r2i1p1f1,2036,04,26,0.0,28.44086,9.328128,2036
7787,r2i1p1f1,2036,04,27,0.0,25.967943,10.407953,2036
7788,r2i1p1f1,2036,04,28,0.0,22.92442,6.4694934,2036
7789,r2i1p1f1,2036,04,29,0.0,23.072994,6.9372463,2036
7790,r2i1p1f1,2036,04,30,0.0,23.169662,7.0790963,2036
7791,r2i1p1f1,2036,05,01,0.0,25.420912,8.4721575,2036
7792,r2i1p1f1,2036,05,02,0.0,23.66563,8.115801,2036
7793,r2i1p1f1,2036,05,03,10.074557975559191,14.832657,0.84883255,2036
7794,r2i1p1f1,2036,05,04,3.2418365248269345,9.129626,3.342651,2036
7795,r2i1p1f1,2036,05,05,0.8348493204581385,14.997089,0.57880414,2036
7796,r2i1p1f1,2036,05,06,0.0,19.333858,3.963191,2036
7797,r2i1p1f1,2036,05,07,0.0,16.46695,4.424486,2036
7798,r2i1p1f1,2036,05,08,1.1689218582222776,13.652642,2.911676,2036
7799,r2i1p1f1,2036,05,09,0.0,17.898647,3.9263933,2036
7800,r2i1p1f1,2036,05,10,1.7548800476036446,17.331612,2.3629487,2036
7801,r2i1p1f1,2036,05,11,2.1795426155572035,9.200984,3.1025686,2036
7802,r2i1p1f1,2036,05,12,0.0,14.115197,-1.4174722,2036
7803,r2i1p1f1,2036,05,13,0.0,19.873829,2.1694245,2036
7804,r2i1p1f1,2036,05,14,0.0,23.592585,6.9857883,2036
7805,r2i1p1f1,2036,05,15,0.0,24.293077,7.758271,2036
7806,r2i1p1f1,2036,05,16,0.04226715715888601,21.494284,6.9940906,2036
7807,r2i1p1f1,2036,05,17,1.4453570683914363,13.182251,-0.54192173,2036
7808,r2i1p1f1,2036,05,18,20.566707165562548,8.061635,-1.8567587,2036
7809,r2i1p1f1,2036,05,19,17.558735254211708,5.0794687,-3.8359637,2036
7810,r2i1p1f1,2036,05,20,0.0664642158811218,13.799338,-2.0331557,2036
7811,r2i1p1f1,2036,05,21,1.69552100607269,12.404978,0.5868489,2036
7812,r2i1p1f1,2036,05,22,0.0,16.517233,6.8892784,2036
7813,r2i1p1f1,2036,05,23,0.0,16.668154,4.3690276,2036
7814,r2i1p1f1,2036,05,24,7.195087659231201,15.386941,1.5377976,2036
7815,r2i1p1f1,2036,05,25,0.12649726030618835,21.411545,6.769985,2036
7816,r2i1p1f1,2036,05,26,1.1138815753313862,17.500942,2.6682634,2036
7817,r2i1p1f1,2036,05,27,0.0,18.407751,4.064195,2036
7818,r2i1p1f1,2036,05,28,0.4355799956381536,13.947441,-2.298728,2036
7819,r2i1p1f1,2036,05,29,0.7873166621161195,16.434511,-0.35380888,2036
7820,r2i1p1f1,2036,05,30,0.0,19.581749,2.3370175,2036
7821,r2i1p1f1,2036,05,31,0.0,23.726753,6.606058,2036
7822,r2i1p1f1,2036,06,01,0.0,26.304981,8.487403,2036
7823,r2i1p1f1,2036,06,02,0.1845015816797968,26.822613,9.91812,2036
7824,r2i1p1f1,2036,06,03,7.3527264803348,22.188477,7.595804,2036
7825,r2i1p1f1,2036,06,04,0.46270177005611074,22.490341,4.9754868,2036
7826,r2i1p1f1,2036,06,05,0.34444765505423464,20.578419,7.30157,2036
7827,r2i1p1f1,2036,06,06,0.30226815288187936,22.397665,5.3237724,2036
7828,r2i1p1f1,2036,06,07,0.0,24.95968,6.4466605,2036
7829,r2i1p1f1,2036,06,08,6.997892303923856,26.505358,7.6913266,2036
7830,r2i1p1f1,2036,06,09,0.002524699756087592,24.14469,8.722937,2036
7831,r2i1p1f1,2036,06,10,0.0,23.227924,9.5463295,2036
7832,r2i1p1f1,2036,06,11,0.3734273596609665,19.179169,1.854534,2036
7833,r2i1p1f1,2036,06,12,0.006202372228122281,15.187034,0.9709497,2036
7834,r2i1p1f1,2036,06,13,3.988904030932015,13.957286,4.005124,2036
7835,r2i1p1f1,2036,06,14,0.8153004235982035,19.082413,6.6025968,2036
7836,r2i1p1f1,2036,06,15,0.0,20.60701,6.536107,2036
7837,r2i1p1f1,2036,06,16,0.0,22.81423,4.7687173,2036
7838,r2i1p1f1,2036,06,17,0.0,21.783869,4.98241,2036
7839,r2i1p1f1,2036,06,18,0.0,24.07613,6.5777073,2036
7840,r2i1p1f1,2036,06,19,0.0,28.123472,11.957391,2036
7841,r2i1p1f1,2036,06,20,0.0,31.223843,12.598553,2036
7842,r2i1p1f1,2036,06,21,0.0,33.14686,14.188711,2036
7843,r2i1p1f1,2036,06,22,0.0,33.366016,14.342122,2036
7844,r2i1p1f1,2036,06,23,0.0,32.988487,15.983098,2036
7845,r2i1p1f1,2036,06,24,0.0,33.745167,14.764747,2036
7846,r2i1p1f1,2036,06,25,0.0,32.436306,14.158178,2036
7847,r2i1p1f1,2036,06,26,0.0,32.596752,14.317952,2036
7848,r2i1p1f1,2036,06,27,0.0,32.91132,14.316098,2036
7849,r2i1p1f1,2036,06,28,0.0,32.68489,14.438374,2036
7850,r2i1p1f1,2036,06,29,0.0,30.048052,13.666188,2036
7851,r2i1p1f1,2036,06,30,0.0,29.865082,13.314082,2036
7852,r2i1p1f1,2036,07,01,0.0,31.081675,14.414841,2036
7853,r2i1p1f1,2036,07,02,0.0,31.477667,15.313592,2036
7854,r2i1p1f1,2036,07,03,0.0,30.90399,13.7675905,2036
7855,r2i1p1f1,2036,07,04,0.0,28.969896,11.362114,2036
7856,r2i1p1f1,2036,07,05,0.0,29.354858,12.20536,2036
7857,r2i1p1f1,2036,07,06,0.0,32.258167,13.938921,2036
7858,r2i1p1f1,2036,07,07,0.0,33.82712,15.3199005,2036
7859,r2i1p1f1,2036,07,08,0.0441702657553833,33.309074,16.181738,2036
7860,r2i1p1f1,2036,07,09,0.004654971717872496,31.329653,14.595061,2036
7861,r2i1p1f1,2036,07,10,0.0,30.134928,13.406323,2036
7862,r2i1p1f1,2036,07,11,0.0,29.58145,12.298995,2036
7863,r2i1p1f1,2036,07,12,0.0,29.21961,11.908517,2036
7864,r2i1p1f1,2036,07,13,0.0,26.838808,10.957527,2036
7865,r2i1p1f1,2036,07,14,0.0,27.171268,10.921015,2036
7866,r2i1p1f1,2036,07,15,0.0,28.03435,13.228284,2036
7867,r2i1p1f1,2036,07,16,0.0,28.497427,13.464991,2036
7868,r2i1p1f1,2036,07,17,0.0,27.66194,11.101546,2036
7869,r2i1p1f1,2036,07,18,0.0,29.693556,12.400695,2036
7870,r2i1p1f1,2036,07,19,0.0,29.763926,12.136966,2036
7871,r2i1p1f1,2036,07,20,0.0,24.162056,7.463336,2036
7872,r2i1p1f1,2036,07,21,0.0,21.944767,4.83827,2036
7873,r2i1p1f1,2036,07,22,0.0,24.947977,7.3983436,2036
7874,r2i1p1f1,2036,07,23,0.0,31.106396,12.243979,2036
7875,r2i1p1f1,2036,07,24,0.0,30.744122,12.197795,2036
7876,r2i1p1f1,2036,07,25,0.0,30.550255,11.611521,2036
7877,r2i1p1f1,2036,07,26,0.0,30.744535,12.525959,2036
7878,r2i1p1f1,2036,07,27,0.0,31.090445,13.6268215,2036
7879,r2i1p1f1,2036,07,28,0.0,31.633148,13.529836,2036
7880,r2i1p1f1,2036,07,29,0.0,33.462406,14.781976,2036
7881,r2i1p1f1,2036,07,30,0.0,32.04641,15.403937,2036
7882,r2i1p1f1,2036,07,31,0.0,31.508375,15.4204445,2036
7883,r2i1p1f1,2036,08,01,0.0,31.079908,13.537964,2036
7884,r2i1p1f1,2036,08,02,0.0,29.946583,11.422605,2036
7885,r2i1p1f1,2036,08,03,0.0,29.434557,10.992945,2036
7886,r2i1p1f1,2036,08,04,0.0,29.838491,11.397586,2036
7887,r2i1p1f1,2036,08,05,0.0,31.220829,12.611339,2036
7888,r2i1p1f1,2036,08,06,0.0,31.627272,15.741155,2036
7889,r2i1p1f1,2036,08,07,0.0,31.250889,15.822,2036
7890,r2i1p1f1,2036,08,08,0.0,30.608555,13.520559,2036
7891,r2i1p1f1,2036,08,09,0.0,28.99769,10.844955,2036
7892,r2i1p1f1,2036,08,10,0.0,29.268427,11.476239,2036
7893,r2i1p1f1,2036,08,11,0.0,29.512499,11.373839,2036
7894,r2i1p1f1,2036,08,12,0.0,29.936554,12.119417,2036
7895,r2i1p1f1,2036,08,13,0.0,30.023067,14.309627,2036
7896,r2i1p1f1,2036,08,14,0.0,30.383106,14.624363,2036
7897,r2i1p1f1,2036,08,15,0.0,30.657246,14.328535,2036
7898,r2i1p1f1,2036,08,16,0.0,28.89465,10.768531,2036
7899,r2i1p1f1,2036,08,17,0.0,27.314678,9.678979,2036
7900,r2i1p1f1,2036,08,18,0.0,28.851543,10.917016,2036
7901,r2i1p1f1,2036,08,19,0.0,30.34936,12.230107,2036
7902,r2i1p1f1,2036,08,20,0.05376618577114501,30.31832,14.237854,2036
7903,r2i1p1f1,2036,08,21,7.145257263828871,27.307867,13.019666,2036
7904,r2i1p1f1,2036,08,22,25.871574087152393,23.980541,13.1591,2036
7905,r2i1p1f1,2036,08,23,0.0,26.797213,9.7134495,2036
7906,r2i1p1f1,2036,08,24,0.4257773427525535,31.085718,12.955019,2036
7907,r2i1p1f1,2036,08,25,0.0,28.882622,12.371315,2036
7908,r2i1p1f1,2036,08,26,0.0,26.25934,8.824901,2036
7909,r2i1p1f1,2036,08,27,0.0,22.663395,4.7308955,2036
7910,r2i1p1f1,2036,08,28,0.0,24.881285,6.471117,2036
7911,r2i1p1f1,2036,08,29,0.0,30.600382,11.1447115,2036
7912,r2i1p1f1,2036,08,30,0.0,32.439873,12.1543865,2036
7913,r2i1p1f1,2036,08,31,0.0,30.640738,11.526356,2036
7914,r2i1p1f1,2036,09,01,0.0,29.099962,13.172276,2036
7915,r2i1p1f1,2036,09,02,0.0,31.627422,14.6046,2036
7916,r2i1p1f1,2036,09,03,0.0,31.740166,15.127501,2036
7917,r2i1p1f1,2036,09,04,0.0,28.4763,12.928787,2036
7918,r2i1p1f1,2036,09,05,0.0,28.396456,12.529553,2036
7919,r2i1p1f1,2036,09,06,0.0,29.857372,13.140935,2036
7920,r2i1p1f1,2036,09,07,0.0,32.13362,15.156013,2036
7921,r2i1p1f1,2036,09,08,0.0,30.26538,13.981646,2036
7922,r2i1p1f1,2036,09,09,0.0,26.133467,9.632781,2036
7923,r2i1p1f1,2036,09,10,0.0,22.766104,6.580234,2036
7924,r2i1p1f1,2036,09,11,0.0,22.332882,6.6541395,2036
7925,r2i1p1f1,2036,09,12,0.0,26.156406,8.940845,2036
7926,r2i1p1f1,2036,09,13,0.0,26.389677,7.7551475,2036
7927,r2i1p1f1,2036,09,14,0.0,26.769278,9.228452,2036
7928,r2i1p1f1,2036,09,15,0.0,28.390518,11.484184,2036
7929,r2i1p1f1,2036,09,16,0.0,28.127176,11.404089,2036
7930,r2i1p1f1,2036,09,17,0.0,27.994083,10.494748,2036
7931,r2i1p1f1,2036,09,18,0.0,27.821608,10.675522,2036
7932,r2i1p1f1,2036,09,19,0.0,24.291683,6.5703845,2036
7933,r2i1p1f1,2036,09,20,0.0,27.15061,9.888388,2036
7934,r2i1p1f1,2036,09,21,0.0,27.815395,11.235957,2036
7935,r2i1p1f1,2036,09,22,0.0,28.511656,10.411331,2036
7936,r2i1p1f1,2036,09,23,0.0,28.608448,10.90919,2036
7937,r2i1p1f1,2036,09,24,0.0,28.852016,10.852571,2036
7938,r2i1p1f1,2036,09,25,0.0,28.328545,11.58853,2036
7939,r2i1p1f1,2036,09,26,0.0,25.694399,11.182236,2036
7940,r2i1p1f1,2036,09,27,0.0,24.4696,9.954007,2036
7941,r2i1p1f1,2036,09,28,0.0,22.35258,5.8688784,2036
7942,r2i1p1f1,2036,09,29,0.0,24.479265,6.5102487,2036
7943,r2i1p1f1,2036,09,30,0.0,25.556793,8.276956,2036
7944,r2i1p1f1,2036,10,01,0.0,26.858912,8.889382,2036
7945,r2i1p1f1,2036,10,02,0.0,28.040972,10.722939,2036
7946,r2i1p1f1,2036,10,03,0.0,26.526407,9.4402,2036
7947,r2i1p1f1,2036,10,04,0.0,23.687216,7.906228,2036
7948,r2i1p1f1,2036,10,05,0.0,23.8986,7.361534,2036
7949,r2i1p1f1,2036,10,06,0.0,25.27475,8.880293,2036
7950,r2i1p1f1,2036,10,07,0.0,26.49036,9.176955,2036
7951,r2i1p1f1,2036,10,08,0.0,28.41733,10.267737,2036
7952,r2i1p1f1,2036,10,09,0.0,28.497984,9.833745,2036
7953,r2i1p1f1,2036,10,10,0.0,27.57745,10.548882,2036
7954,r2i1p1f1,2036,10,11,0.0,25.519405,9.14394,2036
7955,r2i1p1f1,2036,10,12,0.0,26.17664,8.878322,2036
7956,r2i1p1f1,2036,10,13,0.0,20.569195,5.1629996,2036
7957,r2i1p1f1,2036,10,14,0.0,18.683336,4.5169516,2036
7958,r2i1p1f1,2036,10,15,0.0,23.416683,5.8479013,2036
7959,r2i1p1f1,2036,10,16,0.0,24.51101,8.209604,2036
7960,r2i1p1f1,2036,10,17,0.0,18.747185,4.444031,2036
7961,r2i1p1f1,2036,10,18,0.2590101020149842,16.98486,3.193753,2036
7962,r2i1p1f1,2036,10,19,0.0,15.832356,0.29943037,2036
7963,r2i1p1f1,2036,10,20,0.0,16.111801,0.59310347,2036
7964,r2i1p1f1,2036,10,21,0.0,17.637495,2.2703364,2036
7965,r2i1p1f1,2036,10,22,0.0,19.748417,1.073207,2036
7966,r2i1p1f1,2036,10,23,0.0,19.383657,1.5115607,2036
7967,r2i1p1f1,2036,10,24,0.0,19.522577,3.739417,2036
7968,r2i1p1f1,2036,10,25,0.0,21.185732,5.159835,2036
7969,r2i1p1f1,2036,10,26,0.0,19.268404,5.847651,2036
7970,r2i1p1f1,2036,10,27,0.0,21.412298,3.6272473,2036
7971,r2i1p1f1,2036,10,28,0.0,19.579447,5.4917393,2036
7972,r2i1p1f1,2036,10,29,0.0,19.486708,5.556931,2036
7973,r2i1p1f1,2036,10,30,0.0,19.281157,4.7775106,2036
7974,r2i1p1f1,2036,10,31,0.0,13.590138,0.16507085,2036
7975,r2i1p1f1,2036,11,01,18.877338866989774,8.039291,-2.267237,2036
7976,r2i1p1f1,2036,11,02,10.193905830069875,8.049726,0.5487938,2036
7977,r2i1p1f1,2036,11,03,24.922774887482564,7.9105477,2.4862573,2036
7978,r2i1p1f1,2036,11,04,80.87400886803292,9.503745,1.7547305,2036
7979,r2i1p1f1,2036,11,05,1.4666793916638619,9.173104,-0.63495976,2036
7980,r2i1p1f1,2036,11,06,40.423521104597825,10.252597,2.5836546,2036
7981,r2i1p1f1,2036,11,07,52.100521373974445,10.838913,2.8220417,2036
7982,r2i1p1f1,2036,11,08,32.86960366844701,6.1980467,-3.8504286,2036
7983,r2i1p1f1,2036,11,09,0.007073866758079161,0.07090143,-4.8988037,2036
7984,r2i1p1f1,2036,11,10,0.12774475393458629,3.4205909,-3.2711897,2036
7985,r2i1p1f1,2036,11,11,65.53212316670957,6.185167,-3.3747718,2036
7986,r2i1p1f1,2036,11,12,25.870541014816038,6.580477,-0.8595041,2036
7987,r2i1p1f1,2036,11,13,0.0,5.776886,-3.8858185,2036
7988,r2i1p1f1,2036,11,14,6.468727416694701,4.348357,-2.931721,2036
7989,r2i1p1f1,2036,11,15,14.58563504812236,4.872067,0.32794464,2036
7990,r2i1p1f1,2036,11,16,8.468548333677553,9.750173,-2.0601165,2036
7991,r2i1p1f1,2036,11,17,65.23290428673275,12.002781,-0.36195013,2036
7992,r2i1p1f1,2036,11,18,2.544384369950701,9.910795,-0.12834628,2036
7993,r2i1p1f1,2036,11,19,0.0,10.429897,-0.34573698,2036
7994,r2i1p1f1,2036,11,20,43.516717695344525,7.986124,3.8091424,2036
7995,r2i1p1f1,2036,11,21,18.953985627068995,10.340797,-0.6440424,2036
7996,r2i1p1f1,2036,11,22,15.553705638740212,10.683799,-0.74824464,2036
7997,r2i1p1f1,2036,11,23,16.13517051423864,5.359064,0.5342738,2036
7998,r2i1p1f1,2036,11,24,0.0,10.318867,-2.9765284,2036
7999,r2i1p1f1,2036,11,25,0.0,11.748289,-2.068305,2036
8000,r2i1p1f1,2036,11,26,0.0,12.018253,-2.988383,2036
8001,r2i1p1f1,2036,11,27,0.0,11.252528,-1.0885949,2036
8002,r2i1p1f1,2036,11,28,0.0,12.360444,-0.63345075,2036
8003,r2i1p1f1,2036,11,29,0.0,12.957178,1.5326952,2036
8004,r2i1p1f1,2036,11,30,0.0,14.139504,1.2397355,2036
8005,r2i1p1f1,2036,12,01,0.0,16.47356,3.0216467,2036
8006,r2i1p1f1,2036,12,02,0.0,14.024458,2.3092418,2036
8007,r2i1p1f1,2036,12,03,3.107094343382554,10.784739,0.42321718,2036
8008,r2i1p1f1,2036,12,04,25.478815474063875,8.380825,2.563596,2036
8009,r2i1p1f1,2036,12,05,0.4248571132988078,8.890359,-2.0221312,2036
8010,r2i1p1f1,2036,12,06,0.12510411406240635,4.4364657,-2.5130997,2036
8011,r2i1p1f1,2036,12,07,14.114107588634047,4.9868617,-0.8682402,2036
8012,r2i1p1f1,2036,12,08,40.401605571521664,7.898237,0.5616246,2036
8013,r2i1p1f1,2036,12,09,62.581565599584096,9.20574,3.838493,2036
8014,r2i1p1f1,2036,12,10,6.625479298264299,10.208338,4.583471,2036
8015,r2i1p1f1,2036,12,11,2.041107271742686,11.720538,6.7687736,2036
8016,r2i1p1f1,2036,12,12,43.74605314268802,9.827256,4.831893,2036
8017,r2i1p1f1,2036,12,13,67.98126311220516,7.249297,1.2315797,2036
8018,r2i1p1f1,2036,12,14,45.91823888432163,3.7207417,-2.1263988,2036
8019,r2i1p1f1,2036,12,15,25.02829917581179,3.5583007,-0.50667036,2036
8020,r2i1p1f1,2036,12,16,35.66491759310548,2.2254152,-2.9959316,2036
8021,r2i1p1f1,2036,12,17,34.848951273642555,5.7282763,0.46708962,2036
8022,r2i1p1f1,2036,12,18,116.44899458803523,8.625034,2.6020052,2036
8023,r2i1p1f1,2036,12,19,21.884783562675764,10.440765,-1.3118786,2036
8024,r2i1p1f1,2036,12,20,0.6720212304851605,5.5486875,-0.1352943,2036
8025,r2i1p1f1,2036,12,21,2.5797475455734595,6.9472404,1.7687049,2036
8026,r2i1p1f1,2036,12,22,51.031718545933614,7.953745,2.18358,2036
8027,r2i1p1f1,2036,12,23,47.098497623720995,8.37035,2.6385474,2036
8028,r2i1p1f1,2036,12,24,41.91555559518747,10.354399,4.1690297,2036
8029,r2i1p1f1,2036,12,25,27.943588461829886,9.846972,-1.355829,2036
8030,r2i1p1f1,2036,12,26,0.0,5.4529443,-1.8914789,2036
8031,r2i1p1f1,2036,12,27,7.626227908160497,1.7205979,-2.9354532,2036
8032,r2i1p1f1,2036,12,28,14.15289079741342,2.1233697,-1.9161924,2036
8033,r2i1p1f1,2036,12,29,69.57778680818872,4.8178678,0.39590514,2036
8034,r2i1p1f1,2036,12,30,0.47812645168112167,10.140474,4.0152736,2036
8035,r2i1p1f1,2036,12,31,7.606406296774646,7.8798814,-0.2622811,2036
8036,r2i1p1f1,2037,01,01,0.0,5.021398,-5.559522,2037
8037,r2i1p1f1,2037,01,02,3.9723891047777635,1.0168675,-8.07116,2037
8038,r2i1p1f1,2037,01,03,0.0,3.5084507,-7.6063027,2037
8039,r2i1p1f1,2037,01,04,0.0,11.186964,-2.1162386,2037
8040,r2i1p1f1,2037,01,05,0.0,15.02626,-0.66278946,2037
8041,r2i1p1f1,2037,01,06,0.0,15.31527,1.7811007,2037
8042,r2i1p1f1,2037,01,07,0.0,14.943833,1.4966396,2037
8043,r2i1p1f1,2037,01,08,0.0,15.270536,2.5501049,2037
8044,r2i1p1f1,2037,01,09,0.0,15.89709,2.1782165,2037
8045,r2i1p1f1,2037,01,10,0.0,14.415335,1.8897523,2037
8046,r2i1p1f1,2037,01,11,0.0,15.579241,1.8997071,2037
8047,r2i1p1f1,2037,01,12,4.789379326729641,10.744158,3.2146802,2037
8048,r2i1p1f1,2037,01,13,11.335647633957425,6.924667,-2.3353436,2037
8049,r2i1p1f1,2037,01,14,0.0,8.231957,-5.191926,2037
8050,r2i1p1f1,2037,01,15,0.0,13.581324,-0.3379727,2037
8051,r2i1p1f1,2037,01,16,0.0,14.700593,0.35557997,2037
8052,r2i1p1f1,2037,01,17,0.0,15.872269,1.5214916,2037
8053,r2i1p1f1,2037,01,18,0.0,13.605378,1.3162739,2037
8054,r2i1p1f1,2037,01,19,11.096248975795438,9.104184,-0.25348938,2037
8055,r2i1p1f1,2037,01,20,21.139502952932023,10.312527,5.346952,2037
8056,r2i1p1f1,2037,01,21,0.0,14.160664,3.7908037,2037
8057,r2i1p1f1,2037,01,22,0.0,15.997996,2.726066,2037
8058,r2i1p1f1,2037,01,23,0.0,15.731037,3.504527,2037
8059,r2i1p1f1,2037,01,24,0.0,17.459206,3.1889918,2037
8060,r2i1p1f1,2037,01,25,0.0,17.564196,3.006452,2037
8061,r2i1p1f1,2037,01,26,0.0,15.976482,3.820332,2037
8062,r2i1p1f1,2037,01,27,0.0,17.36276,3.5525246,2037
8063,r2i1p1f1,2037,01,28,0.0,16.494644,3.248842,2037
8064,r2i1p1f1,2037,01,29,0.0,13.108799,5.6522303,2037
8065,r2i1p1f1,2037,01,30,0.5457813973967299,13.4033785,1.966293,2037
8066,r2i1p1f1,2037,01,31,0.0,14.348196,2.7004542,2037
8067,r2i1p1f1,2037,02,01,0.0,16.728624,2.2026927,2037
8068,r2i1p1f1,2037,02,02,0.0,15.316204,2.4433596,2037
8069,r2i1p1f1,2037,02,03,0.0,13.810879,6.1880794,2037
8070,r2i1p1f1,2037,02,04,44.051811551281176,12.468764,6.9114504,2037
8071,r2i1p1f1,2037,02,05,55.03970041486005,12.782708,-0.11732092,2037
8072,r2i1p1f1,2037,02,06,0.43423721172775215,7.4609203,1.0740145,2037
8073,r2i1p1f1,2037,02,07,0.0,6.605973,-2.007545,2037
8074,r2i1p1f1,2037,02,08,62.317214546223674,8.190109,-0.8547275,2037
8075,r2i1p1f1,2037,02,09,30.58182079313645,8.793973,2.7325554,2037
8076,r2i1p1f1,2037,02,10,64.09680131249704,7.074998,1.2212417,2037
8077,r2i1p1f1,2037,02,11,78.58742380496831,8.176765,1.723005,2037
8078,r2i1p1f1,2037,02,12,28.950690566293467,11.593555,-2.329263,2037
8079,r2i1p1f1,2037,02,13,0.0,5.1823893,-5.884774,2037
8080,r2i1p1f1,2037,02,14,0.0,10.757964,-3.9756978,2037
8081,r2i1p1f1,2037,02,15,0.0,11.268142,-1.8840982,2037
8082,r2i1p1f1,2037,02,16,0.0,18.736834,2.0248241,2037
8083,r2i1p1f1,2037,02,17,0.0,14.840557,2.7226741,2037
8084,r2i1p1f1,2037,02,18,0.0,16.096418,2.4370928,2037
8085,r2i1p1f1,2037,02,19,0.0,15.305576,0.5667783,2037
8086,r2i1p1f1,2037,02,20,0.0,15.411155,0.85048246,2037
8087,r2i1p1f1,2037,02,21,11.976479150549634,9.650811,0.32579705,2037
8088,r2i1p1f1,2037,02,22,37.76920256473554,4.1485276,-1.3089974,2037
8089,r2i1p1f1,2037,02,23,52.14752194901499,5.6471553,-0.33263123,2037
8090,r2i1p1f1,2037,02,24,31.71138596953824,4.26623,-0.83307296,2037
8091,r2i1p1f1,2037,02,25,21.3364195957603,4.21491,-0.80789745,2037
8092,r2i1p1f1,2037,02,26,29.443904533176326,4.806892,-0.2677805,2037
8093,r2i1p1f1,2037,02,27,31.533246759611828,5.9324965,-3.3085186,2037
8094,r2i1p1f1,2037,02,28,1.0041511833885755,4.2758756,-2.0917985,2037
8095,r2i1p1f1,2037,03,01,0.04239149984641699,4.9399867,-7.777336,2037
8096,r2i1p1f1,2037,03,02,59.99862696581449,2.0140722,-2.4857805,2037
8097,r2i1p1f1,2037,03,03,0.8480231232309822,4.2846575,-3.873845,2037
8098,r2i1p1f1,2037,03,04,0.0,7.4003153,-5.0599036,2037
8099,r2i1p1f1,2037,03,05,0.0,7.6665134,-3.6604066,2037
8100,r2i1p1f1,2037,03,06,11.40233348361597,3.8618102,-3.5632057,2037
8101,r2i1p1f1,2037,03,07,0.024600672955225143,6.621424,-3.6412666,2037
8102,r2i1p1f1,2037,03,08,0.0,8.964563,-3.1561537,2037
8103,r2i1p1f1,2037,03,09,49.48822518479294,4.5808434,-4.824728,2037
8104,r2i1p1f1,2037,03,10,27.379908821267936,0.807155,-2.8530078,2037
8105,r2i1p1f1,2037,03,11,0.3650164592097728,7.672228,-0.7955252,2037
8106,r2i1p1f1,2037,03,12,0.0,13.268088,-2.777053,2037
8107,r2i1p1f1,2037,03,13,22.25366794781831,8.382719,-2.1506472,2037
8108,r2i1p1f1,2037,03,14,23.188043036959872,4.8480954,0.014269609,2037
8109,r2i1p1f1,2037,03,15,48.03111175648295,5.6172924,-0.466116,2037
8110,r2i1p1f1,2037,03,16,50.55577463421147,2.9058132,-0.6615776,2037
8111,r2i1p1f1,2037,03,17,0.0,8.227257,-0.80055493,2037
8112,r2i1p1f1,2037,03,18,0.0,11.672697,-2.4034276,2037
8113,r2i1p1f1,2037,03,19,45.0185954472265,4.7277226,0.15746757,2037
8114,r2i1p1f1,2037,03,20,10.318707070417496,8.03536,-2.3480177,2037
8115,r2i1p1f1,2037,03,21,11.550453145089424,11.240904,2.7360084,2037
8116,r2i1p1f1,2037,03,22,1.9329494950607813,12.598551,0.47448328,2037
8117,r2i1p1f1,2037,03,23,44.263203592541124,9.1826725,-3.773108,2037
8118,r2i1p1f1,2037,03,24,2.7841569552212886,10.772905,-1.0894402,2037
8119,r2i1p1f1,2037,03,25,22.25930488247496,10.544135,0.26901266,2037
8120,r2i1p1f1,2037,03,26,7.250469754049286,10.108205,1.1974612,2037
8121,r2i1p1f1,2037,03,27,2.39541385287269,16.233536,-1.5403707,2037
8122,r2i1p1f1,2037,03,28,0.5513688421790273,16.595533,-1.032426,2037
8123,r2i1p1f1,2037,03,29,0.1428016316612439,16.931017,0.92731386,2037
8124,r2i1p1f1,2037,03,30,0.0788269177449435,15.926482,-1.5178273,2037
8125,r2i1p1f1,2037,03,31,0.04477082156182195,15.308168,-1.7374768,2037
8126,r2i1p1f1,2037,04,01,5.072140714848781,13.941464,-2.2203343,2037
8127,r2i1p1f1,2037,04,02,1.76823084019326,16.999699,4.7133718,2037
8128,r2i1p1f1,2037,04,03,0.0,18.804623,3.013218,2037
8129,r2i1p1f1,2037,04,04,0.0,18.750845,4.5083823,2037
8130,r2i1p1f1,2037,04,05,0.0,18.48976,4.029309,2037
8131,r2i1p1f1,2037,04,06,3.5813389859623177,15.776189,6.6499352,2037
8132,r2i1p1f1,2037,04,07,0.0,17.752085,4.385702,2037
8133,r2i1p1f1,2037,04,08,0.0,18.563004,3.6538844,2037
8134,r2i1p1f1,2037,04,09,0.0,21.225508,4.0977526,2037
8135,r2i1p1f1,2037,04,10,0.0,20.91478,5.799071,2037
8136,r2i1p1f1,2037,04,11,0.0,15.129724,6.0757384,2037
8137,r2i1p1f1,2037,04,12,0.0,22.307886,2.8914776,2037
8138,r2i1p1f1,2037,04,13,5.101171211572364,19.088394,2.2838457,2037
8139,r2i1p1f1,2037,04,14,3.821286023276116,12.966837,-0.7360326,2037
8140,r2i1p1f1,2037,04,15,0.5103935794697743,15.612983,0.24539086,2037
8141,r2i1p1f1,2037,04,16,0.0,20.804497,3.551487,2037
8142,r2i1p1f1,2037,04,17,0.0,24.244501,6.3456736,2037
8143,r2i1p1f1,2037,04,18,0.0,25.202986,7.1937256,2037
8144,r2i1p1f1,2037,04,19,0.0,24.170324,8.294942,2037
8145,r2i1p1f1,2037,04,20,0.0,23.681986,8.643012,2037
8146,r2i1p1f1,2037,04,21,0.0,24.328344,7.577882,2037
8147,r2i1p1f1,2037,04,22,0.0,21.958296,5.6358666,2037
8148,r2i1p1f1,2037,04,23,4.1899875737167,13.368369,-1.7862897,2037
8149,r2i1p1f1,2037,04,24,3.8522341693911026,13.9181,-2.7163522,2037
8150,r2i1p1f1,2037,04,25,3.3733772694596644,14.764949,-2.225129,2037
8151,r2i1p1f1,2037,04,26,0.713847653423727,15.2530155,2.5958786,2037
8152,r2i1p1f1,2037,04,27,3.5649457518257597,15.424009,1.9982089,2037
8153,r2i1p1f1,2037,04,28,9.726034748788292,10.022066,-0.49276802,2037
8154,r2i1p1f1,2037,04,29,47.55623927563787,7.4322653,-1.6823545,2037
8155,r2i1p1f1,2037,04,30,2.9685976048662828,9.675506,-1.503385,2037
8156,r2i1p1f1,2037,05,01,0.0,15.910738,-0.10858507,2037
8157,r2i1p1f1,2037,05,02,0.0,21.887123,4.116478,2037
8158,r2i1p1f1,2037,05,03,0.0,22.807247,5.835719,2037
8159,r2i1p1f1,2037,05,04,0.0,20.929375,6.257877,2037
8160,r2i1p1f1,2037,05,05,0.32466829218789756,15.096619,7.1689487,2037
8161,r2i1p1f1,2037,05,06,0.9650077593925324,17.964922,3.4481707,2037
8162,r2i1p1f1,2037,05,07,0.0,19.623068,6.3065658,2037
8163,r2i1p1f1,2037,05,08,0.0,20.43746,7.322616,2037
8164,r2i1p1f1,2037,05,09,0.0,19.01883,2.8274562,2037
8165,r2i1p1f1,2037,05,10,0.0,20.687275,5.133204,2037
8166,r2i1p1f1,2037,05,11,0.0,20.650297,4.5232763,2037
8167,r2i1p1f1,2037,05,12,0.0,22.16254,6.255841,2037
8168,r2i1p1f1,2037,05,13,0.0,24.64586,7.7544937,2037
8169,r2i1p1f1,2037,05,14,0.0,26.756943,10.808691,2037
8170,r2i1p1f1,2037,05,15,0.07035243726512327,27.420284,9.652969,2037
8171,r2i1p1f1,2037,05,16,0.0,26.07761,9.714772,2037
8172,r2i1p1f1,2037,05,17,0.0,25.956392,8.006145,2037
8173,r2i1p1f1,2037,05,18,0.0,26.10191,9.216473,2037
8174,r2i1p1f1,2037,05,19,0.0,25.344479,8.852352,2037
8175,r2i1p1f1,2037,05,20,0.6120042229667888,18.907661,2.4351265,2037
8176,r2i1p1f1,2037,05,21,0.0,23.375357,5.260998,2037
8177,r2i1p1f1,2037,05,22,0.0,27.941114,8.8948765,2037
8178,r2i1p1f1,2037,05,23,0.0,28.863155,10.828698,2037
8179,r2i1p1f1,2037,05,24,0.0,28.73804,10.681453,2037
8180,r2i1p1f1,2037,05,25,0.0,27.959879,10.204387,2037
8181,r2i1p1f1,2037,05,26,0.0,28.930138,9.629211,2037
8182,r2i1p1f1,2037,05,27,0.0,29.365316,9.490851,2037
8183,r2i1p1f1,2037,05,28,0.0,26.285683,8.726122,2037
8184,r2i1p1f1,2037,05,29,0.0,27.310972,7.6916027,2037
8185,r2i1p1f1,2037,05,30,0.0,28.079916,9.474986,2037
8186,r2i1p1f1,2037,05,31,0.0,27.519388,9.9059305,2037
8187,r2i1p1f1,2037,06,01,0.0,27.331825,9.345694,2037
8188,r2i1p1f1,2037,06,02,0.0,26.23558,9.120974,2037
8189,r2i1p1f1,2037,06,03,0.0,27.417343,9.697674,2037
8190,r2i1p1f1,2037,06,04,0.0,29.654238,10.886027,2037
8191,r2i1p1f1,2037,06,05,0.0,28.428436,8.026787,2037
8192,r2i1p1f1,2037,06,06,0.0,24.650019,6.640072,2037
8193,r2i1p1f1,2037,06,07,0.0,29.436651,8.306481,2037
8194,r2i1p1f1,2037,06,08,0.0,29.535957,11.00208,2037
8195,r2i1p1f1,2037,06,09,0.0,31.179274,12.988919,2037
8196,r2i1p1f1,2037,06,10,0.0,31.10129,13.044454,2037
8197,r2i1p1f1,2037,06,11,0.0,30.804243,12.308733,2037
8198,r2i1p1f1,2037,06,12,0.0,30.566675,12.540603,2037
8199,r2i1p1f1,2037,06,13,0.0,28.384176,10.709996,2037
8200,r2i1p1f1,2037,06,14,0.0,22.190659,6.6478066,2037
8201,r2i1p1f1,2037,06,15,0.0,25.937162,8.8956585,2037
8202,r2i1p1f1,2037,06,16,0.0,32.312195,14.07949,2037
8203,r2i1p1f1,2037,06,17,0.0,34.387062,14.941392,2037
8204,r2i1p1f1,2037,06,18,0.0,35.577324,16.940968,2037
8205,r2i1p1f1,2037,06,19,0.0,34.741707,15.794597,2037
8206,r2i1p1f1,2037,06,20,0.0,34.240353,15.057578,2037
8207,r2i1p1f1,2037,06,21,0.0,34.016487,14.619976,2037
8208,r2i1p1f1,2037,06,22,0.0,31.112593,12.445013,2037
8209,r2i1p1f1,2037,06,23,0.0,30.67082,12.395979,2037
8210,r2i1p1f1,2037,06,24,0.0,30.604837,12.152364,2037
8211,r2i1p1f1,2037,06,25,0.0,30.02022,11.805413,2037
8212,r2i1p1f1,2037,06,26,0.0,29.443539,11.331976,2037
8213,r2i1p1f1,2037,06,27,0.0,29.845158,11.526849,2037
8214,r2i1p1f1,2037,06,28,2.0166796283564716,28.044722,11.488086,2037
8215,r2i1p1f1,2037,06,29,0.0,30.848927,12.165948,2037
8216,r2i1p1f1,2037,06,30,0.0,31.180279,12.237856,2037
8217,r2i1p1f1,2037,07,01,0.0,29.812124,11.462178,2037
8218,r2i1p1f1,2037,07,02,0.0,28.92985,10.731248,2037
8219,r2i1p1f1,2037,07,03,0.0,29.544521,9.559271,2037
8220,r2i1p1f1,2037,07,04,0.0,29.507519,11.039108,2037
8221,r2i1p1f1,2037,07,05,0.0,31.502821,11.478007,2037
8222,r2i1p1f1,2037,07,06,0.0,31.729086,15.002983,2037
8223,r2i1p1f1,2037,07,07,0.0,34.34248,14.987251,2037
8224,r2i1p1f1,2037,07,08,0.0,34.396866,14.691714,2037
8225,r2i1p1f1,2037,07,09,0.0,32.58991,14.261074,2037
8226,r2i1p1f1,2037,07,10,0.0,31.365952,13.288305,2037
8227,r2i1p1f1,2037,07,11,0.0,30.021278,11.264647,2037
8228,r2i1p1f1,2037,07,12,0.0,27.167997,9.388551,2037
8229,r2i1p1f1,2037,07,13,0.0,24.422422,8.380373,2037
8230,r2i1p1f1,2037,07,14,0.0,23.699354,7.927694,2037
8231,r2i1p1f1,2037,07,15,0.0,25.371641,7.5833035,2037
8232,r2i1p1f1,2037,07,16,0.0,28.943546,10.164366,2037
8233,r2i1p1f1,2037,07,17,0.0,30.00765,12.383664,2037
8234,r2i1p1f1,2037,07,18,0.0,30.177553,12.742593,2037
8235,r2i1p1f1,2037,07,19,0.0,30.666742,12.919915,2037
8236,r2i1p1f1,2037,07,20,0.0,31.091078,12.600971,2037
8237,r2i1p1f1,2037,07,21,0.0,30.883524,12.745746,2037
8238,r2i1p1f1,2037,07,22,0.0,28.411259,11.048743,2037
8239,r2i1p1f1,2037,07,23,0.0,29.019775,11.526225,2037
8240,r2i1p1f1,2037,07,24,0.0,28.691093,11.158528,2037
8241,r2i1p1f1,2037,07,25,0.0,26.21089,9.875801,2037
8242,r2i1p1f1,2037,07,26,0.0,28.082256,10.146633,2037
8243,r2i1p1f1,2037,07,27,0.0,28.325048,12.095781,2037
8244,r2i1p1f1,2037,07,28,0.0,29.671818,12.928303,2037
8245,r2i1p1f1,2037,07,29,0.0,30.032124,12.840676,2037
8246,r2i1p1f1,2037,07,30,0.0,30.082682,12.549227,2037
8247,r2i1p1f1,2037,07,31,0.0,29.784277,12.2885065,2037
8248,r2i1p1f1,2037,08,01,0.0,31.481133,13.337556,2037
8249,r2i1p1f1,2037,08,02,0.0,33.505245,15.249202,2037
8250,r2i1p1f1,2037,08,03,0.0,33.72809,16.800343,2037
8251,r2i1p1f1,2037,08,04,0.0,33.934296,15.740283,2037
8252,r2i1p1f1,2037,08,05,0.0,32.923077,16.414587,2037
8253,r2i1p1f1,2037,08,06,0.0,31.625126,15.720515,2037
8254,r2i1p1f1,2037,08,07,0.0,33.438972,16.991161,2037
8255,r2i1p1f1,2037,08,08,0.0,34.592022,17.298052,2037
8256,r2i1p1f1,2037,08,09,0.0,34.72542,17.066992,2037
8257,r2i1p1f1,2037,08,10,0.0,33.53029,17.327997,2037
8258,r2i1p1f1,2037,08,11,0.0,33.149616,15.89189,2037
8259,r2i1p1f1,2037,08,12,0.0,28.871977,12.634177,2037
8260,r2i1p1f1,2037,08,13,0.0,28.119482,10.68049,2037
8261,r2i1p1f1,2037,08,14,0.0,30.15096,11.202461,2037
8262,r2i1p1f1,2037,08,15,0.0,30.88661,12.351255,2037
8263,r2i1p1f1,2037,08,16,0.0,31.05794,14.1190815,2037
8264,r2i1p1f1,2037,08,17,0.0,31.001781,14.019971,2037
8265,r2i1p1f1,2037,08,18,0.0,30.979013,13.156137,2037
8266,r2i1p1f1,2037,08,19,0.0,30.407368,12.39441,2037
8267,r2i1p1f1,2037,08,20,0.0,29.610947,13.235603,2037
8268,r2i1p1f1,2037,08,21,0.0,32.824207,13.3967085,2037
8269,r2i1p1f1,2037,08,22,0.0,34.39497,14.442581,2037
8270,r2i1p1f1,2037,08,23,0.0,33.975143,14.416836,2037
8271,r2i1p1f1,2037,08,24,0.0,32.421524,14.664626,2037
8272,r2i1p1f1,2037,08,25,0.0,30.210001,13.763016,2037
8273,r2i1p1f1,2037,08,26,0.0,29.65459,12.113765,2037
8274,r2i1p1f1,2037,08,27,0.0,32.674416,12.885904,2037
8275,r2i1p1f1,2037,08,28,0.0,34.748672,14.831328,2037
8276,r2i1p1f1,2037,08,29,0.0,33.66777,14.638176,2037
8277,r2i1p1f1,2037,08,30,0.0,30.654497,12.374148,2037
8278,r2i1p1f1,2037,08,31,0.0,28.267221,11.760303,2037
8279,r2i1p1f1,2037,09,01,0.0,25.879032,10.180597,2037
8280,r2i1p1f1,2037,09,02,0.0,24.86574,10.56177,2037
8281,r2i1p1f1,2037,09,03,0.20841087333302802,24.707685,10.206292,2037
8282,r2i1p1f1,2037,09,04,0.09182095063806628,22.258541,8.060231,2037
8283,r2i1p1f1,2037,09,05,0.0,22.652584,7.5087094,2037
8284,r2i1p1f1,2037,09,06,0.0,22.82101,8.995362,2037
8285,r2i1p1f1,2037,09,07,0.0,22.170708,7.3388844,2037
8286,r2i1p1f1,2037,09,08,0.0,24.567839,8.561941,2037
8287,r2i1p1f1,2037,09,09,0.0,25.073793,10.833325,2037
8288,r2i1p1f1,2037,09,10,0.0,25.258032,9.124859,2037
8289,r2i1p1f1,2037,09,11,8.551276321101726,17.651321,1.1889967,2037
8290,r2i1p1f1,2037,09,12,8.994262473194025,9.483978,-3.618423,2037
8291,r2i1p1f1,2037,09,13,1.2798848831677718,13.463864,-0.84037447,2037
8292,r2i1p1f1,2037,09,14,0.0,22.03608,4.08766,2037
8293,r2i1p1f1,2037,09,15,0.06478158074269931,20.708763,6.8243833,2037
8294,r2i1p1f1,2037,09,16,0.0,21.182755,6.409388,2037
8295,r2i1p1f1,2037,09,17,0.0,23.769714,8.02484,2037
8296,r2i1p1f1,2037,09,18,0.0,26.497852,7.5145755,2037
8297,r2i1p1f1,2037,09,19,0.0,27.119184,9.965891,2037
8298,r2i1p1f1,2037,09,20,0.0,26.402807,8.896418,2037
8299,r2i1p1f1,2037,09,21,0.0,24.1581,8.040512,2037
8300,r2i1p1f1,2037,09,22,0.0,19.193882,5.4238615,2037
8301,r2i1p1f1,2037,09,23,0.0,21.936163,4.666304,2037
8302,r2i1p1f1,2037,09,24,0.0,22.77577,5.6652627,2037
8303,r2i1p1f1,2037,09,25,0.0,21.699223,6.0861287,2037
8304,r2i1p1f1,2037,09,26,0.0,26.177576,7.755913,2037
8305,r2i1p1f1,2037,09,27,0.0,26.051273,8.78569,2037
8306,r2i1p1f1,2037,09,28,0.035962616665039186,20.914835,7.6097193,2037
8307,r2i1p1f1,2037,09,29,0.0,16.286186,1.2868012,2037
8308,r2i1p1f1,2037,09,30,0.0,20.320894,3.3320546,2037
8309,r2i1p1f1,2037,10,01,0.0,23.815557,7.359141,2037
8310,r2i1p1f1,2037,10,02,0.0,24.829384,8.077369,2037
8311,r2i1p1f1,2037,10,03,0.0,23.0176,8.027647,2037
8312,r2i1p1f1,2037,10,04,0.0,22.270105,6.603655,2037
8313,r2i1p1f1,2037,10,05,0.0,21.671885,4.5972304,2037
8314,r2i1p1f1,2037,10,06,0.0,19.503223,5.9548697,2037
8315,r2i1p1f1,2037,10,07,0.0022242592771922667,18.83597,4.492932,2037
8316,r2i1p1f1,2037,10,08,0.0,15.152791,0.1984209,2037
8317,r2i1p1f1,2037,10,09,0.0,16.670292,0.59889525,2037
8318,r2i1p1f1,2037,10,10,0.0,19.592155,2.9278047,2037
8319,r2i1p1f1,2037,10,11,0.0,20.680151,3.6780674,2037
8320,r2i1p1f1,2037,10,12,0.0,21.7724,5.0307517,2037
8321,r2i1p1f1,2037,10,13,0.0,21.075382,6.766903,2037
8322,r2i1p1f1,2037,10,14,0.0,26.854467,9.323247,2037
8323,r2i1p1f1,2037,10,15,0.0,27.098692,13.306944,2037
8324,r2i1p1f1,2037,10,16,0.0,25.889648,9.492686,2037
8325,r2i1p1f1,2037,10,17,0.0,17.415834,3.0587518,2037
8326,r2i1p1f1,2037,10,18,0.0,11.679619,-4.3403406,2037
8327,r2i1p1f1,2037,10,19,0.0,14.660137,-2.538905,2037
8328,r2i1p1f1,2037,10,20,0.0,19.194736,4.8268757,2037
8329,r2i1p1f1,2037,10,21,0.0,22.921597,7.137295,2037
8330,r2i1p1f1,2037,10,22,0.0,22.9104,6.9958982,2037
8331,r2i1p1f1,2037,10,23,0.0,19.435879,6.1653132,2037
8332,r2i1p1f1,2037,10,24,1.377914705330323,19.108673,4.3861256,2037
8333,r2i1p1f1,2037,10,25,16.653142229412108,9.569853,0.3870743,2037
8334,r2i1p1f1,2037,10,26,0.0,8.73017,-2.9125767,2037
8335,r2i1p1f1,2037,10,27,0.0,12.811558,-7.0910215,2037
8336,r2i1p1f1,2037,10,28,0.0,11.465515,2.015091,2037
8337,r2i1p1f1,2037,10,29,0.0,17.011898,5.3270364,2037
8338,r2i1p1f1,2037,10,30,0.1681682135173245,17.386187,3.997204,2037
8339,r2i1p1f1,2037,10,31,55.228115221521314,14.414163,2.5769866,2037
8340,r2i1p1f1,2037,11,01,34.03533122618683,8.23162,-3.2753541,2037
8341,r2i1p1f1,2037,11,02,0.0016794850615462144,6.476842,-2.9538958,2037
8342,r2i1p1f1,2037,11,03,0.0,6.230718,-4.2833304,2037
8343,r2i1p1f1,2037,11,04,0.0,8.738079,-3.0005383,2037
8344,r2i1p1f1,2037,11,05,0.0,10.178133,-3.1123736,2037
8345,r2i1p1f1,2037,11,06,0.0,14.1497555,-2.3286293,2037
8346,r2i1p1f1,2037,11,07,0.0,14.1357765,-1.3953376,2037
8347,r2i1p1f1,2037,11,08,0.0,12.89923,-0.34372252,2037
8348,r2i1p1f1,2037,11,09,0.0,13.142058,0.1354419,2037
8349,r2i1p1f1,2037,11,10,0.4097285813818766,11.596028,-1.190447,2037
8350,r2i1p1f1,2037,11,11,0.07735857053865822,10.926787,-1.5931741,2037
8351,r2i1p1f1,2037,11,12,0.0,11.025105,-4.8617315,2037
8352,r2i1p1f1,2037,11,13,4.343183227096093,11.382473,-0.042773515,2037
8353,r2i1p1f1,2037,11,14,0.005092865758408257,12.520815,2.0261877,2037
8354,r2i1p1f1,2037,11,15,0.0,13.131541,0.50441206,2037
8355,r2i1p1f1,2037,11,16,0.8565321637294031,14.060115,3.8978724,2037
8356,r2i1p1f1,2037,11,17,0.0,9.530081,-1.6187893,2037
8357,r2i1p1f1,2037,11,18,0.0,9.439444,-7.150317,2037
8358,r2i1p1f1,2037,11,19,0.0,10.2596655,-5.539985,2037
8359,r2i1p1f1,2037,11,20,0.0,15.955726,-1.5857115,2037
8360,r2i1p1f1,2037,11,21,0.0,16.017433,-0.29626846,2037
8361,r2i1p1f1,2037,11,22,0.0,15.015224,-1.6778193,2037
8362,r2i1p1f1,2037,11,23,0.0,13.91743,-1.2983695,2037
8363,r2i1p1f1,2037,11,24,0.0,14.027347,-1.2746167,2037
8364,r2i1p1f1,2037,11,25,0.0,13.374089,-0.452611,2037
8365,r2i1p1f1,2037,11,26,0.0,16.099274,0.98724735,2037
8366,r2i1p1f1,2037,11,27,0.0,20.521978,2.957048,2037
8367,r2i1p1f1,2037,11,28,0.21282584261476026,18.294275,1.410106,2037
8368,r2i1p1f1,2037,11,29,0.0,6.378331,-9.071352,2037
8369,r2i1p1f1,2037,11,30,0.0,1.996458,-16.378521,2037
8370,r2i1p1f1,2037,12,01,0.0,-0.113938354,-10.456167,2037
8371,r2i1p1f1,2037,12,02,28.817032760483787,0.14361201,-5.4565873,2037
8372,r2i1p1f1,2037,12,03,101.23624537104311,1.8190902,-2.016969,2037
8373,r2i1p1f1,2037,12,04,48.00018368528421,3.5720484,-1.3809234,2037
8374,r2i1p1f1,2037,12,05,21.083431597127436,3.1504755,-1.2650238,2037
8375,r2i1p1f1,2037,12,06,0.0008347078007248526,2.3285537,-7.161001,2037
8376,r2i1p1f1,2037,12,07,7.447236798543599,5.655575,-0.33961028,2037
8377,r2i1p1f1,2037,12,08,22.788681576247864,7.2342906,1.3532331,2037
8378,r2i1p1f1,2037,12,09,7.22558237992836,4.434205,-0.87560165,2037
8379,r2i1p1f1,2037,12,10,8.41723913575921,3.82128,-4.189453,2037
8380,r2i1p1f1,2037,12,11,0.6205352296931849,3.510342,-6.1590915,2037
8381,r2i1p1f1,2037,12,12,0.0,6.877133,-3.2841675,2037
8382,r2i1p1f1,2037,12,13,0.0,5.6680174,-1.8831109,2037
8383,r2i1p1f1,2037,12,14,0.0,10.511724,0.8954761,2037
8384,r2i1p1f1,2037,12,15,0.0,15.565976,4.0274515,2037
8385,r2i1p1f1,2037,12,16,0.0,12.98031,2.4579015,2037
8386,r2i1p1f1,2037,12,17,3.834291529276995,12.412703,5.2204027,2037
8387,r2i1p1f1,2037,12,18,0.0,13.078645,0.62835294,2037
8388,r2i1p1f1,2037,12,19,0.0,16.683002,1.7706934,2037
8389,r2i1p1f1,2037,12,20,0.0,14.714776,3.3337743,2037
8390,r2i1p1f1,2037,12,21,0.0,14.087033,5.5933223,2037
8391,r2i1p1f1,2037,12,22,0.0,13.497358,2.003265,2037
8392,r2i1p1f1,2037,12,23,0.0,14.725908,1.2289068,2037
8393,r2i1p1f1,2037,12,24,0.0,13.512924,1.226673,2037
8394,r2i1p1f1,2037,12,25,0.0,14.008618,2.2738793,2037
8395,r2i1p1f1,2037,12,26,0.0,14.802158,2.3077235,2037
8396,r2i1p1f1,2037,12,27,0.0,13.276252,1.4981234,2037
8397,r2i1p1f1,2037,12,28,0.0,10.419263,0.26096588,2037
8398,r2i1p1f1,2037,12,29,0.0,12.256844,0.14696445,2037
8399,r2i1p1f1,2037,12,30,0.0,16.535097,0.15662697,2037
8400,r2i1p1f1,2037,12,31,0.0,7.7041674,-8.287723,2037
8401,r2i1p1f1,2038,01,01,10.75653959347759,0.25656325,-7.179055,2038
8402,r2i1p1f1,2038,01,02,1.5452774958248483,-0.5797353,-4.943485,2038
8403,r2i1p1f1,2038,01,03,0.0,5.370737,-7.490486,2038
8404,r2i1p1f1,2038,01,04,0.0,7.77163,-5.760436,2038
8405,r2i1p1f1,2038,01,05,0.356428942072503,5.1072087,-6.9421897,2038
8406,r2i1p1f1,2038,01,06,6.768532168532077,-0.6016745,-6.3619742,2038
8407,r2i1p1f1,2038,01,07,0.0,-0.45163277,-10.721894,2038
8408,r2i1p1f1,2038,01,08,1.9960991854951806,-0.02015334,-10.625697,2038
8409,r2i1p1f1,2038,01,09,45.92250762641645,0.2694805,-5.548545,2038
8410,r2i1p1f1,2038,01,10,5.4498428669446115,4.1410923,-10.553059,2038
8411,r2i1p1f1,2038,01,11,0.0,5.4769964,-0.7288968,2038
8412,r2i1p1f1,2038,01,12,20.911644513790424,6.408203,-8.654702,2038
8413,r2i1p1f1,2038,01,13,0.0,2.718034,-10.6265545,2038
8414,r2i1p1f1,2038,01,14,50.759806725769664,7.8441906,-4.060964,2038
8415,r2i1p1f1,2038,01,15,100.4431919973845,8.44237,3.786701,2038
8416,r2i1p1f1,2038,01,16,0.12851940914865387,8.159702,-0.83445495,2038
8417,r2i1p1f1,2038,01,17,0.0,7.4423265,-5.2368364,2038
8418,r2i1p1f1,2038,01,18,0.738119768713939,3.6054707,-6.4289465,2038
8419,r2i1p1f1,2038,01,19,0.9012894452937942,7.397827,1.4454122,2038
8420,r2i1p1f1,2038,01,20,48.5970103416968,5.9676566,0.4243216,2038
8421,r2i1p1f1,2038,01,21,45.32939102903653,4.244919,-1.1836271,2038
8422,r2i1p1f1,2038,01,22,0.0,6.9954295,1.8708469,2038
8423,r2i1p1f1,2038,01,23,12.786064025399705,7.841185,2.036494,2038
8424,r2i1p1f1,2038,01,24,2.30057928034302,6.8233643,1.1542342,2038
8425,r2i1p1f1,2038,01,25,0.06940441593402423,5.99525,1.5356045,2038
8426,r2i1p1f1,2038,01,26,0.0,6.9609885,1.7833596,2038
8427,r2i1p1f1,2038,01,27,0.0,7.9389367,-1.3914216,2038
8428,r2i1p1f1,2038,01,28,0.0,15.719077,-2.3429463,2038
8429,r2i1p1f1,2038,01,29,8.830323456780976,13.415978,0.5885054,2038
8430,r2i1p1f1,2038,01,30,18.61549278090444,5.764384,1.395249,2038
8431,r2i1p1f1,2038,01,31,6.905530353161828,1.903555,-9.027412,2038
8432,r2i1p1f1,2038,02,01,0.0,2.1108825,-8.177595,2038
8433,r2i1p1f1,2038,02,02,47.490618729856436,1.7237875,-3.7831903,2038
8434,r2i1p1f1,2038,02,03,3.2506708784030005,0.57988435,-13.194997,2038
8435,r2i1p1f1,2038,02,04,0.0,-0.947583,-16.52658,2038
8436,r2i1p1f1,2038,02,05,0.0,7.0744886,-8.260877,2038
8437,r2i1p1f1,2038,02,06,0.0,11.015614,-4.38274,2038
8438,r2i1p1f1,2038,02,07,0.0,12.054075,-3.1477046,2038
8439,r2i1p1f1,2038,02,08,0.0,9.964218,-2.7856615,2038
8440,r2i1p1f1,2038,02,09,0.0,14.787502,-2.0211437,2038
8441,r2i1p1f1,2038,02,10,0.0,8.152193,-7.774414,2038
8442,r2i1p1f1,2038,02,11,0.0,9.271665,-5.042172,2038
8443,r2i1p1f1,2038,02,12,0.0,7.807788,-4.1345115,2038
8444,r2i1p1f1,2038,02,13,0.0,13.051765,0.16725872,2038
8445,r2i1p1f1,2038,02,14,13.347446641665346,14.416719,-0.13905598,2038
8446,r2i1p1f1,2038,02,15,0.307836951203801,16.255196,1.0895656,2038
8447,r2i1p1f1,2038,02,16,0.07660811022298311,16.29369,4.6791716,2038
8448,r2i1p1f1,2038,02,17,0.0,17.86304,3.4928234,2038
8449,r2i1p1f1,2038,02,18,0.0,16.31093,4.451884,2038
8450,r2i1p1f1,2038,02,19,0.17419363276321048,13.297862,1.5182663,2038
8451,r2i1p1f1,2038,02,20,59.56041378622803,8.250542,-1.7649066,2038
8452,r2i1p1f1,2038,02,21,18.678603544349944,3.681107,-1.4052562,2038
8453,r2i1p1f1,2038,02,22,39.70074262111806,4.470208,-0.11046718,2038
8454,r2i1p1f1,2038,02,23,30.616771731750376,6.653418,-3.109165,2038
8455,r2i1p1f1,2038,02,24,55.31463293591514,5.0511475,-1.1377964,2038
8456,r2i1p1f1,2038,02,25,18.09002611424568,6.4260755,-0.037559215,2038
8457,r2i1p1f1,2038,02,26,0.0,8.4310255,2.381307,2038
8458,r2i1p1f1,2038,02,27,27.721696197897053,7.9707546,-0.91140866,2038
8459,r2i1p1f1,2038,02,28,0.0,9.685484,2.244924,2038
8460,r2i1p1f1,2038,03,01,0.0,9.675399,1.4877871,2038
8461,r2i1p1f1,2038,03,02,0.0,11.731181,-0.43890673,2038
8462,r2i1p1f1,2038,03,03,13.082500103952883,5.1904826,-1.3934584,2038
8463,r2i1p1f1,2038,03,04,0.00807664675029138,10.636025,-3.4029334,2038
8464,r2i1p1f1,2038,03,05,7.496406810605549,9.396657,-2.9426515,2038
8465,r2i1p1f1,2038,03,06,4.149776430631391,11.006154,2.40065,2038
8466,r2i1p1f1,2038,03,07,12.67650793258956,9.279534,-4.518004,2038
8467,r2i1p1f1,2038,03,08,3.5421426927594157,5.046652,-3.448465,2038
8468,r2i1p1f1,2038,03,09,0.0,8.107008,-4.719454,2038
8469,r2i1p1f1,2038,03,10,0.0,7.832512,-4.0312014,2038
8470,r2i1p1f1,2038,03,11,0.0,6.1969614,-4.2216806,2038
8471,r2i1p1f1,2038,03,12,2.3969503089924378,4.003781,-3.6374104,2038
8472,r2i1p1f1,2038,03,13,16.434762256931908,5.4067874,0.43738976,2038
8473,r2i1p1f1,2038,03,14,0.0,14.8072605,-1.7520783,2038
8474,r2i1p1f1,2038,03,15,10.337262057230244,8.332601,0.4678417,2038
8475,r2i1p1f1,2038,03,16,0.0,11.9257345,0.77556276,2038
8476,r2i1p1f1,2038,03,17,0.0,14.565459,0.52795804,2038
8477,r2i1p1f1,2038,03,18,0.0,18.358427,0.5160489,2038
8478,r2i1p1f1,2038,03,19,0.0,18.164642,3.807373,2038
8479,r2i1p1f1,2038,03,20,0.0,20.296545,4.686028,2038
8480,r2i1p1f1,2038,03,21,0.0,21.79522,4.535647,2038
8481,r2i1p1f1,2038,03,22,0.0,20.355658,5.738567,2038
8482,r2i1p1f1,2038,03,23,0.0,21.463902,6.591681,2038
8483,r2i1p1f1,2038,03,24,0.0,21.481232,7.007252,2038
8484,r2i1p1f1,2038,03,25,0.0,19.994808,4.301722,2038
8485,r2i1p1f1,2038,03,26,0.10892006698318604,20.394936,3.5908482,2038
8486,r2i1p1f1,2038,03,27,0.0,17.455954,3.3940833,2038
8487,r2i1p1f1,2038,03,28,0.5615450639967233,16.065357,-0.34085816,2038
8488,r2i1p1f1,2038,03,29,0.0,15.233583,-2.4974365,2038
8489,r2i1p1f1,2038,03,30,0.0,14.352937,0.40912667,2038
8490,r2i1p1f1,2038,03,31,0.0,18.99559,4.81072,2038
8491,r2i1p1f1,2038,04,01,0.0,20.946072,5.3544955,2038
8492,r2i1p1f1,2038,04,02,0.0,19.540234,5.528251,2038
8493,r2i1p1f1,2038,04,03,0.0,17.411158,5.2381735,2038
8494,r2i1p1f1,2038,04,04,11.232275785368984,11.1591215,-4.2706065,2038
8495,r2i1p1f1,2038,04,05,0.0,8.888722,-5.2472897,2038
8496,r2i1p1f1,2038,04,06,0.0,14.392393,-3.970047,2038
8497,r2i1p1f1,2038,04,07,0.0,18.504139,-1.349208,2038
8498,r2i1p1f1,2038,04,08,0.0,18.264101,0.107364945,2038
8499,r2i1p1f1,2038,04,09,0.0,19.03416,1.1601821,2038
8500,r2i1p1f1,2038,04,10,0.0,19.958363,3.6580791,2038
8501,r2i1p1f1,2038,04,11,3.0926299280648752,15.812444,3.1597111,2038
8502,r2i1p1f1,2038,04,12,0.07719640539457592,16.609169,0.7352156,2038
8503,r2i1p1f1,2038,04,13,12.495970049405095,10.812642,-2.5564697,2038
8504,r2i1p1f1,2038,04,14,3.8282487805470455,8.575572,4.8169246,2038
8505,r2i1p1f1,2038,04,15,16.958207287377892,9.401793,-2.3751438,2038
8506,r2i1p1f1,2038,04,16,20.34059284331026,10.948123,-4.0250983,2038
8507,r2i1p1f1,2038,04,17,21.089403594333607,7.247676,1.8392459,2038
8508,r2i1p1f1,2038,04,18,40.900492480991836,6.3722544,-0.3205721,2038
8509,r2i1p1f1,2038,04,19,1.121482067362824,12.96381,-1.3769482,2038
8510,r2i1p1f1,2038,04,20,0.0,16.34432,0.65994626,2038
8511,r2i1p1f1,2038,04,21,0.0,17.368246,1.9580446,2038
8512,r2i1p1f1,2038,04,22,3.3048395836186293,12.721628,-2.0020227,2038
8513,r2i1p1f1,2038,04,23,0.01612576872083502,18.44494,2.6835845,2038
8514,r2i1p1f1,2038,04,24,0.001060771781060164,20.125298,7.187767,2038
8515,r2i1p1f1,2038,04,25,0.0,18.261644,5.6976357,2038
8516,r2i1p1f1,2038,04,26,0.0,19.070347,2.7573903,2038
8517,r2i1p1f1,2038,04,27,0.0,19.384098,3.2536888,2038
8518,r2i1p1f1,2038,04,28,0.0,19.606533,4.4673514,2038
8519,r2i1p1f1,2038,04,29,0.0,22.043526,4.9933767,2038
8520,r2i1p1f1,2038,04,30,0.0,19.80737,4.29309,2038
8521,r2i1p1f1,2038,05,01,0.605862249924135,11.818392,3.208608,2038
8522,r2i1p1f1,2038,05,02,0.0,23.329868,6.206125,2038
8523,r2i1p1f1,2038,05,03,0.0,26.790174,9.427421,2038
8524,r2i1p1f1,2038,05,04,0.0,27.95474,10.252376,2038
8525,r2i1p1f1,2038,05,05,0.3573549430886767,24.07912,5.6571474,2038
8526,r2i1p1f1,2038,05,06,16.515465359211355,19.827633,2.3500514,2038
8527,r2i1p1f1,2038,05,07,6.154896911203441,10.667827,1.6823269,2038
8528,r2i1p1f1,2038,05,08,3.231826464574484,9.502304,-0.21325146,2038
8529,r2i1p1f1,2038,05,09,8.857310406850816,9.764494,0.59577847,2038
8530,r2i1p1f1,2038,05,10,3.7528058550658616,18.213491,-0.86184186,2038
8531,r2i1p1f1,2038,05,11,0.0,23.87936,6.342191,2038
8532,r2i1p1f1,2038,05,12,0.0,23.770609,7.0987015,2038
8533,r2i1p1f1,2038,05,13,0.0,24.047771,7.4251394,2038
8534,r2i1p1f1,2038,05,14,0.0,21.231997,6.6048794,2038
8535,r2i1p1f1,2038,05,15,3.063858866922741,17.568861,0.9699469,2038
8536,r2i1p1f1,2038,05,16,0.3778994435029185,22.055819,4.0875854,2038
8537,r2i1p1f1,2038,05,17,0.0,28.070988,9.743049,2038
8538,r2i1p1f1,2038,05,18,0.0,27.673979,10.917601,2038
8539,r2i1p1f1,2038,05,19,0.0,27.819035,11.232198,2038
8540,r2i1p1f1,2038,05,20,0.0,27.41308,10.524604,2038
8541,r2i1p1f1,2038,05,21,0.0,27.260347,10.716731,2038
8542,r2i1p1f1,2038,05,22,0.0,27.202618,11.672786,2038
8543,r2i1p1f1,2038,05,23,0.0,29.024288,12.456126,2038
8544,r2i1p1f1,2038,05,24,0.0,31.67314,13.349155,2038
8545,r2i1p1f1,2038,05,25,0.07759860414248229,31.562231,15.467248,2038
8546,r2i1p1f1,2038,05,26,0.13646011662925817,32.08632,15.140747,2038
8547,r2i1p1f1,2038,05,27,0.0,31.489971,14.865948,2038
8548,r2i1p1f1,2038,05,28,0.0,31.472612,13.510391,2038
8549,r2i1p1f1,2038,05,29,0.0,29.177134,12.363552,2038
8550,r2i1p1f1,2038,05,30,0.0,28.737066,11.563776,2038
8551,r2i1p1f1,2038,05,31,0.0,27.77893,10.034003,2038
8552,r2i1p1f1,2038,06,01,0.0,25.498478,7.6342306,2038
8553,r2i1p1f1,2038,06,02,0.0,26.054518,8.081541,2038
8554,r2i1p1f1,2038,06,03,0.0,25.991705,8.01322,2038
8555,r2i1p1f1,2038,06,04,0.0,23.526184,6.316685,2038
8556,r2i1p1f1,2038,06,05,0.0,21.63736,5.243491,2038
8557,r2i1p1f1,2038,06,06,0.0,22.480175,5.6664615,2038
8558,r2i1p1f1,2038,06,07,0.0,21.629343,6.5470653,2038
8559,r2i1p1f1,2038,06,08,0.0,26.0118,6.870038,2038
8560,r2i1p1f1,2038,06,09,0.0,27.89683,9.434947,2038
8561,r2i1p1f1,2038,06,10,0.0,27.177002,8.699502,2038
8562,r2i1p1f1,2038,06,11,0.0,24.415453,8.062134,2038
8563,r2i1p1f1,2038,06,12,0.0,26.86022,8.153631,2038
8564,r2i1p1f1,2038,06,13,0.0,29.248428,10.576945,2038
8565,r2i1p1f1,2038,06,14,0.0,29.658453,10.727483,2038
8566,r2i1p1f1,2038,06,15,0.0,30.619432,11.667771,2038
8567,r2i1p1f1,2038,06,16,0.0,32.92908,13.594179,2038
8568,r2i1p1f1,2038,06,17,0.0,32.767673,13.478086,2038
8569,r2i1p1f1,2038,06,18,0.43070164638965464,29.871109,10.74107,2038
8570,r2i1p1f1,2038,06,19,0.0,26.817774,8.440162,2038
8571,r2i1p1f1,2038,06,20,0.0,29.325008,10.776339,2038
8572,r2i1p1f1,2038,06,21,0.0,29.737675,11.546329,2038
8573,r2i1p1f1,2038,06,22,0.0,24.58366,7.188688,2038
8574,r2i1p1f1,2038,06,23,0.0,26.31506,7.1074576,2038
8575,r2i1p1f1,2038,06,24,0.0,27.628788,8.550818,2038
8576,r2i1p1f1,2038,06,25,0.0,27.27377,8.007372,2038
8577,r2i1p1f1,2038,06,26,0.0,29.32527,11.482343,2038
8578,r2i1p1f1,2038,06,27,0.0,29.086212,11.306276,2038
8579,r2i1p1f1,2038,06,28,0.0,28.551586,10.6670265,2038
8580,r2i1p1f1,2038,06,29,0.0,27.066235,8.957055,2038
8581,r2i1p1f1,2038,06,30,0.0,24.800697,7.124994,2038
8582,r2i1p1f1,2038,07,01,0.0,20.781738,4.764534,2038
8583,r2i1p1f1,2038,07,02,0.0,20.537565,3.4403288,2038
8584,r2i1p1f1,2038,07,03,0.0,23.285357,6.651001,2038
8585,r2i1p1f1,2038,07,04,0.0,26.774267,8.696076,2038
8586,r2i1p1f1,2038,07,05,0.0,29.447916,11.35473,2038
8587,r2i1p1f1,2038,07,06,0.0,30.061749,12.076609,2038
8588,r2i1p1f1,2038,07,07,0.0,30.277418,12.359738,2038
8589,r2i1p1f1,2038,07,08,0.0,29.268505,11.638223,2038
8590,r2i1p1f1,2038,07,09,0.0,31.003387,12.080143,2038
8591,r2i1p1f1,2038,07,10,0.0,32.01846,15.8475685,2038
8592,r2i1p1f1,2038,07,11,0.0,31.141415,13.960894,2038
8593,r2i1p1f1,2038,07,12,0.0,30.645678,13.507197,2038
8594,r2i1p1f1,2038,07,13,0.0,30.444067,13.403344,2038
8595,r2i1p1f1,2038,07,14,0.0,30.833492,14.124826,2038
8596,r2i1p1f1,2038,07,15,0.0,30.41132,13.295232,2038
8597,r2i1p1f1,2038,07,16,0.0,29.5773,12.510012,2038
8598,r2i1p1f1,2038,07,17,0.0,31.411997,14.941519,2038
8599,r2i1p1f1,2038,07,18,0.0,32.74214,14.968784,2038
8600,r2i1p1f1,2038,07,19,0.0,31.845772,15.007155,2038
8601,r2i1p1f1,2038,07,20,0.0,31.388988,14.162949,2038
8602,r2i1p1f1,2038,07,21,0.0,31.328188,13.431861,2038
8603,r2i1p1f1,2038,07,22,0.0,31.011427,13.778921,2038
8604,r2i1p1f1,2038,07,23,0.09040064857379967,30.605597,13.052357,2038
8605,r2i1p1f1,2038,07,24,0.0,28.031168,10.941795,2038
8606,r2i1p1f1,2038,07,25,0.0,27.178036,10.137773,2038
8607,r2i1p1f1,2038,07,26,0.0,29.434301,11.4388685,2038
8608,r2i1p1f1,2038,07,27,0.0,30.346357,12.289329,2038
8609,r2i1p1f1,2038,07,28,0.0,30.307285,13.194217,2038
8610,r2i1p1f1,2038,07,29,0.0,28.450966,12.085669,2038
8611,r2i1p1f1,2038,07,30,0.0,27.220028,11.107333,2038
8612,r2i1p1f1,2038,07,31,0.0,27.146288,11.492015,2038
8613,r2i1p1f1,2038,08,01,1.8912703268982183,27.643686,11.0065155,2038
8614,r2i1p1f1,2038,08,02,0.0,27.727802,10.848766,2038
8615,r2i1p1f1,2038,08,03,0.0,29.133106,11.691618,2038
8616,r2i1p1f1,2038,08,04,0.0,30.205704,12.152708,2038
8617,r2i1p1f1,2038,08,05,0.0,30.274261,11.928133,2038
8618,r2i1p1f1,2038,08,06,0.0,30.51144,12.852624,2038
8619,r2i1p1f1,2038,08,07,0.0,31.626652,14.206248,2038
8620,r2i1p1f1,2038,08,08,0.35351570574955704,31.642347,14.393526,2038
8621,r2i1p1f1,2038,08,09,1.487819472861072,30.953794,14.6456585,2038
8622,r2i1p1f1,2038,08,10,0.01746311220183718,30.126518,13.648445,2038
8623,r2i1p1f1,2038,08,11,0.0,30.574957,14.238982,2038
8624,r2i1p1f1,2038,08,12,0.0,30.314335,14.284923,2038
8625,r2i1p1f1,2038,08,13,0.0,29.895277,12.748308,2038
8626,r2i1p1f1,2038,08,14,0.0,29.593878,12.875715,2038
8627,r2i1p1f1,2038,08,15,0.0,30.183687,14.056675,2038
8628,r2i1p1f1,2038,08,16,0.0,29.747705,12.338503,2038
8629,r2i1p1f1,2038,08,17,0.0,25.614143,10.390232,2038
8630,r2i1p1f1,2038,08,18,0.0,22.286512,6.6582284,2038
8631,r2i1p1f1,2038,08,19,0.0,19.214619,3.233333,2038
8632,r2i1p1f1,2038,08,20,0.0,21.9607,6.0612216,2038
8633,r2i1p1f1,2038,08,21,0.0,24.58558,7.1923256,2038
8634,r2i1p1f1,2038,08,22,0.0,22.97804,7.461853,2038
8635,r2i1p1f1,2038,08,23,0.0,21.561232,5.688076,2038
8636,r2i1p1f1,2038,08,24,0.0,24.72536,7.140017,2038
8637,r2i1p1f1,2038,08,25,0.0,25.051989,7.6419973,2038
8638,r2i1p1f1,2038,08,26,0.0,25.425272,9.96043,2038
8639,r2i1p1f1,2038,08,27,0.0,29.307203,12.8401785,2038
8640,r2i1p1f1,2038,08,28,0.0,30.257538,13.036806,2038
8641,r2i1p1f1,2038,08,29,0.0,27.32189,10.494112,2038
8642,r2i1p1f1,2038,08,30,0.0,26.002089,9.840086,2038
8643,r2i1p1f1,2038,08,31,0.0,30.416185,10.874184,2038
8644,r2i1p1f1,2038,09,01,0.0,29.238823,11.649026,2038
8645,r2i1p1f1,2038,09,02,0.0,30.570864,13.902146,2038
8646,r2i1p1f1,2038,09,03,0.0,30.065014,13.665656,2038
8647,r2i1p1f1,2038,09,04,0.0,27.483173,11.247325,2038
8648,r2i1p1f1,2038,09,05,0.008252317135114796,26.703306,12.003355,2038
8649,r2i1p1f1,2038,09,06,0.0,27.028595,11.961698,2038
8650,r2i1p1f1,2038,09,07,0.0,28.776054,13.083294,2038
8651,r2i1p1f1,2038,09,08,0.0,28.733604,12.479778,2038
8652,r2i1p1f1,2038,09,09,0.0,28.094069,12.250937,2038
8653,r2i1p1f1,2038,09,10,0.0,28.203226,11.6048355,2038
8654,r2i1p1f1,2038,09,11,0.0,27.812094,9.39882,2038
8655,r2i1p1f1,2038,09,12,0.0,19.915537,5.147709,2038
8656,r2i1p1f1,2038,09,13,0.0,16.272552,1.5567415,2038
8657,r2i1p1f1,2038,09,14,0.0,22.605804,3.0809693,2038
8658,r2i1p1f1,2038,09,15,0.0,27.36109,9.073261,2038
8659,r2i1p1f1,2038,09,16,0.0,28.903456,10.991806,2038
8660,r2i1p1f1,2038,09,17,0.0,30.80746,12.255591,2038
8661,r2i1p1f1,2038,09,18,0.0,30.795504,12.898631,2038
8662,r2i1p1f1,2038,09,19,0.0,31.34086,14.669832,2038
8663,r2i1p1f1,2038,09,20,0.0,34.883347,15.60299,2038
8664,r2i1p1f1,2038,09,21,0.0,34.326366,17.71436,2038
8665,r2i1p1f1,2038,09,22,0.0,33.729214,16.076517,2038
8666,r2i1p1f1,2038,09,23,0.0,32.61271,16.291012,2038
8667,r2i1p1f1,2038,09,24,0.0,31.002079,15.752778,2038
8668,r2i1p1f1,2038,09,25,0.0,30.902138,14.689826,2038
8669,r2i1p1f1,2038,09,26,0.0,29.685059,13.648126,2038
8670,r2i1p1f1,2038,09,27,0.0,26.009687,9.302981,2038
8671,r2i1p1f1,2038,09,28,0.0,22.188786,5.1794653,2038
8672,r2i1p1f1,2038,09,29,0.0,25.593243,7.658948,2038
8673,r2i1p1f1,2038,09,30,0.0,27.353159,10.909672,2038
8674,r2i1p1f1,2038,10,01,0.0,26.6673,10.117287,2038
8675,r2i1p1f1,2038,10,02,0.0,21.547016,7.4286256,2038
8676,r2i1p1f1,2038,10,03,0.0,25.00523,6.6836314,2038
8677,r2i1p1f1,2038,10,04,0.0,26.02788,9.446626,2038
8678,r2i1p1f1,2038,10,05,2.422465883962734,24.55917,9.015289,2038
8679,r2i1p1f1,2038,10,06,0.0,19.839516,6.153532,2038
8680,r2i1p1f1,2038,10,07,0.0,20.959204,5.877838,2038
8681,r2i1p1f1,2038,10,08,0.0,23.057333,5.154821,2038
8682,r2i1p1f1,2038,10,09,0.0,24.861813,7.30882,2038
8683,r2i1p1f1,2038,10,10,0.0,24.908617,8.47935,2038
8684,r2i1p1f1,2038,10,11,0.0,30.37813,12.4276905,2038
8685,r2i1p1f1,2038,10,12,0.0,31.876339,14.157317,2038
8686,r2i1p1f1,2038,10,13,0.0,32.12077,13.559528,2038
8687,r2i1p1f1,2038,10,14,0.0,25.660488,9.5030155,2038
8688,r2i1p1f1,2038,10,15,0.1899540205228662,13.601904,1.3293929,2038
8689,r2i1p1f1,2038,10,16,0.0,13.77187,-2.365438,2038
8690,r2i1p1f1,2038,10,17,0.0,16.1819,1.2846117,2038
8691,r2i1p1f1,2038,10,18,0.0,17.895433,3.522644,2038
8692,r2i1p1f1,2038,10,19,0.0,21.447203,4.195114,2038
8693,r2i1p1f1,2038,10,20,0.0,23.476562,6.1595535,2038
8694,r2i1p1f1,2038,10,21,0.0,25.550644,7.438978,2038
8695,r2i1p1f1,2038,10,22,0.0,26.424034,9.321104,2038
8696,r2i1p1f1,2038,10,23,0.0,26.620663,9.048075,2038
8697,r2i1p1f1,2038,10,24,0.0,24.674416,8.058666,2038
8698,r2i1p1f1,2038,10,25,0.0,25.386185,8.754463,2038
8699,r2i1p1f1,2038,10,26,0.0,26.555864,8.762388,2038
8700,r2i1p1f1,2038,10,27,1.2497575043828244,22.842344,5.905762,2038
8701,r2i1p1f1,2038,10,28,11.828384203097531,15.314597,5.0351343,2038
8702,r2i1p1f1,2038,10,29,7.046801965239306,12.086434,6.015298,2038
8703,r2i1p1f1,2038,10,30,51.26953455205344,10.19365,5.306243,2038
8704,r2i1p1f1,2038,10,31,8.833137126049014,10.876008,3.0274768,2038
8705,r2i1p1f1,2038,11,01,12.451644461795626,11.176294,4.642041,2038
8706,r2i1p1f1,2038,11,02,5.039766102457249,9.107615,1.8752332,2038
8707,r2i1p1f1,2038,11,03,9.319701436862278,6.3987966,1.6871591,2038
8708,r2i1p1f1,2038,11,04,0.09372958951504327,11.168537,-1.028207,2038
8709,r2i1p1f1,2038,11,05,3.4684097243231147,9.487744,0.3237378,2038
8710,r2i1p1f1,2038,11,06,5.659393518264831,10.815361,5.040768,2038
8711,r2i1p1f1,2038,11,07,0.0,11.32346,2.4763014,2038
8712,r2i1p1f1,2038,11,08,3.458535259803214,6.7807555,1.774961,2038
8713,r2i1p1f1,2038,11,09,0.46325043557282275,8.4794655,0.50107896,2038
8714,r2i1p1f1,2038,11,10,0.0,12.469266,0.33756912,2038
8715,r2i1p1f1,2038,11,11,0.0,15.819312,3.0084746,2038
8716,r2i1p1f1,2038,11,12,0.0,16.949188,3.5028834,2038
8717,r2i1p1f1,2038,11,13,0.0,16.214369,3.4080958,2038
8718,r2i1p1f1,2038,11,14,0.0,18.339603,4.0480833,2038
8719,r2i1p1f1,2038,11,15,0.0987139241890243,17.927288,5.397154,2038
8720,r2i1p1f1,2038,11,16,15.48841052003459,11.219255,0.14084606,2038
8721,r2i1p1f1,2038,11,17,0.0,7.330596,-5.2367043,2038
8722,r2i1p1f1,2038,11,18,0.0,11.569907,-2.2937438,2038
8723,r2i1p1f1,2038,11,19,41.45063491171011,9.957098,3.9260528,2038
8724,r2i1p1f1,2038,11,20,8.677767322275871,11.078333,-1.4824699,2038
8725,r2i1p1f1,2038,11,21,0.003922409310829467,0.9672827,-5.618251,2038
8726,r2i1p1f1,2038,11,22,13.020425677957693,2.0110621,-5.8628206,2038
8727,r2i1p1f1,2038,11,23,0.0,2.2502112,-8.184228,2038
8728,r2i1p1f1,2038,11,24,1.6179501827886829,2.7115996,-7.5831656,2038
8729,r2i1p1f1,2038,11,25,0.0,2.4482143,-10.519756,2038
8730,r2i1p1f1,2038,11,26,0.0,8.945071,-7.604635,2038
8731,r2i1p1f1,2038,11,27,0.0,8.988577,-5.3507104,2038
8732,r2i1p1f1,2038,11,28,0.0,8.261964,-5.379335,2038
8733,r2i1p1f1,2038,11,29,0.0,9.739817,-3.6482635,2038
8734,r2i1p1f1,2038,11,30,0.0,5.131703,-12.291026,2038
8735,r2i1p1f1,2038,12,01,0.0,8.652032,-6.493109,2038
8736,r2i1p1f1,2038,12,02,0.0,7.287806,-5.507079,2038
8737,r2i1p1f1,2038,12,03,0.0,9.189894,-4.565249,2038
8738,r2i1p1f1,2038,12,04,0.0,10.085757,-4.4311533,2038
8739,r2i1p1f1,2038,12,05,0.0,11.14871,-3.237931,2038
8740,r2i1p1f1,2038,12,06,0.0,14.905007,0.7552492,2038
8741,r2i1p1f1,2038,12,07,0.0,16.292461,2.1084614,2038
8742,r2i1p1f1,2038,12,08,0.0,14.827812,1.1473724,2038
8743,r2i1p1f1,2038,12,09,0.0,15.0578985,0.32321852,2038
8744,r2i1p1f1,2038,12,10,0.0,14.806656,0.4095909,2038
8745,r2i1p1f1,2038,12,11,0.0,14.19868,1.5152153,2038
8746,r2i1p1f1,2038,12,12,0.0,16.967466,1.9928675,2038
8747,r2i1p1f1,2038,12,13,0.0,15.091607,1.8685846,2038
8748,r2i1p1f1,2038,12,14,0.0,16.5078,1.7703378,2038
8749,r2i1p1f1,2038,12,15,0.0,15.355828,0.27368927,2038
8750,r2i1p1f1,2038,12,16,0.0,14.701689,1.3527598,2038
8751,r2i1p1f1,2038,12,17,0.0,16.702724,2.7619376,2038
8752,r2i1p1f1,2038,12,18,0.0,16.617548,3.0572712,2038
8753,r2i1p1f1,2038,12,19,0.0,16.783234,3.395086,2038
8754,r2i1p1f1,2038,12,20,0.0,15.774756,2.906991,2038
8755,r2i1p1f1,2038,12,21,0.0,14.599747,2.8448987,2038
8756,r2i1p1f1,2038,12,22,0.0,14.422188,2.1969862,2038
8757,r2i1p1f1,2038,12,23,0.0,11.556209,6.0379066,2038
8758,r2i1p1f1,2038,12,24,0.24864170069961872,10.040825,4.879186,2038
8759,r2i1p1f1,2038,12,25,0.0,9.469162,4.629437,2038
8760,r2i1p1f1,2038,12,26,0.0,9.530154,2.4895527,2038
8761,r2i1p1f1,2038,12,27,0.0,15.050872,-0.57054317,2038
8762,r2i1p1f1,2038,12,28,0.0,11.981199,2.5110774,2038
8763,r2i1p1f1,2038,12,29,0.0,13.987925,1.532378,2038
8764,r2i1p1f1,2038,12,30,0.0,13.979956,2.1474788,2038
8765,r2i1p1f1,2038,12,31,0.0,13.231499,1.9759995,2038
8766,r2i1p1f1,2039,01,01,0.0,12.399854,2.7968032,2039
8767,r2i1p1f1,2039,01,02,3.968982893009245,12.584523,0.6484926,2039
8768,r2i1p1f1,2039,01,03,17.520734803110827,9.050611,4.8935876,2039
8769,r2i1p1f1,2039,01,04,38.227634736372586,8.254283,1.744542,2039
8770,r2i1p1f1,2039,01,05,0.0,9.901793,-2.2821429,2039
8771,r2i1p1f1,2039,01,06,0.0,11.302526,3.231094,2039
8772,r2i1p1f1,2039,01,07,0.0,15.869407,4.264428,2039
8773,r2i1p1f1,2039,01,08,0.0,15.377078,2.745644,2039
8774,r2i1p1f1,2039,01,09,0.0,12.899833,2.2803698,2039
8775,r2i1p1f1,2039,01,10,0.0,12.91496,0.9090102,2039
8776,r2i1p1f1,2039,01,11,0.11279400576033648,7.575809,0.68104994,2039
8777,r2i1p1f1,2039,01,12,14.226089422859681,1.3999045,-1.830922,2039
8778,r2i1p1f1,2039,01,13,0.0,5.0062804,-4.9723325,2039
8779,r2i1p1f1,2039,01,14,0.0,10.222559,-5.759211,2039
8780,r2i1p1f1,2039,01,15,0.0,8.094765,-4.694638,2039
8781,r2i1p1f1,2039,01,16,0.0,7.022331,-4.6618037,2039
8782,r2i1p1f1,2039,01,17,0.0,8.994167,-4.0868444,2039
8783,r2i1p1f1,2039,01,18,0.0,7.5833426,-4.6079445,2039
8784,r2i1p1f1,2039,01,19,0.0,16.536219,0.18641125,2039
8785,r2i1p1f1,2039,01,20,0.0,14.558212,2.5709758,2039
8786,r2i1p1f1,2039,01,21,0.0,13.626804,3.2130299,2039
8787,r2i1p1f1,2039,01,22,0.0,18.33046,2.6233082,2039
8788,r2i1p1f1,2039,01,23,0.0,19.487167,4.9610953,2039
8789,r2i1p1f1,2039,01,24,0.0,21.92902,4.813929,2039
8790,r2i1p1f1,2039,01,25,0.0,21.641415,4.6500764,2039
8791,r2i1p1f1,2039,01,26,0.0,20.935255,3.7833934,2039
8792,r2i1p1f1,2039,01,27,0.0,19.709623,3.609909,2039
8793,r2i1p1f1,2039,01,28,0.0,21.211586,5.059988,2039
8794,r2i1p1f1,2039,01,29,0.0,19.547213,6.0758996,2039
8795,r2i1p1f1,2039,01,30,0.0,19.465883,5.8304753,2039
8796,r2i1p1f1,2039,01,31,0.0,22.482386,5.6986876,2039
8797,r2i1p1f1,2039,02,01,25.758431266652995,14.624634,-0.7028218,2039
8798,r2i1p1f1,2039,02,02,1.9339162313581955,0.73784953,-8.243655,2039
8799,r2i1p1f1,2039,02,03,0.0,-4.041262,-12.502806,2039
8800,r2i1p1f1,2039,02,04,0.0,-0.33327004,-13.834013,2039
8801,r2i1p1f1,2039,02,05,0.0,5.5094714,-7.691987,2039
8802,r2i1p1f1,2039,02,06,0.0,8.020947,-8.418311,2039
8803,r2i1p1f1,2039,02,07,0.0,8.054617,-7.7776914,2039
8804,r2i1p1f1,2039,02,08,0.0,2.1056702,-11.09986,2039
8805,r2i1p1f1,2039,02,09,20.671805655225537,2.246003,-6.4791765,2039
8806,r2i1p1f1,2039,02,10,3.572123301441584,3.132448,-6.3376007,2039
8807,r2i1p1f1,2039,02,11,0.0,9.945473,-7.1135607,2039
8808,r2i1p1f1,2039,02,12,0.0,11.583742,-3.6141167,2039
8809,r2i1p1f1,2039,02,13,0.0,12.064508,-2.7749414,2039
8810,r2i1p1f1,2039,02,14,0.0,10.687245,-3.0602357,2039
8811,r2i1p1f1,2039,02,15,0.6187654114910401,6.6606655,-4.7009683,2039
8812,r2i1p1f1,2039,02,16,0.0,8.258463,-6.2562585,2039
8813,r2i1p1f1,2039,02,17,0.0,13.39061,-2.5979075,2039
8814,r2i1p1f1,2039,02,18,13.811412328169144,7.3932204,-4.8328214,2039
8815,r2i1p1f1,2039,02,19,21.153718767499623,1.119832,-3.5195904,2039
8816,r2i1p1f1,2039,02,20,0.0957465767686909,1.7055848,-2.030962,2039
8817,r2i1p1f1,2039,02,21,14.462996864928686,3.1840024,-1.5951838,2039
8818,r2i1p1f1,2039,02,22,0.0,7.195928,-2.1678288,2039
8819,r2i1p1f1,2039,02,23,3.306833535624229,9.546748,-1.0042439,2039
8820,r2i1p1f1,2039,02,24,31.236298328664045,11.73463,-2.4118562,2039
8821,r2i1p1f1,2039,02,25,0.0,5.913859,-4.7322354,2039
8822,r2i1p1f1,2039,02,26,0.0,5.6901283,-4.547375,2039
8823,r2i1p1f1,2039,02,27,0.0,6.6590405,-5.3129835,2039
8824,r2i1p1f1,2039,02,28,0.0,6.144921,-0.76166,2039
8825,r2i1p1f1,2039,03,01,0.0,8.267639,-3.4814937,2039
8826,r2i1p1f1,2039,03,02,0.0,9.676565,-6.0065646,2039
8827,r2i1p1f1,2039,03,03,0.0,9.550061,-6.9654064,2039
8828,r2i1p1f1,2039,03,04,0.016802766829361923,12.872585,-2.4949074,2039
8829,r2i1p1f1,2039,03,05,45.876793707765714,6.411121,1.2640382,2039
8830,r2i1p1f1,2039,03,06,39.48947574625401,5.133618,-2.1021612,2039
8831,r2i1p1f1,2039,03,07,45.302514640374845,6.906665,-2.7907135,2039
8832,r2i1p1f1,2039,03,08,9.726402627319867,5.213646,0.20126851,2039
8833,r2i1p1f1,2039,03,09,0.0,12.861552,-2.2871153,2039
8834,r2i1p1f1,2039,03,10,0.0,14.125546,-1.0115771,2039
8835,r2i1p1f1,2039,03,11,0.0,13.186345,0.50416046,2039
8836,r2i1p1f1,2039,03,12,17.01159396996865,4.5992737,-2.1965334,2039
8837,r2i1p1f1,2039,03,13,2.9325577885244387,6.8784,-2.125795,2039
8838,r2i1p1f1,2039,03,14,0.0,9.862872,-1.8736169,2039
8839,r2i1p1f1,2039,03,15,0.8938981274276068,4.313369,-5.80978,2039
8840,r2i1p1f1,2039,03,16,6.641220584200569,1.5607778,-6.9560633,2039
8841,r2i1p1f1,2039,03,17,17.327421518544163,2.4540021,-1.9931027,2039
8842,r2i1p1f1,2039,03,18,0.0,5.8643374,-0.5320282,2039
8843,r2i1p1f1,2039,03,19,10.665901981505717,2.802441,-2.2523232,2039
8844,r2i1p1f1,2039,03,20,0.23282027798883903,8.403812,-5.7029314,2039
8845,r2i1p1f1,2039,03,21,0.03955909741517434,1.6785135,-1.9319504,2039
8846,r2i1p1f1,2039,03,22,51.84182757332634,4.4353027,0.49741608,2039
8847,r2i1p1f1,2039,03,23,16.078786974349686,5.8173585,0.14157046,2039
8848,r2i1p1f1,2039,03,24,30.322952949623307,5.6667514,-1.5684878,2039
8849,r2i1p1f1,2039,03,25,0.0,6.017224,-4.2895045,2039
8850,r2i1p1f1,2039,03,26,0.8829043444113547,6.726157,-4.36374,2039
8851,r2i1p1f1,2039,03,27,0.0,10.87674,2.7486963,2039
8852,r2i1p1f1,2039,03,28,0.0,17.431192,1.8139429,2039
8853,r2i1p1f1,2039,03,29,0.0,19.6509,3.2803943,2039
8854,r2i1p1f1,2039,03,30,0.0,18.716547,2.259485,2039
8855,r2i1p1f1,2039,03,31,0.0,17.719275,2.0499637,2039
8856,r2i1p1f1,2039,04,01,0.0,24.419676,5.7279778,2039
8857,r2i1p1f1,2039,04,02,0.0,26.453852,8.298906,2039
8858,r2i1p1f1,2039,04,03,0.0,25.251003,7.1210337,2039
8859,r2i1p1f1,2039,04,04,0.0,23.524376,7.771195,2039
8860,r2i1p1f1,2039,04,05,0.0,28.125082,9.461894,2039
8861,r2i1p1f1,2039,04,06,0.0,29.010298,11.142515,2039
8862,r2i1p1f1,2039,04,07,0.0,28.471968,10.084434,2039
8863,r2i1p1f1,2039,04,08,0.0,24.849169,6.241411,2039
8864,r2i1p1f1,2039,04,09,0.0,20.943338,4.967259,2039
8865,r2i1p1f1,2039,04,10,0.0,27.258583,7.3692713,2039
8866,r2i1p1f1,2039,04,11,0.0,27.57794,9.118048,2039
8867,r2i1p1f1,2039,04,12,0.0,22.400465,5.606572,2039
8868,r2i1p1f1,2039,04,13,24.166432335578765,9.883157,-3.6312902,2039
8869,r2i1p1f1,2039,04,14,13.981469075392502,3.9426215,-2.795724,2039
8870,r2i1p1f1,2039,04,15,9.409000864833125,5.6306252,-5.057914,2039
8871,r2i1p1f1,2039,04,16,0.0,9.187591,-6.43749,2039
8872,r2i1p1f1,2039,04,17,7.327012623863993,5.914098,-1.1518307,2039
8873,r2i1p1f1,2039,04,18,1.9304882634759661,4.261769,-2.8671556,2039
8874,r2i1p1f1,2039,04,19,0.0,14.3905325,-2.6178334,2039
8875,r2i1p1f1,2039,04,20,0.38120362659915724,15.938162,-3.3942401,2039
8876,r2i1p1f1,2039,04,21,0.0,19.623987,1.4527277,2039
8877,r2i1p1f1,2039,04,22,0.0,20.133091,3.5607018,2039
8878,r2i1p1f1,2039,04,23,0.0,18.676674,4.5908093,2039
8879,r2i1p1f1,2039,04,24,0.3788690980714958,15.839179,1.5454508,2039
8880,r2i1p1f1,2039,04,25,0.0,22.164679,4.0079856,2039
8881,r2i1p1f1,2039,04,26,0.0,22.571064,6.556887,2039
8882,r2i1p1f1,2039,04,27,6.932168475647743,16.411026,-2.1628685,2039
8883,r2i1p1f1,2039,04,28,0.13280835958259837,12.130166,0.9843182,2039
8884,r2i1p1f1,2039,04,29,0.0,15.095732,-0.15045606,2039
8885,r2i1p1f1,2039,04,30,0.0,16.465782,2.6524003,2039
8886,r2i1p1f1,2039,05,01,0.0,18.244423,4.520291,2039
8887,r2i1p1f1,2039,05,02,0.0,21.93811,5.8125424,2039
8888,r2i1p1f1,2039,05,03,0.0,24.527943,7.231112,2039
8889,r2i1p1f1,2039,05,04,0.0,24.171347,6.3304143,2039
8890,r2i1p1f1,2039,05,05,0.0,22.369696,6.6844153,2039
8891,r2i1p1f1,2039,05,06,0.07808802228492613,18.911217,3.8975322,2039
8892,r2i1p1f1,2039,05,07,1.9390981718550813,12.961618,2.1742616,2039
8893,r2i1p1f1,2039,05,08,0.0,13.963342,-0.7533571,2039
8894,r2i1p1f1,2039,05,09,0.00033744675140321936,15.268317,-0.44024286,2039
8895,r2i1p1f1,2039,05,10,0.0,14.73676,0.7614001,2039
8896,r2i1p1f1,2039,05,11,0.0,17.94789,0.19971927,2039
8897,r2i1p1f1,2039,05,12,0.0,18.635145,2.0654962,2039
8898,r2i1p1f1,2039,05,13,0.0,16.36219,-0.13154905,2039
8899,r2i1p1f1,2039,05,14,0.0,17.235111,3.6478539,2039
8900,r2i1p1f1,2039,05,15,0.0,20.848742,3.8340993,2039
8901,r2i1p1f1,2039,05,16,0.0,27.4281,7.913042,2039
8902,r2i1p1f1,2039,05,17,0.0,29.949345,10.689302,2039
8903,r2i1p1f1,2039,05,18,0.0,29.007442,11.420386,2039
8904,r2i1p1f1,2039,05,19,0.0,27.468794,11.2571335,2039
8905,r2i1p1f1,2039,05,20,0.5116474228998413,24.750021,7.6723666,2039
8906,r2i1p1f1,2039,05,21,2.6530556430700996,17.674469,2.3215692,2039
8907,r2i1p1f1,2039,05,22,0.0,22.963745,6.8900003,2039
8908,r2i1p1f1,2039,05,23,0.0,25.75869,7.8421116,2039
8909,r2i1p1f1,2039,05,24,0.0,26.658216,7.2285695,2039
8910,r2i1p1f1,2039,05,25,0.0,26.969654,8.065811,2039
8911,r2i1p1f1,2039,05,26,0.0,27.425474,10.147102,2039
8912,r2i1p1f1,2039,05,27,0.0,27.961813,12.702842,2039
8913,r2i1p1f1,2039,05,28,0.01652604439116728,27.09733,9.427945,2039
8914,r2i1p1f1,2039,05,29,0.018750311350091718,21.513775,5.984674,2039
8915,r2i1p1f1,2039,05,30,0.14331099838063194,21.20204,6.3712406,2039
8916,r2i1p1f1,2039,05,31,0.13962847017235339,24.549503,6.1211495,2039
8917,r2i1p1f1,2039,06,01,0.0,27.204498,9.275881,2039
8918,r2i1p1f1,2039,06,02,0.0,27.56335,10.999052,2039
8919,r2i1p1f1,2039,06,03,0.0,26.64562,9.748019,2039
8920,r2i1p1f1,2039,06,04,2.327384945531846,25.190506,7.2036586,2039
8921,r2i1p1f1,2039,06,05,0.0,26.912989,10.210641,2039
8922,r2i1p1f1,2039,06,06,0.0,27.175615,10.757667,2039
8923,r2i1p1f1,2039,06,07,0.0,25.224394,8.653315,2039
8924,r2i1p1f1,2039,06,08,0.0,23.569702,5.446617,2039
8925,r2i1p1f1,2039,06,09,0.0,20.273306,3.2304347,2039
8926,r2i1p1f1,2039,06,10,0.0,18.054907,4.816941,2039
8927,r2i1p1f1,2039,06,11,0.0,26.4319,7.383146,2039
8928,r2i1p1f1,2039,06,12,0.0,31.825699,12.81576,2039
8929,r2i1p1f1,2039,06,13,0.0,33.520203,15.492259,2039
8930,r2i1p1f1,2039,06,14,0.0,34.261272,15.342529,2039
8931,r2i1p1f1,2039,06,15,0.0,31.264627,13.911106,2039
8932,r2i1p1f1,2039,06,16,0.0,29.220108,11.179092,2039
8933,r2i1p1f1,2039,06,17,0.0,29.323404,11.1032,2039
8934,r2i1p1f1,2039,06,18,0.0,28.72368,10.55737,2039
8935,r2i1p1f1,2039,06,19,0.0,30.30079,13.155869,2039
8936,r2i1p1f1,2039,06,20,0.0,27.888222,10.038881,2039
8937,r2i1p1f1,2039,06,21,0.0,27.256222,9.396179,2039
8938,r2i1p1f1,2039,06,22,0.0,25.80404,7.9327674,2039
8939,r2i1p1f1,2039,06,23,0.0,26.057827,8.234072,2039
8940,r2i1p1f1,2039,06,24,0.0,29.561611,11.421348,2039
8941,r2i1p1f1,2039,06,25,0.0,30.522871,11.604895,2039
8942,r2i1p1f1,2039,06,26,0.0,28.305075,11.287379,2039
8943,r2i1p1f1,2039,06,27,0.0,24.732445,8.077081,2039
8944,r2i1p1f1,2039,06,28,0.0,28.247133,9.469615,2039
8945,r2i1p1f1,2039,06,29,0.0,31.06081,11.963221,2039
8946,r2i1p1f1,2039,06,30,0.0,31.117338,13.644377,2039
8947,r2i1p1f1,2039,07,01,0.0,30.94794,12.296972,2039
8948,r2i1p1f1,2039,07,02,0.0,31.427164,12.41124,2039
8949,r2i1p1f1,2039,07,03,0.0,33.5588,14.540662,2039
8950,r2i1p1f1,2039,07,04,0.0,33.07865,14.364184,2039
8951,r2i1p1f1,2039,07,05,0.0,32.169895,13.948154,2039
8952,r2i1p1f1,2039,07,06,0.0,29.571476,12.211733,2039
8953,r2i1p1f1,2039,07,07,0.0,30.931347,11.85528,2039
8954,r2i1p1f1,2039,07,08,0.0,31.629984,12.258896,2039
8955,r2i1p1f1,2039,07,09,0.0,31.57354,13.033159,2039
8956,r2i1p1f1,2039,07,10,0.0,32.28158,14.328873,2039
8957,r2i1p1f1,2039,07,11,0.0,33.142586,15.838875,2039
8958,r2i1p1f1,2039,07,12,0.0,32.803364,15.204909,2039
8959,r2i1p1f1,2039,07,13,0.0,31.88916,14.674314,2039
8960,r2i1p1f1,2039,07,14,0.0,30.108887,12.131197,2039
8961,r2i1p1f1,2039,07,15,0.0,28.961689,11.207615,2039
8962,r2i1p1f1,2039,07,16,0.0,27.246195,9.801524,2039
8963,r2i1p1f1,2039,07,17,0.0,29.899971,11.936032,2039
8964,r2i1p1f1,2039,07,18,0.0,32.78852,14.50857,2039
8965,r2i1p1f1,2039,07,19,0.0,34.6059,16.587114,2039
8966,r2i1p1f1,2039,07,20,0.0,33.2824,15.010896,2039
8967,r2i1p1f1,2039,07,21,0.0,31.109545,12.848652,2039
8968,r2i1p1f1,2039,07,22,0.0,29.923096,11.938868,2039
8969,r2i1p1f1,2039,07,23,0.0,30.997057,12.760107,2039
8970,r2i1p1f1,2039,07,24,0.0,31.097687,14.413101,2039
8971,r2i1p1f1,2039,07,25,0.0,30.429718,13.291177,2039
8972,r2i1p1f1,2039,07,26,0.0,30.07981,12.631813,2039
8973,r2i1p1f1,2039,07,27,0.0,30.407764,12.447739,2039
8974,r2i1p1f1,2039,07,28,0.0,30.992218,13.997735,2039
8975,r2i1p1f1,2039,07,29,0.0,33.522163,15.909505,2039
8976,r2i1p1f1,2039,07,30,0.0,33.534748,15.964309,2039
8977,r2i1p1f1,2039,07,31,0.0,32.30996,13.935916,2039
8978,r2i1p1f1,2039,08,01,0.0,30.474277,12.892945,2039
8979,r2i1p1f1,2039,08,02,0.1128699044224609,31.043316,14.791475,2039
8980,r2i1p1f1,2039,08,03,0.0,31.803524,15.358596,2039
8981,r2i1p1f1,2039,08,04,0.0,31.716158,15.676169,2039
8982,r2i1p1f1,2039,08,05,0.0,30.96752,13.50785,2039
8983,r2i1p1f1,2039,08,06,0.0,29.767164,11.616413,2039
8984,r2i1p1f1,2039,08,07,0.0,30.83272,13.322056,2039
8985,r2i1p1f1,2039,08,08,0.0,31.89559,14.486787,2039
8986,r2i1p1f1,2039,08,09,0.0,32.943924,15.1681,2039
8987,r2i1p1f1,2039,08,10,0.0,33.503494,15.732131,2039
8988,r2i1p1f1,2039,08,11,0.0,33.772472,16.47519,2039
8989,r2i1p1f1,2039,08,12,0.1502004656930904,34.810886,17.21252,2039
8990,r2i1p1f1,2039,08,13,0.0,34.02089,18.016386,2039
8991,r2i1p1f1,2039,08,14,0.017909760600349937,30.050444,15.559921,2039
8992,r2i1p1f1,2039,08,15,0.004933825962675305,29.21374,11.876994,2039
8993,r2i1p1f1,2039,08,16,0.0,28.508896,10.615239,2039
8994,r2i1p1f1,2039,08,17,0.0,29.331896,10.927819,2039
8995,r2i1p1f1,2039,08,18,0.0,29.536007,12.596539,2039
8996,r2i1p1f1,2039,08,19,0.0,30.10711,13.350104,2039
8997,r2i1p1f1,2039,08,20,0.0,30.765371,12.2387905,2039
8998,r2i1p1f1,2039,08,21,0.0,30.301811,13.296988,2039
8999,r2i1p1f1,2039,08,22,0.0,30.04203,11.734261,2039
9000,r2i1p1f1,2039,08,23,0.0,27.561514,10.648442,2039
9001,r2i1p1f1,2039,08,24,0.0,30.334843,11.433911,2039
9002,r2i1p1f1,2039,08,25,0.0,30.809883,12.57364,2039
9003,r2i1p1f1,2039,08,26,0.0,31.784393,13.433943,2039
9004,r2i1p1f1,2039,08,27,0.0,32.5679,13.727575,2039
9005,r2i1p1f1,2039,08,28,0.0,32.15286,13.381294,2039
9006,r2i1p1f1,2039,08,29,0.0,30.688822,12.453089,2039
9007,r2i1p1f1,2039,08,30,0.0,26.766611,8.776633,2039
9008,r2i1p1f1,2039,08,31,0.0,30.643023,9.791313,2039
9009,r2i1p1f1,2039,09,01,0.0,28.580338,12.616884,2039
9010,r2i1p1f1,2039,09,02,2.3131687396996243,29.39388,14.935369,2039
9011,r2i1p1f1,2039,09,03,0.0,29.42041,13.405169,2039
9012,r2i1p1f1,2039,09,04,0.0,30.881874,13.898244,2039
9013,r2i1p1f1,2039,09,05,0.0,31.35982,14.409699,2039
9014,r2i1p1f1,2039,09,06,0.0,32.33288,16.269962,2039
9015,r2i1p1f1,2039,09,07,0.0,34.28262,17.354107,2039
9016,r2i1p1f1,2039,09,08,0.0,36.440956,19.825884,2039
9017,r2i1p1f1,2039,09,09,0.0,39.28791,21.911747,2039
9018,r2i1p1f1,2039,09,10,0.0,38.784588,21.378502,2039
9019,r2i1p1f1,2039,09,11,0.0,38.673416,21.25566,2039
9020,r2i1p1f1,2039,09,12,0.0,37.766277,20.713364,2039
9021,r2i1p1f1,2039,09,13,0.4441256841696136,34.571377,17.760658,2039
9022,r2i1p1f1,2039,09,14,0.24510089472012345,29.994698,14.57181,2039
9023,r2i1p1f1,2039,09,15,10.09447589269537,29.869232,14.591919,2039
9024,r2i1p1f1,2039,09,16,0.658349663273419,28.30811,13.486353,2039
9025,r2i1p1f1,2039,09,17,4.42188024306653,28.102125,13.183418,2039
9026,r2i1p1f1,2039,09,18,0.0,27.364279,12.420367,2039
9027,r2i1p1f1,2039,09,19,0.008646248450252013,26.630566,12.558583,2039
9028,r2i1p1f1,2039,09,20,0.003644684469551206,25.502846,10.026768,2039
9029,r2i1p1f1,2039,09,21,0.0,20.261333,5.5566263,2039
9030,r2i1p1f1,2039,09,22,0.0,18.637157,4.458493,2039
9031,r2i1p1f1,2039,09,23,0.0,18.090729,3.385894,2039
9032,r2i1p1f1,2039,09,24,0.0,20.701841,3.3224628,2039
9033,r2i1p1f1,2039,09,25,0.0,20.74105,5.573931,2039
9034,r2i1p1f1,2039,09,26,0.0,21.977188,5.686871,2039
9035,r2i1p1f1,2039,09,27,0.0,22.254738,8.265066,2039
9036,r2i1p1f1,2039,09,28,0.22309020084951323,22.341757,7.9340587,2039
9037,r2i1p1f1,2039,09,29,0.0,26.520103,9.4166155,2039
9038,r2i1p1f1,2039,09,30,0.0,27.875425,11.955776,2039
9039,r2i1p1f1,2039,10,01,0.0,30.006548,12.0503645,2039
9040,r2i1p1f1,2039,10,02,0.0,29.864628,11.294595,2039
9041,r2i1p1f1,2039,10,03,0.0,29.368887,12.654199,2039
9042,r2i1p1f1,2039,10,04,0.0,27.909393,12.81636,2039
9043,r2i1p1f1,2039,10,05,0.0,28.480507,11.438388,2039
9044,r2i1p1f1,2039,10,06,0.0,26.511362,8.958445,2039
9045,r2i1p1f1,2039,10,07,0.0,23.13688,8.981323,2039
9046,r2i1p1f1,2039,10,08,0.0,21.24684,4.2164683,2039
9047,r2i1p1f1,2039,10,09,0.0,21.69874,3.5065944,2039
9048,r2i1p1f1,2039,10,10,0.0,21.453896,5.285519,2039
9049,r2i1p1f1,2039,10,11,0.0,22.50748,5.0671525,2039
9050,r2i1p1f1,2039,10,12,0.0,21.638468,6.679185,2039
9051,r2i1p1f1,2039,10,13,0.3342838607680348,18.415638,6.2723255,2039
9052,r2i1p1f1,2039,10,14,0.0,20.431206,4.844123,2039
9053,r2i1p1f1,2039,10,15,0.0,20.240387,5.9878125,2039
9054,r2i1p1f1,2039,10,16,0.0,23.68139,8.690605,2039
9055,r2i1p1f1,2039,10,17,0.0,26.815536,9.149979,2039
9056,r2i1p1f1,2039,10,18,0.0,27.089956,9.393159,2039
9057,r2i1p1f1,2039,10,19,0.0,22.479208,7.382062,2039
9058,r2i1p1f1,2039,10,20,0.0,17.829254,4.7057657,2039
9059,r2i1p1f1,2039,10,21,0.0,18.155825,2.944539,2039
9060,r2i1p1f1,2039,10,22,0.0,19.493761,4.357601,2039
9061,r2i1p1f1,2039,10,23,0.0,21.839087,6.145198,2039
9062,r2i1p1f1,2039,10,24,0.0,22.582767,5.610709,2039
9063,r2i1p1f1,2039,10,25,0.0,18.868717,5.6903486,2039
9064,r2i1p1f1,2039,10,26,0.0,18.982082,5.553702,2039
9065,r2i1p1f1,2039,10,27,0.0,19.552914,5.176079,2039
9066,r2i1p1f1,2039,10,28,0.0,19.436361,6.741887,2039
9067,r2i1p1f1,2039,10,29,0.0,25.196526,9.200134,2039
9068,r2i1p1f1,2039,10,30,0.0,24.024902,7.3944144,2039
9069,r2i1p1f1,2039,10,31,0.0,22.901041,7.5588818,2039
9070,r2i1p1f1,2039,11,01,0.0,17.539902,5.229745,2039
9071,r2i1p1f1,2039,11,02,0.0,17.506811,2.3097234,2039
9072,r2i1p1f1,2039,11,03,0.0,18.498068,4.846162,2039
9073,r2i1p1f1,2039,11,04,0.0,15.189231,1.6456727,2039
9074,r2i1p1f1,2039,11,05,22.16339207818517,13.15733,2.2986786,2039
9075,r2i1p1f1,2039,11,06,0.0,13.985489,2.6330895,2039
9076,r2i1p1f1,2039,11,07,0.0,13.272852,1.0662363,2039
9077,r2i1p1f1,2039,11,08,0.0,14.853979,2.2866728,2039
9078,r2i1p1f1,2039,11,09,0.0,12.553455,2.7187226,2039
9079,r2i1p1f1,2039,11,10,0.061946407032127566,8.259401,-0.2627143,2039
9080,r2i1p1f1,2039,11,11,0.0,10.793734,0.70586133,2039
9081,r2i1p1f1,2039,11,12,21.18794855800493,10.822988,1.8355939,2039
9082,r2i1p1f1,2039,11,13,57.611025744475995,8.230878,3.1186688,2039
9083,r2i1p1f1,2039,11,14,16.846028440900575,6.2107453,0.7908409,2039
9084,r2i1p1f1,2039,11,15,20.565891989211266,8.152003,-0.80157226,2039
9085,r2i1p1f1,2039,11,16,13.42480081220856,10.59332,1.0990304,2039
9086,r2i1p1f1,2039,11,17,0.0,9.605002,-2.6729968,2039
9087,r2i1p1f1,2039,11,18,0.0,8.599581,-3.6616478,2039
9088,r2i1p1f1,2039,11,19,0.0,10.835941,0.2826503,2039
9089,r2i1p1f1,2039,11,20,0.0,17.159483,0.8908254,2039
9090,r2i1p1f1,2039,11,21,0.0,17.333204,3.6279304,2039
9091,r2i1p1f1,2039,11,22,0.0,14.168177,1.6425855,2039
9092,r2i1p1f1,2039,11,23,0.0,13.027415,4.0660267,2039
9093,r2i1p1f1,2039,11,24,27.64536057567546,8.811361,3.3367858,2039
9094,r2i1p1f1,2039,11,25,2.3082130723843455,9.4759445,0.37013686,2039
9095,r2i1p1f1,2039,11,26,69.6250576633387,8.582814,-0.4086023,2039
9096,r2i1p1f1,2039,11,27,16.876869558417148,8.358231,-1.5127847,2039
9097,r2i1p1f1,2039,11,28,1.1269590956194757,2.6480336,-3.003498,2039
9098,r2i1p1f1,2039,11,29,10.356074152626276,1.6595621,-2.9977412,2039
9099,r2i1p1f1,2039,11,30,0.011805134888093632,4.4762125,-3.1161335,2039
9100,r2i1p1f1,2039,12,01,0.0,7.573418,-4.665339,2039
9101,r2i1p1f1,2039,12,02,1.7376145881336504,3.8121142,-3.8711963,2039
9102,r2i1p1f1,2039,12,03,20.70228553336794,12.812241,1.2592615,2039
9103,r2i1p1f1,2039,12,04,12.992410014367824,13.032178,8.278519,2039
9104,r2i1p1f1,2039,12,05,39.915650125252654,9.309118,4.5695276,2039
9105,r2i1p1f1,2039,12,06,7.12230246807359,14.418931,0.18835762,2039
9106,r2i1p1f1,2039,12,07,0.02083641089624367,14.6252365,3.0736132,2039
9107,r2i1p1f1,2039,12,08,0.0,12.647378,4.9281654,2039
9108,r2i1p1f1,2039,12,09,0.0,17.896305,4.280919,2039
9109,r2i1p1f1,2039,12,10,0.0,18.837294,5.0839486,2039
9110,r2i1p1f1,2039,12,11,0.07296165924624522,17.669466,5.8509464,2039
9111,r2i1p1f1,2039,12,12,0.1440224914963787,13.845988,0.5191578,2039
9112,r2i1p1f1,2039,12,13,0.0,8.49243,-4.5028687,2039
9113,r2i1p1f1,2039,12,14,0.0,10.384643,-3.7130048,2039
9114,r2i1p1f1,2039,12,15,0.0,13.288345,-0.75479996,2039
9115,r2i1p1f1,2039,12,16,7.464082212335108,4.9752975,-0.0923863,2039
9116,r2i1p1f1,2039,12,17,47.10072045205519,2.8511188,-1.0720994,2039
9117,r2i1p1f1,2039,12,18,12.538910566050058,1.392007,-4.2474265,2039
9118,r2i1p1f1,2039,12,19,55.54382967888019,3.3922539,-1.9686404,2039
9119,r2i1p1f1,2039,12,20,2.17307857160799,4.942199,-6.7816477,2039
9120,r2i1p1f1,2039,12,21,0.0,6.492002,-8.6298485,2039
9121,r2i1p1f1,2039,12,22,5.154405120377375,1.6379832,-9.920257,2039
9122,r2i1p1f1,2039,12,23,0.0868046908111025,3.9516218,-6.8321753,2039
9123,r2i1p1f1,2039,12,24,0.0,2.964589,-7.330001,2039
9124,r2i1p1f1,2039,12,25,0.0,8.996911,-3.748424,2039
9125,r2i1p1f1,2039,12,26,0.0,4.962037,-5.5979495,2039
9126,r2i1p1f1,2039,12,27,0.0,3.9993975,-6.261882,2039
9127,r2i1p1f1,2039,12,28,0.0,7.7551084,-3.4822767,2039
9128,r2i1p1f1,2039,12,29,0.0,6.312022,-4.2674384,2039
9129,r2i1p1f1,2039,12,30,0.0,5.2769938,-4.705433,2039
9130,r2i1p1f1,2039,12,31,3.6307036494970535,4.4310784,-2.723391,2039
9131,r2i1p1f1,2040,01,01,7.430128018516441,1.8613214,-2.3288758,2040
9132,r2i1p1f1,2040,01,02,0.0,4.9700165,-3.4856536,2040
9133,r2i1p1f1,2040,01,03,0.0,5.6622715,-5.669208,2040
9134,r2i1p1f1,2040,01,04,0.0,6.86261,-4.6911664,2040
9135,r2i1p1f1,2040,01,05,0.0,7.5712204,-3.5552568,2040
9136,r2i1p1f1,2040,01,06,0.0,7.58739,-3.0188906,2040
9137,r2i1p1f1,2040,01,07,2.7125407404407897,3.535243,-1.5736392,2040
9138,r2i1p1f1,2040,01,08,37.49502853741153,3.4428606,-1.5917739,2040
9139,r2i1p1f1,2040,01,09,19.51786161925366,3.1598291,-2.4274065,2040
9140,r2i1p1f1,2040,01,10,0.0,6.0063148,-4.9114594,2040
9141,r2i1p1f1,2040,01,11,0.2827214873290219,4.869829,-2.602461,2040
9142,r2i1p1f1,2040,01,12,0.0,5.743729,-2.2731404,2040
9143,r2i1p1f1,2040,01,13,0.11292306049794067,5.732484,-1.143055,2040
9144,r2i1p1f1,2040,01,14,2.3958596572881037,4.634806,-0.44658163,2040
9145,r2i1p1f1,2040,01,15,0.0,8.710066,3.2311168,2040
9146,r2i1p1f1,2040,01,16,53.39630134045505,9.8268795,3.4254596,2040
9147,r2i1p1f1,2040,01,17,19.493785039118777,7.995837,-0.8995833,2040
9148,r2i1p1f1,2040,01,18,8.439566459485203,2.4779944,-8.541987,2040
9149,r2i1p1f1,2040,01,19,0.0,-0.30283463,-6.72458,2040
9150,r2i1p1f1,2040,01,20,0.0,6.200071,-8.171559,2040
9151,r2i1p1f1,2040,01,21,0.0,3.8047845,-7.06468,2040
9152,r2i1p1f1,2040,01,22,0.523771480419992,1.4123266,-4.335529,2040
9153,r2i1p1f1,2040,01,23,10.925797350137145,-2.2657573,-9.491457,2040
9154,r2i1p1f1,2040,01,24,30.717388266482605,1.3484235,-5.148046,2040
9155,r2i1p1f1,2040,01,25,73.52977409833468,10.061208,-3.8980744,2040
9156,r2i1p1f1,2040,01,26,59.12320046291615,8.604582,2.2277522,2040
9157,r2i1p1f1,2040,01,27,26.57764142092604,4.774523,1.1160367,2040
9158,r2i1p1f1,2040,01,28,15.427926445129113,4.344335,0.0932896,2040
9159,r2i1p1f1,2040,01,29,0.0,16.898502,1.7551105,2040
9160,r2i1p1f1,2040,01,30,0.0,20.764872,5.2330112,2040
9161,r2i1p1f1,2040,01,31,0.0,19.866001,4.8223295,2040
9162,r2i1p1f1,2040,02,01,0.0,21.193094,5.6930203,2040
9163,r2i1p1f1,2040,02,02,0.0,16.10563,1.9141254,2040
9164,r2i1p1f1,2040,02,03,0.0,18.280455,4.3267465,2040
9165,r2i1p1f1,2040,02,04,0.0,17.868462,2.555177,2040
9166,r2i1p1f1,2040,02,05,33.96875984617509,15.964581,-3.267924,2040
9167,r2i1p1f1,2040,02,06,34.15088464300005,10.531324,-3.5058312,2040
9168,r2i1p1f1,2040,02,07,0.0,7.1252866,3.204276,2040
9169,r2i1p1f1,2040,02,08,28.35032737236291,7.4750853,2.3000484,2040
9170,r2i1p1f1,2040,02,09,0.04309002720569529,8.649928,4.4545345,2040
9171,r2i1p1f1,2040,02,10,9.196233273234192,9.681137,4.011266,2040
9172,r2i1p1f1,2040,02,11,0.3926667374938776,14.838379,2.888185,2040
9173,r2i1p1f1,2040,02,12,0.0,17.434141,2.0661805,2040
9174,r2i1p1f1,2040,02,13,0.0,18.115791,4.1727633,2040
9175,r2i1p1f1,2040,02,14,0.0,17.847643,2.865794,2040
9176,r2i1p1f1,2040,02,15,0.0,19.080503,3.3530219,2040
9177,r2i1p1f1,2040,02,16,0.0,16.533947,1.1978433,2040
9178,r2i1p1f1,2040,02,17,2.5762166934817707,17.64388,0.371548,2040
9179,r2i1p1f1,2040,02,18,2.624928962834999,7.826913,-6.3054285,2040
9180,r2i1p1f1,2040,02,19,4.44172784660063,4.0674973,-0.33453086,2040
9181,r2i1p1f1,2040,02,20,12.144838405094141,2.7781737,-1.5063802,2040
9182,r2i1p1f1,2040,02,21,2.878764360922595,10.336636,-1.8631839,2040
9183,r2i1p1f1,2040,02,22,17.94352994430273,11.492998,1.0641242,2040
9184,r2i1p1f1,2040,02,23,21.057896382990293,10.497263,4.3452215,2040
9185,r2i1p1f1,2040,02,24,10.134886585963333,9.563323,-0.24178657,2040
9186,r2i1p1f1,2040,02,25,0.0,11.2003565,-1.0372486,2040
9187,r2i1p1f1,2040,02,26,0.17995453030240383,11.132521,-0.21231988,2040
9188,r2i1p1f1,2040,02,27,0.0,12.573997,0.75681806,2040
9189,r2i1p1f1,2040,02,28,0.0,13.410896,2.22354,2040
9190,r2i1p1f1,2040,02,29,0.0209934491767154,12.274167,2.564816,2040
9191,r2i1p1f1,2040,03,01,8.743311409699135,5.986859,-3.5869865,2040
9192,r2i1p1f1,2040,03,02,0.0,10.5092745,-4.634855,2040
9193,r2i1p1f1,2040,03,03,0.0,10.782887,-4.1778054,2040
9194,r2i1p1f1,2040,03,04,0.0,11.393078,-3.2470264,2040
9195,r2i1p1f1,2040,03,05,15.206236877174188,10.318332,-4.4129934,2040
9196,r2i1p1f1,2040,03,06,0.02313345068194814,5.9032373,-3.6405263,2040
9197,r2i1p1f1,2040,03,07,0.0,2.902505,-3.526125,2040
9198,r2i1p1f1,2040,03,08,0.0,6.5898924,-0.9208461,2040
9199,r2i1p1f1,2040,03,09,0.0,9.402629,-1.2071468,2040
9200,r2i1p1f1,2040,03,10,0.34062019510131974,10.5155325,2.0936654,2040
9201,r2i1p1f1,2040,03,11,0.0,15.260054,3.4836507,2040
9202,r2i1p1f1,2040,03,12,0.0,13.028517,4.40566,2040
9203,r2i1p1f1,2040,03,13,0.0,16.721216,0.5214421,2040
9204,r2i1p1f1,2040,03,14,0.0,15.248991,0.96860033,2040
9205,r2i1p1f1,2040,03,15,0.0,15.15655,-0.24937145,2040
9206,r2i1p1f1,2040,03,16,0.0,13.03133,2.8028743,2040
9207,r2i1p1f1,2040,03,17,0.0,9.923581,1.6198523,2040
9208,r2i1p1f1,2040,03,18,18.209007650371998,5.2841578,0.8013725,2040
9209,r2i1p1f1,2040,03,19,0.8031693173961685,14.67875,-0.92427677,2040
9210,r2i1p1f1,2040,03,20,0.001545654025938767,16.498423,1.9390048,2040
9211,r2i1p1f1,2040,03,21,0.0,21.23002,2.5867567,2040
9212,r2i1p1f1,2040,03,22,0.0,19.05204,3.5767713,2040
9213,r2i1p1f1,2040,03,23,0.0,18.897987,3.613993,2040
9214,r2i1p1f1,2040,03,24,0.18989154184684873,16.896837,1.8520545,2040
9215,r2i1p1f1,2040,03,25,31.28719963491536,8.449178,-6.079175,2040
9216,r2i1p1f1,2040,03,26,3.3436749302032136,0.14467385,-8.269882,2040
9217,r2i1p1f1,2040,03,27,0.006151200684074026,6.0199594,-8.601355,2040
9218,r2i1p1f1,2040,03,28,9.99643621460284,2.3905222,-3.071877,2040
9219,r2i1p1f1,2040,03,29,32.210902627915715,2.1052916,-4.186692,2040
9220,r2i1p1f1,2040,03,30,0.06648550573887545,4.521753,-12.6106415,2040
9221,r2i1p1f1,2040,03,31,4.182525352266216,1.1397209,-11.88998,2040
9222,r2i1p1f1,2040,04,01,1.940025724707084,-0.67054886,-6.3692226,2040
9223,r2i1p1f1,2040,04,02,0.0,7.08292,-6.470863,2040
9224,r2i1p1f1,2040,04,03,0.0,8.636221,1.2156029,2040
9225,r2i1p1f1,2040,04,04,0.0,17.22681,0.80473036,2040
9226,r2i1p1f1,2040,04,05,0.0,18.177223,3.0562181,2040
9227,r2i1p1f1,2040,04,06,0.0,19.70767,5.140016,2040
9228,r2i1p1f1,2040,04,07,0.0,22.889683,5.3715253,2040
9229,r2i1p1f1,2040,04,08,0.0,22.248339,6.818447,2040
9230,r2i1p1f1,2040,04,09,0.04582318247580238,19.971859,4.209001,2040
9231,r2i1p1f1,2040,04,10,0.0,15.891628,0.50901276,2040
9232,r2i1p1f1,2040,04,11,0.0,13.628377,-0.38995,2040
9233,r2i1p1f1,2040,04,12,0.616259534922392,4.955664,-3.097215,2040
9234,r2i1p1f1,2040,04,13,0.0,7.9863377,-6.7389293,2040
9235,r2i1p1f1,2040,04,14,0.0,16.490448,-1.2299329,2040
9236,r2i1p1f1,2040,04,15,0.0,21.600887,2.2402568,2040
9237,r2i1p1f1,2040,04,16,0.0,22.9543,4.1150637,2040
9238,r2i1p1f1,2040,04,17,0.0,25.07599,6.82048,2040
9239,r2i1p1f1,2040,04,18,0.0,25.800985,7.3450146,2040
9240,r2i1p1f1,2040,04,19,0.0,19.704264,2.9217799,2040
9241,r2i1p1f1,2040,04,20,14.024061266788452,7.639161,-5.780786,2040
9242,r2i1p1f1,2040,04,21,35.130856113615806,5.315935,-0.33499625,2040
9243,r2i1p1f1,2040,04,22,9.203533212488624,10.414142,0.95420253,2040
9244,r2i1p1f1,2040,04,23,1.252947784391486,19.04619,3.696077,2040
9245,r2i1p1f1,2040,04,24,15.464178361715032,13.753291,-1.9105341,2040
9246,r2i1p1f1,2040,04,25,7.70603051510429,9.523269,-0.8412384,2040
9247,r2i1p1f1,2040,04,26,0.08681838606452612,16.255613,-0.1361799,2040
9248,r2i1p1f1,2040,04,27,0.0,18.72942,2.3251362,2040
9249,r2i1p1f1,2040,04,28,0.0,19.41585,3.3921587,2040
9250,r2i1p1f1,2040,04,29,0.0,24.4199,8.354702,2040
9251,r2i1p1f1,2040,04,30,0.0,28.002817,9.282154,2040
9252,r2i1p1f1,2040,05,01,0.0,28.395514,9.870929,2040
9253,r2i1p1f1,2040,05,02,0.014931453803840738,26.61899,8.813834,2040
9254,r2i1p1f1,2040,05,03,0.0,28.130991,10.138598,2040
9255,r2i1p1f1,2040,05,04,0.0,26.652182,10.118778,2040
9256,r2i1p1f1,2040,05,05,0.0,25.173897,7.138171,2040
9257,r2i1p1f1,2040,05,06,0.0,20.053087,4.674812,2040
9258,r2i1p1f1,2040,05,07,0.0,19.535492,3.91596,2040
9259,r2i1p1f1,2040,05,08,0.0,23.1563,5.239612,2040
9260,r2i1p1f1,2040,05,09,0.0,22.834608,6.8601913,2040
9261,r2i1p1f1,2040,05,10,0.0,17.986546,2.0994208,2040
9262,r2i1p1f1,2040,05,11,19.801829702471597,12.713357,-0.50054353,2040
9263,r2i1p1f1,2040,05,12,4.208102854401939,13.743984,-0.02010766,2040
9264,r2i1p1f1,2040,05,13,0.0,23.058327,7.7867885,2040
9265,r2i1p1f1,2040,05,14,0.0,26.920992,8.715652,2040
9266,r2i1p1f1,2040,05,15,0.0,27.273233,9.606436,2040
9267,r2i1p1f1,2040,05,16,0.0,28.15941,9.404817,2040
9268,r2i1p1f1,2040,05,17,0.649970332317305,27.088854,12.834995,2040
9269,r2i1p1f1,2040,05,18,0.0,28.035957,10.864166,2040
9270,r2i1p1f1,2040,05,19,2.4220547153443195,24.466373,6.861397,2040
9271,r2i1p1f1,2040,05,20,6.494830244978052,15.131419,2.384235,2040
9272,r2i1p1f1,2040,05,21,3.120432701640451,13.393274,5.4688487,2040
9273,r2i1p1f1,2040,05,22,1.5121596427889017,17.981216,2.9357986,2040
9274,r2i1p1f1,2040,05,23,0.0,18.815596,3.5512624,2040
9275,r2i1p1f1,2040,05,24,0.0,17.115316,4.6934633,2040
9276,r2i1p1f1,2040,05,25,2.492899253250541,12.673889,2.1347384,2040
9277,r2i1p1f1,2040,05,26,2.152072506382515,12.603584,-2.9128554,2040
9278,r2i1p1f1,2040,05,27,0.744304510422248,20.947956,2.9950829,2040
9279,r2i1p1f1,2040,05,28,0.0,21.633411,5.6353626,2040
9280,r2i1p1f1,2040,05,29,0.08863568028363471,18.924225,8.851456,2040
9281,r2i1p1f1,2040,05,30,0.0,19.394678,4.9625955,2040
9282,r2i1p1f1,2040,05,31,0.03791300326926061,19.368774,2.6418583,2040
9283,r2i1p1f1,2040,06,01,0.017094186939805064,15.638545,-1.3469117,2040
9284,r2i1p1f1,2040,06,02,0.2845391613216354,14.018232,-0.4166829,2040
9285,r2i1p1f1,2040,06,03,0.0,18.444067,2.31773,2040
9286,r2i1p1f1,2040,06,04,0.0,21.847065,3.1092277,2040
9287,r2i1p1f1,2040,06,05,0.0,20.588394,4.4053726,2040
9288,r2i1p1f1,2040,06,06,1.264507973554338,16.321218,1.3468498,2040
9289,r2i1p1f1,2040,06,07,0.0,21.50398,4.3297367,2040
9290,r2i1p1f1,2040,06,08,0.4506757531299417,22.043156,6.1456237,2040
9291,r2i1p1f1,2040,06,09,0.36938924570747006,23.013832,6.698567,2040
9292,r2i1p1f1,2040,06,10,0.0,24.74969,8.211873,2040
9293,r2i1p1f1,2040,06,11,0.0,24.520758,8.084255,2040
9294,r2i1p1f1,2040,06,12,1.500075769385708,17.613968,4.450301,2040
9295,r2i1p1f1,2040,06,13,3.867477442019243,13.608396,3.3455389,2040
9296,r2i1p1f1,2040,06,14,0.0,17.523798,3.5160437,2040
9297,r2i1p1f1,2040,06,15,0.0,21.682142,5.310957,2040
9298,r2i1p1f1,2040,06,16,0.0,24.541965,7.0295463,2040
9299,r2i1p1f1,2040,06,17,0.0,25.603605,8.097209,2040
9300,r2i1p1f1,2040,06,18,0.0,26.021547,8.793501,2040
9301,r2i1p1f1,2040,06,19,0.0,26.032143,8.971647,2040
9302,r2i1p1f1,2040,06,20,0.0,25.524183,9.115681,2040
9303,r2i1p1f1,2040,06,21,0.0,26.732735,9.479851,2040
9304,r2i1p1f1,2040,06,22,2.010762830440609,26.105944,10.234292,2040
9305,r2i1p1f1,2040,06,23,3.503977408182926,17.235666,8.603501,2040
9306,r2i1p1f1,2040,06,24,0.260441136812845,13.771506,9.465237,2040
9307,r2i1p1f1,2040,06,25,6.080429175199242,16.345093,5.6778407,2040
9308,r2i1p1f1,2040,06,26,0.0,25.616621,7.8015733,2040
9309,r2i1p1f1,2040,06,27,0.0,28.396563,11.432977,2040
9310,r2i1p1f1,2040,06,28,0.0,28.386156,10.649773,2040
9311,r2i1p1f1,2040,06,29,0.0,27.203182,10.589395,2040
9312,r2i1p1f1,2040,06,30,0.0,26.504585,10.9081335,2040
9313,r2i1p1f1,2040,07,01,0.0,25.228634,10.157477,2040
9314,r2i1p1f1,2040,07,02,0.0,24.651276,9.297171,2040
9315,r2i1p1f1,2040,07,03,0.0,27.30066,10.555113,2040
9316,r2i1p1f1,2040,07,04,0.0,29.174913,12.50487,2040
9317,r2i1p1f1,2040,07,05,0.0,29.299398,13.599463,2040
9318,r2i1p1f1,2040,07,06,0.0,28.161568,13.049292,2040
9319,r2i1p1f1,2040,07,07,0.0,26.258383,10.404583,2040
9320,r2i1p1f1,2040,07,08,0.0,30.081007,11.889412,2040
9321,r2i1p1f1,2040,07,09,0.0,29.638477,13.528782,2040
9322,r2i1p1f1,2040,07,10,0.0,30.286596,13.988006,2040
9323,r2i1p1f1,2040,07,11,0.0,30.414663,13.877316,2040
9324,r2i1p1f1,2040,07,12,0.0,31.37013,14.033732,2040
9325,r2i1p1f1,2040,07,13,0.0,32.062744,14.433093,2040
9326,r2i1p1f1,2040,07,14,0.0,32.11043,14.636172,2040
9327,r2i1p1f1,2040,07,15,0.0,30.438126,12.750393,2040
9328,r2i1p1f1,2040,07,16,0.0,27.380978,11.819155,2040
9329,r2i1p1f1,2040,07,17,0.0,27.416592,11.536812,2040
9330,r2i1p1f1,2040,07,18,0.0,27.030499,10.809324,2040
9331,r2i1p1f1,2040,07,19,0.0,28.713793,11.121863,2040
9332,r2i1p1f1,2040,07,20,0.0,33.481808,15.027372,2040
9333,r2i1p1f1,2040,07,21,0.0,34.581112,15.89875,2040
9334,r2i1p1f1,2040,07,22,0.0,34.641644,17.317173,2040
9335,r2i1p1f1,2040,07,23,0.0,34.11739,17.067007,2040
9336,r2i1p1f1,2040,07,24,0.0,32.567295,16.327744,2040
9337,r2i1p1f1,2040,07,25,0.0,32.245617,15.943481,2040
9338,r2i1p1f1,2040,07,26,0.0,32.818134,16.310947,2040
9339,r2i1p1f1,2040,07,27,0.0,32.994488,15.465217,2040
9340,r2i1p1f1,2040,07,28,0.0,32.57293,15.340225,2040
9341,r2i1p1f1,2040,07,29,7.316853129057458,32.14001,14.908206,2040
9342,r2i1p1f1,2040,07,30,0.008299894510016132,32.266594,16.519226,2040
9343,r2i1p1f1,2040,07,31,0.006453129026340321,31.66418,16.957893,2040
9344,r2i1p1f1,2040,08,01,6.538536636932035,30.552666,14.267178,2040
9345,r2i1p1f1,2040,08,02,0.260342036675026,30.784384,15.102449,2040
9346,r2i1p1f1,2040,08,03,0.30191172227205243,30.76256,16.793839,2040
9347,r2i1p1f1,2040,08,04,5.72880131025718e-05,28.752748,14.580322,2040
9348,r2i1p1f1,2040,08,05,3.9057620916073925,25.370419,12.10838,2040
9349,r2i1p1f1,2040,08,06,0.3275636569924245,25.539639,12.759658,2040
9350,r2i1p1f1,2040,08,07,8.09138140693204,26.46649,12.686936,2040
9351,r2i1p1f1,2040,08,08,0.32548654876817495,29.513432,12.163447,2040
9352,r2i1p1f1,2040,08,09,0.0,29.999254,13.478506,2040
9353,r2i1p1f1,2040,08,10,0.0,30.33431,13.10044,2040
9354,r2i1p1f1,2040,08,11,0.0,30.541046,13.136961,2040
9355,r2i1p1f1,2040,08,12,0.0,30.173658,13.660579,2040
9356,r2i1p1f1,2040,08,13,0.0,29.095463,12.10232,2040
9357,r2i1p1f1,2040,08,14,0.0,27.686245,12.0455065,2040
9358,r2i1p1f1,2040,08,15,0.0,27.018305,10.29998,2040
9359,r2i1p1f1,2040,08,16,0.0,27.968462,11.70382,2040
9360,r2i1p1f1,2040,08,17,0.0,29.623009,12.662648,2040
9361,r2i1p1f1,2040,08,18,0.0,30.714865,14.404231,2040
9362,r2i1p1f1,2040,08,19,0.0,30.940336,14.630055,2040
9363,r2i1p1f1,2040,08,20,0.0,30.239483,14.159158,2040
9364,r2i1p1f1,2040,08,21,0.0,28.592987,13.005742,2040
9365,r2i1p1f1,2040,08,22,0.0,28.712284,12.101935,2040
9366,r2i1p1f1,2040,08,23,0.0,27.545366,10.258338,2040
9367,r2i1p1f1,2040,08,24,0.0,24.760519,10.134425,2040
9368,r2i1p1f1,2040,08,25,0.0,24.21737,9.425497,2040
9369,r2i1p1f1,2040,08,26,0.0,26.48377,10.940242,2040
9370,r2i1p1f1,2040,08,27,0.0,29.620035,10.793861,2040
9371,r2i1p1f1,2040,08,28,0.0,29.794481,10.294537,2040
9372,r2i1p1f1,2040,08,29,0.0,26.085386,9.269472,2040
9373,r2i1p1f1,2040,08,30,0.0,24.46668,7.3862195,2040
9374,r2i1p1f1,2040,08,31,0.0,24.294317,7.695581,2040
9375,r2i1p1f1,2040,09,01,0.0,25.66978,11.0996475,2040
9376,r2i1p1f1,2040,09,02,0.0,27.619019,11.989568,2040
9377,r2i1p1f1,2040,09,03,0.0,27.926283,13.389346,2040
9378,r2i1p1f1,2040,09,04,22.0401298255288,27.823267,11.873665,2040
9379,r2i1p1f1,2040,09,05,0.0,28.603807,13.059116,2040
9380,r2i1p1f1,2040,09,06,0.0,28.303082,14.290146,2040
9381,r2i1p1f1,2040,09,07,0.005566594672228138,23.017803,8.19402,2040
9382,r2i1p1f1,2040,09,08,0.0,22.53568,7.093235,2040
9383,r2i1p1f1,2040,09,09,0.0,23.947855,8.54647,2040
9384,r2i1p1f1,2040,09,10,0.0,24.817616,8.101409,2040
9385,r2i1p1f1,2040,09,11,39.08563720026275,24.709599,8.515114,2040
9386,r2i1p1f1,2040,09,12,124.05014644878415,17.850998,8.789257,2040
9387,r2i1p1f1,2040,09,13,0.0,17.666224,6.5366526,2040
9388,r2i1p1f1,2040,09,14,0.0,21.393406,6.093819,2040
9389,r2i1p1f1,2040,09,15,0.0,21.217495,7.0093093,2040
9390,r2i1p1f1,2040,09,16,0.0,23.235619,9.327002,2040
9391,r2i1p1f1,2040,09,17,0.0,26.126434,11.743824,2040
9392,r2i1p1f1,2040,09,18,0.0,30.688316,13.950064,2040
9393,r2i1p1f1,2040,09,19,0.0,31.269562,14.590911,2040
9394,r2i1p1f1,2040,09,20,0.0,32.61959,15.877557,2040
9395,r2i1p1f1,2040,09,21,0.0,30.028023,13.757485,2040
9396,r2i1p1f1,2040,09,22,0.0,29.295069,13.179407,2040
9397,r2i1p1f1,2040,09,23,0.0,26.957031,10.930639,2040
9398,r2i1p1f1,2040,09,24,0.004564547215033179,20.14968,6.294262,2040
9399,r2i1p1f1,2040,09,25,0.0,24.579044,9.236397,2040
9400,r2i1p1f1,2040,09,26,0.0,27.440102,10.097998,2040
9401,r2i1p1f1,2040,09,27,0.02396614553827721,27.782265,12.61576,2040
9402,r2i1p1f1,2040,09,28,0.24082861292089758,23.11122,9.121809,2040
9403,r2i1p1f1,2040,09,29,0.0,25.917624,9.148256,2040
9404,r2i1p1f1,2040,09,30,0.0,28.403734,11.680464,2040
9405,r2i1p1f1,2040,10,01,0.0,27.61838,11.744636,2040
9406,r2i1p1f1,2040,10,02,0.0,24.848312,10.010323,2040
9407,r2i1p1f1,2040,10,03,0.012108118524058508,18.174063,5.9031167,2040
9408,r2i1p1f1,2040,10,04,0.0,20.192469,5.748691,2040
9409,r2i1p1f1,2040,10,05,0.0,27.125313,8.448371,2040
9410,r2i1p1f1,2040,10,06,0.0,30.031725,10.238382,2040
9411,r2i1p1f1,2040,10,07,0.0,28.980673,12.208865,2040
9412,r2i1p1f1,2040,10,08,0.0,24.57326,8.569688,2040
9413,r2i1p1f1,2040,10,09,0.0,27.455673,9.257128,2040
9414,r2i1p1f1,2040,10,10,0.0,27.863823,11.524556,2040
9415,r2i1p1f1,2040,10,11,0.0,24.09271,7.0935426,2040
9416,r2i1p1f1,2040,10,12,0.0,22.035099,5.649842,2040
9417,r2i1p1f1,2040,10,13,0.0,20.879997,6.168195,2040
9418,r2i1p1f1,2040,10,14,0.0,21.500902,7.043648,2040
9419,r2i1p1f1,2040,10,15,0.0,19.588615,5.926818,2040
9420,r2i1p1f1,2040,10,16,0.0,18.692675,5.642609,2040
9421,r2i1p1f1,2040,10,17,0.0,21.012417,6.7655516,2040
9422,r2i1p1f1,2040,10,18,0.1999495531400988,22.578663,9.89626,2040
9423,r2i1p1f1,2040,10,19,0.0,24.648218,9.245799,2040
9424,r2i1p1f1,2040,10,20,0.0,22.078226,8.01955,2040
9425,r2i1p1f1,2040,10,21,0.15822215629249023,22.31808,6.9589157,2040
9426,r2i1p1f1,2040,10,22,0.0,27.147345,9.83559,2040
9427,r2i1p1f1,2040,10,23,0.0,27.936605,11.58104,2040
9428,r2i1p1f1,2040,10,24,0.0,28.073061,11.597959,2040
9429,r2i1p1f1,2040,10,25,0.0,26.068285,10.7367935,2040
9430,r2i1p1f1,2040,10,26,0.0,19.435501,7.2657504,2040
9431,r2i1p1f1,2040,10,27,0.0,22.026934,6.3258743,2040
9432,r2i1p1f1,2040,10,28,0.0,25.370138,7.678099,2040
9433,r2i1p1f1,2040,10,29,0.0,25.9558,9.491973,2040
9434,r2i1p1f1,2040,10,30,0.0,23.867065,10.13282,2040
9435,r2i1p1f1,2040,10,31,0.0,15.914153,3.606466,2040
9436,r2i1p1f1,2040,11,01,0.0,12.766903,0.04864688,2040
9437,r2i1p1f1,2040,11,02,0.0,12.85792,-1.6831455,2040
9438,r2i1p1f1,2040,11,03,0.0,14.759031,1.0240672,2040
9439,r2i1p1f1,2040,11,04,0.0,15.546226,-0.03221688,2040
9440,r2i1p1f1,2040,11,05,0.0,14.5571575,4.6046276,2040
9441,r2i1p1f1,2040,11,06,0.0,17.10441,3.3026795,2040
9442,r2i1p1f1,2040,11,07,26.617445620314147,16.480904,3.9699473,2040
9443,r2i1p1f1,2040,11,08,28.575368873470534,11.660122,4.971289,2040
9444,r2i1p1f1,2040,11,09,8.841260541073726,7.00626,1.2433934,2040
9445,r2i1p1f1,2040,11,10,49.3759350604915,5.6140237,-0.20921336,2040
9446,r2i1p1f1,2040,11,11,11.181301095782077,5.469354,0.13669097,2040
9447,r2i1p1f1,2040,11,12,11.644504966646378,9.031399,-0.18699451,2040
9448,r2i1p1f1,2040,11,13,8.25682944655105,14.020314,1.96248,2040
9449,r2i1p1f1,2040,11,14,0.0,12.546041,0.7035739,2040
9450,r2i1p1f1,2040,11,15,0.0,12.357684,-0.120559104,2040
9451,r2i1p1f1,2040,11,16,0.0,16.123985,0.8656532,2040
9452,r2i1p1f1,2040,11,17,0.0,19.526411,4.7890067,2040
9453,r2i1p1f1,2040,11,18,0.0,16.639425,1.3588222,2040
9454,r2i1p1f1,2040,11,19,0.0,14.994353,-0.098665774,2040
9455,r2i1p1f1,2040,11,20,17.642955091007305,13.313478,2.4336736,2040
9456,r2i1p1f1,2040,11,21,41.19023705402819,11.452365,-0.020252423,2040
9457,r2i1p1f1,2040,11,22,13.639718569062937,2.8197567,-1.7469267,2040
9458,r2i1p1f1,2040,11,23,0.21535615456881574,7.3487535,-5.8145294,2040
9459,r2i1p1f1,2040,11,24,25.989426856708285,6.8487926,-1.9323902,2040
9460,r2i1p1f1,2040,11,25,13.04659712589525,5.4821115,0.7577001,2040
9461,r2i1p1f1,2040,11,26,0.18837551463268307,5.9397306,0.30058014,2040
9462,r2i1p1f1,2040,11,27,6.627796635327216,12.327237,2.30102,2040
9463,r2i1p1f1,2040,11,28,24.685087191979758,13.170186,7.7780995,2040
9464,r2i1p1f1,2040,11,29,8.891295084490244,11.141798,5.3404794,2040
9465,r2i1p1f1,2040,11,30,0.0,10.301624,0.5896634,2040
9466,r2i1p1f1,2040,12,01,50.151289259799974,10.2041645,-0.3394246,2040
9467,r2i1p1f1,2040,12,02,100.25752893326661,10.782751,6.1858344,2040
9468,r2i1p1f1,2040,12,03,9.785234077599643,13.977805,0.54811925,2040
9469,r2i1p1f1,2040,12,04,0.0,12.568577,0.35694152,2040
9470,r2i1p1f1,2040,12,05,0.4352293366222372,10.663864,-1.3456603,2040
9471,r2i1p1f1,2040,12,06,0.005158738013750945,4.605438,-2.500885,2040
9472,r2i1p1f1,2040,12,07,0.0,4.1808157,-3.0291917,2040
9473,r2i1p1f1,2040,12,08,26.42698597180872,1.2497573,-4.7378135,2040
9474,r2i1p1f1,2040,12,09,19.308068731781812,5.888919,-7.416836,2040
9475,r2i1p1f1,2040,12,10,39.576069951558914,3.0901587,-0.5670663,2040
9476,r2i1p1f1,2040,12,11,22.632085557024066,6.1914945,-1.6705471,2040
9477,r2i1p1f1,2040,12,12,6.752931626474142,6.6493454,2.021657,2040
9478,r2i1p1f1,2040,12,13,0.0,6.898425,2.6635747,2040
9479,r2i1p1f1,2040,12,14,0.0486894481390174,7.7467604,2.846082,2040
9480,r2i1p1f1,2040,12,15,0.0,10.29407,-1.3857725,2040
9481,r2i1p1f1,2040,12,16,0.0,14.571335,0.5572859,2040
9482,r2i1p1f1,2040,12,17,0.0,13.480215,-1.065846,2040
9483,r2i1p1f1,2040,12,18,1.9914192435512983,6.012692,-4.6214643,2040
9484,r2i1p1f1,2040,12,19,4.54055862045117,8.1308565,2.9496057,2040
9485,r2i1p1f1,2040,12,20,0.08866735833040505,11.288424,6.360627,2040
9486,r2i1p1f1,2040,12,21,0.0,12.246628,1.3338991,2040
9487,r2i1p1f1,2040,12,22,24.676274152723355,8.248362,1.4682448,2040
9488,r2i1p1f1,2040,12,23,6.673818059887428,11.412949,3.600154,2040
9489,r2i1p1f1,2040,12,24,42.27919861307153,9.746098,5.1932144,2040
9490,r2i1p1f1,2040,12,25,40.278091002927304,8.97395,2.5410166,2040
9491,r2i1p1f1,2040,12,26,12.035800216744974,7.348634,1.8643545,2040
9492,r2i1p1f1,2040,12,27,12.694950352306478,9.193181,2.5683594,2040
9493,r2i1p1f1,2040,12,28,0.38719653867491827,11.101229,4.4694543,2040
9494,r2i1p1f1,2040,12,29,23.072250892941017,7.1246448,-2.012812,2040
9495,r2i1p1f1,2040,12,30,23.58753875272179,6.582656,1.2522736,2040
9496,r2i1p1f1,2040,12,31,59.93115387033098,8.220442,2.371805,2040
9497,r2i1p1f1,2041,01,01,104.78657320714913,10.403855,0.15457809,2041
9498,r2i1p1f1,2041,01,02,134.14283295009787,12.330534,4.6418314,2041
9499,r2i1p1f1,2041,01,03,9.142171485011485,9.874082,2.2311578,2041
9500,r2i1p1f1,2041,01,04,106.60185417912614,11.369426,4.565128,2041
9501,r2i1p1f1,2041,01,05,27.472329692458377,10.792104,5.8251195,2041
9502,r2i1p1f1,2041,01,06,0.0,14.161514,6.3273354,2041
9503,r2i1p1f1,2041,01,07,0.09092777814382422,12.782004,6.040203,2041
9504,r2i1p1f1,2041,01,08,35.355664110214164,9.653015,3.6112287,2041
9505,r2i1p1f1,2041,01,09,0.0,9.922492,0.26581886,2041
9506,r2i1p1f1,2041,01,10,30.02608994407078,7.29297,2.7852697,2041
9507,r2i1p1f1,2041,01,11,0.0,8.439073,-0.8730092,2041
9508,r2i1p1f1,2041,01,12,0.0,6.969664,-3.393893,2041
9509,r2i1p1f1,2041,01,13,0.0,8.793924,-4.4449873,2041
9510,r2i1p1f1,2041,01,14,0.0,8.0918865,-2.9201708,2041
9511,r2i1p1f1,2041,01,15,0.0,9.908624,-3.603745,2041
9512,r2i1p1f1,2041,01,16,0.0,9.394608,-3.9897802,2041
9513,r2i1p1f1,2041,01,17,0.0,8.28576,-5.146279,2041
9514,r2i1p1f1,2041,01,18,0.0,8.136378,-2.1539955,2041
9515,r2i1p1f1,2041,01,19,0.0,9.968105,-3.6882746,2041
9516,r2i1p1f1,2041,01,20,0.0,12.389038,-2.6095877,2041
9517,r2i1p1f1,2041,01,21,0.0015984023635750278,9.3686495,-1.7392434,2041
9518,r2i1p1f1,2041,01,22,17.924648401766227,5.018862,-4.0682807,2041
9519,r2i1p1f1,2041,01,23,6.082875303680059,7.994988,0.8517632,2041
9520,r2i1p1f1,2041,01,24,11.175635608126937,4.892633,0.7650737,2041
9521,r2i1p1f1,2041,01,25,8.409854498985133,3.304386,-1.3752135,2041
9522,r2i1p1f1,2041,01,26,4.800725796849292,2.9369361,-3.6770277,2041
9523,r2i1p1f1,2041,01,27,53.02707934393906,3.72969,-1.4909518,2041
9524,r2i1p1f1,2041,01,28,0.0,10.295396,-0.544933,2041
9525,r2i1p1f1,2041,01,29,0.0,8.593643,2.869842,2041
9526,r2i1p1f1,2041,01,30,8.167765140723741,5.7766385,1.0485967,2041
9527,r2i1p1f1,2041,01,31,24.47011026715,4.6539454,0.48911226,2041
9528,r2i1p1f1,2041,02,01,2.8540564704739015,13.247033,0.48514616,2041
9529,r2i1p1f1,2041,02,02,0.0,17.245996,2.9793398,2041
9530,r2i1p1f1,2041,02,03,0.0,15.931683,1.7681177,2041
9531,r2i1p1f1,2041,02,04,0.0,14.937571,0.9231853,2041
9532,r2i1p1f1,2041,02,05,0.0,13.2412815,-2.6984718,2041
9533,r2i1p1f1,2041,02,06,0.0,19.92163,3.4656372,2041
9534,r2i1p1f1,2041,02,07,0.0,17.494486,2.001122,2041
9535,r2i1p1f1,2041,02,08,2.3301433191730982,10.110678,0.15892097,2041
9536,r2i1p1f1,2041,02,09,38.93753870372446,4.057773,-2.2659361,2041
9537,r2i1p1f1,2041,02,10,0.18349106847363844,8.370959,-5.3855314,2041
9538,r2i1p1f1,2041,02,11,5.351710181555693,6.498561,-6.234948,2041
9539,r2i1p1f1,2041,02,12,21.05935931926629,5.3518972,-0.13954818,2041
9540,r2i1p1f1,2041,02,13,91.75657276332808,9.955913,-1.53395,2041
9541,r2i1p1f1,2041,02,14,123.72581919905944,12.516046,2.32744,2041
9542,r2i1p1f1,2041,02,15,89.82478473962357,13.591446,-0.82408017,2041
9543,r2i1p1f1,2041,02,16,7.226129387261328,10.77262,-1.7307959,2041
9544,r2i1p1f1,2041,02,17,1.0917099522570284,7.3339868,0.73006696,2041
9545,r2i1p1f1,2041,02,18,0.02276117851439407,8.484129,-4.010938,2041
9546,r2i1p1f1,2041,02,19,3.7718607511263915,7.8674064,-2.4379168,2041
9547,r2i1p1f1,2041,02,20,37.526605741676086,6.3620877,-3.4241333,2041
9548,r2i1p1f1,2041,02,21,25.824525281160067,2.9816327,-5.2577477,2041
9549,r2i1p1f1,2041,02,22,0.0,6.3034396,-5.7575703,2041
9550,r2i1p1f1,2041,02,23,0.0,8.489741,-5.8547463,2041
9551,r2i1p1f1,2041,02,24,0.0,8.637059,-3.0667553,2041
9552,r2i1p1f1,2041,02,25,0.0,11.715569,-2.615247,2041
9553,r2i1p1f1,2041,02,26,0.0,12.842057,0.15366402,2041
9554,r2i1p1f1,2041,02,27,9.81876857966619,8.397896,-0.55323,2041
9555,r2i1p1f1,2041,02,28,0.0,10.594952,-3.231639,2041
9556,r2i1p1f1,2041,03,01,0.0,9.254627,-2.5013835,2041
9557,r2i1p1f1,2041,03,02,33.899861404027504,2.0724895,-2.6883428,2041
9558,r2i1p1f1,2041,03,03,0.004200788736432934,7.333656,-4.7252927,2041
9559,r2i1p1f1,2041,03,04,0.0,9.906428,-5.1200976,2041
9560,r2i1p1f1,2041,03,05,6.590026311166114,3.0328388,-4.7230687,2041
9561,r2i1p1f1,2041,03,06,0.0,6.7154713,-3.2893145,2041
9562,r2i1p1f1,2041,03,07,0.0,6.2993684,-6.051224,2041
9563,r2i1p1f1,2041,03,08,0.0,7.912593,-6.3460474,2041
9564,r2i1p1f1,2041,03,09,0.0,14.48892,-2.4872484,2041
9565,r2i1p1f1,2041,03,10,0.0,15.667709,0.56673723,2041
9566,r2i1p1f1,2041,03,11,0.0,17.315805,1.6569089,2041
9567,r2i1p1f1,2041,03,12,0.0,17.64794,2.1437488,2041
9568,r2i1p1f1,2041,03,13,0.0,17.84169,1.8374978,2041
9569,r2i1p1f1,2041,03,14,0.0,17.508793,2.4622226,2041
9570,r2i1p1f1,2041,03,15,0.0,16.944355,1.4266241,2041
9571,r2i1p1f1,2041,03,16,0.0,17.094555,2.7870927,2041
9572,r2i1p1f1,2041,03,17,0.01564903437750987,16.319,1.5617629,2041
9573,r2i1p1f1,2041,03,18,9.706631537679081,7.519872,-3.8170733,2041
9574,r2i1p1f1,2041,03,19,4.924733237154355,1.2035131,-2.9648783,2041
9575,r2i1p1f1,2041,03,20,12.17420497470392,3.5697234,-5.338031,2041
9576,r2i1p1f1,2041,03,21,0.2457977862482389,10.575036,0.23463675,2041
9577,r2i1p1f1,2041,03,22,3.422564287365486,8.258645,-2.0735736,2041
9578,r2i1p1f1,2041,03,23,40.541474722200434,8.458211,-3.7149024,2041
9579,r2i1p1f1,2041,03,24,26.719821542904427,7.199231,-2.3879163,2041
9580,r2i1p1f1,2041,03,25,8.229771196909915,5.441139,-5.188662,2041
9581,r2i1p1f1,2041,03,26,43.57915171959366,3.7297254,-1.3322581,2041
9582,r2i1p1f1,2041,03,27,8.613374573626341,2.2041924,-3.5336711,2041
9583,r2i1p1f1,2041,03,28,11.392930789560733,6.562824,-4.783849,2041
9584,r2i1p1f1,2041,03,29,0.0,8.450261,-3.0127635,2041
9585,r2i1p1f1,2041,03,30,0.4874722629700465,7.386184,-0.46225455,2041
9586,r2i1p1f1,2041,03,31,0.0,14.595749,-2.2679663,2041
9587,r2i1p1f1,2041,04,01,0.0,15.25834,-0.085045055,2041
9588,r2i1p1f1,2041,04,02,0.001030881027803004,13.69884,0.31143618,2041
9589,r2i1p1f1,2041,04,03,3.540679498263881,11.43626,0.14823258,2041
9590,r2i1p1f1,2041,04,04,0.16567484691712217,9.086735,0.820121,2041
9591,r2i1p1f1,2041,04,05,0.0,12.137807,-1.742739,2041
9592,r2i1p1f1,2041,04,06,0.0,15.212897,-0.4708074,2041
9593,r2i1p1f1,2041,04,07,0.0,16.117216,0.97457945,2041
9594,r2i1p1f1,2041,04,08,0.0,17.268745,0.81128925,2041
9595,r2i1p1f1,2041,04,09,0.0,18.257528,2.3029675,2041
9596,r2i1p1f1,2041,04,10,0.0,18.82385,3.8487217,2041
9597,r2i1p1f1,2041,04,11,0.0,17.360992,2.0703511,2041
9598,r2i1p1f1,2041,04,12,5.583905033091259,12.526236,-2.967658,2041
9599,r2i1p1f1,2041,04,13,27.387459195317486,4.3891077,-1.022999,2041
9600,r2i1p1f1,2041,04,14,40.94184837214505,2.5741546,-2.08078,2041
9601,r2i1p1f1,2041,04,15,7.783874993800475,1.0105158,-4.7583222,2041
9602,r2i1p1f1,2041,04,16,0.16474876483348802,3.120982,-0.74833614,2041
9603,r2i1p1f1,2041,04,17,0.17067393443644854,11.475678,-0.67720944,2041
9604,r2i1p1f1,2041,04,18,0.0,14.946531,1.1576738,2041
9605,r2i1p1f1,2041,04,19,0.0,16.355124,-0.92916125,2041
9606,r2i1p1f1,2041,04,20,21.415405278317987,9.765396,-2.7116265,2041
9607,r2i1p1f1,2041,04,21,51.07978953433653,5.1331553,-0.82385975,2041
9608,r2i1p1f1,2041,04,22,2.325787862978009,4.5479965,-0.5258338,2041
9609,r2i1p1f1,2041,04,23,0.20748158825042012,11.856762,-0.39972764,2041
9610,r2i1p1f1,2041,04,24,0.0,15.755552,0.5672249,2041
9611,r2i1p1f1,2041,04,25,0.0,15.7820635,0.84905183,2041
9612,r2i1p1f1,2041,04,26,0.0,13.120506,2.803465,2041
9613,r2i1p1f1,2041,04,27,9.726410362950096,7.416738,-0.061300814,2041
9614,r2i1p1f1,2041,04,28,1.3799291288845639,13.419336,-1.4764885,2041
9615,r2i1p1f1,2041,04,29,0.0,15.203413,-1.0416427,2041
9616,r2i1p1f1,2041,04,30,7.733422866322844,10.132551,0.2954207,2041
9617,r2i1p1f1,2041,05,01,1.7682392420563422,12.937499,-0.06835928,2041
9618,r2i1p1f1,2041,05,02,0.0,16.475773,1.4552528,2041
9619,r2i1p1f1,2041,05,03,8.305023169892733,11.124705,0.4213117,2041
9620,r2i1p1f1,2041,05,04,46.59253993517128,6.3879547,1.8888677,2041
9621,r2i1p1f1,2041,05,05,4.157525032133855,9.574875,-4.5299716,2041
9622,r2i1p1f1,2041,05,06,0.765037050950923,16.180471,-1.5247185,2041
9623,r2i1p1f1,2041,05,07,5.15598967018517,16.374674,-1.788207,2041
9624,r2i1p1f1,2041,05,08,0.0,21.153845,4.0756373,2041
9625,r2i1p1f1,2041,05,09,0.814152461008724,17.427961,2.9017212,2041
9626,r2i1p1f1,2041,05,10,6.648232217405446,11.050401,-2.5683353,2041
9627,r2i1p1f1,2041,05,11,0.6817131650537843,10.963717,1.8961616,2041
9628,r2i1p1f1,2041,05,12,0.0,12.607045,3.1116688,2041
9629,r2i1p1f1,2041,05,13,0.0,15.5399885,1.0399837,2041
9630,r2i1p1f1,2041,05,14,0.0,18.255724,2.087268,2041
9631,r2i1p1f1,2041,05,15,0.0,19.199642,4.6952915,2041
9632,r2i1p1f1,2041,05,16,0.0,18.04982,3.036407,2041
9633,r2i1p1f1,2041,05,17,0.0,16.181978,3.4568598,2041
9634,r2i1p1f1,2041,05,18,0.0,22.532955,5.0035496,2041
9635,r2i1p1f1,2041,05,19,0.0,28.085146,10.41392,2041
9636,r2i1p1f1,2041,05,20,0.0,29.0112,11.575646,2041
9637,r2i1p1f1,2041,05,21,7.491193252224968,26.585386,9.578183,2041
9638,r2i1p1f1,2041,05,22,0.0039215376231228356,15.245368,0.91318834,2041
9639,r2i1p1f1,2041,05,23,7.541485112261189,11.539544,-4.779496,2041
9640,r2i1p1f1,2041,05,24,0.39840104895942063,17.50828,2.377529,2041
9641,r2i1p1f1,2041,05,25,2.6168727846267688,14.985101,-1.1599492,2041
9642,r2i1p1f1,2041,05,26,4.350371061606823,15.051716,-0.8127739,2041
9643,r2i1p1f1,2041,05,27,13.008556736713217,16.600075,-0.637383,2041
9644,r2i1p1f1,2041,05,28,2.479051801100678,20.119528,2.9251158,2041
9645,r2i1p1f1,2041,05,29,0.052328926739601926,24.882353,7.248253,2041
9646,r2i1p1f1,2041,05,30,0.2845102625192689,21.878788,7.08236,2041
9647,r2i1p1f1,2041,05,31,0.0,20.4768,6.33546,2041
9648,r2i1p1f1,2041,06,01,0.0,18.587572,2.5067742,2041
9649,r2i1p1f1,2041,06,02,0.0,16.585592,0.32882112,2041
9650,r2i1p1f1,2041,06,03,2.470205221638585,13.516248,-2.0100152,2041
9651,r2i1p1f1,2041,06,04,0.0,20.69342,3.93912,2041
9652,r2i1p1f1,2041,06,05,0.0,23.273111,5.762574,2041
9653,r2i1p1f1,2041,06,06,0.0,21.93656,5.4566073,2041
9654,r2i1p1f1,2041,06,07,0.0,21.624,4.619915,2041
9655,r2i1p1f1,2041,06,08,0.0,21.859615,4.8693533,2041
9656,r2i1p1f1,2041,06,09,0.0,21.449823,6.435291,2041
9657,r2i1p1f1,2041,06,10,0.0,27.098604,9.08783,2041
9658,r2i1p1f1,2041,06,11,0.0,32.050713,15.086804,2041
9659,r2i1p1f1,2041,06,12,0.0,33.96248,15.457454,2041
9660,r2i1p1f1,2041,06,13,0.0,35.952084,19.045301,2041
9661,r2i1p1f1,2041,06,14,0.0,35.503674,17.425077,2041
9662,r2i1p1f1,2041,06,15,0.0,33.36472,17.199848,2041
9663,r2i1p1f1,2041,06,16,0.0,33.0906,15.423224,2041
9664,r2i1p1f1,2041,06,17,0.0,32.211956,13.393047,2041
9665,r2i1p1f1,2041,06,18,0.0,33.59912,14.937768,2041
9666,r2i1p1f1,2041,06,19,0.0,34.554806,16.103046,2041
9667,r2i1p1f1,2041,06,20,0.0,37.35248,18.612654,2041
9668,r2i1p1f1,2041,06,21,0.0,37.81448,18.225714,2041
9669,r2i1p1f1,2041,06,22,0.0,34.18329,15.21531,2041
9670,r2i1p1f1,2041,06,23,0.0,27.489603,9.564154,2041
9671,r2i1p1f1,2041,06,24,0.0,22.263577,6.0150576,2041
9672,r2i1p1f1,2041,06,25,0.0,23.244345,5.5920506,2041
9673,r2i1p1f1,2041,06,26,0.0,24.54641,6.8969345,2041
9674,r2i1p1f1,2041,06,27,0.007863975224609021,24.747183,7.182838,2041
9675,r2i1p1f1,2041,06,28,0.0,20.881685,4.558811,2041
9676,r2i1p1f1,2041,06,29,0.0,22.405539,5.8704653,2041
9677,r2i1p1f1,2041,06,30,0.0,27.202085,9.024976,2041
9678,r2i1p1f1,2041,07,01,0.0,28.694546,11.009946,2041
9679,r2i1p1f1,2041,07,02,0.0,27.122515,11.493144,2041
9680,r2i1p1f1,2041,07,03,0.0,26.03869,9.366267,2041
9681,r2i1p1f1,2041,07,04,0.0,23.178677,6.377515,2041
9682,r2i1p1f1,2041,07,05,0.0,22.041307,4.142433,2041
9683,r2i1p1f1,2041,07,06,0.0,26.910898,7.688473,2041
9684,r2i1p1f1,2041,07,07,0.0,26.178596,9.726367,2041
9685,r2i1p1f1,2041,07,08,0.0,24.665443,8.662272,2041
9686,r2i1p1f1,2041,07,09,7.425577976300701,23.763863,5.984136,2041
9687,r2i1p1f1,2041,07,10,0.0,24.271437,9.745327,2041
9688,r2i1p1f1,2041,07,11,0.0,26.765425,10.110134,2041
9689,r2i1p1f1,2041,07,12,0.0,29.43271,13.040139,2041
9690,r2i1p1f1,2041,07,13,0.4549074327559748,30.230713,12.229785,2041
9691,r2i1p1f1,2041,07,14,0.0,26.186813,11.349692,2041
9692,r2i1p1f1,2041,07,15,0.0,28.036255,11.188248,2041
9693,r2i1p1f1,2041,07,16,0.0,29.806173,13.046967,2041
9694,r2i1p1f1,2041,07,17,0.0,28.986664,13.115293,2041
9695,r2i1p1f1,2041,07,18,0.0,30.652344,13.367834,2041
9696,r2i1p1f1,2041,07,19,0.001760283913217091,33.205265,15.8283,2041
9697,r2i1p1f1,2041,07,20,0.3593116340338244,34.070667,19.422184,2041
9698,r2i1p1f1,2041,07,21,1.1194277178639402,30.762392,14.9229765,2041
9699,r2i1p1f1,2041,07,22,0.0,30.971333,15.333001,2041
9700,r2i1p1f1,2041,07,23,0.0,32.312683,16.328316,2041
9701,r2i1p1f1,2041,07,24,0.005426768949781455,32.88448,16.985954,2041
9702,r2i1p1f1,2041,07,25,0.0,34.57257,17.863401,2041
9703,r2i1p1f1,2041,07,26,0.0,34.770058,16.093607,2041
9704,r2i1p1f1,2041,07,27,0.0,33.07742,16.46336,2041
9705,r2i1p1f1,2041,07,28,0.0,32.51415,15.26602,2041
9706,r2i1p1f1,2041,07,29,0.0,32.255726,16.60703,2041
9707,r2i1p1f1,2041,07,30,0.0,32.000015,14.823684,2041
9708,r2i1p1f1,2041,07,31,0.0,31.142984,13.739273,2041
9709,r2i1p1f1,2041,08,01,0.07593257155699226,30.700878,12.800256,2041
9710,r2i1p1f1,2041,08,02,0.0,30.204252,12.7305355,2041
9711,r2i1p1f1,2041,08,03,0.0,31.10249,13.437327,2041
9712,r2i1p1f1,2041,08,04,0.0,31.94955,14.323154,2041
9713,r2i1p1f1,2041,08,05,0.0,32.64867,16.425568,2041
9714,r2i1p1f1,2041,08,06,0.0,33.72466,16.982754,2041
9715,r2i1p1f1,2041,08,07,0.0,35.105667,17.1519,2041
9716,r2i1p1f1,2041,08,08,0.0,35.109577,17.934534,2041
9717,r2i1p1f1,2041,08,09,0.0,33.00134,15.635444,2041
9718,r2i1p1f1,2041,08,10,0.0,31.14103,13.141497,2041
9719,r2i1p1f1,2041,08,11,0.0,32.452152,13.83896,2041
9720,r2i1p1f1,2041,08,12,0.0,32.235996,14.12492,2041
9721,r2i1p1f1,2041,08,13,0.1547229882607308,28.810717,12.145244,2041
9722,r2i1p1f1,2041,08,14,0.0,26.915758,11.158398,2041
9723,r2i1p1f1,2041,08,15,0.0,29.712992,13.075564,2041
9724,r2i1p1f1,2041,08,16,0.0,30.498354,13.984985,2041
9725,r2i1p1f1,2041,08,17,0.0,30.393936,13.8053465,2041
9726,r2i1p1f1,2041,08,18,0.0,28.378843,9.905899,2041
9727,r2i1p1f1,2041,08,19,0.0,25.174814,8.565212,2041
9728,r2i1p1f1,2041,08,20,0.0,24.772425,8.833054,2041
9729,r2i1p1f1,2041,08,21,0.0,24.651073,9.016957,2041
9730,r2i1p1f1,2041,08,22,0.0,23.405806,8.279764,2041
9731,r2i1p1f1,2041,08,23,0.0,22.09434,4.1036506,2041
9732,r2i1p1f1,2041,08,24,0.0,22.03349,4.8482933,2041
9733,r2i1p1f1,2041,08,25,0.0,23.708084,6.6632814,2041
9734,r2i1p1f1,2041,08,26,0.0,23.276836,6.8375645,2041
9735,r2i1p1f1,2041,08,27,0.0,23.399256,7.296638,2041
9736,r2i1p1f1,2041,08,28,0.0,27.86747,8.809382,2041
9737,r2i1p1f1,2041,08,29,0.0,32.420647,12.773466,2041
9738,r2i1p1f1,2041,08,30,0.0006564540084442482,31.6935,13.449788,2041
9739,r2i1p1f1,2041,08,31,3.021975346267097,27.459614,13.319267,2041
9740,r2i1p1f1,2041,09,01,0.009666881165825404,25.914444,10.236984,2041
9741,r2i1p1f1,2041,09,02,0.03347017599690634,27.060167,11.552916,2041
9742,r2i1p1f1,2041,09,03,0.0,27.634884,11.732456,2041
9743,r2i1p1f1,2041,09,04,0.0,27.82506,13.292695,2041
9744,r2i1p1f1,2041,09,05,0.0,27.034224,11.649298,2041
9745,r2i1p1f1,2041,09,06,0.0,29.546665,12.421909,2041
9746,r2i1p1f1,2041,09,07,0.0,30.152672,12.429186,2041
9747,r2i1p1f1,2041,09,08,0.0,28.989054,10.668428,2041
9748,r2i1p1f1,2041,09,09,0.0,24.732159,8.894205,2041
9749,r2i1p1f1,2041,09,10,0.0,20.689854,5.7331,2041
9750,r2i1p1f1,2041,09,11,0.0,22.351484,6.8572464,2041
9751,r2i1p1f1,2041,09,12,0.15233742623588745,26.897675,12.748282,2041
9752,r2i1p1f1,2041,09,13,9.800959638919966,22.528011,8.360178,2041
9753,r2i1p1f1,2041,09,14,10.047430119853884,20.680794,6.7563696,2041
9754,r2i1p1f1,2041,09,15,0.0,23.406322,6.303009,2041
9755,r2i1p1f1,2041,09,16,0.0,27.789303,12.192429,2041
9756,r2i1p1f1,2041,09,17,0.0,30.164545,13.137664,2041
9757,r2i1p1f1,2041,09,18,0.0,29.051914,13.641167,2041
9758,r2i1p1f1,2041,09,19,0.0,28.493876,12.261373,2041
9759,r2i1p1f1,2041,09,20,0.0,29.03832,12.108056,2041
9760,r2i1p1f1,2041,09,21,0.0,30.215782,12.687283,2041
9761,r2i1p1f1,2041,09,22,0.0,30.439516,12.411387,2041
9762,r2i1p1f1,2041,09,23,0.0,28.426796,12.637553,2041
9763,r2i1p1f1,2041,09,24,0.0,22.168869,8.004947,2041
9764,r2i1p1f1,2041,09,25,0.0,21.321592,7.0240517,2041
9765,r2i1p1f1,2041,09,26,0.0,21.36465,5.9598784,2041
9766,r2i1p1f1,2041,09,27,0.0,12.53897,0.06765444,2041
9767,r2i1p1f1,2041,09,28,0.07776411102895509,11.704744,-3.6800647,2041
9768,r2i1p1f1,2041,09,29,0.0,16.959364,-0.1262658,2041
9769,r2i1p1f1,2041,09,30,0.0,22.465588,4.8455777,2041
9770,r2i1p1f1,2041,10,01,0.0,26.774784,9.683738,2041
9771,r2i1p1f1,2041,10,02,0.0,24.77165,10.3158245,2041
9772,r2i1p1f1,2041,10,03,0.0,22.188334,7.9632726,2041
9773,r2i1p1f1,2041,10,04,0.0,23.388214,6.735525,2041
9774,r2i1p1f1,2041,10,05,0.0,26.190615,8.249055,2041
9775,r2i1p1f1,2041,10,06,0.0,26.401642,9.5675955,2041
9776,r2i1p1f1,2041,10,07,0.0,23.87767,8.666994,2041
9777,r2i1p1f1,2041,10,08,0.0,28.107773,11.34108,2041
9778,r2i1p1f1,2041,10,09,0.0,28.441751,12.070327,2041
9779,r2i1p1f1,2041,10,10,0.0,29.560362,11.827734,2041
9780,r2i1p1f1,2041,10,11,0.0,31.359062,14.015076,2041
9781,r2i1p1f1,2041,10,12,0.0,31.746225,14.496458,2041
9782,r2i1p1f1,2041,10,13,0.0,32.595028,13.445445,2041
9783,r2i1p1f1,2041,10,14,0.0,32.010284,15.070289,2041
9784,r2i1p1f1,2041,10,15,0.0,29.007744,11.912639,2041
9785,r2i1p1f1,2041,10,16,0.0,26.574995,9.42965,2041
9786,r2i1p1f1,2041,10,17,0.0,28.002623,9.900559,2041
9787,r2i1p1f1,2041,10,18,0.0,28.478092,10.383681,2041
9788,r2i1p1f1,2041,10,19,0.0,29.182692,10.234758,2041
9789,r2i1p1f1,2041,10,20,0.0,29.181704,11.063686,2041
9790,r2i1p1f1,2041,10,21,0.0,27.975166,10.971924,2041
9791,r2i1p1f1,2041,10,22,0.0,29.052084,14.679511,2041
9792,r2i1p1f1,2041,10,23,0.0,29.28185,11.825045,2041
9793,r2i1p1f1,2041,10,24,0.001599173118358102,26.661139,9.798875,2041
9794,r2i1p1f1,2041,10,25,0.008645030454947399,21.863306,8.586812,2041
9795,r2i1p1f1,2041,10,26,0.0,17.143269,1.6391027,2041
9796,r2i1p1f1,2041,10,27,0.0,20.189957,2.6324508,2041
9797,r2i1p1f1,2041,10,28,0.0,20.627743,4.853581,2041
9798,r2i1p1f1,2041,10,29,0.0,17.801449,1.3057181,2041
9799,r2i1p1f1,2041,10,30,0.0,19.479462,1.2974054,2041
9800,r2i1p1f1,2041,10,31,0.0,16.235762,3.3615644,2041
9801,r2i1p1f1,2041,11,01,0.0,21.46577,3.8742812,2041
9802,r2i1p1f1,2041,11,02,0.0,22.392694,8.04143,2041
9803,r2i1p1f1,2041,11,03,0.0,22.430473,8.401587,2041
9804,r2i1p1f1,2041,11,04,0.0,23.595465,6.137862,2041
9805,r2i1p1f1,2041,11,05,0.0,24.154558,7.1532984,2041
9806,r2i1p1f1,2041,11,06,0.0,21.792612,6.1285048,2041
9807,r2i1p1f1,2041,11,07,0.0,20.957285,4.681851,2041
9808,r2i1p1f1,2041,11,08,50.595056586630214,18.756166,5.517379,2041
9809,r2i1p1f1,2041,11,09,36.12107096963742,10.50354,-0.7166662,2041
9810,r2i1p1f1,2041,11,10,0.028875915086246096,1.6976068,-5.6483164,2041
9811,r2i1p1f1,2041,11,11,1.6214523840342456,2.4362469,-9.630943,2041
9812,r2i1p1f1,2041,11,12,0.5972266623880037,2.7900739,-5.195434,2041
9813,r2i1p1f1,2041,11,13,0.8952571470252644,2.4811625,-4.6117325,2041
9814,r2i1p1f1,2041,11,14,0.7054790898319669,4.5208726,-6.147259,2041
9815,r2i1p1f1,2041,11,15,0.0,6.791046,-6.4714684,2041
9816,r2i1p1f1,2041,11,16,0.0,12.243441,-1.8211069,2041
9817,r2i1p1f1,2041,11,17,0.0,13.431794,0.20897332,2041
9818,r2i1p1f1,2041,11,18,14.49428547684175,7.884441,2.5263965,2041
9819,r2i1p1f1,2041,11,19,9.660988247896267,9.967959,2.0912538,2041
9820,r2i1p1f1,2041,11,20,0.0,10.753789,2.3259315,2041
9821,r2i1p1f1,2041,11,21,0.0,11.056013,0.506162,2041
9822,r2i1p1f1,2041,11,22,12.962342731757067,10.776164,0.3774417,2041
9823,r2i1p1f1,2041,11,23,0.24032705672862692,6.1067433,-2.0891733,2041
9824,r2i1p1f1,2041,11,24,0.0,12.117551,-6.9725623,2041
9825,r2i1p1f1,2041,11,25,0.0,10.709815,-5.676086,2041
9826,r2i1p1f1,2041,11,26,0.0,12.690781,0.4188609,2041
9827,r2i1p1f1,2041,11,27,0.0,11.850938,-0.49436793,2041
9828,r2i1p1f1,2041,11,28,0.5680909321199579,8.802293,-0.93091416,2041
9829,r2i1p1f1,2041,11,29,0.3127660362784249,8.172999,-2.0917335,2041
9830,r2i1p1f1,2041,11,30,0.0,14.393821,-5.569375,2041
9831,r2i1p1f1,2041,12,01,0.0,14.213545,2.2138307,2041
9832,r2i1p1f1,2041,12,02,0.0,15.323293,1.9293344,2041
9833,r2i1p1f1,2041,12,03,0.0,15.017182,0.7499422,2041
9834,r2i1p1f1,2041,12,04,0.0,13.529722,0.83915806,2041
9835,r2i1p1f1,2041,12,05,0.0,14.690925,1.349948,2041
9836,r2i1p1f1,2041,12,06,0.0,14.76896,0.36304504,2041
9837,r2i1p1f1,2041,12,07,0.0,15.494275,1.6079763,2041
9838,r2i1p1f1,2041,12,08,0.0,15.061839,2.6577158,2041
9839,r2i1p1f1,2041,12,09,0.0,16.423748,2.6022346,2041
9840,r2i1p1f1,2041,12,10,0.0,16.044481,0.49913496,2041
9841,r2i1p1f1,2041,12,11,0.0,17.785954,2.6151106,2041
9842,r2i1p1f1,2041,12,12,0.0,16.707052,0.9921193,2041
9843,r2i1p1f1,2041,12,13,0.0,14.602354,2.040045,2041
9844,r2i1p1f1,2041,12,14,0.0,16.40482,3.1184835,2041
9845,r2i1p1f1,2041,12,15,0.0,16.09534,3.550764,2041
9846,r2i1p1f1,2041,12,16,0.0,16.033234,2.987935,2041
9847,r2i1p1f1,2041,12,17,0.0,16.703297,1.9981304,2041
9848,r2i1p1f1,2041,12,18,0.0,18.685421,3.7568285,2041
9849,r2i1p1f1,2041,12,19,0.0,17.299385,3.170596,2041
9850,r2i1p1f1,2041,12,20,0.0,16.644945,3.5257044,2041
9851,r2i1p1f1,2041,12,21,0.0,16.284018,3.4022112,2041
9852,r2i1p1f1,2041,12,22,0.0,15.176579,3.0306456,2041
9853,r2i1p1f1,2041,12,23,0.0,16.365469,2.8771417,2041
9854,r2i1p1f1,2041,12,24,0.0,18.025692,3.663197,2041
9855,r2i1p1f1,2041,12,25,0.0,17.31192,2.7806728,2041
9856,r2i1p1f1,2041,12,26,2.1203802100304667,12.209765,1.5234736,2041
9857,r2i1p1f1,2041,12,27,65.72610679599725,6.106943,1.559955,2041
9858,r2i1p1f1,2041,12,28,16.015454735987497,6.773943,0.40619522,2041
9859,r2i1p1f1,2041,12,29,4.857676503958758,9.458661,1.218334,2041
9860,r2i1p1f1,2041,12,30,0.2945893064581749,12.333921,7.4535985,2041
9861,r2i1p1f1,2041,12,31,0.0,14.411214,2.3298683,2041
9862,r2i1p1f1,2042,01,01,0.0,15.226835,1.8942956,2042
9863,r2i1p1f1,2042,01,02,0.0,14.450332,1.9786353,2042
9864,r2i1p1f1,2042,01,03,0.0,13.68948,4.4867897,2042
9865,r2i1p1f1,2042,01,04,0.0,10.805749,1.634346,2042
9866,r2i1p1f1,2042,01,05,0.0,13.579592,-0.18575501,2042
9867,r2i1p1f1,2042,01,06,0.0,11.834509,-2.8423896,2042
9868,r2i1p1f1,2042,01,07,0.0,9.775611,-5.928765,2042
9869,r2i1p1f1,2042,01,08,0.0,3.877317,-2.4217224,2042
9870,r2i1p1f1,2042,01,09,0.003933385624595058,2.2268689,-1.610033,2042
9871,r2i1p1f1,2042,01,10,0.0,4.000105,-6.9279847,2042
9872,r2i1p1f1,2042,01,11,0.06905531904871728,1.0342795,-9.142158,2042
9873,r2i1p1f1,2042,01,12,10.650587446014889,3.7727308,-7.4671555,2042
9874,r2i1p1f1,2042,01,13,0.0,5.0333567,-0.42713323,2042
9875,r2i1p1f1,2042,01,14,14.740185714226055,6.8471913,1.0358051,2042
9876,r2i1p1f1,2042,01,15,3.2114906685120124,8.9943285,1.0196593,2042
9877,r2i1p1f1,2042,01,16,51.93298816190621,11.517049,4.856322,2042
9878,r2i1p1f1,2042,01,17,110.36587705692419,9.865995,4.3595276,2042
9879,r2i1p1f1,2042,01,18,86.52528676634225,11.45814,0.4832212,2042
9880,r2i1p1f1,2042,01,19,82.69681821559341,9.47833,5.324279,2042
9881,r2i1p1f1,2042,01,20,103.99181943547984,8.935634,-1.6320097,2042
9882,r2i1p1f1,2042,01,21,0.21840905677751066,9.146988,-5.7926965,2042
9883,r2i1p1f1,2042,01,22,0.0,1.9930158,-3.1600676,2042
9884,r2i1p1f1,2042,01,23,16.797584729815405,1.570912,-3.2204335,2042
9885,r2i1p1f1,2042,01,24,47.7415356234325,1.8882852,-8.59232,2042
9886,r2i1p1f1,2042,01,25,16.231366358876514,-0.7930588,-9.138589,2042
9887,r2i1p1f1,2042,01,26,0.0,6.0147605,-8.283914,2042
9888,r2i1p1f1,2042,01,27,5.833317943968443,4.925083,-1.5145397,2042
9889,r2i1p1f1,2042,01,28,15.37405482309763,4.954939,0.68520397,2042
9890,r2i1p1f1,2042,01,29,0.0,10.950193,3.4213054,2042
9891,r2i1p1f1,2042,01,30,0.0,9.533166,-1.9129107,2042
9892,r2i1p1f1,2042,01,31,0.0,7.771932,0.08680725,2042
9893,r2i1p1f1,2042,02,01,0.0,17.942516,2.238256,2042
9894,r2i1p1f1,2042,02,02,0.0037563368096016347,16.537825,2.7294972,2042
9895,r2i1p1f1,2042,02,03,40.529945515132006,8.532884,-3.604633,2042
9896,r2i1p1f1,2042,02,04,0.0,5.5274706,-5.906521,2042
9897,r2i1p1f1,2042,02,05,0.0,4.1812625,-2.472693,2042
9898,r2i1p1f1,2042,02,06,0.0,6.050061,-1.3749949,2042
9899,r2i1p1f1,2042,02,07,0.0,18.258955,1.370157,2042
9900,r2i1p1f1,2042,02,08,0.0,19.69384,5.7670794,2042
9901,r2i1p1f1,2042,02,09,0.0,22.073215,4.0447392,2042
9902,r2i1p1f1,2042,02,10,0.0,20.079386,3.0526042,2042
9903,r2i1p1f1,2042,02,11,0.0,17.97101,3.2676125,2042
9904,r2i1p1f1,2042,02,12,0.0,13.756316,3.2892194,2042
9905,r2i1p1f1,2042,02,13,69.40218788714937,13.40456,-0.8769267,2042
9906,r2i1p1f1,2042,02,14,0.44335902482019335,9.0563545,-3.270257,2042
9907,r2i1p1f1,2042,02,15,0.13133362092328474,4.355796,-4.1165395,2042
9908,r2i1p1f1,2042,02,16,0.0,9.961611,-3.421601,2042
9909,r2i1p1f1,2042,02,17,0.0,15.590369,0.42239997,2042
9910,r2i1p1f1,2042,02,18,0.0,16.242088,1.6038581,2042
9911,r2i1p1f1,2042,02,19,0.0,15.396032,1.5234598,2042
9912,r2i1p1f1,2042,02,20,0.0,16.496378,2.2847693,2042
9913,r2i1p1f1,2042,02,21,0.884950122529587,16.231571,2.6915393,2042
9914,r2i1p1f1,2042,02,22,0.03625395463761659,11.542857,1.8985827,2042
9915,r2i1p1f1,2042,02,23,0.0,10.124687,-0.19049327,2042
9916,r2i1p1f1,2042,02,24,0.0,6.773329,-5.28974,2042
9917,r2i1p1f1,2042,02,25,0.0,7.346445,-6.402065,2042
9918,r2i1p1f1,2042,02,26,0.0,11.071396,-3.7797406,2042
9919,r2i1p1f1,2042,02,27,0.0,14.5787945,0.58551484,2042
9920,r2i1p1f1,2042,02,28,0.0,12.521439,1.5241157,2042
9921,r2i1p1f1,2042,03,01,19.02002360170277,8.981298,0.03409107,2042
9922,r2i1p1f1,2042,03,02,15.808763980301311,8.244261,-0.57335675,2042
9923,r2i1p1f1,2042,03,03,9.284539723795696,5.863971,-1.4189783,2042
9924,r2i1p1f1,2042,03,04,28.611538506363733,4.4099545,-2.5409608,2042
9925,r2i1p1f1,2042,03,05,0.0,4.9602675,-5.351596,2042
9926,r2i1p1f1,2042,03,06,27.195279602444945,0.8238144,-3.4027789,2042
9927,r2i1p1f1,2042,03,07,1.0652503423653588,8.762209,-2.9800696,2042
9928,r2i1p1f1,2042,03,08,0.0,16.922882,2.3379848,2042
9929,r2i1p1f1,2042,03,09,0.0,20.167757,5.67365,2042
9930,r2i1p1f1,2042,03,10,0.0,20.494616,5.9257307,2042
9931,r2i1p1f1,2042,03,11,0.0,17.245274,3.287582,2042
9932,r2i1p1f1,2042,03,12,0.0,18.465734,2.7030265,2042
9933,r2i1p1f1,2042,03,13,0.0,21.173534,4.653305,2042
9934,r2i1p1f1,2042,03,14,0.0,20.138378,5.5943856,2042
9935,r2i1p1f1,2042,03,15,0.0,20.06732,3.8999672,2042
9936,r2i1p1f1,2042,03,16,0.0,20.226698,5.2197165,2042
9937,r2i1p1f1,2042,03,17,0.0,19.761366,5.6631985,2042
9938,r2i1p1f1,2042,03,18,0.0,18.489737,2.729541,2042
9939,r2i1p1f1,2042,03,19,0.0,18.117506,2.2512383,2042
9940,r2i1p1f1,2042,03,20,0.0,20.629482,3.301012,2042
9941,r2i1p1f1,2042,03,21,0.0,21.037445,3.3437037,2042
9942,r2i1p1f1,2042,03,22,0.0,19.96013,3.5060143,2042
9943,r2i1p1f1,2042,03,23,0.0,14.295642,3.130706,2042
9944,r2i1p1f1,2042,03,24,0.0,13.950912,-0.53865874,2042
9945,r2i1p1f1,2042,03,25,12.597512043654346,9.635872,-3.981485,2042
9946,r2i1p1f1,2042,03,26,19.355728775218058,8.05872,-2.8958158,2042
9947,r2i1p1f1,2042,03,27,0.0,10.607561,-0.6617041,2042
9948,r2i1p1f1,2042,03,28,3.9006315049776346,8.1993,1.1075336,2042
9949,r2i1p1f1,2042,03,29,0.0,14.771413,-0.3789668,2042
9950,r2i1p1f1,2042,03,30,0.0,20.739769,1.8502821,2042
9951,r2i1p1f1,2042,03,31,0.0,23.149612,4.3802633,2042
9952,r2i1p1f1,2042,04,01,0.0,23.763702,5.325009,2042
9953,r2i1p1f1,2042,04,02,0.0,22.734135,4.390513,2042
9954,r2i1p1f1,2042,04,03,0.0,16.639866,4.4124646,2042
9955,r2i1p1f1,2042,04,04,0.40578653794140196,14.872798,0.28465614,2042
9956,r2i1p1f1,2042,04,05,0.28516744188471843,14.145974,-0.13231434,2042
9957,r2i1p1f1,2042,04,06,0.4272688501452229,13.89115,0.87399966,2042
9958,r2i1p1f1,2042,04,07,2.260250378570233,10.357591,-3.3205004,2042
9959,r2i1p1f1,2042,04,08,0.0,13.744446,0.16261536,2042
9960,r2i1p1f1,2042,04,09,0.0,22.789434,5.5328574,2042
9961,r2i1p1f1,2042,04,10,0.0,21.976114,6.2927094,2042
9962,r2i1p1f1,2042,04,11,0.0,20.549486,4.983103,2042
9963,r2i1p1f1,2042,04,12,39.70139113863787,10.413102,2.8695385,2042
9964,r2i1p1f1,2042,04,13,0.33879673473375777,13.211629,1.0106915,2042
9965,r2i1p1f1,2042,04,14,0.0,14.055613,0.4288109,2042
9966,r2i1p1f1,2042,04,15,2.7387752544550144,8.7913685,-1.0698653,2042
9967,r2i1p1f1,2042,04,16,0.0,16.444567,0.24179244,2042
9968,r2i1p1f1,2042,04,17,0.0,17.98795,1.0564363,2042
9969,r2i1p1f1,2042,04,18,0.6718953015829007,15.166902,-0.23783825,2042
9970,r2i1p1f1,2042,04,19,0.0,9.474083,2.1163127,2042
9971,r2i1p1f1,2042,04,20,0.0,12.15211,-1.1073369,2042
9972,r2i1p1f1,2042,04,21,0.0,16.00688,-0.7809958,2042
9973,r2i1p1f1,2042,04,22,0.0,19.453154,2.857625,2042
9974,r2i1p1f1,2042,04,23,0.0,19.348331,3.6859474,2042
9975,r2i1p1f1,2042,04,24,2.211233310551436,15.721121,1.7395992,2042
9976,r2i1p1f1,2042,04,25,0.0,19.115503,5.1209564,2042
9977,r2i1p1f1,2042,04,26,0.0,20.05268,3.0745857,2042
9978,r2i1p1f1,2042,04,27,0.0,19.379272,3.8750997,2042
9979,r2i1p1f1,2042,04,28,13.751118474297423,9.851037,-5.154557,2042
9980,r2i1p1f1,2042,04,29,4.563181462649132,7.3946047,-6.1399555,2042
9981,r2i1p1f1,2042,04,30,0.0,16.246447,1.1433197,2042
9982,r2i1p1f1,2042,05,01,0.0,18.395382,2.4712431,2042
9983,r2i1p1f1,2042,05,02,0.0,21.21916,5.049348,2042
9984,r2i1p1f1,2042,05,03,0.0,23.394758,8.03951,2042
9985,r2i1p1f1,2042,05,04,0.0,24.879782,9.030254,2042
9986,r2i1p1f1,2042,05,05,0.0,23.275848,7.5771766,2042
9987,r2i1p1f1,2042,05,06,4.0366275801296485,14.4997,0.5711444,2042
9988,r2i1p1f1,2042,05,07,0.0,19.215849,3.459931,2042
9989,r2i1p1f1,2042,05,08,0.0,20.265583,3.7944195,2042
9990,r2i1p1f1,2042,05,09,3.578259024694629,16.308138,0.7414372,2042
9991,r2i1p1f1,2042,05,10,19.96553085247377,11.247022,6.1222115,2042
9992,r2i1p1f1,2042,05,11,5.704027717449487,9.53062,3.4015574,2042
9993,r2i1p1f1,2042,05,12,0.0,14.032659,1.8128573,2042
9994,r2i1p1f1,2042,05,13,0.0,15.541441,0.05922435,2042
9995,r2i1p1f1,2042,05,14,12.470916970498646,10.404001,-4.596686,2042
9996,r2i1p1f1,2042,05,15,5.1587196003241,8.530178,0.3113286,2042
9997,r2i1p1f1,2042,05,16,8.50821440796538,9.106653,-1.9934732,2042
9998,r2i1p1f1,2042,05,17,0.0,14.774736,-0.6668378,2042
9999,r2i1p1f1,2042,05,18,0.0,17.51626,1.4154536,2042
10000,r2i1p1f1,2042,05,19,0.0,20.716452,7.0968447,2042
10001,r2i1p1f1,2042,05,20,0.0,22.537071,5.110973,2042
10002,r2i1p1f1,2042,05,21,0.0,20.757246,4.6981454,2042
10003,r2i1p1f1,2042,05,22,0.052989450082700035,21.126812,5.474617,2042
10004,r2i1p1f1,2042,05,23,0.0,23.05059,9.913731,2042
10005,r2i1p1f1,2042,05,24,1.3565651802099847,19.318796,3.2393975,2042
10006,r2i1p1f1,2042,05,25,0.0,24.222614,7.37705,2042
10007,r2i1p1f1,2042,05,26,0.3902729931374219,23.33018,7.083608,2042
10008,r2i1p1f1,2042,05,27,0.0,21.53363,5.93269,2042
10009,r2i1p1f1,2042,05,28,0.0,23.239428,6.954205,2042
10010,r2i1p1f1,2042,05,29,7.485029788977744,16.483978,1.0928223,2042
10011,r2i1p1f1,2042,05,30,7.464769075802626,10.337662,4.1911354,2042
10012,r2i1p1f1,2042,05,31,9.047708404985034,9.294339,2.4340684,2042
10013,r2i1p1f1,2042,06,01,1.9043034281052174,11.487349,-3.6112187,2042
10014,r2i1p1f1,2042,06,02,0.0,19.15688,2.1693966,2042
10015,r2i1p1f1,2042,06,03,0.0,21.990995,5.781952,2042
10016,r2i1p1f1,2042,06,04,0.0,23.170038,7.0743017,2042
10017,r2i1p1f1,2042,06,05,0.0,23.62833,7.324635,2042
10018,r2i1p1f1,2042,06,06,0.0,23.276007,8.294873,2042
10019,r2i1p1f1,2042,06,07,0.0,23.030943,8.381595,2042
10020,r2i1p1f1,2042,06,08,0.0,22.367332,8.171483,2042
10021,r2i1p1f1,2042,06,09,0.0,23.107454,5.610327,2042
10022,r2i1p1f1,2042,06,10,0.0,21.631565,5.6906943,2042
10023,r2i1p1f1,2042,06,11,0.020475146965719223,14.597444,2.7894554,2042
10024,r2i1p1f1,2042,06,12,0.0,19.118713,2.2657871,2042
10025,r2i1p1f1,2042,06,13,0.0,28.525455,9.609591,2042
10026,r2i1p1f1,2042,06,14,0.0,32.505535,13.671956,2042
10027,r2i1p1f1,2042,06,15,0.0,33.547226,15.49012,2042
10028,r2i1p1f1,2042,06,16,0.0,32.74782,14.548681,2042
10029,r2i1p1f1,2042,06,17,0.0,30.169966,11.933952,2042
10030,r2i1p1f1,2042,06,18,0.0,28.628412,10.457216,2042
10031,r2i1p1f1,2042,06,19,0.0,25.078302,7.2637353,2042
10032,r2i1p1f1,2042,06,20,0.0,22.591219,6.06952,2042
10033,r2i1p1f1,2042,06,21,0.0,26.574083,8.844215,2042
10034,r2i1p1f1,2042,06,22,0.0,30.332777,12.365857,2042
10035,r2i1p1f1,2042,06,23,0.0,31.501108,13.843674,2042
10036,r2i1p1f1,2042,06,24,0.0,29.43038,12.193,2042
10037,r2i1p1f1,2042,06,25,0.0,29.097963,12.107469,2042
10038,r2i1p1f1,2042,06,26,0.0,29.751703,13.166172,2042
10039,r2i1p1f1,2042,06,27,0.0,28.925684,12.49528,2042
10040,r2i1p1f1,2042,06,28,0.0,27.914635,9.488902,2042
10041,r2i1p1f1,2042,06,29,0.0,28.698092,10.889645,2042
10042,r2i1p1f1,2042,06,30,0.0,33.737335,15.428316,2042
10043,r2i1p1f1,2042,07,01,0.0,36.53602,18.257095,2042
10044,r2i1p1f1,2042,07,02,0.0,36.246365,19.561014,2042
10045,r2i1p1f1,2042,07,03,0.0,35.363503,17.126572,2042
10046,r2i1p1f1,2042,07,04,0.0,33.977734,15.751734,2042
10047,r2i1p1f1,2042,07,05,0.0,33.27036,15.202502,2042
10048,r2i1p1f1,2042,07,06,0.0,32.152283,14.53187,2042
10049,r2i1p1f1,2042,07,07,0.0,32.132156,13.929301,2042
10050,r2i1p1f1,2042,07,08,0.0,31.807116,13.628659,2042
10051,r2i1p1f1,2042,07,09,0.0,29.611725,12.212418,2042
10052,r2i1p1f1,2042,07,10,0.0,30.934395,11.589107,2042
10053,r2i1p1f1,2042,07,11,0.0,30.70869,13.088344,2042
10054,r2i1p1f1,2042,07,12,0.0,30.517002,13.6101055,2042
10055,r2i1p1f1,2042,07,13,0.0,30.063063,12.670761,2042
10056,r2i1p1f1,2042,07,14,0.0,30.265263,12.738263,2042
10057,r2i1p1f1,2042,07,15,0.0,29.244883,11.830528,2042
10058,r2i1p1f1,2042,07,16,0.0,30.659647,12.68327,2042
10059,r2i1p1f1,2042,07,17,0.0,33.47531,15.085992,2042
10060,r2i1p1f1,2042,07,18,0.0,33.094646,15.734719,2042
10061,r2i1p1f1,2042,07,19,0.0,30.924038,13.504363,2042
10062,r2i1p1f1,2042,07,20,0.0,31.15528,12.935942,2042
10063,r2i1p1f1,2042,07,21,0.0,31.08943,12.700582,2042
10064,r2i1p1f1,2042,07,22,0.0,30.692242,12.086421,2042
10065,r2i1p1f1,2042,07,23,0.0,30.084278,11.462501,2042
10066,r2i1p1f1,2042,07,24,0.0,29.688736,11.481152,2042
10067,r2i1p1f1,2042,07,25,0.0,29.309023,11.271772,2042
10068,r2i1p1f1,2042,07,26,0.0,27.671988,11.275644,2042
10069,r2i1p1f1,2042,07,27,0.0,28.985361,10.842368,2042
10070,r2i1p1f1,2042,07,28,0.0,29.055815,10.912206,2042
10071,r2i1p1f1,2042,07,29,0.0,29.196625,10.708733,2042
10072,r2i1p1f1,2042,07,30,0.0,29.320112,10.427712,2042
10073,r2i1p1f1,2042,07,31,0.0,28.647636,9.607757,2042
10074,r2i1p1f1,2042,08,01,0.0,27.638247,10.202543,2042
10075,r2i1p1f1,2042,08,02,0.0,28.762989,10.349888,2042
10076,r2i1p1f1,2042,08,03,0.0,29.18584,11.856782,2042
10077,r2i1p1f1,2042,08,04,0.0,30.470646,11.9779415,2042
10078,r2i1p1f1,2042,08,05,0.0,31.095152,13.813095,2042
10079,r2i1p1f1,2042,08,06,0.0,30.981537,15.1215315,2042
10080,r2i1p1f1,2042,08,07,0.0,31.05189,13.3700075,2042
10081,r2i1p1f1,2042,08,08,0.0,31.63352,13.993943,2042
10082,r2i1p1f1,2042,08,09,0.0,32.149624,14.39627,2042
10083,r2i1p1f1,2042,08,10,0.0,31.200195,13.459732,2042
10084,r2i1p1f1,2042,08,11,0.0,29.390162,11.29659,2042
10085,r2i1p1f1,2042,08,12,0.0,29.048218,12.647673,2042
10086,r2i1p1f1,2042,08,13,0.0,29.80211,12.074981,2042
10087,r2i1p1f1,2042,08,14,0.0,28.898712,11.2317,2042
10088,r2i1p1f1,2042,08,15,0.0,30.792934,13.4362545,2042
10089,r2i1p1f1,2042,08,16,0.0,32.272762,16.213343,2042
10090,r2i1p1f1,2042,08,17,0.0,32.17236,16.133505,2042
10091,r2i1p1f1,2042,08,18,0.0,30.945763,14.83471,2042
10092,r2i1p1f1,2042,08,19,0.0,28.616964,11.341421,2042
10093,r2i1p1f1,2042,08,20,0.0,27.427687,10.848494,2042
10094,r2i1p1f1,2042,08,21,0.0,30.541885,12.955754,2042
10095,r2i1p1f1,2042,08,22,0.0,31.317076,12.646926,2042
10096,r2i1p1f1,2042,08,23,0.0,30.5154,13.720662,2042
10097,r2i1p1f1,2042,08,24,0.0,27.857906,10.897218,2042
10098,r2i1p1f1,2042,08,25,0.0,28.678745,10.9654,2042
10099,r2i1p1f1,2042,08,26,0.0,28.965317,11.085147,2042
10100,r2i1p1f1,2042,08,27,0.0,28.008057,10.777167,2042
10101,r2i1p1f1,2042,08,28,0.0,28.582958,11.866334,2042
10102,r2i1p1f1,2042,08,29,0.0,29.964228,12.110796,2042
10103,r2i1p1f1,2042,08,30,0.0,30.931509,12.195201,2042
10104,r2i1p1f1,2042,08,31,0.0,32.192165,13.243621,2042
10105,r2i1p1f1,2042,09,01,0.0,31.16435,15.038872,2042
10106,r2i1p1f1,2042,09,02,0.0,30.730707,14.2159395,2042
10107,r2i1p1f1,2042,09,03,0.0,29.710615,13.492832,2042
10108,r2i1p1f1,2042,09,04,0.0,29.733656,13.247316,2042
10109,r2i1p1f1,2042,09,05,0.0,29.165825,11.769111,2042
10110,r2i1p1f1,2042,09,06,0.0,27.824545,10.081377,2042
10111,r2i1p1f1,2042,09,07,0.0,27.6681,10.756496,2042
10112,r2i1p1f1,2042,09,08,0.0,31.788462,13.509731,2042
10113,r2i1p1f1,2042,09,09,0.0,31.887768,13.8666115,2042
10114,r2i1p1f1,2042,09,10,0.0,31.735874,14.124174,2042
10115,r2i1p1f1,2042,09,11,0.0,30.496197,12.65872,2042
10116,r2i1p1f1,2042,09,12,0.0,29.05287,11.663655,2042
10117,r2i1p1f1,2042,09,13,0.0,25.987524,9.578762,2042
10118,r2i1p1f1,2042,09,14,0.0,28.486084,9.61163,2042
10119,r2i1p1f1,2042,09,15,0.0,29.429482,12.426263,2042
10120,r2i1p1f1,2042,09,16,0.0,28.962164,11.558509,2042
10121,r2i1p1f1,2042,09,17,0.0,29.415323,11.367136,2042
10122,r2i1p1f1,2042,09,18,0.0,27.603678,8.494065,2042
10123,r2i1p1f1,2042,09,19,0.0,18.9845,3.7885268,2042
10124,r2i1p1f1,2042,09,20,0.0,21.259626,4.650969,2042
10125,r2i1p1f1,2042,09,21,0.0,22.94925,7.7402797,2042
10126,r2i1p1f1,2042,09,22,0.0,22.544516,5.4330773,2042
10127,r2i1p1f1,2042,09,23,0.00478064768965571,21.84294,3.9744287,2042
10128,r2i1p1f1,2042,09,24,0.0010403321399420607,16.845205,-0.6375616,2042
10129,r2i1p1f1,2042,09,25,0.0,15.630208,1.0313704,2042
10130,r2i1p1f1,2042,09,26,2.7215452265968803,13.7818775,0.880925,2042
10131,r2i1p1f1,2042,09,27,0.0,14.302808,-1.4767456,2042
10132,r2i1p1f1,2042,09,28,0.0,14.857719,-1.0981188,2042
10133,r2i1p1f1,2042,09,29,0.0,14.420512,-1.1734589,2042
10134,r2i1p1f1,2042,09,30,0.0,14.901352,0.9999857,2042
10135,r2i1p1f1,2042,10,01,0.0,15.371142,0.8088322,2042
10136,r2i1p1f1,2042,10,02,0.0,20.896587,4.2906775,2042
10137,r2i1p1f1,2042,10,03,0.0,24.690674,5.994135,2042
10138,r2i1p1f1,2042,10,04,0.0,24.330318,8.149444,2042
10139,r2i1p1f1,2042,10,05,0.0,27.904478,10.561216,2042
10140,r2i1p1f1,2042,10,06,0.0,28.95022,8.721126,2042
10141,r2i1p1f1,2042,10,07,0.0,26.22508,7.0745974,2042
10142,r2i1p1f1,2042,10,08,0.0,25.867327,6.916155,2042
10143,r2i1p1f1,2042,10,09,0.0,27.671215,10.130754,2042
10144,r2i1p1f1,2042,10,10,12.232768992656089,27.38757,14.537133,2042
10145,r2i1p1f1,2042,10,11,39.84693418695735,15.499956,10.346533,2042
10146,r2i1p1f1,2042,10,12,0.22956026595448537,21.859375,5.890845,2042
10147,r2i1p1f1,2042,10,13,0.0,27.774858,8.614385,2042
10148,r2i1p1f1,2042,10,14,0.0,28.496338,11.073769,2042
10149,r2i1p1f1,2042,10,15,0.0014657164333934465,25.282759,12.52517,2042
10150,r2i1p1f1,2042,10,16,0.0,28.702738,10.552736,2042
10151,r2i1p1f1,2042,10,17,0.0,27.974552,11.320967,2042
10152,r2i1p1f1,2042,10,18,0.0,27.245016,11.757202,2042
10153,r2i1p1f1,2042,10,19,0.2512145826096038,25.682472,11.060107,2042
10154,r2i1p1f1,2042,10,20,0.06313938709074417,18.863369,4.6268296,2042
10155,r2i1p1f1,2042,10,21,0.0,17.59787,2.8756528,2042
10156,r2i1p1f1,2042,10,22,0.0,18.851738,3.9386725,2042
10157,r2i1p1f1,2042,10,23,0.0,17.621845,4.8435216,2042
10158,r2i1p1f1,2042,10,24,0.5235861891850828,19.323956,6.755853,2042
10159,r2i1p1f1,2042,10,25,0.0,20.665455,6.886365,2042
10160,r2i1p1f1,2042,10,26,0.0,20.264854,7.5932474,2042
10161,r2i1p1f1,2042,10,27,2.2287357948103956,17.153564,5.799948,2042
10162,r2i1p1f1,2042,10,28,0.0,11.038776,-0.8702642,2042
10163,r2i1p1f1,2042,10,29,0.0,8.834113,-4.137993,2042
10164,r2i1p1f1,2042,10,30,0.001463208284873802,7.4027133,-4.741047,2042
10165,r2i1p1f1,2042,10,31,7.644073057711537,0.5092528,-3.7920058,2042
10166,r2i1p1f1,2042,11,01,0.1435129364801049,5.0285106,-5.391471,2042
10167,r2i1p1f1,2042,11,02,0.0,14.352314,-2.8561628,2042
10168,r2i1p1f1,2042,11,03,0.0,16.384315,-1.3183103,2042
10169,r2i1p1f1,2042,11,04,0.0,16.840158,0.9150651,2042
10170,r2i1p1f1,2042,11,05,35.56503850850277,10.577312,0.15371998,2042
10171,r2i1p1f1,2042,11,06,16.07240531880402,9.937366,4.1202426,2042
10172,r2i1p1f1,2042,11,07,0.0,11.258454,3.2303174,2042
10173,r2i1p1f1,2042,11,08,0.0,13.928066,2.3827982,2042
10174,r2i1p1f1,2042,11,09,0.0,15.77468,1.6078546,2042
10175,r2i1p1f1,2042,11,10,0.0,15.013323,0.67804825,2042
10176,r2i1p1f1,2042,11,11,0.0,16.44355,2.18551,2042
10177,r2i1p1f1,2042,11,12,0.0,16.53074,1.8514404,2042
10178,r2i1p1f1,2042,11,13,0.0,13.978586,0.6353921,2042
10179,r2i1p1f1,2042,11,14,0.0,13.605691,-1.9429474,2042
10180,r2i1p1f1,2042,11,15,0.0,10.372626,-2.2700489,2042
10181,r2i1p1f1,2042,11,16,0.0,10.673499,-0.29238313,2042
10182,r2i1p1f1,2042,11,17,0.0,11.016329,-0.3718614,2042
10183,r2i1p1f1,2042,11,18,0.0,11.550796,0.99838287,2042
10184,r2i1p1f1,2042,11,19,0.0,18.826883,3.23101,2042
10185,r2i1p1f1,2042,11,20,0.0,18.439413,3.4136176,2042
10186,r2i1p1f1,2042,11,21,0.0,18.720585,3.47106,2042
10187,r2i1p1f1,2042,11,22,0.0,18.99773,3.1303868,2042
10188,r2i1p1f1,2042,11,23,0.0,17.580868,2.6286101,2042
10189,r2i1p1f1,2042,11,24,0.0,15.927148,0.42472234,2042
10190,r2i1p1f1,2042,11,25,11.673745877221965,10.049188,-0.5187524,2042
10191,r2i1p1f1,2042,11,26,0.0,9.152089,-2.2258184,2042
10192,r2i1p1f1,2042,11,27,35.446897896382815,8.110253,1.7548535,2042
10193,r2i1p1f1,2042,11,28,8.7722145018723,6.878429,1.7570351,2042
10194,r2i1p1f1,2042,11,29,0.0,9.453841,-2.0979466,2042
10195,r2i1p1f1,2042,11,30,0.0,11.63011,-0.5749757,2042
10196,r2i1p1f1,2042,12,01,0.0,13.3271675,-0.07178057,2042
10197,r2i1p1f1,2042,12,02,0.0,13.171599,0.5308896,2042
10198,r2i1p1f1,2042,12,03,0.0,12.90223,-0.7292984,2042
10199,r2i1p1f1,2042,12,04,0.0,12.67096,0.92251265,2042
10200,r2i1p1f1,2042,12,05,0.0,12.699785,0.2339815,2042
10201,r2i1p1f1,2042,12,06,0.0,13.211872,-0.21523441,2042
10202,r2i1p1f1,2042,12,07,0.0,15.985144,0.22615883,2042
10203,r2i1p1f1,2042,12,08,0.0,13.219742,1.2386461,2042
10204,r2i1p1f1,2042,12,09,2.3755154387729887,4.3407903,0.16277099,2042
10205,r2i1p1f1,2042,12,10,0.0,3.8110023,-4.889539,2042
10206,r2i1p1f1,2042,12,11,0.010516327865144167,3.6357677,-7.4534183,2042
10207,r2i1p1f1,2042,12,12,0.0,4.791319,-7.70454,2042
10208,r2i1p1f1,2042,12,13,0.0,10.938833,-2.7805872,2042
10209,r2i1p1f1,2042,12,14,0.0,11.309697,-2.5552275,2042
10210,r2i1p1f1,2042,12,15,0.0,15.285889,-0.3872529,2042
10211,r2i1p1f1,2042,12,16,0.0,17.636889,1.8549508,2042
10212,r2i1p1f1,2042,12,17,0.0,16.966885,2.258227,2042
10213,r2i1p1f1,2042,12,18,0.0,14.948835,1.6131597,2042
10214,r2i1p1f1,2042,12,19,0.0,14.913576,1.8046018,2042
10215,r2i1p1f1,2042,12,20,0.0,13.185947,0.8306758,2042
10216,r2i1p1f1,2042,12,21,0.0,12.914946,0.70779926,2042
10217,r2i1p1f1,2042,12,22,0.004274560062465473,7.1141467,0.41276932,2042
10218,r2i1p1f1,2042,12,23,1.1825922865542593,1.589081,-1.973841,2042
10219,r2i1p1f1,2042,12,24,0.0,2.1394756,-1.679648,2042
10220,r2i1p1f1,2042,12,25,74.52603146577111,2.0780492,-9.415903,2042
10221,r2i1p1f1,2042,12,26,7.792827549117367,0.5167728,-11.453589,2042
10222,r2i1p1f1,2042,12,27,36.72006833792413,-1.5702597,-6.8862805,2042
10223,r2i1p1f1,2042,12,28,0.32311722390239506,0.520065,-10.138946,2042
10224,r2i1p1f1,2042,12,29,68.66747497742136,3.3810844,-4.703879,2042
10225,r2i1p1f1,2042,12,30,109.55799541149575,7.642305,2.4031813,2042
10226,r2i1p1f1,2042,12,31,71.57375148202006,5.41089,-4.5641947,2042
10227,r2i1p1f1,2043,01,01,16.463474538781718,0.9173457,-3.110191,2043
10228,r2i1p1f1,2043,01,02,0.20979451423604936,3.7610645,-6.6019273,2043
10229,r2i1p1f1,2043,01,03,52.99659072725962,1.9712857,-2.8867557,2043
10230,r2i1p1f1,2043,01,04,72.15559900147267,6.4908032,-0.3539814,2043
10231,r2i1p1f1,2043,01,05,105.4146890134479,7.74941,0.51385987,2043
10232,r2i1p1f1,2043,01,06,56.25732858405592,7.25754,1.6276041,2043
10233,r2i1p1f1,2043,01,07,48.056922586133275,7.6239867,2.6763933,2043
10234,r2i1p1f1,2043,01,08,25.77063965167886,9.913655,3.7373402,2043
10235,r2i1p1f1,2043,01,09,25.226842218902537,12.860815,5.3118563,2043
10236,r2i1p1f1,2043,01,10,13.30219983353275,11.834449,7.084485,2043
10237,r2i1p1f1,2043,01,11,10.93392879030524,9.466667,3.5802507,2043
10238,r2i1p1f1,2043,01,12,0.0,12.947382,2.1080256,2043
10239,r2i1p1f1,2043,01,13,0.0,15.491728,1.5596288,2043
10240,r2i1p1f1,2043,01,14,0.0,16.592743,4.1106544,2043
10241,r2i1p1f1,2043,01,15,0.0,16.074131,2.8074298,2043
10242,r2i1p1f1,2043,01,16,0.0,15.442459,2.8178222,2043
10243,r2i1p1f1,2043,01,17,0.0,17.46606,2.7990873,2043
10244,r2i1p1f1,2043,01,18,0.0,16.057858,3.1360927,2043
10245,r2i1p1f1,2043,01,19,0.0,16.938429,2.8010502,2043
10246,r2i1p1f1,2043,01,20,0.0,18.101433,3.8189638,2043
10247,r2i1p1f1,2043,01,21,0.0,19.409908,4.6410193,2043
10248,r2i1p1f1,2043,01,22,0.0,20.187662,4.4312816,2043
10249,r2i1p1f1,2043,01,23,0.0,19.965485,4.366751,2043
10250,r2i1p1f1,2043,01,24,0.0,19.78979,4.1161604,2043
10251,r2i1p1f1,2043,01,25,0.0,19.675568,5.6492405,2043
10252,r2i1p1f1,2043,01,26,0.0,22.19739,6.5588,2043
10253,r2i1p1f1,2043,01,27,0.0,23.38934,7.6486464,2043
10254,r2i1p1f1,2043,01,28,0.0,21.985868,6.8673563,2043
10255,r2i1p1f1,2043,01,29,0.0,17.82925,5.5413938,2043
10256,r2i1p1f1,2043,01,30,0.0,19.237373,1.9634408,2043
10257,r2i1p1f1,2043,01,31,0.0,17.196978,2.4561927,2043
10258,r2i1p1f1,2043,02,01,0.0,16.94324,5.02415,2043
10259,r2i1p1f1,2043,02,02,0.40789856994496615,15.480479,3.9633672,2043
10260,r2i1p1f1,2043,02,03,0.0,16.779068,3.105659,2043
10261,r2i1p1f1,2043,02,04,0.0,18.766685,4.2044606,2043
10262,r2i1p1f1,2043,02,05,0.0,23.747446,8.224208,2043
10263,r2i1p1f1,2043,02,06,0.0,20.964325,5.3446507,2043
10264,r2i1p1f1,2043,02,07,0.0,23.585812,8.498995,2043
10265,r2i1p1f1,2043,02,08,0.0,25.706556,9.194365,2043
10266,r2i1p1f1,2043,02,09,0.0,24.62462,8.541524,2043
10267,r2i1p1f1,2043,02,10,0.0,22.905106,7.7452426,2043
10268,r2i1p1f1,2043,02,11,0.0,19.812147,5.1100564,2043
10269,r2i1p1f1,2043,02,12,0.0,16.928926,4.371859,2043
10270,r2i1p1f1,2043,02,13,0.0,11.834676,2.075659,2043
10271,r2i1p1f1,2043,02,14,0.0,14.558452,0.45933005,2043
10272,r2i1p1f1,2043,02,15,0.0,13.928767,1.3104844,2043
10273,r2i1p1f1,2043,02,16,0.0,13.895661,-0.79267323,2043
10274,r2i1p1f1,2043,02,17,0.0,18.434013,1.1637511,2043
10275,r2i1p1f1,2043,02,18,0.0,16.536465,0.74982834,2043
10276,r2i1p1f1,2043,02,19,0.0,17.328077,3.4826636,2043
10277,r2i1p1f1,2043,02,20,0.0,16.752857,1.6229302,2043
10278,r2i1p1f1,2043,02,21,0.0,17.748495,2.3431783,2043
10279,r2i1p1f1,2043,02,22,0.0,18.773928,3.256579,2043
10280,r2i1p1f1,2043,02,23,0.0,19.207212,4.352253,2043
10281,r2i1p1f1,2043,02,24,0.0,17.034548,2.6063051,2043
10282,r2i1p1f1,2043,02,25,0.0,18.318977,3.6485255,2043
10283,r2i1p1f1,2043,02,26,0.0,18.878458,5.270738,2043
10284,r2i1p1f1,2043,02,27,0.0,17.945482,5.019303,2043
10285,r2i1p1f1,2043,02,28,0.0,17.815235,4.568533,2043
10286,r2i1p1f1,2043,03,01,0.0,21.195301,4.304507,2043
10287,r2i1p1f1,2043,03,02,0.0,20.432158,4.656522,2043
10288,r2i1p1f1,2043,03,03,0.0,21.274096,4.5339084,2043
10289,r2i1p1f1,2043,03,04,0.0,22.856953,6.1326213,2043
10290,r2i1p1f1,2043,03,05,0.0,22.687872,7.2284436,2043
10291,r2i1p1f1,2043,03,06,0.0,22.10556,5.805099,2043
10292,r2i1p1f1,2043,03,07,0.12256323580704002,18.875717,3.3372486,2043
10293,r2i1p1f1,2043,03,08,24.76130901979139,9.860198,1.3076144,2043
10294,r2i1p1f1,2043,03,09,20.594062872651893,6.556176,2.659368,2043
10295,r2i1p1f1,2043,03,10,0.0,10.887133,6.2976522,2043
10296,r2i1p1f1,2043,03,11,29.487142774115245,9.645533,0.38149008,2043
10297,r2i1p1f1,2043,03,12,11.086262768297344,7.85832,-2.2864795,2043
10298,r2i1p1f1,2043,03,13,0.0,13.890466,0.86411285,2043
10299,r2i1p1f1,2043,03,14,0.0,15.166467,0.6587402,2043
10300,r2i1p1f1,2043,03,15,0.0,16.917416,2.3327482,2043
10301,r2i1p1f1,2043,03,16,9.448511865915721,11.180765,-1.8301352,2043
10302,r2i1p1f1,2043,03,17,0.6060664188820598,7.547914,0.56459045,2043
10303,r2i1p1f1,2043,03,18,0.030924727847292388,9.690923,1.3016535,2043
10304,r2i1p1f1,2043,03,19,0.037048132407317795,10.434663,-0.4179493,2043
10305,r2i1p1f1,2043,03,20,0.23302522931072206,8.8173895,0.6896895,2043
10306,r2i1p1f1,2043,03,21,9.80930332130251,6.142368,-3.1713293,2043
10307,r2i1p1f1,2043,03,22,31.71614637070049,6.8362803,0.58690476,2043
10308,r2i1p1f1,2043,03,23,23.763590663461052,7.346383,-2.391734,2043
10309,r2i1p1f1,2043,03,24,1.4813937818172025,6.7330456,-5.140003,2043
10310,r2i1p1f1,2043,03,25,0.0,9.011397,-1.8492575,2043
10311,r2i1p1f1,2043,03,26,0.0,8.446545,1.9685737,2043
10312,r2i1p1f1,2043,03,27,0.0,12.574597,-1.6451275,2043
10313,r2i1p1f1,2043,03,28,0.2559233405568543,16.500376,1.7020017,2043
10314,r2i1p1f1,2043,03,29,0.0,19.148556,4.7195363,2043
10315,r2i1p1f1,2043,03,30,0.0,20.568842,3.8804023,2043
10316,r2i1p1f1,2043,03,31,0.0,22.018297,3.7271297,2043
10317,r2i1p1f1,2043,04,01,0.0,20.828606,3.6195586,2043
10318,r2i1p1f1,2043,04,02,0.0,22.51317,5.4689407,2043
10319,r2i1p1f1,2043,04,03,0.0,22.258564,4.780466,2043
10320,r2i1p1f1,2043,04,04,0.0,18.42439,0.9646478,2043
10321,r2i1p1f1,2043,04,05,0.0,17.74778,1.5846885,2043
10322,r2i1p1f1,2043,04,06,0.0,15.156911,2.1780512,2043
10323,r2i1p1f1,2043,04,07,5.020044643102805,13.536684,-0.6586354,2043
10324,r2i1p1f1,2043,04,08,40.90098407961285,9.821402,0.41795486,2043
10325,r2i1p1f1,2043,04,09,52.80681882196894,7.206748,1.8099146,2043
10326,r2i1p1f1,2043,04,10,56.31978409902121,7.435818,-0.86236435,2043
10327,r2i1p1f1,2043,04,11,0.0,13.769306,-1.4015833,2043
10328,r2i1p1f1,2043,04,12,0.0,17.359228,1.4557803,2043
10329,r2i1p1f1,2043,04,13,0.0,22.094006,5.014656,2043
10330,r2i1p1f1,2043,04,14,0.0,22.352692,5.365981,2043
10331,r2i1p1f1,2043,04,15,1.6836584966103356,16.020315,1.287691,2043
10332,r2i1p1f1,2043,04,16,9.984679884781563,11.190859,0.54785645,2043
10333,r2i1p1f1,2043,04,17,0.0,12.78089,0.7275203,2043
10334,r2i1p1f1,2043,04,18,0.0,15.947788,-1.2912501,2043
10335,r2i1p1f1,2043,04,19,0.0,15.57093,0.5449922,2043
10336,r2i1p1f1,2043,04,20,0.0,16.940084,1.397491,2043
10337,r2i1p1f1,2043,04,21,0.0,18.401974,2.5794246,2043
10338,r2i1p1f1,2043,04,22,0.0,21.560766,4.2476544,2043
10339,r2i1p1f1,2043,04,23,0.0,19.60828,4.4823694,2043
10340,r2i1p1f1,2043,04,24,0.0,21.727802,5.7216825,2043
10341,r2i1p1f1,2043,04,25,0.0,23.208431,7.6838613,2043
10342,r2i1p1f1,2043,04,26,0.0,25.534061,8.496492,2043
10343,r2i1p1f1,2043,04,27,0.0,26.210052,10.714931,2043
10344,r2i1p1f1,2043,04,28,0.0,23.706871,6.8587523,2043
10345,r2i1p1f1,2043,04,29,15.681698978565132,10.335486,-4.481315,2043
10346,r2i1p1f1,2043,04,30,0.0,9.821158,1.1353558,2043
10347,r2i1p1f1,2043,05,01,0.0,9.327279,1.0405538,2043
10348,r2i1p1f1,2043,05,02,11.959080044807006,5.61833,-1.3961523,2043
10349,r2i1p1f1,2043,05,03,0.26302922622282776,10.157508,-2.7843077,2043
10350,r2i1p1f1,2043,05,04,1.7010928150669384,8.281516,-0.7274179,2043
10351,r2i1p1f1,2043,05,05,9.740611412787704,7.649226,-2.760434,2043
10352,r2i1p1f1,2043,05,06,1.1008067672614392,5.934469,-0.8623868,2043
10353,r2i1p1f1,2043,05,07,2.407155050563093,11.474408,-4.93514,2043
10354,r2i1p1f1,2043,05,08,0.0,15.062671,-1.5415789,2043
10355,r2i1p1f1,2043,05,09,2.2773321885079687,11.510331,-2.530207,2043
10356,r2i1p1f1,2043,05,10,0.0,11.890567,5.4684362,2043
10357,r2i1p1f1,2043,05,11,0.21218113463594188,11.099913,5.759534,2043
10358,r2i1p1f1,2043,05,12,14.208392093636435,7.4531126,1.9691452,2043
10359,r2i1p1f1,2043,05,13,32.55205316930257,7.6535206,-2.7782457,2043
10360,r2i1p1f1,2043,05,14,0.880314333167357,8.573203,-1.1422983,2043
10361,r2i1p1f1,2043,05,15,0.0,15.48489,-0.35996962,2043
10362,r2i1p1f1,2043,05,16,0.0,22.990942,3.7051435,2043
10363,r2i1p1f1,2043,05,17,0.0,24.30912,7.7255554,2043
10364,r2i1p1f1,2043,05,18,0.0,25.990973,9.907078,2043
10365,r2i1p1f1,2043,05,19,0.0,27.203138,11.827062,2043
10366,r2i1p1f1,2043,05,20,0.0,27.560068,10.559107,2043
10367,r2i1p1f1,2043,05,21,0.0,26.867212,10.1019745,2043
10368,r2i1p1f1,2043,05,22,0.0,23.525087,8.617513,2043
10369,r2i1p1f1,2043,05,23,0.0,24.828312,7.8095484,2043
10370,r2i1p1f1,2043,05,24,0.0,26.635336,9.921328,2043
10371,r2i1p1f1,2043,05,25,0.0,27.075405,10.506638,2043
10372,r2i1p1f1,2043,05,26,0.0,27.064352,10.41159,2043
10373,r2i1p1f1,2043,05,27,0.0,26.752686,11.40799,2043
10374,r2i1p1f1,2043,05,28,0.0,27.172638,10.173349,2043
10375,r2i1p1f1,2043,05,29,0.0,26.681105,10.257695,2043
10376,r2i1p1f1,2043,05,30,0.0,27.773638,10.034016,2043
10377,r2i1p1f1,2043,05,31,0.0,26.92312,9.766211,2043
10378,r2i1p1f1,2043,06,01,0.0,23.383636,5.7198644,2043
10379,r2i1p1f1,2043,06,02,0.0,16.405672,2.5567255,2043
10380,r2i1p1f1,2043,06,03,0.0,17.457071,0.9695592,2043
10381,r2i1p1f1,2043,06,04,0.014470043130971205,18.677345,3.438972,2043
10382,r2i1p1f1,2043,06,05,0.01922593196818175,20.31757,4.4396634,2043
10383,r2i1p1f1,2043,06,06,0.0,23.121138,5.523116,2043
10384,r2i1p1f1,2043,06,07,0.16749977915494058,22.529598,5.6540422,2043
10385,r2i1p1f1,2043,06,08,2.9142912877152694,15.92883,2.5484288,2043
10386,r2i1p1f1,2043,06,09,0.35392193869763733,14.148291,0.69550246,2043
10387,r2i1p1f1,2043,06,10,0.0,22.227299,5.0802555,2043
10388,r2i1p1f1,2043,06,11,0.0,25.646484,8.951941,2043
10389,r2i1p1f1,2043,06,12,1.0811059695312837,26.164463,9.800434,2043
10390,r2i1p1f1,2043,06,13,0.4593226440752355,18.854237,4.915514,2043
10391,r2i1p1f1,2043,06,14,0.14881298263319948,19.744106,4.759322,2043
10392,r2i1p1f1,2043,06,15,1.5543645271044135,22.701694,5.668307,2043
10393,r2i1p1f1,2043,06,16,0.0,25.681288,9.10722,2043
10394,r2i1p1f1,2043,06,17,0.0,26.706802,9.748471,2043
10395,r2i1p1f1,2043,06,18,0.0,29.878609,11.496375,2043
10396,r2i1p1f1,2043,06,19,0.0,30.925028,12.920295,2043
10397,r2i1p1f1,2043,06,20,0.0,31.113373,12.758358,2043
10398,r2i1p1f1,2043,06,21,0.0,30.766659,13.542055,2043
10399,r2i1p1f1,2043,06,22,0.0,29.075556,11.659957,2043
10400,r2i1p1f1,2043,06,23,0.0,30.44257,12.512095,2043
10401,r2i1p1f1,2043,06,24,0.0,31.595259,12.685659,2043
10402,r2i1p1f1,2043,06,25,0.0,29.759483,12.99253,2043
10403,r2i1p1f1,2043,06,26,0.0,29.406237,12.034602,2043
10404,r2i1p1f1,2043,06,27,0.0,31.03416,13.538054,2043
10405,r2i1p1f1,2043,06,28,0.0,32.871494,14.491734,2043
10406,r2i1p1f1,2043,06,29,0.0,32.334885,14.141459,2043
10407,r2i1p1f1,2043,06,30,0.0,30.999268,12.1656275,2043
10408,r2i1p1f1,2043,07,01,0.0,26.381905,8.870455,2043
10409,r2i1p1f1,2043,07,02,0.0,26.085196,9.164061,2043
10410,r2i1p1f1,2043,07,03,0.0,28.862204,10.363311,2043
10411,r2i1p1f1,2043,07,04,0.0,31.217676,18.193277,2043
10412,r2i1p1f1,2043,07,05,0.0,31.588165,13.359651,2043
10413,r2i1p1f1,2043,07,06,0.0,31.983664,12.967862,2043
10414,r2i1p1f1,2043,07,07,0.0,31.569136,13.612988,2043
10415,r2i1p1f1,2043,07,08,0.0,32.707554,14.047952,2043
10416,r2i1p1f1,2043,07,09,0.0,33.025684,14.9057255,2043
10417,r2i1p1f1,2043,07,10,0.0,34.601536,16.557837,2043
10418,r2i1p1f1,2043,07,11,0.0,34.55571,17.235373,2043
10419,r2i1p1f1,2043,07,12,0.0,33.509335,15.402569,2043
10420,r2i1p1f1,2043,07,13,0.0,32.152805,14.773303,2043
10421,r2i1p1f1,2043,07,14,0.0,31.019882,13.140431,2043
10422,r2i1p1f1,2043,07,15,0.0,31.76535,13.828035,2043
10423,r2i1p1f1,2043,07,16,0.0,32.439842,14.278884,2043
10424,r2i1p1f1,2043,07,17,0.0,32.596478,14.430007,2043
10425,r2i1p1f1,2043,07,18,0.0,31.417826,13.48176,2043
10426,r2i1p1f1,2043,07,19,0.0,30.630917,13.706528,2043
10427,r2i1p1f1,2043,07,20,0.0,30.616825,12.666931,2043
10428,r2i1p1f1,2043,07,21,0.0,30.059189,11.763639,2043
10429,r2i1p1f1,2043,07,22,0.0,28.491308,11.111746,2043
10430,r2i1p1f1,2043,07,23,0.0,29.877367,11.565766,2043
10431,r2i1p1f1,2043,07,24,0.0,33.621,14.943749,2043
10432,r2i1p1f1,2043,07,25,0.0,32.903015,15.320511,2043
10433,r2i1p1f1,2043,07,26,0.0,32.470104,16.829184,2043
10434,r2i1p1f1,2043,07,27,0.0,32.03377,15.6448555,2043
10435,r2i1p1f1,2043,07,28,0.0,32.100243,15.429293,2043
10436,r2i1p1f1,2043,07,29,0.0,32.943184,15.745357,2043
10437,r2i1p1f1,2043,07,30,0.0,33.526333,15.643674,2043
10438,r2i1p1f1,2043,07,31,0.0,33.539333,15.217144,2043
10439,r2i1p1f1,2043,08,01,0.0,31.284224,13.490964,2043
10440,r2i1p1f1,2043,08,02,0.0,29.751146,11.632422,2043
10441,r2i1p1f1,2043,08,03,0.0,29.715157,12.256985,2043
10442,r2i1p1f1,2043,08,04,0.0,30.196186,12.764167,2043
10443,r2i1p1f1,2043,08,05,0.0,31.498632,13.835632,2043
10444,r2i1p1f1,2043,08,06,0.0,33.31834,16.389944,2043
10445,r2i1p1f1,2043,08,07,0.0,34.444336,18.895102,2043
10446,r2i1p1f1,2043,08,08,0.0,34.18758,18.349257,2043
10447,r2i1p1f1,2043,08,09,0.0,31.86172,15.65187,2043
10448,r2i1p1f1,2043,08,10,0.0,31.469818,14.976116,2043
10449,r2i1p1f1,2043,08,11,0.0,31.78481,14.587518,2043
10450,r2i1p1f1,2043,08,12,0.09773225416350985,31.483803,15.738924,2043
10451,r2i1p1f1,2043,08,13,0.0,30.161076,14.605578,2043
10452,r2i1p1f1,2043,08,14,0.0,28.314224,10.7663765,2043
10453,r2i1p1f1,2043,08,15,0.0,29.81256,11.705396,2043
10454,r2i1p1f1,2043,08,16,0.0,29.778017,13.111201,2043
10455,r2i1p1f1,2043,08,17,0.0,28.850616,10.787102,2043
10456,r2i1p1f1,2043,08,18,0.0,27.62714,9.817761,2043
10457,r2i1p1f1,2043,08,19,0.0,28.809828,10.96856,2043
10458,r2i1p1f1,2043,08,20,0.0,29.327837,11.84808,2043
10459,r2i1p1f1,2043,08,21,0.0,29.03709,12.522753,2043
10460,r2i1p1f1,2043,08,22,0.0,30.396053,12.982246,2043
10461,r2i1p1f1,2043,08,23,0.0,30.727316,12.671387,2043
10462,r2i1p1f1,2043,08,24,0.0,30.243505,12.465388,2043
10463,r2i1p1f1,2043,08,25,0.0,32.471832,12.8356085,2043
10464,r2i1p1f1,2043,08,26,0.0,33.649754,14.331743,2043
10465,r2i1p1f1,2043,08,27,0.0,33.282215,14.20815,2043
10466,r2i1p1f1,2043,08,28,0.0,32.17669,13.791892,2043
10467,r2i1p1f1,2043,08,29,0.0,31.578423,12.960504,2043
10468,r2i1p1f1,2043,08,30,0.0,33.14634,13.5926485,2043
10469,r2i1p1f1,2043,08,31,0.0,33.98407,14.448624,2043
10470,r2i1p1f1,2043,09,01,0.0,33.237118,14.751811,2043
10471,r2i1p1f1,2043,09,02,0.0,33.932667,15.990119,2043
10472,r2i1p1f1,2043,09,03,0.0,33.727547,16.26701,2043
10473,r2i1p1f1,2043,09,04,0.0,33.968525,16.578827,2043
10474,r2i1p1f1,2043,09,05,0.0,34.8288,18.207119,2043
10475,r2i1p1f1,2043,09,06,0.0,35.309353,19.23126,2043
10476,r2i1p1f1,2043,09,07,0.0,34.668465,17.613018,2043
10477,r2i1p1f1,2043,09,08,0.0,32.51586,15.175186,2043
10478,r2i1p1f1,2043,09,09,0.0,30.96726,12.880349,2043
10479,r2i1p1f1,2043,09,10,0.0,30.305582,13.414766,2043
10480,r2i1p1f1,2043,09,11,0.0,29.858786,13.271904,2043
10481,r2i1p1f1,2043,09,12,0.0,30.705626,12.47299,2043
10482,r2i1p1f1,2043,09,13,0.0,31.505474,13.590266,2043
10483,r2i1p1f1,2043,09,14,0.0,28.314697,11.815845,2043
10484,r2i1p1f1,2043,09,15,0.0,28.788446,11.566775,2043
10485,r2i1p1f1,2043,09,16,0.0,28.445288,11.86677,2043
10486,r2i1p1f1,2043,09,17,0.0,29.71497,12.851756,2043
10487,r2i1p1f1,2043,09,18,0.0,29.216171,11.615485,2043
10488,r2i1p1f1,2043,09,19,0.7424065746144711,24.87074,10.152269,2043
10489,r2i1p1f1,2043,09,20,0.0,22.31819,7.7711954,2043
10490,r2i1p1f1,2043,09,21,0.0,26.916525,9.437378,2043
10491,r2i1p1f1,2043,09,22,0.0,27.908154,9.642636,2043
10492,r2i1p1f1,2043,09,23,0.079380499412834,23.558884,9.511838,2043
10493,r2i1p1f1,2043,09,24,0.0,27.279642,9.061496,2043
10494,r2i1p1f1,2043,09,25,0.0,29.443804,12.614639,2043
10495,r2i1p1f1,2043,09,26,0.0,30.855448,14.324184,2043
10496,r2i1p1f1,2043,09,27,0.0,29.469297,11.101206,2043
10497,r2i1p1f1,2043,09,28,0.0,27.346323,9.850559,2043
10498,r2i1p1f1,2043,09,29,0.0,27.358286,9.430927,2043
10499,r2i1p1f1,2043,09,30,0.0,27.582115,8.524328,2043
10500,r2i1p1f1,2043,10,01,0.0,27.110405,9.696616,2043
10501,r2i1p1f1,2043,10,02,0.0,25.716991,7.0484324,2043
10502,r2i1p1f1,2043,10,03,0.0,28.039257,10.325032,2043
10503,r2i1p1f1,2043,10,04,0.0,31.273819,12.7796335,2043
10504,r2i1p1f1,2043,10,05,0.0,32.097507,14.431686,2043
10505,r2i1p1f1,2043,10,06,0.0,32.449043,15.474158,2043
10506,r2i1p1f1,2043,10,07,0.0,32.005234,15.247591,2043
10507,r2i1p1f1,2043,10,08,0.0,32.510742,13.585443,2043
10508,r2i1p1f1,2043,10,09,0.0,32.8976,13.737239,2043
10509,r2i1p1f1,2043,10,10,0.0,31.531212,13.287375,2043
10510,r2i1p1f1,2043,10,11,0.0,23.803244,8.560589,2043
10511,r2i1p1f1,2043,10,12,0.0,18.003187,3.8774388,2043
10512,r2i1p1f1,2043,10,13,0.0,18.414656,3.2199,2043
10513,r2i1p1f1,2043,10,14,0.0,18.465254,4.291467,2043
10514,r2i1p1f1,2043,10,15,0.0,17.867798,2.247495,2043
10515,r2i1p1f1,2043,10,16,0.0,19.11327,3.8128107,2043
10516,r2i1p1f1,2043,10,17,0.07530290406346186,18.777666,6.4698877,2043
10517,r2i1p1f1,2043,10,18,0.06079093290491773,17.634531,3.2060308,2043
10518,r2i1p1f1,2043,10,19,0.0,14.842422,-0.33353287,2043
10519,r2i1p1f1,2043,10,20,0.0,16.153559,2.9275343,2043
10520,r2i1p1f1,2043,10,21,0.010079783636193987,17.090178,1.9950635,2043
10521,r2i1p1f1,2043,10,22,0.0,17.212624,5.013186,2043
10522,r2i1p1f1,2043,10,23,48.86665303358593,13.242156,7.367557,2043
10523,r2i1p1f1,2043,10,24,0.0013383648995211562,10.904112,4.5008473,2043
10524,r2i1p1f1,2043,10,25,14.417173307433236,9.120211,0.1489297,2043
10525,r2i1p1f1,2043,10,26,0.0,15.123699,1.2652482,2043
10526,r2i1p1f1,2043,10,27,0.0,17.787167,3.4452655,2043
10527,r2i1p1f1,2043,10,28,0.0,17.69317,3.5308642,2043
10528,r2i1p1f1,2043,10,29,0.0,18.999962,4.324078,2043
10529,r2i1p1f1,2043,10,30,0.0,20.258543,5.44505,2043
10530,r2i1p1f1,2043,10,31,0.0,19.870733,4.9808373,2043
10531,r2i1p1f1,2043,11,01,0.06645972534198126,14.301172,2.0827808,2043
10532,r2i1p1f1,2043,11,02,0.00762322306400165,16.061983,1.4660395,2043
10533,r2i1p1f1,2043,11,03,0.0,16.62288,2.6785786,2043
10534,r2i1p1f1,2043,11,04,0.0,18.680311,2.9259522,2043
10535,r2i1p1f1,2043,11,05,0.0,16.131924,2.2603064,2043
10536,r2i1p1f1,2043,11,06,0.0,16.499521,0.8625667,2043
10537,r2i1p1f1,2043,11,07,0.07559057662197469,15.089312,1.5198889,2043
10538,r2i1p1f1,2043,11,08,0.0,14.74896,1.0845536,2043
10539,r2i1p1f1,2043,11,09,0.0,13.998376,1.6625503,2043
10540,r2i1p1f1,2043,11,10,0.0,14.371489,0.9542058,2043
10541,r2i1p1f1,2043,11,11,0.0,14.877563,2.3319788,2043
10542,r2i1p1f1,2043,11,12,0.0,15.804919,2.1753662,2043
10543,r2i1p1f1,2043,11,13,0.0,16.080929,3.8137853,2043
10544,r2i1p1f1,2043,11,14,0.0,19.832592,3.3745673,2043
10545,r2i1p1f1,2043,11,15,0.0,19.816458,4.3805094,2043
10546,r2i1p1f1,2043,11,16,0.0,20.394876,3.9756317,2043
10547,r2i1p1f1,2043,11,17,0.0,20.820988,6.4513865,2043
10548,r2i1p1f1,2043,11,18,0.0,22.204603,3.2100816,2043
10549,r2i1p1f1,2043,11,19,0.0,21.603245,4.4121366,2043
10550,r2i1p1f1,2043,11,20,0.0,18.18198,2.9583433,2043
10551,r2i1p1f1,2043,11,21,0.0,18.534487,1.8577622,2043
10552,r2i1p1f1,2043,11,22,0.0,18.570631,-0.37617835,2043
10553,r2i1p1f1,2043,11,23,0.0,15.525242,-0.8369287,2043
10554,r2i1p1f1,2043,11,24,0.0,14.080947,-0.2907791,2043
10555,r2i1p1f1,2043,11,25,0.0,15.938186,-0.48765808,2043
10556,r2i1p1f1,2043,11,26,0.0,16.089375,0.08042145,2043
10557,r2i1p1f1,2043,11,27,0.0,16.902739,-2.973582,2043
10558,r2i1p1f1,2043,11,28,0.2761048295094672,14.104602,1.8899426,2043
10559,r2i1p1f1,2043,11,29,0.8949171712839206,11.112458,1.0886936,2043
10560,r2i1p1f1,2043,11,30,4.657479982247773,10.573921,-1.5030538,2043
10561,r2i1p1f1,2043,12,01,0.0265308487332032,12.216152,2.9868786,2043
10562,r2i1p1f1,2043,12,02,0.0,17.967028,4.8809323,2043
10563,r2i1p1f1,2043,12,03,0.0,17.931181,6.04477,2043
10564,r2i1p1f1,2043,12,04,0.0,16.205244,4.7979836,2043
10565,r2i1p1f1,2043,12,05,0.0,16.486189,2.2115877,2043
10566,r2i1p1f1,2043,12,06,0.0,13.398353,1.1518892,2043
10567,r2i1p1f1,2043,12,07,0.0,11.859231,5.238884,2043
10568,r2i1p1f1,2043,12,08,0.0,10.6745405,5.4501987,2043
10569,r2i1p1f1,2043,12,09,0.06829812123214651,9.564168,4.819444,2043
10570,r2i1p1f1,2043,12,10,0.6322924636921156,12.768411,7.627366,2043
10571,r2i1p1f1,2043,12,11,0.0,15.039839,2.8450952,2043
10572,r2i1p1f1,2043,12,12,0.0,14.618421,-0.29397094,2043
10573,r2i1p1f1,2043,12,13,0.0,13.926694,-0.016857343,2043
10574,r2i1p1f1,2043,12,14,0.0,6.2402697,-5.215083,2043
10575,r2i1p1f1,2043,12,15,0.0,4.638446,-9.284873,2043
10576,r2i1p1f1,2043,12,16,0.0,5.5997915,-7.553877,2043
10577,r2i1p1f1,2043,12,17,0.0,9.496489,-5.1845655,2043
10578,r2i1p1f1,2043,12,18,0.0,16.089893,-0.12861644,2043
10579,r2i1p1f1,2043,12,19,18.654474343594092,9.443247,-0.7317662,2043
10580,r2i1p1f1,2043,12,20,0.0,6.1725755,-0.8472394,2043
10581,r2i1p1f1,2043,12,21,0.29151684183699006,5.302484,-2.1466136,2043
10582,r2i1p1f1,2043,12,22,0.0,9.403758,-4.029961,2043
10583,r2i1p1f1,2043,12,23,0.0,6.545518,-4.6573873,2043
10584,r2i1p1f1,2043,12,24,0.0,11.249546,-2.138103,2043
10585,r2i1p1f1,2043,12,25,0.0,6.342102,-5.335722,2043
10586,r2i1p1f1,2043,12,26,29.68584886134172,2.7157001,-2.4777362,2043
10587,r2i1p1f1,2043,12,27,13.17373702225338,2.940296,-1.6579605,2043
10588,r2i1p1f1,2043,12,28,1.4124658034723745,2.6139562,-4.117959,2043
10589,r2i1p1f1,2043,12,29,2.7803466959574927,1.7557234,-7.7217016,2043
10590,r2i1p1f1,2043,12,30,7.055791398852307,2.211445,-3.2932124,2043
10591,r2i1p1f1,2043,12,31,37.74691153398285,2.081828,-2.6416657,2043
10592,r2i1p1f1,2044,01,01,67.09147265467506,3.4603045,-6.2387524,2044
10593,r2i1p1f1,2044,01,02,43.01114856946067,2.5879538,-5.070937,2044
10594,r2i1p1f1,2044,01,03,63.229799057500294,7.0623546,1.7350656,2044
10595,r2i1p1f1,2044,01,04,40.36793909931126,10.722477,-0.3324002,2044
10596,r2i1p1f1,2044,01,05,2.729614708620759,8.204221,-5.2121506,2044
10597,r2i1p1f1,2044,01,06,0.2542374124739301,1.7887961,-8.913594,2044
10598,r2i1p1f1,2044,01,07,5.020616619843238,3.3810499,-4.7892685,2044
10599,r2i1p1f1,2044,01,08,0.0,5.0284104,-0.3558695,2044
10600,r2i1p1f1,2044,01,09,0.0,6.146307,-1.3422837,2044
10601,r2i1p1f1,2044,01,10,0.0,7.709648,-2.1813307,2044
10602,r2i1p1f1,2044,01,11,0.0,8.997151,-2.629454,2044
10603,r2i1p1f1,2044,01,12,0.0,8.96652,-2.8497357,2044
10604,r2i1p1f1,2044,01,13,0.0,7.0979066,-0.24868168,2044
10605,r2i1p1f1,2044,01,14,0.0,10.702737,-1.3405639,2044
10606,r2i1p1f1,2044,01,15,0.0,7.3017,-2.855341,2044
10607,r2i1p1f1,2044,01,16,0.0,7.8874826,-4.009505,2044
10608,r2i1p1f1,2044,01,17,0.0,7.727782,-4.340322,2044
10609,r2i1p1f1,2044,01,18,0.0,6.2318344,-3.0661533,2044
10610,r2i1p1f1,2044,01,19,0.0,10.036709,-3.617757,2044
10611,r2i1p1f1,2044,01,20,0.0,11.752208,-1.476586,2044
10612,r2i1p1f1,2044,01,21,0.0,12.282913,-0.69014406,2044
10613,r2i1p1f1,2044,01,22,0.0,13.241196,-1.8983593,2044
10614,r2i1p1f1,2044,01,23,0.0,12.066569,-1.5940598,2044
10615,r2i1p1f1,2044,01,24,0.0,15.205618,1.2771351,2044
10616,r2i1p1f1,2044,01,25,0.0,17.373007,2.464993,2044
10617,r2i1p1f1,2044,01,26,0.0,18.894594,3.9665675,2044
10618,r2i1p1f1,2044,01,27,0.0,18.177307,4.8312674,2044
10619,r2i1p1f1,2044,01,28,0.0,18.964819,4.6902423,2044
10620,r2i1p1f1,2044,01,29,0.0,18.683903,5.264281,2044
10621,r2i1p1f1,2044,01,30,0.0,19.497427,5.474085,2044
10622,r2i1p1f1,2044,01,31,0.0,21.66644,6.3894415,2044
10623,r2i1p1f1,2044,02,01,0.0,15.686082,1.8336307,2044
10624,r2i1p1f1,2044,02,02,0.32991349703829304,7.2084055,1.0935239,2044
10625,r2i1p1f1,2044,02,03,31.350575857616676,7.9153237,-1.7266314,2044
10626,r2i1p1f1,2044,02,04,8.829198593978687,3.4633796,-0.85216755,2044
10627,r2i1p1f1,2044,02,05,33.06834275941723,7.3445034,2.1765032,2044
10628,r2i1p1f1,2044,02,06,33.50901334779337,9.422872,3.0957341,2044
10629,r2i1p1f1,2044,02,07,9.406641379050248,11.568196,-1.6859628,2044
10630,r2i1p1f1,2044,02,08,21.122531743850022,10.121319,-1.5065565,2044
10631,r2i1p1f1,2044,02,09,7.882120111319707,12.134523,-1.5161237,2044
10632,r2i1p1f1,2044,02,10,8.166057617465693,14.791075,1.2560588,2044
10633,r2i1p1f1,2044,02,11,19.247086197272157,10.042165,4.630357,2044
10634,r2i1p1f1,2044,02,12,7.206241263660418,11.785288,4.7144527,2044
10635,r2i1p1f1,2044,02,13,0.0,19.439215,3.6685796,2044
10636,r2i1p1f1,2044,02,14,0.0,16.942396,3.053825,2044
10637,r2i1p1f1,2044,02,15,0.0,21.038269,5.6116233,2044
10638,r2i1p1f1,2044,02,16,0.0,24.535841,8.952896,2044
10639,r2i1p1f1,2044,02,17,0.0,22.158892,6.279122,2044
10640,r2i1p1f1,2044,02,18,0.0,24.726292,7.6363235,2044
10641,r2i1p1f1,2044,02,19,0.0,18.855438,4.4907846,2044
10642,r2i1p1f1,2044,02,20,0.0,17.249403,2.6515698,2044
10643,r2i1p1f1,2044,02,21,0.0,10.862975,-2.4593925,2044
10644,r2i1p1f1,2044,02,22,0.0,9.674558,-5.262125,2044
10645,r2i1p1f1,2044,02,23,0.0,13.859202,-0.8216908,2044
10646,r2i1p1f1,2044,02,24,0.0,12.912498,-1.2000002,2044
10647,r2i1p1f1,2044,02,25,4.718045624052208,4.2154155,-2.4277885,2044
10648,r2i1p1f1,2044,02,26,0.01248404008108012,12.524529,-0.54456925,2044
10649,r2i1p1f1,2044,02,27,11.406996536579054,7.677059,-1.1520797,2044
10650,r2i1p1f1,2044,02,28,70.8339326352311,7.2833204,0.43649986,2044
10651,r2i1p1f1,2044,02,29,102.95318964546404,5.50357,-2.0543475,2044
10652,r2i1p1f1,2044,03,01,80.87773103750526,4.6036916,-3.4106832,2044
10653,r2i1p1f1,2044,03,02,67.99331143310366,2.110725,-3.0422754,2044
10654,r2i1p1f1,2044,03,03,37.868437800296725,0.90797275,-4.6576414,2044
10655,r2i1p1f1,2044,03,04,36.131931161239315,-0.4353585,-7.090939,2044
10656,r2i1p1f1,2044,03,05,31.50997854905794,0.712431,-5.213235,2044
10657,r2i1p1f1,2044,03,06,0.0,9.006341,-9.646608,2044
10658,r2i1p1f1,2044,03,07,0.0,11.622373,-4.270994,2044
10659,r2i1p1f1,2044,03,08,0.0,11.215784,-1.5302022,2044
10660,r2i1p1f1,2044,03,09,0.0,13.031937,1.3648635,2044
10661,r2i1p1f1,2044,03,10,0.0,15.3335085,1.62156,2044
10662,r2i1p1f1,2044,03,11,3.4106650502508273,10.796655,-3.5451574,2044
10663,r2i1p1f1,2044,03,12,0.0,8.674532,-5.9559164,2044
10664,r2i1p1f1,2044,03,13,20.178170201520864,1.121362,-5.8716836,2044
10665,r2i1p1f1,2044,03,14,0.0,6.435719,-1.9956287,2044
10666,r2i1p1f1,2044,03,15,0.0,14.003875,-1.5894163,2044
10667,r2i1p1f1,2044,03,16,2.4515528811487175,13.729473,-0.7041289,2044
10668,r2i1p1f1,2044,03,17,0.0,16.088297,0.23406689,2044
10669,r2i1p1f1,2044,03,18,0.0,18.245129,3.1219726,2044
10670,r2i1p1f1,2044,03,19,0.0,19.497116,4.4337378,2044
10671,r2i1p1f1,2044,03,20,0.0,20.027714,3.8129084,2044
10672,r2i1p1f1,2044,03,21,0.0,16.923035,2.4352524,2044
10673,r2i1p1f1,2044,03,22,0.0,12.388306,0.42366576,2044
10674,r2i1p1f1,2044,03,23,0.5083877567323305,13.585152,1.2595161,2044
10675,r2i1p1f1,2044,03,24,0.0,15.946906,2.8465214,2044
10676,r2i1p1f1,2044,03,25,1.229120100658922,13.295525,-1.5341915,2044
10677,r2i1p1f1,2044,03,26,1.0800558660706043,9.598847,-2.4258118,2044
10678,r2i1p1f1,2044,03,27,0.0,12.801882,-2.0849762,2044
10679,r2i1p1f1,2044,03,28,0.0,16.779476,0.6030834,2044
10680,r2i1p1f1,2044,03,29,0.021242877287127506,16.61203,1.139386,2044
10681,r2i1p1f1,2044,03,30,0.0,7.2568064,-4.3035192,2044
10682,r2i1p1f1,2044,03,31,0.0,5.270511,-5.5355744,2044
10683,r2i1p1f1,2044,04,01,0.0,7.9706388,-5.550454,2044
10684,r2i1p1f1,2044,04,02,7.667610054089052,9.473066,-1.9703115,2044
10685,r2i1p1f1,2044,04,03,15.86796852777927,9.609968,2.6199267,2044
10686,r2i1p1f1,2044,04,04,0.27976432253266326,10.347486,2.0306387,2044
10687,r2i1p1f1,2044,04,05,0.21340634774647838,15.109126,0.56102675,2044
10688,r2i1p1f1,2044,04,06,0.0,20.861923,4.928469,2044
10689,r2i1p1f1,2044,04,07,0.0,25.72223,8.234298,2044
10690,r2i1p1f1,2044,04,08,0.0,26.38382,8.965598,2044
10691,r2i1p1f1,2044,04,09,0.0,24.861813,9.539007,2044
10692,r2i1p1f1,2044,04,10,0.0,22.918371,7.390121,2044
10693,r2i1p1f1,2044,04,11,45.75895423768088,13.141027,-3.2014399,2044
10694,r2i1p1f1,2044,04,12,6.376767618590188,4.787079,-3.2230315,2044
10695,r2i1p1f1,2044,04,13,0.0,14.76709,-0.685251,2044
10696,r2i1p1f1,2044,04,14,0.0,21.20853,2.5785615,2044
10697,r2i1p1f1,2044,04,15,0.0,19.260223,3.8789923,2044
10698,r2i1p1f1,2044,04,16,0.0,19.120106,-0.94870937,2044
10699,r2i1p1f1,2044,04,17,0.0,15.230281,-1.0110323,2044
10700,r2i1p1f1,2044,04,18,0.45910961944173323,12.084318,-1.8095542,2044
10701,r2i1p1f1,2044,04,19,18.62108797302846,5.58883,-1.4844084,2044
10702,r2i1p1f1,2044,04,20,50.08974065466855,3.8819184,-2.061634,2044
10703,r2i1p1f1,2044,04,21,0.0,11.893552,-2.5970268,2044
10704,r2i1p1f1,2044,04,22,0.0,20.150244,0.9299687,2044
10705,r2i1p1f1,2044,04,23,0.0,24.215815,5.424166,2044
10706,r2i1p1f1,2044,04,24,0.061328552972274616,23.404947,5.3266177,2044
10707,r2i1p1f1,2044,04,25,0.14948938263702216,18.393549,4.602889,2044
10708,r2i1p1f1,2044,04,26,3.9379007017697196,13.081125,2.9759898,2044
10709,r2i1p1f1,2044,04,27,3.2238547347962876,12.770356,-3.7226832,2044
10710,r2i1p1f1,2044,04,28,19.391695710118466,11.692617,-1.8081552,2044
10711,r2i1p1f1,2044,04,29,3.1972776187383434,7.798231,1.102899,2044
10712,r2i1p1f1,2044,04,30,0.285477214157044,11.481022,-0.7456151,2044
10713,r2i1p1f1,2044,05,01,0.0,16.202507,0.56033343,2044
10714,r2i1p1f1,2044,05,02,0.0,17.115957,0.67835087,2044
10715,r2i1p1f1,2044,05,03,0.5934486925140775,15.296424,-0.572633,2044
10716,r2i1p1f1,2044,05,04,4.6703659907507244,8.908034,4.972358,2044
10717,r2i1p1f1,2044,05,05,0.004238168297048945,12.356919,6.5270796,2044
10718,r2i1p1f1,2044,05,06,0.0,19.388931,3.1211524,2044
10719,r2i1p1f1,2044,05,07,0.0,22.73922,6.9585605,2044
10720,r2i1p1f1,2044,05,08,0.0,21.804081,6.787649,2044
10721,r2i1p1f1,2044,05,09,0.0,19.15695,4.6766763,2044
10722,r2i1p1f1,2044,05,10,0.0,18.076952,4.1538806,2044
10723,r2i1p1f1,2044,05,11,0.0,21.146278,4.648476,2044
10724,r2i1p1f1,2044,05,12,0.0,25.176188,7.8728027,2044
10725,r2i1p1f1,2044,05,13,0.0,27.992811,9.768626,2044
10726,r2i1p1f1,2044,05,14,0.0,28.767149,11.3651,2044
10727,r2i1p1f1,2044,05,15,0.0,28.800097,10.944522,2044
10728,r2i1p1f1,2044,05,16,0.0,29.755077,11.357676,2044
10729,r2i1p1f1,2044,05,17,0.0,29.375475,11.975152,2044
10730,r2i1p1f1,2044,05,18,0.0,28.824911,12.063366,2044
10731,r2i1p1f1,2044,05,19,0.043822931575750075,27.263493,10.036091,2044
10732,r2i1p1f1,2044,05,20,0.0,24.538973,7.887279,2044
10733,r2i1p1f1,2044,05,21,2.0458901397677645,16.391745,3.744956,2044
10734,r2i1p1f1,2044,05,22,0.0,18.943783,8.314643,2044
10735,r2i1p1f1,2044,05,23,0.0,25.309782,9.556338,2044
10736,r2i1p1f1,2044,05,24,0.0,24.592436,10.166337,2044
10737,r2i1p1f1,2044,05,25,0.0,22.023676,5.7064967,2044
10738,r2i1p1f1,2044,05,26,0.0,18.491714,2.2071686,2044
10739,r2i1p1f1,2044,05,27,0.0,20.567274,4.4993186,2044
10740,r2i1p1f1,2044,05,28,0.0,20.408754,4.5642753,2044
10741,r2i1p1f1,2044,05,29,0.12870540079068002,18.056993,8.17701,2044
10742,r2i1p1f1,2044,05,30,0.0,22.19897,6.0441294,2044
10743,r2i1p1f1,2044,05,31,1.8719404770868446,19.921553,4.503417,2044
10744,r2i1p1f1,2044,06,01,5.285792791857182,25.34227,6.7426267,2044
10745,r2i1p1f1,2044,06,02,10.086622203058281,22.179392,6.382302,2044
10746,r2i1p1f1,2044,06,03,0.4863273680362349,19.625643,10.550597,2044
10747,r2i1p1f1,2044,06,04,2.4547710173534982,16.16936,6.8083115,2044
10748,r2i1p1f1,2044,06,05,0.0,23.353804,7.601406,2044
10749,r2i1p1f1,2044,06,06,0.0,27.48296,10.808575,2044
10750,r2i1p1f1,2044,06,07,0.0,28.25112,11.109866,2044
10751,r2i1p1f1,2044,06,08,0.40996866995416126,22.70025,5.392629,2044
10752,r2i1p1f1,2044,06,09,2.0291605066491822,15.075056,0.8550151,2044
10753,r2i1p1f1,2044,06,10,0.9012143116566361,12.96333,5.908492,2044
10754,r2i1p1f1,2044,06,11,0.7469224227091987,16.857018,6.9516993,2044
10755,r2i1p1f1,2044,06,12,0.22977591282911958,21.280054,6.111529,2044
10756,r2i1p1f1,2044,06,13,0.03339158218015935,20.120192,5.7303534,2044
10757,r2i1p1f1,2044,06,14,0.0,21.58687,6.2647467,2044
10758,r2i1p1f1,2044,06,15,0.0,23.645617,9.241444,2044
10759,r2i1p1f1,2044,06,16,0.0,23.57738,11.249771,2044
10760,r2i1p1f1,2044,06,17,7.779656641664937,19.10046,5.315967,2044
10761,r2i1p1f1,2044,06,18,0.17643569288058922,23.766544,8.370571,2044
10762,r2i1p1f1,2044,06,19,0.0,26.039024,10.311673,2044
10763,r2i1p1f1,2044,06,20,0.0,25.923927,9.511109,2044
10764,r2i1p1f1,2044,06,21,0.0,22.07764,6.16546,2044
10765,r2i1p1f1,2044,06,22,2.8469608513170477,16.134945,7.1612167,2044
10766,r2i1p1f1,2044,06,23,0.0,21.660265,6.22376,2044
10767,r2i1p1f1,2044,06,24,0.0,25.229185,8.490438,2044
10768,r2i1p1f1,2044,06,25,3.9194395731940928,25.306133,10.755798,2044
10769,r2i1p1f1,2044,06,26,0.0,22.689144,4.420348,2044
10770,r2i1p1f1,2044,06,27,0.24901404187683232,24.366302,9.231548,2044
10771,r2i1p1f1,2044,06,28,0.0,26.036106,10.010487,2044
10772,r2i1p1f1,2044,06,29,0.0,27.24955,13.828218,2044
10773,r2i1p1f1,2044,06,30,1.4412091618956206,28.473946,11.953801,2044
10774,r2i1p1f1,2044,07,01,0.5423812188102881,27.130415,14.119782,2044
10775,r2i1p1f1,2044,07,02,5.630959677294483,25.899872,12.666689,2044
10776,r2i1p1f1,2044,07,03,0.0,26.41648,11.40272,2044
10777,r2i1p1f1,2044,07,04,0.01659489789744839,26.984137,11.443817,2044
10778,r2i1p1f1,2044,07,05,0.0,27.591461,12.420907,2044
10779,r2i1p1f1,2044,07,06,0.0,28.284098,12.97918,2044
10780,r2i1p1f1,2044,07,07,0.0,28.962446,12.772375,2044
10781,r2i1p1f1,2044,07,08,0.0,29.708052,14.39956,2044
10782,r2i1p1f1,2044,07,09,0.0,30.40445,14.541125,2044
10783,r2i1p1f1,2044,07,10,0.0,31.355804,15.704368,2044
10784,r2i1p1f1,2044,07,11,0.0,31.313833,14.707895,2044
10785,r2i1p1f1,2044,07,12,0.0,32.182026,15.276094,2044
10786,r2i1p1f1,2044,07,13,0.0,32.70683,15.641477,2044
10787,r2i1p1f1,2044,07,14,0.0,33.24258,16.55101,2044
10788,r2i1p1f1,2044,07,15,0.0,33.167953,15.746755,2044
10789,r2i1p1f1,2044,07,16,0.0,32.08054,15.074779,2044
10790,r2i1p1f1,2044,07,17,0.0,31.92212,15.746855,2044
10791,r2i1p1f1,2044,07,18,0.0,31.345303,14.788402,2044
10792,r2i1p1f1,2044,07,19,0.0,30.471334,14.439643,2044
10793,r2i1p1f1,2044,07,20,0.0,29.918287,14.106738,2044
10794,r2i1p1f1,2044,07,21,0.0,29.539244,12.640893,2044
10795,r2i1p1f1,2044,07,22,0.0,29.486084,13.692392,2044
10796,r2i1p1f1,2044,07,23,0.0,30.574463,13.857551,2044
10797,r2i1p1f1,2044,07,24,0.0,31.114824,15.350117,2044
10798,r2i1p1f1,2044,07,25,0.0,30.709574,15.402198,2044
10799,r2i1p1f1,2044,07,26,0.0,30.53361,14.864058,2044
10800,r2i1p1f1,2044,07,27,0.0,30.807207,13.979639,2044
10801,r2i1p1f1,2044,07,28,0.0,32.020695,16.113642,2044
10802,r2i1p1f1,2044,07,29,0.0,32.197685,16.405327,2044
10803,r2i1p1f1,2044,07,30,0.0,32.032803,16.820732,2044
10804,r2i1p1f1,2044,07,31,0.0,33.381836,16.145477,2044
10805,r2i1p1f1,2044,08,01,0.07234007942035812,33.1528,16.882181,2044
10806,r2i1p1f1,2044,08,02,0.0004427532880631938,33.34232,17.38293,2044
10807,r2i1p1f1,2044,08,03,0.0,32.948307,17.04685,2044
10808,r2i1p1f1,2044,08,04,0.0,32.846405,17.18637,2044
10809,r2i1p1f1,2044,08,05,0.0,32.565994,17.142721,2044
10810,r2i1p1f1,2044,08,06,0.0,32.347664,16.766811,2044
10811,r2i1p1f1,2044,08,07,0.0,33.133724,17.109518,2044
10812,r2i1p1f1,2044,08,08,0.0,32.729656,16.459494,2044
10813,r2i1p1f1,2044,08,09,0.0,29.738012,12.865788,2044
10814,r2i1p1f1,2044,08,10,0.0,29.944263,12.162201,2044
10815,r2i1p1f1,2044,08,11,0.0,30.38688,12.843662,2044
10816,r2i1p1f1,2044,08,12,0.0,29.615753,12.235981,2044
10817,r2i1p1f1,2044,08,13,0.0,29.046408,11.424053,2044
10818,r2i1p1f1,2044,08,14,0.0,28.910337,11.676743,2044
10819,r2i1p1f1,2044,08,15,0.0,28.984493,12.0941305,2044
10820,r2i1p1f1,2044,08,16,0.0,29.050005,13.127269,2044
10821,r2i1p1f1,2044,08,17,0.0,30.932003,13.608724,2044
10822,r2i1p1f1,2044,08,18,0.0,32.19281,15.02992,2044
10823,r2i1p1f1,2044,08,19,0.0,31.588911,16.132078,2044
10824,r2i1p1f1,2044,08,20,0.0,27.37639,12.237349,2044
10825,r2i1p1f1,2044,08,21,0.0,28.428066,11.347432,2044
10826,r2i1p1f1,2044,08,22,0.0,29.424707,12.780064,2044
10827,r2i1p1f1,2044,08,23,0.0,29.162159,12.8956585,2044
10828,r2i1p1f1,2044,08,24,0.0,27.826729,11.367138,2044
10829,r2i1p1f1,2044,08,25,0.0,26.217417,9.633421,2044
10830,r2i1p1f1,2044,08,26,0.0,26.314396,10.549632,2044
10831,r2i1p1f1,2044,08,27,0.0,27.182524,12.512095,2044
10832,r2i1p1f1,2044,08,28,0.0,29.449883,13.697602,2044
10833,r2i1p1f1,2044,08,29,0.301647943489605,29.15205,14.04354,2044
10834,r2i1p1f1,2044,08,30,0.1952794086789184,26.872759,11.846602,2044
10835,r2i1p1f1,2044,08,31,0.020083746214647993,27.083158,13.020166,2044
10836,r2i1p1f1,2044,09,01,0.0,28.986332,13.313132,2044
10837,r2i1p1f1,2044,09,02,0.0,30.318022,14.778345,2044
10838,r2i1p1f1,2044,09,03,0.0,30.638784,15.389272,2044
10839,r2i1p1f1,2044,09,04,0.0,31.08419,15.034133,2044
10840,r2i1p1f1,2044,09,05,0.0,31.939835,15.236339,2044
10841,r2i1p1f1,2044,09,06,0.0,28.706417,11.881833,2044
10842,r2i1p1f1,2044,09,07,0.0,25.26607,10.616928,2044
10843,r2i1p1f1,2044,09,08,0.0,25.901154,10.898788,2044
10844,r2i1p1f1,2044,09,09,0.0,27.768892,13.325965,2044
10845,r2i1p1f1,2044,09,10,0.0,29.4613,11.324517,2044
10846,r2i1p1f1,2044,09,11,0.0,28.251968,10.015173,2044
10847,r2i1p1f1,2044,09,12,1.1779570958732568,24.747528,9.198182,2044
10848,r2i1p1f1,2044,09,13,0.0,23.56689,8.214892,2044
10849,r2i1p1f1,2044,09,14,0.0,27.621367,9.697803,2044
10850,r2i1p1f1,2044,09,15,0.0,28.075123,11.245064,2044
10851,r2i1p1f1,2044,09,16,0.0,28.039337,11.566587,2044
10852,r2i1p1f1,2044,09,17,0.0,24.953527,10.205259,2044
10853,r2i1p1f1,2044,09,18,0.0,25.92998,8.523014,2044
10854,r2i1p1f1,2044,09,19,0.0,24.844913,9.187778,2044
10855,r2i1p1f1,2044,09,20,0.0,24.769701,6.7840796,2044
10856,r2i1p1f1,2044,09,21,0.0,24.64332,7.534376,2044
10857,r2i1p1f1,2044,09,22,0.0,25.947857,9.137798,2044
10858,r2i1p1f1,2044,09,23,0.0,30.470634,13.161546,2044
10859,r2i1p1f1,2044,09,24,0.0,31.132915,13.997953,2044
10860,r2i1p1f1,2044,09,25,0.0,30.337978,12.24122,2044
10861,r2i1p1f1,2044,09,26,0.45066314508561006,26.722149,12.847413,2044
10862,r2i1p1f1,2044,09,27,3.1467096048695216,21.542843,7.9071875,2044
10863,r2i1p1f1,2044,09,28,0.0,21.26715,6.123453,2044
10864,r2i1p1f1,2044,09,29,0.0,22.834112,7.468612,2044
10865,r2i1p1f1,2044,09,30,0.0,22.046238,5.8862863,2044
10866,r2i1p1f1,2044,10,01,1.2890543744735903,21.885267,7.903596,2044
10867,r2i1p1f1,2044,10,02,27.678808411180327,18.09165,5.7498302,2044
10868,r2i1p1f1,2044,10,03,0.0,21.467999,6.690325,2044
10869,r2i1p1f1,2044,10,04,0.0,22.192934,7.629379,2044
10870,r2i1p1f1,2044,10,05,0.0,22.284332,7.842766,2044
10871,r2i1p1f1,2044,10,06,0.0,26.375502,9.106365,2044
10872,r2i1p1f1,2044,10,07,0.0,27.30577,9.946105,2044
10873,r2i1p1f1,2044,10,08,0.0,28.224653,11.308352,2044
10874,r2i1p1f1,2044,10,09,0.0,25.232124,10.01873,2044
10875,r2i1p1f1,2044,10,10,0.0,26.046885,8.941469,2044
10876,r2i1p1f1,2044,10,11,0.0,28.163925,10.537111,2044
10877,r2i1p1f1,2044,10,12,0.0,28.91255,11.862117,2044
10878,r2i1p1f1,2044,10,13,0.0,28.85415,13.230392,2044
10879,r2i1p1f1,2044,10,14,0.0,25.104893,10.655081,2044
10880,r2i1p1f1,2044,10,15,0.0,21.498987,7.2492385,2044
10881,r2i1p1f1,2044,10,16,0.0,22.094906,7.823472,2044
10882,r2i1p1f1,2044,10,17,0.0,22.088957,7.574563,2044
10883,r2i1p1f1,2044,10,18,0.0,23.61333,7.5378013,2044
10884,r2i1p1f1,2044,10,19,0.0,24.355816,10.503965,2044
10885,r2i1p1f1,2044,10,20,9.719867044343399,14.548298,4.281528,2044
10886,r2i1p1f1,2044,10,21,3.370721077716063,12.825521,-0.8935942,2044
10887,r2i1p1f1,2044,10,22,9.141579170570298,8.773216,-1.6678745,2044
10888,r2i1p1f1,2044,10,23,0.853622357756369,7.3599315,2.2979207,2044
10889,r2i1p1f1,2044,10,24,0.6722412453690105,11.112281,-1.30437,2044
10890,r2i1p1f1,2044,10,25,0.0,13.862248,-3.769566,2044
10891,r2i1p1f1,2044,10,26,1.6988622246257223,12.078852,-0.6288783,2044
10892,r2i1p1f1,2044,10,27,17.26015027984081,10.124658,-1.6458783,2044
10893,r2i1p1f1,2044,10,28,0.0,9.376841,-2.6305323,2044
10894,r2i1p1f1,2044,10,29,3.176818756415182,7.3655467,1.9013449,2044
10895,r2i1p1f1,2044,10,30,25.612363927267815,10.672883,4.7805552,2044
10896,r2i1p1f1,2044,10,31,42.961538897361606,8.232961,3.6989665,2044
10897,r2i1p1f1,2044,11,01,25.520389665437577,7.2964835,-1.6616247,2044
10898,r2i1p1f1,2044,11,02,0.0,8.284583,-2.5462322,2044
10899,r2i1p1f1,2044,11,03,0.01640013368579765,15.96931,2.22357,2044
10900,r2i1p1f1,2044,11,04,0.0,16.77861,3.7052748,2044
10901,r2i1p1f1,2044,11,05,0.12173821123899241,14.979007,3.3355803,2044
10902,r2i1p1f1,2044,11,06,0.0,9.4034,-1.0886341,2044
10903,r2i1p1f1,2044,11,07,0.0,10.878426,-1.0648701,2044
10904,r2i1p1f1,2044,11,08,0.0,14.439993,-2.028445,2044
10905,r2i1p1f1,2044,11,09,0.0,9.377136,-2.2877452,2044
10906,r2i1p1f1,2044,11,10,21.407185222946843,7.7775693,-3.1207042,2044
10907,r2i1p1f1,2044,11,11,27.18246179462697,8.906873,-1.4665494,2044
10908,r2i1p1f1,2044,11,12,0.6242430544279369,9.405776,4.7893076,2044
10909,r2i1p1f1,2044,11,13,10.35224387130536,9.126346,-1.2042072,2044
10910,r2i1p1f1,2044,11,14,0.0,6.7941847,-4.3261056,2044
10911,r2i1p1f1,2044,11,15,0.08955576592527975,6.469853,-0.42019662,2044
10912,r2i1p1f1,2044,11,16,21.329327184671108,6.8614674,1.6982332,2044
10913,r2i1p1f1,2044,11,17,33.047521449043415,8.364505,3.2228563,2044
10914,r2i1p1f1,2044,11,18,26.14737763024795,8.025057,-0.52543795,2044
10915,r2i1p1f1,2044,11,19,14.381448178664868,5.890904,-0.8734172,2044
10916,r2i1p1f1,2044,11,20,41.8840816253438,7.1453834,0.6006377,2044
10917,r2i1p1f1,2044,11,21,30.528296973744336,5.2157288,-3.1968582,2044
10918,r2i1p1f1,2044,11,22,3.036593711462606,6.32969,-6.926099,2044
10919,r2i1p1f1,2044,11,23,0.0,6.760459,-5.9782305,2044
10920,r2i1p1f1,2044,11,24,0.0,3.3173828,-3.8538063,2044
10921,r2i1p1f1,2044,11,25,0.1704881261013305,4.5217843,-3.8744786,2044
10922,r2i1p1f1,2044,11,26,0.0,6.191862,-5.2035203,2044
10923,r2i1p1f1,2044,11,27,0.0,4.672107,-6.3714986,2044
10924,r2i1p1f1,2044,11,28,0.0,6.1284,-4.932034,2044
10925,r2i1p1f1,2044,11,29,0.0,7.6560745,-4.002879,2044
10926,r2i1p1f1,2044,11,30,0.0,11.680115,0.5289795,2044
10927,r2i1p1f1,2044,12,01,0.0,17.638378,4.2650833,2044
10928,r2i1p1f1,2044,12,02,0.0,16.54229,3.9519105,2044
10929,r2i1p1f1,2044,12,03,0.0,14.067864,2.359176,2044
10930,r2i1p1f1,2044,12,04,0.0,15.447072,1.6803869,2044
10931,r2i1p1f1,2044,12,05,0.0,15.35407,1.7322263,2044
10932,r2i1p1f1,2044,12,06,0.0,16.961016,2.9116778,2044
10933,r2i1p1f1,2044,12,07,0.0,17.49718,2.5198162,2044
10934,r2i1p1f1,2044,12,08,0.0,18.481249,4.0448422,2044
10935,r2i1p1f1,2044,12,09,0.0,17.174438,3.8710828,2044
10936,r2i1p1f1,2044,12,10,0.0,14.982947,3.7018523,2044
10937,r2i1p1f1,2044,12,11,0.0,13.341778,1.7038507,2044
10938,r2i1p1f1,2044,12,12,0.0,11.64845,1.3039784,2044
10939,r2i1p1f1,2044,12,13,0.0,10.982129,2.0549185,2044
10940,r2i1p1f1,2044,12,14,19.49711831397368,7.7594676,2.0187066,2044
10941,r2i1p1f1,2044,12,15,4.798312784441805,6.98345,2.465574,2044
10942,r2i1p1f1,2044,12,16,0.02322456762682962,3.9080446,-2.1351318,2044
10943,r2i1p1f1,2044,12,17,10.066124540809632,2.9787018,-2.098432,2044
10944,r2i1p1f1,2044,12,18,16.408505152769347,4.050487,-1.1623806,2044
10945,r2i1p1f1,2044,12,19,10.213397242701971,2.9955385,-2.4328663,2044
10946,r2i1p1f1,2044,12,20,7.454082038944202,3.0480714,-7.00785,2044
10947,r2i1p1f1,2044,12,21,0.07633305274514267,0.03729385,-9.671014,2044
10948,r2i1p1f1,2044,12,22,0.0,-2.2369568,-12.023625,2044
10949,r2i1p1f1,2044,12,23,0.0,0.16398747,-11.456272,2044
10950,r2i1p1f1,2044,12,24,0.0,6.1171293,-6.6700954,2044
10951,r2i1p1f1,2044,12,25,1.160392174579801,4.793352,-5.9060707,2044
10952,r2i1p1f1,2044,12,26,0.6422401162930887,3.1038775,-2.4233484,2044
10953,r2i1p1f1,2044,12,27,0.0024756518961602035,1.7012908,-2.5490994,2044
10954,r2i1p1f1,2044,12,28,9.915715842530167,0.8734027,-5.6633677,2044
10955,r2i1p1f1,2044,12,29,15.751823684457541,-0.93831813,-10.486698,2044
10956,r2i1p1f1,2044,12,30,2.1491850228148204,-7.1823997,-14.575479,2044
10957,r2i1p1f1,2044,12,31,0.0,0.66334486,-13.935863,2044
10958,r2i1p1f1,2045,01,01,0.0,-1.520578,-15.032141,2045
10959,r2i1p1f1,2045,01,02,6.247552475682683,-1.5055834,-11.95356,2045
10960,r2i1p1f1,2045,01,03,0.27500250062775405,-0.13248746,-10.338103,2045
10961,r2i1p1f1,2045,01,04,0.0,1.1270846,-12.373591,2045
10962,r2i1p1f1,2045,01,05,0.0,-6.9224477,-20.325737,2045
10963,r2i1p1f1,2045,01,06,0.0,-3.4951398,-17.008749,2045
10964,r2i1p1f1,2045,01,07,0.0,3.892537,-12.761607,2045
10965,r2i1p1f1,2045,01,08,0.0,-0.2980593,-12.921072,2045
10966,r2i1p1f1,2045,01,09,0.0,8.5242815,-4.487153,2045
10967,r2i1p1f1,2045,01,10,0.0,11.147271,-1.4748806,2045
10968,r2i1p1f1,2045,01,11,0.0,11.278787,-1.0125397,2045
10969,r2i1p1f1,2045,01,12,0.0,10.15647,-1.7608361,2045
10970,r2i1p1f1,2045,01,13,0.0,9.754143,-2.7767289,2045
10971,r2i1p1f1,2045,01,14,0.0,9.381315,-2.2030377,2045
10972,r2i1p1f1,2045,01,15,0.0,7.499286,-2.9035,2045
10973,r2i1p1f1,2045,01,16,0.0,4.619958,0.42339823,2045
10974,r2i1p1f1,2045,01,17,0.0,3.7994165,-0.34528702,2045
10975,r2i1p1f1,2045,01,18,0.0,6.1098094,-1.166209,2045
10976,r2i1p1f1,2045,01,19,0.0,8.307462,-2.9941654,2045
10977,r2i1p1f1,2045,01,20,0.0,12.330146,-1.2718729,2045
10978,r2i1p1f1,2045,01,21,0.0,11.829188,-1.4174358,2045
10979,r2i1p1f1,2045,01,22,0.0,13.297041,0.7271666,2045
10980,r2i1p1f1,2045,01,23,0.0,15.0912895,1.3996437,2045
10981,r2i1p1f1,2045,01,24,0.0,16.45963,0.9928366,2045
10982,r2i1p1f1,2045,01,25,0.0,17.814468,3.0189946,2045
10983,r2i1p1f1,2045,01,26,0.0,15.6247,3.27711,2045
10984,r2i1p1f1,2045,01,27,0.0,13.164331,3.9785893,2045
10985,r2i1p1f1,2045,01,28,0.0,14.461375,1.6405205,2045
10986,r2i1p1f1,2045,01,29,0.0,14.323706,1.4156176,2045
10987,r2i1p1f1,2045,01,30,0.010968705576557953,15.71011,1.9603479,2045
10988,r2i1p1f1,2045,01,31,0.0,16.655567,3.3983526,2045
10989,r2i1p1f1,2045,02,01,0.0,13.841931,1.2477238,2045
10990,r2i1p1f1,2045,02,02,11.153740314195533,3.8916435,-0.79857814,2045
10991,r2i1p1f1,2045,02,03,0.3270739992680879,5.5307083,0.14624229,2045
10992,r2i1p1f1,2045,02,04,20.70625770015445,5.214459,0.87620866,2045
10993,r2i1p1f1,2045,02,05,13.007459323069689,7.401138,1.8914752,2045
10994,r2i1p1f1,2045,02,06,9.897957060456974,6.6892447,1.4778255,2045
10995,r2i1p1f1,2045,02,07,0.0,16.354408,2.6165884,2045
10996,r2i1p1f1,2045,02,08,0.0,18.207258,0.2677188,2045
10997,r2i1p1f1,2045,02,09,0.0,14.201984,-0.731449,2045
10998,r2i1p1f1,2045,02,10,0.0,12.64861,-0.11585735,2045
10999,r2i1p1f1,2045,02,11,0.0,13.937022,-1.2215633,2045
11000,r2i1p1f1,2045,02,12,0.0,19.185268,1.7961872,2045
11001,r2i1p1f1,2045,02,13,0.0,16.829617,1.404524,2045
11002,r2i1p1f1,2045,02,14,0.0,16.336622,1.1077116,2045
11003,r2i1p1f1,2045,02,15,0.0,16.347645,1.0633761,2045
11004,r2i1p1f1,2045,02,16,0.0,18.111197,1.8978381,2045
11005,r2i1p1f1,2045,02,17,0.0,16.696337,1.8404653,2045
11006,r2i1p1f1,2045,02,18,16.35503219865943,13.349668,1.7146473,2045
11007,r2i1p1f1,2045,02,19,33.6489468950626,5.3965793,0.1992749,2045
11008,r2i1p1f1,2045,02,20,84.43425006161516,4.2453175,-0.7440428,2045
11009,r2i1p1f1,2045,02,21,62.43727444794226,3.0884514,-1.9990015,2045
11010,r2i1p1f1,2045,02,22,2.3385674512348067,6.3535156,-2.2984543,2045
11011,r2i1p1f1,2045,02,23,0.8085293332267331,5.112528,0.23695676,2045
11012,r2i1p1f1,2045,02,24,32.329698430839926,6.52506,1.1784788,2045
11013,r2i1p1f1,2045,02,25,39.575696336284565,5.933176,0.36857635,2045
11014,r2i1p1f1,2045,02,26,4.051323130582974,4.531032,-2.281631,2045
11015,r2i1p1f1,2045,02,27,0.0,11.768084,-1.650911,2045
11016,r2i1p1f1,2045,02,28,0.0,14.680852,0.850677,2045
11017,r2i1p1f1,2045,03,01,0.0,16.13796,2.237228,2045
11018,r2i1p1f1,2045,03,02,0.0,17.793892,3.0163805,2045
11019,r2i1p1f1,2045,03,03,0.0,21.279863,4.642329,2045
11020,r2i1p1f1,2045,03,04,0.0,23.11133,5.777858,2045
11021,r2i1p1f1,2045,03,05,0.0,22.962145,5.76543,2045
11022,r2i1p1f1,2045,03,06,0.01010633789676901,20.764212,5.81295,2045
11023,r2i1p1f1,2045,03,07,29.11335067384733,9.240078,2.712393,2045
11024,r2i1p1f1,2045,03,08,0.2539964909374248,12.806567,2.5060198,2045
11025,r2i1p1f1,2045,03,09,28.353579536689303,6.136271,0.80863833,2045
11026,r2i1p1f1,2045,03,10,35.637236531664925,3.3857765,-0.38543457,2045
11027,r2i1p1f1,2045,03,11,35.94246977725281,5.8109913,-0.1446093,2045
11028,r2i1p1f1,2045,03,12,0.0,12.186511,3.6439898,2045
11029,r2i1p1f1,2045,03,13,6.595536354311312,10.575739,0.43927804,2045
11030,r2i1p1f1,2045,03,14,42.190503558287254,10.96485,5.7741218,2045
11031,r2i1p1f1,2045,03,15,0.07563937690345203,17.643425,5.095643,2045
11032,r2i1p1f1,2045,03,16,0.0,18.644306,4.5908217,2045
11033,r2i1p1f1,2045,03,17,0.0,18.475824,4.731149,2045
11034,r2i1p1f1,2045,03,18,8.65909347057473,12.721292,0.616893,2045
11035,r2i1p1f1,2045,03,19,0.0,16.549307,2.7441728,2045
11036,r2i1p1f1,2045,03,20,0.0,17.878387,3.779109,2045
11037,r2i1p1f1,2045,03,21,0.0,19.44948,3.9917924,2045
11038,r2i1p1f1,2045,03,22,0.0,23.303936,6.023141,2045
11039,r2i1p1f1,2045,03,23,0.0,23.288843,6.0881205,2045
11040,r2i1p1f1,2045,03,24,0.0,23.271536,7.3423367,2045
11041,r2i1p1f1,2045,03,25,0.0,22.77937,7.558932,2045
11042,r2i1p1f1,2045,03,26,0.0,23.293346,7.8068094,2045
11043,r2i1p1f1,2045,03,27,0.0,23.52699,7.2898917,2045
11044,r2i1p1f1,2045,03,28,0.0,21.030209,5.9249983,2045
11045,r2i1p1f1,2045,03,29,0.0,18.68209,3.3427124,2045
11046,r2i1p1f1,2045,03,30,0.0,16.116407,2.5755544,2045
11047,r2i1p1f1,2045,03,31,14.564827250041372,11.320189,-4.014167,2045
11048,r2i1p1f1,2045,04,01,44.17049278406641,6.7080665,-1.0590804,2045
11049,r2i1p1f1,2045,04,02,38.31382479995507,5.0969133,-1.5992038,2045
11050,r2i1p1f1,2045,04,03,0.0,11.041819,1.950574,2045
11051,r2i1p1f1,2045,04,04,0.0,15.360826,-0.22756997,2045
11052,r2i1p1f1,2045,04,05,0.0,16.42515,2.300845,2045
11053,r2i1p1f1,2045,04,06,0.0,17.272371,3.3734925,2045
11054,r2i1p1f1,2045,04,07,1.26290447064653,13.489461,0.80062604,2045
11055,r2i1p1f1,2045,04,08,0.9809744766759929,15.362583,-1.8204956,2045
11056,r2i1p1f1,2045,04,09,0.0,19.82358,1.7782944,2045
11057,r2i1p1f1,2045,04,10,0.0,19.572218,5.917931,2045
11058,r2i1p1f1,2045,04,11,0.0,22.785355,3.81933,2045
11059,r2i1p1f1,2045,04,12,0.0,21.249342,5.384104,2045
11060,r2i1p1f1,2045,04,13,0.0,22.12715,5.6389065,2045
11061,r2i1p1f1,2045,04,14,0.0,22.718893,5.854241,2045
11062,r2i1p1f1,2045,04,15,0.04210605788662528,22.70151,5.7493124,2045
11063,r2i1p1f1,2045,04,16,0.0,20.516752,5.636953,2045
11064,r2i1p1f1,2045,04,17,0.0,20.240366,5.187086,2045
11065,r2i1p1f1,2045,04,18,0.009964501189712722,17.516832,4.517647,2045
11066,r2i1p1f1,2045,04,19,0.0,15.125704,0.5303458,2045
11067,r2i1p1f1,2045,04,20,0.0,17.397154,-0.8825704,2045
11068,r2i1p1f1,2045,04,21,0.0,18.781662,2.361548,2045
11069,r2i1p1f1,2045,04,22,0.0,21.515972,3.9685895,2045
11070,r2i1p1f1,2045,04,23,0.0,23.266474,5.601609,2045
11071,r2i1p1f1,2045,04,24,0.0,21.259203,4.907351,2045
11072,r2i1p1f1,2045,04,25,3.5637316349773474,9.632196,-2.958131,2045
11073,r2i1p1f1,2045,04,26,0.01695726434543478,16.358065,-2.1294894,2045
11074,r2i1p1f1,2045,04,27,0.0,20.58013,1.4671797,2045
11075,r2i1p1f1,2045,04,28,0.0,21.057604,2.7923174,2045
11076,r2i1p1f1,2045,04,29,0.0,18.983139,5.2979836,2045
11077,r2i1p1f1,2045,04,30,0.0,16.91232,2.9323664,2045
11078,r2i1p1f1,2045,05,01,0.0,13.769341,-0.7879442,2045
11079,r2i1p1f1,2045,05,02,0.0,13.30167,-0.52206707,2045
11080,r2i1p1f1,2045,05,03,0.009874884339156918,14.73231,3.4285772,2045
11081,r2i1p1f1,2045,05,04,0.0,17.50114,1.7832376,2045
11082,r2i1p1f1,2045,05,05,0.0,19.35664,4.3220577,2045
11083,r2i1p1f1,2045,05,06,0.0,25.194712,5.712671,2045
11084,r2i1p1f1,2045,05,07,0.0,24.281298,7.7969484,2045
11085,r2i1p1f1,2045,05,08,0.0,24.207296,7.7490134,2045
11086,r2i1p1f1,2045,05,09,0.0,21.641125,5.121608,2045
11087,r2i1p1f1,2045,05,10,0.0,18.819689,3.6298702,2045
11088,r2i1p1f1,2045,05,11,0.0,24.225458,6.664695,2045
11089,r2i1p1f1,2045,05,12,0.0,30.306757,11.10639,2045
11090,r2i1p1f1,2045,05,13,0.0,29.866547,11.949221,2045
11091,r2i1p1f1,2045,05,14,0.0,24.878235,8.015631,2045
11092,r2i1p1f1,2045,05,15,0.0,25.774218,9.36852,2045
11093,r2i1p1f1,2045,05,16,0.0,25.913055,6.6140785,2045
11094,r2i1p1f1,2045,05,17,0.0,23.466978,5.470469,2045
11095,r2i1p1f1,2045,05,18,0.0,24.394365,6.923986,2045
11096,r2i1p1f1,2045,05,19,0.0,23.95678,5.096609,2045
11097,r2i1p1f1,2045,05,20,0.0,26.877197,9.118147,2045
11098,r2i1p1f1,2045,05,21,0.0,26.567144,9.7610035,2045
11099,r2i1p1f1,2045,05,22,0.0,22.511795,5.113458,2045
11100,r2i1p1f1,2045,05,23,0.0,21.136728,4.1059155,2045
11101,r2i1p1f1,2045,05,24,0.01933825551532209,20.257832,3.391776,2045
11102,r2i1p1f1,2045,05,25,0.10802605301460762,19.287052,3.959831,2045
11103,r2i1p1f1,2045,05,26,0.0,21.966534,5.815624,2045
11104,r2i1p1f1,2045,05,27,0.25221526347405204,18.721653,4.6372027,2045
11105,r2i1p1f1,2045,05,28,5.125393331190235,10.5526705,1.3205596,2045
11106,r2i1p1f1,2045,05,29,0.0,23.607601,6.186039,2045
11107,r2i1p1f1,2045,05,30,0.0,27.898193,10.815799,2045
11108,r2i1p1f1,2045,05,31,0.0,30.850624,13.695262,2045
11109,r2i1p1f1,2045,06,01,0.0,36.36114,16.531494,2045
11110,r2i1p1f1,2045,06,02,0.0,35.99237,16.725748,2045
11111,r2i1p1f1,2045,06,03,0.0,36.144413,14.323012,2045
11112,r2i1p1f1,2045,06,04,0.0,33.029427,14.827234,2045
11113,r2i1p1f1,2045,06,05,0.0,31.625572,13.150818,2045
11114,r2i1p1f1,2045,06,06,0.0,30.696167,12.032292,2045
11115,r2i1p1f1,2045,06,07,0.0,30.448856,12.033435,2045
11116,r2i1p1f1,2045,06,08,1.3803752614106857,27.878305,11.107556,2045
11117,r2i1p1f1,2045,06,09,0.7728076680695477,23.89124,8.33949,2045
11118,r2i1p1f1,2045,06,10,0.0,28.659105,10.2011175,2045
11119,r2i1p1f1,2045,06,11,0.0,29.575058,11.935684,2045
11120,r2i1p1f1,2045,06,12,0.0,29.766294,12.453415,2045
11121,r2i1p1f1,2045,06,13,0.5154429541107675,29.061127,11.667466,2045
11122,r2i1p1f1,2045,06,14,0.0,26.47297,8.170718,2045
11123,r2i1p1f1,2045,06,15,0.0,25.94556,8.32398,2045
11124,r2i1p1f1,2045,06,16,0.0,23.529806,6.8512793,2045
11125,r2i1p1f1,2045,06,17,0.0,26.786417,9.293115,2045
11126,r2i1p1f1,2045,06,18,0.0,26.800488,9.042984,2045
11127,r2i1p1f1,2045,06,19,0.0,19.980955,6.063274,2045
11128,r2i1p1f1,2045,06,20,0.06302077107158346,18.110752,3.3004005,2045
11129,r2i1p1f1,2045,06,21,0.0,18.561872,2.4925954,2045
11130,r2i1p1f1,2045,06,22,0.0,21.620857,3.697617,2045
11131,r2i1p1f1,2045,06,23,0.0,22.473686,4.85567,2045
11132,r2i1p1f1,2045,06,24,0.0026239076900170543,21.545471,6.2307444,2045
11133,r2i1p1f1,2045,06,25,4.929157727187535,15.595191,1.5520985,2045
11134,r2i1p1f1,2045,06,26,0.0,22.186708,5.376915,2045
11135,r2i1p1f1,2045,06,27,0.0,23.353354,7.4750834,2045
11136,r2i1p1f1,2045,06,28,0.0,24.24568,8.306941,2045
11137,r2i1p1f1,2045,06,29,0.0,27.233917,9.097044,2045
11138,r2i1p1f1,2045,06,30,0.0,26.768717,10.028312,2045
11139,r2i1p1f1,2045,07,01,0.0,25.40239,7.212667,2045
11140,r2i1p1f1,2045,07,02,0.0,24.223083,7.0589633,2045
11141,r2i1p1f1,2045,07,03,0.0,24.575779,8.884016,2045
11142,r2i1p1f1,2045,07,04,0.0,25.430342,8.354441,2045
11143,r2i1p1f1,2045,07,05,0.0,27.694855,10.511246,2045
11144,r2i1p1f1,2045,07,06,0.0,31.879957,13.246388,2045
11145,r2i1p1f1,2045,07,07,0.0,32.58758,14.351744,2045
11146,r2i1p1f1,2045,07,08,0.0,32.50199,14.133692,2045
11147,r2i1p1f1,2045,07,09,0.0,32.10983,14.834963,2045
11148,r2i1p1f1,2045,07,10,0.0,32.190716,14.956938,2045
11149,r2i1p1f1,2045,07,11,0.0,33.54094,14.158511,2045
11150,r2i1p1f1,2045,07,12,0.0,29.988085,12.951082,2045
11151,r2i1p1f1,2045,07,13,0.0,27.724169,10.489456,2045
11152,r2i1p1f1,2045,07,14,0.0,26.710913,9.348058,2045
11153,r2i1p1f1,2045,07,15,0.0,28.927446,11.804755,2045
11154,r2i1p1f1,2045,07,16,0.0,30.925205,12.987589,2045
11155,r2i1p1f1,2045,07,17,0.0,32.99132,14.396462,2045
11156,r2i1p1f1,2045,07,18,0.0,34.407948,15.518596,2045
11157,r2i1p1f1,2045,07,19,0.0,34.80363,16.605911,2045
11158,r2i1p1f1,2045,07,20,0.0,34.879456,16.477194,2045
11159,r2i1p1f1,2045,07,21,0.0,34.250427,16.265879,2045
11160,r2i1p1f1,2045,07,22,0.06226671410751386,34.941856,16.872118,2045
11161,r2i1p1f1,2045,07,23,0.0,36.01343,17.80522,2045
11162,r2i1p1f1,2045,07,24,0.0,36.540962,18.655552,2045
11163,r2i1p1f1,2045,07,25,0.0,37.921173,19.980762,2045
11164,r2i1p1f1,2045,07,26,0.0,39.830368,21.449974,2045
11165,r2i1p1f1,2045,07,27,0.0,39.652767,20.906324,2045
11166,r2i1p1f1,2045,07,28,0.0,36.83593,17.985453,2045
11167,r2i1p1f1,2045,07,29,0.0,34.47237,15.36341,2045
11168,r2i1p1f1,2045,07,30,0.0,34.42638,14.735683,2045
11169,r2i1p1f1,2045,07,31,0.0,34.00681,14.739321,2045
11170,r2i1p1f1,2045,08,01,0.0,33.522808,14.0074005,2045
11171,r2i1p1f1,2045,08,02,0.0,34.460415,14.820998,2045
11172,r2i1p1f1,2045,08,03,0.0,32.919533,13.8192425,2045
11173,r2i1p1f1,2045,08,04,0.0004416159509464006,33.69022,14.143569,2045
11174,r2i1p1f1,2045,08,05,0.0,34.459827,14.8379,2045
11175,r2i1p1f1,2045,08,06,0.0,35.248474,15.324103,2045
11176,r2i1p1f1,2045,08,07,0.0,34.371075,14.256889,2045
11177,r2i1p1f1,2045,08,08,0.0,32.764004,14.101181,2045
11178,r2i1p1f1,2045,08,09,0.0,30.721388,12.873573,2045
11179,r2i1p1f1,2045,08,10,0.0,28.65973,11.492463,2045
11180,r2i1p1f1,2045,08,11,0.0,28.64443,11.379471,2045
11181,r2i1p1f1,2045,08,12,0.0,29.769117,12.331955,2045
11182,r2i1p1f1,2045,08,13,0.0,31.048403,13.006089,2045
11183,r2i1p1f1,2045,08,14,0.0,31.49496,13.450957,2045
11184,r2i1p1f1,2045,08,15,0.0,31.752197,14.688743,2045
11185,r2i1p1f1,2045,08,16,0.0,31.487036,14.927724,2045
11186,r2i1p1f1,2045,08,17,8.952625602474795,31.177206,14.558306,2045
11187,r2i1p1f1,2045,08,18,0.005791322298766597,31.543589,15.150886,2045
11188,r2i1p1f1,2045,08,19,0.0,31.64722,15.283607,2045
11189,r2i1p1f1,2045,08,20,0.0,30.856064,14.704056,2045
11190,r2i1p1f1,2045,08,21,0.0,29.97247,11.9627075,2045
11191,r2i1p1f1,2045,08,22,0.0,28.995771,11.686359,2045
11192,r2i1p1f1,2045,08,23,0.0,28.203854,10.801637,2045
11193,r2i1p1f1,2045,08,24,0.0,29.532465,12.023573,2045
11194,r2i1p1f1,2045,08,25,0.0,29.214254,13.184455,2045
11195,r2i1p1f1,2045,08,26,0.012184192921547666,29.955782,13.280439,2045
11196,r2i1p1f1,2045,08,27,0.04338762771042708,30.566349,13.914466,2045
11197,r2i1p1f1,2045,08,28,0.0,32.317234,15.229869,2045
11198,r2i1p1f1,2045,08,29,0.0,30.854536,13.877723,2045
11199,r2i1p1f1,2045,08,30,0.0,30.226732,12.730258,2045
11200,r2i1p1f1,2045,08,31,0.0,30.297638,14.387227,2045
11201,r2i1p1f1,2045,09,01,0.0,28.912323,14.235454,2045
11202,r2i1p1f1,2045,09,02,0.0,26.215023,10.612739,2045
11203,r2i1p1f1,2045,09,03,0.0,25.081596,10.350148,2045
11204,r2i1p1f1,2045,09,04,0.0,29.11956,12.398933,2045
11205,r2i1p1f1,2045,09,05,0.0,31.20622,13.409605,2045
11206,r2i1p1f1,2045,09,06,0.0,30.981022,14.337834,2045
11207,r2i1p1f1,2045,09,07,0.0,29.844912,13.977366,2045
11208,r2i1p1f1,2045,09,08,0.0,30.052183,13.141316,2045
11209,r2i1p1f1,2045,09,09,0.0,27.144796,11.94345,2045
11210,r2i1p1f1,2045,09,10,0.7133578504390943,22.82849,7.5083413,2045
11211,r2i1p1f1,2045,09,11,0.0,26.117992,9.506577,2045
11212,r2i1p1f1,2045,09,12,0.0,28.971157,11.395452,2045
11213,r2i1p1f1,2045,09,13,0.0,30.516552,12.774392,2045
11214,r2i1p1f1,2045,09,14,0.0,29.701265,13.941709,2045
11215,r2i1p1f1,2045,09,15,0.0,30.470644,13.253313,2045
11216,r2i1p1f1,2045,09,16,0.0,29.471167,13.249346,2045
11217,r2i1p1f1,2045,09,17,0.0,30.622622,14.562973,2045
11218,r2i1p1f1,2045,09,18,0.0,30.49235,11.968276,2045
11219,r2i1p1f1,2045,09,19,0.0,28.153603,10.489736,2045
11220,r2i1p1f1,2045,09,20,0.0,28.270939,10.71699,2045
11221,r2i1p1f1,2045,09,21,0.0,29.432999,11.6357565,2045
11222,r2i1p1f1,2045,09,22,0.0,30.10399,14.737783,2045
11223,r2i1p1f1,2045,09,23,0.0,30.703306,14.354146,2045
11224,r2i1p1f1,2045,09,24,0.0,28.040854,13.513428,2045
11225,r2i1p1f1,2045,09,25,0.0,22.884813,8.569543,2045
11226,r2i1p1f1,2045,09,26,0.0,23.865011,7.1454163,2045
11227,r2i1p1f1,2045,09,27,0.0,26.159117,8.106225,2045
11228,r2i1p1f1,2045,09,28,0.0,26.638485,9.20979,2045
11229,r2i1p1f1,2045,09,29,0.0,27.380478,9.821485,2045
11230,r2i1p1f1,2045,09,30,0.0,29.057856,10.261379,2045
11231,r2i1p1f1,2045,10,01,0.0,29.213154,10.850354,2045
11232,r2i1p1f1,2045,10,02,0.0,27.44217,14.008147,2045
11233,r2i1p1f1,2045,10,03,0.0,27.967598,11.985574,2045
11234,r2i1p1f1,2045,10,04,0.0,25.105669,10.129702,2045
11235,r2i1p1f1,2045,10,05,17.591110264542156,28.173471,14.248485,2045
11236,r2i1p1f1,2045,10,06,17.870048851741906,15.436082,8.748288,2045
11237,r2i1p1f1,2045,10,07,0.1013973565197655,17.028217,8.82398,2045
11238,r2i1p1f1,2045,10,08,3.0914962606280265,18.356714,2.8939815,2045
11239,r2i1p1f1,2045,10,09,0.0,17.441463,2.3981297,2045
11240,r2i1p1f1,2045,10,10,0.0,17.207987,2.3420691,2045
11241,r2i1p1f1,2045,10,11,67.67526684293094,14.3898115,-0.85849226,2045
11242,r2i1p1f1,2045,10,12,19.86146938758723,2.5867736,-2.3178732,2045
11243,r2i1p1f1,2045,10,13,9.582829600720052,6.277308,0.8822586,2045
11244,r2i1p1f1,2045,10,14,2.9550870477368543,12.622211,-0.83587646,2045
11245,r2i1p1f1,2045,10,15,0.0,16.011261,-0.67025834,2045
11246,r2i1p1f1,2045,10,16,0.0,16.029016,0.6498232,2045
11247,r2i1p1f1,2045,10,17,28.65202152304566,8.7042675,4.2677903,2045
11248,r2i1p1f1,2045,10,18,21.92246283073193,9.144359,0.68973637,2045
11249,r2i1p1f1,2045,10,19,60.42219606192353,8.868072,4.1512694,2045
11250,r2i1p1f1,2045,10,20,78.32036590866315,8.683021,3.961483,2045
11251,r2i1p1f1,2045,10,21,67.32446771347895,12.230218,5.532606,2045
11252,r2i1p1f1,2045,10,22,26.235139022621578,13.609253,5.3195615,2045
11253,r2i1p1f1,2045,10,23,61.87968720377494,13.054772,7.5447135,2045
11254,r2i1p1f1,2045,10,24,8.42587961208035,12.562486,6.8374453,2045
11255,r2i1p1f1,2045,10,25,9.132672955806461,13.96458,3.1073663,2045
11256,r2i1p1f1,2045,10,26,0.0,13.082912,0.84663576,2045
11257,r2i1p1f1,2045,10,27,0.36043925221677525,15.128013,1.4876186,2045
11258,r2i1p1f1,2045,10,28,15.659907772183383,13.742463,4.790704,2045
11259,r2i1p1f1,2045,10,29,4.1710046695908,13.109033,7.13985,2045
11260,r2i1p1f1,2045,10,30,0.0,14.969511,3.6081774,2045
11261,r2i1p1f1,2045,10,31,10.907277529790568,14.028996,4.5694957,2045
11262,r2i1p1f1,2045,11,01,0.0,16.985668,2.5777447,2045
11263,r2i1p1f1,2045,11,02,0.0,18.133905,4.706011,2045
11264,r2i1p1f1,2045,11,03,0.5734795055454575,14.182122,5.5254135,2045
11265,r2i1p1f1,2045,11,04,0.0,18.790676,4.3636694,2045
11266,r2i1p1f1,2045,11,05,0.0,14.683149,2.9315002,2045
11267,r2i1p1f1,2045,11,06,0.0,12.296071,2.7187848,2045
11268,r2i1p1f1,2045,11,07,0.0,18.035107,2.7864048,2045
11269,r2i1p1f1,2045,11,08,0.0,19.017284,4.069731,2045
11270,r2i1p1f1,2045,11,09,0.0,19.35101,4.6409903,2045
11271,r2i1p1f1,2045,11,10,5.365703666960214,14.356494,2.6359646,2045
11272,r2i1p1f1,2045,11,11,0.0,11.393722,1.2705812,2045
11273,r2i1p1f1,2045,11,12,0.0,15.954177,-0.4680519,2045
11274,r2i1p1f1,2045,11,13,0.0,17.128754,0.1285818,2045
11275,r2i1p1f1,2045,11,14,0.0,15.530982,0.15738972,2045
11276,r2i1p1f1,2045,11,15,0.0,16.179836,-0.892253,2045
11277,r2i1p1f1,2045,11,16,0.0,17.204453,1.4608473,2045
11278,r2i1p1f1,2045,11,17,0.0,16.572567,3.0171428,2045
11279,r2i1p1f1,2045,11,18,0.0,12.720369,-0.03606845,2045
11280,r2i1p1f1,2045,11,19,12.823887863151658,11.18196,-1.3639505,2045
11281,r2i1p1f1,2045,11,20,33.44014903973752,9.621763,5.1858997,2045
11282,r2i1p1f1,2045,11,21,12.820601794933632,10.589233,-0.2570162,2045
11283,r2i1p1f1,2045,11,22,0.1822041498738914,11.731417,-1.8007711,2045
11284,r2i1p1f1,2045,11,23,0.0,12.856531,0.93700564,2045
11285,r2i1p1f1,2045,11,24,0.0,15.3020735,0.783405,2045
11286,r2i1p1f1,2045,11,25,0.0,16.44099,-0.52224636,2045
11287,r2i1p1f1,2045,11,26,0.0,18.373407,2.4281018,2045
11288,r2i1p1f1,2045,11,27,0.0,22.406694,5.852237,2045
11289,r2i1p1f1,2045,11,28,0.0,23.701088,6.688048,2045
11290,r2i1p1f1,2045,11,29,0.0,26.43372,5.0801654,2045
11291,r2i1p1f1,2045,11,30,0.0,23.072403,6.308905,2045
11292,r2i1p1f1,2045,12,01,0.0,17.85414,6.595083,2045
11293,r2i1p1f1,2045,12,02,0.0,17.797571,5.8545127,2045
11294,r2i1p1f1,2045,12,03,0.0,17.302206,5.706314,2045
11295,r2i1p1f1,2045,12,04,0.0,16.035835,4.4163413,2045
11296,r2i1p1f1,2045,12,05,0.0,15.146206,3.419358,2045
11297,r2i1p1f1,2045,12,06,0.0,14.88962,2.810727,2045
11298,r2i1p1f1,2045,12,07,0.0,14.748076,2.4346063,2045
11299,r2i1p1f1,2045,12,08,0.0,14.654875,1.8096658,2045
11300,r2i1p1f1,2045,12,09,0.0,7.4236803,-3.3591676,2045
11301,r2i1p1f1,2045,12,10,0.0,3.2506318,-10.077607,2045
11302,r2i1p1f1,2045,12,11,0.0,6.074598,-8.582407,2045
11303,r2i1p1f1,2045,12,12,0.0,7.5895596,-7.9924755,2045
11304,r2i1p1f1,2045,12,13,0.0,-1.1813045,-16.198328,2045
11305,r2i1p1f1,2045,12,14,0.0,-6.808196,-19.41796,2045
11306,r2i1p1f1,2045,12,15,0.0,2.6691594,-11.226,2045
11307,r2i1p1f1,2045,12,16,2.506971644274577,-1.6554874,-8.446134,2045
11308,r2i1p1f1,2045,12,17,0.05012609203381894,0.8392033,-10.755451,2045
11309,r2i1p1f1,2045,12,18,0.0,3.5573926,-7.547998,2045
11310,r2i1p1f1,2045,12,19,0.0,5.890675,-5.2919655,2045
11311,r2i1p1f1,2045,12,20,0.0,7.6130795,-6.618779,2045
11312,r2i1p1f1,2045,12,21,20.900987508223178,-0.43902558,-7.736832,2045
11313,r2i1p1f1,2045,12,22,12.934267743912642,1.3315316,-4.029454,2045
11314,r2i1p1f1,2045,12,23,1.763531641028329,3.5392022,-1.5422522,2045
11315,r2i1p1f1,2045,12,24,41.31368077136218,4.6753383,-0.81892765,2045
11316,r2i1p1f1,2045,12,25,45.062984950625555,9.904418,1.1412258,2045
11317,r2i1p1f1,2045,12,26,94.59488873656552,8.46532,3.3744557,2045
11318,r2i1p1f1,2045,12,27,134.71945399024452,9.36498,3.8396623,2045
11319,r2i1p1f1,2045,12,28,57.37161292837789,8.603099,3.8752458,2045
11320,r2i1p1f1,2045,12,29,267.01440771934216,9.028976,4.75549,2045
11321,r2i1p1f1,2045,12,30,167.2375465832794,10.982066,5.4196024,2045
11322,r2i1p1f1,2045,12,31,52.5626759044826,10.373165,5.467477,2045
11323,r2i1p1f1,2046,01,01,25.40994065236121,9.063658,4.3639493,2046
11324,r2i1p1f1,2046,01,02,57.301008877738454,11.325664,5.2708817,2046
11325,r2i1p1f1,2046,01,03,0.0,13.477985,4.814173,2046
11326,r2i1p1f1,2046,01,04,12.557453206682112,12.014852,2.81334,2046
11327,r2i1p1f1,2046,01,05,16.618319106950928,9.875452,5.6827707,2046
11328,r2i1p1f1,2046,01,06,0.5647092570947839,13.070132,7.182162,2046
11329,r2i1p1f1,2046,01,07,36.446549442972845,11.387271,6.8629394,2046
11330,r2i1p1f1,2046,01,08,1.1505685901703635,11.839201,7.562118,2046
11331,r2i1p1f1,2046,01,09,8.167068463024826,16.114985,4.430281,2046
11332,r2i1p1f1,2046,01,10,0.0,11.85279,0.24355121,2046
11333,r2i1p1f1,2046,01,11,0.0,19.903883,3.3866048,2046
11334,r2i1p1f1,2046,01,12,0.0,15.121612,3.1388972,2046
11335,r2i1p1f1,2046,01,13,56.419685377533405,5.35011,0.22546436,2046
11336,r2i1p1f1,2046,01,14,6.791891949363232,4.788608,0.88090545,2046
11337,r2i1p1f1,2046,01,15,0.0,7.689493,2.2116823,2046
11338,r2i1p1f1,2046,01,16,0.0,14.268057,4.6955576,2046
11339,r2i1p1f1,2046,01,17,5.134662130135089,12.652376,5.013238,2046
11340,r2i1p1f1,2046,01,18,0.0,16.842245,2.0594962,2046
11341,r2i1p1f1,2046,01,19,0.0,17.35541,3.1391902,2046
11342,r2i1p1f1,2046,01,20,1.0267954451837096,11.853411,3.816641,2046
11343,r2i1p1f1,2046,01,21,7.946411935420026,11.29471,6.897848,2046
11344,r2i1p1f1,2046,01,22,0.36055049204151146,12.621545,7.1116714,2046
11345,r2i1p1f1,2046,01,23,58.88724353773376,10.374425,6.3481903,2046
11346,r2i1p1f1,2046,01,24,3.5150802953606988,16.605688,5.080584,2046
11347,r2i1p1f1,2046,01,25,37.168566429038314,16.654833,5.3501673,2046
11348,r2i1p1f1,2046,01,26,30.725188671091857,14.24102,1.8413215,2046
11349,r2i1p1f1,2046,01,27,5.609079465074711,3.2208815,-1.3701924,2046
11350,r2i1p1f1,2046,01,28,11.374461359362332,1.2303646,-2.9568934,2046
11351,r2i1p1f1,2046,01,29,0.0,7.9937034,-4.22252,2046
11352,r2i1p1f1,2046,01,30,0.0,7.813519,1.0425342,2046
11353,r2i1p1f1,2046,01,31,3.2097824164338817,5.3678164,1.017201,2046
11354,r2i1p1f1,2046,02,01,36.98420752457773,3.7915266,0.099567704,2046
11355,r2i1p1f1,2046,02,02,1.0060563933166122,8.943267,-1.3948399,2046
11356,r2i1p1f1,2046,02,03,0.0,11.791975,-1.8544128,2046
11357,r2i1p1f1,2046,02,04,0.0,9.780437,-3.485459,2046
11358,r2i1p1f1,2046,02,05,0.0,9.339951,-2.436826,2046
11359,r2i1p1f1,2046,02,06,0.0,12.638748,0.3681933,2046
11360,r2i1p1f1,2046,02,07,21.677873024824432,8.404978,-1.3223709,2046
11361,r2i1p1f1,2046,02,08,0.0,7.3579016,2.9780078,2046
11362,r2i1p1f1,2046,02,09,8.392354461074529,8.885745,1.6326122,2046
11363,r2i1p1f1,2046,02,10,17.646718065840943,9.270403,0.22977506,2046
11364,r2i1p1f1,2046,02,11,7.974094017901314,6.4135995,-1.5920064,2046
11365,r2i1p1f1,2046,02,12,26.526693801637382,9.666628,0.63178176,2046
11366,r2i1p1f1,2046,02,13,24.013562875496483,9.415368,4.7894797,2046
11367,r2i1p1f1,2046,02,14,54.6171067103457,12.122285,1.8837171,2046
11368,r2i1p1f1,2046,02,15,42.90198238047127,10.118716,6.553589,2046
11369,r2i1p1f1,2046,02,16,0.26880764680054897,16.189247,4.3964353,2046
11370,r2i1p1f1,2046,02,17,0.0,17.302673,3.5863652,2046
11371,r2i1p1f1,2046,02,18,0.0,19.188383,5.2836843,2046
11372,r2i1p1f1,2046,02,19,0.0,17.276539,3.8876557,2046
11373,r2i1p1f1,2046,02,20,0.0,15.991646,3.8433564,2046
11374,r2i1p1f1,2046,02,21,0.0,13.878033,3.299223,2046
11375,r2i1p1f1,2046,02,22,0.0,13.720185,7.24635,2046
11376,r2i1p1f1,2046,02,23,18.378728173467188,11.664223,3.1608536,2046
11377,r2i1p1f1,2046,02,24,10.303705720406679,8.053877,0.18183753,2046
11378,r2i1p1f1,2046,02,25,0.0,9.570963,-2.5351498,2046
11379,r2i1p1f1,2046,02,26,19.92322416134322,4.0341845,-1.5090982,2046
11380,r2i1p1f1,2046,02,27,40.42462673102049,4.639022,-0.9566762,2046
11381,r2i1p1f1,2046,02,28,13.74768977066896,2.6232533,-2.2692397,2046
11382,r2i1p1f1,2046,03,01,8.173408446495719,3.0634193,-4.555079,2046
11383,r2i1p1f1,2046,03,02,66.20692935315535,3.2509613,-3.6297169,2046
11384,r2i1p1f1,2046,03,03,25.114324095752984,1.9232172,-2.8092017,2046
11385,r2i1p1f1,2046,03,04,2.5038778399903094,5.955402,-2.481062,2046
11386,r2i1p1f1,2046,03,05,0.0,13.266899,-2.0694351,2046
11387,r2i1p1f1,2046,03,06,71.46282809553668,5.900178,-0.8450311,2046
11388,r2i1p1f1,2046,03,07,27.684776435042014,6.9015956,1.3369459,2046
11389,r2i1p1f1,2046,03,08,0.0,14.843121,-1.775821,2046
11390,r2i1p1f1,2046,03,09,29.631195781985298,8.395506,-1.718541,2046
11391,r2i1p1f1,2046,03,10,119.63879889271294,7.4652286,-4.359258,2046
11392,r2i1p1f1,2046,03,11,0.0,7.0079055,-3.0575347,2046
11393,r2i1p1f1,2046,03,12,6.5404324187301635,2.649179,-0.956032,2046
11394,r2i1p1f1,2046,03,13,0.0,8.72281,4.3252454,2046
11395,r2i1p1f1,2046,03,14,49.331391454996684,8.594375,-4.987391,2046
11396,r2i1p1f1,2046,03,15,0.0,7.6271567,-5.9519467,2046
11397,r2i1p1f1,2046,03,16,27.1528711497712,1.7264416,-3.0856743,2046
11398,r2i1p1f1,2046,03,17,0.0,6.6190953,-2.3766675,2046
11399,r2i1p1f1,2046,03,18,0.0,11.545482,-3.7359247,2046
11400,r2i1p1f1,2046,03,19,0.0,14.519678,-0.9284717,2046
11401,r2i1p1f1,2046,03,20,0.0,18.134174,1.5481148,2046
11402,r2i1p1f1,2046,03,21,0.0,19.083273,1.7989962,2046
11403,r2i1p1f1,2046,03,22,3.5589283484044314,11.668326,-0.31913042,2046
11404,r2i1p1f1,2046,03,23,6.249548847307988,10.879026,-0.7774766,2046
11405,r2i1p1f1,2046,03,24,13.928471140836617,7.018449,1.3240823,2046
11406,r2i1p1f1,2046,03,25,32.18130503172198,5.61853,-0.83073306,2046
11407,r2i1p1f1,2046,03,26,1.0506242800427292,5.9126973,-0.049625006,2046
11408,r2i1p1f1,2046,03,27,2.5257460519591963,5.5910254,1.4628642,2046
11409,r2i1p1f1,2046,03,28,2.0487186919826152,8.627156,0.52908367,2046
11410,r2i1p1f1,2046,03,29,9.882092617464458,7.5025086,-5.631858,2046
11411,r2i1p1f1,2046,03,30,30.77159357691506,8.098196,0.29582185,2046
11412,r2i1p1f1,2046,03,31,18.476197849780036,7.4437046,0.18381089,2046
11413,r2i1p1f1,2046,04,01,0.9849432586913911,7.6489224,-3.928653,2046
11414,r2i1p1f1,2046,04,02,0.0,16.819838,-0.27335122,2046
11415,r2i1p1f1,2046,04,03,0.0,16.780472,1.5858854,2046
11416,r2i1p1f1,2046,04,04,0.0,14.917544,1.1999189,2046
11417,r2i1p1f1,2046,04,05,12.996198393823132,8.410574,-0.7417541,2046
11418,r2i1p1f1,2046,04,06,14.90131886922217,8.433235,-0.4078863,2046
11419,r2i1p1f1,2046,04,07,0.07840169586975557,16.596088,0.96010196,2046
11420,r2i1p1f1,2046,04,08,0.0,16.660522,0.4139463,2046
11421,r2i1p1f1,2046,04,09,0.0,18.011028,1.8613007,2046
11422,r2i1p1f1,2046,04,10,7.025787620491778,13.002095,-0.7517087,2046
11423,r2i1p1f1,2046,04,11,54.558227418993525,7.7849464,-0.855267,2046
11424,r2i1p1f1,2046,04,12,31.78406806926852,7.2333865,-2.6139705,2046
11425,r2i1p1f1,2046,04,13,12.37174430201636,7.538047,-1.3346806,2046
11426,r2i1p1f1,2046,04,14,4.873004493059013,8.66613,-3.8034434,2046
11427,r2i1p1f1,2046,04,15,6.79489463948882,8.444878,-3.6340265,2046
11428,r2i1p1f1,2046,04,16,3.102611518904898,11.242757,-5.1165843,2046
11429,r2i1p1f1,2046,04,17,2.646562217313868,12.132403,-4.9698553,2046
11430,r2i1p1f1,2046,04,18,0.0,14.409151,2.144904,2046
11431,r2i1p1f1,2046,04,19,7.069089999360865,10.901875,1.6948621,2046
11432,r2i1p1f1,2046,04,20,10.42440698304115,7.7470875,3.0124526,2046
11433,r2i1p1f1,2046,04,21,13.840673492702011,6.75358,1.7183257,2046
11434,r2i1p1f1,2046,04,22,36.89546122735079,5.7722063,-3.2818842,2046
11435,r2i1p1f1,2046,04,23,0.0,8.873408,-0.7150471,2046
11436,r2i1p1f1,2046,04,24,0.0,11.861439,2.1909082,2046
11437,r2i1p1f1,2046,04,25,0.0,16.032778,0.57198375,2046
11438,r2i1p1f1,2046,04,26,0.0,16.59781,0.81095934,2046
11439,r2i1p1f1,2046,04,27,0.0,16.185865,1.2011465,2046
11440,r2i1p1f1,2046,04,28,0.0,16.3738,4.2773223,2046
11441,r2i1p1f1,2046,04,29,0.0,18.07271,4.019275,2046
11442,r2i1p1f1,2046,04,30,0.0,19.359047,3.3705432,2046
11443,r2i1p1f1,2046,05,01,0.0,21.680033,3.248516,2046
11444,r2i1p1f1,2046,05,02,0.0,19.37231,3.8003273,2046
11445,r2i1p1f1,2046,05,03,0.0,17.189386,2.9286256,2046
11446,r2i1p1f1,2046,05,04,0.0,16.996317,2.2525716,2046
11447,r2i1p1f1,2046,05,05,0.0,16.391508,0.8986384,2046
11448,r2i1p1f1,2046,05,06,0.0,16.79661,1.7415762,2046
11449,r2i1p1f1,2046,05,07,0.0,16.09474,1.4530891,2046
11450,r2i1p1f1,2046,05,08,0.0,18.073442,2.3654833,2046
11451,r2i1p1f1,2046,05,09,0.0,18.381035,1.571773,2046
11452,r2i1p1f1,2046,05,10,0.0,17.791954,2.938656,2046
11453,r2i1p1f1,2046,05,11,0.0,18.345367,3.0787098,2046
11454,r2i1p1f1,2046,05,12,0.0,25.044233,5.7027125,2046
11455,r2i1p1f1,2046,05,13,0.0,28.49291,9.982903,2046
11456,r2i1p1f1,2046,05,14,0.0,29.875664,11.217207,2046
11457,r2i1p1f1,2046,05,15,0.0,28.451397,9.530974,2046
11458,r2i1p1f1,2046,05,16,21.510392034430808,13.346551,-2.0882757,2046
11459,r2i1p1f1,2046,05,17,5.31490849281139,12.1006,-1.8818582,2046
11460,r2i1p1f1,2046,05,18,1.4716411478380347,16.933746,3.6890266,2046
11461,r2i1p1f1,2046,05,19,2.955269867988346,17.45455,2.1885583,2046
11462,r2i1p1f1,2046,05,20,0.0,24.156908,7.075121,2046
11463,r2i1p1f1,2046,05,21,0.0,24.90676,8.6297455,2046
11464,r2i1p1f1,2046,05,22,0.0,21.810844,8.183614,2046
11465,r2i1p1f1,2046,05,23,0.0,20.63041,6.5232162,2046
11466,r2i1p1f1,2046,05,24,0.0,21.356295,3.5409765,2046
11467,r2i1p1f1,2046,05,25,0.0,24.65834,5.349433,2046
11468,r2i1p1f1,2046,05,26,0.0,26.485264,8.7541,2046
11469,r2i1p1f1,2046,05,27,0.0,26.768827,9.387177,2046
11470,r2i1p1f1,2046,05,28,0.0,27.081186,10.51829,2046
11471,r2i1p1f1,2046,05,29,0.0,28.779354,10.925869,2046
11472,r2i1p1f1,2046,05,30,0.0,30.061998,12.460431,2046
11473,r2i1p1f1,2046,05,31,0.0,30.57996,15.084732,2046
11474,r2i1p1f1,2046,06,01,0.00788532565470982,32.045246,13.138042,2046
11475,r2i1p1f1,2046,06,02,0.0,27.401049,8.028106,2046
11476,r2i1p1f1,2046,06,03,6.523713205975723,9.0653515,-4.6477723,2046
11477,r2i1p1f1,2046,06,04,0.5437127350677866,12.193487,-2.0268254,2046
11478,r2i1p1f1,2046,06,05,0.0,22.426254,3.3653553,2046
11479,r2i1p1f1,2046,06,06,0.0,26.134089,7.1033483,2046
11480,r2i1p1f1,2046,06,07,0.0,26.413355,10.938361,2046
11481,r2i1p1f1,2046,06,08,0.0,23.990675,7.2793894,2046
11482,r2i1p1f1,2046,06,09,0.0,23.795732,6.480335,2046
11483,r2i1p1f1,2046,06,10,0.0,24.680058,7.2227197,2046
11484,r2i1p1f1,2046,06,11,0.0042967444012622135,23.543024,7.295001,2046
11485,r2i1p1f1,2046,06,12,0.012663614485903123,18.198072,4.926839,2046
11486,r2i1p1f1,2046,06,13,0.0,24.585102,5.7481065,2046
11487,r2i1p1f1,2046,06,14,0.0,29.334126,10.546765,2046
11488,r2i1p1f1,2046,06,15,0.011888741349908881,31.215805,12.393027,2046
11489,r2i1p1f1,2046,06,16,0.0,29.913988,12.219784,2046
11490,r2i1p1f1,2046,06,17,0.0,28.387753,10.576442,2046
11491,r2i1p1f1,2046,06,18,0.0,27.09616,10.161396,2046
11492,r2i1p1f1,2046,06,19,0.0,30.728022,10.808294,2046
11493,r2i1p1f1,2046,06,20,0.0,33.419907,13.542509,2046
11494,r2i1p1f1,2046,06,21,0.9414678882211984,31.981352,12.464901,2046
11495,r2i1p1f1,2046,06,22,0.0,31.975561,12.801612,2046
11496,r2i1p1f1,2046,06,23,0.0,32.911434,13.722775,2046
11497,r2i1p1f1,2046,06,24,0.29316363029028464,34.003426,14.214919,2046
11498,r2i1p1f1,2046,06,25,0.0,32.55999,15.065718,2046
11499,r2i1p1f1,2046,06,26,1.0650988286198089,30.333324,13.936026,2046
11500,r2i1p1f1,2046,06,27,0.0,30.372833,14.070388,2046
11501,r2i1p1f1,2046,06,28,0.0,29.582157,10.7979555,2046
11502,r2i1p1f1,2046,06,29,0.0,31.68755,11.785984,2046
11503,r2i1p1f1,2046,06,30,0.0,32.260887,14.290324,2046
11504,r2i1p1f1,2046,07,01,0.0,33.623283,14.883991,2046
11505,r2i1p1f1,2046,07,02,0.0,33.04786,14.830236,2046
11506,r2i1p1f1,2046,07,03,0.0,31.908848,12.647009,2046
11507,r2i1p1f1,2046,07,04,0.0,32.214573,13.021253,2046
11508,r2i1p1f1,2046,07,05,0.020481466512697246,32.3005,12.928434,2046
11509,r2i1p1f1,2046,07,06,0.0,32.93664,14.160127,2046
11510,r2i1p1f1,2046,07,07,0.06948536678324811,33.23578,15.419371,2046
11511,r2i1p1f1,2046,07,08,0.18139446407216242,33.314827,14.129019,2046
11512,r2i1p1f1,2046,07,09,0.0,33.262516,14.967412,2046
11513,r2i1p1f1,2046,07,10,0.11744546875259122,31.398272,13.175432,2046
11514,r2i1p1f1,2046,07,11,0.10531095000400316,29.804762,13.692834,2046
11515,r2i1p1f1,2046,07,12,0.11759909384308614,30.27939,14.122884,2046
11516,r2i1p1f1,2046,07,13,0.00909683128873859,29.624205,15.43925,2046
11517,r2i1p1f1,2046,07,14,4.790870097573274,30.715912,14.560439,2046
11518,r2i1p1f1,2046,07,15,11.08101834635398,30.207588,15.571096,2046
11519,r2i1p1f1,2046,07,16,0.36517803456053327,30.236523,14.366614,2046
11520,r2i1p1f1,2046,07,17,0.0,29.84959,13.699184,2046
11521,r2i1p1f1,2046,07,18,0.0,28.048618,10.64564,2046
11522,r2i1p1f1,2046,07,19,0.0,26.245659,10.603857,2046
11523,r2i1p1f1,2046,07,20,0.0,26.01117,9.096108,2046
11524,r2i1p1f1,2046,07,21,0.0,24.72853,8.352327,2046
11525,r2i1p1f1,2046,07,22,0.09995611354987397,25.92346,8.370227,2046
11526,r2i1p1f1,2046,07,23,0.0,28.014542,10.039766,2046
11527,r2i1p1f1,2046,07,24,0.0,31.200987,13.485635,2046
11528,r2i1p1f1,2046,07,25,0.0,31.152174,14.466907,2046
11529,r2i1p1f1,2046,07,26,0.0,30.581406,14.140004,2046
11530,r2i1p1f1,2046,07,27,0.0,30.973057,14.057874,2046
11531,r2i1p1f1,2046,07,28,0.0,31.790655,14.113428,2046
11532,r2i1p1f1,2046,07,29,0.07668653986631678,32.653137,16.869205,2046
11533,r2i1p1f1,2046,07,30,0.0,33.363743,15.249339,2046
11534,r2i1p1f1,2046,07,31,0.0,32.550095,14.007462,2046
11535,r2i1p1f1,2046,08,01,0.0,29.75035,12.361616,2046
11536,r2i1p1f1,2046,08,02,0.0,29.125406,11.550468,2046
11537,r2i1p1f1,2046,08,03,0.0,31.649052,13.609616,2046
11538,r2i1p1f1,2046,08,04,0.0,31.774345,13.362649,2046
11539,r2i1p1f1,2046,08,05,0.0,33.708458,14.336807,2046
11540,r2i1p1f1,2046,08,06,0.0,35.82077,16.837257,2046
11541,r2i1p1f1,2046,08,07,0.0,39.3221,18.892906,2046
11542,r2i1p1f1,2046,08,08,0.0,39.03116,20.348715,2046
11543,r2i1p1f1,2046,08,09,0.0024624021674613827,34.82706,17.496147,2046
11544,r2i1p1f1,2046,08,10,0.0,30.47834,13.247837,2046
11545,r2i1p1f1,2046,08,11,0.0,26.600332,9.658715,2046
11546,r2i1p1f1,2046,08,12,0.0,26.116781,10.218499,2046
11547,r2i1p1f1,2046,08,13,0.0,26.898722,10.354768,2046
11548,r2i1p1f1,2046,08,14,0.0,28.527832,10.696095,2046
11549,r2i1p1f1,2046,08,15,0.0,29.46463,11.4593115,2046
11550,r2i1p1f1,2046,08,16,0.0,29.006142,10.914837,2046
11551,r2i1p1f1,2046,08,17,0.0,27.892456,10.267379,2046
11552,r2i1p1f1,2046,08,18,0.0,27.584667,10.395523,2046
11553,r2i1p1f1,2046,08,19,0.0,28.623974,12.038096,2046
11554,r2i1p1f1,2046,08,20,0.0,29.857738,13.839205,2046
11555,r2i1p1f1,2046,08,21,0.0,30.517164,14.967705,2046
11556,r2i1p1f1,2046,08,22,0.0,30.768373,14.716839,2046
11557,r2i1p1f1,2046,08,23,0.0,31.260923,13.551863,2046
11558,r2i1p1f1,2046,08,24,0.0,32.970608,15.032881,2046
11559,r2i1p1f1,2046,08,25,0.0,34.256786,15.934899,2046
11560,r2i1p1f1,2046,08,26,0.0,34.424377,17.156647,2046
11561,r2i1p1f1,2046,08,27,0.0,34.02912,18.28103,2046
11562,r2i1p1f1,2046,08,28,0.0,35.086166,19.00725,2046
11563,r2i1p1f1,2046,08,29,0.0,36.39641,18.38906,2046
11564,r2i1p1f1,2046,08,30,0.0,33.00388,15.373269,2046
11565,r2i1p1f1,2046,08,31,0.0,32.767136,13.742466,2046
11566,r2i1p1f1,2046,09,01,0.0,30.867472,15.092321,2046
11567,r2i1p1f1,2046,09,02,0.0,30.824848,13.661641,2046
11568,r2i1p1f1,2046,09,03,0.0,29.630934,11.775397,2046
11569,r2i1p1f1,2046,09,04,0.0,30.184921,12.712603,2046
11570,r2i1p1f1,2046,09,05,0.0,31.712124,14.18293,2046
11571,r2i1p1f1,2046,09,06,0.0,32.253204,15.497,2046
11572,r2i1p1f1,2046,09,07,0.0,31.988985,15.787278,2046
11573,r2i1p1f1,2046,09,08,0.0,30.857773,13.120624,2046
11574,r2i1p1f1,2046,09,09,0.0,30.81049,12.079442,2046
11575,r2i1p1f1,2046,09,10,0.0,30.406338,12.480545,2046
11576,r2i1p1f1,2046,09,11,0.0,27.592148,10.571687,2046
11577,r2i1p1f1,2046,09,12,0.0,27.328428,10.430608,2046
11578,r2i1p1f1,2046,09,13,0.0,29.144405,11.20649,2046
11579,r2i1p1f1,2046,09,14,0.0,29.04516,11.347187,2046
11580,r2i1p1f1,2046,09,15,0.0,27.963602,10.782294,2046
11581,r2i1p1f1,2046,09,16,0.0,25.000546,7.951892,2046
11582,r2i1p1f1,2046,09,17,0.0,23.38739,7.4713206,2046
11583,r2i1p1f1,2046,09,18,0.0,26.34119,8.7954,2046
11584,r2i1p1f1,2046,09,19,0.005974084622441576,27.611021,10.782568,2046
11585,r2i1p1f1,2046,09,20,1.533695651858999,21.27557,6.5616407,2046
11586,r2i1p1f1,2046,09,21,0.0,21.683165,5.0253286,2046
11587,r2i1p1f1,2046,09,22,0.0,26.29762,9.813479,2046
11588,r2i1p1f1,2046,09,23,0.0,30.496403,12.755263,2046
11589,r2i1p1f1,2046,09,24,0.0,30.739176,12.826969,2046
11590,r2i1p1f1,2046,09,25,0.0,31.152706,13.425603,2046
11591,r2i1p1f1,2046,09,26,0.0,31.935177,15.201062,2046
11592,r2i1p1f1,2046,09,27,0.0,27.789825,10.411513,2046
11593,r2i1p1f1,2046,09,28,0.0,23.136532,6.6157885,2046
11594,r2i1p1f1,2046,09,29,0.0,23.196354,7.2013016,2046
11595,r2i1p1f1,2046,09,30,0.0,24.98934,7.082712,2046
11596,r2i1p1f1,2046,10,01,0.0,23.130812,7.252501,2046
11597,r2i1p1f1,2046,10,02,0.0,23.670765,6.3063736,2046
11598,r2i1p1f1,2046,10,03,0.0,22.16975,7.58469,2046
11599,r2i1p1f1,2046,10,04,0.2295168328740916,19.351631,6.8401146,2046
11600,r2i1p1f1,2046,10,05,0.3088210013699539,18.628374,5.1931653,2046
11601,r2i1p1f1,2046,10,06,0.0,25.877798,7.5733423,2046
11602,r2i1p1f1,2046,10,07,0.0,25.892916,9.415235,2046
11603,r2i1p1f1,2046,10,08,0.0,22.206255,7.587318,2046
11604,r2i1p1f1,2046,10,09,0.0,20.401773,3.7113044,2046
11605,r2i1p1f1,2046,10,10,0.0,17.763762,3.4792633,2046
11606,r2i1p1f1,2046,10,11,0.0,21.35732,2.950169,2046
11607,r2i1p1f1,2046,10,12,0.0,23.653053,6.067081,2046
11608,r2i1p1f1,2046,10,13,0.0,23.707937,7.511401,2046
11609,r2i1p1f1,2046,10,14,0.0,23.878542,8.005032,2046
11610,r2i1p1f1,2046,10,15,0.0,22.132809,7.2016115,2046
11611,r2i1p1f1,2046,10,16,0.0,22.974375,5.9610753,2046
11612,r2i1p1f1,2046,10,17,0.0,21.6588,5.7227125,2046
11613,r2i1p1f1,2046,10,18,0.0,22.152863,5.908337,2046
11614,r2i1p1f1,2046,10,19,0.0,21.753933,6.1419516,2046
11615,r2i1p1f1,2046,10,20,4.404086373296405,11.273867,-0.14701755,2046
11616,r2i1p1f1,2046,10,21,2.339608663735887,15.654914,2.9106884,2046
11617,r2i1p1f1,2046,10,22,0.0,20.786505,6.2404804,2046
11618,r2i1p1f1,2046,10,23,0.0,26.130405,9.02092,2046
11619,r2i1p1f1,2046,10,24,0.0,27.108208,11.292383,2046
11620,r2i1p1f1,2046,10,25,29.638320431919194,20.841337,9.294568,2046
11621,r2i1p1f1,2046,10,26,13.423020158293534,17.541739,9.331875,2046
11622,r2i1p1f1,2046,10,27,0.0,20.084444,6.0484905,2046
11623,r2i1p1f1,2046,10,28,0.0,21.581861,7.3898683,2046
11624,r2i1p1f1,2046,10,29,0.0,22.039135,8.731399,2046
11625,r2i1p1f1,2046,10,30,0.0,21.844767,7.8304152,2046
11626,r2i1p1f1,2046,10,31,0.0,19.809004,5.343734,2046
11627,r2i1p1f1,2046,11,01,0.0,21.417496,4.194822,2046
11628,r2i1p1f1,2046,11,02,0.0,20.556528,6.1163797,2046
11629,r2i1p1f1,2046,11,03,0.0,17.853443,5.34965,2046
11630,r2i1p1f1,2046,11,04,0.0,19.835087,5.6658854,2046
11631,r2i1p1f1,2046,11,05,0.0,20.815878,5.8194504,2046
11632,r2i1p1f1,2046,11,06,0.0,20.035927,5.956554,2046
11633,r2i1p1f1,2046,11,07,0.0,12.482295,2.1089568,2046
11634,r2i1p1f1,2046,11,08,0.0,10.161055,-1.651412,2046
11635,r2i1p1f1,2046,11,09,0.0,11.9276,-1.7247379,2046
11636,r2i1p1f1,2046,11,10,43.947020884997286,3.1460543,-2.1836598,2046
11637,r2i1p1f1,2046,11,11,0.0,3.8772748,-7.9297633,2046
11638,r2i1p1f1,2046,11,12,0.0,4.9851904,-6.937824,2046
11639,r2i1p1f1,2046,11,13,0.27497174876491326,5.997444,-4.3062835,2046
11640,r2i1p1f1,2046,11,14,0.0,6.7341933,-6.3782973,2046
11641,r2i1p1f1,2046,11,15,0.0,12.799068,-3.0965235,2046
11642,r2i1p1f1,2046,11,16,0.0,13.727629,-4.367585,2046
11643,r2i1p1f1,2046,11,17,0.0,13.321685,-0.70765156,2046
11644,r2i1p1f1,2046,11,18,0.0,14.17833,0.034844425,2046
11645,r2i1p1f1,2046,11,19,0.0,14.425068,-0.39743668,2046
11646,r2i1p1f1,2046,11,20,0.0,13.670581,0.80973876,2046
11647,r2i1p1f1,2046,11,21,9.518849028245313,12.8918085,0.82396376,2046
11648,r2i1p1f1,2046,11,22,4.52753707017669,11.918884,7.5914855,2046
11649,r2i1p1f1,2046,11,23,0.12640024572717196,15.787031,3.5281622,2046
11650,r2i1p1f1,2046,11,24,0.0,16.832872,2.0561802,2046
11651,r2i1p1f1,2046,11,25,63.20312905859632,10.669149,5.70228,2046
11652,r2i1p1f1,2046,11,26,71.54090338780617,9.123506,3.5042818,2046
11653,r2i1p1f1,2046,11,27,30.35226718258435,11.306757,0.83298415,2046
11654,r2i1p1f1,2046,11,28,50.747100588677526,10.663489,3.184094,2046
11655,r2i1p1f1,2046,11,29,14.240704336911081,10.420014,3.5991583,2046
11656,r2i1p1f1,2046,11,30,45.79863643202071,11.238623,-0.14392422,2046
11657,r2i1p1f1,2046,12,01,15.513437661194565,3.9446778,-0.42572913,2046
11658,r2i1p1f1,2046,12,02,26.190504026173866,7.765596,-0.9521033,2046
11659,r2i1p1f1,2046,12,03,7.9933758517234725,6.580117,-0.5330747,2046
11660,r2i1p1f1,2046,12,04,0.00646273421387797,4.5977564,-4.4027576,2046
11661,r2i1p1f1,2046,12,05,6.356249741013296,3.3238673,-1.3771452,2046
11662,r2i1p1f1,2046,12,06,8.276401785224152,3.4539905,-1.0181234,2046
11663,r2i1p1f1,2046,12,07,6.285270199497552,3.1127872,-2.3111854,2046
11664,r2i1p1f1,2046,12,08,0.0,3.697677,-6.353724,2046
11665,r2i1p1f1,2046,12,09,24.193563601091647,1.5988696,-9.129902,2046
11666,r2i1p1f1,2046,12,10,61.47265969081603,2.0730226,-3.0749366,2046
11667,r2i1p1f1,2046,12,11,1.3110181016984894,4.826964,-4.6872644,2046
11668,r2i1p1f1,2046,12,12,0.0,7.92475,-3.424873,2046
11669,r2i1p1f1,2046,12,13,0.0,6.900558,1.6496618,2046
11670,r2i1p1f1,2046,12,14,0.0,8.811595,-2.3090923,2046
11671,r2i1p1f1,2046,12,15,0.0,11.182934,-2.1053436,2046
11672,r2i1p1f1,2046,12,16,0.0,9.338113,-2.6672828,2046
11673,r2i1p1f1,2046,12,17,0.0,8.176152,-3.836488,2046
11674,r2i1p1f1,2046,12,18,0.0,9.669492,-2.5430694,2046
11675,r2i1p1f1,2046,12,19,0.0,14.427379,0.22554271,2046
11676,r2i1p1f1,2046,12,20,0.0,14.446187,1.0447328,2046
11677,r2i1p1f1,2046,12,21,0.0,11.541618,0.2763357,2046
11678,r2i1p1f1,2046,12,22,0.0,9.328038,2.342082,2046
11679,r2i1p1f1,2046,12,23,0.0,14.135146,1.56781,2046
11680,r2i1p1f1,2046,12,24,0.0,14.654488,2.6131842,2046
11681,r2i1p1f1,2046,12,25,0.0,14.281137,3.309657,2046
11682,r2i1p1f1,2046,12,26,0.0,11.027203,0.9871111,2046
11683,r2i1p1f1,2046,12,27,15.65826859329648,2.8148456,-1.621679,2046
11684,r2i1p1f1,2046,12,28,3.3845123165869713,3.7544386,-2.8382118,2046
11685,r2i1p1f1,2046,12,29,40.96723960694642,5.5167794,0.29722184,2046
11686,r2i1p1f1,2046,12,30,0.0,4.3360934,-1.353745,2046
11687,r2i1p1f1,2046,12,31,0.19772823344772825,4.671787,-0.7371689,2046
11688,r2i1p1f1,2047,01,01,0.0,5.351694,-1.9663534,2047
11689,r2i1p1f1,2047,01,02,26.17627869028813,0.7391593,-3.2236738,2047
11690,r2i1p1f1,2047,01,03,42.64796372735873,1.8734338,-2.207118,2047
11691,r2i1p1f1,2047,01,04,14.705867736931676,4.181666,-4.7814198,2047
11692,r2i1p1f1,2047,01,05,115.96405685189754,8.369141,0.08598122,2047
11693,r2i1p1f1,2047,01,06,107.570211084273,9.270356,-0.6009868,2047
11694,r2i1p1f1,2047,01,07,0.0,9.155264,3.3348503,2047
11695,r2i1p1f1,2047,01,08,0.0,7.8230247,-1.2433957,2047
11696,r2i1p1f1,2047,01,09,0.0,5.818624,0.7311504,2047
11697,r2i1p1f1,2047,01,10,0.0,6.3031344,-3.4442012,2047
11698,r2i1p1f1,2047,01,11,2.8378366849070655,3.053841,-2.5437493,2047
11699,r2i1p1f1,2047,01,12,30.170844283510142,3.663996,-0.8540527,2047
11700,r2i1p1f1,2047,01,13,24.863899416343955,7.6832895,-0.10835853,2047
11701,r2i1p1f1,2047,01,14,0.0896881477973903,6.377238,-0.072321475,2047
11702,r2i1p1f1,2047,01,15,0.0,12.581473,0.7924977,2047
11703,r2i1p1f1,2047,01,16,0.0,6.9789443,-3.193791,2047
11704,r2i1p1f1,2047,01,17,0.43943757673332584,2.5249908,-5.064929,2047
11705,r2i1p1f1,2047,01,18,76.17721951638276,2.2090154,-2.3150728,2047
11706,r2i1p1f1,2047,01,19,43.654016751007966,3.2661865,-4.1742606,2047
11707,r2i1p1f1,2047,01,20,51.725845760665834,7.05742,-1.640549,2047
11708,r2i1p1f1,2047,01,21,45.872111993734364,7.757257,1.1667199,2047
11709,r2i1p1f1,2047,01,22,4.14200903559014,3.4540968,-0.5088422,2047
11710,r2i1p1f1,2047,01,23,0.0,7.030471,-2.1332653,2047
11711,r2i1p1f1,2047,01,24,0.0,9.960713,-2.2349825,2047
11712,r2i1p1f1,2047,01,25,0.0,7.51806,-2.0331624,2047
11713,r2i1p1f1,2047,01,26,0.0,10.762621,0.8724992,2047
11714,r2i1p1f1,2047,01,27,0.0,15.787447,2.3268483,2047
11715,r2i1p1f1,2047,01,28,0.0,16.67711,2.9120574,2047
11716,r2i1p1f1,2047,01,29,0.6606471396270746,13.685528,5.8814197,2047
11717,r2i1p1f1,2047,01,30,18.504452574416064,10.383038,4.1829453,2047
11718,r2i1p1f1,2047,01,31,0.009291798050981015,12.93646,-0.516738,2047
11719,r2i1p1f1,2047,02,01,23.513060621917248,5.0968447,0.8232193,2047
11720,r2i1p1f1,2047,02,02,0.21445058146652557,5.121062,-0.3302487,2047
11721,r2i1p1f1,2047,02,03,4.261753310312927,3.474913,-1.2745409,2047
11722,r2i1p1f1,2047,02,04,0.38027669329144725,6.4454875,0.20735218,2047
11723,r2i1p1f1,2047,02,05,0.013051315349562524,7.0873795,2.3372126,2047
11724,r2i1p1f1,2047,02,06,9.42118202768912,5.2790294,-0.088267304,2047
11725,r2i1p1f1,2047,02,07,61.661888881980516,10.39493,-0.7336392,2047
11726,r2i1p1f1,2047,02,08,3.817667224197626,3.235169,-2.5944786,2047
11727,r2i1p1f1,2047,02,09,39.282083438369085,5.8252573,-3.2180643,2047
11728,r2i1p1f1,2047,02,10,24.617244482774716,2.082472,-2.7033954,2047
11729,r2i1p1f1,2047,02,11,0.0,4.253921,-2.304035,2047
11730,r2i1p1f1,2047,02,12,8.789999840575128,2.5884078,-3.4797492,2047
11731,r2i1p1f1,2047,02,13,5.216857898631133,3.8152082,-0.89552355,2047
11732,r2i1p1f1,2047,02,14,2.5136238755504356,3.143741,-3.249585,2047
11733,r2i1p1f1,2047,02,15,4.981128190019472,3.6134124,-1.8962097,2047
11734,r2i1p1f1,2047,02,16,3.4615461593393073,4.1033535,-1.1676006,2047
11735,r2i1p1f1,2047,02,17,0.2057754992095467,4.177607,-1.2338784,2047
11736,r2i1p1f1,2047,02,18,0.3125456991396137,1.750423,-2.9060686,2047
11737,r2i1p1f1,2047,02,19,0.0,8.8378315,0.45120642,2047
11738,r2i1p1f1,2047,02,20,0.0,18.088432,1.4388274,2047
11739,r2i1p1f1,2047,02,21,0.0,19.26872,3.18524,2047
11740,r2i1p1f1,2047,02,22,0.0,15.691326,2.5143025,2047
11741,r2i1p1f1,2047,02,23,0.30312516419843843,4.875444,-0.15852855,2047
11742,r2i1p1f1,2047,02,24,0.39764509716545804,5.059077,-4.084338,2047
11743,r2i1p1f1,2047,02,25,0.08467978058818587,3.6076148,-2.058934,2047
11744,r2i1p1f1,2047,02,26,0.0,8.0616865,-4.3635473,2047
11745,r2i1p1f1,2047,02,27,0.0,15.359649,-0.22630154,2047
11746,r2i1p1f1,2047,02,28,0.0,17.227884,2.5670266,2047
11747,r2i1p1f1,2047,03,01,0.0,20.571524,4.015916,2047
11748,r2i1p1f1,2047,03,02,0.0,20.485756,5.839267,2047
11749,r2i1p1f1,2047,03,03,0.0,21.761574,5.0958376,2047
11750,r2i1p1f1,2047,03,04,0.0,20.492447,4.883835,2047
11751,r2i1p1f1,2047,03,05,6.375706913268704,10.471248,-0.617343,2047
11752,r2i1p1f1,2047,03,06,0.00949020341942322,9.761133,-2.5318453,2047
11753,r2i1p1f1,2047,03,07,0.0024827003261844558,12.349778,2.9563496,2047
11754,r2i1p1f1,2047,03,08,0.0,14.859561,3.4671657,2047
11755,r2i1p1f1,2047,03,09,0.0,18.651375,3.5588417,2047
11756,r2i1p1f1,2047,03,10,0.0,18.496794,3.4754612,2047
11757,r2i1p1f1,2047,03,11,4.189329855748488,14.979434,0.07059,2047
11758,r2i1p1f1,2047,03,12,66.25176796134419,9.182051,1.4455404,2047
11759,r2i1p1f1,2047,03,13,74.56743398529048,9.132952,0.79435575,2047
11760,r2i1p1f1,2047,03,14,20.86738288176443,8.506775,2.3848903,2047
11761,r2i1p1f1,2047,03,15,5.1731091120158315,9.682357,2.0317197,2047
11762,r2i1p1f1,2047,03,16,0.0,16.747595,0.10627238,2047
11763,r2i1p1f1,2047,03,17,0.0,17.741276,2.2261145,2047
11764,r2i1p1f1,2047,03,18,0.0,17.997528,3.0277202,2047
11765,r2i1p1f1,2047,03,19,0.0,18.24016,4.366964,2047
11766,r2i1p1f1,2047,03,20,0.0,18.9621,4.2393765,2047
11767,r2i1p1f1,2047,03,21,8.97665265413777,12.828115,-1.7224683,2047
11768,r2i1p1f1,2047,03,22,5.609500492251895,9.745907,-5.3484116,2047
11769,r2i1p1f1,2047,03,23,5.443677487136693,7.548973,-0.17312211,2047
11770,r2i1p1f1,2047,03,24,5.292653914931669,10.10939,-3.0026336,2047
11771,r2i1p1f1,2047,03,25,3.533041375976609,9.990781,-0.12784185,2047
11772,r2i1p1f1,2047,03,26,1.356910976720918,11.369378,-1.1084653,2047
11773,r2i1p1f1,2047,03,27,0.0,16.50833,-0.19456775,2047
11774,r2i1p1f1,2047,03,28,0.0,18.210852,2.7004695,2047
11775,r2i1p1f1,2047,03,29,0.0,19.211094,3.7845147,2047
11776,r2i1p1f1,2047,03,30,0.0,22.429281,3.673761,2047
11777,r2i1p1f1,2047,03,31,0.0,21.551325,4.666987,2047
11778,r2i1p1f1,2047,04,01,0.0,18.980616,4.458601,2047
11779,r2i1p1f1,2047,04,02,19.97003303661656,9.565698,-1.4646184,2047
11780,r2i1p1f1,2047,04,03,0.25059201842011064,14.556228,1.0717089,2047
11781,r2i1p1f1,2047,04,04,0.0,11.861241,4.3480406,2047
11782,r2i1p1f1,2047,04,05,33.23752198484726,8.922353,-1.8760568,2047
11783,r2i1p1f1,2047,04,06,55.88531323771279,5.3695874,-1.1854986,2047
11784,r2i1p1f1,2047,04,07,22.373842354192256,4.872154,-1.4216759,2047
11785,r2i1p1f1,2047,04,08,0.0,11.887603,-1.8756326,2047
11786,r2i1p1f1,2047,04,09,0.0,16.040497,-0.5459172,2047
11787,r2i1p1f1,2047,04,10,1.0632399836909967,13.954019,-0.7391782,2047
11788,r2i1p1f1,2047,04,11,7.940516151071419,10.464763,5.6629624,2047
11789,r2i1p1f1,2047,04,12,12.169649953340503,9.00764,2.6510487,2047
11790,r2i1p1f1,2047,04,13,9.873202256410597,7.8467846,1.4460593,2047
11791,r2i1p1f1,2047,04,14,7.419903687836127,8.098709,-3.082751,2047
11792,r2i1p1f1,2047,04,15,1.367780950190186,10.046505,0.9621584,2047
11793,r2i1p1f1,2047,04,16,0.0,15.93738,-0.009184324,2047
11794,r2i1p1f1,2047,04,17,0.0,15.680513,-0.41947085,2047
11795,r2i1p1f1,2047,04,18,6.2992789319441025,10.680879,-4.828275,2047
11796,r2i1p1f1,2047,04,19,13.422641088926376,8.334885,3.6509423,2047
11797,r2i1p1f1,2047,04,20,22.210373100320933,7.4805984,3.0793746,2047
11798,r2i1p1f1,2047,04,21,0.0,14.409068,0.9081113,2047
11799,r2i1p1f1,2047,04,22,0.0,15.733134,2.3110836,2047
11800,r2i1p1f1,2047,04,23,0.0,16.709791,3.459353,2047
11801,r2i1p1f1,2047,04,24,0.0,21.107817,4.28965,2047
11802,r2i1p1f1,2047,04,25,0.0,23.21123,7.5757046,2047
11803,r2i1p1f1,2047,04,26,0.0,24.490034,7.8797708,2047
11804,r2i1p1f1,2047,04,27,0.0,18.307905,1.604233,2047
11805,r2i1p1f1,2047,04,28,0.0,17.54926,1.7206045,2047
11806,r2i1p1f1,2047,04,29,0.0,20.591185,3.9139583,2047
11807,r2i1p1f1,2047,04,30,0.0,22.364786,6.1802726,2047
11808,r2i1p1f1,2047,05,01,0.0,23.212582,6.9463844,2047
11809,r2i1p1f1,2047,05,02,0.0,23.74579,8.083064,2047
11810,r2i1p1f1,2047,05,03,0.0,24.609354,9.147599,2047
11811,r2i1p1f1,2047,05,04,0.0,26.667896,10.766914,2047
11812,r2i1p1f1,2047,05,05,0.0,25.625048,9.847869,2047
11813,r2i1p1f1,2047,05,06,0.0,21.168133,4.799906,2047
11814,r2i1p1f1,2047,05,07,0.0,22.536112,5.809482,2047
11815,r2i1p1f1,2047,05,08,0.0,24.748056,6.6157703,2047
11816,r2i1p1f1,2047,05,09,0.0,26.167719,8.816295,2047
11817,r2i1p1f1,2047,05,10,0.0,25.761314,8.623708,2047
11818,r2i1p1f1,2047,05,11,0.0,20.920187,5.04498,2047
11819,r2i1p1f1,2047,05,12,1.404193422786193,11.002574,0.16268754,2047
11820,r2i1p1f1,2047,05,13,0.04998757201694669,13.187419,-1.0422248,2047
11821,r2i1p1f1,2047,05,14,0.0,15.1054,0.4208741,2047
11822,r2i1p1f1,2047,05,15,0.0,19.679766,4.5986733,2047
11823,r2i1p1f1,2047,05,16,0.0,23.826815,5.7558265,2047
11824,r2i1p1f1,2047,05,17,0.7742628455441893,21.303741,4.340968,2047
11825,r2i1p1f1,2047,05,18,0.008653951275706416,22.846083,3.8386774,2047
11826,r2i1p1f1,2047,05,19,6.000804843251199,21.564201,3.3697383,2047
11827,r2i1p1f1,2047,05,20,5.325730225852637,13.968572,4.687037,2047
11828,r2i1p1f1,2047,05,21,3.8910499189324375,16.83708,4.04322,2047
11829,r2i1p1f1,2047,05,22,0.13532046239980935,22.491251,4.845981,2047
11830,r2i1p1f1,2047,05,23,0.0,28.554483,11.592802,2047
11831,r2i1p1f1,2047,05,24,0.0,28.170683,11.154012,2047
11832,r2i1p1f1,2047,05,25,0.0,26.327442,9.151915,2047
11833,r2i1p1f1,2047,05,26,0.01046928824297748,25.870314,9.410086,2047
11834,r2i1p1f1,2047,05,27,0.0,27.735434,11.173891,2047
11835,r2i1p1f1,2047,05,28,0.0,27.783651,11.109819,2047
11836,r2i1p1f1,2047,05,29,0.0,26.56663,10.212148,2047
11837,r2i1p1f1,2047,05,30,0.0,24.238253,7.734171,2047
11838,r2i1p1f1,2047,05,31,0.0,21.899084,6.2267423,2047
11839,r2i1p1f1,2047,06,01,0.0,25.327797,6.859824,2047
11840,r2i1p1f1,2047,06,02,0.0,25.678255,6.990996,2047
11841,r2i1p1f1,2047,06,03,0.0,24.672026,6.8553367,2047
11842,r2i1p1f1,2047,06,04,0.0,25.88007,6.934015,2047
11843,r2i1p1f1,2047,06,05,0.14903805209681964,26.70693,8.611684,2047
11844,r2i1p1f1,2047,06,06,0.3124628718698939,26.970034,9.786482,2047
11845,r2i1p1f1,2047,06,07,1.1695895751612484,22.727182,5.977572,2047
11846,r2i1p1f1,2047,06,08,0.0,22.387066,5.7461233,2047
11847,r2i1p1f1,2047,06,09,0.0,23.38772,5.5961156,2047
11848,r2i1p1f1,2047,06,10,0.0,25.166613,7.574664,2047
11849,r2i1p1f1,2047,06,11,0.0,25.389582,7.8515453,2047
11850,r2i1p1f1,2047,06,12,0.0,27.432198,8.856626,2047
11851,r2i1p1f1,2047,06,13,0.9996811728902125,28.618248,11.136008,2047
11852,r2i1p1f1,2047,06,14,0.0,27.494667,9.844932,2047
11853,r2i1p1f1,2047,06,15,0.0,27.121674,9.357461,2047
11854,r2i1p1f1,2047,06,16,0.0,26.22516,8.963426,2047
11855,r2i1p1f1,2047,06,17,0.0,27.017315,9.444446,2047
11856,r2i1p1f1,2047,06,18,0.0,25.767412,8.199937,2047
11857,r2i1p1f1,2047,06,19,0.0,22.564219,6.515223,2047
11858,r2i1p1f1,2047,06,20,0.0,18.918642,2.527863,2047
11859,r2i1p1f1,2047,06,21,0.0,18.631992,2.2941692,2047
11860,r2i1p1f1,2047,06,22,0.0,22.483038,4.3476744,2047
11861,r2i1p1f1,2047,06,23,0.0,31.112255,11.262139,2047
11862,r2i1p1f1,2047,06,24,0.0,30.975113,13.223176,2047
11863,r2i1p1f1,2047,06,25,0.0,30.978285,14.452012,2047
11864,r2i1p1f1,2047,06,26,0.0,31.429989,14.31394,2047
11865,r2i1p1f1,2047,06,27,0.0,30.957882,13.153821,2047
11866,r2i1p1f1,2047,06,28,0.0,31.078491,11.855194,2047
11867,r2i1p1f1,2047,06,29,0.0,27.794775,11.434595,2047
11868,r2i1p1f1,2047,06,30,0.0,30.89293,11.782863,2047
11869,r2i1p1f1,2047,07,01,0.0,31.214628,12.201415,2047
11870,r2i1p1f1,2047,07,02,0.0,29.655539,11.509477,2047
11871,r2i1p1f1,2047,07,03,0.0,29.6581,11.007102,2047
11872,r2i1p1f1,2047,07,04,0.0,31.447535,12.005176,2047
11873,r2i1p1f1,2047,07,05,0.0,30.286993,12.5851145,2047
11874,r2i1p1f1,2047,07,06,0.0,27.942808,10.481384,2047
11875,r2i1p1f1,2047,07,07,0.0,27.092793,8.568499,2047
11876,r2i1p1f1,2047,07,08,0.0,27.219889,10.784732,2047
11877,r2i1p1f1,2047,07,09,0.0,33.010315,12.819062,2047
11878,r2i1p1f1,2047,07,10,0.0,34.046574,15.464907,2047
11879,r2i1p1f1,2047,07,11,0.0,33.331326,14.081308,2047
11880,r2i1p1f1,2047,07,12,0.0,29.949858,13.215505,2047
11881,r2i1p1f1,2047,07,13,0.0,29.46252,11.56603,2047
11882,r2i1p1f1,2047,07,14,0.0,27.520498,10.333843,2047
11883,r2i1p1f1,2047,07,15,0.0,25.865072,9.860688,2047
11884,r2i1p1f1,2047,07,16,0.0,30.162535,11.614903,2047
11885,r2i1p1f1,2047,07,17,0.0,31.783731,13.969524,2047
11886,r2i1p1f1,2047,07,18,0.0,33.08353,14.741506,2047
11887,r2i1p1f1,2047,07,19,0.0,33.671513,15.21376,2047
11888,r2i1p1f1,2047,07,20,0.0,33.479774,16.61462,2047
11889,r2i1p1f1,2047,07,21,0.0,32.610214,14.366136,2047
11890,r2i1p1f1,2047,07,22,0.0,32.04925,14.445062,2047
11891,r2i1p1f1,2047,07,23,0.0,32.319553,14.747835,2047
11892,r2i1p1f1,2047,07,24,0.0,31.786509,14.1823435,2047
11893,r2i1p1f1,2047,07,25,0.0,30.692411,14.011035,2047
11894,r2i1p1f1,2047,07,26,0.0,30.633959,13.868628,2047
11895,r2i1p1f1,2047,07,27,0.0,30.851532,13.76282,2047
11896,r2i1p1f1,2047,07,28,0.24205094481518385,30.658936,13.577114,2047
11897,r2i1p1f1,2047,07,29,0.0,30.47458,13.73034,2047
11898,r2i1p1f1,2047,07,30,0.0,30.646704,14.417327,2047
11899,r2i1p1f1,2047,07,31,0.0,30.379557,13.213645,2047
11900,r2i1p1f1,2047,08,01,0.0,29.583622,12.284644,2047
11901,r2i1p1f1,2047,08,02,0.0,29.736856,13.2501,2047
11902,r2i1p1f1,2047,08,03,0.0,30.635693,13.028676,2047
11903,r2i1p1f1,2047,08,04,0.0,31.97526,14.098082,2047
11904,r2i1p1f1,2047,08,05,0.0,32.796307,14.965122,2047
11905,r2i1p1f1,2047,08,06,0.0,31.841784,15.234649,2047
11906,r2i1p1f1,2047,08,07,0.0,31.2012,14.057537,2047
11907,r2i1p1f1,2047,08,08,0.0,30.953838,14.772437,2047
11908,r2i1p1f1,2047,08,09,0.0,30.286114,13.996333,2047
11909,r2i1p1f1,2047,08,10,0.0,29.535517,13.2894945,2047
11910,r2i1p1f1,2047,08,11,0.0,26.49684,10.311364,2047
11911,r2i1p1f1,2047,08,12,0.0,24.28761,8.687568,2047
11912,r2i1p1f1,2047,08,13,0.0,24.30984,7.4385595,2047
11913,r2i1p1f1,2047,08,14,0.0,26.353966,8.298879,2047
11914,r2i1p1f1,2047,08,15,0.0,28.492626,11.057153,2047
11915,r2i1p1f1,2047,08,16,0.0,29.51209,12.010115,2047
11916,r2i1p1f1,2047,08,17,0.0,30.071808,12.8124,2047
11917,r2i1p1f1,2047,08,18,0.0,30.584326,13.609309,2047
11918,r2i1p1f1,2047,08,19,0.0,30.596373,13.924114,2047
11919,r2i1p1f1,2047,08,20,0.0,30.562578,13.774646,2047
11920,r2i1p1f1,2047,08,21,0.0,26.957907,11.233171,2047
11921,r2i1p1f1,2047,08,22,0.0,25.652637,9.982575,2047
11922,r2i1p1f1,2047,08,23,0.0,28.784761,11.700438,2047
11923,r2i1p1f1,2047,08,24,0.0,30.410635,12.8746395,2047
11924,r2i1p1f1,2047,08,25,0.0,30.615122,13.201929,2047
11925,r2i1p1f1,2047,08,26,0.0,31.399096,14.180925,2047
11926,r2i1p1f1,2047,08,27,0.0,31.832682,14.913577,2047
11927,r2i1p1f1,2047,08,28,0.0,31.729511,13.695208,2047
11928,r2i1p1f1,2047,08,29,0.0,30.24148,13.056514,2047
11929,r2i1p1f1,2047,08,30,0.0,28.951513,11.403801,2047
11930,r2i1p1f1,2047,08,31,0.0,28.986732,11.383748,2047
11931,r2i1p1f1,2047,09,01,0.0,29.465248,14.84996,2047
11932,r2i1p1f1,2047,09,02,0.0,31.450718,15.162112,2047
11933,r2i1p1f1,2047,09,03,0.18182242294222725,32.50157,16.174639,2047
11934,r2i1p1f1,2047,09,04,0.07240636005008128,32.62504,16.816889,2047
11935,r2i1p1f1,2047,09,05,0.0,31.197447,14.384271,2047
11936,r2i1p1f1,2047,09,06,0.0,30.810318,14.716027,2047
11937,r2i1p1f1,2047,09,07,0.0,30.412739,13.28269,2047
11938,r2i1p1f1,2047,09,08,0.0,31.729078,14.24893,2047
11939,r2i1p1f1,2047,09,09,0.0,31.925684,15.764838,2047
11940,r2i1p1f1,2047,09,10,0.0,32.44439,14.215842,2047
11941,r2i1p1f1,2047,09,11,0.0,32.24632,13.743931,2047
11942,r2i1p1f1,2047,09,12,0.0,29.853643,11.343504,2047
11943,r2i1p1f1,2047,09,13,0.0,29.14894,12.617163,2047
11944,r2i1p1f1,2047,09,14,0.0,30.192377,12.275354,2047
11945,r2i1p1f1,2047,09,15,0.0,30.275848,12.268007,2047
11946,r2i1p1f1,2047,09,16,0.0,28.670385,12.747603,2047
11947,r2i1p1f1,2047,09,17,0.0,26.891651,10.6879635,2047
11948,r2i1p1f1,2047,09,18,0.0,26.585035,10.165704,2047
11949,r2i1p1f1,2047,09,19,0.0,25.944834,9.587512,2047
11950,r2i1p1f1,2047,09,20,0.0,25.810219,8.918459,2047
11951,r2i1p1f1,2047,09,21,0.0,25.06049,7.878889,2047
11952,r2i1p1f1,2047,09,22,0.0,25.409283,9.215212,2047
11953,r2i1p1f1,2047,09,23,0.0,28.22117,10.086756,2047
11954,r2i1p1f1,2047,09,24,0.0,29.93817,11.908683,2047
11955,r2i1p1f1,2047,09,25,0.0,32.49903,14.823015,2047
11956,r2i1p1f1,2047,09,26,0.0,32.769806,17.179867,2047
11957,r2i1p1f1,2047,09,27,0.0,31.237988,16.817984,2047
11958,r2i1p1f1,2047,09,28,0.0,33.17384,16.636967,2047
11959,r2i1p1f1,2047,09,29,0.0,32.95754,15.483721,2047
11960,r2i1p1f1,2047,09,30,0.0,30.64614,13.654827,2047
11961,r2i1p1f1,2047,10,01,0.0,29.491894,12.358582,2047
11962,r2i1p1f1,2047,10,02,0.0,28.343693,11.295047,2047
11963,r2i1p1f1,2047,10,03,0.0,29.1056,11.400087,2047
11964,r2i1p1f1,2047,10,04,0.0,29.609854,12.6314945,2047
11965,r2i1p1f1,2047,10,05,0.0,27.91105,12.340504,2047
11966,r2i1p1f1,2047,10,06,0.0,28.410347,10.282374,2047
11967,r2i1p1f1,2047,10,07,0.0,26.738432,11.068184,2047
11968,r2i1p1f1,2047,10,08,0.0,26.771059,11.440493,2047
11969,r2i1p1f1,2047,10,09,0.0,32.17457,13.541519,2047
11970,r2i1p1f1,2047,10,10,0.0,31.50395,15.400701,2047
11971,r2i1p1f1,2047,10,11,0.0,33.26088,14.35071,2047
11972,r2i1p1f1,2047,10,12,0.0,34.033493,14.302541,2047
11973,r2i1p1f1,2047,10,13,0.0,34.420296,14.538094,2047
11974,r2i1p1f1,2047,10,14,0.0,32.890568,15.240169,2047
11975,r2i1p1f1,2047,10,15,4.458857235786477,27.558737,12.598317,2047
11976,r2i1p1f1,2047,10,16,0.0,21.002573,6.8106027,2047
11977,r2i1p1f1,2047,10,17,0.0486536451437412,19.24943,6.3324676,2047
11978,r2i1p1f1,2047,10,18,0.020709556030431904,17.909428,5.49523,2047
11979,r2i1p1f1,2047,10,19,0.0,19.087955,6.187157,2047
11980,r2i1p1f1,2047,10,20,0.013148476920412997,17.74008,4.768445,2047
11981,r2i1p1f1,2047,10,21,0.0011789724829633576,15.829763,1.8901484,2047
11982,r2i1p1f1,2047,10,22,0.0,18.552856,1.8605069,2047
11983,r2i1p1f1,2047,10,23,0.0,23.064756,9.325896,2047
11984,r2i1p1f1,2047,10,24,2.6428200823899646,23.226904,8.773223,2047
11985,r2i1p1f1,2047,10,25,0.5092585268497575,13.917288,0.67404526,2047
11986,r2i1p1f1,2047,10,26,5.0097736593110875,12.16761,-0.4679844,2047
11987,r2i1p1f1,2047,10,27,0.36728382169363055,11.040352,-1.2405005,2047
11988,r2i1p1f1,2047,10,28,0.0,12.670141,-1.1879003,2047
11989,r2i1p1f1,2047,10,29,0.0,14.177199,-1.1651629,2047
11990,r2i1p1f1,2047,10,30,0.0,16.75303,1.0546917,2047
11991,r2i1p1f1,2047,10,31,0.0,17.687933,1.119741,2047
11992,r2i1p1f1,2047,11,01,0.0,17.404821,3.296213,2047
11993,r2i1p1f1,2047,11,02,0.0,17.94421,1.7816236,2047
11994,r2i1p1f1,2047,11,03,0.0,17.697958,2.195469,2047
11995,r2i1p1f1,2047,11,04,0.0,17.698854,2.6866446,2047
11996,r2i1p1f1,2047,11,05,0.20095260891908906,14.330757,2.8850641,2047
11997,r2i1p1f1,2047,11,06,2.5784292270355555,10.698005,2.7586865,2047
11998,r2i1p1f1,2047,11,07,0.2087680230033584,13.025517,4.019258,2047
11999,r2i1p1f1,2047,11,08,0.011480208824930461,13.800493,2.8767512,2047
12000,r2i1p1f1,2047,11,09,1.2623884282500233,9.127515,2.4829693,2047
12001,r2i1p1f1,2047,11,10,16.705600390559994,8.3809595,4.1494265,2047
12002,r2i1p1f1,2047,11,11,0.16776378357252936,10.573981,-0.6108562,2047
12003,r2i1p1f1,2047,11,12,0.0,13.297988,-0.84702504,2047
12004,r2i1p1f1,2047,11,13,0.0,13.255813,-0.5553978,2047
12005,r2i1p1f1,2047,11,14,0.0,16.277836,-1.1282227,2047
12006,r2i1p1f1,2047,11,15,0.0,14.559398,2.2108252,2047
12007,r2i1p1f1,2047,11,16,0.0,19.10587,2.29554,2047
12008,r2i1p1f1,2047,11,17,0.0,20.629198,4.4989357,2047
12009,r2i1p1f1,2047,11,18,0.0,21.527754,5.4428287,2047
12010,r2i1p1f1,2047,11,19,0.0,22.18854,4.425955,2047
12011,r2i1p1f1,2047,11,20,0.0,21.678122,4.540982,2047
12012,r2i1p1f1,2047,11,21,0.0,20.83627,3.7065601,2047
12013,r2i1p1f1,2047,11,22,0.0,19.870121,2.513875,2047
12014,r2i1p1f1,2047,11,23,0.0,19.787071,5.184259,2047
12015,r2i1p1f1,2047,11,24,23.03113955086491,10.465725,3.0322857,2047
12016,r2i1p1f1,2047,11,25,0.0,12.758723,-0.44410658,2047
12017,r2i1p1f1,2047,11,26,0.0,10.569531,-0.5520717,2047
12018,r2i1p1f1,2047,11,27,14.163362675250168,8.5921955,0.51895475,2047
12019,r2i1p1f1,2047,11,28,0.0,10.571399,-4.222859,2047
12020,r2i1p1f1,2047,11,29,37.701014110084195,6.978982,-3.5719295,2047
12021,r2i1p1f1,2047,11,30,36.39183050925987,5.265527,-5.615124,2047
12022,r2i1p1f1,2047,12,01,1.8467564014757114,2.1411693,-4.38526,2047
12023,r2i1p1f1,2047,12,02,0.0,5.521434,-5.691524,2047
12024,r2i1p1f1,2047,12,03,0.0,2.9186254,-3.0759296,2047
12025,r2i1p1f1,2047,12,04,54.54312024745517,1.8969226,-2.997642,2047
12026,r2i1p1f1,2047,12,05,16.25321603910729,3.0610883,-1.2985063,2047
12027,r2i1p1f1,2047,12,06,6.27801931679222,3.3735712,-1.11284,2047
12028,r2i1p1f1,2047,12,07,0.0,4.6401224,-5.9456973,2047
12029,r2i1p1f1,2047,12,08,0.0,8.729866,-5.01442,2047
12030,r2i1p1f1,2047,12,09,4.327127385435093,2.764253,-3.8026843,2047
12031,r2i1p1f1,2047,12,10,0.4293038146827782,4.9547305,-0.07174242,2047
12032,r2i1p1f1,2047,12,11,0.0,9.915584,-2.5024614,2047
12033,r2i1p1f1,2047,12,12,0.0,7.2411704,1.4755002,2047
12034,r2i1p1f1,2047,12,13,0.16378737631244944,7.5009985,-0.49999472,2047
12035,r2i1p1f1,2047,12,14,4.039917144543254,9.747142,2.2720106,2047
12036,r2i1p1f1,2047,12,15,0.0,14.297107,-0.20167649,2047
12037,r2i1p1f1,2047,12,16,0.0,15.4482355,2.903145,2047
12038,r2i1p1f1,2047,12,17,0.0,17.982426,3.3958373,2047
12039,r2i1p1f1,2047,12,18,0.0,19.424047,4.5806513,2047
12040,r2i1p1f1,2047,12,19,0.0,19.717745,5.351361,2047
12041,r2i1p1f1,2047,12,20,0.0,19.410421,5.9649453,2047
12042,r2i1p1f1,2047,12,21,0.0,18.798126,5.9732027,2047
12043,r2i1p1f1,2047,12,22,0.0,18.970047,5.848245,2047
12044,r2i1p1f1,2047,12,23,0.0,17.810741,4.239585,2047
12045,r2i1p1f1,2047,12,24,0.22801718315424052,13.951416,-1.5031201,2047
12046,r2i1p1f1,2047,12,25,0.0,-0.2311369,-9.547173,2047
12047,r2i1p1f1,2047,12,26,0.0,0.0036118336,-12.069946,2047
12048,r2i1p1f1,2047,12,27,0.0,-0.10711885,-11.607115,2047
12049,r2i1p1f1,2047,12,28,0.0,7.022893,-6.930909,2047
12050,r2i1p1f1,2047,12,29,0.0,7.3070908,-4.8209405,2047
12051,r2i1p1f1,2047,12,30,0.0,8.720149,-4.6883135,2047
12052,r2i1p1f1,2047,12,31,0.0,7.790177,-5.042399,2047
12053,r2i1p1f1,2048,01,01,0.0,8.147132,-4.3910656,2048
12054,r2i1p1f1,2048,01,02,0.0,14.237785,0.7024423,2048
12055,r2i1p1f1,2048,01,03,0.0,13.553933,0.78674406,2048
12056,r2i1p1f1,2048,01,04,0.0,13.368347,0.8117679,2048
12057,r2i1p1f1,2048,01,05,0.0,12.363877,3.6614497,2048
12058,r2i1p1f1,2048,01,06,0.004527242614270877,6.5761757,0.6367438,2048
12059,r2i1p1f1,2048,01,07,0.0,5.740575,-3.1666846,2048
12060,r2i1p1f1,2048,01,08,0.0,5.104293,-0.3789176,2048
12061,r2i1p1f1,2048,01,09,0.001468926641861729,6.4425282,-2.733596,2048
12062,r2i1p1f1,2048,01,10,0.0,13.968255,2.4322052,2048
12063,r2i1p1f1,2048,01,11,0.0,13.998118,3.0110145,2048
12064,r2i1p1f1,2048,01,12,0.0,18.79543,4.8731484,2048
12065,r2i1p1f1,2048,01,13,0.0,20.24759,5.4305105,2048
12066,r2i1p1f1,2048,01,14,0.0,19.83915,5.924459,2048
12067,r2i1p1f1,2048,01,15,0.0,21.0192,7.2261915,2048
12068,r2i1p1f1,2048,01,16,0.0,20.671133,6.6013746,2048
12069,r2i1p1f1,2048,01,17,0.0,20.167358,6.2459183,2048
12070,r2i1p1f1,2048,01,18,0.0,20.128242,5.6719656,2048
12071,r2i1p1f1,2048,01,19,0.0,18.536753,4.518381,2048
12072,r2i1p1f1,2048,01,20,0.0,16.168829,2.9183578,2048
12073,r2i1p1f1,2048,01,21,8.014841559186326,4.787375,-4.4895706,2048
12074,r2i1p1f1,2048,01,22,0.15474681157894127,1.2883108,-9.873416,2048
12075,r2i1p1f1,2048,01,23,0.0,9.701503,-5.561152,2048
12076,r2i1p1f1,2048,01,24,0.0,12.568086,-3.747014,2048
12077,r2i1p1f1,2048,01,25,0.0,10.397749,-3.1909773,2048
12078,r2i1p1f1,2048,01,26,0.0,9.856822,-4.552253,2048
12079,r2i1p1f1,2048,01,27,0.0,14.980179,0.4436038,2048
12080,r2i1p1f1,2048,01,28,0.0,17.470585,1.041941,2048
12081,r2i1p1f1,2048,01,29,0.0,17.621048,2.0102293,2048
12082,r2i1p1f1,2048,01,30,0.0,17.476656,3.2471945,2048
12083,r2i1p1f1,2048,01,31,0.0,15.424595,0.71047395,2048
12084,r2i1p1f1,2048,02,01,0.0,17.164766,1.9326175,2048
12085,r2i1p1f1,2048,02,02,0.0,18.689117,2.9278033,2048
12086,r2i1p1f1,2048,02,03,0.0,20.034698,3.0773408,2048
12087,r2i1p1f1,2048,02,04,0.0,14.087775,1.2763339,2048
12088,r2i1p1f1,2048,02,05,0.0,12.613379,-6.078042,2048
12089,r2i1p1f1,2048,02,06,2.427670629633492,1.9917825,-3.8818517,2048
12090,r2i1p1f1,2048,02,07,3.4275903589682106,1.3593606,-5.0435534,2048
12091,r2i1p1f1,2048,02,08,18.33550450716687,5.2007666,-0.5376405,2048
12092,r2i1p1f1,2048,02,09,4.827988722655181,6.731608,1.1182393,2048
12093,r2i1p1f1,2048,02,10,0.0,14.711789,2.706766,2048
12094,r2i1p1f1,2048,02,11,0.0,17.826206,3.3210664,2048
12095,r2i1p1f1,2048,02,12,0.0,19.118256,5.0772133,2048
12096,r2i1p1f1,2048,02,13,0.0,19.914835,4.7284074,2048
12097,r2i1p1f1,2048,02,14,0.0,17.706861,4.9070125,2048
12098,r2i1p1f1,2048,02,15,0.0,14.0663185,4.4343166,2048
12099,r2i1p1f1,2048,02,16,0.0,16.266544,2.360124,2048
12100,r2i1p1f1,2048,02,17,0.0,15.161775,-0.5899251,2048
12101,r2i1p1f1,2048,02,18,27.839722969264795,3.3613102,-5.0810294,2048
12102,r2i1p1f1,2048,02,19,0.0,2.4773095,-3.0080745,2048
12103,r2i1p1f1,2048,02,20,0.11519641404027844,5.1814756,-0.3807367,2048
12104,r2i1p1f1,2048,02,21,0.0,11.0658865,-1.886842,2048
12105,r2i1p1f1,2048,02,22,0.0,18.191235,2.1993513,2048
12106,r2i1p1f1,2048,02,23,0.0,17.389267,3.2245908,2048
12107,r2i1p1f1,2048,02,24,0.0,15.976656,3.8800445,2048
12108,r2i1p1f1,2048,02,25,0.0,18.126644,2.8715303,2048
12109,r2i1p1f1,2048,02,26,0.0,16.362225,3.6926613,2048
12110,r2i1p1f1,2048,02,27,0.0,17.627329,3.9566956,2048
12111,r2i1p1f1,2048,02,28,0.0,16.44215,4.2060037,2048
12112,r2i1p1f1,2048,02,29,0.0,18.315762,4.8260813,2048
12113,r2i1p1f1,2048,03,01,0.0,23.149353,5.2397118,2048
12114,r2i1p1f1,2048,03,02,0.0,23.039852,5.1482034,2048
12115,r2i1p1f1,2048,03,03,0.0,21.587988,4.6783185,2048
12116,r2i1p1f1,2048,03,04,48.36297830647359,6.4612575,0.8089067,2048
12117,r2i1p1f1,2048,03,05,24.041162300776566,0.5839829,-8.037466,2048
12118,r2i1p1f1,2048,03,06,75.29469566921202,5.136931,-6.808215,2048
12119,r2i1p1f1,2048,03,07,16.169758395615364,4.5848804,-3.3717792,2048
12120,r2i1p1f1,2048,03,08,0.0,10.826966,0.75895447,2048
12121,r2i1p1f1,2048,03,09,1.805918906855088,6.0929585,1.3398781,2048
12122,r2i1p1f1,2048,03,10,15.981208096673072,7.6508093,-0.092461415,2048
12123,r2i1p1f1,2048,03,11,6.459956153972039,10.167515,-1.2974398,2048
12124,r2i1p1f1,2048,03,12,0.0,15.857968,4.978405,2048
12125,r2i1p1f1,2048,03,13,0.0,17.32691,4.015424,2048
12126,r2i1p1f1,2048,03,14,44.07972427814877,9.307874,-1.1150963,2048
12127,r2i1p1f1,2048,03,15,0.0,9.383621,2.606281,2048
12128,r2i1p1f1,2048,03,16,0.0,13.959075,0.69485533,2048
12129,r2i1p1f1,2048,03,17,0.0,13.452778,2.4047523,2048
12130,r2i1p1f1,2048,03,18,19.901849641330326,8.275725,1.638837,2048
12131,r2i1p1f1,2048,03,19,74.3501389443946,7.146353,3.7202885,2048
12132,r2i1p1f1,2048,03,20,41.1905864182,8.024743,-1.4575355,2048
12133,r2i1p1f1,2048,03,21,31.84174464012568,9.645888,-3.9201808,2048
12134,r2i1p1f1,2048,03,22,34.52024049558811,9.33059,-2.8039367,2048
12135,r2i1p1f1,2048,03,23,2.1990955499544587,10.428124,-0.9900026,2048
12136,r2i1p1f1,2048,03,24,24.80703764102565,6.233692,-0.6027974,2048
12137,r2i1p1f1,2048,03,25,38.21556535191261,4.108364,0.28083155,2048
12138,r2i1p1f1,2048,03,26,8.243444291180753,6.5175223,-0.8220532,2048
12139,r2i1p1f1,2048,03,27,0.0,12.0540695,1.0988383,2048
12140,r2i1p1f1,2048,03,28,0.0,14.506946,1.6898539,2048
12141,r2i1p1f1,2048,03,29,0.0,18.688725,2.8843594,2048
12142,r2i1p1f1,2048,03,30,0.04658046287099401,19.083471,2.3544707,2048
12143,r2i1p1f1,2048,03,31,24.68156568370782,8.745778,2.3474028,2048
12144,r2i1p1f1,2048,04,01,15.764426889990528,7.98437,-0.102121204,2048
12145,r2i1p1f1,2048,04,02,0.0,16.932692,-0.31255662,2048
12146,r2i1p1f1,2048,04,03,0.1306656301179688,16.469666,1.8806677,2048
12147,r2i1p1f1,2048,04,04,14.271999938444843,7.4360547,1.2078749,2048
12148,r2i1p1f1,2048,04,05,33.151306239597034,8.205569,-4.191202,2048
12149,r2i1p1f1,2048,04,06,0.0,10.041231,2.685497,2048
12150,r2i1p1f1,2048,04,07,0.0,10.790183,-3.6792786,2048
12151,r2i1p1f1,2048,04,08,3.803363813704681,2.5556226,-2.6394544,2048
12152,r2i1p1f1,2048,04,09,0.2630181471501531,7.9304557,-1.960656,2048
12153,r2i1p1f1,2048,04,10,0.18077754850590003,11.038697,-6.330032,2048
12154,r2i1p1f1,2048,04,11,5.098461273456241,4.4101863,-4.2522006,2048
12155,r2i1p1f1,2048,04,12,3.2373513807180223,0.18084316,-7.0964794,2048
12156,r2i1p1f1,2048,04,13,10.473602266238931,6.2569346,-4.245422,2048
12157,r2i1p1f1,2048,04,14,0.0,16.661009,0.4847287,2048
12158,r2i1p1f1,2048,04,15,0.0,21.79967,3.0403304,2048
12159,r2i1p1f1,2048,04,16,0.0,21.581581,4.4510813,2048
12160,r2i1p1f1,2048,04,17,0.0,21.500666,5.731352,2048
12161,r2i1p1f1,2048,04,18,0.0,21.673641,4.712307,2048
12162,r2i1p1f1,2048,04,19,0.0,20.947123,4.2669883,2048
12163,r2i1p1f1,2048,04,20,0.0,19.972595,4.4668393,2048
12164,r2i1p1f1,2048,04,21,0.009058222957929293,16.197983,2.0885875,2048
12165,r2i1p1f1,2048,04,22,0.0,16.61571,-0.43892425,2048
12166,r2i1p1f1,2048,04,23,0.0,17.653467,1.4675457,2048
12167,r2i1p1f1,2048,04,24,0.0,17.389196,4.7645884,2048
12168,r2i1p1f1,2048,04,25,0.12653396019091956,18.261236,1.0812672,2048
12169,r2i1p1f1,2048,04,26,0.0,18.216055,0.044775255,2048
12170,r2i1p1f1,2048,04,27,0.0,18.933208,3.12577,2048
12171,r2i1p1f1,2048,04,28,0.2149692820099657,20.266144,4.0391965,2048
12172,r2i1p1f1,2048,04,29,0.8895886702633177,20.877247,3.9791589,2048
12173,r2i1p1f1,2048,04,30,0.0,21.962397,5.7356815,2048
12174,r2i1p1f1,2048,05,01,0.0,20.10666,4.8818617,2048
12175,r2i1p1f1,2048,05,02,0.0,20.134148,5.101954,2048
12176,r2i1p1f1,2048,05,03,0.0,20.315538,3.661686,2048
12177,r2i1p1f1,2048,05,04,0.0,23.628244,6.613978,2048
12178,r2i1p1f1,2048,05,05,0.0,24.46924,8.370616,2048
12179,r2i1p1f1,2048,05,06,0.0,25.330523,7.9348984,2048
12180,r2i1p1f1,2048,05,07,0.0,26.946026,10.583223,2048
12181,r2i1p1f1,2048,05,08,0.0,27.392504,10.198485,2048
12182,r2i1p1f1,2048,05,09,0.0,26.542051,9.985716,2048
12183,r2i1p1f1,2048,05,10,0.0,26.01121,9.261927,2048
12184,r2i1p1f1,2048,05,11,0.0,26.419844,6.928888,2048
12185,r2i1p1f1,2048,05,12,0.0,20.819365,5.2703714,2048
12186,r2i1p1f1,2048,05,13,0.0,19.841879,6.0274453,2048
12187,r2i1p1f1,2048,05,14,0.0,19.728115,5.451128,2048
12188,r2i1p1f1,2048,05,15,0.0,15.974412,5.4968934,2048
12189,r2i1p1f1,2048,05,16,1.0615791682609528,9.596055,-1.0347259,2048
12190,r2i1p1f1,2048,05,17,1.847341295993269,5.126645,-3.741552,2048
12191,r2i1p1f1,2048,05,18,6.162102864338801,1.2069901,-5.2085915,2048
12192,r2i1p1f1,2048,05,19,0.002588979231614548,9.53508,-0.26994413,2048
12193,r2i1p1f1,2048,05,20,0.0,22.171196,3.1892517,2048
12194,r2i1p1f1,2048,05,21,0.0,23.552387,6.318257,2048
12195,r2i1p1f1,2048,05,22,0.0,25.585142,7.416378,2048
12196,r2i1p1f1,2048,05,23,0.0,28.376915,10.714819,2048
12197,r2i1p1f1,2048,05,24,5.46890610697189,25.701925,8.188835,2048
12198,r2i1p1f1,2048,05,25,57.17904830996234,9.83845,4.984016,2048
12199,r2i1p1f1,2048,05,26,4.063936912224073,11.860728,2.525966,2048
12200,r2i1p1f1,2048,05,27,0.2110024419380352,17.06607,1.9244334,2048
12201,r2i1p1f1,2048,05,28,0.0,22.871279,5.585877,2048
12202,r2i1p1f1,2048,05,29,0.0,26.609869,9.709575,2048
12203,r2i1p1f1,2048,05,30,0.0,30.087652,12.533027,2048
12204,r2i1p1f1,2048,05,31,0.0,31.089962,14.584598,2048
12205,r2i1p1f1,2048,06,01,0.0,33.237934,15.429472,2048
12206,r2i1p1f1,2048,06,02,0.40226329586473114,30.386562,12.355312,2048
12207,r2i1p1f1,2048,06,03,0.0,29.110361,11.323958,2048
12208,r2i1p1f1,2048,06,04,0.0,28.297144,11.328176,2048
12209,r2i1p1f1,2048,06,05,0.0,26.47506,10.090146,2048
12210,r2i1p1f1,2048,06,06,0.0,23.7064,7.1378098,2048
12211,r2i1p1f1,2048,06,07,0.0,24.648012,6.502334,2048
12212,r2i1p1f1,2048,06,08,0.0,25.107697,8.038385,2048
12213,r2i1p1f1,2048,06,09,2.757710854663086,19.166475,3.1514661,2048
12214,r2i1p1f1,2048,06,10,6.451748110563271,12.111836,5.196267,2048
12215,r2i1p1f1,2048,06,11,1.3411442367354398,10.840531,3.0199878,2048
12216,r2i1p1f1,2048,06,12,0.9007460107218671,14.437327,6.096984,2048
12217,r2i1p1f1,2048,06,13,8.75896371410188,13.031345,3.4112122,2048
12218,r2i1p1f1,2048,06,14,1.131430364442237,17.69202,0.92195606,2048
12219,r2i1p1f1,2048,06,15,4.161223378972723,16.720585,5.3376975,2048
12220,r2i1p1f1,2048,06,16,0.8206298188479895,18.705849,5.807398,2048
12221,r2i1p1f1,2048,06,17,0.2576228897361524,21.357315,6.1472545,2048
12222,r2i1p1f1,2048,06,18,0.3560697894219909,22.252346,4.5781703,2048
12223,r2i1p1f1,2048,06,19,0.83862613833984,24.122507,7.746477,2048
12224,r2i1p1f1,2048,06,20,3.556790761103912,23.069166,8.706499,2048
12225,r2i1p1f1,2048,06,21,0.09878105616875334,24.468212,9.049428,2048
12226,r2i1p1f1,2048,06,22,0.0,25.250414,10.468477,2048
12227,r2i1p1f1,2048,06,23,0.0,26.264774,9.8762865,2048
12228,r2i1p1f1,2048,06,24,0.0,30.375898,12.826746,2048
12229,r2i1p1f1,2048,06,25,0.0,32.111443,14.455488,2048
12230,r2i1p1f1,2048,06,26,0.0,31.938715,15.170451,2048
12231,r2i1p1f1,2048,06,27,0.0,30.858515,15.705586,2048
12232,r2i1p1f1,2048,06,28,0.01902478304075955,29.777143,14.683474,2048
12233,r2i1p1f1,2048,06,29,0.0,30.127031,14.586031,2048
12234,r2i1p1f1,2048,06,30,0.0,33.140255,14.275811,2048
12235,r2i1p1f1,2048,07,01,0.0,30.961582,17.921322,2048
12236,r2i1p1f1,2048,07,02,0.20620380772435545,30.722286,17.15064,2048
12237,r2i1p1f1,2048,07,03,0.5652159869966383,33.528797,14.330152,2048
12238,r2i1p1f1,2048,07,04,0.0,34.033806,15.452962,2048
12239,r2i1p1f1,2048,07,05,0.0,34.25292,16.960373,2048
12240,r2i1p1f1,2048,07,06,1.5131993129146464,32.639404,17.999184,2048
12241,r2i1p1f1,2048,07,07,0.5191773863823703,31.906368,17.143694,2048
12242,r2i1p1f1,2048,07,08,0.009231928141581682,31.142075,16.735748,2048
12243,r2i1p1f1,2048,07,09,0.006477073363315027,30.62689,15.690508,2048
12244,r2i1p1f1,2048,07,10,0.0,30.515368,15.572974,2048
12245,r2i1p1f1,2048,07,11,0.0,31.431532,17.501402,2048
12246,r2i1p1f1,2048,07,12,0.0,31.077755,15.142307,2048
12247,r2i1p1f1,2048,07,13,0.0,30.705929,15.197743,2048
12248,r2i1p1f1,2048,07,14,0.0,31.843456,16.131989,2048
12249,r2i1p1f1,2048,07,15,0.0,32.739956,17.068178,2048
12250,r2i1p1f1,2048,07,16,0.0,34.151672,17.775257,2048
12251,r2i1p1f1,2048,07,17,0.0,34.790134,18.31273,2048
12252,r2i1p1f1,2048,07,18,0.0,35.120293,18.443165,2048
12253,r2i1p1f1,2048,07,19,0.0,34.12424,17.701176,2048
12254,r2i1p1f1,2048,07,20,0.0,32.343536,15.314852,2048
12255,r2i1p1f1,2048,07,21,0.0,31.725145,14.806872,2048
12256,r2i1p1f1,2048,07,22,0.0,32.464066,16.616564,2048
12257,r2i1p1f1,2048,07,23,0.0,34.304882,18.28546,2048
12258,r2i1p1f1,2048,07,24,0.0014067304269142018,35.748405,18.791151,2048
12259,r2i1p1f1,2048,07,25,0.0,36.268448,20.154325,2048
12260,r2i1p1f1,2048,07,26,1.5352088562884512,35.609386,19.370678,2048
12261,r2i1p1f1,2048,07,27,0.0,34.72961,17.56695,2048
12262,r2i1p1f1,2048,07,28,0.0,32.886726,15.822878,2048
12263,r2i1p1f1,2048,07,29,0.0,32.13514,16.032452,2048
12264,r2i1p1f1,2048,07,30,0.0,31.572567,14.22813,2048
12265,r2i1p1f1,2048,07,31,0.0,33.721806,16.080221,2048
12266,r2i1p1f1,2048,08,01,0.0,33.617268,16.412354,2048
12267,r2i1p1f1,2048,08,02,0.0,32.706688,15.638389,2048
12268,r2i1p1f1,2048,08,03,0.0,30.30696,12.793598,2048
12269,r2i1p1f1,2048,08,04,0.0,27.098677,9.6110525,2048
12270,r2i1p1f1,2048,08,05,0.0,26.71408,11.011263,2048
12271,r2i1p1f1,2048,08,06,0.0,32.41564,13.989577,2048
12272,r2i1p1f1,2048,08,07,0.0,32.271698,15.297072,2048
12273,r2i1p1f1,2048,08,08,0.0,31.506742,15.262641,2048
12274,r2i1p1f1,2048,08,09,0.0,29.480055,12.734391,2048
12275,r2i1p1f1,2048,08,10,0.0,26.716118,10.020687,2048
12276,r2i1p1f1,2048,08,11,0.0,25.95474,8.858935,2048
12277,r2i1p1f1,2048,08,12,0.0,26.644522,10.071383,2048
12278,r2i1p1f1,2048,08,13,0.0,28.965082,13.490416,2048
12279,r2i1p1f1,2048,08,14,0.0,30.472715,14.215269,2048
12280,r2i1p1f1,2048,08,15,0.0,30.70456,14.0692,2048
12281,r2i1p1f1,2048,08,16,0.0,29.372402,12.062215,2048
12282,r2i1p1f1,2048,08,17,0.0,27.655035,11.3604765,2048
12283,r2i1p1f1,2048,08,18,0.0,27.842823,10.2212105,2048
12284,r2i1p1f1,2048,08,19,0.0,27.305948,8.876513,2048
12285,r2i1p1f1,2048,08,20,0.0,24.862396,8.76327,2048
12286,r2i1p1f1,2048,08,21,0.0,25.694626,8.9317045,2048
12287,r2i1p1f1,2048,08,22,0.0,25.108604,9.639314,2048
12288,r2i1p1f1,2048,08,23,0.0,27.085533,11.86693,2048
12289,r2i1p1f1,2048,08,24,0.0,30.244215,12.65319,2048
12290,r2i1p1f1,2048,08,25,0.0,30.959574,13.68545,2048
12291,r2i1p1f1,2048,08,26,0.0,30.28898,14.935442,2048
12292,r2i1p1f1,2048,08,27,0.0,30.173822,13.55366,2048
12293,r2i1p1f1,2048,08,28,0.0,31.593744,14.8144245,2048
12294,r2i1p1f1,2048,08,29,0.0,33.298035,15.703804,2048
12295,r2i1p1f1,2048,08,30,0.0,33.773773,16.802456,2048
12296,r2i1p1f1,2048,08,31,0.0,32.59618,14.850715,2048
12297,r2i1p1f1,2048,09,01,0.0,30.410963,13.598801,2048
12298,r2i1p1f1,2048,09,02,0.0,29.524805,12.274695,2048
12299,r2i1p1f1,2048,09,03,0.0,29.34979,11.73538,2048
12300,r2i1p1f1,2048,09,04,0.0,28.219107,11.070364,2048
12301,r2i1p1f1,2048,09,05,0.0,29.158194,10.852399,2048
12302,r2i1p1f1,2048,09,06,0.0,30.267233,12.7467785,2048
12303,r2i1p1f1,2048,09,07,0.0,29.503832,13.764168,2048
12304,r2i1p1f1,2048,09,08,0.0,29.743916,11.581965,2048
12305,r2i1p1f1,2048,09,09,0.0,26.04256,8.853409,2048
12306,r2i1p1f1,2048,09,10,0.0,25.721973,8.563418,2048
12307,r2i1p1f1,2048,09,11,0.0,24.841303,8.473896,2048
12308,r2i1p1f1,2048,09,12,0.0,27.929544,10.4135275,2048
12309,r2i1p1f1,2048,09,13,0.0,27.359854,11.842203,2048
12310,r2i1p1f1,2048,09,14,0.0,24.071886,8.712476,2048
12311,r2i1p1f1,2048,09,15,0.0,23.612848,7.5339036,2048
12312,r2i1p1f1,2048,09,16,0.0,22.97526,6.446166,2048
12313,r2i1p1f1,2048,09,17,0.0,21.360453,5.5899863,2048
12314,r2i1p1f1,2048,09,18,0.04128682507703511,19.325312,1.8825054,2048
12315,r2i1p1f1,2048,09,19,0.0,15.543484,-0.21134225,2048
12316,r2i1p1f1,2048,09,20,0.0,15.2966795,1.2483481,2048
12317,r2i1p1f1,2048,09,21,0.0,15.923689,1.9713166,2048
12318,r2i1p1f1,2048,09,22,17.464122384122813,15.435359,2.064906,2048
12319,r2i1p1f1,2048,09,23,10.743479668480386,21.077276,2.9131927,2048
12320,r2i1p1f1,2048,09,24,0.0,21.827087,5.9976807,2048
12321,r2i1p1f1,2048,09,25,0.0,23.568205,8.5202265,2048
12322,r2i1p1f1,2048,09,26,0.0,28.518946,11.023053,2048
12323,r2i1p1f1,2048,09,27,0.0,29.146215,13.200396,2048
12324,r2i1p1f1,2048,09,28,0.0,30.619156,13.372168,2048
12325,r2i1p1f1,2048,09,29,0.0,29.962477,12.780859,2048
12326,r2i1p1f1,2048,09,30,0.0,30.449247,14.745712,2048
12327,r2i1p1f1,2048,10,01,0.0,28.134346,12.452534,2048
12328,r2i1p1f1,2048,10,02,0.0,28.136637,9.835311,2048
12329,r2i1p1f1,2048,10,03,0.0,27.234413,11.463176,2048
12330,r2i1p1f1,2048,10,04,0.06789467901958582,24.586735,9.946799,2048
12331,r2i1p1f1,2048,10,05,0.0,25.34231,8.153791,2048
12332,r2i1p1f1,2048,10,06,0.0,24.867273,7.9493237,2048
12333,r2i1p1f1,2048,10,07,0.0,23.923695,7.2621617,2048
12334,r2i1p1f1,2048,10,08,0.0,21.023424,5.9200068,2048
12335,r2i1p1f1,2048,10,09,0.0,25.660414,7.5415792,2048
12336,r2i1p1f1,2048,10,10,0.0,25.460499,8.239138,2048
12337,r2i1p1f1,2048,10,11,0.0,24.964184,9.841924,2048
12338,r2i1p1f1,2048,10,12,0.0,24.864561,8.581865,2048
12339,r2i1p1f1,2048,10,13,0.0,27.925009,10.11752,2048
12340,r2i1p1f1,2048,10,14,0.11260305009797705,23.749392,7.666942,2048
12341,r2i1p1f1,2048,10,15,34.928275004299046,14.673355,7.9784703,2048
12342,r2i1p1f1,2048,10,16,3.8703820199281416,12.082423,6.168169,2048
12343,r2i1p1f1,2048,10,17,1.2357019709200427,17.98829,3.7228045,2048
12344,r2i1p1f1,2048,10,18,0.0,21.820353,5.679625,2048
12345,r2i1p1f1,2048,10,19,0.0,25.484291,7.7227173,2048
12346,r2i1p1f1,2048,10,20,0.0,20.847387,5.6599126,2048
12347,r2i1p1f1,2048,10,21,0.19720025063284433,14.951926,3.8621898,2048
12348,r2i1p1f1,2048,10,22,1.902573524246411,15.242669,6.978435,2048
12349,r2i1p1f1,2048,10,23,0.0,15.959019,9.46031,2048
12350,r2i1p1f1,2048,10,24,44.21333347697957,13.675945,8.404045,2048
12351,r2i1p1f1,2048,10,25,1.3806133657821051,14.374544,6.242616,2048
12352,r2i1p1f1,2048,10,26,0.0,12.842781,0.5872873,2048
12353,r2i1p1f1,2048,10,27,0.0,12.081349,4.060284,2048
12354,r2i1p1f1,2048,10,28,0.0,16.179644,3.1323814,2048
12355,r2i1p1f1,2048,10,29,0.0,17.136576,4.254655,2048
12356,r2i1p1f1,2048,10,30,0.0,21.335714,7.2583914,2048
12357,r2i1p1f1,2048,10,31,0.0,20.664906,5.000344,2048
12358,r2i1p1f1,2048,11,01,0.0,18.630465,4.5558457,2048
12359,r2i1p1f1,2048,11,02,0.0,19.737354,5.1488047,2048
12360,r2i1p1f1,2048,11,03,0.0,16.222784,4.602809,2048
12361,r2i1p1f1,2048,11,04,0.8471920214210863,15.450232,4.1234736,2048
12362,r2i1p1f1,2048,11,05,0.0,17.661306,2.2444983,2048
12363,r2i1p1f1,2048,11,06,1.9014704064759895,12.762434,4.1068435,2048
12364,r2i1p1f1,2048,11,07,4.478641204528126,13.326233,3.9778144,2048
12365,r2i1p1f1,2048,11,08,0.0,16.729155,0.28508514,2048
12366,r2i1p1f1,2048,11,09,0.0,17.995214,0.10989311,2048
12367,r2i1p1f1,2048,11,10,0.0,19.944452,2.0161934,2048
12368,r2i1p1f1,2048,11,11,0.0,18.219275,2.3668926,2048
12369,r2i1p1f1,2048,11,12,0.0,14.679788,0.49991667,2048
12370,r2i1p1f1,2048,11,13,5.392088566245198,7.3856993,-5.9816275,2048
12371,r2i1p1f1,2048,11,14,0.0,4.989578,-7.134934,2048
12372,r2i1p1f1,2048,11,15,0.0,5.2753744,-6.3708725,2048
12373,r2i1p1f1,2048,11,16,0.0,7.3947473,-8.258163,2048
12374,r2i1p1f1,2048,11,17,0.0,14.259781,-6.75103,2048
12375,r2i1p1f1,2048,11,18,0.0,15.651633,-0.062388983,2048
12376,r2i1p1f1,2048,11,19,0.0,17.692867,-0.6817105,2048
12377,r2i1p1f1,2048,11,20,0.0,18.94372,0.20500134,2048
12378,r2i1p1f1,2048,11,21,0.0,17.954678,-0.54288864,2048
12379,r2i1p1f1,2048,11,22,0.0,14.613601,1.2615253,2048
12380,r2i1p1f1,2048,11,23,0.06672884400262984,14.093164,1.7040206,2048
12381,r2i1p1f1,2048,11,24,0.7179922975130746,11.481795,2.5388196,2048
12382,r2i1p1f1,2048,11,25,1.0165767595376214,13.330598,-0.7702717,2048
12383,r2i1p1f1,2048,11,26,0.0,15.795412,-4.109736,2048
12384,r2i1p1f1,2048,11,27,1.1041374978259018,13.904692,0.915262,2048
12385,r2i1p1f1,2048,11,28,0.0,15.581555,2.818694,2048
12386,r2i1p1f1,2048,11,29,7.566204708788204,18.131088,2.817113,2048
12387,r2i1p1f1,2048,11,30,60.789054756661734,9.515412,4.90733,2048
12388,r2i1p1f1,2048,12,01,7.4742512043835285,11.769577,-0.94026196,2048
12389,r2i1p1f1,2048,12,02,0.0,7.8316994,0.025701083,2048
12390,r2i1p1f1,2048,12,03,19.430478833517274,6.9181113,-0.5522992,2048
12391,r2i1p1f1,2048,12,04,0.003455300051987601,6.0007606,-4.420505,2048
12392,r2i1p1f1,2048,12,05,0.03244435055631374,5.6001515,0.4742101,2048
12393,r2i1p1f1,2048,12,06,0.0,4.805841,-0.67494595,2048
12394,r2i1p1f1,2048,12,07,0.0,10.007981,-0.9732316,2048
12395,r2i1p1f1,2048,12,08,0.0,13.616076,1.4069525,2048
12396,r2i1p1f1,2048,12,09,0.0,16.136831,1.3717033,2048
12397,r2i1p1f1,2048,12,10,0.0,17.03745,4.02188,2048
12398,r2i1p1f1,2048,12,11,0.0,17.388468,4.623629,2048
12399,r2i1p1f1,2048,12,12,0.0,17.822294,5.0902877,2048
12400,r2i1p1f1,2048,12,13,0.0,16.918121,5.257052,2048
12401,r2i1p1f1,2048,12,14,0.0,16.59444,3.2332466,2048
12402,r2i1p1f1,2048,12,15,0.0,19.61489,4.7539897,2048
12403,r2i1p1f1,2048,12,16,0.0,17.867685,3.7554212,2048
12404,r2i1p1f1,2048,12,17,0.0,14.638603,2.5996337,2048
12405,r2i1p1f1,2048,12,18,6.204584718167238,7.499382,1.6995459,2048
12406,r2i1p1f1,2048,12,19,8.839330379998081,7.1387987,1.4410586,2048
12407,r2i1p1f1,2048,12,20,31.853597473281507,4.3591805,0.17615499,2048
12408,r2i1p1f1,2048,12,21,9.500084135204535,7.843152,-7.206809,2048
12409,r2i1p1f1,2048,12,22,20.896968211868973,1.0310438,-9.576499,2048
12410,r2i1p1f1,2048,12,23,0.0,1.1370329,-10.070759,2048
12411,r2i1p1f1,2048,12,24,0.0,1.354328,-10.980126,2048
12412,r2i1p1f1,2048,12,25,0.0,0.9225768,-9.970815,2048
12413,r2i1p1f1,2048,12,26,0.0,3.9783473,-7.809038,2048
12414,r2i1p1f1,2048,12,27,0.0,3.441713,-5.9847713,2048
12415,r2i1p1f1,2048,12,28,0.0,6.242419,-7.385116,2048
12416,r2i1p1f1,2048,12,29,0.0,5.0345416,-6.383982,2048
12417,r2i1p1f1,2048,12,30,0.0,6.9096694,-4.998536,2048
12418,r2i1p1f1,2048,12,31,0.0,8.860319,-3.7087543,2048
12419,r2i1p1f1,2049,01,01,0.0,8.411586,-2.7797196,2049
12420,r2i1p1f1,2049,01,02,0.0,6.375988,-5.0457644,2049
12421,r2i1p1f1,2049,01,03,0.0,5.2162066,-7.46018,2049
12422,r2i1p1f1,2049,01,04,0.6837005261961446,2.7813442,-1.9087051,2049
12423,r2i1p1f1,2049,01,05,0.0,2.794873,-7.8889194,2049
12424,r2i1p1f1,2049,01,06,0.0,2.7293046,-6.31001,2049
12425,r2i1p1f1,2049,01,07,0.0,8.040945,-5.6054945,2049
12426,r2i1p1f1,2049,01,08,0.5625459234614447,2.5809739,-3.8153102,2049
12427,r2i1p1f1,2049,01,09,0.0,5.001257,-7.1328626,2049
12428,r2i1p1f1,2049,01,10,0.0,5.5601716,-4.177769,2049
12429,r2i1p1f1,2049,01,11,8.854627770807173,5.7196846,-3.7390962,2049
12430,r2i1p1f1,2049,01,12,49.06050840464349,5.3764577,-0.18851754,2049
12431,r2i1p1f1,2049,01,13,31.844156377617484,5.712449,-0.61873853,2049
12432,r2i1p1f1,2049,01,14,27.797164529385135,5.541612,1.0270814,2049
12433,r2i1p1f1,2049,01,15,0.0,7.314026,2.5855505,2049
12434,r2i1p1f1,2049,01,16,0.8796582658900521,6.913906,2.4693975,2049
12435,r2i1p1f1,2049,01,17,0.0,12.980485,-0.92043626,2049
12436,r2i1p1f1,2049,01,18,0.0,15.7958765,2.0546112,2049
12437,r2i1p1f1,2049,01,19,0.0,18.52278,3.5444145,2049
12438,r2i1p1f1,2049,01,20,0.0,16.439203,2.4152496,2049
12439,r2i1p1f1,2049,01,21,3.8976990104576825,12.085941,6.9624014,2049
12440,r2i1p1f1,2049,01,22,4.330675379249162,10.518273,6.4639506,2049
12441,r2i1p1f1,2049,01,23,0.0,12.841247,1.4672657,2049
12442,r2i1p1f1,2049,01,24,41.337402403587475,10.360981,4.8128347,2049
12443,r2i1p1f1,2049,01,25,50.546358418292726,12.718169,2.0168495,2049
12444,r2i1p1f1,2049,01,26,0.0,12.952267,1.6746595,2049
12445,r2i1p1f1,2049,01,27,0.0,13.8047285,-0.8249034,2049
12446,r2i1p1f1,2049,01,28,6.934866791617913,9.95784,1.9179816,2049
12447,r2i1p1f1,2049,01,29,53.920714346727785,6.842994,2.2408667,2049
12448,r2i1p1f1,2049,01,30,18.93998991704743,8.370269,1.073388,2049
12449,r2i1p1f1,2049,01,31,34.051825574491744,10.847681,-1.4061936,2049
12450,r2i1p1f1,2049,02,01,44.38507258399533,8.445381,1.8224734,2049
12451,r2i1p1f1,2049,02,02,6.229695136985706,7.445399,1.2570999,2049
12452,r2i1p1f1,2049,02,03,16.034382825287487,5.227423,0.24795033,2049
12453,r2i1p1f1,2049,02,04,16.653393241218648,7.919982,0.17468838,2049
12454,r2i1p1f1,2049,02,05,0.0,12.283184,-0.25116828,2049
12455,r2i1p1f1,2049,02,06,0.0,13.464487,2.5331745,2049
12456,r2i1p1f1,2049,02,07,4.6681565661891415,11.910542,0.44117013,2049
12457,r2i1p1f1,2049,02,08,33.796454896219075,12.809238,2.7409267,2049
12458,r2i1p1f1,2049,02,09,12.255386037255589,10.931909,2.5026307,2049
12459,r2i1p1f1,2049,02,10,0.0,17.544035,2.4016504,2049
12460,r2i1p1f1,2049,02,11,0.0,17.957506,3.1320174,2049
12461,r2i1p1f1,2049,02,12,0.016417166793521922,13.956972,0.77526945,2049
12462,r2i1p1f1,2049,02,13,0.0,14.809463,-1.6124668,2049
12463,r2i1p1f1,2049,02,14,0.0,12.152478,-1.3351209,2049
12464,r2i1p1f1,2049,02,15,0.0,13.8845415,-0.51873535,2049
12465,r2i1p1f1,2049,02,16,0.0,17.113457,1.9426794,2049
12466,r2i1p1f1,2049,02,17,0.0,17.375885,2.205691,2049
12467,r2i1p1f1,2049,02,18,0.0,13.213592,3.7759101,2049
12468,r2i1p1f1,2049,02,19,0.023942366169649176,13.088579,1.1291466,2049
12469,r2i1p1f1,2049,02,20,29.334604777753928,9.976409,1.1263561,2049
12470,r2i1p1f1,2049,02,21,70.68353222969633,11.46683,0.48096976,2049
12471,r2i1p1f1,2049,02,22,42.40764659256316,6.3954415,1.4605901,2049
12472,r2i1p1f1,2049,02,23,32.95944002009212,7.6378126,1.3652749,2049
12473,r2i1p1f1,2049,02,24,0.047115999850925266,7.4162583,0.18307152,2049
12474,r2i1p1f1,2049,02,25,70.59295819803643,8.467614,-1.491418,2049
12475,r2i1p1f1,2049,02,26,26.433714581854964,5.968077,1.0554043,2049
12476,r2i1p1f1,2049,02,27,20.86421068477368,6.108251,-0.15261577,2049
12477,r2i1p1f1,2049,02,28,4.8299412650242,4.3188953,-0.69188434,2049
12478,r2i1p1f1,2049,03,01,1.631624905051537,5.454953,-0.58378786,2049
12479,r2i1p1f1,2049,03,02,0.0,14.4243355,-2.074746,2049
12480,r2i1p1f1,2049,03,03,3.004487006028984,8.581347,-1.98853,2049
12481,r2i1p1f1,2049,03,04,31.064906733137413,5.0301723,1.0166818,2049
12482,r2i1p1f1,2049,03,05,0.0,11.077969,2.6339686,2049
12483,r2i1p1f1,2049,03,06,0.0,15.604917,2.163591,2049
12484,r2i1p1f1,2049,03,07,12.154639477431864,10.346961,1.2266843,2049
12485,r2i1p1f1,2049,03,08,8.880389489506623,7.313385,-5.6467037,2049
12486,r2i1p1f1,2049,03,09,94.6753913957554,1.887846,-1.6807357,2049
12487,r2i1p1f1,2049,03,10,27.93736670103569,4.8110023,-0.23631473,2049
12488,r2i1p1f1,2049,03,11,47.08371371156178,7.8735538,1.0636519,2049
12489,r2i1p1f1,2049,03,12,30.802879468739356,9.408778,0.60218626,2049
12490,r2i1p1f1,2049,03,13,0.0,13.736929,1.6610053,2049
12491,r2i1p1f1,2049,03,14,18.45062674734576,8.159937,0.79577637,2049
12492,r2i1p1f1,2049,03,15,0.2720808062454475,9.054664,3.8429158,2049
12493,r2i1p1f1,2049,03,16,0.0,14.786699,1.0432591,2049
12494,r2i1p1f1,2049,03,17,0.0,17.49455,2.1256764,2049
12495,r2i1p1f1,2049,03,18,0.0,17.396793,3.236854,2049
12496,r2i1p1f1,2049,03,19,5.89711505230158,11.901522,2.5911524,2049
12497,r2i1p1f1,2049,03,20,0.0,12.150347,5.45022,2049
12498,r2i1p1f1,2049,03,21,33.747602404148964,10.439123,4.649315,2049
12499,r2i1p1f1,2049,03,22,0.0,19.921093,4.01946,2049
12500,r2i1p1f1,2049,03,23,10.434449714432503,15.773481,1.1407713,2049
12501,r2i1p1f1,2049,03,24,9.592367029892138,11.400508,4.161344,2049
12502,r2i1p1f1,2049,03,25,6.1257800970592005,12.227444,3.4813032,2049
12503,r2i1p1f1,2049,03,26,0.006717948809427281,14.642393,4.4390745,2049
12504,r2i1p1f1,2049,03,27,1.6088592067507517,14.786758,4.4714313,2049
12505,r2i1p1f1,2049,03,28,30.365293101875487,13.056223,-4.2160153,2049
12506,r2i1p1f1,2049,03,29,0.0,17.557108,0.5758366,2049
12507,r2i1p1f1,2049,03,30,0.0,20.68085,1.9948837,2049
12508,r2i1p1f1,2049,03,31,0.0,17.933123,2.2840168,2049
12509,r2i1p1f1,2049,04,01,20.593103018808716,11.1108055,-2.8612049,2049
12510,r2i1p1f1,2049,04,02,19.909358412125865,5.96626,0.13721398,2049
12511,r2i1p1f1,2049,04,03,0.061792765462506886,16.672749,0.38747612,2049
12512,r2i1p1f1,2049,04,04,4.029069077862984,14.525175,0.04405721,2049
12513,r2i1p1f1,2049,04,05,0.0,19.53091,1.9898044,2049
12514,r2i1p1f1,2049,04,06,0.4486178419518602,16.149405,-0.701501,2049
12515,r2i1p1f1,2049,04,07,19.091751147733213,12.23563,-2.083318,2049
12516,r2i1p1f1,2049,04,08,28.262936679983305,7.8960776,1.8178754,2049
12517,r2i1p1f1,2049,04,09,107.70003428825966,12.982289,-1.7471787,2049
12518,r2i1p1f1,2049,04,10,72.9472131217615,12.730724,-1.2716242,2049
12519,r2i1p1f1,2049,04,11,27.806593529217373,14.458608,-2.932979,2049
12520,r2i1p1f1,2049,04,12,0.613197459418958,12.369024,3.7929704,2049
12521,r2i1p1f1,2049,04,13,2.956925277430855,6.786895,-0.53888166,2049
12522,r2i1p1f1,2049,04,14,0.0,14.36116,-1.368785,2049
12523,r2i1p1f1,2049,04,15,0.0,16.610826,-0.43851462,2049
12524,r2i1p1f1,2049,04,16,0.0,17.000118,4.063457,2049
12525,r2i1p1f1,2049,04,17,0.0,17.005959,4.8154416,2049
12526,r2i1p1f1,2049,04,18,0.0,15.339675,1.7911657,2049
12527,r2i1p1f1,2049,04,19,11.804575142748664,9.236739,-2.9924726,2049
12528,r2i1p1f1,2049,04,20,23.222120166890537,9.255866,4.6060367,2049
12529,r2i1p1f1,2049,04,21,0.10424221497417491,18.45159,3.3210661,2049
12530,r2i1p1f1,2049,04,22,0.0,21.55824,4.968118,2049
12531,r2i1p1f1,2049,04,23,0.0,25.124239,7.382698,2049
12532,r2i1p1f1,2049,04,24,3.6925179317432386,19.535723,2.4547462,2049
12533,r2i1p1f1,2049,04,25,3.199361383793495,16.796478,2.8098023,2049
12534,r2i1p1f1,2049,04,26,0.0,22.568344,8.626184,2049
12535,r2i1p1f1,2049,04,27,0.0,22.987143,6.6114244,2049
12536,r2i1p1f1,2049,04,28,0.0,22.900177,6.2401586,2049
12537,r2i1p1f1,2049,04,29,0.0,20.361244,5.0232944,2049
12538,r2i1p1f1,2049,04,30,4.8016165727788644,9.039682,1.2093675,2049
12539,r2i1p1f1,2049,05,01,0.0,14.745371,-0.3687037,2049
12540,r2i1p1f1,2049,05,02,0.0,14.412299,2.5708587,2049
12541,r2i1p1f1,2049,05,03,0.0,13.94832,0.77710027,2049
12542,r2i1p1f1,2049,05,04,0.0,14.387592,-0.384937,2049
12543,r2i1p1f1,2049,05,05,0.0,15.056059,5.266488,2049
12544,r2i1p1f1,2049,05,06,3.3679913782179938,14.305098,-1.5458624,2049
12545,r2i1p1f1,2049,05,07,0.022555378675930954,19.555784,2.9102864,2049
12546,r2i1p1f1,2049,05,08,1.985885642296545,15.541382,0.7491797,2049
12547,r2i1p1f1,2049,05,09,0.6721663096938685,12.37202,-0.9110136,2049
12548,r2i1p1f1,2049,05,10,0.023229017663722446,17.698786,2.0599363,2049
12549,r2i1p1f1,2049,05,11,0.06612475453249107,24.353481,6.6125646,2049
12550,r2i1p1f1,2049,05,12,0.0,26.413214,9.558582,2049
12551,r2i1p1f1,2049,05,13,0.0,27.055826,10.419516,2049
12552,r2i1p1f1,2049,05,14,0.08507259438444564,27.654047,12.078895,2049
12553,r2i1p1f1,2049,05,15,0.0,29.08373,10.89625,2049
12554,r2i1p1f1,2049,05,16,0.0,29.335888,12.876378,2049
12555,r2i1p1f1,2049,05,17,0.0,29.70433,13.274048,2049
12556,r2i1p1f1,2049,05,18,0.0,29.449883,12.706651,2049
12557,r2i1p1f1,2049,05,19,0.0,30.661903,12.994462,2049
12558,r2i1p1f1,2049,05,20,0.0,26.2231,9.897258,2049
12559,r2i1p1f1,2049,05,21,21.39501941360672,13.108218,0.19728841,2049
12560,r2i1p1f1,2049,05,22,1.8720418320019514,13.69741,3.6512885,2049
12561,r2i1p1f1,2049,05,23,0.009000135021499144,20.50269,5.5135264,2049
12562,r2i1p1f1,2049,05,24,0.0,20.070517,6.263776,2049
12563,r2i1p1f1,2049,05,25,0.0,17.39313,7.787466,2049
12564,r2i1p1f1,2049,05,26,1.6747681209800738,12.383229,0.96282864,2049
12565,r2i1p1f1,2049,05,27,9.472203951428618,13.143404,4.461678,2049
12566,r2i1p1f1,2049,05,28,5.451226559951185,15.964619,2.154585,2049
12567,r2i1p1f1,2049,05,29,0.0,18.268991,7.8155375,2049
12568,r2i1p1f1,2049,05,30,0.0,16.005005,8.06842,2049
12569,r2i1p1f1,2049,05,31,0.03923592549444248,15.313239,5.502985,2049
12570,r2i1p1f1,2049,06,01,8.418742397351217,13.218857,-0.8981688,2049
12571,r2i1p1f1,2049,06,02,9.67622186225736,9.057805,2.124619,2049
12572,r2i1p1f1,2049,06,03,7.21840329132157,10.153012,0.4434166,2049
12573,r2i1p1f1,2049,06,04,0.26260151131072446,17.924015,6.0103664,2049
12574,r2i1p1f1,2049,06,05,0.0,25.705545,6.076713,2049
12575,r2i1p1f1,2049,06,06,1.1785682347041215,26.118107,12.372364,2049
12576,r2i1p1f1,2049,06,07,0.620804623758886,23.324488,8.02017,2049
12577,r2i1p1f1,2049,06,08,1.1031327335226355,18.408863,7.812926,2049
12578,r2i1p1f1,2049,06,09,0.0029446351198622813,18.137129,4.4361715,2049
12579,r2i1p1f1,2049,06,10,0.0,19.147774,7.0526295,2049
12580,r2i1p1f1,2049,06,11,0.0,18.086418,4.3389673,2049
12581,r2i1p1f1,2049,06,12,0.011601897548766478,17.17289,3.507505,2049
12582,r2i1p1f1,2049,06,13,0.0,19.89461,3.746305,2049
12583,r2i1p1f1,2049,06,14,0.0,20.554708,6.7059827,2049
12584,r2i1p1f1,2049,06,15,0.2049438546411973,16.6701,4.413699,2049
12585,r2i1p1f1,2049,06,16,0.38411801763756487,22.54896,5.4757833,2049
12586,r2i1p1f1,2049,06,17,0.0,25.812328,8.794343,2049
12587,r2i1p1f1,2049,06,18,0.0,27.375526,11.594594,2049
12588,r2i1p1f1,2049,06,19,0.1885994168193205,24.169611,8.221933,2049
12589,r2i1p1f1,2049,06,20,0.0,21.688715,5.5525723,2049
12590,r2i1p1f1,2049,06,21,0.0,22.874569,7.252654,2049
12591,r2i1p1f1,2049,06,22,0.0,23.946302,8.646991,2049
12592,r2i1p1f1,2049,06,23,0.0,22.861235,6.4211254,2049
12593,r2i1p1f1,2049,06,24,0.0,23.45502,7.887808,2049
12594,r2i1p1f1,2049,06,25,0.0,24.607008,9.178421,2049
12595,r2i1p1f1,2049,06,26,0.0,25.891418,8.655476,2049
12596,r2i1p1f1,2049,06,27,0.0,27.104736,9.498361,2049
12597,r2i1p1f1,2049,06,28,0.0,27.706968,12.27262,2049
12598,r2i1p1f1,2049,06,29,0.0,26.875206,11.688382,2049
12599,r2i1p1f1,2049,06,30,0.0,25.427475,8.539786,2049
12600,r2i1p1f1,2049,07,01,0.11977408839112076,23.066788,5.1988473,2049
12601,r2i1p1f1,2049,07,02,0.0,26.02241,7.638451,2049
12602,r2i1p1f1,2049,07,03,0.0,26.570028,10.307742,2049
12603,r2i1p1f1,2049,07,04,0.003712083901064034,27.53981,9.89584,2049
12604,r2i1p1f1,2049,07,05,0.0,26.8186,10.935908,2049
12605,r2i1p1f1,2049,07,06,0.0,24.782728,8.908099,2049
12606,r2i1p1f1,2049,07,07,0.0,27.593384,10.500163,2049
12607,r2i1p1f1,2049,07,08,0.0,31.341831,12.566078,2049
12608,r2i1p1f1,2049,07,09,0.0,31.782118,13.766152,2049
12609,r2i1p1f1,2049,07,10,0.0,32.629612,13.081548,2049
12610,r2i1p1f1,2049,07,11,0.0,33.461716,14.101101,2049
12611,r2i1p1f1,2049,07,12,0.0,32.974113,14.540599,2049
12612,r2i1p1f1,2049,07,13,0.0,28.913027,12.481897,2049
12613,r2i1p1f1,2049,07,14,0.0,27.570503,10.9881525,2049
12614,r2i1p1f1,2049,07,15,0.0,29.565323,12.176856,2049
12615,r2i1p1f1,2049,07,16,0.09746653486217838,30.283224,13.91593,2049
12616,r2i1p1f1,2049,07,17,0.0,28.13906,11.616931,2049
12617,r2i1p1f1,2049,07,18,0.0,26.411959,10.152403,2049
12618,r2i1p1f1,2049,07,19,0.0,27.334316,9.968862,2049
12619,r2i1p1f1,2049,07,20,0.4448741138241111,30.099058,14.156281,2049
12620,r2i1p1f1,2049,07,21,0.5875823873793706,29.571236,13.234104,2049
12621,r2i1p1f1,2049,07,22,17.861975707326284,28.74768,13.909277,2049
12622,r2i1p1f1,2049,07,23,4.966584874938025,26.077572,14.307002,2049
12623,r2i1p1f1,2049,07,24,2.4006815003758675,27.274227,12.676912,2049
12624,r2i1p1f1,2049,07,25,0.7753698255573209,26.999193,9.919963,2049
12625,r2i1p1f1,2049,07,26,0.0,26.547276,9.73525,2049
12626,r2i1p1f1,2049,07,27,0.0,26.239445,9.3896675,2049
12627,r2i1p1f1,2049,07,28,0.0,26.47085,8.801962,2049
12628,r2i1p1f1,2049,07,29,0.0,26.101593,8.078857,2049
12629,r2i1p1f1,2049,07,30,0.0,25.183311,7.613645,2049
12630,r2i1p1f1,2049,07,31,0.0,23.327911,6.9688377,2049
12631,r2i1p1f1,2049,08,01,0.0,23.509361,6.6351023,2049
12632,r2i1p1f1,2049,08,02,0.21602773685349172,24.674374,9.667871,2049
12633,r2i1p1f1,2049,08,03,0.0018420040690286371,25.855358,10.005994,2049
12634,r2i1p1f1,2049,08,04,0.0,25.579058,9.217282,2049
12635,r2i1p1f1,2049,08,05,0.0036397367414163174,28.000502,12.12076,2049
12636,r2i1p1f1,2049,08,06,0.0,26.58581,10.074821,2049
12637,r2i1p1f1,2049,08,07,0.0,25.554918,10.314863,2049
12638,r2i1p1f1,2049,08,08,0.0,27.857325,10.701299,2049
12639,r2i1p1f1,2049,08,09,0.0,29.467022,12.556536,2049
12640,r2i1p1f1,2049,08,10,9.433291237208042,27.775913,12.465757,2049
12641,r2i1p1f1,2049,08,11,0.0,26.230337,10.611482,2049
12642,r2i1p1f1,2049,08,12,0.0,27.441813,10.618502,2049
12643,r2i1p1f1,2049,08,13,0.0,29.092245,13.768623,2049
12644,r2i1p1f1,2049,08,14,0.0,30.605892,14.788474,2049
12645,r2i1p1f1,2049,08,15,0.014464632338418736,30.828588,15.977661,2049
12646,r2i1p1f1,2049,08,16,0.0,31.037748,14.757065,2049
12647,r2i1p1f1,2049,08,17,0.12714765312886392,29.3638,12.841865,2049
12648,r2i1p1f1,2049,08,18,0.0,25.674524,10.653639,2049
12649,r2i1p1f1,2049,08,19,0.0,24.916664,9.228104,2049
12650,r2i1p1f1,2049,08,20,0.0,26.209887,9.221826,2049
12651,r2i1p1f1,2049,08,21,0.0,27.882887,12.086075,2049
12652,r2i1p1f1,2049,08,22,0.0,29.340708,13.154575,2049
12653,r2i1p1f1,2049,08,23,0.0,29.392252,13.264023,2049
12654,r2i1p1f1,2049,08,24,0.0,26.852354,10.624684,2049
12655,r2i1p1f1,2049,08,25,0.0,27.712294,11.303435,2049
12656,r2i1p1f1,2049,08,26,0.0,27.34144,12.720352,2049
12657,r2i1p1f1,2049,08,27,0.0,27.158648,11.852816,2049
12658,r2i1p1f1,2049,08,28,0.0,25.822668,10.696626,2049
12659,r2i1p1f1,2049,08,29,0.0,25.33017,10.649637,2049
12660,r2i1p1f1,2049,08,30,0.0,25.565405,10.984307,2049
12661,r2i1p1f1,2049,08,31,0.0,26.631626,9.545368,2049
12662,r2i1p1f1,2049,09,01,0.0,21.029547,6.037015,2049
12663,r2i1p1f1,2049,09,02,0.0,21.128565,5.868959,2049
12664,r2i1p1f1,2049,09,03,0.0,24.923235,10.115355,2049
12665,r2i1p1f1,2049,09,04,0.0,27.56958,11.478746,2049
12666,r2i1p1f1,2049,09,05,0.0,29.30233,13.170762,2049
12667,r2i1p1f1,2049,09,06,0.0,30.214394,13.794099,2049
12668,r2i1p1f1,2049,09,07,0.0,29.8221,14.152861,2049
12669,r2i1p1f1,2049,09,08,0.0,28.439878,12.46282,2049
12670,r2i1p1f1,2049,09,09,0.0,29.169428,12.027684,2049
12671,r2i1p1f1,2049,09,10,0.0,30.290497,12.665507,2049
12672,r2i1p1f1,2049,09,11,0.0,30.281767,12.8406925,2049
12673,r2i1p1f1,2049,09,12,0.0,29.106552,13.660153,2049
12674,r2i1p1f1,2049,09,13,0.007954982972408358,28.793802,11.834035,2049
12675,r2i1p1f1,2049,09,14,0.0,29.163565,12.169398,2049
12676,r2i1p1f1,2049,09,15,0.0,28.75085,11.450341,2049
12677,r2i1p1f1,2049,09,16,2.0892572770557867,28.092514,11.729796,2049
12678,r2i1p1f1,2049,09,17,0.0,20.591536,8.170369,2049
12679,r2i1p1f1,2049,09,18,0.0,24.123013,7.5872145,2049
12680,r2i1p1f1,2049,09,19,0.0,27.386549,9.551859,2049
12681,r2i1p1f1,2049,09,20,0.0,27.001163,10.419527,2049
12682,r2i1p1f1,2049,09,21,0.0,24.644606,10.044431,2049
12683,r2i1p1f1,2049,09,22,0.0,22.895573,7.336587,2049
12684,r2i1p1f1,2049,09,23,0.0,23.124193,7.083026,2049
12685,r2i1p1f1,2049,09,24,0.19495652494907306,23.091625,6.410144,2049
12686,r2i1p1f1,2049,09,25,26.34754491289361,18.354149,5.5477796,2049
12687,r2i1p1f1,2049,09,26,11.648362120523906,18.044807,3.9290886,2049
12688,r2i1p1f1,2049,09,27,2.667263146318314,19.562397,6.2578683,2049
12689,r2i1p1f1,2049,09,28,1.007386445920789,21.407366,7.4292955,2049
12690,r2i1p1f1,2049,09,29,0.0,21.479942,6.484069,2049
12691,r2i1p1f1,2049,09,30,0.0,18.851454,5.5834484,2049
12692,r2i1p1f1,2049,10,01,52.43382304078505,15.303225,8.205204,2049
12693,r2i1p1f1,2049,10,02,9.805822376228416,16.11978,6.1527734,2049
12694,r2i1p1f1,2049,10,03,0.01665782016201634,18.732178,5.3484755,2049
12695,r2i1p1f1,2049,10,04,0.0,22.046131,6.839036,2049
12696,r2i1p1f1,2049,10,05,0.0,23.75452,6.462549,2049
12697,r2i1p1f1,2049,10,06,0.0,24.32152,8.307136,2049
12698,r2i1p1f1,2049,10,07,0.0,19.967026,5.445061,2049
12699,r2i1p1f1,2049,10,08,0.0,22.997309,7.2290616,2049
12700,r2i1p1f1,2049,10,09,0.12883025034660442,24.478704,8.491797,2049
12701,r2i1p1f1,2049,10,10,0.0,23.21331,6.544277,2049
12702,r2i1p1f1,2049,10,11,0.0,22.635427,6.146997,2049
12703,r2i1p1f1,2049,10,12,0.0,25.050428,7.868164,2049
12704,r2i1p1f1,2049,10,13,0.0,23.85016,7.765829,2049
12705,r2i1p1f1,2049,10,14,0.0,23.55273,8.345362,2049
12706,r2i1p1f1,2049,10,15,0.0,26.641222,10.011944,2049
12707,r2i1p1f1,2049,10,16,0.0,29.353428,8.322359,2049
12708,r2i1p1f1,2049,10,17,0.0,26.385767,10.2133,2049
12709,r2i1p1f1,2049,10,18,0.0,30.782461,9.010315,2049
12710,r2i1p1f1,2049,10,19,0.0,27.961266,11.623248,2049
12711,r2i1p1f1,2049,10,20,0.0,27.27673,11.214177,2049
12712,r2i1p1f1,2049,10,21,0.0,26.12512,9.327421,2049
12713,r2i1p1f1,2049,10,22,0.08502817086432166,25.477617,9.581825,2049
12714,r2i1p1f1,2049,10,23,0.0,20.034742,5.3803086,2049
12715,r2i1p1f1,2049,10,24,0.0,17.719473,5.703153,2049
12716,r2i1p1f1,2049,10,25,0.0,24.004585,5.40008,2049
12717,r2i1p1f1,2049,10,26,0.0,23.395493,6.862079,2049
12718,r2i1p1f1,2049,10,27,0.0,17.881514,5.0648794,2049
12719,r2i1p1f1,2049,10,28,0.0,20.275452,2.7473543,2049
12720,r2i1p1f1,2049,10,29,0.0,20.716957,4.7554526,2049
12721,r2i1p1f1,2049,10,30,0.0,20.739962,5.1600404,2049
12722,r2i1p1f1,2049,10,31,0.0,20.964306,5.904586,2049
12723,r2i1p1f1,2049,11,01,0.0,21.04072,4.1058025,2049
12724,r2i1p1f1,2049,11,02,0.0,20.711739,3.913181,2049
12725,r2i1p1f1,2049,11,03,0.0,20.080147,4.90363,2049
12726,r2i1p1f1,2049,11,04,0.0,17.62959,5.0294266,2049
12727,r2i1p1f1,2049,11,05,0.8625397335575914,15.4366,2.3949733,2049
12728,r2i1p1f1,2049,11,06,22.346137724189948,13.301731,4.9204874,2049
12729,r2i1p1f1,2049,11,07,0.0,19.542582,4.6162696,2049
12730,r2i1p1f1,2049,11,08,0.0,23.404766,3.438683,2049
12731,r2i1p1f1,2049,11,09,0.0,22.64262,5.8395677,2049
12732,r2i1p1f1,2049,11,10,0.0,21.629856,6.3713355,2049
12733,r2i1p1f1,2049,11,11,0.0,20.613811,4.6486754,2049
12734,r2i1p1f1,2049,11,12,0.0,18.759668,4.4732456,2049
12735,r2i1p1f1,2049,11,13,0.04443914017079246,18.950993,4.774462,2049
12736,r2i1p1f1,2049,11,14,4.7818643370052225,12.802375,4.021434,2049
12737,r2i1p1f1,2049,11,15,0.0,15.535909,0.23060627,2049
12738,r2i1p1f1,2049,11,16,0.0,16.197758,-0.48851824,2049
12739,r2i1p1f1,2049,11,17,0.0,16.62825,1.1084319,2049
12740,r2i1p1f1,2049,11,18,0.14938027049468544,14.899941,0.46849763,2049
12741,r2i1p1f1,2049,11,19,0.0,12.233086,-4.676521,2049
12742,r2i1p1f1,2049,11,20,0.0,14.478818,-6.5084224,2049
12743,r2i1p1f1,2049,11,21,0.0,17.121857,-2.9165156,2049
12744,r2i1p1f1,2049,11,22,0.0,18.130474,-2.3469434,2049
12745,r2i1p1f1,2049,11,23,0.0,17.13351,0.79553723,2049
12746,r2i1p1f1,2049,11,24,0.0,16.103693,2.7159028,2049
12747,r2i1p1f1,2049,11,25,0.0,17.317993,0.94677097,2049
12748,r2i1p1f1,2049,11,26,0.0,16.95967,-0.8361291,2049
12749,r2i1p1f1,2049,11,27,0.0,16.711626,-2.8915515,2049
12750,r2i1p1f1,2049,11,28,0.0,15.716049,-2.859103,2049
12751,r2i1p1f1,2049,11,29,0.0,15.822159,-1.9251016,2049
12752,r2i1p1f1,2049,11,30,0.0,13.153397,0.61792254,2049
12753,r2i1p1f1,2049,12,01,0.0,16.840244,4.313114,2049
12754,r2i1p1f1,2049,12,02,0.0,17.766232,4.3659325,2049
12755,r2i1p1f1,2049,12,03,0.0,16.456137,4.5584497,2049
12756,r2i1p1f1,2049,12,04,0.0,16.074083,3.709295,2049
12757,r2i1p1f1,2049,12,05,0.0,16.159105,3.5414922,2049
12758,r2i1p1f1,2049,12,06,0.859194856988884,15.824363,3.3914146,2049
12759,r2i1p1f1,2049,12,07,0.0,13.316431,1.6425086,2049
12760,r2i1p1f1,2049,12,08,33.74419255728404,11.087216,2.098075,2049
12761,r2i1p1f1,2049,12,09,65.32244338707712,11.130387,3.6582935,2049
12762,r2i1p1f1,2049,12,10,50.57722361615071,9.343789,4.2938123,2049
12763,r2i1p1f1,2049,12,11,1.2767139773061968,9.889053,4.45292,2049
12764,r2i1p1f1,2049,12,12,0.0,15.131426,5.293464,2049
12765,r2i1p1f1,2049,12,13,1.3040559912042227,12.9267845,7.7218833,2049
12766,r2i1p1f1,2049,12,14,0.0,17.517744,4.950215,2049
12767,r2i1p1f1,2049,12,15,0.0,18.388794,5.382441,2049
12768,r2i1p1f1,2049,12,16,0.0,15.974768,4.209349,2049
12769,r2i1p1f1,2049,12,17,0.0,16.75251,3.9402246,2049
12770,r2i1p1f1,2049,12,18,0.0,15.579152,3.880619,2049
12771,r2i1p1f1,2049,12,19,0.0,16.254824,3.8993351,2049
12772,r2i1p1f1,2049,12,20,0.0,14.8068,3.192281,2049
12773,r2i1p1f1,2049,12,21,0.249316336069464,9.139851,3.3285553,2049
12774,r2i1p1f1,2049,12,22,0.4158946674998823,6.8697853,0.90236163,2049
12775,r2i1p1f1,2049,12,23,0.0,11.609771,1.5606871,2049
12776,r2i1p1f1,2049,12,24,35.17144914479174,7.5245485,0.6487779,2049
12777,r2i1p1f1,2049,12,25,12.718150643251228,4.5791636,-2.1317954,2049
12778,r2i1p1f1,2049,12,26,0.0,4.482674,-7.6892576,2049
12779,r2i1p1f1,2049,12,27,0.0,7.107842,-4.2503138,2049
12780,r2i1p1f1,2049,12,28,0.0,8.556954,-0.5476746,2049
12781,r2i1p1f1,2049,12,29,0.0,7.9680943,-0.49151093,2049
12782,r2i1p1f1,2049,12,30,0.0,12.499495,1.0375178,2049
12783,r2i1p1f1,2049,12,31,0.0,14.047165,2.6275737,2049
12784,r2i1p1f1,2050,01,01,0.0,15.302509,2.811441,2050
12785,r2i1p1f1,2050,01,02,0.0,17.263521,2.7683034,2050
12786,r2i1p1f1,2050,01,03,0.0,17.641142,3.7048848,2050
12787,r2i1p1f1,2050,01,04,0.0,15.593576,3.7498646,2050
12788,r2i1p1f1,2050,01,05,3.9523081426243434,9.769678,3.484013,2050
12789,r2i1p1f1,2050,01,06,0.0,10.413293,4.4361105,2050
12790,r2i1p1f1,2050,01,07,28.617583565154256,8.493452,3.0092206,2050
12791,r2i1p1f1,2050,01,08,13.603120288462378,7.972616,1.680538,2050
12792,r2i1p1f1,2050,01,09,0.0,14.389141,3.620849,2050
12793,r2i1p1f1,2050,01,10,21.721572413494307,10.9907875,5.343871,2050
12794,r2i1p1f1,2050,01,11,0.018576723344337482,15.410085,6.4116883,2050
12795,r2i1p1f1,2050,01,12,0.0,14.542149,2.0769756,2050
12796,r2i1p1f1,2050,01,13,27.090525584823737,9.940523,2.3413422,2050
12797,r2i1p1f1,2050,01,14,7.052942744898106,5.8483253,1.4732908,2050
12798,r2i1p1f1,2050,01,15,20.724401662412745,4.868381,1.0929797,2050
12799,r2i1p1f1,2050,01,16,24.255615684579915,9.769172,3.8731596,2050
12800,r2i1p1f1,2050,01,17,0.0,16.798563,0.3560206,2050
12801,r2i1p1f1,2050,01,18,0.0,14.905064,1.8234534,2050
12802,r2i1p1f1,2050,01,19,0.0,16.30829,6.490641,2050
12803,r2i1p1f1,2050,01,20,1.2590085853494553,11.652285,1.886119,2050
12804,r2i1p1f1,2050,01,21,22.431745441952863,2.952162,-0.9642134,2050
12805,r2i1p1f1,2050,01,22,6.790870279991605,2.2387428,-4.4339666,2050
12806,r2i1p1f1,2050,01,23,12.839621343881355,1.5711117,-6.1673837,2050
12807,r2i1p1f1,2050,01,24,0.0,3.6177766,-2.1750443,2050
12808,r2i1p1f1,2050,01,25,29.560292521581196,7.9437766,-3.522324,2050
12809,r2i1p1f1,2050,01,26,74.20164260099857,10.396262,4.9491878,2050
12810,r2i1p1f1,2050,01,27,85.44809633704762,11.815852,-0.29836106,2050
12811,r2i1p1f1,2050,01,28,0.0,7.655259,-3.7542639,2050
12812,r2i1p1f1,2050,01,29,0.0,11.786686,-0.4474459,2050
12813,r2i1p1f1,2050,01,30,0.0,13.523657,0.8183897,2050
12814,r2i1p1f1,2050,01,31,0.0,14.48555,2.0107758,2050
12815,r2i1p1f1,2050,02,01,0.0,16.274288,2.034916,2050
12816,r2i1p1f1,2050,02,02,0.0,17.624897,2.7572813,2050
12817,r2i1p1f1,2050,02,03,0.0,17.829117,3.704757,2050
12818,r2i1p1f1,2050,02,04,0.0,15.959207,1.8042645,2050
12819,r2i1p1f1,2050,02,05,0.0,15.877312,2.261701,2050
12820,r2i1p1f1,2050,02,06,0.0,17.706774,4.544519,2050
12821,r2i1p1f1,2050,02,07,2.068878217351784,15.491131,-0.8176749,2050
12822,r2i1p1f1,2050,02,08,0.0,10.606827,-2.6924138,2050
12823,r2i1p1f1,2050,02,09,0.0,17.034048,3.9971392,2050
12824,r2i1p1f1,2050,02,10,0.0,16.680008,3.5318623,2050
12825,r2i1p1f1,2050,02,11,0.0,11.762298,-5.702801,2050
12826,r2i1p1f1,2050,02,12,0.0,10.287801,-6.7050815,2050
12827,r2i1p1f1,2050,02,13,0.0,11.462063,-6.1493917,2050
12828,r2i1p1f1,2050,02,14,24.862137191722958,4.1479936,-6.590508,2050
12829,r2i1p1f1,2050,02,15,36.68551123007022,2.940236,-7.847142,2050
12830,r2i1p1f1,2050,02,16,73.13409838825464,0.6404515,-5.662157,2050
12831,r2i1p1f1,2050,02,17,0.0,1.8233678,-9.731927,2050
12832,r2i1p1f1,2050,02,18,34.375999725531216,1.552618,-7.0997767,2050
12833,r2i1p1f1,2050,02,19,15.03331075465002,5.38017,-8.484477,2050
12834,r2i1p1f1,2050,02,20,0.07382537255930052,8.890188,-9.205448,2050
12835,r2i1p1f1,2050,02,21,0.0,8.440554,-3.7556932,2050
12836,r2i1p1f1,2050,02,22,34.06143830372737,3.2057996,-3.8023176,2050
12837,r2i1p1f1,2050,02,23,0.05946335945386986,5.993672,-3.7466881,2050
12838,r2i1p1f1,2050,02,24,0.0,10.301636,-4.4927487,2050
12839,r2i1p1f1,2050,02,25,0.0,12.405934,-5.2341824,2050
12840,r2i1p1f1,2050,02,26,0.0,7.3564234,-2.6230495,2050
12841,r2i1p1f1,2050,02,27,15.09373049070396,6.8155284,1.7138168,2050
12842,r2i1p1f1,2050,02,28,0.0,9.027414,-3.5425365,2050
12843,r2i1p1f1,2050,03,01,0.0,10.096013,2.243846,2050
12844,r2i1p1f1,2050,03,02,0.0,11.104301,-0.23610325,2050
12845,r2i1p1f1,2050,03,03,0.0,11.575862,-0.6755102,2050
12846,r2i1p1f1,2050,03,04,0.0,13.494546,-3.0442705,2050
12847,r2i1p1f1,2050,03,05,0.0,11.172368,-2.281886,2050
12848,r2i1p1f1,2050,03,06,0.0,15.375041,0.6458995,2050
12849,r2i1p1f1,2050,03,07,0.0,16.309484,2.0381951,2050
12850,r2i1p1f1,2050,03,08,0.0,18.788042,5.2614646,2050
12851,r2i1p1f1,2050,03,09,0.042691332083240226,17.15248,3.8909035,2050
12852,r2i1p1f1,2050,03,10,0.0,15.279316,1.0155104,2050
12853,r2i1p1f1,2050,03,11,14.58320417480606,8.209192,3.5930793,2050
12854,r2i1p1f1,2050,03,12,67.58814036864071,8.938367,2.0125427,2050
12855,r2i1p1f1,2050,03,13,62.0680151731134,8.358735,-3.4574761,2050
12856,r2i1p1f1,2050,03,14,0.0,10.434452,-2.8545654,2050
12857,r2i1p1f1,2050,03,15,1.246275238050797,7.850631,0.12688251,2050
12858,r2i1p1f1,2050,03,16,18.86840781088932,9.013155,-0.5079249,2050
12859,r2i1p1f1,2050,03,17,0.02048915529695268,11.833572,2.3789885,2050
12860,r2i1p1f1,2050,03,18,0.0,15.674022,-0.3723797,2050
12861,r2i1p1f1,2050,03,19,0.0,17.499332,2.1482317,2050
12862,r2i1p1f1,2050,03,20,0.0,18.802736,3.3003564,2050
12863,r2i1p1f1,2050,03,21,0.0,20.998035,3.4703424,2050
12864,r2i1p1f1,2050,03,22,0.0,19.854229,4.6037097,2050
12865,r2i1p1f1,2050,03,23,0.4467965248347984,18.80689,3.2209296,2050
12866,r2i1p1f1,2050,03,24,14.616762456493094,8.213375,4.6689506,2050
12867,r2i1p1f1,2050,03,25,5.106705641950471,9.484044,-3.5508068,2050
12868,r2i1p1f1,2050,03,26,0.0,13.928804,-3.470009,2050
12869,r2i1p1f1,2050,03,27,0.0,14.093642,-0.12778355,2050
12870,r2i1p1f1,2050,03,28,20.861232530352517,6.8467994,1.0559326,2050
12871,r2i1p1f1,2050,03,29,9.431967643460947,5.9705834,0.0043781963,2050
12872,r2i1p1f1,2050,03,30,21.23683167625971,11.244273,-3.2932074,2050
12873,r2i1p1f1,2050,03,31,6.512524433128419,8.851939,3.9589124,2050
12874,r2i1p1f1,2050,04,01,20.11253271512732,9.890861,1.3837826,2050
12875,r2i1p1f1,2050,04,02,3.923205882151356,10.401732,-4.0443025,2050
12876,r2i1p1f1,2050,04,03,28.46699928363355,9.800227,2.0699267,2050
12877,r2i1p1f1,2050,04,04,59.70956476029152,9.984512,-0.60899186,2050
12878,r2i1p1f1,2050,04,05,9.583650370558853,9.551322,-4.4222255,2050
12879,r2i1p1f1,2050,04,06,0.2161800427599631,6.5839906,0.31824815,2050
12880,r2i1p1f1,2050,04,07,0.0,10.517642,3.7547917,2050
12881,r2i1p1f1,2050,04,08,0.0,16.313921,1.1069274,2050
12882,r2i1p1f1,2050,04,09,0.0,19.165762,1.3578415,2050
12883,r2i1p1f1,2050,04,10,0.0,18.631742,2.5496356,2050
12884,r2i1p1f1,2050,04,11,0.0,17.633032,3.8858953,2050
12885,r2i1p1f1,2050,04,12,0.0,17.077232,7.671858,2050
12886,r2i1p1f1,2050,04,13,0.12120073880886104,17.13959,7.3686204,2050
12887,r2i1p1f1,2050,04,14,0.0,27.35773,7.915122,2050
12888,r2i1p1f1,2050,04,15,0.0,28.430527,10.455715,2050
12889,r2i1p1f1,2050,04,16,0.0,27.746962,11.482434,2050
12890,r2i1p1f1,2050,04,17,0.0,27.258907,11.044135,2050
12891,r2i1p1f1,2050,04,18,0.35924163321047115,24.192535,8.349723,2050
12892,r2i1p1f1,2050,04,19,0.014944360530605012,16.164307,1.4379896,2050
12893,r2i1p1f1,2050,04,20,0.0,18.921362,3.2847333,2050
12894,r2i1p1f1,2050,04,21,0.0,21.62871,4.350714,2050
12895,r2i1p1f1,2050,04,22,0.0,22.86923,5.8737135,2050
12896,r2i1p1f1,2050,04,23,0.0,22.646006,6.735553,2050
12897,r2i1p1f1,2050,04,24,0.0,21.762812,5.4016824,2050
12898,r2i1p1f1,2050,04,25,0.0,19.16066,3.6292992,2050
12899,r2i1p1f1,2050,04,26,16.61455826587581,7.4556346,-1.5554718,2050
12900,r2i1p1f1,2050,04,27,12.594774923602996,7.443423,-0.008128924,2050
12901,r2i1p1f1,2050,04,28,0.0,12.589983,1.8310605,2050
12902,r2i1p1f1,2050,04,29,0.0,17.506678,2.3872018,2050
12903,r2i1p1f1,2050,04,30,0.01602496613486437,16.607582,3.1404054,2050
12904,r2i1p1f1,2050,05,01,1.8207759575419074,14.073515,1.7438785,2050
12905,r2i1p1f1,2050,05,02,0.0,17.16921,2.49614,2050
12906,r2i1p1f1,2050,05,03,1.9402388041516343,16.418472,3.5413225,2050
12907,r2i1p1f1,2050,05,04,5.757205676547108,12.093436,-0.19707127,2050
12908,r2i1p1f1,2050,05,05,0.0,16.60436,1.8794775,2050
12909,r2i1p1f1,2050,05,06,0.0,16.451502,2.9755242,2050
12910,r2i1p1f1,2050,05,07,1.052471113339729,12.15625,4.189192,2050
12911,r2i1p1f1,2050,05,08,0.0,12.602622,2.769909,2050
12912,r2i1p1f1,2050,05,09,0.0,12.992063,-0.49783453,2050
12913,r2i1p1f1,2050,05,10,0.0,14.957413,0.83897734,2050
12914,r2i1p1f1,2050,05,11,1.6606269605080552,16.856234,-0.28937218,2050
12915,r2i1p1f1,2050,05,12,0.0,24.856098,6.4737954,2050
12916,r2i1p1f1,2050,05,13,0.0,24.487616,7.650133,2050
12917,r2i1p1f1,2050,05,14,9.457736887046709,17.667963,5.5324364,2050
12918,r2i1p1f1,2050,05,15,0.0,23.105597,5.9898634,2050
12919,r2i1p1f1,2050,05,16,0.0,24.585936,8.509553,2050
12920,r2i1p1f1,2050,05,17,0.0,23.265556,5.9749026,2050
12921,r2i1p1f1,2050,05,18,4.4195616502922626,11.116385,-2.357705,2050
12922,r2i1p1f1,2050,05,19,0.0,17.30481,-0.21118721,2050
12923,r2i1p1f1,2050,05,20,0.0,18.534908,4.5568557,2050
12924,r2i1p1f1,2050,05,21,0.0,19.807377,3.838886,2050
12925,r2i1p1f1,2050,05,22,0.0,20.982891,4.770679,2050
12926,r2i1p1f1,2050,05,23,0.0,21.478754,3.8293092,2050
12927,r2i1p1f1,2050,05,24,0.0,22.037964,4.370991,2050
12928,r2i1p1f1,2050,05,25,0.0,25.219341,6.5313883,2050
12929,r2i1p1f1,2050,05,26,0.0,26.59685,8.455229,2050
12930,r2i1p1f1,2050,05,27,0.0,26.806606,9.776468,2050
12931,r2i1p1f1,2050,05,28,0.0,28.661652,11.211469,2050
12932,r2i1p1f1,2050,05,29,0.0,27.664015,11.63698,2050
12933,r2i1p1f1,2050,05,30,0.348614713304694,23.066715,6.71683,2050
12934,r2i1p1f1,2050,05,31,1.9006017600426834,22.228878,6.3024154,2050
12935,r2i1p1f1,2050,06,01,19.552110602503838,21.833212,5.015989,2050
12936,r2i1p1f1,2050,06,02,21.392879301062678,17.699825,2.6506064,2050
12937,r2i1p1f1,2050,06,03,10.802756177291975,13.867945,2.5801208,2050
12938,r2i1p1f1,2050,06,04,0.9090729848174726,17.37421,3.2268524,2050
12939,r2i1p1f1,2050,06,05,4.128498627058154,16.809679,8.601633,2050
12940,r2i1p1f1,2050,06,06,1.7991420399154707,20.279146,7.301172,2050
12941,r2i1p1f1,2050,06,07,0.8058186356580476,23.796167,6.4166284,2050
12942,r2i1p1f1,2050,06,08,1.1393248214097604,23.149374,6.516731,2050
12943,r2i1p1f1,2050,06,09,0.0,25.02377,9.640322,2050
12944,r2i1p1f1,2050,06,10,0.0,27.727354,10.447461,2050
12945,r2i1p1f1,2050,06,11,0.0,30.67826,13.042906,2050
12946,r2i1p1f1,2050,06,12,0.0,30.803436,13.474353,2050
12947,r2i1p1f1,2050,06,13,0.0,30.812887,12.74813,2050
12948,r2i1p1f1,2050,06,14,0.0,29.311718,11.643334,2050
12949,r2i1p1f1,2050,06,15,1.7695036966030715,28.301226,11.600263,2050
12950,r2i1p1f1,2050,06,16,2.0626020385372192,22.015413,7.2209897,2050
12951,r2i1p1f1,2050,06,17,0.3898037570147258,18.199274,8.68499,2050
12952,r2i1p1f1,2050,06,18,0.0,25.044628,10.457377,2050
12953,r2i1p1f1,2050,06,19,0.25304205964158216,27.1761,10.303889,2050
12954,r2i1p1f1,2050,06,20,0.0,27.865723,10.966806,2050
12955,r2i1p1f1,2050,06,21,0.0,32.190544,13.399983,2050
12956,r2i1p1f1,2050,06,22,0.05322526572294569,33.854164,14.113627,2050
12957,r2i1p1f1,2050,06,23,0.0,33.451797,14.298555,2050
12958,r2i1p1f1,2050,06,24,0.0,32.014317,12.62042,2050
12959,r2i1p1f1,2050,06,25,0.0,30.538525,12.647703,2050
12960,r2i1p1f1,2050,06,26,0.0,30.86001,12.205316,2050
12961,r2i1p1f1,2050,06,27,0.0,27.86357,11.93578,2050
12962,r2i1p1f1,2050,06,28,0.0,25.924591,9.624873,2050
12963,r2i1p1f1,2050,06,29,0.0,27.641758,11.122962,2050
12964,r2i1p1f1,2050,06,30,0.0,31.090302,12.072415,2050
12965,r2i1p1f1,2050,07,01,0.0,32.24311,13.220283,2050
12966,r2i1p1f1,2050,07,02,0.0,32.180515,12.373016,2050
12967,r2i1p1f1,2050,07,03,0.0,32.20716,12.486234,2050
12968,r2i1p1f1,2050,07,04,0.0,32.58612,13.478431,2050
12969,r2i1p1f1,2050,07,05,0.0,32.75171,14.152659,2050
12970,r2i1p1f1,2050,07,06,0.0,30.706749,13.132253,2050
12971,r2i1p1f1,2050,07,07,0.0,27.836407,10.692793,2050
12972,r2i1p1f1,2050,07,08,0.0,28.06466,12.414887,2050
12973,r2i1p1f1,2050,07,09,0.0,31.35168,12.877169,2050
12974,r2i1p1f1,2050,07,10,0.0,32.269493,13.32948,2050
12975,r2i1p1f1,2050,07,11,0.45673361824950776,32.078426,13.602569,2050
12976,r2i1p1f1,2050,07,12,0.32764146314828113,28.424511,12.289324,2050
12977,r2i1p1f1,2050,07,13,0.0,30.62022,13.714878,2050
12978,r2i1p1f1,2050,07,14,0.0,31.400024,15.368835,2050
12979,r2i1p1f1,2050,07,15,0.0873853795960363,31.280346,16.44864,2050
12980,r2i1p1f1,2050,07,16,1.2822338350605815,31.452799,14.966624,2050
12981,r2i1p1f1,2050,07,17,0.0,32.171307,15.973511,2050
12982,r2i1p1f1,2050,07,18,0.0,32.192287,16.45065,2050
12983,r2i1p1f1,2050,07,19,0.0,32.437298,16.63804,2050
12984,r2i1p1f1,2050,07,20,0.0,33.054638,16.326166,2050
12985,r2i1p1f1,2050,07,21,0.0,32.765755,15.491516,2050
12986,r2i1p1f1,2050,07,22,0.0,31.224009,14.020113,2050
12987,r2i1p1f1,2050,07,23,0.0,32.543747,15.21157,2050
12988,r2i1p1f1,2050,07,24,0.0,32.999924,16.923197,2050
12989,r2i1p1f1,2050,07,25,0.0,32.890995,16.240019,2050
12990,r2i1p1f1,2050,07,26,0.0,34.13776,15.458969,2050
12991,r2i1p1f1,2050,07,27,0.0,34.185646,17.621944,2050
12992,r2i1p1f1,2050,07,28,0.0,34.54639,17.757631,2050
12993,r2i1p1f1,2050,07,29,0.1046552763839897,34.016594,19.335892,2050
12994,r2i1p1f1,2050,07,30,0.019577678421438368,31.17538,15.046938,2050
12995,r2i1p1f1,2050,07,31,0.0,29.49312,13.460205,2050
12996,r2i1p1f1,2050,08,01,0.0,30.777603,14.701914,2050
12997,r2i1p1f1,2050,08,02,0.0,31.69148,15.780847,2050
12998,r2i1p1f1,2050,08,03,0.0,31.651884,14.308447,2050
12999,r2i1p1f1,2050,08,04,0.0,32.977676,14.8115425,2050
13000,r2i1p1f1,2050,08,05,0.0,33.361916,15.520981,2050
13001,r2i1p1f1,2050,08,06,0.0,35.01251,16.357983,2050
13002,r2i1p1f1,2050,08,07,0.0,34.71022,16.57225,2050
13003,r2i1p1f1,2050,08,08,0.0,34.770336,17.404371,2050
13004,r2i1p1f1,2050,08,09,0.0,36.325935,17.223608,2050
13005,r2i1p1f1,2050,08,10,0.0,34.58026,16.645355,2050
13006,r2i1p1f1,2050,08,11,0.0,33.571224,17.30704,2050
13007,r2i1p1f1,2050,08,12,0.0,32.896824,17.5729,2050
13008,r2i1p1f1,2050,08,13,0.0,31.764843,15.331531,2050
13009,r2i1p1f1,2050,08,14,0.0,30.601393,14.529575,2050
13010,r2i1p1f1,2050,08,15,0.0,31.170702,14.857371,2050
13011,r2i1p1f1,2050,08,16,0.0,30.972715,14.034039,2050
13012,r2i1p1f1,2050,08,17,0.0,27.989628,11.975426,2050
13013,r2i1p1f1,2050,08,18,0.0,28.549398,12.173235,2050
13014,r2i1p1f1,2050,08,19,0.0,28.41893,12.387352,2050
13015,r2i1p1f1,2050,08,20,0.0,26.667442,10.022246,2050
13016,r2i1p1f1,2050,08,21,0.0,26.11849,10.175147,2050
13017,r2i1p1f1,2050,08,22,0.0,28.53231,12.866242,2050
13018,r2i1p1f1,2050,08,23,0.0,31.039263,13.293371,2050
13019,r2i1p1f1,2050,08,24,0.0,32.875412,15.159517,2050
13020,r2i1p1f1,2050,08,25,0.0,32.782997,15.548726,2050
13021,r2i1p1f1,2050,08,26,0.0,31.979523,14.453716,2050
13022,r2i1p1f1,2050,08,27,0.0,30.974741,13.310964,2050
13023,r2i1p1f1,2050,08,28,0.0,29.715658,13.442613,2050
13024,r2i1p1f1,2050,08,29,0.0,30.765913,12.880589,2050
13025,r2i1p1f1,2050,08,30,0.0,30.325176,12.066486,2050
13026,r2i1p1f1,2050,08,31,0.0,27.976938,9.144169,2050
13027,r2i1p1f1,2050,09,01,0.0,28.917406,11.704759,2050
13028,r2i1p1f1,2050,09,02,0.0,29.575302,12.592939,2050
13029,r2i1p1f1,2050,09,03,0.0,30.086283,13.299729,2050
13030,r2i1p1f1,2050,09,04,0.0,29.723454,13.577286,2050
13031,r2i1p1f1,2050,09,05,0.0,27.0865,11.579547,2050
13032,r2i1p1f1,2050,09,06,0.0,26.339743,9.555814,2050
13033,r2i1p1f1,2050,09,07,0.0,23.65311,4.5868564,2050
13034,r2i1p1f1,2050,09,08,0.0,22.399683,6.470984,2050
13035,r2i1p1f1,2050,09,09,0.0,27.527042,10.133787,2050
13036,r2i1p1f1,2050,09,10,0.0,30.288927,11.898644,2050
13037,r2i1p1f1,2050,09,11,0.0,30.644306,11.783611,2050
13038,r2i1p1f1,2050,09,12,0.0,26.327694,8.082334,2050
13039,r2i1p1f1,2050,09,13,0.0,25.96622,6.9658327,2050
13040,r2i1p1f1,2050,09,14,0.0,27.860477,9.164147,2050
13041,r2i1p1f1,2050,09,15,0.0,28.608164,10.935497,2050
13042,r2i1p1f1,2050,09,16,0.0,31.523102,13.260247,2050
13043,r2i1p1f1,2050,09,17,0.0,33.06509,14.405993,2050
13044,r2i1p1f1,2050,09,18,0.0,32.804302,15.848674,2050
13045,r2i1p1f1,2050,09,19,0.0,31.909376,15.541135,2050
13046,r2i1p1f1,2050,09,20,0.0,31.822704,15.821668,2050
13047,r2i1p1f1,2050,09,21,0.0,31.258427,12.819209,2050
13048,r2i1p1f1,2050,09,22,0.0,30.716816,12.037499,2050
13049,r2i1p1f1,2050,09,23,0.0,29.37898,13.316979,2050
13050,r2i1p1f1,2050,09,24,0.0,28.337534,10.805784,2050
13051,r2i1p1f1,2050,09,25,0.0,28.380024,10.951915,2050
13052,r2i1p1f1,2050,09,26,0.0,30.154932,12.912466,2050
13053,r2i1p1f1,2050,09,27,0.0,31.292442,13.858189,2050
13054,r2i1p1f1,2050,09,28,0.0,30.438301,12.59032,2050
13055,r2i1p1f1,2050,09,29,0.0,30.293732,13.754191,2050
13056,r2i1p1f1,2050,09,30,0.0,31.522167,13.960456,2050
13057,r2i1p1f1,2050,10,01,0.0,31.354223,13.750542,2050
13058,r2i1p1f1,2050,10,02,0.0,31.729351,13.586382,2050
13059,r2i1p1f1,2050,10,03,0.0,31.68964,14.099468,2050
13060,r2i1p1f1,2050,10,04,0.0,31.259531,13.94409,2050
13061,r2i1p1f1,2050,10,05,0.0,27.28455,12.74302,2050
13062,r2i1p1f1,2050,10,06,0.0,23.933136,5.3913364,2050
13063,r2i1p1f1,2050,10,07,0.0,21.774176,5.339439,2050
13064,r2i1p1f1,2050,10,08,0.0,23.05743,4.977158,2050
13065,r2i1p1f1,2050,10,09,0.0,24.171686,5.01084,2050
13066,r2i1p1f1,2050,10,10,0.0,25.850811,5.4331656,2050
13067,r2i1p1f1,2050,10,11,0.0,25.04564,9.426587,2050
13068,r2i1p1f1,2050,10,12,0.0,24.401876,8.580987,2050
13069,r2i1p1f1,2050,10,13,0.0,23.45052,6.6476707,2050
13070,r2i1p1f1,2050,10,14,0.0,24.67103,8.351054,2050
13071,r2i1p1f1,2050,10,15,0.0,27.74377,8.685623,2050
13072,r2i1p1f1,2050,10,16,0.0,23.478323,7.8314786,2050
13073,r2i1p1f1,2050,10,17,0.0,22.307377,6.820852,2050
13074,r2i1p1f1,2050,10,18,0.0,19.258759,2.577765,2050
13075,r2i1p1f1,2050,10,19,0.0,15.0165825,0.455906,2050
13076,r2i1p1f1,2050,10,20,0.0,15.343306,-2.143328,2050
13077,r2i1p1f1,2050,10,21,0.0,18.006386,0.7280524,2050
13078,r2i1p1f1,2050,10,22,0.0,19.98867,4.350954,2050
13079,r2i1p1f1,2050,10,23,0.0,21.10016,4.937238,2050
13080,r2i1p1f1,2050,10,24,0.0,20.636906,6.9379897,2050
13081,r2i1p1f1,2050,10,25,0.0,18.723846,5.5340614,2050
13082,r2i1p1f1,2050,10,26,0.0,14.480891,1.57771,2050
13083,r2i1p1f1,2050,10,27,0.0,13.263495,0.4012855,2050
13084,r2i1p1f1,2050,10,28,0.0,16.161205,2.9386737,2050
13085,r2i1p1f1,2050,10,29,0.0,16.932116,3.6324956,2050
13086,r2i1p1f1,2050,10,30,0.1301028794841841,16.095804,3.508575,2050
13087,r2i1p1f1,2050,10,31,15.890634939849125,9.145567,4.1212845,2050
13088,r2i1p1f1,2050,11,01,1.806418759796403,7.3631825,-1.0766916,2050
13089,r2i1p1f1,2050,11,02,2.783261387496448,7.6265745,2.3497267,2050
13090,r2i1p1f1,2050,11,03,2.1975476599226775,8.248231,-0.5768559,2050
13091,r2i1p1f1,2050,11,04,0.0,9.678435,-0.7576158,2050
13092,r2i1p1f1,2050,11,05,0.0,13.921445,-0.9223776,2050
13093,r2i1p1f1,2050,11,06,0.0,16.946156,0.60701203,2050
13094,r2i1p1f1,2050,11,07,0.0,15.987721,-0.71768063,2050
13095,r2i1p1f1,2050,11,08,0.0,15.904741,0.2957659,2050
13096,r2i1p1f1,2050,11,09,0.0,15.905788,2.5371344,2050
13097,r2i1p1f1,2050,11,10,0.0,16.750057,3.253836,2050
13098,r2i1p1f1,2050,11,11,7.850442942785426,12.927681,4.414762,2050
13099,r2i1p1f1,2050,11,12,0.12475437863311246,12.82915,2.4800205,2050
13100,r2i1p1f1,2050,11,13,0.0,14.070942,2.7646286,2050
13101,r2i1p1f1,2050,11,14,0.0,14.356018,2.836702,2050
13102,r2i1p1f1,2050,11,15,0.0881872358709538,17.598978,4.383361,2050
13103,r2i1p1f1,2050,11,16,0.06712399507215686,18.323427,4.0668626,2050
13104,r2i1p1f1,2050,11,17,0.0,17.897518,2.4008894,2050
13105,r2i1p1f1,2050,11,18,0.0,19.15186,-0.57397264,2050
13106,r2i1p1f1,2050,11,19,0.0,17.493683,-1.19863,2050
13107,r2i1p1f1,2050,11,20,1.0925776961182867,11.112885,4.7538986,2050
13108,r2i1p1f1,2050,11,21,0.0,10.661968,0.32788515,2050
13109,r2i1p1f1,2050,11,22,14.164526258956847,10.529121,4.2086716,2050
13110,r2i1p1f1,2050,11,23,82.78970254961258,9.1309395,4.9409122,2050
13111,r2i1p1f1,2050,11,24,0.0,11.983453,0.4383487,2050
13112,r2i1p1f1,2050,11,25,0.0,11.272412,-1.5119745,2050
13113,r2i1p1f1,2050,11,26,2.95482591266661,9.723437,-1.059636,2050
13114,r2i1p1f1,2050,11,27,3.4058079149242704,7.298513,-0.6948576,2050
13115,r2i1p1f1,2050,11,28,0.0,12.077659,-0.7489669,2050
13116,r2i1p1f1,2050,11,29,45.3160437871702,12.033461,1.6845374,2050
13117,r2i1p1f1,2050,11,30,50.34217307290349,11.098767,5.1968503,2050
13118,r2i1p1f1,2050,12,01,22.727173390628124,9.926726,4.9935303,2050
13119,r2i1p1f1,2050,12,02,17.155592642554367,8.51751,3.6111345,2050
13120,r2i1p1f1,2050,12,03,12.800715212338568,8.971395,5.0919065,2050
13121,r2i1p1f1,2050,12,04,0.0,15.21283,5.221195,2050
13122,r2i1p1f1,2050,12,05,0.0,16.790766,5.041233,2050
13123,r2i1p1f1,2050,12,06,0.0,17.25255,4.602473,2050
13124,r2i1p1f1,2050,12,07,0.0,15.109924,4.8911595,2050
13125,r2i1p1f1,2050,12,08,24.7104854083423,8.916471,5.1588244,2050
13126,r2i1p1f1,2050,12,09,0.0,13.9699,2.821259,2050
13127,r2i1p1f1,2050,12,10,0.0,15.73292,3.4648845,2050
13128,r2i1p1f1,2050,12,11,0.0,15.347083,4.0455756,2050
13129,r2i1p1f1,2050,12,12,0.004929102578898892,12.608185,6.426413,2050
13130,r2i1p1f1,2050,12,13,0.0,16.29561,3.1820314,2050
13131,r2i1p1f1,2050,12,14,0.0,14.19272,2.7378197,2050
13132,r2i1p1f1,2050,12,15,0.0,14.42135,3.3903418,2050
13133,r2i1p1f1,2050,12,16,23.934691632614257,9.43644,-0.11110208,2050
13134,r2i1p1f1,2050,12,17,0.02803715465233836,7.2034073,1.588426,2050
13135,r2i1p1f1,2050,12,18,92.11957836971403,9.973136,0.6092185,2050
13136,r2i1p1f1,2050,12,19,84.00413982498532,9.917505,-2.0084364,2050
13137,r2i1p1f1,2050,12,20,5.024691138155154,4.8089952,-0.7325447,2050
13138,r2i1p1f1,2050,12,21,47.84792181319342,5.3067555,-0.5184535,2050
13139,r2i1p1f1,2050,12,22,1.4023086640218725,4.4357295,-0.21778527,2050
13140,r2i1p1f1,2050,12,23,0.0,7.100896,-3.1298692,2050
13141,r2i1p1f1,2050,12,24,0.0,6.6624355,-4.603795,2050
13142,r2i1p1f1,2050,12,25,0.0,5.7609067,-2.0482264,2050
13143,r2i1p1f1,2050,12,26,0.0,11.189513,-1.1579925,2050
13144,r2i1p1f1,2050,12,27,0.0,11.464433,1.6119524,2050
13145,r2i1p1f1,2050,12,28,0.0,9.349456,3.3703837,2050
13146,r2i1p1f1,2050,12,29,0.0,11.832016,2.8798866,2050
13147,r2i1p1f1,2050,12,30,0.0,16.22662,2.793958,2050
13148,r2i1p1f1,2050,12,31,0.0,16.29746,2.0810947,2050
13149,r2i1p1f1,2051,01,01,0.0,14.981115,2.5116658,2051
13150,r2i1p1f1,2051,01,02,0.0,9.676245,1.615223,2051
13151,r2i1p1f1,2051,01,03,0.03710050570169607,8.401718,4.148624,2051
13152,r2i1p1f1,2051,01,04,0.0,11.619291,-0.14084987,2051
13153,r2i1p1f1,2051,01,05,0.0,12.053815,1.9879835,2051
13154,r2i1p1f1,2051,01,06,33.37083571957639,8.496275,1.2537562,2051
13155,r2i1p1f1,2051,01,07,22.702714461215344,5.761001,-4.081676,2051
13156,r2i1p1f1,2051,01,08,0.07236854880130313,4.436859,-4.907974,2051
13157,r2i1p1f1,2051,01,09,0.0,8.0560665,-8.429187,2051
13158,r2i1p1f1,2051,01,10,0.0,7.0139427,-5.7795916,2051
13159,r2i1p1f1,2051,01,11,7.33705447140752,-0.022895128,-4.4958105,2051
13160,r2i1p1f1,2051,01,12,6.289407916364535,0.25201494,-4.3776383,2051
13161,r2i1p1f1,2051,01,13,1.5028306144516206,-0.31111887,-4.9884634,2051
13162,r2i1p1f1,2051,01,14,0.0,4.6255717,-7.4200673,2051
13163,r2i1p1f1,2051,01,15,0.0,8.021909,-5.861363,2051
13164,r2i1p1f1,2051,01,16,0.0,8.822246,-5.0883493,2051
13165,r2i1p1f1,2051,01,17,0.0,6.895597,-5.085165,2051
13166,r2i1p1f1,2051,01,18,0.0,8.613255,-3.6676562,2051
13167,r2i1p1f1,2051,01,19,0.0,7.230544,-3.2397373,2051
13168,r2i1p1f1,2051,01,20,0.0,5.9641285,-6.990211,2051
13169,r2i1p1f1,2051,01,21,0.0,1.2893025,-11.441443,2051
13170,r2i1p1f1,2051,01,22,0.0,-0.33377203,-11.361759,2051
13171,r2i1p1f1,2051,01,23,0.0,4.6956673,-7.4314585,2051
13172,r2i1p1f1,2051,01,24,0.9636961124390206,3.1771216,-7.8196363,2051
13173,r2i1p1f1,2051,01,25,42.56583609922718,1.6668506,-3.5240886,2051
13174,r2i1p1f1,2051,01,26,12.606594460353685,-0.5478598,-12.468835,2051
13175,r2i1p1f1,2051,01,27,0.0,2.8058765,-10.946753,2051
13176,r2i1p1f1,2051,01,28,3.2607748276509834,0.49277788,-5.10311,2051
13177,r2i1p1f1,2051,01,29,64.60485686548054,2.940075,-6.009728,2051
13178,r2i1p1f1,2051,01,30,28.312598655107788,3.096701,-4.6428943,2051
13179,r2i1p1f1,2051,01,31,54.92513300403236,3.9015715,-6.4876394,2051
13180,r2i1p1f1,2051,02,01,63.927452833069346,8.27709,0.4721668,2051
13181,r2i1p1f1,2051,02,02,116.81004498655406,10.0441265,3.7397237,2051
13182,r2i1p1f1,2051,02,03,79.28225122696648,8.5764475,-2.2213714,2051
13183,r2i1p1f1,2051,02,04,7.276732175985392,4.1639037,-5.683504,2051
13184,r2i1p1f1,2051,02,05,0.016670612701720808,0.71590364,-11.106144,2051
13185,r2i1p1f1,2051,02,06,0.0,0.40194613,-13.985154,2051
13186,r2i1p1f1,2051,02,07,0.0,-1.3322228,-9.693843,2051
13187,r2i1p1f1,2051,02,08,0.0,5.5853853,-9.433226,2051
13188,r2i1p1f1,2051,02,09,0.0,5.0772114,-6.4399147,2051
13189,r2i1p1f1,2051,02,10,0.0,7.184144,-6.0958853,2051
13190,r2i1p1f1,2051,02,11,0.0,8.421454,-4.544378,2051
13191,r2i1p1f1,2051,02,12,0.0,8.711435,-4.1299853,2051
13192,r2i1p1f1,2051,02,13,0.0,11.842355,-2.299536,2051
13193,r2i1p1f1,2051,02,14,0.0,11.023358,-2.6298048,2051
13194,r2i1p1f1,2051,02,15,0.0,13.349769,-1.1651676,2051
13195,r2i1p1f1,2051,02,16,0.0,15.759603,0.9056984,2051
13196,r2i1p1f1,2051,02,17,0.0,14.272849,0.17458431,2051
13197,r2i1p1f1,2051,02,18,3.4385072613356615,10.154029,1.1395527,2051
13198,r2i1p1f1,2051,02,19,7.259944513078573,8.832521,0.34964147,2051
13199,r2i1p1f1,2051,02,20,14.85143887079735,5.151166,-0.14023247,2051
13200,r2i1p1f1,2051,02,21,2.1896706564645614,5.4078517,-1.2622999,2051
13201,r2i1p1f1,2051,02,22,1.5206486240808421,9.763484,-0.7314055,2051
13202,r2i1p1f1,2051,02,23,29.980373533012774,6.2070346,0.33579576,2051
13203,r2i1p1f1,2051,02,24,2.2128299383089494,6.403138,-1.205456,2051
13204,r2i1p1f1,2051,02,25,5.279627350563924,4.1198034,-1.2047356,2051
13205,r2i1p1f1,2051,02,26,0.26164529952159055,5.091188,-0.12868911,2051
13206,r2i1p1f1,2051,02,27,36.277283257312284,4.116089,-0.71536833,2051
13207,r2i1p1f1,2051,02,28,5.879106101397506,3.6568604,-2.1073155,2051
13208,r2i1p1f1,2051,03,01,0.23775816960271465,4.0953145,-1.0717498,2051
13209,r2i1p1f1,2051,03,02,0.0,8.745015,1.7197874,2051
13210,r2i1p1f1,2051,03,03,0.008792119758884208,10.129288,2.165473,2051
13211,r2i1p1f1,2051,03,04,0.0,14.225542,0.17265888,2051
13212,r2i1p1f1,2051,03,05,0.0,18.484814,1.620973,2051
13213,r2i1p1f1,2051,03,06,0.26128284611891456,14.043364,4.965762,2051
13214,r2i1p1f1,2051,03,07,0.0,12.702242,4.360375,2051
13215,r2i1p1f1,2051,03,08,0.0,15.699881,0.74660003,2051
13216,r2i1p1f1,2051,03,09,0.0,13.386839,1.1151831,2051
13217,r2i1p1f1,2051,03,10,42.69849074234326,8.008728,0.27418253,2051
13218,r2i1p1f1,2051,03,11,19.138855815533763,3.5991664,-0.63018495,2051
13219,r2i1p1f1,2051,03,12,0.7882824288152244,5.803309,0.30492586,2051
13220,r2i1p1f1,2051,03,13,31.31362663116306,3.3072057,-0.5065376,2051
13221,r2i1p1f1,2051,03,14,22.03240011451551,6.0077324,0.76280606,2051
13222,r2i1p1f1,2051,03,15,2.551170597206902,12.753691,-0.12015592,2051
13223,r2i1p1f1,2051,03,16,0.0,18.705143,1.4761596,2051
13224,r2i1p1f1,2051,03,17,0.0,19.237547,2.8934984,2051
13225,r2i1p1f1,2051,03,18,0.0,16.925694,4.083122,2051
13226,r2i1p1f1,2051,03,19,6.67446980637928,11.547544,-2.1659977,2051
13227,r2i1p1f1,2051,03,20,0.0,12.428564,-1.7173215,2051
13228,r2i1p1f1,2051,03,21,0.0,13.009756,-1.939349,2051
13229,r2i1p1f1,2051,03,22,0.0,15.503108,-1.3450649,2051
13230,r2i1p1f1,2051,03,23,0.0,15.908933,0.995533,2051
13231,r2i1p1f1,2051,03,24,0.0,13.616121,1.4850097,2051
13232,r2i1p1f1,2051,03,25,0.0,14.090356,2.0637736,2051
13233,r2i1p1f1,2051,03,26,0.0,18.277735,2.506248,2051
13234,r2i1p1f1,2051,03,27,0.0,19.301334,3.4442835,2051
13235,r2i1p1f1,2051,03,28,0.0,20.038822,5.7364554,2051
13236,r2i1p1f1,2051,03,29,0.0,19.661657,4.8157215,2051
13237,r2i1p1f1,2051,03,30,0.0,19.43127,3.0966425,2051
13238,r2i1p1f1,2051,03,31,0.0,19.553234,4.272277,2051
13239,r2i1p1f1,2051,04,01,0.0,19.322338,3.7052789,2051
13240,r2i1p1f1,2051,04,02,4.842376162042246,12.159399,-2.1770368,2051
13241,r2i1p1f1,2051,04,03,4.826559798507683,9.242634,0.9217447,2051
13242,r2i1p1f1,2051,04,04,0.0,15.64303,1.5832098,2051
13243,r2i1p1f1,2051,04,05,0.0,15.990574,5.268218,2051
13244,r2i1p1f1,2051,04,06,0.0,20.787813,3.892412,2051
13245,r2i1p1f1,2051,04,07,21.248377252217885,15.715605,-0.6911582,2051
13246,r2i1p1f1,2051,04,08,60.40795759506112,10.298782,4.917052,2051
13247,r2i1p1f1,2051,04,09,88.4728216781066,9.860254,-0.07421083,2051
13248,r2i1p1f1,2051,04,10,0.0,18.234571,1.5941234,2051
13249,r2i1p1f1,2051,04,11,45.88074392746561,11.340718,4.8045726,2051
13250,r2i1p1f1,2051,04,12,9.480187475688021,8.219371,4.031663,2051
13251,r2i1p1f1,2051,04,13,15.740446702245837,10.782177,0.47437492,2051
13252,r2i1p1f1,2051,04,14,27.04872792128299,9.133125,-0.36692223,2051
13253,r2i1p1f1,2051,04,15,0.0,13.656009,0.9666394,2051
13254,r2i1p1f1,2051,04,16,3.8482693683153437,12.040233,0.2177796,2051
13255,r2i1p1f1,2051,04,17,6.341659761108951,10.743062,-0.5550017,2051
13256,r2i1p1f1,2051,04,18,0.0,13.694309,-1.0859759,2051
13257,r2i1p1f1,2051,04,19,0.7836410810901165,8.933188,-0.35732222,2051
13258,r2i1p1f1,2051,04,20,0.0020321125213320977,14.752676,0.2470708,2051
13259,r2i1p1f1,2051,04,21,0.0,17.43128,1.0018255,2051
13260,r2i1p1f1,2051,04,22,0.0,19.3498,3.5800397,2051
13261,r2i1p1f1,2051,04,23,0.10305177020200063,18.713974,3.5105755,2051
13262,r2i1p1f1,2051,04,24,0.08512053475267468,15.1275835,1.897016,2051
13263,r2i1p1f1,2051,04,25,0.0,16.445927,0.5109612,2051
13264,r2i1p1f1,2051,04,26,0.0,15.407878,1.5026487,2051
13265,r2i1p1f1,2051,04,27,0.0,15.085525,0.43854424,2051
13266,r2i1p1f1,2051,04,28,0.16830280036139392,14.255625,-1.6551917,2051
13267,r2i1p1f1,2051,04,29,0.48489091132069007,10.955861,-3.2965472,2051
13268,r2i1p1f1,2051,04,30,0.0,10.908968,4.4662833,2051
13269,r2i1p1f1,2051,05,01,0.0,14.323322,0.7399574,2051
13270,r2i1p1f1,2051,05,02,0.0,17.571829,2.5319715,2051
13271,r2i1p1f1,2051,05,03,0.0,18.675167,2.4497097,2051
13272,r2i1p1f1,2051,05,04,0.0,23.703106,6.5864024,2051
13273,r2i1p1f1,2051,05,05,0.0,24.922062,9.003042,2051
13274,r2i1p1f1,2051,05,06,0.0,24.830141,9.550704,2051
13275,r2i1p1f1,2051,05,07,0.0,25.037174,10.272512,2051
13276,r2i1p1f1,2051,05,08,0.0,25.06295,9.140806,2051
13277,r2i1p1f1,2051,05,09,2.82002240345229,13.568967,6.935305,2051
13278,r2i1p1f1,2051,05,10,0.05028751192395038,11.30343,-3.150619,2051
13279,r2i1p1f1,2051,05,11,0.0,16.549713,-0.6196828,2051
13280,r2i1p1f1,2051,05,12,0.0,20.409533,3.2000196,2051
13281,r2i1p1f1,2051,05,13,0.0,22.52119,7.3012514,2051
13282,r2i1p1f1,2051,05,14,1.0537262690237326,20.8013,5.1595817,2051
13283,r2i1p1f1,2051,05,15,0.0,19.161196,7.133833,2051
13284,r2i1p1f1,2051,05,16,0.0,22.598587,6.596333,2051
13285,r2i1p1f1,2051,05,17,0.0,24.03832,7.0043554,2051
13286,r2i1p1f1,2051,05,18,0.0,23.765484,7.33723,2051
13287,r2i1p1f1,2051,05,19,9.225339479347054,14.165224,5.559222,2051
13288,r2i1p1f1,2051,05,20,0.0,19.999409,5.0154448,2051
13289,r2i1p1f1,2051,05,21,0.0,23.777225,6.512318,2051
13290,r2i1p1f1,2051,05,22,0.0,29.857271,11.540124,2051
13291,r2i1p1f1,2051,05,23,0.0,33.991505,15.342815,2051
13292,r2i1p1f1,2051,05,24,0.0,33.463634,15.558853,2051
13293,r2i1p1f1,2051,05,25,0.0,33.690647,16.089354,2051
13294,r2i1p1f1,2051,05,26,0.0,32.494526,15.612078,2051
13295,r2i1p1f1,2051,05,27,0.0,31.275011,14.07447,2051
13296,r2i1p1f1,2051,05,28,0.0,26.500914,9.271386,2051
13297,r2i1p1f1,2051,05,29,0.0,23.108809,7.219468,2051
13298,r2i1p1f1,2051,05,30,0.0,23.352886,6.5258737,2051
13299,r2i1p1f1,2051,05,31,0.0,26.041916,9.632977,2051
13300,r2i1p1f1,2051,06,01,0.0,26.152,6.6108828,2051
13301,r2i1p1f1,2051,06,02,0.0,20.702946,5.5805535,2051
13302,r2i1p1f1,2051,06,03,9.827230938530052,13.11392,5.2399263,2051
13303,r2i1p1f1,2051,06,04,0.1699274583818176,20.274424,1.3363205,2051
13304,r2i1p1f1,2051,06,05,0.0,19.640352,3.489658,2051
13305,r2i1p1f1,2051,06,06,9.103043528340585,10.337875,-0.09972792,2051
13306,r2i1p1f1,2051,06,07,6.664552806817553,9.464629,3.6694746,2051
13307,r2i1p1f1,2051,06,08,0.9323928658187259,12.913665,3.5795171,2051
13308,r2i1p1f1,2051,06,09,1.186215847393704,12.003904,-1.5740129,2051
13309,r2i1p1f1,2051,06,10,3.9490650277562405,10.761157,1.9647874,2051
13310,r2i1p1f1,2051,06,11,28.689189396279218,3.6679108,2.4449654,2051
13311,r2i1p1f1,2051,06,12,0.0,23.231096,4.1996794,2051
13312,r2i1p1f1,2051,06,13,0.0,26.156103,8.267633,2051
13313,r2i1p1f1,2051,06,14,0.19847118939581448,26.286299,11.015077,2051
13314,r2i1p1f1,2051,06,15,0.0,24.71446,6.7677455,2051
13315,r2i1p1f1,2051,06,16,0.11091769627175661,21.436094,7.2962646,2051
13316,r2i1p1f1,2051,06,17,1.7905595201817994,16.69693,1.7857525,2051
13317,r2i1p1f1,2051,06,18,0.0,21.12567,4.7764425,2051
13318,r2i1p1f1,2051,06,19,0.0,25.400585,8.66205,2051
13319,r2i1p1f1,2051,06,20,0.0,27.923834,10.620542,2051
13320,r2i1p1f1,2051,06,21,0.11670341418021753,26.289478,10.146826,2051
13321,r2i1p1f1,2051,06,22,1.5991031765644528,20.546381,5.4753656,2051
13322,r2i1p1f1,2051,06,23,0.0,26.106615,11.662744,2051
13323,r2i1p1f1,2051,06,24,0.0,27.339956,12.191899,2051
13324,r2i1p1f1,2051,06,25,0.0,25.929674,9.741923,2051
13325,r2i1p1f1,2051,06,26,0.0,27.068682,10.721362,2051
13326,r2i1p1f1,2051,06,27,0.0,29.322819,11.615025,2051
13327,r2i1p1f1,2051,06,28,0.0,32.15503,12.768591,2051
13328,r2i1p1f1,2051,06,29,0.0,32.813526,13.769163,2051
13329,r2i1p1f1,2051,06,30,0.0,32.960285,15.17197,2051
13330,r2i1p1f1,2051,07,01,0.0,32.290802,16.113726,2051
13331,r2i1p1f1,2051,07,02,0.0,29.661108,14.000761,2051
13332,r2i1p1f1,2051,07,03,0.0,23.17874,9.716688,2051
13333,r2i1p1f1,2051,07,04,0.0,19.076487,6.673779,2051
13334,r2i1p1f1,2051,07,05,0.0,21.7077,7.1906323,2051
13335,r2i1p1f1,2051,07,06,0.0,26.351479,8.465332,2051
13336,r2i1p1f1,2051,07,07,0.0,29.834032,12.81337,2051
13337,r2i1p1f1,2051,07,08,0.0,34.384186,14.880413,2051
13338,r2i1p1f1,2051,07,09,0.0,35.39813,15.900347,2051
13339,r2i1p1f1,2051,07,10,0.0,35.91921,16.575113,2051
13340,r2i1p1f1,2051,07,11,0.0,36.85217,18.069775,2051
13341,r2i1p1f1,2051,07,12,0.0,38.32168,18.33994,2051
13342,r2i1p1f1,2051,07,13,0.0,35.833115,17.838371,2051
13343,r2i1p1f1,2051,07,14,0.0,34.611633,18.592236,2051
13344,r2i1p1f1,2051,07,15,0.0,33.142426,17.810772,2051
13345,r2i1p1f1,2051,07,16,0.0,32.40096,16.647139,2051
13346,r2i1p1f1,2051,07,17,0.0,33.071053,15.456687,2051
13347,r2i1p1f1,2051,07,18,0.0,31.677303,14.221357,2051
13348,r2i1p1f1,2051,07,19,0.0,30.485664,13.936208,2051
13349,r2i1p1f1,2051,07,20,0.0,30.255314,14.259105,2051
13350,r2i1p1f1,2051,07,21,0.0,31.117218,13.3506155,2051
13351,r2i1p1f1,2051,07,22,0.0,32.225666,13.853591,2051
13352,r2i1p1f1,2051,07,23,0.0,34.196167,15.915701,2051
13353,r2i1p1f1,2051,07,24,0.0,36.0292,17.035137,2051
13354,r2i1p1f1,2051,07,25,0.0,36.02291,17.11192,2051
13355,r2i1p1f1,2051,07,26,0.0,35.474804,18.480694,2051
13356,r2i1p1f1,2051,07,27,0.0,35.4495,17.654839,2051
13357,r2i1p1f1,2051,07,28,0.0,35.23298,18.844309,2051
13358,r2i1p1f1,2051,07,29,0.0,34.861614,18.402103,2051
13359,r2i1p1f1,2051,07,30,0.0,35.86523,17.140987,2051
13360,r2i1p1f1,2051,07,31,0.0,33.957554,15.512598,2051
13361,r2i1p1f1,2051,08,01,0.0,32.38956,13.937121,2051
13362,r2i1p1f1,2051,08,02,0.0,31.538837,13.703814,2051
13363,r2i1p1f1,2051,08,03,0.0,31.20346,13.765508,2051
13364,r2i1p1f1,2051,08,04,0.0,30.787203,13.035763,2051
13365,r2i1p1f1,2051,08,05,0.0,31.269735,13.316909,2051
13366,r2i1p1f1,2051,08,06,0.0,31.514818,13.532605,2051
13367,r2i1p1f1,2051,08,07,0.0,31.472265,13.514868,2051
13368,r2i1p1f1,2051,08,08,0.0,30.55423,12.992326,2051
13369,r2i1p1f1,2051,08,09,0.0,30.193808,12.8203535,2051
13370,r2i1p1f1,2051,08,10,0.0,30.868622,13.311364,2051
13371,r2i1p1f1,2051,08,11,0.0,30.508902,13.21624,2051
13372,r2i1p1f1,2051,08,12,0.0,28.679527,12.252104,2051
13373,r2i1p1f1,2051,08,13,0.0,30.923882,12.826324,2051
13374,r2i1p1f1,2051,08,14,0.0,31.238388,13.77031,2051
13375,r2i1p1f1,2051,08,15,0.0,30.601234,13.1376705,2051
13376,r2i1p1f1,2051,08,16,0.0,28.310453,11.371902,2051
13377,r2i1p1f1,2051,08,17,0.0,26.162539,8.692691,2051
13378,r2i1p1f1,2051,08,18,0.0,25.736795,8.9333515,2051
13379,r2i1p1f1,2051,08,19,0.0,27.48403,10.676639,2051
13380,r2i1p1f1,2051,08,20,0.0,27.434,10.76544,2051
13381,r2i1p1f1,2051,08,21,0.0,26.309793,8.499881,2051
13382,r2i1p1f1,2051,08,22,0.0,26.582222,8.824233,2051
13383,r2i1p1f1,2051,08,23,0.0,29.966148,12.295716,2051
13384,r2i1p1f1,2051,08,24,0.0,31.863441,14.659827,2051
13385,r2i1p1f1,2051,08,25,0.0,31.251328,14.247236,2051
13386,r2i1p1f1,2051,08,26,0.0,25.173502,8.46534,2051
13387,r2i1p1f1,2051,08,27,0.0,22.40061,6.92901,2051
13388,r2i1p1f1,2051,08,28,0.0,26.853065,8.450765,2051
13389,r2i1p1f1,2051,08,29,0.0,30.289745,11.6803665,2051
13390,r2i1p1f1,2051,08,30,0.0,31.047901,12.900715,2051
13391,r2i1p1f1,2051,08,31,0.0,30.882236,12.61248,2051
13392,r2i1p1f1,2051,09,01,0.0,29.98626,13.689309,2051
13393,r2i1p1f1,2051,09,02,0.0,30.188063,13.691907,2051
13394,r2i1p1f1,2051,09,03,0.0,30.291698,13.247905,2051
13395,r2i1p1f1,2051,09,04,0.0,31.670977,13.508528,2051
13396,r2i1p1f1,2051,09,05,0.0,32.6435,14.679631,2051
13397,r2i1p1f1,2051,09,06,0.0,32.5411,14.640425,2051
13398,r2i1p1f1,2051,09,07,0.0,32.59494,15.0767355,2051
13399,r2i1p1f1,2051,09,08,0.0,32.50723,14.745041,2051
13400,r2i1p1f1,2051,09,09,0.0,31.357285,12.474852,2051
13401,r2i1p1f1,2051,09,10,0.0,29.52114,12.632436,2051
13402,r2i1p1f1,2051,09,11,0.0,29.014599,11.325416,2051
13403,r2i1p1f1,2051,09,12,0.0,23.939356,8.613911,2051
13404,r2i1p1f1,2051,09,13,0.0,23.107296,7.90703,2051
13405,r2i1p1f1,2051,09,14,2.1040088458483717,22.03973,7.1083374,2051
13406,r2i1p1f1,2051,09,15,2.8670637393378664,19.447289,6.7307773,2051
13407,r2i1p1f1,2051,09,16,0.0,17.145323,1.7378854,2051
13408,r2i1p1f1,2051,09,17,0.0,22.378447,5.1570363,2051
13409,r2i1p1f1,2051,09,18,0.0,26.373247,8.45158,2051
13410,r2i1p1f1,2051,09,19,0.0,26.290136,9.388408,2051
13411,r2i1p1f1,2051,09,20,0.0,23.249887,6.829026,2051
13412,r2i1p1f1,2051,09,21,0.0,22.84855,5.057737,2051
13413,r2i1p1f1,2051,09,22,0.0,22.241718,5.126051,2051
13414,r2i1p1f1,2051,09,23,0.0,24.31233,6.7017665,2051
13415,r2i1p1f1,2051,09,24,0.0,25.606617,5.501058,2051
13416,r2i1p1f1,2051,09,25,0.0,25.559097,9.047363,2051
13417,r2i1p1f1,2051,09,26,0.0,29.844765,10.456892,2051
13418,r2i1p1f1,2051,09,27,0.0,29.373003,10.333992,2051
13419,r2i1p1f1,2051,09,28,0.0,23.538036,7.152262,2051
13420,r2i1p1f1,2051,09,29,0.0,21.831219,7.547591,2051
13421,r2i1p1f1,2051,09,30,0.0,23.367975,7.195685,2051
13422,r2i1p1f1,2051,10,01,0.0,27.998384,11.130024,2051
13423,r2i1p1f1,2051,10,02,0.0,29.573896,11.739077,2051
13424,r2i1p1f1,2051,10,03,0.0,28.698126,12.319231,2051
13425,r2i1p1f1,2051,10,04,0.0,28.907797,11.405228,2051
13426,r2i1p1f1,2051,10,05,0.0,28.879301,12.551882,2051
13427,r2i1p1f1,2051,10,06,0.0,31.247545,12.660668,2051
13428,r2i1p1f1,2051,10,07,0.0,32.045284,13.618083,2051
13429,r2i1p1f1,2051,10,08,0.0,31.276842,13.562261,2051
13430,r2i1p1f1,2051,10,09,0.0,30.240782,12.990931,2051
13431,r2i1p1f1,2051,10,10,0.0,29.758419,12.041306,2051
13432,r2i1p1f1,2051,10,11,0.0,29.936646,10.837529,2051
13433,r2i1p1f1,2051,10,12,0.0,23.096012,7.5962625,2051
13434,r2i1p1f1,2051,10,13,0.0,20.097616,6.00132,2051
13435,r2i1p1f1,2051,10,14,0.0,22.664349,5.0204062,2051
13436,r2i1p1f1,2051,10,15,0.0,25.249107,7.688491,2051
13437,r2i1p1f1,2051,10,16,0.0,24.74709,7.6593175,2051
13438,r2i1p1f1,2051,10,17,0.0,25.61355,8.636991,2051
13439,r2i1p1f1,2051,10,18,0.0,27.358995,13.017321,2051
13440,r2i1p1f1,2051,10,19,0.0,26.742735,11.240569,2051
13441,r2i1p1f1,2051,10,20,0.5053746310995149,28.34606,14.406787,2051
13442,r2i1p1f1,2051,10,21,1.8460257755577913,25.097387,9.057653,2051
13443,r2i1p1f1,2051,10,22,0.0,23.885786,6.2492905,2051
13444,r2i1p1f1,2051,10,23,0.0,23.289742,5.7931566,2051
13445,r2i1p1f1,2051,10,24,6.270424379377241,21.875046,7.027015,2051
13446,r2i1p1f1,2051,10,25,10.10551352544728,12.034247,5.186644,2051
13447,r2i1p1f1,2051,10,26,0.0,14.280955,0.24105933,2051
13448,r2i1p1f1,2051,10,27,12.911871737630394,13.579011,1.7789463,2051
13449,r2i1p1f1,2051,10,28,0.004091814676380286,17.79436,3.1869507,2051
13450,r2i1p1f1,2051,10,29,0.0,16.898487,1.0238916,2051
13451,r2i1p1f1,2051,10,30,0.0,18.612865,2.3533835,2051
13452,r2i1p1f1,2051,10,31,0.0,19.075464,4.1273623,2051
13453,r2i1p1f1,2051,11,01,0.0,16.55716,3.097803,2051
13454,r2i1p1f1,2051,11,02,0.0,20.168613,4.7251287,2051
13455,r2i1p1f1,2051,11,03,0.0,21.72179,6.131161,2051
13456,r2i1p1f1,2051,11,04,0.0,18.287182,5.29821,2051
13457,r2i1p1f1,2051,11,05,0.0,19.28382,5.2873755,2051
13458,r2i1p1f1,2051,11,06,0.0,19.682941,4.63277,2051
13459,r2i1p1f1,2051,11,07,0.0,16.797394,4.2310586,2051
13460,r2i1p1f1,2051,11,08,0.0,18.80187,4.271302,2051
13461,r2i1p1f1,2051,11,09,0.0,19.359415,3.9284809,2051
13462,r2i1p1f1,2051,11,10,0.0,21.690653,4.0254545,2051
13463,r2i1p1f1,2051,11,11,0.0,20.611212,6.4088736,2051
13464,r2i1p1f1,2051,11,12,0.0,20.434057,3.6142128,2051
13465,r2i1p1f1,2051,11,13,0.0,16.288343,0.7240225,2051
13466,r2i1p1f1,2051,11,14,0.0,15.812529,-1.492321,2051
13467,r2i1p1f1,2051,11,15,0.0,18.76211,-2.5505764,2051
13468,r2i1p1f1,2051,11,16,0.0,18.496439,-0.15172215,2051
13469,r2i1p1f1,2051,11,17,0.0,16.294003,0.6957741,2051
13470,r2i1p1f1,2051,11,18,0.0,13.595694,-1.9801017,2051
13471,r2i1p1f1,2051,11,19,0.0,10.916707,-2.844919,2051
13472,r2i1p1f1,2051,11,20,0.0,13.103395,-2.86023,2051
13473,r2i1p1f1,2051,11,21,0.0,13.798081,-6.675585,2051
13474,r2i1p1f1,2051,11,22,0.0,12.951622,-3.6768334,2051
13475,r2i1p1f1,2051,11,23,0.0,12.026169,-3.375503,2051
13476,r2i1p1f1,2051,11,24,0.0,6.782086,-1.0694767,2051
13477,r2i1p1f1,2051,11,25,0.0,11.206034,-1.7897171,2051
13478,r2i1p1f1,2051,11,26,0.0,12.295708,-2.2902462,2051
13479,r2i1p1f1,2051,11,27,2.123184852979858,7.6114798,-5.143209,2051
13480,r2i1p1f1,2051,11,28,0.030992482900798608,5.8416176,-9.350496,2051
13481,r2i1p1f1,2051,11,29,0.0,13.108694,-8.9968195,2051
13482,r2i1p1f1,2051,11,30,0.0,13.767876,-6.2631564,2051
13483,r2i1p1f1,2051,12,01,0.6466195686768444,8.892827,0.1711908,2051
13484,r2i1p1f1,2051,12,02,0.0,10.50648,-0.6679659,2051
13485,r2i1p1f1,2051,12,03,0.0,15.606458,0.2541005,2051
13486,r2i1p1f1,2051,12,04,0.0,12.155201,-3.4584224,2051
13487,r2i1p1f1,2051,12,05,0.0,4.3319755,-12.182288,2051
13488,r2i1p1f1,2051,12,06,0.0,5.0729623,-10.821906,2051
13489,r2i1p1f1,2051,12,07,0.0,11.795099,-2.2837176,2051
13490,r2i1p1f1,2051,12,08,0.0,15.791973,0.7264801,2051
13491,r2i1p1f1,2051,12,09,0.0,14.248172,1.215179,2051
13492,r2i1p1f1,2051,12,10,0.0,11.828045,0.8686188,2051
13493,r2i1p1f1,2051,12,11,3.4636543511694002,11.876729,1.6762038,2051
13494,r2i1p1f1,2051,12,12,0.0,15.374558,1.724902,2051
13495,r2i1p1f1,2051,12,13,0.0,16.557241,2.6501477,2051
13496,r2i1p1f1,2051,12,14,0.0,16.494896,4.741288,2051
13497,r2i1p1f1,2051,12,15,0.0,17.681274,3.4995391,2051
13498,r2i1p1f1,2051,12,16,0.0,19.595602,2.8073492,2051
13499,r2i1p1f1,2051,12,17,0.0,15.458228,2.1158092,2051
13500,r2i1p1f1,2051,12,18,0.03462355458535827,4.9855127,-1.1843077,2051
13501,r2i1p1f1,2051,12,19,19.359486295769994,2.8404236,-8.7094345,2051
13502,r2i1p1f1,2051,12,20,1.5112025199904076,-1.1969651,-9.479338,2051
13503,r2i1p1f1,2051,12,21,0.0,-1.0497608,-11.15784,2051
13504,r2i1p1f1,2051,12,22,0.0,-0.76310426,-10.326457,2051
13505,r2i1p1f1,2051,12,23,0.0,-1.3000948,-12.874937,2051
13506,r2i1p1f1,2051,12,24,9.731528686489373,-1.2109479,-10.338844,2051
13507,r2i1p1f1,2051,12,25,0.7352106840838902,1.1571355,-5.2981863,2051
13508,r2i1p1f1,2051,12,26,34.943208271243535,3.5441577,-2.5606742,2051
13509,r2i1p1f1,2051,12,27,120.14962719538464,4.6412992,-0.9013159,2051
13510,r2i1p1f1,2051,12,28,66.45645015613319,3.434436,-1.7827286,2051
13511,r2i1p1f1,2051,12,29,70.54957436988704,3.1763818,-1.4023275,2051
13512,r2i1p1f1,2051,12,30,39.54761358774984,2.6659093,-1.8439108,2051
13513,r2i1p1f1,2051,12,31,41.53154126834124,8.243992,0.0046605817,2051
13514,r2i1p1f1,2052,01,01,83.3833966198234,8.523344,3.2567046,2052
13515,r2i1p1f1,2052,01,02,43.89338057729989,8.4943495,1.0238917,2052
13516,r2i1p1f1,2052,01,03,0.0,15.966978,2.7205837,2052
13517,r2i1p1f1,2052,01,04,0.0,16.944693,3.0193906,2052
13518,r2i1p1f1,2052,01,05,0.0,17.2593,2.8774824,2052
13519,r2i1p1f1,2052,01,06,0.0,17.446842,4.018253,2052
13520,r2i1p1f1,2052,01,07,22.76328461666708,12.645539,5.906528,2052
13521,r2i1p1f1,2052,01,08,0.3487987886378855,13.335579,7.4680576,2052
13522,r2i1p1f1,2052,01,09,35.47049677805402,11.677939,6.7807336,2052
13523,r2i1p1f1,2052,01,10,25.46557481862412,9.409136,4.6206417,2052
13524,r2i1p1f1,2052,01,11,31.511073333408255,8.560574,2.9570873,2052
13525,r2i1p1f1,2052,01,12,0.0,11.204496,3.8851216,2052
13526,r2i1p1f1,2052,01,13,0.0,11.586263,0.30751175,2052
13527,r2i1p1f1,2052,01,14,0.0,14.154866,0.9841101,2052
13528,r2i1p1f1,2052,01,15,0.0,17.155985,1.662611,2052
13529,r2i1p1f1,2052,01,16,0.0,18.011583,2.6854577,2052
13530,r2i1p1f1,2052,01,17,0.0,15.77991,2.0212877,2052
13531,r2i1p1f1,2052,01,18,0.1921046455488697,14.612139,2.7313392,2052
13532,r2i1p1f1,2052,01,19,29.243009745662746,7.945066,2.1756482,2052
13533,r2i1p1f1,2052,01,20,30.349812141279333,6.3022995,0.86466676,2052
13534,r2i1p1f1,2052,01,21,63.042749130937196,10.452939,1.3185335,2052
13535,r2i1p1f1,2052,01,22,107.78628524052553,13.042015,3.9285595,2052
13536,r2i1p1f1,2052,01,23,106.5789019008382,11.136973,5.516666,2052
13537,r2i1p1f1,2052,01,24,32.11509360206457,9.451382,5.7205124,2052
13538,r2i1p1f1,2052,01,25,64.67410899573363,10.692092,4.8431683,2052
13539,r2i1p1f1,2052,01,26,93.59570162800642,10.792407,6.089734,2052
13540,r2i1p1f1,2052,01,27,6.717417832641541,9.157747,5.3796334,2052
13541,r2i1p1f1,2052,01,28,17.12017524315832,10.448393,5.7922683,2052
13542,r2i1p1f1,2052,01,29,0.014598921440595474,15.506824,9.722036,2052
13543,r2i1p1f1,2052,01,30,0.0,20.934011,4.6181836,2052
13544,r2i1p1f1,2052,01,31,0.0,20.190918,6.360179,2052
13545,r2i1p1f1,2052,02,01,45.11535736248614,12.048108,3.6649177,2052
13546,r2i1p1f1,2052,02,02,4.149416100180868,8.124036,-2.0887718,2052
13547,r2i1p1f1,2052,02,03,43.252615217800034,6.885023,-0.9055533,2052
13548,r2i1p1f1,2052,02,04,64.94465988899509,7.433503,0.6239212,2052
13549,r2i1p1f1,2052,02,05,62.835348225556885,5.3367014,-0.418723,2052
13550,r2i1p1f1,2052,02,06,22.357626919760012,2.509879,-7.4529605,2052
13551,r2i1p1f1,2052,02,07,6.828192463986992,3.0302591,-1.0898931,2052
13552,r2i1p1f1,2052,02,08,107.05606325780256,11.7780075,-2.0352223,2052
13553,r2i1p1f1,2052,02,09,18.25213428002406,11.371327,-1.43966,2052
13554,r2i1p1f1,2052,02,10,0.06880624436095016,4.493063,-0.556893,2052
13555,r2i1p1f1,2052,02,11,36.75855198660149,3.3190248,-1.7884905,2052
13556,r2i1p1f1,2052,02,12,0.0,6.161779,-1.8250697,2052
13557,r2i1p1f1,2052,02,13,33.28813514806545,7.2040515,-0.035580464,2052
13558,r2i1p1f1,2052,02,14,10.050406413658774,7.745178,-0.11285391,2052
13559,r2i1p1f1,2052,02,15,0.09621913498869197,7.9450936,1.320513,2052
13560,r2i1p1f1,2052,02,16,21.557541995739136,7.225168,-5.699806,2052
13561,r2i1p1f1,2052,02,17,17.009153376364758,4.269294,-0.9415569,2052
13562,r2i1p1f1,2052,02,18,9.888948549073225,2.7943945,-2.4660702,2052
13563,r2i1p1f1,2052,02,19,5.07723678352844,4.565731,-2.390731,2052
13564,r2i1p1f1,2052,02,20,24.51497707762218,4.595315,-2.3911977,2052
13565,r2i1p1f1,2052,02,21,1.6381363725206308,4.6696253,-3.086024,2052
13566,r2i1p1f1,2052,02,22,3.9015757013727965,2.840517,-1.9722129,2052
13567,r2i1p1f1,2052,02,23,0.0,6.272738,-3.373349,2052
13568,r2i1p1f1,2052,02,24,76.82384114640837,5.798983,-0.38425407,2052
13569,r2i1p1f1,2052,02,25,85.104266115321,5.1304245,0.263465,2052
13570,r2i1p1f1,2052,02,26,35.54881139280042,3.8254738,-1.476369,2052
13571,r2i1p1f1,2052,02,27,13.33820501817032,2.7519042,-7.9171557,2052
13572,r2i1p1f1,2052,02,28,19.232243937193953,3.998246,-2.1109607,2052
13573,r2i1p1f1,2052,02,29,44.968226632604804,3.92765,-0.15187748,2052
13574,r2i1p1f1,2052,03,01,0.0,11.77812,-3.6715539,2052
13575,r2i1p1f1,2052,03,02,0.0,8.264928,-5.2635508,2052
13576,r2i1p1f1,2052,03,03,0.0,9.164294,-1.2946333,2052
13577,r2i1p1f1,2052,03,04,24.173621219905236,3.4013386,-1.0715762,2052
13578,r2i1p1f1,2052,03,05,37.795601477577854,4.2311378,-0.31916162,2052
13579,r2i1p1f1,2052,03,06,60.663436205448726,5.5812573,0.8665973,2052
13580,r2i1p1f1,2052,03,07,31.573890902263184,3.8359697,-1.1658406,2052
13581,r2i1p1f1,2052,03,08,0.08057010937906083,5.0922165,-1.0713823,2052
13582,r2i1p1f1,2052,03,09,0.0,8.146281,-0.7512744,2052
13583,r2i1p1f1,2052,03,10,0.0,9.821948,-1.1587623,2052
13584,r2i1p1f1,2052,03,11,7.859932836212325,4.609714,-0.89684993,2052
13585,r2i1p1f1,2052,03,12,9.80160368641149,6.858479,-0.20165664,2052
13586,r2i1p1f1,2052,03,13,0.0,11.717344,4.0771523,2052
13587,r2i1p1f1,2052,03,14,1.0347914175641704,14.2425585,2.3830833,2052
13588,r2i1p1f1,2052,03,15,0.9912878746875392,9.985663,-1.2999492,2052
13589,r2i1p1f1,2052,03,16,10.233580983409551,3.0571766,-3.5848796,2052
13590,r2i1p1f1,2052,03,17,1.1061280795659583,1.8369046,-4.508631,2052
13591,r2i1p1f1,2052,03,18,7.028208411093846,8.623355,-5.6039658,2052
13592,r2i1p1f1,2052,03,19,81.05442630341993,7.760617,-2.3503964,2052
13593,r2i1p1f1,2052,03,20,16.27862248827184,5.1686263,0.38940156,2052
13594,r2i1p1f1,2052,03,21,0.061921299605343774,9.24832,1.0571108,2052
13595,r2i1p1f1,2052,03,22,0.0948015824178583,7.257141,-0.4312215,2052
13596,r2i1p1f1,2052,03,23,0.0,15.241649,-1.6535541,2052
13597,r2i1p1f1,2052,03,24,6.888579818013778,10.478419,-3.6340485,2052
13598,r2i1p1f1,2052,03,25,51.151760230109524,8.253391,1.3278066,2052
13599,r2i1p1f1,2052,03,26,38.61427161967955,6.7519326,-0.095000826,2052
13600,r2i1p1f1,2052,03,27,5.226404775273225,5.7960196,-0.51380354,2052
13601,r2i1p1f1,2052,03,28,5.963699108997389,9.16023,1.7189018,2052
13602,r2i1p1f1,2052,03,29,0.03692197116414228,14.300714,1.4218692,2052
13603,r2i1p1f1,2052,03,30,0.0,15.235276,-1.4263088,2052
13604,r2i1p1f1,2052,03,31,11.978620588286923,12.765171,-3.922854,2052
13605,r2i1p1f1,2052,04,01,57.813813826606534,9.38273,3.7830272,2052
13606,r2i1p1f1,2052,04,02,27.371359282047845,7.2392077,-1.597911,2052
13607,r2i1p1f1,2052,04,03,36.28176605830399,1.8559833,-2.4472597,2052
13608,r2i1p1f1,2052,04,04,15.481802100951496,0.5424806,-5.795682,2052
13609,r2i1p1f1,2052,04,05,0.0,7.1125894,0.20155422,2052
13610,r2i1p1f1,2052,04,06,0.0,15.520759,-1.9209512,2052
13611,r2i1p1f1,2052,04,07,13.031164769759366,11.690916,-2.415883,2052
13612,r2i1p1f1,2052,04,08,6.089971080595765,9.897295,-0.5441511,2052
13613,r2i1p1f1,2052,04,09,0.0,17.079947,0.6382645,2052
13614,r2i1p1f1,2052,04,10,0.0,15.4623785,1.1421973,2052
13615,r2i1p1f1,2052,04,11,0.0,15.832225,3.3833876,2052
13616,r2i1p1f1,2052,04,12,0.0,15.962402,3.8920527,2052
13617,r2i1p1f1,2052,04,13,0.0,16.25231,4.207044,2052
13618,r2i1p1f1,2052,04,14,0.7847199743292339,12.833933,0.1386217,2052
13619,r2i1p1f1,2052,04,15,0.0,15.376685,0.4551944,2052
13620,r2i1p1f1,2052,04,16,0.0,19.356213,3.322216,2052
13621,r2i1p1f1,2052,04,17,0.0,20.622677,3.596153,2052
13622,r2i1p1f1,2052,04,18,0.0,21.643064,4.949352,2052
13623,r2i1p1f1,2052,04,19,0.0,20.83055,5.963145,2052
13624,r2i1p1f1,2052,04,20,0.42238527864111136,16.338661,2.4154913,2052
13625,r2i1p1f1,2052,04,21,0.3525856997489777,16.66982,1.9139854,2052
13626,r2i1p1f1,2052,04,22,31.119282362935618,7.753153,3.39903,2052
13627,r2i1p1f1,2052,04,23,19.442304097062262,8.710726,-2.5812776,2052
13628,r2i1p1f1,2052,04,24,0.11722875663578564,14.793565,-1.8165436,2052
13629,r2i1p1f1,2052,04,25,0.0,17.189005,-0.081532896,2052
13630,r2i1p1f1,2052,04,26,0.0,16.007181,1.6744165,2052
13631,r2i1p1f1,2052,04,27,11.36503510530859,10.009863,-2.4736552,2052
13632,r2i1p1f1,2052,04,28,0.0,16.131584,1.6904708,2052
13633,r2i1p1f1,2052,04,29,0.0,19.191236,2.9206614,2052
13634,r2i1p1f1,2052,04,30,0.0,19.296234,4.528463,2052
13635,r2i1p1f1,2052,05,01,1.816960170295855,16.33205,1.410907,2052
13636,r2i1p1f1,2052,05,02,0.0,23.128397,5.3701925,2052
13637,r2i1p1f1,2052,05,03,0.0,24.340588,4.6238394,2052
13638,r2i1p1f1,2052,05,04,0.0,22.777414,5.6946454,2052
13639,r2i1p1f1,2052,05,05,0.09759465532484822,10.358977,-1.673139,2052
13640,r2i1p1f1,2052,05,06,0.0,13.26309,0.33410937,2052
13641,r2i1p1f1,2052,05,07,1.849381371574474,11.039281,-3.3529823,2052
13642,r2i1p1f1,2052,05,08,6.514699873486489,7.683251,-2.0836103,2052
13643,r2i1p1f1,2052,05,09,2.6150868245709855,7.933791,-1.3699883,2052
13644,r2i1p1f1,2052,05,10,0.0,11.809077,-2.0860012,2052
13645,r2i1p1f1,2052,05,11,0.0,16.661646,0.62416506,2052
13646,r2i1p1f1,2052,05,12,0.0,20.939714,4.473893,2052
13647,r2i1p1f1,2052,05,13,0.0,23.127846,6.1836658,2052
13648,r2i1p1f1,2052,05,14,0.0,22.72548,6.6629725,2052
13649,r2i1p1f1,2052,05,15,0.0,22.691603,7.2505617,2052
13650,r2i1p1f1,2052,05,16,0.0,27.959698,9.613931,2052
13651,r2i1p1f1,2052,05,17,0.0,29.560228,12.911064,2052
13652,r2i1p1f1,2052,05,18,0.0,29.547949,13.62155,2052
13653,r2i1p1f1,2052,05,19,0.0,28.707333,11.528475,2052
13654,r2i1p1f1,2052,05,20,0.0,26.648397,8.811988,2052
13655,r2i1p1f1,2052,05,21,0.0,26.447548,9.738405,2052
13656,r2i1p1f1,2052,05,22,0.0,28.263828,11.114441,2052
13657,r2i1p1f1,2052,05,23,0.0,28.527206,11.784325,2052
13658,r2i1p1f1,2052,05,24,0.0,27.894413,11.749819,2052
13659,r2i1p1f1,2052,05,25,0.0,27.069946,9.818532,2052
13660,r2i1p1f1,2052,05,26,0.049054903509106504,26.588423,9.639123,2052
13661,r2i1p1f1,2052,05,27,2.1680422532356785,28.098095,10.139487,2052
13662,r2i1p1f1,2052,05,28,2.4901533765911994,27.820107,10.232486,2052
13663,r2i1p1f1,2052,05,29,12.377873773724646,26.676983,10.261363,2052
13664,r2i1p1f1,2052,05,30,7.32401408539982,21.927694,6.618236,2052
13665,r2i1p1f1,2052,05,31,21.07591868694866,19.166899,5.5137267,2052
13666,r2i1p1f1,2052,06,01,33.02472579346683,17.498323,0.7538892,2052
13667,r2i1p1f1,2052,06,02,0.07586931941869597,23.794323,5.174407,2052
13668,r2i1p1f1,2052,06,03,0.0,27.263891,9.198773,2052
13669,r2i1p1f1,2052,06,04,0.0,28.456417,13.231216,2052
13670,r2i1p1f1,2052,06,05,0.0,27.108467,10.045006,2052
13671,r2i1p1f1,2052,06,06,0.015367131177649403,20.113295,5.37048,2052
13672,r2i1p1f1,2052,06,07,0.0,20.144094,4.779689,2052
13673,r2i1p1f1,2052,06,08,0.0,23.873478,5.9520025,2052
13674,r2i1p1f1,2052,06,09,0.0,29.368677,11.084983,2052
13675,r2i1p1f1,2052,06,10,0.0,33.454433,14.99313,2052
13676,r2i1p1f1,2052,06,11,0.0,33.66035,15.219131,2052
13677,r2i1p1f1,2052,06,12,0.0,31.54398,14.083694,2052
13678,r2i1p1f1,2052,06,13,0.0,30.552393,13.18062,2052
13679,r2i1p1f1,2052,06,14,0.0,32.45995,14.221293,2052
13680,r2i1p1f1,2052,06,15,0.0,33.21166,14.443192,2052
13681,r2i1p1f1,2052,06,16,0.0,31.111488,12.736672,2052
13682,r2i1p1f1,2052,06,17,0.0,30.017616,11.465631,2052
13683,r2i1p1f1,2052,06,18,0.0,28.51377,10.796338,2052
13684,r2i1p1f1,2052,06,19,0.0,28.221685,10.125085,2052
13685,r2i1p1f1,2052,06,20,0.0,29.857443,11.328315,2052
13686,r2i1p1f1,2052,06,21,0.0,31.249796,12.046294,2052
13687,r2i1p1f1,2052,06,22,0.0,30.260641,12.611935,2052
13688,r2i1p1f1,2052,06,23,0.0,30.465971,13.196255,2052
13689,r2i1p1f1,2052,06,24,0.0,31.553993,14.287041,2052
13690,r2i1p1f1,2052,06,25,0.0,31.124887,15.194702,2052
13691,r2i1p1f1,2052,06,26,0.0,32.595795,15.595166,2052
13692,r2i1p1f1,2052,06,27,0.0,34.09751,15.13927,2052
13693,r2i1p1f1,2052,06,28,0.0,32.88474,15.085709,2052
13694,r2i1p1f1,2052,06,29,0.0,32.240902,13.676318,2052
13695,r2i1p1f1,2052,06,30,0.42074344818712023,29.005678,11.839221,2052
13696,r2i1p1f1,2052,07,01,0.4642756020845039,25.355806,10.3466425,2052
13697,r2i1p1f1,2052,07,02,0.0,25.60928,9.09573,2052
13698,r2i1p1f1,2052,07,03,0.0,27.974195,10.687089,2052
13699,r2i1p1f1,2052,07,04,0.0,28.840225,12.227054,2052
13700,r2i1p1f1,2052,07,05,0.0,31.69227,12.898803,2052
13701,r2i1p1f1,2052,07,06,0.0,34.696564,14.406707,2052
13702,r2i1p1f1,2052,07,07,0.0,34.650085,15.120108,2052
13703,r2i1p1f1,2052,07,08,0.0,32.895832,15.997033,2052
13704,r2i1p1f1,2052,07,09,0.0,33.064407,14.689775,2052
13705,r2i1p1f1,2052,07,10,0.0,34.624893,14.8869505,2052
13706,r2i1p1f1,2052,07,11,0.0,36.68247,17.743391,2052
13707,r2i1p1f1,2052,07,12,0.0,38.259686,18.611576,2052
13708,r2i1p1f1,2052,07,13,0.0,36.568233,18.176779,2052
13709,r2i1p1f1,2052,07,14,0.0,36.28532,17.429327,2052
13710,r2i1p1f1,2052,07,15,0.0,35.41664,17.56877,2052
13711,r2i1p1f1,2052,07,16,0.0,35.29526,17.472443,2052
13712,r2i1p1f1,2052,07,17,0.0,34.919754,17.8465,2052
13713,r2i1p1f1,2052,07,18,0.0,34.898518,17.803545,2052
13714,r2i1p1f1,2052,07,19,0.0,34.9705,16.998783,2052
13715,r2i1p1f1,2052,07,20,0.0,34.76078,17.290167,2052
13716,r2i1p1f1,2052,07,21,0.0,34.472176,16.142595,2052
13717,r2i1p1f1,2052,07,22,0.0,32.543243,14.839963,2052
13718,r2i1p1f1,2052,07,23,0.0,30.65704,13.074097,2052
13719,r2i1p1f1,2052,07,24,0.0,28.431997,10.54213,2052
13720,r2i1p1f1,2052,07,25,0.0,27.407383,10.207602,2052
13721,r2i1p1f1,2052,07,26,0.0,28.048841,10.015068,2052
13722,r2i1p1f1,2052,07,27,0.0,28.57979,12.08512,2052
13723,r2i1p1f1,2052,07,28,0.0,31.23152,13.095206,2052
13724,r2i1p1f1,2052,07,29,0.0,31.604567,14.23571,2052
13725,r2i1p1f1,2052,07,30,0.0,32.074627,13.929343,2052
13726,r2i1p1f1,2052,07,31,0.0,31.954659,13.207422,2052
13727,r2i1p1f1,2052,08,01,0.0,33.553173,13.868881,2052
13728,r2i1p1f1,2052,08,02,0.0,32.282322,14.1256275,2052
13729,r2i1p1f1,2052,08,03,0.0,31.213297,14.085478,2052
13730,r2i1p1f1,2052,08,04,0.0,31.144247,13.449783,2052
13731,r2i1p1f1,2052,08,05,0.0,31.266157,14.9899025,2052
13732,r2i1p1f1,2052,08,06,0.0,31.254557,13.714956,2052
13733,r2i1p1f1,2052,08,07,5.898307715520227,29.727753,12.416593,2052
13734,r2i1p1f1,2052,08,08,0.0,26.869003,11.310292,2052
13735,r2i1p1f1,2052,08,09,0.0,26.786728,11.23013,2052
13736,r2i1p1f1,2052,08,10,0.0,27.447811,10.982101,2052
13737,r2i1p1f1,2052,08,11,0.0,28.400108,12.021594,2052
13738,r2i1p1f1,2052,08,12,0.0,31.140581,14.129285,2052
13739,r2i1p1f1,2052,08,13,0.0,34.129612,15.261543,2052
13740,r2i1p1f1,2052,08,14,0.012750362209492149,34.71995,17.307558,2052
13741,r2i1p1f1,2052,08,15,1.902382848353367,32.551296,15.289961,2052
13742,r2i1p1f1,2052,08,16,0.03695387730168967,31.548622,13.9570465,2052
13743,r2i1p1f1,2052,08,17,0.26108342155147024,31.105831,13.098453,2052
13744,r2i1p1f1,2052,08,18,0.0,30.094652,14.211873,2052
13745,r2i1p1f1,2052,08,19,0.0,29.436216,13.685046,2052
13746,r2i1p1f1,2052,08,20,0.487149223212887,27.528124,10.482169,2052
13747,r2i1p1f1,2052,08,21,0.0,27.00683,10.256895,2052
13748,r2i1p1f1,2052,08,22,0.0,26.101183,10.462415,2052
13749,r2i1p1f1,2052,08,23,0.0,28.623873,12.029534,2052
13750,r2i1p1f1,2052,08,24,0.0,28.739922,12.071531,2052
13751,r2i1p1f1,2052,08,25,0.0,29.544815,12.722909,2052
13752,r2i1p1f1,2052,08,26,0.0,31.493656,14.370297,2052
13753,r2i1p1f1,2052,08,27,0.0,34.030437,16.396187,2052
13754,r2i1p1f1,2052,08,28,0.0,34.605476,17.466553,2052
13755,r2i1p1f1,2052,08,29,0.0,35.05085,17.97846,2052
13756,r2i1p1f1,2052,08,30,0.0,35.575333,18.124271,2052
13757,r2i1p1f1,2052,08,31,0.0,32.870182,15.335712,2052
13758,r2i1p1f1,2052,09,01,0.0,28.15752,13.171184,2052
13759,r2i1p1f1,2052,09,02,0.0,26.349335,11.974139,2052
13760,r2i1p1f1,2052,09,03,0.0,28.096455,10.649748,2052
13761,r2i1p1f1,2052,09,04,0.0,30.068546,12.496556,2052
13762,r2i1p1f1,2052,09,05,0.0,29.663198,12.05741,2052
13763,r2i1p1f1,2052,09,06,0.0,29.98589,12.070561,2052
13764,r2i1p1f1,2052,09,07,0.0,30.35752,11.617407,2052
13765,r2i1p1f1,2052,09,08,0.0,31.113644,12.467717,2052
13766,r2i1p1f1,2052,09,09,0.0,31.19987,15.533218,2052
13767,r2i1p1f1,2052,09,10,0.5201405414342074,27.770773,13.896172,2052
13768,r2i1p1f1,2052,09,11,0.0,29.272198,14.126855,2052
13769,r2i1p1f1,2052,09,12,0.0,29.926674,12.873036,2052
13770,r2i1p1f1,2052,09,13,0.0,29.52687,12.299661,2052
13771,r2i1p1f1,2052,09,14,0.0,28.359854,12.2143755,2052
13772,r2i1p1f1,2052,09,15,0.030062007149703838,27.122982,10.810605,2052
13773,r2i1p1f1,2052,09,16,0.0,25.540293,8.864297,2052
13774,r2i1p1f1,2052,09,17,0.0,26.60254,10.442316,2052
13775,r2i1p1f1,2052,09,18,0.0,28.388443,13.865532,2052
13776,r2i1p1f1,2052,09,19,0.0908393455924502,31.394325,12.228725,2052
13777,r2i1p1f1,2052,09,20,0.0,32.50422,14.172485,2052
13778,r2i1p1f1,2052,09,21,0.0,32.49246,14.979539,2052
13779,r2i1p1f1,2052,09,22,0.0,32.95172,15.395026,2052
13780,r2i1p1f1,2052,09,23,0.0,32.101593,14.24231,2052
13781,r2i1p1f1,2052,09,24,0.0,28.506123,11.001237,2052
13782,r2i1p1f1,2052,09,25,0.0,24.769533,7.316735,2052
13783,r2i1p1f1,2052,09,26,47.20636804805299,24.792215,8.3779545,2052
13784,r2i1p1f1,2052,09,27,103.37078416129,11.814383,7.203697,2052
13785,r2i1p1f1,2052,09,28,37.97617171042545,9.323015,3.4648833,2052
13786,r2i1p1f1,2052,09,29,0.0,11.636839,2.5185003,2052
13787,r2i1p1f1,2052,09,30,0.0,14.128681,0.30112213,2052
13788,r2i1p1f1,2052,10,01,0.0,18.46741,3.4145544,2052
13789,r2i1p1f1,2052,10,02,0.0,20.760424,5.072025,2052
13790,r2i1p1f1,2052,10,03,0.0,23.260605,7.6230044,2052
13791,r2i1p1f1,2052,10,04,0.0,25.157057,8.094149,2052
13792,r2i1p1f1,2052,10,05,0.0,24.138746,8.273385,2052
13793,r2i1p1f1,2052,10,06,0.0,24.899029,10.31638,2052
13794,r2i1p1f1,2052,10,07,0.0,27.77872,12.112293,2052
13795,r2i1p1f1,2052,10,08,0.0,27.924166,13.504759,2052
13796,r2i1p1f1,2052,10,09,0.0,25.24492,8.838654,2052
13797,r2i1p1f1,2052,10,10,0.0,22.81567,6.0814204,2052
13798,r2i1p1f1,2052,10,11,5.994905281757103,17.883453,5.024175,2052
13799,r2i1p1f1,2052,10,12,0.08756447764000086,15.564782,7.467307,2052
13800,r2i1p1f1,2052,10,13,12.871514752609633,15.676429,7.226191,2052
13801,r2i1p1f1,2052,10,14,4.65055935143867,13.012938,1.478325,2052
13802,r2i1p1f1,2052,10,15,3.4656840569788563,12.78573,3.8590534,2052
13803,r2i1p1f1,2052,10,16,0.11401427989487554,15.986308,5.817306,2052
13804,r2i1p1f1,2052,10,17,0.0,17.6017,1.6488495,2052
13805,r2i1p1f1,2052,10,18,0.0,19.901653,3.893916,2052
13806,r2i1p1f1,2052,10,19,23.245620946041665,18.701979,6.118815,2052
13807,r2i1p1f1,2052,10,20,0.66255426001607,16.722452,2.5812209,2052
13808,r2i1p1f1,2052,10,21,18.517028645930203,14.09549,4.8623447,2052
13809,r2i1p1f1,2052,10,22,55.59808703569266,11.746585,6.7982016,2052
13810,r2i1p1f1,2052,10,23,0.07924197511434053,11.966157,4.6174808,2052
13811,r2i1p1f1,2052,10,24,0.0,17.273048,1.707962,2052
13812,r2i1p1f1,2052,10,25,0.0,17.280024,1.8416498,2052
13813,r2i1p1f1,2052,10,26,0.0,14.448845,0.7689474,2052
13814,r2i1p1f1,2052,10,27,0.0,15.378665,3.7118428,2052
13815,r2i1p1f1,2052,10,28,0.0,15.149699,1.2999377,2052
13816,r2i1p1f1,2052,10,29,0.0,16.068356,2.6207173,2052
13817,r2i1p1f1,2052,10,30,0.0,19.692417,4.1184607,2052
13818,r2i1p1f1,2052,10,31,0.0,17.475842,3.2861664,2052
13819,r2i1p1f1,2052,11,01,0.30693773708033123,13.686416,5.281244,2052
13820,r2i1p1f1,2052,11,02,0.0,14.422388,4.201283,2052
13821,r2i1p1f1,2052,11,03,0.0,15.737373,3.415689,2052
13822,r2i1p1f1,2052,11,04,0.0,19.02017,2.9577253,2052
13823,r2i1p1f1,2052,11,05,0.0,19.448917,4.405325,2052
13824,r2i1p1f1,2052,11,06,0.0,19.22763,5.0041003,2052
13825,r2i1p1f1,2052,11,07,1.5442463263542987,15.238472,2.7919457,2052
13826,r2i1p1f1,2052,11,08,37.799506582086906,9.423738,0.11467371,2052
13827,r2i1p1f1,2052,11,09,0.0,8.4231415,-1.8126158,2052
13828,r2i1p1f1,2052,11,10,33.287460018003074,4.411221,-0.46230042,2052
13829,r2i1p1f1,2052,11,11,0.004093547221810485,4.314025,-3.66459,2052
13830,r2i1p1f1,2052,11,12,0.30876553117265687,5.2395163,-3.389837,2052
13831,r2i1p1f1,2052,11,13,0.0,9.486883,-1.8290217,2052
13832,r2i1p1f1,2052,11,14,0.0,15.339922,-1.9078494,2052
13833,r2i1p1f1,2052,11,15,0.0,16.19198,1.2277339,2052
13834,r2i1p1f1,2052,11,16,0.0,15.858547,2.2678983,2052
13835,r2i1p1f1,2052,11,17,0.0,12.720346,3.4667408,2052
13836,r2i1p1f1,2052,11,18,0.0,16.197529,0.9540826,2052
13837,r2i1p1f1,2052,11,19,0.0,13.750088,2.0165358,2052
13838,r2i1p1f1,2052,11,20,48.97846652176948,8.764354,3.7681835,2052
13839,r2i1p1f1,2052,11,21,56.38078452365544,8.594978,4.2998767,2052
13840,r2i1p1f1,2052,11,22,30.064780734560024,8.095578,-0.67210054,2052
13841,r2i1p1f1,2052,11,23,9.772384200186934,8.328441,0.35526666,2052
13842,r2i1p1f1,2052,11,24,10.829626733944819,5.6806216,0.11646349,2052
13843,r2i1p1f1,2052,11,25,1.9079180836762624,6.285323,-2.7834387,2052
13844,r2i1p1f1,2052,11,26,0.0,9.645761,-4.709278,2052
13845,r2i1p1f1,2052,11,27,0.0,10.771846,-4.2996736,2052
13846,r2i1p1f1,2052,11,28,0.0,9.742421,-5.555546,2052
13847,r2i1p1f1,2052,11,29,0.3771860469232007,7.5974393,-3.2264857,2052
13848,r2i1p1f1,2052,11,30,0.01592390665162104,3.7697973,-4.3430758,2052
13849,r2i1p1f1,2052,12,01,0.5684955084111957,2.7295985,-2.5495446,2052
13850,r2i1p1f1,2052,12,02,4.348831879164768,5.240966,-1.6509943,2052
13851,r2i1p1f1,2052,12,03,0.0,10.870234,-2.5183814,2052
13852,r2i1p1f1,2052,12,04,0.0,9.767048,-1.677023,2052
13853,r2i1p1f1,2052,12,05,0.0,7.5143714,-1.9228983,2052
13854,r2i1p1f1,2052,12,06,30.63962424102311,3.6149957,-1.0972186,2052
13855,r2i1p1f1,2052,12,07,0.0,3.5368164,-0.6559311,2052
13856,r2i1p1f1,2052,12,08,28.4798208068913,3.2182965,-1.2107166,2052
13857,r2i1p1f1,2052,12,09,63.7338249057603,12.042512,-0.11410904,2052
13858,r2i1p1f1,2052,12,10,70.2135768815284,10.094806,5.454203,2052
13859,r2i1p1f1,2052,12,11,8.658159386518841,11.395427,3.9790626,2052
13860,r2i1p1f1,2052,12,12,38.02010719171869,11.168907,4.336443,2052
13861,r2i1p1f1,2052,12,13,0.0,13.359485,1.8048589,2052
13862,r2i1p1f1,2052,12,14,0.0,16.720844,1.5626187,2052
13863,r2i1p1f1,2052,12,15,0.0,15.34281,2.695188,2052
13864,r2i1p1f1,2052,12,16,9.237165374242277,10.5202465,1.8784199,2052
13865,r2i1p1f1,2052,12,17,5.788299095803058,5.0451746,0.22593826,2052
13866,r2i1p1f1,2052,12,18,0.0,12.627086,-0.5566669,2052
13867,r2i1p1f1,2052,12,19,0.0,15.586379,1.2653079,2052
13868,r2i1p1f1,2052,12,20,0.0,14.948066,1.6401297,2052
13869,r2i1p1f1,2052,12,21,0.0,13.809705,0.6552026,2052
13870,r2i1p1f1,2052,12,22,0.0,11.679847,-1.6359414,2052
13871,r2i1p1f1,2052,12,23,0.0,13.141711,-0.10418398,2052
13872,r2i1p1f1,2052,12,24,0.0,13.542966,1.3770956,2052
13873,r2i1p1f1,2052,12,25,0.0,17.050203,3.146557,2052
13874,r2i1p1f1,2052,12,26,0.0,15.307771,2.5745385,2052
13875,r2i1p1f1,2052,12,27,0.0,11.325085,-0.22659478,2052
13876,r2i1p1f1,2052,12,28,0.0,6.130381,-4.8881783,2052
13877,r2i1p1f1,2052,12,29,53.42701214607447,1.7555326,-2.6350899,2052
13878,r2i1p1f1,2052,12,30,1.2281529715699855,2.8587828,-4.027283,2052
13879,r2i1p1f1,2052,12,31,33.278141888485365,1.2472292,-4.088289,2052
13880,r2i1p1f1,2053,01,01,61.75030113215773,2.9121737,-0.9239591,2053
13881,r2i1p1f1,2053,01,02,44.10841627216611,4.572883,0.30933723,2053
13882,r2i1p1f1,2053,01,03,13.547622934227267,9.446351,3.5715437,2053
13883,r2i1p1f1,2053,01,04,0.6377218736780867,13.305,6.5019603,2053
13884,r2i1p1f1,2053,01,05,0.0,15.531143,5.6900854,2053
13885,r2i1p1f1,2053,01,06,0.0,16.140345,4.806107,2053
13886,r2i1p1f1,2053,01,07,0.0,15.616658,7.348881,2053
13887,r2i1p1f1,2053,01,08,0.0,15.020593,7.966033,2053
13888,r2i1p1f1,2053,01,09,0.032628429415546216,15.390963,9.073521,2053
13889,r2i1p1f1,2053,01,10,1.1994976254125225,13.4183035,8.656783,2053
13890,r2i1p1f1,2053,01,11,33.986646654263424,12.698684,6.8796873,2053
13891,r2i1p1f1,2053,01,12,48.13699505220239,8.969149,3.0562541,2053
13892,r2i1p1f1,2053,01,13,0.0,9.000574,2.568601,2053
13893,r2i1p1f1,2053,01,14,0.0,10.624746,-1.0068015,2053
13894,r2i1p1f1,2053,01,15,0.0,12.11756,0.8312503,2053
13895,r2i1p1f1,2053,01,16,0.08268803416845352,8.482043,0.48732004,2053
13896,r2i1p1f1,2053,01,17,30.801387218973385,4.528037,0.4395755,2053
13897,r2i1p1f1,2053,01,18,13.985754297195504,5.422927,0.029884925,2053
13898,r2i1p1f1,2053,01,19,0.0,8.382527,-0.71992964,2053
13899,r2i1p1f1,2053,01,20,0.0,8.213704,-2.5090961,2053
13900,r2i1p1f1,2053,01,21,0.0,7.615907,2.6307428,2053
13901,r2i1p1f1,2053,01,22,0.0,13.150381,0.7382806,2053
13902,r2i1p1f1,2053,01,23,36.32595192981311,10.2014265,0.5178118,2053
13903,r2i1p1f1,2053,01,24,104.76826466440868,9.303921,1.5880188,2053
13904,r2i1p1f1,2053,01,25,20.682133920938494,6.105173,-1.5747207,2053
13905,r2i1p1f1,2053,01,26,121.53344145671537,14.359368,0.21822171,2053
13906,r2i1p1f1,2053,01,27,26.30069280634276,8.765945,2.608373,2053
13907,r2i1p1f1,2053,01,28,15.155403477435287,7.3259153,1.4443822,2053
13908,r2i1p1f1,2053,01,29,46.16981256448735,9.345733,1.2896044,2053
13909,r2i1p1f1,2053,01,30,0.0,14.047495,-0.18845916,2053
13910,r2i1p1f1,2053,01,31,8.912420697869003,10.328012,-0.8131207,2053
13911,r2i1p1f1,2053,02,01,14.427492329000065,5.4679275,1.2991194,2053
13912,r2i1p1f1,2053,02,02,1.07969013118306,13.152112,1.0442072,2053
13913,r2i1p1f1,2053,02,03,0.0,15.8067255,2.233968,2053
13914,r2i1p1f1,2053,02,04,0.0,14.1466,2.0969822,2053
13915,r2i1p1f1,2053,02,05,3.411995071215083,11.222266,2.2956157,2053
13916,r2i1p1f1,2053,02,06,28.35645832148237,8.771321,3.445166,2053
13917,r2i1p1f1,2053,02,07,54.5017814102511,7.8870993,2.5540113,2053
13918,r2i1p1f1,2053,02,08,72.48371581439503,10.401115,2.3698435,2053
13919,r2i1p1f1,2053,02,09,25.91384885023357,11.569106,-0.5396538,2053
13920,r2i1p1f1,2053,02,10,0.18482088156675813,13.142185,-1.024383,2053
13921,r2i1p1f1,2053,02,11,0.0844998951204336,4.846207,-3.4180877,2053
13922,r2i1p1f1,2053,02,12,47.896897418496124,4.5658336,-3.196868,2053
13923,r2i1p1f1,2053,02,13,65.77098372016245,9.867432,0.49252954,2053
13924,r2i1p1f1,2053,02,14,95.45967272088791,14.289457,1.5750157,2053
13925,r2i1p1f1,2053,02,15,86.87191634224011,13.83657,3.777265,2053
13926,r2i1p1f1,2053,02,16,27.464537716094547,8.797597,2.384231,2053
13927,r2i1p1f1,2053,02,17,25.43874136933412,6.7407618,1.3330843,2053
13928,r2i1p1f1,2053,02,18,0.0,14.642503,0.58529085,2053
13929,r2i1p1f1,2053,02,19,0.0,14.989665,4.892638,2053
13930,r2i1p1f1,2053,02,20,7.007414973822261,10.634077,0.4383904,2053
13931,r2i1p1f1,2053,02,21,0.0,5.7131224,-5.5563583,2053
13932,r2i1p1f1,2053,02,22,0.3103102504750356,2.2578962,-5.0408273,2053
13933,r2i1p1f1,2053,02,23,6.051660638765427,2.3652725,-5.1735387,2053
13934,r2i1p1f1,2053,02,24,0.0,5.7476077,-3.4877586,2053
13935,r2i1p1f1,2053,02,25,10.0770738481235,2.1121387,-2.8448458,2053
13936,r2i1p1f1,2053,02,26,25.758876458544712,7.14048,-6.5431485,2053
13937,r2i1p1f1,2053,02,27,2.5676283518175924,5.8570547,-5.838463,2053
13938,r2i1p1f1,2053,02,28,11.968688959873711,2.8689985,-3.3565845,2053
13939,r2i1p1f1,2053,03,01,3.9049465885070207,2.0970066,-2.5699925,2053
13940,r2i1p1f1,2053,03,02,0.48350105205547433,3.6760254,-5.8119016,2053
13941,r2i1p1f1,2053,03,03,1.6794397675976842,1.5517919,-9.710832,2053
13942,r2i1p1f1,2053,03,04,0.0,3.1246343,-9.344193,2053
13943,r2i1p1f1,2053,03,05,9.977329146484127,0.40891668,-5.6467276,2053
13944,r2i1p1f1,2053,03,06,36.95947478095499,3.8269331,-3.2332146,2053
13945,r2i1p1f1,2053,03,07,28.81877026100903,3.2586439,-3.9938207,2053
13946,r2i1p1f1,2053,03,08,9.626249875341623,2.8004253,-4.5885806,2053
13947,r2i1p1f1,2053,03,09,39.675363209635876,3.9919362,-2.0503328,2053
13948,r2i1p1f1,2053,03,10,0.0,9.419728,-3.1489024,2053
13949,r2i1p1f1,2053,03,11,0.0,9.449221,-3.27077,2053
13950,r2i1p1f1,2053,03,12,0.0,11.668367,-3.0631273,2053
13951,r2i1p1f1,2053,03,13,0.0,8.483544,1.5826898,2053
13952,r2i1p1f1,2053,03,14,0.0,14.427144,-3.6764123,2053
13953,r2i1p1f1,2053,03,15,0.0,11.777507,-2.0045893,2053
13954,r2i1p1f1,2053,03,16,10.130830471350167,3.1173716,-1.8694489,2053
13955,r2i1p1f1,2053,03,17,0.0,9.417454,-1.1915541,2053
13956,r2i1p1f1,2053,03,18,36.035339489283686,6.811176,1.3375655,2053
13957,r2i1p1f1,2053,03,19,0.0,8.548852,-0.874875,2053
13958,r2i1p1f1,2053,03,20,0.0,9.567991,-5.037561,2053
13959,r2i1p1f1,2053,03,21,0.0,12.973924,-4.182155,2053
13960,r2i1p1f1,2053,03,22,0.0,12.995073,-3.4267762,2053
13961,r2i1p1f1,2053,03,23,4.0456226832387845,6.9845705,1.2422645,2053
13962,r2i1p1f1,2053,03,24,0.0,9.567372,4.00827,2053
13963,r2i1p1f1,2053,03,25,0.0,13.349602,-1.181287,2053
13964,r2i1p1f1,2053,03,26,0.0,15.718215,-0.8939607,2053
13965,r2i1p1f1,2053,03,27,0.5148128677739385,14.923747,-1.0941488,2053
13966,r2i1p1f1,2053,03,28,1.8372988103307692,9.5481415,1.756251,2053
13967,r2i1p1f1,2053,03,29,32.64287832157257,8.3855715,-0.45716253,2053
13968,r2i1p1f1,2053,03,30,0.18181478969311754,10.104466,2.3946059,2053
13969,r2i1p1f1,2053,03,31,0.0,13.550096,1.0697727,2053
13970,r2i1p1f1,2053,04,01,39.23312613624148,10.595813,-4.1942286,2053
13971,r2i1p1f1,2053,04,02,16.770124888157277,3.926834,-1.54939,2053
13972,r2i1p1f1,2053,04,03,0.0,9.8321,0.9243214,2053
13973,r2i1p1f1,2053,04,04,0.0,16.963837,-0.8107323,2053
13974,r2i1p1f1,2053,04,05,0.0,13.03272,0.50876284,2053
13975,r2i1p1f1,2053,04,06,4.50439802933453,11.763144,4.6971116,2053
13976,r2i1p1f1,2053,04,07,0.0,13.733696,6.3280888,2053
13977,r2i1p1f1,2053,04,08,0.0,18.70986,3.4449096,2053
13978,r2i1p1f1,2053,04,09,0.0,18.752542,4.80452,2053
13979,r2i1p1f1,2053,04,10,0.2772605399365183,16.455345,7.2860055,2053
13980,r2i1p1f1,2053,04,11,0.0,22.565987,4.7671256,2053
13981,r2i1p1f1,2053,04,12,0.0,27.68461,8.500781,2053
13982,r2i1p1f1,2053,04,13,0.0,27.895292,10.190902,2053
13983,r2i1p1f1,2053,04,14,0.0,27.395508,10.57247,2053
13984,r2i1p1f1,2053,04,15,0.0,25.52104,8.797252,2053
13985,r2i1p1f1,2053,04,16,0.0,21.469007,5.4278736,2053
13986,r2i1p1f1,2053,04,17,2.0136887668391306,12.441552,4.303323,2053
13987,r2i1p1f1,2053,04,18,0.0,17.084242,2.3532405,2053
13988,r2i1p1f1,2053,04,19,0.0,20.63646,3.90021,2053
13989,r2i1p1f1,2053,04,20,0.0,23.662785,5.6922665,2053
13990,r2i1p1f1,2053,04,21,0.10659298413184633,22.708586,5.0544176,2053
13991,r2i1p1f1,2053,04,22,0.0,21.501797,4.6943417,2053
13992,r2i1p1f1,2053,04,23,0.0,17.30359,1.9162081,2053
13993,r2i1p1f1,2053,04,24,0.49030599503357036,6.3121386,-3.914694,2053
13994,r2i1p1f1,2053,04,25,0.0,16.0625,-2.9106832,2053
13995,r2i1p1f1,2053,04,26,0.0,17.681236,1.4371878,2053
13996,r2i1p1f1,2053,04,27,0.0,20.857239,4.5985622,2053
13997,r2i1p1f1,2053,04,28,0.0,22.664726,5.879001,2053
13998,r2i1p1f1,2053,04,29,0.0,26.141981,8.412122,2053
13999,r2i1p1f1,2053,04,30,0.0,28.202324,10.003271,2053
14000,r2i1p1f1,2053,05,01,0.0,24.327843,7.74338,2053
14001,r2i1p1f1,2053,05,02,0.0,20.751726,4.2976346,2053
14002,r2i1p1f1,2053,05,03,0.0,16.371416,1.8181549,2053
14003,r2i1p1f1,2053,05,04,0.0012162948713431922,9.765655,4.196512,2053
14004,r2i1p1f1,2053,05,05,0.0,10.770097,5.777068,2053
14005,r2i1p1f1,2053,05,06,0.0,15.0773535,4.104432,2053
14006,r2i1p1f1,2053,05,07,0.07777709397487342,22.82213,4.5449424,2053
14007,r2i1p1f1,2053,05,08,0.0,21.404018,4.808978,2053
14008,r2i1p1f1,2053,05,09,0.0,18.54604,5.2292094,2053
14009,r2i1p1f1,2053,05,10,3.6578043064554757,14.111189,0.50173,2053
14010,r2i1p1f1,2053,05,11,4.177653138643878,14.784112,-0.76800716,2053
14011,r2i1p1f1,2053,05,12,3.486688520374278,18.803858,0.92767316,2053
14012,r2i1p1f1,2053,05,13,11.534199519855274,18.023434,1.0553471,2053
14013,r2i1p1f1,2053,05,14,1.2357219213859376,16.469616,3.962843,2053
14014,r2i1p1f1,2053,05,15,9.395493315983353,13.015235,1.2935793,2053
14015,r2i1p1f1,2053,05,16,6.747272640083024,10.336748,0.040280856,2053
14016,r2i1p1f1,2053,05,17,7.983092615065218,9.804961,1.192595,2053
14017,r2i1p1f1,2053,05,18,7.615498291964356,9.768395,0.24576657,2053
14018,r2i1p1f1,2053,05,19,0.28400394204744284,11.149015,2.7372413,2053
14019,r2i1p1f1,2053,05,20,3.6043216195908965,16.055733,-0.49061808,2053
14020,r2i1p1f1,2053,05,21,0.0,20.261831,2.7882063,2053
14021,r2i1p1f1,2053,05,22,0.9995715830322857,17.251959,0.8273169,2053
14022,r2i1p1f1,2053,05,23,0.09054194519054502,21.717003,4.4345202,2053
14023,r2i1p1f1,2053,05,24,0.0,24.003681,7.0041647,2053
14024,r2i1p1f1,2053,05,25,0.0,29.035532,11.156319,2053
14025,r2i1p1f1,2053,05,26,0.0,30.469912,12.942687,2053
14026,r2i1p1f1,2053,05,27,0.0,29.68079,12.730437,2053
14027,r2i1p1f1,2053,05,28,0.0,30.071255,12.619158,2053
14028,r2i1p1f1,2053,05,29,0.0,30.500473,13.182576,2053
14029,r2i1p1f1,2053,05,30,0.0,30.005972,13.531301,2053
14030,r2i1p1f1,2053,05,31,0.0,28.335558,11.489351,2053
14031,r2i1p1f1,2053,06,01,0.0,29.298912,10.754343,2053
14032,r2i1p1f1,2053,06,02,0.0,29.622368,11.63993,2053
14033,r2i1p1f1,2053,06,03,0.0,27.185648,9.765157,2053
14034,r2i1p1f1,2053,06,04,0.0,22.762682,7.4716873,2053
14035,r2i1p1f1,2053,06,05,0.0,23.10662,5.028415,2053
14036,r2i1p1f1,2053,06,06,0.0,31.084494,10.829378,2053
14037,r2i1p1f1,2053,06,07,0.0,32.00936,13.342523,2053
14038,r2i1p1f1,2053,06,08,0.0,25.35992,9.277668,2053
14039,r2i1p1f1,2053,06,09,0.0,23.01799,5.285855,2053
14040,r2i1p1f1,2053,06,10,0.0,25.550697,7.7790294,2053
14041,r2i1p1f1,2053,06,11,0.0,30.827145,11.275112,2053
14042,r2i1p1f1,2053,06,12,0.0,27.72213,11.105893,2053
14043,r2i1p1f1,2053,06,13,0.0,26.94288,10.524134,2053
14044,r2i1p1f1,2053,06,14,0.0,29.593843,11.6112995,2053
14045,r2i1p1f1,2053,06,15,0.0,31.708256,13.68986,2053
14046,r2i1p1f1,2053,06,16,0.0,32.847836,15.248923,2053
14047,r2i1p1f1,2053,06,17,0.0,34.73252,16.973114,2053
14048,r2i1p1f1,2053,06,18,0.0,33.985115,15.289812,2053
14049,r2i1p1f1,2053,06,19,0.0,33.153713,16.468153,2053
14050,r2i1p1f1,2053,06,20,0.0,34.15347,15.7428055,2053
14051,r2i1p1f1,2053,06,21,0.0,33.902832,14.606148,2053
14052,r2i1p1f1,2053,06,22,0.0,32.86712,14.0394335,2053
14053,r2i1p1f1,2053,06,23,0.0,33.54625,14.597903,2053
14054,r2i1p1f1,2053,06,24,0.0,33.27422,13.071818,2053
14055,r2i1p1f1,2053,06,25,0.0,30.526827,11.217588,2053
14056,r2i1p1f1,2053,06,26,0.0,25.520761,7.606824,2053
14057,r2i1p1f1,2053,06,27,6.3338727196913585,17.381268,2.3980923,2053
14058,r2i1p1f1,2053,06,28,0.030175400409531834,18.014994,5.1005406,2053
14059,r2i1p1f1,2053,06,29,0.0,21.27437,6.5623116,2053
14060,r2i1p1f1,2053,06,30,0.039693727516210996,23.22181,10.182846,2053
14061,r2i1p1f1,2053,07,01,0.0,27.74462,9.776705,2053
14062,r2i1p1f1,2053,07,02,0.0,31.340614,12.597692,2053
14063,r2i1p1f1,2053,07,03,0.0,33.136272,14.528518,2053
14064,r2i1p1f1,2053,07,04,0.0,32.987656,14.860566,2053
14065,r2i1p1f1,2053,07,05,0.0,33.472336,14.5687275,2053
14066,r2i1p1f1,2053,07,06,0.0,32.674786,15.956631,2053
14067,r2i1p1f1,2053,07,07,0.0,32.693096,12.990815,2053
14068,r2i1p1f1,2053,07,08,0.0,29.91378,14.020264,2053
14069,r2i1p1f1,2053,07,09,0.0,31.53315,13.4829855,2053
14070,r2i1p1f1,2053,07,10,0.0,32.362854,13.152942,2053
14071,r2i1p1f1,2053,07,11,0.0,32.56283,14.099986,2053
14072,r2i1p1f1,2053,07,12,0.0,30.075487,14.309926,2053
14073,r2i1p1f1,2053,07,13,0.039571936045271844,29.857723,13.08326,2053
14074,r2i1p1f1,2053,07,14,0.0,30.935328,13.344786,2053
14075,r2i1p1f1,2053,07,15,0.0,32.20465,14.792304,2053
14076,r2i1p1f1,2053,07,16,0.0,32.378536,14.978447,2053
14077,r2i1p1f1,2053,07,17,0.0,31.38831,13.791121,2053
14078,r2i1p1f1,2053,07,18,0.0,31.693676,14.495344,2053
14079,r2i1p1f1,2053,07,19,0.0,31.858774,14.384354,2053
14080,r2i1p1f1,2053,07,20,0.02387354011611583,29.568716,13.0207205,2053
14081,r2i1p1f1,2053,07,21,0.0,25.71901,9.139714,2053
14082,r2i1p1f1,2053,07,22,0.0049843273700389545,25.02571,12.088101,2053
14083,r2i1p1f1,2053,07,23,0.21754174541312155,27.548065,10.570304,2053
14084,r2i1p1f1,2053,07,24,0.0,28.128847,12.578186,2053
14085,r2i1p1f1,2053,07,25,0.0,29.382631,12.934865,2053
14086,r2i1p1f1,2053,07,26,0.0,30.191587,14.188475,2053
14087,r2i1p1f1,2053,07,27,0.0,31.507437,15.025969,2053
14088,r2i1p1f1,2053,07,28,0.0,31.234459,14.544634,2053
14089,r2i1p1f1,2053,07,29,0.0,28.96266,12.264537,2053
14090,r2i1p1f1,2053,07,30,0.0,27.914751,11.100208,2053
14091,r2i1p1f1,2053,07,31,0.0,27.529673,10.607736,2053
14092,r2i1p1f1,2053,08,01,0.0,30.068747,13.388801,2053
14093,r2i1p1f1,2053,08,02,0.0,31.98021,15.157808,2053
14094,r2i1p1f1,2053,08,03,0.0,32.27017,15.918708,2053
14095,r2i1p1f1,2053,08,04,0.0,31.584864,13.548913,2053
14096,r2i1p1f1,2053,08,05,0.0,32.086784,14.342415,2053
14097,r2i1p1f1,2053,08,06,0.0,32.722996,16.072317,2053
14098,r2i1p1f1,2053,08,07,0.0,33.101974,15.721919,2053
14099,r2i1p1f1,2053,08,08,0.0,32.7145,15.869839,2053
14100,r2i1p1f1,2053,08,09,0.0,31.442753,15.221179,2053
14101,r2i1p1f1,2053,08,10,0.0,31.27879,15.347841,2053
14102,r2i1p1f1,2053,08,11,0.022615573988542356,31.23082,14.712056,2053
14103,r2i1p1f1,2053,08,12,0.22348206429901787,31.108585,14.489312,2053
14104,r2i1p1f1,2053,08,13,0.0,32.210842,14.7048235,2053
14105,r2i1p1f1,2053,08,14,0.0,31.726675,15.177813,2053
14106,r2i1p1f1,2053,08,15,0.0,31.182291,14.938106,2053
14107,r2i1p1f1,2053,08,16,0.0,28.832413,11.895306,2053
14108,r2i1p1f1,2053,08,17,0.0,28.324112,12.241826,2053
14109,r2i1p1f1,2053,08,18,0.0,31.432089,13.738779,2053
14110,r2i1p1f1,2053,08,19,0.0,32.382366,15.185923,2053
14111,r2i1p1f1,2053,08,20,0.0,33.527824,16.234604,2053
14112,r2i1p1f1,2053,08,21,0.0,35.516468,17.748854,2053
14113,r2i1p1f1,2053,08,22,0.0,36.467625,19.052847,2053
14114,r2i1p1f1,2053,08,23,0.0,36.04709,19.851032,2053
14115,r2i1p1f1,2053,08,24,0.0,37.40823,19.648808,2053
14116,r2i1p1f1,2053,08,25,0.0,34.573265,17.873344,2053
14117,r2i1p1f1,2053,08,26,0.0,32.50925,15.339326,2053
14118,r2i1p1f1,2053,08,27,0.0,30.638603,14.768846,2053
14119,r2i1p1f1,2053,08,28,0.0,31.329956,14.218452,2053
14120,r2i1p1f1,2053,08,29,0.0,31.960587,13.96577,2053
14121,r2i1p1f1,2053,08,30,0.0,32.274693,14.507331,2053
14122,r2i1p1f1,2053,08,31,0.0,32.201973,14.687322,2053
14123,r2i1p1f1,2053,09,01,0.0,31.757866,13.693674,2053
14124,r2i1p1f1,2053,09,02,0.0,31.681131,13.256006,2053
14125,r2i1p1f1,2053,09,03,0.0,29.228355,11.483583,2053
14126,r2i1p1f1,2053,09,04,0.0,28.579853,11.222564,2053
14127,r2i1p1f1,2053,09,05,0.0,29.252089,11.614725,2053
14128,r2i1p1f1,2053,09,06,0.0,30.8911,13.304637,2053
14129,r2i1p1f1,2053,09,07,0.0,32.690403,15.734307,2053
14130,r2i1p1f1,2053,09,08,0.0,33.372723,15.677217,2053
14131,r2i1p1f1,2053,09,09,0.0,33.18459,15.998616,2053
14132,r2i1p1f1,2053,09,10,0.0,32.22424,14.426363,2053
14133,r2i1p1f1,2053,09,11,0.0,31.683086,14.864253,2053
14134,r2i1p1f1,2053,09,12,0.0,30.032999,13.966014,2053
14135,r2i1p1f1,2053,09,13,0.0,26.975931,12.281753,2053
14136,r2i1p1f1,2053,09,14,0.0,26.710781,10.018312,2053
14137,r2i1p1f1,2053,09,15,0.0,27.695152,9.748047,2053
14138,r2i1p1f1,2053,09,16,0.0,30.418776,14.777669,2053
14139,r2i1p1f1,2053,09,17,0.0,34.460957,16.034533,2053
14140,r2i1p1f1,2053,09,18,0.0,34.453938,16.987478,2053
14141,r2i1p1f1,2053,09,19,0.0,33.271202,16.574831,2053
14142,r2i1p1f1,2053,09,20,0.01200274027024324,25.062841,8.551241,2053
14143,r2i1p1f1,2053,09,21,0.29428568722970827,15.409763,3.3582807,2053
14144,r2i1p1f1,2053,09,22,0.12617343620954322,15.008952,1.913526,2053
14145,r2i1p1f1,2053,09,23,0.0,23.496725,4.3803167,2053
14146,r2i1p1f1,2053,09,24,0.0,26.486715,8.383595,2053
14147,r2i1p1f1,2053,09,25,0.0,27.466784,11.193039,2053
14148,r2i1p1f1,2053,09,26,0.0,27.849072,12.02062,2053
14149,r2i1p1f1,2053,09,27,0.0,29.468687,12.371848,2053
14150,r2i1p1f1,2053,09,28,0.0,30.02211,11.772878,2053
14151,r2i1p1f1,2053,09,29,0.0,30.084215,10.999648,2053
14152,r2i1p1f1,2053,09,30,0.0,28.563847,11.766502,2053
14153,r2i1p1f1,2053,10,01,0.0,23.942211,7.7502394,2053
14154,r2i1p1f1,2053,10,02,0.0,24.23338,7.037964,2053
14155,r2i1p1f1,2053,10,03,0.0,23.685259,6.135625,2053
14156,r2i1p1f1,2053,10,04,0.0,22.768742,6.209862,2053
14157,r2i1p1f1,2053,10,05,0.0,21.962633,5.1048717,2053
14158,r2i1p1f1,2053,10,06,0.0,19.404505,5.211162,2053
14159,r2i1p1f1,2053,10,07,0.0,22.59895,5.2479196,2053
14160,r2i1p1f1,2053,10,08,0.0,23.294672,5.804898,2053
14161,r2i1p1f1,2053,10,09,0.0,22.79109,6.4391026,2053
14162,r2i1p1f1,2053,10,10,0.0,21.305634,6.4938035,2053
14163,r2i1p1f1,2053,10,11,0.0,16.690134,0.3293052,2053
14164,r2i1p1f1,2053,10,12,0.0,17.113495,-0.23679097,2053
14165,r2i1p1f1,2053,10,13,0.0,21.960743,5.2710896,2053
14166,r2i1p1f1,2053,10,14,0.0,26.49541,9.515479,2053
14167,r2i1p1f1,2053,10,15,0.0,28.824413,12.048415,2053
14168,r2i1p1f1,2053,10,16,0.0,29.87794,11.2373,2053
14169,r2i1p1f1,2053,10,17,0.0,29.527851,8.974071,2053
14170,r2i1p1f1,2053,10,18,0.0,29.821367,10.639739,2053
14171,r2i1p1f1,2053,10,19,0.0,30.561476,10.951763,2053
14172,r2i1p1f1,2053,10,20,0.0,28.938608,12.340296,2053
14173,r2i1p1f1,2053,10,21,0.0,27.761261,10.830908,2053
14174,r2i1p1f1,2053,10,22,27.838263545429353,20.964638,8.5751,2053
14175,r2i1p1f1,2053,10,23,0.014293759215014199,21.552849,6.8569126,2053
14176,r2i1p1f1,2053,10,24,0.0,23.106623,7.507551,2053
14177,r2i1p1f1,2053,10,25,0.0,22.927975,8.518765,2053
14178,r2i1p1f1,2053,10,26,0.0,21.71756,6.293916,2053
14179,r2i1p1f1,2053,10,27,0.0,21.28016,5.8934326,2053
14180,r2i1p1f1,2053,10,28,0.0,20.34072,5.1762853,2053
14181,r2i1p1f1,2053,10,29,0.0,19.675293,4.453418,2053
14182,r2i1p1f1,2053,10,30,0.0,20.790787,6.1191025,2053
14183,r2i1p1f1,2053,10,31,0.0,20.233356,7.0796947,2053
14184,r2i1p1f1,2053,11,01,0.0,20.646185,6.3451567,2053
14185,r2i1p1f1,2053,11,02,0.0,20.752056,5.218446,2053
14186,r2i1p1f1,2053,11,03,0.0,19.09331,4.697222,2053
14187,r2i1p1f1,2053,11,04,0.0,17.045336,1.8756297,2053
14188,r2i1p1f1,2053,11,05,0.0,17.996204,1.9089301,2053
14189,r2i1p1f1,2053,11,06,0.0,19.451612,2.6525238,2053
14190,r2i1p1f1,2053,11,07,0.0,18.818573,3.3901453,2053
14191,r2i1p1f1,2053,11,08,0.0,17.310518,3.756034,2053
14192,r2i1p1f1,2053,11,09,0.0,16.584496,4.1077304,2053
14193,r2i1p1f1,2053,11,10,1.3230113912029013,15.920083,4.190317,2053
14194,r2i1p1f1,2053,11,11,0.0,14.268279,-0.17685269,2053
14195,r2i1p1f1,2053,11,12,0.0,11.044087,-0.6712076,2053
14196,r2i1p1f1,2053,11,13,0.0,13.02303,-0.89309376,2053
14197,r2i1p1f1,2053,11,14,0.0,16.341284,2.9190803,2053
14198,r2i1p1f1,2053,11,15,0.0,16.799065,2.039924,2053
14199,r2i1p1f1,2053,11,16,0.0,17.865047,-1.6189077,2053
14200,r2i1p1f1,2053,11,17,0.0,14.112513,0.73077756,2053
14201,r2i1p1f1,2053,11,18,0.2682644973657051,13.718044,5.031869,2053
14202,r2i1p1f1,2053,11,19,0.0,14.810065,3.0657978,2053
14203,r2i1p1f1,2053,11,20,0.0,13.977373,2.1991534,2053
14204,r2i1p1f1,2053,11,21,0.0,13.571624,5.4388394,2053
14205,r2i1p1f1,2053,11,22,0.0,15.629914,0.9027572,2053
14206,r2i1p1f1,2053,11,23,0.13598569832818333,15.411448,3.5518835,2053
14207,r2i1p1f1,2053,11,24,0.0,18.461138,-0.15543003,2053
14208,r2i1p1f1,2053,11,25,0.0,20.381813,3.1938581,2053
14209,r2i1p1f1,2053,11,26,0.0,17.561258,4.128443,2053
14210,r2i1p1f1,2053,11,27,0.0,19.795835,4.141396,2053
14211,r2i1p1f1,2053,11,28,0.0,19.091597,2.1705663,2053
14212,r2i1p1f1,2053,11,29,0.0,19.519966,1.9137104,2053
14213,r2i1p1f1,2053,11,30,0.0,18.923637,0.6439821,2053
14214,r2i1p1f1,2053,12,01,0.0,16.77452,4.712747,2053
14215,r2i1p1f1,2053,12,02,34.534307634637045,13.495793,3.1225631,2053
14216,r2i1p1f1,2053,12,03,138.14108956676836,10.821212,3.5201764,2053
14217,r2i1p1f1,2053,12,04,141.88635152084038,9.854971,4.606161,2053
14218,r2i1p1f1,2053,12,05,79.63906589166771,9.640288,5.1875772,2053
14219,r2i1p1f1,2053,12,06,2.9243281981717493,11.655521,6.003857,2053
14220,r2i1p1f1,2053,12,07,7.80451944444324,9.92001,2.7719338,2053
14221,r2i1p1f1,2053,12,08,0.0,9.572776,-1.0106431,2053
14222,r2i1p1f1,2053,12,09,0.0,9.512174,-1.7077291,2053
14223,r2i1p1f1,2053,12,10,0.0,12.966581,0.49201643,2053
14224,r2i1p1f1,2053,12,11,0.0,13.069573,0.74755234,2053
14225,r2i1p1f1,2053,12,12,0.0,13.670273,1.8722025,2053
14226,r2i1p1f1,2053,12,13,1.7464754505803843,13.451496,2.3363545,2053
14227,r2i1p1f1,2053,12,14,0.16062107113157253,14.7136545,4.8780513,2053
14228,r2i1p1f1,2053,12,15,0.0,14.7694025,4.408442,2053
14229,r2i1p1f1,2053,12,16,0.0,14.548371,5.461575,2053
14230,r2i1p1f1,2053,12,17,4.707743442794219,7.769181,4.0921617,2053
14231,r2i1p1f1,2053,12,18,0.9779218727719405,8.021605,0.78740084,2053
14232,r2i1p1f1,2053,12,19,10.945775673015024,4.9454026,-0.81554323,2053
14233,r2i1p1f1,2053,12,20,32.17058374743479,6.082929,-1.5608599,2053
14234,r2i1p1f1,2053,12,21,0.30674430716037304,6.016097,-1.92255,2053
14235,r2i1p1f1,2053,12,22,0.0011745355900180025,4.2765884,-1.4428397,2053
14236,r2i1p1f1,2053,12,23,4.6654524925403305,2.4562287,-1.7769697,2053
14237,r2i1p1f1,2053,12,24,2.4643624252488596,3.1367714,-0.6528512,2053
14238,r2i1p1f1,2053,12,25,0.0,4.925779,-0.80821353,2053
14239,r2i1p1f1,2053,12,26,0.0,3.9571202,-4.9249015,2053
14240,r2i1p1f1,2053,12,27,0.0,6.7598753,-4.4260783,2053
14241,r2i1p1f1,2053,12,28,0.0,11.510168,-0.54273283,2053
14242,r2i1p1f1,2053,12,29,0.0,10.133326,-1.545236,2053
14243,r2i1p1f1,2053,12,30,0.0,8.191017,-4.2323275,2053
14244,r2i1p1f1,2053,12,31,0.0,11.527819,-0.7723698,2053
14245,r2i1p1f1,2054,01,01,0.0,12.62147,-0.13550705,2054
14246,r2i1p1f1,2054,01,02,0.17716475902908804,13.579446,0.22892281,2054
14247,r2i1p1f1,2054,01,03,0.44311154339923703,1.8361081,-11.844295,2054
14248,r2i1p1f1,2054,01,04,0.0,-10.695134,-19.406515,2054
14249,r2i1p1f1,2054,01,05,0.0,-3.1020062,-14.224423,2054
14250,r2i1p1f1,2054,01,06,0.0,0.419018,-11.859626,2054
14251,r2i1p1f1,2054,01,07,36.162536840464995,0.7056788,-4.5329843,2054
14252,r2i1p1f1,2054,01,08,21.288721477755573,2.3499427,-3.8103685,2054
14253,r2i1p1f1,2054,01,09,26.668742400271675,5.155344,-8.054683,2054
14254,r2i1p1f1,2054,01,10,44.379868731798176,6.57342,-0.7727066,2054
14255,r2i1p1f1,2054,01,11,119.92181609384716,5.347975,0.2772074,2054
14256,r2i1p1f1,2054,01,12,12.516887622272266,4.992231,-2.8191707,2054
14257,r2i1p1f1,2054,01,13,1.8417491370200878,4.2677813,-9.428835,2054
14258,r2i1p1f1,2054,01,14,0.0,2.9688447,-2.1010942,2054
14259,r2i1p1f1,2054,01,15,28.191207508699826,3.547544,-1.6982714,2054
14260,r2i1p1f1,2054,01,16,97.56046496152591,13.885103,2.454402,2054
14261,r2i1p1f1,2054,01,17,38.71685564517975,12.135966,-0.45804167,2054
14262,r2i1p1f1,2054,01,18,0.13391133861747362,4.5238028,-5.0385413,2054
14263,r2i1p1f1,2054,01,19,0.0,6.8090467,-6.847675,2054
14264,r2i1p1f1,2054,01,20,12.47869165616486,3.1965985,-6.0453734,2054
14265,r2i1p1f1,2054,01,21,34.72572070850919,3.1558588,-1.4557583,2054
14266,r2i1p1f1,2054,01,22,109.67700795915265,5.0148745,0.35790527,2054
14267,r2i1p1f1,2054,01,23,2.3135760392436238,6.9306564,-2.7147436,2054
14268,r2i1p1f1,2054,01,24,0.0,13.233606,1.0304072,2054
14269,r2i1p1f1,2054,01,25,0.0,16.550835,4.152203,2054
14270,r2i1p1f1,2054,01,26,0.0,16.640669,3.742182,2054
14271,r2i1p1f1,2054,01,27,4.707471811707364,9.663821,4.0943613,2054
14272,r2i1p1f1,2054,01,28,2.035409936475984,7.3789315,0.22115111,2054
14273,r2i1p1f1,2054,01,29,3.6559987003224355,10.939795,-1.8871038,2054
14274,r2i1p1f1,2054,01,30,0.0,13.02032,-0.017805051,2054
14275,r2i1p1f1,2054,01,31,11.659957829229265,8.842888,3.597517,2054
14276,r2i1p1f1,2054,02,01,2.1637643211131663,14.42935,3.3064709,2054
14277,r2i1p1f1,2054,02,02,0.0,21.727217,5.6500783,2054
14278,r2i1p1f1,2054,02,03,0.0,22.390308,5.372914,2054
14279,r2i1p1f1,2054,02,04,0.0,21.858536,5.4475436,2054
14280,r2i1p1f1,2054,02,05,0.0,16.778168,5.3633695,2054
14281,r2i1p1f1,2054,02,06,2.1009451560950345,14.780857,4.610632,2054
14282,r2i1p1f1,2054,02,07,6.2137977365917045,10.936854,7.072808,2054
14283,r2i1p1f1,2054,02,08,2.5932225872216246,11.409971,1.9436752,2054
14284,r2i1p1f1,2054,02,09,0.13702308376825664,11.961823,-1.4455229,2054
14285,r2i1p1f1,2054,02,10,0.0,13.105785,-0.16278134,2054
14286,r2i1p1f1,2054,02,11,0.0,11.612463,-1.085929,2054
14287,r2i1p1f1,2054,02,12,0.0,14.50523,-2.7607098,2054
14288,r2i1p1f1,2054,02,13,0.0,16.448812,1.9344354,2054
14289,r2i1p1f1,2054,02,14,0.0,15.393984,-0.057298806,2054
14290,r2i1p1f1,2054,02,15,0.0,15.446967,0.24940549,2054
14291,r2i1p1f1,2054,02,16,0.0,15.004057,0.7123556,2054
14292,r2i1p1f1,2054,02,17,0.0,13.915928,1.7749493,2054
14293,r2i1p1f1,2054,02,18,10.92472917152918,9.970671,0.74974626,2054
14294,r2i1p1f1,2054,02,19,5.400215719565984,10.50518,4.8098583,2054
14295,r2i1p1f1,2054,02,20,0.0,15.396766,2.8875716,2054
14296,r2i1p1f1,2054,02,21,5.319129328350195,12.513921,1.01383,2054
14297,r2i1p1f1,2054,02,22,13.038193100342491,10.077512,1.236245,2054
14298,r2i1p1f1,2054,02,23,7.157855243643168,10.982337,5.514828,2054
14299,r2i1p1f1,2054,02,24,4.465701326367148,10.269287,4.0338235,2054
14300,r2i1p1f1,2054,02,25,27.64355343936656,9.057012,3.5386493,2054
14301,r2i1p1f1,2054,02,26,33.85404098483447,9.140229,-4.432819,2054
14302,r2i1p1f1,2054,02,27,7.081736299537274,3.9095342,-5.1683826,2054
14303,r2i1p1f1,2054,02,28,7.96591691071696e-05,2.0993092,-7.6839395,2054
14304,r2i1p1f1,2054,03,01,0.0,-0.78873456,-12.344019,2054
14305,r2i1p1f1,2054,03,02,0.0,-6.7725644,-12.727938,2054
14306,r2i1p1f1,2054,03,03,0.0,-9.017327,-20.376085,2054
14307,r2i1p1f1,2054,03,04,0.0,-0.64998883,-12.646464,2054
14308,r2i1p1f1,2054,03,05,0.0,4.6446943,-6.810011,2054
14309,r2i1p1f1,2054,03,06,19.101233997767288,1.2323236,-5.2500515,2054
14310,r2i1p1f1,2054,03,07,47.96290682615318,1.3969597,-2.909855,2054
14311,r2i1p1f1,2054,03,08,0.0,6.4332266,-3.4624414,2054
14312,r2i1p1f1,2054,03,09,0.0,10.34444,-2.1278899,2054
14313,r2i1p1f1,2054,03,10,0.0,15.214568,0.6632971,2054
14314,r2i1p1f1,2054,03,11,0.0,15.864004,0.46592507,2054
14315,r2i1p1f1,2054,03,12,0.0,14.295626,0.50413066,2054
14316,r2i1p1f1,2054,03,13,0.0,15.723736,0.5590526,2054
14317,r2i1p1f1,2054,03,14,0.0,17.937984,1.6420654,2054
14318,r2i1p1f1,2054,03,15,0.0,16.85415,2.337535,2054
14319,r2i1p1f1,2054,03,16,13.027290633964675,10.137049,-2.7215123,2054
14320,r2i1p1f1,2054,03,17,2.3168924241102875,8.134628,3.0724728,2054
14321,r2i1p1f1,2054,03,18,0.0,15.121035,1.1279044,2054
14322,r2i1p1f1,2054,03,19,0.0,18.148935,0.96201813,2054
14323,r2i1p1f1,2054,03,20,4.076643801370385,9.304609,-0.7124971,2054
14324,r2i1p1f1,2054,03,21,15.737758898411322,6.1420355,-3.173123,2054
14325,r2i1p1f1,2054,03,22,4.083291558666902,4.537925,0.2041936,2054
14326,r2i1p1f1,2054,03,23,3.1586382338970838,4.963492,-7.221168,2054
14327,r2i1p1f1,2054,03,24,0.0,12.646904,-3.7227752,2054
14328,r2i1p1f1,2054,03,25,0.0,18.54873,-0.0829502,2054
14329,r2i1p1f1,2054,03,26,0.0,18.38604,1.731959,2054
14330,r2i1p1f1,2054,03,27,0.0,17.623957,1.3407887,2054
14331,r2i1p1f1,2054,03,28,0.0,19.978012,3.4174695,2054
14332,r2i1p1f1,2054,03,29,0.0,22.633175,4.9750915,2054
14333,r2i1p1f1,2054,03,30,0.0,22.123232,5.7148643,2054
14334,r2i1p1f1,2054,03,31,0.0,21.097034,5.7718863,2054
14335,r2i1p1f1,2054,04,01,1.523374064971414,16.24665,0.5266622,2054
14336,r2i1p1f1,2054,04,02,0.0,13.597315,0.0064096698,2054
14337,r2i1p1f1,2054,04,03,0.0,14.694834,-0.40552893,2054
14338,r2i1p1f1,2054,04,04,0.10233664047868493,16.026651,0.38474908,2054
14339,r2i1p1f1,2054,04,05,1.0085055597021262,7.561023,-4.4163675,2054
14340,r2i1p1f1,2054,04,06,0.0,8.049798,-6.5560617,2054
14341,r2i1p1f1,2054,04,07,0.0,10.196448,-4.7599344,2054
14342,r2i1p1f1,2054,04,08,0.04493715237703537,9.9253645,2.8544812,2054
14343,r2i1p1f1,2054,04,09,0.0,13.802022,-0.08386739,2054
14344,r2i1p1f1,2054,04,10,9.134993495647974,7.0827136,-2.9697838,2054
14345,r2i1p1f1,2054,04,11,33.32067169741584,8.655443,-2.2992768,2054
14346,r2i1p1f1,2054,04,12,40.8864592025146,9.132234,-0.26372743,2054
14347,r2i1p1f1,2054,04,13,4.037481079383444,8.397702,-5.6161194,2054
14348,r2i1p1f1,2054,04,14,0.0,14.841804,-0.39236146,2054
14349,r2i1p1f1,2054,04,15,0.0,14.587337,1.0983497,2054
14350,r2i1p1f1,2054,04,16,44.85087898076297,6.5946693,-2.1153247,2054
14351,r2i1p1f1,2054,04,17,8.418910497829739,3.1304936,-4.2684836,2054
14352,r2i1p1f1,2054,04,18,2.5528068532576773,3.6157794,-6.8846607,2054
14353,r2i1p1f1,2054,04,19,0.10428771280343287,3.361648,-1.297533,2054
14354,r2i1p1f1,2054,04,20,0.0,13.214689,-3.2642462,2054
14355,r2i1p1f1,2054,04,21,0.0,18.373936,0.4413771,2054
14356,r2i1p1f1,2054,04,22,0.0,20.72769,2.4939723,2054
14357,r2i1p1f1,2054,04,23,0.0,23.330482,5.212057,2054
14358,r2i1p1f1,2054,04,24,0.0,22.701506,5.2104373,2054
14359,r2i1p1f1,2054,04,25,2.305977708266045,17.77817,3.8235707,2054
14360,r2i1p1f1,2054,04,26,2.1753235910497235,15.161936,0.5030309,2054
14361,r2i1p1f1,2054,04,27,0.09178731768490532,16.397738,0.43623978,2054
14362,r2i1p1f1,2054,04,28,0.0,20.473341,4.1320505,2054
14363,r2i1p1f1,2054,04,29,0.0,21.03043,4.396395,2054
14364,r2i1p1f1,2054,04,30,0.0,21.315557,5.5644236,2054
14365,r2i1p1f1,2054,05,01,0.0,20.35565,4.8319097,2054
14366,r2i1p1f1,2054,05,02,0.0458730398139988,18.661827,2.1194787,2054
14367,r2i1p1f1,2054,05,03,0.24965707349075764,24.569426,6.027268,2054
14368,r2i1p1f1,2054,05,04,0.0,25.054419,8.251427,2054
14369,r2i1p1f1,2054,05,05,0.0,26.356401,9.914744,2054
14370,r2i1p1f1,2054,05,06,0.0,26.13422,9.464091,2054
14371,r2i1p1f1,2054,05,07,0.0,27.487999,9.597999,2054
14372,r2i1p1f1,2054,05,08,0.549212672453555,23.088123,7.996978,2054
14373,r2i1p1f1,2054,05,09,0.0,23.968515,7.6826854,2054
14374,r2i1p1f1,2054,05,10,0.0,25.349207,8.401709,2054
14375,r2i1p1f1,2054,05,11,0.0,26.802622,10.780142,2054
14376,r2i1p1f1,2054,05,12,0.0,25.073587,8.846547,2054
14377,r2i1p1f1,2054,05,13,0.0,18.575537,6.0445666,2054
14378,r2i1p1f1,2054,05,14,0.0,18.579922,3.8081799,2054
14379,r2i1p1f1,2054,05,15,0.0,17.498112,2.7526464,2054
14380,r2i1p1f1,2054,05,16,0.0,19.21104,3.523412,2054
14381,r2i1p1f1,2054,05,17,0.0,25.05274,7.5743837,2054
14382,r2i1p1f1,2054,05,18,0.0,24.79196,9.051097,2054
14383,r2i1p1f1,2054,05,19,0.0,23.88286,8.089942,2054
14384,r2i1p1f1,2054,05,20,0.3497644268568715,20.159243,5.611011,2054
14385,r2i1p1f1,2054,05,21,0.0,23.295298,7.081466,2054
14386,r2i1p1f1,2054,05,22,0.0,28.084112,9.841933,2054
14387,r2i1p1f1,2054,05,23,0.0,26.958797,10.932471,2054
14388,r2i1p1f1,2054,05,24,0.0,23.983843,7.967261,2054
14389,r2i1p1f1,2054,05,25,0.0,26.36921,10.48382,2054
14390,r2i1p1f1,2054,05,26,0.0,27.81507,11.698192,2054
14391,r2i1p1f1,2054,05,27,0.0,27.300146,12.771449,2054
14392,r2i1p1f1,2054,05,28,0.0,24.433804,9.801471,2054
14393,r2i1p1f1,2054,05,29,0.0,26.089521,8.913001,2054
14394,r2i1p1f1,2054,05,30,0.020772137213498354,25.239918,9.668427,2054
14395,r2i1p1f1,2054,05,31,7.8599782969551875,17.367157,8.979816,2054
14396,r2i1p1f1,2054,06,01,0.0,19.546011,6.234594,2054
14397,r2i1p1f1,2054,06,02,0.0,22.074375,4.6130033,2054
14398,r2i1p1f1,2054,06,03,0.0,24.614552,6.9141235,2054
14399,r2i1p1f1,2054,06,04,0.0,28.034565,10.451718,2054
14400,r2i1p1f1,2054,06,05,0.0,28.33262,10.126724,2054
14401,r2i1p1f1,2054,06,06,0.0,27.066236,8.191124,2054
14402,r2i1p1f1,2054,06,07,0.0,24.116348,6.400938,2054
14403,r2i1p1f1,2054,06,08,0.8877754843699501,15.354533,7.98181,2054
14404,r2i1p1f1,2054,06,09,0.5583761184565307,16.483849,4.5272536,2054
14405,r2i1p1f1,2054,06,10,0.0,17.877277,3.909253,2054
14406,r2i1p1f1,2054,06,11,0.11322418162867856,14.245718,5.3931603,2054
14407,r2i1p1f1,2054,06,12,0.019699748260721277,16.27973,3.0055737,2054
14408,r2i1p1f1,2054,06,13,0.0,24.859316,6.866399,2054
14409,r2i1p1f1,2054,06,14,0.0,27.883087,10.163033,2054
14410,r2i1p1f1,2054,06,15,0.0,27.378935,10.059475,2054
14411,r2i1p1f1,2054,06,16,0.0,21.372997,5.2451563,2054
14412,r2i1p1f1,2054,06,17,0.7267955094413572,12.471298,-0.25845602,2054
14413,r2i1p1f1,2054,06,18,0.0,16.995495,4.5896974,2054
14414,r2i1p1f1,2054,06,19,0.0,22.75182,5.7085743,2054
14415,r2i1p1f1,2054,06,20,0.0,25.656582,8.73197,2054
14416,r2i1p1f1,2054,06,21,0.48041751629520707,26.576735,7.739126,2054
14417,r2i1p1f1,2054,06,22,0.0,27.87911,11.251447,2054
14418,r2i1p1f1,2054,06,23,0.0,33.760315,14.612998,2054
14419,r2i1p1f1,2054,06,24,0.0,34.04415,14.941184,2054
14420,r2i1p1f1,2054,06,25,0.0,30.389347,11.975053,2054
14421,r2i1p1f1,2054,06,26,0.0,27.116396,10.774334,2054
14422,r2i1p1f1,2054,06,27,0.0,30.454584,12.056838,2054
14423,r2i1p1f1,2054,06,28,0.0,29.042528,13.85043,2054
14424,r2i1p1f1,2054,06,29,0.0,29.197403,14.325161,2054
14425,r2i1p1f1,2054,06,30,0.0,28.418194,12.619358,2054
14426,r2i1p1f1,2054,07,01,0.0,24.753483,11.015731,2054
14427,r2i1p1f1,2054,07,02,0.0,28.87375,10.006602,2054
14428,r2i1p1f1,2054,07,03,0.25472009675957874,28.57044,13.526281,2054
14429,r2i1p1f1,2054,07,04,0.0,27.003374,10.155701,2054
14430,r2i1p1f1,2054,07,05,0.07044128569060167,27.975163,10.329793,2054
14431,r2i1p1f1,2054,07,06,0.0,27.938955,13.951553,2054
14432,r2i1p1f1,2054,07,07,0.06623026979818511,24.591753,9.012513,2054
14433,r2i1p1f1,2054,07,08,0.0,26.085136,9.8266735,2054
14434,r2i1p1f1,2054,07,09,0.0001353612035997615,25.625034,10.183147,2054
14435,r2i1p1f1,2054,07,10,0.0,25.009003,9.309166,2054
14436,r2i1p1f1,2054,07,11,0.0,24.822208,10.580009,2054
14437,r2i1p1f1,2054,07,12,0.0,24.387115,8.702915,2054
14438,r2i1p1f1,2054,07,13,0.0,23.73459,8.511022,2054
14439,r2i1p1f1,2054,07,14,0.0,24.406656,9.244064,2054
14440,r2i1p1f1,2054,07,15,0.0,26.37391,10.874466,2054
14441,r2i1p1f1,2054,07,16,0.0,27.821915,12.22744,2054
14442,r2i1p1f1,2054,07,17,0.0,29.894482,13.645872,2054
14443,r2i1p1f1,2054,07,18,0.0,31.375483,15.146888,2054
14444,r2i1p1f1,2054,07,19,4.125726090443584,31.55496,15.134785,2054
14445,r2i1p1f1,2054,07,20,0.0,29.713116,15.6834135,2054
14446,r2i1p1f1,2054,07,21,0.038614917894637286,28.989214,12.236408,2054
14447,r2i1p1f1,2054,07,22,0.0,31.412699,15.087559,2054
14448,r2i1p1f1,2054,07,23,0.0,33.681103,16.18381,2054
14449,r2i1p1f1,2054,07,24,0.0,36.64544,18.188383,2054
14450,r2i1p1f1,2054,07,25,0.0,36.43834,19.98946,2054
14451,r2i1p1f1,2054,07,26,2.4540080382464042,35.60768,19.355837,2054
14452,r2i1p1f1,2054,07,27,0.0,36.25879,19.793304,2054
14453,r2i1p1f1,2054,07,28,0.33625950141308397,34.676178,17.935099,2054
14454,r2i1p1f1,2054,07,29,0.0,32.92246,15.611485,2054
14455,r2i1p1f1,2054,07,30,0.0,31.82272,15.86307,2054
14456,r2i1p1f1,2054,07,31,0.0,32.10502,16.114847,2054
14457,r2i1p1f1,2054,08,01,0.0,32.86564,16.251352,2054
14458,r2i1p1f1,2054,08,02,0.0,33.9658,17.350279,2054
14459,r2i1p1f1,2054,08,03,0.0,35.021736,18.450151,2054
14460,r2i1p1f1,2054,08,04,0.0,35.439358,18.589584,2054
14461,r2i1p1f1,2054,08,05,0.0,36.071507,18.870619,2054
14462,r2i1p1f1,2054,08,06,0.0,35.423996,17.44966,2054
14463,r2i1p1f1,2054,08,07,0.0,33.109562,17.1325,2054
14464,r2i1p1f1,2054,08,08,0.0,32.0691,15.897302,2054
14465,r2i1p1f1,2054,08,09,0.0,29.788746,13.711922,2054
14466,r2i1p1f1,2054,08,10,0.010811446162943657,29.70062,13.290801,2054
14467,r2i1p1f1,2054,08,11,0.0,29.784718,13.610286,2054
14468,r2i1p1f1,2054,08,12,0.0,30.427721,14.345888,2054
14469,r2i1p1f1,2054,08,13,0.0,30.112421,14.364644,2054
14470,r2i1p1f1,2054,08,14,0.0,26.61561,11.135909,2054
14471,r2i1p1f1,2054,08,15,0.0,25.245096,8.72991,2054
14472,r2i1p1f1,2054,08,16,0.0,24.218838,7.794114,2054
14473,r2i1p1f1,2054,08,17,0.0,26.033499,9.981069,2054
14474,r2i1p1f1,2054,08,18,0.0,26.444618,11.247723,2054
14475,r2i1p1f1,2054,08,19,0.0,26.380474,10.330719,2054
14476,r2i1p1f1,2054,08,20,0.0,28.398155,11.162016,2054
14477,r2i1p1f1,2054,08,21,0.0,27.491962,11.259836,2054
14478,r2i1p1f1,2054,08,22,0.0,26.200388,11.058051,2054
14479,r2i1p1f1,2054,08,23,0.0,25.16716,10.348721,2054
14480,r2i1p1f1,2054,08,24,0.0,25.221964,9.504035,2054
14481,r2i1p1f1,2054,08,25,0.0,25.839046,10.3252325,2054
14482,r2i1p1f1,2054,08,26,0.0,25.883173,10.242506,2054
14483,r2i1p1f1,2054,08,27,0.0,25.843954,7.662762,2054
14484,r2i1p1f1,2054,08,28,0.0,25.09981,8.044693,2054
14485,r2i1p1f1,2054,08,29,0.0,25.868097,11.406314,2054
14486,r2i1p1f1,2054,08,30,0.0,26.814228,12.353391,2054
14487,r2i1p1f1,2054,08,31,0.0,26.707296,11.822239,2054
14488,r2i1p1f1,2054,09,01,0.0,26.704086,11.033345,2054
14489,r2i1p1f1,2054,09,02,0.0,24.28026,9.374144,2054
14490,r2i1p1f1,2054,09,03,0.0,22.040678,5.7283583,2054
14491,r2i1p1f1,2054,09,04,0.0,20.804756,4.365307,2054
14492,r2i1p1f1,2054,09,05,0.0,23.717209,7.1166916,2054
14493,r2i1p1f1,2054,09,06,0.0,28.578106,9.383638,2054
14494,r2i1p1f1,2054,09,07,0.0,30.117338,11.552994,2054
14495,r2i1p1f1,2054,09,08,0.0,30.090664,11.87058,2054
14496,r2i1p1f1,2054,09,09,0.0,30.901655,12.370835,2054
14497,r2i1p1f1,2054,09,10,0.0,31.89378,15.170156,2054
14498,r2i1p1f1,2054,09,11,0.0,32.447773,16.840992,2054
14499,r2i1p1f1,2054,09,12,0.0,31.004591,14.162947,2054
14500,r2i1p1f1,2054,09,13,0.0,28.515158,11.018559,2054
14501,r2i1p1f1,2054,09,14,0.0,30.625757,11.171163,2054
14502,r2i1p1f1,2054,09,15,0.0,30.766825,12.203489,2054
14503,r2i1p1f1,2054,09,16,0.0,27.548452,10.263465,2054
14504,r2i1p1f1,2054,09,17,0.0,25.289738,8.431708,2054
14505,r2i1p1f1,2054,09,18,0.0,23.391197,7.955958,2054
14506,r2i1p1f1,2054,09,19,0.0,23.598904,7.250817,2054
14507,r2i1p1f1,2054,09,20,0.0,24.112555,7.262875,2054
14508,r2i1p1f1,2054,09,21,0.0,23.288797,7.299601,2054
14509,r2i1p1f1,2054,09,22,0.0,26.30771,8.90259,2054
14510,r2i1p1f1,2054,09,23,0.0,27.98354,10.299453,2054
14511,r2i1p1f1,2054,09,24,0.0,28.029654,10.722343,2054
14512,r2i1p1f1,2054,09,25,0.0,26.496489,10.648059,2054
14513,r2i1p1f1,2054,09,26,0.0,22.84004,6.921765,2054
14514,r2i1p1f1,2054,09,27,0.0,20.202196,5.547841,2054
14515,r2i1p1f1,2054,09,28,0.0,16.521338,2.581985,2054
14516,r2i1p1f1,2054,09,29,0.0,19.2676,3.0213964,2054
14517,r2i1p1f1,2054,09,30,0.0,24.248686,5.9985447,2054
14518,r2i1p1f1,2054,10,01,0.0,29.137983,9.76098,2054
14519,r2i1p1f1,2054,10,02,0.0,32.31657,13.403215,2054
14520,r2i1p1f1,2054,10,03,0.0,31.306437,14.178284,2054
14521,r2i1p1f1,2054,10,04,0.0,31.657246,13.915759,2054
14522,r2i1p1f1,2054,10,05,0.0,31.041542,13.080508,2054
14523,r2i1p1f1,2054,10,06,0.0,32.956,13.613992,2054
14524,r2i1p1f1,2054,10,07,0.0,31.816607,13.046186,2054
14525,r2i1p1f1,2054,10,08,0.0,28.549547,10.753567,2054
14526,r2i1p1f1,2054,10,09,0.0,28.967764,11.059802,2054
14527,r2i1p1f1,2054,10,10,0.0,29.484243,11.340134,2054
14528,r2i1p1f1,2054,10,11,0.0,24.387007,7.3431997,2054
14529,r2i1p1f1,2054,10,12,0.6331375774694746,16.483011,1.5320661,2054
14530,r2i1p1f1,2054,10,13,0.0,14.937537,-2.0747278,2054
14531,r2i1p1f1,2054,10,14,0.0,20.644958,2.8314605,2054
14532,r2i1p1f1,2054,10,15,0.0,23.951132,6.9398465,2054
14533,r2i1p1f1,2054,10,16,0.0,23.760685,6.391125,2054
14534,r2i1p1f1,2054,10,17,0.0,25.0674,6.6354566,2054
14535,r2i1p1f1,2054,10,18,0.0,24.87878,5.928821,2054
14536,r2i1p1f1,2054,10,19,0.0,24.20701,7.5179577,2054
14537,r2i1p1f1,2054,10,20,0.0,22.327002,7.8528714,2054
14538,r2i1p1f1,2054,10,21,0.0,19.90816,5.890478,2054
14539,r2i1p1f1,2054,10,22,0.0,20.481636,5.085627,2054
14540,r2i1p1f1,2054,10,23,0.0,21.284472,6.5358667,2054
14541,r2i1p1f1,2054,10,24,0.0,22.123306,5.5749803,2054
14542,r2i1p1f1,2054,10,25,0.0,23.300934,4.0826907,2054
14543,r2i1p1f1,2054,10,26,0.0,19.764149,3.5470502,2054
14544,r2i1p1f1,2054,10,27,0.0,19.632065,2.833251,2054
14545,r2i1p1f1,2054,10,28,0.0,16.173603,2.5595183,2054
14546,r2i1p1f1,2054,10,29,0.4528419446195095,15.299275,2.7244585,2054
14547,r2i1p1f1,2054,10,30,0.5855771068336952,13.681582,2.688034,2054
14548,r2i1p1f1,2054,10,31,0.0,19.378716,0.65459216,2054
14549,r2i1p1f1,2054,11,01,0.0,21.214464,2.6739824,2054
14550,r2i1p1f1,2054,11,02,0.0,22.716797,4.154285,2054
14551,r2i1p1f1,2054,11,03,0.0,19.481327,4.865582,2054
14552,r2i1p1f1,2054,11,04,0.0,22.146759,4.342183,2054
14553,r2i1p1f1,2054,11,05,0.0,23.899185,6.5345874,2054
14554,r2i1p1f1,2054,11,06,0.0,22.853216,7.5190744,2054
14555,r2i1p1f1,2054,11,07,0.0,20.483767,6.117482,2054
14556,r2i1p1f1,2054,11,08,0.0,19.711071,3.798861,2054
14557,r2i1p1f1,2054,11,09,0.0,20.08539,4.600929,2054
14558,r2i1p1f1,2054,11,10,0.0,19.683428,3.8133106,2054
14559,r2i1p1f1,2054,11,11,0.0,20.062153,2.9804666,2054
14560,r2i1p1f1,2054,11,12,0.0,21.575645,4.0672665,2054
14561,r2i1p1f1,2054,11,13,0.0,23.71409,3.3411665,2054
14562,r2i1p1f1,2054,11,14,0.0,19.960236,6.0466304,2054
14563,r2i1p1f1,2054,11,15,0.0,19.968212,4.3569803,2054
14564,r2i1p1f1,2054,11,16,0.0,13.578532,3.068531,2054
14565,r2i1p1f1,2054,11,17,0.0,19.65723,0.48728308,2054
14566,r2i1p1f1,2054,11,18,0.0,20.638536,2.1209807,2054
14567,r2i1p1f1,2054,11,19,0.0,20.378202,2.1183746,2054
14568,r2i1p1f1,2054,11,20,0.0,20.393656,2.5317068,2054
14569,r2i1p1f1,2054,11,21,0.0,17.218088,0.5203984,2054
14570,r2i1p1f1,2054,11,22,0.0,13.84374,1.7815524,2054
14571,r2i1p1f1,2054,11,23,0.0,15.170088,5.7479386,2054
14572,r2i1p1f1,2054,11,24,30.732293819500438,12.634136,5.0851016,2054
14573,r2i1p1f1,2054,11,25,0.0,16.01903,1.6457484,2054
14574,r2i1p1f1,2054,11,26,0.0,16.612236,3.0500176,2054
14575,r2i1p1f1,2054,11,27,10.487600905393125,11.253376,5.7950363,2054
14576,r2i1p1f1,2054,11,28,0.0,16.4754,1.5764977,2054
14577,r2i1p1f1,2054,11,29,0.0,18.624449,1.2649186,2054
14578,r2i1p1f1,2054,11,30,0.0,22.531115,2.9436932,2054
14579,r2i1p1f1,2054,12,01,0.0,19.525543,8.359033,2054
14580,r2i1p1f1,2054,12,02,0.0,18.495464,6.1856637,2054
14581,r2i1p1f1,2054,12,03,0.0,18.394888,6.768215,2054
14582,r2i1p1f1,2054,12,04,0.0,20.852705,7.593839,2054
14583,r2i1p1f1,2054,12,05,0.0,19.39975,7.0557094,2054
14584,r2i1p1f1,2054,12,06,0.0,19.01426,5.1025734,2054
14585,r2i1p1f1,2054,12,07,0.0,16.2885,1.1148779,2054
14586,r2i1p1f1,2054,12,08,13.402059573739349,9.155571,-2.110074,2054
14587,r2i1p1f1,2054,12,09,47.212311408769054,3.4605622,-1.8527758,2054
14588,r2i1p1f1,2054,12,10,0.0,6.962097,-4.5905056,2054
14589,r2i1p1f1,2054,12,11,20.316579833161086,6.0271063,-0.83861804,2054
14590,r2i1p1f1,2054,12,12,36.92070923235196,7.040068,1.9760809,2054
14591,r2i1p1f1,2054,12,13,31.662397384374906,10.338138,2.102968,2054
14592,r2i1p1f1,2054,12,14,0.0,12.217171,2.3816519,2054
14593,r2i1p1f1,2054,12,15,0.0,10.928306,0.55553806,2054
14594,r2i1p1f1,2054,12,16,21.21916477828143,7.787427,2.1063519,2054
14595,r2i1p1f1,2054,12,17,0.0,11.826328,0.29700264,2054
14596,r2i1p1f1,2054,12,18,38.524920689031624,8.630307,1.6539007,2054
14597,r2i1p1f1,2054,12,19,1.5765111022539293,9.4466715,0.01581544,2054
14598,r2i1p1f1,2054,12,20,0.0,15.532491,2.6623714,2054
14599,r2i1p1f1,2054,12,21,0.0,14.906426,3.5795836,2054
14600,r2i1p1f1,2054,12,22,0.0,14.472471,3.8030074,2054
14601,r2i1p1f1,2054,12,23,0.0,13.093331,3.1905768,2054
14602,r2i1p1f1,2054,12,24,0.0,9.963184,4.082862,2054
14603,r2i1p1f1,2054,12,25,0.0,14.33757,2.8854284,2054
14604,r2i1p1f1,2054,12,26,0.0,15.047353,4.7588816,2054
14605,r2i1p1f1,2054,12,27,0.0,15.4412985,3.62965,2054
14606,r2i1p1f1,2054,12,28,0.0,15.810287,4.445477,2054
14607,r2i1p1f1,2054,12,29,0.0,14.591667,4.755624,2054
14608,r2i1p1f1,2054,12,30,2.7250490812408454,10.715244,4.520391,2054
14609,r2i1p1f1,2054,12,31,0.0,12.649342,5.797423,2054
14610,r2i1p1f1,2055,01,01,0.0,13.769844,2.660705,2055
14611,r2i1p1f1,2055,01,02,5.422785180305184,10.282918,5.4150767,2055
14612,r2i1p1f1,2055,01,03,5.125077298558049,8.186121,5.26367,2055
14613,r2i1p1f1,2055,01,04,15.987274619356658,8.456881,4.17315,2055
14614,r2i1p1f1,2055,01,05,0.0,12.874182,4.181294,2055
14615,r2i1p1f1,2055,01,06,0.0,15.191801,7.565492,2055
14616,r2i1p1f1,2055,01,07,0.0,19.474459,5.6288548,2055
14617,r2i1p1f1,2055,01,08,0.0,19.366993,5.4434977,2055
14618,r2i1p1f1,2055,01,09,0.0,17.85223,5.8169584,2055
14619,r2i1p1f1,2055,01,10,0.0,16.456953,5.0466995,2055
14620,r2i1p1f1,2055,01,11,0.17402033830036928,13.450542,4.820227,2055
14621,r2i1p1f1,2055,01,12,0.0,12.417321,1.942407,2055
14622,r2i1p1f1,2055,01,13,1.952871372381756,13.6969795,1.1935575,2055
14623,r2i1p1f1,2055,01,14,1.376594612784524,14.436125,2.3375452,2055
14624,r2i1p1f1,2055,01,15,9.840997048030868,12.135936,1.2906256,2055
14625,r2i1p1f1,2055,01,16,14.488854399825449,3.3340282,-3.7195385,2055
14626,r2i1p1f1,2055,01,17,14.419489339231335,3.0365202,-7.324176,2055
14627,r2i1p1f1,2055,01,18,27.690989232639996,2.6401508,-3.092461,2055
14628,r2i1p1f1,2055,01,19,1.5633829740295369,2.9670055,-9.626595,2055
14629,r2i1p1f1,2055,01,20,0.0,0.5806793,-7.994992,2055
14630,r2i1p1f1,2055,01,21,19.134957228659633,4.8117127,-10.222567,2055
14631,r2i1p1f1,2055,01,22,48.147855419665575,2.1113007,-6.9389224,2055
14632,r2i1p1f1,2055,01,23,43.767390691153615,-1.6212317,-6.7185965,2055
14633,r2i1p1f1,2055,01,24,5.627491839648148,-0.3371626,-6.7056284,2055
14634,r2i1p1f1,2055,01,25,0.0,3.8292549,-4.841112,2055
14635,r2i1p1f1,2055,01,26,16.60581567691854,5.700631,-2.514353,2055
14636,r2i1p1f1,2055,01,27,20.937905510576318,3.618056,-4.019967,2055
14637,r2i1p1f1,2055,01,28,8.588309260742859,2.9387598,-9.009417,2055
14638,r2i1p1f1,2055,01,29,6.102531992935558,1.6864153,-10.860022,2055
14639,r2i1p1f1,2055,01,30,35.96841286366376,1.5451847,-7.34906,2055
14640,r2i1p1f1,2055,01,31,32.83225221037775,2.26084,-2.5552087,2055
14641,r2i1p1f1,2055,02,01,35.64427428634819,7.133783,1.5979096,2055
14642,r2i1p1f1,2055,02,02,6.215082134615211,8.1778145,1.6447879,2055
14643,r2i1p1f1,2055,02,03,0.6729709060961725,7.6188807,3.771104,2055
14644,r2i1p1f1,2055,02,04,3.334820370554763,7.3054495,0.8722864,2055
14645,r2i1p1f1,2055,02,05,0.0,12.263657,-1.6012126,2055
14646,r2i1p1f1,2055,02,06,0.0,10.26309,-0.6129482,2055
14647,r2i1p1f1,2055,02,07,0.0,10.096812,-0.6670871,2055
14648,r2i1p1f1,2055,02,08,0.0,12.571108,0.025656968,2055
14649,r2i1p1f1,2055,02,09,0.0,13.36437,4.3500705,2055
14650,r2i1p1f1,2055,02,10,0.0,16.81958,3.0645869,2055
14651,r2i1p1f1,2055,02,11,0.0,19.328775,4.4368114,2055
14652,r2i1p1f1,2055,02,12,0.0,19.779015,5.4751234,2055
14653,r2i1p1f1,2055,02,13,0.0,20.703241,5.354139,2055
14654,r2i1p1f1,2055,02,14,0.0,19.441929,4.8909316,2055
14655,r2i1p1f1,2055,02,15,2.9253496234909666,15.5675125,3.8950408,2055
14656,r2i1p1f1,2055,02,16,0.0,15.609616,6.437515,2055
14657,r2i1p1f1,2055,02,17,0.0,18.087358,4.198064,2055
14658,r2i1p1f1,2055,02,18,42.96947477851063,12.053896,2.5694513,2055
14659,r2i1p1f1,2055,02,19,10.276059894001195,8.792063,-2.3526118,2055
14660,r2i1p1f1,2055,02,20,0.42502121474311794,2.8202868,-6.5192547,2055
14661,r2i1p1f1,2055,02,21,13.29739379318478,0.0005198748,-5.5402946,2055
14662,r2i1p1f1,2055,02,22,0.0,4.8301997,-8.724058,2055
14663,r2i1p1f1,2055,02,23,0.09886947076525897,6.5255218,-6.2514076,2055
14664,r2i1p1f1,2055,02,24,0.0,8.135286,-0.73224914,2055
14665,r2i1p1f1,2055,02,25,0.0,9.800217,-1.3550459,2055
14666,r2i1p1f1,2055,02,26,0.0,14.924354,1.792656,2055
14667,r2i1p1f1,2055,02,27,0.0,13.737696,2.398479,2055
14668,r2i1p1f1,2055,02,28,0.0,14.915652,3.4235022,2055
14669,r2i1p1f1,2055,03,01,0.0,21.626204,4.044338,2055
14670,r2i1p1f1,2055,03,02,0.0,19.972275,3.783067,2055
14671,r2i1p1f1,2055,03,03,0.0,20.28483,4.2764454,2055
14672,r2i1p1f1,2055,03,04,0.0,19.333345,5.0731745,2055
14673,r2i1p1f1,2055,03,05,0.0,21.344479,4.641847,2055
14674,r2i1p1f1,2055,03,06,0.0,23.59026,5.923908,2055
14675,r2i1p1f1,2055,03,07,0.0,21.963627,7.042853,2055
14676,r2i1p1f1,2055,03,08,0.0,21.317284,5.5567594,2055
14677,r2i1p1f1,2055,03,09,0.0,18.924248,5.4261494,2055
14678,r2i1p1f1,2055,03,10,0.0,17.165352,2.4442368,2055
14679,r2i1p1f1,2055,03,11,0.0,19.4108,2.3975573,2055
14680,r2i1p1f1,2055,03,12,0.0,21.68579,5.1012483,2055
14681,r2i1p1f1,2055,03,13,0.0,24.633942,6.2413673,2055
14682,r2i1p1f1,2055,03,14,0.0,25.032263,9.394472,2055
14683,r2i1p1f1,2055,03,15,0.0,26.052681,9.132139,2055
14684,r2i1p1f1,2055,03,16,0.0,24.878813,6.7679214,2055
14685,r2i1p1f1,2055,03,17,6.760830854993681,11.023227,-4.4660296,2055
14686,r2i1p1f1,2055,03,18,4.456454791978524,0.4059593,-8.110225,2055
14687,r2i1p1f1,2055,03,19,4.328728451218922,-0.47445923,-9.100908,2055
14688,r2i1p1f1,2055,03,20,3.1623923968079626,-0.8421954,-11.161475,2055
14689,r2i1p1f1,2055,03,21,15.389382742180784,1.5886991,-11.684686,2055
14690,r2i1p1f1,2055,03,22,0.0,5.345342,-6.1722054,2055
14691,r2i1p1f1,2055,03,23,0.0,8.614483,-7.584011,2055
14692,r2i1p1f1,2055,03,24,0.806117089842491,3.3857496,-4.134819,2055
14693,r2i1p1f1,2055,03,25,0.0,5.78687,-2.3845787,2055
14694,r2i1p1f1,2055,03,26,0.0,11.141643,-7.0001254,2055
14695,r2i1p1f1,2055,03,27,0.0,8.253475,-3.5433319,2055
14696,r2i1p1f1,2055,03,28,30.841661578653238,4.104224,-1.8701524,2055
14697,r2i1p1f1,2055,03,29,0.02687126617414693,9.083419,1.5004705,2055
14698,r2i1p1f1,2055,03,30,3.197208957779087,3.5642238,-0.83669895,2055
14699,r2i1p1f1,2055,03,31,22.020970712541246,3.714157,-1.1251712,2055
14700,r2i1p1f1,2055,04,01,15.347028887985148,5.1578627,-0.23554787,2055
14701,r2i1p1f1,2055,04,02,15.670144381986644,7.580792,-1.1823407,2055
14702,r2i1p1f1,2055,04,03,27.1730458305683,11.323765,-3.2345707,2055
14703,r2i1p1f1,2055,04,04,15.274990638807559,7.4810433,0.30226478,2055
14704,r2i1p1f1,2055,04,05,5.633777663066352,7.493779,2.8730395,2055
14705,r2i1p1f1,2055,04,06,0.0,16.441175,2.5509624,2055
14706,r2i1p1f1,2055,04,07,0.0,23.658686,5.5238943,2055
14707,r2i1p1f1,2055,04,08,0.0,25.510695,9.126694,2055
14708,r2i1p1f1,2055,04,09,0.0,24.961035,8.478788,2055
14709,r2i1p1f1,2055,04,10,36.560757845402875,15.1942425,-1.281982,2055
14710,r2i1p1f1,2055,04,11,0.3894104512885231,12.174537,-0.89634204,2055
14711,r2i1p1f1,2055,04,12,0.0016157607170988251,12.297078,2.8429797,2055
14712,r2i1p1f1,2055,04,13,5.727932719673845,10.980336,3.3656695,2055
14713,r2i1p1f1,2055,04,14,28.513427801842155,8.213155,-0.90861744,2055
14714,r2i1p1f1,2055,04,15,12.426381119019844,5.1744533,-4.6608033,2055
14715,r2i1p1f1,2055,04,16,7.31269875815577,3.4050171,-7.3113027,2055
14716,r2i1p1f1,2055,04,17,0.0,6.8979197,-0.41949973,2055
14717,r2i1p1f1,2055,04,18,0.0,11.946652,-4.386919,2055
14718,r2i1p1f1,2055,04,19,0.0,15.90504,-2.640586,2055
14719,r2i1p1f1,2055,04,20,0.0,14.71196,0.042941067,2055
14720,r2i1p1f1,2055,04,21,0.0,11.560794,5.6600165,2055
14721,r2i1p1f1,2055,04,22,6.898325382406676,5.995581,-3.021838,2055
14722,r2i1p1f1,2055,04,23,0.719107619541039,11.431921,-5.300641,2055
14723,r2i1p1f1,2055,04,24,3.6371850236229455,9.420218,1.3906907,2055
14724,r2i1p1f1,2055,04,25,0.0,15.410234,0.4103283,2055
14725,r2i1p1f1,2055,04,26,0.0,16.552431,2.765221,2055
14726,r2i1p1f1,2055,04,27,0.0,15.431931,2.591074,2055
14727,r2i1p1f1,2055,04,28,12.555904853574107,8.475395,3.0677745,2055
14728,r2i1p1f1,2055,04,29,10.719309549592882,5.7546153,-3.597819,2055
14729,r2i1p1f1,2055,04,30,0.0,11.217994,-1.7970022,2055
14730,r2i1p1f1,2055,05,01,0.0,15.428684,-0.38104835,2055
14731,r2i1p1f1,2055,05,02,0.0,18.828348,2.432253,2055
14732,r2i1p1f1,2055,05,03,0.01671363329828287,19.310823,6.1983476,2055
14733,r2i1p1f1,2055,05,04,0.0,22.37083,6.917301,2055
14734,r2i1p1f1,2055,05,05,0.0,25.468521,9.28096,2055
14735,r2i1p1f1,2055,05,06,0.0,26.080248,9.205429,2055
14736,r2i1p1f1,2055,05,07,0.0,24.194952,8.135042,2055
14737,r2i1p1f1,2055,05,08,0.0,19.9937,6.8564954,2055
14738,r2i1p1f1,2055,05,09,0.0,20.75905,6.835796,2055
14739,r2i1p1f1,2055,05,10,0.0,21.914154,7.1153502,2055
14740,r2i1p1f1,2055,05,11,0.0,24.648373,6.884322,2055
14741,r2i1p1f1,2055,05,12,17.53026778941813,18.78412,2.6866546,2055
14742,r2i1p1f1,2055,05,13,2.6437707996312665,14.230794,8.949582,2055
14743,r2i1p1f1,2055,05,14,0.0,22.030884,5.895747,2055
14744,r2i1p1f1,2055,05,15,0.0,22.964777,7.365092,2055
14745,r2i1p1f1,2055,05,16,0.25362367560214455,20.120487,5.1480556,2055
14746,r2i1p1f1,2055,05,17,0.03262646046795663,15.305701,-0.1941228,2055
14747,r2i1p1f1,2055,05,18,0.0,9.8759,-0.41974074,2055
14748,r2i1p1f1,2055,05,19,1.2701432771179428,7.157438,-2.1976655,2055
14749,r2i1p1f1,2055,05,20,0.0,14.191184,-1.2900159,2055
14750,r2i1p1f1,2055,05,21,0.0,18.884766,1.146034,2055
14751,r2i1p1f1,2055,05,22,0.5268408733242652,17.761309,3.160932,2055
14752,r2i1p1f1,2055,05,23,0.0,18.24126,4.503384,2055
14753,r2i1p1f1,2055,05,24,0.0,19.390894,1.9885007,2055
14754,r2i1p1f1,2055,05,25,0.0,17.783182,2.6801105,2055
14755,r2i1p1f1,2055,05,26,7.734195506656341,7.5829544,-3.921574,2055
14756,r2i1p1f1,2055,05,27,4.586346541131766,8.420669,-2.4040554,2055
14757,r2i1p1f1,2055,05,28,0.0,15.420076,0.98915386,2055
14758,r2i1p1f1,2055,05,29,0.0,17.266623,5.2917533,2055
14759,r2i1p1f1,2055,05,30,0.0,16.553457,5.6776457,2055
14760,r2i1p1f1,2055,05,31,0.0,20.402225,4.655488,2055
14761,r2i1p1f1,2055,06,01,0.0,24.122807,6.2095,2055
14762,r2i1p1f1,2055,06,02,0.0,28.431822,9.216885,2055
14763,r2i1p1f1,2055,06,03,0.0,31.768755,13.923159,2055
14764,r2i1p1f1,2055,06,04,0.0,31.57941,12.897891,2055
14765,r2i1p1f1,2055,06,05,0.0,28.55128,9.895806,2055
14766,r2i1p1f1,2055,06,06,0.0,25.363573,7.561361,2055
14767,r2i1p1f1,2055,06,07,0.0,21.51856,6.594908,2055
14768,r2i1p1f1,2055,06,08,0.5769284704981076,14.6796875,1.4712588,2055
14769,r2i1p1f1,2055,06,09,0.01461387991394776,17.520712,0.8230249,2055
14770,r2i1p1f1,2055,06,10,1.9137799689185788,19.702633,2.8602855,2055
14771,r2i1p1f1,2055,06,11,0.0,24.935469,8.664282,2055
14772,r2i1p1f1,2055,06,12,0.0,27.912645,11.726433,2055
14773,r2i1p1f1,2055,06,13,0.0,30.211695,11.991339,2055
14774,r2i1p1f1,2055,06,14,0.0,30.47223,12.132856,2055
14775,r2i1p1f1,2055,06,15,0.0,29.694683,12.004643,2055
14776,r2i1p1f1,2055,06,16,0.0,28.450802,11.227758,2055
14777,r2i1p1f1,2055,06,17,0.0,26.404823,10.147229,2055
14778,r2i1p1f1,2055,06,18,0.0,25.455471,8.134944,2055
14779,r2i1p1f1,2055,06,19,0.0,23.927198,6.01298,2055
14780,r2i1p1f1,2055,06,20,0.0,27.517841,9.012155,2055
14781,r2i1p1f1,2055,06,21,0.0,26.075726,7.4683986,2055
14782,r2i1p1f1,2055,06,22,0.0,16.802086,3.7161548,2055
14783,r2i1p1f1,2055,06,23,0.0,16.688683,4.3925595,2055
14784,r2i1p1f1,2055,06,24,0.0,21.543636,4.8657627,2055
14785,r2i1p1f1,2055,06,25,0.0,27.919077,9.503606,2055
14786,r2i1p1f1,2055,06,26,0.0,27.020605,11.061748,2055
14787,r2i1p1f1,2055,06,27,0.0,24.869751,7.6219687,2055
14788,r2i1p1f1,2055,06,28,0.0,31.222046,11.959986,2055
14789,r2i1p1f1,2055,06,29,0.0,34.202576,14.453283,2055
14790,r2i1p1f1,2055,06,30,0.0,34.81918,16.180317,2055
14791,r2i1p1f1,2055,07,01,0.0,32.920856,17.3034,2055
14792,r2i1p1f1,2055,07,02,0.0,33.938538,13.611475,2055
14793,r2i1p1f1,2055,07,03,0.0,32.71568,13.66543,2055
14794,r2i1p1f1,2055,07,04,0.0,32.556988,15.531719,2055
14795,r2i1p1f1,2055,07,05,0.0,32.399643,14.690891,2055
14796,r2i1p1f1,2055,07,06,0.0,30.85277,15.643234,2055
14797,r2i1p1f1,2055,07,07,0.0,32.99963,15.093318,2055
14798,r2i1p1f1,2055,07,08,0.0,33.49377,15.972214,2055
14799,r2i1p1f1,2055,07,09,0.0,34.66165,15.826558,2055
14800,r2i1p1f1,2055,07,10,3.3453996119953024,33.543545,14.842758,2055
14801,r2i1p1f1,2055,07,11,0.02122559616019806,35.008595,16.36113,2055
14802,r2i1p1f1,2055,07,12,0.0,32.746418,16.587944,2055
14803,r2i1p1f1,2055,07,13,0.0,30.421587,16.327785,2055
14804,r2i1p1f1,2055,07,14,0.0,29.007355,14.738994,2055
14805,r2i1p1f1,2055,07,15,0.0,27.814878,13.377576,2055
14806,r2i1p1f1,2055,07,16,0.0,27.079784,12.171782,2055
14807,r2i1p1f1,2055,07,17,4.237854064838477,27.49582,11.928226,2055
14808,r2i1p1f1,2055,07,18,0.034973208396247804,26.452042,10.828125,2055
14809,r2i1p1f1,2055,07,19,2.5151931511153145,23.502333,11.118766,2055
14810,r2i1p1f1,2055,07,20,0.8704210123561587,26.59997,10.656914,2055
14811,r2i1p1f1,2055,07,21,0.4666502036273484,27.029034,12.1029215,2055
14812,r2i1p1f1,2055,07,22,0.06176713303340456,28.001984,13.080244,2055
14813,r2i1p1f1,2055,07,23,0.0,30.092388,13.162774,2055
14814,r2i1p1f1,2055,07,24,0.0,31.747934,15.473376,2055
14815,r2i1p1f1,2055,07,25,0.0,33.076252,16.206203,2055
14816,r2i1p1f1,2055,07,26,0.0,33.48545,16.71311,2055
14817,r2i1p1f1,2055,07,27,0.0,33.748215,17.756502,2055
14818,r2i1p1f1,2055,07,28,0.0,33.40784,17.081308,2055
14819,r2i1p1f1,2055,07,29,0.01925752529552063,31.757061,14.608458,2055
14820,r2i1p1f1,2055,07,30,0.0,28.891865,12.434635,2055
14821,r2i1p1f1,2055,07,31,0.0,26.239967,10.144316,2055
14822,r2i1p1f1,2055,08,01,0.0,28.116486,11.614826,2055
14823,r2i1p1f1,2055,08,02,0.0,32.76111,14.147073,2055
14824,r2i1p1f1,2055,08,03,0.0,33.427204,15.627166,2055
14825,r2i1p1f1,2055,08,04,0.0,33.866634,16.273258,2055
14826,r2i1p1f1,2055,08,05,0.0,34.378166,17.39601,2055
14827,r2i1p1f1,2055,08,06,0.0,33.033302,16.84885,2055
14828,r2i1p1f1,2055,08,07,0.0,31.597137,14.726494,2055
14829,r2i1p1f1,2055,08,08,0.0,29.327816,12.86994,2055
14830,r2i1p1f1,2055,08,09,0.0,30.09432,12.820768,2055
14831,r2i1p1f1,2055,08,10,0.0,31.689579,14.839562,2055
14832,r2i1p1f1,2055,08,11,0.0,32.776093,15.450154,2055
14833,r2i1p1f1,2055,08,12,0.0,32.09994,15.115796,2055
14834,r2i1p1f1,2055,08,13,0.0,31.413023,15.450324,2055
14835,r2i1p1f1,2055,08,14,0.0,31.382906,15.633345,2055
14836,r2i1p1f1,2055,08,15,0.0,31.114258,15.313173,2055
14837,r2i1p1f1,2055,08,16,0.0,30.948822,15.709253,2055
14838,r2i1p1f1,2055,08,17,0.0,30.89789,15.318462,2055
14839,r2i1p1f1,2055,08,18,0.0,31.256348,15.965966,2055
14840,r2i1p1f1,2055,08,19,0.0,31.03788,15.219138,2055
14841,r2i1p1f1,2055,08,20,0.0,29.282413,12.6076,2055
14842,r2i1p1f1,2055,08,21,0.0,26.817358,10.393613,2055
14843,r2i1p1f1,2055,08,22,0.0,26.179195,9.65217,2055
14844,r2i1p1f1,2055,08,23,0.0,28.623085,11.559409,2055
14845,r2i1p1f1,2055,08,24,0.0,29.86213,12.632639,2055
14846,r2i1p1f1,2055,08,25,0.0,29.282032,12.385897,2055
14847,r2i1p1f1,2055,08,26,0.0,31.37535,13.920637,2055
14848,r2i1p1f1,2055,08,27,0.0,32.95079,15.597461,2055
14849,r2i1p1f1,2055,08,28,0.0,33.64186,16.5729,2055
14850,r2i1p1f1,2055,08,29,0.0,34.120613,16.205605,2055
14851,r2i1p1f1,2055,08,30,0.0,34.163757,15.395051,2055
14852,r2i1p1f1,2055,08,31,0.0,33.71913,15.109863,2055
14853,r2i1p1f1,2055,09,01,0.0,31.91867,14.949097,2055
14854,r2i1p1f1,2055,09,02,0.0,31.42826,15.524028,2055
14855,r2i1p1f1,2055,09,03,0.0,30.962076,13.810124,2055
14856,r2i1p1f1,2055,09,04,0.0,30.358599,12.948383,2055
14857,r2i1p1f1,2055,09,05,0.0,33.196575,15.399502,2055
14858,r2i1p1f1,2055,09,06,0.0,31.543558,14.730259,2055
14859,r2i1p1f1,2055,09,07,0.0,32.76288,13.626243,2055
14860,r2i1p1f1,2055,09,08,0.0,32.571262,16.400866,2055
14861,r2i1p1f1,2055,09,09,0.0,31.66998,14.990776,2055
14862,r2i1p1f1,2055,09,10,0.0,30.83195,13.036424,2055
14863,r2i1p1f1,2055,09,11,0.0,29.501637,12.3411455,2055
14864,r2i1p1f1,2055,09,12,0.0,28.887909,11.785965,2055
14865,r2i1p1f1,2055,09,13,0.0,31.18201,12.557656,2055
14866,r2i1p1f1,2055,09,14,0.0,32.039776,13.345544,2055
14867,r2i1p1f1,2055,09,15,0.0,30.281952,13.503432,2055
14868,r2i1p1f1,2055,09,16,0.0,29.283175,13.525913,2055
14869,r2i1p1f1,2055,09,17,0.0,29.991241,13.504319,2055
14870,r2i1p1f1,2055,09,18,0.0,30.286371,12.025889,2055
14871,r2i1p1f1,2055,09,19,0.0,29.009901,11.009936,2055
14872,r2i1p1f1,2055,09,20,0.0,25.555916,9.918908,2055
14873,r2i1p1f1,2055,09,21,0.0,28.447855,9.640906,2055
14874,r2i1p1f1,2055,09,22,0.0,30.141699,9.262184,2055
14875,r2i1p1f1,2055,09,23,0.0,29.957062,11.761269,2055
14876,r2i1p1f1,2055,09,24,0.0,30.024376,13.080979,2055
14877,r2i1p1f1,2055,09,25,0.0,29.40479,11.701438,2055
14878,r2i1p1f1,2055,09,26,0.0,29.018097,12.206537,2055
14879,r2i1p1f1,2055,09,27,0.0,29.734213,13.172009,2055
14880,r2i1p1f1,2055,09,28,0.0,32.50993,16.301022,2055
14881,r2i1p1f1,2055,09,29,0.0,32.73369,15.278885,2055
14882,r2i1p1f1,2055,09,30,0.0,32.81099,13.637627,2055
14883,r2i1p1f1,2055,10,01,0.0,34.220127,14.840561,2055
14884,r2i1p1f1,2055,10,02,0.0,32.563667,15.22393,2055
14885,r2i1p1f1,2055,10,03,0.0,31.341606,11.574194,2055
14886,r2i1p1f1,2055,10,04,2.735841911229587,18.966032,1.0303726,2055
14887,r2i1p1f1,2055,10,05,0.0020928817600808823,14.492888,-2.0623882,2055
14888,r2i1p1f1,2055,10,06,0.0,18.365347,-0.17371964,2055
14889,r2i1p1f1,2055,10,07,0.0,22.75651,3.549131,2055
14890,r2i1p1f1,2055,10,08,0.0,24.63244,7.0355225,2055
14891,r2i1p1f1,2055,10,09,0.0,25.355429,8.021439,2055
14892,r2i1p1f1,2055,10,10,0.0,26.491817,7.242557,2055
14893,r2i1p1f1,2055,10,11,0.0,26.346886,9.155589,2055
14894,r2i1p1f1,2055,10,12,0.0,24.212202,7.1014137,2055
14895,r2i1p1f1,2055,10,13,0.0,24.58707,6.31747,2055
14896,r2i1p1f1,2055,10,14,0.0,22.05776,5.585039,2055
14897,r2i1p1f1,2055,10,15,0.0,23.405386,6.8992248,2055
14898,r2i1p1f1,2055,10,16,0.0,23.702236,5.1184616,2055
14899,r2i1p1f1,2055,10,17,0.0,18.827667,5.3079553,2055
14900,r2i1p1f1,2055,10,18,0.0,18.66375,6.3165846,2055
14901,r2i1p1f1,2055,10,19,0.0,22.829533,5.730851,2055
14902,r2i1p1f1,2055,10,20,0.0,22.226557,6.461401,2055
14903,r2i1p1f1,2055,10,21,0.009950619670025144,20.396585,5.321895,2055
14904,r2i1p1f1,2055,10,22,0.0,14.323804,3.162234,2055
14905,r2i1p1f1,2055,10,23,0.0,19.08726,3.2441401,2055
14906,r2i1p1f1,2055,10,24,0.0,19.109821,4.8445654,2055
14907,r2i1p1f1,2055,10,25,0.0,17.086182,3.024359,2055
14908,r2i1p1f1,2055,10,26,0.0,20.2106,2.1499834,2055
14909,r2i1p1f1,2055,10,27,0.0,19.16957,3.0952692,2055
14910,r2i1p1f1,2055,10,28,0.0,19.808441,4.2604785,2055
14911,r2i1p1f1,2055,10,29,0.0,20.304913,5.934408,2055
14912,r2i1p1f1,2055,10,30,0.0,20.744438,5.3329644,2055
14913,r2i1p1f1,2055,10,31,8.110336420010684,21.30373,7.0078015,2055
14914,r2i1p1f1,2055,11,01,75.6169919596197,13.063806,9.734216,2055
14915,r2i1p1f1,2055,11,02,3.2281678052396066,13.695981,2.9643223,2055
14916,r2i1p1f1,2055,11,03,0.0,14.647232,3.4591968,2055
14917,r2i1p1f1,2055,11,04,0.0,18.821688,4.3911,2055
14918,r2i1p1f1,2055,11,05,0.0,18.572046,3.776933,2055
14919,r2i1p1f1,2055,11,06,0.0,19.725616,5.767623,2055
14920,r2i1p1f1,2055,11,07,0.0,20.762508,5.424038,2055
14921,r2i1p1f1,2055,11,08,0.0,18.511024,4.6944356,2055
14922,r2i1p1f1,2055,11,09,0.0,15.713611,2.395273,2055
14923,r2i1p1f1,2055,11,10,36.28375195280219,12.926523,2.461013,2055
14924,r2i1p1f1,2055,11,11,0.0,10.921152,-1.1101626,2055
14925,r2i1p1f1,2055,11,12,0.0,11.112293,-0.69535387,2055
14926,r2i1p1f1,2055,11,13,0.5828318944552918,11.698982,4.2720084,2055
14927,r2i1p1f1,2055,11,14,0.0,16.22072,3.0759857,2055
14928,r2i1p1f1,2055,11,15,0.0,18.84161,3.4098437,2055
14929,r2i1p1f1,2055,11,16,0.0,19.569155,4.34568,2055
14930,r2i1p1f1,2055,11,17,0.0,18.856007,3.6624053,2055
14931,r2i1p1f1,2055,11,18,0.0,15.919975,0.9076897,2055
14932,r2i1p1f1,2055,11,19,0.0,14.840552,2.1406815,2055
14933,r2i1p1f1,2055,11,20,34.43988959367674,13.181011,7.733875,2055
14934,r2i1p1f1,2055,11,21,77.90928945088616,10.108522,1.8045846,2055
14935,r2i1p1f1,2055,11,22,0.46049785490210454,8.677211,-3.768603,2055
14936,r2i1p1f1,2055,11,23,0.0,10.2383795,-1.0284367,2055
14937,r2i1p1f1,2055,11,24,10.236214691100871,9.463267,2.336845,2055
14938,r2i1p1f1,2055,11,25,24.574586017675195,8.540874,-1.3847147,2055
14939,r2i1p1f1,2055,11,26,0.0,6.960767,-6.070423,2055
14940,r2i1p1f1,2055,11,27,0.062115889844650295,6.202082,-2.3965757,2055
14941,r2i1p1f1,2055,11,28,0.0,9.054171,-3.5016472,2055
14942,r2i1p1f1,2055,11,29,0.0,9.119197,-5.0877514,2055
14943,r2i1p1f1,2055,11,30,0.0,8.097449,-3.8740191,2055
14944,r2i1p1f1,2055,12,01,54.840694255500026,1.0785758,-2.4299786,2055
14945,r2i1p1f1,2055,12,02,27.476905046989067,2.6140602,-1.8940347,2055
14946,r2i1p1f1,2055,12,03,65.79720936536502,5.032139,-4.1151156,2055
14947,r2i1p1f1,2055,12,04,66.0987829314903,3.8009899,-2.53817,2055
14948,r2i1p1f1,2055,12,05,49.71054171104557,2.643335,-1.3240314,2055
14949,r2i1p1f1,2055,12,06,88.13860168716369,7.2067847,-0.50692064,2055
14950,r2i1p1f1,2055,12,07,79.90274916474635,12.189874,1.9650421,2055
14951,r2i1p1f1,2055,12,08,22.226916547739304,10.947959,-0.7525282,2055
14952,r2i1p1f1,2055,12,09,24.055042306785115,4.1455703,-2.38033,2055
14953,r2i1p1f1,2055,12,10,0.29032718935363494,3.7748065,-5.6509275,2055
14954,r2i1p1f1,2055,12,11,15.756157512861627,2.773634,-2.0045662,2055
14955,r2i1p1f1,2055,12,12,30.603898740194452,6.1441364,-1.1910762,2055
14956,r2i1p1f1,2055,12,13,24.712155769520905,6.770575,1.1046246,2055
14957,r2i1p1f1,2055,12,14,23.867510501384878,9.131184,0.8427399,2055
14958,r2i1p1f1,2055,12,15,20.424629980810167,9.674368,2.7370582,2055
14959,r2i1p1f1,2055,12,16,0.0,14.582561,9.098454,2055
14960,r2i1p1f1,2055,12,17,0.0,18.29035,4.8876677,2055
14961,r2i1p1f1,2055,12,18,0.0,16.776115,3.8726697,2055
14962,r2i1p1f1,2055,12,19,0.0,17.189781,5.248058,2055
14963,r2i1p1f1,2055,12,20,0.0,16.346113,4.057535,2055
14964,r2i1p1f1,2055,12,21,0.0,16.112373,5.5538893,2055
14965,r2i1p1f1,2055,12,22,0.0,16.142809,3.9748816,2055
14966,r2i1p1f1,2055,12,23,0.0,16.62058,4.5517955,2055
14967,r2i1p1f1,2055,12,24,0.0,15.526111,4.461991,2055
14968,r2i1p1f1,2055,12,25,0.0,17.77047,4.836283,2055
14969,r2i1p1f1,2055,12,26,0.38214637363405646,17.286541,5.142987,2055
14970,r2i1p1f1,2055,12,27,0.1461649946804755,11.138957,-0.6669378,2055
14971,r2i1p1f1,2055,12,28,53.8926822402013,7.421072,1.6973356,2055
14972,r2i1p1f1,2055,12,29,33.82770674159894,3.9172935,-0.36871535,2055
14973,r2i1p1f1,2055,12,30,0.0,9.417789,0.28041518,2055
14974,r2i1p1f1,2055,12,31,0.0,8.040895,0.3217305,2055
14975,r2i1p1f1,2056,01,01,0.0,9.362561,-2.5324483,2056
14976,r2i1p1f1,2056,01,02,0.0,10.097647,-2.1308136,2056
14977,r2i1p1f1,2056,01,03,0.0,17.568974,3.1451747,2056
14978,r2i1p1f1,2056,01,04,0.0,17.825644,4.717039,2056
14979,r2i1p1f1,2056,01,05,0.0,14.209953,0.38293818,2056
14980,r2i1p1f1,2056,01,06,0.0,10.877434,1.7222608,2056
14981,r2i1p1f1,2056,01,07,15.066390546277175,6.351036,0.5586665,2056
14982,r2i1p1f1,2056,01,08,22.894018032373143,8.133298,-0.70869964,2056
14983,r2i1p1f1,2056,01,09,0.0,5.516973,0.32389998,2056
14984,r2i1p1f1,2056,01,10,47.64836219636401,3.7782946,-0.64883,2056
14985,r2i1p1f1,2056,01,11,69.7692824035095,13.817017,0.938743,2056
14986,r2i1p1f1,2056,01,12,47.31557514214028,10.649741,6.740587,2056
14987,r2i1p1f1,2056,01,13,33.70543205394195,13.257876,6.471087,2056
14988,r2i1p1f1,2056,01,14,19.844041265045796,10.310109,6.145238,2056
14989,r2i1p1f1,2056,01,15,0.4343024580940927,14.028047,2.817141,2056
14990,r2i1p1f1,2056,01,16,0.0,19.289354,3.9523017,2056
14991,r2i1p1f1,2056,01,17,0.0,17.673393,5.526889,2056
14992,r2i1p1f1,2056,01,18,0.0,16.899216,5.3045106,2056
14993,r2i1p1f1,2056,01,19,0.0,15.478938,3.764718,2056
14994,r2i1p1f1,2056,01,20,0.0,17.56518,5.070556,2056
14995,r2i1p1f1,2056,01,21,0.0,21.788086,6.2588654,2056
14996,r2i1p1f1,2056,01,22,0.0,22.012383,6.3926606,2056
14997,r2i1p1f1,2056,01,23,0.0,21.900122,5.034324,2056
14998,r2i1p1f1,2056,01,24,0.0,18.893492,4.4581857,2056
14999,r2i1p1f1,2056,01,25,0.0,18.744757,5.035902,2056
15000,r2i1p1f1,2056,01,26,0.0,18.065634,3.9075823,2056
15001,r2i1p1f1,2056,01,27,34.63356057092404,9.240463,3.8555858,2056
15002,r2i1p1f1,2056,01,28,47.3602257660017,11.438363,6.080167,2056
15003,r2i1p1f1,2056,01,29,52.44290880017126,11.181116,6.5902686,2056
15004,r2i1p1f1,2056,01,30,54.31657838366496,13.067942,0.2672171,2056
15005,r2i1p1f1,2056,01,31,0.0,13.066079,6.0158596,2056
15006,r2i1p1f1,2056,02,01,6.20951165796074,7.6217556,-1.7548062,2056
15007,r2i1p1f1,2056,02,02,0.0,11.325664,-1.7396154,2056
15008,r2i1p1f1,2056,02,03,0.0,19.494415,1.2087662,2056
15009,r2i1p1f1,2056,02,04,0.0,18.529234,3.203051,2056
15010,r2i1p1f1,2056,02,05,0.0,17.502028,2.6737819,2056
15011,r2i1p1f1,2056,02,06,0.0,18.20419,3.6632104,2056
15012,r2i1p1f1,2056,02,07,25.44940386343604,11.445397,1.0207579,2056
15013,r2i1p1f1,2056,02,08,59.73791657194782,12.135342,2.6679335,2056
15014,r2i1p1f1,2056,02,09,0.0,13.502964,2.9080358,2056
15015,r2i1p1f1,2056,02,10,0.0,12.731995,1.746372,2056
15016,r2i1p1f1,2056,02,11,3.8484245797287886,9.339282,3.6171162,2056
15017,r2i1p1f1,2056,02,12,0.0,17.753832,2.674358,2056
15018,r2i1p1f1,2056,02,13,0.0,20.399014,3.2182045,2056
15019,r2i1p1f1,2056,02,14,0.0,18.235603,4.376405,2056
15020,r2i1p1f1,2056,02,15,6.296070094192776,12.643782,6.6965036,2056
15021,r2i1p1f1,2056,02,16,0.0,15.611299,6.323531,2056
15022,r2i1p1f1,2056,02,17,0.0,17.775406,4.122442,2056
15023,r2i1p1f1,2056,02,18,0.0,17.308868,5.414769,2056
15024,r2i1p1f1,2056,02,19,0.0,17.916441,4.151222,2056
15025,r2i1p1f1,2056,02,20,0.0,18.07832,3.9106352,2056
15026,r2i1p1f1,2056,02,21,0.0,17.706173,3.407198,2056
15027,r2i1p1f1,2056,02,22,0.0,16.750952,2.6066418,2056
15028,r2i1p1f1,2056,02,23,0.6226843164208381,12.896419,2.7157977,2056
15029,r2i1p1f1,2056,02,24,19.4816962211357,9.400563,3.945111,2056
15030,r2i1p1f1,2056,02,25,0.0,12.826682,0.9291438,2056
15031,r2i1p1f1,2056,02,26,0.0,14.104292,0.5506892,2056
15032,r2i1p1f1,2056,02,27,8.4007215566369,10.065025,1.2388487,2056
15033,r2i1p1f1,2056,02,28,0.0,8.65789,0.9407141,2056
15034,r2i1p1f1,2056,02,29,0.0,15.996607,-0.50433105,2056
15035,r2i1p1f1,2056,03,01,0.0,17.720974,-0.64898896,2056
15036,r2i1p1f1,2056,03,02,0.0,16.007614,-2.5377333,2056
15037,r2i1p1f1,2056,03,03,4.929513523235912,6.330963,-6.073528,2056
15038,r2i1p1f1,2056,03,04,42.39675046298474,1.7284167,-2.053126,2056
15039,r2i1p1f1,2056,03,05,53.402508168465616,5.7168555,-1.0923833,2056
15040,r2i1p1f1,2056,03,06,40.604114866717005,3.0571125,-3.560639,2056
15041,r2i1p1f1,2056,03,07,19.362658797763288,5.132541,-4.317733,2056
15042,r2i1p1f1,2056,03,08,1.2301980235126673,8.149793,3.0869932,2056
15043,r2i1p1f1,2056,03,09,0.0,15.212853,2.3979828,2056
15044,r2i1p1f1,2056,03,10,12.959571091260631,13.477549,0.95757794,2056
15045,r2i1p1f1,2056,03,11,0.0,15.093002,1.8893249,2056
15046,r2i1p1f1,2056,03,12,0.0,19.827805,2.562975,2056
15047,r2i1p1f1,2056,03,13,0.0,17.653591,3.6163533,2056
15048,r2i1p1f1,2056,03,14,6.054930675208407,11.478897,5.6347275,2056
15049,r2i1p1f1,2056,03,15,45.762068557982836,9.13683,0.42651877,2056
15050,r2i1p1f1,2056,03,16,0.004065422133582895,14.26686,1.8000903,2056
15051,r2i1p1f1,2056,03,17,20.39164341292165,6.786499,-0.31768328,2056
15052,r2i1p1f1,2056,03,18,1.6447035756790194,10.13238,0.9331166,2056
15053,r2i1p1f1,2056,03,19,0.0,16.487526,-0.03724602,2056
15054,r2i1p1f1,2056,03,20,1.3444331662727704,14.736248,3.5490239,2056
15055,r2i1p1f1,2056,03,21,18.925586732690974,11.745657,-1.6070704,2056
15056,r2i1p1f1,2056,03,22,52.12065759070146,7.769674,4.167234,2056
15057,r2i1p1f1,2056,03,23,9.819602463427985,13.287102,0.6569433,2056
15058,r2i1p1f1,2056,03,24,0.0,19.423424,1.3286422,2056
15059,r2i1p1f1,2056,03,25,0.0,17.131565,1.0757115,2056
15060,r2i1p1f1,2056,03,26,40.5066080924231,6.1869693,0.5159129,2056
15061,r2i1p1f1,2056,03,27,24.619768819852304,7.934493,0.6814444,2056
15062,r2i1p1f1,2056,03,28,26.340290407936735,13.015988,4.2573667,2056
15063,r2i1p1f1,2056,03,29,35.39881568912488,10.718988,4.424645,2056
15064,r2i1p1f1,2056,03,30,49.049129374683474,8.847689,4.2594156,2056
15065,r2i1p1f1,2056,03,31,12.107430399023892,10.632112,-3.8238854,2056
15066,r2i1p1f1,2056,04,01,0.0,13.582676,-0.79018587,2056
15067,r2i1p1f1,2056,04,02,3.905001097322943,10.131728,5.428447,2056
15068,r2i1p1f1,2056,04,03,0.0,17.432384,0.36414513,2056
15069,r2i1p1f1,2056,04,04,0.0,16.083323,2.3200333,2056
15070,r2i1p1f1,2056,04,05,1.2942810116958123,15.279099,0.6099649,2056
15071,r2i1p1f1,2056,04,06,0.4472000306262859,18.383032,-0.09298765,2056
15072,r2i1p1f1,2056,04,07,0.0,19.300299,2.6722565,2056
15073,r2i1p1f1,2056,04,08,0.0,18.048046,4.444583,2056
15074,r2i1p1f1,2056,04,09,20.060928784257086,7.490542,-2.2392633,2056
15075,r2i1p1f1,2056,04,10,35.18351110844658,9.699189,-4.938275,2056
15076,r2i1p1f1,2056,04,11,64.6757209001897,10.166188,-3.9788728,2056
15077,r2i1p1f1,2056,04,12,8.354928098057057,11.79199,-3.0554585,2056
15078,r2i1p1f1,2056,04,13,0.0,16.17252,0.6540453,2056
15079,r2i1p1f1,2056,04,14,0.0,17.179453,5.0072412,2056
15080,r2i1p1f1,2056,04,15,7.6858281980164,11.720151,3.7465672,2056
15081,r2i1p1f1,2056,04,16,0.0,15.032371,-0.95685244,2056
15082,r2i1p1f1,2056,04,17,0.0,21.218147,3.3514225,2056
15083,r2i1p1f1,2056,04,18,0.0,22.985733,8.148533,2056
15084,r2i1p1f1,2056,04,19,0.0,20.853657,5.6581235,2056
15085,r2i1p1f1,2056,04,20,17.815599952322934,12.476296,-0.58282334,2056
15086,r2i1p1f1,2056,04,21,11.12653380122048,10.287087,-1.1366805,2056
15087,r2i1p1f1,2056,04,22,16.784299329104286,11.802549,-3.2793102,2056
15088,r2i1p1f1,2056,04,23,0.01659276402873589,17.804913,0.9176416,2056
15089,r2i1p1f1,2056,04,24,0.0,19.9177,2.7298229,2056
15090,r2i1p1f1,2056,04,25,0.0,19.690374,6.441471,2056
15091,r2i1p1f1,2056,04,26,0.0,20.461191,6.2851915,2056
15092,r2i1p1f1,2056,04,27,0.0,21.517553,5.0351834,2056
15093,r2i1p1f1,2056,04,28,0.0,21.873758,7.01511,2056
15094,r2i1p1f1,2056,04,29,0.0,24.539331,7.7362113,2056
15095,r2i1p1f1,2056,04,30,0.0,27.923979,10.19361,2056
15096,r2i1p1f1,2056,05,01,0.0,28.48439,10.747185,2056
15097,r2i1p1f1,2056,05,02,0.0,27.853573,10.885916,2056
15098,r2i1p1f1,2056,05,03,2.693837005006991,23.691326,7.106334,2056
15099,r2i1p1f1,2056,05,04,23.499077999552426,16.243397,1.5641268,2056
15100,r2i1p1f1,2056,05,05,0.5735387651349391,12.019746,0.0042209136,2056
15101,r2i1p1f1,2056,05,06,3.1306684520656676,11.002887,-1.9688177,2056
15102,r2i1p1f1,2056,05,07,3.5489128275422934,14.762939,4.798711,2056
15103,r2i1p1f1,2056,05,08,0.0,19.43001,6.535173,2056
15104,r2i1p1f1,2056,05,09,0.016348650276016157,20.154291,4.4755726,2056
15105,r2i1p1f1,2056,05,10,0.33130131831084186,17.377665,1.3124651,2056
15106,r2i1p1f1,2056,05,11,1.2419755931030243,25.20328,7.2698097,2056
15107,r2i1p1f1,2056,05,12,0.03767409988750632,26.863007,8.917773,2056
15108,r2i1p1f1,2056,05,13,0.008334831720556114,26.258583,10.262147,2056
15109,r2i1p1f1,2056,05,14,0.8294290819094385,18.378445,3.811158,2056
15110,r2i1p1f1,2056,05,15,5.572873832436296,15.165717,3.1792011,2056
15111,r2i1p1f1,2056,05,16,0.0,18.645916,4.2802696,2056
15112,r2i1p1f1,2056,05,17,19.69391744015201,11.252825,0.04609954,2056
15113,r2i1p1f1,2056,05,18,17.49128777189001,8.374926,-3.312475,2056
15114,r2i1p1f1,2056,05,19,0.05961939161632192,13.58907,-1.2679058,2056
15115,r2i1p1f1,2056,05,20,0.008242486406883333,19.926126,4.477018,2056
15116,r2i1p1f1,2056,05,21,0.013538048773835517,20.12289,6.2626195,2056
15117,r2i1p1f1,2056,05,22,5.127657338960909,15.598587,1.20336,2056
15118,r2i1p1f1,2056,05,23,0.054223182045321804,24.427425,6.500576,2056
15119,r2i1p1f1,2056,05,24,0.0,25.182737,10.051948,2056
15120,r2i1p1f1,2056,05,25,0.0,27.663975,10.052537,2056
15121,r2i1p1f1,2056,05,26,0.0,27.117533,11.510538,2056
15122,r2i1p1f1,2056,05,27,0.0,26.146776,7.938369,2056
15123,r2i1p1f1,2056,05,28,19.471749582365963,16.860277,0.792428,2056
15124,r2i1p1f1,2056,05,29,11.381218235160654,12.861723,3.9594696,2056
15125,r2i1p1f1,2056,05,30,3.71047654186371,10.294351,1.8097131,2056
15126,r2i1p1f1,2056,05,31,7.393180628815362,8.945146,-1.1189992,2056
15127,r2i1p1f1,2056,06,01,24.439723757565773,9.18113,2.6502953,2056
15128,r2i1p1f1,2056,06,02,0.40111719401745805,17.808754,3.09161,2056
15129,r2i1p1f1,2056,06,03,0.35250946875748923,18.750021,8.748665,2056
15130,r2i1p1f1,2056,06,04,0.0,19.447176,9.342993,2056
15131,r2i1p1f1,2056,06,05,0.0,24.184296,6.7798557,2056
15132,r2i1p1f1,2056,06,06,0.0,26.206564,9.152518,2056
15133,r2i1p1f1,2056,06,07,0.017644529277906537,27.55922,9.419327,2056
15134,r2i1p1f1,2056,06,08,7.810781356077384,25.797709,7.9028587,2056
15135,r2i1p1f1,2056,06,09,7.3679664118502,14.64814,6.8552856,2056
15136,r2i1p1f1,2056,06,10,0.0,17.804838,4.5411468,2056
15137,r2i1p1f1,2056,06,11,0.0,25.51802,7.5897217,2056
15138,r2i1p1f1,2056,06,12,0.0,26.611504,9.598725,2056
15139,r2i1p1f1,2056,06,13,0.0,26.39604,8.27956,2056
15140,r2i1p1f1,2056,06,14,0.0,24.116362,9.953298,2056
15141,r2i1p1f1,2056,06,15,0.0,23.397762,8.030565,2056
15142,r2i1p1f1,2056,06,16,0.0,24.703165,8.919126,2056
15143,r2i1p1f1,2056,06,17,0.0,25.5237,8.928284,2056
15144,r2i1p1f1,2056,06,18,0.0,27.689083,10.497024,2056
15145,r2i1p1f1,2056,06,19,0.0,27.169878,11.6593,2056
15146,r2i1p1f1,2056,06,20,0.0,25.358458,8.65085,2056
15147,r2i1p1f1,2056,06,21,0.0,22.56657,7.2375503,2056
15148,r2i1p1f1,2056,06,22,0.0,21.183733,6.9659677,2056
15149,r2i1p1f1,2056,06,23,0.0,23.63893,6.3958845,2056
15150,r2i1p1f1,2056,06,24,0.0,25.566416,8.635517,2056
15151,r2i1p1f1,2056,06,25,0.0,24.85138,8.805803,2056
15152,r2i1p1f1,2056,06,26,0.0,22.76043,7.3821754,2056
15153,r2i1p1f1,2056,06,27,0.0,21.430216,5.4822927,2056
15154,r2i1p1f1,2056,06,28,0.0,22.32277,7.5342836,2056
15155,r2i1p1f1,2056,06,29,0.0,24.893412,9.488557,2056
15156,r2i1p1f1,2056,06,30,0.0,29.921553,11.194413,2056
15157,r2i1p1f1,2056,07,01,0.0,33.877136,13.760964,2056
15158,r2i1p1f1,2056,07,02,0.0,35.059113,16.132954,2056
15159,r2i1p1f1,2056,07,03,0.0,36.160244,17.48566,2056
15160,r2i1p1f1,2056,07,04,0.0,35.4226,18.803642,2056
15161,r2i1p1f1,2056,07,05,0.0005920474065463238,36.16745,18.17159,2056
15162,r2i1p1f1,2056,07,06,0.0,35.448215,16.726109,2056
15163,r2i1p1f1,2056,07,07,0.0,33.992725,14.552832,2056
15164,r2i1p1f1,2056,07,08,0.0,31.156635,14.056738,2056
15165,r2i1p1f1,2056,07,09,0.0,28.240353,12.204161,2056
15166,r2i1p1f1,2056,07,10,0.0,29.428072,11.40571,2056
15167,r2i1p1f1,2056,07,11,0.0,30.816471,12.451863,2056
15168,r2i1p1f1,2056,07,12,0.0,29.681328,13.12767,2056
15169,r2i1p1f1,2056,07,13,0.0,30.142773,14.313645,2056
15170,r2i1p1f1,2056,07,14,0.0,31.996777,13.882398,2056
15171,r2i1p1f1,2056,07,15,0.0,32.3672,14.2126045,2056
15172,r2i1p1f1,2056,07,16,0.0,32.109715,14.835493,2056
15173,r2i1p1f1,2056,07,17,0.0,32.356384,16.215752,2056
15174,r2i1p1f1,2056,07,18,0.0,32.59519,15.134148,2056
15175,r2i1p1f1,2056,07,19,0.8371150365012279,32.771435,15.612053,2056
15176,r2i1p1f1,2056,07,20,2.7895733223816093,30.80252,15.3051195,2056
15177,r2i1p1f1,2056,07,21,0.0,30.691137,15.408441,2056
15178,r2i1p1f1,2056,07,22,0.0,31.779972,15.823715,2056
15179,r2i1p1f1,2056,07,23,0.0,31.93184,15.468376,2056
15180,r2i1p1f1,2056,07,24,0.0,31.684505,15.120571,2056
15181,r2i1p1f1,2056,07,25,0.0,31.595596,15.133796,2056
15182,r2i1p1f1,2056,07,26,0.0,31.622465,15.117793,2056
15183,r2i1p1f1,2056,07,27,0.0,31.8146,15.074172,2056
15184,r2i1p1f1,2056,07,28,0.9917114503108538,32.039764,15.344055,2056
15185,r2i1p1f1,2056,07,29,0.8619575471339675,32.182945,15.486123,2056
15186,r2i1p1f1,2056,07,30,0.0,33.81911,17.860931,2056
15187,r2i1p1f1,2056,07,31,0.0,34.79671,17.967999,2056
15188,r2i1p1f1,2056,08,01,0.0,33.191624,16.041664,2056
15189,r2i1p1f1,2056,08,02,0.0,33.037853,15.202286,2056
15190,r2i1p1f1,2056,08,03,0.0,31.77019,15.224625,2056
15191,r2i1p1f1,2056,08,04,0.0,32.32923,14.449441,2056
15192,r2i1p1f1,2056,08,05,0.0,32.846428,14.586758,2056
15193,r2i1p1f1,2056,08,06,0.0,32.32055,14.265625,2056
15194,r2i1p1f1,2056,08,07,0.0,32.066605,14.684321,2056
15195,r2i1p1f1,2056,08,08,0.0,33.618847,15.140893,2056
15196,r2i1p1f1,2056,08,09,0.0,34.141487,16.021881,2056
15197,r2i1p1f1,2056,08,10,0.0,33.802937,17.300053,2056
15198,r2i1p1f1,2056,08,11,0.0,32.70628,15.994692,2056
15199,r2i1p1f1,2056,08,12,0.0,29.131151,11.485375,2056
15200,r2i1p1f1,2056,08,13,0.0252284915124899,23.623463,7.9178414,2056
15201,r2i1p1f1,2056,08,14,0.0,27.972748,9.373295,2056
15202,r2i1p1f1,2056,08,15,0.0,30.653002,13.117132,2056
15203,r2i1p1f1,2056,08,16,0.0,30.147642,14.707305,2056
15204,r2i1p1f1,2056,08,17,0.0,27.681162,11.575294,2056
15205,r2i1p1f1,2056,08,18,0.2040495061709617,25.721806,10.4963255,2056
15206,r2i1p1f1,2056,08,19,0.0,26.694408,10.172361,2056
15207,r2i1p1f1,2056,08,20,0.0,26.627554,10.357918,2056
15208,r2i1p1f1,2056,08,21,0.0,27.565538,11.896472,2056
15209,r2i1p1f1,2056,08,22,0.0,29.29449,13.394463,2056
15210,r2i1p1f1,2056,08,23,0.0,30.975498,14.847854,2056
15211,r2i1p1f1,2056,08,24,0.0,32.557323,16.080675,2056
15212,r2i1p1f1,2056,08,25,0.0,32.080803,15.745918,2056
15213,r2i1p1f1,2056,08,26,0.0,30.9523,13.964022,2056
15214,r2i1p1f1,2056,08,27,0.0,30.52653,12.5037985,2056
15215,r2i1p1f1,2056,08,28,0.0,29.97417,12.633628,2056
15216,r2i1p1f1,2056,08,29,0.0,28.846996,12.255407,2056
15217,r2i1p1f1,2056,08,30,0.0,26.581099,9.482537,2056
15218,r2i1p1f1,2056,08,31,0.0,29.96326,12.602816,2056
15219,r2i1p1f1,2056,09,01,0.0,29.054213,12.879144,2056
15220,r2i1p1f1,2056,09,02,0.0,21.5379,7.395293,2056
15221,r2i1p1f1,2056,09,03,0.0,21.100267,5.7452664,2056
15222,r2i1p1f1,2056,09,04,0.0,26.14211,9.47065,2056
15223,r2i1p1f1,2056,09,05,0.0,30.435453,10.354499,2056
15224,r2i1p1f1,2056,09,06,0.0,29.913492,11.2126665,2056
15225,r2i1p1f1,2056,09,07,0.0,25.023376,8.938579,2056
15226,r2i1p1f1,2056,09,08,0.0,21.287094,6.134439,2056
15227,r2i1p1f1,2056,09,09,0.0,20.796093,5.635569,2056
15228,r2i1p1f1,2056,09,10,0.0,21.46072,5.922073,2056
15229,r2i1p1f1,2056,09,11,0.0,25.506838,7.7988296,2056
15230,r2i1p1f1,2056,09,12,0.0,25.408308,10.046131,2056
15231,r2i1p1f1,2056,09,13,0.0,25.359423,10.078332,2056
15232,r2i1p1f1,2056,09,14,0.0002783922389845919,25.139574,9.895501,2056
15233,r2i1p1f1,2056,09,15,0.0,25.552835,9.558671,2056
15234,r2i1p1f1,2056,09,16,0.0,25.870918,9.898414,2056
15235,r2i1p1f1,2056,09,17,0.0,26.775503,11.661186,2056
15236,r2i1p1f1,2056,09,18,0.0,27.873426,10.76276,2056
15237,r2i1p1f1,2056,09,19,0.0,28.423954,11.737296,2056
15238,r2i1p1f1,2056,09,20,0.0,30.413107,12.551334,2056
15239,r2i1p1f1,2056,09,21,0.0,30.520395,12.311257,2056
15240,r2i1p1f1,2056,09,22,0.0,31.567915,13.585071,2056
15241,r2i1p1f1,2056,09,23,0.0,30.36414,14.363405,2056
15242,r2i1p1f1,2056,09,24,0.0,30.023432,12.2774105,2056
15243,r2i1p1f1,2056,09,25,0.0,31.586075,14.168199,2056
15244,r2i1p1f1,2056,09,26,0.0,32.452023,15.664199,2056
15245,r2i1p1f1,2056,09,27,0.0,31.051022,15.044004,2056
15246,r2i1p1f1,2056,09,28,0.6465792652726612,29.783556,13.46283,2056
15247,r2i1p1f1,2056,09,29,0.022121055427795418,23.55235,11.214998,2056
15248,r2i1p1f1,2056,09,30,17.58390419706232,21.285683,7.773058,2056
15249,r2i1p1f1,2056,10,01,1.364419206284905,24.211622,10.239915,2056
15250,r2i1p1f1,2056,10,02,0.6054932864502077,26.698706,11.588333,2056
15251,r2i1p1f1,2056,10,03,0.0008308101874158288,25.597961,10.285302,2056
15252,r2i1p1f1,2056,10,04,0.0,26.634647,11.385466,2056
15253,r2i1p1f1,2056,10,05,0.0,31.781857,13.146394,2056
15254,r2i1p1f1,2056,10,06,0.0,30.900694,14.357635,2056
15255,r2i1p1f1,2056,10,07,0.0,29.429308,13.828215,2056
15256,r2i1p1f1,2056,10,08,0.0,28.692427,13.03596,2056
15257,r2i1p1f1,2056,10,09,0.0,29.10965,12.73474,2056
15258,r2i1p1f1,2056,10,10,0.0,31.027618,14.415474,2056
15259,r2i1p1f1,2056,10,11,0.0,29.822168,14.133599,2056
15260,r2i1p1f1,2056,10,12,0.0,25.79791,11.000898,2056
15261,r2i1p1f1,2056,10,13,0.0,23.655605,8.151658,2056
15262,r2i1p1f1,2056,10,14,0.0,23.088696,8.773621,2056
15263,r2i1p1f1,2056,10,15,0.0,23.823847,8.867686,2056
15264,r2i1p1f1,2056,10,16,0.0,22.153608,7.019569,2056
15265,r2i1p1f1,2056,10,17,0.0,22.282515,6.286923,2056
15266,r2i1p1f1,2056,10,18,0.0,25.263868,8.169357,2056
15267,r2i1p1f1,2056,10,19,1.8325321899562999,18.345211,7.134852,2056
15268,r2i1p1f1,2056,10,20,0.0,18.624166,3.5360057,2056
15269,r2i1p1f1,2056,10,21,0.0,20.710207,6.1941514,2056
15270,r2i1p1f1,2056,10,22,0.0,19.960009,3.5572326,2056
15271,r2i1p1f1,2056,10,23,0.0,22.034405,5.2187033,2056
15272,r2i1p1f1,2056,10,24,0.0,18.96121,5.555938,2056
15273,r2i1p1f1,2056,10,25,7.004487950521602,14.7084675,7.2981005,2056
15274,r2i1p1f1,2056,10,26,8.85037368356839,13.210712,7.995265,2056
15275,r2i1p1f1,2056,10,27,2.9928622159541893,11.47434,6.4228973,2056
15276,r2i1p1f1,2056,10,28,0.0,13.215227,3.6332,2056
15277,r2i1p1f1,2056,10,29,0.0,24.452414,4.9465537,2056
15278,r2i1p1f1,2056,10,30,0.0,23.78341,9.029551,2056
15279,r2i1p1f1,2056,10,31,0.0,25.240713,9.831587,2056
15280,r2i1p1f1,2056,11,01,0.0,24.923765,9.653998,2056
15281,r2i1p1f1,2056,11,02,0.0,24.402721,9.90158,2056
15282,r2i1p1f1,2056,11,03,0.0,24.479845,9.941655,2056
15283,r2i1p1f1,2056,11,04,0.0,24.035404,9.522746,2056
15284,r2i1p1f1,2056,11,05,0.0,22.556612,6.574779,2056
15285,r2i1p1f1,2056,11,06,0.0,21.117773,6.59871,2056
15286,r2i1p1f1,2056,11,07,0.0,22.92692,6.8235083,2056
15287,r2i1p1f1,2056,11,08,0.0,23.03137,8.109861,2056
15288,r2i1p1f1,2056,11,09,0.0,21.094486,6.8500595,2056
15289,r2i1p1f1,2056,11,10,0.0,21.329618,4.485033,2056
15290,r2i1p1f1,2056,11,11,0.0,19.377783,4.4760647,2056
15291,r2i1p1f1,2056,11,12,0.0,19.42931,1.9183099,2056
15292,r2i1p1f1,2056,11,13,3.2179491593874094,11.227097,3.536967,2056
15293,r2i1p1f1,2056,11,14,31.493593813278355,8.393853,3.477795,2056
15294,r2i1p1f1,2056,11,15,0.8202574011367967,11.327134,2.686206,2056
15295,r2i1p1f1,2056,11,16,52.66856833970031,19.31409,2.25797,2056
15296,r2i1p1f1,2056,11,17,147.974891828982,17.32588,4.6638494,2056
15297,r2i1p1f1,2056,11,18,59.91479618331561,10.1897955,2.2485313,2056
15298,r2i1p1f1,2056,11,19,52.450257520943595,11.203233,5.443571,2056
15299,r2i1p1f1,2056,11,20,0.04173797547432164,11.600639,3.1784406,2056
15300,r2i1p1f1,2056,11,21,0.0,14.247127,0.40914887,2056
15301,r2i1p1f1,2056,11,22,0.0,13.071162,0.86964124,2056
15302,r2i1p1f1,2056,11,23,0.0,11.474124,0.7741252,2056
15303,r2i1p1f1,2056,11,24,0.0,10.716299,2.6338658,2056
15304,r2i1p1f1,2056,11,25,0.0868633857932694,10.79133,4.0594673,2056
15305,r2i1p1f1,2056,11,26,50.34328095095519,12.004036,3.7160308,2056
15306,r2i1p1f1,2056,11,27,5.593473009531198,8.400645,-2.4132106,2056
15307,r2i1p1f1,2056,11,28,0.0,8.358721,-6.322001,2056
15308,r2i1p1f1,2056,11,29,0.0,8.815328,-7.1544485,2056
15309,r2i1p1f1,2056,11,30,0.0,9.371923,-4.816427,2056
15310,r2i1p1f1,2056,12,01,0.0,10.386723,-2.5640304,2056
15311,r2i1p1f1,2056,12,02,0.0,11.705922,-0.21049137,2056
15312,r2i1p1f1,2056,12,03,0.0,13.881188,1.8030533,2056
15313,r2i1p1f1,2056,12,04,0.0,15.434276,1.9213407,2056
15314,r2i1p1f1,2056,12,05,0.0,15.61559,2.1787922,2056
15315,r2i1p1f1,2056,12,06,0.0,15.810483,4.239152,2056
15316,r2i1p1f1,2056,12,07,0.0,16.988827,4.11808,2056
15317,r2i1p1f1,2056,12,08,0.0,19.010185,4.3470263,2056
15318,r2i1p1f1,2056,12,09,0.0,19.68065,5.3405876,2056
15319,r2i1p1f1,2056,12,10,0.0,18.603888,4.7444735,2056
15320,r2i1p1f1,2056,12,11,0.0,17.409765,4.171196,2056
15321,r2i1p1f1,2056,12,12,0.0,17.144148,4.531202,2056
15322,r2i1p1f1,2056,12,13,0.0,15.5141945,4.129267,2056
15323,r2i1p1f1,2056,12,14,0.012096554117026525,13.796064,3.039771,2056
15324,r2i1p1f1,2056,12,15,32.956442436933195,11.032094,3.448985,2056
15325,r2i1p1f1,2056,12,16,3.8824624887183745,10.718533,5.552864,2056
15326,r2i1p1f1,2056,12,17,0.0,12.667975,5.9882984,2056
15327,r2i1p1f1,2056,12,18,0.0,11.855734,5.0536895,2056
15328,r2i1p1f1,2056,12,19,17.47664688401318,7.865247,0.18096454,2056
15329,r2i1p1f1,2056,12,20,16.909795136122668,4.780215,-0.10438459,2056
15330,r2i1p1f1,2056,12,21,19.079930405580225,3.5725403,-0.61848986,2056
15331,r2i1p1f1,2056,12,22,2.7883901134863174,4.8952227,-0.16162148,2056
15332,r2i1p1f1,2056,12,23,0.23925216708868483,5.1408944,-1.7065156,2056
15333,r2i1p1f1,2056,12,24,0.0,7.0679245,-1.9411105,2056
15334,r2i1p1f1,2056,12,25,0.0,11.01728,-0.01579226,2056
15335,r2i1p1f1,2056,12,26,0.0,8.232541,-0.85817003,2056
15336,r2i1p1f1,2056,12,27,0.0,10.685819,-0.53421444,2056
15337,r2i1p1f1,2056,12,28,0.28852568325069466,11.889216,2.6254964,2056
15338,r2i1p1f1,2056,12,29,0.0,11.232669,4.5113654,2056
15339,r2i1p1f1,2056,12,30,6.8703668777673625,9.911321,5.584367,2056
15340,r2i1p1f1,2056,12,31,0.0,14.724976,3.3196905,2056
15341,r2i1p1f1,2057,01,01,2.528991304426689,10.496435,5.218034,2057
15342,r2i1p1f1,2057,01,02,0.0,15.592414,3.0350366,2057
15343,r2i1p1f1,2057,01,03,0.0,16.685255,2.848958,2057
15344,r2i1p1f1,2057,01,04,0.0,17.20086,3.1434057,2057
15345,r2i1p1f1,2057,01,05,0.0,17.494131,3.269341,2057
15346,r2i1p1f1,2057,01,06,0.0,19.874228,5.394201,2057
15347,r2i1p1f1,2057,01,07,0.0,20.063923,6.0849023,2057
15348,r2i1p1f1,2057,01,08,0.0,19.57076,5.6205773,2057
15349,r2i1p1f1,2057,01,09,0.0,19.430096,4.896666,2057
15350,r2i1p1f1,2057,01,10,0.0,17.86578,4.0158353,2057
15351,r2i1p1f1,2057,01,11,0.0,17.758457,3.911797,2057
15352,r2i1p1f1,2057,01,12,0.0,13.834322,-0.103673495,2057
15353,r2i1p1f1,2057,01,13,0.0,11.911585,1.5359865,2057
15354,r2i1p1f1,2057,01,14,0.0,8.199837,-2.3798676,2057
15355,r2i1p1f1,2057,01,15,0.0,15.525916,-0.031522896,2057
15356,r2i1p1f1,2057,01,16,0.10338990745927171,14.054897,2.763364,2057
15357,r2i1p1f1,2057,01,17,6.613757980707865,13.068154,6.740455,2057
15358,r2i1p1f1,2057,01,18,2.983878499911113,10.765278,2.9130287,2057
15359,r2i1p1f1,2057,01,19,94.62124749283808,14.455122,1.2699839,2057
15360,r2i1p1f1,2057,01,20,52.42883708784715,13.897129,0.19934483,2057
15361,r2i1p1f1,2057,01,21,0.0,10.001455,-0.9434644,2057
15362,r2i1p1f1,2057,01,22,0.0,8.125595,-5.801693,2057
15363,r2i1p1f1,2057,01,23,0.0,7.9260035,-2.2049193,2057
15364,r2i1p1f1,2057,01,24,0.0,7.893597,2.993784,2057
15365,r2i1p1f1,2057,01,25,0.0,9.244175,5.375655,2057
15366,r2i1p1f1,2057,01,26,0.0,13.225761,6.7961392,2057
15367,r2i1p1f1,2057,01,27,0.0,11.301668,6.113795,2057
15368,r2i1p1f1,2057,01,28,41.72721150680445,11.645291,5.847268,2057
15369,r2i1p1f1,2057,01,29,11.366064575290343,11.926737,1.1469619,2057
15370,r2i1p1f1,2057,01,30,56.80087398751102,12.068073,1.6242796,2057
15371,r2i1p1f1,2057,01,31,0.004896689698888132,13.359712,0.86831784,2057
15372,r2i1p1f1,2057,02,01,0.0,12.555952,2.4330354,2057
15373,r2i1p1f1,2057,02,02,0.007061157426645737,13.243742,1.816482,2057
15374,r2i1p1f1,2057,02,03,0.10788941389268285,11.139173,5.1825223,2057
15375,r2i1p1f1,2057,02,04,0.0,17.735195,3.8665013,2057
15376,r2i1p1f1,2057,02,05,6.737968629022362,14.250073,2.7281892,2057
15377,r2i1p1f1,2057,02,06,4.6509544067108575,7.6385074,-2.5645447,2057
15378,r2i1p1f1,2057,02,07,0.8465105452090099,4.921619,-7.8695335,2057
15379,r2i1p1f1,2057,02,08,0.0,13.044332,-3.373274,2057
15380,r2i1p1f1,2057,02,09,0.0,12.990335,-1.1626712,2057
15381,r2i1p1f1,2057,02,10,4.267412085377705,6.1034036,-0.17698963,2057
15382,r2i1p1f1,2057,02,11,21.864899611388793,10.10041,3.134682,2057
15383,r2i1p1f1,2057,02,12,22.937478984106118,11.343312,5.315493,2057
15384,r2i1p1f1,2057,02,13,22.929579114917523,10.973603,0.3997933,2057
15385,r2i1p1f1,2057,02,14,14.834348597259332,3.5258226,-1.7871051,2057
15386,r2i1p1f1,2057,02,15,0.3582301482730635,3.2524781,-1.7972995,2057
15387,r2i1p1f1,2057,02,16,0.0,5.059111,-5.0864816,2057
15388,r2i1p1f1,2057,02,17,2.5584316498645,3.944859,-1.5642896,2057
15389,r2i1p1f1,2057,02,18,0.0,8.302391,0.9173476,2057
15390,r2i1p1f1,2057,02,19,0.0,15.660723,1.571256,2057
15391,r2i1p1f1,2057,02,20,0.0,16.733831,4.077968,2057
15392,r2i1p1f1,2057,02,21,39.52214492108816,9.748358,1.3513604,2057
15393,r2i1p1f1,2057,02,22,70.56212488364858,10.571067,-0.96306944,2057
15394,r2i1p1f1,2057,02,23,14.71586571586578,5.3962064,-0.32736725,2057
15395,r2i1p1f1,2057,02,24,17.43959852442808,1.6478031,-2.8535817,2057
15396,r2i1p1f1,2057,02,25,0.0,8.445389,-4.4195757,2057
15397,r2i1p1f1,2057,02,26,0.0,11.914754,-1.7835513,2057
15398,r2i1p1f1,2057,02,27,0.0,15.189309,1.8656832,2057
15399,r2i1p1f1,2057,02,28,0.0,14.883401,3.1506996,2057
15400,r2i1p1f1,2057,03,01,0.0,15.956474,2.018462,2057
15401,r2i1p1f1,2057,03,02,0.0,17.150179,2.3498187,2057
15402,r2i1p1f1,2057,03,03,0.0,18.30485,1.0037779,2057
15403,r2i1p1f1,2057,03,04,0.0,18.127398,1.8397684,2057
15404,r2i1p1f1,2057,03,05,5.081871657127452,12.114021,-1.4409925,2057
15405,r2i1p1f1,2057,03,06,8.541121034963558,6.5934105,1.7116152,2057
15406,r2i1p1f1,2057,03,07,40.06120047096584,6.9940133,1.6828723,2057
15407,r2i1p1f1,2057,03,08,53.22442409725716,8.118001,-0.045369957,2057
15408,r2i1p1f1,2057,03,09,11.027591519282746,4.302355,-0.5834281,2057
15409,r2i1p1f1,2057,03,10,14.186253455857067,3.203231,-0.95044667,2057
15410,r2i1p1f1,2057,03,11,0.0,10.062273,3.8633113,2057
15411,r2i1p1f1,2057,03,12,0.0,15.75695,0.4907347,2057
15412,r2i1p1f1,2057,03,13,14.288714207941666,11.516753,-4.188202,2057
15413,r2i1p1f1,2057,03,14,17.587578655422057,2.9000306,0.14035445,2057
15414,r2i1p1f1,2057,03,15,12.577441540494105,8.6882105,2.9025278,2057
15415,r2i1p1f1,2057,03,16,1.5735307561149408,14.812947,2.6261356,2057
15416,r2i1p1f1,2057,03,17,38.34951240390252,12.519272,-2.2715297,2057
15417,r2i1p1f1,2057,03,18,14.667514569401437,10.908691,-2.1402478,2057
15418,r2i1p1f1,2057,03,19,0.7405276591061221,11.3841305,2.666186,2057
15419,r2i1p1f1,2057,03,20,4.9874567634105915,12.574761,0.71551037,2057
15420,r2i1p1f1,2057,03,21,11.987526789576245,10.805224,-1.4907106,2057
15421,r2i1p1f1,2057,03,22,14.79677721699073,7.7888536,2.017027,2057
15422,r2i1p1f1,2057,03,23,0.06689842827934346,12.537124,1.501948,2057
15423,r2i1p1f1,2057,03,24,0.0,15.097606,7.088192,2057
15424,r2i1p1f1,2057,03,25,0.0,19.02008,3.5977986,2057
15425,r2i1p1f1,2057,03,26,0.0,18.584368,3.0010993,2057
15426,r2i1p1f1,2057,03,27,0.0,19.334726,4.0697618,2057
15427,r2i1p1f1,2057,03,28,0.0,20.189135,3.2406993,2057
15428,r2i1p1f1,2057,03,29,0.0,19.678305,6.1293445,2057
15429,r2i1p1f1,2057,03,30,0.0,20.421991,5.9420185,2057
15430,r2i1p1f1,2057,03,31,0.1357008886631005,20.547482,5.5110903,2057
15431,r2i1p1f1,2057,04,01,0.0,18.560507,3.0417018,2057
15432,r2i1p1f1,2057,04,02,0.0,20.526014,3.1827066,2057
15433,r2i1p1f1,2057,04,03,0.0,19.115467,5.4855294,2057
15434,r2i1p1f1,2057,04,04,1.023305300951996,16.006628,0.9878636,2057
15435,r2i1p1f1,2057,04,05,3.364276741345188,10.795532,1.8459449,2057
15436,r2i1p1f1,2057,04,06,0.22320009400993093,13.828466,2.072163,2057
15437,r2i1p1f1,2057,04,07,0.0,19.210096,2.972243,2057
15438,r2i1p1f1,2057,04,08,44.184578189518874,13.830604,-3.1216462,2057
15439,r2i1p1f1,2057,04,09,14.701563199979809,7.3307447,-2.4709377,2057
15440,r2i1p1f1,2057,04,10,1.2265507315672808,11.744348,-0.5101475,2057
15441,r2i1p1f1,2057,04,11,1.3343241312458514,12.075347,-1.027961,2057
15442,r2i1p1f1,2057,04,12,2.1076003530547145,9.659846,2.508181,2057
15443,r2i1p1f1,2057,04,13,5.103846614320691,11.434431,-0.8179195,2057
15444,r2i1p1f1,2057,04,14,0.0,10.856474,0.12752034,2057
15445,r2i1p1f1,2057,04,15,0.0,13.981118,-0.59180665,2057
15446,r2i1p1f1,2057,04,16,0.0,16.481548,0.58127624,2057
15447,r2i1p1f1,2057,04,17,0.0,17.275854,1.7454791,2057
15448,r2i1p1f1,2057,04,18,1.5008761888776252,14.258818,1.7676251,2057
15449,r2i1p1f1,2057,04,19,23.840613702990456,7.466792,-1.1968306,2057
15450,r2i1p1f1,2057,04,20,1.1785260294100925,6.385669,1.4382478,2057
15451,r2i1p1f1,2057,04,21,5.8377941429521,7.4164867,3.0632412,2057
15452,r2i1p1f1,2057,04,22,0.07781913093192717,14.232292,-0.26735365,2057
15453,r2i1p1f1,2057,04,23,0.0,16.491667,0.90329576,2057
15454,r2i1p1f1,2057,04,24,0.0,21.011417,3.90899,2057
15455,r2i1p1f1,2057,04,25,0.0,22.805403,6.4890285,2057
15456,r2i1p1f1,2057,04,26,0.0,22.337393,5.902909,2057
15457,r2i1p1f1,2057,04,27,0.0,22.794432,6.491705,2057
15458,r2i1p1f1,2057,04,28,0.0,23.14054,7.0925217,2057
15459,r2i1p1f1,2057,04,29,0.0,24.452536,9.162325,2057
15460,r2i1p1f1,2057,04,30,0.0,24.82179,9.32645,2057
15461,r2i1p1f1,2057,05,01,0.0,23.413946,6.080674,2057
15462,r2i1p1f1,2057,05,02,0.0,22.561527,5.604811,2057
15463,r2i1p1f1,2057,05,03,0.0,24.984098,7.7846804,2057
15464,r2i1p1f1,2057,05,04,0.0,23.23629,7.9486794,2057
15465,r2i1p1f1,2057,05,05,3.6616174689417957,19.468676,1.6960633,2057
15466,r2i1p1f1,2057,05,06,4.931057067453646,15.69623,-0.16732143,2057
15467,r2i1p1f1,2057,05,07,0.15640899473510217,15.538759,0.2512472,2057
15468,r2i1p1f1,2057,05,08,0.0,21.633575,4.4886227,2057
15469,r2i1p1f1,2057,05,09,0.0,23.963272,6.2788095,2057
15470,r2i1p1f1,2057,05,10,0.0,23.830204,7.3601456,2057
15471,r2i1p1f1,2057,05,11,0.0,22.176313,4.5220957,2057
15472,r2i1p1f1,2057,05,12,0.0,25.102585,6.6603675,2057
15473,r2i1p1f1,2057,05,13,0.0,27.250103,9.504919,2057
15474,r2i1p1f1,2057,05,14,0.0,27.764952,9.902473,2057
15475,r2i1p1f1,2057,05,15,0.0,22.954908,6.020876,2057
15476,r2i1p1f1,2057,05,16,0.0,24.81482,6.781919,2057
15477,r2i1p1f1,2057,05,17,0.0,25.969952,7.510692,2057
15478,r2i1p1f1,2057,05,18,0.0,26.58309,8.846575,2057
15479,r2i1p1f1,2057,05,19,0.0,23.857983,7.442738,2057
15480,r2i1p1f1,2057,05,20,0.7264963752976865,15.30157,-0.11386744,2057
15481,r2i1p1f1,2057,05,21,0.0,18.806442,3.6408136,2057
15482,r2i1p1f1,2057,05,22,0.0,24.180138,7.649119,2057
15483,r2i1p1f1,2057,05,23,0.0,24.0935,9.043402,2057
15484,r2i1p1f1,2057,05,24,0.2078750910886111,15.695967,-0.003555787,2057
15485,r2i1p1f1,2057,05,25,0.23872339603048415,18.896463,4.3627305,2057
15486,r2i1p1f1,2057,05,26,0.0,21.592255,4.5430503,2057
15487,r2i1p1f1,2057,05,27,0.04671838497205709,24.320137,6.31781,2057
15488,r2i1p1f1,2057,05,28,0.0,25.59899,7.7357497,2057
15489,r2i1p1f1,2057,05,29,0.0,27.609467,10.649263,2057
15490,r2i1p1f1,2057,05,30,0.0,29.35658,12.220349,2057
15491,r2i1p1f1,2057,05,31,0.0,30.307192,13.13637,2057
15492,r2i1p1f1,2057,06,01,0.0,30.65102,11.310542,2057
15493,r2i1p1f1,2057,06,02,0.0,24.37932,7.612164,2057
15494,r2i1p1f1,2057,06,03,0.0,24.671362,7.072609,2057
15495,r2i1p1f1,2057,06,04,0.0,27.822763,8.850611,2057
15496,r2i1p1f1,2057,06,05,0.0,33.968857,14.622967,2057
15497,r2i1p1f1,2057,06,06,0.0,35.194527,15.424179,2057
15498,r2i1p1f1,2057,06,07,0.0,31.557392,13.705713,2057
15499,r2i1p1f1,2057,06,08,0.0,27.822798,9.490777,2057
15500,r2i1p1f1,2057,06,09,0.0,25.413498,9.674448,2057
15501,r2i1p1f1,2057,06,10,0.0,23.85607,9.254703,2057
15502,r2i1p1f1,2057,06,11,0.0,24.026293,7.1679983,2057
15503,r2i1p1f1,2057,06,12,0.0,22.802053,5.803463,2057
15504,r2i1p1f1,2057,06,13,0.0,22.038675,3.9962976,2057
15505,r2i1p1f1,2057,06,14,0.0713432353922354,19.593843,3.510948,2057
15506,r2i1p1f1,2057,06,15,0.0,23.339571,4.9899497,2057
15507,r2i1p1f1,2057,06,16,0.0,25.948673,8.237656,2057
15508,r2i1p1f1,2057,06,17,3.5539470448978907,26.802574,13.055313,2057
15509,r2i1p1f1,2057,06,18,0.0,30.240654,10.914803,2057
15510,r2i1p1f1,2057,06,19,0.0,32.593018,14.597092,2057
15511,r2i1p1f1,2057,06,20,0.0,32.836422,16.019016,2057
15512,r2i1p1f1,2057,06,21,0.0,34.331356,16.760273,2057
15513,r2i1p1f1,2057,06,22,0.0,35.771004,17.153934,2057
15514,r2i1p1f1,2057,06,23,0.0,35.573895,16.091427,2057
15515,r2i1p1f1,2057,06,24,0.0,32.55963,15.7044115,2057
15516,r2i1p1f1,2057,06,25,0.0,33.040817,14.808359,2057
15517,r2i1p1f1,2057,06,26,0.0,34.470215,15.282325,2057
15518,r2i1p1f1,2057,06,27,0.0,34.08258,14.457329,2057
15519,r2i1p1f1,2057,06,28,0.0,33.74924,15.240488,2057
15520,r2i1p1f1,2057,06,29,0.0,30.983223,16.31814,2057
15521,r2i1p1f1,2057,06,30,0.0,32.613266,16.531752,2057
15522,r2i1p1f1,2057,07,01,0.0,33.716835,15.575764,2057
15523,r2i1p1f1,2057,07,02,0.0,33.564777,14.952705,2057
15524,r2i1p1f1,2057,07,03,0.0,31.035894,14.701743,2057
15525,r2i1p1f1,2057,07,04,0.0,27.978275,10.077544,2057
15526,r2i1p1f1,2057,07,05,0.0,28.228365,12.032455,2057
15527,r2i1p1f1,2057,07,06,0.0,27.494564,10.310456,2057
15528,r2i1p1f1,2057,07,07,0.00829947843717841,28.854908,10.911485,2057
15529,r2i1p1f1,2057,07,08,0.0,29.917143,12.631123,2057
15530,r2i1p1f1,2057,07,09,0.0,32.125637,12.620551,2057
15531,r2i1p1f1,2057,07,10,0.0,33.726604,12.707036,2057
15532,r2i1p1f1,2057,07,11,0.0,35.175163,15.326738,2057
15533,r2i1p1f1,2057,07,12,0.0,35.420174,16.521612,2057
15534,r2i1p1f1,2057,07,13,0.0,34.18514,15.184846,2057
15535,r2i1p1f1,2057,07,14,0.0,33.35989,16.38307,2057
15536,r2i1p1f1,2057,07,15,0.0,34.012325,17.110897,2057
15537,r2i1p1f1,2057,07,16,0.0,34.044918,16.286371,2057
15538,r2i1p1f1,2057,07,17,0.0,32.225994,14.158441,2057
15539,r2i1p1f1,2057,07,18,0.0,30.89629,13.4755535,2057
15540,r2i1p1f1,2057,07,19,0.0,31.939428,14.190693,2057
15541,r2i1p1f1,2057,07,20,0.0,32.34442,15.23635,2057
15542,r2i1p1f1,2057,07,21,0.0,32.69675,14.242729,2057
15543,r2i1p1f1,2057,07,22,0.0,33.41876,14.875648,2057
15544,r2i1p1f1,2057,07,23,0.0,33.919285,15.963426,2057
15545,r2i1p1f1,2057,07,24,0.0,34.26701,16.092293,2057
15546,r2i1p1f1,2057,07,25,0.0,33.82492,16.90425,2057
15547,r2i1p1f1,2057,07,26,0.0,32.706604,14.309302,2057
15548,r2i1p1f1,2057,07,27,0.0,32.85185,14.774752,2057
15549,r2i1p1f1,2057,07,28,0.0,32.943455,16.24941,2057
15550,r2i1p1f1,2057,07,29,0.0,33.15934,15.66657,2057
15551,r2i1p1f1,2057,07,30,0.0,33.901474,15.85926,2057
15552,r2i1p1f1,2057,07,31,0.0,33.434265,16.021202,2057
15553,r2i1p1f1,2057,08,01,0.0,32.263798,15.416035,2057
15554,r2i1p1f1,2057,08,02,0.0,30.649462,14.084468,2057
15555,r2i1p1f1,2057,08,03,0.0,28.709229,10.324653,2057
15556,r2i1p1f1,2057,08,04,0.0,25.252504,7.9579234,2057
15557,r2i1p1f1,2057,08,05,0.0,27.873354,9.733453,2057
15558,r2i1p1f1,2057,08,06,0.00944658039177153,29.908037,13.538943,2057
15559,r2i1p1f1,2057,08,07,0.0,30.98292,13.839108,2057
15560,r2i1p1f1,2057,08,08,0.0,31.052055,13.535454,2057
15561,r2i1p1f1,2057,08,09,0.0,31.360987,13.895035,2057
15562,r2i1p1f1,2057,08,10,0.0,32.01437,15.56803,2057
15563,r2i1p1f1,2057,08,11,0.0,31.719952,14.208603,2057
15564,r2i1p1f1,2057,08,12,0.0,30.595196,12.990999,2057
15565,r2i1p1f1,2057,08,13,0.0,29.25996,12.368325,2057
15566,r2i1p1f1,2057,08,14,0.0,29.109795,12.836361,2057
15567,r2i1p1f1,2057,08,15,0.0,29.593002,14.043188,2057
15568,r2i1p1f1,2057,08,16,0.0,29.49111,13.4790945,2057
15569,r2i1p1f1,2057,08,17,0.0,28.791378,13.690017,2057
15570,r2i1p1f1,2057,08,18,0.0,26.70482,11.44523,2057
15571,r2i1p1f1,2057,08,19,0.0,26.308249,11.053618,2057
15572,r2i1p1f1,2057,08,20,0.0,26.95461,10.846998,2057
15573,r2i1p1f1,2057,08,21,0.0,27.121525,11.99104,2057
15574,r2i1p1f1,2057,08,22,0.0,30.435698,13.729016,2057
15575,r2i1p1f1,2057,08,23,0.0,30.034502,13.3930025,2057
15576,r2i1p1f1,2057,08,24,0.0,31.307867,15.090711,2057
15577,r2i1p1f1,2057,08,25,0.0,32.034386,15.740285,2057
15578,r2i1p1f1,2057,08,26,0.0,32.385487,15.596486,2057
15579,r2i1p1f1,2057,08,27,0.24631829091259322,31.431114,14.645007,2057
15580,r2i1p1f1,2057,08,28,1.5730882037482492,27.89702,12.447124,2057
15581,r2i1p1f1,2057,08,29,6.190226858234382,28.273037,12.270301,2057
15582,r2i1p1f1,2057,08,30,1.0816985545646345,25.75759,8.940566,2057
15583,r2i1p1f1,2057,08,31,11.076496592054005,21.64605,5.6618724,2057
15584,r2i1p1f1,2057,09,01,21.405161942843385,17.998207,4.023273,2057
15585,r2i1p1f1,2057,09,02,11.579562727386543,19.858927,6.043512,2057
15586,r2i1p1f1,2057,09,03,0.018095150769043427,26.005287,11.414797,2057
15587,r2i1p1f1,2057,09,04,0.0,25.540462,12.119243,2057
15588,r2i1p1f1,2057,09,05,0.0,26.069937,11.989808,2057
15589,r2i1p1f1,2057,09,06,0.0,25.006344,10.624508,2057
15590,r2i1p1f1,2057,09,07,0.0,21.072144,8.049205,2057
15591,r2i1p1f1,2057,09,08,24.510513605379785,18.547909,5.2457714,2057
15592,r2i1p1f1,2057,09,09,1.6928963586381611,19.23404,6.194338,2057
15593,r2i1p1f1,2057,09,10,0.0,22.43081,7.232921,2057
15594,r2i1p1f1,2057,09,11,0.0,26.420904,10.095757,2057
15595,r2i1p1f1,2057,09,12,0.0,28.602446,12.533982,2057
15596,r2i1p1f1,2057,09,13,0.0,29.65173,13.439497,2057
15597,r2i1p1f1,2057,09,14,0.0,30.061737,13.461182,2057
15598,r2i1p1f1,2057,09,15,0.0,28.328842,10.503657,2057
15599,r2i1p1f1,2057,09,16,0.0,23.487183,8.382869,2057
15600,r2i1p1f1,2057,09,17,0.0,23.959154,8.167622,2057
15601,r2i1p1f1,2057,09,18,0.0,29.78053,12.4615555,2057
15602,r2i1p1f1,2057,09,19,0.0,29.460865,11.687177,2057
15603,r2i1p1f1,2057,09,20,0.0,28.816875,12.197862,2057
15604,r2i1p1f1,2057,09,21,0.0,30.00974,12.534062,2057
15605,r2i1p1f1,2057,09,22,0.0,28.596426,12.351503,2057
15606,r2i1p1f1,2057,09,23,0.0,28.927237,13.603437,2057
15607,r2i1p1f1,2057,09,24,0.0,29.791636,15.4238405,2057
15608,r2i1p1f1,2057,09,25,0.0,30.816626,15.485398,2057
15609,r2i1p1f1,2057,09,26,0.0,31.847042,14.623498,2057
15610,r2i1p1f1,2057,09,27,0.0,32.929142,16.377743,2057
15611,r2i1p1f1,2057,09,28,0.0,31.096445,15.270113,2057
15612,r2i1p1f1,2057,09,29,0.0,31.218393,13.751455,2057
15613,r2i1p1f1,2057,09,30,0.0,31.448618,13.443736,2057
15614,r2i1p1f1,2057,10,01,0.0,31.73035,14.302537,2057
15615,r2i1p1f1,2057,10,02,0.0,28.058475,12.839732,2057
15616,r2i1p1f1,2057,10,03,0.0,25.844831,9.813181,2057
15617,r2i1p1f1,2057,10,04,0.0,25.859995,9.391799,2057
15618,r2i1p1f1,2057,10,05,0.3166013191310832,25.192524,12.397414,2057
15619,r2i1p1f1,2057,10,06,2.671744526378461,23.754292,8.386939,2057
15620,r2i1p1f1,2057,10,07,0.0,25.93652,8.105637,2057
15621,r2i1p1f1,2057,10,08,0.9870609949477791,26.233948,12.406902,2057
15622,r2i1p1f1,2057,10,09,1.4503492918895342,27.492367,11.750774,2057
15623,r2i1p1f1,2057,10,10,0.0,27.082169,10.607764,2057
15624,r2i1p1f1,2057,10,11,0.0,19.111582,7.4199514,2057
15625,r2i1p1f1,2057,10,12,0.010000498038537513,15.551503,9.896666,2057
15626,r2i1p1f1,2057,10,13,0.0,21.626377,6.0081387,2057
15627,r2i1p1f1,2057,10,14,0.0,23.579048,8.027875,2057
15628,r2i1p1f1,2057,10,15,0.0,22.452902,8.068397,2057
15629,r2i1p1f1,2057,10,16,0.0,22.933783,7.2605143,2057
15630,r2i1p1f1,2057,10,17,0.0,21.699282,7.1422315,2057
15631,r2i1p1f1,2057,10,18,0.0,25.616747,7.7502356,2057
15632,r2i1p1f1,2057,10,19,0.0,25.39702,10.251762,2057
15633,r2i1p1f1,2057,10,20,0.0,24.944227,9.342378,2057
15634,r2i1p1f1,2057,10,21,0.0,27.951597,8.224224,2057
15635,r2i1p1f1,2057,10,22,0.005525857816862229,23.55919,9.439311,2057
15636,r2i1p1f1,2057,10,23,27.371620858880654,20.36921,8.311549,2057
15637,r2i1p1f1,2057,10,24,0.0,22.126593,7.337578,2057
15638,r2i1p1f1,2057,10,25,0.0,23.973429,6.9070787,2057
15639,r2i1p1f1,2057,10,26,0.0,23.203629,8.636929,2057
15640,r2i1p1f1,2057,10,27,0.0,21.095295,7.0345445,2057
15641,r2i1p1f1,2057,10,28,0.0,21.941359,5.94192,2057
15642,r2i1p1f1,2057,10,29,0.0,22.352335,8.030547,2057
15643,r2i1p1f1,2057,10,30,0.0,21.762955,7.080897,2057
15644,r2i1p1f1,2057,10,31,0.0,18.674076,4.0196304,2057
15645,r2i1p1f1,2057,11,01,0.0,15.412783,0.87845457,2057
15646,r2i1p1f1,2057,11,02,0.0,15.748853,0.8304105,2057
15647,r2i1p1f1,2057,11,03,0.0,15.53792,2.166531,2057
15648,r2i1p1f1,2057,11,04,0.0,11.751542,2.403689,2057
15649,r2i1p1f1,2057,11,05,0.0,13.995355,-0.37682793,2057
15650,r2i1p1f1,2057,11,06,0.0,12.465386,1.3383596,2057
15651,r2i1p1f1,2057,11,07,0.0,16.464018,3.3903902,2057
15652,r2i1p1f1,2057,11,08,0.0,18.273458,1.569988,2057
15653,r2i1p1f1,2057,11,09,0.0,16.683105,2.015857,2057
15654,r2i1p1f1,2057,11,10,0.0,16.103584,0.99450505,2057
15655,r2i1p1f1,2057,11,11,0.0,13.264461,0.6954718,2057
15656,r2i1p1f1,2057,11,12,4.142988615680784,12.621766,0.7815509,2057
15657,r2i1p1f1,2057,11,13,0.0,14.29635,-1.2987878,2057
15658,r2i1p1f1,2057,11,14,0.0,16.110249,-1.6287706,2057
15659,r2i1p1f1,2057,11,15,0.0,14.868899,0.26238367,2057
15660,r2i1p1f1,2057,11,16,0.0,15.116649,1.6790442,2057
15661,r2i1p1f1,2057,11,17,0.0,15.015226,2.8496501,2057
15662,r2i1p1f1,2057,11,18,0.0,18.090467,1.0576348,2057
15663,r2i1p1f1,2057,11,19,0.0,19.287699,2.4528732,2057
15664,r2i1p1f1,2057,11,20,8.746740321993666,16.034075,5.1673646,2057
15665,r2i1p1f1,2057,11,21,6.281290606994634,17.993439,5.9377127,2057
15666,r2i1p1f1,2057,11,22,0.0,18.537634,2.9385035,2057
15667,r2i1p1f1,2057,11,23,0.0,17.013746,-0.3579574,2057
15668,r2i1p1f1,2057,11,24,0.0,20.35632,-0.432769,2057
15669,r2i1p1f1,2057,11,25,0.0,19.453854,1.5042741,2057
15670,r2i1p1f1,2057,11,26,0.0,20.266624,-0.29625398,2057
15671,r2i1p1f1,2057,11,27,0.0,18.094868,3.4775403,2057
15672,r2i1p1f1,2057,11,28,0.0,19.01876,0.6189631,2057
15673,r2i1p1f1,2057,11,29,0.0,18.912725,-3.1051602,2057
15674,r2i1p1f1,2057,11,30,13.771423216642757,13.738267,0.7377557,2057
15675,r2i1p1f1,2057,12,01,1.768861350914309,3.4109814,-1.7345847,2057
15676,r2i1p1f1,2057,12,02,1.6304618773889301,2.116928,-8.2916155,2057
15677,r2i1p1f1,2057,12,03,39.570000228615335,3.950901,-3.481665,2057
15678,r2i1p1f1,2057,12,04,20.813779690685735,2.3888183,-7.219265,2057
15679,r2i1p1f1,2057,12,05,44.42961448490118,2.7293208,-1.7343014,2057
15680,r2i1p1f1,2057,12,06,1.7323838786803838,14.519221,1.5708429,2057
15681,r2i1p1f1,2057,12,07,6.5932140114507725,12.432214,7.5431814,2057
15682,r2i1p1f1,2057,12,08,32.14166355811847,10.156884,5.424398,2057
15683,r2i1p1f1,2057,12,09,8.843677437163514,12.260916,0.0147619005,2057
15684,r2i1p1f1,2057,12,10,0.0,5.918455,-4.430844,2057
15685,r2i1p1f1,2057,12,11,73.63347867750025,8.43678,-2.8871791,2057
15686,r2i1p1f1,2057,12,12,1.916533694860006,6.819674,-1.280065,2057
15687,r2i1p1f1,2057,12,13,0.0,9.495918,-2.384538,2057
15688,r2i1p1f1,2057,12,14,0.0,12.6798315,0.9679727,2057
15689,r2i1p1f1,2057,12,15,0.0,16.363863,3.2678998,2057
15690,r2i1p1f1,2057,12,16,0.0,16.284,3.7204108,2057
15691,r2i1p1f1,2057,12,17,0.0,14.51051,3.401801,2057
15692,r2i1p1f1,2057,12,18,9.65961462460165,10.44233,5.7654138,2057
15693,r2i1p1f1,2057,12,19,16.45758769748052,8.2375555,0.82619464,2057
15694,r2i1p1f1,2057,12,20,1.6038228232411291,3.4676697,-1.1704562,2057
15695,r2i1p1f1,2057,12,21,6.857167272685799,4.5012274,-0.08975357,2057
15696,r2i1p1f1,2057,12,22,23.040308038225003,13.573366,1.6376122,2057
15697,r2i1p1f1,2057,12,23,24.390749356657928,10.951058,7.4992275,2057
15698,r2i1p1f1,2057,12,24,48.56938154273219,10.547681,5.9580417,2057
15699,r2i1p1f1,2057,12,25,40.60028130860211,11.660416,-0.2556356,2057
15700,r2i1p1f1,2057,12,26,104.76827409404974,11.253742,4.6102123,2057
15701,r2i1p1f1,2057,12,27,56.671779503365265,8.11644,-0.81376255,2057
15702,r2i1p1f1,2057,12,28,0.14775718647377709,3.3348682,-1.5207791,2057
15703,r2i1p1f1,2057,12,29,0.0,4.086024,-1.5434475,2057
15704,r2i1p1f1,2057,12,30,51.38795712353805,2.9808831,-3.3878918,2057
15705,r2i1p1f1,2057,12,31,136.10949943092868,12.005845,1.7204703,2057
15706,r2i1p1f1,2058,01,01,97.68749659683985,10.627527,2.4327695,2058
15707,r2i1p1f1,2058,01,02,108.11397436683855,11.833589,0.3734356,2058
15708,r2i1p1f1,2058,01,03,2.5156853480299244,3.0918646,-0.86784166,2058
15709,r2i1p1f1,2058,01,04,11.187782211121744,8.054746,-2.8622851,2058
15710,r2i1p1f1,2058,01,05,11.352511779338014,12.039147,0.4524237,2058
15711,r2i1p1f1,2058,01,06,0.862803320580077,7.206864,2.3825867,2058
15712,r2i1p1f1,2058,01,07,12.269761030788336,3.779208,-1.1406716,2058
15713,r2i1p1f1,2058,01,08,49.35008966757987,3.4633954,-0.2184724,2058
15714,r2i1p1f1,2058,01,09,0.05214465687598791,3.7155652,-0.44998854,2058
15715,r2i1p1f1,2058,01,10,0.0,4.921917,-4.978484,2058
15716,r2i1p1f1,2058,01,11,0.0,6.0639486,-7.0665393,2058
15717,r2i1p1f1,2058,01,12,0.0,5.9123263,-2.131693,2058
15718,r2i1p1f1,2058,01,13,31.8055870965159,3.9633453,-1.5816554,2058
15719,r2i1p1f1,2058,01,14,4.171921242414101,6.0127196,1.1018717,2058
15720,r2i1p1f1,2058,01,15,0.0,9.027651,-0.54029095,2058
15721,r2i1p1f1,2058,01,16,70.75874394146152,8.681159,2.787722,2058
15722,r2i1p1f1,2058,01,17,33.07255965057546,7.9415298,-4.370746,2058
15723,r2i1p1f1,2058,01,18,9.157248619214023,3.730229,-1.2782139,2058
15724,r2i1p1f1,2058,01,19,0.2991539061230679,5.029728,-0.8865033,2058
15725,r2i1p1f1,2058,01,20,1.761798013796159,3.8031383,-0.2642702,2058
15726,r2i1p1f1,2058,01,21,19.460284732094106,2.0933845,-1.1886309,2058
15727,r2i1p1f1,2058,01,22,29.112282753899656,3.51622,-2.1916847,2058
15728,r2i1p1f1,2058,01,23,0.0,2.5098553,-7.866182,2058
15729,r2i1p1f1,2058,01,24,33.48001325637317,0.84060365,-6.812395,2058
15730,r2i1p1f1,2058,01,25,80.00771231286657,8.969951,-3.2245386,2058
15731,r2i1p1f1,2058,01,26,48.56891946714873,6.590299,-3.9896083,2058
15732,r2i1p1f1,2058,01,27,31.865282775288506,2.0209596,-4.0884323,2058
15733,r2i1p1f1,2058,01,28,77.08133741890869,3.2666175,-1.936818,2058
15734,r2i1p1f1,2058,01,29,80.31685896074542,13.589856,1.4957057,2058
15735,r2i1p1f1,2058,01,30,0.05192901760733111,4.8711386,-3.7631288,2058
15736,r2i1p1f1,2058,01,31,21.7593150193212,3.1626635,-4.3123784,2058
15737,r2i1p1f1,2058,02,01,0.0,8.344597,-5.13691,2058
15738,r2i1p1f1,2058,02,02,0.0,10.095451,-4.0959015,2058
15739,r2i1p1f1,2058,02,03,0.0,6.521146,-3.548659,2058
15740,r2i1p1f1,2058,02,04,0.0,10.161709,-0.88729054,2058
15741,r2i1p1f1,2058,02,05,0.0,12.062264,0.6660289,2058
15742,r2i1p1f1,2058,02,06,8.010443124266413,7.3074512,1.8224527,2058
15743,r2i1p1f1,2058,02,07,0.0,9.756337,-1.1004345,2058
15744,r2i1p1f1,2058,02,08,24.64130138105247,9.773538,1.5094919,2058
15745,r2i1p1f1,2058,02,09,57.84086662058074,11.9464655,0.6842149,2058
15746,r2i1p1f1,2058,02,10,99.91827095106531,13.94002,3.3885524,2058
15747,r2i1p1f1,2058,02,11,44.3234476471284,12.05778,7.162633,2058
15748,r2i1p1f1,2058,02,12,39.20503706098176,13.96059,-0.5098028,2058
15749,r2i1p1f1,2058,02,13,0.0,11.170659,-0.34774515,2058
15750,r2i1p1f1,2058,02,14,0.0,11.75365,3.5634966,2058
15751,r2i1p1f1,2058,02,15,0.0,15.513108,4.7091084,2058
15752,r2i1p1f1,2058,02,16,0.03518007442135758,13.955979,2.8518202,2058
15753,r2i1p1f1,2058,02,17,13.131251798096436,6.525336,-4.4111047,2058
15754,r2i1p1f1,2058,02,18,0.0,5.556315,-4.18436,2058
15755,r2i1p1f1,2058,02,19,32.26931321170503,4.1603427,-0.70833343,2058
15756,r2i1p1f1,2058,02,20,0.0,8.545932,-3.475489,2058
15757,r2i1p1f1,2058,02,21,0.0,7.1530943,-0.48652247,2058
15758,r2i1p1f1,2058,02,22,9.105976793048635,5.235409,0.4478526,2058
15759,r2i1p1f1,2058,02,23,0.0,10.291847,-0.9654355,2058
15760,r2i1p1f1,2058,02,24,0.0,12.509666,3.5090423,2058
15761,r2i1p1f1,2058,02,25,9.552797030147094,10.996877,5.8159018,2058
15762,r2i1p1f1,2058,02,26,46.7997025214852,10.383066,0.7274463,2058
15763,r2i1p1f1,2058,02,27,6.697535358734267,11.131104,-0.2682277,2058
15764,r2i1p1f1,2058,02,28,0.0,11.951154,1.0849715,2058
15765,r2i1p1f1,2058,03,01,0.0,19.30458,2.222136,2058
15766,r2i1p1f1,2058,03,02,1.01869317195451,15.092165,4.9911036,2058
15767,r2i1p1f1,2058,03,03,0.14964162972039327,13.952874,6.1142764,2058
15768,r2i1p1f1,2058,03,04,0.0,17.56315,8.584894,2058
15769,r2i1p1f1,2058,03,05,0.0043405020663228175,19.726591,7.115255,2058
15770,r2i1p1f1,2058,03,06,3.7994551566148753,15.642126,1.0298558,2058
15771,r2i1p1f1,2058,03,07,9.603317546638069,8.910286,4.586486,2058
15772,r2i1p1f1,2058,03,08,0.021861515005656865,13.448508,2.429646,2058
15773,r2i1p1f1,2058,03,09,6.411185871169996,10.948538,1.3584743,2058
15774,r2i1p1f1,2058,03,10,33.53291947860271,11.603165,-0.28226334,2058
15775,r2i1p1f1,2058,03,11,92.22201053769543,12.182034,-2.5340297,2058
15776,r2i1p1f1,2058,03,12,34.94498684662036,8.525702,-1.5461103,2058
15777,r2i1p1f1,2058,03,13,3.1037303462898516,11.024547,1.7381775,2058
15778,r2i1p1f1,2058,03,14,40.38004461863938,12.118379,0.14386642,2058
15779,r2i1p1f1,2058,03,15,0.0,14.069763,0.44963777,2058
15780,r2i1p1f1,2058,03,16,10.840456679355926,10.294601,-1.3647722,2058
15781,r2i1p1f1,2058,03,17,41.57016426414395,8.928248,-1.6336607,2058
15782,r2i1p1f1,2058,03,18,0.27742208735442264,9.415639,1.7902429,2058
15783,r2i1p1f1,2058,03,19,0.005700825386156794,11.168207,1.1036447,2058
15784,r2i1p1f1,2058,03,20,0.0,13.331872,-0.595977,2058
15785,r2i1p1f1,2058,03,21,36.88763010790213,9.122447,-2.2433257,2058
15786,r2i1p1f1,2058,03,22,4.687880844330021,2.8400078,-3.92948,2058
15787,r2i1p1f1,2058,03,23,0.47706629165636866,5.809194,0.9598913,2058
15788,r2i1p1f1,2058,03,24,0.15105757684068521,16.102875,0.5687062,2058
15789,r2i1p1f1,2058,03,25,0.0,19.911259,2.6433454,2058
15790,r2i1p1f1,2058,03,26,0.0,18.462698,2.977235,2058
15791,r2i1p1f1,2058,03,27,15.894516767450394,8.081641,0.813271,2058
15792,r2i1p1f1,2058,03,28,4.314745409507081,9.273989,-2.0897145,2058
15793,r2i1p1f1,2058,03,29,3.820927374503159,8.90982,2.8804057,2058
15794,r2i1p1f1,2058,03,30,1.690349477156325,6.83364,1.6786841,2058
15795,r2i1p1f1,2058,03,31,3.015349011716003,11.256489,-0.8379823,2058
15796,r2i1p1f1,2058,04,01,11.557484720385848,12.85799,-3.6011138,2058
15797,r2i1p1f1,2058,04,02,55.856731113118045,11.808872,1.5142152,2058
15798,r2i1p1f1,2058,04,03,7.238034116720043,12.777108,-1.0655422,2058
15799,r2i1p1f1,2058,04,04,0.0,17.407051,1.5948309,2058
15800,r2i1p1f1,2058,04,05,0.0,18.90778,2.0231771,2058
15801,r2i1p1f1,2058,04,06,0.0,18.41457,4.668441,2058
15802,r2i1p1f1,2058,04,07,0.0,17.499691,3.3947651,2058
15803,r2i1p1f1,2058,04,08,12.9225991441322,10.20261,-3.0530415,2058
15804,r2i1p1f1,2058,04,09,0.0,18.495543,0.7948089,2058
15805,r2i1p1f1,2058,04,10,0.05481181819609796,17.170235,2.8838103,2058
15806,r2i1p1f1,2058,04,11,0.5049476485256631,14.762767,4.275468,2058
15807,r2i1p1f1,2058,04,12,62.024579328807214,8.145759,3.1763163,2058
15808,r2i1p1f1,2058,04,13,12.094550249289918,11.723212,-4.257077,2058
15809,r2i1p1f1,2058,04,14,0.0,23.723087,4.255584,2058
15810,r2i1p1f1,2058,04,15,0.0,22.7608,7.623978,2058
15811,r2i1p1f1,2058,04,16,14.694945171112732,15.892309,1.5830601,2058
15812,r2i1p1f1,2058,04,17,0.29790379910012305,21.215967,3.776203,2058
15813,r2i1p1f1,2058,04,18,0.0,22.491587,6.5810037,2058
15814,r2i1p1f1,2058,04,19,0.0,19.465221,3.5102186,2058
15815,r2i1p1f1,2058,04,20,0.0,18.602917,3.8564434,2058
15816,r2i1p1f1,2058,04,21,16.218959364050534,9.636819,-4.0251155,2058
15817,r2i1p1f1,2058,04,22,13.490220330333194,8.263506,-2.2817059,2058
15818,r2i1p1f1,2058,04,23,38.225229313516486,8.247549,-3.5643592,2058
15819,r2i1p1f1,2058,04,24,7.045473479110324,13.225004,-2.6758623,2058
15820,r2i1p1f1,2058,04,25,0.0,17.412865,1.5356648,2058
15821,r2i1p1f1,2058,04,26,0.0,19.008167,2.8071938,2058
15822,r2i1p1f1,2058,04,27,0.0,19.817007,4.80183,2058
15823,r2i1p1f1,2058,04,28,0.0,17.590405,3.0701227,2058
15824,r2i1p1f1,2058,04,29,0.0,21.428877,4.9353614,2058
15825,r2i1p1f1,2058,04,30,0.0,23.652029,6.7164164,2058
15826,r2i1p1f1,2058,05,01,0.3277669009548845,24.933584,7.6038404,2058
15827,r2i1p1f1,2058,05,02,0.0,25.063911,9.052343,2058
15828,r2i1p1f1,2058,05,03,0.0,27.851725,11.29424,2058
15829,r2i1p1f1,2058,05,04,1.18220677813252,24.25864,7.866001,2058
15830,r2i1p1f1,2058,05,05,1.849487837108217,24.077457,5.9152946,2058
15831,r2i1p1f1,2058,05,06,1.2004986993046118,25.053139,7.0701747,2058
15832,r2i1p1f1,2058,05,07,0.02442741762514253,27.352465,10.208771,2058
15833,r2i1p1f1,2058,05,08,0.03711842705692666,27.993021,11.292404,2058
15834,r2i1p1f1,2058,05,09,0.0,27.467436,10.624282,2058
15835,r2i1p1f1,2058,05,10,0.0,27.061962,9.315053,2058
15836,r2i1p1f1,2058,05,11,0.0,28.23338,10.048315,2058
15837,r2i1p1f1,2058,05,12,0.0,29.267178,11.952924,2058
15838,r2i1p1f1,2058,05,13,0.0,30.566479,12.553143,2058
15839,r2i1p1f1,2058,05,14,0.0,30.369492,13.632875,2058
15840,r2i1p1f1,2058,05,15,0.0,27.854898,10.037604,2058
15841,r2i1p1f1,2058,05,16,0.0,22.23153,8.390174,2058
15842,r2i1p1f1,2058,05,17,0.0,19.692902,4.888611,2058
15843,r2i1p1f1,2058,05,18,0.0,21.900976,3.8821697,2058
15844,r2i1p1f1,2058,05,19,0.0,24.084341,6.6051645,2058
15845,r2i1p1f1,2058,05,20,0.0,26.535019,8.2565975,2058
15846,r2i1p1f1,2058,05,21,0.0,24.45525,8.302361,2058
15847,r2i1p1f1,2058,05,22,1.5696489391232786,20.308056,3.2006013,2058
15848,r2i1p1f1,2058,05,23,0.0,21.628185,6.940537,2058
15849,r2i1p1f1,2058,05,24,0.0,25.425297,8.150993,2058
15850,r2i1p1f1,2058,05,25,0.005911344263810092,24.799381,10.081014,2058
15851,r2i1p1f1,2058,05,26,0.0,24.874289,10.0721245,2058
15852,r2i1p1f1,2058,05,27,0.0,25.742807,8.43428,2058
15853,r2i1p1f1,2058,05,28,0.0,26.750292,8.320608,2058
15854,r2i1p1f1,2058,05,29,0.0,28.151127,10.211105,2058
15855,r2i1p1f1,2058,05,30,0.0,28.353476,11.908354,2058
15856,r2i1p1f1,2058,05,31,0.0,27.914938,10.0433035,2058
15857,r2i1p1f1,2058,06,01,0.0,23.189653,7.0517125,2058
15858,r2i1p1f1,2058,06,02,0.0,21.261967,3.2565892,2058
15859,r2i1p1f1,2058,06,03,0.0,22.042997,3.1262481,2058
15860,r2i1p1f1,2058,06,04,0.0,21.819027,5.856879,2058
15861,r2i1p1f1,2058,06,05,0.0019613702612822147,17.199486,0.8844086,2058
15862,r2i1p1f1,2058,06,06,0.0,18.036173,0.30472654,2058
15863,r2i1p1f1,2058,06,07,0.0,24.387789,6.912014,2058
15864,r2i1p1f1,2058,06,08,0.0,24.630821,7.8457704,2058
15865,r2i1p1f1,2058,06,09,0.0,23.613817,4.8698974,2058
15866,r2i1p1f1,2058,06,10,0.0,22.932291,5.3971105,2058
15867,r2i1p1f1,2058,06,11,0.19196109720863974,21.712378,5.75721,2058
15868,r2i1p1f1,2058,06,12,0.0,19.473291,3.455836,2058
15869,r2i1p1f1,2058,06,13,0.0,22.562334,4.2685986,2058
15870,r2i1p1f1,2058,06,14,0.0,22.586704,5.4214587,2058
15871,r2i1p1f1,2058,06,15,0.0,21.856644,4.9909787,2058
15872,r2i1p1f1,2058,06,16,0.0,21.291292,3.8441613,2058
15873,r2i1p1f1,2058,06,17,0.0,20.425589,5.673635,2058
15874,r2i1p1f1,2058,06,18,0.06594366588195463,21.456894,6.1295257,2058
15875,r2i1p1f1,2058,06,19,0.0,21.25989,4.9117494,2058
15876,r2i1p1f1,2058,06,20,0.0,21.681004,4.327355,2058
15877,r2i1p1f1,2058,06,21,0.0,21.266413,5.8821335,2058
15878,r2i1p1f1,2058,06,22,0.0,22.749971,8.726381,2058
15879,r2i1p1f1,2058,06,23,0.0,23.357874,6.3327317,2058
15880,r2i1p1f1,2058,06,24,0.0,21.664927,7.906804,2058
15881,r2i1p1f1,2058,06,25,0.0,21.339521,4.9569216,2058
15882,r2i1p1f1,2058,06,26,0.0,23.90556,6.118328,2058
15883,r2i1p1f1,2058,06,27,0.0,24.260555,7.2081175,2058
15884,r2i1p1f1,2058,06,28,0.0,23.374794,5.534606,2058
15885,r2i1p1f1,2058,06,29,0.0,24.51472,7.642938,2058
15886,r2i1p1f1,2058,06,30,0.0,24.901857,8.679844,2058
15887,r2i1p1f1,2058,07,01,0.0,27.547709,9.749815,2058
15888,r2i1p1f1,2058,07,02,0.0,32.85124,12.616006,2058
15889,r2i1p1f1,2058,07,03,0.0,33.848045,13.677878,2058
15890,r2i1p1f1,2058,07,04,0.0,30.757399,13.202344,2058
15891,r2i1p1f1,2058,07,05,0.0,29.838993,10.843018,2058
15892,r2i1p1f1,2058,07,06,0.0,29.825863,11.764963,2058
15893,r2i1p1f1,2058,07,07,0.010389007561920712,29.790714,12.881535,2058
15894,r2i1p1f1,2058,07,08,0.04993367899889843,33.155342,14.216806,2058
15895,r2i1p1f1,2058,07,09,0.0,34.000595,14.947783,2058
15896,r2i1p1f1,2058,07,10,0.0,34.658222,15.1232195,2058
15897,r2i1p1f1,2058,07,11,0.0,35.195183,16.788609,2058
15898,r2i1p1f1,2058,07,12,0.0,35.125114,16.242977,2058
15899,r2i1p1f1,2058,07,13,0.0,32.520535,14.942857,2058
15900,r2i1p1f1,2058,07,14,0.0,31.861866,14.501936,2058
15901,r2i1p1f1,2058,07,15,0.0,32.313076,14.483572,2058
15902,r2i1p1f1,2058,07,16,0.0,32.700558,15.015728,2058
15903,r2i1p1f1,2058,07,17,0.0,34.60928,16.952269,2058
15904,r2i1p1f1,2058,07,18,0.0,34.649685,18.620182,2058
15905,r2i1p1f1,2058,07,19,0.0,33.641872,16.624054,2058
15906,r2i1p1f1,2058,07,20,0.0,33.093876,15.820701,2058
15907,r2i1p1f1,2058,07,21,0.0,33.244766,15.8479,2058
15908,r2i1p1f1,2058,07,22,0.0,33.358772,15.173787,2058
15909,r2i1p1f1,2058,07,23,0.0,32.854954,16.051153,2058
15910,r2i1p1f1,2058,07,24,0.0,32.25599,15.052554,2058
15911,r2i1p1f1,2058,07,25,0.0,31.59944,15.893423,2058
15912,r2i1p1f1,2058,07,26,0.0,31.347754,15.290185,2058
15913,r2i1p1f1,2058,07,27,0.0,30.38008,14.515223,2058
15914,r2i1p1f1,2058,07,28,0.0,30.66504,13.884384,2058
15915,r2i1p1f1,2058,07,29,0.0,31.652428,14.143801,2058
15916,r2i1p1f1,2058,07,30,0.0,32.20512,15.632456,2058
15917,r2i1p1f1,2058,07,31,0.0,31.15893,13.840135,2058
15918,r2i1p1f1,2058,08,01,0.0,30.28186,13.788291,2058
15919,r2i1p1f1,2058,08,02,0.0,28.05773,11.450727,2058
15920,r2i1p1f1,2058,08,03,0.0,28.80285,11.598273,2058
15921,r2i1p1f1,2058,08,04,0.0,29.877075,12.463374,2058
15922,r2i1p1f1,2058,08,05,0.0,30.965664,13.73228,2058
15923,r2i1p1f1,2058,08,06,0.0,31.97355,14.755986,2058
15924,r2i1p1f1,2058,08,07,0.0,33.165257,16.726654,2058
15925,r2i1p1f1,2058,08,08,0.0,32.895115,15.414109,2058
15926,r2i1p1f1,2058,08,09,0.0,32.06329,14.73959,2058
15927,r2i1p1f1,2058,08,10,0.0,30.775097,14.21254,2058
15928,r2i1p1f1,2058,08,11,0.0,29.789438,13.502715,2058
15929,r2i1p1f1,2058,08,12,0.0,28.261562,11.82783,2058
15930,r2i1p1f1,2058,08,13,0.0,27.715307,10.579265,2058
15931,r2i1p1f1,2058,08,14,0.0,28.52504,11.5164585,2058
15932,r2i1p1f1,2058,08,15,0.0,28.424723,10.759044,2058
15933,r2i1p1f1,2058,08,16,0.0,26.936674,9.933658,2058
15934,r2i1p1f1,2058,08,17,0.0,26.84874,9.583786,2058
15935,r2i1p1f1,2058,08,18,0.0,25.11997,8.80776,2058
15936,r2i1p1f1,2058,08,19,0.0,23.446499,5.519989,2058
15937,r2i1p1f1,2058,08,20,0.0,22.810637,5.8634987,2058
15938,r2i1p1f1,2058,08,21,0.0,25.920889,7.610344,2058
15939,r2i1p1f1,2058,08,22,0.0,27.01088,10.706959,2058
15940,r2i1p1f1,2058,08,23,4.294442659060083,27.722246,12.1146,2058
15941,r2i1p1f1,2058,08,24,1.1105203182243992,24.42944,6.963282,2058
15942,r2i1p1f1,2058,08,25,1.0457401747211965,22.341137,7.6281996,2058
15943,r2i1p1f1,2058,08,26,0.0,25.789087,8.574587,2058
15944,r2i1p1f1,2058,08,27,0.06067978485169498,26.650614,11.660317,2058
15945,r2i1p1f1,2058,08,28,0.0,28.4223,12.8663435,2058
15946,r2i1p1f1,2058,08,29,0.0,31.482447,14.971431,2058
15947,r2i1p1f1,2058,08,30,0.0,31.04268,15.858652,2058
15948,r2i1p1f1,2058,08,31,0.0,30.571894,15.388323,2058
15949,r2i1p1f1,2058,09,01,0.0,29.382618,15.191023,2058
15950,r2i1p1f1,2058,09,02,0.0,31.50482,16.645176,2058
15951,r2i1p1f1,2058,09,03,0.0,32.40131,16.08243,2058
15952,r2i1p1f1,2058,09,04,0.0,32.089745,15.600896,2058
15953,r2i1p1f1,2058,09,05,0.01635671889674156,31.62753,15.657568,2058
15954,r2i1p1f1,2058,09,06,0.0,32.44822,15.097791,2058
15955,r2i1p1f1,2058,09,07,0.0,31.85897,16.756477,2058
15956,r2i1p1f1,2058,09,08,0.0,32.11219,14.826165,2058
15957,r2i1p1f1,2058,09,09,0.0,32.487366,15.486832,2058
15958,r2i1p1f1,2058,09,10,0.0,32.04952,15.789041,2058
15959,r2i1p1f1,2058,09,11,0.0,31.228685,14.801686,2058
15960,r2i1p1f1,2058,09,12,0.0,31.36973,15.546836,2058
15961,r2i1p1f1,2058,09,13,0.0,32.986305,16.092133,2058
15962,r2i1p1f1,2058,09,14,0.0,34.469765,16.43071,2058
15963,r2i1p1f1,2058,09,15,0.0,34.516594,16.465834,2058
15964,r2i1p1f1,2058,09,16,0.0,34.503204,15.961789,2058
15965,r2i1p1f1,2058,09,17,0.0,33.786697,15.981375,2058
15966,r2i1p1f1,2058,09,18,0.03398483744464242,29.60026,11.771212,2058
15967,r2i1p1f1,2058,09,19,4.162492574155644,19.963976,7.481006,2058
15968,r2i1p1f1,2058,09,20,4.97905392965969,18.782978,7.446857,2058
15969,r2i1p1f1,2058,09,21,0.0059359770288070785,24.066586,8.11281,2058
15970,r2i1p1f1,2058,09,22,0.0,25.507826,8.659992,2058
15971,r2i1p1f1,2058,09,23,0.0,26.719381,10.606492,2058
15972,r2i1p1f1,2058,09,24,0.0,22.647589,7.8244376,2058
15973,r2i1p1f1,2058,09,25,0.0,20.526035,5.4709034,2058
15974,r2i1p1f1,2058,09,26,0.0,21.430119,5.299857,2058
15975,r2i1p1f1,2058,09,27,0.0,22.269608,6.66407,2058
15976,r2i1p1f1,2058,09,28,0.0,22.485012,6.920647,2058
15977,r2i1p1f1,2058,09,29,0.0,25.860556,8.03615,2058
15978,r2i1p1f1,2058,09,30,0.0,26.97378,9.843074,2058
15979,r2i1p1f1,2058,10,01,0.0,28.339487,11.984386,2058
15980,r2i1p1f1,2058,10,02,0.0,28.736776,12.497982,2058
15981,r2i1p1f1,2058,10,03,0.0,30.528002,12.954836,2058
15982,r2i1p1f1,2058,10,04,0.0,33.570583,14.354531,2058
15983,r2i1p1f1,2058,10,05,0.0,35.300335,16.824146,2058
15984,r2i1p1f1,2058,10,06,0.0,32.680534,16.215487,2058
15985,r2i1p1f1,2058,10,07,0.0,31.878736,15.870752,2058
15986,r2i1p1f1,2058,10,08,0.0,30.200401,15.777353,2058
15987,r2i1p1f1,2058,10,09,0.0,32.126987,11.954925,2058
15988,r2i1p1f1,2058,10,10,0.0,31.803768,14.395567,2058
15989,r2i1p1f1,2058,10,11,0.0,31.369501,14.840528,2058
15990,r2i1p1f1,2058,10,12,0.0,31.752943,14.758303,2058
15991,r2i1p1f1,2058,10,13,0.0,32.39579,14.875029,2058
15992,r2i1p1f1,2058,10,14,0.0,29.069061,11.525589,2058
15993,r2i1p1f1,2058,10,15,0.0,20.810804,2.7175019,2058
15994,r2i1p1f1,2058,10,16,0.0,13.498513,-0.2618325,2058
15995,r2i1p1f1,2058,10,17,0.6818474703182941,9.720703,-2.4689472,2058
15996,r2i1p1f1,2058,10,18,0.5072837743892495,9.35289,-4.0722837,2058
15997,r2i1p1f1,2058,10,19,0.0,14.430182,-2.765157,2058
15998,r2i1p1f1,2058,10,20,0.0,17.989422,0.17672661,2058
15999,r2i1p1f1,2058,10,21,0.0,20.0541,2.962201,2058
16000,r2i1p1f1,2058,10,22,0.0,22.242105,4.805261,2058
16001,r2i1p1f1,2058,10,23,0.0,22.067722,6.8951297,2058
16002,r2i1p1f1,2058,10,24,0.0,22.96214,8.221499,2058
16003,r2i1p1f1,2058,10,25,0.0,21.794367,6.347674,2058
16004,r2i1p1f1,2058,10,26,0.0,20.825056,6.2791886,2058
16005,r2i1p1f1,2058,10,27,0.0,20.01246,3.2869744,2058
16006,r2i1p1f1,2058,10,28,0.0,19.122522,3.7179601,2058
16007,r2i1p1f1,2058,10,29,0.0,20.098759,6.804354,2058
16008,r2i1p1f1,2058,10,30,0.0,21.318008,7.4375815,2058
16009,r2i1p1f1,2058,10,31,0.0,19.522373,4.705075,2058
16010,r2i1p1f1,2058,11,01,0.0,20.011555,3.6335406,2058
16011,r2i1p1f1,2058,11,02,0.0,18.675493,4.0571117,2058
16012,r2i1p1f1,2058,11,03,0.05222249822928951,21.68206,2.6015782,2058
16013,r2i1p1f1,2058,11,04,0.0,22.363424,7.209194,2058
16014,r2i1p1f1,2058,11,05,0.0,23.375156,5.587008,2058
16015,r2i1p1f1,2058,11,06,0.0,23.415087,5.332555,2058
16016,r2i1p1f1,2058,11,07,0.0,21.561802,6.1608963,2058
16017,r2i1p1f1,2058,11,08,0.0,20.395475,6.45555,2058
16018,r2i1p1f1,2058,11,09,0.0,19.436514,5.2305613,2058
16019,r2i1p1f1,2058,11,10,0.0,20.751368,3.4343688,2058
16020,r2i1p1f1,2058,11,11,0.0,20.023485,2.4968204,2058
16021,r2i1p1f1,2058,11,12,0.0,20.87905,2.1954114,2058
16022,r2i1p1f1,2058,11,13,0.0,21.111994,2.3527312,2058
16023,r2i1p1f1,2058,11,14,0.1160008794753454,14.983694,7.3403068,2058
16024,r2i1p1f1,2058,11,15,31.35415258092018,16.55562,7.009148,2058
16025,r2i1p1f1,2058,11,16,38.90164595168944,10.742957,3.0170186,2058
16026,r2i1p1f1,2058,11,17,0.0,13.055941,4.6112046,2058
16027,r2i1p1f1,2058,11,18,0.0,14.763997,0.74931246,2058
16028,r2i1p1f1,2058,11,19,0.0,12.800363,1.7208087,2058
16029,r2i1p1f1,2058,11,20,2.7535164835101638,12.433734,4.7654443,2058
16030,r2i1p1f1,2058,11,21,0.0,13.781457,0.92824703,2058
16031,r2i1p1f1,2058,11,22,0.0,15.885945,2.8851793,2058
16032,r2i1p1f1,2058,11,23,0.0,13.882418,4.4578757,2058
16033,r2i1p1f1,2058,11,24,0.0,16.043615,6.8951235,2058
16034,r2i1p1f1,2058,11,25,0.0,22.027706,5.4873033,2058
16035,r2i1p1f1,2058,11,26,0.0,21.583284,6.5988083,2058
16036,r2i1p1f1,2058,11,27,0.0,16.118813,3.9861834,2058
16037,r2i1p1f1,2058,11,28,0.0,16.840286,1.4136177,2058
16038,r2i1p1f1,2058,11,29,0.0,15.247975,4.0211735,2058
16039,r2i1p1f1,2058,11,30,0.001659800264738246,14.263784,5.9647765,2058
16040,r2i1p1f1,2058,12,01,0.0,15.3115,4.16768,2058
16041,r2i1p1f1,2058,12,02,0.0,15.60976,2.9505575,2058
16042,r2i1p1f1,2058,12,03,0.0,15.751409,5.571887,2058
16043,r2i1p1f1,2058,12,04,0.0,18.186398,4.460669,2058
16044,r2i1p1f1,2058,12,05,0.0,18.547499,3.6825664,2058
16045,r2i1p1f1,2058,12,06,0.0,19.148325,4.6047215,2058
16046,r2i1p1f1,2058,12,07,0.0,18.421509,5.4737267,2058
16047,r2i1p1f1,2058,12,08,0.0,19.104618,5.1347013,2058
16048,r2i1p1f1,2058,12,09,0.0,17.286642,4.346729,2058
16049,r2i1p1f1,2058,12,10,0.0,16.795935,4.6504908,2058
16050,r2i1p1f1,2058,12,11,0.0,16.94271,3.2505805,2058
16051,r2i1p1f1,2058,12,12,0.0,17.542295,4.627412,2058
16052,r2i1p1f1,2058,12,13,0.0,16.689896,4.570476,2058
16053,r2i1p1f1,2058,12,14,0.0,16.645027,3.1537263,2058
16054,r2i1p1f1,2058,12,15,0.0,16.8267,3.2593138,2058
16055,r2i1p1f1,2058,12,16,0.0,17.524244,4.9498706,2058
16056,r2i1p1f1,2058,12,17,0.0,19.249165,6.5247273,2058
16057,r2i1p1f1,2058,12,18,0.0,20.415663,5.77378,2058
16058,r2i1p1f1,2058,12,19,0.0,17.245419,4.5280704,2058
16059,r2i1p1f1,2058,12,20,0.0,12.610474,5.236499,2058
16060,r2i1p1f1,2058,12,21,37.107979369242315,8.152702,3.3653474,2058
16061,r2i1p1f1,2058,12,22,0.7397323004904768,9.637523,-2.7818837,2058
16062,r2i1p1f1,2058,12,23,0.0,8.759199,-3.0634391,2058
16063,r2i1p1f1,2058,12,24,80.73950516095815,12.167751,1.3456558,2058
16064,r2i1p1f1,2058,12,25,99.11088519192373,12.904314,4.3551874,2058
16065,r2i1p1f1,2058,12,26,71.66531219263561,9.465065,-2.2548952,2058
16066,r2i1p1f1,2058,12,27,46.091957973168554,6.84992,-2.2773259,2058
16067,r2i1p1f1,2058,12,28,13.180409205065539,1.1663793,-3.8586535,2058
16068,r2i1p1f1,2058,12,29,0.0,1.7425842,-3.4760914,2058
16069,r2i1p1f1,2058,12,30,9.281461495671605,1.595882,-2.8094404,2058
16070,r2i1p1f1,2058,12,31,9.338514672554783,3.3041651,-1.0105879,2058
16071,r2i1p1f1,2059,01,01,0.0,7.001641,-3.6233032,2059
16072,r2i1p1f1,2059,01,02,0.09649765057614647,2.6359923,-2.105345,2059
16073,r2i1p1f1,2059,01,03,0.0,6.620046,-1.2077516,2059
16074,r2i1p1f1,2059,01,04,0.0,8.400719,-3.6429358,2059
16075,r2i1p1f1,2059,01,05,0.0,8.022112,-5.2536573,2059
16076,r2i1p1f1,2059,01,06,0.0,9.973332,-2.1863887,2059
16077,r2i1p1f1,2059,01,07,0.0,11.113433,-1.109758,2059
16078,r2i1p1f1,2059,01,08,0.0,8.428119,0.62735426,2059
16079,r2i1p1f1,2059,01,09,0.0,7.975043,2.721145,2059
16080,r2i1p1f1,2059,01,10,0.0,12.047054,0.7580264,2059
16081,r2i1p1f1,2059,01,11,0.0,15.29012,2.3987029,2059
16082,r2i1p1f1,2059,01,12,0.0,18.008482,3.3288918,2059
16083,r2i1p1f1,2059,01,13,0.0,17.475948,4.356285,2059
16084,r2i1p1f1,2059,01,14,0.0,17.46383,3.6916993,2059
16085,r2i1p1f1,2059,01,15,0.0,11.922767,-0.55505085,2059
16086,r2i1p1f1,2059,01,16,0.0,9.977476,-3.060106,2059
16087,r2i1p1f1,2059,01,17,0.0,10.412098,-3.4774077,2059
16088,r2i1p1f1,2059,01,18,0.0,10.154131,-2.3547065,2059
16089,r2i1p1f1,2059,01,19,0.0,12.698115,-1.8993018,2059
16090,r2i1p1f1,2059,01,20,0.0,12.574025,-0.38272035,2059
16091,r2i1p1f1,2059,01,21,55.81441987037229,5.3592067,0.83274937,2059
16092,r2i1p1f1,2059,01,22,39.95740387522696,2.273039,-5.647546,2059
16093,r2i1p1f1,2059,01,23,0.0,0.14469528,-10.049844,2059
16094,r2i1p1f1,2059,01,24,0.0,-0.19041492,-10.842475,2059
16095,r2i1p1f1,2059,01,25,0.0,6.3777914,-6.982976,2059
16096,r2i1p1f1,2059,01,26,0.0,6.383727,-0.21364456,2059
16097,r2i1p1f1,2059,01,27,0.0,8.865472,-4.867409,2059
16098,r2i1p1f1,2059,01,28,0.0,9.388843,-3.1185868,2059
16099,r2i1p1f1,2059,01,29,0.0,11.123158,-1.378184,2059
16100,r2i1p1f1,2059,01,30,0.0,11.860607,-0.54973423,2059
16101,r2i1p1f1,2059,01,31,0.0,13.112165,-0.45982927,2059
16102,r2i1p1f1,2059,02,01,19.436088672060016,8.754286,-1.4644026,2059
16103,r2i1p1f1,2059,02,02,13.117386766176564,5.9306936,0.36798018,2059
16104,r2i1p1f1,2059,02,03,0.18069494173967263,6.020811,0.5425714,2059
16105,r2i1p1f1,2059,02,04,4.861972879259086,6.2208953,-2.6238897,2059
16106,r2i1p1f1,2059,02,05,0.0,2.493424,-0.4454651,2059
16107,r2i1p1f1,2059,02,06,0.0,5.9576015,1.129765,2059
16108,r2i1p1f1,2059,02,07,0.0,12.251128,1.2429975,2059
16109,r2i1p1f1,2059,02,08,0.0,19.97911,4.4347305,2059
16110,r2i1p1f1,2059,02,09,0.0,18.665873,4.932463,2059
16111,r2i1p1f1,2059,02,10,0.0,15.128259,4.962438,2059
16112,r2i1p1f1,2059,02,11,0.0,10.070982,1.2594296,2059
16113,r2i1p1f1,2059,02,12,0.0,15.207517,0.5634024,2059
16114,r2i1p1f1,2059,02,13,0.0,16.555773,2.6424317,2059
16115,r2i1p1f1,2059,02,14,0.0,16.46522,2.0417075,2059
16116,r2i1p1f1,2059,02,15,0.0,17.35997,3.1228564,2059
16117,r2i1p1f1,2059,02,16,0.0,17.63912,4.2166724,2059
16118,r2i1p1f1,2059,02,17,0.0,13.317947,-0.74314225,2059
16119,r2i1p1f1,2059,02,18,0.0,11.773301,-2.0027373,2059
16120,r2i1p1f1,2059,02,19,0.0,15.659436,-0.1557756,2059
16121,r2i1p1f1,2059,02,20,0.0,19.415604,1.3570386,2059
16122,r2i1p1f1,2059,02,21,0.003197120559679416,14.934592,0.15386474,2059
16123,r2i1p1f1,2059,02,22,27.825662741759935,2.839497,-1.435412,2059
16124,r2i1p1f1,2059,02,23,16.99292110659791,2.3812537,-1.0322917,2059
16125,r2i1p1f1,2059,02,24,4.529593858373678,8.961101,-1.0682276,2059
16126,r2i1p1f1,2059,02,25,0.0,10.964569,-0.26821196,2059
16127,r2i1p1f1,2059,02,26,0.0,8.538595,-2.4321215,2059
16128,r2i1p1f1,2059,02,27,0.0,14.7086115,0.42871946,2059
16129,r2i1p1f1,2059,02,28,0.0,13.1775465,2.1009557,2059
16130,r2i1p1f1,2059,03,01,0.0,15.482776,2.1009076,2059
16131,r2i1p1f1,2059,03,02,0.0,19.114542,3.5852637,2059
16132,r2i1p1f1,2059,03,03,0.0,20.372744,5.5049696,2059
16133,r2i1p1f1,2059,03,04,0.0,20.729269,5.112185,2059
16134,r2i1p1f1,2059,03,05,0.0,19.468449,5.4868784,2059
16135,r2i1p1f1,2059,03,06,0.0,15.3981495,5.8982973,2059
16136,r2i1p1f1,2059,03,07,12.652465029672245,13.708878,1.3016219,2059
16137,r2i1p1f1,2059,03,08,0.0,17.385695,2.3342469,2059
16138,r2i1p1f1,2059,03,09,0.0,17.889889,2.3582606,2059
16139,r2i1p1f1,2059,03,10,0.0,18.09576,2.7686167,2059
16140,r2i1p1f1,2059,03,11,0.0,19.0906,4.296453,2059
16141,r2i1p1f1,2059,03,12,0.0,16.167494,1.4085242,2059
16142,r2i1p1f1,2059,03,13,0.0,17.05878,2.189971,2059
16143,r2i1p1f1,2059,03,14,0.0,18.847494,3.509291,2059
16144,r2i1p1f1,2059,03,15,0.0,18.461933,3.5848908,2059
16145,r2i1p1f1,2059,03,16,0.0,17.618647,3.1106677,2059
16146,r2i1p1f1,2059,03,17,14.255330714625485,10.625176,-0.5103284,2059
16147,r2i1p1f1,2059,03,18,1.4000504007071868,13.011987,-1.1123639,2059
16148,r2i1p1f1,2059,03,19,0.0,14.61312,-0.7552318,2059
16149,r2i1p1f1,2059,03,20,0.0,13.758185,0.18222554,2059
16150,r2i1p1f1,2059,03,21,2.8566120700606215,5.055426,0.13295071,2059
16151,r2i1p1f1,2059,03,22,10.113565841003528,8.724648,-1.8105804,2059
16152,r2i1p1f1,2059,03,23,0.0,19.13517,1.0542094,2059
16153,r2i1p1f1,2059,03,24,0.0,20.210833,4.3852005,2059
16154,r2i1p1f1,2059,03,25,0.0,20.547764,4.7170215,2059
16155,r2i1p1f1,2059,03,26,0.0,20.9967,4.422249,2059
16156,r2i1p1f1,2059,03,27,0.0,19.340492,3.2228913,2059
16157,r2i1p1f1,2059,03,28,0.0,18.511114,0.0054683196,2059
16158,r2i1p1f1,2059,03,29,0.0,20.48873,2.3263922,2059
16159,r2i1p1f1,2059,03,30,0.0,22.895704,3.8844068,2059
16160,r2i1p1f1,2059,03,31,0.0,22.193842,4.8636794,2059
16161,r2i1p1f1,2059,04,01,6.40981960118202,9.962357,2.607281,2059
16162,r2i1p1f1,2059,04,02,0.0,18.197985,2.4018116,2059
16163,r2i1p1f1,2059,04,03,0.0,20.518875,3.1588619,2059
16164,r2i1p1f1,2059,04,04,0.0,19.160177,4.55706,2059
16165,r2i1p1f1,2059,04,05,29.617822390998928,10.082391,3.6346264,2059
16166,r2i1p1f1,2059,04,06,7.341878278594567,9.7866335,4.5395308,2059
16167,r2i1p1f1,2059,04,07,40.28089094745855,9.857939,3.2189174,2059
16168,r2i1p1f1,2059,04,08,7.295969404255559,9.753853,-3.2764788,2059
16169,r2i1p1f1,2059,04,09,0.17225483080927426,16.432447,1.3231063,2059
16170,r2i1p1f1,2059,04,10,0.0,20.00341,4.623205,2059
16171,r2i1p1f1,2059,04,11,0.0,24.604528,5.810011,2059
16172,r2i1p1f1,2059,04,12,0.0,22.48995,4.540668,2059
16173,r2i1p1f1,2059,04,13,23.99067678477597,11.169717,0.81793654,2059
16174,r2i1p1f1,2059,04,14,4.437382699227153,14.175224,0.8096854,2059
16175,r2i1p1f1,2059,04,15,8.501428901217878,13.898564,1.8765392,2059
16176,r2i1p1f1,2059,04,16,38.085417389475666,13.363144,0.029087165,2059
16177,r2i1p1f1,2059,04,17,25.302098116998632,7.8080735,-2.2560117,2059
16178,r2i1p1f1,2059,04,18,15.057354053491368,8.003856,-3.1063728,2059
16179,r2i1p1f1,2059,04,19,0.0,13.96634,-2.4182599,2059
16180,r2i1p1f1,2059,04,20,6.375935052088048,11.75085,-2.8666518,2059
16181,r2i1p1f1,2059,04,21,3.4612810431169168,8.282192,-3.5970623,2059
16182,r2i1p1f1,2059,04,22,0.0,16.276094,1.5315893,2059
16183,r2i1p1f1,2059,04,23,0.0,18.79575,3.6873035,2059
16184,r2i1p1f1,2059,04,24,0.0,18.187725,2.3659074,2059
16185,r2i1p1f1,2059,04,25,1.633073964057985,13.156416,-0.4696041,2059
16186,r2i1p1f1,2059,04,26,0.0,16.314756,2.9104908,2059
16187,r2i1p1f1,2059,04,27,0.0,18.174212,2.4689393,2059
16188,r2i1p1f1,2059,04,28,0.0,18.627771,5.759247,2059
16189,r2i1p1f1,2059,04,29,4.001307624828489,17.232403,0.9000922,2059
16190,r2i1p1f1,2059,04,30,0.1775380342923409,21.628403,4.834232,2059
16191,r2i1p1f1,2059,05,01,0.0,21.87526,6.508436,2059
16192,r2i1p1f1,2059,05,02,0.0,16.973701,3.0127478,2059
16193,r2i1p1f1,2059,05,03,0.0,16.426445,3.1013527,2059
16194,r2i1p1f1,2059,05,04,7.775525944201106,9.997926,-4.763453,2059
16195,r2i1p1f1,2059,05,05,21.852537145045623,9.874803,-3.4532814,2059
16196,r2i1p1f1,2059,05,06,0.0,18.572132,2.1515658,2059
16197,r2i1p1f1,2059,05,07,0.0,22.906576,6.983234,2059
16198,r2i1p1f1,2059,05,08,0.0,24.227577,7.9882913,2059
16199,r2i1p1f1,2059,05,09,0.0,24.533539,8.441935,2059
16200,r2i1p1f1,2059,05,10,0.0,23.506369,7.009991,2059
16201,r2i1p1f1,2059,05,11,0.033410605549131736,18.331776,5.015451,2059
16202,r2i1p1f1,2059,05,12,0.0,17.39973,5.1493764,2059
16203,r2i1p1f1,2059,05,13,0.0,16.940529,4.4191856,2059
16204,r2i1p1f1,2059,05,14,1.865599457904374,13.782773,1.8122774,2059
16205,r2i1p1f1,2059,05,15,0.44974916663354986,18.571516,7.465113,2059
16206,r2i1p1f1,2059,05,16,0.0,23.250093,5.755935,2059
16207,r2i1p1f1,2059,05,17,0.0,26.152958,6.95697,2059
16208,r2i1p1f1,2059,05,18,12.392132842111236,18.51232,3.8336055,2059
16209,r2i1p1f1,2059,05,19,2.082630764219245,12.311534,-1.3431568,2059
16210,r2i1p1f1,2059,05,20,0.0,19.96732,4.24881,2059
16211,r2i1p1f1,2059,05,21,0.0,26.723423,8.595827,2059
16212,r2i1p1f1,2059,05,22,0.0,28.681631,11.655702,2059
16213,r2i1p1f1,2059,05,23,0.0,29.340082,13.182641,2059
16214,r2i1p1f1,2059,05,24,0.0,22.48186,4.3055964,2059
16215,r2i1p1f1,2059,05,25,0.0,16.398064,3.2477167,2059
16216,r2i1p1f1,2059,05,26,0.0,20.87856,4.0433645,2059
16217,r2i1p1f1,2059,05,27,0.0,20.376505,4.5718765,2059
16218,r2i1p1f1,2059,05,28,0.0,14.264517,1.5929198,2059
16219,r2i1p1f1,2059,05,29,0.0,19.396387,3.3306005,2059
16220,r2i1p1f1,2059,05,30,0.0,22.541779,6.577117,2059
16221,r2i1p1f1,2059,05,31,0.0,26.83545,9.444786,2059
16222,r2i1p1f1,2059,06,01,1.3155038892784012,27.11315,8.355438,2059
16223,r2i1p1f1,2059,06,02,0.2530735121476587,21.473436,5.0296254,2059
16224,r2i1p1f1,2059,06,03,0.0,23.235147,4.9057713,2059
16225,r2i1p1f1,2059,06,04,0.0,24.86507,7.6068997,2059
16226,r2i1p1f1,2059,06,05,0.0,25.171581,7.625447,2059
16227,r2i1p1f1,2059,06,06,0.0,25.557291,7.775173,2059
16228,r2i1p1f1,2059,06,07,0.0,24.436249,7.9262033,2059
16229,r2i1p1f1,2059,06,08,0.0,21.27355,6.6979504,2059
16230,r2i1p1f1,2059,06,09,0.0,16.958183,3.9230788,2059
16231,r2i1p1f1,2059,06,10,0.08679764949612526,14.593938,1.2543713,2059
16232,r2i1p1f1,2059,06,11,0.9710633793684582,13.038638,0.35442618,2059
16233,r2i1p1f1,2059,06,12,0.0,20.032162,2.5482135,2059
16234,r2i1p1f1,2059,06,13,0.0,22.26633,5.4687085,2059
16235,r2i1p1f1,2059,06,14,0.0,22.425535,8.246635,2059
16236,r2i1p1f1,2059,06,15,0.1679427757083501,19.426012,2.19167,2059
16237,r2i1p1f1,2059,06,16,0.0,18.976934,3.968078,2059
16238,r2i1p1f1,2059,06,17,0.0,22.785994,5.031355,2059
16239,r2i1p1f1,2059,06,18,0.0,26.708487,9.45255,2059
16240,r2i1p1f1,2059,06,19,0.02065346880744283,27.719654,10.372338,2059
16241,r2i1p1f1,2059,06,20,0.0,25.95585,8.933572,2059
16242,r2i1p1f1,2059,06,21,0.011258312278746766,19.76414,7.109044,2059
16243,r2i1p1f1,2059,06,22,0.0,22.576565,6.811095,2059
16244,r2i1p1f1,2059,06,23,0.03316576431433742,24.419804,7.8152823,2059
16245,r2i1p1f1,2059,06,24,0.0,24.874586,8.845779,2059
16246,r2i1p1f1,2059,06,25,0.05799773668094041,23.17605,6.770697,2059
16247,r2i1p1f1,2059,06,26,0.0,20.921835,5.0463877,2059
16248,r2i1p1f1,2059,06,27,0.0,23.057577,7.826217,2059
16249,r2i1p1f1,2059,06,28,0.0,27.200077,8.928596,2059
16250,r2i1p1f1,2059,06,29,0.0,29.02139,12.28607,2059
16251,r2i1p1f1,2059,06,30,0.41537080415554767,29.343628,14.152741,2059
16252,r2i1p1f1,2059,07,01,0.19589136505741267,26.679438,10.518069,2059
16253,r2i1p1f1,2059,07,02,0.0,26.698072,11.032267,2059
16254,r2i1p1f1,2059,07,03,0.1916428123807306,28.520683,9.604834,2059
16255,r2i1p1f1,2059,07,04,0.07388905751912926,28.608622,13.840686,2059
16256,r2i1p1f1,2059,07,05,0.011329824183821283,27.723803,14.748488,2059
16257,r2i1p1f1,2059,07,06,0.006274924929200027,28.244879,13.479472,2059
16258,r2i1p1f1,2059,07,07,0.00308442551893397,31.032051,14.179275,2059
16259,r2i1p1f1,2059,07,08,0.0,30.762613,14.418938,2059
16260,r2i1p1f1,2059,07,09,0.0,29.968271,13.068092,2059
16261,r2i1p1f1,2059,07,10,0.0,28.27216,12.430971,2059
16262,r2i1p1f1,2059,07,11,0.0,27.05103,11.367469,2059
16263,r2i1p1f1,2059,07,12,0.0,27.439293,11.2096405,2059
16264,r2i1p1f1,2059,07,13,0.0,28.705172,12.445594,2059
16265,r2i1p1f1,2059,07,14,0.0,30.66861,15.2157,2059
16266,r2i1p1f1,2059,07,15,0.0,30.800982,15.437066,2059
16267,r2i1p1f1,2059,07,16,0.0,30.423033,14.054184,2059
16268,r2i1p1f1,2059,07,17,0.0,30.656666,14.100517,2059
16269,r2i1p1f1,2059,07,18,0.0,31.753536,15.368042,2059
16270,r2i1p1f1,2059,07,19,0.0,31.864796,16.265114,2059
16271,r2i1p1f1,2059,07,20,0.0,30.851377,16.185143,2059
16272,r2i1p1f1,2059,07,21,0.019156755860631865,31.446001,15.28112,2059
16273,r2i1p1f1,2059,07,22,0.0,32.394943,16.007975,2059
16274,r2i1p1f1,2059,07,23,0.0,32.71575,16.634912,2059
16275,r2i1p1f1,2059,07,24,0.0,32.36129,16.34528,2059
16276,r2i1p1f1,2059,07,25,0.0,32.037582,15.33688,2059
16277,r2i1p1f1,2059,07,26,0.0,32.68906,14.939835,2059
16278,r2i1p1f1,2059,07,27,0.0,33.64153,16.113628,2059
16279,r2i1p1f1,2059,07,28,0.0,33.495525,15.949829,2059
16280,r2i1p1f1,2059,07,29,0.0,33.962376,17.200472,2059
16281,r2i1p1f1,2059,07,30,0.0,35.26078,18.63045,2059
16282,r2i1p1f1,2059,07,31,0.0,36.67919,17.624474,2059
16283,r2i1p1f1,2059,08,01,0.0,36.875114,19.109938,2059
16284,r2i1p1f1,2059,08,02,0.0,37.490353,19.572124,2059
16285,r2i1p1f1,2059,08,03,0.0,37.13968,19.023285,2059
16286,r2i1p1f1,2059,08,04,0.0,36.3929,18.154825,2059
16287,r2i1p1f1,2059,08,05,0.0,39.509716,20.255865,2059
16288,r2i1p1f1,2059,08,06,0.0,39.124863,20.806376,2059
16289,r2i1p1f1,2059,08,07,0.6008348151917394,36.0438,18.168652,2059
16290,r2i1p1f1,2059,08,08,1.8832863606243895,37.740906,21.258287,2059
16291,r2i1p1f1,2059,08,09,0.0,38.87098,23.241112,2059
16292,r2i1p1f1,2059,08,10,0.0,37.437443,20.168318,2059
16293,r2i1p1f1,2059,08,11,0.0,32.523033,16.598808,2059
16294,r2i1p1f1,2059,08,12,0.0,29.499155,14.035706,2059
16295,r2i1p1f1,2059,08,13,0.0,27.95325,13.109946,2059
16296,r2i1p1f1,2059,08,14,0.0,28.214945,12.8737545,2059
16297,r2i1p1f1,2059,08,15,0.0,28.487299,12.276824,2059
16298,r2i1p1f1,2059,08,16,0.0,27.934067,12.703096,2059
16299,r2i1p1f1,2059,08,17,0.0,28.109262,12.110664,2059
16300,r2i1p1f1,2059,08,18,0.0,28.681435,13.6207695,2059
16301,r2i1p1f1,2059,08,19,0.0,30.252823,15.091433,2059
16302,r2i1p1f1,2059,08,20,0.0,30.687407,14.942965,2059
16303,r2i1p1f1,2059,08,21,0.0,30.068453,13.364104,2059
16304,r2i1p1f1,2059,08,22,0.0,26.335487,11.288293,2059
16305,r2i1p1f1,2059,08,23,0.0,26.254171,11.2079115,2059
16306,r2i1p1f1,2059,08,24,0.0,29.360746,13.45049,2059
16307,r2i1p1f1,2059,08,25,0.0,30.01644,14.768599,2059
16308,r2i1p1f1,2059,08,26,0.0,30.4229,14.380134,2059
16309,r2i1p1f1,2059,08,27,0.0,29.241768,14.064126,2059
16310,r2i1p1f1,2059,08,28,0.0,29.61355,14.946677,2059
16311,r2i1p1f1,2059,08,29,0.0,28.932934,14.432026,2059
16312,r2i1p1f1,2059,08,30,0.0,28.22685,13.372656,2059
16313,r2i1p1f1,2059,08,31,0.0,28.342163,13.176479,2059
16314,r2i1p1f1,2059,09,01,0.0,28.259745,13.697682,2059
16315,r2i1p1f1,2059,09,02,0.0,29.836992,14.905754,2059
16316,r2i1p1f1,2059,09,03,0.0,29.687325,13.508965,2059
16317,r2i1p1f1,2059,09,04,0.0,29.020264,13.29274,2059
16318,r2i1p1f1,2059,09,05,0.0,28.233707,12.888719,2059
16319,r2i1p1f1,2059,09,06,0.0,28.137383,12.318061,2059
16320,r2i1p1f1,2059,09,07,0.0,29.222391,12.016824,2059
16321,r2i1p1f1,2059,09,08,0.0,31.786802,13.657517,2059
16322,r2i1p1f1,2059,09,09,0.0,30.982813,15.583577,2059
16323,r2i1p1f1,2059,09,10,0.06155441894337015,30.513027,13.373094,2059
16324,r2i1p1f1,2059,09,11,0.0,29.553358,13.350967,2059
16325,r2i1p1f1,2059,09,12,0.0,27.922499,12.454125,2059
16326,r2i1p1f1,2059,09,13,0.0,26.98832,13.310152,2059
16327,r2i1p1f1,2059,09,14,0.0,28.455576,12.797433,2059
16328,r2i1p1f1,2059,09,15,0.0,27.827002,11.117464,2059
16329,r2i1p1f1,2059,09,16,0.0,25.582233,8.926088,2059
16330,r2i1p1f1,2059,09,17,0.0,22.85477,6.599606,2059
16331,r2i1p1f1,2059,09,18,0.008337762175450245,23.870668,7.89829,2059
16332,r2i1p1f1,2059,09,19,0.0,23.72203,6.988167,2059
16333,r2i1p1f1,2059,09,20,0.0,25.04778,6.947491,2059
16334,r2i1p1f1,2059,09,21,0.0,30.851484,13.641706,2059
16335,r2i1p1f1,2059,09,22,0.0,33.080242,13.592024,2059
16336,r2i1p1f1,2059,09,23,0.0,32.955242,15.725157,2059
16337,r2i1p1f1,2059,09,24,0.0,31.394995,15.582573,2059
16338,r2i1p1f1,2059,09,25,0.0,27.38141,10.321939,2059
16339,r2i1p1f1,2059,09,26,0.0,29.098394,9.821391,2059
16340,r2i1p1f1,2059,09,27,0.0,28.793125,10.849063,2059
16341,r2i1p1f1,2059,09,28,0.0,27.513145,10.435061,2059
16342,r2i1p1f1,2059,09,29,0.11256498650114875,26.39362,11.77584,2059
16343,r2i1p1f1,2059,09,30,0.6376885493479606,26.065321,12.039941,2059
16344,r2i1p1f1,2059,10,01,0.0,26.639479,10.373506,2059
16345,r2i1p1f1,2059,10,02,0.0,26.700064,10.371627,2059
16346,r2i1p1f1,2059,10,03,0.0,26.929438,11.173216,2059
16347,r2i1p1f1,2059,10,04,0.0,26.631323,10.980937,2059
16348,r2i1p1f1,2059,10,05,0.0,28.063185,13.162642,2059
16349,r2i1p1f1,2059,10,06,1.6733593586720348,27.999613,11.730641,2059
16350,r2i1p1f1,2059,10,07,1.075065314765967,26.853033,10.894291,2059
16351,r2i1p1f1,2059,10,08,0.0,26.825308,11.016673,2059
16352,r2i1p1f1,2059,10,09,0.0,26.951979,9.677,2059
16353,r2i1p1f1,2059,10,10,0.0,26.983158,10.452473,2059
16354,r2i1p1f1,2059,10,11,0.0,27.840195,11.24237,2059
16355,r2i1p1f1,2059,10,12,0.0,28.170023,11.965656,2059
16356,r2i1p1f1,2059,10,13,0.0,28.263546,12.6867075,2059
16357,r2i1p1f1,2059,10,14,0.0,24.206348,10.105234,2059
16358,r2i1p1f1,2059,10,15,0.0,23.606527,7.866438,2059
16359,r2i1p1f1,2059,10,16,0.0,28.428463,11.216476,2059
16360,r2i1p1f1,2059,10,17,0.0,28.015493,10.667721,2059
16361,r2i1p1f1,2059,10,18,0.02509573896531947,25.952316,9.318643,2059
16362,r2i1p1f1,2059,10,19,2.7920338489549907,16.809937,7.1384254,2059
16363,r2i1p1f1,2059,10,20,0.0,18.353662,5.3631945,2059
16364,r2i1p1f1,2059,10,21,0.0,17.92125,6.6147914,2059
16365,r2i1p1f1,2059,10,22,2.290271003473138,17.00949,2.6647072,2059
16366,r2i1p1f1,2059,10,23,0.0,17.513275,2.9588935,2059
16367,r2i1p1f1,2059,10,24,0.0,20.118372,3.100674,2059
16368,r2i1p1f1,2059,10,25,0.0,23.614944,4.9301414,2059
16369,r2i1p1f1,2059,10,26,0.09015852903338292,21.351166,8.179184,2059
16370,r2i1p1f1,2059,10,27,0.0064699396786566535,21.041983,7.4151816,2059
16371,r2i1p1f1,2059,10,28,0.0,24.627232,8.445226,2059
16372,r2i1p1f1,2059,10,29,0.0,26.59795,9.443096,2059
16373,r2i1p1f1,2059,10,30,0.0,26.882406,10.332413,2059
16374,r2i1p1f1,2059,10,31,0.0,27.834448,11.247464,2059
16375,r2i1p1f1,2059,11,01,0.0,27.744755,12.210731,2059
16376,r2i1p1f1,2059,11,02,0.0,25.648243,10.4683075,2059
16377,r2i1p1f1,2059,11,03,0.0,20.505352,7.026837,2059
16378,r2i1p1f1,2059,11,04,0.0,21.347046,6.999557,2059
16379,r2i1p1f1,2059,11,05,0.0,22.642042,7.2143955,2059
16380,r2i1p1f1,2059,11,06,0.47269885249429183,18.364052,7.4190774,2059
16381,r2i1p1f1,2059,11,07,31.305229692952707,12.27753,6.9786973,2059
16382,r2i1p1f1,2059,11,08,0.0,11.5436125,0.475248,2059
16383,r2i1p1f1,2059,11,09,0.0,16.254562,-0.96530354,2059
16384,r2i1p1f1,2059,11,10,0.0,16.97612,2.0185015,2059
16385,r2i1p1f1,2059,11,11,0.0,17.429813,4.470686,2059
16386,r2i1p1f1,2059,11,12,0.0,18.421852,3.7537968,2059
16387,r2i1p1f1,2059,11,13,0.132040729131579,17.765535,3.6935375,2059
16388,r2i1p1f1,2059,11,14,0.0,14.520161,0.66393846,2059
16389,r2i1p1f1,2059,11,15,0.045650220720115334,14.6400385,-1.6143965,2059
16390,r2i1p1f1,2059,11,16,12.149178381024775,6.842831,-3.2077775,2059
16391,r2i1p1f1,2059,11,17,0.0,12.025615,-2.3280632,2059
16392,r2i1p1f1,2059,11,18,0.0,14.1638155,-3.6987681,2059
16393,r2i1p1f1,2059,11,19,0.0,16.566198,-1.7958333,2059
16394,r2i1p1f1,2059,11,20,0.0,15.516551,-5.1436243,2059
16395,r2i1p1f1,2059,11,21,14.920987943948534,14.909597,1.6083513,2059
16396,r2i1p1f1,2059,11,22,32.6264716246022,3.9912715,-0.5428984,2059
16397,r2i1p1f1,2059,11,23,41.888083669786845,11.036463,-1.4476299,2059
16398,r2i1p1f1,2059,11,24,8.6839881870149,10.4896345,1.6201179,2059
16399,r2i1p1f1,2059,11,25,22.75282863623803,5.2733846,1.107842,2059
16400,r2i1p1f1,2059,11,26,2.4658009402908365,8.324414,-2.473265,2059
16401,r2i1p1f1,2059,11,27,24.88236922206572,8.496487,2.028208,2059
16402,r2i1p1f1,2059,11,28,87.77389897105212,11.070577,1.1978452,2059
16403,r2i1p1f1,2059,11,29,266.0042107391816,12.510147,6.387794,2059
16404,r2i1p1f1,2059,11,30,115.28258614170437,13.77664,-0.9305009,2059
16405,r2i1p1f1,2059,12,01,20.472965781944087,0.66826427,-3.30411,2059
16406,r2i1p1f1,2059,12,02,26.30929935056394,4.000091,-1.0492139,2059
16407,r2i1p1f1,2059,12,03,46.37045022503186,10.939562,0.6162036,2059
16408,r2i1p1f1,2059,12,04,3.7868476169163703,11.91649,7.023334,2059
16409,r2i1p1f1,2059,12,05,0.0,15.14231,4.5774217,2059
16410,r2i1p1f1,2059,12,06,0.0,17.333399,4.4880238,2059
16411,r2i1p1f1,2059,12,07,0.0,18.002062,5.0425425,2059
16412,r2i1p1f1,2059,12,08,0.0,19.454815,5.718149,2059
16413,r2i1p1f1,2059,12,09,0.0,18.026642,5.018732,2059
16414,r2i1p1f1,2059,12,10,0.0,17.168308,4.8478103,2059
16415,r2i1p1f1,2059,12,11,0.0,16.898003,5.4035034,2059
16416,r2i1p1f1,2059,12,12,0.0,15.857407,5.6114454,2059
16417,r2i1p1f1,2059,12,13,3.359041788931231,14.15866,3.2244124,2059
16418,r2i1p1f1,2059,12,14,4.080470666618707,4.588142,0.27363,2059
16419,r2i1p1f1,2059,12,15,3.3884291034680176,6.018644,0.9263031,2059
16420,r2i1p1f1,2059,12,16,0.0,11.955759,4.459871,2059
16421,r2i1p1f1,2059,12,17,0.5017163301930011,12.793843,0.61239076,2059
16422,r2i1p1f1,2059,12,18,5.741410570569244,5.7586613,1.7878195,2059
16423,r2i1p1f1,2059,12,19,0.5358189510074086,7.2314024,1.9748136,2059
16424,r2i1p1f1,2059,12,20,7.181545490703474,8.689891,0.816015,2059
16425,r2i1p1f1,2059,12,21,8.982052253178644,9.66277,4.166417,2059
16426,r2i1p1f1,2059,12,22,0.0,12.174941,4.322239,2059
16427,r2i1p1f1,2059,12,23,0.6367419281542215,10.858078,5.02244,2059
16428,r2i1p1f1,2059,12,24,0.0,11.672778,6.08798,2059
16429,r2i1p1f1,2059,12,25,0.023418352150026925,11.709386,6.1415844,2059
16430,r2i1p1f1,2059,12,26,13.273788857175251,10.581817,2.3294933,2059
16431,r2i1p1f1,2059,12,27,28.32481786759812,11.042507,5.4778543,2059
16432,r2i1p1f1,2059,12,28,16.47330255095417,9.425593,-0.23334445,2059
16433,r2i1p1f1,2059,12,29,0.0,5.2506027,0.23590949,2059
16434,r2i1p1f1,2059,12,30,1.537367658140563,6.632178,1.4882346,2059
16435,r2i1p1f1,2059,12,31,32.69855110377718,6.7612014,1.558133,2059
16436,r2i1p1f1,2060,01,01,0.30024392654013354,5.039673,0.20152293,2060
16437,r2i1p1f1,2060,01,02,0.0,6.0034866,-2.3593767,2060
16438,r2i1p1f1,2060,01,03,12.920920726453634,3.174906,-2.482816,2060
16439,r2i1p1f1,2060,01,04,0.0,3.7816584,-1.1741,2060
16440,r2i1p1f1,2060,01,05,1.033981668289768,4.733962,-2.6332226,2060
16441,r2i1p1f1,2060,01,06,23.68577452513049,5.3744836,0.30969504,2060
16442,r2i1p1f1,2060,01,07,0.0,11.685082,6.000819,2060
16443,r2i1p1f1,2060,01,08,0.00989454340294917,18.225922,5.5144033,2060
16444,r2i1p1f1,2060,01,09,0.0,18.193789,4.363435,2060
16445,r2i1p1f1,2060,01,10,0.0,15.624819,5.00576,2060
16446,r2i1p1f1,2060,01,11,0.0,17.521448,4.6692286,2060
16447,r2i1p1f1,2060,01,12,0.0,19.578182,4.9399495,2060
16448,r2i1p1f1,2060,01,13,0.0,18.019611,3.5028944,2060
16449,r2i1p1f1,2060,01,14,0.0,15.605397,5.6220994,2060
16450,r2i1p1f1,2060,01,15,0.0,13.902137,7.08386,2060
16451,r2i1p1f1,2060,01,16,0.0,15.984832,1.4630153,2060
16452,r2i1p1f1,2060,01,17,0.0,16.633293,2.756705,2060
16453,r2i1p1f1,2060,01,18,0.0,18.154766,5.147287,2060
16454,r2i1p1f1,2060,01,19,0.0,19.725462,5.882845,2060
16455,r2i1p1f1,2060,01,20,0.0,15.407314,3.675178,2060
16456,r2i1p1f1,2060,01,21,0.0,12.34081,-0.3723295,2060
16457,r2i1p1f1,2060,01,22,0.0,12.014295,-2.1558893,2060
16458,r2i1p1f1,2060,01,23,0.0,14.586338,2.3205585,2060
16459,r2i1p1f1,2060,01,24,0.0,17.702026,2.91428,2060
16460,r2i1p1f1,2060,01,25,0.0,19.221016,5.0121484,2060
16461,r2i1p1f1,2060,01,26,0.0,19.512592,5.691974,2060
16462,r2i1p1f1,2060,01,27,0.0,19.923351,5.0112166,2060
16463,r2i1p1f1,2060,01,28,0.0,20.34856,5.0394845,2060
16464,r2i1p1f1,2060,01,29,0.0,20.202925,5.4129505,2060
16465,r2i1p1f1,2060,01,30,0.0,20.229654,5.154857,2060
16466,r2i1p1f1,2060,01,31,0.0,18.80435,3.978381,2060
16467,r2i1p1f1,2060,02,01,0.0,18.86209,3.1934526,2060
16468,r2i1p1f1,2060,02,02,0.0,18.457869,4.5442777,2060
16469,r2i1p1f1,2060,02,03,0.0,22.974388,7.8121557,2060
16470,r2i1p1f1,2060,02,04,0.0,21.85242,7.1092443,2060
16471,r2i1p1f1,2060,02,05,0.0,21.735205,7.046404,2060
16472,r2i1p1f1,2060,02,06,0.0,22.343222,7.6465855,2060
16473,r2i1p1f1,2060,02,07,30.449514097731132,13.913569,4.0410967,2060
16474,r2i1p1f1,2060,02,08,31.910130254870566,13.756822,2.6492484,2060
16475,r2i1p1f1,2060,02,09,43.29194816483113,13.663245,6.264413,2060
16476,r2i1p1f1,2060,02,10,2.8290571558850037,12.314666,0.52816755,2060
16477,r2i1p1f1,2060,02,11,0.0,17.257895,2.3533702,2060
16478,r2i1p1f1,2060,02,12,0.0,15.489407,2.2320056,2060
16479,r2i1p1f1,2060,02,13,0.0,17.586836,2.9114223,2060
16480,r2i1p1f1,2060,02,14,0.0,15.451147,2.2870202,2060
16481,r2i1p1f1,2060,02,15,0.0,14.955625,2.1644573,2060
16482,r2i1p1f1,2060,02,16,0.0,15.4722805,3.3785236,2060
16483,r2i1p1f1,2060,02,17,46.426271270208346,9.643891,-1.2992629,2060
16484,r2i1p1f1,2060,02,18,2.730151727687021,5.141546,-0.086410426,2060
16485,r2i1p1f1,2060,02,19,0.0,12.3758,-1.97891,2060
16486,r2i1p1f1,2060,02,20,0.0,15.795623,1.9579983,2060
16487,r2i1p1f1,2060,02,21,0.0,14.853892,2.1557984,2060
16488,r2i1p1f1,2060,02,22,50.318775207807235,10.301909,4.8624673,2060
16489,r2i1p1f1,2060,02,23,93.31440091168938,9.61989,4.537952,2060
16490,r2i1p1f1,2060,02,24,3.238450944963216,12.718375,0.97274595,2060
16491,r2i1p1f1,2060,02,25,0.0,16.248896,3.7759223,2060
16492,r2i1p1f1,2060,02,26,0.0,16.52488,4.187878,2060
16493,r2i1p1f1,2060,02,27,0.0,19.261105,3.4772358,2060
16494,r2i1p1f1,2060,02,28,0.0,18.866148,2.8110096,2060
16495,r2i1p1f1,2060,02,29,0.0,18.156347,2.941891,2060
16496,r2i1p1f1,2060,03,01,6.740910425301431,18.423399,1.4754485,2060
16497,r2i1p1f1,2060,03,02,112.52747447623943,9.900962,4.2229033,2060
16498,r2i1p1f1,2060,03,03,0.9595968718888168,9.507854,3.5593019,2060
16499,r2i1p1f1,2060,03,04,12.68949985832688,8.221778,-0.118895605,2060
16500,r2i1p1f1,2060,03,05,0.49520670118240034,13.850583,0.19547145,2060
16501,r2i1p1f1,2060,03,06,0.0,16.06649,0.7226883,2060
16502,r2i1p1f1,2060,03,07,0.0,12.326719,5.1512027,2060
16503,r2i1p1f1,2060,03,08,0.0,13.878454,3.1628566,2060
16504,r2i1p1f1,2060,03,09,0.0,18.316465,1.6018702,2060
16505,r2i1p1f1,2060,03,10,37.08588439442862,11.686392,-2.295672,2060
16506,r2i1p1f1,2060,03,11,40.605696439160965,4.161332,-0.9019388,2060
16507,r2i1p1f1,2060,03,12,0.251143256341143,7.5401306,-2.1455731,2060
16508,r2i1p1f1,2060,03,13,0.0,12.591459,-0.97344303,2060
16509,r2i1p1f1,2060,03,14,0.0,13.794841,0.2808969,2060
16510,r2i1p1f1,2060,03,15,0.0,15.701363,1.585292,2060
16511,r2i1p1f1,2060,03,16,0.0,17.721693,2.9439807,2060
16512,r2i1p1f1,2060,03,17,0.0,17.403822,3.303574,2060
16513,r2i1p1f1,2060,03,18,0.0,17.808186,3.6806762,2060
16514,r2i1p1f1,2060,03,19,0.0,16.465027,2.6409478,2060
16515,r2i1p1f1,2060,03,20,0.0,18.750565,3.6427813,2060
16516,r2i1p1f1,2060,03,21,0.0,16.674356,3.1798108,2060
16517,r2i1p1f1,2060,03,22,31.74862496805592,12.643409,-1.5831413,2060
16518,r2i1p1f1,2060,03,23,33.3663858392146,8.4600115,-1.4050808,2060
16519,r2i1p1f1,2060,03,24,7.014670182633591,8.994605,-0.9541088,2060
16520,r2i1p1f1,2060,03,25,6.051655712004644,10.387531,-1.8462843,2060
16521,r2i1p1f1,2060,03,26,0.0,16.086334,3.764391,2060
16522,r2i1p1f1,2060,03,27,0.0,15.41815,5.303681,2060
16523,r2i1p1f1,2060,03,28,2.255429693629524,14.191975,0.7380791,2060
16524,r2i1p1f1,2060,03,29,0.0,17.887817,0.5712668,2060
16525,r2i1p1f1,2060,03,30,0.0,18.718624,1.1210678,2060
16526,r2i1p1f1,2060,03,31,0.0,17.830824,5.400329,2060
16527,r2i1p1f1,2060,04,01,0.0,21.517962,4.9556756,2060
16528,r2i1p1f1,2060,04,02,0.0,23.358047,6.534632,2060
16529,r2i1p1f1,2060,04,03,0.19816906816021612,21.800882,7.9284525,2060
16530,r2i1p1f1,2060,04,04,22.84452306541005,12.376169,0.0977613,2060
16531,r2i1p1f1,2060,04,05,6.08753191003276,7.6399984,-3.5449889,2060
16532,r2i1p1f1,2060,04,06,0.4004059657955412,8.952917,0.3334244,2060
16533,r2i1p1f1,2060,04,07,3.118465738897122,10.399656,2.5487883,2060
16534,r2i1p1f1,2060,04,08,3.301870449062195,11.5083275,-0.042322405,2060
16535,r2i1p1f1,2060,04,09,15.608201106078923,9.479433,-4.1413736,2060
16536,r2i1p1f1,2060,04,10,5.397659723362617,8.775131,-3.295335,2060
16537,r2i1p1f1,2060,04,11,0.0,16.447802,-0.964845,2060
16538,r2i1p1f1,2060,04,12,0.0,14.322516,2.2367115,2060
16539,r2i1p1f1,2060,04,13,4.758454920409769,10.310433,1.0057693,2060
16540,r2i1p1f1,2060,04,14,14.449580186248149,10.529444,-1.018275,2060
16541,r2i1p1f1,2060,04,15,0.0,12.478722,-0.96103686,2060
16542,r2i1p1f1,2060,04,16,10.983520144117602,9.116898,-1.6237327,2060
16543,r2i1p1f1,2060,04,17,0.0,15.957607,0.8783237,2060
16544,r2i1p1f1,2060,04,18,0.0,16.47017,4.7094436,2060
16545,r2i1p1f1,2060,04,19,0.0,18.226841,3.8681104,2060
16546,r2i1p1f1,2060,04,20,0.0,17.784918,3.4540312,2060
16547,r2i1p1f1,2060,04,21,0.0,17.75622,1.8894379,2060
16548,r2i1p1f1,2060,04,22,0.0,18.584232,3.9433563,2060
16549,r2i1p1f1,2060,04,23,0.0,21.243696,3.752939,2060
16550,r2i1p1f1,2060,04,24,0.0,21.854536,5.2987094,2060
16551,r2i1p1f1,2060,04,25,0.0,19.796253,4.631057,2060
16552,r2i1p1f1,2060,04,26,0.0,20.64087,5.8188486,2060
16553,r2i1p1f1,2060,04,27,0.0,21.18232,4.556592,2060
16554,r2i1p1f1,2060,04,28,0.0,22.068724,5.7909193,2060
16555,r2i1p1f1,2060,04,29,0.0,21.830078,5.342941,2060
16556,r2i1p1f1,2060,04,30,0.0,19.450548,4.069462,2060
16557,r2i1p1f1,2060,05,01,0.0,18.047216,4.9926715,2060
16558,r2i1p1f1,2060,05,02,0.7113158060047471,18.30123,3.3565407,2060
16559,r2i1p1f1,2060,05,03,0.0,19.65538,3.590129,2060
16560,r2i1p1f1,2060,05,04,0.6051307045988954,18.232565,0.23947574,2060
16561,r2i1p1f1,2060,05,05,0.0,19.923788,4.577345,2060
16562,r2i1p1f1,2060,05,06,0.0027246740711024567,19.86278,6.6562815,2060
16563,r2i1p1f1,2060,05,07,0.0,20.937153,3.9942188,2060
16564,r2i1p1f1,2060,05,08,0.0,21.173388,5.117059,2060
16565,r2i1p1f1,2060,05,09,0.0,24.041758,8.041356,2060
16566,r2i1p1f1,2060,05,10,0.0,26.5937,10.100232,2060
16567,r2i1p1f1,2060,05,11,1.2220712113048648,22.639921,6.83318,2060
16568,r2i1p1f1,2060,05,12,3.821501092478194,10.062714,5.8262806,2060
16569,r2i1p1f1,2060,05,13,0.18965828038255075,16.381287,4.0161157,2060
16570,r2i1p1f1,2060,05,14,0.0,22.932997,4.4645476,2060
16571,r2i1p1f1,2060,05,15,17.998663099178184,17.363592,2.1553004,2060
16572,r2i1p1f1,2060,05,16,10.011703043640479,10.6514015,1.3707939,2060
16573,r2i1p1f1,2060,05,17,11.970529187573657,11.196493,0.78675383,2060
16574,r2i1p1f1,2060,05,18,1.523706078408465,11.515171,-2.135446,2060
16575,r2i1p1f1,2060,05,19,7.047472584110017,11.866186,2.8042672,2060
16576,r2i1p1f1,2060,05,20,0.03189192609100316,22.194927,8.115723,2060
16577,r2i1p1f1,2060,05,21,0.0,22.889755,7.115685,2060
16578,r2i1p1f1,2060,05,22,0.0,18.963953,8.855571,2060
16579,r2i1p1f1,2060,05,23,1.1422957262276703,14.399204,0.49822167,2060
16580,r2i1p1f1,2060,05,24,0.50014572222538,16.981514,2.5536084,2060
16581,r2i1p1f1,2060,05,25,0.0,24.032818,6.2968826,2060
16582,r2i1p1f1,2060,05,26,7.74827180374674,18.08391,6.5518646,2060
16583,r2i1p1f1,2060,05,27,1.3761726969977854,18.455719,4.0545607,2060
16584,r2i1p1f1,2060,05,28,2.998534669145906,17.862095,2.2420382,2060
16585,r2i1p1f1,2060,05,29,3.530342774711943,18.202562,2.886527,2060
16586,r2i1p1f1,2060,05,30,0.12843982778856747,22.027164,5.760861,2060
16587,r2i1p1f1,2060,05,31,0.0,24.79304,7.861587,2060
16588,r2i1p1f1,2060,06,01,3.3364355459175736,17.27407,3.4945052,2060
16589,r2i1p1f1,2060,06,02,0.9477507388877572,16.749664,0.55726856,2060
16590,r2i1p1f1,2060,06,03,5.430855856208766,8.810418,-3.2581885,2060
16591,r2i1p1f1,2060,06,04,1.1130776876318402,11.67907,-3.5072956,2060
16592,r2i1p1f1,2060,06,05,0.0,17.780699,2.4896946,2060
16593,r2i1p1f1,2060,06,06,0.0,21.85703,6.092248,2060
16594,r2i1p1f1,2060,06,07,0.0,22.67708,6.9050546,2060
16595,r2i1p1f1,2060,06,08,0.0,25.903463,8.566184,2060
16596,r2i1p1f1,2060,06,09,0.0,30.147856,11.860652,2060
16597,r2i1p1f1,2060,06,10,0.0,33.343094,14.348032,2060
16598,r2i1p1f1,2060,06,11,0.0,32.82508,14.460564,2060
16599,r2i1p1f1,2060,06,12,0.0,30.985552,14.2283125,2060
16600,r2i1p1f1,2060,06,13,0.0,31.308306,13.2626095,2060
16601,r2i1p1f1,2060,06,14,1.072552886671474,31.267569,14.388262,2060
16602,r2i1p1f1,2060,06,15,0.0,31.406103,14.127949,2060
16603,r2i1p1f1,2060,06,16,0.0,29.63399,12.856291,2060
16604,r2i1p1f1,2060,06,17,0.0,26.635551,10.107075,2060
16605,r2i1p1f1,2060,06,18,0.0,25.449163,9.045526,2060
16606,r2i1p1f1,2060,06,19,0.0,30.354942,12.094088,2060
16607,r2i1p1f1,2060,06,20,0.0,30.844595,14.075559,2060
16608,r2i1p1f1,2060,06,21,0.0,31.535004,14.712144,2060
16609,r2i1p1f1,2060,06,22,0.0,31.168451,13.918555,2060
16610,r2i1p1f1,2060,06,23,0.0,30.207544,12.755427,2060
16611,r2i1p1f1,2060,06,24,0.0,28.500057,11.865621,2060
16612,r2i1p1f1,2060,06,25,0.0,28.748392,11.915013,2060
16613,r2i1p1f1,2060,06,26,0.0,28.423521,13.475051,2060
16614,r2i1p1f1,2060,06,27,0.0,31.746351,13.374649,2060
16615,r2i1p1f1,2060,06,28,0.0,34.759167,15.26273,2060
16616,r2i1p1f1,2060,06,29,0.0,34.063747,16.001024,2060
16617,r2i1p1f1,2060,06,30,0.0,33.746407,16.680077,2060
16618,r2i1p1f1,2060,07,01,0.0,33.365128,15.068738,2060
16619,r2i1p1f1,2060,07,02,0.058523364210626684,31.22347,15.303482,2060
16620,r2i1p1f1,2060,07,03,0.6342097329322244,27.683084,12.511058,2060
16621,r2i1p1f1,2060,07,04,0.0,27.873032,11.584551,2060
16622,r2i1p1f1,2060,07,05,0.0,28.350023,10.633194,2060
16623,r2i1p1f1,2060,07,06,0.0,28.700846,12.567759,2060
16624,r2i1p1f1,2060,07,07,0.0,29.088951,13.224688,2060
16625,r2i1p1f1,2060,07,08,0.0,29.844482,13.7044525,2060
16626,r2i1p1f1,2060,07,09,0.0,31.182446,13.055646,2060
16627,r2i1p1f1,2060,07,10,0.0,33.79719,14.415293,2060
16628,r2i1p1f1,2060,07,11,0.0,34.474373,14.510652,2060
16629,r2i1p1f1,2060,07,12,0.0,35.476112,16.641518,2060
16630,r2i1p1f1,2060,07,13,0.0,33.343918,16.69952,2060
16631,r2i1p1f1,2060,07,14,0.0,33.244637,16.654621,2060
16632,r2i1p1f1,2060,07,15,0.0,33.435272,16.451717,2060
16633,r2i1p1f1,2060,07,16,0.0,34.007,16.281435,2060
16634,r2i1p1f1,2060,07,17,0.0,33.67003,16.136982,2060
16635,r2i1p1f1,2060,07,18,0.0,32.058025,15.261512,2060
16636,r2i1p1f1,2060,07,19,0.0,31.59229,14.54918,2060
16637,r2i1p1f1,2060,07,20,0.0,31.601206,14.448198,2060
16638,r2i1p1f1,2060,07,21,0.0,31.73295,14.541423,2060
16639,r2i1p1f1,2060,07,22,0.0,31.597656,14.046934,2060
16640,r2i1p1f1,2060,07,23,0.0,32.563084,15.570625,2060
16641,r2i1p1f1,2060,07,24,0.0,33.513245,16.23086,2060
16642,r2i1p1f1,2060,07,25,0.0,35.055546,16.365906,2060
16643,r2i1p1f1,2060,07,26,0.0,34.71857,16.719862,2060
16644,r2i1p1f1,2060,07,27,0.0,33.935993,16.979527,2060
16645,r2i1p1f1,2060,07,28,0.0,32.617943,15.643098,2060
16646,r2i1p1f1,2060,07,29,0.0,32.046917,14.251736,2060
16647,r2i1p1f1,2060,07,30,0.0,35.57094,16.37289,2060
16648,r2i1p1f1,2060,07,31,0.0,37.839764,18.761091,2060
16649,r2i1p1f1,2060,08,01,0.1942394510549023,38.254494,20.169106,2060
16650,r2i1p1f1,2060,08,02,0.019110497193581138,36.299335,18.818378,2060
16651,r2i1p1f1,2060,08,03,0.02587190713038231,35.119522,18.784424,2060
16652,r2i1p1f1,2060,08,04,0.0,34.064007,17.860584,2060
16653,r2i1p1f1,2060,08,05,0.0,34.243755,17.005941,2060
16654,r2i1p1f1,2060,08,06,0.0,34.108494,16.962034,2060
16655,r2i1p1f1,2060,08,07,0.0,34.855488,17.699842,2060
16656,r2i1p1f1,2060,08,08,0.0,33.531837,15.65212,2060
16657,r2i1p1f1,2060,08,09,0.0,30.686132,13.742563,2060
16658,r2i1p1f1,2060,08,10,0.0,30.346918,13.21437,2060
16659,r2i1p1f1,2060,08,11,0.0,31.01041,13.229397,2060
16660,r2i1p1f1,2060,08,12,0.0,32.404907,14.607752,2060
16661,r2i1p1f1,2060,08,13,0.0,32.389748,15.228705,2060
16662,r2i1p1f1,2060,08,14,0.0,31.471554,13.918305,2060
16663,r2i1p1f1,2060,08,15,0.0,29.836699,12.887034,2060
16664,r2i1p1f1,2060,08,16,0.0,30.56265,14.287754,2060
16665,r2i1p1f1,2060,08,17,0.0,33.766445,16.041822,2060
16666,r2i1p1f1,2060,08,18,0.0004684320161301842,35.05543,18.274881,2060
16667,r2i1p1f1,2060,08,19,0.002138207883735259,34.526768,17.62202,2060
16668,r2i1p1f1,2060,08,20,0.0,33.40802,17.88019,2060
16669,r2i1p1f1,2060,08,21,0.0,33.517773,17.966543,2060
16670,r2i1p1f1,2060,08,22,0.0,34.386646,17.094395,2060
16671,r2i1p1f1,2060,08,23,0.0,33.737263,16.559694,2060
16672,r2i1p1f1,2060,08,24,0.0,32.366604,14.818052,2060
16673,r2i1p1f1,2060,08,25,0.0,29.739346,13.93071,2060
16674,r2i1p1f1,2060,08,26,0.0,29.24274,13.651404,2060
16675,r2i1p1f1,2060,08,27,0.0,31.502079,14.009812,2060
16676,r2i1p1f1,2060,08,28,0.0,31.911572,14.224717,2060
16677,r2i1p1f1,2060,08,29,0.0,30.949291,13.539744,2060
16678,r2i1p1f1,2060,08,30,0.0,29.981127,11.442508,2060
16679,r2i1p1f1,2060,08,31,0.0,27.030195,10.114783,2060
16680,r2i1p1f1,2060,09,01,0.0,23.547821,8.239164,2060
16681,r2i1p1f1,2060,09,02,0.0,26.65881,11.199889,2060
16682,r2i1p1f1,2060,09,03,0.0,28.490387,11.220537,2060
16683,r2i1p1f1,2060,09,04,0.0,30.879967,13.159834,2060
16684,r2i1p1f1,2060,09,05,0.0,31.852695,14.711127,2060
16685,r2i1p1f1,2060,09,06,0.0,33.00543,16.704664,2060
16686,r2i1p1f1,2060,09,07,0.0,34.009975,14.904719,2060
16687,r2i1p1f1,2060,09,08,0.0,33.806843,14.3667555,2060
16688,r2i1p1f1,2060,09,09,0.0,32.14284,12.960835,2060
16689,r2i1p1f1,2060,09,10,0.0,29.95695,12.46429,2060
16690,r2i1p1f1,2060,09,11,0.0,29.478634,12.113394,2060
16691,r2i1p1f1,2060,09,12,0.0,30.446226,13.124026,2060
16692,r2i1p1f1,2060,09,13,0.0,31.806334,14.439647,2060
16693,r2i1p1f1,2060,09,14,0.0,29.801094,13.544518,2060
16694,r2i1p1f1,2060,09,15,0.0,29.92317,12.369042,2060
16695,r2i1p1f1,2060,09,16,0.0,29.520824,12.600281,2060
16696,r2i1p1f1,2060,09,17,0.0,27.488409,10.528174,2060
16697,r2i1p1f1,2060,09,18,0.00703311668005951,25.61097,7.9837537,2060
16698,r2i1p1f1,2060,09,19,0.0,26.575571,8.754477,2060
16699,r2i1p1f1,2060,09,20,0.0,29.484745,10.992668,2060
16700,r2i1p1f1,2060,09,21,0.0,30.837421,13.607068,2060
16701,r2i1p1f1,2060,09,22,0.0,30.113506,14.505408,2060
16702,r2i1p1f1,2060,09,23,0.0,30.838959,12.908027,2060
16703,r2i1p1f1,2060,09,24,0.0,31.003754,12.782835,2060
16704,r2i1p1f1,2060,09,25,0.0,29.412685,12.368289,2060
16705,r2i1p1f1,2060,09,26,0.0,27.423227,11.13887,2060
16706,r2i1p1f1,2060,09,27,0.0,24.674788,8.264795,2060
16707,r2i1p1f1,2060,09,28,0.0,24.839708,8.562465,2060
16708,r2i1p1f1,2060,09,29,0.0,23.98365,10.310279,2060
16709,r2i1p1f1,2060,09,30,0.7514537645665069,23.299103,8.439649,2060
16710,r2i1p1f1,2060,10,01,0.0,16.578608,2.2341816,2060
16711,r2i1p1f1,2060,10,02,0.0,25.301966,4.33494,2060
16712,r2i1p1f1,2060,10,03,0.0,26.056273,9.296521,2060
16713,r2i1p1f1,2060,10,04,0.0,25.058994,8.174201,2060
16714,r2i1p1f1,2060,10,05,0.0,26.817684,7.2788815,2060
16715,r2i1p1f1,2060,10,06,0.0,26.173111,8.192904,2060
16716,r2i1p1f1,2060,10,07,0.0,27.695488,11.074743,2060
16717,r2i1p1f1,2060,10,08,0.0,29.284737,10.841014,2060
16718,r2i1p1f1,2060,10,09,0.0,29.782452,11.072546,2060
16719,r2i1p1f1,2060,10,10,0.0,29.241825,11.759345,2060
16720,r2i1p1f1,2060,10,11,0.0,24.103554,8.654561,2060
16721,r2i1p1f1,2060,10,12,0.0,24.329365,7.636421,2060
16722,r2i1p1f1,2060,10,13,0.0,24.87967,8.839348,2060
16723,r2i1p1f1,2060,10,14,0.0,23.66449,7.3532925,2060
16724,r2i1p1f1,2060,10,15,0.0,22.738628,6.971149,2060
16725,r2i1p1f1,2060,10,16,0.05872493475180818,22.523512,6.4037223,2060
16726,r2i1p1f1,2060,10,17,0.0,24.583433,8.149464,2060
16727,r2i1p1f1,2060,10,18,0.0,29.16643,12.001596,2060
16728,r2i1p1f1,2060,10,19,0.0,28.82707,11.267759,2060
16729,r2i1p1f1,2060,10,20,0.0,22.757954,7.651602,2060
16730,r2i1p1f1,2060,10,21,0.4765837895599991,24.297672,7.641097,2060
16731,r2i1p1f1,2060,10,22,25.240763889996742,20.272955,9.238811,2060
16732,r2i1p1f1,2060,10,23,24.79797643094431,17.636782,6.018748,2060
16733,r2i1p1f1,2060,10,24,8.755496854931922,13.613979,2.849501,2060
16734,r2i1p1f1,2060,10,25,0.0,13.797119,1.0964848,2060
16735,r2i1p1f1,2060,10,26,0.0,17.664303,4.374828,2060
16736,r2i1p1f1,2060,10,27,0.0,18.888102,4.1884336,2060
16737,r2i1p1f1,2060,10,28,0.0,20.236748,5.640369,2060
16738,r2i1p1f1,2060,10,29,35.91182685094491,12.407471,5.309676,2060
16739,r2i1p1f1,2060,10,30,0.0,13.705544,1.1622502,2060
16740,r2i1p1f1,2060,10,31,0.0,12.584951,2.2303364,2060
16741,r2i1p1f1,2060,11,01,1.2050627186209357,11.453216,6.1520734,2060
16742,r2i1p1f1,2060,11,02,0.28184637078363894,13.5633135,3.3517265,2060
16743,r2i1p1f1,2060,11,03,0.0,14.40167,2.4631572,2060
16744,r2i1p1f1,2060,11,04,0.3944526811000497,16.037148,4.7287216,2060
16745,r2i1p1f1,2060,11,05,0.7592093564688605,14.208716,5.2385507,2060
16746,r2i1p1f1,2060,11,06,0.0,20.359833,6.4084363,2060
16747,r2i1p1f1,2060,11,07,44.345038559269874,15.700449,6.3402047,2060
16748,r2i1p1f1,2060,11,08,20.41281014157553,12.539282,5.5966897,2060
16749,r2i1p1f1,2060,11,09,0.0,15.134633,2.1425817,2060
16750,r2i1p1f1,2060,11,10,0.0,13.702795,2.164864,2060
16751,r2i1p1f1,2060,11,11,0.0,13.089587,1.7628317,2060
16752,r2i1p1f1,2060,11,12,0.0,14.090298,3.0392842,2060
16753,r2i1p1f1,2060,11,13,0.0,17.690426,2.8617754,2060
16754,r2i1p1f1,2060,11,14,0.0,18.660397,0.8987871,2060
16755,r2i1p1f1,2060,11,15,0.0,21.003038,1.9100459,2060
16756,r2i1p1f1,2060,11,16,0.22688582505977067,21.246552,6.9519386,2060
16757,r2i1p1f1,2060,11,17,1.8048960165917658,14.718869,3.1242738,2060
16758,r2i1p1f1,2060,11,18,0.0,20.111753,0.79683137,2060
16759,r2i1p1f1,2060,11,19,0.0,19.20084,3.3756185,2060
16760,r2i1p1f1,2060,11,20,0.0,16.743387,5.151764,2060
16761,r2i1p1f1,2060,11,21,9.663816875039489,12.287369,7.057919,2060
16762,r2i1p1f1,2060,11,22,0.0,15.528982,1.2190031,2060
16763,r2i1p1f1,2060,11,23,0.0,15.88462,2.203161,2060
16764,r2i1p1f1,2060,11,24,0.0,15.765594,2.8392754,2060
16765,r2i1p1f1,2060,11,25,0.0,15.265798,2.1767027,2060
16766,r2i1p1f1,2060,11,26,0.0,19.575972,4.8882594,2060
16767,r2i1p1f1,2060,11,27,0.0,18.735952,5.193827,2060
16768,r2i1p1f1,2060,11,28,0.0,19.648275,3.1601872,2060
16769,r2i1p1f1,2060,11,29,0.0,17.528593,4.601791,2060
16770,r2i1p1f1,2060,11,30,0.0,15.922273,2.7369325,2060
16771,r2i1p1f1,2060,12,01,0.0,17.06519,3.757082,2060
16772,r2i1p1f1,2060,12,02,0.0,16.80167,3.7006657,2060
16773,r2i1p1f1,2060,12,03,0.0,17.327505,5.093637,2060
16774,r2i1p1f1,2060,12,04,0.0,17.592054,4.3788023,2060
16775,r2i1p1f1,2060,12,05,0.0,18.105099,4.1584096,2060
16776,r2i1p1f1,2060,12,06,0.0,19.910048,5.7271523,2060
16777,r2i1p1f1,2060,12,07,0.0,18.489157,5.9955645,2060
16778,r2i1p1f1,2060,12,08,0.0,15.677273,5.7934957,2060
16779,r2i1p1f1,2060,12,09,0.0,18.830954,2.9609723,2060
16780,r2i1p1f1,2060,12,10,0.0,10.681209,-3.882145,2060
16781,r2i1p1f1,2060,12,11,0.0,4.98368,-1.4611816,2060
16782,r2i1p1f1,2060,12,12,0.0,10.58356,0.39925286,2060
16783,r2i1p1f1,2060,12,13,0.0,13.007124,1.2852318,2060
16784,r2i1p1f1,2060,12,14,0.0,9.742056,-3.530724,2060
16785,r2i1p1f1,2060,12,15,0.0,14.308918,-2.6400542,2060
16786,r2i1p1f1,2060,12,16,1.0933290569832583,11.072798,-2.9388208,2060
16787,r2i1p1f1,2060,12,17,0.782741054591987,4.008132,-1.4774934,2060
16788,r2i1p1f1,2060,12,18,3.765680386935016,1.5345724,-5.877658,2060
16789,r2i1p1f1,2060,12,19,65.56480913960303,6.3423853,-2.4148586,2060
16790,r2i1p1f1,2060,12,20,69.4572049103534,8.409599,-1.3241707,2060
16791,r2i1p1f1,2060,12,21,45.56973296298216,2.6128328,-1.1719345,2060
16792,r2i1p1f1,2060,12,22,4.232668064609102,3.0903845,-0.5837808,2060
16793,r2i1p1f1,2060,12,23,17.0560898489874,5.2737265,0.1248301,2060
16794,r2i1p1f1,2060,12,24,0.6445264943225154,4.322816,-0.26510873,2060
16795,r2i1p1f1,2060,12,25,61.496567052717396,8.923711,1.5550039,2060
16796,r2i1p1f1,2060,12,26,14.189126018698936,10.084061,5.1855526,2060
16797,r2i1p1f1,2060,12,27,65.09532180990881,11.47262,5.883315,2060
16798,r2i1p1f1,2060,12,28,9.45583090586017,9.70031,4.861851,2060
16799,r2i1p1f1,2060,12,29,44.67577103373165,9.644099,4.5317483,2060
16800,r2i1p1f1,2060,12,30,69.54550107923122,9.561925,-3.2325041,2060
16801,r2i1p1f1,2060,12,31,15.05046492899195,3.9224017,-6.5897326,2060
16802,r2i1p1f1,2061,01,01,0.0,1.2438619,-8.863923,2061
16803,r2i1p1f1,2061,01,02,0.0,1.5191501,-9.5054865,2061
16804,r2i1p1f1,2061,01,03,0.0,8.770051,-5.146562,2061
16805,r2i1p1f1,2061,01,04,0.0,9.287413,-3.1935778,2061
16806,r2i1p1f1,2061,01,05,0.0,7.8447094,-2.437773,2061
16807,r2i1p1f1,2061,01,06,0.0,8.387853,-1.7022687,2061
16808,r2i1p1f1,2061,01,07,0.0,7.614272,-2.1241572,2061
16809,r2i1p1f1,2061,01,08,0.057412497587322905,5.613062,1.9346344,2061
16810,r2i1p1f1,2061,01,09,0.0,5.859539,1.0106809,2061
16811,r2i1p1f1,2061,01,10,0.0,8.11342,-2.427314,2061
16812,r2i1p1f1,2061,01,11,0.0,11.596016,-1.9984248,2061
16813,r2i1p1f1,2061,01,12,0.0,15.058382,1.8147238,2061
16814,r2i1p1f1,2061,01,13,0.0,17.906527,3.3837683,2061
16815,r2i1p1f1,2061,01,14,0.0,18.174543,3.8876472,2061
16816,r2i1p1f1,2061,01,15,0.0,17.226543,2.3664322,2061
16817,r2i1p1f1,2061,01,16,0.0,14.322895,0.555233,2061
16818,r2i1p1f1,2061,01,17,0.009141145430756016,8.876404,-1.8220682,2061
16819,r2i1p1f1,2061,01,18,25.880680935537946,5.59965,0.32754418,2061
16820,r2i1p1f1,2061,01,19,22.61886885826243,5.878724,-1.339924,2061
16821,r2i1p1f1,2061,01,20,43.96523963257026,7.3280044,-0.13386486,2061
16822,r2i1p1f1,2061,01,21,0.0,6.537911,-3.5181212,2061
16823,r2i1p1f1,2061,01,22,2.0008476164093736,6.114146,-0.46668085,2061
16824,r2i1p1f1,2061,01,23,25.64736317547683,4.3851438,-3.9899762,2061
16825,r2i1p1f1,2061,01,24,0.0,6.0596385,-3.4599938,2061
16826,r2i1p1f1,2061,01,25,0.3787571856662453,5.1861176,-3.4337933,2061
16827,r2i1p1f1,2061,01,26,0.04146539424534869,5.3851285,-4.0618496,2061
16828,r2i1p1f1,2061,01,27,1.754017849040023,3.9596324,-0.37125075,2061
16829,r2i1p1f1,2061,01,28,0.0,6.8670664,2.7836418,2061
16830,r2i1p1f1,2061,01,29,0.0,18.521074,3.647795,2061
16831,r2i1p1f1,2061,01,30,0.0,23.343449,6.5436587,2061
16832,r2i1p1f1,2061,01,31,0.0,22.842554,8.49212,2061
16833,r2i1p1f1,2061,02,01,0.0,20.604748,7.1980224,2061
16834,r2i1p1f1,2061,02,02,0.0,21.466068,6.3545127,2061
16835,r2i1p1f1,2061,02,03,0.0,21.440165,6.081253,2061
16836,r2i1p1f1,2061,02,04,0.0,19.623358,7.124099,2061
16837,r2i1p1f1,2061,02,05,0.0,22.872284,8.101597,2061
16838,r2i1p1f1,2061,02,06,0.0,20.858902,7.980076,2061
16839,r2i1p1f1,2061,02,07,0.0,23.48564,6.994042,2061
16840,r2i1p1f1,2061,02,08,0.0,24.484093,7.0449643,2061
16841,r2i1p1f1,2061,02,09,0.0,25.197147,7.9838696,2061
16842,r2i1p1f1,2061,02,10,0.0,21.839573,9.081026,2061
16843,r2i1p1f1,2061,02,11,0.0,21.730358,8.892253,2061
16844,r2i1p1f1,2061,02,12,0.0,22.892054,6.7429137,2061
16845,r2i1p1f1,2061,02,13,0.0,22.443697,4.285591,2061
16846,r2i1p1f1,2061,02,14,32.69323518493016,12.846322,1.945492,2061
16847,r2i1p1f1,2061,02,15,50.08138872889014,11.593028,4.385974,2061
16848,r2i1p1f1,2061,02,16,38.751824036500274,9.615583,5.162641,2061
16849,r2i1p1f1,2061,02,17,57.9100037092128,12.954551,2.4676838,2061
16850,r2i1p1f1,2061,02,18,64.08132377770156,16.489756,1.4311371,2061
16851,r2i1p1f1,2061,02,19,0.0,14.848204,2.501038,2061
16852,r2i1p1f1,2061,02,20,7.358193628939402,9.746363,3.8384259,2061
16853,r2i1p1f1,2061,02,21,0.0,16.384508,0.47036627,2061
16854,r2i1p1f1,2061,02,22,0.0,18.03676,1.8118533,2061
16855,r2i1p1f1,2061,02,23,36.76097683089141,11.103325,-0.72622967,2061
16856,r2i1p1f1,2061,02,24,4.725460806037938,10.809356,-1.951649,2061
16857,r2i1p1f1,2061,02,25,35.89587392321286,10.800208,2.9482062,2061
16858,r2i1p1f1,2061,02,26,4.807060246009944,11.531706,6.1644244,2061
16859,r2i1p1f1,2061,02,27,101.03312629239204,9.501964,-1.9733167,2061
16860,r2i1p1f1,2061,02,28,16.218945331918523,2.4876082,-6.3044896,2061
16861,r2i1p1f1,2061,03,01,0.0,7.7488904,-2.5973713,2061
16862,r2i1p1f1,2061,03,02,4.33942363348391,4.6854577,-0.49561018,2061
16863,r2i1p1f1,2061,03,03,48.690908271461154,1.9014552,-2.6195898,2061
16864,r2i1p1f1,2061,03,04,41.24036882601034,4.083496,-2.2291422,2061
16865,r2i1p1f1,2061,03,05,0.0,7.670591,-4.530187,2061
16866,r2i1p1f1,2061,03,06,1.762527946532198,6.555953,-0.436137,2061
16867,r2i1p1f1,2061,03,07,20.211708105209535,3.4495575,-3.8642194,2061
16868,r2i1p1f1,2061,03,08,0.0,10.020082,-0.759056,2061
16869,r2i1p1f1,2061,03,09,19.81348430361742,5.4108167,-0.82955825,2061
16870,r2i1p1f1,2061,03,10,29.027016430448455,5.689157,1.1248436,2061
16871,r2i1p1f1,2061,03,11,0.0,11.996753,0.30593902,2061
16872,r2i1p1f1,2061,03,12,37.29511386034294,7.562676,-1.0622529,2061
16873,r2i1p1f1,2061,03,13,20.296323386999294,2.3844206,-2.4669602,2061
16874,r2i1p1f1,2061,03,14,72.81041889039513,3.521856,-1.3847942,2061
16875,r2i1p1f1,2061,03,15,99.85562387737446,9.034131,-1.5714118,2061
16876,r2i1p1f1,2061,03,16,34.62769824769706,10.234699,-2.6829383,2061
16877,r2i1p1f1,2061,03,17,9.271264560251998,3.5592363,-3.6577082,2061
16878,r2i1p1f1,2061,03,18,4.632190956663005,-0.2478091,-3.9444158,2061
16879,r2i1p1f1,2061,03,19,2.363563175542647,3.9004695,-1.0362997,2061
16880,r2i1p1f1,2061,03,20,0.0,9.98943,-1.8516662,2061
16881,r2i1p1f1,2061,03,21,1.5283071128438819,8.776198,1.0571086,2061
16882,r2i1p1f1,2061,03,22,0.0,10.88584,-3.1073995,2061
16883,r2i1p1f1,2061,03,23,0.0,12.403288,-2.2789967,2061
16884,r2i1p1f1,2061,03,24,2.858851032550984,6.7191787,-0.31833902,2061
16885,r2i1p1f1,2061,03,25,0.0,14.355584,-2.5103266,2061
16886,r2i1p1f1,2061,03,26,0.0,15.44811,2.0289028,2061
16887,r2i1p1f1,2061,03,27,0.0,16.98619,2.0030305,2061
16888,r2i1p1f1,2061,03,28,0.0,18.791573,4.103226,2061
16889,r2i1p1f1,2061,03,29,0.0,20.109795,2.6881995,2061
16890,r2i1p1f1,2061,03,30,0.0,22.563114,8.590368,2061
16891,r2i1p1f1,2061,03,31,0.0,26.632467,8.698878,2061
16892,r2i1p1f1,2061,04,01,0.0,25.228546,8.850868,2061
16893,r2i1p1f1,2061,04,02,21.400945063774437,13.793798,3.5116484,2061
16894,r2i1p1f1,2061,04,03,0.0,19.387428,3.6783924,2061
16895,r2i1p1f1,2061,04,04,0.4906868983828015,17.695572,6.970365,2061
16896,r2i1p1f1,2061,04,05,0.08275651592926946,20.904247,5.673728,2061
16897,r2i1p1f1,2061,04,06,0.0,21.798218,5.5576367,2061
16898,r2i1p1f1,2061,04,07,0.010717460547591774,22.01688,4.626878,2061
16899,r2i1p1f1,2061,04,08,0.0,19.98878,4.872175,2061
16900,r2i1p1f1,2061,04,09,0.0,19.540104,5.0254025,2061
16901,r2i1p1f1,2061,04,10,0.0,14.235803,7.0053835,2061
16902,r2i1p1f1,2061,04,11,42.69485687299703,9.195611,-2.235073,2061
16903,r2i1p1f1,2061,04,12,34.581282246934,8.302671,-5.2862515,2061
16904,r2i1p1f1,2061,04,13,13.542518652516614,5.2848916,0.96528685,2061
16905,r2i1p1f1,2061,04,14,1.9986278008253486,7.5571303,2.0976899,2061
16906,r2i1p1f1,2061,04,15,1.0559374615249557,9.743701,-0.08448332,2061
16907,r2i1p1f1,2061,04,16,0.9477563508496062,10.918249,2.2089176,2061
16908,r2i1p1f1,2061,04,17,5.513756849527104,11.983627,-4.009805,2061
16909,r2i1p1f1,2061,04,18,11.69915877060423,9.402713,-3.2232354,2061
16910,r2i1p1f1,2061,04,19,58.1054367357865,8.747081,4.732898,2061
16911,r2i1p1f1,2061,04,20,3.333603533680546,11.478127,-0.9377266,2061
16912,r2i1p1f1,2061,04,21,16.863272986162112,7.261042,0.6094028,2061
16913,r2i1p1f1,2061,04,22,45.145112602935676,7.1659875,2.1748555,2061
16914,r2i1p1f1,2061,04,23,8.841109641284325,10.846446,-4.430302,2061
16915,r2i1p1f1,2061,04,24,0.11290304492621754,17.227825,1.2445097,2061
16916,r2i1p1f1,2061,04,25,0.0,20.186935,3.8009236,2061
16917,r2i1p1f1,2061,04,26,0.0,20.198364,5.568102,2061
16918,r2i1p1f1,2061,04,27,0.0,19.560167,5.120934,2061
16919,r2i1p1f1,2061,04,28,0.0,19.484127,4.726068,2061
16920,r2i1p1f1,2061,04,29,0.0,17.558224,4.301018,2061
16921,r2i1p1f1,2061,04,30,0.0,17.851015,3.6390102,2061
16922,r2i1p1f1,2061,05,01,0.0,19.879805,4.0157423,2061
16923,r2i1p1f1,2061,05,02,0.0,19.630919,6.9169297,2061
16924,r2i1p1f1,2061,05,03,0.10490412723111849,22.402143,5.4981284,2061
16925,r2i1p1f1,2061,05,04,4.990641472431889,16.491737,3.5713165,2061
16926,r2i1p1f1,2061,05,05,0.0,20.06246,5.104775,2061
16927,r2i1p1f1,2061,05,06,0.0,15.251933,3.342552,2061
16928,r2i1p1f1,2061,05,07,0.0,14.926123,4.982864,2061
16929,r2i1p1f1,2061,05,08,0.0,12.428858,1.5665424,2061
16930,r2i1p1f1,2061,05,09,0.7439112995528446,10.91855,-0.0826284,2061
16931,r2i1p1f1,2061,05,10,0.45056560987247324,11.741823,-2.3585806,2061
16932,r2i1p1f1,2061,05,11,0.0,18.055458,2.499221,2061
16933,r2i1p1f1,2061,05,12,0.0,21.2794,5.3632617,2061
16934,r2i1p1f1,2061,05,13,0.0,21.30602,4.233826,2061
16935,r2i1p1f1,2061,05,14,6.3013504378362155,14.434329,1.5039507,2061
16936,r2i1p1f1,2061,05,15,0.0,14.957192,6.342284,2061
16937,r2i1p1f1,2061,05,16,0.0,15.597837,6.2929225,2061
16938,r2i1p1f1,2061,05,17,0.0,17.999952,4.6594644,2061
16939,r2i1p1f1,2061,05,18,0.0,21.22247,5.841349,2061
16940,r2i1p1f1,2061,05,19,0.0,23.042831,5.827656,2061
16941,r2i1p1f1,2061,05,20,0.0,23.366451,6.285774,2061
16942,r2i1p1f1,2061,05,21,0.0,21.949907,6.77576,2061
16943,r2i1p1f1,2061,05,22,0.0,20.315928,5.0540915,2061
16944,r2i1p1f1,2061,05,23,0.0,22.560963,5.070386,2061
16945,r2i1p1f1,2061,05,24,0.0,26.865572,8.88245,2061
16946,r2i1p1f1,2061,05,25,0.0,28.989428,11.005787,2061
16947,r2i1p1f1,2061,05,26,0.0,29.680355,12.375356,2061
16948,r2i1p1f1,2061,05,27,0.0,28.503954,9.869439,2061
16949,r2i1p1f1,2061,05,28,1.1976641582665393,21.773804,3.0462172,2061
16950,r2i1p1f1,2061,05,29,0.272063553074986,14.4857645,0.48494017,2061
16951,r2i1p1f1,2061,05,30,6.788401176693417,10.74552,3.7168803,2061
16952,r2i1p1f1,2061,05,31,2.294764572238469,11.090899,0.24510223,2061
16953,r2i1p1f1,2061,06,01,9.355579202719337,10.960552,-0.47781578,2061
16954,r2i1p1f1,2061,06,02,0.20522405548735362,13.671841,7.0592966,2061
16955,r2i1p1f1,2061,06,03,14.12724917818895,15.792778,3.6999834,2061
16956,r2i1p1f1,2061,06,04,0.7030910018119567,23.060942,4.7647424,2061
16957,r2i1p1f1,2061,06,05,0.0,24.80455,7.507258,2061
16958,r2i1p1f1,2061,06,06,0.7827999134091302,25.040836,8.249257,2061
16959,r2i1p1f1,2061,06,07,0.0,27.77418,10.489323,2061
16960,r2i1p1f1,2061,06,08,0.009247831845781408,28.078173,11.072932,2061
16961,r2i1p1f1,2061,06,09,0.0,28.16733,11.613811,2061
16962,r2i1p1f1,2061,06,10,0.0,28.798832,12.359199,2061
16963,r2i1p1f1,2061,06,11,0.0,32.265465,14.29105,2061
16964,r2i1p1f1,2061,06,12,0.0,32.676723,16.319582,2061
16965,r2i1p1f1,2061,06,13,0.0,32.784588,15.933891,2061
16966,r2i1p1f1,2061,06,14,0.0,33.572155,15.176695,2061
16967,r2i1p1f1,2061,06,15,0.0,34.166954,15.961138,2061
16968,r2i1p1f1,2061,06,16,0.0,34.758137,16.669477,2061
16969,r2i1p1f1,2061,06,17,0.0,34.887424,16.934383,2061
16970,r2i1p1f1,2061,06,18,0.0,32.259617,14.118559,2061
16971,r2i1p1f1,2061,06,19,0.0,29.31128,12.277666,2061
16972,r2i1p1f1,2061,06,20,0.0,30.582602,12.210041,2061
16973,r2i1p1f1,2061,06,21,0.0,34.11626,14.64122,2061
16974,r2i1p1f1,2061,06,22,0.0,35.928867,16.921427,2061
16975,r2i1p1f1,2061,06,23,0.0,34.848442,15.243127,2061
16976,r2i1p1f1,2061,06,24,0.0,33.189274,13.500237,2061
16977,r2i1p1f1,2061,06,25,0.0,32.885693,14.895898,2061
16978,r2i1p1f1,2061,06,26,0.0,32.4949,16.06954,2061
16979,r2i1p1f1,2061,06,27,0.0,32.0746,16.318363,2061
16980,r2i1p1f1,2061,06,28,0.0,30.099834,14.812964,2061
16981,r2i1p1f1,2061,06,29,0.0,32.50632,13.824216,2061
16982,r2i1p1f1,2061,06,30,0.0,31.948355,13.038152,2061
16983,r2i1p1f1,2061,07,01,0.0,31.253036,12.293608,2061
16984,r2i1p1f1,2061,07,02,0.0,30.607159,12.597969,2061
16985,r2i1p1f1,2061,07,03,0.0,30.277285,12.067198,2061
16986,r2i1p1f1,2061,07,04,0.0,30.205347,12.996447,2061
16987,r2i1p1f1,2061,07,05,0.0,32.09488,12.693827,2061
16988,r2i1p1f1,2061,07,06,0.0,32.422844,13.785743,2061
16989,r2i1p1f1,2061,07,07,0.0,31.470673,14.621031,2061
16990,r2i1p1f1,2061,07,08,0.0,33.319798,13.552666,2061
16991,r2i1p1f1,2061,07,09,0.0,34.446964,14.506675,2061
16992,r2i1p1f1,2061,07,10,0.0,34.564148,15.792888,2061
16993,r2i1p1f1,2061,07,11,2.875176153303563,32.154457,16.911469,2061
16994,r2i1p1f1,2061,07,12,1.4589944192791267,28.591114,14.028809,2061
16995,r2i1p1f1,2061,07,13,0.0,28.764893,13.89105,2061
16996,r2i1p1f1,2061,07,14,0.0,28.92714,13.668747,2061
16997,r2i1p1f1,2061,07,15,0.0,29.591722,14.099365,2061
16998,r2i1p1f1,2061,07,16,0.0,31.566069,15.72111,2061
16999,r2i1p1f1,2061,07,17,0.0,31.7544,16.089457,2061
17000,r2i1p1f1,2061,07,18,0.0,30.660091,15.204529,2061
17001,r2i1p1f1,2061,07,19,0.0,30.697165,14.888762,2061
17002,r2i1p1f1,2061,07,20,0.0,30.524677,14.2826805,2061
17003,r2i1p1f1,2061,07,21,0.0018353116432151112,30.4763,13.713625,2061
17004,r2i1p1f1,2061,07,22,0.0,31.165907,14.314876,2061
17005,r2i1p1f1,2061,07,23,2.2736013652495157,31.515512,15.656609,2061
17006,r2i1p1f1,2061,07,24,0.0,30.979643,18.187635,2061
17007,r2i1p1f1,2061,07,25,0.34660420855149054,30.148882,16.109818,2061
17008,r2i1p1f1,2061,07,26,0.11236615191592136,28.392738,13.885775,2061
17009,r2i1p1f1,2061,07,27,0.3317323312400661,28.968136,12.448151,2061
17010,r2i1p1f1,2061,07,28,0.0,29.62762,13.016382,2061
17011,r2i1p1f1,2061,07,29,0.0,29.523281,13.716423,2061
17012,r2i1p1f1,2061,07,30,0.0,28.2394,12.205647,2061
17013,r2i1p1f1,2061,07,31,0.0,29.884346,13.338999,2061
17014,r2i1p1f1,2061,08,01,0.0,33.706936,14.825252,2061
17015,r2i1p1f1,2061,08,02,0.0,34.416367,15.067774,2061
17016,r2i1p1f1,2061,08,03,0.0,34.766914,16.618109,2061
17017,r2i1p1f1,2061,08,04,0.0,34.65429,16.768965,2061
17018,r2i1p1f1,2061,08,05,0.0,34.611603,15.602115,2061
17019,r2i1p1f1,2061,08,06,0.0,31.384884,14.095013,2061
17020,r2i1p1f1,2061,08,07,0.0,30.960636,13.080784,2061
17021,r2i1p1f1,2061,08,08,0.0,29.39285,12.531943,2061
17022,r2i1p1f1,2061,08,09,0.0,27.514536,11.066729,2061
17023,r2i1p1f1,2061,08,10,0.0,26.231958,11.535787,2061
17024,r2i1p1f1,2061,08,11,0.0,28.076635,11.831209,2061
17025,r2i1p1f1,2061,08,12,0.0,30.284996,13.833792,2061
17026,r2i1p1f1,2061,08,13,0.0,30.652203,14.936057,2061
17027,r2i1p1f1,2061,08,14,0.0,30.94419,14.013085,2061
17028,r2i1p1f1,2061,08,15,0.0,30.682447,14.291316,2061
17029,r2i1p1f1,2061,08,16,0.0,31.43646,14.428251,2061
17030,r2i1p1f1,2061,08,17,0.0,32.322727,14.551579,2061
17031,r2i1p1f1,2061,08,18,0.6431753051961445,31.903856,15.303064,2061
17032,r2i1p1f1,2061,08,19,0.8551290994406512,33.05241,16.531826,2061
17033,r2i1p1f1,2061,08,20,0.0,34.340813,17.678944,2061
17034,r2i1p1f1,2061,08,21,3.4984472096836656,32.8404,17.937658,2061
17035,r2i1p1f1,2061,08,22,3.480143346692225,31.752499,14.681691,2061
17036,r2i1p1f1,2061,08,23,0.0,31.883238,16.312593,2061
17037,r2i1p1f1,2061,08,24,0.0,32.714848,16.448517,2061
17038,r2i1p1f1,2061,08,25,0.0,33.291897,15.744269,2061
17039,r2i1p1f1,2061,08,26,0.0,33.119904,16.005194,2061
17040,r2i1p1f1,2061,08,27,0.0,32.63541,15.475593,2061
17041,r2i1p1f1,2061,08,28,0.0,31.628857,15.210266,2061
17042,r2i1p1f1,2061,08,29,0.0,30.32063,14.319912,2061
17043,r2i1p1f1,2061,08,30,0.0,29.46515,11.906855,2061
17044,r2i1p1f1,2061,08,31,0.0,33.16048,14.794383,2061
17045,r2i1p1f1,2061,09,01,0.0,33.566486,17.094692,2061
17046,r2i1p1f1,2061,09,02,0.0,33.302742,17.421553,2061
17047,r2i1p1f1,2061,09,03,0.0,32.989372,17.583149,2061
17048,r2i1p1f1,2061,09,04,0.0,32.656574,14.290334,2061
17049,r2i1p1f1,2061,09,05,0.0,29.055733,11.905212,2061
17050,r2i1p1f1,2061,09,06,0.0,25.282055,9.625196,2061
17051,r2i1p1f1,2061,09,07,0.0,24.87673,8.765509,2061
17052,r2i1p1f1,2061,09,08,0.0,27.6525,10.221437,2061
17053,r2i1p1f1,2061,09,09,0.0,31.482065,11.581405,2061
17054,r2i1p1f1,2061,09,10,0.0,30.574726,13.665271,2061
17055,r2i1p1f1,2061,09,11,0.0,33.104004,14.924392,2061
17056,r2i1p1f1,2061,09,12,0.0,33.986248,15.890283,2061
17057,r2i1p1f1,2061,09,13,0.0,33.07326,15.582205,2061
17058,r2i1p1f1,2061,09,14,0.0,31.445728,13.645113,2061
17059,r2i1p1f1,2061,09,15,0.0,31.156063,12.713458,2061
17060,r2i1p1f1,2061,09,16,0.0,28.365953,11.919233,2061
17061,r2i1p1f1,2061,09,17,0.0,27.922636,12.211515,2061
17062,r2i1p1f1,2061,09,18,0.0,27.710175,12.203483,2061
17063,r2i1p1f1,2061,09,19,0.0,27.640333,11.27252,2061
17064,r2i1p1f1,2061,09,20,0.0,29.262442,11.842713,2061
17065,r2i1p1f1,2061,09,21,0.0,29.86834,12.039284,2061
17066,r2i1p1f1,2061,09,22,0.0,31.325296,12.150578,2061
17067,r2i1p1f1,2061,09,23,0.0,31.1506,13.3886595,2061
17068,r2i1p1f1,2061,09,24,0.0,31.434,14.599326,2061
17069,r2i1p1f1,2061,09,25,0.0,31.246845,15.038469,2061
17070,r2i1p1f1,2061,09,26,0.0,29.673056,14.158181,2061
17071,r2i1p1f1,2061,09,27,0.0,29.093393,13.253577,2061
17072,r2i1p1f1,2061,09,28,2.0395317372346584,25.7384,10.8437805,2061
17073,r2i1p1f1,2061,09,29,5.536841015726588,24.04259,8.835529,2061
17074,r2i1p1f1,2061,09,30,1.8772069323946339,19.532072,6.049384,2061
17075,r2i1p1f1,2061,10,01,0.03545213241103248,21.193325,6.7049,2061
17076,r2i1p1f1,2061,10,02,0.0,26.998999,10.129073,2061
17077,r2i1p1f1,2061,10,03,0.0,29.851383,11.787833,2061
17078,r2i1p1f1,2061,10,04,0.0,29.646255,13.811924,2061
17079,r2i1p1f1,2061,10,05,0.0,28.737017,13.470462,2061
17080,r2i1p1f1,2061,10,06,0.0,28.730576,13.774341,2061
17081,r2i1p1f1,2061,10,07,0.0,29.102295,13.102531,2061
17082,r2i1p1f1,2061,10,08,0.0,27.19105,11.470301,2061
17083,r2i1p1f1,2061,10,09,0.0,26.050957,10.626612,2061
17084,r2i1p1f1,2061,10,10,0.0,23.547726,9.517132,2061
17085,r2i1p1f1,2061,10,11,0.0,22.82078,8.965296,2061
17086,r2i1p1f1,2061,10,12,0.0,22.92823,8.572747,2061
17087,r2i1p1f1,2061,10,13,0.0,23.840517,6.912402,2061
17088,r2i1p1f1,2061,10,14,0.0,23.663578,7.4967003,2061
17089,r2i1p1f1,2061,10,15,1.0386483032422034,24.945326,9.735716,2061
17090,r2i1p1f1,2061,10,16,27.296650278955124,15.881563,8.237449,2061
17091,r2i1p1f1,2061,10,17,0.0,21.635489,5.5469933,2061
17092,r2i1p1f1,2061,10,18,7.314121557884881,21.984074,4.8894186,2061
17093,r2i1p1f1,2061,10,19,41.36408746976835,11.81094,0.103346996,2061
17094,r2i1p1f1,2061,10,20,4.144220510890871,12.98879,-1.0665008,2061
17095,r2i1p1f1,2061,10,21,0.0,15.50959,-1.2140809,2061
17096,r2i1p1f1,2061,10,22,0.0,19.752325,4.9687266,2061
17097,r2i1p1f1,2061,10,23,0.0,23.912994,6.4690495,2061
17098,r2i1p1f1,2061,10,24,0.0,22.69951,7.0198584,2061
17099,r2i1p1f1,2061,10,25,0.0,20.93985,5.6402917,2061
17100,r2i1p1f1,2061,10,26,0.0,21.644218,5.9215536,2061
17101,r2i1p1f1,2061,10,27,0.0,21.722631,6.4343085,2061
17102,r2i1p1f1,2061,10,28,0.0,21.39349,6.7136216,2061
17103,r2i1p1f1,2061,10,29,0.0,20.229418,5.925283,2061
17104,r2i1p1f1,2061,10,30,0.0,19.828653,4.3222303,2061
17105,r2i1p1f1,2061,10,31,0.0,20.349112,5.597074,2061
17106,r2i1p1f1,2061,11,01,0.0,23.188618,6.4833913,2061
17107,r2i1p1f1,2061,11,02,0.0,19.491434,7.1923904,2061
17108,r2i1p1f1,2061,11,03,0.0,15.946853,4.9114923,2061
17109,r2i1p1f1,2061,11,04,0.0,15.441772,6.9239297,2061
17110,r2i1p1f1,2061,11,05,0.0,19.249136,5.9626,2061
17111,r2i1p1f1,2061,11,06,18.3701526987044,19.090816,6.1780934,2061
17112,r2i1p1f1,2061,11,07,15.807321144977603,11.331716,0.2698825,2061
17113,r2i1p1f1,2061,11,08,0.0,10.754474,-1.2259793,2061
17114,r2i1p1f1,2061,11,09,16.46597085113731,13.157211,1.705776,2061
17115,r2i1p1f1,2061,11,10,67.22113021935981,10.96054,6.461549,2061
17116,r2i1p1f1,2061,11,11,48.177197134086434,10.176041,4.8858676,2061
17117,r2i1p1f1,2061,11,12,29.429314903861197,9.300044,2.1360645,2061
17118,r2i1p1f1,2061,11,13,18.059949014255274,8.493281,3.1585839,2061
17119,r2i1p1f1,2061,11,14,1.2238298443382798,7.785294,2.2149074,2061
17120,r2i1p1f1,2061,11,15,17.945198110268954,7.833302,2.9536903,2061
17121,r2i1p1f1,2061,11,16,67.55091574025126,9.154018,4.725723,2061
17122,r2i1p1f1,2061,11,17,78.169064287347,17.486263,6.0558925,2061
17123,r2i1p1f1,2061,11,18,44.11592999150833,15.203851,8.562842,2061
17124,r2i1p1f1,2061,11,19,76.7827344718031,13.504576,3.5892396,2061
17125,r2i1p1f1,2061,11,20,0.0,10.558132,2.8598268,2061
17126,r2i1p1f1,2061,11,21,31.32616248868334,8.344746,0.8288301,2061
17127,r2i1p1f1,2061,11,22,60.740425606043296,8.910173,0.50280887,2061
17128,r2i1p1f1,2061,11,23,51.45561235616557,12.611695,-0.5372867,2061
17129,r2i1p1f1,2061,11,24,0.0,12.836355,-1.5486168,2061
17130,r2i1p1f1,2061,11,25,0.0,12.253656,0.5289699,2061
17131,r2i1p1f1,2061,11,26,0.0,11.439748,0.8316879,2061
17132,r2i1p1f1,2061,11,27,0.1735997784495479,12.504487,1.1149714,2061
17133,r2i1p1f1,2061,11,28,0.0,13.315101,0.9630029,2061
17134,r2i1p1f1,2061,11,29,0.0,15.119112,2.4449732,2061
17135,r2i1p1f1,2061,11,30,0.24415242192984665,11.4732685,5.972133,2061
17136,r2i1p1f1,2061,12,01,32.75478170365274,8.331989,4.2272935,2061
17137,r2i1p1f1,2061,12,02,20.951754201562906,8.227166,3.1294074,2061
17138,r2i1p1f1,2061,12,03,0.0,10.589661,1.7719632,2061
17139,r2i1p1f1,2061,12,04,0.0,16.599142,3.6727922,2061
17140,r2i1p1f1,2061,12,05,5.3527490232506985,13.353452,2.9450414,2061
17141,r2i1p1f1,2061,12,06,0.034431896752861436,13.372665,7.9360523,2061
17142,r2i1p1f1,2061,12,07,0.0,15.127932,4.6296616,2061
17143,r2i1p1f1,2061,12,08,80.1441923679354,11.508211,0.9564645,2061
17144,r2i1p1f1,2061,12,09,8.023188364145776,4.9796042,-3.146151,2061
17145,r2i1p1f1,2061,12,10,0.0,3.0979586,-7.604482,2061
17146,r2i1p1f1,2061,12,11,0.0,6.738967,-4.722932,2061
17147,r2i1p1f1,2061,12,12,0.0,13.377429,1.1145512,2061
17148,r2i1p1f1,2061,12,13,0.0,13.177378,1.9122885,2061
17149,r2i1p1f1,2061,12,14,0.0,14.199216,2.4104617,2061
17150,r2i1p1f1,2061,12,15,0.0,14.521628,2.981391,2061
17151,r2i1p1f1,2061,12,16,0.0,12.288201,2.9559321,2061
17152,r2i1p1f1,2061,12,17,0.027885937645176176,7.5607677,2.5182912,2061
17153,r2i1p1f1,2061,12,18,0.0,7.4316015,1.3820704,2061
17154,r2i1p1f1,2061,12,19,26.254502426868733,8.857463,-0.18074974,2061
17155,r2i1p1f1,2061,12,20,0.37604528328162046,11.5932255,6.2166038,2061
17156,r2i1p1f1,2061,12,21,0.00655900747425711,12.752129,6.7583914,2061
17157,r2i1p1f1,2061,12,22,0.06692444148939103,8.310817,-0.07655374,2061
17158,r2i1p1f1,2061,12,23,0.0,4.4999466,-4.214584,2061
17159,r2i1p1f1,2061,12,24,0.0,3.3734577,-4.913716,2061
17160,r2i1p1f1,2061,12,25,0.0,6.3995557,-5.0401554,2061
17161,r2i1p1f1,2061,12,26,0.0036342952416117233,6.78548,-2.4335692,2061
17162,r2i1p1f1,2061,12,27,0.004644320344919624,3.7733576,-1.1678442,2061
17163,r2i1p1f1,2061,12,28,24.859565327642485,2.129456,-2.162146,2061
17164,r2i1p1f1,2061,12,29,0.0,5.924726,-2.263195,2061
17165,r2i1p1f1,2061,12,30,0.0,7.203965,-2.187827,2061
17166,r2i1p1f1,2061,12,31,0.0,10.285022,-0.75354064,2061
17167,r2i1p1f1,2062,01,01,0.0,15.461624,2.0809655,2062
17168,r2i1p1f1,2062,01,02,0.0,17.839743,3.789104,2062
17169,r2i1p1f1,2062,01,03,0.0,17.268599,4.4110503,2062
17170,r2i1p1f1,2062,01,04,0.0,15.125471,3.6108882,2062
17171,r2i1p1f1,2062,01,05,0.0,10.910015,-2.9544017,2062
17172,r2i1p1f1,2062,01,06,0.0,10.758203,-1.715708,2062
17173,r2i1p1f1,2062,01,07,0.0,15.850098,2.5222142,2062
17174,r2i1p1f1,2062,01,08,0.0,18.768665,4.4025946,2062
17175,r2i1p1f1,2062,01,09,0.0,21.154373,6.459735,2062
17176,r2i1p1f1,2062,01,10,0.0,19.238897,5.5300913,2062
17177,r2i1p1f1,2062,01,11,0.0,17.5162,4.3413024,2062
17178,r2i1p1f1,2062,01,12,0.0,19.059156,2.9280376,2062
17179,r2i1p1f1,2062,01,13,0.0,17.71313,5.758301,2062
17180,r2i1p1f1,2062,01,14,0.0,19.175224,5.6226516,2062
17181,r2i1p1f1,2062,01,15,0.0,18.567085,5.504581,2062
17182,r2i1p1f1,2062,01,16,0.0,18.943424,7.159531,2062
17183,r2i1p1f1,2062,01,17,0.0,20.849806,5.1394343,2062
17184,r2i1p1f1,2062,01,18,0.0,18.228287,4.677916,2062
17185,r2i1p1f1,2062,01,19,0.0,20.60292,5.274005,2062
17186,r2i1p1f1,2062,01,20,0.0,21.24574,5.9746084,2062
17187,r2i1p1f1,2062,01,21,0.0,19.690886,5.2986298,2062
17188,r2i1p1f1,2062,01,22,0.0,15.779495,3.7120929,2062
17189,r2i1p1f1,2062,01,23,0.17882440974797367,13.03951,2.7790241,2062
17190,r2i1p1f1,2062,01,24,0.0021630150618315944,8.608465,0.66767704,2062
17191,r2i1p1f1,2062,01,25,0.0,12.722217,-1.6706028,2062
17192,r2i1p1f1,2062,01,26,0.0,16.319527,3.4279191,2062
17193,r2i1p1f1,2062,01,27,0.0,19.024487,2.8634498,2062
17194,r2i1p1f1,2062,01,28,0.0,17.924145,2.5139334,2062
17195,r2i1p1f1,2062,01,29,0.0,13.734455,5.2140784,2062
17196,r2i1p1f1,2062,01,30,0.0,15.511603,4.4867816,2062
17197,r2i1p1f1,2062,01,31,0.0,17.886274,4.288079,2062
17198,r2i1p1f1,2062,02,01,0.0,18.18294,5.7550206,2062
17199,r2i1p1f1,2062,02,02,0.0,19.15245,5.273645,2062
17200,r2i1p1f1,2062,02,03,0.0,18.193266,4.3807225,2062
17201,r2i1p1f1,2062,02,04,0.0,13.963853,3.06793,2062
17202,r2i1p1f1,2062,02,05,50.93190014953367,14.307432,-0.18895164,2062
17203,r2i1p1f1,2062,02,06,35.672911723444344,11.86163,-2.4248097,2062
17204,r2i1p1f1,2062,02,07,34.59341742026691,2.3586383,-2.9295754,2062
17205,r2i1p1f1,2062,02,08,0.0,4.5136304,-8.586001,2062
17206,r2i1p1f1,2062,02,09,19.590188497050594,3.4633276,-1.3900942,2062
17207,r2i1p1f1,2062,02,10,10.351175124658486,3.504994,-1.4703728,2062
17208,r2i1p1f1,2062,02,11,6.054059401874558,3.8386128,-8.527402,2062
17209,r2i1p1f1,2062,02,12,0.0,3.2866359,-5.907888,2062
17210,r2i1p1f1,2062,02,13,0.0,4.06445,-9.195902,2062
17211,r2i1p1f1,2062,02,14,5.3738006537409655,2.298448,-8.345864,2062
17212,r2i1p1f1,2062,02,15,25.02247134734017,2.3359838,-7.7884536,2062
17213,r2i1p1f1,2062,02,16,0.0,6.454418,-5.37296,2062
17214,r2i1p1f1,2062,02,17,7.277414989165174,2.7998893,-4.1676993,2062
17215,r2i1p1f1,2062,02,18,12.916127952708989,3.0203547,-7.323818,2062
17216,r2i1p1f1,2062,02,19,32.63801287599703,1.6957386,-4.078961,2062
17217,r2i1p1f1,2062,02,20,23.6273040258451,2.1479876,-2.695208,2062
17218,r2i1p1f1,2062,02,21,12.853510003613057,3.779331,-2.5309093,2062
17219,r2i1p1f1,2062,02,22,16.358572729670694,4.4175386,-4.842639,2062
17220,r2i1p1f1,2062,02,23,0.0,5.812376,-6.350735,2062
17221,r2i1p1f1,2062,02,24,0.0,5.9673257,-5.7338533,2062
17222,r2i1p1f1,2062,02,25,0.0,9.894431,-2.9620965,2062
17223,r2i1p1f1,2062,02,26,0.0,15.122247,0.9025385,2062
17224,r2i1p1f1,2062,02,27,0.0,16.36067,3.0447547,2062
17225,r2i1p1f1,2062,02,28,0.0,15.83042,2.6987932,2062
17226,r2i1p1f1,2062,03,01,0.01325869516921767,13.383833,-4.044851,2062
17227,r2i1p1f1,2062,03,02,0.0,8.916793,-6.9514303,2062
17228,r2i1p1f1,2062,03,03,0.3638939776027865,8.376258,-4.184373,2062
17229,r2i1p1f1,2062,03,04,34.640893100116116,3.3574493,-2.3418021,2062
17230,r2i1p1f1,2062,03,05,69.9701577756339,6.3536415,-1.4412775,2062
17231,r2i1p1f1,2062,03,06,21.575965267794135,2.6946325,-5.9251065,2062
17232,r2i1p1f1,2062,03,07,7.658493688541057,1.6495565,-3.4126868,2062
17233,r2i1p1f1,2062,03,08,18.98344763993429,3.056826,-4.2309213,2062
17234,r2i1p1f1,2062,03,09,15.211934653416392,4.3462033,-5.2144575,2062
17235,r2i1p1f1,2062,03,10,0.0,12.601512,-3.2199664,2062
17236,r2i1p1f1,2062,03,11,0.0,13.518933,-3.466659,2062
17237,r2i1p1f1,2062,03,12,7.975921086164397,7.3298936,-5.981398,2062
17238,r2i1p1f1,2062,03,13,8.869616392880394,3.5239656,-3.0844104,2062
17239,r2i1p1f1,2062,03,14,0.0,10.84792,-3.9599903,2062
17240,r2i1p1f1,2062,03,15,0.0,9.008534,-3.1738625,2062
17241,r2i1p1f1,2062,03,16,0.0,14.65846,1.343988,2062
17242,r2i1p1f1,2062,03,17,0.0,17.262394,2.5084703,2062
17243,r2i1p1f1,2062,03,18,0.0,17.713242,3.8479247,2062
17244,r2i1p1f1,2062,03,19,0.0,18.044037,3.7754028,2062
17245,r2i1p1f1,2062,03,20,0.0,18.870426,2.5458987,2062
17246,r2i1p1f1,2062,03,21,0.0,18.666544,4.0706534,2062
17247,r2i1p1f1,2062,03,22,0.0,17.896677,3.8949676,2062
17248,r2i1p1f1,2062,03,23,0.0,16.33892,2.0248985,2062
17249,r2i1p1f1,2062,03,24,0.0,17.160065,1.9604739,2062
17250,r2i1p1f1,2062,03,25,0.0,19.070776,3.094378,2062
17251,r2i1p1f1,2062,03,26,0.0,19.679367,3.5551264,2062
17252,r2i1p1f1,2062,03,27,3.564723486949963,12.287676,-1.6235794,2062
17253,r2i1p1f1,2062,03,28,0.0,8.170852,-1.6947193,2062
17254,r2i1p1f1,2062,03,29,0.0,16.002577,-1.7407987,2062
17255,r2i1p1f1,2062,03,30,0.0,19.816246,0.12757659,2062
17256,r2i1p1f1,2062,03,31,0.0,18.504112,0.30698484,2062
17257,r2i1p1f1,2062,04,01,0.0,19.196302,1.3332783,2062
17258,r2i1p1f1,2062,04,02,0.0,21.61053,3.2243083,2062
17259,r2i1p1f1,2062,04,03,0.0,22.490692,4.131139,2062
17260,r2i1p1f1,2062,04,04,0.0,22.75477,5.1564417,2062
17261,r2i1p1f1,2062,04,05,0.0,22.059696,6.2243414,2062
17262,r2i1p1f1,2062,04,06,0.0,23.4787,5.2951016,2062
17263,r2i1p1f1,2062,04,07,0.0,25.59308,7.9456873,2062
17264,r2i1p1f1,2062,04,08,0.0,26.971617,7.4880424,2062
17265,r2i1p1f1,2062,04,09,0.0,27.446503,9.918692,2062
17266,r2i1p1f1,2062,04,10,0.0,28.582506,11.500875,2062
17267,r2i1p1f1,2062,04,11,0.0,27.611353,10.044044,2062
17268,r2i1p1f1,2062,04,12,0.0,21.958633,5.271069,2062
17269,r2i1p1f1,2062,04,13,0.0,16.235367,1.8868682,2062
17270,r2i1p1f1,2062,04,14,0.0,19.403513,2.2892077,2062
17271,r2i1p1f1,2062,04,15,0.07458061591023579,20.344296,5.49968,2062
17272,r2i1p1f1,2062,04,16,0.0,20.283205,5.588196,2062
17273,r2i1p1f1,2062,04,17,0.0,21.83644,5.8315463,2062
17274,r2i1p1f1,2062,04,18,0.0,24.623865,6.568611,2062
17275,r2i1p1f1,2062,04,19,10.089160855736386,18.367601,1.7580844,2062
17276,r2i1p1f1,2062,04,20,14.210928794493437,6.2475305,1.3188708,2062
17277,r2i1p1f1,2062,04,21,1.8196049827495768,7.801334,-0.33672705,2062
17278,r2i1p1f1,2062,04,22,0.0,17.521646,1.4053876,2062
17279,r2i1p1f1,2062,04,23,0.0,20.270226,4.096859,2062
17280,r2i1p1f1,2062,04,24,2.9962467483318713,15.377976,2.533009,2062
17281,r2i1p1f1,2062,04,25,0.24456537862883684,10.900493,5.4043436,2062
17282,r2i1p1f1,2062,04,26,0.0,16.10526,2.5983822,2062
17283,r2i1p1f1,2062,04,27,0.0,19.88113,2.7995856,2062
17284,r2i1p1f1,2062,04,28,0.0,22.372227,4.0453305,2062
17285,r2i1p1f1,2062,04,29,0.0,20.983131,4.2867203,2062
17286,r2i1p1f1,2062,04,30,45.24759604559782,9.869169,-0.28927496,2062
17287,r2i1p1f1,2062,05,01,22.72552295409976,7.1776657,2.727109,2062
17288,r2i1p1f1,2062,05,02,0.0,16.589424,1.68603,2062
17289,r2i1p1f1,2062,05,03,0.0,19.063822,3.2007616,2062
17290,r2i1p1f1,2062,05,04,0.0,17.924902,3.0331147,2062
17291,r2i1p1f1,2062,05,05,6.071154609918057,11.219133,5.5845733,2062
17292,r2i1p1f1,2062,05,06,0.0,19.197294,5.346066,2062
17293,r2i1p1f1,2062,05,07,0.0,24.842682,6.8237915,2062
17294,r2i1p1f1,2062,05,08,0.0,28.537817,10.124632,2062
17295,r2i1p1f1,2062,05,09,0.0,27.46244,10.912303,2062
17296,r2i1p1f1,2062,05,10,0.0,27.867622,10.843711,2062
17297,r2i1p1f1,2062,05,11,0.0,22.499834,6.80296,2062
17298,r2i1p1f1,2062,05,12,0.0,24.748476,7.5520725,2062
17299,r2i1p1f1,2062,05,13,0.0,24.481981,7.326596,2062
17300,r2i1p1f1,2062,05,14,0.0,23.666288,7.8185863,2062
17301,r2i1p1f1,2062,05,15,0.0,22.066317,6.178638,2062
17302,r2i1p1f1,2062,05,16,0.0,20.695572,4.734302,2062
17303,r2i1p1f1,2062,05,17,20.696535965376263,11.371253,-1.9613712,2062
17304,r2i1p1f1,2062,05,18,15.383507697753465,8.357492,-3.803562,2062
17305,r2i1p1f1,2062,05,19,0.26370929777980423,10.975877,-0.43507102,2062
17306,r2i1p1f1,2062,05,20,0.0,17.723873,2.1028748,2062
17307,r2i1p1f1,2062,05,21,0.0,22.007421,5.261415,2062
17308,r2i1p1f1,2062,05,22,0.0,24.539225,6.921141,2062
17309,r2i1p1f1,2062,05,23,0.0,25.04018,8.248057,2062
17310,r2i1p1f1,2062,05,24,0.0,23.301432,6.622252,2062
17311,r2i1p1f1,2062,05,25,0.0,21.562208,6.4654617,2062
17312,r2i1p1f1,2062,05,26,1.8036521849773215,18.493727,2.4476655,2062
17313,r2i1p1f1,2062,05,27,0.6334043343555934,13.991014,-0.23434448,2062
17314,r2i1p1f1,2062,05,28,1.4708021631227335,15.536776,1.5357088,2062
17315,r2i1p1f1,2062,05,29,0.0,20.978815,5.1868515,2062
17316,r2i1p1f1,2062,05,30,0.0,24.461811,8.546518,2062
17317,r2i1p1f1,2062,05,31,0.0,27.349222,10.165246,2062
17318,r2i1p1f1,2062,06,01,0.0,28.477865,10.019924,2062
17319,r2i1p1f1,2062,06,02,0.0,29.827198,12.427378,2062
17320,r2i1p1f1,2062,06,03,0.0,30.354092,11.576648,2062
17321,r2i1p1f1,2062,06,04,0.0,32.661125,15.345789,2062
17322,r2i1p1f1,2062,06,05,0.0,32.91675,14.654461,2062
17323,r2i1p1f1,2062,06,06,0.0,32.244133,14.313708,2062
17324,r2i1p1f1,2062,06,07,0.0,30.244398,13.371291,2062
17325,r2i1p1f1,2062,06,08,0.0,29.570234,12.214512,2062
17326,r2i1p1f1,2062,06,09,0.0,29.007826,11.153327,2062
17327,r2i1p1f1,2062,06,10,0.06830042156462486,21.973852,7.494203,2062
17328,r2i1p1f1,2062,06,11,0.0,17.033686,2.8620427,2062
17329,r2i1p1f1,2062,06,12,0.0,21.457926,4.934546,2062
17330,r2i1p1f1,2062,06,13,0.0,29.244858,12.45123,2062
17331,r2i1p1f1,2062,06,14,0.0,31.48666,13.464562,2062
17332,r2i1p1f1,2062,06,15,0.0,32.18075,14.3256645,2062
17333,r2i1p1f1,2062,06,16,0.0,28.860853,10.830064,2062
17334,r2i1p1f1,2062,06,17,0.0,25.120382,8.683098,2062
17335,r2i1p1f1,2062,06,18,0.020387486438266933,23.184673,8.268205,2062
17336,r2i1p1f1,2062,06,19,4.096052350024156,18.821838,7.108932,2062
17337,r2i1p1f1,2062,06,20,0.0,20.71774,7.85397,2062
17338,r2i1p1f1,2062,06,21,0.0,25.39349,7.7586923,2062
17339,r2i1p1f1,2062,06,22,0.0,25.838242,9.33513,2062
17340,r2i1p1f1,2062,06,23,0.0,28.454947,10.253415,2062
17341,r2i1p1f1,2062,06,24,0.0,31.58561,12.027361,2062
17342,r2i1p1f1,2062,06,25,0.0,30.634497,14.847689,2062
17343,r2i1p1f1,2062,06,26,0.0,29.518541,17.50357,2062
17344,r2i1p1f1,2062,06,27,0.0,30.20996,15.143946,2062
17345,r2i1p1f1,2062,06,28,0.0,30.16273,15.5280695,2062
17346,r2i1p1f1,2062,06,29,0.0,31.570787,15.9723,2062
17347,r2i1p1f1,2062,06,30,0.0,32.323437,16.43451,2062
17348,r2i1p1f1,2062,07,01,0.0,33.853394,16.199633,2062
17349,r2i1p1f1,2062,07,02,0.0,33.83157,14.391795,2062
17350,r2i1p1f1,2062,07,03,0.0,30.112593,12.933829,2062
17351,r2i1p1f1,2062,07,04,0.0,22.217192,12.803256,2062
17352,r2i1p1f1,2062,07,05,0.0,26.415424,10.467178,2062
17353,r2i1p1f1,2062,07,06,0.0,29.07559,13.657485,2062
17354,r2i1p1f1,2062,07,07,0.0,33.5013,14.529863,2062
17355,r2i1p1f1,2062,07,08,0.0,38.86968,18.214598,2062
17356,r2i1p1f1,2062,07,09,0.0,38.846775,18.773355,2062
17357,r2i1p1f1,2062,07,10,0.0,37.026604,17.8719,2062
17358,r2i1p1f1,2062,07,11,0.0,39.847317,21.264559,2062
17359,r2i1p1f1,2062,07,12,0.0,36.82578,19.336536,2062
17360,r2i1p1f1,2062,07,13,0.18857933576397884,32.400894,18.02567,2062
17361,r2i1p1f1,2062,07,14,0.5861878797217147,31.029083,17.588373,2062
17362,r2i1p1f1,2062,07,15,0.0,30.016314,14.755678,2062
17363,r2i1p1f1,2062,07,16,0.07957041852932889,28.38121,12.490793,2062
17364,r2i1p1f1,2062,07,17,0.0,27.82815,11.59942,2062
17365,r2i1p1f1,2062,07,18,0.0,28.656586,10.97405,2062
17366,r2i1p1f1,2062,07,19,0.0,28.216259,11.6099,2062
17367,r2i1p1f1,2062,07,20,0.0,27.315748,10.760866,2062
17368,r2i1p1f1,2062,07,21,0.0,28.06701,11.855061,2062
17369,r2i1p1f1,2062,07,22,0.0,30.718512,13.690742,2062
17370,r2i1p1f1,2062,07,23,0.0,30.870724,14.605815,2062
17371,r2i1p1f1,2062,07,24,0.0,29.501514,12.980928,2062
17372,r2i1p1f1,2062,07,25,0.0,29.223995,12.705089,2062
17373,r2i1p1f1,2062,07,26,0.0,29.424923,13.411421,2062
17374,r2i1p1f1,2062,07,27,0.0,30.559,13.468225,2062
17375,r2i1p1f1,2062,07,28,0.0,31.258995,14.046218,2062
17376,r2i1p1f1,2062,07,29,0.0,31.726603,14.921872,2062
17377,r2i1p1f1,2062,07,30,0.0,32.04931,15.67293,2062
17378,r2i1p1f1,2062,07,31,0.0,31.902294,14.823997,2062
17379,r2i1p1f1,2062,08,01,0.0,31.806234,15.328645,2062
17380,r2i1p1f1,2062,08,02,0.0,31.523983,15.294858,2062
17381,r2i1p1f1,2062,08,03,0.0,29.747372,13.836166,2062
17382,r2i1p1f1,2062,08,04,0.0,29.114927,13.592527,2062
17383,r2i1p1f1,2062,08,05,0.0,29.373232,14.189985,2062
17384,r2i1p1f1,2062,08,06,0.0,29.01751,13.18405,2062
17385,r2i1p1f1,2062,08,07,0.0,28.029873,11.280471,2062
17386,r2i1p1f1,2062,08,08,0.0,28.595171,11.554319,2062
17387,r2i1p1f1,2062,08,09,0.0,29.588316,13.273237,2062
17388,r2i1p1f1,2062,08,10,0.0,30.823574,13.31231,2062
17389,r2i1p1f1,2062,08,11,0.0,30.58575,13.569763,2062
17390,r2i1p1f1,2062,08,12,0.0,30.707638,13.84816,2062
17391,r2i1p1f1,2062,08,13,0.0,30.644028,14.115037,2062
17392,r2i1p1f1,2062,08,14,0.0,29.647055,12.446763,2062
17393,r2i1p1f1,2062,08,15,0.0,28.397661,11.740857,2062
17394,r2i1p1f1,2062,08,16,0.0,27.930655,11.156438,2062
17395,r2i1p1f1,2062,08,17,0.0,27.535587,11.29431,2062
17396,r2i1p1f1,2062,08,18,0.0,28.75609,13.398239,2062
17397,r2i1p1f1,2062,08,19,0.0,29.424599,14.285124,2062
17398,r2i1p1f1,2062,08,20,0.0,28.327154,12.293529,2062
17399,r2i1p1f1,2062,08,21,0.0,29.427114,13.018789,2062
17400,r2i1p1f1,2062,08,22,0.0,28.839132,12.358008,2062
17401,r2i1p1f1,2062,08,23,0.0,29.285494,12.496121,2062
17402,r2i1p1f1,2062,08,24,0.0,29.004341,12.606025,2062
17403,r2i1p1f1,2062,08,25,0.0,27.59643,10.937858,2062
17404,r2i1p1f1,2062,08,26,0.0,28.287367,11.309011,2062
17405,r2i1p1f1,2062,08,27,0.0,31.815523,14.143911,2062
17406,r2i1p1f1,2062,08,28,0.0,32.79031,15.327605,2062
17407,r2i1p1f1,2062,08,29,0.0,33.281,16.98085,2062
17408,r2i1p1f1,2062,08,30,0.0,34.241642,17.02625,2062
17409,r2i1p1f1,2062,08,31,0.0,31.840742,15.56061,2062
17410,r2i1p1f1,2062,09,01,0.0,28.461578,12.973267,2062
17411,r2i1p1f1,2062,09,02,0.0,26.432377,12.270187,2062
17412,r2i1p1f1,2062,09,03,0.0,26.221003,12.128783,2062
17413,r2i1p1f1,2062,09,04,0.0,29.006977,13.598674,2062
17414,r2i1p1f1,2062,09,05,0.0,28.531422,13.739544,2062
17415,r2i1p1f1,2062,09,06,0.0,27.335049,12.015988,2062
17416,r2i1p1f1,2062,09,07,0.0,29.121202,12.273031,2062
17417,r2i1p1f1,2062,09,08,0.0,30.945475,13.6017065,2062
17418,r2i1p1f1,2062,09,09,0.0,32.357697,14.051702,2062
17419,r2i1p1f1,2062,09,10,0.0,31.870092,15.139329,2062
17420,r2i1p1f1,2062,09,11,0.0,31.25776,12.9540615,2062
17421,r2i1p1f1,2062,09,12,0.0,29.599228,12.719096,2062
17422,r2i1p1f1,2062,09,13,0.0,31.063301,13.128136,2062
17423,r2i1p1f1,2062,09,14,0.0,32.29698,14.602448,2062
17424,r2i1p1f1,2062,09,15,0.0,31.513397,16.216597,2062
17425,r2i1p1f1,2062,09,16,3.4520180259977886,28.696959,15.572842,2062
17426,r2i1p1f1,2062,09,17,0.0,29.252096,14.591916,2062
17427,r2i1p1f1,2062,09,18,0.0,28.745993,13.965202,2062
17428,r2i1p1f1,2062,09,19,0.09502863742035025,26.23565,12.298446,2062
17429,r2i1p1f1,2062,09,20,0.0,25.478914,11.429898,2062
17430,r2i1p1f1,2062,09,21,0.0,26.87538,11.563857,2062
17431,r2i1p1f1,2062,09,22,0.0,31.862684,15.210276,2062
17432,r2i1p1f1,2062,09,23,0.0,32.4471,16.055347,2062
17433,r2i1p1f1,2062,09,24,0.0,32.91708,16.13896,2062
17434,r2i1p1f1,2062,09,25,0.0,35.122272,17.931461,2062
17435,r2i1p1f1,2062,09,26,0.0,35.998947,19.321373,2062
17436,r2i1p1f1,2062,09,27,0.0,34.686512,19.409927,2062
17437,r2i1p1f1,2062,09,28,0.0,32.755398,17.086334,2062
17438,r2i1p1f1,2062,09,29,0.0,33.11869,16.055765,2062
17439,r2i1p1f1,2062,09,30,0.0,31.198229,15.557258,2062
17440,r2i1p1f1,2062,10,01,0.0,30.651896,14.933146,2062
17441,r2i1p1f1,2062,10,02,13.909719029600009,27.722769,13.416228,2062
17442,r2i1p1f1,2062,10,03,7.029110351476657,22.23168,9.058439,2062
17443,r2i1p1f1,2062,10,04,0.9100386215252981,23.932703,9.346202,2062
17444,r2i1p1f1,2062,10,05,0.0,27.148766,10.491716,2062
17445,r2i1p1f1,2062,10,06,0.0,25.826517,10.0784645,2062
17446,r2i1p1f1,2062,10,07,0.0,27.625284,11.763588,2062
17447,r2i1p1f1,2062,10,08,0.0,27.879936,14.667434,2062
17448,r2i1p1f1,2062,10,09,1.923114795499714,29.639385,16.564047,2062
17449,r2i1p1f1,2062,10,10,3.264547585611301,28.503891,13.946962,2062
17450,r2i1p1f1,2062,10,11,6.991701195539253,27.688498,13.266553,2062
17451,r2i1p1f1,2062,10,12,15.085129324828673,28.04919,13.578777,2062
17452,r2i1p1f1,2062,10,13,34.083078182000186,24.334581,9.749655,2062
17453,r2i1p1f1,2062,10,14,14.550775212522309,17.560978,6.0246854,2062
17454,r2i1p1f1,2062,10,15,5.496485107281702,16.46028,9.319875,2062
17455,r2i1p1f1,2062,10,16,12.138115826215094,16.942657,8.975349,2062
17456,r2i1p1f1,2062,10,17,16.436121736898293,13.837937,6.1615067,2062
17457,r2i1p1f1,2062,10,18,0.0568267174038248,20.37609,5.0584793,2062
17458,r2i1p1f1,2062,10,19,0.0,25.49545,7.7710924,2062
17459,r2i1p1f1,2062,10,20,0.0,27.43376,11.031235,2062
17460,r2i1p1f1,2062,10,21,0.0,25.113165,10.462966,2062
17461,r2i1p1f1,2062,10,22,0.0,24.71667,10.398219,2062
17462,r2i1p1f1,2062,10,23,0.0,24.293753,10.365643,2062
17463,r2i1p1f1,2062,10,24,0.0,25.908434,10.610506,2062
17464,r2i1p1f1,2062,10,25,0.0,26.940758,12.344463,2062
17465,r2i1p1f1,2062,10,26,0.0,26.326992,12.101991,2062
17466,r2i1p1f1,2062,10,27,0.0,26.753763,12.1009445,2062
17467,r2i1p1f1,2062,10,28,0.0,25.728163,11.350062,2062
17468,r2i1p1f1,2062,10,29,0.0,23.65666,9.0958395,2062
17469,r2i1p1f1,2062,10,30,0.0,21.988504,8.445742,2062
17470,r2i1p1f1,2062,10,31,0.0,22.396338,8.319189,2062
17471,r2i1p1f1,2062,11,01,0.0,21.767408,7.381432,2062
17472,r2i1p1f1,2062,11,02,0.0,21.090807,7.0033827,2062
17473,r2i1p1f1,2062,11,03,0.0,22.756607,7.6416078,2062
17474,r2i1p1f1,2062,11,04,0.0,20.34442,7.8586535,2062
17475,r2i1p1f1,2062,11,05,0.0,20.041786,8.826768,2062
17476,r2i1p1f1,2062,11,06,0.0,18.898151,8.114269,2062
17477,r2i1p1f1,2062,11,07,0.0,21.062222,6.9836135,2062
17478,r2i1p1f1,2062,11,08,0.0,21.126583,7.339967,2062
17479,r2i1p1f1,2062,11,09,0.0,21.361816,8.282877,2062
17480,r2i1p1f1,2062,11,10,8.036280236900403,13.080557,4.6950026,2062
17481,r2i1p1f1,2062,11,11,0.08364781534999985,12.859116,-0.28639486,2062
17482,r2i1p1f1,2062,11,12,0.0,13.583635,-1.7356167,2062
17483,r2i1p1f1,2062,11,13,0.0,13.957373,-1.2775561,2062
17484,r2i1p1f1,2062,11,14,0.0,15.043603,-1.5493963,2062
17485,r2i1p1f1,2062,11,15,0.0,15.819661,-3.5358446,2062
17486,r2i1p1f1,2062,11,16,0.0,16.102482,-2.4983122,2062
17487,r2i1p1f1,2062,11,17,0.0,17.085033,-2.809068,2062
17488,r2i1p1f1,2062,11,18,0.0,20.454721,-0.47357765,2062
17489,r2i1p1f1,2062,11,19,0.0,22.940142,1.8576758,2062
17490,r2i1p1f1,2062,11,20,0.0,23.799536,7.736255,2062
17491,r2i1p1f1,2062,11,21,0.0,25.667166,5.9635553,2062
17492,r2i1p1f1,2062,11,22,0.0,22.63077,3.4445348,2062
17493,r2i1p1f1,2062,11,23,0.0,18.145166,0.47800943,2062
17494,r2i1p1f1,2062,11,24,0.0,18.581427,1.993972,2062
17495,r2i1p1f1,2062,11,25,0.0,18.587948,-0.6375293,2062
17496,r2i1p1f1,2062,11,26,0.0,18.88644,-0.7228959,2062
17497,r2i1p1f1,2062,11,27,0.0,18.223204,-2.4452636,2062
17498,r2i1p1f1,2062,11,28,11.910428729494855,14.693532,3.1938348,2062
17499,r2i1p1f1,2062,11,29,0.01176774525307477,11.347033,-1.706667,2062
17500,r2i1p1f1,2062,11,30,0.0,12.931001,-8.35137,2062
17501,r2i1p1f1,2062,12,01,0.0,10.905882,-2.4655495,2062
17502,r2i1p1f1,2062,12,02,0.09485865630267654,5.6436753,-4.2789187,2062
17503,r2i1p1f1,2062,12,03,0.07646279316096874,3.8635128,-2.288763,2062
17504,r2i1p1f1,2062,12,04,0.0,3.2744062,-5.299318,2062
17505,r2i1p1f1,2062,12,05,9.138700242216986,0.89147127,-8.169841,2062
17506,r2i1p1f1,2062,12,06,10.119717696271927,1.3086852,-2.3240707,2062
17507,r2i1p1f1,2062,12,07,2.3813879837409613,2.985288,-4.685936,2062
17508,r2i1p1f1,2062,12,08,0.0,7.4913683,-5.47422,2062
17509,r2i1p1f1,2062,12,09,0.0,5.7683816,-6.052029,2062
17510,r2i1p1f1,2062,12,10,0.0,5.0347056,-5.754696,2062
17511,r2i1p1f1,2062,12,11,0.0,10.202448,-1.8403031,2062
17512,r2i1p1f1,2062,12,12,0.0,14.244834,0.9051428,2062
17513,r2i1p1f1,2062,12,13,0.0,16.090519,2.3358443,2062
17514,r2i1p1f1,2062,12,14,0.0,18.992767,4.613472,2062
17515,r2i1p1f1,2062,12,15,0.0,19.010708,4.9408784,2062
17516,r2i1p1f1,2062,12,16,0.0,18.66436,4.33459,2062
17517,r2i1p1f1,2062,12,17,0.0,18.063314,4.7963085,2062
17518,r2i1p1f1,2062,12,18,0.0,16.102713,2.8659234,2062
17519,r2i1p1f1,2062,12,19,0.0,17.083696,3.2721386,2062
17520,r2i1p1f1,2062,12,20,0.0,18.05484,3.6900475,2062
17521,r2i1p1f1,2062,12,21,0.0,18.076498,4.0446053,2062
17522,r2i1p1f1,2062,12,22,0.0,18.395233,4.5358763,2062
17523,r2i1p1f1,2062,12,23,0.0,18.515478,4.791708,2062
17524,r2i1p1f1,2062,12,24,0.0,18.584259,4.9165235,2062
17525,r2i1p1f1,2062,12,25,0.0,18.535753,4.474317,2062
17526,r2i1p1f1,2062,12,26,0.0,18.64294,4.9688115,2062
17527,r2i1p1f1,2062,12,27,0.0,17.846859,4.6059136,2062
17528,r2i1p1f1,2062,12,28,0.0,17.159607,4.2789903,2062
17529,r2i1p1f1,2062,12,29,0.0,18.30686,4.544523,2062
17530,r2i1p1f1,2062,12,30,0.0,16.916431,5.335919,2062
17531,r2i1p1f1,2062,12,31,0.0,15.185318,0.058777053,2062
17532,r2i1p1f1,2063,01,01,0.0,15.650053,2.5046399,2063
17533,r2i1p1f1,2063,01,02,0.0,16.361393,5.3761964,2063
17534,r2i1p1f1,2063,01,03,0.0,18.019085,4.409439,2063
17535,r2i1p1f1,2063,01,04,0.0,18.080273,4.8254075,2063
17536,r2i1p1f1,2063,01,05,0.0,18.750229,4.7631016,2063
17537,r2i1p1f1,2063,01,06,0.0,16.989243,4.1983557,2063
17538,r2i1p1f1,2063,01,07,17.36954267745694,11.961225,-0.5296199,2063
17539,r2i1p1f1,2063,01,08,0.0,4.338755,-8.34258,2063
17540,r2i1p1f1,2063,01,09,0.0,4.09788,-7.04729,2063
17541,r2i1p1f1,2063,01,10,0.9634614213539933,3.8620338,-6.1552505,2063
17542,r2i1p1f1,2063,01,11,0.0,6.6158032,1.0467664,2063
17543,r2i1p1f1,2063,01,12,0.0,12.59074,-1.4397761,2063
17544,r2i1p1f1,2063,01,13,0.0,16.35088,2.0161848,2063
17545,r2i1p1f1,2063,01,14,0.0,18.248257,4.063784,2063
17546,r2i1p1f1,2063,01,15,0.0,18.120987,4.6232886,2063
17547,r2i1p1f1,2063,01,16,0.0,16.26565,4.1304145,2063
17548,r2i1p1f1,2063,01,17,0.0,16.032745,3.26073,2063
17549,r2i1p1f1,2063,01,18,0.0,17.358028,4.4811683,2063
17550,r2i1p1f1,2063,01,19,0.0,19.337847,3.2211797,2063
17551,r2i1p1f1,2063,01,20,0.0,18.450104,3.9927495,2063
17552,r2i1p1f1,2063,01,21,0.0,17.828232,4.9498563,2063
17553,r2i1p1f1,2063,01,22,0.0,17.41561,5.211143,2063
17554,r2i1p1f1,2063,01,23,0.0,16.907125,4.772788,2063
17555,r2i1p1f1,2063,01,24,0.3362529777335182,11.165176,4.575804,2063
17556,r2i1p1f1,2063,01,25,53.39508739909014,9.497186,-2.2298567,2063
17557,r2i1p1f1,2063,01,26,23.327640447622308,1.2416346,-5.9467535,2063
17558,r2i1p1f1,2063,01,27,29.909487900798783,0.14009622,-9.872187,2063
17559,r2i1p1f1,2063,01,28,1.5405379515728923,-0.3916038,-9.597532,2063
17560,r2i1p1f1,2063,01,29,13.041039661654326,-0.42915237,-5.39346,2063
17561,r2i1p1f1,2063,01,30,32.45668541035579,1.2240223,-9.072021,2063
17562,r2i1p1f1,2063,01,31,0.0,6.163401,-6.6024313,2063
17563,r2i1p1f1,2063,02,01,0.0,9.29581,-5.9083548,2063
17564,r2i1p1f1,2063,02,02,0.0,7.6280675,-2.4771717,2063
17565,r2i1p1f1,2063,02,03,0.0,9.493188,-2.7772515,2063
17566,r2i1p1f1,2063,02,04,0.0,10.639248,1.735673,2063
17567,r2i1p1f1,2063,02,05,0.0,11.249382,2.654071,2063
17568,r2i1p1f1,2063,02,06,5.700836158967622,4.9013834,-0.855034,2063
17569,r2i1p1f1,2063,02,07,0.00434847091897749,8.538951,-4.4794583,2063
17570,r2i1p1f1,2063,02,08,0.0,10.405328,-5.3869495,2063
17571,r2i1p1f1,2063,02,09,6.182681838855877,3.06665,-6.3473806,2063
17572,r2i1p1f1,2063,02,10,0.0,4.189574,-6.689587,2063
17573,r2i1p1f1,2063,02,11,14.736983100346361,6.846005,-5.29912,2063
17574,r2i1p1f1,2063,02,12,8.801280687671701,4.169986,0.44310576,2063
17575,r2i1p1f1,2063,02,13,16.7571971560112,4.398701,-0.9680031,2063
17576,r2i1p1f1,2063,02,14,0.09378094398820955,7.1542764,-2.663836,2063
17577,r2i1p1f1,2063,02,15,0.10374970480860121,3.988233,-1.0412148,2063
17578,r2i1p1f1,2063,02,16,0.0,9.294429,-4.9011283,2063
17579,r2i1p1f1,2063,02,17,0.0,8.118826,-5.108708,2063
17580,r2i1p1f1,2063,02,18,3.663798048000899,4.1062965,-6.723285,2063
17581,r2i1p1f1,2063,02,19,0.0027041262560837474,3.435732,-1.2251339,2063
17582,r2i1p1f1,2063,02,20,0.0,5.8631473,-5.1330886,2063
17583,r2i1p1f1,2063,02,21,0.0,7.989031,-5.3824525,2063
17584,r2i1p1f1,2063,02,22,0.0,7.794221,-5.697083,2063
17585,r2i1p1f1,2063,02,23,7.078962803083973,3.8695247,-1.9838483,2063
17586,r2i1p1f1,2063,02,24,0.24435849031411075,6.938268,1.7266477,2063
17587,r2i1p1f1,2063,02,25,0.0,12.503992,-0.74749845,2063
17588,r2i1p1f1,2063,02,26,0.0,20.312199,2.2627378,2063
17589,r2i1p1f1,2063,02,27,0.0,18.270443,6.2353516,2063
17590,r2i1p1f1,2063,02,28,0.0,19.741152,4.62421,2063
17591,r2i1p1f1,2063,03,01,0.0,17.387028,3.367683,2063
17592,r2i1p1f1,2063,03,02,1.3265999456647337,10.30042,3.448991,2063
17593,r2i1p1f1,2063,03,03,0.0,16.45932,1.092173,2063
17594,r2i1p1f1,2063,03,04,0.0,18.264774,0.499928,2063
17595,r2i1p1f1,2063,03,05,0.0,16.233246,2.537139,2063
17596,r2i1p1f1,2063,03,06,0.0,10.09677,-2.6124866,2063
17597,r2i1p1f1,2063,03,07,0.7519404524198483,4.8204083,-0.18468915,2063
17598,r2i1p1f1,2063,03,08,2.481074381851683,6.039125,-0.8880663,2063
17599,r2i1p1f1,2063,03,09,11.517085819930518,2.8926847,-1.9987171,2063
17600,r2i1p1f1,2063,03,10,14.827816179156518,3.382566,-4.4608665,2063
17601,r2i1p1f1,2063,03,11,29.672338841303898,5.0469785,-4.0641084,2063
17602,r2i1p1f1,2063,03,12,0.0,17.326977,0.75569457,2063
17603,r2i1p1f1,2063,03,13,0.0,17.236387,4.1089187,2063
17604,r2i1p1f1,2063,03,14,0.0,18.363007,4.855914,2063
17605,r2i1p1f1,2063,03,15,0.17625423229569256,14.83532,5.969857,2063
17606,r2i1p1f1,2063,03,16,0.0,21.201002,3.4257214,2063
17607,r2i1p1f1,2063,03,17,0.0,22.359335,4.075295,2063
17608,r2i1p1f1,2063,03,18,0.0,18.374949,2.71097,2063
17609,r2i1p1f1,2063,03,19,0.0,11.383337,-2.9468317,2063
17610,r2i1p1f1,2063,03,20,0.0,13.837418,-2.3164825,2063
17611,r2i1p1f1,2063,03,21,0.0,12.989089,-2.4199781,2063
17612,r2i1p1f1,2063,03,22,47.62959035400014,3.6744158,-4.7060423,2063
17613,r2i1p1f1,2063,03,23,3.3251798359672717,1.8340842,-8.7405815,2063
17614,r2i1p1f1,2063,03,24,35.162478020020686,1.9844055,-5.4239573,2063
17615,r2i1p1f1,2063,03,25,2.925303761786871,4.0001016,-7.2682657,2063
17616,r2i1p1f1,2063,03,26,0.0,10.266011,-2.12948,2063
17617,r2i1p1f1,2063,03,27,0.0,8.968572,-4.432064,2063
17618,r2i1p1f1,2063,03,28,0.0,14.420091,-1.5419793,2063
17619,r2i1p1f1,2063,03,29,0.08827966813931618,13.013635,1.5237067,2063
17620,r2i1p1f1,2063,03,30,0.0,19.696598,1.4655037,2063
17621,r2i1p1f1,2063,03,31,0.0,23.431145,4.84097,2063
17622,r2i1p1f1,2063,04,01,0.0,23.882141,6.38107,2063
17623,r2i1p1f1,2063,04,02,0.0,22.35045,6.742307,2063
17624,r2i1p1f1,2063,04,03,0.0,25.299973,7.5952053,2063
17625,r2i1p1f1,2063,04,04,0.0,26.980787,8.421136,2063
17626,r2i1p1f1,2063,04,05,0.0,29.315937,12.004886,2063
17627,r2i1p1f1,2063,04,06,0.0,29.404398,10.811711,2063
17628,r2i1p1f1,2063,04,07,0.0,29.55661,10.9603815,2063
17629,r2i1p1f1,2063,04,08,0.0,30.07579,11.425553,2063
17630,r2i1p1f1,2063,04,09,0.0,28.529078,11.520855,2063
17631,r2i1p1f1,2063,04,10,13.519489602745475,19.8173,2.0212672,2063
17632,r2i1p1f1,2063,04,11,30.18548516735721,13.819492,-2.4127803,2063
17633,r2i1p1f1,2063,04,12,2.4676298007901867,10.797752,-2.4754474,2063
17634,r2i1p1f1,2063,04,13,15.064227132489368,5.7261705,-4.093861,2063
17635,r2i1p1f1,2063,04,14,1.5207000618409858,8.582978,-4.8046813,2063
17636,r2i1p1f1,2063,04,15,0.1526104393773354,14.48467,-0.31202072,2063
17637,r2i1p1f1,2063,04,16,0.0,19.09134,3.834914,2063
17638,r2i1p1f1,2063,04,17,0.0,19.168297,3.976148,2063
17639,r2i1p1f1,2063,04,18,0.0,19.998276,4.710963,2063
17640,r2i1p1f1,2063,04,19,0.0,25.502647,7.1372557,2063
17641,r2i1p1f1,2063,04,20,0.0,27.915253,10.464204,2063
17642,r2i1p1f1,2063,04,21,0.0,27.76339,10.298254,2063
17643,r2i1p1f1,2063,04,22,0.0,27.31691,10.368599,2063
17644,r2i1p1f1,2063,04,23,0.0,29.307495,12.105871,2063
17645,r2i1p1f1,2063,04,24,0.0,26.625143,9.675796,2063
17646,r2i1p1f1,2063,04,25,0.0,25.147594,8.883062,2063
17647,r2i1p1f1,2063,04,26,0.8578224606306042,23.178558,8.627258,2063
17648,r2i1p1f1,2063,04,27,0.0,22.710524,7.5128407,2063
17649,r2i1p1f1,2063,04,28,0.0,21.231531,5.754745,2063
17650,r2i1p1f1,2063,04,29,2.0170192630477968,19.996485,2.1658962,2063
17651,r2i1p1f1,2063,04,30,0.0,23.275503,7.2725797,2063
17652,r2i1p1f1,2063,05,01,0.044521104190118004,21.102783,6.065657,2063
17653,r2i1p1f1,2063,05,02,0.0,15.638857,2.9402015,2063
17654,r2i1p1f1,2063,05,03,1.9223384492656455,12.397698,-1.189048,2063
17655,r2i1p1f1,2063,05,04,0.0,23.278952,5.680643,2063
17656,r2i1p1f1,2063,05,05,0.0,27.89916,9.946248,2063
17657,r2i1p1f1,2063,05,06,0.0,29.173916,10.980311,2063
17658,r2i1p1f1,2063,05,07,0.0,28.348497,11.277635,2063
17659,r2i1p1f1,2063,05,08,0.0,25.832146,9.305666,2063
17660,r2i1p1f1,2063,05,09,0.013759202332808994,26.954271,10.087646,2063
17661,r2i1p1f1,2063,05,10,0.0,26.890074,10.19688,2063
17662,r2i1p1f1,2063,05,11,0.0,22.905706,7.2596655,2063
17663,r2i1p1f1,2063,05,12,0.0,22.31522,5.2552676,2063
17664,r2i1p1f1,2063,05,13,0.0,23.48193,6.717053,2063
17665,r2i1p1f1,2063,05,14,0.0,24.020765,7.407211,2063
17666,r2i1p1f1,2063,05,15,0.0,24.759272,6.393561,2063
17667,r2i1p1f1,2063,05,16,0.0,26.577389,8.58174,2063
17668,r2i1p1f1,2063,05,17,0.0,28.803204,10.231944,2063
17669,r2i1p1f1,2063,05,18,0.0,25.730007,9.17189,2063
17670,r2i1p1f1,2063,05,19,0.0,26.962725,9.491259,2063
17671,r2i1p1f1,2063,05,20,0.00010791202122653395,23.60688,6.4693694,2063
17672,r2i1p1f1,2063,05,21,46.28871276643342,11.830202,-1.6219385,2063
17673,r2i1p1f1,2063,05,22,1.8564675339838197,9.861638,2.464732,2063
17674,r2i1p1f1,2063,05,23,0.029552719860685802,13.2987385,2.0633998,2063
17675,r2i1p1f1,2063,05,24,0.0,20.100172,5.9010873,2063
17676,r2i1p1f1,2063,05,25,0.0,27.587627,11.069804,2063
17677,r2i1p1f1,2063,05,26,5.14921208456284,19.499971,3.7388878,2063
17678,r2i1p1f1,2063,05,27,16.406956857715087,13.275776,2.9178748,2063
17679,r2i1p1f1,2063,05,28,13.24778144973187,15.255576,0.39378542,2063
17680,r2i1p1f1,2063,05,29,0.0,24.532162,8.16362,2063
17681,r2i1p1f1,2063,05,30,0.0,26.540092,10.007103,2063
17682,r2i1p1f1,2063,05,31,0.0,26.526964,9.730763,2063
17683,r2i1p1f1,2063,06,01,0.0,27.37727,10.878833,2063
17684,r2i1p1f1,2063,06,02,0.0,30.238607,12.292048,2063
17685,r2i1p1f1,2063,06,03,0.0,31.00119,13.2065935,2063
17686,r2i1p1f1,2063,06,04,0.0,30.140612,12.610676,2063
17687,r2i1p1f1,2063,06,05,0.1791108437688448,29.449713,11.741196,2063
17688,r2i1p1f1,2063,06,06,0.0,28.99452,11.353795,2063
17689,r2i1p1f1,2063,06,07,0.0,27.246206,11.10191,2063
17690,r2i1p1f1,2063,06,08,0.0,27.489702,11.745843,2063
17691,r2i1p1f1,2063,06,09,0.0,27.161547,10.032308,2063
17692,r2i1p1f1,2063,06,10,0.0,26.150442,8.959621,2063
17693,r2i1p1f1,2063,06,11,0.0,27.344828,10.423549,2063
17694,r2i1p1f1,2063,06,12,0.0,30.320744,13.931046,2063
17695,r2i1p1f1,2063,06,13,0.0,30.334688,12.057424,2063
17696,r2i1p1f1,2063,06,14,0.0,29.048302,10.982448,2063
17697,r2i1p1f1,2063,06,15,0.0,31.279434,12.393138,2063
17698,r2i1p1f1,2063,06,16,0.0,29.71142,11.709865,2063
17699,r2i1p1f1,2063,06,17,0.0,28.21542,10.327942,2063
17700,r2i1p1f1,2063,06,18,0.0,23.481134,6.5453725,2063
17701,r2i1p1f1,2063,06,19,0.0,25.189598,6.3449154,2063
17702,r2i1p1f1,2063,06,20,0.0,26.334623,8.650032,2063
17703,r2i1p1f1,2063,06,21,0.0,27.052485,10.319451,2063
17704,r2i1p1f1,2063,06,22,0.0,27.582104,10.6930895,2063
17705,r2i1p1f1,2063,06,23,0.0,31.41139,12.841695,2063
17706,r2i1p1f1,2063,06,24,0.0,33.14196,15.301465,2063
17707,r2i1p1f1,2063,06,25,0.0,35.805378,19.827274,2063
17708,r2i1p1f1,2063,06,26,0.0,34.914692,18.080017,2063
17709,r2i1p1f1,2063,06,27,0.0,33.13516,16.515337,2063
17710,r2i1p1f1,2063,06,28,0.0,31.540092,15.071773,2063
17711,r2i1p1f1,2063,06,29,0.0,29.239405,13.001666,2063
17712,r2i1p1f1,2063,06,30,0.0,27.141615,10.402507,2063
17713,r2i1p1f1,2063,07,01,0.0,25.592726,9.05802,2063
17714,r2i1p1f1,2063,07,02,0.0,28.159746,11.035716,2063
17715,r2i1p1f1,2063,07,03,0.0,31.290659,13.221971,2063
17716,r2i1p1f1,2063,07,04,0.0,34.14067,14.009024,2063
17717,r2i1p1f1,2063,07,05,0.00810356958446881,33.778835,14.71904,2063
17718,r2i1p1f1,2063,07,06,0.0,34.18129,14.18442,2063
17719,r2i1p1f1,2063,07,07,0.0,32.59512,15.367312,2063
17720,r2i1p1f1,2063,07,08,0.0,31.272602,14.564494,2063
17721,r2i1p1f1,2063,07,09,0.0,30.627392,14.773954,2063
17722,r2i1p1f1,2063,07,10,0.0,30.204891,14.869477,2063
17723,r2i1p1f1,2063,07,11,0.0,30.9683,14.403108,2063
17724,r2i1p1f1,2063,07,12,0.0,30.800985,14.316118,2063
17725,r2i1p1f1,2063,07,13,0.0,30.918453,15.30883,2063
17726,r2i1p1f1,2063,07,14,0.0,31.71609,15.229433,2063
17727,r2i1p1f1,2063,07,15,0.0,32.74989,16.288286,2063
17728,r2i1p1f1,2063,07,16,0.0,32.99873,16.227936,2063
17729,r2i1p1f1,2063,07,17,0.0,33.491848,17.281637,2063
17730,r2i1p1f1,2063,07,18,0.0,34.263115,17.976439,2063
17731,r2i1p1f1,2063,07,19,0.0,34.18078,18.185024,2063
17732,r2i1p1f1,2063,07,20,0.0,34.678986,17.379879,2063
17733,r2i1p1f1,2063,07,21,0.0,32.80711,14.890393,2063
17734,r2i1p1f1,2063,07,22,0.0,30.804081,13.965344,2063
17735,r2i1p1f1,2063,07,23,0.0,30.617138,13.991665,2063
17736,r2i1p1f1,2063,07,24,0.0,31.235006,14.503058,2063
17737,r2i1p1f1,2063,07,25,0.0,32.027138,15.190799,2063
17738,r2i1p1f1,2063,07,26,0.0,31.995626,14.450706,2063
17739,r2i1p1f1,2063,07,27,0.0,30.848627,14.103694,2063
17740,r2i1p1f1,2063,07,28,0.0,30.05145,14.554289,2063
17741,r2i1p1f1,2063,07,29,0.0,31.181217,14.19273,2063
17742,r2i1p1f1,2063,07,30,0.30240766019023096,32.080784,14.777361,2063
17743,r2i1p1f1,2063,07,31,9.110441680681665,32.165394,17.880009,2063
17744,r2i1p1f1,2063,08,01,0.88150252048623,31.662432,17.204002,2063
17745,r2i1p1f1,2063,08,02,0.0,33.57535,16.581408,2063
17746,r2i1p1f1,2063,08,03,0.002065782371993499,34.35953,17.46447,2063
17747,r2i1p1f1,2063,08,04,0.0,33.39622,17.36496,2063
17748,r2i1p1f1,2063,08,05,0.0,34.788548,17.677181,2063
17749,r2i1p1f1,2063,08,06,3.5452336018491994,34.876072,18.283895,2063
17750,r2i1p1f1,2063,08,07,0.003587685387174133,34.0308,17.188133,2063
17751,r2i1p1f1,2063,08,08,0.0,33.591335,16.264658,2063
17752,r2i1p1f1,2063,08,09,0.0,32.718555,16.50207,2063
17753,r2i1p1f1,2063,08,10,0.0,32.265152,15.6787,2063
17754,r2i1p1f1,2063,08,11,0.08809513532591715,31.24643,14.733433,2063
17755,r2i1p1f1,2063,08,12,1.2955242134239597,28.322052,15.228143,2063
17756,r2i1p1f1,2063,08,13,0.02969591682463383,28.964462,14.54444,2063
17757,r2i1p1f1,2063,08,14,0.0,30.693365,14.674102,2063
17758,r2i1p1f1,2063,08,15,0.0,31.257853,14.57323,2063
17759,r2i1p1f1,2063,08,16,0.0,30.682764,14.104038,2063
17760,r2i1p1f1,2063,08,17,0.0,28.729565,12.708337,2063
17761,r2i1p1f1,2063,08,18,0.0,26.868753,9.770179,2063
17762,r2i1p1f1,2063,08,19,0.0,26.12468,8.870017,2063
17763,r2i1p1f1,2063,08,20,0.0,27.300957,10.318529,2063
17764,r2i1p1f1,2063,08,21,0.0,28.057178,11.446875,2063
17765,r2i1p1f1,2063,08,22,0.0,28.50622,11.86622,2063
17766,r2i1p1f1,2063,08,23,0.0,28.86787,13.450718,2063
17767,r2i1p1f1,2063,08,24,0.0,29.368872,13.912512,2063
17768,r2i1p1f1,2063,08,25,0.0,29.52653,14.033732,2063
17769,r2i1p1f1,2063,08,26,0.0,30.269175,14.635966,2063
17770,r2i1p1f1,2063,08,27,7.782953157290579,29.799643,14.935681,2063
17771,r2i1p1f1,2063,08,28,0.0,26.821396,11.76747,2063
17772,r2i1p1f1,2063,08,29,0.0,28.575346,13.236858,2063
17773,r2i1p1f1,2063,08,30,0.0,30.421618,14.717536,2063
17774,r2i1p1f1,2063,08,31,0.0,31.222471,15.153737,2063
17775,r2i1p1f1,2063,09,01,0.0,30.506742,15.490769,2063
17776,r2i1p1f1,2063,09,02,0.0,29.960508,15.550811,2063
17777,r2i1p1f1,2063,09,03,0.0,30.241182,15.371909,2063
17778,r2i1p1f1,2063,09,04,0.0,28.83148,13.952236,2063
17779,r2i1p1f1,2063,09,05,0.0,27.653843,12.265749,2063
17780,r2i1p1f1,2063,09,06,0.0,26.546268,11.482823,2063
17781,r2i1p1f1,2063,09,07,0.0,25.212856,10.47718,2063
17782,r2i1p1f1,2063,09,08,0.0,25.508545,10.771068,2063
17783,r2i1p1f1,2063,09,09,0.0,24.481258,9.770887,2063
17784,r2i1p1f1,2063,09,10,0.0,22.158972,7.427047,2063
17785,r2i1p1f1,2063,09,11,0.0010365526647477124,23.778488,6.5088873,2063
17786,r2i1p1f1,2063,09,12,1.2153157083328272,22.877655,5.844118,2063
17787,r2i1p1f1,2063,09,13,0.0,27.168985,9.666207,2063
17788,r2i1p1f1,2063,09,14,0.0,26.02253,10.789876,2063
17789,r2i1p1f1,2063,09,15,0.0,25.838766,9.780608,2063
17790,r2i1p1f1,2063,09,16,0.0,22.867645,7.0794535,2063
17791,r2i1p1f1,2063,09,17,0.0,24.538769,8.879296,2063
17792,r2i1p1f1,2063,09,18,0.0,24.391733,9.120387,2063
17793,r2i1p1f1,2063,09,19,0.0,24.717255,8.738541,2063
17794,r2i1p1f1,2063,09,20,0.0,26.743984,8.6922245,2063
17795,r2i1p1f1,2063,09,21,0.0,29.490454,10.992907,2063
17796,r2i1p1f1,2063,09,22,0.0,31.930502,13.851024,2063
17797,r2i1p1f1,2063,09,23,0.0,30.840097,13.670693,2063
17798,r2i1p1f1,2063,09,24,0.0,29.11557,14.391516,2063
17799,r2i1p1f1,2063,09,25,0.0,28.128736,12.193195,2063
17800,r2i1p1f1,2063,09,26,0.0,28.556435,12.54497,2063
17801,r2i1p1f1,2063,09,27,0.0,29.059984,13.513304,2063
17802,r2i1p1f1,2063,09,28,0.0,30.09126,11.802946,2063
17803,r2i1p1f1,2063,09,29,0.0,29.697065,11.247916,2063
17804,r2i1p1f1,2063,09,30,0.0,25.687634,10.231674,2063
17805,r2i1p1f1,2063,10,01,0.0,18.443974,4.515416,2063
17806,r2i1p1f1,2063,10,02,0.0,17.38224,3.2035046,2063
17807,r2i1p1f1,2063,10,03,0.0,21.073229,4.566235,2063
17808,r2i1p1f1,2063,10,04,0.0,23.112537,5.78886,2063
17809,r2i1p1f1,2063,10,05,0.0,27.11705,8.935632,2063
17810,r2i1p1f1,2063,10,06,0.0,23.964499,9.507667,2063
17811,r2i1p1f1,2063,10,07,0.12588905245558216,19.965136,6.1045475,2063
17812,r2i1p1f1,2063,10,08,10.07424461679945,14.289404,2.5144832,2063
17813,r2i1p1f1,2063,10,09,3.62959585808522,12.092686,6.7750974,2063
17814,r2i1p1f1,2063,10,10,8.934874426323894,14.0802145,3.943626,2063
17815,r2i1p1f1,2063,10,11,0.0,20.906797,5.211341,2063
17816,r2i1p1f1,2063,10,12,0.0,23.844723,6.7416286,2063
17817,r2i1p1f1,2063,10,13,0.0,24.486788,5.777676,2063
17818,r2i1p1f1,2063,10,14,0.0,28.098427,10.243532,2063
17819,r2i1p1f1,2063,10,15,0.0,28.13668,11.846182,2063
17820,r2i1p1f1,2063,10,16,0.0,25.598558,10.768907,2063
17821,r2i1p1f1,2063,10,17,0.0,25.034304,6.8332863,2063
17822,r2i1p1f1,2063,10,18,0.0,24.055683,7.62843,2063
17823,r2i1p1f1,2063,10,19,0.0,23.436476,6.8681126,2063
17824,r2i1p1f1,2063,10,20,0.0,22.335033,6.400171,2063
17825,r2i1p1f1,2063,10,21,0.0,24.743696,6.719745,2063
17826,r2i1p1f1,2063,10,22,0.8370785237485296,21.727245,8.6963625,2063
17827,r2i1p1f1,2063,10,23,0.027678870950554622,23.696188,6.8923244,2063
17828,r2i1p1f1,2063,10,24,0.0,22.697992,6.262596,2063
17829,r2i1p1f1,2063,10,25,0.0,18.489735,5.1159544,2063
17830,r2i1p1f1,2063,10,26,0.0,18.149548,5.6086655,2063
17831,r2i1p1f1,2063,10,27,0.0,21.456762,6.9727902,2063
17832,r2i1p1f1,2063,10,28,0.0,21.01124,5.273895,2063
17833,r2i1p1f1,2063,10,29,0.0,20.624994,4.3247395,2063
17834,r2i1p1f1,2063,10,30,0.0,21.13149,5.8533163,2063
17835,r2i1p1f1,2063,10,31,0.0,19.23066,3.3593733,2063
17836,r2i1p1f1,2063,11,01,0.0,16.362885,1.2958549,2063
17837,r2i1p1f1,2063,11,02,0.0,16.92353,1.2748479,2063
17838,r2i1p1f1,2063,11,03,0.0,14.638108,3.1791716,2063
17839,r2i1p1f1,2063,11,04,0.0,18.197966,1.794799,2063
17840,r2i1p1f1,2063,11,05,0.0,14.341502,1.9466153,2063
17841,r2i1p1f1,2063,11,06,0.34121704856471086,14.399641,3.0341504,2063
17842,r2i1p1f1,2063,11,07,0.0,22.894785,4.8831882,2063
17843,r2i1p1f1,2063,11,08,0.0,23.817495,7.430369,2063
17844,r2i1p1f1,2063,11,09,0.0,23.995892,8.009951,2063
17845,r2i1p1f1,2063,11,10,0.0,23.556305,7.793086,2063
17846,r2i1p1f1,2063,11,11,0.0,24.87251,7.9144864,2063
17847,r2i1p1f1,2063,11,12,0.0,24.240446,6.8153634,2063
17848,r2i1p1f1,2063,11,13,0.0,24.109232,7.0615892,2063
17849,r2i1p1f1,2063,11,14,0.0,24.155205,6.7246823,2063
17850,r2i1p1f1,2063,11,15,0.0,24.971478,6.439595,2063
17851,r2i1p1f1,2063,11,16,0.0,24.439476,7.3810253,2063
17852,r2i1p1f1,2063,11,17,0.0,20.853315,2.669574,2063
17853,r2i1p1f1,2063,11,18,0.0,13.336716,1.0787286,2063
17854,r2i1p1f1,2063,11,19,0.039569777100741006,5.224501,-5.7472086,2063
17855,r2i1p1f1,2063,11,20,3.507548729024935,5.4978795,-2.2029212,2063
17856,r2i1p1f1,2063,11,21,2.7264670338599197,7.090311,0.09131241,2063
17857,r2i1p1f1,2063,11,22,8.04921990060253,10.105196,2.881416,2063
17858,r2i1p1f1,2063,11,23,23.543159533745403,14.008526,1.5344447,2063
17859,r2i1p1f1,2063,11,24,75.69957298725897,15.923723,-0.13928917,2063
17860,r2i1p1f1,2063,11,25,46.681047518415234,9.606644,-1.1866479,2063
17861,r2i1p1f1,2063,11,26,12.279039889402226,6.5330176,-0.8205637,2063
17862,r2i1p1f1,2063,11,27,38.85240298583925,7.253065,-4.195513,2063
17863,r2i1p1f1,2063,11,28,24.02438659706744,2.9560041,-2.7616718,2063
17864,r2i1p1f1,2063,11,29,10.963835055372328,2.1617782,-5.03823,2063
17865,r2i1p1f1,2063,11,30,27.034060468968864,5.5569777,-3.0390303,2063
17866,r2i1p1f1,2063,12,01,54.33324831269252,4.2293105,-1.008328,2063
17867,r2i1p1f1,2063,12,02,9.87573633745062,10.216384,1.0598965,2063
17868,r2i1p1f1,2063,12,03,0.0,11.567105,6.301769,2063
17869,r2i1p1f1,2063,12,04,0.0,17.593254,4.68506,2063
17870,r2i1p1f1,2063,12,05,0.0,19.14097,4.9217978,2063
17871,r2i1p1f1,2063,12,06,0.0,17.80228,5.854854,2063
17872,r2i1p1f1,2063,12,07,0.0,17.303888,4.7568107,2063
17873,r2i1p1f1,2063,12,08,10.337069960909362,10.869849,6.616255,2063
17874,r2i1p1f1,2063,12,09,2.4846788019868447,10.345535,6.1599817,2063
17875,r2i1p1f1,2063,12,10,4.367834591581554,10.996272,6.9697766,2063
17876,r2i1p1f1,2063,12,11,47.21807628028238,9.74009,4.863351,2063
17877,r2i1p1f1,2063,12,12,31.575395341049163,10.151776,5.0876126,2063
17878,r2i1p1f1,2063,12,13,19.932779436259388,9.909254,5.80366,2063
17879,r2i1p1f1,2063,12,14,0.0,13.272747,4.330331,2063
17880,r2i1p1f1,2063,12,15,0.0,12.086618,1.7793509,2063
17881,r2i1p1f1,2063,12,16,15.111928824514438,9.356774,4.642226,2063
17882,r2i1p1f1,2063,12,17,67.34224483549882,11.2209015,6.976467,2063
17883,r2i1p1f1,2063,12,18,72.33384873968764,12.230062,8.090928,2063
17884,r2i1p1f1,2063,12,19,19.177365851087067,13.123678,1.1738881,2063
17885,r2i1p1f1,2063,12,20,0.00011889814179364924,9.298734,-2.529204,2063
17886,r2i1p1f1,2063,12,21,0.0,8.406074,-1.5228285,2063
17887,r2i1p1f1,2063,12,22,17.84674413457441,6.76323,-0.4061167,2063
17888,r2i1p1f1,2063,12,23,0.8044045137362096,6.796366,2.3118682,2063
17889,r2i1p1f1,2063,12,24,0.0,6.4302845,-1.2072169,2063
17890,r2i1p1f1,2063,12,25,0.02788465655892371,3.2444484,-0.9798942,2063
17891,r2i1p1f1,2063,12,26,0.0,4.592362,-3.1370375,2063
17892,r2i1p1f1,2063,12,27,23.794124579692905,2.7068408,-2.1768172,2063
17893,r2i1p1f1,2063,12,28,37.493267318215935,8.004796,2.1446497,2063
17894,r2i1p1f1,2063,12,29,55.54890565466709,9.613495,3.7142553,2063
17895,r2i1p1f1,2063,12,30,81.72617866836775,12.490068,3.6298249,2063
17896,r2i1p1f1,2063,12,31,20.814397495884734,8.851987,-0.07415615,2063
17897,r2i1p1f1,2064,01,01,1.622453726975856,3.1197207,-6.8210278,2064
17898,r2i1p1f1,2064,01,02,0.0,3.5555677,-2.7721686,2064
17899,r2i1p1f1,2064,01,03,51.75773863626931,4.6199927,-3.8523083,2064
17900,r2i1p1f1,2064,01,04,30.276061685379737,4.805106,0.13798015,2064
17901,r2i1p1f1,2064,01,05,10.92053787136907,3.0656958,-1.0141742,2064
17902,r2i1p1f1,2064,01,06,0.30502266424893887,5.3650575,0.94939953,2064
17903,r2i1p1f1,2064,01,07,0.0,10.396311,2.64691,2064
17904,r2i1p1f1,2064,01,08,16.85118506429717,10.86603,3.3091016,2064
17905,r2i1p1f1,2064,01,09,10.407218772832913,11.837386,6.9146476,2064
17906,r2i1p1f1,2064,01,10,109.50777517416729,10.4391775,5.5943766,2064
17907,r2i1p1f1,2064,01,11,19.92740744164901,10.791498,5.34735,2064
17908,r2i1p1f1,2064,01,12,40.35305346389158,9.044968,5.0482492,2064
17909,r2i1p1f1,2064,01,13,0.0,14.49198,6.455212,2064
17910,r2i1p1f1,2064,01,14,0.0,12.4710245,8.3001995,2064
17911,r2i1p1f1,2064,01,15,0.9362630916432233,11.433936,4.917516,2064
17912,r2i1p1f1,2064,01,16,0.0,17.369545,4.2737155,2064
17913,r2i1p1f1,2064,01,17,0.0,19.66473,6.033738,2064
17914,r2i1p1f1,2064,01,18,0.0,18.952694,4.7227445,2064
17915,r2i1p1f1,2064,01,19,0.0,18.44237,5.7429295,2064
17916,r2i1p1f1,2064,01,20,0.0,21.006502,6.9728184,2064
17917,r2i1p1f1,2064,01,21,0.0,21.481201,6.7511587,2064
17918,r2i1p1f1,2064,01,22,0.0,23.238773,8.142247,2064
17919,r2i1p1f1,2064,01,23,0.2712604892412156,17.472153,6.4261203,2064
17920,r2i1p1f1,2064,01,24,0.0,9.765384,3.5089965,2064
17921,r2i1p1f1,2064,01,25,57.47638845081943,11.285462,3.3348155,2064
17922,r2i1p1f1,2064,01,26,18.60103265048215,11.936683,8.019227,2064
17923,r2i1p1f1,2064,01,27,43.54959178554754,12.815535,4.7563596,2064
17924,r2i1p1f1,2064,01,28,45.01709331346389,6.958673,-2.9522321,2064
17925,r2i1p1f1,2064,01,29,2.0987286587044833,3.0667639,-4.3844833,2064
17926,r2i1p1f1,2064,01,30,0.02198892585651125,6.9183254,-3.4686406,2064
17927,r2i1p1f1,2064,01,31,0.0,10.646988,0.15086766,2064
17928,r2i1p1f1,2064,02,01,5.516066915074939,10.221265,2.5416293,2064
17929,r2i1p1f1,2064,02,02,30.60598924326209,6.5624223,-2.803439,2064
17930,r2i1p1f1,2064,02,03,12.79282130467786,4.9616933,-4.739409,2064
17931,r2i1p1f1,2064,02,04,11.351421170827681,3.2140453,-1.7901603,2064
17932,r2i1p1f1,2064,02,05,0.29686747732809565,6.226338,-4.0534005,2064
17933,r2i1p1f1,2064,02,06,0.0,7.0623655,-5.892028,2064
17934,r2i1p1f1,2064,02,07,0.0,5.840814,-1.6947467,2064
17935,r2i1p1f1,2064,02,08,0.0,8.389611,-0.5963321,2064
17936,r2i1p1f1,2064,02,09,3.0997370920466403,5.9383373,1.1004858,2064
17937,r2i1p1f1,2064,02,10,7.039973335262262,7.0255423,1.433401,2064
17938,r2i1p1f1,2064,02,11,0.0,17.343119,2.200826,2064
17939,r2i1p1f1,2064,02,12,0.0,17.830318,3.6138725,2064
17940,r2i1p1f1,2064,02,13,0.0,14.879476,4.0206413,2064
17941,r2i1p1f1,2064,02,14,0.5821999165233976,14.843415,4.5203786,2064
17942,r2i1p1f1,2064,02,15,0.0,14.916657,2.264005,2064
17943,r2i1p1f1,2064,02,16,0.0,14.329754,0.62789357,2064
17944,r2i1p1f1,2064,02,17,0.0,16.165033,1.8401215,2064
17945,r2i1p1f1,2064,02,18,0.0,12.857347,1.7786053,2064
17946,r2i1p1f1,2064,02,19,12.244261587329675,10.780964,5.300332,2064
17947,r2i1p1f1,2064,02,20,34.973491112200115,11.536087,6.199919,2064
17948,r2i1p1f1,2064,02,21,32.98444781304659,10.588706,0.600168,2064
17949,r2i1p1f1,2064,02,22,0.0,15.480225,1.0782452,2064
17950,r2i1p1f1,2064,02,23,3.5969864718726265,13.50938,0.11182335,2064
17951,r2i1p1f1,2064,02,24,19.33431723378957,11.126468,4.443295,2064
17952,r2i1p1f1,2064,02,25,57.37191076802377,10.284174,3.1052752,2064
17953,r2i1p1f1,2064,02,26,4.699882940845923,11.595259,-1.9037793,2064
17954,r2i1p1f1,2064,02,27,0.0,9.492261,-2.4226701,2064
17955,r2i1p1f1,2064,02,28,7.275195442567705,3.4827833,-3.78476,2064
17956,r2i1p1f1,2064,02,29,1.4128138052071266,2.7893674,-4.168816,2064
17957,r2i1p1f1,2064,03,01,0.019078553528883137,4.304419,-3.9895544,2064
17958,r2i1p1f1,2064,03,02,1.6858415170435574,2.7177668,-5.195776,2064
17959,r2i1p1f1,2064,03,03,46.81050874104795,2.6286244,-4.5846386,2064
17960,r2i1p1f1,2064,03,04,42.548666471758715,2.1060731,-6.3061366,2064
17961,r2i1p1f1,2064,03,05,0.03451441757183952,3.5822637,-7.2687035,2064
17962,r2i1p1f1,2064,03,06,0.15597762596301507,3.6596358,-1.7060071,2064
17963,r2i1p1f1,2064,03,07,41.89702977578585,2.115475,-3.0484772,2064
17964,r2i1p1f1,2064,03,08,73.08368015667209,9.975813,-3.9820044,2064
17965,r2i1p1f1,2064,03,09,48.541960558549576,11.298369,-4.195641,2064
17966,r2i1p1f1,2064,03,10,0.0,6.3178453,-4.797481,2064
17967,r2i1p1f1,2064,03,11,12.080489663640037,2.419535,-4.1843457,2064
17968,r2i1p1f1,2064,03,12,15.005169625958214,2.7052402,-4.4494886,2064
17969,r2i1p1f1,2064,03,13,0.0,4.2056594,-3.1511662,2064
17970,r2i1p1f1,2064,03,14,2.768972629844659,2.2995381,-2.9921672,2064
17971,r2i1p1f1,2064,03,15,0.0,11.238303,-4.3440137,2064
17972,r2i1p1f1,2064,03,16,0.0,11.356467,-3.7452679,2064
17973,r2i1p1f1,2064,03,17,42.54877631095811,7.1775303,-0.72840375,2064
17974,r2i1p1f1,2064,03,18,7.995605891315231,9.46684,-0.81466216,2064
17975,r2i1p1f1,2064,03,19,33.63376139403464,7.0337033,1.3319433,2064
17976,r2i1p1f1,2064,03,20,9.990062176187235,4.633484,-0.19730905,2064
17977,r2i1p1f1,2064,03,21,28.3843107530489,4.4057474,-0.2250953,2064
17978,r2i1p1f1,2064,03,22,37.505102903994086,4.7309365,-4.14207,2064
17979,r2i1p1f1,2064,03,23,0.0,8.929354,-7.381975,2064
17980,r2i1p1f1,2064,03,24,0.0,8.4810915,-5.0127974,2064
17981,r2i1p1f1,2064,03,25,0.0,12.805879,-2.1927235,2064
17982,r2i1p1f1,2064,03,26,0.0,13.800254,0.109726146,2064
17983,r2i1p1f1,2064,03,27,0.5332802202526812,12.212269,5.0857706,2064
17984,r2i1p1f1,2064,03,28,0.1498267917038622,17.960115,1.765447,2064
17985,r2i1p1f1,2064,03,29,0.0,19.289537,3.8217475,2064
17986,r2i1p1f1,2064,03,30,0.0,20.329742,3.779414,2064
17987,r2i1p1f1,2064,03,31,0.3021973046413743,20.26658,6.125661,2064
17988,r2i1p1f1,2064,04,01,2.6205745254768633,14.171618,4.0856376,2064
17989,r2i1p1f1,2064,04,02,3.5976736912813907,14.523189,2.9134848,2064
17990,r2i1p1f1,2064,04,03,25.516295165177254,15.3333025,-1.9254954,2064
17991,r2i1p1f1,2064,04,04,0.0,17.985714,1.6160886,2064
17992,r2i1p1f1,2064,04,05,0.0,19.614178,8.051415,2064
17993,r2i1p1f1,2064,04,06,3.5942959267930954,14.689804,-2.9813054,2064
17994,r2i1p1f1,2064,04,07,0.0,12.902754,-3.2008438,2064
17995,r2i1p1f1,2064,04,08,0.6868074747427062,8.594297,-0.9896135,2064
17996,r2i1p1f1,2064,04,09,0.012831794237382173,6.3283224,-0.61614215,2064
17997,r2i1p1f1,2064,04,10,0.8761907263358528,4.7266593,-3.453562,2064
17998,r2i1p1f1,2064,04,11,0.0,14.624239,-2.1448839,2064
17999,r2i1p1f1,2064,04,12,1.5778305455674295,15.172011,-2.3657978,2064
18000,r2i1p1f1,2064,04,13,24.692572136812558,9.375344,-0.547675,2064
18001,r2i1p1f1,2064,04,14,5.633432958431793,5.865436,-2.7583838,2064
18002,r2i1p1f1,2064,04,15,36.26470016091704,2.2367146,-2.2214043,2064
18003,r2i1p1f1,2064,04,16,45.154589501012545,4.072028,-0.7578993,2064
18004,r2i1p1f1,2064,04,17,3.910295251052258,5.229133,-2.1244273,2064
18005,r2i1p1f1,2064,04,18,0.14630619100968872,7.9973693,-5.2416615,2064
18006,r2i1p1f1,2064,04,19,0.022468204931031393,10.793623,-5.858886,2064
18007,r2i1p1f1,2064,04,20,1.6353240876644402,6.609127,0.19215295,2064
18008,r2i1p1f1,2064,04,21,0.0024398687506058756,13.59812,-0.38510308,2064
18009,r2i1p1f1,2064,04,22,0.0,18.741117,1.9333488,2064
18010,r2i1p1f1,2064,04,23,0.0,19.953901,3.377597,2064
18011,r2i1p1f1,2064,04,24,0.0,21.242252,3.6186268,2064
18012,r2i1p1f1,2064,04,25,1.3737312206873098,18.493681,2.7600539,2064
18013,r2i1p1f1,2064,04,26,7.0726003157268185,10.15154,-0.03799771,2064
18014,r2i1p1f1,2064,04,27,0.0,20.510614,3.0419528,2064
18015,r2i1p1f1,2064,04,28,0.0,20.071442,3.802793,2064
18016,r2i1p1f1,2064,04,29,0.0,18.558823,1.1770185,2064
18017,r2i1p1f1,2064,04,30,0.0,14.357837,-0.4144469,2064
18018,r2i1p1f1,2064,05,01,0.0,16.432701,1.0460774,2064
18019,r2i1p1f1,2064,05,02,4.684001680023077,15.554628,1.5821352,2064
18020,r2i1p1f1,2064,05,03,0.6066459529751438,14.977851,4.6377244,2064
18021,r2i1p1f1,2064,05,04,0.012432402469969999,19.577375,3.2571642,2064
18022,r2i1p1f1,2064,05,05,1.9972541524076894,17.62772,2.015002,2064
18023,r2i1p1f1,2064,05,06,32.07789632366397,10.230962,2.0380151,2064
18024,r2i1p1f1,2064,05,07,1.0271539626116395,11.065677,0.7460416,2064
18025,r2i1p1f1,2064,05,08,0.10938474258112435,13.437702,1.3904607,2064
18026,r2i1p1f1,2064,05,09,0.17502225963863355,14.15066,2.0493686,2064
18027,r2i1p1f1,2064,05,10,0.10691419085140716,14.714581,3.8616173,2064
18028,r2i1p1f1,2064,05,11,12.071899087095517,11.941736,-3.1237855,2064
18029,r2i1p1f1,2064,05,12,0.1030270949041341,13.546013,-0.45855644,2064
18030,r2i1p1f1,2064,05,13,0.0,14.753582,4.3270826,2064
18031,r2i1p1f1,2064,05,14,0.0,16.634546,1.651731,2064
18032,r2i1p1f1,2064,05,15,1.517667362650872,12.185859,2.0127504,2064
18033,r2i1p1f1,2064,05,16,1.6603206765291991,19.649918,1.5930185,2064
18034,r2i1p1f1,2064,05,17,0.0,24.89554,7.1248045,2064
18035,r2i1p1f1,2064,05,18,0.0,27.48706,10.14455,2064
18036,r2i1p1f1,2064,05,19,0.0,27.048727,10.807131,2064
18037,r2i1p1f1,2064,05,20,0.0,28.128658,11.304613,2064
18038,r2i1p1f1,2064,05,21,0.0,29.27768,12.365074,2064
18039,r2i1p1f1,2064,05,22,0.0,30.0394,13.059534,2064
18040,r2i1p1f1,2064,05,23,0.0,30.878325,13.346564,2064
18041,r2i1p1f1,2064,05,24,0.0,31.133062,13.767668,2064
18042,r2i1p1f1,2064,05,25,0.0,31.373198,12.908078,2064
18043,r2i1p1f1,2064,05,26,0.0,28.811459,12.733846,2064
18044,r2i1p1f1,2064,05,27,0.0,28.0585,12.219429,2064
18045,r2i1p1f1,2064,05,28,0.0,30.2011,12.538096,2064
18046,r2i1p1f1,2064,05,29,0.0,31.289808,14.247668,2064
18047,r2i1p1f1,2064,05,30,0.0,31.666483,13.811516,2064
18048,r2i1p1f1,2064,05,31,0.0,31.752542,13.708894,2064
18049,r2i1p1f1,2064,06,01,0.0,32.914074,13.251052,2064
18050,r2i1p1f1,2064,06,02,0.0,31.839212,12.573979,2064
18051,r2i1p1f1,2064,06,03,0.0,29.304287,10.718495,2064
18052,r2i1p1f1,2064,06,04,0.0,28.440245,9.197005,2064
18053,r2i1p1f1,2064,06,05,0.0,30.34711,11.2282,2064
18054,r2i1p1f1,2064,06,06,0.0,30.816275,12.484133,2064
18055,r2i1p1f1,2064,06,07,0.0,31.336542,15.35878,2064
18056,r2i1p1f1,2064,06,08,0.0,31.380537,13.123629,2064
18057,r2i1p1f1,2064,06,09,0.0,30.244814,12.642304,2064
18058,r2i1p1f1,2064,06,10,0.0,30.520636,12.322802,2064
18059,r2i1p1f1,2064,06,11,0.0,30.328331,12.146535,2064
18060,r2i1p1f1,2064,06,12,0.020644976085839935,28.017998,9.893982,2064
18061,r2i1p1f1,2064,06,13,0.012297184842352111,25.513266,8.349227,2064
18062,r2i1p1f1,2064,06,14,2.69952681815784,21.278387,4.604879,2064
18063,r2i1p1f1,2064,06,15,1.2547391058083472,21.875362,4.4542437,2064
18064,r2i1p1f1,2064,06,16,0.15099684544391215,25.702726,10.100459,2064
18065,r2i1p1f1,2064,06,17,0.0,28.25688,11.166197,2064
18066,r2i1p1f1,2064,06,18,0.0,29.367012,11.94785,2064
18067,r2i1p1f1,2064,06,19,0.0,30.287949,13.068944,2064
18068,r2i1p1f1,2064,06,20,0.0,31.820248,13.032342,2064
18069,r2i1p1f1,2064,06,21,0.013641937794790674,32.07911,13.064915,2064
18070,r2i1p1f1,2064,06,22,0.0,27.560629,11.017515,2064
18071,r2i1p1f1,2064,06,23,6.411002244651452,23.124893,8.230594,2064
18072,r2i1p1f1,2064,06,24,0.014478371639807638,24.477167,10.358608,2064
18073,r2i1p1f1,2064,06,25,0.0,24.587896,9.205482,2064
18074,r2i1p1f1,2064,06,26,0.5877740754980411,24.774668,7.1282773,2064
18075,r2i1p1f1,2064,06,27,4.9361590367110555,24.676647,9.0775385,2064
18076,r2i1p1f1,2064,06,28,0.0,30.372183,12.033374,2064
18077,r2i1p1f1,2064,06,29,0.0,32.260452,14.172039,2064
18078,r2i1p1f1,2064,06,30,0.0,29.380981,14.233474,2064
18079,r2i1p1f1,2064,07,01,0.004047164419227136,27.094479,10.888147,2064
18080,r2i1p1f1,2064,07,02,0.0,26.925762,10.241683,2064
18081,r2i1p1f1,2064,07,03,0.0,28.92709,11.700263,2064
18082,r2i1p1f1,2064,07,04,0.0,29.66124,12.624114,2064
18083,r2i1p1f1,2064,07,05,0.0,29.248482,12.794689,2064
18084,r2i1p1f1,2064,07,06,0.0,28.669096,10.962873,2064
18085,r2i1p1f1,2064,07,07,0.0,28.710644,12.018806,2064
18086,r2i1p1f1,2064,07,08,0.0,29.326187,12.349922,2064
18087,r2i1p1f1,2064,07,09,0.0,29.09147,12.689988,2064
18088,r2i1p1f1,2064,07,10,0.012512501024712738,28.497572,12.303364,2064
18089,r2i1p1f1,2064,07,11,0.0,26.67118,9.714168,2064
18090,r2i1p1f1,2064,07,12,0.0,28.915113,12.247031,2064
18091,r2i1p1f1,2064,07,13,5.398059474880658,30.04395,13.644971,2064
18092,r2i1p1f1,2064,07,14,2.3851795218993526,24.233427,12.114625,2064
18093,r2i1p1f1,2064,07,15,0.0,25.393915,10.558086,2064
18094,r2i1p1f1,2064,07,16,0.0014293788808572572,25.988424,12.099934,2064
18095,r2i1p1f1,2064,07,17,0.0,27.81623,13.187156,2064
18096,r2i1p1f1,2064,07,18,0.0,29.100079,12.599969,2064
18097,r2i1p1f1,2064,07,19,0.0,28.031776,12.22272,2064
18098,r2i1p1f1,2064,07,20,0.0,26.269375,10.102215,2064
18099,r2i1p1f1,2064,07,21,0.19659540925413937,25.9082,11.017258,2064
18100,r2i1p1f1,2064,07,22,0.21994606233000433,23.048807,7.9867616,2064
18101,r2i1p1f1,2064,07,23,0.0,25.581984,11.768724,2064
18102,r2i1p1f1,2064,07,24,0.0,29.061245,12.702728,2064
18103,r2i1p1f1,2064,07,25,0.0,30.579472,14.351145,2064
18104,r2i1p1f1,2064,07,26,0.0,30.743847,14.738994,2064
18105,r2i1p1f1,2064,07,27,0.0,31.075155,15.282612,2064
18106,r2i1p1f1,2064,07,28,0.0,32.137352,15.750124,2064
18107,r2i1p1f1,2064,07,29,0.0,32.882698,15.608283,2064
18108,r2i1p1f1,2064,07,30,0.0,33.466183,15.896519,2064
18109,r2i1p1f1,2064,07,31,0.0,32.513184,15.07772,2064
18110,r2i1p1f1,2064,08,01,0.0,31.534672,15.142234,2064
18111,r2i1p1f1,2064,08,02,0.0,32.953133,15.328276,2064
18112,r2i1p1f1,2064,08,03,0.0,34.900276,16.576218,2064
18113,r2i1p1f1,2064,08,04,0.0,35.659134,17.024294,2064
18114,r2i1p1f1,2064,08,05,0.0,34.16596,17.189466,2064
18115,r2i1p1f1,2064,08,06,0.0,33.451706,17.121376,2064
18116,r2i1p1f1,2064,08,07,0.0,32.315372,16.1394,2064
18117,r2i1p1f1,2064,08,08,0.0,32.55333,15.887436,2064
18118,r2i1p1f1,2064,08,09,0.0,32.21462,16.202293,2064
18119,r2i1p1f1,2064,08,10,0.0,31.369127,14.476406,2064
18120,r2i1p1f1,2064,08,11,0.0,30.060717,13.930722,2064
18121,r2i1p1f1,2064,08,12,0.0,31.607773,14.276699,2064
18122,r2i1p1f1,2064,08,13,0.0,33.246998,15.721414,2064
18123,r2i1p1f1,2064,08,14,0.0,33.212864,16.287167,2064
18124,r2i1p1f1,2064,08,15,0.0,33.81718,16.582878,2064
18125,r2i1p1f1,2064,08,16,0.0,34.06127,16.467447,2064
18126,r2i1p1f1,2064,08,17,0.0,34.928772,17.497997,2064
18127,r2i1p1f1,2064,08,18,0.0,34.025997,16.926369,2064
18128,r2i1p1f1,2064,08,19,0.0,32.596073,15.980589,2064
18129,r2i1p1f1,2064,08,20,0.0,31.941187,14.850617,2064
18130,r2i1p1f1,2064,08,21,0.0,31.938648,15.036972,2064
18131,r2i1p1f1,2064,08,22,0.0,32.760883,15.418567,2064
18132,r2i1p1f1,2064,08,23,0.0,32.514156,15.334524,2064
18133,r2i1p1f1,2064,08,24,0.0,33.19611,16.109293,2064
18134,r2i1p1f1,2064,08,25,0.0,32.98627,16.092173,2064
18135,r2i1p1f1,2064,08,26,0.0,30.729723,14.886104,2064
18136,r2i1p1f1,2064,08,27,0.0,28.803846,14.193636,2064
18137,r2i1p1f1,2064,08,28,0.0,31.821787,14.902544,2064
18138,r2i1p1f1,2064,08,29,0.0,33.074863,16.099691,2064
18139,r2i1p1f1,2064,08,30,0.0,32.28673,15.28981,2064
18140,r2i1p1f1,2064,08,31,0.0,30.904444,13.580261,2064
18141,r2i1p1f1,2064,09,01,0.0,27.96973,12.718496,2064
18142,r2i1p1f1,2064,09,02,0.0,27.173143,11.676499,2064
18143,r2i1p1f1,2064,09,03,0.0,26.23692,9.83747,2064
18144,r2i1p1f1,2064,09,04,0.0,28.731865,11.444314,2064
18145,r2i1p1f1,2064,09,05,0.0,28.581656,12.328563,2064
18146,r2i1p1f1,2064,09,06,0.0,29.056051,13.40949,2064
18147,r2i1p1f1,2064,09,07,0.0,30.19796,12.620213,2064
18148,r2i1p1f1,2064,09,08,0.0,31.901947,13.587836,2064
18149,r2i1p1f1,2064,09,09,0.0,32.01484,14.06832,2064
18150,r2i1p1f1,2064,09,10,0.03429874777793884,32.03489,15.987859,2064
18151,r2i1p1f1,2064,09,11,2.2913659789852456,29.40328,13.218797,2064
18152,r2i1p1f1,2064,09,12,0.0,29.669262,13.393645,2064
18153,r2i1p1f1,2064,09,13,8.336388627083998,31.568974,15.161953,2064
18154,r2i1p1f1,2064,09,14,1.8502168729705422,29.680748,13.684506,2064
18155,r2i1p1f1,2064,09,15,0.0,30.028872,15.0814495,2064
18156,r2i1p1f1,2064,09,16,0.0,32.44281,15.134219,2064
18157,r2i1p1f1,2064,09,17,0.0,29.821821,13.679268,2064
18158,r2i1p1f1,2064,09,18,0.0,27.253431,12.106282,2064
18159,r2i1p1f1,2064,09,19,0.0,27.461914,10.998416,2064
18160,r2i1p1f1,2064,09,20,0.0,23.882982,9.440053,2064
18161,r2i1p1f1,2064,09,21,0.08725150732621281,23.030993,9.440998,2064
18162,r2i1p1f1,2064,09,22,0.0,24.877184,9.249026,2064
18163,r2i1p1f1,2064,09,23,0.0,27.806026,11.549846,2064
18164,r2i1p1f1,2064,09,24,0.0,28.276031,11.241657,2064
18165,r2i1p1f1,2064,09,25,8.210731077227907,23.917046,8.546268,2064
18166,r2i1p1f1,2064,09,26,25.575905425984484,14.818306,7.8678966,2064
18167,r2i1p1f1,2064,09,27,11.344337654806553,14.849716,7.3313146,2064
18168,r2i1p1f1,2064,09,28,2.321925029278086,17.789972,6.0752463,2064
18169,r2i1p1f1,2064,09,29,0.5310331271525334,23.2529,7.6275296,2064
18170,r2i1p1f1,2064,09,30,0.0,26.402967,10.779732,2064
18171,r2i1p1f1,2064,10,01,0.0,28.995743,12.578468,2064
18172,r2i1p1f1,2064,10,02,0.0,29.289276,13.587834,2064
18173,r2i1p1f1,2064,10,03,125.32096809367292,24.282978,10.261712,2064
18174,r2i1p1f1,2064,10,04,87.72569985840863,18.143393,14.406526,2064
18175,r2i1p1f1,2064,10,05,56.75602107165525,15.637769,11.367449,2064
18176,r2i1p1f1,2064,10,06,9.87143939130944,19.452862,9.018326,2064
18177,r2i1p1f1,2064,10,07,0.04233854053661791,26.41621,9.275782,2064
18178,r2i1p1f1,2064,10,08,0.0,30.926842,11.890766,2064
18179,r2i1p1f1,2064,10,09,0.0,29.374258,13.942254,2064
18180,r2i1p1f1,2064,10,10,0.0,30.91148,14.58117,2064
18181,r2i1p1f1,2064,10,11,0.0,28.203564,12.636074,2064
18182,r2i1p1f1,2064,10,12,0.0,20.604425,10.92295,2064
18183,r2i1p1f1,2064,10,13,0.3960185466684589,24.100035,11.333444,2064
18184,r2i1p1f1,2064,10,14,0.0,23.182232,8.624155,2064
18185,r2i1p1f1,2064,10,15,0.0,22.001974,8.341001,2064
18186,r2i1p1f1,2064,10,16,0.0,20.269285,7.11886,2064
18187,r2i1p1f1,2064,10,17,0.0,20.901968,6.456017,2064
18188,r2i1p1f1,2064,10,18,0.0,23.000547,6.962595,2064
18189,r2i1p1f1,2064,10,19,0.0,25.397074,10.435418,2064
18190,r2i1p1f1,2064,10,20,0.0,25.834677,9.236483,2064
18191,r2i1p1f1,2064,10,21,0.0,26.009872,9.564813,2064
18192,r2i1p1f1,2064,10,22,0.0,24.727116,9.655912,2064
18193,r2i1p1f1,2064,10,23,0.0,22.413622,8.304671,2064
18194,r2i1p1f1,2064,10,24,0.0,21.342777,7.7933993,2064
18195,r2i1p1f1,2064,10,25,0.0,18.49501,6.857242,2064
18196,r2i1p1f1,2064,10,26,0.0,21.84626,7.676959,2064
18197,r2i1p1f1,2064,10,27,0.0,23.013113,7.297687,2064
18198,r2i1p1f1,2064,10,28,0.0,21.567421,6.293574,2064
18199,r2i1p1f1,2064,10,29,0.0,15.54125,2.3587952,2064
18200,r2i1p1f1,2064,10,30,54.591879855042166,12.907268,6.3101172,2064
18201,r2i1p1f1,2064,10,31,5.897636368522049,10.473305,1.5389686,2064
18202,r2i1p1f1,2064,11,01,0.0,14.36071,2.0320072,2064
18203,r2i1p1f1,2064,11,02,2.6062896353883285,13.26747,3.0341628,2064
18204,r2i1p1f1,2064,11,03,0.0,9.291858,1.290479,2064
18205,r2i1p1f1,2064,11,04,0.00026626766367161716,8.634253,0.7166855,2064
18206,r2i1p1f1,2064,11,05,0.0,15.136802,1.4810053,2064
18207,r2i1p1f1,2064,11,06,0.0,19.741934,5.184205,2064
18208,r2i1p1f1,2064,11,07,0.0,20.194855,5.8536797,2064
18209,r2i1p1f1,2064,11,08,0.0,18.896479,4.8599014,2064
18210,r2i1p1f1,2064,11,09,0.0,12.564211,-0.8913442,2064
18211,r2i1p1f1,2064,11,10,0.0,9.905025,-3.839886,2064
18212,r2i1p1f1,2064,11,11,0.0,7.761271,-6.4649525,2064
18213,r2i1p1f1,2064,11,12,0.0,7.940159,-5.830248,2064
18214,r2i1p1f1,2064,11,13,0.0,15.378803,-3.5209856,2064
18215,r2i1p1f1,2064,11,14,0.0,16.133728,1.2221427,2064
18216,r2i1p1f1,2064,11,15,0.0,15.677263,1.4229537,2064
18217,r2i1p1f1,2064,11,16,0.0,15.35222,2.2964423,2064
18218,r2i1p1f1,2064,11,17,0.5209159176921765,16.796078,3.838042,2064
18219,r2i1p1f1,2064,11,18,0.0,17.83813,4.2667313,2064
18220,r2i1p1f1,2064,11,19,0.0,17.539051,4.3416433,2064
18221,r2i1p1f1,2064,11,20,0.0,15.698511,2.06898,2064
18222,r2i1p1f1,2064,11,21,0.0,17.809444,1.9889491,2064
18223,r2i1p1f1,2064,11,22,0.0,15.797068,2.3093054,2064
18224,r2i1p1f1,2064,11,23,14.740704845686336,11.050124,2.3306024,2064
18225,r2i1p1f1,2064,11,24,28.7795428710524,12.38228,6.736122,2064
18226,r2i1p1f1,2064,11,25,0.0,12.384266,0.740661,2064
18227,r2i1p1f1,2064,11,26,28.882322841673158,8.125156,-1.5071408,2064
18228,r2i1p1f1,2064,11,27,10.190891258949145,7.0529957,-0.9640552,2064
18229,r2i1p1f1,2064,11,28,0.3527635076702259,8.915913,-0.53365767,2064
18230,r2i1p1f1,2064,11,29,7.483164520090213,10.567893,0.371494,2064
18231,r2i1p1f1,2064,11,30,0.0,13.939902,7.2223887,2064
18232,r2i1p1f1,2064,12,01,0.6389062355573025,13.561536,8.497838,2064
18233,r2i1p1f1,2064,12,02,0.0,15.409307,3.9861364,2064
18234,r2i1p1f1,2064,12,03,0.0,14.3972,4.7938724,2064
18235,r2i1p1f1,2064,12,04,0.0,14.958493,3.4952917,2064
18236,r2i1p1f1,2064,12,05,0.0,15.273738,3.4272687,2064
18237,r2i1p1f1,2064,12,06,0.0,14.372861,5.126805,2064
18238,r2i1p1f1,2064,12,07,0.0,14.970351,2.7660627,2064
18239,r2i1p1f1,2064,12,08,0.0,15.400557,2.3332782,2064
18240,r2i1p1f1,2064,12,09,0.0,14.850589,2.4953573,2064
18241,r2i1p1f1,2064,12,10,0.0,12.744526,0.90834427,2064
18242,r2i1p1f1,2064,12,11,44.98223341338766,9.305722,-1.7774991,2064
18243,r2i1p1f1,2064,12,12,83.72982534436652,9.270066,-0.5566191,2064
18244,r2i1p1f1,2064,12,13,132.78698788669246,12.018361,0.06735777,2064
18245,r2i1p1f1,2064,12,14,330.131867255729,14.226713,1.3913444,2064
18246,r2i1p1f1,2064,12,15,40.68391253329957,11.201839,-0.22266887,2064
18247,r2i1p1f1,2064,12,16,0.0,7.85048,-1.3939329,2064
18248,r2i1p1f1,2064,12,17,29.59837299467136,6.9049807,-1.6178437,2064
18249,r2i1p1f1,2064,12,18,1.8451147486932593,8.141778,2.8848643,2064
18250,r2i1p1f1,2064,12,19,0.0,11.826849,-0.27026084,2064
18251,r2i1p1f1,2064,12,20,0.0,17.35046,3.7556176,2064
18252,r2i1p1f1,2064,12,21,0.0,17.913105,3.987663,2064
18253,r2i1p1f1,2064,12,22,0.0,18.245901,5.3854957,2064
18254,r2i1p1f1,2064,12,23,0.0,17.628014,5.1629586,2064
18255,r2i1p1f1,2064,12,24,0.0,18.365538,6.2356906,2064
18256,r2i1p1f1,2064,12,25,0.0,17.89532,5.993373,2064
18257,r2i1p1f1,2064,12,26,0.0,17.783382,5.579491,2064
18258,r2i1p1f1,2064,12,27,0.0,17.761402,5.4299135,2064
18259,r2i1p1f1,2064,12,28,0.0,16.434927,4.7988977,2064
18260,r2i1p1f1,2064,12,29,0.0,16.879826,4.854694,2064
18261,r2i1p1f1,2064,12,30,0.0,15.051643,4.6596155,2064
18262,r2i1p1f1,2064,12,31,0.0,15.523957,6.9431334,2064
18263,r2i1p1f1,2065,01,01,0.0,13.714523,5.61984,2065
18264,r2i1p1f1,2065,01,02,30.890591525754783,10.308693,5.5138807,2065
18265,r2i1p1f1,2065,01,03,0.0,14.851316,3.935301,2065
18266,r2i1p1f1,2065,01,04,0.0,15.057104,3.2463021,2065
18267,r2i1p1f1,2065,01,05,0.0,15.97024,4.4462466,2065
18268,r2i1p1f1,2065,01,06,0.0,15.434592,5.522813,2065
18269,r2i1p1f1,2065,01,07,0.0,18.469051,4.456547,2065
18270,r2i1p1f1,2065,01,08,0.0,17.289097,5.311291,2065
18271,r2i1p1f1,2065,01,09,4.1084840821685455,11.754698,6.781433,2065
18272,r2i1p1f1,2065,01,10,2.163285373297605,13.089553,8.709892,2065
18273,r2i1p1f1,2065,01,11,26.909386868534895,11.280491,6.367972,2065
18274,r2i1p1f1,2065,01,12,0.9170114054401123,17.342855,5.577119,2065
18275,r2i1p1f1,2065,01,13,0.0,19.124144,5.469878,2065
18276,r2i1p1f1,2065,01,14,0.0,18.973467,3.7256463,2065
18277,r2i1p1f1,2065,01,15,7.641552658843955,16.134232,4.509703,2065
18278,r2i1p1f1,2065,01,16,0.0,16.257715,8.740651,2065
18279,r2i1p1f1,2065,01,17,0.0,17.60788,6.1139097,2065
18280,r2i1p1f1,2065,01,18,0.0,18.938961,5.8407836,2065
18281,r2i1p1f1,2065,01,19,0.0,19.097445,4.8339005,2065
18282,r2i1p1f1,2065,01,20,0.0,16.638775,4.8065367,2065
18283,r2i1p1f1,2065,01,21,0.0,13.658232,7.148419,2065
18284,r2i1p1f1,2065,01,22,2.226117728794354,10.8020735,6.3195534,2065
18285,r2i1p1f1,2065,01,23,10.112177652074305,10.04341,0.19191547,2065
18286,r2i1p1f1,2065,01,24,61.84949172401013,7.426942,0.40630096,2065
18287,r2i1p1f1,2065,01,25,102.25538489086411,10.457291,4.328345,2065
18288,r2i1p1f1,2065,01,26,110.72326261335267,11.4780445,4.8789783,2065
18289,r2i1p1f1,2065,01,27,7.726219075783984,11.515293,3.3706868,2065
18290,r2i1p1f1,2065,01,28,24.117369695494954,9.975093,4.527048,2065
18291,r2i1p1f1,2065,01,29,2.713443810069713,12.308309,-0.9680025,2065
18292,r2i1p1f1,2065,01,30,0.0,4.6760635,-5.519136,2065
18293,r2i1p1f1,2065,01,31,16.621678781274777,2.4110103,-4.9622726,2065
18294,r2i1p1f1,2065,02,01,0.0,4.643658,-6.851411,2065
18295,r2i1p1f1,2065,02,02,0.0,6.455769,-4.3191824,2065
18296,r2i1p1f1,2065,02,03,33.075647853995456,2.3162053,-3.425813,2065
18297,r2i1p1f1,2065,02,04,16.28389051718561,5.2077336,-0.47335276,2065
18298,r2i1p1f1,2065,02,05,74.82479428156064,8.105653,-0.472257,2065
18299,r2i1p1f1,2065,02,06,16.204155043764192,6.5314426,-1.1390258,2065
18300,r2i1p1f1,2065,02,07,9.743012933764616,5.141776,-0.042557545,2065
18301,r2i1p1f1,2065,02,08,0.0,6.148168,0.52250123,2065
18302,r2i1p1f1,2065,02,09,0.0,7.2278566,0.9049815,2065
18303,r2i1p1f1,2065,02,10,21.175099878186863,4.113445,-2.5113013,2065
18304,r2i1p1f1,2065,02,11,0.0,3.8489048,-4.340734,2065
18305,r2i1p1f1,2065,02,12,5.581421066884873,1.7331839,-4.1000543,2065
18306,r2i1p1f1,2065,02,13,0.0,6.1020827,-6.0948267,2065
18307,r2i1p1f1,2065,02,14,0.0,7.1837964,-5.0748534,2065
18308,r2i1p1f1,2065,02,15,0.0,17.49037,1.0830225,2065
18309,r2i1p1f1,2065,02,16,0.0,17.338762,2.3216925,2065
18310,r2i1p1f1,2065,02,17,0.0,12.08786,-4.929733,2065
18311,r2i1p1f1,2065,02,18,0.0,7.4018435,-4.940513,2065
18312,r2i1p1f1,2065,02,19,52.25618069436258,4.0957494,-2.0521224,2065
18313,r2i1p1f1,2065,02,20,52.0010208693118,5.242229,-1.400628,2065
18314,r2i1p1f1,2065,02,21,55.945053741407506,3.7275274,-1.4744133,2065
18315,r2i1p1f1,2065,02,22,47.28875891932358,2.7111728,-7.1706777,2065
18316,r2i1p1f1,2065,02,23,23.507460672408342,-0.4423747,-8.687925,2065
18317,r2i1p1f1,2065,02,24,4.871439377529896,0.8489771,-7.720797,2065
18318,r2i1p1f1,2065,02,25,10.36849766141341,0.62600833,-4.874608,2065
18319,r2i1p1f1,2065,02,26,0.0,3.3728426,-9.347981,2065
18320,r2i1p1f1,2065,02,27,0.09561828378187223,2.5156097,-5.578886,2065
18321,r2i1p1f1,2065,02,28,1.645931226283455,1.8201755,-6.334343,2065
18322,r2i1p1f1,2065,03,01,0.0,6.6517444,-6.101189,2065
18323,r2i1p1f1,2065,03,02,68.22644089653085,6.2180204,-4.0428042,2065
18324,r2i1p1f1,2065,03,03,17.34022579643911,4.536235,-2.6802745,2065
18325,r2i1p1f1,2065,03,04,1.3459697536745807,6.6289096,-4.861892,2065
18326,r2i1p1f1,2065,03,05,0.0,7.961057,-6.710972,2065
18327,r2i1p1f1,2065,03,06,0.0,7.669271,-4.1717844,2065
18328,r2i1p1f1,2065,03,07,0.0,8.685501,-5.1353984,2065
18329,r2i1p1f1,2065,03,08,0.32360183265084813,8.3198,0.6748353,2065
18330,r2i1p1f1,2065,03,09,0.0,10.348698,-3.6129017,2065
18331,r2i1p1f1,2065,03,10,3.602519495171481,7.365774,-1.5027542,2065
18332,r2i1p1f1,2065,03,11,2.0044530488331267,8.593621,-8.993407,2065
18333,r2i1p1f1,2065,03,12,0.0,4.3634834,-5.8662558,2065
18334,r2i1p1f1,2065,03,13,0.0,8.795992,-3.4433742,2065
18335,r2i1p1f1,2065,03,14,0.0,8.813005,-2.5352886,2065
18336,r2i1p1f1,2065,03,15,0.0,7.399215,-0.56011593,2065
18337,r2i1p1f1,2065,03,16,0.0,10.82129,-1.2561423,2065
18338,r2i1p1f1,2065,03,17,0.06852446318729423,12.900537,1.8583544,2065
18339,r2i1p1f1,2065,03,18,0.0,15.910322,2.0639129,2065
18340,r2i1p1f1,2065,03,19,0.0,20.296051,3.254785,2065
18341,r2i1p1f1,2065,03,20,0.0,21.164494,5.377721,2065
18342,r2i1p1f1,2065,03,21,0.0,21.489498,6.6903787,2065
18343,r2i1p1f1,2065,03,22,0.0,23.863745,5.5698214,2065
18344,r2i1p1f1,2065,03,23,0.0,22.542288,6.5821548,2065
18345,r2i1p1f1,2065,03,24,0.0,23.304739,7.3038783,2065
18346,r2i1p1f1,2065,03,25,0.0,24.256292,8.319372,2065
18347,r2i1p1f1,2065,03,26,0.0,26.05918,7.4028196,2065
18348,r2i1p1f1,2065,03,27,0.0,25.328068,8.656453,2065
18349,r2i1p1f1,2065,03,28,0.0,17.790531,2.8089228,2065
18350,r2i1p1f1,2065,03,29,0.0,20.842237,1.6877301,2065
18351,r2i1p1f1,2065,03,30,0.0,23.998438,6.3884387,2065
18352,r2i1p1f1,2065,03,31,0.0,25.06411,7.738898,2065
18353,r2i1p1f1,2065,04,01,0.0,25.980139,8.360055,2065
18354,r2i1p1f1,2065,04,02,0.0,23.329947,5.4190383,2065
18355,r2i1p1f1,2065,04,03,0.12597071545489877,15.206939,-1.8576003,2065
18356,r2i1p1f1,2065,04,04,0.0,14.711724,0.45929357,2065
18357,r2i1p1f1,2065,04,05,0.0,18.96777,2.1322052,2065
18358,r2i1p1f1,2065,04,06,0.0,21.717726,2.2851853,2065
18359,r2i1p1f1,2065,04,07,15.874448311156952,14.758801,-1.0368146,2065
18360,r2i1p1f1,2065,04,08,44.10677391480511,7.6863194,-2.3260865,2065
18361,r2i1p1f1,2065,04,09,0.0,10.809394,-1.6616653,2065
18362,r2i1p1f1,2065,04,10,0.019415350386854976,14.080438,-0.17145695,2065
18363,r2i1p1f1,2065,04,11,0.0,13.517192,-2.0029638,2065
18364,r2i1p1f1,2065,04,12,4.83807297216397,9.650832,-3.3145125,2065
18365,r2i1p1f1,2065,04,13,0.0,15.3621855,-0.28244898,2065
18366,r2i1p1f1,2065,04,14,29.10105554619804,11.020771,-2.8799655,2065
18367,r2i1p1f1,2065,04,15,0.0,8.66687,1.2542002,2065
18368,r2i1p1f1,2065,04,16,34.21850912855007,9.234504,-2.6289458,2065
18369,r2i1p1f1,2065,04,17,0.0043036534267370235,14.372313,-0.83591354,2065
18370,r2i1p1f1,2065,04,18,7.736561248076703,10.110486,2.8433223,2065
18371,r2i1p1f1,2065,04,19,0.0,12.174132,-0.70360684,2065
18372,r2i1p1f1,2065,04,20,0.0,13.8077755,-0.55802107,2065
18373,r2i1p1f1,2065,04,21,0.0,14.310156,-0.49142152,2065
18374,r2i1p1f1,2065,04,22,0.0,17.087381,-1.0748172,2065
18375,r2i1p1f1,2065,04,23,0.0,17.851986,0.19955112,2065
18376,r2i1p1f1,2065,04,24,0.0,16.898842,1.8889768,2065
18377,r2i1p1f1,2065,04,25,0.6391017610789836,15.425634,6.455363,2065
18378,r2i1p1f1,2065,04,26,17.997261758808655,11.408208,3.6370184,2065
18379,r2i1p1f1,2065,04,27,69.22334399289237,9.273574,3.5283754,2065
18380,r2i1p1f1,2065,04,28,5.809696092973564,10.339615,-1.971387,2065
18381,r2i1p1f1,2065,04,29,0.0,14.4825535,1.4701911,2065
18382,r2i1p1f1,2065,04,30,0.18048327966915587,14.934785,-1.7982029,2065
18383,r2i1p1f1,2065,05,01,0.0,18.808916,2.9241474,2065
18384,r2i1p1f1,2065,05,02,0.0,20.668348,3.255156,2065
18385,r2i1p1f1,2065,05,03,0.0,19.685453,6.357679,2065
18386,r2i1p1f1,2065,05,04,1.4287496056987528,17.0099,5.118286,2065
18387,r2i1p1f1,2065,05,05,0.0,20.574139,3.9588604,2065
18388,r2i1p1f1,2065,05,06,0.0,22.32601,6.609137,2065
18389,r2i1p1f1,2065,05,07,0.0,24.615858,6.5602646,2065
18390,r2i1p1f1,2065,05,08,0.0,24.56732,8.04883,2065
18391,r2i1p1f1,2065,05,09,0.0,26.804693,10.653416,2065
18392,r2i1p1f1,2065,05,10,0.0,26.916473,10.320242,2065
18393,r2i1p1f1,2065,05,11,0.0,23.396002,6.957649,2065
18394,r2i1p1f1,2065,05,12,0.0,23.566732,7.132231,2065
18395,r2i1p1f1,2065,05,13,0.0,26.634209,9.130002,2065
18396,r2i1p1f1,2065,05,14,0.0,28.686588,11.506061,2065
18397,r2i1p1f1,2065,05,15,0.0,31.361778,13.707061,2065
18398,r2i1p1f1,2065,05,16,0.0,32.0837,14.427217,2065
18399,r2i1p1f1,2065,05,17,0.0,32.05323,13.603323,2065
18400,r2i1p1f1,2065,05,18,0.0,28.173197,11.240553,2065
18401,r2i1p1f1,2065,05,19,0.0,26.622519,9.495674,2065
18402,r2i1p1f1,2065,05,20,0.0,24.625553,7.77375,2065
18403,r2i1p1f1,2065,05,21,0.0,23.618423,6.452232,2065
18404,r2i1p1f1,2065,05,22,0.0,24.486454,6.640261,2065
18405,r2i1p1f1,2065,05,23,0.0,24.068672,7.136041,2065
18406,r2i1p1f1,2065,05,24,0.0,27.091583,9.551023,2065
18407,r2i1p1f1,2065,05,25,0.0,27.031187,9.626655,2065
18408,r2i1p1f1,2065,05,26,0.0,26.892246,10.180523,2065
18409,r2i1p1f1,2065,05,27,0.0,25.45643,8.742023,2065
18410,r2i1p1f1,2065,05,28,8.607413873351806,19.942589,3.3108184,2065
18411,r2i1p1f1,2065,05,29,0.0,25.493465,8.535274,2065
18412,r2i1p1f1,2065,05,30,0.3336171568102705,23.241352,5.6161213,2065
18413,r2i1p1f1,2065,05,31,1.880654254637193,21.564102,6.1888976,2065
18414,r2i1p1f1,2065,06,01,0.11410200596891137,28.530176,9.278761,2065
18415,r2i1p1f1,2065,06,02,0.0,29.36814,11.220881,2065
18416,r2i1p1f1,2065,06,03,0.5231394390508425,28.85525,11.126125,2065
18417,r2i1p1f1,2065,06,04,0.0,28.296972,10.541892,2065
18418,r2i1p1f1,2065,06,05,0.049820073735855445,28.059473,10.220935,2065
18419,r2i1p1f1,2065,06,06,0.0,27.781149,10.547551,2065
18420,r2i1p1f1,2065,06,07,0.0,26.41221,8.449498,2065
18421,r2i1p1f1,2065,06,08,0.0,25.366505,7.927412,2065
18422,r2i1p1f1,2065,06,09,0.0,23.98499,5.437914,2065
18423,r2i1p1f1,2065,06,10,0.0,21.365475,4.6839075,2065
18424,r2i1p1f1,2065,06,11,0.0,21.924477,5.5972595,2065
18425,r2i1p1f1,2065,06,12,0.0,21.694977,7.470896,2065
18426,r2i1p1f1,2065,06,13,0.05739633874887099,20.258204,4.6209674,2065
18427,r2i1p1f1,2065,06,14,0.0,22.609512,4.713149,2065
18428,r2i1p1f1,2065,06,15,0.0,27.93337,8.903837,2065
18429,r2i1p1f1,2065,06,16,0.0,31.798355,13.084564,2065
18430,r2i1p1f1,2065,06,17,0.0,31.022617,13.0913105,2065
18431,r2i1p1f1,2065,06,18,0.0,32.06136,13.296778,2065
18432,r2i1p1f1,2065,06,19,0.0,30.273325,12.631261,2065
18433,r2i1p1f1,2065,06,20,0.0,31.583378,12.975197,2065
18434,r2i1p1f1,2065,06,21,0.015823073716511808,31.899858,12.056394,2065
18435,r2i1p1f1,2065,06,22,0.0,28.060303,9.564752,2065
18436,r2i1p1f1,2065,06,23,0.0,24.80008,7.41727,2065
18437,r2i1p1f1,2065,06,24,0.0,25.538034,8.991919,2065
18438,r2i1p1f1,2065,06,25,0.0,25.885942,9.490353,2065
18439,r2i1p1f1,2065,06,26,0.0,28.081625,11.075953,2065
18440,r2i1p1f1,2065,06,27,0.0,32.141384,17.536987,2065
18441,r2i1p1f1,2065,06,28,0.0,33.10417,16.166569,2065
18442,r2i1p1f1,2065,06,29,0.0,33.819798,17.542095,2065
18443,r2i1p1f1,2065,06,30,0.0,33.775295,18.222015,2065
18444,r2i1p1f1,2065,07,01,0.0,36.04748,18.023308,2065
18445,r2i1p1f1,2065,07,02,0.00955413852352649,35.61625,17.784258,2065
18446,r2i1p1f1,2065,07,03,0.0,34.9449,16.85581,2065
18447,r2i1p1f1,2065,07,04,0.0,34.802834,15.977101,2065
18448,r2i1p1f1,2065,07,05,0.0,34.487537,15.795166,2065
18449,r2i1p1f1,2065,07,06,0.0,35.676853,15.614529,2065
18450,r2i1p1f1,2065,07,07,0.0,35.012547,18.13896,2065
18451,r2i1p1f1,2065,07,08,0.0,36.746964,16.37086,2065
18452,r2i1p1f1,2065,07,09,0.0,35.707893,16.873869,2065
18453,r2i1p1f1,2065,07,10,0.0,33.72296,17.499332,2065
18454,r2i1p1f1,2065,07,11,0.009096143073223244,34.03609,15.079743,2065
18455,r2i1p1f1,2065,07,12,0.0,33.926495,14.712404,2065
18456,r2i1p1f1,2065,07,13,0.0,31.809078,15.769228,2065
18457,r2i1p1f1,2065,07,14,0.0,31.390238,14.229116,2065
18458,r2i1p1f1,2065,07,15,0.0,33.424408,15.195237,2065
18459,r2i1p1f1,2065,07,16,0.0,34.54569,19.109613,2065
18460,r2i1p1f1,2065,07,17,0.0,34.102715,18.725817,2065
18461,r2i1p1f1,2065,07,18,0.0,33.472404,16.501211,2065
18462,r2i1p1f1,2065,07,19,0.0,36.880157,17.945992,2065
18463,r2i1p1f1,2065,07,20,0.0,37.580425,20.073334,2065
18464,r2i1p1f1,2065,07,21,0.0,37.563316,21.069828,2065
18465,r2i1p1f1,2065,07,22,0.0,36.052364,18.376505,2065
18466,r2i1p1f1,2065,07,23,0.0,34.555603,16.756989,2065
18467,r2i1p1f1,2065,07,24,0.0,33.282852,15.395039,2065
18468,r2i1p1f1,2065,07,25,0.0,32.01077,14.012722,2065
18469,r2i1p1f1,2065,07,26,0.0,32.32481,13.951013,2065
18470,r2i1p1f1,2065,07,27,0.0,32.048088,14.114173,2065
18471,r2i1p1f1,2065,07,28,0.0,31.588217,14.337693,2065
18472,r2i1p1f1,2065,07,29,0.0,33.195812,15.703601,2065
18473,r2i1p1f1,2065,07,30,0.0,35.949776,17.288563,2065
18474,r2i1p1f1,2065,07,31,0.0,36.478996,17.991058,2065
18475,r2i1p1f1,2065,08,01,0.0,35.032078,16.280993,2065
18476,r2i1p1f1,2065,08,02,0.0,33.778076,15.485754,2065
18477,r2i1p1f1,2065,08,03,0.0,34.65533,16.834307,2065
18478,r2i1p1f1,2065,08,04,0.0,35.16208,16.788166,2065
18479,r2i1p1f1,2065,08,05,0.0,34.25896,16.28279,2065
18480,r2i1p1f1,2065,08,06,0.0,33.608753,14.928329,2065
18481,r2i1p1f1,2065,08,07,0.0,33.237087,14.56445,2065
18482,r2i1p1f1,2065,08,08,0.0,34.136047,16.958492,2065
18483,r2i1p1f1,2065,08,09,0.0,33.34463,16.516754,2065
18484,r2i1p1f1,2065,08,10,0.0,33.70457,16.202936,2065
18485,r2i1p1f1,2065,08,11,0.0,31.798512,15.757371,2065
18486,r2i1p1f1,2065,08,12,0.0,31.314707,15.71751,2065
18487,r2i1p1f1,2065,08,13,0.0,30.915659,13.758394,2065
18488,r2i1p1f1,2065,08,14,0.0,30.056576,13.000854,2065
18489,r2i1p1f1,2065,08,15,0.0,30.433443,13.421821,2065
18490,r2i1p1f1,2065,08,16,0.0,29.708975,14.563955,2065
18491,r2i1p1f1,2065,08,17,0.0,28.778097,12.694841,2065
18492,r2i1p1f1,2065,08,18,0.0,28.941175,13.113743,2065
18493,r2i1p1f1,2065,08,19,0.0,30.78873,13.959422,2065
18494,r2i1p1f1,2065,08,20,0.0,32.835335,15.74112,2065
18495,r2i1p1f1,2065,08,21,0.0,34.1466,16.524284,2065
18496,r2i1p1f1,2065,08,22,0.0,33.650993,16.917788,2065
18497,r2i1p1f1,2065,08,23,0.0,32.866142,15.715506,2065
18498,r2i1p1f1,2065,08,24,0.0,32.077854,15.262041,2065
18499,r2i1p1f1,2065,08,25,0.0,30.683012,14.166157,2065
18500,r2i1p1f1,2065,08,26,0.0,31.194223,14.420296,2065
18501,r2i1p1f1,2065,08,27,0.0,32.261227,15.307486,2065
18502,r2i1p1f1,2065,08,28,0.0,32.850574,16.603855,2065
18503,r2i1p1f1,2065,08,29,0.0,34.006535,16.511684,2065
18504,r2i1p1f1,2065,08,30,0.0,32.20251,14.731208,2065
18505,r2i1p1f1,2065,08,31,0.0,31.360933,14.018596,2065
18506,r2i1p1f1,2065,09,01,0.0,29.43587,14.954548,2065
18507,r2i1p1f1,2065,09,02,0.0,29.177217,15.0532465,2065
18508,r2i1p1f1,2065,09,03,0.0,30.322203,14.260786,2065
18509,r2i1p1f1,2065,09,04,0.0,32.664944,15.611985,2065
18510,r2i1p1f1,2065,09,05,0.0,33.15048,16.184544,2065
18511,r2i1p1f1,2065,09,06,18.498058929197633,31.984074,16.407251,2065
18512,r2i1p1f1,2065,09,07,0.42121438427084984,31.621927,16.120667,2065
18513,r2i1p1f1,2065,09,08,0.33210476906858205,31.247343,15.075294,2065
18514,r2i1p1f1,2065,09,09,0.0,30.102295,13.56386,2065
18515,r2i1p1f1,2065,09,10,0.0,29.713697,13.285464,2065
18516,r2i1p1f1,2065,09,11,0.0,32.596478,15.932546,2065
18517,r2i1p1f1,2065,09,12,0.0,33.453323,16.954681,2065
18518,r2i1p1f1,2065,09,13,1.7600717772718502,33.140896,16.897465,2065
18519,r2i1p1f1,2065,09,14,0.0,33.038033,17.485601,2065
18520,r2i1p1f1,2065,09,15,0.009943672361819504,33.127586,17.010878,2065
18521,r2i1p1f1,2065,09,16,0.1293249687898004,33.725994,17.232704,2065
18522,r2i1p1f1,2065,09,17,0.0,31.021812,14.5850935,2065
18523,r2i1p1f1,2065,09,18,0.02968920802791567,28.181953,12.180274,2065
18524,r2i1p1f1,2065,09,19,2.8338413707947788e-05,23.175213,8.966185,2065
18525,r2i1p1f1,2065,09,20,0.0,23.979033,7.878075,2065
18526,r2i1p1f1,2065,09,21,0.0,28.473164,11.660477,2065
18527,r2i1p1f1,2065,09,22,0.0,30.18077,13.21598,2065
18528,r2i1p1f1,2065,09,23,0.0,31.026918,14.246011,2065
18529,r2i1p1f1,2065,09,24,0.0,31.422958,14.932994,2065
18530,r2i1p1f1,2065,09,25,0.0,34.139767,16.089457,2065
18531,r2i1p1f1,2065,09,26,0.0,35.85799,18.669632,2065
18532,r2i1p1f1,2065,09,27,0.0,34.719852,18.942196,2065
18533,r2i1p1f1,2065,09,28,0.0,34.311787,18.187971,2065
18534,r2i1p1f1,2065,09,29,0.0,32.975838,15.6878195,2065
18535,r2i1p1f1,2065,09,30,0.0,31.104136,14.26404,2065
18536,r2i1p1f1,2065,10,01,0.0,24.79735,9.692539,2065
18537,r2i1p1f1,2065,10,02,0.0,20.801807,5.1552906,2065
18538,r2i1p1f1,2065,10,03,0.0,20.721752,3.4953673,2065
18539,r2i1p1f1,2065,10,04,0.0,23.448866,5.755997,2065
18540,r2i1p1f1,2065,10,05,0.0,23.358246,6.7738976,2065
18541,r2i1p1f1,2065,10,06,0.0,22.282076,5.782623,2065
18542,r2i1p1f1,2065,10,07,0.0,22.092201,5.421435,2065
18543,r2i1p1f1,2065,10,08,0.0,21.794777,7.827843,2065
18544,r2i1p1f1,2065,10,09,0.0,23.588888,9.2417345,2065
18545,r2i1p1f1,2065,10,10,0.0,15.8690815,8.090386,2065
18546,r2i1p1f1,2065,10,11,0.01959764826973644,18.35687,5.406959,2065
18547,r2i1p1f1,2065,10,12,0.0,26.877943,8.773644,2065
18548,r2i1p1f1,2065,10,13,0.0,23.865385,7.8766246,2065
18549,r2i1p1f1,2065,10,14,0.0,23.942322,7.899264,2065
18550,r2i1p1f1,2065,10,15,4.524292136627012,24.218836,8.883015,2065
18551,r2i1p1f1,2065,10,16,13.801416268912503,17.885204,6.9674087,2065
18552,r2i1p1f1,2065,10,17,0.0,13.32675,5.3907065,2065
18553,r2i1p1f1,2065,10,18,13.462720409174485,12.926643,7.362674,2065
18554,r2i1p1f1,2065,10,19,0.017177822806283636,16.708902,3.3437078,2065
18555,r2i1p1f1,2065,10,20,0.027832429784141893,22.49975,7.489236,2065
18556,r2i1p1f1,2065,10,21,0.0,24.214678,7.434432,2065
18557,r2i1p1f1,2065,10,22,0.0,22.710768,7.6368093,2065
18558,r2i1p1f1,2065,10,23,0.0,18.165932,7.284531,2065
18559,r2i1p1f1,2065,10,24,0.0,19.935728,4.8606277,2065
18560,r2i1p1f1,2065,10,25,0.0,20.753515,5.2515826,2065
18561,r2i1p1f1,2065,10,26,0.0,18.412424,6.514427,2065
18562,r2i1p1f1,2065,10,27,0.0,21.606495,6.9431114,2065
18563,r2i1p1f1,2065,10,28,0.0,22.54808,7.3316007,2065
18564,r2i1p1f1,2065,10,29,0.0,22.354994,7.719651,2065
18565,r2i1p1f1,2065,10,30,0.0,22.115932,7.8880067,2065
18566,r2i1p1f1,2065,10,31,0.0,22.277304,9.260981,2065
18567,r2i1p1f1,2065,11,01,53.381336983651494,14.530227,9.443307,2065
18568,r2i1p1f1,2065,11,02,4.304597455771168,11.63192,4.3449054,2065
18569,r2i1p1f1,2065,11,03,0.8824027325737496,15.988222,4.5593486,2065
18570,r2i1p1f1,2065,11,04,0.0,15.862254,4.3391247,2065
18571,r2i1p1f1,2065,11,05,0.0,20.314947,5.8262067,2065
18572,r2i1p1f1,2065,11,06,0.0,17.407227,7.6490088,2065
18573,r2i1p1f1,2065,11,07,0.0004161481753656587,16.78976,6.8307943,2065
18574,r2i1p1f1,2065,11,08,40.022177912760526,15.638105,5.6627483,2065
18575,r2i1p1f1,2065,11,09,70.3766112994904,10.974764,5.9018927,2065
18576,r2i1p1f1,2065,11,10,63.52753695391584,8.868532,3.0667694,2065
18577,r2i1p1f1,2065,11,11,0.08522942273954798,6.7313356,0.3675268,2065
18578,r2i1p1f1,2065,11,12,40.6659181708864,6.093909,-1.5917219,2065
18579,r2i1p1f1,2065,11,13,2.9248911614698816,3.928124,-0.39948928,2065
18580,r2i1p1f1,2065,11,14,0.0,3.9524403,-2.7144418,2065
18581,r2i1p1f1,2065,11,15,0.07613347680979551,4.193342,-0.9532941,2065
18582,r2i1p1f1,2065,11,16,31.27695351991301,4.674911,0.017274026,2065
18583,r2i1p1f1,2065,11,17,2.3446048938869635,9.119217,-0.6047504,2065
18584,r2i1p1f1,2065,11,18,0.0,16.101036,0.5546921,2065
18585,r2i1p1f1,2065,11,19,0.0,18.149088,0.19663659,2065
18586,r2i1p1f1,2065,11,20,0.0,18.536427,2.8704748,2065
18587,r2i1p1f1,2065,11,21,0.0,16.72164,3.3426147,2065
18588,r2i1p1f1,2065,11,22,0.0,15.894084,3.5790737,2065
18589,r2i1p1f1,2065,11,23,0.012343633884134201,18.01653,3.5014808,2065
18590,r2i1p1f1,2065,11,24,0.0,18.277147,3.4469929,2065
18591,r2i1p1f1,2065,11,25,0.0,17.48466,2.6904569,2065
18592,r2i1p1f1,2065,11,26,0.0,11.862137,2.1479328,2065
18593,r2i1p1f1,2065,11,27,0.0,12.908275,-0.7119382,2065
18594,r2i1p1f1,2065,11,28,0.0,10.584969,-1.4568046,2065
18595,r2i1p1f1,2065,11,29,12.40126214646667,9.301398,1.311443,2065
18596,r2i1p1f1,2065,11,30,30.99646532836442,11.949495,1.0968655,2065
18597,r2i1p1f1,2065,12,01,3.483879343156542,4.0312924,-1.7004937,2065
18598,r2i1p1f1,2065,12,02,2.091197462193752,2.2755306,-2.4269502,2065
18599,r2i1p1f1,2065,12,03,0.0,3.5918262,-3.2441273,2065
18600,r2i1p1f1,2065,12,04,20.493822165343982,3.0640714,-1.7039905,2065
18601,r2i1p1f1,2065,12,05,46.83644291765701,2.1935332,-2.1162724,2065
18602,r2i1p1f1,2065,12,06,46.93272945005447,1.1969842,-5.2122197,2065
18603,r2i1p1f1,2065,12,07,0.06427550923455363,1.4590473,-9.05149,2065
18604,r2i1p1f1,2065,12,08,0.0,4.6762576,-5.9462137,2065
18605,r2i1p1f1,2065,12,09,0.0,5.8705955,-4.287844,2065
18606,r2i1p1f1,2065,12,10,0.0,4.8349113,-6.201783,2065
18607,r2i1p1f1,2065,12,11,0.0,6.9949985,-4.5149803,2065
18608,r2i1p1f1,2065,12,12,0.0,7.4363527,-2.9761097,2065
18609,r2i1p1f1,2065,12,13,0.0,7.8984194,-2.5120525,2065
18610,r2i1p1f1,2065,12,14,0.0,7.405278,-1.957457,2065
18611,r2i1p1f1,2065,12,15,0.0,6.9539685,-2.9002974,2065
18612,r2i1p1f1,2065,12,16,9.023593795427587,3.0194142,-0.18468113,2065
18613,r2i1p1f1,2065,12,17,0.0,5.813076,1.1316836,2065
18614,r2i1p1f1,2065,12,18,0.0,6.385274,-3.2478197,2065
18615,r2i1p1f1,2065,12,19,2.488413915587164,4.9205303,-0.5266939,2065
18616,r2i1p1f1,2065,12,20,11.146645804671188,3.790266,0.27759826,2065
18617,r2i1p1f1,2065,12,21,40.28153464941379,5.047712,-0.01899416,2065
18618,r2i1p1f1,2065,12,22,1.998025536431669,3.7854314,-1.01066,2065
18619,r2i1p1f1,2065,12,23,52.21973882894068,3.970976,-0.4988735,2065
18620,r2i1p1f1,2065,12,24,0.6293967662158523,5.6821303,-0.8768904,2065
18621,r2i1p1f1,2065,12,25,0.0,5.4103384,-2.1509051,2065
18622,r2i1p1f1,2065,12,26,0.0,6.901902,-4.8933396,2065
18623,r2i1p1f1,2065,12,27,0.0,3.718452,-3.1881268,2065
18624,r2i1p1f1,2065,12,28,9.481615700608996,3.1334553,-0.98798907,2065
18625,r2i1p1f1,2065,12,29,11.575511211077146,11.177132,2.0335803,2065
18626,r2i1p1f1,2065,12,30,1.8591804476220484,11.028109,7.3561697,2065
18627,r2i1p1f1,2065,12,31,0.0,14.260147,7.7415457,2065
18628,r2i1p1f1,2066,01,01,87.87084038799199,10.287679,6.8208213,2066
18629,r2i1p1f1,2066,01,02,72.0805387926073,9.978479,5.8033433,2066
18630,r2i1p1f1,2066,01,03,0.0,11.15135,2.6468794,2066
18631,r2i1p1f1,2066,01,04,26.906186308322223,8.0748825,0.64383346,2066
18632,r2i1p1f1,2066,01,05,59.25874556907309,6.1462975,0.039542563,2066
18633,r2i1p1f1,2066,01,06,1.1212694969589603,4.6094704,0.36864442,2066
18634,r2i1p1f1,2066,01,07,4.831499834458205,2.5439253,-3.353998,2066
18635,r2i1p1f1,2066,01,08,67.26916894549504,8.881921,0.47239012,2066
18636,r2i1p1f1,2066,01,09,1.9524842958024744,15.260439,6.0899887,2066
18637,r2i1p1f1,2066,01,10,0.0,13.533925,8.097048,2066
18638,r2i1p1f1,2066,01,11,44.68606553407601,10.365199,6.766226,2066
18639,r2i1p1f1,2066,01,12,102.40461843876311,10.517641,6.141891,2066
18640,r2i1p1f1,2066,01,13,102.95680841932503,13.099746,2.5463872,2066
18641,r2i1p1f1,2066,01,14,3.7248831573964916,8.770784,1.3723528,2066
18642,r2i1p1f1,2066,01,15,20.89978823518882,10.2068815,-0.414711,2066
18643,r2i1p1f1,2066,01,16,17.470358249081002,9.923608,4.8075404,2066
18644,r2i1p1f1,2066,01,17,101.45444821637983,10.023091,4.5408764,2066
18645,r2i1p1f1,2066,01,18,44.26832514895628,12.249909,-0.58267057,2066
18646,r2i1p1f1,2066,01,19,49.36012575747624,12.512256,8.071347,2066
18647,r2i1p1f1,2066,01,20,81.10208667528171,11.804847,6.8316855,2066
18648,r2i1p1f1,2066,01,21,23.14972431318333,15.382778,4.320394,2066
18649,r2i1p1f1,2066,01,22,46.973600931680544,12.630055,8.325804,2066
18650,r2i1p1f1,2066,01,23,13.52004734334724,12.8710985,7.3268943,2066
18651,r2i1p1f1,2066,01,24,13.15314148781069,10.98812,3.6936586,2066
18652,r2i1p1f1,2066,01,25,57.186259845576174,11.551045,7.0921693,2066
18653,r2i1p1f1,2066,01,26,97.24221677170135,9.981827,6.472605,2066
18654,r2i1p1f1,2066,01,27,106.96197778093986,10.334351,6.969037,2066
18655,r2i1p1f1,2066,01,28,126.52471257516972,13.363093,1.4547331,2066
18656,r2i1p1f1,2066,01,29,111.04810826766949,14.481392,2.1741588,2066
18657,r2i1p1f1,2066,01,30,37.25051385380748,11.139753,0.49432883,2066
18658,r2i1p1f1,2066,01,31,0.0390702942520595,10.491256,-2.38503,2066
18659,r2i1p1f1,2066,02,01,0.032689496415864244,9.245508,-2.6549213,2066
18660,r2i1p1f1,2066,02,02,0.0,3.7568934,-8.352585,2066
18661,r2i1p1f1,2066,02,03,0.0,11.572103,-5.3584256,2066
18662,r2i1p1f1,2066,02,04,0.0,6.58441,-4.3848276,2066
18663,r2i1p1f1,2066,02,05,74.0618263469794,2.856654,-4.7507877,2066
18664,r2i1p1f1,2066,02,06,174.00917158139725,8.033837,-3.7633514,2066
18665,r2i1p1f1,2066,02,07,43.59035724214314,2.8600383,-2.13736,2066
18666,r2i1p1f1,2066,02,08,0.0,5.9717493,0.0025355022,2066
18667,r2i1p1f1,2066,02,09,0.038125057863698415,10.034549,-1.6095606,2066
18668,r2i1p1f1,2066,02,10,29.930516510145164,6.0161386,1.1909945,2066
18669,r2i1p1f1,2066,02,11,0.0,7.311813,1.363039,2066
18670,r2i1p1f1,2066,02,12,0.0,12.790036,-2.6339223,2066
18671,r2i1p1f1,2066,02,13,0.0,10.478987,-2.0861182,2066
18672,r2i1p1f1,2066,02,14,20.326262674699628,4.02592,-1.5306605,2066
18673,r2i1p1f1,2066,02,15,0.0,6.5009184,1.6483957,2066
18674,r2i1p1f1,2066,02,16,0.0,8.839013,-2.3677523,2066
18675,r2i1p1f1,2066,02,17,0.0,16.568556,0.8134569,2066
18676,r2i1p1f1,2066,02,18,8.822878082439555,12.466913,-0.37613344,2066
18677,r2i1p1f1,2066,02,19,30.18648393559628,2.5781085,-1.4742957,2066
18678,r2i1p1f1,2066,02,20,12.1614595282993,4.3597584,-2.084737,2066
18679,r2i1p1f1,2066,02,21,0.0,7.227996,-4.481819,2066
18680,r2i1p1f1,2066,02,22,0.0,9.532344,-0.14401226,2066
18681,r2i1p1f1,2066,02,23,73.57679700228171,9.648874,-0.08016254,2066
18682,r2i1p1f1,2066,02,24,75.80166050286677,9.539275,3.1855934,2066
18683,r2i1p1f1,2066,02,25,61.521797838549205,11.7916765,-0.10058271,2066
18684,r2i1p1f1,2066,02,26,39.33111458788447,8.983793,-1.2556688,2066
18685,r2i1p1f1,2066,02,27,21.55999808679693,7.2614536,0.79025394,2066
18686,r2i1p1f1,2066,02,28,0.0,6.4094768,-2.0208166,2066
18687,r2i1p1f1,2066,03,01,0.0,12.665953,-2.0066345,2066
18688,r2i1p1f1,2066,03,02,0.0,16.343058,-0.1451147,2066
18689,r2i1p1f1,2066,03,03,0.0,15.030227,1.5835896,2066
18690,r2i1p1f1,2066,03,04,3.2136284175066976,11.403933,1.5706673,2066
18691,r2i1p1f1,2066,03,05,0.0,17.76257,2.651456,2066
18692,r2i1p1f1,2066,03,06,0.0,19.344828,2.6632535,2066
18693,r2i1p1f1,2066,03,07,0.0,21.691322,4.82226,2066
18694,r2i1p1f1,2066,03,08,0.0,21.478155,6.21194,2066
18695,r2i1p1f1,2066,03,09,0.0,24.029503,6.2906303,2066
18696,r2i1p1f1,2066,03,10,0.0,23.43669,5.605692,2066
18697,r2i1p1f1,2066,03,11,5.152026092708604,14.072654,0.6558894,2066
18698,r2i1p1f1,2066,03,12,26.277722735148227,10.899295,2.2307801,2066
18699,r2i1p1f1,2066,03,13,11.530781799687107,6.312693,-4.1325207,2066
18700,r2i1p1f1,2066,03,14,0.8256801291806298,4.1630454,-2.3771946,2066
18701,r2i1p1f1,2066,03,15,0.0,11.439575,-2.2590044,2066
18702,r2i1p1f1,2066,03,16,0.0,15.64455,-0.25010154,2066
18703,r2i1p1f1,2066,03,17,0.0,17.089525,2.9967508,2066
18704,r2i1p1f1,2066,03,18,0.0,14.659255,2.9727972,2066
18705,r2i1p1f1,2066,03,19,22.507052292348817,8.813514,-2.7600622,2066
18706,r2i1p1f1,2066,03,20,4.627472492980955,10.052509,-3.3331792,2066
18707,r2i1p1f1,2066,03,21,0.0,13.895596,1.7093095,2066
18708,r2i1p1f1,2066,03,22,0.0,17.390045,0.9933406,2066
18709,r2i1p1f1,2066,03,23,0.0,16.9035,2.3661811,2066
18710,r2i1p1f1,2066,03,24,19.761480264311942,10.149527,-2.3909686,2066
18711,r2i1p1f1,2066,03,25,0.027098969999664966,13.801345,5.762036,2066
18712,r2i1p1f1,2066,03,26,0.0,17.321423,-0.55151564,2066
18713,r2i1p1f1,2066,03,27,0.22440698669295392,15.826995,0.67933476,2066
18714,r2i1p1f1,2066,03,28,0.7143447544946796,11.670862,4.9543977,2066
18715,r2i1p1f1,2066,03,29,0.0,16.62247,2.5062947,2066
18716,r2i1p1f1,2066,03,30,0.0,24.560398,5.214749,2066
18717,r2i1p1f1,2066,03,31,0.0,23.450865,7.836743,2066
18718,r2i1p1f1,2066,04,01,0.0,22.968569,7.226935,2066
18719,r2i1p1f1,2066,04,02,0.36969485287534976,20.175102,2.9745746,2066
18720,r2i1p1f1,2066,04,03,0.0,25.484924,7.302245,2066
18721,r2i1p1f1,2066,04,04,0.0,26.005934,8.949084,2066
18722,r2i1p1f1,2066,04,05,0.0,24.673431,7.469074,2066
18723,r2i1p1f1,2066,04,06,0.0,23.454943,6.7350354,2066
18724,r2i1p1f1,2066,04,07,4.499544735440745,18.743761,3.315481,2066
18725,r2i1p1f1,2066,04,08,0.0,19.343964,6.116046,2066
18726,r2i1p1f1,2066,04,09,0.0,18.883862,7.30802,2066
18727,r2i1p1f1,2066,04,10,0.04146165204544489,17.590202,4.5394745,2066
18728,r2i1p1f1,2066,04,11,0.0,18.54003,0.8140154,2066
18729,r2i1p1f1,2066,04,12,0.9185933621595793,12.751045,-3.9740443,2066
18730,r2i1p1f1,2066,04,13,14.14926994041777,5.3040667,-3.2580092,2066
18731,r2i1p1f1,2066,04,14,2.7264809641774965,7.224016,1.0130346,2066
18732,r2i1p1f1,2066,04,15,0.1497196786378761,8.773616,0.8186818,2066
18733,r2i1p1f1,2066,04,16,0.23061289434386148,12.403281,-1.3576059,2066
18734,r2i1p1f1,2066,04,17,0.0,16.770468,2.859926,2066
18735,r2i1p1f1,2066,04,18,0.0,21.737478,3.3097901,2066
18736,r2i1p1f1,2066,04,19,0.0,23.610342,4.5645304,2066
18737,r2i1p1f1,2066,04,20,0.0,25.46774,7.645156,2066
18738,r2i1p1f1,2066,04,21,0.0,25.273024,8.46815,2066
18739,r2i1p1f1,2066,04,22,0.0,23.327116,6.4958935,2066
18740,r2i1p1f1,2066,04,23,0.0,24.502533,7.2606907,2066
18741,r2i1p1f1,2066,04,24,0.0,25.71375,8.944609,2066
18742,r2i1p1f1,2066,04,25,0.0,27.598627,9.699516,2066
18743,r2i1p1f1,2066,04,26,0.0,26.046408,9.287761,2066
18744,r2i1p1f1,2066,04,27,0.0,24.14139,7.87944,2066
18745,r2i1p1f1,2066,04,28,0.0,19.685404,3.9703364,2066
18746,r2i1p1f1,2066,04,29,0.0,20.441954,4.030009,2066
18747,r2i1p1f1,2066,04,30,0.0,21.92124,5.810099,2066
18748,r2i1p1f1,2066,05,01,0.0,23.683756,5.334844,2066
18749,r2i1p1f1,2066,05,02,0.0,24.491077,7.825995,2066
18750,r2i1p1f1,2066,05,03,0.0,22.793522,6.6263576,2066
18751,r2i1p1f1,2066,05,04,0.0,21.484772,5.90469,2066
18752,r2i1p1f1,2066,05,05,8.802217959992749,15.654414,0.3220695,2066
18753,r2i1p1f1,2066,05,06,0.0,23.26456,6.302214,2066
18754,r2i1p1f1,2066,05,07,1.2176251231529442,21.338526,3.953823,2066
18755,r2i1p1f1,2066,05,08,0.010632352496031672,22.574066,5.471022,2066
18756,r2i1p1f1,2066,05,09,0.0,20.224562,5.9617453,2066
18757,r2i1p1f1,2066,05,10,0.0,23.184666,6.148864,2066
18758,r2i1p1f1,2066,05,11,0.8048360560477564,22.856127,5.9338083,2066
18759,r2i1p1f1,2066,05,12,11.789466782115946,12.692282,2.0877116,2066
18760,r2i1p1f1,2066,05,13,37.02895896500335,10.677723,3.7374213,2066
18761,r2i1p1f1,2066,05,14,0.8277439619982593,13.961263,5.3166137,2066
18762,r2i1p1f1,2066,05,15,0.04153596344998242,16.192526,5.8161235,2066
18763,r2i1p1f1,2066,05,16,0.0,19.130035,4.5035095,2066
18764,r2i1p1f1,2066,05,17,0.0,22.492453,5.268859,2066
18765,r2i1p1f1,2066,05,18,0.0,21.416983,6.9236636,2066
18766,r2i1p1f1,2066,05,19,0.0,21.408655,5.178268,2066
18767,r2i1p1f1,2066,05,20,0.43812992818437546,16.703993,1.3224397,2066
18768,r2i1p1f1,2066,05,21,0.0,20.443424,3.853169,2066
18769,r2i1p1f1,2066,05,22,0.0,21.538595,4.6928964,2066
18770,r2i1p1f1,2066,05,23,0.0,25.123306,7.44078,2066
18771,r2i1p1f1,2066,05,24,0.0,25.344461,8.373232,2066
18772,r2i1p1f1,2066,05,25,0.0,22.219769,5.3588996,2066
18773,r2i1p1f1,2066,05,26,0.0,20.830055,4.433425,2066
18774,r2i1p1f1,2066,05,27,0.0,19.802906,3.8971362,2066
18775,r2i1p1f1,2066,05,28,0.0,19.615377,4.2774253,2066
18776,r2i1p1f1,2066,05,29,1.8115923923267894,13.215922,3.0819974,2066
18777,r2i1p1f1,2066,05,30,0.0,19.617619,2.266967,2066
18778,r2i1p1f1,2066,05,31,0.0,24.047258,6.5193715,2066
18779,r2i1p1f1,2066,06,01,0.0022498078368908656,22.994892,5.07906,2066
18780,r2i1p1f1,2066,06,02,6.2462055004429065,15.232532,1.2804579,2066
18781,r2i1p1f1,2066,06,03,0.15714597470483008,21.379019,5.8109264,2066
18782,r2i1p1f1,2066,06,04,0.0,23.94205,6.7210827,2066
18783,r2i1p1f1,2066,06,05,0.0,23.514183,7.660046,2066
18784,r2i1p1f1,2066,06,06,0.0,22.142937,7.109166,2066
18785,r2i1p1f1,2066,06,07,0.0,21.476519,4.008561,2066
18786,r2i1p1f1,2066,06,08,0.0,21.701244,5.361987,2066
18787,r2i1p1f1,2066,06,09,0.0,19.747324,3.4845405,2066
18788,r2i1p1f1,2066,06,10,0.0,20.874887,4.3053412,2066
18789,r2i1p1f1,2066,06,11,0.0,22.067936,5.553202,2066
18790,r2i1p1f1,2066,06,12,0.0025846895508808442,24.613527,6.887891,2066
18791,r2i1p1f1,2066,06,13,0.0,25.26555,9.752317,2066
18792,r2i1p1f1,2066,06,14,0.0,29.83914,11.112281,2066
18793,r2i1p1f1,2066,06,15,0.0,31.36104,12.670958,2066
18794,r2i1p1f1,2066,06,16,0.0,32.60918,14.600816,2066
18795,r2i1p1f1,2066,06,17,0.0,34.306046,15.527293,2066
18796,r2i1p1f1,2066,06,18,0.0,33.434525,16.878504,2066
18797,r2i1p1f1,2066,06,19,0.0,34.505203,16.575422,2066
18798,r2i1p1f1,2066,06,20,0.0,35.158585,16.931553,2066
18799,r2i1p1f1,2066,06,21,0.020662173091505583,34.83486,17.128073,2066
18800,r2i1p1f1,2066,06,22,0.0,31.987535,15.90555,2066
18801,r2i1p1f1,2066,06,23,2.7536309297339847,30.52464,13.9142065,2066
18802,r2i1p1f1,2066,06,24,8.381549275397377,30.846373,13.350349,2066
18803,r2i1p1f1,2066,06,25,0.0015877787798392372,29.866167,13.230647,2066
18804,r2i1p1f1,2066,06,26,0.03974608922502599,27.573124,12.208631,2066
18805,r2i1p1f1,2066,06,27,1.228684096559636,29.812103,13.738056,2066
18806,r2i1p1f1,2066,06,28,0.1855550077100186,28.520483,15.087605,2066
18807,r2i1p1f1,2066,06,29,0.0,26.024658,13.022759,2066
18808,r2i1p1f1,2066,06,30,3.4713989845141233,25.112022,7.812123,2066
18809,r2i1p1f1,2066,07,01,0.0,26.195776,10.403193,2066
18810,r2i1p1f1,2066,07,02,0.0,30.24459,12.621167,2066
18811,r2i1p1f1,2066,07,03,0.0,29.833227,14.841584,2066
18812,r2i1p1f1,2066,07,04,0.2479981649090545,28.585136,12.53336,2066
18813,r2i1p1f1,2066,07,05,0.0,29.519669,12.778738,2066
18814,r2i1p1f1,2066,07,06,0.0,30.628414,14.757958,2066
18815,r2i1p1f1,2066,07,07,0.0,29.49682,12.860671,2066
18816,r2i1p1f1,2066,07,08,0.0,29.21044,13.159387,2066
18817,r2i1p1f1,2066,07,09,0.0,30.848858,14.510676,2066
18818,r2i1p1f1,2066,07,10,0.0,33.47512,15.006956,2066
18819,r2i1p1f1,2066,07,11,0.0,32.027023,15.257099,2066
18820,r2i1p1f1,2066,07,12,0.0,31.34148,14.421531,2066
18821,r2i1p1f1,2066,07,13,0.0,31.006954,14.125488,2066
18822,r2i1p1f1,2066,07,14,2.1411334377000037,30.690811,15.003398,2066
18823,r2i1p1f1,2066,07,15,0.0,25.252373,14.646966,2066
18824,r2i1p1f1,2066,07,16,0.2726123080020233,27.13276,11.949974,2066
18825,r2i1p1f1,2066,07,17,5.077826049707185,24.28457,11.463578,2066
18826,r2i1p1f1,2066,07,18,11.486123218212295,26.94227,12.919025,2066
18827,r2i1p1f1,2066,07,19,7.049027501950779,26.95206,12.463809,2066
18828,r2i1p1f1,2066,07,20,0.0,27.446093,12.035662,2066
18829,r2i1p1f1,2066,07,21,0.0,28.600267,13.191256,2066
18830,r2i1p1f1,2066,07,22,0.0,28.099195,13.585933,2066
18831,r2i1p1f1,2066,07,23,0.0,29.579533,12.603941,2066
18832,r2i1p1f1,2066,07,24,0.0,28.739725,11.444459,2066
18833,r2i1p1f1,2066,07,25,0.0,27.212744,11.653732,2066
18834,r2i1p1f1,2066,07,26,0.0,27.870712,11.450541,2066
18835,r2i1p1f1,2066,07,27,0.0,29.78773,13.100671,2066
18836,r2i1p1f1,2066,07,28,0.0,29.682323,12.83185,2066
18837,r2i1p1f1,2066,07,29,0.0,29.340513,13.417823,2066
18838,r2i1p1f1,2066,07,30,0.0,33.419315,15.694734,2066
18839,r2i1p1f1,2066,07,31,0.0,32.930794,16.54279,2066
18840,r2i1p1f1,2066,08,01,0.0,33.310963,15.894664,2066
18841,r2i1p1f1,2066,08,02,0.0,29.45951,13.635623,2066
18842,r2i1p1f1,2066,08,03,0.0,30.833597,14.161711,2066
18843,r2i1p1f1,2066,08,04,0.0,32.627556,15.677644,2066
18844,r2i1p1f1,2066,08,05,0.0,32.7728,16.215094,2066
18845,r2i1p1f1,2066,08,06,0.0,33.122322,15.601782,2066
18846,r2i1p1f1,2066,08,07,0.0006987632892000525,33.565804,16.449703,2066
18847,r2i1p1f1,2066,08,08,0.0,32.974586,16.434875,2066
18848,r2i1p1f1,2066,08,09,0.0,32.69767,15.202443,2066
18849,r2i1p1f1,2066,08,10,0.0,31.58086,15.011997,2066
18850,r2i1p1f1,2066,08,11,0.0,31.101944,15.224797,2066
18851,r2i1p1f1,2066,08,12,0.0,31.31767,15.650957,2066
18852,r2i1p1f1,2066,08,13,0.0,32.444954,16.184233,2066
18853,r2i1p1f1,2066,08,14,0.0,33.253414,16.051435,2066
18854,r2i1p1f1,2066,08,15,0.0,34.116802,16.94253,2066
18855,r2i1p1f1,2066,08,16,0.0,34.0877,16.626162,2066
18856,r2i1p1f1,2066,08,17,0.0,32.512253,16.016605,2066
18857,r2i1p1f1,2066,08,18,0.0,31.38192,15.737808,2066
18858,r2i1p1f1,2066,08,19,0.0,30.84431,15.181883,2066
18859,r2i1p1f1,2066,08,20,0.0,31.53979,15.414211,2066
18860,r2i1p1f1,2066,08,21,0.0,32.46926,15.772038,2066
18861,r2i1p1f1,2066,08,22,0.0,34.0232,16.563375,2066
18862,r2i1p1f1,2066,08,23,0.0,34.825977,18.43801,2066
18863,r2i1p1f1,2066,08,24,0.0,36.55334,19.870085,2066
18864,r2i1p1f1,2066,08,25,0.0,37.47923,20.723919,2066
18865,r2i1p1f1,2066,08,26,0.0,36.651775,18.88511,2066
18866,r2i1p1f1,2066,08,27,0.03017246050988503,32.95042,16.152819,2066
18867,r2i1p1f1,2066,08,28,0.0,28.974253,13.59929,2066
18868,r2i1p1f1,2066,08,29,0.0,32.079975,15.895683,2066
18869,r2i1p1f1,2066,08,30,0.0,33.607376,15.681975,2066
18870,r2i1p1f1,2066,08,31,0.0,34.15846,17.08993,2066
18871,r2i1p1f1,2066,09,01,0.0,31.216915,14.777037,2066
18872,r2i1p1f1,2066,09,02,0.0,31.309584,14.744077,2066
18873,r2i1p1f1,2066,09,03,0.0,31.011177,14.097849,2066
18874,r2i1p1f1,2066,09,04,0.0,29.641336,12.136315,2066
18875,r2i1p1f1,2066,09,05,0.0,29.478003,12.268187,2066
18876,r2i1p1f1,2066,09,06,0.0,28.175581,12.464185,2066
18877,r2i1p1f1,2066,09,07,0.0,27.23851,11.485352,2066
18878,r2i1p1f1,2066,09,08,0.0,26.542423,9.904299,2066
18879,r2i1p1f1,2066,09,09,0.0,26.507832,9.49488,2066
18880,r2i1p1f1,2066,09,10,0.0,30.882343,12.981218,2066
18881,r2i1p1f1,2066,09,11,0.0,31.955484,15.340936,2066
18882,r2i1p1f1,2066,09,12,0.0,32.49223,14.582886,2066
18883,r2i1p1f1,2066,09,13,0.0,32.839054,15.253878,2066
18884,r2i1p1f1,2066,09,14,0.0,31.795816,14.280447,2066
18885,r2i1p1f1,2066,09,15,0.0,27.77796,12.371308,2066
18886,r2i1p1f1,2066,09,16,0.0,27.615908,10.592209,2066
18887,r2i1p1f1,2066,09,17,0.0,27.590504,11.243288,2066
18888,r2i1p1f1,2066,09,18,0.0,27.803732,11.246893,2066
18889,r2i1p1f1,2066,09,19,0.0,29.436737,11.01711,2066
18890,r2i1p1f1,2066,09,20,0.0,30.466654,10.675429,2066
18891,r2i1p1f1,2066,09,21,0.0,29.962046,12.123511,2066
18892,r2i1p1f1,2066,09,22,0.0,28.661346,10.898034,2066
18893,r2i1p1f1,2066,09,23,1.7574420185575526,27.145102,10.583119,2066
18894,r2i1p1f1,2066,09,24,2.1435740743562257,26.285065,11.275934,2066
18895,r2i1p1f1,2066,09,25,10.369871184341788,24.10872,11.894163,2066
18896,r2i1p1f1,2066,09,26,3.2770053775913346,20.959997,7.626953,2066
18897,r2i1p1f1,2066,09,27,0.0,22.430696,7.2649975,2066
18898,r2i1p1f1,2066,09,28,0.09988341439216478,21.840519,7.084208,2066
18899,r2i1p1f1,2066,09,29,0.0,22.654427,8.151937,2066
18900,r2i1p1f1,2066,09,30,0.0,20.971373,7.0399594,2066
18901,r2i1p1f1,2066,10,01,0.0,19.964909,7.1040854,2066
18902,r2i1p1f1,2066,10,02,0.0,20.521925,7.1585617,2066
18903,r2i1p1f1,2066,10,03,0.0,20.68954,6.073027,2066
18904,r2i1p1f1,2066,10,04,0.0,20.146227,6.1004543,2066
18905,r2i1p1f1,2066,10,05,0.0,20.335606,5.672591,2066
18906,r2i1p1f1,2066,10,06,0.0,19.513226,5.2240505,2066
18907,r2i1p1f1,2066,10,07,0.0,21.520409,6.0633793,2066
18908,r2i1p1f1,2066,10,08,0.0,24.336487,6.9984474,2066
18909,r2i1p1f1,2066,10,09,0.0,25.672115,8.760933,2066
18910,r2i1p1f1,2066,10,10,0.0,26.537,10.084752,2066
18911,r2i1p1f1,2066,10,11,0.0,30.685078,13.633069,2066
18912,r2i1p1f1,2066,10,12,0.0,34.59265,14.728414,2066
18913,r2i1p1f1,2066,10,13,0.0,34.108894,14.65543,2066
18914,r2i1p1f1,2066,10,14,0.0,31.357851,15.712065,2066
18915,r2i1p1f1,2066,10,15,0.0,25.211752,11.752291,2066
18916,r2i1p1f1,2066,10,16,0.0,25.020903,10.989212,2066
18917,r2i1p1f1,2066,10,17,0.0,27.469244,10.31594,2066
18918,r2i1p1f1,2066,10,18,0.0,28.907408,12.3498335,2066
18919,r2i1p1f1,2066,10,19,0.0,27.37023,11.182625,2066
18920,r2i1p1f1,2066,10,20,0.0,27.236341,12.772598,2066
18921,r2i1p1f1,2066,10,21,0.0,24.498764,8.451776,2066
18922,r2i1p1f1,2066,10,22,0.0,23.990387,8.430989,2066
18923,r2i1p1f1,2066,10,23,0.0,26.438097,9.467814,2066
18924,r2i1p1f1,2066,10,24,0.0,23.913101,5.843024,2066
18925,r2i1p1f1,2066,10,25,0.0,21.764038,4.8654876,2066
18926,r2i1p1f1,2066,10,26,1.3241575538743815,15.554238,6.9837184,2066
18927,r2i1p1f1,2066,10,27,10.976720469737371,12.359509,2.0124054,2066
18928,r2i1p1f1,2066,10,28,0.0,17.112337,1.6099551,2066
18929,r2i1p1f1,2066,10,29,0.0,21.427763,3.3472993,2066
18930,r2i1p1f1,2066,10,30,0.0,19.144878,5.4635634,2066
18931,r2i1p1f1,2066,10,31,0.0,16.754244,3.511001,2066
18932,r2i1p1f1,2066,11,01,0.0,18.749414,3.1386416,2066
18933,r2i1p1f1,2066,11,02,0.0,17.623356,6.312159,2066
18934,r2i1p1f1,2066,11,03,0.0,16.798124,3.8295507,2066
18935,r2i1p1f1,2066,11,04,0.0,12.56569,1.162681,2066
18936,r2i1p1f1,2066,11,05,3.911040084774588,10.859229,0.13001712,2066
18937,r2i1p1f1,2066,11,06,11.920227589367782,5.5648427,-0.7004945,2066
18938,r2i1p1f1,2066,11,07,0.0,8.79232,-3.6281147,2066
18939,r2i1p1f1,2066,11,08,0.0,12.796448,-1.4912298,2066
18940,r2i1p1f1,2066,11,09,22.108329345400517,9.023692,0.012822078,2066
18941,r2i1p1f1,2066,11,10,0.2982073713960395,8.035699,-2.6437843,2066
18942,r2i1p1f1,2066,11,11,0.0,10.208455,-0.096274644,2066
18943,r2i1p1f1,2066,11,12,25.4695179043875,8.15392,2.4833765,2066
18944,r2i1p1f1,2066,11,13,0.4809190481987221,9.840638,1.4285429,2066
18945,r2i1p1f1,2066,11,14,0.0,14.458379,1.7211722,2066
18946,r2i1p1f1,2066,11,15,0.0,16.710674,0.61402804,2066
18947,r2i1p1f1,2066,11,16,0.0,17.197979,2.8243353,2066
18948,r2i1p1f1,2066,11,17,0.3685522922436436,15.769533,4.924916,2066
18949,r2i1p1f1,2066,11,18,17.118675170618538,9.647519,5.166393,2066
18950,r2i1p1f1,2066,11,19,6.147754731053003,8.556154,-1.003957,2066
18951,r2i1p1f1,2066,11,20,0.028784070029639855,5.7684407,0.9903484,2066
18952,r2i1p1f1,2066,11,21,0.0020538358617509054,12.692934,-0.882393,2066
18953,r2i1p1f1,2066,11,22,0.0,13.781109,0.64473253,2066
18954,r2i1p1f1,2066,11,23,0.0,10.97615,0.5473496,2066
18955,r2i1p1f1,2066,11,24,0.0,11.281239,0.45084977,2066
18956,r2i1p1f1,2066,11,25,0.0,17.74337,3.514148,2066
18957,r2i1p1f1,2066,11,26,0.0,18.684101,-1.608538,2066
18958,r2i1p1f1,2066,11,27,0.0,17.924927,-1.5739672,2066
18959,r2i1p1f1,2066,11,28,17.902828030995668,14.8445635,0.40394777,2066
18960,r2i1p1f1,2066,11,29,0.0,3.906631,-4.799424,2066
18961,r2i1p1f1,2066,11,30,0.0301591937806314,2.668745,-8.560256,2066
18962,r2i1p1f1,2066,12,01,0.2105125927370794,3.9953465,-5.897698,2066
18963,r2i1p1f1,2066,12,02,26.381219438581656,0.4419149,-5.108551,2066
18964,r2i1p1f1,2066,12,03,11.846494506775903,0.76631105,-8.478088,2066
18965,r2i1p1f1,2066,12,04,0.10303948736411538,-1.2836251,-8.297913,2066
18966,r2i1p1f1,2066,12,05,0.6060681324435371,1.296127,-10.273943,2066
18967,r2i1p1f1,2066,12,06,0.0,1.8518305,-8.652114,2066
18968,r2i1p1f1,2066,12,07,0.0,5.832585,-5.6836166,2066
18969,r2i1p1f1,2066,12,08,0.0,7.2667856,-4.2024117,2066
18970,r2i1p1f1,2066,12,09,0.0,8.149883,-3.0930073,2066
18971,r2i1p1f1,2066,12,10,0.0,10.294035,-0.9920445,2066
18972,r2i1p1f1,2066,12,11,0.0,7.0372033,0.3952448,2066
18973,r2i1p1f1,2066,12,12,0.20383750671026762,5.223944,-0.20851418,2066
18974,r2i1p1f1,2066,12,13,3.7320517391960424,3.9742298,-1.077964,2066
18975,r2i1p1f1,2066,12,14,13.537585248419559,4.229508,-0.6411267,2066
18976,r2i1p1f1,2066,12,15,3.1749208239681628,3.8348372,-1.0517052,2066
18977,r2i1p1f1,2066,12,16,6.503275721094654,4.9795566,-0.17079349,2066
18978,r2i1p1f1,2066,12,17,2.0094166693385116,4.2134404,0.5869121,2066
18979,r2i1p1f1,2066,12,18,35.82618247243003,6.6286817,-1.6019962,2066
18980,r2i1p1f1,2066,12,19,0.7526420564073095,5.2499237,-1.4551239,2066
18981,r2i1p1f1,2066,12,20,3.964419574493569,2.193899,-2.4539423,2066
18982,r2i1p1f1,2066,12,21,0.12131466746023552,5.711618,-5.1297064,2066
18983,r2i1p1f1,2066,12,22,20.63606089012375,2.8596861,-1.5032442,2066
18984,r2i1p1f1,2066,12,23,2.719891034866333,5.3688183,0.5309772,2066
18985,r2i1p1f1,2066,12,24,0.09632675863800753,5.211968,0.812462,2066
18986,r2i1p1f1,2066,12,25,5.413968745093511,3.693443,-0.7958348,2066
18987,r2i1p1f1,2066,12,26,0.0,4.1613536,-3.7691786,2066
18988,r2i1p1f1,2066,12,27,1.5759933431791768,4.2558975,-0.7654968,2066
18989,r2i1p1f1,2066,12,28,95.52931766419744,11.1988125,1.664823,2066
18990,r2i1p1f1,2066,12,29,67.01384825237955,12.076319,0.40793326,2066
18991,r2i1p1f1,2066,12,30,14.06910659190124,3.71721,-1.7162671,2066
18992,r2i1p1f1,2066,12,31,35.33171832857009,3.0203156,-1.2917403,2066
18993,r2i1p1f1,2067,01,01,14.780003162965071,6.1145353,-4.5563912,2067
18994,r2i1p1f1,2067,01,02,0.0005021522820942874,3.5917985,-0.63989913,2067
18995,r2i1p1f1,2067,01,03,0.0,6.823109,-4.296085,2067
18996,r2i1p1f1,2067,01,04,28.68578218890784,2.1098435,-7.028307,2067
18997,r2i1p1f1,2067,01,05,22.831124097529727,1.7084302,-1.8860215,2067
18998,r2i1p1f1,2067,01,06,0.0,10.450145,-3.1143963,2067
18999,r2i1p1f1,2067,01,07,0.0,8.688525,-4.0453634,2067
19000,r2i1p1f1,2067,01,08,0.0,7.865006,-5.0227513,2067
19001,r2i1p1f1,2067,01,09,0.0,7.4000487,-3.785431,2067
19002,r2i1p1f1,2067,01,10,0.0,10.1910715,-0.602108,2067
19003,r2i1p1f1,2067,01,11,0.0,9.656455,-3.274759,2067
19004,r2i1p1f1,2067,01,12,0.0,9.954031,-2.3660789,2067
19005,r2i1p1f1,2067,01,13,0.0,9.205529,-2.73782,2067
19006,r2i1p1f1,2067,01,14,0.0,8.566733,-1.8358976,2067
19007,r2i1p1f1,2067,01,15,0.0,8.740957,-4.041843,2067
19008,r2i1p1f1,2067,01,16,0.0,3.4268177,-7.867643,2067
19009,r2i1p1f1,2067,01,17,0.0,3.238922,-4.434964,2067
19010,r2i1p1f1,2067,01,18,7.143120305548878,7.4582667,-4.9414344,2067
19011,r2i1p1f1,2067,01,19,39.10257075286399,10.047872,-3.016905,2067
19012,r2i1p1f1,2067,01,20,35.48924238062822,8.049565,2.7409236,2067
19013,r2i1p1f1,2067,01,21,79.42710515792267,8.668079,3.3567615,2067
19014,r2i1p1f1,2067,01,22,93.04038550382337,10.270254,2.0727613,2067
19015,r2i1p1f1,2067,01,23,61.92496158630372,9.134328,1.1910805,2067
19016,r2i1p1f1,2067,01,24,12.09632628138374,5.7599688,-0.056978274,2067
19017,r2i1p1f1,2067,01,25,0.0,5.6222544,-2.5059862,2067
19018,r2i1p1f1,2067,01,26,0.0,7.945165,-4.0936465,2067
19019,r2i1p1f1,2067,01,27,2.002159511287643,10.061135,0.9043134,2067
19020,r2i1p1f1,2067,01,28,0.0,15.348843,1.34828,2067
19021,r2i1p1f1,2067,01,29,0.0,17.272276,3.0782588,2067
19022,r2i1p1f1,2067,01,30,0.0,19.767624,5.9296746,2067
19023,r2i1p1f1,2067,01,31,0.0,20.959248,4.1439137,2067
19024,r2i1p1f1,2067,02,01,0.0,18.028051,3.4024298,2067
19025,r2i1p1f1,2067,02,02,0.0,12.83982,-3.973675,2067
19026,r2i1p1f1,2067,02,03,0.0,9.959723,-5.730546,2067
19027,r2i1p1f1,2067,02,04,0.0,11.285208,-3.9472594,2067
19028,r2i1p1f1,2067,02,05,0.0,8.818961,-2.8462212,2067
19029,r2i1p1f1,2067,02,06,0.0,11.600499,-1.5264496,2067
19030,r2i1p1f1,2067,02,07,0.0,17.308142,3.7341685,2067
19031,r2i1p1f1,2067,02,08,0.0,21.402775,7.5868907,2067
19032,r2i1p1f1,2067,02,09,0.0,23.000273,8.728735,2067
19033,r2i1p1f1,2067,02,10,0.0,24.460413,6.160887,2067
19034,r2i1p1f1,2067,02,11,0.0,23.034834,6.9874167,2067
19035,r2i1p1f1,2067,02,12,0.2463293547477336,18.035814,5.557578,2067
19036,r2i1p1f1,2067,02,13,0.7656408609468949,11.219423,2.1483595,2067
19037,r2i1p1f1,2067,02,14,0.0,14.324779,-1.8177689,2067
19038,r2i1p1f1,2067,02,15,22.343509233905934,11.348396,4.5634623,2067
19039,r2i1p1f1,2067,02,16,0.0,15.002104,2.5257392,2067
19040,r2i1p1f1,2067,02,17,0.0,14.442226,2.4896371,2067
19041,r2i1p1f1,2067,02,18,0.03610201753102816,14.856599,4.7037477,2067
19042,r2i1p1f1,2067,02,19,0.0,16.798372,4.696602,2067
19043,r2i1p1f1,2067,02,20,0.0,18.99572,6.145676,2067
19044,r2i1p1f1,2067,02,21,0.0,19.094555,5.494172,2067
19045,r2i1p1f1,2067,02,22,0.0,16.649342,3.9684021,2067
19046,r2i1p1f1,2067,02,23,0.0,15.50778,4.350798,2067
19047,r2i1p1f1,2067,02,24,38.357640274961554,10.671069,5.6243224,2067
19048,r2i1p1f1,2067,02,25,0.0,14.81064,2.9641097,2067
19049,r2i1p1f1,2067,02,26,9.205908385439006,12.568372,2.7073498,2067
19050,r2i1p1f1,2067,02,27,28.27041609875428,11.598613,1.5737661,2067
19051,r2i1p1f1,2067,02,28,14.224943375414183,9.706829,-2.2027557,2067
19052,r2i1p1f1,2067,03,01,3.8237795619911945,5.285186,-5.6271496,2067
19053,r2i1p1f1,2067,03,02,2.2501390332938453,1.2124445,-3.2035766,2067
19054,r2i1p1f1,2067,03,03,4.267354696919658,1.6798409,-2.8756044,2067
19055,r2i1p1f1,2067,03,04,15.701400737676662,1.2505043,-4.220955,2067
19056,r2i1p1f1,2067,03,05,21.374805552701357,6.090679,-4.1151857,2067
19057,r2i1p1f1,2067,03,06,0.0,7.8399734,-2.9516559,2067
19058,r2i1p1f1,2067,03,07,0.0,8.669919,-2.8933966,2067
19059,r2i1p1f1,2067,03,08,0.0,13.992864,-2.6829512,2067
19060,r2i1p1f1,2067,03,09,0.0,14.444809,0.112961695,2067
19061,r2i1p1f1,2067,03,10,0.0,15.309856,4.072463,2067
19062,r2i1p1f1,2067,03,11,0.0,15.132283,4.3620987,2067
19063,r2i1p1f1,2067,03,12,26.8101818622269,9.211945,-3.5957778,2067
19064,r2i1p1f1,2067,03,13,6.553677214749489,0.6862962,-5.0261645,2067
19065,r2i1p1f1,2067,03,14,15.930427457967129,1.8731976,-5.6899767,2067
19066,r2i1p1f1,2067,03,15,0.0,3.8914893,-7.4303293,2067
19067,r2i1p1f1,2067,03,16,2.1070881194436177,4.0587525,-3.4464533,2067
19068,r2i1p1f1,2067,03,17,0.3824180793029742,7.1341004,-0.8241316,2067
19069,r2i1p1f1,2067,03,18,0.0,15.04362,-1.0806779,2067
19070,r2i1p1f1,2067,03,19,0.0,17.496511,1.5292149,2067
19071,r2i1p1f1,2067,03,20,0.0,19.368483,3.2500916,2067
19072,r2i1p1f1,2067,03,21,0.0,20.563726,4.1634088,2067
19073,r2i1p1f1,2067,03,22,0.0,21.198517,3.7914598,2067
19074,r2i1p1f1,2067,03,23,0.0,21.708473,5.0377235,2067
19075,r2i1p1f1,2067,03,24,0.0,18.629028,4.383285,2067
19076,r2i1p1f1,2067,03,25,0.0,18.2615,2.0669801,2067
19077,r2i1p1f1,2067,03,26,0.0,14.507681,0.9990026,2067
19078,r2i1p1f1,2067,03,27,0.0,15.576101,0.61088943,2067
19079,r2i1p1f1,2067,03,28,1.1057999169749495,13.816812,0.4572261,2067
19080,r2i1p1f1,2067,03,29,48.55933174661074,8.581573,-2.524278,2067
19081,r2i1p1f1,2067,03,30,0.0,14.710256,-1.0996581,2067
19082,r2i1p1f1,2067,03,31,0.0,16.252071,3.2726643,2067
19083,r2i1p1f1,2067,04,01,0.0,17.925983,4.5220633,2067
19084,r2i1p1f1,2067,04,02,0.0,23.022259,5.59545,2067
19085,r2i1p1f1,2067,04,03,0.0,24.889334,8.257806,2067
19086,r2i1p1f1,2067,04,04,0.0,26.109867,10.807485,2067
19087,r2i1p1f1,2067,04,05,0.0,26.926006,10.734163,2067
19088,r2i1p1f1,2067,04,06,0.0,26.19136,9.668496,2067
19089,r2i1p1f1,2067,04,07,0.0,28.364906,10.335601,2067
19090,r2i1p1f1,2067,04,08,0.0,26.941343,9.272702,2067
19091,r2i1p1f1,2067,04,09,0.0,24.205814,7.8088675,2067
19092,r2i1p1f1,2067,04,10,0.0,21.891937,2.9293447,2067
19093,r2i1p1f1,2067,04,11,0.0,24.020645,5.5809045,2067
19094,r2i1p1f1,2067,04,12,0.0,24.639202,6.810118,2067
19095,r2i1p1f1,2067,04,13,0.0,26.437744,7.646865,2067
19096,r2i1p1f1,2067,04,14,0.0,28.058384,8.724731,2067
19097,r2i1p1f1,2067,04,15,0.0,27.859728,9.068211,2067
19098,r2i1p1f1,2067,04,16,0.6596717086162803,24.055895,7.3360157,2067
19099,r2i1p1f1,2067,04,17,0.0,26.447374,9.613217,2067
19100,r2i1p1f1,2067,04,18,0.0,27.89518,10.604561,2067
19101,r2i1p1f1,2067,04,19,0.0,27.282658,9.582538,2067
19102,r2i1p1f1,2067,04,20,0.12212364452772398,22.091017,7.2235794,2067
19103,r2i1p1f1,2067,04,21,64.69700135953295,9.690804,3.1398168,2067
19104,r2i1p1f1,2067,04,22,0.0,19.90335,3.8770518,2067
19105,r2i1p1f1,2067,04,23,0.0,26.58293,8.4038,2067
19106,r2i1p1f1,2067,04,24,0.0,29.322842,12.31219,2067
19107,r2i1p1f1,2067,04,25,0.1460920539102517,27.18171,11.19531,2067
19108,r2i1p1f1,2067,04,26,12.576367258309173,14.358486,1.5955577,2067
19109,r2i1p1f1,2067,04,27,23.055955700468846,8.327582,-4.328298,2067
19110,r2i1p1f1,2067,04,28,0.12865837823203316,14.323477,-0.69401914,2067
19111,r2i1p1f1,2067,04,29,0.0,15.965808,0.8150128,2067
19112,r2i1p1f1,2067,04,30,0.0,17.05428,1.3122469,2067
19113,r2i1p1f1,2067,05,01,0.0,17.21356,4.724872,2067
19114,r2i1p1f1,2067,05,02,0.1280589022599088,14.92189,5.253688,2067
19115,r2i1p1f1,2067,05,03,0.0,19.272264,2.8208134,2067
19116,r2i1p1f1,2067,05,04,0.14296823684652246,18.115486,3.644295,2067
19117,r2i1p1f1,2067,05,05,2.4415493732721396,12.330643,0.5882297,2067
19118,r2i1p1f1,2067,05,06,0.0,18.349329,3.3576949,2067
19119,r2i1p1f1,2067,05,07,0.0,19.39228,4.274161,2067
19120,r2i1p1f1,2067,05,08,0.05525350570678711,18.69851,3.250053,2067
19121,r2i1p1f1,2067,05,09,0.0,14.060087,-1.6575924,2067
19122,r2i1p1f1,2067,05,10,0.0,17.443932,0.26496896,2067
19123,r2i1p1f1,2067,05,11,0.0,19.58736,2.200844,2067
19124,r2i1p1f1,2067,05,12,0.0,22.957594,6.247344,2067
19125,r2i1p1f1,2067,05,13,0.5753909167721688,19.322403,5.4326577,2067
19126,r2i1p1f1,2067,05,14,0.028022902142765815,22.963354,5.7317805,2067
19127,r2i1p1f1,2067,05,15,0.0,24.47922,8.543255,2067
19128,r2i1p1f1,2067,05,16,0.0,25.002445,9.692168,2067
19129,r2i1p1f1,2067,05,17,0.0,24.97628,8.583396,2067
19130,r2i1p1f1,2067,05,18,0.0,22.649578,6.2734017,2067
19131,r2i1p1f1,2067,05,19,0.0,20.556963,5.2067604,2067
19132,r2i1p1f1,2067,05,20,0.0,19.039679,3.9965906,2067
19133,r2i1p1f1,2067,05,21,7.6301233157734645,14.976336,5.934599,2067
19134,r2i1p1f1,2067,05,22,2.2485765651603846,13.560722,1.3138692,2067
19135,r2i1p1f1,2067,05,23,6.147891041690365,13.512478,3.3144782,2067
19136,r2i1p1f1,2067,05,24,0.09215935518183799,18.763512,2.5996876,2067
19137,r2i1p1f1,2067,05,25,0.0,22.468903,5.285126,2067
19138,r2i1p1f1,2067,05,26,0.0,27.457113,10.622877,2067
19139,r2i1p1f1,2067,05,27,0.0,31.055815,13.700315,2067
19140,r2i1p1f1,2067,05,28,0.0,32.96708,15.293817,2067
19141,r2i1p1f1,2067,05,29,0.0,33.55357,16.54543,2067
19142,r2i1p1f1,2067,05,30,0.04457366549803947,31.64234,13.746192,2067
19143,r2i1p1f1,2067,05,31,0.0,25.11476,10.937569,2067
19144,r2i1p1f1,2067,06,01,0.0,23.050034,8.250847,2067
19145,r2i1p1f1,2067,06,02,0.0,24.920507,7.3438244,2067
19146,r2i1p1f1,2067,06,03,0.0,22.481676,5.7910495,2067
19147,r2i1p1f1,2067,06,04,0.0,22.707561,6.1636543,2067
19148,r2i1p1f1,2067,06,05,0.0,23.441118,6.18688,2067
19149,r2i1p1f1,2067,06,06,0.0,26.038109,7.977123,2067
19150,r2i1p1f1,2067,06,07,0.0,25.118484,8.602983,2067
19151,r2i1p1f1,2067,06,08,0.0,23.817068,6.9149733,2067
19152,r2i1p1f1,2067,06,09,0.0,22.174257,6.2965274,2067
19153,r2i1p1f1,2067,06,10,0.08280538358331586,21.844185,8.54174,2067
19154,r2i1p1f1,2067,06,11,0.0,22.842007,7.4371986,2067
19155,r2i1p1f1,2067,06,12,0.0,24.295698,8.40471,2067
19156,r2i1p1f1,2067,06,13,0.0,26.817196,9.817463,2067
19157,r2i1p1f1,2067,06,14,0.0,28.616186,12.763765,2067
19158,r2i1p1f1,2067,06,15,0.03540119774138125,28.943619,11.3686,2067
19159,r2i1p1f1,2067,06,16,0.0,28.88675,12.084862,2067
19160,r2i1p1f1,2067,06,17,0.0,33.14029,14.407573,2067
19161,r2i1p1f1,2067,06,18,0.0,36.098747,17.206207,2067
19162,r2i1p1f1,2067,06,19,0.0,37.73833,19.176308,2067
19163,r2i1p1f1,2067,06,20,0.0,39.497326,22.087349,2067
19164,r2i1p1f1,2067,06,21,0.0,40.52314,20.58657,2067
19165,r2i1p1f1,2067,06,22,0.0,37.891785,20.584557,2067
19166,r2i1p1f1,2067,06,23,0.0,35.97936,18.211517,2067
19167,r2i1p1f1,2067,06,24,0.0,35.82127,16.201857,2067
19168,r2i1p1f1,2067,06,25,0.0,34.508114,16.425045,2067
19169,r2i1p1f1,2067,06,26,0.9622738085594252,33.679657,15.489463,2067
19170,r2i1p1f1,2067,06,27,0.4388969303153527,28.956055,14.778815,2067
19171,r2i1p1f1,2067,06,28,0.4082780002276055,29.09667,14.286762,2067
19172,r2i1p1f1,2067,06,29,0.0,31.762465,13.553325,2067
19173,r2i1p1f1,2067,06,30,0.0,30.659052,15.358867,2067
19174,r2i1p1f1,2067,07,01,0.0,31.331793,16.34208,2067
19175,r2i1p1f1,2067,07,02,0.0,32.210907,13.943566,2067
19176,r2i1p1f1,2067,07,03,0.0,29.628365,14.08104,2067
19177,r2i1p1f1,2067,07,04,0.12484050256227,27.811876,10.426581,2067
19178,r2i1p1f1,2067,07,05,0.0,29.39819,12.6954,2067
19179,r2i1p1f1,2067,07,06,0.2958955042301498,30.578487,17.587912,2067
19180,r2i1p1f1,2067,07,07,2.463956746267006,31.362734,15.135695,2067
19181,r2i1p1f1,2067,07,08,0.0,31.806093,16.163925,2067
19182,r2i1p1f1,2067,07,09,0.30227458677332975,32.700962,17.756937,2067
19183,r2i1p1f1,2067,07,10,0.45278060542141946,31.714937,16.882408,2067
19184,r2i1p1f1,2067,07,11,0.0,32.072582,17.601261,2067
19185,r2i1p1f1,2067,07,12,0.0,32.17866,16.681286,2067
19186,r2i1p1f1,2067,07,13,0.0,32.19089,16.701986,2067
19187,r2i1p1f1,2067,07,14,0.0,31.792412,16.35076,2067
19188,r2i1p1f1,2067,07,15,0.6320035636935455,31.507994,16.18738,2067
19189,r2i1p1f1,2067,07,16,0.0022398549565248406,30.485811,15.496917,2067
19190,r2i1p1f1,2067,07,17,0.4832713294140726,30.19972,15.498166,2067
19191,r2i1p1f1,2067,07,18,0.03160038171909736,29.476738,14.475993,2067
19192,r2i1p1f1,2067,07,19,0.0,31.638906,14.767346,2067
19193,r2i1p1f1,2067,07,20,0.0,32.67823,16.579994,2067
19194,r2i1p1f1,2067,07,21,0.0,32.183956,14.901148,2067
19195,r2i1p1f1,2067,07,22,0.0,30.68546,13.854406,2067
19196,r2i1p1f1,2067,07,23,0.0,31.09685,14.796726,2067
19197,r2i1p1f1,2067,07,24,0.0,31.082384,14.717205,2067
19198,r2i1p1f1,2067,07,25,0.0,29.719824,13.314124,2067
19199,r2i1p1f1,2067,07,26,0.0,29.830317,13.580335,2067
19200,r2i1p1f1,2067,07,27,0.0,29.120913,12.612638,2067
19201,r2i1p1f1,2067,07,28,0.0,27.577818,10.8231325,2067
19202,r2i1p1f1,2067,07,29,0.0,26.934376,9.94588,2067
19203,r2i1p1f1,2067,07,30,0.0,29.161821,12.693892,2067
19204,r2i1p1f1,2067,07,31,0.0,32.531742,15.147305,2067
19205,r2i1p1f1,2067,08,01,0.0,33.280476,16.518106,2067
19206,r2i1p1f1,2067,08,02,0.0,33.838615,16.731842,2067
19207,r2i1p1f1,2067,08,03,0.0,33.844784,16.450264,2067
19208,r2i1p1f1,2067,08,04,0.0,34.079296,18.106138,2067
19209,r2i1p1f1,2067,08,05,0.0,33.415993,16.812456,2067
19210,r2i1p1f1,2067,08,06,0.0,31.39358,14.70313,2067
19211,r2i1p1f1,2067,08,07,0.0,29.002592,12.980355,2067
19212,r2i1p1f1,2067,08,08,0.0,29.898409,13.700227,2067
19213,r2i1p1f1,2067,08,09,0.0,32.040653,14.789244,2067
19214,r2i1p1f1,2067,08,10,0.0,31.721611,15.149685,2067
19215,r2i1p1f1,2067,08,11,0.0,30.666504,14.540056,2067
19216,r2i1p1f1,2067,08,12,0.0,29.342428,14.157937,2067
19217,r2i1p1f1,2067,08,13,0.0,28.271738,12.296245,2067
19218,r2i1p1f1,2067,08,14,0.0,27.145527,9.567556,2067
19219,r2i1p1f1,2067,08,15,0.0,26.353292,8.596648,2067
19220,r2i1p1f1,2067,08,16,0.0,27.477432,11.098482,2067
19221,r2i1p1f1,2067,08,17,0.0,29.997868,13.034331,2067
19222,r2i1p1f1,2067,08,18,0.0,30.67589,14.795495,2067
19223,r2i1p1f1,2067,08,19,0.0,30.819855,14.836533,2067
19224,r2i1p1f1,2067,08,20,0.0,30.006119,14.385013,2067
19225,r2i1p1f1,2067,08,21,0.0,29.458553,12.951961,2067
19226,r2i1p1f1,2067,08,22,0.0,27.529015,11.062912,2067
19227,r2i1p1f1,2067,08,23,0.0,28.67255,12.53259,2067
19228,r2i1p1f1,2067,08,24,0.0,30.059,13.360339,2067
19229,r2i1p1f1,2067,08,25,0.0,28.650272,11.925322,2067
19230,r2i1p1f1,2067,08,26,0.0,27.285498,10.773991,2067
19231,r2i1p1f1,2067,08,27,0.0,26.131716,8.99236,2067
19232,r2i1p1f1,2067,08,28,0.0,27.007597,10.665538,2067
19233,r2i1p1f1,2067,08,29,0.0,29.409029,12.613068,2067
19234,r2i1p1f1,2067,08,30,0.0,30.868364,12.620595,2067
19235,r2i1p1f1,2067,08,31,0.0,30.025278,12.6863,2067
19236,r2i1p1f1,2067,09,01,0.0,27.125431,12.058535,2067
19237,r2i1p1f1,2067,09,02,0.0,29.386963,12.909026,2067
19238,r2i1p1f1,2067,09,03,0.0,31.29913,15.007523,2067
19239,r2i1p1f1,2067,09,04,0.0,31.979229,16.596941,2067
19240,r2i1p1f1,2067,09,05,0.0,32.857994,16.974169,2067
19241,r2i1p1f1,2067,09,06,0.0,31.923841,15.482776,2067
19242,r2i1p1f1,2067,09,07,0.0,31.36148,15.00336,2067
19243,r2i1p1f1,2067,09,08,0.0,30.195292,15.177412,2067
19244,r2i1p1f1,2067,09,09,0.0,29.119448,14.041618,2067
19245,r2i1p1f1,2067,09,10,0.0,28.459179,10.8569765,2067
19246,r2i1p1f1,2067,09,11,0.0,24.879555,9.692377,2067
19247,r2i1p1f1,2067,09,12,0.0,26.08107,10.080447,2067
19248,r2i1p1f1,2067,09,13,0.007222100136389669,27.993008,10.828222,2067
19249,r2i1p1f1,2067,09,14,0.0,29.258682,12.447717,2067
19250,r2i1p1f1,2067,09,15,0.0,31.477139,14.199065,2067
19251,r2i1p1f1,2067,09,16,0.0,32.786125,15.227476,2067
19252,r2i1p1f1,2067,09,17,0.0,32.815628,14.609217,2067
19253,r2i1p1f1,2067,09,18,0.0,31.493229,15.214236,2067
19254,r2i1p1f1,2067,09,19,0.0,29.89254,13.449573,2067
19255,r2i1p1f1,2067,09,20,0.0,31.935934,13.961656,2067
19256,r2i1p1f1,2067,09,21,0.0,33.578407,15.613278,2067
19257,r2i1p1f1,2067,09,22,0.0,34.31257,19.112534,2067
19258,r2i1p1f1,2067,09,23,0.0,32.183777,14.7573805,2067
19259,r2i1p1f1,2067,09,24,0.0,22.775932,7.6358814,2067
19260,r2i1p1f1,2067,09,25,1.625375294483652,13.482537,1.6912,2067
19261,r2i1p1f1,2067,09,26,49.041475435772625,8.741032,1.2828276,2067
19262,r2i1p1f1,2067,09,27,5.087796034331404,13.601243,0.7460019,2067
19263,r2i1p1f1,2067,09,28,0.0,22.32666,2.0962703,2067
19264,r2i1p1f1,2067,09,29,0.0,23.273275,6.12958,2067
19265,r2i1p1f1,2067,09,30,0.0,24.894081,9.854947,2067
19266,r2i1p1f1,2067,10,01,19.62131118556359,22.538996,9.689197,2067
19267,r2i1p1f1,2067,10,02,1.881683181608633,21.57147,6.9946494,2067
19268,r2i1p1f1,2067,10,03,0.0,24.721626,8.3785715,2067
19269,r2i1p1f1,2067,10,04,0.0,23.636694,9.459737,2067
19270,r2i1p1f1,2067,10,05,0.0,23.19059,7.9927025,2067
19271,r2i1p1f1,2067,10,06,0.0,24.126614,9.496772,2067
19272,r2i1p1f1,2067,10,07,0.0,24.57755,8.908942,2067
19273,r2i1p1f1,2067,10,08,0.0,27.21503,11.550948,2067
19274,r2i1p1f1,2067,10,09,0.0,26.430586,12.272285,2067
19275,r2i1p1f1,2067,10,10,0.0,27.279325,11.646356,2067
19276,r2i1p1f1,2067,10,11,0.0,27.102526,10.222744,2067
19277,r2i1p1f1,2067,10,12,0.0,27.203285,10.84914,2067
19278,r2i1p1f1,2067,10,13,0.0,26.88104,11.878845,2067
19279,r2i1p1f1,2067,10,14,0.0,28.159489,11.976347,2067
19280,r2i1p1f1,2067,10,15,0.0,26.519394,11.267009,2067
19281,r2i1p1f1,2067,10,16,0.0,25.353828,10.683059,2067
19282,r2i1p1f1,2067,10,17,0.0,24.806337,9.720956,2067
19283,r2i1p1f1,2067,10,18,0.0,26.1192,9.482366,2067
19284,r2i1p1f1,2067,10,19,0.0,19.793653,7.0648108,2067
19285,r2i1p1f1,2067,10,20,0.0,22.705967,3.7280202,2067
19286,r2i1p1f1,2067,10,21,0.0,22.27086,7.2003794,2067
19287,r2i1p1f1,2067,10,22,1.2900511956454115,21.463123,8.651352,2067
19288,r2i1p1f1,2067,10,23,36.790956730524506,14.098957,2.6999786,2067
19289,r2i1p1f1,2067,10,24,2.977717054598263,10.692612,0.084347844,2067
19290,r2i1p1f1,2067,10,25,0.0,11.936639,-1.4076229,2067
19291,r2i1p1f1,2067,10,26,2.860832720608204,10.4678,-0.18931031,2067
19292,r2i1p1f1,2067,10,27,0.016529276385531724,19.892666,4.2583995,2067
19293,r2i1p1f1,2067,10,28,0.0,20.71286,4.8669143,2067
19294,r2i1p1f1,2067,10,29,0.0,23.39851,5.9029565,2067
19295,r2i1p1f1,2067,10,30,0.0,24.429014,8.806416,2067
19296,r2i1p1f1,2067,10,31,0.0,23.86979,9.287496,2067
19297,r2i1p1f1,2067,11,01,0.0,24.69067,9.242765,2067
19298,r2i1p1f1,2067,11,02,0.0,22.989777,8.3588295,2067
19299,r2i1p1f1,2067,11,03,0.0,23.800625,8.450655,2067
19300,r2i1p1f1,2067,11,04,0.0,21.164972,7.1967325,2067
19301,r2i1p1f1,2067,11,05,0.0,21.499685,7.4080014,2067
19302,r2i1p1f1,2067,11,06,0.0,20.059723,6.006627,2067
19303,r2i1p1f1,2067,11,07,0.0,17.80463,2.9878426,2067
19304,r2i1p1f1,2067,11,08,0.03214027378467458,11.747471,0.17411324,2067
19305,r2i1p1f1,2067,11,09,0.0,11.751497,-2.5773292,2067
19306,r2i1p1f1,2067,11,10,0.0,15.576741,-2.7945583,2067
19307,r2i1p1f1,2067,11,11,8.658020543869217,14.388735,0.9889595,2067
19308,r2i1p1f1,2067,11,12,13.902561709983274,7.7510962,2.2892907,2067
19309,r2i1p1f1,2067,11,13,0.0,14.111909,0.32686254,2067
19310,r2i1p1f1,2067,11,14,0.0,14.0049925,0.25267646,2067
19311,r2i1p1f1,2067,11,15,27.16870951340892,8.9750595,3.3381653,2067
19312,r2i1p1f1,2067,11,16,37.23379973895275,7.362106,1.7009281,2067
19313,r2i1p1f1,2067,11,17,0.0,11.737827,-1.5876493,2067
19314,r2i1p1f1,2067,11,18,0.0,15.164507,-0.041897994,2067
19315,r2i1p1f1,2067,11,19,0.0,21.095997,4.301581,2067
19316,r2i1p1f1,2067,11,20,0.0,23.765104,6.2955556,2067
19317,r2i1p1f1,2067,11,21,0.0,22.24585,6.9198685,2067
19318,r2i1p1f1,2067,11,22,0.0,21.117529,6.6563845,2067
19319,r2i1p1f1,2067,11,23,0.0,22.278399,6.1221814,2067
19320,r2i1p1f1,2067,11,24,0.0,23.598276,6.573167,2067
19321,r2i1p1f1,2067,11,25,0.0,23.291769,7.5212245,2067
19322,r2i1p1f1,2067,11,26,0.0,23.34116,6.6434937,2067
19323,r2i1p1f1,2067,11,27,0.0,23.420353,6.596102,2067
19324,r2i1p1f1,2067,11,28,0.0,23.574354,5.993163,2067
19325,r2i1p1f1,2067,11,29,0.0,20.676098,5.0886626,2067
19326,r2i1p1f1,2067,11,30,19.902563584037125,15.992927,6.7587123,2067
19327,r2i1p1f1,2067,12,01,0.0,16.463757,5.5707645,2067
19328,r2i1p1f1,2067,12,02,0.0,16.440155,3.653805,2067
19329,r2i1p1f1,2067,12,03,0.0,16.023214,5.0654025,2067
19330,r2i1p1f1,2067,12,04,0.0,16.438524,3.7783844,2067
19331,r2i1p1f1,2067,12,05,0.0,15.733486,3.816012,2067
19332,r2i1p1f1,2067,12,06,0.0,16.521196,3.9835913,2067
19333,r2i1p1f1,2067,12,07,0.0,17.501093,4.9975076,2067
19334,r2i1p1f1,2067,12,08,0.0,15.18125,4.262488,2067
19335,r2i1p1f1,2067,12,09,0.0,14.465073,4.0011897,2067
19336,r2i1p1f1,2067,12,10,1.6485966108015977,13.276148,2.4176233,2067
19337,r2i1p1f1,2067,12,11,11.843919045629892,9.388225,0.8437048,2067
19338,r2i1p1f1,2067,12,12,0.0,7.439608,-4.6765456,2067
19339,r2i1p1f1,2067,12,13,33.730614061530034,3.801577,-4.672041,2067
19340,r2i1p1f1,2067,12,14,41.101540802404855,7.556503,1.3292456,2067
19341,r2i1p1f1,2067,12,15,0.0,9.07004,-3.0234532,2067
19342,r2i1p1f1,2067,12,16,0.0,8.61543,-4.3897543,2067
19343,r2i1p1f1,2067,12,17,0.22927954064121317,9.759757,-0.86543155,2067
19344,r2i1p1f1,2067,12,18,6.772716146112473,11.070266,3.5082586,2067
19345,r2i1p1f1,2067,12,19,89.83568563036478,10.11066,5.06578,2067
19346,r2i1p1f1,2067,12,20,51.26033067533102,10.4099045,1.1868583,2067
19347,r2i1p1f1,2067,12,21,98.50677609121284,11.929934,6.0000405,2067
19348,r2i1p1f1,2067,12,22,91.00017282561076,11.45538,5.349837,2067
19349,r2i1p1f1,2067,12,23,15.375445965338049,9.434926,1.3943051,2067
19350,r2i1p1f1,2067,12,24,1.1342264358063403,8.959417,3.6643403,2067
19351,r2i1p1f1,2067,12,25,23.077634094694915,9.715732,4.480829,2067
19352,r2i1p1f1,2067,12,26,0.0,13.027073,1.7825677,2067
19353,r2i1p1f1,2067,12,27,0.0,11.530158,2.1374,2067
19354,r2i1p1f1,2067,12,28,0.0,14.745721,2.022008,2067
19355,r2i1p1f1,2067,12,29,0.0,17.448198,4.3362384,2067
19356,r2i1p1f1,2067,12,30,0.0,16.15717,4.058196,2067
19357,r2i1p1f1,2067,12,31,0.0,16.407299,4.51563,2067
19358,r2i1p1f1,2068,01,01,0.0,17.691683,4.876558,2068
19359,r2i1p1f1,2068,01,02,0.0,17.937191,5.7494764,2068
19360,r2i1p1f1,2068,01,03,0.0,17.085785,4.591812,2068
19361,r2i1p1f1,2068,01,04,19.71603544102086,3.3286884,-6.189271,2068
19362,r2i1p1f1,2068,01,05,0.029373855291991137,-2.630249,-7.0566554,2068
19363,r2i1p1f1,2068,01,06,0.0,1.9605936,-8.617256,2068
19364,r2i1p1f1,2068,01,07,0.0,6.327391,-6.409946,2068
19365,r2i1p1f1,2068,01,08,0.0,3.306584,-4.5796847,2068
19366,r2i1p1f1,2068,01,09,7.777528309592386,2.9996843,-3.7172453,2068
19367,r2i1p1f1,2068,01,10,8.073513834152926,3.100533,-0.93622524,2068
19368,r2i1p1f1,2068,01,11,0.457357898896869,7.411895,2.9882417,2068
19369,r2i1p1f1,2068,01,12,0.0,13.762199,2.7608888,2068
19370,r2i1p1f1,2068,01,13,0.0,19.005562,4.230581,2068
19371,r2i1p1f1,2068,01,14,0.0,19.653316,5.3911686,2068
19372,r2i1p1f1,2068,01,15,0.0,17.081001,6.6440306,2068
19373,r2i1p1f1,2068,01,16,0.0,19.468187,6.235781,2068
19374,r2i1p1f1,2068,01,17,0.0,21.291885,7.1555667,2068
19375,r2i1p1f1,2068,01,18,0.0,20.69476,6.8818874,2068
19376,r2i1p1f1,2068,01,19,0.0,20.381376,6.108567,2068
19377,r2i1p1f1,2068,01,20,0.0,19.851889,6.248617,2068
19378,r2i1p1f1,2068,01,21,0.0,19.75242,5.4771857,2068
19379,r2i1p1f1,2068,01,22,0.0,18.952005,7.3662453,2068
19380,r2i1p1f1,2068,01,23,0.0,17.351748,6.237481,2068
19381,r2i1p1f1,2068,01,24,0.0,20.067451,5.653833,2068
19382,r2i1p1f1,2068,01,25,0.0,20.835262,7.2204123,2068
19383,r2i1p1f1,2068,01,26,1.706938255609622,15.613308,3.4452374,2068
19384,r2i1p1f1,2068,01,27,0.1518813414944676,7.527101,2.6573956,2068
19385,r2i1p1f1,2068,01,28,0.0,11.121705,-0.9375842,2068
19386,r2i1p1f1,2068,01,29,0.0,6.060368,-7.509303,2068
19387,r2i1p1f1,2068,01,30,0.0,2.1055593,-10.774098,2068
19388,r2i1p1f1,2068,01,31,0.0,4.6747675,-7.869164,2068
19389,r2i1p1f1,2068,02,01,0.0,10.03541,-4.0958304,2068
19390,r2i1p1f1,2068,02,02,0.0,9.785398,-6.084995,2068
19391,r2i1p1f1,2068,02,03,0.0,14.806115,-3.069139,2068
19392,r2i1p1f1,2068,02,04,0.0,16.225693,4.037682,2068
19393,r2i1p1f1,2068,02,05,0.0,18.98601,3.7892778,2068
19394,r2i1p1f1,2068,02,06,0.0,20.96422,2.697301,2068
19395,r2i1p1f1,2068,02,07,1.600277115497962,15.39347,1.6228564,2068
19396,r2i1p1f1,2068,02,08,21.90434779107678,10.543373,4.639231,2068
19397,r2i1p1f1,2068,02,09,28.087165491440548,11.11747,3.9688616,2068
19398,r2i1p1f1,2068,02,10,0.5330720032186667,14.543094,6.0581174,2068
19399,r2i1p1f1,2068,02,11,0.0,16.414206,6.331396,2068
19400,r2i1p1f1,2068,02,12,0.030054645783541042,15.724343,6.5201554,2068
19401,r2i1p1f1,2068,02,13,53.33688305243133,11.948336,4.158668,2068
19402,r2i1p1f1,2068,02,14,6.143574808923474,10.288179,-0.5783485,2068
19403,r2i1p1f1,2068,02,15,0.0,9.200689,-2.8987017,2068
19404,r2i1p1f1,2068,02,16,50.607150121448704,4.629409,-0.6296492,2068
19405,r2i1p1f1,2068,02,17,0.29333860957894314,7.214991,-3.8534288,2068
19406,r2i1p1f1,2068,02,18,0.07707889070441244,4.3995733,-1.0842065,2068
19407,r2i1p1f1,2068,02,19,8.988253303141391,3.968598,-0.8866582,2068
19408,r2i1p1f1,2068,02,20,2.633186829517889,6.77943,-0.16269204,2068
19409,r2i1p1f1,2068,02,21,0.0,10.431682,-1.7428021,2068
19410,r2i1p1f1,2068,02,22,0.0,9.5767355,-3.7596166,2068
19411,r2i1p1f1,2068,02,23,0.0,18.217932,0.14345306,2068
19412,r2i1p1f1,2068,02,24,0.0,15.227446,2.8295178,2068
19413,r2i1p1f1,2068,02,25,19.937597809565396,8.558679,3.3385675,2068
19414,r2i1p1f1,2068,02,26,10.9676672751028,8.984102,2.1268518,2068
19415,r2i1p1f1,2068,02,27,27.967284945323346,6.6899633,0.4032766,2068
19416,r2i1p1f1,2068,02,28,101.91735110174005,6.415095,1.0717949,2068
19417,r2i1p1f1,2068,02,29,71.71057240249446,10.183012,-2.3112147,2068
19418,r2i1p1f1,2068,03,01,0.0,15.746507,1.1061734,2068
19419,r2i1p1f1,2068,03,02,8.296589873540283,6.69327,1.4656553,2068
19420,r2i1p1f1,2068,03,03,2.085688844293215,8.717409,1.2407235,2068
19421,r2i1p1f1,2068,03,04,0.49352432542246577,8.205974,-1.1994225,2068
19422,r2i1p1f1,2068,03,05,13.820141769023254,4.049277,-0.7761223,2068
19423,r2i1p1f1,2068,03,06,0.0,10.146321,-3.746404,2068
19424,r2i1p1f1,2068,03,07,0.24133048321415956,9.517974,-7.5842752,2068
19425,r2i1p1f1,2068,03,08,22.238656730937343,2.29195,-5.184794,2068
19426,r2i1p1f1,2068,03,09,17.542573861898674,3.2887383,-3.0388591,2068
19427,r2i1p1f1,2068,03,10,42.57019792880433,1.8872268,-3.0864954,2068
19428,r2i1p1f1,2068,03,11,28.24038618978543,2.5814335,-6.8754992,2068
19429,r2i1p1f1,2068,03,12,0.0,8.255649,-3.9553785,2068
19430,r2i1p1f1,2068,03,13,0.0,10.368753,-2.2368011,2068
19431,r2i1p1f1,2068,03,14,0.0,11.110928,-1.3084959,2068
19432,r2i1p1f1,2068,03,15,0.0,12.00045,1.9125296,2068
19433,r2i1p1f1,2068,03,16,0.0,17.501137,2.7236989,2068
19434,r2i1p1f1,2068,03,17,0.0,17.55858,3.6643693,2068
19435,r2i1p1f1,2068,03,18,0.0,18.869215,4.890034,2068
19436,r2i1p1f1,2068,03,19,0.0,19.002756,6.0567746,2068
19437,r2i1p1f1,2068,03,20,0.0,18.514307,3.969907,2068
19438,r2i1p1f1,2068,03,21,0.097828248237,13.236128,1.5153571,2068
19439,r2i1p1f1,2068,03,22,0.0,17.011505,1.337019,2068
19440,r2i1p1f1,2068,03,23,0.04573584055134024,15.460242,1.5413613,2068
19441,r2i1p1f1,2068,03,24,7.7918688355706625,9.066323,1.123979,2068
19442,r2i1p1f1,2068,03,25,12.914315218054421,4.571336,-0.87415147,2068
19443,r2i1p1f1,2068,03,26,2.271721985019982,5.425384,-5.216076,2068
19444,r2i1p1f1,2068,03,27,0.00255805358532458,10.128364,-1.5594696,2068
19445,r2i1p1f1,2068,03,28,0.0,19.131344,2.121284,2068
19446,r2i1p1f1,2068,03,29,0.0,19.811459,2.4488375,2068
19447,r2i1p1f1,2068,03,30,3.55145455883198,12.659464,-0.7182485,2068
19448,r2i1p1f1,2068,03,31,7.179927218406262,9.547958,3.9121852,2068
19449,r2i1p1f1,2068,04,01,37.67074973349316,9.185779,1.955119,2068
19450,r2i1p1f1,2068,04,02,7.637056667184739,13.722544,-2.722291,2068
19451,r2i1p1f1,2068,04,03,0.0,15.745956,1.2828206,2068
19452,r2i1p1f1,2068,04,04,0.0,17.678324,3.645971,2068
19453,r2i1p1f1,2068,04,05,7.694230000085484,11.5756445,3.5478032,2068
19454,r2i1p1f1,2068,04,06,1.0957068869944264,12.833454,-1.9483188,2068
19455,r2i1p1f1,2068,04,07,0.0,16.470577,0.3051351,2068
19456,r2i1p1f1,2068,04,08,10.712456578095534,11.796751,-1.4548367,2068
19457,r2i1p1f1,2068,04,09,13.178306746704038,7.7242785,2.9348893,2068
19458,r2i1p1f1,2068,04,10,5.275666722683616,9.834255,-4.0682297,2068
19459,r2i1p1f1,2068,04,11,13.767372531219735,11.031458,0.01314662,2068
19460,r2i1p1f1,2068,04,12,3.435143330639571,13.313106,2.9536922,2068
19461,r2i1p1f1,2068,04,13,0.0006393453426985965,17.526884,6.2831655,2068
19462,r2i1p1f1,2068,04,14,0.09091922301405038,19.129223,4.6652975,2068
19463,r2i1p1f1,2068,04,15,0.0,23.583683,6.385193,2068
19464,r2i1p1f1,2068,04,16,0.0,29.992777,12.543438,2068
19465,r2i1p1f1,2068,04,17,0.0,30.488056,12.2894945,2068
19466,r2i1p1f1,2068,04,18,0.06448952178918542,27.270552,9.955451,2068
19467,r2i1p1f1,2068,04,19,47.18586873675052,9.798591,5.7712584,2068
19468,r2i1p1f1,2068,04,20,0.0,15.610788,2.538552,2068
19469,r2i1p1f1,2068,04,21,0.0,16.782824,0.07852535,2068
19470,r2i1p1f1,2068,04,22,1.92458055663827,15.872895,1.8860943,2068
19471,r2i1p1f1,2068,04,23,0.0,22.008999,5.861774,2068
19472,r2i1p1f1,2068,04,24,0.0,21.466322,5.7879033,2068
19473,r2i1p1f1,2068,04,25,17.694043203384634,13.929041,-1.5793955,2068
19474,r2i1p1f1,2068,04,26,26.533549902244257,9.396394,2.1936753,2068
19475,r2i1p1f1,2068,04,27,18.786138946933743,9.834384,3.2762835,2068
19476,r2i1p1f1,2068,04,28,22.921110285768428,9.9224615,3.1036098,2068
19477,r2i1p1f1,2068,04,29,18.31432028859406,10.076513,2.6081097,2068
19478,r2i1p1f1,2068,04,30,29.23160568333025,9.26894,2.6803331,2068
19479,r2i1p1f1,2068,05,01,13.490337534676655,8.794501,2.7345796,2068
19480,r2i1p1f1,2068,05,02,1.9887888857248561,12.685475,-1.4490583,2068
19481,r2i1p1f1,2068,05,03,2.3208182280541223,15.498083,-0.3718879,2068
19482,r2i1p1f1,2068,05,04,0.0891094868795615,20.011967,4.9767337,2068
19483,r2i1p1f1,2068,05,05,2.4254992621046347,17.267044,1.6981553,2068
19484,r2i1p1f1,2068,05,06,1.6561638787747002,21.77139,3.7836976,2068
19485,r2i1p1f1,2068,05,07,0.885614777007504,21.25757,6.15893,2068
19486,r2i1p1f1,2068,05,08,60.13257154554594,14.477036,2.3749547,2068
19487,r2i1p1f1,2068,05,09,57.71533348418485,10.586637,-0.3721952,2068
19488,r2i1p1f1,2068,05,10,35.6598387692849,8.181874,2.1668367,2068
19489,r2i1p1f1,2068,05,11,0.0,16.17256,7.144526,2068
19490,r2i1p1f1,2068,05,12,1.8537771154246212,14.853581,8.239697,2068
19491,r2i1p1f1,2068,05,13,0.08578305065524407,17.051205,6.1484666,2068
19492,r2i1p1f1,2068,05,14,0.0,15.855942,7.70423,2068
19493,r2i1p1f1,2068,05,15,0.17748961639741678,12.967356,6.1048355,2068
19494,r2i1p1f1,2068,05,16,11.591680609518125,14.049528,-0.7143458,2068
19495,r2i1p1f1,2068,05,17,0.0,22.346033,6.083354,2068
19496,r2i1p1f1,2068,05,18,0.0,22.693722,6.8873024,2068
19497,r2i1p1f1,2068,05,19,2.904059730728757,19.320803,3.520577,2068
19498,r2i1p1f1,2068,05,20,0.0,26.69807,9.479046,2068
19499,r2i1p1f1,2068,05,21,0.0,28.184145,11.181994,2068
19500,r2i1p1f1,2068,05,22,2.107636135224311,27.346542,9.673455,2068
19501,r2i1p1f1,2068,05,23,0.0030918163527251007,29.279388,12.123491,2068
19502,r2i1p1f1,2068,05,24,0.2897685104471748,26.259995,8.708953,2068
19503,r2i1p1f1,2068,05,25,5.103373928124291,18.024887,6.068762,2068
19504,r2i1p1f1,2068,05,26,0.6377169160959266,20.35707,7.1589756,2068
19505,r2i1p1f1,2068,05,27,0.0,29.127115,12.0661955,2068
19506,r2i1p1f1,2068,05,28,0.0,31.4083,14.2939205,2068
19507,r2i1p1f1,2068,05,29,0.0,31.464106,14.971494,2068
19508,r2i1p1f1,2068,05,30,2.990460289262186,29.332682,11.891464,2068
19509,r2i1p1f1,2068,05,31,2.819989070212614,23.519754,6.6556067,2068
19510,r2i1p1f1,2068,06,01,0.0,21.056015,7.1166906,2068
19511,r2i1p1f1,2068,06,02,0.0,24.021708,6.6565065,2068
19512,r2i1p1f1,2068,06,03,0.0,26.437963,9.00125,2068
19513,r2i1p1f1,2068,06,04,0.0,26.736109,9.546263,2068
19514,r2i1p1f1,2068,06,05,0.0,25.817553,8.296456,2068
19515,r2i1p1f1,2068,06,06,0.0,24.406012,7.9048753,2068
19516,r2i1p1f1,2068,06,07,0.0,24.307812,8.0649,2068
19517,r2i1p1f1,2068,06,08,0.0,20.194017,6.9156556,2068
19518,r2i1p1f1,2068,06,09,0.0,18.211557,4.1947937,2068
19519,r2i1p1f1,2068,06,10,2.7555659634204996,15.561174,2.31958,2068
19520,r2i1p1f1,2068,06,11,0.3606590250316143,17.966112,0.84093434,2068
19521,r2i1p1f1,2068,06,12,0.0,22.360373,5.0796514,2068
19522,r2i1p1f1,2068,06,13,0.0,22.39049,7.280658,2068
19523,r2i1p1f1,2068,06,14,0.0,21.373568,7.4794517,2068
19524,r2i1p1f1,2068,06,15,0.0,23.895517,7.9734483,2068
19525,r2i1p1f1,2068,06,16,0.0,26.464106,9.64258,2068
19526,r2i1p1f1,2068,06,17,0.0,26.313944,10.657139,2068
19527,r2i1p1f1,2068,06,18,0.015625836931576487,23.47938,8.424696,2068
19528,r2i1p1f1,2068,06,19,0.0,21.484047,7.1907797,2068
19529,r2i1p1f1,2068,06,20,0.0006619356799302085,24.057465,6.3796096,2068
19530,r2i1p1f1,2068,06,21,0.0,26.987204,9.170918,2068
19531,r2i1p1f1,2068,06,22,0.6161245732633128,25.909643,10.4578905,2068
19532,r2i1p1f1,2068,06,23,0.0,27.712416,12.29284,2068
19533,r2i1p1f1,2068,06,24,0.0,26.76521,10.437795,2068
19534,r2i1p1f1,2068,06,25,1.6933282443530446,22.980577,7.188201,2068
19535,r2i1p1f1,2068,06,26,0.0,25.031914,9.059093,2068
19536,r2i1p1f1,2068,06,27,0.0,28.0875,11.9296875,2068
19537,r2i1p1f1,2068,06,28,0.0,29.505856,11.429226,2068
19538,r2i1p1f1,2068,06,29,0.0,29.18683,11.595812,2068
19539,r2i1p1f1,2068,06,30,0.0,28.039291,12.483489,2068
19540,r2i1p1f1,2068,07,01,0.0,28.25646,12.45524,2068
19541,r2i1p1f1,2068,07,02,0.0,31.733208,13.460354,2068
19542,r2i1p1f1,2068,07,03,0.0,30.655624,13.225351,2068
19543,r2i1p1f1,2068,07,04,0.0,29.44289,13.381899,2068
19544,r2i1p1f1,2068,07,05,0.0,29.557945,13.935278,2068
19545,r2i1p1f1,2068,07,06,0.0,30.997114,15.65661,2068
19546,r2i1p1f1,2068,07,07,0.0,34.14987,14.837043,2068
19547,r2i1p1f1,2068,07,08,1.1602032720335187,34.523716,16.015823,2068
19548,r2i1p1f1,2068,07,09,0.0,34.72038,16.561903,2068
19549,r2i1p1f1,2068,07,10,0.0,33.710285,17.483955,2068
19550,r2i1p1f1,2068,07,11,0.0,32.972347,16.415648,2068
19551,r2i1p1f1,2068,07,12,0.0,35.932762,16.322279,2068
19552,r2i1p1f1,2068,07,13,0.0,34.30245,17.659489,2068
19553,r2i1p1f1,2068,07,14,0.0,33.911438,17.92651,2068
19554,r2i1p1f1,2068,07,15,0.0,34.171383,18.8735,2068
19555,r2i1p1f1,2068,07,16,0.03404475848163621,34.791878,18.635773,2068
19556,r2i1p1f1,2068,07,17,0.0,34.495945,18.130161,2068
19557,r2i1p1f1,2068,07,18,0.0,34.062607,18.111368,2068
19558,r2i1p1f1,2068,07,19,0.0,33.849636,17.169018,2068
19559,r2i1p1f1,2068,07,20,0.0,33.337227,17.123852,2068
19560,r2i1p1f1,2068,07,21,0.0,33.22126,17.077585,2068
19561,r2i1p1f1,2068,07,22,0.0,32.86745,16.277596,2068
19562,r2i1p1f1,2068,07,23,0.0,32.954815,15.664094,2068
19563,r2i1p1f1,2068,07,24,0.0,32.595585,15.954297,2068
19564,r2i1p1f1,2068,07,25,0.0,32.604122,16.34917,2068
19565,r2i1p1f1,2068,07,26,0.0,32.328217,15.927754,2068
19566,r2i1p1f1,2068,07,27,0.0,31.39639,14.454715,2068
19567,r2i1p1f1,2068,07,28,0.0,28.966114,12.222081,2068
19568,r2i1p1f1,2068,07,29,0.0,28.140293,11.39488,2068
19569,r2i1p1f1,2068,07,30,0.0,30.485704,13.094146,2068
19570,r2i1p1f1,2068,07,31,0.0,30.773262,13.933171,2068
19571,r2i1p1f1,2068,08,01,0.029965764962560988,28.531832,12.0948105,2068
19572,r2i1p1f1,2068,08,02,0.0,26.005474,9.473647,2068
19573,r2i1p1f1,2068,08,03,0.0,26.675028,9.909296,2068
19574,r2i1p1f1,2068,08,04,0.0,27.588432,9.814809,2068
19575,r2i1p1f1,2068,08,05,0.0,28.500143,11.734743,2068
19576,r2i1p1f1,2068,08,06,0.0,30.510555,13.5422735,2068
19577,r2i1p1f1,2068,08,07,0.0,31.328373,13.981883,2068
19578,r2i1p1f1,2068,08,08,0.0,31.059223,14.024804,2068
19579,r2i1p1f1,2068,08,09,0.0,31.60358,14.139792,2068
19580,r2i1p1f1,2068,08,10,0.0,31.547012,15.339302,2068
19581,r2i1p1f1,2068,08,11,0.0,31.322428,15.477627,2068
19582,r2i1p1f1,2068,08,12,0.0,31.62587,16.58667,2068
19583,r2i1p1f1,2068,08,13,0.0,31.380987,15.907455,2068
19584,r2i1p1f1,2068,08,14,0.0,31.880253,14.7563505,2068
19585,r2i1p1f1,2068,08,15,0.0,32.303135,15.214785,2068
19586,r2i1p1f1,2068,08,16,0.0,32.791203,15.773701,2068
19587,r2i1p1f1,2068,08,17,0.0,32.928616,15.747456,2068
19588,r2i1p1f1,2068,08,18,0.0,32.478123,16.560415,2068
19589,r2i1p1f1,2068,08,19,0.0,32.35925,15.553291,2068
19590,r2i1p1f1,2068,08,20,0.0,31.167343,13.907277,2068
19591,r2i1p1f1,2068,08,21,0.0,29.038002,12.186311,2068
19592,r2i1p1f1,2068,08,22,0.0,28.635723,11.489632,2068
19593,r2i1p1f1,2068,08,23,0.0,28.234888,11.494756,2068
19594,r2i1p1f1,2068,08,24,0.0,28.271235,12.294595,2068
19595,r2i1p1f1,2068,08,25,0.0,27.079609,11.532237,2068
19596,r2i1p1f1,2068,08,26,0.0,26.45894,9.445668,2068
19597,r2i1p1f1,2068,08,27,0.0,28.233812,9.483301,2068
19598,r2i1p1f1,2068,08,28,0.0,28.302187,9.565755,2068
19599,r2i1p1f1,2068,08,29,0.0,27.184566,9.128424,2068
19600,r2i1p1f1,2068,08,30,0.0,27.563374,8.26739,2068
19601,r2i1p1f1,2068,08,31,0.0,24.67808,6.4372416,2068
19602,r2i1p1f1,2068,09,01,2.7367815173805026,20.983421,6.853423,2068
19603,r2i1p1f1,2068,09,02,0.196521030567545,22.828484,7.9428577,2068
19604,r2i1p1f1,2068,09,03,0.0,26.69263,10.914824,2068
19605,r2i1p1f1,2068,09,04,0.0,30.004663,13.688362,2068
19606,r2i1p1f1,2068,09,05,0.0,30.26412,14.113641,2068
19607,r2i1p1f1,2068,09,06,0.0,30.812819,13.42508,2068
19608,r2i1p1f1,2068,09,07,0.0,30.730864,13.019172,2068
19609,r2i1p1f1,2068,09,08,0.0,30.756329,14.661567,2068
19610,r2i1p1f1,2068,09,09,0.0,30.850088,12.417817,2068
19611,r2i1p1f1,2068,09,10,0.0,31.109312,13.17584,2068
19612,r2i1p1f1,2068,09,11,0.0,32.385517,14.032893,2068
19613,r2i1p1f1,2068,09,12,0.0,32.26801,13.939024,2068
19614,r2i1p1f1,2068,09,13,0.0,32.903778,14.187595,2068
19615,r2i1p1f1,2068,09,14,0.0,30.497906,15.089553,2068
19616,r2i1p1f1,2068,09,15,0.0,30.910595,13.29944,2068
19617,r2i1p1f1,2068,09,16,0.0,31.779547,13.347719,2068
19618,r2i1p1f1,2068,09,17,0.0,32.399178,14.158718,2068
19619,r2i1p1f1,2068,09,18,0.0,31.404667,14.177673,2068
19620,r2i1p1f1,2068,09,19,2.9814494056241667,30.037828,12.78356,2068
19621,r2i1p1f1,2068,09,20,0.0,30.705835,13.4706135,2068
19622,r2i1p1f1,2068,09,21,0.0,31.987894,16.407368,2068
19623,r2i1p1f1,2068,09,22,0.0,30.678116,12.995253,2068
19624,r2i1p1f1,2068,09,23,0.12599641284815824,21.577288,8.977243,2068
19625,r2i1p1f1,2068,09,24,0.2071778069578683,16.473545,5.2520194,2068
19626,r2i1p1f1,2068,09,25,6.252661762734463,9.859206,4.73368,2068
19627,r2i1p1f1,2068,09,26,0.02349887382968938,16.3192,2.0270617,2068
19628,r2i1p1f1,2068,09,27,0.0,19.964518,4.6797156,2068
19629,r2i1p1f1,2068,09,28,0.0,22.331337,7.4742565,2068
19630,r2i1p1f1,2068,09,29,0.0,21.131542,5.84851,2068
19631,r2i1p1f1,2068,09,30,0.0,22.549734,6.6077394,2068
19632,r2i1p1f1,2068,10,01,0.0,24.72116,6.885979,2068
19633,r2i1p1f1,2068,10,02,0.0,26.795147,10.007937,2068
19634,r2i1p1f1,2068,10,03,0.0,26.56185,10.533987,2068
19635,r2i1p1f1,2068,10,04,0.0,27.746386,12.235262,2068
19636,r2i1p1f1,2068,10,05,0.0,26.124401,11.078103,2068
19637,r2i1p1f1,2068,10,06,0.0,27.187265,12.098665,2068
19638,r2i1p1f1,2068,10,07,0.0,28.261387,12.714143,2068
19639,r2i1p1f1,2068,10,08,0.0,28.182339,13.12867,2068
19640,r2i1p1f1,2068,10,09,1.6571922622084947,24.631495,10.750134,2068
19641,r2i1p1f1,2068,10,10,2.3049740157847944,25.4321,8.901982,2068
19642,r2i1p1f1,2068,10,11,0.011621563086149624,23.971693,7.2284436,2068
19643,r2i1p1f1,2068,10,12,0.0026099225299101537,21.439453,4.274773,2068
19644,r2i1p1f1,2068,10,13,0.0,20.813429,6.9762106,2068
19645,r2i1p1f1,2068,10,14,0.0,22.378065,7.4501486,2068
19646,r2i1p1f1,2068,10,15,0.0,23.794928,7.652131,2068
19647,r2i1p1f1,2068,10,16,0.0,23.713501,7.76999,2068
19648,r2i1p1f1,2068,10,17,0.0,26.023884,8.90705,2068
19649,r2i1p1f1,2068,10,18,0.0,26.288813,9.326128,2068
19650,r2i1p1f1,2068,10,19,0.0,26.402113,10.085114,2068
19651,r2i1p1f1,2068,10,20,0.0,24.616835,9.818049,2068
19652,r2i1p1f1,2068,10,21,0.0,27.006376,9.353785,2068
19653,r2i1p1f1,2068,10,22,0.8523822070296424,24.195936,10.2472925,2068
19654,r2i1p1f1,2068,10,23,0.41827564053584443,21.194462,6.1825924,2068
19655,r2i1p1f1,2068,10,24,0.0,27.100025,4.715732,2068
19656,r2i1p1f1,2068,10,25,0.0,27.157701,8.34954,2068
19657,r2i1p1f1,2068,10,26,0.0,23.574133,8.968388,2068
19658,r2i1p1f1,2068,10,27,39.36983651633804,16.400352,7.8784547,2068
19659,r2i1p1f1,2068,10,28,11.24048587640013,12.622546,5.381218,2068
19660,r2i1p1f1,2068,10,29,3.511583346908782,11.060056,3.5100071,2068
19661,r2i1p1f1,2068,10,30,0.0,14.8650465,1.2902132,2068
19662,r2i1p1f1,2068,10,31,0.0,15.105193,1.6052513,2068
19663,r2i1p1f1,2068,11,01,16.62724676067368,10.258682,5.407592,2068
19664,r2i1p1f1,2068,11,02,15.042251348943235,10.924419,5.67788,2068
19665,r2i1p1f1,2068,11,03,0.0,15.326602,4.4215055,2068
19666,r2i1p1f1,2068,11,04,0.0,14.483671,4.738699,2068
19667,r2i1p1f1,2068,11,05,0.003846697339982851,12.805076,2.3817868,2068
19668,r2i1p1f1,2068,11,06,0.0,20.299034,4.938816,2068
19669,r2i1p1f1,2068,11,07,0.0,22.163551,6.56298,2068
19670,r2i1p1f1,2068,11,08,0.0,22.510605,7.4711227,2068
19671,r2i1p1f1,2068,11,09,0.7000585390554849,17.214966,3.8978224,2068
19672,r2i1p1f1,2068,11,10,0.0,13.609258,-0.9472079,2068
19673,r2i1p1f1,2068,11,11,0.0,17.12476,-2.8475869,2068
19674,r2i1p1f1,2068,11,12,0.0,19.902191,2.7288308,2068
19675,r2i1p1f1,2068,11,13,0.0,23.998976,2.9994,2068
19676,r2i1p1f1,2068,11,14,0.0,20.867235,7.7807302,2068
19677,r2i1p1f1,2068,11,15,5.611349496267883,16.987518,6.00771,2068
19678,r2i1p1f1,2068,11,16,2.3800952703683063,10.139426,2.544031,2068
19679,r2i1p1f1,2068,11,17,0.33912292821976453,12.448088,3.8931193,2068
19680,r2i1p1f1,2068,11,18,9.893215566430277,9.258146,4.851291,2068
19681,r2i1p1f1,2068,11,19,0.6189065085401615,13.11331,0.22483356,2068
19682,r2i1p1f1,2068,11,20,0.0,15.763977,-1.8722945,2068
19683,r2i1p1f1,2068,11,21,0.0,15.981042,0.83989245,2068
19684,r2i1p1f1,2068,11,22,0.0,15.707399,1.2765707,2068
19685,r2i1p1f1,2068,11,23,0.0,16.829803,2.3937228,2068
19686,r2i1p1f1,2068,11,24,0.0,20.121723,0.94587934,2068
19687,r2i1p1f1,2068,11,25,0.0,19.316263,3.7403667,2068
19688,r2i1p1f1,2068,11,26,0.0,17.812134,2.6794853,2068
19689,r2i1p1f1,2068,11,27,0.0,18.041544,1.8653541,2068
19690,r2i1p1f1,2068,11,28,0.0,19.400778,3.0688457,2068
19691,r2i1p1f1,2068,11,29,0.0,19.651783,4.2744923,2068
19692,r2i1p1f1,2068,11,30,0.0,18.30749,3.008668,2068
19693,r2i1p1f1,2068,12,01,0.0,14.759637,5.219492,2068
19694,r2i1p1f1,2068,12,02,0.019353217136925265,12.694108,6.266693,2068
19695,r2i1p1f1,2068,12,03,29.293754710278545,9.357803,5.0112925,2068
19696,r2i1p1f1,2068,12,04,19.454473977720436,9.772117,4.4038506,2068
19697,r2i1p1f1,2068,12,05,2.5277376784148284,12.94454,4.378757,2068
19698,r2i1p1f1,2068,12,06,0.0,17.590057,5.1648183,2068
19699,r2i1p1f1,2068,12,07,2.151444698686716,14.913743,4.717996,2068
19700,r2i1p1f1,2068,12,08,1.9355766149111822,11.75498,7.245524,2068
19701,r2i1p1f1,2068,12,09,16.1181604308065,10.642436,5.3959904,2068
19702,r2i1p1f1,2068,12,10,15.802714795035381,12.269039,6.656194,2068
19703,r2i1p1f1,2068,12,11,0.0,12.714387,7.2203817,2068
19704,r2i1p1f1,2068,12,12,6.131521906060628,12.8534155,3.4178874,2068
19705,r2i1p1f1,2068,12,13,0.0,15.785197,5.5237155,2068
19706,r2i1p1f1,2068,12,14,0.0,17.117094,4.420662,2068
19707,r2i1p1f1,2068,12,15,0.29482206703575614,15.797412,5.4322557,2068
19708,r2i1p1f1,2068,12,16,7.533554875170432,11.246444,7.1705923,2068
19709,r2i1p1f1,2068,12,17,0.010676612370074369,13.476338,4.619094,2068
19710,r2i1p1f1,2068,12,18,39.223667464774245,11.054695,0.37666497,2068
19711,r2i1p1f1,2068,12,19,54.905281526197754,10.123274,2.2460482,2068
19712,r2i1p1f1,2068,12,20,46.93172428255471,12.913631,7.4069858,2068
19713,r2i1p1f1,2068,12,21,0.0,12.812811,3.3067627,2068
19714,r2i1p1f1,2068,12,22,0.0,12.063081,-0.305281,2068
19715,r2i1p1f1,2068,12,23,0.0,8.965048,-3.531209,2068
19716,r2i1p1f1,2068,12,24,0.0,10.418023,-1.9249952,2068
19717,r2i1p1f1,2068,12,25,0.0,12.919822,0.33116707,2068
19718,r2i1p1f1,2068,12,26,0.0,13.585856,0.3744456,2068
19719,r2i1p1f1,2068,12,27,0.0019992807980228323,11.622602,-0.7871225,2068
19720,r2i1p1f1,2068,12,28,0.0,5.5057025,-3.6822362,2068
19721,r2i1p1f1,2068,12,29,67.62980837285376,9.684625,-1.4277586,2068
19722,r2i1p1f1,2068,12,30,101.21389775841425,8.1575,3.270304,2068
19723,r2i1p1f1,2068,12,31,47.333431348222526,8.378127,2.3340042,2068
19724,r2i1p1f1,2069,01,01,56.28564407547506,9.768877,2.8630743,2069
19725,r2i1p1f1,2069,01,02,9.79222643022345,7.2563343,1.6331533,2069
19726,r2i1p1f1,2069,01,03,21.162457612305072,7.646262,-0.63579404,2069
19727,r2i1p1f1,2069,01,04,26.565361341412288,5.8619637,-1.3787212,2069
19728,r2i1p1f1,2069,01,05,1.0352808529275466,5.475972,-1.9676615,2069
19729,r2i1p1f1,2069,01,06,0.0,7.668522,-0.6864797,2069
19730,r2i1p1f1,2069,01,07,5.349230076836438,5.2917795,0.699699,2069
19731,r2i1p1f1,2069,01,08,28.448659139506233,13.853057,2.62034,2069
19732,r2i1p1f1,2069,01,09,26.393322409085858,15.723342,2.6246467,2069
19733,r2i1p1f1,2069,01,10,0.0,17.684355,4.4509587,2069
19734,r2i1p1f1,2069,01,11,36.37458571465686,12.287351,5.5238605,2069
19735,r2i1p1f1,2069,01,12,4.02946574406367,11.509275,0.12231015,2069
19736,r2i1p1f1,2069,01,13,27.46058886852832,5.890177,-1.2995733,2069
19737,r2i1p1f1,2069,01,14,22.807743792117645,2.9912262,-3.3187373,2069
19738,r2i1p1f1,2069,01,15,57.1909957135526,3.3043022,-0.13601136,2069
19739,r2i1p1f1,2069,01,16,15.032511618762957,3.9406695,-1.230216,2069
19740,r2i1p1f1,2069,01,17,0.003024951533566659,4.521325,-6.5678244,2069
19741,r2i1p1f1,2069,01,18,0.0,4.127375,-9.011224,2069
19742,r2i1p1f1,2069,01,19,0.0,4.167445,-8.711538,2069
19743,r2i1p1f1,2069,01,20,0.0,7.2843747,-6.7313485,2069
19744,r2i1p1f1,2069,01,21,0.3460662125829773,7.499562,-5.986388,2069
19745,r2i1p1f1,2069,01,22,6.351756194537582,2.9828298,-1.8408555,2069
19746,r2i1p1f1,2069,01,23,44.16133397115538,8.333316,1.4124824,2069
19747,r2i1p1f1,2069,01,24,176.0491294356493,9.960348,2.744146,2069
19748,r2i1p1f1,2069,01,25,46.08797487666239,8.115372,1.1412277,2069
19749,r2i1p1f1,2069,01,26,18.011845930819756,5.380082,0.50845474,2069
19750,r2i1p1f1,2069,01,27,19.080596215308805,5.293127,-4.4768944,2069
19751,r2i1p1f1,2069,01,28,7.538437249268799,1.7117918,-3.5282898,2069
19752,r2i1p1f1,2069,01,29,9.886922137089782,3.2335143,-7.3219433,2069
19753,r2i1p1f1,2069,01,30,0.0,4.9681296,-6.634065,2069
19754,r2i1p1f1,2069,01,31,83.85156566957728,3.5587142,-3.6953099,2069
19755,r2i1p1f1,2069,02,01,0.0,6.308205,-4.5806704,2069
19756,r2i1p1f1,2069,02,02,0.0,7.8041434,-4.8654428,2069
19757,r2i1p1f1,2069,02,03,0.0,10.820046,-2.189974,2069
19758,r2i1p1f1,2069,02,04,0.0,12.215672,0.62122285,2069
19759,r2i1p1f1,2069,02,05,0.0,10.96822,2.0199502,2069
19760,r2i1p1f1,2069,02,06,3.7324295823194777,8.5416765,0.28215936,2069
19761,r2i1p1f1,2069,02,07,0.0,16.000858,2.5306392,2069
19762,r2i1p1f1,2069,02,08,0.0,12.947008,6.2058167,2069
19763,r2i1p1f1,2069,02,09,46.17282356977319,9.742499,0.7313855,2069
19764,r2i1p1f1,2069,02,10,4.246658857503532,3.0798895,-1.720745,2069
19765,r2i1p1f1,2069,02,11,0.2641975057188644,5.229863,0.22787349,2069
19766,r2i1p1f1,2069,02,12,63.74149476625742,10.373474,3.8788753,2069
19767,r2i1p1f1,2069,02,13,2.8279419621797457,12.095895,6.4233656,2069
19768,r2i1p1f1,2069,02,14,60.882338045093306,7.0778356,2.3600914,2069
19769,r2i1p1f1,2069,02,15,5.103379816109037,7.0543337,0.71277267,2069
19770,r2i1p1f1,2069,02,16,0.0,15.549358,-0.5205507,2069
19771,r2i1p1f1,2069,02,17,0.0,13.465232,3.738079,2069
19772,r2i1p1f1,2069,02,18,24.272208282491192,8.383503,0.6625821,2069
19773,r2i1p1f1,2069,02,19,0.0,11.859348,1.6393696,2069
19774,r2i1p1f1,2069,02,20,0.0,15.474533,0.535981,2069
19775,r2i1p1f1,2069,02,21,3.4621478552848064,11.856835,-0.1938282,2069
19776,r2i1p1f1,2069,02,22,42.815487734445085,7.3354063,1.1131586,2069
19777,r2i1p1f1,2069,02,23,41.40544155558858,5.2140536,0.78620404,2069
19778,r2i1p1f1,2069,02,24,32.07893459162173,6.271165,0.9042636,2069
19779,r2i1p1f1,2069,02,25,32.5229906165847,4.8760405,-0.46113947,2069
19780,r2i1p1f1,2069,02,26,96.17105213692412,7.167551,-2.4232814,2069
19781,r2i1p1f1,2069,02,27,0.25026813704104056,5.3671155,0.3278305,2069
19782,r2i1p1f1,2069,02,28,0.0,7.1178823,0.7996637,2069
19783,r2i1p1f1,2069,03,01,0.0,16.426672,2.3875728,2069
19784,r2i1p1f1,2069,03,02,0.0,20.2612,3.2331061,2069
19785,r2i1p1f1,2069,03,03,0.0,19.522993,3.4261982,2069
19786,r2i1p1f1,2069,03,04,0.0,16.350355,7.07051,2069
19787,r2i1p1f1,2069,03,05,0.0,19.548512,6.3007236,2069
19788,r2i1p1f1,2069,03,06,0.0,19.547003,5.459366,2069
19789,r2i1p1f1,2069,03,07,5.678337133856705,12.68141,-2.4549167,2069
19790,r2i1p1f1,2069,03,08,0.10613772740795796,6.625593,-0.3744502,2069
19791,r2i1p1f1,2069,03,09,0.15622870800703262,10.04456,-4.6856833,2069
19792,r2i1p1f1,2069,03,10,0.0041064094637896726,12.851819,-2.9194744,2069
19793,r2i1p1f1,2069,03,11,8.803557182349882,6.9910436,0.1545599,2069
19794,r2i1p1f1,2069,03,12,26.3163336089257,4.53085,-0.35981095,2069
19795,r2i1p1f1,2069,03,13,73.20875242540541,5.2127013,0.9988684,2069
19796,r2i1p1f1,2069,03,14,13.936002988437114,6.834249,0.14820804,2069
19797,r2i1p1f1,2069,03,15,0.0,15.859758,0.094919935,2069
19798,r2i1p1f1,2069,03,16,0.07927463066152995,17.619923,2.858348,2069
19799,r2i1p1f1,2069,03,17,0.050031349578952916,16.655771,5.9013476,2069
19800,r2i1p1f1,2069,03,18,0.26205819810386927,13.14666,4.6486278,2069
19801,r2i1p1f1,2069,03,19,47.52482255661072,10.816474,1.7857382,2069
19802,r2i1p1f1,2069,03,20,63.48386963005536,11.485964,4.6679044,2069
19803,r2i1p1f1,2069,03,21,22.642462147128892,12.611696,-1.442593,2069
19804,r2i1p1f1,2069,03,22,0.0,19.297235,2.8895574,2069
19805,r2i1p1f1,2069,03,23,1.0324851888211783,14.209741,0.6268471,2069
19806,r2i1p1f1,2069,03,24,1.1975079669914872,12.870467,4.925248,2069
19807,r2i1p1f1,2069,03,25,0.0,15.471645,1.5853405,2069
19808,r2i1p1f1,2069,03,26,0.02333945169364317,16.997551,2.2554615,2069
19809,r2i1p1f1,2069,03,27,36.554420003309275,11.940271,1.1499617,2069
19810,r2i1p1f1,2069,03,28,50.550699978171345,10.185032,0.7006581,2069
19811,r2i1p1f1,2069,03,29,14.089892009192576,12.59448,3.2454417,2069
19812,r2i1p1f1,2069,03,30,0.3148927646949372,10.227713,1.1862655,2069
19813,r2i1p1f1,2069,03,31,0.25669749236560446,15.873701,-1.0968535,2069
19814,r2i1p1f1,2069,04,01,0.0,16.607052,0.9448843,2069
19815,r2i1p1f1,2069,04,02,2.690092627017293,13.650791,3.5473006,2069
19816,r2i1p1f1,2069,04,03,0.0,19.148487,0.6713571,2069
19817,r2i1p1f1,2069,04,04,4.0393312040508205,14.775759,0.7730446,2069
19818,r2i1p1f1,2069,04,05,0.0,15.137612,1.6627374,2069
19819,r2i1p1f1,2069,04,06,0.0,18.96068,1.132621,2069
19820,r2i1p1f1,2069,04,07,0.0,20.499336,2.9774373,2069
19821,r2i1p1f1,2069,04,08,0.0,21.363642,4.5149293,2069
19822,r2i1p1f1,2069,04,09,0.0,22.205479,7.478968,2069
19823,r2i1p1f1,2069,04,10,0.0,22.527168,7.262853,2069
19824,r2i1p1f1,2069,04,11,0.0,19.414673,4.9730234,2069
19825,r2i1p1f1,2069,04,12,0.0,17.198624,3.6198018,2069
19826,r2i1p1f1,2069,04,13,0.0,20.92372,4.123297,2069
19827,r2i1p1f1,2069,04,14,0.0,20.861322,4.3910975,2069
19828,r2i1p1f1,2069,04,15,0.0,19.359127,4.4094706,2069
19829,r2i1p1f1,2069,04,16,0.645915390931315,12.483898,-0.82000685,2069
19830,r2i1p1f1,2069,04,17,0.0,22.524689,4.1608896,2069
19831,r2i1p1f1,2069,04,18,0.0,25.140055,8.195042,2069
19832,r2i1p1f1,2069,04,19,0.6341596250562221,19.294281,3.5582707,2069
19833,r2i1p1f1,2069,04,20,19.77088243172777,9.859946,2.6702752,2069
19834,r2i1p1f1,2069,04,21,6.0481027228294035,12.626429,-0.6525844,2069
19835,r2i1p1f1,2069,04,22,10.440513801306505,12.038557,0.97677517,2069
19836,r2i1p1f1,2069,04,23,8.548035764628226,11.330756,4.316659,2069
19837,r2i1p1f1,2069,04,24,5.412159316480169,13.326404,-3.1120713,2069
19838,r2i1p1f1,2069,04,25,0.0,19.160185,1.9656396,2069
19839,r2i1p1f1,2069,04,26,0.0,22.223776,6.66463,2069
19840,r2i1p1f1,2069,04,27,0.0,22.223185,6.6086583,2069
19841,r2i1p1f1,2069,04,28,4.037692459622542,15.073106,0.19767292,2069
19842,r2i1p1f1,2069,04,29,28.230929142437862,10.446353,-1.1630596,2069
19843,r2i1p1f1,2069,04,30,4.4360460441426905,10.147105,5.2109838,2069
19844,r2i1p1f1,2069,05,01,0.08949475707315567,16.347174,0.35892633,2069
19845,r2i1p1f1,2069,05,02,0.0,21.137321,2.1275573,2069
19846,r2i1p1f1,2069,05,03,0.008887872928216193,20.169361,7.1046815,2069
19847,r2i1p1f1,2069,05,04,0.0,18.781557,3.6984816,2069
19848,r2i1p1f1,2069,05,05,23.1904514870481,9.539421,1.1593049,2069
19849,r2i1p1f1,2069,05,06,0.0,17.395395,1.5601655,2069
19850,r2i1p1f1,2069,05,07,0.0,20.337837,4.9079437,2069
19851,r2i1p1f1,2069,05,08,0.0,20.658413,6.6178956,2069
19852,r2i1p1f1,2069,05,09,0.0,18.316496,3.8339758,2069
19853,r2i1p1f1,2069,05,10,0.0,15.326192,0.012263665,2069
19854,r2i1p1f1,2069,05,11,0.7916015640883136,14.779605,4.632855,2069
19855,r2i1p1f1,2069,05,12,0.0,17.21567,1.3849027,2069
19856,r2i1p1f1,2069,05,13,0.0,25.089262,6.003356,2069
19857,r2i1p1f1,2069,05,14,0.0,27.689854,10.184995,2069
19858,r2i1p1f1,2069,05,15,0.0,32.87788,14.007932,2069
19859,r2i1p1f1,2069,05,16,0.0,32.590446,14.607354,2069
19860,r2i1p1f1,2069,05,17,28.648555716902663,27.350523,8.3544035,2069
19861,r2i1p1f1,2069,05,18,0.0,13.950474,1.2080756,2069
19862,r2i1p1f1,2069,05,19,0.0,16.402391,1.60413,2069
19863,r2i1p1f1,2069,05,20,0.0,18.534594,3.0059602,2069
19864,r2i1p1f1,2069,05,21,0.0,25.55973,5.7663736,2069
19865,r2i1p1f1,2069,05,22,0.0,29.410482,11.195845,2069
19866,r2i1p1f1,2069,05,23,0.0,29.306025,12.463345,2069
19867,r2i1p1f1,2069,05,24,0.0,27.23683,10.479404,2069
19868,r2i1p1f1,2069,05,25,0.39114481048902516,19.946014,5.463813,2069
19869,r2i1p1f1,2069,05,26,0.3861327669885493,19.456146,3.5997596,2069
19870,r2i1p1f1,2069,05,27,4.186913035720443,16.25092,0.26277992,2069
19871,r2i1p1f1,2069,05,28,0.0,18.32601,2.7897406,2069
19872,r2i1p1f1,2069,05,29,0.0,20.394457,4.510087,2069
19873,r2i1p1f1,2069,05,30,0.0,24.672832,7.808761,2069
19874,r2i1p1f1,2069,05,31,0.0,26.592148,9.601304,2069
19875,r2i1p1f1,2069,06,01,0.5016515069515802,25.323011,10.016489,2069
19876,r2i1p1f1,2069,06,02,7.9984404550207095,21.63942,5.543269,2069
19877,r2i1p1f1,2069,06,03,7.205748616042211,23.202682,4.098746,2069
19878,r2i1p1f1,2069,06,04,1.5501836021940107,29.66738,11.234859,2069
19879,r2i1p1f1,2069,06,05,0.31262668361215706,31.751015,13.716228,2069
19880,r2i1p1f1,2069,06,06,5.715318851518812,29.597666,12.302493,2069
19881,r2i1p1f1,2069,06,07,11.189897850737488,21.734165,5.967258,2069
19882,r2i1p1f1,2069,06,08,2.296656214905222,22.66624,6.6517577,2069
19883,r2i1p1f1,2069,06,09,0.0,27.403996,10.647674,2069
19884,r2i1p1f1,2069,06,10,0.0,28.291767,11.285197,2069
19885,r2i1p1f1,2069,06,11,0.0,27.064428,10.878623,2069
19886,r2i1p1f1,2069,06,12,0.0,27.99343,10.83894,2069
19887,r2i1p1f1,2069,06,13,0.0,30.252123,11.633888,2069
19888,r2i1p1f1,2069,06,14,0.0,32.911182,14.230056,2069
19889,r2i1p1f1,2069,06,15,0.0,34.45575,15.856575,2069
19890,r2i1p1f1,2069,06,16,0.0,34.380787,17.616606,2069
19891,r2i1p1f1,2069,06,17,0.0,32.83047,14.83726,2069
19892,r2i1p1f1,2069,06,18,0.0,31.869144,13.9263935,2069
19893,r2i1p1f1,2069,06,19,0.0,31.081356,13.309395,2069
19894,r2i1p1f1,2069,06,20,0.0,30.771484,12.393467,2069
19895,r2i1p1f1,2069,06,21,0.0,29.355507,10.9520855,2069
19896,r2i1p1f1,2069,06,22,0.0,27.100727,7.4870276,2069
19897,r2i1p1f1,2069,06,23,0.8837281245387902,25.572577,9.277988,2069
19898,r2i1p1f1,2069,06,24,2.9847363121426986,26.622559,11.739006,2069
19899,r2i1p1f1,2069,06,25,0.007746165535466459,29.726866,12.299489,2069
19900,r2i1p1f1,2069,06,26,0.0,31.441538,12.782546,2069
19901,r2i1p1f1,2069,06,27,0.0,29.791786,12.339158,2069
19902,r2i1p1f1,2069,06,28,0.0,28.66497,11.205482,2069
19903,r2i1p1f1,2069,06,29,0.0,26.71497,9.924238,2069
19904,r2i1p1f1,2069,06,30,0.0,26.434795,10.41559,2069
19905,r2i1p1f1,2069,07,01,0.0,29.375673,11.809334,2069
19906,r2i1p1f1,2069,07,02,0.0,32.58458,13.309478,2069
19907,r2i1p1f1,2069,07,03,0.0,33.56516,13.779539,2069
19908,r2i1p1f1,2069,07,04,0.0,33.587746,13.722791,2069
19909,r2i1p1f1,2069,07,05,0.0,31.27502,13.294759,2069
19910,r2i1p1f1,2069,07,06,0.0,28.660841,12.006877,2069
19911,r2i1p1f1,2069,07,07,0.0,27.180922,11.568846,2069
19912,r2i1p1f1,2069,07,08,6.793219072362542,25.569305,10.907283,2069
19913,r2i1p1f1,2069,07,09,0.0,27.061703,10.94381,2069
19914,r2i1p1f1,2069,07,10,0.0,29.125214,12.692715,2069
19915,r2i1p1f1,2069,07,11,0.0,31.469479,14.284283,2069
19916,r2i1p1f1,2069,07,12,0.0,31.195972,15.151159,2069
19917,r2i1p1f1,2069,07,13,0.0,29.553373,13.164056,2069
19918,r2i1p1f1,2069,07,14,0.0,31.1988,14.673486,2069
19919,r2i1p1f1,2069,07,15,0.0,32.377285,15.47541,2069
19920,r2i1p1f1,2069,07,16,0.0,33.490032,15.935091,2069
19921,r2i1p1f1,2069,07,17,0.0,34.33819,17.810898,2069
19922,r2i1p1f1,2069,07,18,0.0,34.67277,18.253588,2069
19923,r2i1p1f1,2069,07,19,0.0,33.944275,17.682552,2069
19924,r2i1p1f1,2069,07,20,0.0,32.107407,15.473338,2069
19925,r2i1p1f1,2069,07,21,0.0,32.22953,14.452216,2069
19926,r2i1p1f1,2069,07,22,0.0,32.95756,15.135877,2069
19927,r2i1p1f1,2069,07,23,0.0,33.106808,15.973933,2069
19928,r2i1p1f1,2069,07,24,0.0,33.03298,15.857866,2069
19929,r2i1p1f1,2069,07,25,0.0,33.16132,15.708577,2069
19930,r2i1p1f1,2069,07,26,0.0,32.962345,15.271491,2069
19931,r2i1p1f1,2069,07,27,0.0,33.580917,17.282894,2069
19932,r2i1p1f1,2069,07,28,0.0,34.0277,17.237982,2069
19933,r2i1p1f1,2069,07,29,0.0,33.897453,16.986422,2069
19934,r2i1p1f1,2069,07,30,0.0,34.891136,18.565872,2069
19935,r2i1p1f1,2069,07,31,0.030666847977464877,35.40765,18.186947,2069
19936,r2i1p1f1,2069,08,01,0.0,34.96628,17.42298,2069
19937,r2i1p1f1,2069,08,02,0.0,34.32973,16.531706,2069
19938,r2i1p1f1,2069,08,03,0.0,32.517567,14.847046,2069
19939,r2i1p1f1,2069,08,04,0.0,30.995464,13.419653,2069
19940,r2i1p1f1,2069,08,05,0.0,30.539576,13.952798,2069
19941,r2i1p1f1,2069,08,06,0.0,29.340448,13.180932,2069
19942,r2i1p1f1,2069,08,07,0.0,27.835493,10.0147915,2069
19943,r2i1p1f1,2069,08,08,0.0,26.318617,8.89676,2069
19944,r2i1p1f1,2069,08,09,0.0,27.854893,11.397157,2069
19945,r2i1p1f1,2069,08,10,0.0,29.917011,13.691406,2069
19946,r2i1p1f1,2069,08,11,0.0,30.358423,14.660344,2069
19947,r2i1p1f1,2069,08,12,0.0,31.403145,14.623404,2069
19948,r2i1p1f1,2069,08,13,0.0,34.03007,16.797829,2069
19949,r2i1p1f1,2069,08,14,1.2064953502431308,33.237877,18.039145,2069
19950,r2i1p1f1,2069,08,15,0.0,31.360958,14.178057,2069
19951,r2i1p1f1,2069,08,16,0.0,30.034796,13.849877,2069
19952,r2i1p1f1,2069,08,17,0.0,30.335018,13.649463,2069
19953,r2i1p1f1,2069,08,18,0.0,31.830265,14.873088,2069
19954,r2i1p1f1,2069,08,19,0.0,31.929394,15.823128,2069
19955,r2i1p1f1,2069,08,20,0.0,32.39671,15.954783,2069
19956,r2i1p1f1,2069,08,21,0.0,32.309242,15.869754,2069
19957,r2i1p1f1,2069,08,22,0.0,32.548668,15.933156,2069
19958,r2i1p1f1,2069,08,23,0.0,32.355537,15.6624975,2069
19959,r2i1p1f1,2069,08,24,0.0,33.168083,15.138005,2069
19960,r2i1p1f1,2069,08,25,0.0,32.57946,14.808816,2069
19961,r2i1p1f1,2069,08,26,0.0,32.13991,15.636619,2069
19962,r2i1p1f1,2069,08,27,0.8338797613130458,32.127327,16.105724,2069
19963,r2i1p1f1,2069,08,28,0.0,32.44931,15.839216,2069
19964,r2i1p1f1,2069,08,29,0.0,32.128635,15.3849,2069
19965,r2i1p1f1,2069,08,30,0.0,32.306934,15.553599,2069
19966,r2i1p1f1,2069,08,31,0.0,33.253517,15.874055,2069
19967,r2i1p1f1,2069,09,01,0.0,32.126354,16.399204,2069
19968,r2i1p1f1,2069,09,02,0.0,31.08001,15.423216,2069
19969,r2i1p1f1,2069,09,03,0.0,29.069317,13.775888,2069
19970,r2i1p1f1,2069,09,04,0.0,28.25124,13.056889,2069
19971,r2i1p1f1,2069,09,05,0.0,31.527174,13.855616,2069
19972,r2i1p1f1,2069,09,06,0.0,33.242752,16.66051,2069
19973,r2i1p1f1,2069,09,07,0.0,34.906113,17.124258,2069
19974,r2i1p1f1,2069,09,08,0.0,35.0062,17.619589,2069
19975,r2i1p1f1,2069,09,09,0.0,33.054173,16.19001,2069
19976,r2i1p1f1,2069,09,10,0.0,32.021072,15.63145,2069
19977,r2i1p1f1,2069,09,11,0.0,33.09392,15.973836,2069
19978,r2i1p1f1,2069,09,12,0.0,34.15542,17.070704,2069
19979,r2i1p1f1,2069,09,13,0.0,33.338436,16.753702,2069
19980,r2i1p1f1,2069,09,14,0.0,34.22948,16.87501,2069
19981,r2i1p1f1,2069,09,15,0.0,33.188663,16.082012,2069
19982,r2i1p1f1,2069,09,16,0.0,32.716927,16.298128,2069
19983,r2i1p1f1,2069,09,17,0.0,32.773293,15.800303,2069
19984,r2i1p1f1,2069,09,18,0.0,31.590353,13.989383,2069
19985,r2i1p1f1,2069,09,19,0.0,29.958696,14.400813,2069
19986,r2i1p1f1,2069,09,20,0.0,27.594473,13.067783,2069
19987,r2i1p1f1,2069,09,21,0.0,27.339468,12.637478,2069
19988,r2i1p1f1,2069,09,22,0.0,30.799688,14.203618,2069
19989,r2i1p1f1,2069,09,23,0.0,32.033104,14.709902,2069
19990,r2i1p1f1,2069,09,24,0.0,31.777994,14.727938,2069
19991,r2i1p1f1,2069,09,25,0.0,30.447002,12.774085,2069
19992,r2i1p1f1,2069,09,26,0.0,29.996035,12.213179,2069
19993,r2i1p1f1,2069,09,27,0.0,30.226978,13.648356,2069
19994,r2i1p1f1,2069,09,28,14.411611565978651,29.899715,15.423603,2069
19995,r2i1p1f1,2069,09,29,0.15268528091977573,26.355595,11.891673,2069
19996,r2i1p1f1,2069,09,30,0.006893720945719486,26.904707,11.254583,2069
19997,r2i1p1f1,2069,10,01,0.0,28.38665,10.637625,2069
19998,r2i1p1f1,2069,10,02,0.0,27.999107,10.157282,2069
19999,r2i1p1f1,2069,10,03,0.0,28.636415,11.612888,2069
20000,r2i1p1f1,2069,10,04,0.0,28.78374,12.119503,2069
20001,r2i1p1f1,2069,10,05,0.0,29.348639,12.273697,2069
20002,r2i1p1f1,2069,10,06,0.0,29.568329,12.449468,2069
20003,r2i1p1f1,2069,10,07,0.0,30.535648,11.926686,2069
20004,r2i1p1f1,2069,10,08,0.0,29.17958,13.0028925,2069
20005,r2i1p1f1,2069,10,09,0.0,27.97665,10.742224,2069
20006,r2i1p1f1,2069,10,10,0.0,28.640028,11.638295,2069
20007,r2i1p1f1,2069,10,11,0.0,31.817236,13.849932,2069
20008,r2i1p1f1,2069,10,12,0.0,32.5114,14.673711,2069
20009,r2i1p1f1,2069,10,13,0.0,30.125492,13.521513,2069
20010,r2i1p1f1,2069,10,14,0.0,30.000313,12.719522,2069
20011,r2i1p1f1,2069,10,15,0.0,30.526558,13.447103,2069
20012,r2i1p1f1,2069,10,16,0.012712876363926066,22.122587,9.298596,2069
20013,r2i1p1f1,2069,10,17,0.0,14.236921,2.4696662,2069
20014,r2i1p1f1,2069,10,18,0.037942664326132775,14.333523,3.2109892,2069
20015,r2i1p1f1,2069,10,19,0.0,19.628658,4.6169934,2069
20016,r2i1p1f1,2069,10,20,0.0,26.838457,7.635348,2069
20017,r2i1p1f1,2069,10,21,0.0,23.035133,9.097808,2069
20018,r2i1p1f1,2069,10,22,3.119955579117791,23.056742,9.801848,2069
20019,r2i1p1f1,2069,10,23,75.21300917097295,17.93754,3.883479,2069
20020,r2i1p1f1,2069,10,24,7.195388423192876,10.4066105,-0.69552535,2069
20021,r2i1p1f1,2069,10,25,0.0,12.17549,-0.63750035,2069
20022,r2i1p1f1,2069,10,26,1.7475395485514758,13.132232,3.0700755,2069
20023,r2i1p1f1,2069,10,27,0.0,14.365181,3.2669806,2069
20024,r2i1p1f1,2069,10,28,0.0,20.361576,4.180989,2069
20025,r2i1p1f1,2069,10,29,0.0,20.850317,5.0484424,2069
20026,r2i1p1f1,2069,10,30,0.0,20.165552,5.9801755,2069
20027,r2i1p1f1,2069,10,31,9.72986200347525,14.700328,2.1712177,2069
20028,r2i1p1f1,2069,11,01,0.0,6.7569547,-2.8107612,2069
20029,r2i1p1f1,2069,11,02,0.0,12.372517,-0.51944596,2069
20030,r2i1p1f1,2069,11,03,0.0,18.266748,1.4903649,2069
20031,r2i1p1f1,2069,11,04,0.0,18.675056,3.4894512,2069
20032,r2i1p1f1,2069,11,05,0.0,19.552443,4.4810047,2069
20033,r2i1p1f1,2069,11,06,0.0,21.11527,6.01859,2069
20034,r2i1p1f1,2069,11,07,0.0,20.864937,5.871688,2069
20035,r2i1p1f1,2069,11,08,0.0,17.64588,4.886075,2069
20036,r2i1p1f1,2069,11,09,0.002180142632823845,13.880471,5.860354,2069
20037,r2i1p1f1,2069,11,10,0.0,17.978415,5.207388,2069
20038,r2i1p1f1,2069,11,11,0.0,18.614296,2.3141675,2069
20039,r2i1p1f1,2069,11,12,0.0,18.047018,-2.312143,2069
20040,r2i1p1f1,2069,11,13,0.0,15.225069,3.300143,2069
20041,r2i1p1f1,2069,11,14,0.0,15.181726,3.0305939,2069
20042,r2i1p1f1,2069,11,15,45.84179642305781,9.218795,4.9511795,2069
20043,r2i1p1f1,2069,11,16,9.354847555760688,8.237538,2.9550135,2069
20044,r2i1p1f1,2069,11,17,0.0,13.305498,-1.3839817,2069
20045,r2i1p1f1,2069,11,18,0.0,13.754663,0.66597944,2069
20046,r2i1p1f1,2069,11,19,2.2113454647226787,14.68602,0.921192,2069
20047,r2i1p1f1,2069,11,20,37.33147863441935,11.768328,4.6838484,2069
20048,r2i1p1f1,2069,11,21,88.34949275657821,9.686235,5.5829687,2069
20049,r2i1p1f1,2069,11,22,123.74821495121488,11.551121,6.299053,2069
20050,r2i1p1f1,2069,11,23,0.09421774873492093,12.504724,2.2166064,2069
20051,r2i1p1f1,2069,11,24,0.0,14.664612,2.8216767,2069
20052,r2i1p1f1,2069,11,25,0.0,16.416368,3.0725927,2069
20053,r2i1p1f1,2069,11,26,0.0,16.043905,2.8314552,2069
20054,r2i1p1f1,2069,11,27,0.0,13.204612,2.045984,2069
20055,r2i1p1f1,2069,11,28,0.0,15.201379,4.519104,2069
20056,r2i1p1f1,2069,11,29,0.0,13.903765,5.4358296,2069
20057,r2i1p1f1,2069,11,30,4.651172852978702,13.18553,5.575944,2069
20058,r2i1p1f1,2069,12,01,0.0,12.723212,7.1123486,2069
20059,r2i1p1f1,2069,12,02,6.398453798912949,12.049615,4.99899,2069
20060,r2i1p1f1,2069,12,03,0.0966713869904477,11.139459,-0.019930521,2069
20061,r2i1p1f1,2069,12,04,61.42911001180227,12.23481,1.4979348,2069
20062,r2i1p1f1,2069,12,05,73.94793388487484,10.431728,4.2380533,2069
20063,r2i1p1f1,2069,12,06,98.45312317439283,14.657034,4.4280143,2069
20064,r2i1p1f1,2069,12,07,0.0,12.286345,1.3942573,2069
20065,r2i1p1f1,2069,12,08,0.3167688961499292,8.841014,2.600614,2069
20066,r2i1p1f1,2069,12,09,0.0,12.216617,0.4974956,2069
20067,r2i1p1f1,2069,12,10,0.0,8.7142315,1.1297978,2069
20068,r2i1p1f1,2069,12,11,14.996174863741684,12.482232,2.5405304,2069
20069,r2i1p1f1,2069,12,12,0.0,14.579653,4.811108,2069
20070,r2i1p1f1,2069,12,13,36.896409462385165,10.681709,2.5739007,2069
20071,r2i1p1f1,2069,12,14,23.84657069386986,6.3803053,-2.5451949,2069
20072,r2i1p1f1,2069,12,15,0.18836709668203883,2.1148753,-5.0208163,2069
20073,r2i1p1f1,2069,12,16,0.0,2.6355872,-6.365194,2069
20074,r2i1p1f1,2069,12,17,0.0,8.59023,-5.4437943,2069
20075,r2i1p1f1,2069,12,18,0.0,6.3511243,-4.701352,2069
20076,r2i1p1f1,2069,12,19,38.77690179114534,2.2616956,-3.903674,2069
20077,r2i1p1f1,2069,12,20,3.510455807400621,1.4731551,-2.5663948,2069
20078,r2i1p1f1,2069,12,21,0.0,4.848633,-5.454729,2069
20079,r2i1p1f1,2069,12,22,0.0,4.2366295,-6.129175,2069
20080,r2i1p1f1,2069,12,23,0.0,5.064436,-4.9833713,2069
20081,r2i1p1f1,2069,12,24,0.0,5.996615,-3.6066315,2069
20082,r2i1p1f1,2069,12,25,0.0,6.808769,-3.0903563,2069
20083,r2i1p1f1,2069,12,26,0.0,7.4576974,-3.6913981,2069
20084,r2i1p1f1,2069,12,27,0.0,11.152541,-0.021730667,2069
20085,r2i1p1f1,2069,12,28,0.9017327487387005,5.838692,0.36377305,2069
20086,r2i1p1f1,2069,12,29,0.0,3.1389241,-1.3606837,2069
20087,r2i1p1f1,2069,12,30,0.0,5.014534,-2.8512745,2069
20088,r2i1p1f1,2069,12,31,0.0,5.7989793,-5.7814784,2069
20089,r2i1p1f1,2070,01,01,0.0,8.06262,-5.115205,2070
20090,r2i1p1f1,2070,01,02,0.0,7.7312064,-4.5504336,2070
20091,r2i1p1f1,2070,01,03,0.0,10.462648,-2.5639088,2070
20092,r2i1p1f1,2070,01,04,0.0,11.306609,-0.57401997,2070
20093,r2i1p1f1,2070,01,05,0.0,11.95057,-1.4009359,2070
20094,r2i1p1f1,2070,01,06,0.0,9.679772,-2.9607952,2070
20095,r2i1p1f1,2070,01,07,0.0,6.1965156,-0.075265154,2070
20096,r2i1p1f1,2070,01,08,0.0,7.938666,0.4467395,2070
20097,r2i1p1f1,2070,01,09,3.591104444310006,8.854524,3.5991735,2070
20098,r2i1p1f1,2070,01,10,0.0,16.710419,5.6673746,2070
20099,r2i1p1f1,2070,01,11,0.0,19.195719,5.5023313,2070
20100,r2i1p1f1,2070,01,12,0.0,18.398067,6.716238,2070
20101,r2i1p1f1,2070,01,13,0.0,20.840893,4.8407207,2070
20102,r2i1p1f1,2070,01,14,0.0,18.750357,4.823205,2070
20103,r2i1p1f1,2070,01,15,1.4521498337461918,4.8458,-2.4022636,2070
20104,r2i1p1f1,2070,01,16,1.1573635037970793,8.599509,-3.9485042,2070
20105,r2i1p1f1,2070,01,17,0.0,12.165065,6.2355156,2070
20106,r2i1p1f1,2070,01,18,0.0,9.782227,5.573021,2070
20107,r2i1p1f1,2070,01,19,45.849202886277524,11.279494,1.2169211,2070
20108,r2i1p1f1,2070,01,20,0.0,8.148968,-3.9339447,2070
20109,r2i1p1f1,2070,01,21,103.90044057992502,10.160504,-1.1448042,2070
20110,r2i1p1f1,2070,01,22,0.014109901614854327,8.172487,3.1342273,2070
20111,r2i1p1f1,2070,01,23,0.3702320498177869,4.1914353,-0.4925946,2070
20112,r2i1p1f1,2070,01,24,0.0,9.59466,-3.5621974,2070
20113,r2i1p1f1,2070,01,25,0.0,9.093465,3.0114696,2070
20114,r2i1p1f1,2070,01,26,5.901382052154356,6.2761526,1.0657872,2070
20115,r2i1p1f1,2070,01,27,0.41411822500007334,9.487286,4.5852714,2070
20116,r2i1p1f1,2070,01,28,11.241316220268626,11.641909,5.932917,2070
20117,r2i1p1f1,2070,01,29,0.0,14.365654,6.2846727,2070
20118,r2i1p1f1,2070,01,30,8.179492554112445,9.91617,4.236405,2070
20119,r2i1p1f1,2070,01,31,30.333945889679644,5.8988976,0.7422324,2070
20120,r2i1p1f1,2070,02,01,0.001470780331986204,10.492408,1.0685629,2070
20121,r2i1p1f1,2070,02,02,1.624019001554608,15.150624,4.010858,2070
20122,r2i1p1f1,2070,02,03,0.0,20.264896,4.951864,2070
20123,r2i1p1f1,2070,02,04,55.47564099453246,14.390149,8.745436,2070
20124,r2i1p1f1,2070,02,05,85.53948942571878,13.815,1.0735259,2070
20125,r2i1p1f1,2070,02,06,0.0,12.073958,1.7070959,2070
20126,r2i1p1f1,2070,02,07,0.0,15.034269,1.4901327,2070
20127,r2i1p1f1,2070,02,08,0.0,17.405302,0.34444693,2070
20128,r2i1p1f1,2070,02,09,3.5075221494760345,11.021415,-2.5392742,2070
20129,r2i1p1f1,2070,02,10,39.5950820744754,7.41297,0.8270689,2070
20130,r2i1p1f1,2070,02,11,12.270856059694779,4.4694843,-0.60564816,2070
20131,r2i1p1f1,2070,02,12,6.89154739028219,4.41806,-0.78851986,2070
20132,r2i1p1f1,2070,02,13,41.328141847267176,9.3631525,-1.6818112,2070
20133,r2i1p1f1,2070,02,14,21.57162574294489,3.9234734,-3.6525323,2070
20134,r2i1p1f1,2070,02,15,10.499553841341717,2.8237689,-1.172602,2070
20135,r2i1p1f1,2070,02,16,45.75869431405758,3.7114782,-0.9676628,2070
20136,r2i1p1f1,2070,02,17,27.97390095351707,5.563966,0.076970905,2070
20137,r2i1p1f1,2070,02,18,0.0,7.3961387,-4.194099,2070
20138,r2i1p1f1,2070,02,19,0.0,9.333044,-2.8495655,2070
20139,r2i1p1f1,2070,02,20,0.0,8.120933,-0.039964333,2070
20140,r2i1p1f1,2070,02,21,0.0,9.609198,1.6201953,2070
20141,r2i1p1f1,2070,02,22,1.478107050010854,9.6529665,3.1540697,2070
20142,r2i1p1f1,2070,02,23,17.819149011316206,10.281057,-0.002342322,2070
20143,r2i1p1f1,2070,02,24,28.771007977999172,8.545526,-0.07193453,2070
20144,r2i1p1f1,2070,02,25,2.904451426659832,10.126518,-1.0650445,2070
20145,r2i1p1f1,2070,02,26,0.0,13.721456,1.4315228,2070
20146,r2i1p1f1,2070,02,27,7.9507539476393365,12.245591,2.8279622,2070
20147,r2i1p1f1,2070,02,28,9.955625260996525,8.668823,3.2550633,2070
20148,r2i1p1f1,2070,03,01,3.8783268076678303,10.095653,-1.4333634,2070
20149,r2i1p1f1,2070,03,02,0.0,9.597718,-0.47532547,2070
20150,r2i1p1f1,2070,03,03,12.795140234755728,5.184389,-2.9820883,2070
20151,r2i1p1f1,2070,03,04,88.7543548632843,11.346075,-2.8312812,2070
20152,r2i1p1f1,2070,03,05,45.68223359898324,5.8036118,-2.9732862,2070
20153,r2i1p1f1,2070,03,06,4.706646639281714,6.6373463,1.1675032,2070
20154,r2i1p1f1,2070,03,07,37.039103312417865,6.132199,1.1348081,2070
20155,r2i1p1f1,2070,03,08,30.298809558063603,11.855279,-1.513,2070
20156,r2i1p1f1,2070,03,09,39.312858176149,9.962334,3.1169515,2070
20157,r2i1p1f1,2070,03,10,64.76784018405641,10.374244,5.284197,2070
20158,r2i1p1f1,2070,03,11,64.56738968576806,10.217538,6.6490664,2070
20159,r2i1p1f1,2070,03,12,50.38673740345985,10.230458,3.7082622,2070
20160,r2i1p1f1,2070,03,13,25.415859033595414,11.256141,-3.1208012,2070
20161,r2i1p1f1,2070,03,14,8.437320118313297,7.1266775,2.329478,2070
20162,r2i1p1f1,2070,03,15,0.0,12.342667,0.7156015,2070
20163,r2i1p1f1,2070,03,16,9.967792595853098,10.069647,1.6432397,2070
20164,r2i1p1f1,2070,03,17,1.450759988648105,9.603145,3.1727748,2070
20165,r2i1p1f1,2070,03,18,0.07029840710926621,11.409513,5.2907753,2070
20166,r2i1p1f1,2070,03,19,67.14281490645729,8.510352,0.48344764,2070
20167,r2i1p1f1,2070,03,20,0.4127083333514747,14.993621,4.170506,2070
20168,r2i1p1f1,2070,03,21,0.0,16.164623,2.8253393,2070
20169,r2i1p1f1,2070,03,22,25.06241771871618,11.155015,-0.34420884,2070
20170,r2i1p1f1,2070,03,23,0.0,13.0829525,0.94625795,2070
20171,r2i1p1f1,2070,03,24,3.4298963629575714,10.044456,0.13701522,2070
20172,r2i1p1f1,2070,03,25,8.76542058954678,10.834122,-0.6581761,2070
20173,r2i1p1f1,2070,03,26,10.011427625207803,8.362995,2.1404927,2070
20174,r2i1p1f1,2070,03,27,22.033661794445763,12.320228,-1.4706979,2070
20175,r2i1p1f1,2070,03,28,0.0,19.872759,4.152692,2070
20176,r2i1p1f1,2070,03,29,0.0,20.461866,5.594684,2070
20177,r2i1p1f1,2070,03,30,0.0,20.153122,6.302447,2070
20178,r2i1p1f1,2070,03,31,0.6401830656893883,16.979374,7.9442935,2070
20179,r2i1p1f1,2070,04,01,0.580136045643415,16.99618,2.1840482,2070
20180,r2i1p1f1,2070,04,02,1.3625338932237914,16.581985,3.6897457,2070
20181,r2i1p1f1,2070,04,03,0.0,20.661617,7.0028,2070
20182,r2i1p1f1,2070,04,04,0.0,24.159891,8.012343,2070
20183,r2i1p1f1,2070,04,05,0.0,28.515327,11.194137,2070
20184,r2i1p1f1,2070,04,06,0.0,27.712772,10.566229,2070
20185,r2i1p1f1,2070,04,07,2.214087017952037,14.679062,-1.708984,2070
20186,r2i1p1f1,2070,04,08,0.0,10.575554,-2.1748087,2070
20187,r2i1p1f1,2070,04,09,0.0,15.489604,0.81816494,2070
20188,r2i1p1f1,2070,04,10,0.0,17.442045,3.7564068,2070
20189,r2i1p1f1,2070,04,11,0.0,16.717495,3.059231,2070
20190,r2i1p1f1,2070,04,12,22.557280383681736,11.746355,-1.3821887,2070
20191,r2i1p1f1,2070,04,13,43.44522272496341,9.307162,4.7597075,2070
20192,r2i1p1f1,2070,04,14,10.016422855159572,9.245321,-4.7822638,2070
20193,r2i1p1f1,2070,04,15,0.0,9.051867,-0.17675126,2070
20194,r2i1p1f1,2070,04,16,0.0,12.524805,0.42714623,2070
20195,r2i1p1f1,2070,04,17,0.0,19.46909,0.74320406,2070
20196,r2i1p1f1,2070,04,18,0.0,21.343302,3.3766284,2070
20197,r2i1p1f1,2070,04,19,0.0,22.174305,4.7052927,2070
20198,r2i1p1f1,2070,04,20,0.0,22.153173,5.4637046,2070
20199,r2i1p1f1,2070,04,21,0.0,24.157785,6.920288,2070
20200,r2i1p1f1,2070,04,22,0.42792665067631436,25.454062,8.744985,2070
20201,r2i1p1f1,2070,04,23,0.019186757904558014,23.20521,5.698113,2070
20202,r2i1p1f1,2070,04,24,13.632240339323358,15.984175,0.3463967,2070
20203,r2i1p1f1,2070,04,25,15.432343074420574,12.170756,-0.708508,2070
20204,r2i1p1f1,2070,04,26,6.832758718183658,9.026303,-0.22763786,2070
20205,r2i1p1f1,2070,04,27,3.7431650829743237,9.80424,1.922161,2070
20206,r2i1p1f1,2070,04,28,0.02765121419612954,11.731314,6.209203,2070
20207,r2i1p1f1,2070,04,29,0.07236092801926694,11.979933,0.14792916,2070
20208,r2i1p1f1,2070,04,30,1.2541060450670416,12.760227,2.0235617,2070
20209,r2i1p1f1,2070,05,01,0.0,22.492924,4.1056814,2070
20210,r2i1p1f1,2070,05,02,0.0,22.930655,4.7415934,2070
20211,r2i1p1f1,2070,05,03,0.0,19.034609,4.828002,2070
20212,r2i1p1f1,2070,05,04,0.0,22.369013,6.5670204,2070
20213,r2i1p1f1,2070,05,05,0.0,24.87209,9.051709,2070
20214,r2i1p1f1,2070,05,06,0.0,28.384483,11.247766,2070
20215,r2i1p1f1,2070,05,07,0.0,29.08503,11.622447,2070
20216,r2i1p1f1,2070,05,08,0.0,30.182749,12.065425,2070
20217,r2i1p1f1,2070,05,09,0.0,29.789165,12.80293,2070
20218,r2i1p1f1,2070,05,10,0.0,25.563774,8.920878,2070
20219,r2i1p1f1,2070,05,11,0.0,19.025778,6.152761,2070
20220,r2i1p1f1,2070,05,12,0.4130143672017976,15.49271,8.398282,2070
20221,r2i1p1f1,2070,05,13,0.04932861540090436,18.44086,2.835857,2070
20222,r2i1p1f1,2070,05,14,17.36773846801393,14.978165,-0.66894734,2070
20223,r2i1p1f1,2070,05,15,18.168080721247513,13.209126,0.21176118,2070
20224,r2i1p1f1,2070,05,16,20.403954789575298,9.866579,3.9369562,2070
20225,r2i1p1f1,2070,05,17,0.0,16.695309,1.4388438,2070
20226,r2i1p1f1,2070,05,18,0.04363153353691674,17.658852,2.7432117,2070
20227,r2i1p1f1,2070,05,19,0.07314483745386287,18.56007,7.1439586,2070
20228,r2i1p1f1,2070,05,20,0.0,19.260958,7.308373,2070
20229,r2i1p1f1,2070,05,21,0.0,19.861273,5.0753846,2070
20230,r2i1p1f1,2070,05,22,0.0,18.262213,4.822519,2070
20231,r2i1p1f1,2070,05,23,0.125188514497355,16.043255,5.18101,2070
20232,r2i1p1f1,2070,05,24,0.0,22.068886,6.405421,2070
20233,r2i1p1f1,2070,05,25,0.0,27.830347,10.241745,2070
20234,r2i1p1f1,2070,05,26,0.0,27.539732,9.869521,2070
20235,r2i1p1f1,2070,05,27,0.0,23.432125,8.39796,2070
20236,r2i1p1f1,2070,05,28,0.06858567954063452,19.301517,4.701323,2070
20237,r2i1p1f1,2070,05,29,0.11610631414581664,14.888393,2.0953255,2070
20238,r2i1p1f1,2070,05,30,0.0,19.486904,3.387346,2070
20239,r2i1p1f1,2070,05,31,0.0,24.527235,7.018564,2070
20240,r2i1p1f1,2070,06,01,0.0,24.391327,7.398162,2070
20241,r2i1p1f1,2070,06,02,0.42167494050842763,23.894806,7.641035,2070
20242,r2i1p1f1,2070,06,03,0.0,24.343409,9.222204,2070
20243,r2i1p1f1,2070,06,04,0.0,29.927265,11.7513685,2070
20244,r2i1p1f1,2070,06,05,0.0,32.0113,14.19143,2070
20245,r2i1p1f1,2070,06,06,0.0,32.466156,14.503545,2070
20246,r2i1p1f1,2070,06,07,0.0,31.326498,14.669639,2070
20247,r2i1p1f1,2070,06,08,0.0,31.591177,13.726069,2070
20248,r2i1p1f1,2070,06,09,0.0,28.580175,11.794578,2070
20249,r2i1p1f1,2070,06,10,0.0,22.219076,7.045692,2070
20250,r2i1p1f1,2070,06,11,0.0,21.30395,4.0222754,2070
20251,r2i1p1f1,2070,06,12,0.0,26.20009,8.590611,2070
20252,r2i1p1f1,2070,06,13,0.0,26.850298,10.609944,2070
20253,r2i1p1f1,2070,06,14,0.0,26.962608,9.556425,2070
20254,r2i1p1f1,2070,06,15,0.0,23.553421,9.061547,2070
20255,r2i1p1f1,2070,06,16,0.06638689449293732,21.07414,4.866224,2070
20256,r2i1p1f1,2070,06,17,8.931730392326314,14.042415,4.8009133,2070
20257,r2i1p1f1,2070,06,18,0.0024895357455534395,18.825571,6.1360717,2070
20258,r2i1p1f1,2070,06,19,0.0,21.14512,4.935526,2070
20259,r2i1p1f1,2070,06,20,0.0,21.959354,6.0035715,2070
20260,r2i1p1f1,2070,06,21,0.0,22.565203,5.8762293,2070
20261,r2i1p1f1,2070,06,22,0.0,23.240753,6.2400565,2070
20262,r2i1p1f1,2070,06,23,0.0,30.38239,12.2623825,2070
20263,r2i1p1f1,2070,06,24,0.0,31.111513,12.966006,2070
20264,r2i1p1f1,2070,06,25,0.0,28.555294,12.145281,2070
20265,r2i1p1f1,2070,06,26,0.0,26.97836,9.819333,2070
20266,r2i1p1f1,2070,06,27,0.0,26.490692,8.361357,2070
20267,r2i1p1f1,2070,06,28,0.0,28.803257,12.701448,2070
20268,r2i1p1f1,2070,06,29,0.0,31.08704,12.040665,2070
20269,r2i1p1f1,2070,06,30,0.0,27.847807,10.718206,2070
20270,r2i1p1f1,2070,07,01,0.0,27.490133,10.616519,2070
20271,r2i1p1f1,2070,07,02,0.0,29.676777,11.4327755,2070
20272,r2i1p1f1,2070,07,03,0.0,30.764042,13.61417,2070
20273,r2i1p1f1,2070,07,04,0.0,30.16789,13.090174,2070
20274,r2i1p1f1,2070,07,05,0.0,29.32708,11.243,2070
20275,r2i1p1f1,2070,07,06,0.0,29.775309,12.808091,2070
20276,r2i1p1f1,2070,07,07,0.0,29.960947,14.040408,2070
20277,r2i1p1f1,2070,07,08,0.0,30.076279,13.906074,2070
20278,r2i1p1f1,2070,07,09,0.0,28.896986,11.81065,2070
20279,r2i1p1f1,2070,07,10,0.0,28.451763,11.132282,2070
20280,r2i1p1f1,2070,07,11,0.0,28.763077,12.949406,2070
20281,r2i1p1f1,2070,07,12,0.0,28.306597,11.033495,2070
20282,r2i1p1f1,2070,07,13,0.0,28.879244,13.081431,2070
20283,r2i1p1f1,2070,07,14,0.0,31.980062,16.077398,2070
20284,r2i1p1f1,2070,07,15,0.0,32.16842,14.341518,2070
20285,r2i1p1f1,2070,07,16,0.0,31.15918,13.83441,2070
20286,r2i1p1f1,2070,07,17,0.0,30.861666,14.927876,2070
20287,r2i1p1f1,2070,07,18,0.0,32.08237,15.938724,2070
20288,r2i1p1f1,2070,07,19,0.0,34.070957,17.378601,2070
20289,r2i1p1f1,2070,07,20,0.0,35.271896,18.503775,2070
20290,r2i1p1f1,2070,07,21,0.010259555263194041,34.386185,16.804108,2070
20291,r2i1p1f1,2070,07,22,0.1096619114412953,32.904575,16.862404,2070
20292,r2i1p1f1,2070,07,23,7.269698871291789,31.581041,15.893313,2070
20293,r2i1p1f1,2070,07,24,0.11984144345590791,30.051075,15.084441,2070
20294,r2i1p1f1,2070,07,25,0.09668335103644775,29.58752,13.567896,2070
20295,r2i1p1f1,2070,07,26,0.0,30.695625,14.37263,2070
20296,r2i1p1f1,2070,07,27,0.0,32.283672,15.242081,2070
20297,r2i1p1f1,2070,07,28,0.0,33.053894,16.504734,2070
20298,r2i1p1f1,2070,07,29,0.0,33.531868,16.624393,2070
20299,r2i1p1f1,2070,07,30,0.0,32.54548,15.710837,2070
20300,r2i1p1f1,2070,07,31,0.0,30.373365,13.657302,2070
20301,r2i1p1f1,2070,08,01,0.0,29.183365,13.187119,2070
20302,r2i1p1f1,2070,08,02,0.0,28.525318,11.921819,2070
20303,r2i1p1f1,2070,08,03,0.042540600378952846,27.196436,10.55333,2070
20304,r2i1p1f1,2070,08,04,0.0,26.280092,9.568763,2070
20305,r2i1p1f1,2070,08,05,0.0,29.323555,11.381938,2070
20306,r2i1p1f1,2070,08,06,0.0,32.333916,14.621563,2070
20307,r2i1p1f1,2070,08,07,0.0,31.955116,15.540022,2070
20308,r2i1p1f1,2070,08,08,0.0,33.480484,17.188063,2070
20309,r2i1p1f1,2070,08,09,0.0,36.414036,17.038038,2070
20310,r2i1p1f1,2070,08,10,0.0,34.68756,17.947836,2070
20311,r2i1p1f1,2070,08,11,0.0,36.049274,19.576664,2070
20312,r2i1p1f1,2070,08,12,0.0,35.966072,19.948032,2070
20313,r2i1p1f1,2070,08,13,0.0,35.545994,19.988325,2070
20314,r2i1p1f1,2070,08,14,0.0,35.022278,18.492647,2070
20315,r2i1p1f1,2070,08,15,0.0,33.691204,17.455954,2070
20316,r2i1p1f1,2070,08,16,0.0,33.7288,17.10925,2070
20317,r2i1p1f1,2070,08,17,0.0,33.413532,17.164148,2070
20318,r2i1p1f1,2070,08,18,0.0,32.35085,15.566813,2070
20319,r2i1p1f1,2070,08,19,0.0,29.676004,12.335662,2070
20320,r2i1p1f1,2070,08,20,0.0,28.265385,11.687601,2070
20321,r2i1p1f1,2070,08,21,0.0,26.844,10.603257,2070
20322,r2i1p1f1,2070,08,22,0.0,28.321684,12.1015,2070
20323,r2i1p1f1,2070,08,23,0.0,31.225765,14.105406,2070
20324,r2i1p1f1,2070,08,24,0.0,32.941116,16.369974,2070
20325,r2i1p1f1,2070,08,25,0.0,32.60463,15.927883,2070
20326,r2i1p1f1,2070,08,26,0.0,31.55983,15.569832,2070
20327,r2i1p1f1,2070,08,27,0.0,31.860687,15.149765,2070
20328,r2i1p1f1,2070,08,28,0.0,30.348022,13.555722,2070
20329,r2i1p1f1,2070,08,29,0.0,28.860546,13.330651,2070
20330,r2i1p1f1,2070,08,30,0.0,28.797657,13.6680975,2070
20331,r2i1p1f1,2070,08,31,0.0,30.455091,12.471456,2070
20332,r2i1p1f1,2070,09,01,0.0,30.189362,13.239414,2070
20333,r2i1p1f1,2070,09,02,0.0,30.237755,14.251487,2070
20334,r2i1p1f1,2070,09,03,0.0,32.426895,15.75114,2070
20335,r2i1p1f1,2070,09,04,0.0,33.920002,16.598524,2070
20336,r2i1p1f1,2070,09,05,0.0,33.826965,15.651342,2070
20337,r2i1p1f1,2070,09,06,0.0,32.549736,14.396874,2070
20338,r2i1p1f1,2070,09,07,0.0,31.798937,14.813845,2070
20339,r2i1p1f1,2070,09,08,0.0,32.020477,14.631035,2070
20340,r2i1p1f1,2070,09,09,0.0,29.304422,12.40904,2070
20341,r2i1p1f1,2070,09,10,0.0,27.573286,10.901315,2070
20342,r2i1p1f1,2070,09,11,0.0,29.156654,11.1804905,2070
20343,r2i1p1f1,2070,09,12,0.0,29.597311,12.675432,2070
20344,r2i1p1f1,2070,09,13,0.0,29.244135,13.439384,2070
20345,r2i1p1f1,2070,09,14,0.0,28.82788,12.861857,2070
20346,r2i1p1f1,2070,09,15,0.0,28.047245,13.655871,2070
20347,r2i1p1f1,2070,09,16,0.0,30.649307,13.305098,2070
20348,r2i1p1f1,2070,09,17,0.0,34.32018,14.663433,2070
20349,r2i1p1f1,2070,09,18,0.0,36.141243,17.873304,2070
20350,r2i1p1f1,2070,09,19,0.0,35.021072,17.848934,2070
20351,r2i1p1f1,2070,09,20,0.0,32.466377,15.467664,2070
20352,r2i1p1f1,2070,09,21,0.0,32.474834,14.548252,2070
20353,r2i1p1f1,2070,09,22,0.0,31.880665,14.022468,2070
20354,r2i1p1f1,2070,09,23,0.0,32.382366,14.515049,2070
20355,r2i1p1f1,2070,09,24,0.0,31.629492,14.55945,2070
20356,r2i1p1f1,2070,09,25,0.0,30.924286,13.398887,2070
20357,r2i1p1f1,2070,09,26,0.0,30.418758,12.447245,2070
20358,r2i1p1f1,2070,09,27,0.0,28.531788,11.059451,2070
20359,r2i1p1f1,2070,09,28,0.42645347968853176,25.522217,9.571658,2070
20360,r2i1p1f1,2070,09,29,0.5345402105796473,23.123938,8.346995,2070
20361,r2i1p1f1,2070,09,30,1.3709497015777463,23.66104,8.333943,2070
20362,r2i1p1f1,2070,10,01,0.009626375706899965,28.242575,10.856847,2070
20363,r2i1p1f1,2070,10,02,11.13246647683599,28.449371,11.589094,2070
20364,r2i1p1f1,2070,10,03,5.45628677408296,23.56499,7.618793,2070
20365,r2i1p1f1,2070,10,04,4.471200904915279,21.630594,5.852407,2070
20366,r2i1p1f1,2070,10,05,2.0003905374463873,23.13794,7.6968637,2070
20367,r2i1p1f1,2070,10,06,3.367946523450463,23.913038,6.879314,2070
20368,r2i1p1f1,2070,10,07,6.673840871231873,19.261131,5.955529,2070
20369,r2i1p1f1,2070,10,08,0.2311439175977844,19.785976,6.5436196,2070
20370,r2i1p1f1,2070,10,09,0.0,23.565666,7.690223,2070
20371,r2i1p1f1,2070,10,10,0.0,26.28042,10.730779,2070
20372,r2i1p1f1,2070,10,11,0.0,28.001768,11.684423,2070
20373,r2i1p1f1,2070,10,12,0.0,29.194498,11.955518,2070
20374,r2i1p1f1,2070,10,13,0.0,30.44621,14.447181,2070
20375,r2i1p1f1,2070,10,14,0.0,29.765482,13.544038,2070
20376,r2i1p1f1,2070,10,15,0.0,29.728243,13.25108,2070
20377,r2i1p1f1,2070,10,16,0.0,28.003286,12.182681,2070
20378,r2i1p1f1,2070,10,17,0.0,24.254202,9.066242,2070
20379,r2i1p1f1,2070,10,18,0.0,22.940336,7.5330186,2070
20380,r2i1p1f1,2070,10,19,0.0,22.468527,6.294236,2070
20381,r2i1p1f1,2070,10,20,0.0,22.545357,6.526151,2070
20382,r2i1p1f1,2070,10,21,7.115107148722298,18.80446,6.018144,2070
20383,r2i1p1f1,2070,10,22,0.0,18.11421,2.3811498,2070
20384,r2i1p1f1,2070,10,23,0.0,18.969013,3.753684,2070
20385,r2i1p1f1,2070,10,24,0.0,18.200325,4.7708707,2070
20386,r2i1p1f1,2070,10,25,2.8487715275192524,15.118443,3.5715644,2070
20387,r2i1p1f1,2070,10,26,0.0,17.643448,3.67616,2070
20388,r2i1p1f1,2070,10,27,0.0,21.205402,4.611012,2070
20389,r2i1p1f1,2070,10,28,0.0,21.409262,5.137371,2070
20390,r2i1p1f1,2070,10,29,0.0,22.104282,5.531475,2070
20391,r2i1p1f1,2070,10,30,0.0,24.10175,8.682783,2070
20392,r2i1p1f1,2070,10,31,0.0,23.717447,9.534322,2070
20393,r2i1p1f1,2070,11,01,0.0,23.561407,9.670994,2070
20394,r2i1p1f1,2070,11,02,0.0,23.868149,8.164451,2070
20395,r2i1p1f1,2070,11,03,0.0,21.337984,5.313904,2070
20396,r2i1p1f1,2070,11,04,0.0,22.498932,6.7111583,2070
20397,r2i1p1f1,2070,11,05,0.0,22.192867,7.3051615,2070
20398,r2i1p1f1,2070,11,06,0.0,23.197262,7.2070456,2070
20399,r2i1p1f1,2070,11,07,0.0,17.195309,4.0165615,2070
20400,r2i1p1f1,2070,11,08,0.0,16.621471,2.158416,2070
20401,r2i1p1f1,2070,11,09,0.0,17.43523,1.4896227,2070
20402,r2i1p1f1,2070,11,10,0.0,17.952396,-0.39771056,2070
20403,r2i1p1f1,2070,11,11,0.0,16.970995,1.7764333,2070
20404,r2i1p1f1,2070,11,12,0.06235612011970751,12.502519,0.90504277,2070
20405,r2i1p1f1,2070,11,13,0.0963230944202783,12.535645,-1.7944269,2070
20406,r2i1p1f1,2070,11,14,0.0,15.36083,-0.686909,2070
20407,r2i1p1f1,2070,11,15,0.0,17.04487,-0.33372125,2070
20408,r2i1p1f1,2070,11,16,0.0,18.637598,1.9664682,2070
20409,r2i1p1f1,2070,11,17,0.0,20.004692,2.688232,2070
20410,r2i1p1f1,2070,11,18,0.0,21.307476,5.1965394,2070
20411,r2i1p1f1,2070,11,19,0.0,22.211006,3.897621,2070
20412,r2i1p1f1,2070,11,20,0.0,23.250772,5.454978,2070
20413,r2i1p1f1,2070,11,21,0.0,23.886793,7.479683,2070
20414,r2i1p1f1,2070,11,22,0.0,23.94074,6.4874277,2070
20415,r2i1p1f1,2070,11,23,0.0,23.292692,6.161522,2070
20416,r2i1p1f1,2070,11,24,0.0,22.896235,5.808246,2070
20417,r2i1p1f1,2070,11,25,0.0,22.562775,4.953926,2070
20418,r2i1p1f1,2070,11,26,0.0,21.216372,7.1464562,2070
20419,r2i1p1f1,2070,11,27,0.0,21.55045,5.341,2070
20420,r2i1p1f1,2070,11,28,0.0,19.37832,1.4137216,2070
20421,r2i1p1f1,2070,11,29,18.33741712549594,16.680326,1.4113462,2070
20422,r2i1p1f1,2070,11,30,0.009784349458641373,5.8204784,-5.2477865,2070
20423,r2i1p1f1,2070,12,01,0.0,1.8369688,-5.94598,2070
20424,r2i1p1f1,2070,12,02,0.0,1.6935455,-8.725474,2070
20425,r2i1p1f1,2070,12,03,50.56579000710581,1.0768144,-6.0690293,2070
20426,r2i1p1f1,2070,12,04,11.819194091031722,2.8607364,-1.2229725,2070
20427,r2i1p1f1,2070,12,05,0.0,9.413869,-5.3771935,2070
20428,r2i1p1f1,2070,12,06,0.0,7.037831,-3.8819482,2070
20429,r2i1p1f1,2070,12,07,3.1864030362927362,3.3534863,-0.9652864,2070
20430,r2i1p1f1,2070,12,08,0.08288612641186213,7.761478,2.491531,2070
20431,r2i1p1f1,2070,12,09,0.0,11.172444,2.7817376,2070
20432,r2i1p1f1,2070,12,10,0.0,18.64483,4.7974963,2070
20433,r2i1p1f1,2070,12,11,0.0,19.240164,5.897987,2070
20434,r2i1p1f1,2070,12,12,0.0,17.84756,5.5612655,2070
20435,r2i1p1f1,2070,12,13,0.0,19.722734,5.4164786,2070
20436,r2i1p1f1,2070,12,14,0.0,18.408407,6.629559,2070
20437,r2i1p1f1,2070,12,15,0.022676864766533703,17.119476,7.219268,2070
20438,r2i1p1f1,2070,12,16,0.0,13.347896,5.173687,2070
20439,r2i1p1f1,2070,12,17,0.0,8.022724,-1.5971892,2070
20440,r2i1p1f1,2070,12,18,0.0,9.703678,-2.599113,2070
20441,r2i1p1f1,2070,12,19,0.0,11.080037,-2.7320225,2070
20442,r2i1p1f1,2070,12,20,0.0,7.2770667,-3.4684863,2070
20443,r2i1p1f1,2070,12,21,0.0,9.072479,-3.3422554,2070
20444,r2i1p1f1,2070,12,22,22.494931554627748,3.1847584,-2.5468438,2070
20445,r2i1p1f1,2070,12,23,0.0,2.9715953,-2.0199225,2070
20446,r2i1p1f1,2070,12,24,0.0,3.9424891,-0.051653836,2070
20447,r2i1p1f1,2070,12,25,0.08112057290908034,4.6425586,-0.13626763,2070
20448,r2i1p1f1,2070,12,26,0.0,7.309159,-4.929196,2070
20449,r2i1p1f1,2070,12,27,0.0,8.608676,-3.8969526,2070
20450,r2i1p1f1,2070,12,28,0.0,10.448608,-2.9153783,2070
20451,r2i1p1f1,2070,12,29,0.0,7.11743,-4.2145114,2070
20452,r2i1p1f1,2070,12,30,0.0,6.6968775,-4.3740983,2070
20453,r2i1p1f1,2070,12,31,0.000908735441603662,4.680188,-0.22992599,2070
20454,r2i1p1f1,2071,01,01,0.0,6.2625976,-2.6298845,2071
20455,r2i1p1f1,2071,01,02,0.0,5.473048,-4.279323,2071
20456,r2i1p1f1,2071,01,03,0.0,11.766802,0.29098138,2071
20457,r2i1p1f1,2071,01,04,0.0,15.661767,2.5012736,2071
20458,r2i1p1f1,2071,01,05,0.0,15.72759,2.4647338,2071
20459,r2i1p1f1,2071,01,06,0.8934198709049759,11.089519,-2.0042145,2071
20460,r2i1p1f1,2071,01,07,27.601612426392073,5.513954,-2.8749194,2071
20461,r2i1p1f1,2071,01,08,4.905276375631309,2.4323277,-4.081734,2071
20462,r2i1p1f1,2071,01,09,0.0,0.7422504,-5.111567,2071
20463,r2i1p1f1,2071,01,10,0.0,2.673741,-9.294899,2071
20464,r2i1p1f1,2071,01,11,24.87717129160256,3.4096918,-6.620541,2071
20465,r2i1p1f1,2071,01,12,1.3619861948497531,4.8152204,0.3520195,2071
20466,r2i1p1f1,2071,01,13,10.329308582647801,5.8493824,0.96966994,2071
20467,r2i1p1f1,2071,01,14,3.2805829913146365,7.4657483,2.1143405,2071
20468,r2i1p1f1,2071,01,15,0.19880420983239533,7.290958,2.791704,2071
20469,r2i1p1f1,2071,01,16,0.003207009341657305,7.6572304,-3.789486,2071
20470,r2i1p1f1,2071,01,17,1.570681061884198,7.662507,-2.161555,2071
20471,r2i1p1f1,2071,01,18,2.0225583375996883,4.3198385,-7.834378,2071
20472,r2i1p1f1,2071,01,19,8.008179732356579,2.402802,-5.5770836,2071
20473,r2i1p1f1,2071,01,20,0.0,5.4473996,-4.8702745,2071
20474,r2i1p1f1,2071,01,21,28.710816959098267,3.745929,-5.009587,2071
20475,r2i1p1f1,2071,01,22,46.998680480576766,5.4525185,0.89654803,2071
20476,r2i1p1f1,2071,01,23,13.479577541259529,2.3609066,-1.8143729,2071
20477,r2i1p1f1,2071,01,24,5.914538961475885,2.7716985,-5.2510886,2071
20478,r2i1p1f1,2071,01,25,0.0,1.2178153,-6.7277884,2071
20479,r2i1p1f1,2071,01,26,1.3190646438663232,0.16643143,-5.0241165,2071
20480,r2i1p1f1,2071,01,27,20.475142274069814,1.8905599,-7.756785,2071
20481,r2i1p1f1,2071,01,28,68.0339324207475,5.2405605,-3.143737,2071
20482,r2i1p1f1,2071,01,29,26.11597300050422,7.6939206,-0.63596606,2071
20483,r2i1p1f1,2071,01,30,6.5666036047332454,6.0662065,0.61529225,2071
20484,r2i1p1f1,2071,01,31,0.0,8.905518,0.8524414,2071
20485,r2i1p1f1,2071,02,01,0.0,16.966295,3.1963854,2071
20486,r2i1p1f1,2071,02,02,0.0,16.71279,3.2010877,2071
20487,r2i1p1f1,2071,02,03,0.0,19.318935,4.6387324,2071
20488,r2i1p1f1,2071,02,04,0.0,19.01758,4.8121448,2071
20489,r2i1p1f1,2071,02,05,0.0,19.578016,5.7511697,2071
20490,r2i1p1f1,2071,02,06,0.0,17.937687,4.6634717,2071
20491,r2i1p1f1,2071,02,07,0.0,18.371264,5.4699526,2071
20492,r2i1p1f1,2071,02,08,0.0,17.859224,5.144322,2071
20493,r2i1p1f1,2071,02,09,0.326588140160311,16.273348,5.43113,2071
20494,r2i1p1f1,2071,02,10,0.7066902500950024,15.949148,1.8509567,2071
20495,r2i1p1f1,2071,02,11,0.0,19.15334,3.1724494,2071
20496,r2i1p1f1,2071,02,12,0.0,16.043316,-0.9661284,2071
20497,r2i1p1f1,2071,02,13,0.0,16.651777,0.57727236,2071
20498,r2i1p1f1,2071,02,14,0.0,17.790829,2.794348,2071
20499,r2i1p1f1,2071,02,15,0.0,16.47729,2.818183,2071
20500,r2i1p1f1,2071,02,16,0.0,17.337576,2.7640364,2071
20501,r2i1p1f1,2071,02,17,0.0,17.830395,3.3176446,2071
20502,r2i1p1f1,2071,02,18,0.0,19.598745,4.309505,2071
20503,r2i1p1f1,2071,02,19,0.0,19.47245,4.3670607,2071
20504,r2i1p1f1,2071,02,20,0.0,20.46954,5.168824,2071
20505,r2i1p1f1,2071,02,21,0.0,20.549868,5.156137,2071
20506,r2i1p1f1,2071,02,22,0.0,19.06256,3.760686,2071
20507,r2i1p1f1,2071,02,23,0.0,17.776484,3.7982354,2071
20508,r2i1p1f1,2071,02,24,0.0,18.107882,5.2511997,2071
20509,r2i1p1f1,2071,02,25,0.0,18.772486,4.2749496,2071
20510,r2i1p1f1,2071,02,26,0.0,19.244097,2.845121,2071
20511,r2i1p1f1,2071,02,27,4.120109774689459,15.896713,0.50548023,2071
20512,r2i1p1f1,2071,02,28,0.0,7.5114603,-3.4864845,2071
20513,r2i1p1f1,2071,03,01,0.0,8.979646,-6.6728125,2071
20514,r2i1p1f1,2071,03,02,14.829360274821878,3.3103404,-4.0620046,2071
20515,r2i1p1f1,2071,03,03,0.0,4.698343,-0.6638474,2071
20516,r2i1p1f1,2071,03,04,11.122861439029153,1.7749262,-4.102329,2071
20517,r2i1p1f1,2071,03,05,12.979328022965301,0.668698,-6.547533,2071
20518,r2i1p1f1,2071,03,06,45.228831950449745,1.5881895,-2.8597443,2071
20519,r2i1p1f1,2071,03,07,32.29263694733023,4.2494693,-1.903845,2071
20520,r2i1p1f1,2071,03,08,33.92806869233027,9.75316,-4.1447487,2071
20521,r2i1p1f1,2071,03,09,52.68097657871504,10.443577,-5.445276,2071
20522,r2i1p1f1,2071,03,10,33.0519376814034,8.270354,-6.4234653,2071
20523,r2i1p1f1,2071,03,11,32.79628658917947,1.4848652,-5.0038657,2071
20524,r2i1p1f1,2071,03,12,36.76441319358464,2.6944911,-3.1014895,2071
20525,r2i1p1f1,2071,03,13,4.656008793902472,2.8098156,-2.7128592,2071
20526,r2i1p1f1,2071,03,14,0.0,11.355153,-1.9603187,2071
20527,r2i1p1f1,2071,03,15,0.0,8.178517,-0.28901994,2071
20528,r2i1p1f1,2071,03,16,31.384657002322804,3.565828,-1.5496428,2071
20529,r2i1p1f1,2071,03,17,2.017438608523802,5.68063,-7.6293116,2071
20530,r2i1p1f1,2071,03,18,6.729629394095145,2.5414107,-6.5380197,2071
20531,r2i1p1f1,2071,03,19,14.099751974348552,1.805765,-4.879575,2071
20532,r2i1p1f1,2071,03,20,9.930476298457226,3.2344654,-1.6984591,2071
20533,r2i1p1f1,2071,03,21,32.92261963316168,4.9440775,-0.23860188,2071
20534,r2i1p1f1,2071,03,22,5.874368934830552,7.4636183,1.1894277,2071
20535,r2i1p1f1,2071,03,23,0.0,22.177887,3.8017375,2071
20536,r2i1p1f1,2071,03,24,0.0,26.014135,7.5678296,2071
20537,r2i1p1f1,2071,03,25,0.0,25.801718,9.411426,2071
20538,r2i1p1f1,2071,03,26,0.0,24.157585,7.5575795,2071
20539,r2i1p1f1,2071,03,27,8.084097237644109,14.646378,1.0251651,2071
20540,r2i1p1f1,2071,03,28,0.4774270948088927,15.079958,7.233029,2071
20541,r2i1p1f1,2071,03,29,39.44955488326601,10.384959,4.563755,2071
20542,r2i1p1f1,2071,03,30,4.719516643525332,8.364604,-1.3181081,2071
20543,r2i1p1f1,2071,03,31,2.308533937125153,9.67657,0.23722263,2071
20544,r2i1p1f1,2071,04,01,0.14821172287786163,17.002802,0.82723606,2071
20545,r2i1p1f1,2071,04,02,0.0,17.229254,1.6975418,2071
20546,r2i1p1f1,2071,04,03,0.0,17.641903,2.3907268,2071
20547,r2i1p1f1,2071,04,04,13.898723845816745,7.5100174,1.415069,2071
20548,r2i1p1f1,2071,04,05,8.309780630588648,9.859778,-2.7026546,2071
20549,r2i1p1f1,2071,04,06,3.683546257917232,8.995298,-2.794131,2071
20550,r2i1p1f1,2071,04,07,0.0,9.890407,-0.9253,2071
20551,r2i1p1f1,2071,04,08,0.0,13.070473,-0.2150153,2071
20552,r2i1p1f1,2071,04,09,0.0,15.500674,3.7730181,2071
20553,r2i1p1f1,2071,04,10,0.0,17.972944,4.673558,2071
20554,r2i1p1f1,2071,04,11,0.0,22.19853,6.187036,2071
20555,r2i1p1f1,2071,04,12,0.0,24.461971,8.832722,2071
20556,r2i1p1f1,2071,04,13,1.3659508464465593,24.14315,8.92567,2071
20557,r2i1p1f1,2071,04,14,0.0,19.585297,4.9434824,2071
20558,r2i1p1f1,2071,04,15,0.0,15.172248,1.5272727,2071
20559,r2i1p1f1,2071,04,16,1.3106561071848633,13.553982,-1.8199329,2071
20560,r2i1p1f1,2071,04,17,0.0,17.61401,2.1888344,2071
20561,r2i1p1f1,2071,04,18,0.0,18.774488,3.4803455,2071
20562,r2i1p1f1,2071,04,19,3.270894492872965,12.156621,-0.584814,2071
20563,r2i1p1f1,2071,04,20,7.090258960124629,6.0885067,-1.6005665,2071
20564,r2i1p1f1,2071,04,21,7.783658219789056,6.521004,-2.7546806,2071
20565,r2i1p1f1,2071,04,22,25.568639860340717,4.7990675,-1.9631307,2071
20566,r2i1p1f1,2071,04,23,3.261695216343259,5.2921977,-3.408318,2071
20567,r2i1p1f1,2071,04,24,0.0,10.291052,-2.7784243,2071
20568,r2i1p1f1,2071,04,25,0.0,14.42594,-1.5021986,2071
20569,r2i1p1f1,2071,04,26,0.0,19.344183,2.749969,2071
20570,r2i1p1f1,2071,04,27,0.0,22.970873,6.020722,2071
20571,r2i1p1f1,2071,04,28,0.0,23.637918,7.511844,2071
20572,r2i1p1f1,2071,04,29,0.0,24.839598,8.740297,2071
20573,r2i1p1f1,2071,04,30,0.0,25.080446,8.777181,2071
20574,r2i1p1f1,2071,05,01,0.0,21.911198,5.464775,2071
20575,r2i1p1f1,2071,05,02,9.286605989361236,17.285488,4.924351,2071
20576,r2i1p1f1,2071,05,03,3.221151020362903,17.238611,2.5007803,2071
20577,r2i1p1f1,2071,05,04,0.32281385633723403,24.986507,7.9126673,2071
20578,r2i1p1f1,2071,05,05,0.0,27.168013,10.519702,2071
20579,r2i1p1f1,2071,05,06,0.0,29.312128,12.1846895,2071
20580,r2i1p1f1,2071,05,07,0.0,30.451359,12.155019,2071
20581,r2i1p1f1,2071,05,08,0.0,32.182972,14.413032,2071
20582,r2i1p1f1,2071,05,09,0.0,31.479805,14.785415,2071
20583,r2i1p1f1,2071,05,10,0.0,28.234243,12.271343,2071
20584,r2i1p1f1,2071,05,11,0.0,25.192797,9.565125,2071
20585,r2i1p1f1,2071,05,12,0.0,20.29367,3.8087792,2071
20586,r2i1p1f1,2071,05,13,0.0,21.18794,4.3708825,2071
20587,r2i1p1f1,2071,05,14,0.0,23.228682,8.822981,2071
20588,r2i1p1f1,2071,05,15,0.08634085323032756,27.36251,9.56072,2071
20589,r2i1p1f1,2071,05,16,0.0,31.032597,12.119974,2071
20590,r2i1p1f1,2071,05,17,0.0,31.77584,13.958404,2071
20591,r2i1p1f1,2071,05,18,0.0,33.022118,14.738425,2071
20592,r2i1p1f1,2071,05,19,0.0,33.555058,15.21706,2071
20593,r2i1p1f1,2071,05,20,0.0,31.816305,14.630791,2071
20594,r2i1p1f1,2071,05,21,0.0,30.87483,13.235395,2071
20595,r2i1p1f1,2071,05,22,0.0,28.806025,12.863994,2071
20596,r2i1p1f1,2071,05,23,0.0,29.016998,12.490336,2071
20597,r2i1p1f1,2071,05,24,0.0,27.659853,10.578331,2071
20598,r2i1p1f1,2071,05,25,0.09481874882252529,22.642656,7.390129,2071
20599,r2i1p1f1,2071,05,26,7.16483277241283,19.22695,5.6182046,2071
20600,r2i1p1f1,2071,05,27,0.0,22.525501,10.890059,2071
20601,r2i1p1f1,2071,05,28,0.0,28.465946,12.024644,2071
20602,r2i1p1f1,2071,05,29,0.0,32.93069,15.331994,2071
20603,r2i1p1f1,2071,05,30,0.0,33.27129,16.467705,2071
20604,r2i1p1f1,2071,05,31,0.0,33.413605,16.609028,2071
20605,r2i1p1f1,2071,06,01,0.0,35.214035,17.368315,2071
20606,r2i1p1f1,2071,06,02,0.0,33.761547,15.027065,2071
20607,r2i1p1f1,2071,06,03,0.0,33.8441,15.223439,2071
20608,r2i1p1f1,2071,06,04,0.0,35.255676,16.523329,2071
20609,r2i1p1f1,2071,06,05,0.0,35.571636,16.599863,2071
20610,r2i1p1f1,2071,06,06,0.0,34.511295,17.253712,2071
20611,r2i1p1f1,2071,06,07,0.0,32.119083,14.076782,2071
20612,r2i1p1f1,2071,06,08,0.0,29.702309,11.840397,2071
20613,r2i1p1f1,2071,06,09,0.0,25.456884,7.24271,2071
20614,r2i1p1f1,2071,06,10,0.0,25.222765,6.6436887,2071
20615,r2i1p1f1,2071,06,11,0.0,29.079418,12.250488,2071
20616,r2i1p1f1,2071,06,12,0.0,32.714417,16.370966,2071
20617,r2i1p1f1,2071,06,13,0.0,34.639362,17.828802,2071
20618,r2i1p1f1,2071,06,14,0.0,34.305927,16.04402,2071
20619,r2i1p1f1,2071,06,15,0.0,34.130672,15.610105,2071
20620,r2i1p1f1,2071,06,16,0.0,32.839153,16.383064,2071
20621,r2i1p1f1,2071,06,17,0.0,33.01997,15.071528,2071
20622,r2i1p1f1,2071,06,18,0.0,34.509026,15.131118,2071
20623,r2i1p1f1,2071,06,19,0.0,35.523827,16.302813,2071
20624,r2i1p1f1,2071,06,20,0.0,35.19485,15.943181,2071
20625,r2i1p1f1,2071,06,21,0.0,35.367764,15.666358,2071
20626,r2i1p1f1,2071,06,22,0.0,32.402775,15.895738,2071
20627,r2i1p1f1,2071,06,23,0.0,34.715534,16.70544,2071
20628,r2i1p1f1,2071,06,24,0.16532478887081828,33.951073,17.92196,2071
20629,r2i1p1f1,2071,06,25,0.0,31.921827,15.856846,2071
20630,r2i1p1f1,2071,06,26,0.0,31.908209,15.270937,2071
20631,r2i1p1f1,2071,06,27,0.0,32.064774,15.511289,2071
20632,r2i1p1f1,2071,06,28,0.0,31.969166,16.751913,2071
20633,r2i1p1f1,2071,06,29,0.0,32.901005,17.360826,2071
20634,r2i1p1f1,2071,06,30,0.0,35.46039,16.750406,2071
20635,r2i1p1f1,2071,07,01,0.0,33.514023,17.33394,2071
20636,r2i1p1f1,2071,07,02,0.0,33.601864,17.512367,2071
20637,r2i1p1f1,2071,07,03,0.6294555891704826,33.385845,17.666168,2071
20638,r2i1p1f1,2071,07,04,9.693638593923355,31.987692,17.837603,2071
20639,r2i1p1f1,2071,07,05,0.5720385395901618,31.029854,18.609861,2071
20640,r2i1p1f1,2071,07,06,0.0,32.973743,15.210196,2071
20641,r2i1p1f1,2071,07,07,0.0,33.02731,18.681034,2071
20642,r2i1p1f1,2071,07,08,0.0,33.646427,18.368671,2071
20643,r2i1p1f1,2071,07,09,0.0,33.410908,15.773721,2071
20644,r2i1p1f1,2071,07,10,0.07456354483460578,33.89036,15.878667,2071
20645,r2i1p1f1,2071,07,11,0.0,32.64826,16.823076,2071
20646,r2i1p1f1,2071,07,12,0.0,32.173016,16.933659,2071
20647,r2i1p1f1,2071,07,13,0.0,31.179394,15.955407,2071
20648,r2i1p1f1,2071,07,14,0.0,30.442627,14.849516,2071
20649,r2i1p1f1,2071,07,15,0.0,31.682573,15.861463,2071
20650,r2i1p1f1,2071,07,16,0.0,32.847805,16.041922,2071
20651,r2i1p1f1,2071,07,17,0.0,32.248264,16.758793,2071
20652,r2i1p1f1,2071,07,18,0.0,31.267193,16.38414,2071
20653,r2i1p1f1,2071,07,19,0.0,31.366392,14.68124,2071
20654,r2i1p1f1,2071,07,20,0.0,30.800064,14.724697,2071
20655,r2i1p1f1,2071,07,21,0.0,31.775059,13.771417,2071
20656,r2i1p1f1,2071,07,22,0.0,32.30136,16.29722,2071
20657,r2i1p1f1,2071,07,23,0.0,32.339916,16.507853,2071
20658,r2i1p1f1,2071,07,24,0.0,32.825287,15.937694,2071
20659,r2i1p1f1,2071,07,25,0.0,33.05575,15.794871,2071
20660,r2i1p1f1,2071,07,26,0.0,32.17688,14.613623,2071
20661,r2i1p1f1,2071,07,27,0.0,31.916046,14.632424,2071
20662,r2i1p1f1,2071,07,28,0.0,32.408955,15.017363,2071
20663,r2i1p1f1,2071,07,29,0.0,33.257782,15.518404,2071
20664,r2i1p1f1,2071,07,30,0.0,33.720848,16.766104,2071
20665,r2i1p1f1,2071,07,31,0.0,33.409676,16.424774,2071
20666,r2i1p1f1,2071,08,01,0.0,33.277424,15.942984,2071
20667,r2i1p1f1,2071,08,02,0.0,35.257446,17.890516,2071
20668,r2i1p1f1,2071,08,03,0.0,36.72741,19.864157,2071
20669,r2i1p1f1,2071,08,04,0.0,37.252613,20.46666,2071
20670,r2i1p1f1,2071,08,05,0.0,37.53092,20.457848,2071
20671,r2i1p1f1,2071,08,06,0.0,36.253937,18.69221,2071
20672,r2i1p1f1,2071,08,07,0.0,34.900024,17.814974,2071
20673,r2i1p1f1,2071,08,08,0.0,34.365643,17.447824,2071
20674,r2i1p1f1,2071,08,09,0.0,34.133137,17.672438,2071
20675,r2i1p1f1,2071,08,10,0.5843868023003569,34.907246,18.621273,2071
20676,r2i1p1f1,2071,08,11,0.38433464912766513,35.328655,18.995913,2071
20677,r2i1p1f1,2071,08,12,0.0,35.117916,20.290174,2071
20678,r2i1p1f1,2071,08,13,0.04303012694715737,36.173542,20.01964,2071
20679,r2i1p1f1,2071,08,14,0.0,36.24891,20.88804,2071
20680,r2i1p1f1,2071,08,15,0.0,35.00243,19.18978,2071
20681,r2i1p1f1,2071,08,16,0.0,33.422493,17.491531,2071
20682,r2i1p1f1,2071,08,17,0.0,33.442783,15.987254,2071
20683,r2i1p1f1,2071,08,18,0.0,33.0842,15.571948,2071
20684,r2i1p1f1,2071,08,19,0.0,32.010292,15.600583,2071
20685,r2i1p1f1,2071,08,20,0.0,30.915665,15.2117605,2071
20686,r2i1p1f1,2071,08,21,0.0,32.157463,16.410017,2071
20687,r2i1p1f1,2071,08,22,0.0,33.613316,17.728565,2071
20688,r2i1p1f1,2071,08,23,0.004954915717602349,34.23902,18.835958,2071
20689,r2i1p1f1,2071,08,24,0.0,34.226757,18.074991,2071
20690,r2i1p1f1,2071,08,25,0.0,33.47966,17.021654,2071
20691,r2i1p1f1,2071,08,26,0.0,32.294872,16.038778,2071
20692,r2i1p1f1,2071,08,27,0.0,31.528524,15.503884,2071
20693,r2i1p1f1,2071,08,28,0.0,30.473213,14.493608,2071
20694,r2i1p1f1,2071,08,29,0.0,28.520899,11.136218,2071
20695,r2i1p1f1,2071,08,30,0.0,29.574232,12.545878,2071
20696,r2i1p1f1,2071,08,31,0.0,31.366909,13.848159,2071
20697,r2i1p1f1,2071,09,01,0.0,30.740206,14.718467,2071
20698,r2i1p1f1,2071,09,02,0.0,30.416973,15.468052,2071
20699,r2i1p1f1,2071,09,03,0.0,32.01006,17.62252,2071
20700,r2i1p1f1,2071,09,04,0.0,31.088282,15.3709955,2071
20701,r2i1p1f1,2071,09,05,0.0,30.44339,14.559541,2071
20702,r2i1p1f1,2071,09,06,0.0,30.44843,12.8402605,2071
20703,r2i1p1f1,2071,09,07,0.0,28.246151,11.2722645,2071
20704,r2i1p1f1,2071,09,08,0.0,26.452974,11.35562,2071
20705,r2i1p1f1,2071,09,09,0.0,26.142914,10.356101,2071
20706,r2i1p1f1,2071,09,10,0.0,26.838793,10.055352,2071
20707,r2i1p1f1,2071,09,11,0.0,28.419014,10.365859,2071
20708,r2i1p1f1,2071,09,12,0.0,28.79639,11.534546,2071
20709,r2i1p1f1,2071,09,13,0.0,31.03777,11.833933,2071
20710,r2i1p1f1,2071,09,14,0.0,30.786636,13.056303,2071
20711,r2i1p1f1,2071,09,15,0.0,30.189215,13.392156,2071
20712,r2i1p1f1,2071,09,16,0.0,30.49419,13.532832,2071
20713,r2i1p1f1,2071,09,17,0.0,33.19414,14.6561985,2071
20714,r2i1p1f1,2071,09,18,0.0,33.52908,15.56728,2071
20715,r2i1p1f1,2071,09,19,0.0,32.492245,15.341036,2071
20716,r2i1p1f1,2071,09,20,0.0,30.356874,12.458433,2071
20717,r2i1p1f1,2071,09,21,0.0,29.883404,12.336594,2071
20718,r2i1p1f1,2071,09,22,0.0,29.028708,11.890379,2071
20719,r2i1p1f1,2071,09,23,0.0,30.102304,11.430512,2071
20720,r2i1p1f1,2071,09,24,0.0,31.600561,16.112263,2071
20721,r2i1p1f1,2071,09,25,0.0,30.960995,13.33917,2071
20722,r2i1p1f1,2071,09,26,0.0,31.937124,15.400112,2071
20723,r2i1p1f1,2071,09,27,0.28779200020800577,32.710644,16.381403,2071
20724,r2i1p1f1,2071,09,28,0.0,30.894989,13.18909,2071
20725,r2i1p1f1,2071,09,29,0.0,32.389065,15.199636,2071
20726,r2i1p1f1,2071,09,30,0.0,32.60579,15.679319,2071
20727,r2i1p1f1,2071,10,01,0.0,32.71128,15.594151,2071
20728,r2i1p1f1,2071,10,02,0.0,32.191387,15.314006,2071
20729,r2i1p1f1,2071,10,03,0.0,30.54994,13.452942,2071
20730,r2i1p1f1,2071,10,04,0.0,30.729166,12.460234,2071
20731,r2i1p1f1,2071,10,05,0.0,30.057962,12.404302,2071
20732,r2i1p1f1,2071,10,06,0.0,31.882832,14.621557,2071
20733,r2i1p1f1,2071,10,07,0.0,32.377556,12.886972,2071
20734,r2i1p1f1,2071,10,08,0.0,33.462273,12.5980425,2071
20735,r2i1p1f1,2071,10,09,0.0,25.8013,8.562658,2071
20736,r2i1p1f1,2071,10,10,0.0,22.302677,6.221482,2071
20737,r2i1p1f1,2071,10,11,0.0,24.059258,6.552192,2071
20738,r2i1p1f1,2071,10,12,0.0,27.946302,9.421651,2071
20739,r2i1p1f1,2071,10,13,0.0,29.845028,11.674791,2071
20740,r2i1p1f1,2071,10,14,0.0,29.872232,12.76402,2071
20741,r2i1p1f1,2071,10,15,0.0,27.549932,11.787317,2071
20742,r2i1p1f1,2071,10,16,0.0,27.007627,10.64909,2071
20743,r2i1p1f1,2071,10,17,0.0,26.373173,11.052363,2071
20744,r2i1p1f1,2071,10,18,0.0,26.956577,12.352134,2071
20745,r2i1p1f1,2071,10,19,0.0,28.205395,12.519071,2071
20746,r2i1p1f1,2071,10,20,0.0,27.821991,12.171916,2071
20747,r2i1p1f1,2071,10,21,0.0,27.148663,9.800786,2071
20748,r2i1p1f1,2071,10,22,0.0,26.838335,9.955643,2071
20749,r2i1p1f1,2071,10,23,0.0,27.401758,9.268282,2071
20750,r2i1p1f1,2071,10,24,0.0,27.172367,10.737897,2071
20751,r2i1p1f1,2071,10,25,2.947921447433216,18.992828,8.42633,2071
20752,r2i1p1f1,2071,10,26,0.45278610157485955,16.932535,3.7191179,2071
20753,r2i1p1f1,2071,10,27,5.8547109779633155,17.940563,5.5192075,2071
20754,r2i1p1f1,2071,10,28,11.452559586009906,12.767127,7.9779506,2071
20755,r2i1p1f1,2071,10,29,0.0021259810847158614,16.994713,3.7144368,2071
20756,r2i1p1f1,2071,10,30,0.0,16.277763,4.614707,2071
20757,r2i1p1f1,2071,10,31,0.0,17.78133,4.951937,2071
20758,r2i1p1f1,2071,11,01,0.0,23.06603,8.407234,2071
20759,r2i1p1f1,2071,11,02,0.0,20.761782,7.646975,2071
20760,r2i1p1f1,2071,11,03,0.0,19.213375,6.8842726,2071
20761,r2i1p1f1,2071,11,04,0.0,18.6761,5.886146,2071
20762,r2i1p1f1,2071,11,05,0.0,18.037434,5.38793,2071
20763,r2i1p1f1,2071,11,06,0.0,16.676489,4.9512177,2071
20764,r2i1p1f1,2071,11,07,0.03410708616754094,14.33408,4.9204764,2071
20765,r2i1p1f1,2071,11,08,42.71401155173617,13.814112,7.302235,2071
20766,r2i1p1f1,2071,11,09,11.705611789567719,11.844472,7.149523,2071
20767,r2i1p1f1,2071,11,10,0.20577278214309794,14.295478,4.0222607,2071
20768,r2i1p1f1,2071,11,11,1.7536639020853237,13.760825,6.1747584,2071
20769,r2i1p1f1,2071,11,12,0.0,13.30711,2.4518049,2071
20770,r2i1p1f1,2071,11,13,0.0,14.938242,3.284712,2071
20771,r2i1p1f1,2071,11,14,0.009712031617080076,19.45922,4.7219234,2071
20772,r2i1p1f1,2071,11,15,0.0,20.438877,5.944357,2071
20773,r2i1p1f1,2071,11,16,11.680728436518761,13.234268,2.7343993,2071
20774,r2i1p1f1,2071,11,17,0.0,8.4455185,-2.3820252,2071
20775,r2i1p1f1,2071,11,18,0.0,9.942252,-2.2910135,2071
20776,r2i1p1f1,2071,11,19,31.157381264627194,7.583618,0.6751302,2071
20777,r2i1p1f1,2071,11,20,0.0,4.3214636,-3.6642787,2071
20778,r2i1p1f1,2071,11,21,23.06695677711664,3.3686366,-1.401762,2071
20779,r2i1p1f1,2071,11,22,36.581123755492555,4.2682514,-1.7024817,2071
20780,r2i1p1f1,2071,11,23,45.619533432181925,6.0450764,-3.0215394,2071
20781,r2i1p1f1,2071,11,24,6.62515578381387,3.6092153,-4.3606715,2071
20782,r2i1p1f1,2071,11,25,5.106193305045263,2.54379,-5.326501,2071
20783,r2i1p1f1,2071,11,26,3.5920255275693935,2.8851852,-2.7203608,2071
20784,r2i1p1f1,2071,11,27,22.09010489773041,3.8763356,-4.5881658,2071
20785,r2i1p1f1,2071,11,28,0.0,4.458391,-7.5837793,2071
20786,r2i1p1f1,2071,11,29,63.05721478062109,4.2849765,-4.3951893,2071
20787,r2i1p1f1,2071,11,30,46.031603298615664,2.4839208,-1.5869399,2071
20788,r2i1p1f1,2071,12,01,0.44607234944683466,3.991995,-0.16941844,2071
20789,r2i1p1f1,2071,12,02,0.7977604892892907,11.796483,2.781845,2071
20790,r2i1p1f1,2071,12,03,0.0,13.867873,6.9743776,2071
20791,r2i1p1f1,2071,12,04,0.0,14.687004,4.53066,2071
20792,r2i1p1f1,2071,12,05,0.22867543354480474,11.229197,3.618861,2071
20793,r2i1p1f1,2071,12,06,47.525815933029385,8.454041,4.1312256,2071
20794,r2i1p1f1,2071,12,07,26.216476297122426,8.762014,3.2702787,2071
20795,r2i1p1f1,2071,12,08,34.87443278718274,10.931878,5.5098243,2071
20796,r2i1p1f1,2071,12,09,3.7312255580708062,12.870136,6.9733634,2071
20797,r2i1p1f1,2071,12,10,13.080399926939908,11.924088,6.3639264,2071
20798,r2i1p1f1,2071,12,11,3.407604031851336,14.37888,3.2086596,2071
20799,r2i1p1f1,2071,12,12,8.415176956371466,11.579527,5.983051,2071
20800,r2i1p1f1,2071,12,13,53.52530985569152,11.881671,3.7418096,2071
20801,r2i1p1f1,2071,12,14,125.26080886152788,11.5796995,5.7269144,2071
20802,r2i1p1f1,2071,12,15,45.24179732409091,11.074269,6.2021403,2071
20803,r2i1p1f1,2071,12,16,1.1825787039295113,11.787377,7.4949965,2071
20804,r2i1p1f1,2071,12,17,0.10847738818273893,12.663122,8.592061,2071
20805,r2i1p1f1,2071,12,18,9.282908356097042,10.505042,4.9871206,2071
20806,r2i1p1f1,2071,12,19,0.0,9.199046,-0.3619905,2071
20807,r2i1p1f1,2071,12,20,0.0,6.254361,-3.3224056,2071
20808,r2i1p1f1,2071,12,21,0.0,7.948318,-3.820199,2071
20809,r2i1p1f1,2071,12,22,0.0,6.6723166,-3.6131873,2071
20810,r2i1p1f1,2071,12,23,0.0,10.304156,-2.7542098,2071
20811,r2i1p1f1,2071,12,24,0.0,7.960801,-2.40854,2071
20812,r2i1p1f1,2071,12,25,0.0,11.447173,-1.7203094,2071
20813,r2i1p1f1,2071,12,26,0.0,11.220475,-1.5299089,2071
20814,r2i1p1f1,2071,12,27,0.0,9.29679,-2.9673707,2071
20815,r2i1p1f1,2071,12,28,0.0,12.428481,-0.45705345,2071
20816,r2i1p1f1,2071,12,29,0.0,9.236408,-2.1212854,2071
20817,r2i1p1f1,2071,12,30,10.991429415242656,2.995522,-1.1032687,2071
20818,r2i1p1f1,2071,12,31,0.0,6.099787,-2.6942577,2071
20819,r2i1p1f1,2072,01,01,0.0,13.378496,-0.4019433,2072
20820,r2i1p1f1,2072,01,02,0.0,15.298582,2.018665,2072
20821,r2i1p1f1,2072,01,03,0.0,12.811376,1.1137881,2072
20822,r2i1p1f1,2072,01,04,0.0,13.425242,1.3886948,2072
20823,r2i1p1f1,2072,01,05,0.0,14.582776,2.282263,2072
20824,r2i1p1f1,2072,01,06,0.0,15.3200245,3.661332,2072
20825,r2i1p1f1,2072,01,07,0.0,15.619654,3.6194422,2072
20826,r2i1p1f1,2072,01,08,1.0904476627348896,12.959831,-0.3535981,2072
20827,r2i1p1f1,2072,01,09,2.8989891987713725,3.7795787,-7.164769,2072
20828,r2i1p1f1,2072,01,10,0.0,1.3618577,-6.426364,2072
20829,r2i1p1f1,2072,01,11,0.0,1.1773466,-10.081353,2072
20830,r2i1p1f1,2072,01,12,6.458083066844176,0.81187284,-8.590452,2072
20831,r2i1p1f1,2072,01,13,0.18701812922909783,0.121190295,-4.153425,2072
20832,r2i1p1f1,2072,01,14,0.0,1.4884866,-3.8752208,2072
20833,r2i1p1f1,2072,01,15,0.0,2.9076717,-6.6373434,2072
20834,r2i1p1f1,2072,01,16,0.43696641613188636,6.412174,-4.219618,2072
20835,r2i1p1f1,2072,01,17,6.751565985443729,4.1241665,-1.2001845,2072
20836,r2i1p1f1,2072,01,18,16.474127968943392,2.8451085,-5.936096,2072
20837,r2i1p1f1,2072,01,19,29.881989004206844,3.2322469,-6.7048717,2072
20838,r2i1p1f1,2072,01,20,5.028787148820322,3.3209717,-3.3560052,2072
20839,r2i1p1f1,2072,01,21,23.89226426021196,4.093157,-2.0805812,2072
20840,r2i1p1f1,2072,01,22,74.07486830623104,3.3416376,-2.3276355,2072
20841,r2i1p1f1,2072,01,23,29.189389677440676,4.0451555,-4.3560095,2072
20842,r2i1p1f1,2072,01,24,3.3339317329171956,1.9317737,-2.8298705,2072
20843,r2i1p1f1,2072,01,25,7.295638964345786,4.080611,-8.523699,2072
20844,r2i1p1f1,2072,01,26,0.0,-0.029744858,-11.105962,2072
20845,r2i1p1f1,2072,01,27,0.0,0.1897356,-10.955464,2072
20846,r2i1p1f1,2072,01,28,0.0,5.9043603,-7.2415977,2072
20847,r2i1p1f1,2072,01,29,0.0,10.088503,-4.2109866,2072
20848,r2i1p1f1,2072,01,30,0.0,9.164065,-2.2505586,2072
20849,r2i1p1f1,2072,01,31,0.0,11.906139,-1.129616,2072
20850,r2i1p1f1,2072,02,01,0.0,10.346501,-3.7770903,2072
20851,r2i1p1f1,2072,02,02,0.0,10.876999,-2.0116675,2072
20852,r2i1p1f1,2072,02,03,0.0,11.8163185,-1.6247177,2072
20853,r2i1p1f1,2072,02,04,0.0,14.752293,0.24033219,2072
20854,r2i1p1f1,2072,02,05,0.0,10.771187,-1.1124216,2072
20855,r2i1p1f1,2072,02,06,0.0,10.086103,3.630782,2072
20856,r2i1p1f1,2072,02,07,0.0,16.359316,1.9715666,2072
20857,r2i1p1f1,2072,02,08,0.0,18.266527,3.9216237,2072
20858,r2i1p1f1,2072,02,09,0.9568565063371073,17.127542,5.953204,2072
20859,r2i1p1f1,2072,02,10,0.0,22.091244,3.8132262,2072
20860,r2i1p1f1,2072,02,11,0.0,19.90024,5.664471,2072
20861,r2i1p1f1,2072,02,12,10.674027294421998,11.442126,6.1201653,2072
20862,r2i1p1f1,2072,02,13,14.646733929895653,10.281744,-2.3587992,2072
20863,r2i1p1f1,2072,02,14,5.509816724756652,2.492569,-1.8731439,2072
20864,r2i1p1f1,2072,02,15,0.0,5.4315734,-4.6315084,2072
20865,r2i1p1f1,2072,02,16,0.0,10.772076,-3.193372,2072
20866,r2i1p1f1,2072,02,17,0.0,16.656387,0.19129483,2072
20867,r2i1p1f1,2072,02,18,0.0,17.717714,4.0257864,2072
20868,r2i1p1f1,2072,02,19,0.0,17.32124,3.5738134,2072
20869,r2i1p1f1,2072,02,20,0.0,16.869164,2.3268592,2072
20870,r2i1p1f1,2072,02,21,0.0,15.715551,1.994787,2072
20871,r2i1p1f1,2072,02,22,0.0,14.411358,2.0719674,2072
20872,r2i1p1f1,2072,02,23,0.0,17.046385,2.1919725,2072
20873,r2i1p1f1,2072,02,24,0.0,18.795958,3.647976,2072
20874,r2i1p1f1,2072,02,25,0.0,18.056843,5.2073903,2072
20875,r2i1p1f1,2072,02,26,0.0,20.22777,5.171404,2072
20876,r2i1p1f1,2072,02,27,0.0,20.203388,6.184482,2072
20877,r2i1p1f1,2072,02,28,0.17391118050839466,12.836344,7.33729,2072
20878,r2i1p1f1,2072,02,29,0.0,13.598721,2.46534,2072
20879,r2i1p1f1,2072,03,01,0.0,15.915787,1.4000051,2072
20880,r2i1p1f1,2072,03,02,31.921783002326265,9.40835,-2.1970744,2072
20881,r2i1p1f1,2072,03,03,83.33728327326334,7.3409863,1.1954741,2072
20882,r2i1p1f1,2072,03,04,44.78189191610839,4.3533745,-2.541281,2072
20883,r2i1p1f1,2072,03,05,0.0,9.192079,-3.0706804,2072
20884,r2i1p1f1,2072,03,06,0.0,6.635232,-6.4998903,2072
20885,r2i1p1f1,2072,03,07,3.824231685072076,3.2772753,-4.5982895,2072
20886,r2i1p1f1,2072,03,08,0.0,12.536427,-0.57605547,2072
20887,r2i1p1f1,2072,03,09,0.0,14.943901,3.495924,2072
20888,r2i1p1f1,2072,03,10,0.0,16.535604,2.6515186,2072
20889,r2i1p1f1,2072,03,11,0.0,15.435362,4.936351,2072
20890,r2i1p1f1,2072,03,12,0.0,16.98998,2.9991858,2072
20891,r2i1p1f1,2072,03,13,0.0,17.421339,3.5887787,2072
20892,r2i1p1f1,2072,03,14,0.0,22.862001,5.5027637,2072
20893,r2i1p1f1,2072,03,15,0.0,24.034792,8.154299,2072
20894,r2i1p1f1,2072,03,16,0.0,24.865883,7.518423,2072
20895,r2i1p1f1,2072,03,17,0.0,23.731705,8.241028,2072
20896,r2i1p1f1,2072,03,18,0.0,22.039349,7.140636,2072
20897,r2i1p1f1,2072,03,19,0.0,19.299957,5.3214607,2072
20898,r2i1p1f1,2072,03,20,0.0,16.120272,0.12203627,2072
20899,r2i1p1f1,2072,03,21,0.0,17.045328,-0.46227106,2072
20900,r2i1p1f1,2072,03,22,0.0,16.66296,-0.036936637,2072
20901,r2i1p1f1,2072,03,23,0.0,19.163082,1.7261356,2072
20902,r2i1p1f1,2072,03,24,0.0,19.222237,3.373709,2072
20903,r2i1p1f1,2072,03,25,0.017767386116947118,16.169355,2.066638,2072
20904,r2i1p1f1,2072,03,26,2.6745449631702147,10.72606,-3.9113011,2072
20905,r2i1p1f1,2072,03,27,0.0,11.762119,-7.3372536,2072
20906,r2i1p1f1,2072,03,28,0.0,12.295029,-6.5377817,2072
20907,r2i1p1f1,2072,03,29,31.58321036160207,7.9148183,-4.985853,2072
20908,r2i1p1f1,2072,03,30,52.486462224848,5.928533,-4.0130434,2072
20909,r2i1p1f1,2072,03,31,0.39323063110014816,5.0980773,-9.855996,2072
20910,r2i1p1f1,2072,04,01,39.7529710496131,2.3858867,-4.2007236,2072
20911,r2i1p1f1,2072,04,02,0.0,8.376236,-1.7334466,2072
20912,r2i1p1f1,2072,04,03,0.0,15.277026,-0.12729947,2072
20913,r2i1p1f1,2072,04,04,0.0,15.441367,1.2373923,2072
20914,r2i1p1f1,2072,04,05,36.74489762454938,11.327094,-2.4612768,2072
20915,r2i1p1f1,2072,04,06,4.472928218078428,6.3401346,-0.30595878,2072
20916,r2i1p1f1,2072,04,07,2.578339004256892,4.2390895,0.07172521,2072
20917,r2i1p1f1,2072,04,08,4.508119969299374,7.5932302,1.1795762,2072
20918,r2i1p1f1,2072,04,09,0.0,15.212421,-1.3885008,2072
20919,r2i1p1f1,2072,04,10,0.0,18.759657,2.0386732,2072
20920,r2i1p1f1,2072,04,11,0.0,19.94946,4.7456765,2072
20921,r2i1p1f1,2072,04,12,0.0,18.814196,3.2406738,2072
20922,r2i1p1f1,2072,04,13,2.149419715757316,12.997404,-2.6563811,2072
20923,r2i1p1f1,2072,04,14,0.0,8.464891,-1.7634144,2072
20924,r2i1p1f1,2072,04,15,0.0,12.79977,-2.6238785,2072
20925,r2i1p1f1,2072,04,16,6.363976578177244,12.001723,-1.5754509,2072
20926,r2i1p1f1,2072,04,17,0.0,20.988346,5.2429786,2072
20927,r2i1p1f1,2072,04,18,0.0,26.034052,8.543316,2072
20928,r2i1p1f1,2072,04,19,0.0,27.975119,10.562153,2072
20929,r2i1p1f1,2072,04,20,0.0,27.61414,11.132407,2072
20930,r2i1p1f1,2072,04,21,0.0,27.926676,11.840897,2072
20931,r2i1p1f1,2072,04,22,0.0,29.208834,12.240858,2072
20932,r2i1p1f1,2072,04,23,0.0,30.73726,13.831587,2072
20933,r2i1p1f1,2072,04,24,0.0,30.602089,12.852229,2072
20934,r2i1p1f1,2072,04,25,5.189263868540086,21.186308,4.9880795,2072
20935,r2i1p1f1,2072,04,26,18.224591997008808,12.542701,3.679682,2072
20936,r2i1p1f1,2072,04,27,7.108291525051195,12.807247,1.8738227,2072
20937,r2i1p1f1,2072,04,28,0.09387865037961791,18.165775,1.6895431,2072
20938,r2i1p1f1,2072,04,29,4.637567292845163,16.106606,-0.4001727,2072
20939,r2i1p1f1,2072,04,30,2.0051858534351106,19.160572,3.6904378,2072
20940,r2i1p1f1,2072,05,01,0.01895876333807022,24.8266,6.872102,2072
20941,r2i1p1f1,2072,05,02,0.0,26.461369,8.398596,2072
20942,r2i1p1f1,2072,05,03,0.0,27.224615,11.526501,2072
20943,r2i1p1f1,2072,05,04,0.0,27.05388,9.640298,2072
20944,r2i1p1f1,2072,05,05,0.0,22.125122,6.562877,2072
20945,r2i1p1f1,2072,05,06,0.0,19.65091,4.7291956,2072
20946,r2i1p1f1,2072,05,07,0.0,23.597513,6.095133,2072
20947,r2i1p1f1,2072,05,08,0.0,28.05018,9.696773,2072
20948,r2i1p1f1,2072,05,09,0.0,29.064463,11.639784,2072
20949,r2i1p1f1,2072,05,10,0.7332925425893896,29.315521,11.817686,2072
20950,r2i1p1f1,2072,05,11,2.430181846690315,22.479322,6.219274,2072
20951,r2i1p1f1,2072,05,12,0.0,21.472279,7.3036184,2072
20952,r2i1p1f1,2072,05,13,0.0,23.92902,8.250575,2072
20953,r2i1p1f1,2072,05,14,0.0,24.998661,8.058966,2072
20954,r2i1p1f1,2072,05,15,0.36896486853947863,23.253572,7.622848,2072
20955,r2i1p1f1,2072,05,16,0.8112874496873701,20.577597,4.827771,2072
20956,r2i1p1f1,2072,05,17,4.811989855079446,15.4404125,1.4660037,2072
20957,r2i1p1f1,2072,05,18,0.015361727519820515,15.552219,4.988766,2072
20958,r2i1p1f1,2072,05,19,0.0,15.0363035,5.2927356,2072
20959,r2i1p1f1,2072,05,20,12.134249892747343,9.748712,2.7323537,2072
20960,r2i1p1f1,2072,05,21,2.06621325067737,16.29243,2.1518483,2072
20961,r2i1p1f1,2072,05,22,0.0,18.675625,3.96408,2072
20962,r2i1p1f1,2072,05,23,0.0,27.991812,10.1453285,2072
20963,r2i1p1f1,2072,05,24,0.0,31.170904,13.4860525,2072
20964,r2i1p1f1,2072,05,25,0.06651746697081343,29.602427,12.266935,2072
20965,r2i1p1f1,2072,05,26,1.4917464698345821,27.303307,11.400276,2072
20966,r2i1p1f1,2072,05,27,0.08931416650739266,25.0878,10.077081,2072
20967,r2i1p1f1,2072,05,28,0.15231738508856113,25.171068,10.25742,2072
20968,r2i1p1f1,2072,05,29,0.0,21.114567,7.64678,2072
20969,r2i1p1f1,2072,05,30,0.0,22.272184,6.375206,2072
20970,r2i1p1f1,2072,05,31,0.0,25.732513,8.7291975,2072
20971,r2i1p1f1,2072,06,01,0.0,28.875238,10.942385,2072
20972,r2i1p1f1,2072,06,02,0.0,32.232002,14.194395,2072
20973,r2i1p1f1,2072,06,03,0.0,33.689816,16.466183,2072
20974,r2i1p1f1,2072,06,04,0.0,34.42469,16.290087,2072
20975,r2i1p1f1,2072,06,05,0.0,33.917515,15.580293,2072
20976,r2i1p1f1,2072,06,06,0.0,32.490135,14.493959,2072
20977,r2i1p1f1,2072,06,07,0.15941117345881559,30.278135,12.289605,2072
20978,r2i1p1f1,2072,06,08,0.0617657558625349,22.965818,7.8335714,2072
20979,r2i1p1f1,2072,06,09,0.0,24.38048,7.988391,2072
20980,r2i1p1f1,2072,06,10,0.006179532927210228,22.193556,8.826355,2072
20981,r2i1p1f1,2072,06,11,18.66428836682854,17.250376,7.7801137,2072
20982,r2i1p1f1,2072,06,12,0.06637229872957015,22.077974,10.287374,2072
20983,r2i1p1f1,2072,06,13,0.0,25.137106,7.681755,2072
20984,r2i1p1f1,2072,06,14,0.00028373381330591376,24.952427,10.719307,2072
20985,r2i1p1f1,2072,06,15,1.4828811480163915,19.065165,9.0171585,2072
20986,r2i1p1f1,2072,06,16,0.0,22.923832,10.788092,2072
20987,r2i1p1f1,2072,06,17,0.0,25.932884,11.060231,2072
20988,r2i1p1f1,2072,06,18,0.5572054941274893,23.221315,11.974503,2072
20989,r2i1p1f1,2072,06,19,1.1283276846090582,23.576075,8.007479,2072
20990,r2i1p1f1,2072,06,20,0.0,25.2346,9.866404,2072
20991,r2i1p1f1,2072,06,21,0.0,23.30733,8.7125845,2072
20992,r2i1p1f1,2072,06,22,0.0,25.384102,9.278972,2072
20993,r2i1p1f1,2072,06,23,0.0,26.479912,12.024745,2072
20994,r2i1p1f1,2072,06,24,0.0,25.12146,8.447397,2072
20995,r2i1p1f1,2072,06,25,1.0868025424805148,18.431759,4.7596827,2072
20996,r2i1p1f1,2072,06,26,0.0,21.572636,8.464192,2072
20997,r2i1p1f1,2072,06,27,0.0,27.508467,10.133198,2072
20998,r2i1p1f1,2072,06,28,0.0,28.468649,13.077735,2072
20999,r2i1p1f1,2072,06,29,0.0,28.71146,13.572334,2072
21000,r2i1p1f1,2072,06,30,0.0,28.742945,13.780461,2072
21001,r2i1p1f1,2072,07,01,0.0,29.969698,14.283211,2072
21002,r2i1p1f1,2072,07,02,0.0,33.249924,13.799213,2072
21003,r2i1p1f1,2072,07,03,0.0,31.16955,15.727985,2072
21004,r2i1p1f1,2072,07,04,0.0,30.458393,15.506413,2072
21005,r2i1p1f1,2072,07,05,0.0,31.452261,15.627836,2072
21006,r2i1p1f1,2072,07,06,0.0,30.613895,15.576574,2072
21007,r2i1p1f1,2072,07,07,0.0,33.297535,15.704155,2072
21008,r2i1p1f1,2072,07,08,0.0,34.725437,16.225464,2072
21009,r2i1p1f1,2072,07,09,0.0,33.836285,17.160501,2072
21010,r2i1p1f1,2072,07,10,0.0,31.065264,15.780696,2072
21011,r2i1p1f1,2072,07,11,0.0,29.984484,13.106003,2072
21012,r2i1p1f1,2072,07,12,0.0,29.739672,13.084954,2072
21013,r2i1p1f1,2072,07,13,0.7168104651590022,28.273024,13.089086,2072
21014,r2i1p1f1,2072,07,14,0.0,27.490273,12.247861,2072
21015,r2i1p1f1,2072,07,15,0.0,27.753593,11.63702,2072
21016,r2i1p1f1,2072,07,16,0.0,27.280224,13.258396,2072
21017,r2i1p1f1,2072,07,17,0.0,29.288038,13.779631,2072
21018,r2i1p1f1,2072,07,18,0.0,30.31963,14.256548,2072
21019,r2i1p1f1,2072,07,19,0.0,32.380974,16.757105,2072
21020,r2i1p1f1,2072,07,20,0.0,33.717148,18.648888,2072
21021,r2i1p1f1,2072,07,21,0.0,35.038143,18.87467,2072
21022,r2i1p1f1,2072,07,22,0.0,32.235386,15.20957,2072
21023,r2i1p1f1,2072,07,23,0.0,30.416553,12.06726,2072
21024,r2i1p1f1,2072,07,24,0.0,29.963745,12.687308,2072
21025,r2i1p1f1,2072,07,25,0.0,30.331686,13.684209,2072
21026,r2i1p1f1,2072,07,26,0.0,31.514828,15.513865,2072
21027,r2i1p1f1,2072,07,27,0.0,32.17818,15.371983,2072
21028,r2i1p1f1,2072,07,28,0.0,32.126324,14.865596,2072
21029,r2i1p1f1,2072,07,29,0.0,32.44991,15.860167,2072
21030,r2i1p1f1,2072,07,30,0.0,32.517223,15.0437155,2072
21031,r2i1p1f1,2072,07,31,0.0,33.48905,15.33798,2072
21032,r2i1p1f1,2072,08,01,0.0,33.93459,15.97021,2072
21033,r2i1p1f1,2072,08,02,0.0,34.862892,16.614698,2072
21034,r2i1p1f1,2072,08,03,0.0,35.257996,17.334776,2072
21035,r2i1p1f1,2072,08,04,0.0,34.655056,16.85754,2072
21036,r2i1p1f1,2072,08,05,0.0,35.00115,16.142809,2072
21037,r2i1p1f1,2072,08,06,0.0,32.775402,14.920224,2072
21038,r2i1p1f1,2072,08,07,0.0,31.287992,14.294776,2072
21039,r2i1p1f1,2072,08,08,0.0,31.460743,13.506406,2072
21040,r2i1p1f1,2072,08,09,0.0,31.421644,14.019087,2072
21041,r2i1p1f1,2072,08,10,0.0,32.750156,14.992403,2072
21042,r2i1p1f1,2072,08,11,0.0,32.386677,16.616903,2072
21043,r2i1p1f1,2072,08,12,0.0,31.622183,16.03643,2072
21044,r2i1p1f1,2072,08,13,0.0,30.49545,14.357298,2072
21045,r2i1p1f1,2072,08,14,0.0,29.925358,13.951216,2072
21046,r2i1p1f1,2072,08,15,0.0,30.007963,14.123964,2072
21047,r2i1p1f1,2072,08,16,0.0,30.282179,14.201265,2072
21048,r2i1p1f1,2072,08,17,0.0,30.355656,14.382302,2072
21049,r2i1p1f1,2072,08,18,0.0,31.465527,15.456861,2072
21050,r2i1p1f1,2072,08,19,0.0,31.983624,15.440154,2072
21051,r2i1p1f1,2072,08,20,0.0,31.847841,15.060344,2072
21052,r2i1p1f1,2072,08,21,0.0,30.9256,14.960626,2072
21053,r2i1p1f1,2072,08,22,0.0,31.32732,15.352844,2072
21054,r2i1p1f1,2072,08,23,0.0,29.842999,14.264839,2072
21055,r2i1p1f1,2072,08,24,0.0,26.87585,9.079199,2072
21056,r2i1p1f1,2072,08,25,0.0,27.336945,10.50018,2072
21057,r2i1p1f1,2072,08,26,0.0,27.477753,11.94637,2072
21058,r2i1p1f1,2072,08,27,0.0,25.52752,10.557741,2072
21059,r2i1p1f1,2072,08,28,0.0,27.29354,11.28101,2072
21060,r2i1p1f1,2072,08,29,0.0,31.25702,14.058356,2072
21061,r2i1p1f1,2072,08,30,0.0,33.67376,15.995926,2072
21062,r2i1p1f1,2072,08,31,0.0,33.156136,16.667042,2072
21063,r2i1p1f1,2072,09,01,0.0,31.88127,15.698079,2072
21064,r2i1p1f1,2072,09,02,0.0,30.54605,15.053941,2072
21065,r2i1p1f1,2072,09,03,0.0,31.391533,14.042044,2072
21066,r2i1p1f1,2072,09,04,0.0,32.23954,16.01433,2072
21067,r2i1p1f1,2072,09,05,0.0,33.097805,16.062067,2072
21068,r2i1p1f1,2072,09,06,0.0,31.567179,13.802044,2072
21069,r2i1p1f1,2072,09,07,0.0,27.661098,12.745164,2072
21070,r2i1p1f1,2072,09,08,0.0,30.055851,12.662277,2072
21071,r2i1p1f1,2072,09,09,0.0,29.80742,12.852522,2072
21072,r2i1p1f1,2072,09,10,0.0,30.993195,15.429312,2072
21073,r2i1p1f1,2072,09,11,0.0,31.951542,16.458073,2072
21074,r2i1p1f1,2072,09,12,0.0,32.697155,15.946086,2072
21075,r2i1p1f1,2072,09,13,0.0,34.003113,16.444147,2072
21076,r2i1p1f1,2072,09,14,0.0,34.00095,17.987305,2072
21077,r2i1p1f1,2072,09,15,0.0,35.996067,19.753466,2072
21078,r2i1p1f1,2072,09,16,2.431259612068551,35.257164,17.805443,2072
21079,r2i1p1f1,2072,09,17,1.9769750007141669,34.263203,17.017412,2072
21080,r2i1p1f1,2072,09,18,0.0,32.36271,16.271244,2072
21081,r2i1p1f1,2072,09,19,0.3345174886887365,27.306797,12.863597,2072
21082,r2i1p1f1,2072,09,20,7.920220383507862,21.239506,7.730431,2072
21083,r2i1p1f1,2072,09,21,11.440789142076168,17.323957,3.9128602,2072
21084,r2i1p1f1,2072,09,22,12.514502596996653,15.326096,3.7364979,2072
21085,r2i1p1f1,2072,09,23,65.66819222039507,11.71049,5.5912642,2072
21086,r2i1p1f1,2072,09,24,13.815552858627948,15.577199,4.7114706,2072
21087,r2i1p1f1,2072,09,25,1.2192159057891472,20.359823,7.8202553,2072
21088,r2i1p1f1,2072,09,26,1.1016749818063742,23.514624,9.212823,2072
21089,r2i1p1f1,2072,09,27,0.35415000053437606,26.362398,10.243606,2072
21090,r2i1p1f1,2072,09,28,0.0,28.446608,12.448018,2072
21091,r2i1p1f1,2072,09,29,0.0,29.130503,13.7833185,2072
21092,r2i1p1f1,2072,09,30,0.0,27.612364,12.577652,2072
21093,r2i1p1f1,2072,10,01,0.0,26.36917,12.002216,2072
21094,r2i1p1f1,2072,10,02,0.0,27.418608,12.480411,2072
21095,r2i1p1f1,2072,10,03,0.0,29.08297,13.234821,2072
21096,r2i1p1f1,2072,10,04,0.0,29.220478,14.541695,2072
21097,r2i1p1f1,2072,10,05,0.0,30.15482,14.6542015,2072
21098,r2i1p1f1,2072,10,06,0.0,30.074945,13.861309,2072
21099,r2i1p1f1,2072,10,07,0.0,25.923222,11.241757,2072
21100,r2i1p1f1,2072,10,08,0.0,18.965576,5.4672775,2072
21101,r2i1p1f1,2072,10,09,2.9999950265951507,12.722437,2.044649,2072
21102,r2i1p1f1,2072,10,10,1.2761658757041845,14.89673,3.5347264,2072
21103,r2i1p1f1,2072,10,11,5.52206162344821,15.822019,6.828832,2072
21104,r2i1p1f1,2072,10,12,0.0,23.588,7.261343,2072
21105,r2i1p1f1,2072,10,13,0.0,23.626068,9.457212,2072
21106,r2i1p1f1,2072,10,14,0.0,23.38211,7.727259,2072
21107,r2i1p1f1,2072,10,15,0.0,22.399755,7.1003137,2072
21108,r2i1p1f1,2072,10,16,0.0,22.213297,5.6938596,2072
21109,r2i1p1f1,2072,10,17,0.0,22.0556,6.469404,2072
21110,r2i1p1f1,2072,10,18,0.3154935524015365,17.798254,5.950492,2072
21111,r2i1p1f1,2072,10,19,0.0,14.212149,4.7784843,2072
21112,r2i1p1f1,2072,10,20,0.0,19.733028,3.1118963,2072
21113,r2i1p1f1,2072,10,21,0.0,21.90112,4.880557,2072
21114,r2i1p1f1,2072,10,22,0.0,20.02396,7.3066454,2072
21115,r2i1p1f1,2072,10,23,0.0,17.811377,3.9470897,2072
21116,r2i1p1f1,2072,10,24,0.0,17.769548,3.521966,2072
21117,r2i1p1f1,2072,10,25,0.0,18.19872,4.5218425,2072
21118,r2i1p1f1,2072,10,26,0.0,22.450943,5.7474747,2072
21119,r2i1p1f1,2072,10,27,0.0,24.033258,8.586364,2072
21120,r2i1p1f1,2072,10,28,0.0,20.852427,6.9434767,2072
21121,r2i1p1f1,2072,10,29,0.0,24.353085,6.918157,2072
21122,r2i1p1f1,2072,10,30,0.0,24.135754,7.8744974,2072
21123,r2i1p1f1,2072,10,31,0.0,22.468689,7.6732516,2072
21124,r2i1p1f1,2072,11,01,0.0,22.583035,7.8217616,2072
21125,r2i1p1f1,2072,11,02,0.0,21.843544,6.168038,2072
21126,r2i1p1f1,2072,11,03,0.0,19.590723,3.8515484,2072
21127,r2i1p1f1,2072,11,04,0.0,19.364805,2.8006172,2072
21128,r2i1p1f1,2072,11,05,0.0,21.07092,4.348189,2072
21129,r2i1p1f1,2072,11,06,0.0,20.04999,5.8042674,2072
21130,r2i1p1f1,2072,11,07,0.0,15.019495,3.5041761,2072
21131,r2i1p1f1,2072,11,08,0.0,18.006414,3.2563307,2072
21132,r2i1p1f1,2072,11,09,0.0,19.61104,3.156679,2072
21133,r2i1p1f1,2072,11,10,0.0,20.82628,4.569425,2072
21134,r2i1p1f1,2072,11,11,0.0,20.519985,5.4097457,2072
21135,r2i1p1f1,2072,11,12,0.0,20.414133,5.451489,2072
21136,r2i1p1f1,2072,11,13,0.0,16.07981,4.1223197,2072
21137,r2i1p1f1,2072,11,14,0.0,17.101696,2.8983216,2072
21138,r2i1p1f1,2072,11,15,0.0,19.58847,1.6471554,2072
21139,r2i1p1f1,2072,11,16,0.0,19.879316,2.843387,2072
21140,r2i1p1f1,2072,11,17,0.0,18.811249,3.827708,2072
21141,r2i1p1f1,2072,11,18,0.0,17.212807,2.584944,2072
21142,r2i1p1f1,2072,11,19,0.0,18.533346,3.641928,2072
21143,r2i1p1f1,2072,11,20,0.9236289622466441,18.747843,4.709862,2072
21144,r2i1p1f1,2072,11,21,21.33517488590979,12.490424,5.6774344,2072
21145,r2i1p1f1,2072,11,22,60.952334423871854,8.732943,4.4675426,2072
21146,r2i1p1f1,2072,11,23,7.612959831707345,9.379959,0.8449065,2072
21147,r2i1p1f1,2072,11,24,50.560666453944016,7.217419,3.0527964,2072
21148,r2i1p1f1,2072,11,25,63.80861159055852,11.448447,2.1485944,2072
21149,r2i1p1f1,2072,11,26,0.001078214979945467,7.8625784,-0.08987016,2072
21150,r2i1p1f1,2072,11,27,0.0,11.294754,-2.638075,2072
21151,r2i1p1f1,2072,11,28,0.0,13.734516,-1.2608986,2072
21152,r2i1p1f1,2072,11,29,0.0,12.686075,-2.1884117,2072
21153,r2i1p1f1,2072,11,30,0.0,12.216025,-0.59860677,2072
21154,r2i1p1f1,2072,12,01,0.0,12.979876,0.5848471,2072
21155,r2i1p1f1,2072,12,02,0.0,14.02707,2.5804138,2072
21156,r2i1p1f1,2072,12,03,0.0,14.202942,1.6118414,2072
21157,r2i1p1f1,2072,12,04,0.0,12.73589,1.4614124,2072
21158,r2i1p1f1,2072,12,05,1.3995247267722823,8.280759,0.54627216,2072
21159,r2i1p1f1,2072,12,06,17.696780080139153,7.0562596,1.5227882,2072
21160,r2i1p1f1,2072,12,07,42.724532582080705,7.0002017,3.0846782,2072
21161,r2i1p1f1,2072,12,08,3.160682120813782,10.267113,3.3273668,2072
21162,r2i1p1f1,2072,12,09,0.0,15.810906,2.2180128,2072
21163,r2i1p1f1,2072,12,10,0.0,16.169685,3.0373676,2072
21164,r2i1p1f1,2072,12,11,0.0,16.476685,2.7738318,2072
21165,r2i1p1f1,2072,12,12,0.0,14.900115,3.7496088,2072
21166,r2i1p1f1,2072,12,13,0.0,16.992632,4.82666,2072
21167,r2i1p1f1,2072,12,14,0.0,18.811056,4.547059,2072
21168,r2i1p1f1,2072,12,15,0.0,19.509827,5.411356,2072
21169,r2i1p1f1,2072,12,16,0.0,18.15917,4.828488,2072
21170,r2i1p1f1,2072,12,17,0.0,19.012403,4.710871,2072
21171,r2i1p1f1,2072,12,18,0.0,18.825699,4.557043,2072
21172,r2i1p1f1,2072,12,19,0.0,18.34048,5.229037,2072
21173,r2i1p1f1,2072,12,20,0.0,17.088793,5.705896,2072
21174,r2i1p1f1,2072,12,21,0.0,17.15769,5.6867094,2072
21175,r2i1p1f1,2072,12,22,0.0,16.843695,5.139841,2072
21176,r2i1p1f1,2072,12,23,0.0,18.564613,5.034567,2072
21177,r2i1p1f1,2072,12,24,0.0,16.52002,4.392988,2072
21178,r2i1p1f1,2072,12,25,0.0,15.889063,3.566709,2072
21179,r2i1p1f1,2072,12,26,0.006765841009417692,14.176241,3.4269202,2072
21180,r2i1p1f1,2072,12,27,43.24676180638982,9.221695,3.1986713,2072
21181,r2i1p1f1,2072,12,28,60.85104641791146,9.448318,3.5478532,2072
21182,r2i1p1f1,2072,12,29,43.77781043294817,9.065916,3.3642755,2072
21183,r2i1p1f1,2072,12,30,0.0658320431984276,10.8700075,2.437906,2072
21184,r2i1p1f1,2072,12,31,0.19658676229972535,8.6172285,3.7516742,2072
21185,r2i1p1f1,2073,01,01,1.5466742124930788,6.3895116,0.6270979,2073
21186,r2i1p1f1,2073,01,02,0.0,6.633127,-0.32176423,2073
21187,r2i1p1f1,2073,01,03,0.4382521874539144,2.782424,-1.8970646,2073
21188,r2i1p1f1,2073,01,04,0.0,6.4935536,-2.2312386,2073
21189,r2i1p1f1,2073,01,05,0.0,6.8693495,-2.9587824,2073
21190,r2i1p1f1,2073,01,06,0.0,13.619004,-1.0384638,2073
21191,r2i1p1f1,2073,01,07,0.0,13.130683,-0.48728278,2073
21192,r2i1p1f1,2073,01,08,0.0,9.223956,-1.7246951,2073
21193,r2i1p1f1,2073,01,09,0.0,13.366469,0.16543637,2073
21194,r2i1p1f1,2073,01,10,0.0,18.348427,3.7470045,2073
21195,r2i1p1f1,2073,01,11,0.0,19.0173,3.8438153,2073
21196,r2i1p1f1,2073,01,12,0.0,18.616198,4.242313,2073
21197,r2i1p1f1,2073,01,13,0.0,20.337263,5.106687,2073
21198,r2i1p1f1,2073,01,14,0.0,19.179893,4.4337635,2073
21199,r2i1p1f1,2073,01,15,0.0,19.297213,5.507542,2073
21200,r2i1p1f1,2073,01,16,0.0,21.667664,6.0087247,2073
21201,r2i1p1f1,2073,01,17,0.0,21.471886,6.4725523,2073
21202,r2i1p1f1,2073,01,18,0.0,22.148413,7.075785,2073
21203,r2i1p1f1,2073,01,19,0.027896862957277335,22.751865,6.779042,2073
21204,r2i1p1f1,2073,01,20,0.7117161204615303,9.997873,-0.7800153,2073
21205,r2i1p1f1,2073,01,21,0.06545236933561682,5.078721,-4.504617,2073
21206,r2i1p1f1,2073,01,22,5.788447657071699,6.9073,0.34571105,2073
21207,r2i1p1f1,2073,01,23,0.0,11.675137,5.536282,2073
21208,r2i1p1f1,2073,01,24,1.010176190119147,11.3455515,3.9007747,2073
21209,r2i1p1f1,2073,01,25,18.422672684447697,11.151847,6.4853787,2073
21210,r2i1p1f1,2073,01,26,0.8763210549029912,12.93595,7.7724547,2073
21211,r2i1p1f1,2073,01,27,0.0,20.922327,4.824945,2073
21212,r2i1p1f1,2073,01,28,0.0,21.877481,8.204147,2073
21213,r2i1p1f1,2073,01,29,0.0,20.881222,8.416247,2073
21214,r2i1p1f1,2073,01,30,0.0,19.863808,7.323549,2073
21215,r2i1p1f1,2073,01,31,0.0,19.28185,4.6312547,2073
21216,r2i1p1f1,2073,02,01,0.0,16.424662,9.953075,2073
21217,r2i1p1f1,2073,02,02,10.34516369586177,12.934649,7.4828525,2073
21218,r2i1p1f1,2073,02,03,0.0,18.029623,3.9062276,2073
21219,r2i1p1f1,2073,02,04,53.763031493872404,15.339785,3.4044206,2073
21220,r2i1p1f1,2073,02,05,28.1264619610738,11.809099,0.6584267,2073
21221,r2i1p1f1,2073,02,06,14.599180555244228,5.9876733,0.75809234,2073
21222,r2i1p1f1,2073,02,07,21.459373464145195,7.1701803,2.95032,2073
21223,r2i1p1f1,2073,02,08,2.5312942074518876,15.707116,4.6958303,2073
21224,r2i1p1f1,2073,02,09,0.0,19.361776,2.7442753,2073
21225,r2i1p1f1,2073,02,10,0.0,20.583996,5.688353,2073
21226,r2i1p1f1,2073,02,11,2.1075504942998053,17.132195,4.944723,2073
21227,r2i1p1f1,2073,02,12,59.36515995910248,12.0226345,2.488178,2073
21228,r2i1p1f1,2073,02,13,25.4361788069498,8.695582,2.0043232,2073
21229,r2i1p1f1,2073,02,14,0.0,14.311871,-1.2744316,2073
21230,r2i1p1f1,2073,02,15,0.0,12.565952,-0.90985566,2073
21231,r2i1p1f1,2073,02,16,17.565136592370088,6.3717084,-0.53368133,2073
21232,r2i1p1f1,2073,02,17,47.65360839127634,5.359801,0.23465191,2073
21233,r2i1p1f1,2073,02,18,0.03225485842134591,5.348927,0.21220368,2073
21234,r2i1p1f1,2073,02,19,0.0,10.746468,-0.49011034,2073
21235,r2i1p1f1,2073,02,20,0.0,11.383586,-1.2764288,2073
21236,r2i1p1f1,2073,02,21,0.0,15.480273,1.5625768,2073
21237,r2i1p1f1,2073,02,22,6.208527069695545,11.720836,5.4039845,2073
21238,r2i1p1f1,2073,02,23,18.488171454877236,8.824812,3.915183,2073
21239,r2i1p1f1,2073,02,24,0.4356267380969187,10.476577,-3.5436711,2073
21240,r2i1p1f1,2073,02,25,0.0,3.0150506,-8.052588,2073
21241,r2i1p1f1,2073,02,26,0.0,8.081191,-5.8159113,2073
21242,r2i1p1f1,2073,02,27,0.0,7.733494,-1.8030965,2073
21243,r2i1p1f1,2073,02,28,0.0,8.373662,2.295375,2073
21244,r2i1p1f1,2073,03,01,0.0,16.021952,-0.48314148,2073
21245,r2i1p1f1,2073,03,02,0.017021266019303136,13.333036,-4.717478,2073
21246,r2i1p1f1,2073,03,03,50.93102181070628,1.7955972,-2.7130482,2073
21247,r2i1p1f1,2073,03,04,63.404224689405126,1.1538241,-3.109381,2073
21248,r2i1p1f1,2073,03,05,81.97230677917385,1.8774738,-1.5031087,2073
21249,r2i1p1f1,2073,03,06,17.29486852625716,3.759491,-3.4667232,2073
21250,r2i1p1f1,2073,03,07,1.2059311127534154,5.820932,-6.1179457,2073
21251,r2i1p1f1,2073,03,08,0.0,9.569793,-5.707588,2073
21252,r2i1p1f1,2073,03,09,0.0,12.886481,-2.9969337,2073
21253,r2i1p1f1,2073,03,10,0.0,13.006503,-0.8277139,2073
21254,r2i1p1f1,2073,03,11,0.0,13.415479,1.0724777,2073
21255,r2i1p1f1,2073,03,12,0.0,16.526114,2.1224916,2073
21256,r2i1p1f1,2073,03,13,0.0,17.560753,3.568859,2073
21257,r2i1p1f1,2073,03,14,0.0,18.904694,4.134012,2073
21258,r2i1p1f1,2073,03,15,0.0,18.250914,4.2429833,2073
21259,r2i1p1f1,2073,03,16,0.0,21.49996,4.8369594,2073
21260,r2i1p1f1,2073,03,17,0.0,23.560467,6.8467307,2073
21261,r2i1p1f1,2073,03,18,0.0,25.701841,8.943333,2073
21262,r2i1p1f1,2073,03,19,0.0,26.364536,9.693079,2073
21263,r2i1p1f1,2073,03,20,0.0,26.728334,9.627431,2073
21264,r2i1p1f1,2073,03,21,0.0,26.933525,9.050184,2073
21265,r2i1p1f1,2073,03,22,11.405389461225031,15.814666,1.0441003,2073
21266,r2i1p1f1,2073,03,23,13.869206821926547,9.5442,5.438618,2073
21267,r2i1p1f1,2073,03,24,0.06389346835931065,13.46991,7.687342,2073
21268,r2i1p1f1,2073,03,25,42.172491235228684,11.7736225,-2.4305701,2073
21269,r2i1p1f1,2073,03,26,0.15833903639759228,15.39478,0.112034336,2073
21270,r2i1p1f1,2073,03,27,0.01906086489235839,17.31146,1.9956638,2073
21271,r2i1p1f1,2073,03,28,27.18736640885114,11.119355,1.8129308,2073
21272,r2i1p1f1,2073,03,29,37.3466966727462,8.244519,-0.60661423,2073
21273,r2i1p1f1,2073,03,30,0.00964889130465543,10.700706,0.7637956,2073
21274,r2i1p1f1,2073,03,31,0.0,13.930135,-1.5574354,2073
21275,r2i1p1f1,2073,04,01,12.908687194207092,8.064384,1.253476,2073
21276,r2i1p1f1,2073,04,02,30.181761788956535,6.211688,0.38594484,2073
21277,r2i1p1f1,2073,04,03,0.027511870911649357,13.432764,1.2990227,2073
21278,r2i1p1f1,2073,04,04,0.0,20.544573,3.8455877,2073
21279,r2i1p1f1,2073,04,05,0.0,24.033867,6.782942,2073
21280,r2i1p1f1,2073,04,06,0.0,23.509245,7.976453,2073
21281,r2i1p1f1,2073,04,07,0.0,20.872772,6.881378,2073
21282,r2i1p1f1,2073,04,08,4.9483224770553464,13.044395,-1.1981947,2073
21283,r2i1p1f1,2073,04,09,0.0,18.42312,2.6496875,2073
21284,r2i1p1f1,2073,04,10,0.0,22.005442,5.9456716,2073
21285,r2i1p1f1,2073,04,11,0.0,20.914999,6.0338492,2073
21286,r2i1p1f1,2073,04,12,1.2703354484144187,15.934436,5.0821104,2073
21287,r2i1p1f1,2073,04,13,0.8283948608550418,17.945728,-1.0625907,2073
21288,r2i1p1f1,2073,04,14,3.0622955984094564,16.387772,-1.9023587,2073
21289,r2i1p1f1,2073,04,15,0.0,22.180658,4.857567,2073
21290,r2i1p1f1,2073,04,16,0.0,24.587053,6.291223,2073
21291,r2i1p1f1,2073,04,17,0.0,25.340803,7.4089136,2073
21292,r2i1p1f1,2073,04,18,0.0,23.809465,7.2520986,2073
21293,r2i1p1f1,2073,04,19,0.0,23.969358,7.465393,2073
21294,r2i1p1f1,2073,04,20,0.7639218568049098,18.805494,2.4680214,2073
21295,r2i1p1f1,2073,04,21,12.733338705947972,14.179741,-2.1602068,2073
21296,r2i1p1f1,2073,04,22,0.06466125207505403,14.296346,-1.7753973,2073
21297,r2i1p1f1,2073,04,23,0.0,19.463326,2.3078156,2073
21298,r2i1p1f1,2073,04,24,0.0,22.1133,4.645817,2073
21299,r2i1p1f1,2073,04,25,0.0,24.239124,6.8593993,2073
21300,r2i1p1f1,2073,04,26,0.0,24.65324,8.136999,2073
21301,r2i1p1f1,2073,04,27,0.0,25.035776,7.598097,2073
21302,r2i1p1f1,2073,04,28,0.0,23.446005,6.765919,2073
21303,r2i1p1f1,2073,04,29,10.029818445848203,12.620548,2.7209587,2073
21304,r2i1p1f1,2073,04,30,11.558882400724823,10.593936,-3.8618128,2073
21305,r2i1p1f1,2073,05,01,0.0,23.411686,5.363401,2073
21306,r2i1p1f1,2073,05,02,0.0,26.378355,8.481848,2073
21307,r2i1p1f1,2073,05,03,34.2461717722192,19.74259,5.052877,2073
21308,r2i1p1f1,2073,05,04,1.2840313535889436,19.254782,4.9946084,2073
21309,r2i1p1f1,2073,05,05,2.2149610024965884,17.803238,2.363392,2073
21310,r2i1p1f1,2073,05,06,2.875398947998502,16.620056,2.1770031,2073
21311,r2i1p1f1,2073,05,07,0.6974847929506303,14.5501995,6.2544765,2073
21312,r2i1p1f1,2073,05,08,8.989187779941577,13.79659,6.4716697,2073
21313,r2i1p1f1,2073,05,09,5.981167537146785,17.698418,2.6430044,2073
21314,r2i1p1f1,2073,05,10,0.08423977089058518,24.597256,7.7601647,2073
21315,r2i1p1f1,2073,05,11,0.0,26.70079,9.462636,2073
21316,r2i1p1f1,2073,05,12,0.0,24.806295,7.923084,2073
21317,r2i1p1f1,2073,05,13,0.0,22.737362,7.0453258,2073
21318,r2i1p1f1,2073,05,14,0.0,24.694576,6.867261,2073
21319,r2i1p1f1,2073,05,15,0.0,27.954107,9.806428,2073
21320,r2i1p1f1,2073,05,16,0.08231323867781051,31.187437,11.538675,2073
21321,r2i1p1f1,2073,05,17,0.0,29.830381,12.006234,2073
21322,r2i1p1f1,2073,05,18,0.0,27.07663,8.743045,2073
21323,r2i1p1f1,2073,05,19,0.0,26.901983,8.319658,2073
21324,r2i1p1f1,2073,05,20,0.0,24.519161,7.955764,2073
21325,r2i1p1f1,2073,05,21,0.0,19.691729,2.738127,2073
21326,r2i1p1f1,2073,05,22,0.03266670459057563,14.259456,-0.25003824,2073
21327,r2i1p1f1,2073,05,23,0.3413234965312138,9.900873,2.634012,2073
21328,r2i1p1f1,2073,05,24,0.17387520815296179,11.828761,3.1511085,2073
21329,r2i1p1f1,2073,05,25,0.0,15.161887,3.0273464,2073
21330,r2i1p1f1,2073,05,26,0.0,24.581572,7.6376595,2073
21331,r2i1p1f1,2073,05,27,0.0,29.120152,10.412823,2073
21332,r2i1p1f1,2073,05,28,0.0,30.09434,12.520771,2073
21333,r2i1p1f1,2073,05,29,0.0,31.439472,13.804783,2073
21334,r2i1p1f1,2073,05,30,0.0,30.192959,13.069509,2073
21335,r2i1p1f1,2073,05,31,0.0,30.384872,14.838952,2073
21336,r2i1p1f1,2073,06,01,0.0,32.53746,16.014673,2073
21337,r2i1p1f1,2073,06,02,0.0,32.574726,13.765205,2073
21338,r2i1p1f1,2073,06,03,0.0,29.09652,10.883882,2073
21339,r2i1p1f1,2073,06,04,1.7598969480996647,28.198673,9.85616,2073
21340,r2i1p1f1,2073,06,05,0.002339264756301418,27.581285,10.345096,2073
21341,r2i1p1f1,2073,06,06,0.04683806812233972,29.081537,11.62962,2073
21342,r2i1p1f1,2073,06,07,1.1502789798004625,30.040997,13.546271,2073
21343,r2i1p1f1,2073,06,08,0.23869951683082036,29.692476,12.947006,2073
21344,r2i1p1f1,2073,06,09,0.0,32.26652,15.122422,2073
21345,r2i1p1f1,2073,06,10,0.0,33.82195,17.608818,2073
21346,r2i1p1f1,2073,06,11,0.0,32.746487,16.124935,2073
21347,r2i1p1f1,2073,06,12,0.0,31.702597,14.479334,2073
21348,r2i1p1f1,2073,06,13,0.0,31.28951,14.039946,2073
21349,r2i1p1f1,2073,06,14,0.0,32.2316,13.758611,2073
21350,r2i1p1f1,2073,06,15,0.0,33.4019,14.447703,2073
21351,r2i1p1f1,2073,06,16,0.0,32.1726,13.755759,2073
21352,r2i1p1f1,2073,06,17,0.0,30.517275,12.697141,2073
21353,r2i1p1f1,2073,06,18,0.0,30.492157,12.623729,2073
21354,r2i1p1f1,2073,06,19,0.0,29.713017,11.850279,2073
21355,r2i1p1f1,2073,06,20,0.0,27.57982,10.72004,2073
21356,r2i1p1f1,2073,06,21,0.0,26.79273,10.150933,2073
21357,r2i1p1f1,2073,06,22,0.0,28.873774,10.907009,2073
21358,r2i1p1f1,2073,06,23,0.0,31.090424,13.387156,2073
21359,r2i1p1f1,2073,06,24,0.0,31.462872,17.909561,2073
21360,r2i1p1f1,2073,06,25,0.0,32.317745,17.349422,2073
21361,r2i1p1f1,2073,06,26,0.0,30.51311,13.164069,2073
21362,r2i1p1f1,2073,06,27,0.0,31.694286,13.216897,2073
21363,r2i1p1f1,2073,06,28,0.9901245537968442,30.606695,14.409862,2073
21364,r2i1p1f1,2073,06,29,0.06074903856362933,26.459673,15.262761,2073
21365,r2i1p1f1,2073,06,30,0.0,24.727448,12.443776,2073
21366,r2i1p1f1,2073,07,01,28.384900070355236,19.069567,7.6162314,2073
21367,r2i1p1f1,2073,07,02,0.9402486121451568,10.891643,8.284971,2073
21368,r2i1p1f1,2073,07,03,2.346632760110459,19.680746,7.409679,2073
21369,r2i1p1f1,2073,07,04,1.2497976929545564,19.08872,7.3435707,2073
21370,r2i1p1f1,2073,07,05,2.2909551398627697,22.500711,11.034676,2073
21371,r2i1p1f1,2073,07,06,1.622076078162466,23.225767,8.83015,2073
21372,r2i1p1f1,2073,07,07,1.365428220994475,21.873898,7.440469,2073
21373,r2i1p1f1,2073,07,08,0.0,26.938383,10.4382105,2073
21374,r2i1p1f1,2073,07,09,0.0,28.876402,13.2282715,2073
21375,r2i1p1f1,2073,07,10,0.0,30.758032,15.704936,2073
21376,r2i1p1f1,2073,07,11,0.0,32.254055,15.578889,2073
21377,r2i1p1f1,2073,07,12,0.0,33.97951,16.565542,2073
21378,r2i1p1f1,2073,07,13,0.0,32.69754,16.918894,2073
21379,r2i1p1f1,2073,07,14,0.0,32.208897,16.521585,2073
21380,r2i1p1f1,2073,07,15,0.0,32.424603,16.641048,2073
21381,r2i1p1f1,2073,07,16,0.0,32.886826,17.705671,2073
21382,r2i1p1f1,2073,07,17,0.061737522411511654,33.905224,17.93126,2073
21383,r2i1p1f1,2073,07,18,2.455571438230646,34.075054,17.705122,2073
21384,r2i1p1f1,2073,07,19,3.8652905084046116,33.52566,17.904291,2073
21385,r2i1p1f1,2073,07,20,0.058162553880090576,33.058105,18.92442,2073
21386,r2i1p1f1,2073,07,21,0.5450270549492695,33.92483,18.353476,2073
21387,r2i1p1f1,2073,07,22,0.0,33.88632,18.32046,2073
21388,r2i1p1f1,2073,07,23,0.0,34.002346,17.630243,2073
21389,r2i1p1f1,2073,07,24,0.0,33.05636,16.67098,2073
21390,r2i1p1f1,2073,07,25,0.0,32.423904,15.982497,2073
21391,r2i1p1f1,2073,07,26,0.0,33.264256,16.163137,2073
21392,r2i1p1f1,2073,07,27,0.0,34.188557,16.695078,2073
21393,r2i1p1f1,2073,07,28,0.0,35.51876,17.552633,2073
21394,r2i1p1f1,2073,07,29,0.0,35.52821,18.704546,2073
21395,r2i1p1f1,2073,07,30,0.0,35.659348,18.444767,2073
21396,r2i1p1f1,2073,07,31,0.0,34.750916,18.38184,2073
21397,r2i1p1f1,2073,08,01,0.0,34.62997,18.452002,2073
21398,r2i1p1f1,2073,08,02,0.0,34.88563,18.394157,2073
21399,r2i1p1f1,2073,08,03,0.0,34.59622,17.987236,2073
21400,r2i1p1f1,2073,08,04,0.0,32.789314,16.48664,2073
21401,r2i1p1f1,2073,08,05,0.0,31.638083,15.174388,2073
21402,r2i1p1f1,2073,08,06,0.0,32.02076,15.435414,2073
21403,r2i1p1f1,2073,08,07,0.0,32.214848,16.033644,2073
21404,r2i1p1f1,2073,08,08,0.0,31.77104,15.461572,2073
21405,r2i1p1f1,2073,08,09,0.0,28.981339,13.300512,2073
21406,r2i1p1f1,2073,08,10,0.0,26.67441,10.457631,2073
21407,r2i1p1f1,2073,08,11,0.0,24.734877,9.407571,2073
21408,r2i1p1f1,2073,08,12,0.0,28.780777,10.829668,2073
21409,r2i1p1f1,2073,08,13,0.0,29.17628,13.626989,2073
21410,r2i1p1f1,2073,08,14,0.0,29.71952,13.006105,2073
21411,r2i1p1f1,2073,08,15,0.0,29.052343,12.543294,2073
21412,r2i1p1f1,2073,08,16,0.0,27.89791,12.20244,2073
21413,r2i1p1f1,2073,08,17,0.0,29.747866,14.193649,2073
21414,r2i1p1f1,2073,08,18,0.0,31.119642,15.021475,2073
21415,r2i1p1f1,2073,08,19,0.0,31.980337,15.588435,2073
21416,r2i1p1f1,2073,08,20,0.0,31.86973,15.629971,2073
21417,r2i1p1f1,2073,08,21,0.0,30.975786,15.201042,2073
21418,r2i1p1f1,2073,08,22,0.0,30.367338,15.013453,2073
21419,r2i1p1f1,2073,08,23,0.0,29.675425,14.339997,2073
21420,r2i1p1f1,2073,08,24,0.0,29.294342,13.671784,2073
21421,r2i1p1f1,2073,08,25,0.007179538680737516,25.884386,10.971562,2073
21422,r2i1p1f1,2073,08,26,0.5129782337523745,27.896816,12.566187,2073
21423,r2i1p1f1,2073,08,27,0.0,27.639154,12.384477,2073
21424,r2i1p1f1,2073,08,28,0.0,27.548262,11.726129,2073
21425,r2i1p1f1,2073,08,29,0.0,26.810484,10.833508,2073
21426,r2i1p1f1,2073,08,30,0.0,25.104195,9.266284,2073
21427,r2i1p1f1,2073,08,31,0.0,27.649576,8.6922655,2073
21428,r2i1p1f1,2073,09,01,0.0,29.059574,12.288179,2073
21429,r2i1p1f1,2073,09,02,0.0,30.87829,13.6302805,2073
21430,r2i1p1f1,2073,09,03,0.0,31.516783,14.152996,2073
21431,r2i1p1f1,2073,09,04,0.0,32.793358,16.444052,2073
21432,r2i1p1f1,2073,09,05,0.0,33.941223,19.041132,2073
21433,r2i1p1f1,2073,09,06,1.4769663348208548,33.54116,17.878208,2073
21434,r2i1p1f1,2073,09,07,5.061916065628443,35.19548,17.341139,2073
21435,r2i1p1f1,2073,09,08,0.0,33.78679,16.693579,2073
21436,r2i1p1f1,2073,09,09,0.0,32.98824,16.466686,2073
21437,r2i1p1f1,2073,09,10,0.1962251665120745,32.375473,15.879504,2073
21438,r2i1p1f1,2073,09,11,7.345078622207579,32.67427,16.471338,2073
21439,r2i1p1f1,2073,09,12,1.0132403757849646,31.990265,15.760069,2073
21440,r2i1p1f1,2073,09,13,0.40094494212938186,31.137438,14.635112,2073
21441,r2i1p1f1,2073,09,14,2.3396387201501057,30.541206,13.359165,2073
21442,r2i1p1f1,2073,09,15,5.250807595488228,29.510279,13.274651,2073
21443,r2i1p1f1,2073,09,16,7.590110896014196,27.417154,13.297188,2073
21444,r2i1p1f1,2073,09,17,0.05794400066616408,28.232172,13.521181,2073
21445,r2i1p1f1,2073,09,18,0.6227666555227748,26.98291,12.077312,2073
21446,r2i1p1f1,2073,09,19,0.0039018427952004667,25.595877,11.716031,2073
21447,r2i1p1f1,2073,09,20,3.2534301562848738,24.03943,9.618907,2073
21448,r2i1p1f1,2073,09,21,16.948356675801243,19.73132,8.77486,2073
21449,r2i1p1f1,2073,09,22,31.423841747835887,20.767012,8.944213,2073
21450,r2i1p1f1,2073,09,23,10.503445262230134,21.092337,6.7374744,2073
21451,r2i1p1f1,2073,09,24,0.050507049989461775,21.865707,7.8001976,2073
21452,r2i1p1f1,2073,09,25,0.0,22.981737,10.054058,2073
21453,r2i1p1f1,2073,09,26,0.0,24.318115,10.040617,2073
21454,r2i1p1f1,2073,09,27,18.25878829339882,22.247444,7.5190134,2073
21455,r2i1p1f1,2073,09,28,49.19295431973296,20.84644,9.697087,2073
21456,r2i1p1f1,2073,09,29,0.47107978652303034,23.269312,9.480799,2073
21457,r2i1p1f1,2073,09,30,0.023406681332114834,22.211813,7.6254086,2073
21458,r2i1p1f1,2073,10,01,0.03709877597690191,22.719452,7.530532,2073
21459,r2i1p1f1,2073,10,02,2.4781955454902627,16.91182,5.497874,2073
21460,r2i1p1f1,2073,10,03,5.8214769027752205,14.767905,7.6753025,2073
21461,r2i1p1f1,2073,10,04,14.646343318348114,14.130504,8.804287,2073
21462,r2i1p1f1,2073,10,05,6.266305574871904,16.45871,9.04721,2073
21463,r2i1p1f1,2073,10,06,20.861071999780297,16.195255,9.561848,2073
21464,r2i1p1f1,2073,10,07,22.633821806812193,16.315092,9.666536,2073
21465,r2i1p1f1,2073,10,08,1.241790552484627,18.609785,6.4716415,2073
21466,r2i1p1f1,2073,10,09,4.882715705501211,20.962801,6.3339744,2073
21467,r2i1p1f1,2073,10,10,15.035882881987233,23.22516,7.478977,2073
21468,r2i1p1f1,2073,10,11,0.0,26.12359,10.4928255,2073
21469,r2i1p1f1,2073,10,12,0.0,25.944784,10.534129,2073
21470,r2i1p1f1,2073,10,13,0.0,26.060537,10.596251,2073
21471,r2i1p1f1,2073,10,14,0.0,25.708647,10.521133,2073
21472,r2i1p1f1,2073,10,15,0.0,24.255484,8.982097,2073
21473,r2i1p1f1,2073,10,16,0.023589464119420603,21.356314,7.6878695,2073
21474,r2i1p1f1,2073,10,17,57.69419622643349,14.442749,6.55634,2073
21475,r2i1p1f1,2073,10,18,31.1429282462296,12.130994,7.373257,2073
21476,r2i1p1f1,2073,10,19,7.421024098067182,17.780367,5.4789505,2073
21477,r2i1p1f1,2073,10,20,0.0,23.471815,6.6867456,2073
21478,r2i1p1f1,2073,10,21,0.0,23.185446,7.9549766,2073
21479,r2i1p1f1,2073,10,22,0.0,23.776285,8.014168,2073
21480,r2i1p1f1,2073,10,23,0.0,24.452105,8.390947,2073
21481,r2i1p1f1,2073,10,24,0.0,24.574648,8.857341,2073
21482,r2i1p1f1,2073,10,25,0.0,23.623972,8.118644,2073
21483,r2i1p1f1,2073,10,26,0.0,23.373,7.1550465,2073
21484,r2i1p1f1,2073,10,27,0.0,23.25258,8.115715,2073
21485,r2i1p1f1,2073,10,28,0.0,24.625532,8.3894615,2073
21486,r2i1p1f1,2073,10,29,0.0,24.8992,9.145772,2073
21487,r2i1p1f1,2073,10,30,0.0,22.72542,7.6689377,2073
21488,r2i1p1f1,2073,10,31,0.0,21.889042,7.7369933,2073
21489,r2i1p1f1,2073,11,01,24.029414198594168,19.557358,7.5497813,2073
21490,r2i1p1f1,2073,11,02,30.228451318823947,12.869186,7.758446,2073
21491,r2i1p1f1,2073,11,03,0.0,13.826907,2.0414186,2073
21492,r2i1p1f1,2073,11,04,0.0,15.190605,4.7942343,2073
21493,r2i1p1f1,2073,11,05,0.0451183689410055,17.051327,8.456785,2073
21494,r2i1p1f1,2073,11,06,1.6634238701884057,13.585754,8.450826,2073
21495,r2i1p1f1,2073,11,07,0.0,17.681377,5.0755806,2073
21496,r2i1p1f1,2073,11,08,0.0,16.791935,6.009414,2073
21497,r2i1p1f1,2073,11,09,0.0,23.15137,8.031213,2073
21498,r2i1p1f1,2073,11,10,0.0,23.009726,9.087651,2073
21499,r2i1p1f1,2073,11,11,0.0,20.650518,7.1715317,2073
21500,r2i1p1f1,2073,11,12,0.0,16.065765,5.3743906,2073
21501,r2i1p1f1,2073,11,13,0.0,20.425238,6.5518374,2073
21502,r2i1p1f1,2073,11,14,0.0,21.308445,7.081338,2073
21503,r2i1p1f1,2073,11,15,0.0,17.019138,5.767749,2073
21504,r2i1p1f1,2073,11,16,32.37831504890122,13.710947,4.3791947,2073
21505,r2i1p1f1,2073,11,17,0.17928483472906884,10.4783535,4.9274774,2073
21506,r2i1p1f1,2073,11,18,91.69024762590058,10.019475,4.794526,2073
21507,r2i1p1f1,2073,11,19,28.106908097218437,8.6505,-0.8146208,2073
21508,r2i1p1f1,2073,11,20,0.0,6.3321333,-1.0661123,2073
21509,r2i1p1f1,2073,11,21,0.0,8.301944,-0.2330957,2073
21510,r2i1p1f1,2073,11,22,0.0,9.0501995,1.56289,2073
21511,r2i1p1f1,2073,11,23,0.030704218974838462,12.3278885,1.3507266,2073
21512,r2i1p1f1,2073,11,24,18.15735658187455,12.541953,3.0733063,2073
21513,r2i1p1f1,2073,11,25,74.43222330095104,14.883394,7.4564066,2073
21514,r2i1p1f1,2073,11,26,97.69002403884839,18.286533,7.943561,2073
21515,r2i1p1f1,2073,11,27,46.983916819982156,13.598362,1.8982563,2073
21516,r2i1p1f1,2073,11,28,40.02312512423556,14.577521,1.8513665,2073
21517,r2i1p1f1,2073,11,29,114.07364803151442,19.622864,7.658771,2073
21518,r2i1p1f1,2073,11,30,93.36346231866628,16.423801,7.568771,2073
21519,r2i1p1f1,2073,12,01,11.465093221116918,11.456118,0.92081845,2073
21520,r2i1p1f1,2073,12,02,0.0,14.870305,3.158789,2073
21521,r2i1p1f1,2073,12,03,0.0,17.474115,5.8112783,2073
21522,r2i1p1f1,2073,12,04,0.0,18.108065,5.751653,2073
21523,r2i1p1f1,2073,12,05,0.0,18.486147,6.577012,2073
21524,r2i1p1f1,2073,12,06,1.197560031505418,20.225267,7.122014,2073
21525,r2i1p1f1,2073,12,07,5.1983349878670335,11.101512,0.10205107,2073
21526,r2i1p1f1,2073,12,08,0.0,7.937259,-4.503678,2073
21527,r2i1p1f1,2073,12,09,0.0,9.138918,-3.278941,2073
21528,r2i1p1f1,2073,12,10,0.0,13.451355,-0.85305345,2073
21529,r2i1p1f1,2073,12,11,0.0,12.290887,-1.3408964,2073
21530,r2i1p1f1,2073,12,12,0.0,7.2064524,-0.060393307,2073
21531,r2i1p1f1,2073,12,13,25.0683034326917,2.948899,-1.2596548,2073
21532,r2i1p1f1,2073,12,14,73.64144341375392,4.144465,-0.39171806,2073
21533,r2i1p1f1,2073,12,15,22.65529508921855,10.356295,-0.20030564,2073
21534,r2i1p1f1,2073,12,16,45.16302383540628,11.449533,1.3637122,2073
21535,r2i1p1f1,2073,12,17,61.41821014059063,14.459374,2.267429,2073
21536,r2i1p1f1,2073,12,18,2.120834329259826,13.412988,1.7060633,2073
21537,r2i1p1f1,2073,12,19,73.00716436987456,15.143703,2.344608,2073
21538,r2i1p1f1,2073,12,20,99.69598324969411,12.266156,1.3440932,2073
21539,r2i1p1f1,2073,12,21,3.8901633612340447,6.1580997,0.9948048,2073
21540,r2i1p1f1,2073,12,22,76.04765029212173,6.440715,1.3434128,2073
21541,r2i1p1f1,2073,12,23,86.04046086816547,11.21852,5.859172,2073
21542,r2i1p1f1,2073,12,24,94.06066061033366,10.730164,0.3166453,2073
21543,r2i1p1f1,2073,12,25,8.281474009933076,3.0008264,-1.9584061,2073
21544,r2i1p1f1,2073,12,26,0.0,3.6165948,-3.3432624,2073
21545,r2i1p1f1,2073,12,27,0.0,3.8745375,-0.6190466,2073
21546,r2i1p1f1,2073,12,28,0.0,5.0425706,0.5130856,2073
21547,r2i1p1f1,2073,12,29,0.0,7.6769214,-3.3206983,2073
21548,r2i1p1f1,2073,12,30,0.0,8.624314,-2.6464717,2073
21549,r2i1p1f1,2073,12,31,6.86850045491995,4.141335,-0.8345508,2073
21550,r2i1p1f1,2074,01,01,55.52476040992098,2.5891302,-2.1428797,2074
21551,r2i1p1f1,2074,01,02,24.135079558786508,5.3164854,-3.261461,2074
21552,r2i1p1f1,2074,01,03,0.0,4.9775443,-0.6682542,2074
21553,r2i1p1f1,2074,01,04,0.0,7.5031614,-1.316162,2074
21554,r2i1p1f1,2074,01,05,0.0,8.051239,-1.5250443,2074
21555,r2i1p1f1,2074,01,06,0.0,17.292599,2.0533838,2074
21556,r2i1p1f1,2074,01,07,0.0,18.342905,4.137482,2074
21557,r2i1p1f1,2074,01,08,0.0,17.255001,3.899492,2074
21558,r2i1p1f1,2074,01,09,0.0,12.574582,7.5767665,2074
21559,r2i1p1f1,2074,01,10,0.0,16.704725,4.5509768,2074
21560,r2i1p1f1,2074,01,11,0.0,19.767826,4.6120005,2074
21561,r2i1p1f1,2074,01,12,0.0,18.458418,3.1656835,2074
21562,r2i1p1f1,2074,01,13,0.0,16.596884,3.1904447,2074
21563,r2i1p1f1,2074,01,14,0.0,16.53465,4.1241174,2074
21564,r2i1p1f1,2074,01,15,0.0,14.378969,4.559835,2074
21565,r2i1p1f1,2074,01,16,0.0,12.685266,8.204779,2074
21566,r2i1p1f1,2074,01,17,0.0,17.279703,3.5323787,2074
21567,r2i1p1f1,2074,01,18,9.355586497846302,13.03403,3.6217713,2074
21568,r2i1p1f1,2074,01,19,7.18992026151262,8.996514,3.409889,2074
21569,r2i1p1f1,2074,01,20,0.0,15.081906,5.5635233,2074
21570,r2i1p1f1,2074,01,21,0.0,16.264774,3.2354288,2074
21571,r2i1p1f1,2074,01,22,0.0,12.711519,6.898389,2074
21572,r2i1p1f1,2074,01,23,2.01728103204984,9.745578,4.884127,2074
21573,r2i1p1f1,2074,01,24,0.0,13.209643,2.3756633,2074
21574,r2i1p1f1,2074,01,25,0.0,14.605596,0.4422004,2074
21575,r2i1p1f1,2074,01,26,0.0,17.958252,4.457148,2074
21576,r2i1p1f1,2074,01,27,0.0,17.97141,5.9793854,2074
21577,r2i1p1f1,2074,01,28,0.0,19.392693,4.7515078,2074
21578,r2i1p1f1,2074,01,29,0.0,15.977051,4.5924463,2074
21579,r2i1p1f1,2074,01,30,0.0,16.085575,3.4292986,2074
21580,r2i1p1f1,2074,01,31,9.285541507807256,8.733549,-1.0038401,2074
21581,r2i1p1f1,2074,02,01,23.94931596220256,7.258599,-0.8230658,2074
21582,r2i1p1f1,2074,02,02,0.9880966418607456,9.234834,-2.3295038,2074
21583,r2i1p1f1,2074,02,03,7.670984638780983,5.0619206,-1.4403027,2074
21584,r2i1p1f1,2074,02,04,23.171682643833964,7.4600973,-1.8975298,2074
21585,r2i1p1f1,2074,02,05,36.11701664452154,10.997909,-0.48378274,2074
21586,r2i1p1f1,2074,02,06,49.30780982473292,14.166823,6.425978,2074
21587,r2i1p1f1,2074,02,07,14.80035237976923,13.046582,6.7972193,2074
21588,r2i1p1f1,2074,02,08,0.0,16.39965,7.470682,2074
21589,r2i1p1f1,2074,02,09,10.962679821582592,15.309961,5.440389,2074
21590,r2i1p1f1,2074,02,10,0.0,16.474186,3.3606775,2074
21591,r2i1p1f1,2074,02,11,18.0035653287912,11.556979,1.4453089,2074
21592,r2i1p1f1,2074,02,12,0.1357186644432099,15.228265,5.735394,2074
21593,r2i1p1f1,2074,02,13,0.0,16.733192,6.5903773,2074
21594,r2i1p1f1,2074,02,14,0.0,19.073565,5.970741,2074
21595,r2i1p1f1,2074,02,15,0.0,19.946142,5.607881,2074
21596,r2i1p1f1,2074,02,16,0.0,21.390005,6.2132263,2074
21597,r2i1p1f1,2074,02,17,0.0,20.899952,6.337491,2074
21598,r2i1p1f1,2074,02,18,0.0,18.5077,4.405852,2074
21599,r2i1p1f1,2074,02,19,0.0,15.511503,0.8312897,2074
21600,r2i1p1f1,2074,02,20,36.81169338770605,11.675181,-0.924274,2074
21601,r2i1p1f1,2074,02,21,5.616986135051915,4.0405893,-2.5617106,2074
21602,r2i1p1f1,2074,02,22,0.0,6.4675536,-2.769727,2074
21603,r2i1p1f1,2074,02,23,0.0,16.76693,-0.3358026,2074
21604,r2i1p1f1,2074,02,24,0.0,16.751133,2.9856253,2074
21605,r2i1p1f1,2074,02,25,0.0,15.803721,3.1189044,2074
21606,r2i1p1f1,2074,02,26,0.0,11.664405,0.91465515,2074
21607,r2i1p1f1,2074,02,27,0.0,17.634058,1.254344,2074
21608,r2i1p1f1,2074,02,28,0.0,17.621124,4.2720304,2074
21609,r2i1p1f1,2074,03,01,0.0,19.926657,4.463147,2074
21610,r2i1p1f1,2074,03,02,0.0,20.480982,5.1493344,2074
21611,r2i1p1f1,2074,03,03,0.0,16.910028,3.8032048,2074
21612,r2i1p1f1,2074,03,04,0.0,15.524231,2.1642516,2074
21613,r2i1p1f1,2074,03,05,23.536985196943323,6.1013827,-3.2662296,2074
21614,r2i1p1f1,2074,03,06,11.196585671572953,6.329524,-9.736645,2074
21615,r2i1p1f1,2074,03,07,37.50182608760392,4.111389,-9.00438,2074
21616,r2i1p1f1,2074,03,08,64.85082553878713,3.791079,-5.603399,2074
21617,r2i1p1f1,2074,03,09,49.386562822082155,1.7432541,-3.9227757,2074
21618,r2i1p1f1,2074,03,10,17.4683325661695,3.5714283,-7.4686866,2074
21619,r2i1p1f1,2074,03,11,2.2345678095741905,5.373983,-4.990493,2074
21620,r2i1p1f1,2074,03,12,61.497419165859284,1.7344587,-2.331507,2074
21621,r2i1p1f1,2074,03,13,11.614887547868701,1.4652563,-8.68697,2074
21622,r2i1p1f1,2074,03,14,1.8384343564391132,3.2307258,-0.8359775,2074
21623,r2i1p1f1,2074,03,15,47.76728853332595,4.0478225,-4.541628,2074
21624,r2i1p1f1,2074,03,16,17.277059112250125,4.679689,-5.161452,2074
21625,r2i1p1f1,2074,03,17,0.0,6.186702,-7.6762366,2074
21626,r2i1p1f1,2074,03,18,3.580171203401943,3.4393194,-4.141993,2074
21627,r2i1p1f1,2074,03,19,0.038515702404905684,4.790077,-0.67511547,2074
21628,r2i1p1f1,2074,03,20,0.0,9.400702,0.3674787,2074
21629,r2i1p1f1,2074,03,21,0.0,8.309541,-1.934046,2074
21630,r2i1p1f1,2074,03,22,0.0,10.653277,-1.5575358,2074
21631,r2i1p1f1,2074,03,23,0.002690081405139958,11.78219,0.8287358,2074
21632,r2i1p1f1,2074,03,24,23.076361440717637,12.434197,-2.0680518,2074
21633,r2i1p1f1,2074,03,25,5.254360692554026,14.109902,2.2820842,2074
21634,r2i1p1f1,2074,03,26,0.1018577750764612,16.940098,3.0268958,2074
21635,r2i1p1f1,2074,03,27,0.0,18.166973,2.5888484,2074
21636,r2i1p1f1,2074,03,28,0.0,22.83494,4.57473,2074
21637,r2i1p1f1,2074,03,29,0.0,24.528507,7.530049,2074
21638,r2i1p1f1,2074,03,30,0.0,24.985996,7.7035813,2074
21639,r2i1p1f1,2074,03,31,0.0,27.014585,9.283199,2074
21640,r2i1p1f1,2074,04,01,0.0,28.277052,10.634173,2074
21641,r2i1p1f1,2074,04,02,0.0,28.390919,11.113929,2074
21642,r2i1p1f1,2074,04,03,0.0,27.26498,10.061685,2074
21643,r2i1p1f1,2074,04,04,0.0,24.802572,8.660464,2074
21644,r2i1p1f1,2074,04,05,0.0,26.925997,8.382443,2074
21645,r2i1p1f1,2074,04,06,0.0,26.91646,9.5008955,2074
21646,r2i1p1f1,2074,04,07,0.0,26.032873,10.530768,2074
21647,r2i1p1f1,2074,04,08,0.0,27.474321,10.713973,2074
21648,r2i1p1f1,2074,04,09,40.79911046876357,20.385479,3.73336,2074
21649,r2i1p1f1,2074,04,10,49.34877968088795,11.192916,-0.13264279,2074
21650,r2i1p1f1,2074,04,11,26.023888475342225,9.3166485,2.410724,2074
21651,r2i1p1f1,2074,04,12,4.327132791359663,14.698887,-1.7377145,2074
21652,r2i1p1f1,2074,04,13,13.396530972945934,13.630975,0.9514264,2074
21653,r2i1p1f1,2074,04,14,17.085667721893024,12.672575,3.9572368,2074
21654,r2i1p1f1,2074,04,15,16.069770466912395,10.936564,-0.2887671,2074
21655,r2i1p1f1,2074,04,16,15.248194717927477,6.888488,-3.3672807,2074
21656,r2i1p1f1,2074,04,17,45.50895586368055,6.004761,-5.0723267,2074
21657,r2i1p1f1,2074,04,18,9.368820070477131,6.822561,-1.1461495,2074
21658,r2i1p1f1,2074,04,19,0.0,13.181187,0.05119715,2074
21659,r2i1p1f1,2074,04,20,0.0,17.574024,2.1359694,2074
21660,r2i1p1f1,2074,04,21,0.0,19.451525,6.202017,2074
21661,r2i1p1f1,2074,04,22,0.0,22.976297,7.6435375,2074
21662,r2i1p1f1,2074,04,23,0.0,21.498238,5.6482663,2074
21663,r2i1p1f1,2074,04,24,42.51092587275287,14.776025,1.62845,2074
21664,r2i1p1f1,2074,04,25,19.51716381926627,10.08513,2.8775506,2074
21665,r2i1p1f1,2074,04,26,3.2874071905378233,8.60272,-3.3492064,2074
21666,r2i1p1f1,2074,04,27,10.834950554775647,8.33939,-3.7598665,2074
21667,r2i1p1f1,2074,04,28,0.9507963545799542,10.484118,-3.2579558,2074
21668,r2i1p1f1,2074,04,29,0.0,16.0069,-0.45427832,2074
21669,r2i1p1f1,2074,04,30,0.0,16.64303,1.4185816,2074
21670,r2i1p1f1,2074,05,01,0.12277817457708387,14.096572,6.98684,2074
21671,r2i1p1f1,2074,05,02,0.0,14.403877,3.4024158,2074
21672,r2i1p1f1,2074,05,03,0.2571418523635097,13.06894,-1.705708,2074
21673,r2i1p1f1,2074,05,04,0.0,12.717894,4.6604953,2074
21674,r2i1p1f1,2074,05,05,4.821034231337342,9.892152,-3.6031783,2074
21675,r2i1p1f1,2074,05,06,0.0,16.536154,0.18322656,2074
21676,r2i1p1f1,2074,05,07,0.0,18.70169,3.7010345,2074
21677,r2i1p1f1,2074,05,08,0.0,20.091791,3.5030134,2074
21678,r2i1p1f1,2074,05,09,0.0,18.769083,4.1835756,2074
21679,r2i1p1f1,2074,05,10,0.0,16.253605,0.9225774,2074
21680,r2i1p1f1,2074,05,11,0.0,20.095785,4.0559115,2074
21681,r2i1p1f1,2074,05,12,0.0,24.861227,7.8323097,2074
21682,r2i1p1f1,2074,05,13,0.0,24.402641,7.603722,2074
21683,r2i1p1f1,2074,05,14,0.1893895134799095,15.478017,-0.4116213,2074
21684,r2i1p1f1,2074,05,15,0.0,21.316544,3.2920916,2074
21685,r2i1p1f1,2074,05,16,0.0,24.813211,7.041106,2074
21686,r2i1p1f1,2074,05,17,0.0,25.923946,10.118385,2074
21687,r2i1p1f1,2074,05,18,0.3052541085428227,21.190413,5.71377,2074
21688,r2i1p1f1,2074,05,19,7.770812824226316,18.356195,1.6923147,2074
21689,r2i1p1f1,2074,05,20,5.53869674128184,17.969015,0.97636294,2074
21690,r2i1p1f1,2074,05,21,11.975248900741393,18.459145,4.1664786,2074
21691,r2i1p1f1,2074,05,22,0.17604964579312274,21.170074,6.1001086,2074
21692,r2i1p1f1,2074,05,23,0.4446241645522465,21.736723,5.6235538,2074
21693,r2i1p1f1,2074,05,24,0.0,29.201572,11.279289,2074
21694,r2i1p1f1,2074,05,25,0.0,31.926989,14.180127,2074
21695,r2i1p1f1,2074,05,26,0.0,31.97444,14.122424,2074
21696,r2i1p1f1,2074,05,27,0.0,30.797945,12.896353,2074
21697,r2i1p1f1,2074,05,28,0.0,31.410868,14.627,2074
21698,r2i1p1f1,2074,05,29,0.0,32.5983,14.984141,2074
21699,r2i1p1f1,2074,05,30,0.0,32.223843,14.786646,2074
21700,r2i1p1f1,2074,05,31,0.0,31.568468,13.420476,2074
21701,r2i1p1f1,2074,06,01,0.0,33.42766,15.273389,2074
21702,r2i1p1f1,2074,06,02,0.0,33.024258,14.756978,2074
21703,r2i1p1f1,2074,06,03,0.0,32.01998,14.309251,2074
21704,r2i1p1f1,2074,06,04,0.0,33.43447,14.616618,2074
21705,r2i1p1f1,2074,06,05,0.0,35.01497,16.107115,2074
21706,r2i1p1f1,2074,06,06,0.0,37.203888,17.462452,2074
21707,r2i1p1f1,2074,06,07,0.0,35.542923,17.843773,2074
21708,r2i1p1f1,2074,06,08,0.0,35.512226,16.423897,2074
21709,r2i1p1f1,2074,06,09,0.0,27.612953,9.959763,2074
21710,r2i1p1f1,2074,06,10,0.0,29.205973,11.107477,2074
21711,r2i1p1f1,2074,06,11,0.0,28.651747,10.363787,2074
21712,r2i1p1f1,2074,06,12,0.0,24.480267,7.965512,2074
21713,r2i1p1f1,2074,06,13,0.0,30.62289,11.887614,2074
21714,r2i1p1f1,2074,06,14,0.0,35.735275,17.362944,2074
21715,r2i1p1f1,2074,06,15,0.0,37.01295,19.252586,2074
21716,r2i1p1f1,2074,06,16,0.0,35.11714,16.708439,2074
21717,r2i1p1f1,2074,06,17,0.0,33.631847,14.824449,2074
21718,r2i1p1f1,2074,06,18,0.0,31.923168,13.227201,2074
21719,r2i1p1f1,2074,06,19,0.0,27.823843,9.75355,2074
21720,r2i1p1f1,2074,06,20,0.0,25.267725,8.8580265,2074
21721,r2i1p1f1,2074,06,21,0.0,24.64598,7.9573693,2074
21722,r2i1p1f1,2074,06,22,0.0,24.59732,7.585912,2074
21723,r2i1p1f1,2074,06,23,0.0,25.444773,8.310687,2074
21724,r2i1p1f1,2074,06,24,0.0,25.018635,6.1734977,2074
21725,r2i1p1f1,2074,06,25,0.0,23.764086,5.6436863,2074
21726,r2i1p1f1,2074,06,26,0.0,25.9796,8.317543,2074
21727,r2i1p1f1,2074,06,27,0.0,33.094337,14.097422,2074
21728,r2i1p1f1,2074,06,28,0.0,36.059956,16.664408,2074
21729,r2i1p1f1,2074,06,29,0.0,34.613037,18.506638,2074
21730,r2i1p1f1,2074,06,30,0.0,34.776093,17.607779,2074
21731,r2i1p1f1,2074,07,01,0.0,28.776962,10.312804,2074
21732,r2i1p1f1,2074,07,02,0.0,27.071157,8.773904,2074
21733,r2i1p1f1,2074,07,03,0.0,27.098238,9.564063,2074
21734,r2i1p1f1,2074,07,04,0.0,27.651611,10.143564,2074
21735,r2i1p1f1,2074,07,05,0.0,30.671616,12.552358,2074
21736,r2i1p1f1,2074,07,06,0.0,30.489489,12.987947,2074
21737,r2i1p1f1,2074,07,07,0.0,32.72618,14.238357,2074
21738,r2i1p1f1,2074,07,08,0.0,33.487606,15.314046,2074
21739,r2i1p1f1,2074,07,09,0.0,32.359993,14.730799,2074
21740,r2i1p1f1,2074,07,10,0.0,30.059673,14.021658,2074
21741,r2i1p1f1,2074,07,11,0.0,31.213999,14.027176,2074
21742,r2i1p1f1,2074,07,12,0.0,32.673416,14.256174,2074
21743,r2i1p1f1,2074,07,13,0.0,32.0508,16.343395,2074
21744,r2i1p1f1,2074,07,14,0.0,32.48215,17.003567,2074
21745,r2i1p1f1,2074,07,15,0.0,32.940197,16.858171,2074
21746,r2i1p1f1,2074,07,16,0.0,33.983456,17.630161,2074
21747,r2i1p1f1,2074,07,17,0.0,35.05081,18.19489,2074
21748,r2i1p1f1,2074,07,18,0.0,35.249687,19.01356,2074
21749,r2i1p1f1,2074,07,19,0.0,36.30615,19.880856,2074
21750,r2i1p1f1,2074,07,20,0.0,35.266006,17.935783,2074
21751,r2i1p1f1,2074,07,21,0.0,33.74502,16.063383,2074
21752,r2i1p1f1,2074,07,22,0.0,34.1237,16.3134,2074
21753,r2i1p1f1,2074,07,23,0.0,34.660027,18.202257,2074
21754,r2i1p1f1,2074,07,24,0.0,34.913887,17.187052,2074
21755,r2i1p1f1,2074,07,25,0.0,34.053555,17.18697,2074
21756,r2i1p1f1,2074,07,26,0.0,31.911201,14.7852,2074
21757,r2i1p1f1,2074,07,27,0.0,29.822704,12.619018,2074
21758,r2i1p1f1,2074,07,28,0.0,30.415503,12.745895,2074
21759,r2i1p1f1,2074,07,29,0.0,32.80785,15.46315,2074
21760,r2i1p1f1,2074,07,30,0.0,37.002434,19.491335,2074
21761,r2i1p1f1,2074,07,31,0.0,39.959305,20.51294,2074
21762,r2i1p1f1,2074,08,01,0.0,39.875217,21.424751,2074
21763,r2i1p1f1,2074,08,02,0.0,40.62766,22.442308,2074
21764,r2i1p1f1,2074,08,03,0.0,39.579647,21.399471,2074
21765,r2i1p1f1,2074,08,04,0.0,37.592155,20.509048,2074
21766,r2i1p1f1,2074,08,05,0.002913700406609748,37.00797,20.200932,2074
21767,r2i1p1f1,2074,08,06,0.0,39.3504,20.775045,2074
21768,r2i1p1f1,2074,08,07,0.00998219259669825,38.794147,20.91336,2074
21769,r2i1p1f1,2074,08,08,0.0,37.159523,19.526115,2074
21770,r2i1p1f1,2074,08,09,0.0,37.148586,20.283464,2074
21771,r2i1p1f1,2074,08,10,0.0,36.418743,19.389624,2074
21772,r2i1p1f1,2074,08,11,0.0,35.827503,19.745691,2074
21773,r2i1p1f1,2074,08,12,0.0,34.101475,17.697916,2074
21774,r2i1p1f1,2074,08,13,0.0,32.17908,15.28978,2074
21775,r2i1p1f1,2074,08,14,0.0,29.400127,12.152951,2074
21776,r2i1p1f1,2074,08,15,0.0,28.587772,11.809855,2074
21777,r2i1p1f1,2074,08,16,0.0,30.545141,13.568134,2074
21778,r2i1p1f1,2074,08,17,0.0,31.886187,15.292044,2074
21779,r2i1p1f1,2074,08,18,0.0,32.57572,16.65958,2074
21780,r2i1p1f1,2074,08,19,0.0,32.552753,16.914593,2074
21781,r2i1p1f1,2074,08,20,1.8580927526132796,33.466084,17.701466,2074
21782,r2i1p1f1,2074,08,21,5.054063702821693,33.137417,18.085941,2074
21783,r2i1p1f1,2074,08,22,0.7772087094893393,32.552383,16.581352,2074
21784,r2i1p1f1,2074,08,23,0.0,30.98834,15.153902,2074
21785,r2i1p1f1,2074,08,24,0.0,30.896894,14.845013,2074
21786,r2i1p1f1,2074,08,25,0.0,33.038345,16.444178,2074
21787,r2i1p1f1,2074,08,26,0.0,35.70703,18.817413,2074
21788,r2i1p1f1,2074,08,27,0.0,37.07719,21.04876,2074
21789,r2i1p1f1,2074,08,28,0.0,37.40843,20.272388,2074
21790,r2i1p1f1,2074,08,29,0.0,35.85131,19.836557,2074
21791,r2i1p1f1,2074,08,30,0.0,34.593067,16.829151,2074
21792,r2i1p1f1,2074,08,31,0.0,31.081026,14.704737,2074
21793,r2i1p1f1,2074,09,01,0.005503819556906819,27.75527,13.447447,2074
21794,r2i1p1f1,2074,09,02,0.0,27.235186,12.5517845,2074
21795,r2i1p1f1,2074,09,03,0.0,27.865723,11.925621,2074
21796,r2i1p1f1,2074,09,04,0.0,29.674765,13.043437,2074
21797,r2i1p1f1,2074,09,05,0.0,30.560978,13.764129,2074
21798,r2i1p1f1,2074,09,06,0.0,31.217802,14.628835,2074
21799,r2i1p1f1,2074,09,07,0.0,31.751982,14.556108,2074
21800,r2i1p1f1,2074,09,08,0.0,30.999882,13.301792,2074
21801,r2i1p1f1,2074,09,09,0.0,30.81199,13.849573,2074
21802,r2i1p1f1,2074,09,10,0.12967931868913113,29.942871,15.363213,2074
21803,r2i1p1f1,2074,09,11,0.11834305019314903,31.288805,14.238935,2074
21804,r2i1p1f1,2074,09,12,0.0,30.756212,13.824556,2074
21805,r2i1p1f1,2074,09,13,0.0,31.537691,14.038972,2074
21806,r2i1p1f1,2074,09,14,0.0,31.479326,14.159907,2074
21807,r2i1p1f1,2074,09,15,0.0,32.649807,14.515877,2074
21808,r2i1p1f1,2074,09,16,0.0,32.4116,15.10571,2074
21809,r2i1p1f1,2074,09,17,0.0,30.686216,14.5024605,2074
21810,r2i1p1f1,2074,09,18,0.0,30.81829,14.370073,2074
21811,r2i1p1f1,2074,09,19,0.0,32.09569,16.090372,2074
21812,r2i1p1f1,2074,09,20,0.1829881831606774,31.90396,14.743633,2074
21813,r2i1p1f1,2074,09,21,0.0,32.168816,14.804143,2074
21814,r2i1p1f1,2074,09,22,0.0,30.750025,13.349769,2074
21815,r2i1p1f1,2074,09,23,0.0,28.487812,13.46926,2074
21816,r2i1p1f1,2074,09,24,0.0,29.072733,12.799595,2074
21817,r2i1p1f1,2074,09,25,0.0,33.16683,15.536382,2074
21818,r2i1p1f1,2074,09,26,0.0,33.528767,16.253155,2074
21819,r2i1p1f1,2074,09,27,0.0,33.742092,16.295542,2074
21820,r2i1p1f1,2074,09,28,0.0,35.620663,16.838661,2074
21821,r2i1p1f1,2074,09,29,0.0,35.69855,17.915663,2074
21822,r2i1p1f1,2074,09,30,0.0,36.487732,18.514536,2074
21823,r2i1p1f1,2074,10,01,0.0,34.385536,15.755464,2074
21824,r2i1p1f1,2074,10,02,0.0,32.109413,14.880578,2074
21825,r2i1p1f1,2074,10,03,0.0,28.367733,11.3396015,2074
21826,r2i1p1f1,2074,10,04,0.0,24.743086,7.706226,2074
21827,r2i1p1f1,2074,10,05,0.0,22.6027,7.327125,2074
21828,r2i1p1f1,2074,10,06,0.0,25.888659,7.852219,2074
21829,r2i1p1f1,2074,10,07,0.0,28.187975,10.100618,2074
21830,r2i1p1f1,2074,10,08,0.0,28.122803,11.4036665,2074
21831,r2i1p1f1,2074,10,09,0.0,26.008793,10.586501,2074
21832,r2i1p1f1,2074,10,10,0.0,23.66683,8.816375,2074
21833,r2i1p1f1,2074,10,11,0.0,25.966707,10.220534,2074
21834,r2i1p1f1,2074,10,12,0.0,27.689735,11.952629,2074
21835,r2i1p1f1,2074,10,13,0.0,30.55858,14.5419,2074
21836,r2i1p1f1,2074,10,14,0.0,30.032824,14.980336,2074
21837,r2i1p1f1,2074,10,15,0.0,32.168816,15.411025,2074
21838,r2i1p1f1,2074,10,16,0.0,32.986004,16.547085,2074
21839,r2i1p1f1,2074,10,17,0.0,32.81755,17.345821,2074
21840,r2i1p1f1,2074,10,18,0.0,33.41537,16.874504,2074
21841,r2i1p1f1,2074,10,19,0.0,33.09504,14.919182,2074
21842,r2i1p1f1,2074,10,20,0.0,30.53628,14.315689,2074
21843,r2i1p1f1,2074,10,21,0.0,29.676983,15.075537,2074
21844,r2i1p1f1,2074,10,22,0.0,30.024254,13.93961,2074
21845,r2i1p1f1,2074,10,23,0.0,28.552794,13.251714,2074
21846,r2i1p1f1,2074,10,24,0.0,26.478735,11.593049,2074
21847,r2i1p1f1,2074,10,25,0.0,25.564648,10.630571,2074
21848,r2i1p1f1,2074,10,26,0.0,24.48639,9.385086,2074
21849,r2i1p1f1,2074,10,27,0.0,24.346476,9.432852,2074
21850,r2i1p1f1,2074,10,28,0.0,23.88747,8.309002,2074
21851,r2i1p1f1,2074,10,29,0.0,23.016127,7.603401,2074
21852,r2i1p1f1,2074,10,30,0.0,23.345222,5.6133614,2074
21853,r2i1p1f1,2074,10,31,0.0,23.339922,7.786526,2074
21854,r2i1p1f1,2074,11,01,0.0,22.235575,8.201699,2074
21855,r2i1p1f1,2074,11,02,0.0,16.402056,4.2682385,2074
21856,r2i1p1f1,2074,11,03,0.0,19.89709,5.07053,2074
21857,r2i1p1f1,2074,11,04,0.0,23.930758,6.481279,2074
21858,r2i1p1f1,2074,11,05,0.0,24.390568,9.033287,2074
21859,r2i1p1f1,2074,11,06,0.0,23.57819,8.203261,2074
21860,r2i1p1f1,2074,11,07,0.25091926345339743,22.268795,8.587095,2074
21861,r2i1p1f1,2074,11,08,0.0,20.780043,6.526221,2074
21862,r2i1p1f1,2074,11,09,0.0,17.980448,3.041664,2074
21863,r2i1p1f1,2074,11,10,0.0,13.121465,-0.38753068,2074
21864,r2i1p1f1,2074,11,11,16.880094970922354,14.480744,2.8490753,2074
21865,r2i1p1f1,2074,11,12,51.31857011717959,12.153728,7.1466837,2074
21866,r2i1p1f1,2074,11,13,3.5961560453310644,14.722952,7.3878245,2074
21867,r2i1p1f1,2074,11,14,0.0,13.322349,7.291843,2074
21868,r2i1p1f1,2074,11,15,0.04010018345490188,14.211232,7.605172,2074
21869,r2i1p1f1,2074,11,16,0.0940741361074078,17.930405,4.462914,2074
21870,r2i1p1f1,2074,11,17,0.0,18.681395,4.5649295,2074
21871,r2i1p1f1,2074,11,18,0.19204993763756087,13.515462,4.300597,2074
21872,r2i1p1f1,2074,11,19,46.31499028272139,12.474916,6.2440305,2074
21873,r2i1p1f1,2074,11,20,3.1100624414403475,11.5773,5.142291,2074
21874,r2i1p1f1,2074,11,21,0.9603078667938602,13.503289,6.194486,2074
21875,r2i1p1f1,2074,11,22,0.9355822571076435,11.124776,3.2908711,2074
21876,r2i1p1f1,2074,11,23,8.220956400551726,9.979172,5.4813194,2074
21877,r2i1p1f1,2074,11,24,18.427427866061826,10.60112,2.3865929,2074
21878,r2i1p1f1,2074,11,25,11.142620413067142,6.0407,-0.49887007,2074
21879,r2i1p1f1,2074,11,26,33.00787702363987,7.8417873,1.3316159,2074
21880,r2i1p1f1,2074,11,27,28.32503618242649,10.689946,-1.4298594,2074
21881,r2i1p1f1,2074,11,28,11.242217959415239,4.821427,-1.1914028,2074
21882,r2i1p1f1,2074,11,29,0.0,8.580276,-3.6559002,2074
21883,r2i1p1f1,2074,11,30,15.251059587955332,4.7289696,-2.3432744,2074
21884,r2i1p1f1,2074,12,01,36.73216898728592,7.5949917,-1.1852853,2074
21885,r2i1p1f1,2074,12,02,0.0,6.514673,-4.386186,2074
21886,r2i1p1f1,2074,12,03,0.0,11.943649,-1.1826704,2074
21887,r2i1p1f1,2074,12,04,0.0,13.308813,0.39281198,2074
21888,r2i1p1f1,2074,12,05,0.0,12.997373,0.1471542,2074
21889,r2i1p1f1,2074,12,06,0.0,15.321113,0.9202585,2074
21890,r2i1p1f1,2074,12,07,0.0,13.466155,1.2430305,2074
21891,r2i1p1f1,2074,12,08,0.0,11.805294,1.5043964,2074
21892,r2i1p1f1,2074,12,09,40.25014412786382,8.401066,0.85374284,2074
21893,r2i1p1f1,2074,12,10,14.146445529947345,8.408356,-0.6186859,2074
21894,r2i1p1f1,2074,12,11,0.0,9.567926,0.5564435,2074
21895,r2i1p1f1,2074,12,12,0.0,9.602847,4.1636376,2074
21896,r2i1p1f1,2074,12,13,0.0,12.490702,-0.11857624,2074
21897,r2i1p1f1,2074,12,14,0.0,7.0020094,-6.0721426,2074
21898,r2i1p1f1,2074,12,15,0.0,1.1307539,-10.052589,2074
21899,r2i1p1f1,2074,12,16,0.0,-1.3177,-12.459172,2074
21900,r2i1p1f1,2074,12,17,0.0,1.1320326,-10.511771,2074
21901,r2i1p1f1,2074,12,18,0.0,0.54954195,-8.882746,2074
21902,r2i1p1f1,2074,12,19,0.0,4.27564,-6.0491114,2074
21903,r2i1p1f1,2074,12,20,0.0,3.6607127,-3.613468,2074
21904,r2i1p1f1,2074,12,21,0.04083619653381622,4.641832,-0.5778621,2074
21905,r2i1p1f1,2074,12,22,0.013598071326179286,5.90588,-4.634569,2074
21906,r2i1p1f1,2074,12,23,0.0,6.249454,-6.26729,2074
21907,r2i1p1f1,2074,12,24,0.0,6.0462656,-4.3260064,2074
21908,r2i1p1f1,2074,12,25,26.21560480687409,2.9101691,-1.4726725,2074
21909,r2i1p1f1,2074,12,26,60.739226405544635,5.4825454,0.6861403,2074
21910,r2i1p1f1,2074,12,27,37.57513523781269,7.8768883,-2.7895665,2074
21911,r2i1p1f1,2074,12,28,13.804141665884973,2.311458,-8.864712,2074
21912,r2i1p1f1,2074,12,29,15.144827673569894,-0.01547877,-5.34244,2074
21913,r2i1p1f1,2074,12,30,63.74899438546541,4.841837,-1.8303845,2074
21914,r2i1p1f1,2074,12,31,0.0,3.4087446,-3.0577612,2074
21915,r2i1p1f1,2075,01,01,0.0,2.8955152,-6.4940834,2075
21916,r2i1p1f1,2075,01,02,0.0,5.396494,-6.5792704,2075
21917,r2i1p1f1,2075,01,03,0.0,9.846555,-3.9595275,2075
21918,r2i1p1f1,2075,01,04,0.0,11.464664,-3.130965,2075
21919,r2i1p1f1,2075,01,05,0.0,8.496692,-1.1430483,2075
21920,r2i1p1f1,2075,01,06,0.001927339172442981,7.0630307,-0.14311482,2075
21921,r2i1p1f1,2075,01,07,0.0,10.504025,0.2428587,2075
21922,r2i1p1f1,2075,01,08,0.0,13.794859,0.9271871,2075
21923,r2i1p1f1,2075,01,09,0.0,13.621491,-0.008626791,2075
21924,r2i1p1f1,2075,01,10,0.0,15.031175,1.4021466,2075
21925,r2i1p1f1,2075,01,11,0.0,16.989819,1.7101014,2075
21926,r2i1p1f1,2075,01,12,0.0,14.538931,-1.622108,2075
21927,r2i1p1f1,2075,01,13,5.070726626329885,8.63364,-4.1377945,2075
21928,r2i1p1f1,2075,01,14,14.328035945184707,2.7533584,-3.3597314,2075
21929,r2i1p1f1,2075,01,15,8.931115630321074,2.9998555,-6.383251,2075
21930,r2i1p1f1,2075,01,16,1.0080318323693187,2.4475543,-8.712026,2075
21931,r2i1p1f1,2075,01,17,14.164622142337835,1.6264797,-3.2989514,2075
21932,r2i1p1f1,2075,01,18,19.4448257221106,3.3874433,-7.085426,2075
21933,r2i1p1f1,2075,01,19,6.371503672989302,4.2426634,-5.364975,2075
21934,r2i1p1f1,2075,01,20,12.002792445575604,3.2332692,-2.3363888,2075
21935,r2i1p1f1,2075,01,21,0.582158556660663,7.341105,-7.5716224,2075
21936,r2i1p1f1,2075,01,22,20.12544045260606,1.8107806,-6.6445413,2075
21937,r2i1p1f1,2075,01,23,6.930697961972608,2.0589879,-8.9875555,2075
21938,r2i1p1f1,2075,01,24,22.921255149636774,2.409229,-2.4575055,2075
21939,r2i1p1f1,2075,01,25,34.49230734966897,2.6049058,-2.5047545,2075
21940,r2i1p1f1,2075,01,26,5.917984345796867,3.0157115,-3.4908838,2075
21941,r2i1p1f1,2075,01,27,0.0,7.1548305,-6.197271,2075
21942,r2i1p1f1,2075,01,28,0.0,2.819373,-11.632768,2075
21943,r2i1p1f1,2075,01,29,0.0,5.913513,-5.432934,2075
21944,r2i1p1f1,2075,01,30,31.544197016941887,3.5086462,-1.938569,2075
21945,r2i1p1f1,2075,01,31,0.0969542633776235,6.2385225,-5.0468526,2075
21946,r2i1p1f1,2075,02,01,0.0,10.317561,0.30870146,2075
21947,r2i1p1f1,2075,02,02,8.508227073504644,7.559971,0.83533216,2075
21948,r2i1p1f1,2075,02,03,0.0,12.760517,1.753648,2075
21949,r2i1p1f1,2075,02,04,7.869383770412242,8.885423,2.1851027,2075
21950,r2i1p1f1,2075,02,05,0.19998559869236487,10.298325,1.5760736,2075
21951,r2i1p1f1,2075,02,06,26.18768481636205,8.689446,1.1518637,2075
21952,r2i1p1f1,2075,02,07,43.67979167548653,9.181224,2.3416927,2075
21953,r2i1p1f1,2075,02,08,0.017227391827663478,8.848733,-3.6247034,2075
21954,r2i1p1f1,2075,02,09,15.943626565813947,11.767441,-1.3654876,2075
21955,r2i1p1f1,2075,02,10,105.88262569911491,15.304969,3.4763074,2075
21956,r2i1p1f1,2075,02,11,57.87263193006556,14.874886,-0.26678976,2075
21957,r2i1p1f1,2075,02,12,0.0,11.092056,-0.14434765,2075
21958,r2i1p1f1,2075,02,13,0.0,6.9310913,-4.8095574,2075
21959,r2i1p1f1,2075,02,14,0.3792988262900438,5.78027,-1.3466219,2075
21960,r2i1p1f1,2075,02,15,0.598080577541483,5.017361,-0.056024697,2075
21961,r2i1p1f1,2075,02,16,10.864386600867594,4.46757,-1.2213895,2075
21962,r2i1p1f1,2075,02,17,1.7217157134137568,4.3432164,-3.2239506,2075
21963,r2i1p1f1,2075,02,18,0.0,4.637009,-4.3011208,2075
21964,r2i1p1f1,2075,02,19,0.0,8.506848,-2.8637898,2075
21965,r2i1p1f1,2075,02,20,0.0,12.584737,0.5245601,2075
21966,r2i1p1f1,2075,02,21,16.867382803040808,10.792775,-2.0881505,2075
21967,r2i1p1f1,2075,02,22,32.42490588185879,9.555852,2.156483,2075
21968,r2i1p1f1,2075,02,23,15.603363715322653,7.5320034,2.51677,2075
21969,r2i1p1f1,2075,02,24,57.37353719170922,7.9768434,0.030576658,2075
21970,r2i1p1f1,2075,02,25,0.0,7.47383,-1.8099158,2075
21971,r2i1p1f1,2075,02,26,0.0,8.944757,-3.4090698,2075
21972,r2i1p1f1,2075,02,27,68.13684763619676,3.0585723,-1.1414865,2075
21973,r2i1p1f1,2075,02,28,65.35148825317334,3.3928185,-2.0860338,2075
21974,r2i1p1f1,2075,03,01,16.52846088931815,4.195148,-9.589226,2075
21975,r2i1p1f1,2075,03,02,12.462569399884579,2.1326716,-2.1144862,2075
21976,r2i1p1f1,2075,03,03,26.02816985678286,3.2273784,-0.9992697,2075
21977,r2i1p1f1,2075,03,04,0.01022589605362065,9.111429,0.4419001,2075
21978,r2i1p1f1,2075,03,05,0.0,6.9968905,0.9510234,2075
21979,r2i1p1f1,2075,03,06,0.0,9.101367,4.0712485,2075
21980,r2i1p1f1,2075,03,07,7.650653958563243,6.2300253,1.8385847,2075
21981,r2i1p1f1,2075,03,08,1.6187200039894378,7.9796877,-6.574477,2075
21982,r2i1p1f1,2075,03,09,0.0,13.700651,-2.9060984,2075
21983,r2i1p1f1,2075,03,10,0.0,15.140115,0.2324297,2075
21984,r2i1p1f1,2075,03,11,0.0,15.695642,1.8409177,2075
21985,r2i1p1f1,2075,03,12,0.0,17.52202,2.6601386,2075
21986,r2i1p1f1,2075,03,13,0.0,15.626594,2.1586108,2075
21987,r2i1p1f1,2075,03,14,0.0,17.294573,2.7379613,2075
21988,r2i1p1f1,2075,03,15,0.0,18.224178,3.6318378,2075
21989,r2i1p1f1,2075,03,16,0.0,19.773468,4.431615,2075
21990,r2i1p1f1,2075,03,17,0.0,20.378372,4.555548,2075
21991,r2i1p1f1,2075,03,18,0.0,20.49968,5.537719,2075
21992,r2i1p1f1,2075,03,19,0.0,20.82833,6.399072,2075
21993,r2i1p1f1,2075,03,20,0.0,17.877153,3.77894,2075
21994,r2i1p1f1,2075,03,21,1.0551369823028485,12.398995,0.96513444,2075
21995,r2i1p1f1,2075,03,22,12.07706681323963,10.019131,5.3631964,2075
21996,r2i1p1f1,2075,03,23,8.607641419607367,12.289726,2.7102013,2075
21997,r2i1p1f1,2075,03,24,77.87203181069344,12.919462,-1.9301519,2075
21998,r2i1p1f1,2075,03,25,0.14790680936410075,20.94674,3.1541326,2075
21999,r2i1p1f1,2075,03,26,0.0,24.14075,6.8671412,2075
22000,r2i1p1f1,2075,03,27,0.0,23.221445,7.1789174,2075
22001,r2i1p1f1,2075,03,28,7.1738030906649675,15.907011,2.1666942,2075
22002,r2i1p1f1,2075,03,29,0.938843180371735,15.467654,1.9993423,2075
22003,r2i1p1f1,2075,03,30,0.0,16.245625,2.7810795,2075
22004,r2i1p1f1,2075,03,31,0.25418457934602673,11.600973,-0.19681804,2075
22005,r2i1p1f1,2075,04,01,0.49081912510910813,9.996118,0.2450364,2075
22006,r2i1p1f1,2075,04,02,21.28649640900011,3.6857734,-2.681787,2075
22007,r2i1p1f1,2075,04,03,11.861255757825207,2.3696141,-5.6469016,2075
22008,r2i1p1f1,2075,04,04,0.0,6.7864366,-7.0505505,2075
22009,r2i1p1f1,2075,04,05,0.0,11.117418,-3.6790912,2075
22010,r2i1p1f1,2075,04,06,0.0,11.331396,5.5576224,2075
22011,r2i1p1f1,2075,04,07,0.0,23.93591,6.0012584,2075
22012,r2i1p1f1,2075,04,08,0.0,26.737091,8.420612,2075
22013,r2i1p1f1,2075,04,09,0.5670292838028848,23.294266,6.887052,2075
22014,r2i1p1f1,2075,04,10,6.523045938732908,11.518798,1.4146553,2075
22015,r2i1p1f1,2075,04,11,0.0,17.80596,2.2322075,2075
22016,r2i1p1f1,2075,04,12,0.0,18.587015,3.2504075,2075
22017,r2i1p1f1,2075,04,13,11.233923263548954,11.337324,0.76043427,2075
22018,r2i1p1f1,2075,04,14,13.337018295827034,6.5594044,-3.6494768,2075
22019,r2i1p1f1,2075,04,15,2.0783929856126915,7.268126,-1.4430616,2075
22020,r2i1p1f1,2075,04,16,0.0,17.886478,-0.30507436,2075
22021,r2i1p1f1,2075,04,17,0.0,21.099535,2.702671,2075
22022,r2i1p1f1,2075,04,18,0.0,21.763067,4.953281,2075
22023,r2i1p1f1,2075,04,19,0.0,17.683348,4.9375052,2075
22024,r2i1p1f1,2075,04,20,0.0,16.646908,2.4044406,2075
22025,r2i1p1f1,2075,04,21,0.0,14.68239,1.9212201,2075
22026,r2i1p1f1,2075,04,22,57.40352185049023,6.953561,-2.4847796,2075
22027,r2i1p1f1,2075,04,23,4.14997420038372,6.6712294,-5.949392,2075
22028,r2i1p1f1,2075,04,24,0.0,11.372778,-1.4537445,2075
22029,r2i1p1f1,2075,04,25,0.0,12.486915,2.3565164,2075
22030,r2i1p1f1,2075,04,26,0.0,12.60244,-0.3272175,2075
22031,r2i1p1f1,2075,04,27,0.0,15.389764,-0.38485315,2075
22032,r2i1p1f1,2075,04,28,0.0,18.66751,2.4102423,2075
22033,r2i1p1f1,2075,04,29,0.0,19.155283,4.1901417,2075
22034,r2i1p1f1,2075,04,30,0.0,18.750242,2.861465,2075
22035,r2i1p1f1,2075,05,01,0.0,18.692598,4.089237,2075
22036,r2i1p1f1,2075,05,02,0.0,24.583334,5.5161295,2075
22037,r2i1p1f1,2075,05,03,0.0,26.604467,9.434686,2075
22038,r2i1p1f1,2075,05,04,0.0,28.525362,11.396314,2075
22039,r2i1p1f1,2075,05,05,0.0,26.846992,8.737657,2075
22040,r2i1p1f1,2075,05,06,5.654884374346763,13.930098,4.2146378,2075
22041,r2i1p1f1,2075,05,07,4.610744472553891,16.097134,2.5613136,2075
22042,r2i1p1f1,2075,05,08,0.0,22.724352,6.680447,2075
22043,r2i1p1f1,2075,05,09,1.4275951182963371,16.016933,0.5686049,2075
22044,r2i1p1f1,2075,05,10,0.0,13.061052,0.977831,2075
22045,r2i1p1f1,2075,05,11,0.0,22.654745,4.17751,2075
22046,r2i1p1f1,2075,05,12,0.0,28.707262,11.007822,2075
22047,r2i1p1f1,2075,05,13,0.0,29.586943,13.479055,2075
22048,r2i1p1f1,2075,05,14,7.428692448033521,23.78002,7.2308187,2075
22049,r2i1p1f1,2075,05,15,0.8899154453571939,18.692427,3.1718304,2075
22050,r2i1p1f1,2075,05,16,0.0,20.698456,5.7053757,2075
22051,r2i1p1f1,2075,05,17,0.2650831957120877,26.169653,9.62448,2075
22052,r2i1p1f1,2075,05,18,0.5019537929351477,23.663605,5.837157,2075
22053,r2i1p1f1,2075,05,19,0.0,19.266922,3.8793225,2075
22054,r2i1p1f1,2075,05,20,2.3844478075681343,14.704383,3.398281,2075
22055,r2i1p1f1,2075,05,21,0.12093009337639579,19.07631,3.0167537,2075
22056,r2i1p1f1,2075,05,22,0.0,23.35458,9.351142,2075
22057,r2i1p1f1,2075,05,23,0.10655919937002742,21.403126,11.54705,2075
22058,r2i1p1f1,2075,05,24,0.0,24.268585,8.848418,2075
22059,r2i1p1f1,2075,05,25,0.0,24.999208,8.499558,2075
22060,r2i1p1f1,2075,05,26,1.9050054369262608,25.809452,8.645159,2075
22061,r2i1p1f1,2075,05,27,0.0,28.191368,10.835547,2075
22062,r2i1p1f1,2075,05,28,0.0,31.131693,13.801027,2075
22063,r2i1p1f1,2075,05,29,0.0,30.990475,14.71992,2075
22064,r2i1p1f1,2075,05,30,0.0,30.130953,13.406267,2075
22065,r2i1p1f1,2075,05,31,0.0,29.69453,12.9219055,2075
22066,r2i1p1f1,2075,06,01,0.0,28.644527,10.14886,2075
22067,r2i1p1f1,2075,06,02,0.0,26.157774,9.219594,2075
22068,r2i1p1f1,2075,06,03,1.6163896380791043,25.58326,7.559158,2075
22069,r2i1p1f1,2075,06,04,0.07127971968237454,30.995914,12.836594,2075
22070,r2i1p1f1,2075,06,05,0.0,33.01823,14.802549,2075
22071,r2i1p1f1,2075,06,06,0.0,32.79363,14.977636,2075
22072,r2i1p1f1,2075,06,07,0.036806551217803365,28.413544,11.7907,2075
22073,r2i1p1f1,2075,06,08,0.0,29.507174,12.164878,2075
22074,r2i1p1f1,2075,06,09,0.0,29.595484,12.999632,2075
22075,r2i1p1f1,2075,06,10,0.0,28.905436,11.905172,2075
22076,r2i1p1f1,2075,06,11,0.0,25.48786,10.043149,2075
22077,r2i1p1f1,2075,06,12,0.07250094081078154,23.069736,7.6390076,2075
22078,r2i1p1f1,2075,06,13,0.7446533572734692,17.309961,7.3775682,2075
22079,r2i1p1f1,2075,06,14,0.0,20.665648,4.5060153,2075
22080,r2i1p1f1,2075,06,15,0.038368826678309306,21.519358,6.2298293,2075
22081,r2i1p1f1,2075,06,16,0.0,23.644474,8.008586,2075
22082,r2i1p1f1,2075,06,17,0.0,26.13378,10.915216,2075
22083,r2i1p1f1,2075,06,18,0.0,29.190126,11.73525,2075
22084,r2i1p1f1,2075,06,19,0.0,29.880863,12.850384,2075
22085,r2i1p1f1,2075,06,20,0.0,30.088247,12.564221,2075
22086,r2i1p1f1,2075,06,21,0.0,31.207418,13.450151,2075
22087,r2i1p1f1,2075,06,22,0.0,31.464512,13.647319,2075
22088,r2i1p1f1,2075,06,23,0.0,31.842255,13.914488,2075
22089,r2i1p1f1,2075,06,24,0.0,31.057339,12.344387,2075
22090,r2i1p1f1,2075,06,25,0.0,27.881363,11.182702,2075
22091,r2i1p1f1,2075,06,26,0.0,25.178204,9.808188,2075
22092,r2i1p1f1,2075,06,27,0.0,23.222183,7.463335,2075
22093,r2i1p1f1,2075,06,28,0.0,26.922945,12.07705,2075
22094,r2i1p1f1,2075,06,29,0.0,30.959166,14.664424,2075
22095,r2i1p1f1,2075,06,30,0.0,33.042236,15.235118,2075
22096,r2i1p1f1,2075,07,01,0.0,32.60993,15.236919,2075
22097,r2i1p1f1,2075,07,02,0.0,32.11132,14.203261,2075
22098,r2i1p1f1,2075,07,03,0.0,32.60534,14.030908,2075
22099,r2i1p1f1,2075,07,04,0.0,32.91266,14.182524,2075
22100,r2i1p1f1,2075,07,05,0.0,32.287075,13.556826,2075
22101,r2i1p1f1,2075,07,06,0.0,31.679844,15.329527,2075
22102,r2i1p1f1,2075,07,07,0.0,32.974316,17.183512,2075
22103,r2i1p1f1,2075,07,08,0.0,33.91457,15.2335615,2075
22104,r2i1p1f1,2075,07,09,0.0,34.105587,14.338332,2075
22105,r2i1p1f1,2075,07,10,0.0,33.81607,16.496424,2075
22106,r2i1p1f1,2075,07,11,0.0,33.956837,17.305101,2075
22107,r2i1p1f1,2075,07,12,0.0,34.723827,16.991198,2075
22108,r2i1p1f1,2075,07,13,0.0,35.6863,17.12305,2075
22109,r2i1p1f1,2075,07,14,0.0,36.26887,18.42878,2075
22110,r2i1p1f1,2075,07,15,0.0,36.740253,18.636026,2075
22111,r2i1p1f1,2075,07,16,0.0,36.31491,17.67688,2075
22112,r2i1p1f1,2075,07,17,0.0,36.203613,18.718937,2075
22113,r2i1p1f1,2075,07,18,0.0,38.215023,19.863678,2075
22114,r2i1p1f1,2075,07,19,0.0,37.304424,19.671469,2075
22115,r2i1p1f1,2075,07,20,0.0,37.68386,18.785824,2075
22116,r2i1p1f1,2075,07,21,0.0,36.99466,18.077051,2075
22117,r2i1p1f1,2075,07,22,0.0,33.67016,17.562004,2075
22118,r2i1p1f1,2075,07,23,0.0,31.87063,14.725959,2075
22119,r2i1p1f1,2075,07,24,0.0,32.421795,15.024688,2075
22120,r2i1p1f1,2075,07,25,0.0,34.518417,16.16123,2075
22121,r2i1p1f1,2075,07,26,0.0,34.36798,17.270782,2075
22122,r2i1p1f1,2075,07,27,0.0,34.563225,17.667646,2075
22123,r2i1p1f1,2075,07,28,0.0,34.391983,17.969261,2075
22124,r2i1p1f1,2075,07,29,0.0,34.496826,17.579996,2075
22125,r2i1p1f1,2075,07,30,0.0,35.633926,18.23564,2075
22126,r2i1p1f1,2075,07,31,0.0,37.043083,19.15498,2075
22127,r2i1p1f1,2075,08,01,0.0,37.776955,19.419743,2075
22128,r2i1p1f1,2075,08,02,0.0,37.518456,19.395445,2075
22129,r2i1p1f1,2075,08,03,0.0,37.27455,18.955162,2075
22130,r2i1p1f1,2075,08,04,0.0,35.759583,17.99321,2075
22131,r2i1p1f1,2075,08,05,0.0,34.90902,16.705835,2075
22132,r2i1p1f1,2075,08,06,0.0,34.703583,17.258057,2075
22133,r2i1p1f1,2075,08,07,0.0,35.014053,17.960556,2075
22134,r2i1p1f1,2075,08,08,0.0,34.93119,16.688883,2075
22135,r2i1p1f1,2075,08,09,0.0,33.865017,16.048195,2075
22136,r2i1p1f1,2075,08,10,0.0,33.25919,16.37257,2075
22137,r2i1p1f1,2075,08,11,0.0,33.546577,15.305208,2075
22138,r2i1p1f1,2075,08,12,0.0,34.177025,15.453386,2075
22139,r2i1p1f1,2075,08,13,0.0,33.686115,16.601349,2075
22140,r2i1p1f1,2075,08,14,0.0,34.14465,17.08726,2075
22141,r2i1p1f1,2075,08,15,0.0,33.679745,16.865143,2075
22142,r2i1p1f1,2075,08,16,0.0,32.1432,16.401783,2075
22143,r2i1p1f1,2075,08,17,0.0,30.43831,14.678391,2075
22144,r2i1p1f1,2075,08,18,0.0,29.250092,13.464213,2075
22145,r2i1p1f1,2075,08,19,0.0,28.705595,12.179819,2075
22146,r2i1p1f1,2075,08,20,0.0,26.609892,10.217203,2075
22147,r2i1p1f1,2075,08,21,0.0,25.235846,8.406074,2075
22148,r2i1p1f1,2075,08,22,0.0,28.171192,10.974126,2075
22149,r2i1p1f1,2075,08,23,0.0,29.033741,12.487953,2075
22150,r2i1p1f1,2075,08,24,0.0,28.164686,11.973134,2075
22151,r2i1p1f1,2075,08,25,0.0,28.471807,11.897348,2075
22152,r2i1p1f1,2075,08,26,0.0,30.598438,13.192226,2075
22153,r2i1p1f1,2075,08,27,0.0,32.787376,17.197271,2075
22154,r2i1p1f1,2075,08,28,0.0,34.875477,18.023783,2075
22155,r2i1p1f1,2075,08,29,0.0,35.0661,18.255,2075
22156,r2i1p1f1,2075,08,30,0.0,32.544823,14.543301,2075
22157,r2i1p1f1,2075,08,31,0.0,30.977886,13.205127,2075
22158,r2i1p1f1,2075,09,01,0.0,30.531275,16.252823,2075
22159,r2i1p1f1,2075,09,02,0.0,30.81777,16.115263,2075
22160,r2i1p1f1,2075,09,03,0.0,29.817188,14.131306,2075
22161,r2i1p1f1,2075,09,04,0.0,26.188442,11.689411,2075
22162,r2i1p1f1,2075,09,05,0.0,24.824442,9.513717,2075
22163,r2i1p1f1,2075,09,06,0.0,25.379326,9.897193,2075
22164,r2i1p1f1,2075,09,07,0.0,27.682516,11.779834,2075
22165,r2i1p1f1,2075,09,08,0.0,28.219643,12.555117,2075
22166,r2i1p1f1,2075,09,09,0.0,29.818316,12.75421,2075
22167,r2i1p1f1,2075,09,10,0.0,28.217524,12.226421,2075
22168,r2i1p1f1,2075,09,11,0.0,27.742525,11.662649,2075
22169,r2i1p1f1,2075,09,12,0.0,27.136728,12.189804,2075
22170,r2i1p1f1,2075,09,13,0.0,30.120752,11.325904,2075
22171,r2i1p1f1,2075,09,14,0.0,31.475273,13.732586,2075
22172,r2i1p1f1,2075,09,15,0.0,31.620192,13.467288,2075
22173,r2i1p1f1,2075,09,16,0.0,31.577587,14.426316,2075
22174,r2i1p1f1,2075,09,17,13.315829068009267,28.477865,14.217893,2075
22175,r2i1p1f1,2075,09,18,3.775587956698263,22.199053,9.147153,2075
22176,r2i1p1f1,2075,09,19,0.0,23.194462,8.743896,2075
22177,r2i1p1f1,2075,09,20,8.871192243504293,22.952442,8.539077,2075
22178,r2i1p1f1,2075,09,21,0.0,25.14531,9.385789,2075
22179,r2i1p1f1,2075,09,22,0.0,26.096199,10.758484,2075
22180,r2i1p1f1,2075,09,23,0.0,30.006046,13.842439,2075
22181,r2i1p1f1,2075,09,24,0.0,31.76951,15.713872,2075
22182,r2i1p1f1,2075,09,25,0.0,31.889933,15.53692,2075
22183,r2i1p1f1,2075,09,26,0.0,31.054386,15.244641,2075
22184,r2i1p1f1,2075,09,27,0.0,28.61422,13.386257,2075
22185,r2i1p1f1,2075,09,28,0.0,29.33714,13.892603,2075
22186,r2i1p1f1,2075,09,29,0.4175845779312882,28.358585,12.822986,2075
22187,r2i1p1f1,2075,09,30,2.3657426374764046,26.425236,12.101765,2075
22188,r2i1p1f1,2075,10,01,0.3495008365287224,28.121532,12.987296,2075
22189,r2i1p1f1,2075,10,02,3.104819322306167,32.41738,15.443779,2075
22190,r2i1p1f1,2075,10,03,0.0,34.149464,17.021492,2075
22191,r2i1p1f1,2075,10,04,0.0,34.534855,16.800062,2075
22192,r2i1p1f1,2075,10,05,0.0,31.366774,17.971012,2075
22193,r2i1p1f1,2075,10,06,18.70830971792412,26.191542,12.816325,2075
22194,r2i1p1f1,2075,10,07,18.658697212902972,23.890675,10.509309,2075
22195,r2i1p1f1,2075,10,08,15.913731669206754,20.402973,8.403034,2075
22196,r2i1p1f1,2075,10,09,10.619910432461229,19.458414,8.421353,2075
22197,r2i1p1f1,2075,10,10,0.0,24.333082,9.336098,2075
22198,r2i1p1f1,2075,10,11,0.0,26.093935,11.154585,2075
22199,r2i1p1f1,2075,10,12,0.0,25.721611,10.698413,2075
22200,r2i1p1f1,2075,10,13,0.0,23.209072,8.761088,2075
22201,r2i1p1f1,2075,10,14,0.0,23.043417,8.755938,2075
22202,r2i1p1f1,2075,10,15,0.0,27.636898,11.641983,2075
22203,r2i1p1f1,2075,10,16,0.0,28.788237,12.294344,2075
22204,r2i1p1f1,2075,10,17,0.0,28.267252,10.122482,2075
22205,r2i1p1f1,2075,10,18,0.011939452619676908,23.025034,8.947624,2075
22206,r2i1p1f1,2075,10,19,0.0,21.119013,8.387392,2075
22207,r2i1p1f1,2075,10,20,0.0,19.182589,4.4030356,2075
22208,r2i1p1f1,2075,10,21,0.0,19.981287,6.099779,2075
22209,r2i1p1f1,2075,10,22,0.0,25.268759,7.8167334,2075
22210,r2i1p1f1,2075,10,23,0.0,28.236958,11.908527,2075
22211,r2i1p1f1,2075,10,24,0.0,29.713135,11.743399,2075
22212,r2i1p1f1,2075,10,25,0.0,28.707865,10.899741,2075
22213,r2i1p1f1,2075,10,26,0.006937798473070591,24.110592,10.80897,2075
22214,r2i1p1f1,2075,10,27,13.88181856891606,14.785022,5.98502,2075
22215,r2i1p1f1,2075,10,28,6.895609487736902,11.674951,-0.96730196,2075
22216,r2i1p1f1,2075,10,29,5.189504538122072,5.708569,-3.3398054,2075
22217,r2i1p1f1,2075,10,30,0.04915794295881754,3.9569218,-3.2028072,2075
22218,r2i1p1f1,2075,10,31,0.0,6.585881,-7.2806797,2075
22219,r2i1p1f1,2075,11,01,0.0,14.055989,-3.139148,2075
22220,r2i1p1f1,2075,11,02,0.0,14.85375,0.99953395,2075
22221,r2i1p1f1,2075,11,03,0.0,15.047627,1.1263659,2075
22222,r2i1p1f1,2075,11,04,0.0,13.852593,-0.576357,2075
22223,r2i1p1f1,2075,11,05,0.0,14.7776,-0.7044293,2075
22224,r2i1p1f1,2075,11,06,0.0,16.07196,0.16055249,2075
22225,r2i1p1f1,2075,11,07,0.0,17.754618,1.7033261,2075
22226,r2i1p1f1,2075,11,08,0.0,18.773697,3.6746447,2075
22227,r2i1p1f1,2075,11,09,0.0,19.58608,2.5482886,2075
22228,r2i1p1f1,2075,11,10,0.0,18.78845,2.648983,2075
22229,r2i1p1f1,2075,11,11,0.0,19.496098,2.728596,2075
22230,r2i1p1f1,2075,11,12,0.0,18.675951,2.975131,2075
22231,r2i1p1f1,2075,11,13,0.0,18.020391,3.1988237,2075
22232,r2i1p1f1,2075,11,14,0.0,16.922928,1.4028873,2075
22233,r2i1p1f1,2075,11,15,0.0,19.683746,2.4816287,2075
22234,r2i1p1f1,2075,11,16,0.0,20.8585,2.7982814,2075
22235,r2i1p1f1,2075,11,17,0.0,20.984459,3.6206007,2075
22236,r2i1p1f1,2075,11,18,0.0,22.464376,4.0767617,2075
22237,r2i1p1f1,2075,11,19,0.0,22.343437,3.6534765,2075
22238,r2i1p1f1,2075,11,20,0.0,22.710703,3.6230989,2075
22239,r2i1p1f1,2075,11,21,0.0,22.940304,3.4030151,2075
22240,r2i1p1f1,2075,11,22,0.0,22.803663,2.106581,2075
22241,r2i1p1f1,2075,11,23,0.0,22.456978,2.4970686,2075
22242,r2i1p1f1,2075,11,24,0.0,21.660845,1.5386324,2075
22243,r2i1p1f1,2075,11,25,0.0,20.406807,2.082876,2075
22244,r2i1p1f1,2075,11,26,0.0,19.295412,4.238698,2075
22245,r2i1p1f1,2075,11,27,0.0,20.680996,2.843355,2075
22246,r2i1p1f1,2075,11,28,0.0,20.868944,-0.6521536,2075
22247,r2i1p1f1,2075,11,29,0.0,19.850855,2.70798,2075
22248,r2i1p1f1,2075,11,30,8.710884775232094,11.515676,3.6182673,2075
22249,r2i1p1f1,2075,12,01,11.732613678088036,10.214455,4.3446603,2075
22250,r2i1p1f1,2075,12,02,0.0,14.29614,3.478152,2075
22251,r2i1p1f1,2075,12,03,0.0,15.597505,3.72497,2075
22252,r2i1p1f1,2075,12,04,0.0,17.835697,5.3953323,2075
22253,r2i1p1f1,2075,12,05,0.0,18.082956,4.536193,2075
22254,r2i1p1f1,2075,12,06,0.0,17.958998,3.893717,2075
22255,r2i1p1f1,2075,12,07,0.0,18.56905,3.2927754,2075
22256,r2i1p1f1,2075,12,08,0.0,16.85242,3.887166,2075
22257,r2i1p1f1,2075,12,09,0.0,16.40889,5.377317,2075
22258,r2i1p1f1,2075,12,10,0.0,16.02653,3.5765517,2075
22259,r2i1p1f1,2075,12,11,0.0,14.870316,3.2424688,2075
22260,r2i1p1f1,2075,12,12,18.15634225598702,9.047172,4.70218,2075
22261,r2i1p1f1,2075,12,13,99.50751554435836,9.475005,4.962797,2075
22262,r2i1p1f1,2075,12,14,0.0,12.098693,-3.755078,2075
22263,r2i1p1f1,2075,12,15,0.0,8.369672,-5.2651925,2075
22264,r2i1p1f1,2075,12,16,0.0,5.2713757,-8.472908,2075
22265,r2i1p1f1,2075,12,17,0.0,6.3587513,-6.419749,2075
22266,r2i1p1f1,2075,12,18,1.0331365767587368,6.8523307,-2.8056324,2075
22267,r2i1p1f1,2075,12,19,11.537016535588078,5.8018503,-5.3863645,2075
22268,r2i1p1f1,2075,12,20,0.0,4.5794325,-13.172936,2075
22269,r2i1p1f1,2075,12,21,0.0,-3.394098,-13.00594,2075
22270,r2i1p1f1,2075,12,22,0.0,2.2429347,-9.19073,2075
22271,r2i1p1f1,2075,12,23,0.0,8.096049,-6.0484476,2075
22272,r2i1p1f1,2075,12,24,0.0,10.982283,-3.146813,2075
22273,r2i1p1f1,2075,12,25,0.0,10.383255,-3.5526772,2075
22274,r2i1p1f1,2075,12,26,0.0,9.229524,-2.7250896,2075
22275,r2i1p1f1,2075,12,27,0.0,7.7906637,-2.836361,2075
22276,r2i1p1f1,2075,12,28,0.0,6.8318214,-2.5654583,2075
22277,r2i1p1f1,2075,12,29,0.0,15.484302,3.2715442,2075
22278,r2i1p1f1,2075,12,30,0.0,18.076763,5.8088784,2075
22279,r2i1p1f1,2075,12,31,0.0,17.790846,6.110936,2075
22280,r2i1p1f1,2076,01,01,0.0,21.117716,6.7144322,2076
22281,r2i1p1f1,2076,01,02,0.0,20.832144,6.1566377,2076
22282,r2i1p1f1,2076,01,03,0.0,19.009481,5.4842005,2076
22283,r2i1p1f1,2076,01,04,0.0,15.33472,5.815903,2076
22284,r2i1p1f1,2076,01,05,0.5866873843562923,12.22469,6.5369444,2076
22285,r2i1p1f1,2076,01,06,28.56061960113808,9.416851,5.499479,2076
22286,r2i1p1f1,2076,01,07,5.059818480318567,12.417983,6.265103,2076
22287,r2i1p1f1,2076,01,08,48.971509211696684,11.130451,5.7298756,2076
22288,r2i1p1f1,2076,01,09,38.10123617653377,9.973809,2.7237666,2076
22289,r2i1p1f1,2076,01,10,0.0,9.702197,2.0830462,2076
22290,r2i1p1f1,2076,01,11,0.5768794052755766,12.712077,2.651819,2076
22291,r2i1p1f1,2076,01,12,0.0,17.599977,6.004731,2076
22292,r2i1p1f1,2076,01,13,0.0,17.064972,4.944842,2076
22293,r2i1p1f1,2076,01,14,0.0,14.430886,5.2437415,2076
22294,r2i1p1f1,2076,01,15,0.0,13.898997,5.570889,2076
22295,r2i1p1f1,2076,01,16,0.0006273474215189568,15.9409075,5.969291,2076
22296,r2i1p1f1,2076,01,17,0.0,20.682003,6.671532,2076
22297,r2i1p1f1,2076,01,18,0.0,18.589336,6.5277367,2076
22298,r2i1p1f1,2076,01,19,0.0,16.836973,7.0041394,2076
22299,r2i1p1f1,2076,01,20,2.611046582887866,12.129874,6.9963064,2076
22300,r2i1p1f1,2076,01,21,0.0,10.848399,6.3539567,2076
22301,r2i1p1f1,2076,01,22,10.837972079627015,8.374826,1.4260888,2076
22302,r2i1p1f1,2076,01,23,0.0,14.134271,2.3352532,2076
22303,r2i1p1f1,2076,01,24,0.0,18.220158,5.386608,2076
22304,r2i1p1f1,2076,01,25,0.0,18.689655,7.108402,2076
22305,r2i1p1f1,2076,01,26,17.186534823961736,13.576235,4.429015,2076
22306,r2i1p1f1,2076,01,27,3.407238393929919,8.690844,1.5982068,2076
22307,r2i1p1f1,2076,01,28,0.0,8.15298,-2.2576282,2076
22308,r2i1p1f1,2076,01,29,0.0,8.562346,-4.2764344,2076
22309,r2i1p1f1,2076,01,30,0.0,9.973585,-4.95881,2076
22310,r2i1p1f1,2076,01,31,0.0,13.065876,-1.6324809,2076
22311,r2i1p1f1,2076,02,01,0.0,13.359485,-1.3022306,2076
22312,r2i1p1f1,2076,02,02,4.52966133634618,6.9378304,-1.114464,2076
22313,r2i1p1f1,2076,02,03,3.728374001240389,4.205941,-0.6118985,2076
22314,r2i1p1f1,2076,02,04,0.0,9.277403,1.8521717,2076
22315,r2i1p1f1,2076,02,05,26.086572321107198,8.651757,0.31205916,2076
22316,r2i1p1f1,2076,02,06,0.9872319421377213,5.998898,1.8078693,2076
22317,r2i1p1f1,2076,02,07,63.07418186826488,5.8137593,-0.44541708,2076
22318,r2i1p1f1,2076,02,08,35.17508781559837,4.97407,0.59621096,2076
22319,r2i1p1f1,2076,02,09,20.927801355495692,9.682155,0.8176872,2076
22320,r2i1p1f1,2076,02,10,30.79833113980175,7.9633727,1.5165744,2076
22321,r2i1p1f1,2076,02,11,0.0,9.24322,2.0291438,2076
22322,r2i1p1f1,2076,02,12,0.0,9.697625,0.31875718,2076
22323,r2i1p1f1,2076,02,13,20.491390033231045,7.6235843,2.4285808,2076
22324,r2i1p1f1,2076,02,14,28.2216238012412,8.537089,2.2258132,2076
22325,r2i1p1f1,2076,02,15,0.0,11.19694,-1.2941532,2076
22326,r2i1p1f1,2076,02,16,0.0,16.893398,2.606797,2076
22327,r2i1p1f1,2076,02,17,0.0,16.765505,3.412497,2076
22328,r2i1p1f1,2076,02,18,0.0,15.141168,4.0109777,2076
22329,r2i1p1f1,2076,02,19,0.0,12.013735,4.922811,2076
22330,r2i1p1f1,2076,02,20,21.309522067223533,7.080404,0.88868606,2076
22331,r2i1p1f1,2076,02,21,13.766296202923582,6.3384037,1.5694757,2076
22332,r2i1p1f1,2076,02,22,9.768712648544282,8.639836,1.9674921,2076
22333,r2i1p1f1,2076,02,23,14.008502588974526,8.957331,-4.606699,2076
22334,r2i1p1f1,2076,02,24,1.0339143451206978,-0.55638546,-9.144958,2076
22335,r2i1p1f1,2076,02,25,0.0,-0.3988446,-11.926477,2076
22336,r2i1p1f1,2076,02,26,0.0,2.6042185,-5.321578,2076
22337,r2i1p1f1,2076,02,27,0.0,8.777089,-6.489963,2076
22338,r2i1p1f1,2076,02,28,0.0,8.871067,-4.273299,2076
22339,r2i1p1f1,2076,02,29,0.0,10.246333,-2.0298498,2076
22340,r2i1p1f1,2076,03,01,0.0,13.159233,-2.0249848,2076
22341,r2i1p1f1,2076,03,02,0.0,12.531777,-2.0391796,2076
22342,r2i1p1f1,2076,03,03,0.3493088843032848,7.6672006,-4.3869433,2076
22343,r2i1p1f1,2076,03,04,31.475621002027765,1.1284053,-3.4398854,2076
22344,r2i1p1f1,2076,03,05,7.223678842036372,3.5336175,-4.962713,2076
22345,r2i1p1f1,2076,03,06,0.0,6.566991,-5.7362843,2076
22346,r2i1p1f1,2076,03,07,0.030097700049170638,6.492511,-5.9509616,2076
22347,r2i1p1f1,2076,03,08,8.420703041617973,6.463109,-2.6234322,2076
22348,r2i1p1f1,2076,03,09,0.0,8.147972,-0.67471683,2076
22349,r2i1p1f1,2076,03,10,0.0,7.69178,1.1113901,2076
22350,r2i1p1f1,2076,03,11,0.0,8.099111,-2.2376845,2076
22351,r2i1p1f1,2076,03,12,0.0,7.6772556,0.7159358,2076
22352,r2i1p1f1,2076,03,13,0.0,14.0238695,-1.3317809,2076
22353,r2i1p1f1,2076,03,14,0.0,14.872701,0.87490344,2076
22354,r2i1p1f1,2076,03,15,0.0,17.187193,4.510419,2076
22355,r2i1p1f1,2076,03,16,0.0,17.004234,1.1949966,2076
22356,r2i1p1f1,2076,03,17,0.0,16.08481,1.0860616,2076
22357,r2i1p1f1,2076,03,18,31.79965624317097,7.0319095,0.80367446,2076
22358,r2i1p1f1,2076,03,19,14.930992369430056,4.1921597,-0.07499421,2076
22359,r2i1p1f1,2076,03,20,0.40217165040723135,10.107812,-2.143487,2076
22360,r2i1p1f1,2076,03,21,0.0,11.343672,-0.6852316,2076
22361,r2i1p1f1,2076,03,22,8.722582094868322,5.868324,-1.2193848,2076
22362,r2i1p1f1,2076,03,23,2.225683467503796,6.274997,0.13830742,2076
22363,r2i1p1f1,2076,03,24,7.961276160183563,7.030728,1.9845339,2076
22364,r2i1p1f1,2076,03,25,0.0,9.47323,-0.92760134,2076
22365,r2i1p1f1,2076,03,26,0.21562167230338394,12.368348,-1.5620835,2076
22366,r2i1p1f1,2076,03,27,0.0,11.4812355,-1.8072311,2076
22367,r2i1p1f1,2076,03,28,3.7632602172939538,5.476696,-2.6125717,2076
22368,r2i1p1f1,2076,03,29,0.9956478824348708,6.9156227,-2.906286,2076
22369,r2i1p1f1,2076,03,30,0.10795527196023613,10.601565,-2.3319144,2076
22370,r2i1p1f1,2076,03,31,0.0,18.089863,1.598585,2076
22371,r2i1p1f1,2076,04,01,0.0,20.106031,1.6326625,2076
22372,r2i1p1f1,2076,04,02,0.9702540201662766,10.970467,-1.3314327,2076
22373,r2i1p1f1,2076,04,03,4.679652861159411,5.6786914,-0.2891159,2076
22374,r2i1p1f1,2076,04,04,2.2813321492811576,6.9175854,-2.0115526,2076
22375,r2i1p1f1,2076,04,05,0.0,13.331751,-1.5789797,2076
22376,r2i1p1f1,2076,04,06,0.0,18.164375,1.0344428,2076
22377,r2i1p1f1,2076,04,07,0.0,21.67415,4.641317,2076
22378,r2i1p1f1,2076,04,08,0.0,25.249014,8.31198,2076
22379,r2i1p1f1,2076,04,09,0.0,27.663794,8.966521,2076
22380,r2i1p1f1,2076,04,10,0.0,27.375282,9.566251,2076
22381,r2i1p1f1,2076,04,11,0.0,21.162153,6.2347403,2076
22382,r2i1p1f1,2076,04,12,0.0,21.406738,5.363729,2076
22383,r2i1p1f1,2076,04,13,0.0,19.87877,3.9458392,2076
22384,r2i1p1f1,2076,04,14,0.0,17.804525,4.612173,2076
22385,r2i1p1f1,2076,04,15,0.0,17.870358,5.023524,2076
22386,r2i1p1f1,2076,04,16,5.756762059536413,14.637741,2.4075344,2076
22387,r2i1p1f1,2076,04,17,0.003999028418687745,21.471445,4.0863266,2076
22388,r2i1p1f1,2076,04,18,0.32125416344989877,19.568779,5.638973,2076
22389,r2i1p1f1,2076,04,19,6.365401963061091,12.237644,0.15691924,2076
22390,r2i1p1f1,2076,04,20,34.33499561237673,9.7477665,-3.2326753,2076
22391,r2i1p1f1,2076,04,21,1.3976813966599786,8.636578,-1.6917951,2076
22392,r2i1p1f1,2076,04,22,0.2830712017594823,11.891798,-3.474295,2076
22393,r2i1p1f1,2076,04,23,1.776037268980592,9.660694,1.8293308,2076
22394,r2i1p1f1,2076,04,24,0.531274604984971,9.932559,-1.5471427,2076
22395,r2i1p1f1,2076,04,25,29.163148258651116,11.51891,-3.4974315,2076
22396,r2i1p1f1,2076,04,26,3.368821973757664,9.055128,1.0632594,2076
22397,r2i1p1f1,2076,04,27,0.5477265095788215,14.1815815,-0.36694357,2076
22398,r2i1p1f1,2076,04,28,1.0698522970345108,13.677183,3.063495,2076
22399,r2i1p1f1,2076,04,29,0.9614680583861348,15.196848,-0.267866,2076
22400,r2i1p1f1,2076,04,30,3.4771244449635,15.4533615,0.89399415,2076
22401,r2i1p1f1,2076,05,01,11.74406417271362,19.143236,2.7209663,2076
22402,r2i1p1f1,2076,05,02,0.3275541776719575,25.58597,8.496965,2076
22403,r2i1p1f1,2076,05,03,0.0,27.152662,9.823095,2076
22404,r2i1p1f1,2076,05,04,0.0,27.561422,10.266582,2076
22405,r2i1p1f1,2076,05,05,0.0,26.19698,11.274238,2076
22406,r2i1p1f1,2076,05,06,0.0,26.604269,10.108743,2076
22407,r2i1p1f1,2076,05,07,0.01450363622727589,24.091293,8.215259,2076
22408,r2i1p1f1,2076,05,08,0.0,25.10831,7.8868985,2076
22409,r2i1p1f1,2076,05,09,0.0,24.310997,7.768733,2076
22410,r2i1p1f1,2076,05,10,0.0,23.178555,7.226248,2076
22411,r2i1p1f1,2076,05,11,0.0,18.507328,4.054194,2076
22412,r2i1p1f1,2076,05,12,2.9290995341538153,12.294039,4.6573963,2076
22413,r2i1p1f1,2076,05,13,0.24177660258059264,17.395792,1.7503314,2076
22414,r2i1p1f1,2076,05,14,0.0,24.957655,5.913611,2076
22415,r2i1p1f1,2076,05,15,0.008146064517579642,25.089342,7.164933,2076
22416,r2i1p1f1,2076,05,16,0.0,23.385952,6.1449156,2076
22417,r2i1p1f1,2076,05,17,0.0,22.244366,6.195991,2076
22418,r2i1p1f1,2076,05,18,0.0,25.310377,6.581886,2076
22419,r2i1p1f1,2076,05,19,0.0,24.773912,8.830806,2076
22420,r2i1p1f1,2076,05,20,0.00045775884350755054,24.034224,8.493218,2076
22421,r2i1p1f1,2076,05,21,0.0,23.851114,7.148491,2076
22422,r2i1p1f1,2076,05,22,0.010941503933281638,22.96803,4.8450265,2076
22423,r2i1p1f1,2076,05,23,0.0,22.653233,6.433598,2076
22424,r2i1p1f1,2076,05,24,0.0,24.047153,10.93586,2076
22425,r2i1p1f1,2076,05,25,0.0,24.670708,8.307103,2076
22426,r2i1p1f1,2076,05,26,0.6365533373005187,20.329851,5.387365,2076
22427,r2i1p1f1,2076,05,27,0.977770917730735,19.027441,3.9923835,2076
22428,r2i1p1f1,2076,05,28,0.0,24.475782,6.9043875,2076
22429,r2i1p1f1,2076,05,29,0.29073301551621766,23.228563,7.9034986,2076
22430,r2i1p1f1,2076,05,30,0.0,27.115536,10.418831,2076
22431,r2i1p1f1,2076,05,31,0.0,28.821259,11.73058,2076
22432,r2i1p1f1,2076,06,01,0.0,28.752895,10.274904,2076
22433,r2i1p1f1,2076,06,02,0.0,23.519897,7.716765,2076
22434,r2i1p1f1,2076,06,03,0.0,22.358639,6.8820786,2076
22435,r2i1p1f1,2076,06,04,0.0,22.50667,7.766498,2076
22436,r2i1p1f1,2076,06,05,0.0,22.335794,9.7383175,2076
22437,r2i1p1f1,2076,06,06,0.0,19.40545,6.001329,2076
22438,r2i1p1f1,2076,06,07,0.0,26.140133,7.661079,2076
22439,r2i1p1f1,2076,06,08,0.0,23.878021,8.902988,2076
22440,r2i1p1f1,2076,06,09,0.0,22.484915,7.6329956,2076
22441,r2i1p1f1,2076,06,10,0.0,24.72753,7.520254,2076
22442,r2i1p1f1,2076,06,11,0.0,27.391005,9.0133505,2076
22443,r2i1p1f1,2076,06,12,0.0,28.856207,11.251938,2076
22444,r2i1p1f1,2076,06,13,0.0,31.478487,13.180335,2076
22445,r2i1p1f1,2076,06,14,0.0,32.721985,13.96009,2076
22446,r2i1p1f1,2076,06,15,0.9593921609988544,32.96222,16.11659,2076
22447,r2i1p1f1,2076,06,16,0.0,30.823994,13.581487,2076
22448,r2i1p1f1,2076,06,17,0.0,27.06566,12.007103,2076
22449,r2i1p1f1,2076,06,18,0.0,23.93437,8.034426,2076
22450,r2i1p1f1,2076,06,19,0.0,26.18192,9.385797,2076
22451,r2i1p1f1,2076,06,20,0.0,30.473671,11.98753,2076
22452,r2i1p1f1,2076,06,21,0.0,28.772211,12.076369,2076
22453,r2i1p1f1,2076,06,22,0.01974786461617511,27.104937,10.446595,2076
22454,r2i1p1f1,2076,06,23,0.0,29.965595,11.4090395,2076
22455,r2i1p1f1,2076,06,24,0.0,31.0608,12.473418,2076
22456,r2i1p1f1,2076,06,25,0.0,32.852997,13.397446,2076
22457,r2i1p1f1,2076,06,26,0.0,33.826923,14.9987545,2076
22458,r2i1p1f1,2076,06,27,0.0,33.059975,14.995555,2076
22459,r2i1p1f1,2076,06,28,0.0,34.307045,15.552129,2076
22460,r2i1p1f1,2076,06,29,0.0,32.295555,14.50077,2076
22461,r2i1p1f1,2076,06,30,0.0,31.797607,14.476403,2076
22462,r2i1p1f1,2076,07,01,0.615977239906967,32.501183,13.945607,2076
22463,r2i1p1f1,2076,07,02,0.0,31.72499,13.922736,2076
22464,r2i1p1f1,2076,07,03,0.012245286052348092,29.195576,14.884637,2076
22465,r2i1p1f1,2076,07,04,4.322250113518049,31.34652,16.306114,2076
22466,r2i1p1f1,2076,07,05,0.0,32.438644,14.937529,2076
22467,r2i1p1f1,2076,07,06,0.0,32.989033,16.532011,2076
22468,r2i1p1f1,2076,07,07,0.0,33.15335,17.42495,2076
22469,r2i1p1f1,2076,07,08,0.0,34.136387,16.173944,2076
22470,r2i1p1f1,2076,07,09,0.0,34.400646,15.814339,2076
22471,r2i1p1f1,2076,07,10,0.0,34.353615,16.238556,2076
22472,r2i1p1f1,2076,07,11,0.0,33.349125,15.21022,2076
22473,r2i1p1f1,2076,07,12,0.0,32.323048,14.963626,2076
22474,r2i1p1f1,2076,07,13,0.0,31.941685,14.257629,2076
22475,r2i1p1f1,2076,07,14,0.0,32.661785,14.580202,2076
22476,r2i1p1f1,2076,07,15,0.0,33.809944,15.783794,2076
22477,r2i1p1f1,2076,07,16,0.0,33.66264,15.7431135,2076
22478,r2i1p1f1,2076,07,17,0.0,32.244637,15.63711,2076
22479,r2i1p1f1,2076,07,18,0.0,32.509922,15.557287,2076
22480,r2i1p1f1,2076,07,19,0.0,34.265175,16.418524,2076
22481,r2i1p1f1,2076,07,20,0.0,35.100857,17.388134,2076
22482,r2i1p1f1,2076,07,21,0.0,35.42926,17.56127,2076
22483,r2i1p1f1,2076,07,22,0.0,35.195427,17.208136,2076
22484,r2i1p1f1,2076,07,23,0.002730821282826722,31.67329,14.768616,2076
22485,r2i1p1f1,2076,07,24,0.0,30.618681,13.819832,2076
22486,r2i1p1f1,2076,07,25,0.0,31.587315,15.009944,2076
22487,r2i1p1f1,2076,07,26,0.0,31.948784,16.78796,2076
22488,r2i1p1f1,2076,07,27,0.0,32.021336,15.657742,2076
22489,r2i1p1f1,2076,07,28,0.0,33.93468,16.074272,2076
22490,r2i1p1f1,2076,07,29,0.0,37.148125,19.924864,2076
22491,r2i1p1f1,2076,07,30,0.0,37.599026,19.68215,2076
22492,r2i1p1f1,2076,07,31,0.0,36.57611,19.107096,2076
22493,r2i1p1f1,2076,08,01,0.0,34.07458,16.388123,2076
22494,r2i1p1f1,2076,08,02,0.0,33.312195,15.529326,2076
22495,r2i1p1f1,2076,08,03,0.0,33.984516,17.43708,2076
22496,r2i1p1f1,2076,08,04,0.0,34.411484,16.846605,2076
22497,r2i1p1f1,2076,08,05,0.0,35.085224,16.979088,2076
22498,r2i1p1f1,2076,08,06,0.0,35.861034,17.644491,2076
22499,r2i1p1f1,2076,08,07,0.0,34.77603,16.812017,2076
22500,r2i1p1f1,2076,08,08,0.0,34.312637,16.354757,2076
22501,r2i1p1f1,2076,08,09,0.0,35.771633,18.988974,2076
22502,r2i1p1f1,2076,08,10,0.0,37.792023,21.323383,2076
22503,r2i1p1f1,2076,08,11,0.0,37.96927,22.240646,2076
22504,r2i1p1f1,2076,08,12,0.0,35.894215,19.376022,2076
22505,r2i1p1f1,2076,08,13,0.0,33.039543,15.79053,2076
22506,r2i1p1f1,2076,08,14,0.0,32.909985,14.498167,2076
22507,r2i1p1f1,2076,08,15,0.0,33.27509,15.929847,2076
22508,r2i1p1f1,2076,08,16,0.0,33.062893,16.12396,2076
22509,r2i1p1f1,2076,08,17,0.0,32.216393,16.821762,2076
22510,r2i1p1f1,2076,08,18,0.0,32.81114,15.275256,2076
22511,r2i1p1f1,2076,08,19,0.0,31.767359,15.158632,2076
22512,r2i1p1f1,2076,08,20,0.0,31.241158,13.452646,2076
22513,r2i1p1f1,2076,08,21,0.0,29.644205,11.806621,2076
22514,r2i1p1f1,2076,08,22,0.0,27.37848,11.117072,2076
22515,r2i1p1f1,2076,08,23,0.0,26.927944,10.963601,2076
22516,r2i1p1f1,2076,08,24,0.0,29.397411,12.253665,2076
22517,r2i1p1f1,2076,08,25,0.0,33.449715,15.164443,2076
22518,r2i1p1f1,2076,08,26,0.0,33.8287,17.305416,2076
22519,r2i1p1f1,2076,08,27,0.0,32.971592,17.961401,2076
22520,r2i1p1f1,2076,08,28,0.0,32.509182,16.631187,2076
22521,r2i1p1f1,2076,08,29,0.0,31.441788,14.605135,2076
22522,r2i1p1f1,2076,08,30,0.0,29.595772,12.74487,2076
22523,r2i1p1f1,2076,08,31,0.0,30.72955,13.032765,2076
22524,r2i1p1f1,2076,09,01,0.0,30.716537,15.104028,2076
22525,r2i1p1f1,2076,09,02,0.0,27.073969,12.628874,2076
22526,r2i1p1f1,2076,09,03,0.0,27.826717,11.784945,2076
22527,r2i1p1f1,2076,09,04,0.0,31.230795,15.584895,2076
22528,r2i1p1f1,2076,09,05,0.06664403799032488,32.057804,15.533547,2076
22529,r2i1p1f1,2076,09,06,0.03283788783636947,30.276167,13.589597,2076
22530,r2i1p1f1,2076,09,07,0.4854902328868495,31.498022,14.126027,2076
22531,r2i1p1f1,2076,09,08,0.0,34.33968,18.04837,2076
22532,r2i1p1f1,2076,09,09,0.0,35.296856,18.590685,2076
22533,r2i1p1f1,2076,09,10,0.0,34.194798,18.777882,2076
22534,r2i1p1f1,2076,09,11,0.0,34.06291,17.121399,2076
22535,r2i1p1f1,2076,09,12,0.0,32.087296,16.07167,2076
22536,r2i1p1f1,2076,09,13,0.0,31.406193,15.060921,2076
22537,r2i1p1f1,2076,09,14,0.0,30.91648,13.795981,2076
22538,r2i1p1f1,2076,09,15,0.0,28.95403,12.080044,2076
22539,r2i1p1f1,2076,09,16,0.0,26.955685,10.667243,2076
22540,r2i1p1f1,2076,09,17,0.0,24.445963,8.013225,2076
22541,r2i1p1f1,2076,09,18,0.13208366704720204,20.168232,6.3926377,2076
22542,r2i1p1f1,2076,09,19,0.0,22.65911,8.547351,2076
22543,r2i1p1f1,2076,09,20,0.004894604297498098,25.80488,10.247475,2076
22544,r2i1p1f1,2076,09,21,0.0,28.970947,9.490052,2076
22545,r2i1p1f1,2076,09,22,0.0,27.333096,10.169502,2076
22546,r2i1p1f1,2076,09,23,0.0,27.657013,10.861723,2076
22547,r2i1p1f1,2076,09,24,0.0,29.129126,8.312188,2076
22548,r2i1p1f1,2076,09,25,0.0,30.30055,13.486547,2076
22549,r2i1p1f1,2076,09,26,0.0,30.122084,14.3030815,2076
22550,r2i1p1f1,2076,09,27,0.0,28.394972,11.874501,2076
22551,r2i1p1f1,2076,09,28,0.0,23.164442,7.424834,2076
22552,r2i1p1f1,2076,09,29,0.0,20.444351,4.308121,2076
22553,r2i1p1f1,2076,09,30,0.0,16.598625,-0.09718205,2076
22554,r2i1p1f1,2076,10,01,0.0,14.890957,0.87603635,2076
22555,r2i1p1f1,2076,10,02,0.0,18.45734,2.632414,2076
22556,r2i1p1f1,2076,10,03,0.0,22.397362,3.5711536,2076
22557,r2i1p1f1,2076,10,04,0.14049858268313423,24.978163,7.644644,2076
22558,r2i1p1f1,2076,10,05,0.0,23.460121,5.77782,2076
22559,r2i1p1f1,2076,10,06,0.0,26.77797,6.031873,2076
22560,r2i1p1f1,2076,10,07,0.0,27.154922,10.126719,2076
22561,r2i1p1f1,2076,10,08,0.0,30.618683,11.79771,2076
22562,r2i1p1f1,2076,10,09,0.0,33.82956,14.918692,2076
22563,r2i1p1f1,2076,10,10,0.0,34.03014,15.052493,2076
22564,r2i1p1f1,2076,10,11,0.0,33.638428,14.68149,2076
22565,r2i1p1f1,2076,10,12,0.0,29.836426,15.07573,2076
22566,r2i1p1f1,2076,10,13,0.0,29.617323,12.802514,2076
22567,r2i1p1f1,2076,10,14,0.0,26.839663,10.882775,2076
22568,r2i1p1f1,2076,10,15,0.0,33.09571,13.416567,2076
22569,r2i1p1f1,2076,10,16,0.0,33.553066,15.296502,2076
22570,r2i1p1f1,2076,10,17,0.0,32.994347,15.020347,2076
22571,r2i1p1f1,2076,10,18,0.0,32.086975,13.448899,2076
22572,r2i1p1f1,2076,10,19,0.0,26.19019,10.417474,2076
22573,r2i1p1f1,2076,10,20,0.0,22.149593,7.26325,2076
22574,r2i1p1f1,2076,10,21,0.0144565283825124,21.292503,9.214684,2076
22575,r2i1p1f1,2076,10,22,0.01507910928921774,20.06981,6.6657314,2076
22576,r2i1p1f1,2076,10,23,0.151273275283669,19.327309,7.903494,2076
22577,r2i1p1f1,2076,10,24,0.0,18.518087,5.906885,2076
22578,r2i1p1f1,2076,10,25,0.0,24.092844,7.8271303,2076
22579,r2i1p1f1,2076,10,26,0.0,24.155146,9.366704,2076
22580,r2i1p1f1,2076,10,27,0.0,25.881535,8.850139,2076
22581,r2i1p1f1,2076,10,28,0.0,23.205929,7.6527305,2076
22582,r2i1p1f1,2076,10,29,0.0,20.176762,4.8946176,2076
22583,r2i1p1f1,2076,10,30,4.10085373990184,15.519812,4.1892986,2076
22584,r2i1p1f1,2076,10,31,0.0,13.43374,5.0469346,2076
22585,r2i1p1f1,2076,11,01,0.0,17.754831,1.859546,2076
22586,r2i1p1f1,2076,11,02,0.0,17.895563,2.0657756,2076
22587,r2i1p1f1,2076,11,03,0.0,17.846352,3.4753363,2076
22588,r2i1p1f1,2076,11,04,0.0,16.538351,2.9895654,2076
22589,r2i1p1f1,2076,11,05,0.0,20.734507,5.7781096,2076
22590,r2i1p1f1,2076,11,06,0.0,19.51195,5.278971,2076
22591,r2i1p1f1,2076,11,07,0.0,16.425455,4.9893646,2076
22592,r2i1p1f1,2076,11,08,0.39375705919855347,13.946605,5.373667,2076
22593,r2i1p1f1,2076,11,09,37.6864887141542,10.097461,4.982824,2076
22594,r2i1p1f1,2076,11,10,0.0,11.928355,0.3896142,2076
22595,r2i1p1f1,2076,11,11,0.0,19.4391,3.1150317,2076
22596,r2i1p1f1,2076,11,12,0.0,19.268251,4.223362,2076
22597,r2i1p1f1,2076,11,13,0.0,20.328957,4.419961,2076
22598,r2i1p1f1,2076,11,14,0.0012822330972994678,16.352192,3.090181,2076
22599,r2i1p1f1,2076,11,15,1.9235570577236034,11.990363,2.0980372,2076
22600,r2i1p1f1,2076,11,16,9.002100456396315,5.328838,0.3302767,2076
22601,r2i1p1f1,2076,11,17,19.600171765845378,10.962596,-0.43396232,2076
22602,r2i1p1f1,2076,11,18,3.295005352202469,11.037971,1.7809445,2076
22603,r2i1p1f1,2076,11,19,0.9406479780339466,10.150998,4.2001038,2076
22604,r2i1p1f1,2076,11,20,3.9038912930454197,11.714334,5.338939,2076
22605,r2i1p1f1,2076,11,21,0.0,15.600857,0.22262944,2076
22606,r2i1p1f1,2076,11,22,0.0,17.638824,1.2246784,2076
22607,r2i1p1f1,2076,11,23,0.0,11.135471,3.2738671,2076
22608,r2i1p1f1,2076,11,24,8.781581807950435,12.479995,5.7852745,2076
22609,r2i1p1f1,2076,11,25,0.0,14.482359,0.6661328,2076
22610,r2i1p1f1,2076,11,26,0.0,12.956272,6.1504016,2076
22611,r2i1p1f1,2076,11,27,0.0,18.589067,3.4424884,2076
22612,r2i1p1f1,2076,11,28,0.0,17.769152,-1.5243877,2076
22613,r2i1p1f1,2076,11,29,0.0,17.096249,-0.008123251,2076
22614,r2i1p1f1,2076,11,30,0.0,10.629504,2.373637,2076
22615,r2i1p1f1,2076,12,01,0.0,11.693689,3.3633113,2076
22616,r2i1p1f1,2076,12,02,4.986225192848137,6.55053,2.783669,2076
22617,r2i1p1f1,2076,12,03,0.0,13.111586,4.8274794,2076
22618,r2i1p1f1,2076,12,04,0.0,20.505653,5.95182,2076
22619,r2i1p1f1,2076,12,05,0.0,21.894619,6.205692,2076
22620,r2i1p1f1,2076,12,06,0.0,20.378088,7.260059,2076
22621,r2i1p1f1,2076,12,07,0.0,20.146523,6.8944006,2076
22622,r2i1p1f1,2076,12,08,0.0,20.762217,6.624718,2076
22623,r2i1p1f1,2076,12,09,0.0,19.445047,7.010033,2076
22624,r2i1p1f1,2076,12,10,15.642832532802668,13.313923,4.9598384,2076
22625,r2i1p1f1,2076,12,11,45.45225707205156,11.176409,-0.7409885,2076
22626,r2i1p1f1,2076,12,12,23.638711407189614,2.525659,-2.448307,2076
22627,r2i1p1f1,2076,12,13,109.84341205330566,3.901407,-0.9735794,2076
22628,r2i1p1f1,2076,12,14,10.28885694055274,2.286809,-6.232089,2076
22629,r2i1p1f1,2076,12,15,20.98629910100359,1.6661974,-3.5740466,2076
22630,r2i1p1f1,2076,12,16,13.595588219476877,1.2387295,-4.9343557,2076
22631,r2i1p1f1,2076,12,17,4.002093523013173,1.3485429,-6.5578637,2076
22632,r2i1p1f1,2076,12,18,6.835033818060765,3.1334462,-6.3455434,2076
22633,r2i1p1f1,2076,12,19,43.077206380593665,1.9218398,-4.965428,2076
22634,r2i1p1f1,2076,12,20,37.30724379397893,1.6615957,-1.7109485,2076
22635,r2i1p1f1,2076,12,21,12.90391885491912,1.4800117,-1.7893344,2076
22636,r2i1p1f1,2076,12,22,14.410127947205464,2.133609,-5.5573034,2076
22637,r2i1p1f1,2076,12,23,0.0,5.783251,-6.683274,2076
22638,r2i1p1f1,2076,12,24,2.5962840859497542,2.2716827,-1.9696432,2076
22639,r2i1p1f1,2076,12,25,0.05627770657121381,3.0426574,-1.5180852,2076
22640,r2i1p1f1,2076,12,26,8.420120945517668,0.18349457,-8.056307,2076
22641,r2i1p1f1,2076,12,27,115.03996821478583,4.9826713,-2.3544245,2076
22642,r2i1p1f1,2076,12,28,35.03115555146136,3.6167512,-0.690898,2076
22643,r2i1p1f1,2076,12,29,43.64981309157044,1.3381246,-3.2037446,2076
22644,r2i1p1f1,2076,12,30,29.551259993324773,0.7758136,-2.7989125,2076
22645,r2i1p1f1,2076,12,31,0.17320259744687624,2.893208,-5.991555,2076
22646,r2i1p1f1,2077,01,01,18.03035700331048,4.032972,-2.989585,2077
22647,r2i1p1f1,2077,01,02,49.936291424539654,5.6506777,0.8444376,2077
22648,r2i1p1f1,2077,01,03,144.47707177247278,11.680222,3.3496978,2077
22649,r2i1p1f1,2077,01,04,75.75563792516522,12.1789255,6.9462795,2077
22650,r2i1p1f1,2077,01,05,1.0793672332231206,13.758537,9.491172,2077
22651,r2i1p1f1,2077,01,06,0.0,21.305857,7.2732825,2077
22652,r2i1p1f1,2077,01,07,0.0,23.049646,9.066579,2077
22653,r2i1p1f1,2077,01,08,0.0,20.745792,10.635451,2077
22654,r2i1p1f1,2077,01,09,0.0,18.563505,9.381408,2077
22655,r2i1p1f1,2077,01,10,44.157105570999335,12.026663,7.8059816,2077
22656,r2i1p1f1,2077,01,11,0.0,17.985456,3.6428802,2077
22657,r2i1p1f1,2077,01,12,3.848504700699078,11.11675,-0.14379756,2077
22658,r2i1p1f1,2077,01,13,1.7662964316234417,6.305882,1.142733,2077
22659,r2i1p1f1,2077,01,14,19.560690974433854,9.272527,2.0002959,2077
22660,r2i1p1f1,2077,01,15,28.75202467794924,15.113335,4.202775,2077
22661,r2i1p1f1,2077,01,16,33.65144204458025,14.176646,8.714225,2077
22662,r2i1p1f1,2077,01,17,5.297466944018827,12.924528,7.4471097,2077
22663,r2i1p1f1,2077,01,18,61.79941010643513,13.75614,4.7676353,2077
22664,r2i1p1f1,2077,01,19,2.9514118722055662,10.198316,0.031848222,2077
22665,r2i1p1f1,2077,01,20,36.41679283643428,8.424323,2.183573,2077
22666,r2i1p1f1,2077,01,21,30.216418289861533,3.5811486,-1.3508773,2077
22667,r2i1p1f1,2077,01,22,6.445119295536783,2.81441,-1.6711947,2077
22668,r2i1p1f1,2077,01,23,59.76425700892623,2.0453992,-2.7452407,2077
22669,r2i1p1f1,2077,01,24,0.006641480959283049,6.672422,-6.5750027,2077
22670,r2i1p1f1,2077,01,25,32.17488744065542,10.517589,-1.3377749,2077
22671,r2i1p1f1,2077,01,26,48.17056459858297,10.815,3.3011944,2077
22672,r2i1p1f1,2077,01,27,13.273760615601741,7.561554,1.5060285,2077
22673,r2i1p1f1,2077,01,28,0.0058376671137676354,11.479098,-0.11408537,2077
22674,r2i1p1f1,2077,01,29,0.0070016343600470396,10.025459,0.77787614,2077
22675,r2i1p1f1,2077,01,30,3.81540629963498,4.3935375,0.7303953,2077
22676,r2i1p1f1,2077,01,31,0.0,12.349339,1.8797235,2077
22677,r2i1p1f1,2077,02,01,0.0,20.140501,3.9000921,2077
22678,r2i1p1f1,2077,02,02,0.0,23.100063,5.5870376,2077
22679,r2i1p1f1,2077,02,03,0.0,20.666132,5.153021,2077
22680,r2i1p1f1,2077,02,04,0.0,16.138266,10.379894,2077
22681,r2i1p1f1,2077,02,05,0.0,20.460306,5.662967,2077
22682,r2i1p1f1,2077,02,06,0.0,19.824621,5.6163926,2077
22683,r2i1p1f1,2077,02,07,0.0,20.087656,5.2111607,2077
22684,r2i1p1f1,2077,02,08,0.0,21.951603,7.1480055,2077
22685,r2i1p1f1,2077,02,09,0.0,21.794863,7.248007,2077
22686,r2i1p1f1,2077,02,10,0.0,19.156797,6.0053782,2077
22687,r2i1p1f1,2077,02,11,0.0,18.417841,6.658433,2077
22688,r2i1p1f1,2077,02,12,0.0,17.293245,5.8770328,2077
22689,r2i1p1f1,2077,02,13,0.0,18.479527,3.1403704,2077
22690,r2i1p1f1,2077,02,14,0.0,16.94505,2.6277452,2077
22691,r2i1p1f1,2077,02,15,12.879105028976202,6.1189523,-0.16702153,2077
22692,r2i1p1f1,2077,02,16,18.927281253295057,3.135512,-0.51042587,2077
22693,r2i1p1f1,2077,02,17,72.16643988504075,5.6764755,0.4679046,2077
22694,r2i1p1f1,2077,02,18,0.008004665645645358,9.396921,-0.027763268,2077
22695,r2i1p1f1,2077,02,19,0.32587977577629945,9.166387,-1.92776,2077
22696,r2i1p1f1,2077,02,20,13.138516103180546,5.07739,-0.29860258,2077
22697,r2i1p1f1,2077,02,21,1.4511211739353223,3.519892,-2.1593592,2077
22698,r2i1p1f1,2077,02,22,42.71041184469001,2.8334394,-1.8368499,2077
22699,r2i1p1f1,2077,02,23,34.60931341754846,2.8628464,-1.3260455,2077
22700,r2i1p1f1,2077,02,24,4.03145679791543,6.998723,-0.9993655,2077
22701,r2i1p1f1,2077,02,25,7.5501191082226935,6.114592,0.5218033,2077
22702,r2i1p1f1,2077,02,26,0.0,14.013249,1.7185894,2077
22703,r2i1p1f1,2077,02,27,0.0,14.328044,4.529742,2077
22704,r2i1p1f1,2077,02,28,0.0,16.630646,3.8964107,2077
22705,r2i1p1f1,2077,03,01,0.0,18.681627,2.622802,2077
22706,r2i1p1f1,2077,03,02,0.0,19.142826,3.7746632,2077
22707,r2i1p1f1,2077,03,03,0.0,15.91041,1.1905967,2077
22708,r2i1p1f1,2077,03,04,0.0,15.091695,-2.0405455,2077
22709,r2i1p1f1,2077,03,05,0.0,14.838779,1.3231083,2077
22710,r2i1p1f1,2077,03,06,1.223745514345445,10.043667,-2.5779743,2077
22711,r2i1p1f1,2077,03,07,55.80478094768925,7.1600904,0.27768707,2077
22712,r2i1p1f1,2077,03,08,8.664671152095812,8.424598,2.585207,2077
22713,r2i1p1f1,2077,03,09,1.4416238364691918,11.223819,3.8772779,2077
22714,r2i1p1f1,2077,03,10,0.6729590669727679,15.578814,3.8736346,2077
22715,r2i1p1f1,2077,03,11,0.0,21.13851,6.218797,2077
22716,r2i1p1f1,2077,03,12,0.0,21.013964,6.5118,2077
22717,r2i1p1f1,2077,03,13,0.0,18.19122,5.593483,2077
22718,r2i1p1f1,2077,03,14,0.0,17.18647,3.1801832,2077
22719,r2i1p1f1,2077,03,15,0.0,18.124945,3.7205968,2077
22720,r2i1p1f1,2077,03,16,0.0,19.873169,3.6638818,2077
22721,r2i1p1f1,2077,03,17,0.0,19.923325,3.973205,2077
22722,r2i1p1f1,2077,03,18,0.0,20.96478,5.2618947,2077
22723,r2i1p1f1,2077,03,19,0.0,20.887056,5.5338492,2077
22724,r2i1p1f1,2077,03,20,9.70362950818246,16.328915,-1.0687994,2077
22725,r2i1p1f1,2077,03,21,23.325552153871215,4.725704,0.6318001,2077
22726,r2i1p1f1,2077,03,22,0.4871331106537232,10.2671585,-0.11855923,2077
22727,r2i1p1f1,2077,03,23,0.0,15.838211,0.32565466,2077
22728,r2i1p1f1,2077,03,24,26.799855550948102,10.052495,5.058887,2077
22729,r2i1p1f1,2077,03,25,61.133685168057966,10.310279,4.6914845,2077
22730,r2i1p1f1,2077,03,26,25.25263914990669,8.62457,-4.980718,2077
22731,r2i1p1f1,2077,03,27,18.637017879238837,8.339407,-2.086501,2077
22732,r2i1p1f1,2077,03,28,0.0,17.668772,0.9848868,2077
22733,r2i1p1f1,2077,03,29,0.0,20.566391,3.1062856,2077
22734,r2i1p1f1,2077,03,30,0.0,21.693048,3.27562,2077
22735,r2i1p1f1,2077,03,31,5.037406249399423,18.92023,0.87461257,2077
22736,r2i1p1f1,2077,04,01,0.0,23.12109,4.5312,2077
22737,r2i1p1f1,2077,04,02,5.614132322247874,17.826769,1.196849,2077
22738,r2i1p1f1,2077,04,03,0.0,19.685726,3.2496479,2077
22739,r2i1p1f1,2077,04,04,0.0,17.102955,1.4102986,2077
22740,r2i1p1f1,2077,04,05,1.3124842490487236,18.203442,4.016672,2077
22741,r2i1p1f1,2077,04,06,0.0,20.411947,7.5181766,2077
22742,r2i1p1f1,2077,04,07,21.732373653279726,14.18925,2.1909904,2077
22743,r2i1p1f1,2077,04,08,0.2886286767674252,16.830353,3.0819585,2077
22744,r2i1p1f1,2077,04,09,0.0,19.665112,4.6586204,2077
22745,r2i1p1f1,2077,04,10,0.0,21.386656,6.755656,2077
22746,r2i1p1f1,2077,04,11,0.0,24.92078,8.295352,2077
22747,r2i1p1f1,2077,04,12,0.0,22.838182,7.042096,2077
22748,r2i1p1f1,2077,04,13,0.08229237833592588,17.372313,4.053372,2077
22749,r2i1p1f1,2077,04,14,0.0,21.44997,4.624799,2077
22750,r2i1p1f1,2077,04,15,0.0,23.454832,6.347487,2077
22751,r2i1p1f1,2077,04,16,0.0,22.303705,7.023918,2077
22752,r2i1p1f1,2077,04,17,25.701413569801772,14.57792,1.6491787,2077
22753,r2i1p1f1,2077,04,18,25.671578942050335,11.627644,3.5193853,2077
22754,r2i1p1f1,2077,04,19,3.6629147143475373,14.68166,3.6777754,2077
22755,r2i1p1f1,2077,04,20,0.0,14.743408,6.174231,2077
22756,r2i1p1f1,2077,04,21,3.3655788992501376,12.6009245,5.142759,2077
22757,r2i1p1f1,2077,04,22,0.0,16.653692,3.8241577,2077
22758,r2i1p1f1,2077,04,23,0.0,23.655136,4.9564433,2077
22759,r2i1p1f1,2077,04,24,0.004506183428859983,21.925259,5.0043263,2077
22760,r2i1p1f1,2077,04,25,7.263794656179156,11.911952,2.2021785,2077
22761,r2i1p1f1,2077,04,26,0.0,17.900434,1.6049021,2077
22762,r2i1p1f1,2077,04,27,1.4506596370490745,17.821833,2.1608229,2077
22763,r2i1p1f1,2077,04,28,9.977241631154007,11.056823,-0.5081624,2077
22764,r2i1p1f1,2077,04,29,1.267695841058342,12.279904,1.6520154,2077
22765,r2i1p1f1,2077,04,30,0.0,14.632161,2.0121803,2077
22766,r2i1p1f1,2077,05,01,5.4248093018731405,15.190148,1.0435678,2077
22767,r2i1p1f1,2077,05,02,17.534699558774054,17.015985,0.963537,2077
22768,r2i1p1f1,2077,05,03,0.0,18.76225,4.867387,2077
22769,r2i1p1f1,2077,05,04,0.0,17.850912,6.957787,2077
22770,r2i1p1f1,2077,05,05,0.0,15.897805,7.9014163,2077
22771,r2i1p1f1,2077,05,06,0.22049427179109232,16.024618,3.2237926,2077
22772,r2i1p1f1,2077,05,07,2.7466250248345694,14.660793,1.521555,2077
22773,r2i1p1f1,2077,05,08,0.0,17.240906,4.1259,2077
22774,r2i1p1f1,2077,05,09,0.0,19.476908,3.70474,2077
22775,r2i1p1f1,2077,05,10,0.0,25.975983,7.365919,2077
22776,r2i1p1f1,2077,05,11,0.0,27.550797,9.745374,2077
22777,r2i1p1f1,2077,05,12,0.0,27.086683,9.982007,2077
22778,r2i1p1f1,2077,05,13,1.9232676680146072,21.548607,4.2934947,2077
22779,r2i1p1f1,2077,05,14,0.0,22.815168,7.523306,2077
22780,r2i1p1f1,2077,05,15,0.0,19.970724,3.7495253,2077
22781,r2i1p1f1,2077,05,16,0.0,19.341991,3.7669654,2077
22782,r2i1p1f1,2077,05,17,0.0,17.469254,2.5911155,2077
22783,r2i1p1f1,2077,05,18,0.0,20.897203,3.8784523,2077
22784,r2i1p1f1,2077,05,19,0.0,27.665829,9.338154,2077
22785,r2i1p1f1,2077,05,20,0.0,28.609404,10.443578,2077
22786,r2i1p1f1,2077,05,21,0.0,28.401373,11.031611,2077
22787,r2i1p1f1,2077,05,22,0.0,28.548721,10.815038,2077
22788,r2i1p1f1,2077,05,23,0.0,28.678999,11.357507,2077
22789,r2i1p1f1,2077,05,24,0.0,28.336363,10.772176,2077
22790,r2i1p1f1,2077,05,25,0.0,27.599512,10.072103,2077
22791,r2i1p1f1,2077,05,26,0.0,26.990356,9.129719,2077
22792,r2i1p1f1,2077,05,27,0.0,27.824093,10.965742,2077
22793,r2i1p1f1,2077,05,28,0.0,28.776255,12.335626,2077
22794,r2i1p1f1,2077,05,29,0.0,30.739483,13.983164,2077
22795,r2i1p1f1,2077,05,30,0.0,31.939266,15.681951,2077
22796,r2i1p1f1,2077,05,31,0.0,30.376152,14.111255,2077
22797,r2i1p1f1,2077,06,01,0.0,29.711529,10.986469,2077
22798,r2i1p1f1,2077,06,02,0.0,22.276937,5.4029574,2077
22799,r2i1p1f1,2077,06,03,0.0,21.14954,4.6725807,2077
22800,r2i1p1f1,2077,06,04,0.0,22.378613,5.6170287,2077
22801,r2i1p1f1,2077,06,05,0.0,24.885672,5.933478,2077
22802,r2i1p1f1,2077,06,06,0.0,27.678785,8.792563,2077
22803,r2i1p1f1,2077,06,07,0.0,25.10337,9.712789,2077
22804,r2i1p1f1,2077,06,08,0.0,23.435385,8.999214,2077
22805,r2i1p1f1,2077,06,09,0.0,26.74123,10.11974,2077
22806,r2i1p1f1,2077,06,10,0.0,29.21599,11.2153635,2077
22807,r2i1p1f1,2077,06,11,0.0,29.362368,13.712421,2077
22808,r2i1p1f1,2077,06,12,0.0,30.040255,14.696763,2077
22809,r2i1p1f1,2077,06,13,0.0,33.293293,16.284319,2077
22810,r2i1p1f1,2077,06,14,0.0,34.667324,17.76665,2077
22811,r2i1p1f1,2077,06,15,0.0,35.993183,19.925299,2077
22812,r2i1p1f1,2077,06,16,0.0,35.49189,18.923248,2077
22813,r2i1p1f1,2077,06,17,0.0,33.76614,14.659593,2077
22814,r2i1p1f1,2077,06,18,0.0,33.9262,14.703603,2077
22815,r2i1p1f1,2077,06,19,0.0,31.647667,14.217156,2077
22816,r2i1p1f1,2077,06,20,0.3491148309824264,27.098194,12.380689,2077
22817,r2i1p1f1,2077,06,21,0.02375365069243484,25.537577,8.322458,2077
22818,r2i1p1f1,2077,06,22,0.41401334788483485,24.199512,6.8612876,2077
22819,r2i1p1f1,2077,06,23,0.0,25.806017,8.566661,2077
22820,r2i1p1f1,2077,06,24,0.0,26.261831,11.020254,2077
22821,r2i1p1f1,2077,06,25,0.0,25.14154,8.725251,2077
22822,r2i1p1f1,2077,06,26,0.0,25.086092,7.5171666,2077
22823,r2i1p1f1,2077,06,27,0.0,27.950083,13.605002,2077
22824,r2i1p1f1,2077,06,28,0.0,28.08039,10.75704,2077
22825,r2i1p1f1,2077,06,29,0.0,31.464643,12.1354685,2077
22826,r2i1p1f1,2077,06,30,0.0,31.185377,12.418294,2077
22827,r2i1p1f1,2077,07,01,0.0,28.695744,11.408107,2077
22828,r2i1p1f1,2077,07,02,0.0,28.21814,12.182458,2077
22829,r2i1p1f1,2077,07,03,0.0,27.982603,9.969086,2077
22830,r2i1p1f1,2077,07,04,0.0,27.29004,10.058195,2077
22831,r2i1p1f1,2077,07,05,0.0,30.057978,13.113352,2077
22832,r2i1p1f1,2077,07,06,0.0,34.40524,16.246145,2077
22833,r2i1p1f1,2077,07,07,0.0,33.912292,15.200275,2077
22834,r2i1p1f1,2077,07,08,0.0,34.50834,17.368345,2077
22835,r2i1p1f1,2077,07,09,0.0,34.258537,14.515838,2077
22836,r2i1p1f1,2077,07,10,0.0,33.305172,14.719065,2077
22837,r2i1p1f1,2077,07,11,0.0,32.530666,14.318056,2077
22838,r2i1p1f1,2077,07,12,0.0,31.204,13.291266,2077
22839,r2i1p1f1,2077,07,13,0.0,30.143843,13.37679,2077
22840,r2i1p1f1,2077,07,14,0.565391110467317,32.951164,14.934996,2077
22841,r2i1p1f1,2077,07,15,0.23360686683680307,29.164131,14.379802,2077
22842,r2i1p1f1,2077,07,16,0.0,29.443487,13.274465,2077
22843,r2i1p1f1,2077,07,17,0.0,30.901949,15.734966,2077
22844,r2i1p1f1,2077,07,18,0.0,31.686699,16.655172,2077
22845,r2i1p1f1,2077,07,19,0.0,32.9913,16.48791,2077
22846,r2i1p1f1,2077,07,20,0.0,32.833622,16.020327,2077
22847,r2i1p1f1,2077,07,21,0.06070809367184456,32.648247,15.332212,2077
22848,r2i1p1f1,2077,07,22,0.0,28.911064,12.508708,2077
22849,r2i1p1f1,2077,07,23,0.0,28.143778,12.466516,2077
22850,r2i1p1f1,2077,07,24,0.0,30.646503,13.537651,2077
22851,r2i1p1f1,2077,07,25,0.0,34.28586,15.52043,2077
22852,r2i1p1f1,2077,07,26,12.213575255457098,34.232834,17.531698,2077
22853,r2i1p1f1,2077,07,27,0.0,35.00682,18.258236,2077
22854,r2i1p1f1,2077,07,28,0.1070119344354645,35.30131,19.067022,2077
22855,r2i1p1f1,2077,07,29,0.0,34.46503,17.847176,2077
22856,r2i1p1f1,2077,07,30,1.2155755552017722,32.956787,16.69516,2077
22857,r2i1p1f1,2077,07,31,12.333084816726533,31.933544,15.402832,2077
22858,r2i1p1f1,2077,08,01,0.13315747179029486,30.162855,13.654732,2077
22859,r2i1p1f1,2077,08,02,0.0,29.741146,13.051237,2077
22860,r2i1p1f1,2077,08,03,0.0,29.894468,12.832172,2077
22861,r2i1p1f1,2077,08,04,0.0,27.792587,11.790584,2077
22862,r2i1p1f1,2077,08,05,0.0,24.225481,9.397132,2077
22863,r2i1p1f1,2077,08,06,0.16424280480490638,22.73455,8.205625,2077
22864,r2i1p1f1,2077,08,07,1.766976923157087,26.735283,9.790103,2077
22865,r2i1p1f1,2077,08,08,0.0,29.788658,12.52022,2077
22866,r2i1p1f1,2077,08,09,0.0,31.140322,15.006833,2077
22867,r2i1p1f1,2077,08,10,0.00024138502200143054,30.96485,14.335818,2077
22868,r2i1p1f1,2077,08,11,0.0,29.396471,14.173977,2077
22869,r2i1p1f1,2077,08,12,0.0,28.002153,12.183217,2077
22870,r2i1p1f1,2077,08,13,0.0,28.23599,11.499359,2077
22871,r2i1p1f1,2077,08,14,0.0,28.860264,12.133971,2077
22872,r2i1p1f1,2077,08,15,0.0,28.813652,12.705751,2077
22873,r2i1p1f1,2077,08,16,0.0,27.254301,11.433409,2077
22874,r2i1p1f1,2077,08,17,0.0,26.39707,10.936351,2077
22875,r2i1p1f1,2077,08,18,0.0,29.585049,12.713614,2077
22876,r2i1p1f1,2077,08,19,0.0,29.454603,13.271096,2077
22877,r2i1p1f1,2077,08,20,0.0,25.699673,11.574572,2077
22878,r2i1p1f1,2077,08,21,0.0,24.41124,8.729378,2077
22879,r2i1p1f1,2077,08,22,0.0,24.62723,10.098997,2077
22880,r2i1p1f1,2077,08,23,0.0,31.661846,14.002291,2077
22881,r2i1p1f1,2077,08,24,0.0,34.836838,16.140028,2077
22882,r2i1p1f1,2077,08,25,0.0,34.54214,17.034327,2077
22883,r2i1p1f1,2077,08,26,0.0,33.452053,17.307072,2077
22884,r2i1p1f1,2077,08,27,0.0,32.647205,16.73483,2077
22885,r2i1p1f1,2077,08,28,0.0,31.647604,15.170857,2077
22886,r2i1p1f1,2077,08,29,0.0,30.72546,14.129767,2077
22887,r2i1p1f1,2077,08,30,0.0,34.464607,16.53731,2077
22888,r2i1p1f1,2077,08,31,0.0,34.561543,16.966204,2077
22889,r2i1p1f1,2077,09,01,0.0,33.022938,18.29163,2077
22890,r2i1p1f1,2077,09,02,0.0,32.7154,17.606588,2077
22891,r2i1p1f1,2077,09,03,0.0,31.540558,16.164297,2077
22892,r2i1p1f1,2077,09,04,0.0,31.265795,15.871014,2077
22893,r2i1p1f1,2077,09,05,0.00245985447691055,31.1445,16.350756,2077
22894,r2i1p1f1,2077,09,06,0.0,31.440668,16.115324,2077
22895,r2i1p1f1,2077,09,07,0.0,32.465958,15.484084,2077
22896,r2i1p1f1,2077,09,08,0.0,31.800114,16.70795,2077
22897,r2i1p1f1,2077,09,09,0.0,32.71337,15.328338,2077
22898,r2i1p1f1,2077,09,10,0.0,31.857231,13.543235,2077
22899,r2i1p1f1,2077,09,11,0.0,24.09226,8.208105,2077
22900,r2i1p1f1,2077,09,12,0.0,21.540447,7.811525,2077
22901,r2i1p1f1,2077,09,13,0.0,27.730375,9.063416,2077
22902,r2i1p1f1,2077,09,14,0.0,30.784166,11.716004,2077
22903,r2i1p1f1,2077,09,15,0.0,31.292831,13.828391,2077
22904,r2i1p1f1,2077,09,16,0.0,28.255978,13.064778,2077
22905,r2i1p1f1,2077,09,17,0.0,30.736568,13.25216,2077
22906,r2i1p1f1,2077,09,18,0.0,30.900465,12.637807,2077
22907,r2i1p1f1,2077,09,19,0.0,26.156713,9.82115,2077
22908,r2i1p1f1,2077,09,20,9.77825025396529,20.194809,5.328316,2077
22909,r2i1p1f1,2077,09,21,13.573268119034765,11.062818,5.1045947,2077
22910,r2i1p1f1,2077,09,22,2.531074515326719,20.289005,5.149908,2077
22911,r2i1p1f1,2077,09,23,0.0013267935978197225,26.30308,9.937498,2077
22912,r2i1p1f1,2077,09,24,0.0,27.63312,12.569905,2077
22913,r2i1p1f1,2077,09,25,0.0,29.312635,14.07879,2077
22914,r2i1p1f1,2077,09,26,0.0,30.32476,14.678138,2077
22915,r2i1p1f1,2077,09,27,0.0,33.01087,14.759417,2077
22916,r2i1p1f1,2077,09,28,0.0,33.31475,15.980279,2077
22917,r2i1p1f1,2077,09,29,0.0,33.049774,16.15778,2077
22918,r2i1p1f1,2077,09,30,0.0,32.954727,16.069344,2077
22919,r2i1p1f1,2077,10,01,0.0,32.583447,14.512993,2077
22920,r2i1p1f1,2077,10,02,0.0,30.408886,14.623999,2077
22921,r2i1p1f1,2077,10,03,0.0,29.275904,12.425691,2077
22922,r2i1p1f1,2077,10,04,0.0,27.151567,11.223163,2077
22923,r2i1p1f1,2077,10,05,0.0,29.971035,13.770818,2077
22924,r2i1p1f1,2077,10,06,0.036845578226628,31.039188,16.671535,2077
22925,r2i1p1f1,2077,10,07,0.12392672521260605,25.73887,13.243538,2077
22926,r2i1p1f1,2077,10,08,0.0,22.512608,7.0803747,2077
22927,r2i1p1f1,2077,10,09,0.0,25.415926,5.52026,2077
22928,r2i1p1f1,2077,10,10,0.0,26.391745,7.211135,2077
22929,r2i1p1f1,2077,10,11,0.0,26.730194,9.398366,2077
22930,r2i1p1f1,2077,10,12,0.0,27.201935,11.152503,2077
22931,r2i1p1f1,2077,10,13,0.0,30.181225,11.317732,2077
22932,r2i1p1f1,2077,10,14,0.0,30.058214,12.296011,2077
22933,r2i1p1f1,2077,10,15,0.0,29.643784,11.24191,2077
22934,r2i1p1f1,2077,10,16,0.0,29.557089,12.370766,2077
22935,r2i1p1f1,2077,10,17,0.0,29.85288,13.219827,2077
22936,r2i1p1f1,2077,10,18,0.0,29.330814,14.091387,2077
22937,r2i1p1f1,2077,10,19,0.0,23.621159,10.272251,2077
22938,r2i1p1f1,2077,10,20,0.0,23.754757,10.493624,2077
22939,r2i1p1f1,2077,10,21,0.0,26.935083,12.653479,2077
22940,r2i1p1f1,2077,10,22,0.0,24.007557,11.101632,2077
22941,r2i1p1f1,2077,10,23,0.0,24.34589,10.516148,2077
22942,r2i1p1f1,2077,10,24,0.0,25.199911,10.882309,2077
22943,r2i1p1f1,2077,10,25,0.0,19.57279,6.9661098,2077
22944,r2i1p1f1,2077,10,26,2.897147608382511,18.012167,5.7091556,2077
22945,r2i1p1f1,2077,10,27,0.0,17.82626,2.6556118,2077
22946,r2i1p1f1,2077,10,28,0.0,20.770853,4.4900084,2077
22947,r2i1p1f1,2077,10,29,0.0,24.913073,6.4773855,2077
22948,r2i1p1f1,2077,10,30,0.0,25.635311,9.125149,2077
22949,r2i1p1f1,2077,10,31,0.0,24.67754,9.908427,2077
22950,r2i1p1f1,2077,11,01,0.0,19.835947,7.149802,2077
22951,r2i1p1f1,2077,11,02,0.0,17.176592,4.5046678,2077
22952,r2i1p1f1,2077,11,03,0.0,18.889927,5.2224355,2077
22953,r2i1p1f1,2077,11,04,0.0,20.861948,6.1751146,2077
22954,r2i1p1f1,2077,11,05,0.0,20.630577,6.099775,2077
22955,r2i1p1f1,2077,11,06,0.0,19.828114,2.7112179,2077
22956,r2i1p1f1,2077,11,07,0.0,18.373941,3.4035606,2077
22957,r2i1p1f1,2077,11,08,0.0,18.827948,3.4830768,2077
22958,r2i1p1f1,2077,11,09,0.0,17.618345,3.160303,2077
22959,r2i1p1f1,2077,11,10,0.0,17.941488,1.9762237,2077
22960,r2i1p1f1,2077,11,11,0.0,20.123262,1.633888,2077
22961,r2i1p1f1,2077,11,12,0.0,20.334717,1.6755575,2077
22962,r2i1p1f1,2077,11,13,0.0,19.085867,0.21304107,2077
22963,r2i1p1f1,2077,11,14,0.0,18.15005,-1.7485034,2077
22964,r2i1p1f1,2077,11,15,0.0,16.38363,-1.470259,2077
22965,r2i1p1f1,2077,11,16,0.0,15.770239,-0.33360603,2077
22966,r2i1p1f1,2077,11,17,51.44218179092814,15.959109,1.7703857,2077
22967,r2i1p1f1,2077,11,18,57.244451820868285,9.042443,4.675358,2077
22968,r2i1p1f1,2077,11,19,78.15100628291614,11.073003,5.1552835,2077
22969,r2i1p1f1,2077,11,20,133.1535096692208,15.403516,7.464872,2077
22970,r2i1p1f1,2077,11,21,223.86850622625877,13.401845,8.786916,2077
22971,r2i1p1f1,2077,11,22,56.7519241651238,14.21451,6.3195195,2077
22972,r2i1p1f1,2077,11,23,8.854871316725621,11.654655,4.0350876,2077
22973,r2i1p1f1,2077,11,24,19.151890765015896,9.925608,4.456017,2077
22974,r2i1p1f1,2077,11,25,0.3571343009473192,13.014223,-0.19040348,2077
22975,r2i1p1f1,2077,11,26,0.0,14.705012,-1.098129,2077
22976,r2i1p1f1,2077,11,27,0.0,13.569101,1.1325712,2077
22977,r2i1p1f1,2077,11,28,0.0,15.126077,4.010004,2077
22978,r2i1p1f1,2077,11,29,0.0,18.484234,4.1807632,2077
22979,r2i1p1f1,2077,11,30,0.0,19.115988,4.1584287,2077
22980,r2i1p1f1,2077,12,01,0.0,15.509963,5.3475637,2077
22981,r2i1p1f1,2077,12,02,0.0,16.138206,4.659608,2077
22982,r2i1p1f1,2077,12,03,0.0,16.497896,4.550011,2077
22983,r2i1p1f1,2077,12,04,0.0,16.326168,4.8289576,2077
22984,r2i1p1f1,2077,12,05,0.0,16.193787,4.969462,2077
22985,r2i1p1f1,2077,12,06,0.013144029071554542,14.79477,7.695502,2077
22986,r2i1p1f1,2077,12,07,0.0,15.317778,-0.7026605,2077
22987,r2i1p1f1,2077,12,08,0.0,12.984527,2.576344,2077
22988,r2i1p1f1,2077,12,09,0.0,9.622032,-0.21709228,2077
22989,r2i1p1f1,2077,12,10,0.0,12.404788,0.49309137,2077
22990,r2i1p1f1,2077,12,11,16.17574931733543,11.907112,2.818492,2077
22991,r2i1p1f1,2077,12,12,0.0,16.016926,9.323419,2077
22992,r2i1p1f1,2077,12,13,0.0,17.348314,4.5736117,2077
22993,r2i1p1f1,2077,12,14,0.057043221358281486,14.33783,6.2955284,2077
22994,r2i1p1f1,2077,12,15,34.66238304256247,10.800945,6.2348075,2077
22995,r2i1p1f1,2077,12,16,0.42783544011819263,15.202386,8.596784,2077
22996,r2i1p1f1,2077,12,17,0.0,16.68419,0.72868407,2077
22997,r2i1p1f1,2077,12,18,0.0,15.850655,2.6217155,2077
22998,r2i1p1f1,2077,12,19,0.0,13.117158,7.3641825,2077
22999,r2i1p1f1,2077,12,20,10.759101653967754,8.288964,5.0719805,2077
23000,r2i1p1f1,2077,12,21,14.342216859628165,9.844637,6.12168,2077
23001,r2i1p1f1,2077,12,22,55.991362172734135,9.624386,5.7601166,2077
23002,r2i1p1f1,2077,12,23,25.418193278780493,11.155167,5.8377223,2077
23003,r2i1p1f1,2077,12,24,58.485259484419096,10.438023,5.9836698,2077
23004,r2i1p1f1,2077,12,25,13.790925401330101,9.296241,3.8711128,2077
23005,r2i1p1f1,2077,12,26,3.5107684477295082,8.7798395,4.9392567,2077
23006,r2i1p1f1,2077,12,27,30.76379310984451,7.878942,3.967654,2077
23007,r2i1p1f1,2077,12,28,46.010078289187874,9.588381,5.839089,2077
23008,r2i1p1f1,2077,12,29,0.0,9.998332,6.0825105,2077
23009,r2i1p1f1,2077,12,30,0.0,11.857264,5.9514704,2077
23010,r2i1p1f1,2077,12,31,0.0,15.086745,2.6297405,2077
23011,r2i1p1f1,2078,01,01,0.0,12.045073,2.4316046,2078
23012,r2i1p1f1,2078,01,02,0.0,12.777559,5.1813917,2078
23013,r2i1p1f1,2078,01,03,23.46625094673632,9.392153,5.1628222,2078
23014,r2i1p1f1,2078,01,04,0.0,13.110742,3.7321723,2078
23015,r2i1p1f1,2078,01,05,3.27533068649735,13.241607,6.2054563,2078
23016,r2i1p1f1,2078,01,06,7.0781930588264705,11.28882,6.1370215,2078
23017,r2i1p1f1,2078,01,07,0.0,13.694092,8.054755,2078
23018,r2i1p1f1,2078,01,08,0.0,13.684563,8.160643,2078
23019,r2i1p1f1,2078,01,09,0.7404404979620967,16.543234,10.569697,2078
23020,r2i1p1f1,2078,01,10,0.8884777567940406,16.015162,4.3927145,2078
23021,r2i1p1f1,2078,01,11,1.2552600147081159,13.029439,0.7247565,2078
23022,r2i1p1f1,2078,01,12,0.07523137856581413,5.3159213,-0.5393883,2078
23023,r2i1p1f1,2078,01,13,5.760361790509285,3.0582232,-6.9929543,2078
23024,r2i1p1f1,2078,01,14,37.85860383515963,2.7286956,-1.624196,2078
23025,r2i1p1f1,2078,01,15,55.36422945487384,6.031833,-1.9555454,2078
23026,r2i1p1f1,2078,01,16,66.174925381067,8.605715,2.1945045,2078
23027,r2i1p1f1,2078,01,17,0.018064741656277104,7.307289,3.840293,2078
23028,r2i1p1f1,2078,01,18,0.0,12.172374,0.0139096575,2078
23029,r2i1p1f1,2078,01,19,0.0,11.590886,3.7055042,2078
23030,r2i1p1f1,2078,01,20,73.93549527758016,8.565149,1.7000809,2078
23031,r2i1p1f1,2078,01,21,34.45924334060132,6.835282,1.241683,2078
23032,r2i1p1f1,2078,01,22,0.0,13.871839,-0.6346536,2078
23033,r2i1p1f1,2078,01,23,0.0,17.360668,2.3415568,2078
23034,r2i1p1f1,2078,01,24,11.70470293398886,18.484947,4.6910706,2078
23035,r2i1p1f1,2078,01,25,0.0,20.30395,4.6175847,2078
23036,r2i1p1f1,2078,01,26,0.0,19.973825,4.790818,2078
23037,r2i1p1f1,2078,01,27,0.0,19.941114,6.0132456,2078
23038,r2i1p1f1,2078,01,28,0.0,17.189255,5.8822045,2078
23039,r2i1p1f1,2078,01,29,7.238343051526149,13.192317,6.5014725,2078
23040,r2i1p1f1,2078,01,30,1.7136695938041577,13.046682,8.149106,2078
23041,r2i1p1f1,2078,01,31,0.0,18.469213,5.2513785,2078
23042,r2i1p1f1,2078,02,01,0.0,19.561838,5.396857,2078
23043,r2i1p1f1,2078,02,02,0.0,19.0592,4.880728,2078
23044,r2i1p1f1,2078,02,03,54.26236176773762,12.543551,1.4918925,2078
23045,r2i1p1f1,2078,02,04,46.19785768714232,11.22312,3.4801252,2078
23046,r2i1p1f1,2078,02,05,149.3469186098082,12.883046,2.217445,2078
23047,r2i1p1f1,2078,02,06,24.639922390745667,11.078293,5.8909397,2078
23048,r2i1p1f1,2078,02,07,0.05996691642254658,9.962366,2.9783175,2078
23049,r2i1p1f1,2078,02,08,0.0,11.689102,0.0060416004,2078
23050,r2i1p1f1,2078,02,09,0.0,17.469748,2.6009722,2078
23051,r2i1p1f1,2078,02,10,0.5076417149316862,12.65403,0.91075176,2078
23052,r2i1p1f1,2078,02,11,6.729239130240435,6.9933095,0.2083614,2078
23053,r2i1p1f1,2078,02,12,0.0,11.2451,1.1220785,2078
23054,r2i1p1f1,2078,02,13,20.15156834386289,7.4998856,1.0558414,2078
23055,r2i1p1f1,2078,02,14,0.4638682893178506,5.1050034,-0.67266554,2078
23056,r2i1p1f1,2078,02,15,49.3390439149852,10.437182,-2.1046944,2078
23057,r2i1p1f1,2078,02,16,24.7836669613277,11.370186,-0.2277613,2078
23058,r2i1p1f1,2078,02,17,29.47451596287115,12.855854,3.3865497,2078
23059,r2i1p1f1,2078,02,18,3.443594354414997,6.8475966,-0.35968086,2078
23060,r2i1p1f1,2078,02,19,0.23203113295004676,6.5332828,0.9812834,2078
23061,r2i1p1f1,2078,02,20,0.0,8.7321825,2.4466546,2078
23062,r2i1p1f1,2078,02,21,32.47326612651635,6.6896143,0.84860706,2078
23063,r2i1p1f1,2078,02,22,0.0,10.3440075,-0.5466882,2078
23064,r2i1p1f1,2078,02,23,0.0,14.0814495,-0.030582428,2078
23065,r2i1p1f1,2078,02,24,0.0,15.100505,2.9695506,2078
23066,r2i1p1f1,2078,02,25,0.0,12.787272,3.980047,2078
23067,r2i1p1f1,2078,02,26,16.65436437738558,8.409934,3.8886616,2078
23068,r2i1p1f1,2078,02,27,0.0,10.136983,1.3208021,2078
23069,r2i1p1f1,2078,02,28,0.0,14.062387,2.593288,2078
23070,r2i1p1f1,2078,03,01,0.0,15.0874605,1.0941954,2078
23071,r2i1p1f1,2078,03,02,0.0,15.389663,1.9705302,2078
23072,r2i1p1f1,2078,03,03,0.0,15.117197,3.3481617,2078
23073,r2i1p1f1,2078,03,04,0.0,16.27334,4.041045,2078
23074,r2i1p1f1,2078,03,05,0.0,13.995845,1.7450804,2078
23075,r2i1p1f1,2078,03,06,0.0,14.517707,-1.5626932,2078
23076,r2i1p1f1,2078,03,07,0.0,13.870668,0.40422186,2078
23077,r2i1p1f1,2078,03,08,0.0,14.28937,2.7232587,2078
23078,r2i1p1f1,2078,03,09,0.0,14.151195,0.9235394,2078
23079,r2i1p1f1,2078,03,10,0.0,13.25023,1.736208,2078
23080,r2i1p1f1,2078,03,11,0.0,13.485284,1.7077405,2078
23081,r2i1p1f1,2078,03,12,0.23243224153737593,13.019251,4.8252025,2078
23082,r2i1p1f1,2078,03,13,45.68008865686492,8.993388,1.5822353,2078
23083,r2i1p1f1,2078,03,14,26.230730512291373,12.793491,-4.7316775,2078
23084,r2i1p1f1,2078,03,15,0.7909928306057387,8.277076,-3.8082576,2078
23085,r2i1p1f1,2078,03,16,17.40889557079824,9.742159,-2.7407727,2078
23086,r2i1p1f1,2078,03,17,0.06774580528704413,10.207631,4.4208713,2078
23087,r2i1p1f1,2078,03,18,57.813817711296274,8.800012,4.773378,2078
23088,r2i1p1f1,2078,03,19,120.03326969615256,12.125139,4.1039257,2078
23089,r2i1p1f1,2078,03,20,22.500612407636183,13.031806,-3.030492,2078
23090,r2i1p1f1,2078,03,21,0.0,13.546236,-1.3484461,2078
23091,r2i1p1f1,2078,03,22,60.08310148653646,9.9658985,-4.0788584,2078
23092,r2i1p1f1,2078,03,23,0.09514327052434404,8.775092,3.0630212,2078
23093,r2i1p1f1,2078,03,24,0.17580789639256322,7.95115,-0.064961456,2078
23094,r2i1p1f1,2078,03,25,0.04569973792128552,9.505754,-1.2578206,2078
23095,r2i1p1f1,2078,03,26,0.0,12.369619,-0.49361703,2078
23096,r2i1p1f1,2078,03,27,0.0,15.892702,-0.6214784,2078
23097,r2i1p1f1,2078,03,28,1.028712803298941,14.244707,2.2928526,2078
23098,r2i1p1f1,2078,03,29,41.00896665924945,10.755064,3.4935327,2078
23099,r2i1p1f1,2078,03,30,13.724130053742556,11.5911045,-4.0109043,2078
23100,r2i1p1f1,2078,03,31,0.6926605882024608,11.927623,-1.8318884,2078
23101,r2i1p1f1,2078,04,01,0.0,14.299063,0.08775026,2078
23102,r2i1p1f1,2078,04,02,0.38668539583830774,13.141843,0.40751892,2078
23103,r2i1p1f1,2078,04,03,0.0011648669180011405,14.176204,0.22009777,2078
23104,r2i1p1f1,2078,04,04,0.15780337989431595,11.871965,0.8431186,2078
23105,r2i1p1f1,2078,04,05,1.4238024258002742,8.648958,-2.1370802,2078
23106,r2i1p1f1,2078,04,06,0.07180212179754072,14.035088,1.548474,2078
23107,r2i1p1f1,2078,04,07,0.0,15.457517,5.4477706,2078
23108,r2i1p1f1,2078,04,08,4.559515417517664,11.094246,0.7789899,2078
23109,r2i1p1f1,2078,04,09,1.8981596251810866,16.432287,-1.0108442,2078
23110,r2i1p1f1,2078,04,10,0.0,19.987457,1.868826,2078
23111,r2i1p1f1,2078,04,11,0.0,21.751984,3.797109,2078
23112,r2i1p1f1,2078,04,12,0.0,24.697723,7.1003604,2078
23113,r2i1p1f1,2078,04,13,0.0,25.527393,7.376454,2078
23114,r2i1p1f1,2078,04,14,0.0,24.948433,7.258097,2078
23115,r2i1p1f1,2078,04,15,0.0,22.014652,6.096471,2078
23116,r2i1p1f1,2078,04,16,0.0,21.183413,5.057274,2078
23117,r2i1p1f1,2078,04,17,0.0,23.71189,6.7979493,2078
23118,r2i1p1f1,2078,04,18,0.0,25.394646,8.022422,2078
23119,r2i1p1f1,2078,04,19,0.0,26.263565,9.363943,2078
23120,r2i1p1f1,2078,04,20,0.0,27.540714,10.230007,2078
23121,r2i1p1f1,2078,04,21,0.0,27.455328,10.744939,2078
23122,r2i1p1f1,2078,04,22,0.12851425861019658,22.979868,6.1514454,2078
23123,r2i1p1f1,2078,04,23,4.325457433403174,20.4797,3.85386,2078
23124,r2i1p1f1,2078,04,24,0.0,25.402012,7.932439,2078
23125,r2i1p1f1,2078,04,25,0.0,24.404816,7.9362464,2078
23126,r2i1p1f1,2078,04,26,0.0,19.093744,5.913558,2078
23127,r2i1p1f1,2078,04,27,0.0,18.494629,3.4039283,2078
23128,r2i1p1f1,2078,04,28,0.0,18.461548,3.3370314,2078
23129,r2i1p1f1,2078,04,29,0.0,21.736471,5.225005,2078
23130,r2i1p1f1,2078,04,30,0.0,23.070297,6.7057853,2078
23131,r2i1p1f1,2078,05,01,0.6697711143558011,22.81324,7.18655,2078
23132,r2i1p1f1,2078,05,02,0.02903101580718962,23.658417,6.8077407,2078
23133,r2i1p1f1,2078,05,03,0.05679313183971037,23.96178,8.370852,2078
23134,r2i1p1f1,2078,05,04,7.131892458563436,18.960133,1.5942807,2078
23135,r2i1p1f1,2078,05,05,3.765896761307466,13.372142,-1.3400879,2078
23136,r2i1p1f1,2078,05,06,0.10829306127281878,18.68312,5.219469,2078
23137,r2i1p1f1,2078,05,07,21.055651401547948,13.383376,5.6630077,2078
23138,r2i1p1f1,2078,05,08,0.008160092021661023,20.57012,6.1309447,2078
23139,r2i1p1f1,2078,05,09,0.0,22.791973,7.285299,2078
23140,r2i1p1f1,2078,05,10,0.0,22.158062,7.0919456,2078
23141,r2i1p1f1,2078,05,11,0.0,24.62978,8.344575,2078
23142,r2i1p1f1,2078,05,12,0.0,27.420147,8.635757,2078
23143,r2i1p1f1,2078,05,13,0.0,26.900953,9.826716,2078
23144,r2i1p1f1,2078,05,14,0.0,28.432343,11.613737,2078
23145,r2i1p1f1,2078,05,15,0.0,28.1102,9.985547,2078
23146,r2i1p1f1,2078,05,16,0.0,24.361069,7.3943405,2078
23147,r2i1p1f1,2078,05,17,0.0,25.198662,10.475432,2078
23148,r2i1p1f1,2078,05,18,0.0,27.70284,12.030324,2078
23149,r2i1p1f1,2078,05,19,0.0,28.138222,8.726737,2078
23150,r2i1p1f1,2078,05,20,0.0,26.054037,8.943828,2078
23151,r2i1p1f1,2078,05,21,0.02950889409895843,26.299522,10.0574045,2078
23152,r2i1p1f1,2078,05,22,0.0,26.087162,9.571972,2078
23153,r2i1p1f1,2078,05,23,0.11249259665908959,24.419926,8.098553,2078
23154,r2i1p1f1,2078,05,24,4.582904983635672,24.63182,7.6304526,2078
23155,r2i1p1f1,2078,05,25,0.0,28.485025,11.357412,2078
23156,r2i1p1f1,2078,05,26,0.0,28.71684,12.119713,2078
23157,r2i1p1f1,2078,05,27,0.0,26.879208,10.573713,2078
23158,r2i1p1f1,2078,05,28,0.6309836603647384,25.362137,8.428336,2078
23159,r2i1p1f1,2078,05,29,0.0,24.248959,8.428019,2078
23160,r2i1p1f1,2078,05,30,0.0,22.25611,7.338558,2078
23161,r2i1p1f1,2078,05,31,0.0,20.968016,5.583851,2078
23162,r2i1p1f1,2078,06,01,0.7979577448378012,27.700766,9.273992,2078
23163,r2i1p1f1,2078,06,02,0.0,33.052307,14.603619,2078
23164,r2i1p1f1,2078,06,03,0.0,34.33999,16.465132,2078
23165,r2i1p1f1,2078,06,04,0.010021052842673201,34.083916,17.504595,2078
23166,r2i1p1f1,2078,06,05,2.6950452353188528,27.814121,11.591017,2078
23167,r2i1p1f1,2078,06,06,0.0,25.062847,8.532999,2078
23168,r2i1p1f1,2078,06,07,0.0,21.877306,10.002869,2078
23169,r2i1p1f1,2078,06,08,0.0,22.760845,6.8888707,2078
23170,r2i1p1f1,2078,06,09,0.0,26.448082,8.803176,2078
23171,r2i1p1f1,2078,06,10,0.0,28.519833,11.012053,2078
23172,r2i1p1f1,2078,06,11,0.0,31.531124,12.888889,2078
23173,r2i1p1f1,2078,06,12,0.0,31.185822,14.294304,2078
23174,r2i1p1f1,2078,06,13,0.0,31.613497,16.039537,2078
23175,r2i1p1f1,2078,06,14,0.0,32.96339,15.375417,2078
23176,r2i1p1f1,2078,06,15,0.0,36.867783,18.241844,2078
23177,r2i1p1f1,2078,06,16,0.0,37.574444,18.967892,2078
23178,r2i1p1f1,2078,06,17,0.0,36.229584,17.652191,2078
23179,r2i1p1f1,2078,06,18,0.0,31.875845,15.728081,2078
23180,r2i1p1f1,2078,06,19,0.0,26.364279,11.767056,2078
23181,r2i1p1f1,2078,06,20,0.0,27.115898,10.751956,2078
23182,r2i1p1f1,2078,06,21,0.0,30.89416,13.6592455,2078
23183,r2i1p1f1,2078,06,22,0.0,33.25916,14.596489,2078
23184,r2i1p1f1,2078,06,23,0.0,33.811108,14.73998,2078
23185,r2i1p1f1,2078,06,24,0.0,33.91754,15.288122,2078
23186,r2i1p1f1,2078,06,25,0.0,34.203453,15.850684,2078
23187,r2i1p1f1,2078,06,26,0.0,33.760662,16.081347,2078
23188,r2i1p1f1,2078,06,27,0.0,32.907837,14.538074,2078
23189,r2i1p1f1,2078,06,28,0.0,32.235336,13.625811,2078
23190,r2i1p1f1,2078,06,29,0.0,31.644077,13.135115,2078
23191,r2i1p1f1,2078,06,30,0.0,29.769062,13.594157,2078
23192,r2i1p1f1,2078,07,01,0.0,29.203907,12.282643,2078
23193,r2i1p1f1,2078,07,02,0.0,28.966822,12.086202,2078
23194,r2i1p1f1,2078,07,03,0.0,29.81894,14.025281,2078
23195,r2i1p1f1,2078,07,04,0.0,31.28475,12.840743,2078
23196,r2i1p1f1,2078,07,05,0.0,31.421793,14.648666,2078
23197,r2i1p1f1,2078,07,06,0.0,31.372196,15.671277,2078
23198,r2i1p1f1,2078,07,07,0.0,31.937113,15.118227,2078
23199,r2i1p1f1,2078,07,08,0.0,33.148075,16.45878,2078
23200,r2i1p1f1,2078,07,09,0.0012533005456834172,34.821945,16.692173,2078
23201,r2i1p1f1,2078,07,10,0.01886976228538865,35.385326,18.466515,2078
23202,r2i1p1f1,2078,07,11,3.6843841772329493,34.656944,18.039715,2078
23203,r2i1p1f1,2078,07,12,0.0,35.176968,18.767456,2078
23204,r2i1p1f1,2078,07,13,0.4990770709390255,35.146336,18.160557,2078
23205,r2i1p1f1,2078,07,14,0.0,34.824768,18.359755,2078
23206,r2i1p1f1,2078,07,15,0.03325519226983978,36.847057,20.013563,2078
23207,r2i1p1f1,2078,07,16,0.11166509418147214,35.249763,20.09396,2078
23208,r2i1p1f1,2078,07,17,1.26060896607389,34.052025,18.320072,2078
23209,r2i1p1f1,2078,07,18,0.0,34.571373,17.032667,2078
23210,r2i1p1f1,2078,07,19,0.0,35.65256,18.135904,2078
23211,r2i1p1f1,2078,07,20,0.0,36.37848,18.819752,2078
23212,r2i1p1f1,2078,07,21,0.0,37.67093,20.114475,2078
23213,r2i1p1f1,2078,07,22,0.0,38.26192,21.279049,2078
23214,r2i1p1f1,2078,07,23,0.0,38.896282,19.449633,2078
23215,r2i1p1f1,2078,07,24,0.0,34.412518,16.522038,2078
23216,r2i1p1f1,2078,07,25,0.0,33.18341,15.601207,2078
23217,r2i1p1f1,2078,07,26,0.0,32.012093,15.30434,2078
23218,r2i1p1f1,2078,07,27,0.0,32.125507,15.395745,2078
23219,r2i1p1f1,2078,07,28,0.0,31.87522,15.763207,2078
23220,r2i1p1f1,2078,07,29,0.0,31.957266,15.606724,2078
23221,r2i1p1f1,2078,07,30,0.0,31.793917,15.635664,2078
23222,r2i1p1f1,2078,07,31,0.0,31.810703,15.316309,2078
23223,r2i1p1f1,2078,08,01,0.0,32.064194,15.145379,2078
23224,r2i1p1f1,2078,08,02,0.0,32.9614,17.097696,2078
23225,r2i1p1f1,2078,08,03,0.0,34.161472,18.242058,2078
23226,r2i1p1f1,2078,08,04,0.03404311585025145,35.52195,18.4804,2078
23227,r2i1p1f1,2078,08,05,0.021447328603804074,36.08134,19.32271,2078
23228,r2i1p1f1,2078,08,06,0.0,35.793594,19.01368,2078
23229,r2i1p1f1,2078,08,07,0.0,36.49115,19.604418,2078
23230,r2i1p1f1,2078,08,08,0.228310220700223,37.058487,20.705318,2078
23231,r2i1p1f1,2078,08,09,2.5858071394762963,35.430813,20.189926,2078
23232,r2i1p1f1,2078,08,10,0.0,35.023468,19.252506,2078
23233,r2i1p1f1,2078,08,11,16.646108186768497,34.284267,19.542011,2078
23234,r2i1p1f1,2078,08,12,1.8816302486811765,34.49349,20.128294,2078
23235,r2i1p1f1,2078,08,13,0.0,33.88261,18.904198,2078
23236,r2i1p1f1,2078,08,14,0.0,32.983826,17.953209,2078
23237,r2i1p1f1,2078,08,15,0.0,32.738045,15.841772,2078
23238,r2i1p1f1,2078,08,16,0.0,32.433945,15.932481,2078
23239,r2i1p1f1,2078,08,17,0.0,32.084564,15.857341,2078
23240,r2i1p1f1,2078,08,18,0.0,31.608814,16.067677,2078
23241,r2i1p1f1,2078,08,19,0.0,32.047707,16.94566,2078
23242,r2i1p1f1,2078,08,20,0.0,33.685978,17.014761,2078
23243,r2i1p1f1,2078,08,21,0.0,34.898014,18.288956,2078
23244,r2i1p1f1,2078,08,22,0.0,35.228146,17.924145,2078
23245,r2i1p1f1,2078,08,23,0.0,34.795208,16.51985,2078
23246,r2i1p1f1,2078,08,24,0.0,31.352194,13.1192465,2078
23247,r2i1p1f1,2078,08,25,0.0,28.353363,11.210212,2078
23248,r2i1p1f1,2078,08,26,0.0,26.607803,10.391094,2078
23249,r2i1p1f1,2078,08,27,0.0,25.438643,8.771699,2078
23250,r2i1p1f1,2078,08,28,0.0,27.478174,9.371614,2078
23251,r2i1p1f1,2078,08,29,0.0,29.26394,12.853219,2078
23252,r2i1p1f1,2078,08,30,0.0,31.179956,12.840469,2078
23253,r2i1p1f1,2078,08,31,0.0,31.584078,13.952737,2078
23254,r2i1p1f1,2078,09,01,0.0,30.628336,13.833816,2078
23255,r2i1p1f1,2078,09,02,0.0,28.201176,13.287429,2078
23256,r2i1p1f1,2078,09,03,0.0,27.637154,11.770932,2078
23257,r2i1p1f1,2078,09,04,0.0,27.716324,12.604854,2078
23258,r2i1p1f1,2078,09,05,0.0,29.446302,13.159368,2078
23259,r2i1p1f1,2078,09,06,0.0,29.872076,12.785049,2078
23260,r2i1p1f1,2078,09,07,0.0,27.993378,12.522503,2078
23261,r2i1p1f1,2078,09,08,0.0,25.086649,9.844658,2078
23262,r2i1p1f1,2078,09,09,0.21167729448209754,23.924412,8.9803095,2078
23263,r2i1p1f1,2078,09,10,0.0,25.796213,7.720974,2078
23264,r2i1p1f1,2078,09,11,0.0,25.456709,9.410901,2078
23265,r2i1p1f1,2078,09,12,0.0,25.368446,9.669542,2078
23266,r2i1p1f1,2078,09,13,0.14157372956665662,24.028883,10.373144,2078
23267,r2i1p1f1,2078,09,14,0.0,25.39253,11.53158,2078
23268,r2i1p1f1,2078,09,15,0.0,29.403439,11.421911,2078
23269,r2i1p1f1,2078,09,16,0.0,32.02546,14.104807,2078
23270,r2i1p1f1,2078,09,17,0.0,31.59002,15.337261,2078
23271,r2i1p1f1,2078,09,18,0.0,27.720568,11.485683,2078
23272,r2i1p1f1,2078,09,19,0.0,29.907572,12.712985,2078
23273,r2i1p1f1,2078,09,20,0.0,31.051348,14.23815,2078
23274,r2i1p1f1,2078,09,21,0.0,31.963432,15.591025,2078
23275,r2i1p1f1,2078,09,22,0.0,31.178848,15.185994,2078
23276,r2i1p1f1,2078,09,23,0.0,32.069397,13.903167,2078
23277,r2i1p1f1,2078,09,24,13.382468049530871,29.921192,12.504393,2078
23278,r2i1p1f1,2078,09,25,4.127668797314772,24.684927,11.242159,2078
23279,r2i1p1f1,2078,09,26,3.291955476690698,26.270943,11.920573,2078
23280,r2i1p1f1,2078,09,27,3.901432208252887,28.177216,12.2997,2078
23281,r2i1p1f1,2078,09,28,0.0,28.942368,13.636351,2078
23282,r2i1p1f1,2078,09,29,0.0,31.916666,15.352129,2078
23283,r2i1p1f1,2078,09,30,0.0,31.4457,15.447205,2078
23284,r2i1p1f1,2078,10,01,0.0,32.498398,15.883318,2078
23285,r2i1p1f1,2078,10,02,0.0,31.674795,15.9376,2078
23286,r2i1p1f1,2078,10,03,0.0,21.538876,8.69339,2078
23287,r2i1p1f1,2078,10,04,0.0,19.399204,4.858029,2078
23288,r2i1p1f1,2078,10,05,0.0,21.240904,3.1961462,2078
23289,r2i1p1f1,2078,10,06,0.0,26.637993,6.9129496,2078
23290,r2i1p1f1,2078,10,07,0.0,27.41375,10.61805,2078
23291,r2i1p1f1,2078,10,08,0.0,29.496592,11.579867,2078
23292,r2i1p1f1,2078,10,09,0.0,28.164713,12.025987,2078
23293,r2i1p1f1,2078,10,10,0.0,26.8613,10.783582,2078
23294,r2i1p1f1,2078,10,11,0.0,25.668394,9.721548,2078
23295,r2i1p1f1,2078,10,12,0.0,26.799044,12.47647,2078
23296,r2i1p1f1,2078,10,13,0.0,29.033598,13.980391,2078
23297,r2i1p1f1,2078,10,14,0.0,28.424047,13.360051,2078
23298,r2i1p1f1,2078,10,15,0.0,27.015606,12.947658,2078
23299,r2i1p1f1,2078,10,16,9.692280252238561,24.147673,10.787939,2078
23300,r2i1p1f1,2078,10,17,1.1428238502258654,21.176361,6.212661,2078
23301,r2i1p1f1,2078,10,18,0.0,24.132994,7.081406,2078
23302,r2i1p1f1,2078,10,19,0.0,24.441578,9.155214,2078
23303,r2i1p1f1,2078,10,20,0.0,27.278921,10.538761,2078
23304,r2i1p1f1,2078,10,21,0.0,29.988966,11.9588995,2078
23305,r2i1p1f1,2078,10,22,0.0,29.302954,11.318962,2078
23306,r2i1p1f1,2078,10,23,0.0,25.433378,10.242826,2078
23307,r2i1p1f1,2078,10,24,0.0,24.99515,10.934248,2078
23308,r2i1p1f1,2078,10,25,0.0,24.74086,10.715369,2078
23309,r2i1p1f1,2078,10,26,0.0,23.711893,10.032181,2078
23310,r2i1p1f1,2078,10,27,0.0,21.911997,6.242585,2078
23311,r2i1p1f1,2078,10,28,0.0,19.129408,7.21052,2078
23312,r2i1p1f1,2078,10,29,0.0,20.889112,5.973119,2078
23313,r2i1p1f1,2078,10,30,0.0,22.926985,7.675105,2078
23314,r2i1p1f1,2078,10,31,0.0,22.22839,7.787113,2078
23315,r2i1p1f1,2078,11,01,0.0,20.627752,6.9841294,2078
23316,r2i1p1f1,2078,11,02,0.0,18.703104,5.809421,2078
23317,r2i1p1f1,2078,11,03,0.0,21.883013,6.870487,2078
23318,r2i1p1f1,2078,11,04,0.0,23.915894,8.838085,2078
23319,r2i1p1f1,2078,11,05,0.0,22.59446,7.8167114,2078
23320,r2i1p1f1,2078,11,06,0.0,21.788113,7.6819053,2078
23321,r2i1p1f1,2078,11,07,0.0,19.734966,6.1578593,2078
23322,r2i1p1f1,2078,11,08,0.0,19.26811,5.9583116,2078
23323,r2i1p1f1,2078,11,09,0.0,19.096485,5.131135,2078
23324,r2i1p1f1,2078,11,10,0.0,20.660788,6.6175375,2078
23325,r2i1p1f1,2078,11,11,0.0,21.343624,7.155397,2078
23326,r2i1p1f1,2078,11,12,0.0,22.143076,7.294413,2078
23327,r2i1p1f1,2078,11,13,0.0,24.510664,7.955305,2078
23328,r2i1p1f1,2078,11,14,0.0,26.219683,9.026668,2078
23329,r2i1p1f1,2078,11,15,0.0,24.918068,5.5418124,2078
23330,r2i1p1f1,2078,11,16,0.0,24.003168,4.8721585,2078
23331,r2i1p1f1,2078,11,17,0.0,24.599638,5.973001,2078
23332,r2i1p1f1,2078,11,18,0.0,25.398634,7.7592225,2078
23333,r2i1p1f1,2078,11,19,0.0,25.705908,8.22289,2078
23334,r2i1p1f1,2078,11,20,0.0,25.064737,6.8830466,2078
23335,r2i1p1f1,2078,11,21,0.0,24.857037,6.691638,2078
23336,r2i1p1f1,2078,11,22,0.0,24.949137,6.5915623,2078
23337,r2i1p1f1,2078,11,23,0.0,24.817299,5.2024393,2078
23338,r2i1p1f1,2078,11,24,0.0,24.751177,5.146958,2078
23339,r2i1p1f1,2078,11,25,0.0,22.636044,2.7998536,2078
23340,r2i1p1f1,2078,11,26,0.0,20.612389,0.7355994,2078
23341,r2i1p1f1,2078,11,27,0.0,21.594038,0.79593384,2078
23342,r2i1p1f1,2078,11,28,0.0,21.210829,0.63352674,2078
23343,r2i1p1f1,2078,11,29,5.9294777100289,16.270208,3.7893763,2078
23344,r2i1p1f1,2078,11,30,1.2850053083219302,10.532983,-1.8768762,2078
23345,r2i1p1f1,2078,12,01,0.0,7.006113,-1.5084649,2078
23346,r2i1p1f1,2078,12,02,0.0,12.74959,-3.8392975,2078
23347,r2i1p1f1,2078,12,03,0.0,16.017887,-1.0852274,2078
23348,r2i1p1f1,2078,12,04,0.0,14.823464,-1.8261371,2078
23349,r2i1p1f1,2078,12,05,7.285797319491394,9.416013,-4.920603,2078
23350,r2i1p1f1,2078,12,06,44.158204297463485,3.5136225,-4.456256,2078
23351,r2i1p1f1,2078,12,07,51.01188646736913,2.2961884,-7.271627,2078
23352,r2i1p1f1,2078,12,08,55.743557665174684,3.4472356,-5.6625013,2078
23353,r2i1p1f1,2078,12,09,11.714842683319988,1.014902,-3.269311,2078
23354,r2i1p1f1,2078,12,10,0.0,3.2609088,-5.8793373,2078
23355,r2i1p1f1,2078,12,11,4.339379022265068e-05,2.7091463,-8.355913,2078
23356,r2i1p1f1,2078,12,12,0.0,-0.5688863,-12.460072,2078
23357,r2i1p1f1,2078,12,13,0.0,-5.379183,-17.189478,2078
23358,r2i1p1f1,2078,12,14,0.0,-2.8357923,-14.700808,2078
23359,r2i1p1f1,2078,12,15,0.0,2.7864103,-9.717585,2078
23360,r2i1p1f1,2078,12,16,0.0,8.78597,-5.343549,2078
23361,r2i1p1f1,2078,12,17,0.0,5.2779775,-5.9829717,2078
23362,r2i1p1f1,2078,12,18,0.0,6.2293954,-6.2706046,2078
23363,r2i1p1f1,2078,12,19,0.0,6.886631,-5.68041,2078
23364,r2i1p1f1,2078,12,20,0.0,3.0278802,-4.9041944,2078
23365,r2i1p1f1,2078,12,21,0.0,5.0504932,-6.2935953,2078
23366,r2i1p1f1,2078,12,22,0.0,7.402528,-5.670525,2078
23367,r2i1p1f1,2078,12,23,0.0,7.810173,-4.828708,2078
23368,r2i1p1f1,2078,12,24,0.0,7.1334996,-3.1440105,2078
23369,r2i1p1f1,2078,12,25,0.0,5.292932,-1.8706039,2078
23370,r2i1p1f1,2078,12,26,0.0,10.202279,0.6256433,2078
23371,r2i1p1f1,2078,12,27,0.0,13.227432,1.2066524,2078
23372,r2i1p1f1,2078,12,28,0.0,15.727275,2.7646089,2078
23373,r2i1p1f1,2078,12,29,0.0,16.718626,3.4616022,2078
23374,r2i1p1f1,2078,12,30,0.010083826383869074,12.548372,1.3062888,2078
23375,r2i1p1f1,2078,12,31,0.9448943936779239,6.5105324,2.0219922,2078
23376,r2i1p1f1,2079,01,01,0.0,6.964182,0.9990282,2079
23377,r2i1p1f1,2079,01,02,0.14214307572309245,8.577822,-2.210435,2079
23378,r2i1p1f1,2079,01,03,0.0,8.510652,-4.995189,2079
23379,r2i1p1f1,2079,01,04,0.0,13.603926,-0.5233657,2079
23380,r2i1p1f1,2079,01,05,0.0,13.864148,2.4338038,2079
23381,r2i1p1f1,2079,01,06,0.0,14.554709,2.6313171,2079
23382,r2i1p1f1,2079,01,07,0.0,13.844589,2.6419563,2079
23383,r2i1p1f1,2079,01,08,0.0,16.541117,3.7516832,2079
23384,r2i1p1f1,2079,01,09,0.0,17.23183,5.152507,2079
23385,r2i1p1f1,2079,01,10,0.0,18.991686,4.929138,2079
23386,r2i1p1f1,2079,01,11,0.4015803209278182,13.819163,3.8291376,2079
23387,r2i1p1f1,2079,01,12,0.0,11.6453495,-4.133906,2079
23388,r2i1p1f1,2079,01,13,0.0,14.25825,2.5590746,2079
23389,r2i1p1f1,2079,01,14,0.0,12.862061,0.25380248,2079
23390,r2i1p1f1,2079,01,15,0.0,15.666873,0.8586734,2079
23391,r2i1p1f1,2079,01,16,0.0,18.467678,3.8592534,2079
23392,r2i1p1f1,2079,01,17,0.0,19.379463,7.382469,2079
23393,r2i1p1f1,2079,01,18,0.0,19.498583,6.7659225,2079
23394,r2i1p1f1,2079,01,19,0.0,18.92637,4.637336,2079
23395,r2i1p1f1,2079,01,20,5.3093726335366505,12.269806,2.3331506,2079
23396,r2i1p1f1,2079,01,21,0.3130565202249832,12.59062,7.018018,2079
23397,r2i1p1f1,2079,01,22,0.0,14.361311,3.8948796,2079
23398,r2i1p1f1,2079,01,23,0.0,13.078764,4.973986,2079
23399,r2i1p1f1,2079,01,24,0.0,20.430855,6.622345,2079
23400,r2i1p1f1,2079,01,25,0.0,19.81132,7.4425564,2079
23401,r2i1p1f1,2079,01,26,0.007453481465255698,19.345585,5.0934362,2079
23402,r2i1p1f1,2079,01,27,0.0,21.123234,6.4198985,2079
23403,r2i1p1f1,2079,01,28,0.0,19.639317,6.8936496,2079
23404,r2i1p1f1,2079,01,29,0.0,20.878658,7.3106675,2079
23405,r2i1p1f1,2079,01,30,0.0,21.519297,7.6460085,2079
23406,r2i1p1f1,2079,01,31,0.0,23.97934,9.27627,2079
23407,r2i1p1f1,2079,02,01,0.0,24.959612,10.417102,2079
23408,r2i1p1f1,2079,02,02,0.0,24.469362,9.611838,2079
23409,r2i1p1f1,2079,02,03,0.0,22.562534,7.621449,2079
23410,r2i1p1f1,2079,02,04,0.3558539515114927,14.720537,6.7471642,2079
23411,r2i1p1f1,2079,02,05,0.0042627699888096405,16.290308,8.872029,2079
23412,r2i1p1f1,2079,02,06,0.0,17.442476,5.3206263,2079
23413,r2i1p1f1,2079,02,07,0.0,20.228409,2.738261,2079
23414,r2i1p1f1,2079,02,08,0.34678272020126033,15.472362,8.115005,2079
23415,r2i1p1f1,2079,02,09,0.0,15.268699,5.1545854,2079
23416,r2i1p1f1,2079,02,10,0.0,14.469141,5.2294736,2079
23417,r2i1p1f1,2079,02,11,0.3571949239812966,13.508691,2.56292,2079
23418,r2i1p1f1,2079,02,12,0.0,13.621336,1.1658677,2079
23419,r2i1p1f1,2079,02,13,0.0,7.965925,1.1406592,2079
23420,r2i1p1f1,2079,02,14,0.0,11.4638405,-0.5521704,2079
23421,r2i1p1f1,2079,02,15,0.0,17.1238,1.8655335,2079
23422,r2i1p1f1,2079,02,16,1.1179365491443605,13.536514,0.42175272,2079
23423,r2i1p1f1,2079,02,17,28.53062759408763,10.20878,5.3138437,2079
23424,r2i1p1f1,2079,02,18,0.0,14.359497,6.125596,2079
23425,r2i1p1f1,2079,02,19,0.0,16.681234,4.8863425,2079
23426,r2i1p1f1,2079,02,20,3.0331534261117317,12.534485,6.9919224,2079
23427,r2i1p1f1,2079,02,21,21.70726877229754,10.6321,6.1334186,2079
23428,r2i1p1f1,2079,02,22,0.0,14.499509,4.8412824,2079
23429,r2i1p1f1,2079,02,23,0.0,20.150166,5.1281476,2079
23430,r2i1p1f1,2079,02,24,0.0,19.15394,5.47528,2079
23431,r2i1p1f1,2079,02,25,0.0,20.12125,6.2404385,2079
23432,r2i1p1f1,2079,02,26,0.0,18.00066,4.5029616,2079
23433,r2i1p1f1,2079,02,27,0.0,16.969067,5.076961,2079
23434,r2i1p1f1,2079,02,28,14.835055912960971,11.155528,2.537404,2079
23435,r2i1p1f1,2079,03,01,37.89633142811139,9.416966,1.9526844,2079
23436,r2i1p1f1,2079,03,02,0.0,14.925713,1.5171769,2079
23437,r2i1p1f1,2079,03,03,0.0,12.900698,2.6857874,2079
23438,r2i1p1f1,2079,03,04,37.68146262781766,8.860979,3.6333466,2079
23439,r2i1p1f1,2079,03,05,73.03701116246745,9.178913,3.596123,2079
23440,r2i1p1f1,2079,03,06,32.81156326619776,10.983987,-4.141212,2079
23441,r2i1p1f1,2079,03,07,0.0,6.134189,0.095433846,2079
23442,r2i1p1f1,2079,03,08,11.530072975438088,3.33635,-1.6389103,2079
23443,r2i1p1f1,2079,03,09,0.0,10.568933,-3.1612146,2079
23444,r2i1p1f1,2079,03,10,0.0,13.017466,-1.7337682,2079
23445,r2i1p1f1,2079,03,11,0.0,16.843563,1.5468034,2079
23446,r2i1p1f1,2079,03,12,0.0,19.159378,4.1691775,2079
23447,r2i1p1f1,2079,03,13,0.0,17.821507,3.134358,2079
23448,r2i1p1f1,2079,03,14,53.78895295457019,9.967497,1.4775804,2079
23449,r2i1p1f1,2079,03,15,75.59807619635158,7.98869,-0.41362038,2079
23450,r2i1p1f1,2079,03,16,2.5210791343607317,10.763941,3.7956202,2079
23451,r2i1p1f1,2079,03,17,32.82866604433646,8.348975,1.9080313,2079
23452,r2i1p1f1,2079,03,18,16.57908942355649,5.955259,0.8822185,2079
23453,r2i1p1f1,2079,03,19,14.443694785838419,8.62251,-2.4795153,2079
23454,r2i1p1f1,2079,03,20,0.0,17.502651,0.2690497,2079
23455,r2i1p1f1,2079,03,21,2.8557064225494218,13.936647,1.5157744,2079
23456,r2i1p1f1,2079,03,22,0.0,17.98219,0.94777143,2079
23457,r2i1p1f1,2079,03,23,3.1153396342513306,13.776733,-1.8895862,2079
23458,r2i1p1f1,2079,03,24,45.688638746147404,9.475223,5.0276513,2079
23459,r2i1p1f1,2079,03,25,0.0,16.228941,0.997764,2079
23460,r2i1p1f1,2079,03,26,0.0,16.900488,1.5106753,2079
23461,r2i1p1f1,2079,03,27,0.0,18.867619,1.9775454,2079
23462,r2i1p1f1,2079,03,28,0.0,18.541588,3.0449982,2079
23463,r2i1p1f1,2079,03,29,0.0,21.688025,3.9104602,2079
23464,r2i1p1f1,2079,03,30,0.0,21.102736,4.1509414,2079
23465,r2i1p1f1,2079,03,31,0.0,20.377861,4.3704762,2079
23466,r2i1p1f1,2079,04,01,0.0,18.554148,8.558095,2079
23467,r2i1p1f1,2079,04,02,0.0,23.837309,7.547903,2079
23468,r2i1p1f1,2079,04,03,0.0,26.57462,8.734618,2079
23469,r2i1p1f1,2079,04,04,0.0,27.887388,9.895845,2079
23470,r2i1p1f1,2079,04,05,0.0,26.368881,9.630219,2079
23471,r2i1p1f1,2079,04,06,0.0,26.056507,8.838907,2079
23472,r2i1p1f1,2079,04,07,0.0,18.825026,3.8086407,2079
23473,r2i1p1f1,2079,04,08,0.7601922023660825,11.272241,-1.8654752,2079
23474,r2i1p1f1,2079,04,09,0.05808148408994804,14.494554,-0.6279097,2079
23475,r2i1p1f1,2079,04,10,0.0,17.609245,0.19137867,2079
23476,r2i1p1f1,2079,04,11,0.0,20.428726,2.7704158,2079
23477,r2i1p1f1,2079,04,12,0.25728346131822594,18.840485,3.8856788,2079
23478,r2i1p1f1,2079,04,13,0.28934647809644676,17.279667,5.381935,2079
23479,r2i1p1f1,2079,04,14,0.0,22.081226,6.0773697,2079
23480,r2i1p1f1,2079,04,15,0.0,23.370245,7.142517,2079
23481,r2i1p1f1,2079,04,16,0.0,22.256884,5.967849,2079
23482,r2i1p1f1,2079,04,17,0.0,18.625214,4.359871,2079
23483,r2i1p1f1,2079,04,18,9.509064304900395,8.514887,-0.82813656,2079
23484,r2i1p1f1,2079,04,19,0.015149576714835487,16.972559,3.028193,2079
23485,r2i1p1f1,2079,04,20,0.0,22.933453,5.683721,2079
23486,r2i1p1f1,2079,04,21,0.0,26.623379,8.448812,2079
23487,r2i1p1f1,2079,04,22,0.0,27.02161,9.424778,2079
23488,r2i1p1f1,2079,04,23,2.0366206484910574,21.676783,5.336624,2079
23489,r2i1p1f1,2079,04,24,0.0,23.018099,6.916486,2079
23490,r2i1p1f1,2079,04,25,0.0,24.214127,8.150131,2079
23491,r2i1p1f1,2079,04,26,0.0,24.661781,8.931797,2079
23492,r2i1p1f1,2079,04,27,0.0,22.667393,7.685537,2079
23493,r2i1p1f1,2079,04,28,0.0,21.562584,5.9138203,2079
23494,r2i1p1f1,2079,04,29,0.0,17.36438,1.9904175,2079
23495,r2i1p1f1,2079,04,30,0.0,18.07808,1.8456718,2079
23496,r2i1p1f1,2079,05,01,0.0,20.34393,2.376632,2079
23497,r2i1p1f1,2079,05,02,0.0,22.072119,5.1933346,2079
23498,r2i1p1f1,2079,05,03,0.0,22.853748,6.200385,2079
23499,r2i1p1f1,2079,05,04,0.01272358454116329,21.773027,4.491288,2079
23500,r2i1p1f1,2079,05,05,6.329589562007571,13.280415,2.9290254,2079
23501,r2i1p1f1,2079,05,06,1.5853527905304732,14.659289,7.481644,2079
23502,r2i1p1f1,2079,05,07,0.0,15.009024,7.0180306,2079
23503,r2i1p1f1,2079,05,08,0.0,20.162119,4.819034,2079
23504,r2i1p1f1,2079,05,09,0.0,21.78298,3.686343,2079
23505,r2i1p1f1,2079,05,10,0.007878926519949276,20.671785,4.226908,2079
23506,r2i1p1f1,2079,05,11,14.833270705667719,12.314341,4.9192247,2079
23507,r2i1p1f1,2079,05,12,1.5686488814865767,14.213345,2.597943,2079
23508,r2i1p1f1,2079,05,13,0.0,15.628111,2.8533373,2079
23509,r2i1p1f1,2079,05,14,0.0,18.746859,4.3466983,2079
23510,r2i1p1f1,2079,05,15,0.0,19.647072,3.4628422,2079
23511,r2i1p1f1,2079,05,16,20.47680839493226,12.050871,3.27284,2079
23512,r2i1p1f1,2079,05,17,14.982425363845882,10.362313,2.7213213,2079
23513,r2i1p1f1,2079,05,18,0.05864074964147921,15.624676,1.758107,2079
23514,r2i1p1f1,2079,05,19,0.0365229246654053,19.951817,4.5566444,2079
23515,r2i1p1f1,2079,05,20,0.0,22.404268,5.3247123,2079
23516,r2i1p1f1,2079,05,21,0.0,25.858896,8.446887,2079
23517,r2i1p1f1,2079,05,22,0.0,26.815493,9.120438,2079
23518,r2i1p1f1,2079,05,23,0.0,30.368856,12.528748,2079
23519,r2i1p1f1,2079,05,24,0.0,32.97258,15.089988,2079
23520,r2i1p1f1,2079,05,25,0.0,34.586678,16.557299,2079
23521,r2i1p1f1,2079,05,26,0.0,34.264214,16.794994,2079
23522,r2i1p1f1,2079,05,27,0.0,33.499958,16.303802,2079
23523,r2i1p1f1,2079,05,28,0.0,33.488274,16.882154,2079
23524,r2i1p1f1,2079,05,29,0.0,35.848404,18.038221,2079
23525,r2i1p1f1,2079,05,30,0.0,36.36339,18.72647,2079
23526,r2i1p1f1,2079,05,31,0.0,36.013145,19.378344,2079
23527,r2i1p1f1,2079,06,01,0.0,39.008156,22.606382,2079
23528,r2i1p1f1,2079,06,02,0.0,37.198963,20.455992,2079
23529,r2i1p1f1,2079,06,03,0.0,33.433132,16.96875,2079
23530,r2i1p1f1,2079,06,04,0.0,25.457848,10.262855,2079
23531,r2i1p1f1,2079,06,05,0.0,23.98791,8.43834,2079
23532,r2i1p1f1,2079,06,06,0.0,25.752901,8.042185,2079
23533,r2i1p1f1,2079,06,07,0.0,25.023325,9.614046,2079
23534,r2i1p1f1,2079,06,08,0.0,25.455492,10.275725,2079
23535,r2i1p1f1,2079,06,09,0.0,28.85004,12.477465,2079
23536,r2i1p1f1,2079,06,10,0.4639784979330076,28.79254,11.312217,2079
23537,r2i1p1f1,2079,06,11,0.005108611563068384,26.023655,9.075544,2079
23538,r2i1p1f1,2079,06,12,0.0,30.850761,13.028477,2079
23539,r2i1p1f1,2079,06,13,0.0,33.96475,15.993588,2079
23540,r2i1p1f1,2079,06,14,0.0,35.070187,16.964521,2079
23541,r2i1p1f1,2079,06,15,0.0,36.594013,18.354532,2079
23542,r2i1p1f1,2079,06,16,0.0,35.271797,16.88516,2079
23543,r2i1p1f1,2079,06,17,0.0,32.216526,15.416233,2079
23544,r2i1p1f1,2079,06,18,0.0,28.981802,12.286193,2079
23545,r2i1p1f1,2079,06,19,0.0,28.239595,11.729092,2079
23546,r2i1p1f1,2079,06,20,0.0,29.411333,11.961643,2079
23547,r2i1p1f1,2079,06,21,0.0,28.716349,11.858477,2079
23548,r2i1p1f1,2079,06,22,0.0,26.77331,10.67572,2079
23549,r2i1p1f1,2079,06,23,0.0,25.361494,8.260999,2079
23550,r2i1p1f1,2079,06,24,0.0,28.460766,10.987905,2079
23551,r2i1p1f1,2079,06,25,0.0,28.646383,10.531367,2079
23552,r2i1p1f1,2079,06,26,0.0,28.801632,11.971357,2079
23553,r2i1p1f1,2079,06,27,0.0,30.446608,12.0348835,2079
23554,r2i1p1f1,2079,06,28,0.0,29.777113,11.717204,2079
23555,r2i1p1f1,2079,06,29,0.0,31.89224,13.822486,2079
23556,r2i1p1f1,2079,06,30,0.0,31.619942,12.997927,2079
23557,r2i1p1f1,2079,07,01,0.0,31.163155,12.301111,2079
23558,r2i1p1f1,2079,07,02,0.0,32.013203,13.161385,2079
23559,r2i1p1f1,2079,07,03,0.0,33.1193,16.574635,2079
23560,r2i1p1f1,2079,07,04,0.0,34.423317,16.605972,2079
23561,r2i1p1f1,2079,07,05,0.0,34.104706,16.46572,2079
23562,r2i1p1f1,2079,07,06,0.0,34.28487,18.161358,2079
23563,r2i1p1f1,2079,07,07,0.0,34.518723,16.841578,2079
23564,r2i1p1f1,2079,07,08,0.0,34.7875,17.390202,2079
23565,r2i1p1f1,2079,07,09,0.0,35.101208,17.913086,2079
23566,r2i1p1f1,2079,07,10,0.0,34.749702,17.369423,2079
23567,r2i1p1f1,2079,07,11,0.0,33.792503,17.1108,2079
23568,r2i1p1f1,2079,07,12,0.0,32.65285,15.965689,2079
23569,r2i1p1f1,2079,07,13,0.0,32.39419,16.341875,2079
23570,r2i1p1f1,2079,07,14,0.0,33.749912,18.56003,2079
23571,r2i1p1f1,2079,07,15,0.0,34.11712,15.636412,2079
23572,r2i1p1f1,2079,07,16,0.0,34.15176,16.017763,2079
23573,r2i1p1f1,2079,07,17,0.0,34.293644,16.36954,2079
23574,r2i1p1f1,2079,07,18,0.0,34.7937,16.998209,2079
23575,r2i1p1f1,2079,07,19,0.0,34.126545,16.80959,2079
23576,r2i1p1f1,2079,07,20,0.0,31.916908,14.993023,2079
23577,r2i1p1f1,2079,07,21,0.0,30.47792,14.979173,2079
23578,r2i1p1f1,2079,07,22,0.0,29.629625,12.995581,2079
23579,r2i1p1f1,2079,07,23,0.0,30.35793,13.812937,2079
23580,r2i1p1f1,2079,07,24,0.0,31.120249,13.877488,2079
23581,r2i1p1f1,2079,07,25,0.0,30.810747,13.399219,2079
23582,r2i1p1f1,2079,07,26,0.0,30.39306,13.875808,2079
23583,r2i1p1f1,2079,07,27,0.0,31.661446,13.700424,2079
23584,r2i1p1f1,2079,07,28,0.0,31.572495,13.527185,2079
23585,r2i1p1f1,2079,07,29,0.0,32.539883,14.749793,2079
23586,r2i1p1f1,2079,07,30,0.00018586648331200614,33.028942,15.744739,2079
23587,r2i1p1f1,2079,07,31,0.0,32.9463,15.193923,2079
23588,r2i1p1f1,2079,08,01,0.0,32.089306,15.450154,2079
23589,r2i1p1f1,2079,08,02,0.0,33.38692,15.2526,2079
23590,r2i1p1f1,2079,08,03,0.0,34.666286,15.212814,2079
23591,r2i1p1f1,2079,08,04,0.0,34.660618,17.240385,2079
23592,r2i1p1f1,2079,08,05,0.011606718516514566,35.08215,17.387974,2079
23593,r2i1p1f1,2079,08,06,0.0,35.005646,17.022802,2079
23594,r2i1p1f1,2079,08,07,0.0,34.04296,15.626484,2079
23595,r2i1p1f1,2079,08,08,0.0,33.678482,14.746458,2079
23596,r2i1p1f1,2079,08,09,0.0,33.945377,17.926188,2079
23597,r2i1p1f1,2079,08,10,0.0,34.283237,18.18893,2079
23598,r2i1p1f1,2079,08,11,0.0,34.87195,17.985094,2079
23599,r2i1p1f1,2079,08,12,0.0,35.769283,18.560455,2079
23600,r2i1p1f1,2079,08,13,0.0,35.427696,18.514791,2079
23601,r2i1p1f1,2079,08,14,0.0,34.59643,16.669548,2079
23602,r2i1p1f1,2079,08,15,0.0,32.23398,13.806822,2079
23603,r2i1p1f1,2079,08,16,0.0,32.597836,15.455175,2079
23604,r2i1p1f1,2079,08,17,0.0,33.06785,15.517737,2079
23605,r2i1p1f1,2079,08,18,0.0,32.683144,14.916938,2079
23606,r2i1p1f1,2079,08,19,0.0,31.097124,12.5672,2079
23607,r2i1p1f1,2079,08,20,0.0,29.193241,12.040848,2079
23608,r2i1p1f1,2079,08,21,0.0,29.632181,12.928393,2079
23609,r2i1p1f1,2079,08,22,0.0,29.794472,12.833355,2079
23610,r2i1p1f1,2079,08,23,0.0,27.727734,11.864536,2079
23611,r2i1p1f1,2079,08,24,0.0,25.39441,10.978445,2079
23612,r2i1p1f1,2079,08,25,0.0,29.009804,12.390361,2079
23613,r2i1p1f1,2079,08,26,0.0,31.832848,14.111374,2079
23614,r2i1p1f1,2079,08,27,0.0,32.3515,16.31453,2079
23615,r2i1p1f1,2079,08,28,0.0,33.746113,17.093437,2079
23616,r2i1p1f1,2079,08,29,0.0,33.41758,17.108278,2079
23617,r2i1p1f1,2079,08,30,0.0,33.619514,16.493116,2079
23618,r2i1p1f1,2079,08,31,0.0,32.27524,15.788936,2079
23619,r2i1p1f1,2079,09,01,0.0,31.28735,15.781341,2079
23620,r2i1p1f1,2079,09,02,0.5647817995797875,29.765507,15.277173,2079
23621,r2i1p1f1,2079,09,03,2.3558025526487936,27.456573,13.5184355,2079
23622,r2i1p1f1,2079,09,04,0.0,30.225098,16.451927,2079
23623,r2i1p1f1,2079,09,05,1.1412472722300804,31.04584,16.164513,2079
23624,r2i1p1f1,2079,09,06,3.100986838893942,29.484,14.653815,2079
23625,r2i1p1f1,2079,09,07,0.7045762158550308,26.315248,11.815714,2079
23626,r2i1p1f1,2079,09,08,0.0,21.07023,7.916003,2079
23627,r2i1p1f1,2079,09,09,0.0,21.664736,7.717753,2079
23628,r2i1p1f1,2079,09,10,0.0,26.555449,9.945834,2079
23629,r2i1p1f1,2079,09,11,0.0,27.438515,12.795652,2079
23630,r2i1p1f1,2079,09,12,0.0,29.596378,14.164431,2079
23631,r2i1p1f1,2079,09,13,0.0,31.366434,15.935066,2079
23632,r2i1p1f1,2079,09,14,0.0,30.469765,15.711382,2079
23633,r2i1p1f1,2079,09,15,0.0,29.667433,14.930083,2079
23634,r2i1p1f1,2079,09,16,0.0,28.786245,13.815107,2079
23635,r2i1p1f1,2079,09,17,0.0,28.062904,13.049266,2079
23636,r2i1p1f1,2079,09,18,0.0,33.656406,15.732271,2079
23637,r2i1p1f1,2079,09,19,0.0,32.008564,16.112074,2079
23638,r2i1p1f1,2079,09,20,0.0,32.174526,16.04712,2079
23639,r2i1p1f1,2079,09,21,0.07673034897379694,31.821608,15.139192,2079
23640,r2i1p1f1,2079,09,22,0.0,32.327126,15.316074,2079
23641,r2i1p1f1,2079,09,23,0.0,33.62003,15.758684,2079
23642,r2i1p1f1,2079,09,24,0.0,32.764465,16.039463,2079
23643,r2i1p1f1,2079,09,25,0.0,32.53629,16.325161,2079
23644,r2i1p1f1,2079,09,26,0.0,31.591812,14.617391,2079
23645,r2i1p1f1,2079,09,27,0.0,29.252865,13.029194,2079
23646,r2i1p1f1,2079,09,28,0.0,27.551432,12.250021,2079
23647,r2i1p1f1,2079,09,29,0.0,25.107985,10.915759,2079
23648,r2i1p1f1,2079,09,30,0.0,27.823286,11.881393,2079
23649,r2i1p1f1,2079,10,01,0.0,27.06588,10.764204,2079
23650,r2i1p1f1,2079,10,02,0.0,26.733183,9.697155,2079
23651,r2i1p1f1,2079,10,03,0.0,29.865448,12.6344385,2079
23652,r2i1p1f1,2079,10,04,0.0,30.344091,12.928581,2079
23653,r2i1p1f1,2079,10,05,0.0,31.709171,15.481755,2079
23654,r2i1p1f1,2079,10,06,0.0,34.396873,15.3868475,2079
23655,r2i1p1f1,2079,10,07,0.0,33.02807,15.487126,2079
23656,r2i1p1f1,2079,10,08,0.0,30.965494,14.130198,2079
23657,r2i1p1f1,2079,10,09,0.0,28.727144,12.23899,2079
23658,r2i1p1f1,2079,10,10,0.0,26.181948,10.012718,2079
23659,r2i1p1f1,2079,10,11,0.0,20.92603,7.5764356,2079
23660,r2i1p1f1,2079,10,12,0.0,27.136387,8.206091,2079
23661,r2i1p1f1,2079,10,13,0.0,26.367811,10.252797,2079
23662,r2i1p1f1,2079,10,14,40.14740078575694,19.081064,8.176059,2079
23663,r2i1p1f1,2079,10,15,22.913845760810474,12.479106,5.2951126,2079
23664,r2i1p1f1,2079,10,16,0.010197922081435816,17.479992,3.1901762,2079
23665,r2i1p1f1,2079,10,17,0.0,20.643047,4.2607675,2079
23666,r2i1p1f1,2079,10,18,0.0,18.63832,4.463306,2079
23667,r2i1p1f1,2079,10,19,0.0,17.776299,4.285459,2079
23668,r2i1p1f1,2079,10,20,0.0,17.816635,4.95292,2079
23669,r2i1p1f1,2079,10,21,0.006822547304461925,19.917265,6.7940955,2079
23670,r2i1p1f1,2079,10,22,0.0,18.427893,6.3185706,2079
23671,r2i1p1f1,2079,10,23,0.0,19.407114,5.7536573,2079
23672,r2i1p1f1,2079,10,24,0.0,24.063223,7.9479284,2079
23673,r2i1p1f1,2079,10,25,0.0,22.971981,8.715269,2079
23674,r2i1p1f1,2079,10,26,0.0,23.680738,9.1493025,2079
23675,r2i1p1f1,2079,10,27,0.0,24.651611,10.005949,2079
23676,r2i1p1f1,2079,10,28,0.0,21.937948,8.588686,2079
23677,r2i1p1f1,2079,10,29,0.0,21.415709,5.712255,2079
23678,r2i1p1f1,2079,10,30,0.12356599722457198,18.838081,4.607959,2079
23679,r2i1p1f1,2079,10,31,0.0,13.692502,1.3121787,2079
23680,r2i1p1f1,2079,11,01,0.0,12.850601,-0.6613483,2079
23681,r2i1p1f1,2079,11,02,0.0,13.748926,-0.55628204,2079
23682,r2i1p1f1,2079,11,03,0.0,14.692037,-0.38258696,2079
23683,r2i1p1f1,2079,11,04,0.0,15.478528,0.94765896,2079
23684,r2i1p1f1,2079,11,05,0.0,16.289967,3.0702662,2079
23685,r2i1p1f1,2079,11,06,7.59714162405334,15.579468,6.577601,2079
23686,r2i1p1f1,2079,11,07,0.0,13.632906,0.48359632,2079
23687,r2i1p1f1,2079,11,08,9.475119667660273,10.74343,1.6758051,2079
23688,r2i1p1f1,2079,11,09,73.71144178323448,9.661845,3.4158642,2079
23689,r2i1p1f1,2079,11,10,0.06656717901723123,10.571455,4.352033,2079
23690,r2i1p1f1,2079,11,11,6.381962209986971,10.77563,3.6486304,2079
23691,r2i1p1f1,2079,11,12,11.150752036337508,14.702588,6.519733,2079
23692,r2i1p1f1,2079,11,13,0.09465353459745529,17.248922,4.526245,2079
23693,r2i1p1f1,2079,11,14,0.0,21.278055,7.0270886,2079
23694,r2i1p1f1,2079,11,15,0.0,20.434807,7.1715035,2079
23695,r2i1p1f1,2079,11,16,31.570847421132314,11.223549,4.4786167,2079
23696,r2i1p1f1,2079,11,17,0.0,10.237368,0.5715779,2079
23697,r2i1p1f1,2079,11,18,18.238497242922538,11.478829,2.9005272,2079
23698,r2i1p1f1,2079,11,19,10.409614669585538,11.030635,6.5083017,2079
23699,r2i1p1f1,2079,11,20,6.239651067880914,8.279342,3.677967,2079
23700,r2i1p1f1,2079,11,21,0.0,9.021465,0.1464024,2079
23701,r2i1p1f1,2079,11,22,0.0,18.067987,1.0700138,2079
23702,r2i1p1f1,2079,11,23,0.0,20.335886,0.9709337,2079
23703,r2i1p1f1,2079,11,24,0.0,14.446662,4.144709,2079
23704,r2i1p1f1,2079,11,25,0.36176725373549673,14.311743,4.6904798,2079
23705,r2i1p1f1,2079,11,26,0.0,19.92061,1.3563882,2079
23706,r2i1p1f1,2079,11,27,0.0,23.146976,5.434149,2079
23707,r2i1p1f1,2079,11,28,0.0,22.540894,4.2800717,2079
23708,r2i1p1f1,2079,11,29,0.0,20.165342,2.7249806,2079
23709,r2i1p1f1,2079,11,30,0.0,18.657799,4.253518,2079
23710,r2i1p1f1,2079,12,01,0.0,15.151004,4.972988,2079
23711,r2i1p1f1,2079,12,02,0.0,13.361909,7.701931,2079
23712,r2i1p1f1,2079,12,03,0.0,15.188453,3.4404712,2079
23713,r2i1p1f1,2079,12,04,0.0,13.799556,4.2949533,2079
23714,r2i1p1f1,2079,12,05,5.374377970670489,7.8625503,3.2086492,2079
23715,r2i1p1f1,2079,12,06,0.0,6.439986,-2.452354,2079
23716,r2i1p1f1,2079,12,07,0.0,5.4523973,-6.8628855,2079
23717,r2i1p1f1,2079,12,08,0.0,6.202486,-5.4106126,2079
23718,r2i1p1f1,2079,12,09,0.0,9.080955,-2.7921677,2079
23719,r2i1p1f1,2079,12,10,0.0,12.126094,-3.104533,2079
23720,r2i1p1f1,2079,12,11,0.0,13.663816,-1.2816075,2079
23721,r2i1p1f1,2079,12,12,0.0,12.658156,-0.23505528,2079
23722,r2i1p1f1,2079,12,13,0.0,9.930402,1.3358852,2079
23723,r2i1p1f1,2079,12,14,0.0,15.507116,0.63034946,2079
23724,r2i1p1f1,2079,12,15,0.0,13.753352,0.80428284,2079
23725,r2i1p1f1,2079,12,16,1.2752187588026014,2.9854815,-7.163074,2079
23726,r2i1p1f1,2079,12,17,1.310658067663658,1.4988595,-8.922841,2079
23727,r2i1p1f1,2079,12,18,1.5093104410390459,-0.73469317,-8.039465,2079
23728,r2i1p1f1,2079,12,19,0.0,2.7922795,-9.118528,2079
23729,r2i1p1f1,2079,12,20,0.0,3.812525,-7.8466954,2079
23730,r2i1p1f1,2079,12,21,0.0,2.6620033,-8.77566,2079
23731,r2i1p1f1,2079,12,22,0.0,2.132728,-8.968532,2079
23732,r2i1p1f1,2079,12,23,0.0,-2.0142345,-10.649756,2079
23733,r2i1p1f1,2079,12,24,55.28123936114403,6.3076754,-6.462087,2079
23734,r2i1p1f1,2079,12,25,16.591932042613806,3.2780116,-7.718314,2079
23735,r2i1p1f1,2079,12,26,1.6912228817930623,0.86750597,-7.533541,2079
23736,r2i1p1f1,2079,12,27,0.0,1.1770164,-9.58348,2079
23737,r2i1p1f1,2079,12,28,0.0,-1.4246272,-9.912413,2079
23738,r2i1p1f1,2079,12,29,0.0,3.048867,-8.408922,2079
23739,r2i1p1f1,2079,12,30,33.80428433122758,0.6026038,-3.335486,2079
23740,r2i1p1f1,2079,12,31,28.437919596371312,0.4621675,-3.0414107,2079
23741,r2i1p1f1,2080,01,01,24.477441025262053,1.4215034,-2.8551126,2080
23742,r2i1p1f1,2080,01,02,10.472267585674462,1.2742904,-5.317994,2080
23743,r2i1p1f1,2080,01,03,41.01439102803572,7.226323,-3.1644728,2080
23744,r2i1p1f1,2080,01,04,0.2201830498279378,3.7965214,-5.7536807,2080
23745,r2i1p1f1,2080,01,05,0.0,4.166223,-7.9037905,2080
23746,r2i1p1f1,2080,01,06,14.30623209039018,2.0692203,-5.1174026,2080
23747,r2i1p1f1,2080,01,07,7.640861862959214,4.5551867,-8.366694,2080
23748,r2i1p1f1,2080,01,08,19.97287719518331,5.322196,-0.95413816,2080
23749,r2i1p1f1,2080,01,09,30.01071001814965,5.4434576,0.83303654,2080
23750,r2i1p1f1,2080,01,10,32.32008106737899,7.3484964,1.6022264,2080
23751,r2i1p1f1,2080,01,11,1.6726060632698556,7.2854686,2.500988,2080
23752,r2i1p1f1,2080,01,12,0.0,7.3254952,-2.1183348,2080
23753,r2i1p1f1,2080,01,13,6.255382606580567,4.6765103,-0.25229743,2080
23754,r2i1p1f1,2080,01,14,0.13433995873828491,5.417565,0.9667714,2080
23755,r2i1p1f1,2080,01,15,0.0,12.146923,0.52045774,2080
23756,r2i1p1f1,2080,01,16,0.0,11.065334,2.4476242,2080
23757,r2i1p1f1,2080,01,17,9.08172730291531,6.1756124,1.7142254,2080
23758,r2i1p1f1,2080,01,18,47.910787251580935,8.447759,2.2608569,2080
23759,r2i1p1f1,2080,01,19,39.057377751361436,8.822404,3.0148842,2080
23760,r2i1p1f1,2080,01,20,0.9474217767413725,11.541811,1.2605104,2080
23761,r2i1p1f1,2080,01,21,130.82891199021384,14.182793,4.5525293,2080
23762,r2i1p1f1,2080,01,22,138.36917001754045,13.824729,8.831162,2080
23763,r2i1p1f1,2080,01,23,73.20068626610849,14.7080765,7.9931455,2080
23764,r2i1p1f1,2080,01,24,0.03467800213631843,18.003624,9.071903,2080
23765,r2i1p1f1,2080,01,25,0.0,18.104383,9.179441,2080
23766,r2i1p1f1,2080,01,26,0.0,18.016352,7.7815866,2080
23767,r2i1p1f1,2080,01,27,70.34484564344613,7.219042,2.0423365,2080
23768,r2i1p1f1,2080,01,28,0.005328416521549046,8.00429,2.6209233,2080
23769,r2i1p1f1,2080,01,29,0.0,7.512211,-1.8021963,2080
23770,r2i1p1f1,2080,01,30,0.0,10.842736,-2.1913664,2080
23771,r2i1p1f1,2080,01,31,0.0,8.568422,-1.6625088,2080
23772,r2i1p1f1,2080,02,01,0.0,9.599128,-2.5328596,2080
23773,r2i1p1f1,2080,02,02,0.0,15.067676,-1.1510302,2080
23774,r2i1p1f1,2080,02,03,0.0,12.404969,0.07270422,2080
23775,r2i1p1f1,2080,02,04,16.021222749707075,4.300476,0.56373245,2080
23776,r2i1p1f1,2080,02,05,8.71939440004588,4.2474427,-0.94634753,2080
23777,r2i1p1f1,2080,02,06,0.13597892691078728,6.3826265,1.1405787,2080
23778,r2i1p1f1,2080,02,07,2.712146824174292,6.6047425,2.0723796,2080
23779,r2i1p1f1,2080,02,08,4.7846652776430485,5.299527,-4.3918924,2080
23780,r2i1p1f1,2080,02,09,0.0,7.45499,-5.157947,2080
23781,r2i1p1f1,2080,02,10,13.878269291560104,4.1583276,-2.823899,2080
23782,r2i1p1f1,2080,02,11,0.0,6.6587305,-1.4659029,2080
23783,r2i1p1f1,2080,02,12,0.0038723357979856352,6.558906,0.6779784,2080
23784,r2i1p1f1,2080,02,13,0.0,9.303845,-2.5666478,2080
23785,r2i1p1f1,2080,02,14,0.0,11.292424,0.7176999,2080
23786,r2i1p1f1,2080,02,15,0.0,15.70416,4.0433435,2080
23787,r2i1p1f1,2080,02,16,0.0,18.09311,3.1599958,2080
23788,r2i1p1f1,2080,02,17,0.0,17.225906,3.0251596,2080
23789,r2i1p1f1,2080,02,18,0.1196851287064559,13.062508,3.624633,2080
23790,r2i1p1f1,2080,02,19,0.0,9.585275,-3.026649,2080
23791,r2i1p1f1,2080,02,20,0.1364885549684494,5.357412,0.60911375,2080
23792,r2i1p1f1,2080,02,21,0.0,9.382263,-4.6841726,2080
23793,r2i1p1f1,2080,02,22,0.0,14.000748,1.2121608,2080
23794,r2i1p1f1,2080,02,23,0.0,15.930152,1.3480161,2080
23795,r2i1p1f1,2080,02,24,0.10980432105917806,14.219944,-0.6517035,2080
23796,r2i1p1f1,2080,02,25,0.0,11.673298,-5.329087,2080
23797,r2i1p1f1,2080,02,26,0.0,8.107839,-4.3862147,2080
23798,r2i1p1f1,2080,02,27,7.024042085378404,3.681165,-0.68254864,2080
23799,r2i1p1f1,2080,02,28,65.22618659431689,5.1690097,-0.06147023,2080
23800,r2i1p1f1,2080,02,29,20.86852529386166,5.602399,-4.4187784,2080
23801,r2i1p1f1,2080,03,01,17.576136185939852,2.8527145,-9.380381,2080
23802,r2i1p1f1,2080,03,02,26.41298518328068,1.7170669,-2.087876,2080
23803,r2i1p1f1,2080,03,03,77.02506767997805,2.3507824,-4.3213162,2080
23804,r2i1p1f1,2080,03,04,18.923617389429218,1.0275828,-9.065381,2080
23805,r2i1p1f1,2080,03,05,40.27988988225563,1.1414611,-4.2446375,2080
23806,r2i1p1f1,2080,03,06,21.664577429384316,2.1389759,-7.578884,2080
23807,r2i1p1f1,2080,03,07,0.0,7.054475,-8.416619,2080
23808,r2i1p1f1,2080,03,08,0.27697241611559337,4.493809,-2.5980818,2080
23809,r2i1p1f1,2080,03,09,0.0,6.246859,-6.0343223,2080
23810,r2i1p1f1,2080,03,10,0.0,9.065923,-6.334161,2080
23811,r2i1p1f1,2080,03,11,0.0,10.209732,-6.020122,2080
23812,r2i1p1f1,2080,03,12,25.17065996608625,3.0240302,-1.9032319,2080
23813,r2i1p1f1,2080,03,13,54.43292131934028,3.2506752,-1.000907,2080
23814,r2i1p1f1,2080,03,14,27.224299016569812,3.769327,-4.175082,2080
23815,r2i1p1f1,2080,03,15,4.84354757267843,4.0667825,-7.8636684,2080
23816,r2i1p1f1,2080,03,16,0.0,8.455751,-4.9993715,2080
23817,r2i1p1f1,2080,03,17,0.0,12.343186,-3.3281293,2080
23818,r2i1p1f1,2080,03,18,0.0,11.592568,0.20981002,2080
23819,r2i1p1f1,2080,03,19,0.0,9.816654,2.412663,2080
23820,r2i1p1f1,2080,03,20,2.5912799697765037,7.9235425,2.2704444,2080
23821,r2i1p1f1,2080,03,21,0.10615646416016926,9.643675,2.2593248,2080
23822,r2i1p1f1,2080,03,22,0.0,15.374776,-0.54793996,2080
23823,r2i1p1f1,2080,03,23,19.60871976468927,10.320794,-1.4808298,2080
23824,r2i1p1f1,2080,03,24,67.44576985052285,5.800399,0.97651076,2080
23825,r2i1p1f1,2080,03,25,0.0,12.214726,-0.37629083,2080
23826,r2i1p1f1,2080,03,26,0.0,17.02154,1.1690078,2080
23827,r2i1p1f1,2080,03,27,0.0,21.124002,2.8197496,2080
23828,r2i1p1f1,2080,03,28,0.0,18.903013,4.4331884,2080
23829,r2i1p1f1,2080,03,29,0.0,14.900838,0.22262436,2080
23830,r2i1p1f1,2080,03,30,0.0,14.486806,0.09663802,2080
23831,r2i1p1f1,2080,03,31,0.0,20.923105,2.0438085,2080
23832,r2i1p1f1,2080,04,01,0.0,22.728312,4.6823955,2080
23833,r2i1p1f1,2080,04,02,0.0,23.695433,7.469836,2080
23834,r2i1p1f1,2080,04,03,0.0,24.005968,8.162704,2080
23835,r2i1p1f1,2080,04,04,0.0,22.506222,5.959987,2080
23836,r2i1p1f1,2080,04,05,14.62768917019555,11.67997,-0.5334404,2080
23837,r2i1p1f1,2080,04,06,0.0,14.756553,2.6065156,2080
23838,r2i1p1f1,2080,04,07,0.0,18.339926,2.2954192,2080
23839,r2i1p1f1,2080,04,08,0.0,18.772358,2.9566944,2080
23840,r2i1p1f1,2080,04,09,0.0,14.226046,-2.0965745,2080
23841,r2i1p1f1,2080,04,10,0.0,13.813159,-1.8839276,2080
23842,r2i1p1f1,2080,04,11,16.2356577421843,4.668799,0.15972881,2080
23843,r2i1p1f1,2080,04,12,2.634203475855219,13.791387,-2.686585,2080
23844,r2i1p1f1,2080,04,13,0.0,18.487812,0.7197374,2080
23845,r2i1p1f1,2080,04,14,9.810239245164736,8.70077,1.6259627,2080
23846,r2i1p1f1,2080,04,15,7.208594996392583,6.761746,-5.4057975,2080
23847,r2i1p1f1,2080,04,16,2.7146152255227207,7.7462893,0.20009896,2080
23848,r2i1p1f1,2080,04,17,1.759449596507833,7.9577103,0.5692612,2080
23849,r2i1p1f1,2080,04,18,0.0,13.329036,0.93924695,2080
23850,r2i1p1f1,2080,04,19,0.0,19.598644,0.5233796,2080
23851,r2i1p1f1,2080,04,20,0.0,20.19269,2.4922872,2080
23852,r2i1p1f1,2080,04,21,9.88264784223597,14.159131,-1.0960598,2080
23853,r2i1p1f1,2080,04,22,9.102348930753998,9.580981,-1.4125785,2080
23854,r2i1p1f1,2080,04,23,1.2344948928994899,8.525069,-0.6452901,2080
23855,r2i1p1f1,2080,04,24,9.06983099770374,8.048716,-2.6003587,2080
23856,r2i1p1f1,2080,04,25,7.513125448111588,5.1530857,-3.8442218,2080
23857,r2i1p1f1,2080,04,26,0.6736765038602663,11.438292,-4.452047,2080
23858,r2i1p1f1,2080,04,27,0.0199476783861358,18.895145,0.23063836,2080
23859,r2i1p1f1,2080,04,28,0.0,20.047157,3.3631804,2080
23860,r2i1p1f1,2080,04,29,0.34288732433126895,17.897936,2.3648243,2080
23861,r2i1p1f1,2080,04,30,6.58856776619639,11.737207,5.5988083,2080
23862,r2i1p1f1,2080,05,01,9.282558780614636,12.131537,2.7012532,2080
23863,r2i1p1f1,2080,05,02,0.0,17.631119,0.757392,2080
23864,r2i1p1f1,2080,05,03,0.0,20.168474,3.2293446,2080
23865,r2i1p1f1,2080,05,04,0.0,20.532045,4.5507603,2080
23866,r2i1p1f1,2080,05,05,0.0,20.55579,3.5236754,2080
23867,r2i1p1f1,2080,05,06,0.0,21.991638,4.030548,2080
23868,r2i1p1f1,2080,05,07,0.0,23.298307,5.231887,2080
23869,r2i1p1f1,2080,05,08,0.0,23.933453,5.9728775,2080
23870,r2i1p1f1,2080,05,09,0.0,24.424196,7.0507812,2080
23871,r2i1p1f1,2080,05,10,0.0,25.51009,7.574785,2080
23872,r2i1p1f1,2080,05,11,0.0,31.14537,12.646487,2080
23873,r2i1p1f1,2080,05,12,0.0,32.098133,13.818596,2080
23874,r2i1p1f1,2080,05,13,0.0,31.561869,13.900344,2080
23875,r2i1p1f1,2080,05,14,0.0,32.09335,14.783184,2080
23876,r2i1p1f1,2080,05,15,0.0,31.778585,14.390303,2080
23877,r2i1p1f1,2080,05,16,0.0,33.837112,14.901801,2080
23878,r2i1p1f1,2080,05,17,0.0,33.975506,15.580564,2080
23879,r2i1p1f1,2080,05,18,0.0,32.32995,13.975547,2080
23880,r2i1p1f1,2080,05,19,0.0,26.223614,9.720401,2080
23881,r2i1p1f1,2080,05,20,0.0,24.91771,7.0518346,2080
23882,r2i1p1f1,2080,05,21,0.0,25.92017,8.026635,2080
23883,r2i1p1f1,2080,05,22,0.0,29.393934,11.997902,2080
23884,r2i1p1f1,2080,05,23,0.0,29.149742,11.802863,2080
23885,r2i1p1f1,2080,05,24,0.0,29.137182,11.859975,2080
23886,r2i1p1f1,2080,05,25,0.0,30.815514,12.96264,2080
23887,r2i1p1f1,2080,05,26,0.0,33.833366,15.343421,2080
23888,r2i1p1f1,2080,05,27,0.0,34.03016,16.178,2080
23889,r2i1p1f1,2080,05,28,0.0,32.219406,15.503562,2080
23890,r2i1p1f1,2080,05,29,0.0,30.98758,14.55198,2080
23891,r2i1p1f1,2080,05,30,0.0,29.189579,11.698683,2080
23892,r2i1p1f1,2080,05,31,0.0,28.494654,10.861677,2080
23893,r2i1p1f1,2080,06,01,0.0,32.214573,14.124255,2080
23894,r2i1p1f1,2080,06,02,0.0,33.848457,15.8985405,2080
23895,r2i1p1f1,2080,06,03,0.0,33.745808,17.164982,2080
23896,r2i1p1f1,2080,06,04,0.0,33.64524,15.465122,2080
23897,r2i1p1f1,2080,06,05,0.0,33.113094,14.533967,2080
23898,r2i1p1f1,2080,06,06,0.0,30.029999,11.179046,2080
23899,r2i1p1f1,2080,06,07,0.07027744605483559,22.302883,7.3647647,2080
23900,r2i1p1f1,2080,06,08,0.009084935079674604,17.459135,3.5291212,2080
23901,r2i1p1f1,2080,06,09,0.0,25.805126,8.070428,2080
23902,r2i1p1f1,2080,06,10,0.0,27.279936,10.393826,2080
23903,r2i1p1f1,2080,06,11,0.0,25.806522,8.422202,2080
23904,r2i1p1f1,2080,06,12,0.0010370803115970024,28.220333,9.851374,2080
23905,r2i1p1f1,2080,06,13,0.0,27.82785,11.115158,2080
23906,r2i1p1f1,2080,06,14,0.0,31.05828,13.340025,2080
23907,r2i1p1f1,2080,06,15,0.0,32.911354,14.297132,2080
23908,r2i1p1f1,2080,06,16,0.0,33.464817,14.603159,2080
23909,r2i1p1f1,2080,06,17,0.0,31.459991,13.272163,2080
23910,r2i1p1f1,2080,06,18,0.0,28.946718,10.979288,2080
23911,r2i1p1f1,2080,06,19,0.0,29.997349,12.351485,2080
23912,r2i1p1f1,2080,06,20,0.008629777746066863,32.425823,13.825633,2080
23913,r2i1p1f1,2080,06,21,2.265741789737009,32.548,13.142829,2080
23914,r2i1p1f1,2080,06,22,0.0,31.542162,12.627914,2080
23915,r2i1p1f1,2080,06,23,0.0,29.592798,11.477868,2080
23916,r2i1p1f1,2080,06,24,0.0,27.459059,10.917805,2080
23917,r2i1p1f1,2080,06,25,0.0,28.465,10.948049,2080
23918,r2i1p1f1,2080,06,26,0.0,31.006035,12.097344,2080
23919,r2i1p1f1,2080,06,27,0.0,32.116985,13.566763,2080
23920,r2i1p1f1,2080,06,28,0.0,33.637917,15.5929365,2080
23921,r2i1p1f1,2080,06,29,0.0,32.324276,13.9646,2080
23922,r2i1p1f1,2080,06,30,0.0,32.542774,14.833798,2080
23923,r2i1p1f1,2080,07,01,0.1797090094232072,32.935677,15.559006,2080
23924,r2i1p1f1,2080,07,02,0.0,32.077614,14.100686,2080
23925,r2i1p1f1,2080,07,03,0.1962260956553599,28.367489,12.805423,2080
23926,r2i1p1f1,2080,07,04,0.0,27.04233,10.081807,2080
23927,r2i1p1f1,2080,07,05,0.0,28.933178,11.257889,2080
23928,r2i1p1f1,2080,07,06,0.0,32.825264,14.178442,2080
23929,r2i1p1f1,2080,07,07,0.0,33.38229,14.421748,2080
23930,r2i1p1f1,2080,07,08,0.0,33.129578,14.443826,2080
23931,r2i1p1f1,2080,07,09,0.0,33.74324,16.265265,2080
23932,r2i1p1f1,2080,07,10,0.0,35.706123,17.632303,2080
23933,r2i1p1f1,2080,07,11,0.0,35.60635,18.14875,2080
23934,r2i1p1f1,2080,07,12,0.0,35.003727,16.895254,2080
23935,r2i1p1f1,2080,07,13,0.0,33.84988,15.58259,2080
23936,r2i1p1f1,2080,07,14,0.0,34.05578,15.22896,2080
23937,r2i1p1f1,2080,07,15,0.0,34.71469,16.545597,2080
23938,r2i1p1f1,2080,07,16,0.15565500451395145,35.984512,16.036072,2080
23939,r2i1p1f1,2080,07,17,0.0,35.644413,17.442482,2080
23940,r2i1p1f1,2080,07,18,0.0,35.960754,17.417055,2080
23941,r2i1p1f1,2080,07,19,0.0,36.887463,18.578375,2080
23942,r2i1p1f1,2080,07,20,0.0,37.156845,19.01753,2080
23943,r2i1p1f1,2080,07,21,0.0,36.058575,17.72794,2080
23944,r2i1p1f1,2080,07,22,0.0,33.341427,16.664171,2080
23945,r2i1p1f1,2080,07,23,0.0,32.589725,16.04286,2080
23946,r2i1p1f1,2080,07,24,0.0,35.126095,16.796616,2080
23947,r2i1p1f1,2080,07,25,0.0,36.29992,17.870838,2080
23948,r2i1p1f1,2080,07,26,0.0,34.920128,17.353937,2080
23949,r2i1p1f1,2080,07,27,0.0,33.7346,16.086351,2080
23950,r2i1p1f1,2080,07,28,0.0,33.588226,15.660249,2080
23951,r2i1p1f1,2080,07,29,0.0,34.195225,16.673609,2080
23952,r2i1p1f1,2080,07,30,0.0,35.047478,18.38916,2080
23953,r2i1p1f1,2080,07,31,0.0,35.090157,17.750692,2080
23954,r2i1p1f1,2080,08,01,0.0,34.942585,18.399837,2080
23955,r2i1p1f1,2080,08,02,0.0,35.83408,19.086134,2080
23956,r2i1p1f1,2080,08,03,0.0,37.046238,17.786617,2080
23957,r2i1p1f1,2080,08,04,0.0,36.517952,18.340807,2080
23958,r2i1p1f1,2080,08,05,0.0,36.287365,18.722986,2080
23959,r2i1p1f1,2080,08,06,0.0,36.527794,18.124685,2080
23960,r2i1p1f1,2080,08,07,0.0,34.5665,14.930815,2080
23961,r2i1p1f1,2080,08,08,0.0,32.979305,15.649067,2080
23962,r2i1p1f1,2080,08,09,0.0,32.927628,15.818943,2080
23963,r2i1p1f1,2080,08,10,0.0,33.568085,16.471807,2080
23964,r2i1p1f1,2080,08,11,0.0,34.410397,17.705061,2080
23965,r2i1p1f1,2080,08,12,0.0,34.09505,15.412988,2080
23966,r2i1p1f1,2080,08,13,0.0,30.848227,12.164841,2080
23967,r2i1p1f1,2080,08,14,0.0,28.251871,11.045086,2080
23968,r2i1p1f1,2080,08,15,0.0,28.544458,11.812852,2080
23969,r2i1p1f1,2080,08,16,0.0,29.312296,13.6541815,2080
23970,r2i1p1f1,2080,08,17,0.0,29.074022,12.508403,2080
23971,r2i1p1f1,2080,08,18,0.0,29.198774,11.929163,2080
23972,r2i1p1f1,2080,08,19,0.0,29.448305,12.881875,2080
23973,r2i1p1f1,2080,08,20,0.0,28.664278,12.361511,2080
23974,r2i1p1f1,2080,08,21,0.0,28.530643,11.818906,2080
23975,r2i1p1f1,2080,08,22,0.0,29.844707,12.633795,2080
23976,r2i1p1f1,2080,08,23,0.0,29.572462,12.997696,2080
23977,r2i1p1f1,2080,08,24,0.0,29.611498,11.908885,2080
23978,r2i1p1f1,2080,08,25,0.0,29.239653,12.00618,2080
23979,r2i1p1f1,2080,08,26,0.0,30.496313,12.597011,2080
23980,r2i1p1f1,2080,08,27,0.0,31.569649,14.365023,2080
23981,r2i1p1f1,2080,08,28,0.0,31.803467,16.442198,2080
23982,r2i1p1f1,2080,08,29,0.0,32.626774,17.257967,2080
23983,r2i1p1f1,2080,08,30,0.0,33.41479,17.744587,2080
23984,r2i1p1f1,2080,08,31,0.0,33.413025,17.310722,2080
23985,r2i1p1f1,2080,09,01,0.0,33.41832,16.88686,2080
23986,r2i1p1f1,2080,09,02,0.0,33.666306,17.5895,2080
23987,r2i1p1f1,2080,09,03,0.0,33.590748,16.61013,2080
23988,r2i1p1f1,2080,09,04,0.0,32.410496,16.894756,2080
23989,r2i1p1f1,2080,09,05,0.0,32.4215,16.583622,2080
23990,r2i1p1f1,2080,09,06,0.0,32.25401,15.660102,2080
23991,r2i1p1f1,2080,09,07,0.0,32.818485,16.510267,2080
23992,r2i1p1f1,2080,09,08,0.0,33.01429,17.570562,2080
23993,r2i1p1f1,2080,09,09,0.0,33.239727,15.897818,2080
23994,r2i1p1f1,2080,09,10,0.0,31.04978,14.270849,2080
23995,r2i1p1f1,2080,09,11,0.0,30.080029,13.982866,2080
23996,r2i1p1f1,2080,09,12,0.0,29.475372,13.893728,2080
23997,r2i1p1f1,2080,09,13,0.0,31.26503,14.328086,2080
23998,r2i1p1f1,2080,09,14,0.0,31.119497,14.213323,2080
23999,r2i1p1f1,2080,09,15,0.0,29.809889,13.429033,2080
24000,r2i1p1f1,2080,09,16,0.0,31.22205,14.415217,2080
24001,r2i1p1f1,2080,09,17,0.0,30.9025,14.7297945,2080
24002,r2i1p1f1,2080,09,18,0.0,30.318682,14.788142,2080
24003,r2i1p1f1,2080,09,19,0.0,30.034874,14.033671,2080
24004,r2i1p1f1,2080,09,20,0.0,30.258018,13.8183155,2080
24005,r2i1p1f1,2080,09,21,0.0,30.12745,11.512101,2080
24006,r2i1p1f1,2080,09,22,0.0,27.519518,10.687119,2080
24007,r2i1p1f1,2080,09,23,0.0,24.594076,7.8651443,2080
24008,r2i1p1f1,2080,09,24,0.0,24.398819,11.145667,2080
24009,r2i1p1f1,2080,09,25,0.7649418655922511,25.176905,9.113885,2080
24010,r2i1p1f1,2080,09,26,0.0018306830217905091,25.788929,9.920296,2080
24011,r2i1p1f1,2080,09,27,0.0,29.5785,13.4516115,2080
24012,r2i1p1f1,2080,09,28,0.0,29.743418,12.213706,2080
24013,r2i1p1f1,2080,09,29,0.0,28.888863,11.384475,2080
24014,r2i1p1f1,2080,09,30,0.0,30.533653,12.623206,2080
24015,r2i1p1f1,2080,10,01,0.0,29.17381,13.275375,2080
24016,r2i1p1f1,2080,10,02,0.0,22.12388,10.845365,2080
24017,r2i1p1f1,2080,10,03,0.0,26.051205,12.13008,2080
24018,r2i1p1f1,2080,10,04,0.0,27.894365,12.62342,2080
24019,r2i1p1f1,2080,10,05,0.0,29.10477,12.642157,2080
24020,r2i1p1f1,2080,10,06,0.2433431193332161,27.048008,10.853417,2080
24021,r2i1p1f1,2080,10,07,26.64220010046847,21.179861,9.187847,2080
24022,r2i1p1f1,2080,10,08,17.23700861109067,19.266214,8.175213,2080
24023,r2i1p1f1,2080,10,09,0.0,27.871813,9.822227,2080
24024,r2i1p1f1,2080,10,10,0.0,28.47417,12.806949,2080
24025,r2i1p1f1,2080,10,11,0.0,28.46562,13.772363,2080
24026,r2i1p1f1,2080,10,12,0.0,26.427382,12.275259,2080
24027,r2i1p1f1,2080,10,13,0.0,27.307505,11.625706,2080
24028,r2i1p1f1,2080,10,14,0.0,27.081556,11.780472,2080
24029,r2i1p1f1,2080,10,15,0.6859265134852859,24.026407,9.721171,2080
24030,r2i1p1f1,2080,10,16,15.22980991497976,17.291103,4.683402,2080
24031,r2i1p1f1,2080,10,17,48.4473274915497,12.459721,7.4143333,2080
24032,r2i1p1f1,2080,10,18,5.526358157168523,17.524147,7.3652735,2080
24033,r2i1p1f1,2080,10,19,0.0,22.937853,7.4372916,2080
24034,r2i1p1f1,2080,10,20,0.0,23.278316,9.717171,2080
24035,r2i1p1f1,2080,10,21,0.0,25.643902,10.186161,2080
24036,r2i1p1f1,2080,10,22,0.0,24.950562,10.000981,2080
24037,r2i1p1f1,2080,10,23,0.0,24.125647,9.437599,2080
24038,r2i1p1f1,2080,10,24,0.0,21.120314,8.2407055,2080
24039,r2i1p1f1,2080,10,25,0.0,19.93139,6.808141,2080
24040,r2i1p1f1,2080,10,26,0.0,21.971869,7.461454,2080
24041,r2i1p1f1,2080,10,27,0.0,23.368637,8.2711935,2080
24042,r2i1p1f1,2080,10,28,0.0,20.927805,6.7148695,2080
24043,r2i1p1f1,2080,10,29,0.0,21.03395,5.933172,2080
24044,r2i1p1f1,2080,10,30,0.0,16.6212,5.786642,2080
24045,r2i1p1f1,2080,10,31,0.0,16.531298,4.237492,2080
24046,r2i1p1f1,2080,11,01,0.0,20.129898,5.1475277,2080
24047,r2i1p1f1,2080,11,02,0.0,17.857155,4.867912,2080
24048,r2i1p1f1,2080,11,03,0.0,19.824741,6.3188276,2080
24049,r2i1p1f1,2080,11,04,0.0,20.09508,7.4530983,2080
24050,r2i1p1f1,2080,11,05,0.0,16.549736,7.026333,2080
24051,r2i1p1f1,2080,11,06,0.0,17.834213,4.682816,2080
24052,r2i1p1f1,2080,11,07,0.0,20.065489,7.026167,2080
24053,r2i1p1f1,2080,11,08,3.3591788600600783,18.361519,6.9290757,2080
24054,r2i1p1f1,2080,11,09,0.0,21.669697,7.02222,2080
24055,r2i1p1f1,2080,11,10,0.0,20.88858,5.954855,2080
24056,r2i1p1f1,2080,11,11,0.0,20.179579,6.5400443,2080
24057,r2i1p1f1,2080,11,12,0.0,23.780308,8.7050705,2080
24058,r2i1p1f1,2080,11,13,0.0,22.074606,8.514602,2080
24059,r2i1p1f1,2080,11,14,28.32252596361706,14.225593,6.2119427,2080
24060,r2i1p1f1,2080,11,15,12.901360999295811,16.51186,4.7607555,2080
24061,r2i1p1f1,2080,11,16,0.0,18.226643,1.458117,2080
24062,r2i1p1f1,2080,11,17,0.0,16.67779,3.1722448,2080
24063,r2i1p1f1,2080,11,18,0.3743424689253935,13.289352,3.0408013,2080
24064,r2i1p1f1,2080,11,19,0.023410609215856172,10.84655,3.6275237,2080
24065,r2i1p1f1,2080,11,20,0.0,16.038754,4.7009163,2080
24066,r2i1p1f1,2080,11,21,11.779890078944915,13.480153,2.9907374,2080
24067,r2i1p1f1,2080,11,22,0.0,15.041916,3.439472,2080
24068,r2i1p1f1,2080,11,23,0.0,17.097197,3.0149891,2080
24069,r2i1p1f1,2080,11,24,0.0,13.197114,3.9426208,2080
24070,r2i1p1f1,2080,11,25,5.903474603348093,11.719029,3.5010717,2080
24071,r2i1p1f1,2080,11,26,7.854118407578006,13.6968975,7.7581835,2080
24072,r2i1p1f1,2080,11,27,62.61206202997038,14.037422,7.966976,2080
24073,r2i1p1f1,2080,11,28,14.255470543307288,14.984768,8.907276,2080
24074,r2i1p1f1,2080,11,29,40.76308744664017,14.630042,9.533112,2080
24075,r2i1p1f1,2080,11,30,3.9333264042327825,15.3493185,11.113188,2080
24076,r2i1p1f1,2080,12,01,13.936355133773759,12.340722,6.352695,2080
24077,r2i1p1f1,2080,12,02,0.03666632979170222,13.648765,5.0551,2080
24078,r2i1p1f1,2080,12,03,40.922980722210085,10.84062,5.490722,2080
24079,r2i1p1f1,2080,12,04,14.861189259569914,14.025832,8.442517,2080
24080,r2i1p1f1,2080,12,05,0.0,15.340908,5.934402,2080
24081,r2i1p1f1,2080,12,06,0.0,14.775915,8.6754,2080
24082,r2i1p1f1,2080,12,07,0.0,16.196573,9.348919,2080
24083,r2i1p1f1,2080,12,08,0.06198388179585051,16.17288,1.7343515,2080
24084,r2i1p1f1,2080,12,09,0.14276027510417266,4.148923,-7.877327,2080
24085,r2i1p1f1,2080,12,10,0.0,2.1618602,-9.57032,2080
24086,r2i1p1f1,2080,12,11,0.0,3.7215416,-8.391933,2080
24087,r2i1p1f1,2080,12,12,0.0,7.2102847,-4.8636513,2080
24088,r2i1p1f1,2080,12,13,0.0,13.416103,-1.0159032,2080
24089,r2i1p1f1,2080,12,14,0.0,19.382936,3.4513686,2080
24090,r2i1p1f1,2080,12,15,0.0,19.170902,3.2484033,2080
24091,r2i1p1f1,2080,12,16,0.0,14.38282,-0.39997843,2080
24092,r2i1p1f1,2080,12,17,16.161023164750077,4.4015737,0.2579509,2080
24093,r2i1p1f1,2080,12,18,52.30438055855652,4.0529823,-1.0856497,2080
24094,r2i1p1f1,2080,12,19,16.502645248636746,2.6867833,-3.3546534,2080
24095,r2i1p1f1,2080,12,20,0.7056047887859817,0.67019594,-2.9396284,2080
24096,r2i1p1f1,2080,12,21,0.40767703105582487,2.5088243,-4.5085135,2080
24097,r2i1p1f1,2080,12,22,0.0,7.818605,-8.269705,2080
24098,r2i1p1f1,2080,12,23,0.0,7.9434195,-5.047081,2080
24099,r2i1p1f1,2080,12,24,0.0,6.305917,-4.3048544,2080
24100,r2i1p1f1,2080,12,25,0.0,7.549501,-4.8093452,2080
24101,r2i1p1f1,2080,12,26,0.0,7.010751,-5.312578,2080
24102,r2i1p1f1,2080,12,27,0.0,4.168629,-5.331771,2080
24103,r2i1p1f1,2080,12,28,15.249578688011612,1.8669921,-2.676832,2080
24104,r2i1p1f1,2080,12,29,27.38272753239681,2.479878,-1.0289925,2080
24105,r2i1p1f1,2080,12,30,19.80378638422385,9.052627,0.7398715,2080
24106,r2i1p1f1,2080,12,31,0.6893614527598402,10.69448,6.2985725,2080
24107,r2i1p1f1,2081,01,01,15.608343257918023,12.381653,6.0429764,2081
24108,r2i1p1f1,2081,01,02,2.86521911019428,12.470024,-0.6246959,2081
24109,r2i1p1f1,2081,01,03,0.0,8.012352,0.0980251,2081
24110,r2i1p1f1,2081,01,04,7.3638674589556805,5.042678,0.0026221643,2081
24111,r2i1p1f1,2081,01,05,0.0,7.514384,-1.6720217,2081
24112,r2i1p1f1,2081,01,06,0.0,10.183081,3.4648151,2081
24113,r2i1p1f1,2081,01,07,0.0,9.418687,4.92341,2081
24114,r2i1p1f1,2081,01,08,1.5445001274481631,5.0374274,-1.3415251,2081
24115,r2i1p1f1,2081,01,09,0.0,8.664949,-2.483576,2081
24116,r2i1p1f1,2081,01,10,0.0,16.17555,2.2445033,2081
24117,r2i1p1f1,2081,01,11,0.0,16.960468,3.456104,2081
24118,r2i1p1f1,2081,01,12,0.0,15.754805,4.047158,2081
24119,r2i1p1f1,2081,01,13,0.0,17.872543,4.3791676,2081
24120,r2i1p1f1,2081,01,14,0.4244111748938359,14.237752,5.340606,2081
24121,r2i1p1f1,2081,01,15,0.0,6.47543,-3.4514923,2081
24122,r2i1p1f1,2081,01,16,1.2057064775595232,2.8057973,-1.965638,2081
24123,r2i1p1f1,2081,01,17,24.10858901975399,2.5184429,-2.9580173,2081
24124,r2i1p1f1,2081,01,18,0.0,6.551061,-5.0475855,2081
24125,r2i1p1f1,2081,01,19,0.0,5.654905,-3.2122285,2081
24126,r2i1p1f1,2081,01,20,0.0,8.680642,-3.651855,2081
24127,r2i1p1f1,2081,01,21,0.0,9.017077,-3.2292628,2081
24128,r2i1p1f1,2081,01,22,2.9386283305799363,4.087519,-2.1148717,2081
24129,r2i1p1f1,2081,01,23,16.884906149845428,1.9614938,-2.6747053,2081
24130,r2i1p1f1,2081,01,24,19.487014058149025,3.3236554,-1.5880222,2081
24131,r2i1p1f1,2081,01,25,45.87412592328082,4.8496714,0.77438337,2081
24132,r2i1p1f1,2081,01,26,82.00582115409466,12.27533,1.313146,2081
24133,r2i1p1f1,2081,01,27,84.30790879692023,15.582617,-0.94447464,2081
24134,r2i1p1f1,2081,01,28,0.004687292590250973,5.6266212,-3.7300227,2081
24135,r2i1p1f1,2081,01,29,58.9770308874834,3.8517065,-6.853888,2081
24136,r2i1p1f1,2081,01,30,68.85772581982354,5.4160776,-0.39681467,2081
24137,r2i1p1f1,2081,01,31,49.84899562371608,9.115192,1.8545231,2081
24138,r2i1p1f1,2081,02,01,4.706179793972226,6.6834035,-0.9671425,2081
24139,r2i1p1f1,2081,02,02,0.0,13.9707155,-0.42206797,2081
24140,r2i1p1f1,2081,02,03,0.0,18.396095,4.1875663,2081
24141,r2i1p1f1,2081,02,04,0.0006496618125923375,14.757459,3.5270402,2081
24142,r2i1p1f1,2081,02,05,29.00394212293367,6.231033,0.68712527,2081
24143,r2i1p1f1,2081,02,06,1.5051993956341483,6.392233,-2.688329,2081
24144,r2i1p1f1,2081,02,07,4.273840333210571,8.136734,2.9917896,2081
24145,r2i1p1f1,2081,02,08,2.769967822300364,11.347391,5.711714,2081
24146,r2i1p1f1,2081,02,09,6.94087023053166,13.779014,2.3363433,2081
24147,r2i1p1f1,2081,02,10,0.0,13.13285,5.951716,2081
24148,r2i1p1f1,2081,02,11,7.090936830424583,10.145082,2.0990703,2081
24149,r2i1p1f1,2081,02,12,3.4198847472488034,4.8079314,-7.3336196,2081
24150,r2i1p1f1,2081,02,13,1.0092734868521802,5.485958,-3.93787,2081
24151,r2i1p1f1,2081,02,14,0.0,8.510928,-2.100807,2081
24152,r2i1p1f1,2081,02,15,0.0,11.480149,-0.25811288,2081
24153,r2i1p1f1,2081,02,16,0.0,12.980336,0.23188244,2081
24154,r2i1p1f1,2081,02,17,0.0,18.873451,2.1481283,2081
24155,r2i1p1f1,2081,02,18,0.0,18.543285,4.4621034,2081
24156,r2i1p1f1,2081,02,19,0.0,19.589403,5.0606375,2081
24157,r2i1p1f1,2081,02,20,0.0,20.214682,6.0414,2081
24158,r2i1p1f1,2081,02,21,0.0,20.179518,5.900629,2081
24159,r2i1p1f1,2081,02,22,0.0,20.566143,4.7453127,2081
24160,r2i1p1f1,2081,02,23,0.0,17.841578,4.7642713,2081
24161,r2i1p1f1,2081,02,24,0.0,16.73939,5.409229,2081
24162,r2i1p1f1,2081,02,25,0.0,14.836228,6.6061215,2081
24163,r2i1p1f1,2081,02,26,0.0,18.615963,5.0420704,2081
24164,r2i1p1f1,2081,02,27,0.0,22.361397,7.9809823,2081
24165,r2i1p1f1,2081,02,28,0.0,21.729916,7.75291,2081
24166,r2i1p1f1,2081,03,01,0.0,19.48336,7.5851974,2081
24167,r2i1p1f1,2081,03,02,0.0,21.324,6.140742,2081
24168,r2i1p1f1,2081,03,03,0.0,18.954609,4.8752527,2081
24169,r2i1p1f1,2081,03,04,28.620168493720346,12.798264,3.0076313,2081
24170,r2i1p1f1,2081,03,05,21.62311900574423,9.745909,4.946958,2081
24171,r2i1p1f1,2081,03,06,6.155557698590341,8.76183,4.1224403,2081
24172,r2i1p1f1,2081,03,07,5.517455869658779,11.169122,3.0213752,2081
24173,r2i1p1f1,2081,03,08,0.0,17.470243,0.97220594,2081
24174,r2i1p1f1,2081,03,09,0.1202873348889765,15.952798,2.5070322,2081
24175,r2i1p1f1,2081,03,10,0.0,15.906889,2.359648,2081
24176,r2i1p1f1,2081,03,11,0.0,18.119156,2.5173044,2081
24177,r2i1p1f1,2081,03,12,0.0,15.545905,5.2212358,2081
24178,r2i1p1f1,2081,03,13,0.0,18.894955,3.4010167,2081
24179,r2i1p1f1,2081,03,14,0.0,19.850462,4.7364144,2081
24180,r2i1p1f1,2081,03,15,0.0,18.685736,4.5030165,2081
24181,r2i1p1f1,2081,03,16,0.0,18.496656,3.8636634,2081
24182,r2i1p1f1,2081,03,17,0.0,17.87982,2.486996,2081
24183,r2i1p1f1,2081,03,18,0.0,15.628393,0.6412735,2081
24184,r2i1p1f1,2081,03,19,0.0,12.25225,-2.8728054,2081
24185,r2i1p1f1,2081,03,20,0.0,6.5889235,-7.1613064,2081
24186,r2i1p1f1,2081,03,21,0.0,1.8635395,-8.214035,2081
24187,r2i1p1f1,2081,03,22,0.0,10.3900585,-6.6621313,2081
24188,r2i1p1f1,2081,03,23,0.0,11.58462,-5.428968,2081
24189,r2i1p1f1,2081,03,24,0.0,12.312301,-4.3550797,2081
24190,r2i1p1f1,2081,03,25,0.0,16.86169,0.16992892,2081
24191,r2i1p1f1,2081,03,26,0.10444726203436752,16.631193,2.1382782,2081
24192,r2i1p1f1,2081,03,27,0.8487300028841324,13.219063,-1.5361336,2081
24193,r2i1p1f1,2081,03,28,19.668253586972313,12.35386,-2.1041615,2081
24194,r2i1p1f1,2081,03,29,0.030978130906497918,17.748426,1.2343404,2081
24195,r2i1p1f1,2081,03,30,7.106499904330121,14.426363,-1.1987824,2081
24196,r2i1p1f1,2081,03,31,0.3419685000678258,14.841459,2.7178543,2081
24197,r2i1p1f1,2081,04,01,1.5095638871676225,14.076426,0.4735484,2081
24198,r2i1p1f1,2081,04,02,0.0,14.117285,-1.0015656,2081
24199,r2i1p1f1,2081,04,03,0.0,15.535337,0.023749914,2081
24200,r2i1p1f1,2081,04,04,0.03026707127341629,15.967019,3.256925,2081
24201,r2i1p1f1,2081,04,05,0.00035653683181198384,16.431053,-0.30597,2081
24202,r2i1p1f1,2081,04,06,0.36434632504376796,19.195984,2.9300663,2081
24203,r2i1p1f1,2081,04,07,0.0,17.074022,2.563887,2081
24204,r2i1p1f1,2081,04,08,0.0,16.789186,1.8703858,2081
24205,r2i1p1f1,2081,04,09,0.0,22.395058,4.2740707,2081
24206,r2i1p1f1,2081,04,10,0.0,25.55415,6.683833,2081
24207,r2i1p1f1,2081,04,11,0.0,25.484562,8.3890085,2081
24208,r2i1p1f1,2081,04,12,0.0,26.036201,7.5069203,2081
24209,r2i1p1f1,2081,04,13,25.762674036937263,14.501205,-0.5709282,2081
24210,r2i1p1f1,2081,04,14,12.062866668901943,8.735736,-3.5122108,2081
24211,r2i1p1f1,2081,04,15,0.0,13.783633,1.3692204,2081
24212,r2i1p1f1,2081,04,16,0.0,13.243196,5.271925,2081
24213,r2i1p1f1,2081,04,17,0.8033279911614954,9.403256,0.8709857,2081
24214,r2i1p1f1,2081,04,18,2.505582104273484,13.773147,-2.2715492,2081
24215,r2i1p1f1,2081,04,19,0.0,21.106066,2.6918159,2081
24216,r2i1p1f1,2081,04,20,0.0,22.491476,4.306277,2081
24217,r2i1p1f1,2081,04,21,0.0,22.527538,5.548741,2081
24218,r2i1p1f1,2081,04,22,0.0,21.826769,6.6826515,2081
24219,r2i1p1f1,2081,04,23,0.0,23.416473,6.525169,2081
24220,r2i1p1f1,2081,04,24,0.0,22.918293,6.2010994,2081
24221,r2i1p1f1,2081,04,25,0.0,20.206005,6.467972,2081
24222,r2i1p1f1,2081,04,26,0.0,21.867218,6.403744,2081
24223,r2i1p1f1,2081,04,27,0.0,26.656816,8.642259,2081
24224,r2i1p1f1,2081,04,28,0.0,26.950123,7.9449596,2081
24225,r2i1p1f1,2081,04,29,30.72126718560377,14.23896,1.7122364,2081
24226,r2i1p1f1,2081,04,30,70.55361168279957,10.218133,5.61827,2081
24227,r2i1p1f1,2081,05,01,0.018647297432695407,16.009537,4.804132,2081
24228,r2i1p1f1,2081,05,02,19.154012407307164,11.424759,3.8354738,2081
24229,r2i1p1f1,2081,05,03,0.40717146629014256,14.618035,3.544315,2081
24230,r2i1p1f1,2081,05,04,0.14710229166806899,18.198761,2.3161778,2081
24231,r2i1p1f1,2081,05,05,0.0,20.145226,4.3843017,2081
24232,r2i1p1f1,2081,05,06,0.0,22.55267,6.195088,2081
24233,r2i1p1f1,2081,05,07,2.7171070441594427,20.049576,4.3342013,2081
24234,r2i1p1f1,2081,05,08,1.4172663545300916,13.276572,3.7334661,2081
24235,r2i1p1f1,2081,05,09,0.0,17.888874,2.3221674,2081
24236,r2i1p1f1,2081,05,10,0.0,21.955114,4.6484194,2081
24237,r2i1p1f1,2081,05,11,0.0,23.890036,7.2742453,2081
24238,r2i1p1f1,2081,05,12,0.0,27.606815,9.603315,2081
24239,r2i1p1f1,2081,05,13,0.0,28.16097,11.757766,2081
24240,r2i1p1f1,2081,05,14,0.0,27.28012,10.728101,2081
24241,r2i1p1f1,2081,05,15,0.0,21.648232,5.468149,2081
24242,r2i1p1f1,2081,05,16,0.0,20.563913,4.966479,2081
24243,r2i1p1f1,2081,05,17,0.0,24.400713,6.153127,2081
24244,r2i1p1f1,2081,05,18,0.0,26.629093,9.931983,2081
24245,r2i1p1f1,2081,05,19,0.0,24.074614,6.4896374,2081
24246,r2i1p1f1,2081,05,20,7.391088221433725,16.456203,0.9648662,2081
24247,r2i1p1f1,2081,05,21,0.0,15.379231,1.5681593,2081
24248,r2i1p1f1,2081,05,22,0.0,22.905657,5.5981193,2081
24249,r2i1p1f1,2081,05,23,0.0,26.918573,9.023295,2081
24250,r2i1p1f1,2081,05,24,0.0,30.3346,12.44105,2081
24251,r2i1p1f1,2081,05,25,0.0,31.025,13.681303,2081
24252,r2i1p1f1,2081,05,26,0.0,30.497734,13.994736,2081
24253,r2i1p1f1,2081,05,27,0.0,29.834967,13.20541,2081
24254,r2i1p1f1,2081,05,28,0.0,26.237738,9.862019,2081
24255,r2i1p1f1,2081,05,29,5.431145654718141,14.227,-1.1447322,2081
24256,r2i1p1f1,2081,05,30,0.0,16.228857,2.141535,2081
24257,r2i1p1f1,2081,05,31,0.006638600545836828,16.435684,6.6822715,2081
24258,r2i1p1f1,2081,06,01,0.0,20.975914,3.6952577,2081
24259,r2i1p1f1,2081,06,02,0.0,22.413239,5.589414,2081
24260,r2i1p1f1,2081,06,03,0.0,22.834246,7.077505,2081
24261,r2i1p1f1,2081,06,04,0.006492027806906173,23.361628,6.103328,2081
24262,r2i1p1f1,2081,06,05,0.0,22.054794,6.513015,2081
24263,r2i1p1f1,2081,06,06,0.0,21.213882,6.374556,2081
24264,r2i1p1f1,2081,06,07,0.0,21.924185,7.8579226,2081
24265,r2i1p1f1,2081,06,08,0.0,23.857533,8.576192,2081
24266,r2i1p1f1,2081,06,09,0.0,24.679628,8.991628,2081
24267,r2i1p1f1,2081,06,10,0.0,26.219812,10.982207,2081
24268,r2i1p1f1,2081,06,11,0.0,30.66821,12.970449,2081
24269,r2i1p1f1,2081,06,12,0.0,31.75728,16.08417,2081
24270,r2i1p1f1,2081,06,13,0.2718497918137403,30.735746,14.836751,2081
24271,r2i1p1f1,2081,06,14,0.0,29.514936,11.887001,2081
24272,r2i1p1f1,2081,06,15,0.0,25.864462,10.0558,2081
24273,r2i1p1f1,2081,06,16,0.0,31.564243,13.3990135,2081
24274,r2i1p1f1,2081,06,17,0.0,34.345703,15.777795,2081
24275,r2i1p1f1,2081,06,18,0.0,34.109318,16.629751,2081
24276,r2i1p1f1,2081,06,19,0.0,33.321507,14.832122,2081
24277,r2i1p1f1,2081,06,20,0.11846842185500114,32.08083,13.878692,2081
24278,r2i1p1f1,2081,06,21,0.0,28.927202,11.449215,2081
24279,r2i1p1f1,2081,06,22,0.0,27.353266,9.865258,2081
24280,r2i1p1f1,2081,06,23,0.021617654643845387,29.638954,12.495222,2081
24281,r2i1p1f1,2081,06,24,0.0,31.48294,14.780171,2081
24282,r2i1p1f1,2081,06,25,0.0,32.689762,13.206387,2081
24283,r2i1p1f1,2081,06,26,0.0,32.599327,13.367024,2081
24284,r2i1p1f1,2081,06,27,0.0,31.266739,12.331258,2081
24285,r2i1p1f1,2081,06,28,0.0,26.5296,9.874928,2081
24286,r2i1p1f1,2081,06,29,0.0,24.454586,9.151943,2081
24287,r2i1p1f1,2081,06,30,0.0,27.132612,9.8002825,2081
24288,r2i1p1f1,2081,07,01,0.0,30.649279,12.436925,2081
24289,r2i1p1f1,2081,07,02,0.0,32.7819,14.022217,2081
24290,r2i1p1f1,2081,07,03,0.0,32.67129,14.011067,2081
24291,r2i1p1f1,2081,07,04,0.0,33.767773,14.806337,2081
24292,r2i1p1f1,2081,07,05,0.0,34.343376,15.690794,2081
24293,r2i1p1f1,2081,07,06,0.0,33.785217,15.487324,2081
24294,r2i1p1f1,2081,07,07,0.0,32.389072,15.252335,2081
24295,r2i1p1f1,2081,07,08,0.0,32.811237,14.665051,2081
24296,r2i1p1f1,2081,07,09,0.0,32.193134,15.127671,2081
24297,r2i1p1f1,2081,07,10,0.0,32.712,14.465593,2081
24298,r2i1p1f1,2081,07,11,0.0,32.919895,15.873305,2081
24299,r2i1p1f1,2081,07,12,0.0,31.60361,14.393095,2081
24300,r2i1p1f1,2081,07,13,0.0,32.536163,14.611323,2081
24301,r2i1p1f1,2081,07,14,0.0,34.770428,16.304783,2081
24302,r2i1p1f1,2081,07,15,0.05257392611103849,37.11484,18.059769,2081
24303,r2i1p1f1,2081,07,16,0.0,36.50382,18.70121,2081
24304,r2i1p1f1,2081,07,17,0.0,34.434246,18.596903,2081
24305,r2i1p1f1,2081,07,18,0.0,34.700226,16.339697,2081
24306,r2i1p1f1,2081,07,19,0.0,34.828682,16.045147,2081
24307,r2i1p1f1,2081,07,20,0.0,35.515633,17.440958,2081
24308,r2i1p1f1,2081,07,21,0.0,36.02499,18.080584,2081
24309,r2i1p1f1,2081,07,22,0.0,36.959522,18.53912,2081
24310,r2i1p1f1,2081,07,23,0.0,36.38372,19.498959,2081
24311,r2i1p1f1,2081,07,24,0.0,34.638313,18.269983,2081
24312,r2i1p1f1,2081,07,25,0.0,33.1289,16.829418,2081
24313,r2i1p1f1,2081,07,26,0.0,33.976368,17.082983,2081
24314,r2i1p1f1,2081,07,27,0.0,34.746258,18.202618,2081
24315,r2i1p1f1,2081,07,28,0.0,36.32505,19.017359,2081
24316,r2i1p1f1,2081,07,29,0.0,38.137146,20.632162,2081
24317,r2i1p1f1,2081,07,30,0.0,39.12742,21.194248,2081
24318,r2i1p1f1,2081,07,31,0.0,38.66266,20.748892,2081
24319,r2i1p1f1,2081,08,01,0.0,35.812386,19.326063,2081
24320,r2i1p1f1,2081,08,02,0.0,35.85751,19.879225,2081
24321,r2i1p1f1,2081,08,03,0.0,36.866467,19.71045,2081
24322,r2i1p1f1,2081,08,04,0.4370579316925544,37.393265,20.019941,2081
24323,r2i1p1f1,2081,08,05,9.345333352107096,35.636307,18.725311,2081
24324,r2i1p1f1,2081,08,06,0.0,37.780884,20.520353,2081
24325,r2i1p1f1,2081,08,07,0.3125862157433473,38.734505,21.661747,2081
24326,r2i1p1f1,2081,08,08,0.9855368233659717,39.55157,22.34369,2081
24327,r2i1p1f1,2081,08,09,0.0,40.150936,22.843893,2081
24328,r2i1p1f1,2081,08,10,0.05138460267499585,36.541122,19.393595,2081
24329,r2i1p1f1,2081,08,11,0.9995945025506304,33.894817,19.481752,2081
24330,r2i1p1f1,2081,08,12,0.44978810630989474,33.740486,19.669857,2081
24331,r2i1p1f1,2081,08,13,1.735683005748657,33.434334,19.581583,2081
24332,r2i1p1f1,2081,08,14,2.7894350168550703,34.170086,19.268427,2081
24333,r2i1p1f1,2081,08,15,7.923977989109797,34.97352,17.543108,2081
24334,r2i1p1f1,2081,08,16,0.0,33.72294,17.131912,2081
24335,r2i1p1f1,2081,08,17,0.0,33.71964,16.39172,2081
24336,r2i1p1f1,2081,08,18,0.0,34.959854,17.44097,2081
24337,r2i1p1f1,2081,08,19,0.0,35.487026,18.525444,2081
24338,r2i1p1f1,2081,08,20,0.0,35.3705,18.848465,2081
24339,r2i1p1f1,2081,08,21,0.0,36.591934,19.391699,2081
24340,r2i1p1f1,2081,08,22,3.2076344071006484,36.48655,18.863087,2081
24341,r2i1p1f1,2081,08,23,0.7026250997184363,37.40513,19.413355,2081
24342,r2i1p1f1,2081,08,24,0.0,34.94483,16.897043,2081
24343,r2i1p1f1,2081,08,25,0.0,33.436577,16.49142,2081
24344,r2i1p1f1,2081,08,26,0.0,32.228924,17.616285,2081
24345,r2i1p1f1,2081,08,27,0.0,33.503044,16.972002,2081
24346,r2i1p1f1,2081,08,28,0.0,32.329517,17.64763,2081
24347,r2i1p1f1,2081,08,29,0.0,31.46978,14.5413475,2081
24348,r2i1p1f1,2081,08,30,0.0,31.901054,13.709082,2081
24349,r2i1p1f1,2081,08,31,0.0,33.308918,14.838257,2081
24350,r2i1p1f1,2081,09,01,0.0,32.888916,17.447723,2081
24351,r2i1p1f1,2081,09,02,0.0,33.307693,17.828793,2081
24352,r2i1p1f1,2081,09,03,0.0,33.389717,17.895708,2081
24353,r2i1p1f1,2081,09,04,0.0,32.183586,16.704844,2081
24354,r2i1p1f1,2081,09,05,0.0,32.096638,13.176394,2081
24355,r2i1p1f1,2081,09,06,0.0,30.83908,13.4690695,2081
24356,r2i1p1f1,2081,09,07,0.0,30.713516,13.6344795,2081
24357,r2i1p1f1,2081,09,08,0.0,30.97021,14.080031,2081
24358,r2i1p1f1,2081,09,09,0.0,29.232246,14.286492,2081
24359,r2i1p1f1,2081,09,10,0.0,28.663212,13.643504,2081
24360,r2i1p1f1,2081,09,11,0.0,26.810904,12.553225,2081
24361,r2i1p1f1,2081,09,12,0.0,27.396368,10.73845,2081
24362,r2i1p1f1,2081,09,13,0.0,27.407314,11.560926,2081
24363,r2i1p1f1,2081,09,14,1.9706507588755182,25.539412,10.926372,2081
24364,r2i1p1f1,2081,09,15,3.0360392410749717,21.135107,6.7777295,2081
24365,r2i1p1f1,2081,09,16,0.0,23.203653,7.023746,2081
24366,r2i1p1f1,2081,09,17,0.0,26.51063,8.770797,2081
24367,r2i1p1f1,2081,09,18,0.0,29.260792,14.486875,2081
24368,r2i1p1f1,2081,09,19,0.0,28.197544,13.177134,2081
24369,r2i1p1f1,2081,09,20,0.0,27.228365,12.311899,2081
24370,r2i1p1f1,2081,09,21,0.0,28.83132,12.248306,2081
24371,r2i1p1f1,2081,09,22,0.0,27.656559,12.479705,2081
24372,r2i1p1f1,2081,09,23,0.8625327515871434,29.373013,14.155913,2081
24373,r2i1p1f1,2081,09,24,3.8787749797882918,26.96268,13.04911,2081
24374,r2i1p1f1,2081,09,25,7.533418649882151,25.746645,9.487262,2081
24375,r2i1p1f1,2081,09,26,0.0,27.891703,10.733732,2081
24376,r2i1p1f1,2081,09,27,0.0,29.715351,13.428437,2081
24377,r2i1p1f1,2081,09,28,0.0,29.658257,15.65323,2081
24378,r2i1p1f1,2081,09,29,0.0,30.29437,15.936699,2081
24379,r2i1p1f1,2081,09,30,0.0,30.477983,16.503012,2081
24380,r2i1p1f1,2081,10,01,0.0,29.639463,14.793948,2081
24381,r2i1p1f1,2081,10,02,0.0,29.578268,14.295648,2081
24382,r2i1p1f1,2081,10,03,0.0,29.9602,14.542111,2081
24383,r2i1p1f1,2081,10,04,0.0,30.168226,14.469126,2081
24384,r2i1p1f1,2081,10,05,0.0,30.067623,14.936338,2081
24385,r2i1p1f1,2081,10,06,0.0,26.450043,12.766357,2081
24386,r2i1p1f1,2081,10,07,0.0,22.607216,9.934248,2081
24387,r2i1p1f1,2081,10,08,0.0,21.659445,8.328322,2081
24388,r2i1p1f1,2081,10,09,0.0,23.954288,7.4184947,2081
24389,r2i1p1f1,2081,10,10,0.0,26.147324,7.1943326,2081
24390,r2i1p1f1,2081,10,11,0.0,26.546957,8.882794,2081
24391,r2i1p1f1,2081,10,12,0.0,26.648844,10.126365,2081
24392,r2i1p1f1,2081,10,13,0.0,28.010986,12.195186,2081
24393,r2i1p1f1,2081,10,14,0.0,28.749878,12.715235,2081
24394,r2i1p1f1,2081,10,15,0.0,31.346436,13.459949,2081
24395,r2i1p1f1,2081,10,16,0.0,31.754814,12.962881,2081
24396,r2i1p1f1,2081,10,17,0.0,27.701403,12.523797,2081
24397,r2i1p1f1,2081,10,18,0.0,20.194296,7.401386,2081
24398,r2i1p1f1,2081,10,19,0.0,17.959408,4.524287,2081
24399,r2i1p1f1,2081,10,20,0.06948774651461392,19.671349,4.7608023,2081
24400,r2i1p1f1,2081,10,21,0.0,20.57172,5.5963626,2081
24401,r2i1p1f1,2081,10,22,0.0,23.422426,5.2791166,2081
24402,r2i1p1f1,2081,10,23,6.925304479857284,21.901731,6.751798,2081
24403,r2i1p1f1,2081,10,24,0.3147444811335075,15.476726,5.7112894,2081
24404,r2i1p1f1,2081,10,25,0.0,16.534515,4.014594,2081
24405,r2i1p1f1,2081,10,26,0.0,21.68349,4.8505077,2081
24406,r2i1p1f1,2081,10,27,0.0,22.69706,7.99635,2081
24407,r2i1p1f1,2081,10,28,0.0,21.423355,7.0923977,2081
24408,r2i1p1f1,2081,10,29,0.0,21.756783,7.9023423,2081
24409,r2i1p1f1,2081,10,30,0.0,19.890625,6.9216113,2081
24410,r2i1p1f1,2081,10,31,0.0350670177095498,17.174904,8.678104,2081
24411,r2i1p1f1,2081,11,01,0.0,20.15792,5.8320127,2081
24412,r2i1p1f1,2081,11,02,0.0,18.945251,6.0191236,2081
24413,r2i1p1f1,2081,11,03,0.0,17.98482,6.776648,2081
24414,r2i1p1f1,2081,11,04,0.0,16.667175,7.173876,2081
24415,r2i1p1f1,2081,11,05,0.0,19.767536,6.3111696,2081
24416,r2i1p1f1,2081,11,06,0.0,23.781763,9.205751,2081
24417,r2i1p1f1,2081,11,07,0.0,25.426914,10.860547,2081
24418,r2i1p1f1,2081,11,08,0.0,24.074152,10.086324,2081
24419,r2i1p1f1,2081,11,09,0.0,20.681322,7.850371,2081
24420,r2i1p1f1,2081,11,10,0.0,18.317902,5.9830236,2081
24421,r2i1p1f1,2081,11,11,0.0,15.808068,3.2281275,2081
24422,r2i1p1f1,2081,11,12,0.0,18.070292,2.7994583,2081
24423,r2i1p1f1,2081,11,13,0.0,19.772814,2.0134587,2081
24424,r2i1p1f1,2081,11,14,0.005451980457739689,18.601923,3.799687,2081
24425,r2i1p1f1,2081,11,15,9.5218013189039,11.809777,4.7645655,2081
24426,r2i1p1f1,2081,11,16,0.0,14.729326,0.6937605,2081
24427,r2i1p1f1,2081,11,17,0.0,15.989514,4.3536806,2081
24428,r2i1p1f1,2081,11,18,0.0,18.838116,5.56898,2081
24429,r2i1p1f1,2081,11,19,0.01269539777870075,17.296452,4.962378,2081
24430,r2i1p1f1,2081,11,20,0.0,21.910536,4.88369,2081
24431,r2i1p1f1,2081,11,21,0.0,22.475836,6.011867,2081
24432,r2i1p1f1,2081,11,22,0.0,17.99492,6.614259,2081
24433,r2i1p1f1,2081,11,23,0.0,17.41686,2.924233,2081
24434,r2i1p1f1,2081,11,24,0.0,19.308765,3.8250463,2081
24435,r2i1p1f1,2081,11,25,0.3288074303642273,17.402487,5.54211,2081
24436,r2i1p1f1,2081,11,26,0.054239293408150285,16.70498,5.4032164,2081
24437,r2i1p1f1,2081,11,27,0.0,23.047445,3.4486046,2081
24438,r2i1p1f1,2081,11,28,0.0,22.20863,4.513612,2081
24439,r2i1p1f1,2081,11,29,2.4504906317675843,17.88946,5.0307593,2081
24440,r2i1p1f1,2081,11,30,31.695971073349938,9.023093,4.181946,2081
24441,r2i1p1f1,2081,12,01,0.09527070447942466,7.6562796,-0.47407952,2081
24442,r2i1p1f1,2081,12,02,0.0,14.761414,-0.49394637,2081
24443,r2i1p1f1,2081,12,03,0.0,13.193303,1.665784,2081
24444,r2i1p1f1,2081,12,04,0.008517089694438394,7.4714513,-0.909416,2081
24445,r2i1p1f1,2081,12,05,0.9438679878887621,6.535092,2.3512394,2081
24446,r2i1p1f1,2081,12,06,49.576500056383125,13.807816,2.0742376,2081
24447,r2i1p1f1,2081,12,07,80.94101977409221,11.699277,7.2773643,2081
24448,r2i1p1f1,2081,12,08,50.97902197001251,11.718549,2.1491985,2081
24449,r2i1p1f1,2081,12,09,3.1866420069526122,11.437207,4.1845384,2081
24450,r2i1p1f1,2081,12,10,10.170671775771412,9.747344,5.437722,2081
24451,r2i1p1f1,2081,12,11,25.312883893583113,8.172731,-1.3165066,2081
24452,r2i1p1f1,2081,12,12,18.600259732976646,3.1149805,-0.16122104,2081
24453,r2i1p1f1,2081,12,13,0.0,7.6562986,0.102209926,2081
24454,r2i1p1f1,2081,12,14,0.7967856249951393,8.419087,2.5950649,2081
24455,r2i1p1f1,2081,12,15,0.0,8.938863,5.415996,2081
24456,r2i1p1f1,2081,12,16,10.534082560661773,9.709831,4.1859226,2081
24457,r2i1p1f1,2081,12,17,0.15321469245813765,12.268901,6.035491,2081
24458,r2i1p1f1,2081,12,18,0.0,15.563132,4.109616,2081
24459,r2i1p1f1,2081,12,19,0.0,17.062067,3.5277178,2081
24460,r2i1p1f1,2081,12,20,0.0,13.819302,2.3520703,2081
24461,r2i1p1f1,2081,12,21,7.830814595469676,7.0599732,3.3763466,2081
24462,r2i1p1f1,2081,12,22,9.29427930890457,12.6744795,4.68131,2081
24463,r2i1p1f1,2081,12,23,0.0,15.238214,5.722546,2081
24464,r2i1p1f1,2081,12,24,6.657463571557925,11.41277,1.6815976,2081
24465,r2i1p1f1,2081,12,25,9.751915492401727,6.288253,0.50269574,2081
24466,r2i1p1f1,2081,12,26,0.0,6.54707,-0.49896005,2081
24467,r2i1p1f1,2081,12,27,0.0,10.708288,-0.70038265,2081
24468,r2i1p1f1,2081,12,28,0.0,13.634678,1.6225955,2081
24469,r2i1p1f1,2081,12,29,0.0,14.654536,2.418252,2081
24470,r2i1p1f1,2081,12,30,0.0,17.117071,2.464686,2081
24471,r2i1p1f1,2081,12,31,0.0,16.685743,2.1673384,2081
24472,r2i1p1f1,2082,01,01,0.0,15.640501,1.8538806,2082
24473,r2i1p1f1,2082,01,02,0.15454059412499752,11.320221,-0.6307419,2082
24474,r2i1p1f1,2082,01,03,0.0,9.839065,-0.20770791,2082
24475,r2i1p1f1,2082,01,04,4.303012670568653,5.941754,0.40165934,2082
24476,r2i1p1f1,2082,01,05,56.03094789862203,5.960786,0.40595528,2082
24477,r2i1p1f1,2082,01,06,0.972883020860466,4.626437,0.046873238,2082
24478,r2i1p1f1,2082,01,07,0.0,6.494101,-3.316546,2082
24479,r2i1p1f1,2082,01,08,11.644461579719344,4.581284,-1.8246589,2082
24480,r2i1p1f1,2082,01,09,68.02797382249712,5.271418,-0.14105263,2082
24481,r2i1p1f1,2082,01,10,25.71295759984283,4.9752526,-0.28323686,2082
24482,r2i1p1f1,2082,01,11,0.15494327430343008,7.1093435,1.083917,2082
24483,r2i1p1f1,2082,01,12,0.0,8.4900055,-2.51876,2082
24484,r2i1p1f1,2082,01,13,0.0,7.3340344,-3.5508173,2082
24485,r2i1p1f1,2082,01,14,0.0,9.017849,-4.1129055,2082
24486,r2i1p1f1,2082,01,15,0.0,8.225874,-4.2873697,2082
24487,r2i1p1f1,2082,01,16,0.0,8.018071,-0.8722621,2082
24488,r2i1p1f1,2082,01,17,0.49773740971571756,4.3088846,-3.1220646,2082
24489,r2i1p1f1,2082,01,18,0.0,10.491651,-4.621208,2082
24490,r2i1p1f1,2082,01,19,0.0,12.209008,-3.616943,2082
24491,r2i1p1f1,2082,01,20,0.0,8.321544,-3.1655219,2082
24492,r2i1p1f1,2082,01,21,0.0,9.191093,-4.4166727,2082
24493,r2i1p1f1,2082,01,22,0.0,9.75312,-4.7572274,2082
24494,r2i1p1f1,2082,01,23,0.0,7.230415,-1.6371664,2082
24495,r2i1p1f1,2082,01,24,0.0,10.511499,-1.5745748,2082
24496,r2i1p1f1,2082,01,25,0.0,8.140963,-1.7843037,2082
24497,r2i1p1f1,2082,01,26,0.0,12.052117,-0.81499714,2082
24498,r2i1p1f1,2082,01,27,0.0,17.024664,4.7184315,2082
24499,r2i1p1f1,2082,01,28,0.0,19.069662,5.392134,2082
24500,r2i1p1f1,2082,01,29,0.0,21.010927,5.7967057,2082
24501,r2i1p1f1,2082,01,30,2.1333531307845988,17.711039,3.3405018,2082
24502,r2i1p1f1,2082,01,31,16.600158870502266,4.761222,0.9759616,2082
24503,r2i1p1f1,2082,02,01,1.4586848734604876,8.104888,-1.543965,2082
24504,r2i1p1f1,2082,02,02,3.7644345689631544,11.751435,-0.31424555,2082
24505,r2i1p1f1,2082,02,03,71.76654068708348,10.372352,6.323189,2082
24506,r2i1p1f1,2082,02,04,84.95484363610068,13.249854,5.52622,2082
24507,r2i1p1f1,2082,02,05,19.221614672502394,9.644089,2.208464,2082
24508,r2i1p1f1,2082,02,06,50.09415212284344,8.646496,3.6368854,2082
24509,r2i1p1f1,2082,02,07,11.902425734688922,12.987483,0.7256288,2082
24510,r2i1p1f1,2082,02,08,2.5056675555158736,14.669929,2.9309447,2082
24511,r2i1p1f1,2082,02,09,38.57331990147941,12.586944,6.57281,2082
24512,r2i1p1f1,2082,02,10,41.24515816488733,15.37577,3.9194176,2082
24513,r2i1p1f1,2082,02,11,48.063171125697686,13.671045,-0.34836334,2082
24514,r2i1p1f1,2082,02,12,0.0,14.359638,0.28071302,2082
24515,r2i1p1f1,2082,02,13,8.279665014393126,5.5620203,1.741863,2082
24516,r2i1p1f1,2082,02,14,0.6063928012788613,5.5290017,0.7986032,2082
24517,r2i1p1f1,2082,02,15,3.812616798607521,6.8502426,-4.1857285,2082
24518,r2i1p1f1,2082,02,16,8.103947502646546,6.1625905,0.05707814,2082
24519,r2i1p1f1,2082,02,17,0.0,12.106355,-1.0185821,2082
24520,r2i1p1f1,2082,02,18,19.01441082823462,13.163909,-0.3250576,2082
24521,r2i1p1f1,2082,02,19,70.11692141845393,11.854941,6.059895,2082
24522,r2i1p1f1,2082,02,20,38.09191010234197,14.171938,3.5790272,2082
24523,r2i1p1f1,2082,02,21,50.87951848937127,11.213656,0.3191194,2082
24524,r2i1p1f1,2082,02,22,13.067503015414472,7.8918204,2.0250463,2082
24525,r2i1p1f1,2082,02,23,6.435057876576768,6.596157,0.0048910286,2082
24526,r2i1p1f1,2082,02,24,0.0,10.4143505,0.61402434,2082
24527,r2i1p1f1,2082,02,25,7.63698986961222,10.934001,1.6048888,2082
24528,r2i1p1f1,2082,02,26,7.0245707862620925,8.663167,-1.0977299,2082
24529,r2i1p1f1,2082,02,27,0.0,8.846804,-2.5189083,2082
24530,r2i1p1f1,2082,02,28,0.0,8.225226,-4.001963,2082
24531,r2i1p1f1,2082,03,01,5.831229860331614,7.218257,-5.6687436,2082
24532,r2i1p1f1,2082,03,02,12.177272727086137,6.0400057,-2.241872,2082
24533,r2i1p1f1,2082,03,03,51.154274232864665,4.9031906,-3.6271183,2082
24534,r2i1p1f1,2082,03,04,1.567885901529455,9.958879,-1.8558456,2082
24535,r2i1p1f1,2082,03,05,12.485584723281836,6.2947116,0.488096,2082
24536,r2i1p1f1,2082,03,06,38.00317490710698,6.0661974,-1.4818344,2082
24537,r2i1p1f1,2082,03,07,4.768362297862111,7.4943237,-3.0683186,2082
24538,r2i1p1f1,2082,03,08,14.26526966360353,3.5983467,-1.3705654,2082
24539,r2i1p1f1,2082,03,09,0.14283373232134322,4.937576,-0.7801698,2082
24540,r2i1p1f1,2082,03,10,0.0,6.166544,1.1237016,2082
24541,r2i1p1f1,2082,03,11,35.449777640259036,2.381264,-2.6694818,2082
24542,r2i1p1f1,2082,03,12,56.0377795365639,4.19567,-0.8489662,2082
24543,r2i1p1f1,2082,03,13,13.19057374662057,3.7755342,-3.3759925,2082
24544,r2i1p1f1,2082,03,14,0.0,8.677637,-0.995807,2082
24545,r2i1p1f1,2082,03,15,0.3163440424154592,6.932085,0.0934502,2082
24546,r2i1p1f1,2082,03,16,2.487141277162244,3.8487773,0.01890163,2082
24547,r2i1p1f1,2082,03,17,0.0,12.939456,0.52287585,2082
24548,r2i1p1f1,2082,03,18,0.0,17.654768,1.8617914,2082
24549,r2i1p1f1,2082,03,19,0.0,18.016327,3.0605104,2082
24550,r2i1p1f1,2082,03,20,0.0,17.963549,3.7202563,2082
24551,r2i1p1f1,2082,03,21,0.0,15.500713,9.302118,2082
24552,r2i1p1f1,2082,03,22,0.0,18.20605,2.9420393,2082
24553,r2i1p1f1,2082,03,23,0.0,19.832237,3.4675615,2082
24554,r2i1p1f1,2082,03,24,0.0,20.179243,4.447224,2082
24555,r2i1p1f1,2082,03,25,18.765541615217582,13.108133,-0.1776619,2082
24556,r2i1p1f1,2082,03,26,0.015895276206160467,12.278931,-0.13070904,2082
24557,r2i1p1f1,2082,03,27,0.0,15.317608,1.2810696,2082
24558,r2i1p1f1,2082,03,28,0.0,19.268751,5.3000956,2082
24559,r2i1p1f1,2082,03,29,0.0,21.87389,3.3058412,2082
24560,r2i1p1f1,2082,03,30,0.0,23.98999,5.5198774,2082
24561,r2i1p1f1,2082,03,31,0.0,22.542744,6.317891,2082
24562,r2i1p1f1,2082,04,01,35.98665134094727,11.701799,-0.026577974,2082
24563,r2i1p1f1,2082,04,02,7.52135022535535,11.048291,-1.3511819,2082
24564,r2i1p1f1,2082,04,03,15.31836102971843,10.358857,2.599087,2082
24565,r2i1p1f1,2082,04,04,22.31155102579998,8.37852,-0.270673,2082
24566,r2i1p1f1,2082,04,05,6.580869595242033,7.6020226,0.22159626,2082
24567,r2i1p1f1,2082,04,06,9.30318797099272,8.305456,-0.53119826,2082
24568,r2i1p1f1,2082,04,07,0.0,10.2921295,3.121828,2082
24569,r2i1p1f1,2082,04,08,0.0,18.200834,2.3049507,2082
24570,r2i1p1f1,2082,04,09,6.197216573757312e-05,17.160595,4.8744655,2082
24571,r2i1p1f1,2082,04,10,0.0,20.418814,3.5566719,2082
24572,r2i1p1f1,2082,04,11,0.0,19.776573,3.1653395,2082
24573,r2i1p1f1,2082,04,12,0.03963612283629258,18.835342,5.1062384,2082
24574,r2i1p1f1,2082,04,13,7.6431862478225066,7.930232,2.995168,2082
24575,r2i1p1f1,2082,04,14,4.772460621374053,8.296024,2.3241498,2082
24576,r2i1p1f1,2082,04,15,14.733860603407196,10.403582,-2.1295433,2082
24577,r2i1p1f1,2082,04,16,0.006262840431120891,17.155731,0.71410817,2082
24578,r2i1p1f1,2082,04,17,0.011957986750460874,21.079798,3.9730542,2082
24579,r2i1p1f1,2082,04,18,0.0,23.533512,5.925734,2082
24580,r2i1p1f1,2082,04,19,0.0,23.015278,5.5120373,2082
24581,r2i1p1f1,2082,04,20,8.704731710783493,15.610752,0.6274358,2082
24582,r2i1p1f1,2082,04,21,25.23875133976197,9.7402935,2.7388415,2082
24583,r2i1p1f1,2082,04,22,4.380880163104778,8.485868,2.4141812,2082
24584,r2i1p1f1,2082,04,23,10.88411932044507,10.433299,1.0322802,2082
24585,r2i1p1f1,2082,04,24,10.947241829196104,11.988663,1.3476343,2082
24586,r2i1p1f1,2082,04,25,7.060727977519631,10.968907,1.9447284,2082
24587,r2i1p1f1,2082,04,26,7.1345930822015085,8.375734,-1.4075371,2082
24588,r2i1p1f1,2082,04,27,0.0,14.303623,2.8250113,2082
24589,r2i1p1f1,2082,04,28,2.2090272807802718,18.2736,2.9689271,2082
24590,r2i1p1f1,2082,04,29,0.0,24.342924,6.878983,2082
24591,r2i1p1f1,2082,04,30,0.0,25.210932,9.07006,2082
24592,r2i1p1f1,2082,05,01,3.3667309570214106,22.89814,6.2932997,2082
24593,r2i1p1f1,2082,05,02,8.560022956505865,11.720744,-1.8086264,2082
24594,r2i1p1f1,2082,05,03,4.230871222325032,10.985587,-1.1931794,2082
24595,r2i1p1f1,2082,05,04,2.6152017385166677,10.964445,2.4201741,2082
24596,r2i1p1f1,2082,05,05,1.0095585395622317,12.192491,3.4038,2082
24597,r2i1p1f1,2082,05,06,13.851036510697249,11.830574,2.1826603,2082
24598,r2i1p1f1,2082,05,07,6.860240720253876,8.191521,0.9378441,2082
24599,r2i1p1f1,2082,05,08,0.02016787225985494,15.607822,-0.91787434,2082
24600,r2i1p1f1,2082,05,09,0.0,17.360043,0.7777954,2082
24601,r2i1p1f1,2082,05,10,0.0,18.484093,7.335505,2082
24602,r2i1p1f1,2082,05,11,0.0,18.71857,3.3329146,2082
24603,r2i1p1f1,2082,05,12,0.0,19.265966,2.8349936,2082
24604,r2i1p1f1,2082,05,13,0.8206706527954128,14.081474,1.8365088,2082
24605,r2i1p1f1,2082,05,14,0.0,20.599007,3.6614666,2082
24606,r2i1p1f1,2082,05,15,0.0,16.154144,4.2904654,2082
24607,r2i1p1f1,2082,05,16,0.0,19.27122,5.028354,2082
24608,r2i1p1f1,2082,05,17,0.0,25.498404,6.758529,2082
24609,r2i1p1f1,2082,05,18,0.0,27.252604,9.237803,2082
24610,r2i1p1f1,2082,05,19,0.0,28.937357,11.53733,2082
24611,r2i1p1f1,2082,05,20,0.0,28.360283,11.181161,2082
24612,r2i1p1f1,2082,05,21,0.0,27.133213,9.1406,2082
24613,r2i1p1f1,2082,05,22,0.0,28.568365,11.564342,2082
24614,r2i1p1f1,2082,05,23,0.0,33.433205,14.94368,2082
24615,r2i1p1f1,2082,05,24,0.0,33.145782,14.28115,2082
24616,r2i1p1f1,2082,05,25,0.0,24.643375,8.432238,2082
24617,r2i1p1f1,2082,05,26,0.0,19.38236,3.9171321,2082
24618,r2i1p1f1,2082,05,27,0.8852754287755278,20.907763,4.3044996,2082
24619,r2i1p1f1,2082,05,28,0.0,26.143612,7.4992175,2082
24620,r2i1p1f1,2082,05,29,0.0,29.724152,11.714668,2082
24621,r2i1p1f1,2082,05,30,0.0,32.368847,14.644582,2082
24622,r2i1p1f1,2082,05,31,0.0,32.4191,14.952986,2082
24623,r2i1p1f1,2082,06,01,0.0,36.45743,18.3107,2082
24624,r2i1p1f1,2082,06,02,0.034995772036311865,35.11708,18.890999,2082
24625,r2i1p1f1,2082,06,03,2.328129430176117,30.482548,12.96145,2082
24626,r2i1p1f1,2082,06,04,0.326197111280635,23.997253,7.478717,2082
24627,r2i1p1f1,2082,06,05,0.0,25.311346,9.470845,2082
24628,r2i1p1f1,2082,06,06,0.0,27.54564,10.340968,2082
24629,r2i1p1f1,2082,06,07,0.0,26.047354,9.970679,2082
24630,r2i1p1f1,2082,06,08,0.0,24.23515,7.4768615,2082
24631,r2i1p1f1,2082,06,09,0.0,24.730852,8.294831,2082
24632,r2i1p1f1,2082,06,10,0.0,30.022436,13.42374,2082
24633,r2i1p1f1,2082,06,11,0.0,30.840677,12.631329,2082
24634,r2i1p1f1,2082,06,12,0.0,26.94421,11.745356,2082
24635,r2i1p1f1,2082,06,13,0.041091671332301655,23.68964,7.9933677,2082
24636,r2i1p1f1,2082,06,14,0.0,21.94971,6.705536,2082
24637,r2i1p1f1,2082,06,15,0.0,26.413042,9.840891,2082
24638,r2i1p1f1,2082,06,16,0.0,31.604492,14.076135,2082
24639,r2i1p1f1,2082,06,17,0.0,31.048471,13.499662,2082
24640,r2i1p1f1,2082,06,18,0.0,30.244188,13.25294,2082
24641,r2i1p1f1,2082,06,19,0.0,31.179317,13.27294,2082
24642,r2i1p1f1,2082,06,20,0.0,31.475607,13.190815,2082
24643,r2i1p1f1,2082,06,21,0.0,31.695538,15.878728,2082
24644,r2i1p1f1,2082,06,22,0.0,31.64147,14.675356,2082
24645,r2i1p1f1,2082,06,23,0.0,32.023968,13.214673,2082
24646,r2i1p1f1,2082,06,24,0.0,29.211,10.926594,2082
24647,r2i1p1f1,2082,06,25,0.0,27.484394,10.22897,2082
24648,r2i1p1f1,2082,06,26,0.0,29.923578,12.352019,2082
24649,r2i1p1f1,2082,06,27,0.0,32.91551,13.73761,2082
24650,r2i1p1f1,2082,06,28,0.2796580330491102,32.49718,14.517646,2082
24651,r2i1p1f1,2082,06,29,0.0,28.570053,12.110206,2082
24652,r2i1p1f1,2082,06,30,0.0,27.388824,10.826948,2082
24653,r2i1p1f1,2082,07,01,0.0,27.588984,9.77399,2082
24654,r2i1p1f1,2082,07,02,0.0,31.003798,13.997722,2082
24655,r2i1p1f1,2082,07,03,0.0,31.978302,12.303398,2082
24656,r2i1p1f1,2082,07,04,0.0,30.868956,12.590564,2082
24657,r2i1p1f1,2082,07,05,0.0,30.907974,14.569987,2082
24658,r2i1p1f1,2082,07,06,0.0,31.812529,14.671262,2082
24659,r2i1p1f1,2082,07,07,0.0,32.389797,13.644329,2082
24660,r2i1p1f1,2082,07,08,0.0,32.36752,14.040114,2082
24661,r2i1p1f1,2082,07,09,0.0,33.22563,14.265998,2082
24662,r2i1p1f1,2082,07,10,1.9208207571304787,33.485046,14.958997,2082
24663,r2i1p1f1,2082,07,11,4.673262955496354,29.812704,14.554014,2082
24664,r2i1p1f1,2082,07,12,0.0038448625078812116,28.164879,12.512868,2082
24665,r2i1p1f1,2082,07,13,2.5221179068886648,27.204027,10.312772,2082
24666,r2i1p1f1,2082,07,14,0.0,24.059935,11.45841,2082
24667,r2i1p1f1,2082,07,15,0.0,29.737875,12.190545,2082
24668,r2i1p1f1,2082,07,16,0.0,29.73525,14.451448,2082
24669,r2i1p1f1,2082,07,17,0.0,29.110714,13.675583,2082
24670,r2i1p1f1,2082,07,18,0.0,30.007393,13.564109,2082
24671,r2i1p1f1,2082,07,19,0.0,30.365204,14.01718,2082
24672,r2i1p1f1,2082,07,20,0.17913653557395895,29.249825,14.415468,2082
24673,r2i1p1f1,2082,07,21,0.44018671449241364,30.364027,14.271131,2082
24674,r2i1p1f1,2082,07,22,0.0,30.997597,15.074546,2082
24675,r2i1p1f1,2082,07,23,0.000811375495529249,31.046978,17.957695,2082
24676,r2i1p1f1,2082,07,24,0.0,31.086266,13.997809,2082
24677,r2i1p1f1,2082,07,25,0.0,31.944523,15.290305,2082
24678,r2i1p1f1,2082,07,26,0.16784776966617826,33.014248,18.251904,2082
24679,r2i1p1f1,2082,07,27,0.0,33.705578,18.190954,2082
24680,r2i1p1f1,2082,07,28,0.0,32.819756,17.207169,2082
24681,r2i1p1f1,2082,07,29,0.0,33.872692,17.212675,2082
24682,r2i1p1f1,2082,07,30,0.0,35.712696,18.613775,2082
24683,r2i1p1f1,2082,07,31,0.0,35.218548,18.81406,2082
24684,r2i1p1f1,2082,08,01,0.0,35.538605,18.369013,2082
24685,r2i1p1f1,2082,08,02,0.0,35.121807,17.720629,2082
24686,r2i1p1f1,2082,08,03,0.0,34.530552,15.735422,2082
24687,r2i1p1f1,2082,08,04,0.0,32.744026,14.8724,2082
24688,r2i1p1f1,2082,08,05,0.0,34.132744,15.177412,2082
24689,r2i1p1f1,2082,08,06,0.0,34.74555,16.492939,2082
24690,r2i1p1f1,2082,08,07,0.0,34.17294,16.318628,2082
24691,r2i1p1f1,2082,08,08,0.0,34.275566,17.262836,2082
24692,r2i1p1f1,2082,08,09,0.0,34.27805,18.027319,2082
24693,r2i1p1f1,2082,08,10,0.0,33.78872,16.356205,2082
24694,r2i1p1f1,2082,08,11,0.0,33.478855,15.688232,2082
24695,r2i1p1f1,2082,08,12,0.0,32.76131,15.754172,2082
24696,r2i1p1f1,2082,08,13,0.0,33.645477,16.737118,2082
24697,r2i1p1f1,2082,08,14,0.0,34.05894,16.360762,2082
24698,r2i1p1f1,2082,08,15,0.0,33.081512,14.312436,2082
24699,r2i1p1f1,2082,08,16,0.0,32.951065,15.660298,2082
24700,r2i1p1f1,2082,08,17,0.0,32.879303,15.746779,2082
24701,r2i1p1f1,2082,08,18,0.0,31.044561,13.601331,2082
24702,r2i1p1f1,2082,08,19,0.0,29.52789,11.836005,2082
24703,r2i1p1f1,2082,08,20,0.0,28.011343,11.799724,2082
24704,r2i1p1f1,2082,08,21,0.0,27.881771,12.094174,2082
24705,r2i1p1f1,2082,08,22,0.0,30.181913,12.868527,2082
24706,r2i1p1f1,2082,08,23,0.0,32.20893,14.604245,2082
24707,r2i1p1f1,2082,08,24,0.0,32.059605,14.389777,2082
24708,r2i1p1f1,2082,08,25,0.0,29.80439,14.378472,2082
24709,r2i1p1f1,2082,08,26,0.0,27.596605,12.129236,2082
24710,r2i1p1f1,2082,08,27,0.0,28.004887,10.995848,2082
24711,r2i1p1f1,2082,08,28,0.0,31.107416,12.39344,2082
24712,r2i1p1f1,2082,08,29,0.0,31.694342,14.893721,2082
24713,r2i1p1f1,2082,08,30,0.0,33.57569,16.560385,2082
24714,r2i1p1f1,2082,08,31,0.0,35.665638,16.924726,2082
24715,r2i1p1f1,2082,09,01,0.0,34.80651,19.530415,2082
24716,r2i1p1f1,2082,09,02,0.0,35.09534,19.796993,2082
24717,r2i1p1f1,2082,09,03,0.0,34.672432,18.129414,2082
24718,r2i1p1f1,2082,09,04,0.0,32.807953,15.919658,2082
24719,r2i1p1f1,2082,09,05,0.0,31.287767,13.142009,2082
24720,r2i1p1f1,2082,09,06,0.0,30.43863,12.730576,2082
24721,r2i1p1f1,2082,09,07,0.0,29.797363,13.585052,2082
24722,r2i1p1f1,2082,09,08,2.491713196888248,26.71689,11.785447,2082
24723,r2i1p1f1,2082,09,09,66.28864152903239,21.675337,8.500947,2082
24724,r2i1p1f1,2082,09,10,9.433658208791503,19.016705,9.2259445,2082
24725,r2i1p1f1,2082,09,11,1.1561681921123705,22.10581,7.671024,2082
24726,r2i1p1f1,2082,09,12,0.0,26.397821,10.943239,2082
24727,r2i1p1f1,2082,09,13,0.0,29.819977,14.747086,2082
24728,r2i1p1f1,2082,09,14,0.0,31.513487,16.40354,2082
24729,r2i1p1f1,2082,09,15,0.0,32.712696,16.70502,2082
24730,r2i1p1f1,2082,09,16,0.0,32.810158,17.091467,2082
24731,r2i1p1f1,2082,09,17,0.0,32.058975,16.263754,2082
24732,r2i1p1f1,2082,09,18,0.0,30.512808,13.939128,2082
24733,r2i1p1f1,2082,09,19,0.0,26.996801,11.608717,2082
24734,r2i1p1f1,2082,09,20,0.0,27.772285,10.353827,2082
24735,r2i1p1f1,2082,09,21,0.0,26.786753,11.673648,2082
24736,r2i1p1f1,2082,09,22,0.0,31.115356,15.109751,2082
24737,r2i1p1f1,2082,09,23,0.0,33.02347,15.9739065,2082
24738,r2i1p1f1,2082,09,24,0.0,34.33894,17.387842,2082
24739,r2i1p1f1,2082,09,25,0.0,31.404291,15.469351,2082
24740,r2i1p1f1,2082,09,26,0.0,24.45143,8.435781,2082
24741,r2i1p1f1,2082,09,27,0.0,21.396011,7.4975524,2082
24742,r2i1p1f1,2082,09,28,0.0,27.460121,8.831784,2082
24743,r2i1p1f1,2082,09,29,0.0,29.308945,12.457405,2082
24744,r2i1p1f1,2082,09,30,0.0,27.51039,11.814585,2082
24745,r2i1p1f1,2082,10,01,12.150092136667249,20.304308,9.33715,2082
24746,r2i1p1f1,2082,10,02,1.6478991671017587,18.008415,6.4574265,2082
24747,r2i1p1f1,2082,10,03,0.0,22.82533,6.4568377,2082
24748,r2i1p1f1,2082,10,04,0.0,28.988173,9.988759,2082
24749,r2i1p1f1,2082,10,05,0.0,29.618002,12.376352,2082
24750,r2i1p1f1,2082,10,06,0.0,26.083103,11.447228,2082
24751,r2i1p1f1,2082,10,07,0.0,25.751312,10.282651,2082
24752,r2i1p1f1,2082,10,08,0.0,28.563734,13.038753,2082
24753,r2i1p1f1,2082,10,09,0.0,31.871397,14.861358,2082
24754,r2i1p1f1,2082,10,10,0.0,33.189335,16.615816,2082
24755,r2i1p1f1,2082,10,11,0.0,34.749817,18.201687,2082
24756,r2i1p1f1,2082,10,12,0.0,35.012745,19.611444,2082
24757,r2i1p1f1,2082,10,13,0.0,36.015995,18.83003,2082
24758,r2i1p1f1,2082,10,14,0.0,36.590107,18.617994,2082
24759,r2i1p1f1,2082,10,15,0.0,35.80017,17.691273,2082
24760,r2i1p1f1,2082,10,16,0.0,35.914265,17.804617,2082
24761,r2i1p1f1,2082,10,17,0.0,35.169426,17.785322,2082
24762,r2i1p1f1,2082,10,18,23.793968102556672,35.03848,15.416989,2082
24763,r2i1p1f1,2082,10,19,54.982708167965306,23.147635,13.696114,2082
24764,r2i1p1f1,2082,10,20,49.50859836960892,19.17624,13.082509,2082
24765,r2i1p1f1,2082,10,21,0.022726977026475373,21.710293,9.292682,2082
24766,r2i1p1f1,2082,10,22,0.0,22.868607,8.183073,2082
24767,r2i1p1f1,2082,10,23,0.0,20.483068,7.325382,2082
24768,r2i1p1f1,2082,10,24,2.6892176966752093,17.510712,9.33074,2082
24769,r2i1p1f1,2082,10,25,3.7824872599650496,12.650668,8.286819,2082
24770,r2i1p1f1,2082,10,26,0.09882917667989834,15.961138,5.6319766,2082
24771,r2i1p1f1,2082,10,27,0.0,20.843676,7.4563437,2082
24772,r2i1p1f1,2082,10,28,0.0,22.970623,8.096451,2082
24773,r2i1p1f1,2082,10,29,0.0,19.994053,5.4575562,2082
24774,r2i1p1f1,2082,10,30,0.0,18.699863,4.97198,2082
24775,r2i1p1f1,2082,10,31,0.0,17.091063,4.0736732,2082
24776,r2i1p1f1,2082,11,01,0.0,16.955048,2.4130323,2082
24777,r2i1p1f1,2082,11,02,0.0,15.885823,2.5448456,2082
24778,r2i1p1f1,2082,11,03,35.82519694195631,11.255464,4.6312056,2082
24779,r2i1p1f1,2082,11,04,10.075401851869314,10.711271,5.9539084,2082
24780,r2i1p1f1,2082,11,05,32.96248348308906,9.984311,6.002877,2082
24781,r2i1p1f1,2082,11,06,1.0955691099332818,12.19916,4.8509583,2082
24782,r2i1p1f1,2082,11,07,0.0,14.769268,2.8793883,2082
24783,r2i1p1f1,2082,11,08,18.490257050703242,14.938129,6.11902,2082
24784,r2i1p1f1,2082,11,09,0.09537193733684454,16.445734,4.553954,2082
24785,r2i1p1f1,2082,11,10,0.0,19.499935,4.866906,2082
24786,r2i1p1f1,2082,11,11,0.0,19.899214,4.9516277,2082
24787,r2i1p1f1,2082,11,12,0.0,19.610739,5.700165,2082
24788,r2i1p1f1,2082,11,13,0.5262250049921792,14.140283,4.8508596,2082
24789,r2i1p1f1,2082,11,14,0.0,13.993154,2.1371815,2082
24790,r2i1p1f1,2082,11,15,0.025078265480260598,13.402856,0.46914145,2082
24791,r2i1p1f1,2082,11,16,0.2267125196410164,16.435541,0.041584894,2082
24792,r2i1p1f1,2082,11,17,0.3912517430972702,12.781782,0.7550322,2082
24793,r2i1p1f1,2082,11,18,4.643255319552527,6.661111,-0.80816334,2082
24794,r2i1p1f1,2082,11,19,0.2958477973519481,6.5166965,-2.908669,2082
24795,r2i1p1f1,2082,11,20,0.0,6.946837,0.32273307,2082
24796,r2i1p1f1,2082,11,21,0.0,6.8897376,1.5558066,2082
24797,r2i1p1f1,2082,11,22,0.0020952472298701582,8.218572,-3.2318237,2082
24798,r2i1p1f1,2082,11,23,0.0,6.1085205,-0.27594152,2082
24799,r2i1p1f1,2082,11,24,0.0,7.3698635,-2.0803533,2082
24800,r2i1p1f1,2082,11,25,0.0,11.679057,-3.744312,2082
24801,r2i1p1f1,2082,11,26,0.0,15.018509,2.641939,2082
24802,r2i1p1f1,2082,11,27,0.2193451651272391,16.97981,0.4127384,2082
24803,r2i1p1f1,2082,11,28,4.547717961843143,6.3198466,-2.2312346,2082
24804,r2i1p1f1,2082,11,29,10.75130748560276,4.889207,-3.370548,2082
24805,r2i1p1f1,2082,11,30,29.739327495022174,2.479668,-1.6165556,2082
24806,r2i1p1f1,2082,12,01,0.0,3.3651812,-3.3190715,2082
24807,r2i1p1f1,2082,12,02,0.0,8.373679,-3.4208663,2082
24808,r2i1p1f1,2082,12,03,0.0,12.905781,-2.3298469,2082
24809,r2i1p1f1,2082,12,04,0.0,16.584356,-0.1199155,2082
24810,r2i1p1f1,2082,12,05,0.0,14.066011,0.26026085,2082
24811,r2i1p1f1,2082,12,06,25.20852841933867,3.1406853,-3.4340172,2082
24812,r2i1p1f1,2082,12,07,59.42301184673292,2.7744508,-0.85356504,2082
24813,r2i1p1f1,2082,12,08,92.38273093584351,6.662623,1.556725,2082
24814,r2i1p1f1,2082,12,09,62.49777992220166,13.041626,2.0212777,2082
24815,r2i1p1f1,2082,12,10,203.84345086327252,17.648703,5.873577,2082
24816,r2i1p1f1,2082,12,11,26.1708589013254,14.788729,1.9890896,2082
24817,r2i1p1f1,2082,12,12,4.6183017669626185,6.6872754,0.2335209,2082
24818,r2i1p1f1,2082,12,13,94.67066982940126,8.142387,3.2756853,2082
24819,r2i1p1f1,2082,12,14,107.14211902455784,8.149797,4.7819924,2082
24820,r2i1p1f1,2082,12,15,10.252997874550392,9.539452,-2.712658,2082
24821,r2i1p1f1,2082,12,16,42.65191915351002,7.294342,-2.8592992,2082
24822,r2i1p1f1,2082,12,17,113.3115955377714,16.921156,3.0028021,2082
24823,r2i1p1f1,2082,12,18,27.937910597896778,16.191654,2.9478333,2082
24824,r2i1p1f1,2082,12,19,0.0,9.111048,-1.1359434,2082
24825,r2i1p1f1,2082,12,20,31.87181278346823,7.58254,-1.4209971,2082
24826,r2i1p1f1,2082,12,21,87.36400892834914,11.17215,2.0227065,2082
24827,r2i1p1f1,2082,12,22,84.78559473408565,11.831574,7.663025,2082
24828,r2i1p1f1,2082,12,23,27.540232797708505,11.446181,7.6481333,2082
24829,r2i1p1f1,2082,12,24,5.395673181709963,11.164974,6.2946167,2082
24830,r2i1p1f1,2082,12,25,0.0,12.843043,0.8579111,2082
24831,r2i1p1f1,2082,12,26,0.0,10.606893,5.669402,2082
24832,r2i1p1f1,2082,12,27,6.17648849505573,8.357778,3.8748314,2082
24833,r2i1p1f1,2082,12,28,5.407987978938204,8.49346,-0.67088765,2082
24834,r2i1p1f1,2082,12,29,0.0,8.245823,-4.380222,2082
24835,r2i1p1f1,2082,12,30,0.0,7.6298485,-4.4687104,2082
24836,r2i1p1f1,2082,12,31,0.0,10.517421,-2.2242022,2082
24837,r2i1p1f1,2083,01,01,0.0,10.9424095,2.3914886,2083
24838,r2i1p1f1,2083,01,02,22.530140579104998,6.3740993,1.6033437,2083
24839,r2i1p1f1,2083,01,03,25.182523050954423,6.818091,2.6129093,2083
24840,r2i1p1f1,2083,01,04,0.0,15.033715,3.207687,2083
24841,r2i1p1f1,2083,01,05,0.0,14.44042,4.884029,2083
24842,r2i1p1f1,2083,01,06,13.19879211906272,12.177846,2.4772053,2083
24843,r2i1p1f1,2083,01,07,22.48716806464542,13.077864,6.5619445,2083
24844,r2i1p1f1,2083,01,08,137.1400964159805,13.104406,9.0985985,2083
24845,r2i1p1f1,2083,01,09,62.641746048421524,13.433848,4.279855,2083
24846,r2i1p1f1,2083,01,10,49.42110387133793,14.712878,-1.393136,2083
24847,r2i1p1f1,2083,01,11,21.77050690717386,3.5452142,-2.198925,2083
24848,r2i1p1f1,2083,01,12,0.0,3.188782,-6.0333605,2083
24849,r2i1p1f1,2083,01,13,48.92285263452392,9.625269,-2.8650923,2083
24850,r2i1p1f1,2083,01,14,22.972701115381476,10.360388,3.1088033,2083
24851,r2i1p1f1,2083,01,15,118.71258518121277,14.929641,2.328476,2083
24852,r2i1p1f1,2083,01,16,51.95572572545363,13.805125,9.22039,2083
24853,r2i1p1f1,2083,01,17,30.14379777193356,12.474813,8.05347,2083
24854,r2i1p1f1,2083,01,18,0.0,16.062275,8.364438,2083
24855,r2i1p1f1,2083,01,19,0.0,17.928015,6.7386146,2083
24856,r2i1p1f1,2083,01,20,26.89195460742877,12.650904,7.496392,2083
24857,r2i1p1f1,2083,01,21,80.25051149038168,11.42313,4.550695,2083
24858,r2i1p1f1,2083,01,22,42.76968009563951,10.666518,0.37486884,2083
24859,r2i1p1f1,2083,01,23,13.012199986461873,6.091439,-3.7530458,2083
24860,r2i1p1f1,2083,01,24,0.10056185255000226,4.561003,0.041472018,2083
24861,r2i1p1f1,2083,01,25,0.0,8.2396345,0.7874703,2083
24862,r2i1p1f1,2083,01,26,46.558148354793396,3.1016908,-0.7762523,2083
24863,r2i1p1f1,2083,01,27,43.23131024944954,3.9428902,-0.7089023,2083
24864,r2i1p1f1,2083,01,28,0.0,6.5696335,-3.2785518,2083
24865,r2i1p1f1,2083,01,29,0.0,7.966842,1.9340594,2083
24866,r2i1p1f1,2083,01,30,0.0,11.083963,0.38371962,2083
24867,r2i1p1f1,2083,01,31,0.0,10.135769,2.0576038,2083
24868,r2i1p1f1,2083,02,01,0.5811596373370356,8.243581,2.2454963,2083
24869,r2i1p1f1,2083,02,02,27.718174023455223,12.355398,2.574984,2083
24870,r2i1p1f1,2083,02,03,38.894564186473595,16.89606,7.436032,2083
24871,r2i1p1f1,2083,02,04,50.614399863227916,14.902965,0.44908407,2083
24872,r2i1p1f1,2083,02,05,35.20172393831532,5.595482,-1.5846323,2083
24873,r2i1p1f1,2083,02,06,1.041723311964933,5.9099665,-6.1397505,2083
24874,r2i1p1f1,2083,02,07,0.0,16.11237,-0.5299553,2083
24875,r2i1p1f1,2083,02,08,0.0,12.2210865,1.3297442,2083
24876,r2i1p1f1,2083,02,09,9.447068432928063,7.8748426,-0.6837813,2083
24877,r2i1p1f1,2083,02,10,7.854709136434114,9.844229,-0.046301816,2083
24878,r2i1p1f1,2083,02,11,0.0,15.579138,2.4348454,2083
24879,r2i1p1f1,2083,02,12,20.758221763977556,12.214509,3.888535,2083
24880,r2i1p1f1,2083,02,13,2.8980842408215652,9.493895,2.9462073,2083
24881,r2i1p1f1,2083,02,14,1.5215045310146007,10.949831,2.681461,2083
24882,r2i1p1f1,2083,02,15,0.0,13.958806,0.6036005,2083
24883,r2i1p1f1,2083,02,16,0.0,14.572676,-0.6771132,2083
24884,r2i1p1f1,2083,02,17,0.0,10.461973,-0.42487022,2083
24885,r2i1p1f1,2083,02,18,0.0,7.7604184,-2.2507832,2083
24886,r2i1p1f1,2083,02,19,0.0,8.44497,-5.29662,2083
24887,r2i1p1f1,2083,02,20,0.0,8.904451,-2.671393,2083
24888,r2i1p1f1,2083,02,21,6.5231060098785045,3.667806,-1.8649578,2083
24889,r2i1p1f1,2083,02,22,28.761658952302803,3.7673814,-2.4199355,2083
24890,r2i1p1f1,2083,02,23,49.39341935588835,4.881052,-0.66644365,2083
24891,r2i1p1f1,2083,02,24,42.42294068860177,8.451647,-0.1325531,2083
24892,r2i1p1f1,2083,02,25,18.1873668258609,7.2121835,0.38272536,2083
24893,r2i1p1f1,2083,02,26,8.071091575962223,7.608878,-0.649312,2083
24894,r2i1p1f1,2083,02,27,27.28035999372458,4.4535637,-2.4799604,2083
24895,r2i1p1f1,2083,02,28,0.0,7.989855,-1.8850821,2083
24896,r2i1p1f1,2083,03,01,0.0,7.736173,-0.005543342,2083
24897,r2i1p1f1,2083,03,02,0.0,9.019959,1.1519517,2083
24898,r2i1p1f1,2083,03,03,2.018150755609965,8.490088,3.2627716,2083
24899,r2i1p1f1,2083,03,04,0.0,12.562312,1.8416998,2083
24900,r2i1p1f1,2083,03,05,0.0,9.748781,-0.03470641,2083
24901,r2i1p1f1,2083,03,06,9.348666441907811,7.0776052,0.76917833,2083
24902,r2i1p1f1,2083,03,07,50.162194305224915,9.505724,4.430047,2083
24903,r2i1p1f1,2083,03,08,3.0909196041228335,11.574897,4.8948574,2083
24904,r2i1p1f1,2083,03,09,15.343705076016844,8.587953,3.7724555,2083
24905,r2i1p1f1,2083,03,10,69.74468149352245,8.372395,-0.6379123,2083
24906,r2i1p1f1,2083,03,11,26.321768033980895,4.082073,-1.9865621,2083
24907,r2i1p1f1,2083,03,12,0.021943639148958027,7.9410048,2.7066174,2083
24908,r2i1p1f1,2083,03,13,1.8722331156333474,8.338535,2.8807304,2083
24909,r2i1p1f1,2083,03,14,3.286329502449147,6.5658655,0.40735567,2083
24910,r2i1p1f1,2083,03,15,0.3704762455667011,14.051773,-2.7520428,2083
24911,r2i1p1f1,2083,03,16,0.0,19.592743,2.0062246,2083
24912,r2i1p1f1,2083,03,17,0.0,19.169022,3.1141956,2083
24913,r2i1p1f1,2083,03,18,0.0,18.777628,2.7770145,2083
24914,r2i1p1f1,2083,03,19,0.0,17.973406,2.7723503,2083
24915,r2i1p1f1,2083,03,20,0.0,19.47475,3.9990077,2083
24916,r2i1p1f1,2083,03,21,0.0,21.61127,5.751465,2083
24917,r2i1p1f1,2083,03,22,0.0,22.747461,6.1582217,2083
24918,r2i1p1f1,2083,03,23,0.0,22.003174,5.6523194,2083
24919,r2i1p1f1,2083,03,24,0.0,20.555454,5.280217,2083
24920,r2i1p1f1,2083,03,25,2.638360921976248,17.540941,3.3690302,2083
24921,r2i1p1f1,2083,03,26,0.1455998751374374,20.468136,4.59462,2083
24922,r2i1p1f1,2083,03,27,0.0,19.878832,5.7016315,2083
24923,r2i1p1f1,2083,03,28,0.0,20.42834,3.2680852,2083
24924,r2i1p1f1,2083,03,29,0.0,20.494938,2.2912903,2083
24925,r2i1p1f1,2083,03,30,0.01372648268723144,16.609219,-0.3118972,2083
24926,r2i1p1f1,2083,03,31,0.0,17.15953,1.2451092,2083
24927,r2i1p1f1,2083,04,01,0.0,21.375397,2.9137304,2083
24928,r2i1p1f1,2083,04,02,0.0,22.171236,4.4100766,2083
24929,r2i1p1f1,2083,04,03,1.401963566170777,21.464148,4.6156125,2083
24930,r2i1p1f1,2083,04,04,0.0,16.118208,8.504883,2083
24931,r2i1p1f1,2083,04,05,25.340552030068537,13.03635,-2.7427185,2083
24932,r2i1p1f1,2083,04,06,0.03273265276500471,11.157495,-3.0089912,2083
24933,r2i1p1f1,2083,04,07,0.0,15.836307,-2.0115635,2083
24934,r2i1p1f1,2083,04,08,0.0,18.562277,0.6295303,2083
24935,r2i1p1f1,2083,04,09,0.0,20.026382,4.9129868,2083
24936,r2i1p1f1,2083,04,10,0.0,18.700348,2.900429,2083
24937,r2i1p1f1,2083,04,11,7.054591435532459,15.008733,-1.2254993,2083
24938,r2i1p1f1,2083,04,12,6.783218745085133,9.7617235,0.5398645,2083
24939,r2i1p1f1,2083,04,13,0.028634711250018742,14.64543,3.4691527,2083
24940,r2i1p1f1,2083,04,14,0.02144036706550441,16.115976,1.2945809,2083
24941,r2i1p1f1,2083,04,15,0.013885999900454547,16.419022,1.6080788,2083
24942,r2i1p1f1,2083,04,16,0.0,18.464975,2.7231293,2083
24943,r2i1p1f1,2083,04,17,0.1469053477491728,14.106233,1.466874,2083
24944,r2i1p1f1,2083,04,18,23.928620670519123,3.432705,-6.3636875,2083
24945,r2i1p1f1,2083,04,19,0.0,5.689882,-7.03333,2083
24946,r2i1p1f1,2083,04,20,0.0,13.584886,-2.3514345,2083
24947,r2i1p1f1,2083,04,21,0.0,17.46143,1.4334704,2083
24948,r2i1p1f1,2083,04,22,0.0,21.531641,3.5556304,2083
24949,r2i1p1f1,2083,04,23,0.0,21.624424,5.6899753,2083
24950,r2i1p1f1,2083,04,24,0.0,23.04415,6.4499297,2083
24951,r2i1p1f1,2083,04,25,0.0,25.52027,7.6686497,2083
24952,r2i1p1f1,2083,04,26,0.0,27.098896,9.571919,2083
24953,r2i1p1f1,2083,04,27,0.0,28.1234,10.754541,2083
24954,r2i1p1f1,2083,04,28,0.0,27.636938,9.9621315,2083
24955,r2i1p1f1,2083,04,29,0.0,25.178488,7.260664,2083
24956,r2i1p1f1,2083,04,30,0.0,22.108255,5.8821583,2083
24957,r2i1p1f1,2083,05,01,0.0,19.465927,4.5754976,2083
24958,r2i1p1f1,2083,05,02,0.0,22.590015,5.9977503,2083
24959,r2i1p1f1,2083,05,03,0.0,22.438969,6.918662,2083
24960,r2i1p1f1,2083,05,04,0.24082292566862845,15.750136,2.5716035,2083
24961,r2i1p1f1,2083,05,05,0.0,21.702408,3.487527,2083
24962,r2i1p1f1,2083,05,06,0.0,26.027374,7.049095,2083
24963,r2i1p1f1,2083,05,07,0.0,23.264278,5.834376,2083
24964,r2i1p1f1,2083,05,08,0.0,20.573189,6.0019517,2083
24965,r2i1p1f1,2083,05,09,0.0,25.011475,6.521492,2083
24966,r2i1p1f1,2083,05,10,0.0,26.711979,8.329369,2083
24967,r2i1p1f1,2083,05,11,0.07851369149508312,27.855309,11.12522,2083
24968,r2i1p1f1,2083,05,12,0.071254344528335,23.285654,5.7572474,2083
24969,r2i1p1f1,2083,05,13,0.0,23.271793,6.3202143,2083
24970,r2i1p1f1,2083,05,14,0.0,20.408388,4.8692393,2083
24971,r2i1p1f1,2083,05,15,0.0,24.04541,5.236504,2083
24972,r2i1p1f1,2083,05,16,0.0,28.388866,10.045503,2083
24973,r2i1p1f1,2083,05,17,0.0,30.584698,12.054524,2083
24974,r2i1p1f1,2083,05,18,0.0,33.776707,15.251497,2083
24975,r2i1p1f1,2083,05,19,0.0,34.342762,17.04767,2083
24976,r2i1p1f1,2083,05,20,0.0,35.673435,18.290579,2083
24977,r2i1p1f1,2083,05,21,0.0012673550932399498,35.701828,18.046862,2083
24978,r2i1p1f1,2083,05,22,0.0,36.75231,18.09406,2083
24979,r2i1p1f1,2083,05,23,0.0,34.373608,15.284654,2083
24980,r2i1p1f1,2083,05,24,0.0,31.063164,12.659693,2083
24981,r2i1p1f1,2083,05,25,0.0,26.547554,8.347655,2083
24982,r2i1p1f1,2083,05,26,0.0,20.881788,4.6979504,2083
24983,r2i1p1f1,2083,05,27,0.09249617709988692,20.87092,7.290481,2083
24984,r2i1p1f1,2083,05,28,0.0,25.947226,7.733173,2083
24985,r2i1p1f1,2083,05,29,0.31038586900579573,25.453253,8.511753,2083
24986,r2i1p1f1,2083,05,30,4.0626574234570745,15.110737,3.7634614,2083
24987,r2i1p1f1,2083,05,31,3.455361507985799,13.607303,5.7693105,2083
24988,r2i1p1f1,2083,06,01,18.175458340948143,10.818453,1.9984503,2083
24989,r2i1p1f1,2083,06,02,0.0,19.288073,4.0348153,2083
24990,r2i1p1f1,2083,06,03,0.0,23.228674,7.4048533,2083
24991,r2i1p1f1,2083,06,04,0.0,27.232967,10.429982,2083
24992,r2i1p1f1,2083,06,05,0.0,31.170034,14.116858,2083
24993,r2i1p1f1,2083,06,06,1.6722483501255807,31.981483,13.76729,2083
24994,r2i1p1f1,2083,06,07,0.0,30.109394,13.066527,2083
24995,r2i1p1f1,2083,06,08,0.0,25.214615,10.27086,2083
24996,r2i1p1f1,2083,06,09,0.0,23.295519,9.056011,2083
24997,r2i1p1f1,2083,06,10,0.0,23.2964,8.15585,2083
24998,r2i1p1f1,2083,06,11,0.0,26.265825,9.241413,2083
24999,r2i1p1f1,2083,06,12,0.0,26.040535,10.592274,2083
25000,r2i1p1f1,2083,06,13,0.0,27.411396,10.967063,2083
25001,r2i1p1f1,2083,06,14,0.0,31.318623,12.613098,2083
25002,r2i1p1f1,2083,06,15,0.0,29.25623,11.815228,2083
25003,r2i1p1f1,2083,06,16,0.0,24.04839,8.509419,2083
25004,r2i1p1f1,2083,06,17,0.0,31.011265,12.374294,2083
25005,r2i1p1f1,2083,06,18,0.0,35.84493,17.851763,2083
25006,r2i1p1f1,2083,06,19,0.0,35.90081,17.327665,2083
25007,r2i1p1f1,2083,06,20,0.0,33.27071,15.08008,2083
25008,r2i1p1f1,2083,06,21,0.0,31.638441,13.535554,2083
25009,r2i1p1f1,2083,06,22,0.0,32.260803,13.641804,2083
25010,r2i1p1f1,2083,06,23,0.0,32.377716,13.769592,2083
25011,r2i1p1f1,2083,06,24,0.0,32.507687,14.188104,2083
25012,r2i1p1f1,2083,06,25,0.0,32.570408,14.419966,2083
25013,r2i1p1f1,2083,06,26,0.0,32.87465,14.363716,2083
25014,r2i1p1f1,2083,06,27,0.0,32.33433,13.263164,2083
25015,r2i1p1f1,2083,06,28,0.0,28.956137,11.814729,2083
25016,r2i1p1f1,2083,06,29,0.0,30.027452,13.0134735,2083
25017,r2i1p1f1,2083,06,30,0.0,29.116383,13.304506,2083
25018,r2i1p1f1,2083,07,01,0.0,26.177328,8.600046,2083
25019,r2i1p1f1,2083,07,02,0.0,23.099527,6.7139316,2083
25020,r2i1p1f1,2083,07,03,0.11279315333992529,25.452753,10.182813,2083
25021,r2i1p1f1,2083,07,04,0.0,27.349562,11.598748,2083
25022,r2i1p1f1,2083,07,05,0.0,28.702188,12.530363,2083
25023,r2i1p1f1,2083,07,06,0.0,28.237291,12.420568,2083
25024,r2i1p1f1,2083,07,07,0.0,27.410631,11.482666,2083
25025,r2i1p1f1,2083,07,08,0.0,29.518974,13.581816,2083
25026,r2i1p1f1,2083,07,09,0.0,32.394062,14.578825,2083
25027,r2i1p1f1,2083,07,10,0.0,34.53262,15.908835,2083
25028,r2i1p1f1,2083,07,11,0.0,34.110115,16.984732,2083
25029,r2i1p1f1,2083,07,12,0.0,34.743454,16.605991,2083
25030,r2i1p1f1,2083,07,13,0.0,33.514885,15.696636,2083
25031,r2i1p1f1,2083,07,14,0.0,32.747852,16.836607,2083
25032,r2i1p1f1,2083,07,15,0.0,35.01765,16.747532,2083
25033,r2i1p1f1,2083,07,16,0.45578835768257986,36.03213,18.509474,2083
25034,r2i1p1f1,2083,07,17,0.003528477295206428,34.624626,19.995113,2083
25035,r2i1p1f1,2083,07,18,0.4873059396161877,32.14899,18.168505,2083
25036,r2i1p1f1,2083,07,19,0.0,32.273067,15.623377,2083
25037,r2i1p1f1,2083,07,20,0.0,33.242683,15.658388,2083
25038,r2i1p1f1,2083,07,21,0.0,34.367638,18.598413,2083
25039,r2i1p1f1,2083,07,22,0.0,34.661846,17.202282,2083
25040,r2i1p1f1,2083,07,23,0.0,34.04665,15.697106,2083
25041,r2i1p1f1,2083,07,24,0.0,30.789478,13.848081,2083
25042,r2i1p1f1,2083,07,25,0.0,30.216095,13.5270195,2083
25043,r2i1p1f1,2083,07,26,0.0,33.552464,16.664595,2083
25044,r2i1p1f1,2083,07,27,0.0,33.986053,17.857393,2083
25045,r2i1p1f1,2083,07,28,0.0,34.795902,19.71911,2083
25046,r2i1p1f1,2083,07,29,0.0,33.302654,16.490606,2083
25047,r2i1p1f1,2083,07,30,0.0,32.892952,15.690048,2083
25048,r2i1p1f1,2083,07,31,0.0,32.8141,16.073776,2083
25049,r2i1p1f1,2083,08,01,0.0,32.478535,16.21715,2083
25050,r2i1p1f1,2083,08,02,0.0,33.235558,16.558146,2083
25051,r2i1p1f1,2083,08,03,0.0,33.474136,16.499342,2083
25052,r2i1p1f1,2083,08,04,0.0,35.645836,17.6629,2083
25053,r2i1p1f1,2083,08,05,0.0,35.567287,17.636215,2083
25054,r2i1p1f1,2083,08,06,0.0,35.704823,17.323074,2083
25055,r2i1p1f1,2083,08,07,0.0,35.672596,16.820498,2083
25056,r2i1p1f1,2083,08,08,0.0,35.630913,17.115143,2083
25057,r2i1p1f1,2083,08,09,0.0,35.20678,17.300407,2083
25058,r2i1p1f1,2083,08,10,0.0,35.4445,19.516983,2083
25059,r2i1p1f1,2083,08,11,0.0,35.7937,19.114004,2083
25060,r2i1p1f1,2083,08,12,0.0,34.44422,17.322453,2083
25061,r2i1p1f1,2083,08,13,0.0,32.969254,15.311931,2083
25062,r2i1p1f1,2083,08,14,0.0,33.2713,15.574344,2083
25063,r2i1p1f1,2083,08,15,0.0,32.537476,14.848594,2083
25064,r2i1p1f1,2083,08,16,0.0,32.530884,13.852912,2083
25065,r2i1p1f1,2083,08,17,0.0,32.394527,15.092437,2083
25066,r2i1p1f1,2083,08,18,0.0,33.484608,17.13165,2083
25067,r2i1p1f1,2083,08,19,0.0,34.486046,17.571737,2083
25068,r2i1p1f1,2083,08,20,0.0,34.25534,17.50345,2083
25069,r2i1p1f1,2083,08,21,0.0,34.525394,16.932838,2083
25070,r2i1p1f1,2083,08,22,0.0,33.871063,15.567112,2083
25071,r2i1p1f1,2083,08,23,0.0,32.46473,14.057351,2083
25072,r2i1p1f1,2083,08,24,0.0,31.980412,13.588886,2083
25073,r2i1p1f1,2083,08,25,0.0,32.868984,14.9472685,2083
25074,r2i1p1f1,2083,08,26,0.4495491999058196,32.720585,17.908731,2083
25075,r2i1p1f1,2083,08,27,0.862723814526152,30.883896,12.902717,2083
25076,r2i1p1f1,2083,08,28,0.0,29.149033,11.324466,2083
25077,r2i1p1f1,2083,08,29,0.0,29.369284,11.672178,2083
25078,r2i1p1f1,2083,08,30,0.0,28.633732,11.66152,2083
25079,r2i1p1f1,2083,08,31,0.0,27.407114,11.379495,2083
25080,r2i1p1f1,2083,09,01,0.0,26.973833,12.872832,2083
25081,r2i1p1f1,2083,09,02,0.0,26.24065,11.844246,2083
25082,r2i1p1f1,2083,09,03,0.0,24.83708,10.042158,2083
25083,r2i1p1f1,2083,09,04,0.0,27.64625,11.337513,2083
25084,r2i1p1f1,2083,09,05,0.0,28.479942,13.09759,2083
25085,r2i1p1f1,2083,09,06,0.0,28.73044,13.536123,2083
25086,r2i1p1f1,2083,09,07,0.0,29.284771,13.067857,2083
25087,r2i1p1f1,2083,09,08,0.0,27.642729,10.824936,2083
25088,r2i1p1f1,2083,09,09,0.0,25.584291,9.3961935,2083
25089,r2i1p1f1,2083,09,10,0.0,30.78482,10.931956,2083
25090,r2i1p1f1,2083,09,11,0.0,29.514057,12.251797,2083
25091,r2i1p1f1,2083,09,12,0.0,27.53441,11.045516,2083
25092,r2i1p1f1,2083,09,13,0.0,26.819756,10.346859,2083
25093,r2i1p1f1,2083,09,14,0.0,25.082104,10.130641,2083
25094,r2i1p1f1,2083,09,15,0.0,24.33372,8.291301,2083
25095,r2i1p1f1,2083,09,16,0.0,25.161,7.9911985,2083
25096,r2i1p1f1,2083,09,17,0.0,28.002323,9.094724,2083
25097,r2i1p1f1,2083,09,18,0.0,31.06415,12.490924,2083
25098,r2i1p1f1,2083,09,19,0.0,30.907578,15.240385,2083
25099,r2i1p1f1,2083,09,20,0.0,31.565113,15.051071,2083
25100,r2i1p1f1,2083,09,21,0.0,32.286877,15.4633665,2083
25101,r2i1p1f1,2083,09,22,0.0,32.158268,15.198293,2083
25102,r2i1p1f1,2083,09,23,0.0,30.753143,14.707134,2083
25103,r2i1p1f1,2083,09,24,0.0,25.904806,9.851382,2083
25104,r2i1p1f1,2083,09,25,0.0,30.071627,10.7883835,2083
25105,r2i1p1f1,2083,09,26,0.0,31.696764,14.416811,2083
25106,r2i1p1f1,2083,09,27,0.0,31.43611,14.643398,2083
25107,r2i1p1f1,2083,09,28,0.0,29.731846,13.027595,2083
25108,r2i1p1f1,2083,09,29,0.0,31.696558,15.223631,2083
25109,r2i1p1f1,2083,09,30,0.0,34.987766,16.825644,2083
25110,r2i1p1f1,2083,10,01,0.0,35.35108,18.72875,2083
25111,r2i1p1f1,2083,10,02,0.0,34.939575,18.082876,2083
25112,r2i1p1f1,2083,10,03,0.0,35.953197,18.802877,2083
25113,r2i1p1f1,2083,10,04,0.0,37.410583,19.141632,2083
25114,r2i1p1f1,2083,10,05,0.0,37.66248,19.467657,2083
25115,r2i1p1f1,2083,10,06,0.0,34.396152,16.93101,2083
25116,r2i1p1f1,2083,10,07,0.0,29.785624,13.798718,2083
25117,r2i1p1f1,2083,10,08,0.03058150834056925,21.64659,7.990399,2083
25118,r2i1p1f1,2083,10,09,0.030292316499141565,15.167715,2.5074599,2083
25119,r2i1p1f1,2083,10,10,0.0,15.598821,1.4088295,2083
25120,r2i1p1f1,2083,10,11,0.0,15.935769,1.4870645,2083
25121,r2i1p1f1,2083,10,12,0.0,17.916079,4.2460566,2083
25122,r2i1p1f1,2083,10,13,0.0,21.10846,4.154159,2083
25123,r2i1p1f1,2083,10,14,0.013532139900444936,20.748932,7.099242,2083
25124,r2i1p1f1,2083,10,15,0.0,22.00414,5.9499607,2083
25125,r2i1p1f1,2083,10,16,0.0,21.126005,5.4196515,2083
25126,r2i1p1f1,2083,10,17,0.0,15.639489,1.1178727,2083
25127,r2i1p1f1,2083,10,18,0.0,14.325706,1.2541927,2083
25128,r2i1p1f1,2083,10,19,0.0,11.760905,-0.23426183,2083
25129,r2i1p1f1,2083,10,20,0.017871565359410643,11.910242,3.0968757,2083
25130,r2i1p1f1,2083,10,21,0.06333810327025556,15.885911,3.1268,2083
25131,r2i1p1f1,2083,10,22,0.05789312921339073,13.942718,0.3821277,2083
25132,r2i1p1f1,2083,10,23,1.4955698562027044,7.606094,-0.38022554,2083
25133,r2i1p1f1,2083,10,24,0.06778958990113236,10.185024,-0.74426985,2083
25134,r2i1p1f1,2083,10,25,0.036139207346562986,13.152275,0.08805916,2083
25135,r2i1p1f1,2083,10,26,82.51538503055389,12.335414,4.9958706,2083
25136,r2i1p1f1,2083,10,27,10.884089342737123,6.3689027,0.1843924,2083
25137,r2i1p1f1,2083,10,28,0.0,9.954626,-2.9440453,2083
25138,r2i1p1f1,2083,10,29,0.0275001599220559,9.052462,2.1100526,2083
25139,r2i1p1f1,2083,10,30,6.549519983449359,5.8079667,-1.0480301,2083
25140,r2i1p1f1,2083,10,31,0.49948750437789174,7.202654,-0.9100325,2083
25141,r2i1p1f1,2083,11,01,0.10284761822101875,11.683644,4.131629,2083
25142,r2i1p1f1,2083,11,02,0.0,15.646973,1.813224,2083
25143,r2i1p1f1,2083,11,03,0.0,14.094949,0.4343517,2083
25144,r2i1p1f1,2083,11,04,0.0,12.855934,0.89371043,2083
25145,r2i1p1f1,2083,11,05,0.0,16.608198,2.710938,2083
25146,r2i1p1f1,2083,11,06,0.0,16.744444,3.8138795,2083
25147,r2i1p1f1,2083,11,07,0.0,18.587797,5.595277,2083
25148,r2i1p1f1,2083,11,08,0.0,20.633858,6.819907,2083
25149,r2i1p1f1,2083,11,09,0.0,19.063568,7.1005163,2083
25150,r2i1p1f1,2083,11,10,0.0,15.903044,3.6932569,2083
25151,r2i1p1f1,2083,11,11,0.0,16.55436,2.9828415,2083
25152,r2i1p1f1,2083,11,12,0.0,12.351643,0.12565583,2083
25153,r2i1p1f1,2083,11,13,0.0,10.006436,0.06837904,2083
25154,r2i1p1f1,2083,11,14,0.12080634961211427,11.679805,3.02836,2083
25155,r2i1p1f1,2083,11,15,52.601836897576085,10.282478,4.589652,2083
25156,r2i1p1f1,2083,11,16,0.0,11.017865,1.8197964,2083
25157,r2i1p1f1,2083,11,17,0.0,9.645635,1.9165289,2083
25158,r2i1p1f1,2083,11,18,0.0,12.268886,3.4654443,2083
25159,r2i1p1f1,2083,11,19,0.9852225375880153,13.355061,7.9573436,2083
25160,r2i1p1f1,2083,11,20,10.823117777741013,10.178294,3.8444417,2083
25161,r2i1p1f1,2083,11,21,14.243700175183431,11.309877,2.1354675,2083
25162,r2i1p1f1,2083,11,22,5.759896851276817,8.729795,2.2643602,2083
25163,r2i1p1f1,2083,11,23,0.0,12.300622,0.84272504,2083
25164,r2i1p1f1,2083,11,24,5.802189468340657,13.631496,2.61103,2083
25165,r2i1p1f1,2083,11,25,0.0734538760578009,15.525179,3.1035361,2083
25166,r2i1p1f1,2083,11,26,0.0,16.350582,4.2531495,2083
25167,r2i1p1f1,2083,11,27,17.141591949229433,13.720764,8.652054,2083
25168,r2i1p1f1,2083,11,28,2.7123729172602067,11.006997,6.785629,2083
25169,r2i1p1f1,2083,11,29,0.6140720275232945,15.241362,4.685441,2083
25170,r2i1p1f1,2083,11,30,0.4744083208361889,12.083134,5.176109,2083
25171,r2i1p1f1,2083,12,01,34.91329448790146,7.677628,4.0116696,2083
25172,r2i1p1f1,2083,12,02,78.26743889689588,8.262999,4.446196,2083
25173,r2i1p1f1,2083,12,03,0.0,10.90502,3.6379027,2083
25174,r2i1p1f1,2083,12,04,13.037077286683667,9.409616,-1.9035746,2083
25175,r2i1p1f1,2083,12,05,0.4682185078938626,12.799742,7.812767,2083
25176,r2i1p1f1,2083,12,06,0.0,16.758013,4.5664535,2083
25177,r2i1p1f1,2083,12,07,0.0,19.487846,3.965836,2083
25178,r2i1p1f1,2083,12,08,0.0,17.434517,5.498048,2083
25179,r2i1p1f1,2083,12,09,0.0,16.486343,4.3546486,2083
25180,r2i1p1f1,2083,12,10,0.0,16.36162,4.946643,2083
25181,r2i1p1f1,2083,12,11,0.0,16.186415,5.115009,2083
25182,r2i1p1f1,2083,12,12,35.22709951950954,12.647746,6.483191,2083
25183,r2i1p1f1,2083,12,13,1.2055755531071974,15.391611,9.00374,2083
25184,r2i1p1f1,2083,12,14,0.0,18.12329,6.3671007,2083
25185,r2i1p1f1,2083,12,15,0.0,18.459263,4.1004214,2083
25186,r2i1p1f1,2083,12,16,0.0,18.20537,4.092566,2083
25187,r2i1p1f1,2083,12,17,0.0,18.663916,6.3174405,2083
25188,r2i1p1f1,2083,12,18,0.0,18.764288,6.031105,2083
25189,r2i1p1f1,2083,12,19,0.0,17.31065,2.5914485,2083
25190,r2i1p1f1,2083,12,20,0.0,19.227354,4.053336,2083
25191,r2i1p1f1,2083,12,21,0.0,18.249603,6.0930486,2083
25192,r2i1p1f1,2083,12,22,0.0,17.16211,4.759488,2083
25193,r2i1p1f1,2083,12,23,0.0,9.023073,-2.9397197,2083
25194,r2i1p1f1,2083,12,24,0.0,7.0451016,-3.499723,2083
25195,r2i1p1f1,2083,12,25,52.462671047004946,3.136675,-0.5317787,2083
25196,r2i1p1f1,2083,12,26,50.92798289932454,3.582528,-1.4947572,2083
25197,r2i1p1f1,2083,12,27,11.683035442659344,1.0867225,-4.56988,2083
25198,r2i1p1f1,2083,12,28,17.90332009807641,0.7352295,-5.062148,2083
25199,r2i1p1f1,2083,12,29,4.1039301535000465,-0.41439798,-4.7566113,2083
25200,r2i1p1f1,2083,12,30,0.0,1.1776683,-9.172546,2083
25201,r2i1p1f1,2083,12,31,0.0,2.6475105,-7.709712,2083
25202,r2i1p1f1,2084,01,01,0.790356642927201,0.6264127,-4.6851196,2084
25203,r2i1p1f1,2084,01,02,0.0,3.4696596,-2.2990444,2084
25204,r2i1p1f1,2084,01,03,0.0,5.1762333,-1.0833122,2084
25205,r2i1p1f1,2084,01,04,0.0,6.4615927,-0.27454317,2084
25206,r2i1p1f1,2084,01,05,4.776169389403479,3.6944964,-0.38094887,2084
25207,r2i1p1f1,2084,01,06,0.0,7.758991,-2.1309307,2084
25208,r2i1p1f1,2084,01,07,0.0,9.738787,-2.856117,2084
25209,r2i1p1f1,2084,01,08,0.0,8.333215,-0.84680843,2084
25210,r2i1p1f1,2084,01,09,0.25057052403623786,9.374144,-2.3862078,2084
25211,r2i1p1f1,2084,01,10,0.013485966000049442,1.0695451,-11.7784605,2084
25212,r2i1p1f1,2084,01,11,0.0,4.2177963,-8.749786,2084
25213,r2i1p1f1,2084,01,12,0.0,12.673127,-2.078191,2084
25214,r2i1p1f1,2084,01,13,0.0,11.402727,-1.9713639,2084
25215,r2i1p1f1,2084,01,14,0.0,7.6758327,-3.4133234,2084
25216,r2i1p1f1,2084,01,15,0.0,7.651001,-3.813462,2084
25217,r2i1p1f1,2084,01,16,0.0,8.559271,-3.1272552,2084
25218,r2i1p1f1,2084,01,17,0.0,13.268498,0.5300226,2084
25219,r2i1p1f1,2084,01,18,0.0,15.333923,1.6144844,2084
25220,r2i1p1f1,2084,01,19,0.0,15.33721,1.1622133,2084
25221,r2i1p1f1,2084,01,20,0.0,19.972277,5.506054,2084
25222,r2i1p1f1,2084,01,21,0.0,20.924599,7.749503,2084
25223,r2i1p1f1,2084,01,22,0.0,22.163288,7.2687135,2084
25224,r2i1p1f1,2084,01,23,0.0,22.344942,6.5823035,2084
25225,r2i1p1f1,2084,01,24,0.0,21.663254,4.2624626,2084
25226,r2i1p1f1,2084,01,25,0.0,5.808344,-8.577486,2084
25227,r2i1p1f1,2084,01,26,0.0,7.178544,-8.276367,2084
25228,r2i1p1f1,2084,01,27,0.0,8.73653,-5.5201173,2084
25229,r2i1p1f1,2084,01,28,10.080011288608567,2.5742102,-7.4124694,2084
25230,r2i1p1f1,2084,01,29,40.17048005390769,2.0148187,-6.6875925,2084
25231,r2i1p1f1,2084,01,30,19.276162377634765,-0.3025316,-5.7931895,2084
25232,r2i1p1f1,2084,01,31,47.415868087241854,2.940605,-6.368827,2084
25233,r2i1p1f1,2084,02,01,96.15046000108123,6.0346093,-0.2585191,2084
25234,r2i1p1f1,2084,02,02,0.0,11.734792,-3.5091121,2084
25235,r2i1p1f1,2084,02,03,0.0,9.849856,-7.3173656,2084
25236,r2i1p1f1,2084,02,04,18.71706178487959,6.491683,-2.3829587,2084
25237,r2i1p1f1,2084,02,05,24.685658499276123,4.3410482,-0.18113738,2084
25238,r2i1p1f1,2084,02,06,53.79710549381203,6.190677,0.7574333,2084
25239,r2i1p1f1,2084,02,07,0.0,9.961612,-4.5303755,2084
25240,r2i1p1f1,2084,02,08,0.0,10.213089,-3.1587372,2084
25241,r2i1p1f1,2084,02,09,0.0,17.542149,2.4699254,2084
25242,r2i1p1f1,2084,02,10,0.0,13.757532,2.261134,2084
25243,r2i1p1f1,2084,02,11,13.54430222303423,3.3825285,-0.8146191,2084
25244,r2i1p1f1,2084,02,12,0.0,5.5473733,-4.284215,2084
25245,r2i1p1f1,2084,02,13,0.0,12.211698,-1.8895025,2084
25246,r2i1p1f1,2084,02,14,0.0,19.9023,1.6089493,2084
25247,r2i1p1f1,2084,02,15,0.0,18.055391,2.4723883,2084
25248,r2i1p1f1,2084,02,16,0.0,14.75,3.5144842,2084
25249,r2i1p1f1,2084,02,17,7.035500251032108,8.808613,1.8733219,2084
25250,r2i1p1f1,2084,02,18,3.129272193445314,7.7437057,-1.2721972,2084
25251,r2i1p1f1,2084,02,19,0.0,11.059285,-1.1173191,2084
25252,r2i1p1f1,2084,02,20,0.0,12.731273,1.4077579,2084
25253,r2i1p1f1,2084,02,21,0.0,13.469611,2.0536745,2084
25254,r2i1p1f1,2084,02,22,0.0,14.321865,-0.52910435,2084
25255,r2i1p1f1,2084,02,23,0.0,17.573587,2.17045,2084
25256,r2i1p1f1,2084,02,24,0.0,17.199856,4.9600186,2084
25257,r2i1p1f1,2084,02,25,0.0,16.932356,4.6637607,2084
25258,r2i1p1f1,2084,02,26,0.0,18.159716,3.72231,2084
25259,r2i1p1f1,2084,02,27,0.0,17.440104,3.1713192,2084
25260,r2i1p1f1,2084,02,28,0.0,11.527774,-3.3930433,2084
25261,r2i1p1f1,2084,02,29,3.6584499533371573,2.7673051,-3.8249407,2084
25262,r2i1p1f1,2084,03,01,0.12247312883678554,4.2691355,-6.1621165,2084
25263,r2i1p1f1,2084,03,02,0.0,10.424975,-6.987809,2084
25264,r2i1p1f1,2084,03,03,0.0,11.352574,-3.5827363,2084
25265,r2i1p1f1,2084,03,04,0.0,16.234074,-0.599059,2084
25266,r2i1p1f1,2084,03,05,0.0,14.786926,0.2203199,2084
25267,r2i1p1f1,2084,03,06,0.0,9.872681,1.2209284,2084
25268,r2i1p1f1,2084,03,07,0.0,12.801261,0.42883614,2084
25269,r2i1p1f1,2084,03,08,0.0,20.593885,4.524463,2084
25270,r2i1p1f1,2084,03,09,0.0,21.505033,5.44418,2084
25271,r2i1p1f1,2084,03,10,0.0,22.852242,6.0577245,2084
25272,r2i1p1f1,2084,03,11,0.0,21.218246,5.5339856,2084
25273,r2i1p1f1,2084,03,12,30.893095946745373,10.063121,4.0550957,2084
25274,r2i1p1f1,2084,03,13,6.808785167959286,9.770869,-4.5735927,2084
25275,r2i1p1f1,2084,03,14,0.0,16.08276,0.044253618,2084
25276,r2i1p1f1,2084,03,15,0.0,19.740896,3.1840672,2084
25277,r2i1p1f1,2084,03,16,0.0,21.185238,5.1645303,2084
25278,r2i1p1f1,2084,03,17,0.0,23.54492,6.849827,2084
25279,r2i1p1f1,2084,03,18,0.0,24.704565,7.9628196,2084
25280,r2i1p1f1,2084,03,19,0.0,25.596428,9.347009,2084
25281,r2i1p1f1,2084,03,20,0.0,25.989351,10.404695,2084
25282,r2i1p1f1,2084,03,21,0.0,26.371996,10.16165,2084
25283,r2i1p1f1,2084,03,22,0.0,26.564741,9.065359,2084
25284,r2i1p1f1,2084,03,23,0.0,26.32376,8.685099,2084
25285,r2i1p1f1,2084,03,24,0.0,26.076233,9.896869,2084
25286,r2i1p1f1,2084,03,25,0.0,27.671093,9.701414,2084
25287,r2i1p1f1,2084,03,26,0.0,28.669834,11.678614,2084
25288,r2i1p1f1,2084,03,27,0.0,30.6198,14.55822,2084
25289,r2i1p1f1,2084,03,28,0.0,31.00165,14.043003,2084
25290,r2i1p1f1,2084,03,29,0.0,28.578234,12.20175,2084
25291,r2i1p1f1,2084,03,30,0.0,27.16793,9.102707,2084
25292,r2i1p1f1,2084,03,31,0.0,21.44371,5.115289,2084
25293,r2i1p1f1,2084,04,01,0.0,21.98755,4.980384,2084
25294,r2i1p1f1,2084,04,02,0.0,22.780552,6.4825063,2084
25295,r2i1p1f1,2084,04,03,0.13167319354684318,18.84356,5.299663,2084
25296,r2i1p1f1,2084,04,04,9.541804971601008,10.686492,3.7251165,2084
25297,r2i1p1f1,2084,04,05,15.778118055851127,10.750834,4.432258,2084
25298,r2i1p1f1,2084,04,06,0.3044014390735146,15.724395,2.2185266,2084
25299,r2i1p1f1,2084,04,07,0.050048380231041495,17.253077,0.8362997,2084
25300,r2i1p1f1,2084,04,08,22.46656479557994,5.408048,-3.557342,2084
25301,r2i1p1f1,2084,04,09,10.195541095806849,3.257441,-2.5332015,2084
25302,r2i1p1f1,2084,04,10,0.27831506049551535,13.868449,1.1006598,2084
25303,r2i1p1f1,2084,04,11,0.0,17.949032,1.2270837,2084
25304,r2i1p1f1,2084,04,12,8.227694375731376,9.7296095,1.0983777,2084
25305,r2i1p1f1,2084,04,13,10.827732269311896,9.538398,-0.2379036,2084
25306,r2i1p1f1,2084,04,14,13.26200421141878,8.588339,-2.8654907,2084
25307,r2i1p1f1,2084,04,15,0.728051689912508,12.814289,0.6970615,2084
25308,r2i1p1f1,2084,04,16,0.0,19.20061,1.3643619,2084
25309,r2i1p1f1,2084,04,17,7.715442508085219,15.936833,0.8592421,2084
25310,r2i1p1f1,2084,04,18,55.19713459518523,10.400954,2.9884992,2084
25311,r2i1p1f1,2084,04,19,41.18998952997992,9.67447,4.9855423,2084
25312,r2i1p1f1,2084,04,20,56.33346849488309,11.545892,-4.061806,2084
25313,r2i1p1f1,2084,04,21,0.0,17.049278,0.99001616,2084
25314,r2i1p1f1,2084,04,22,0.0,22.212137,5.3349686,2084
25315,r2i1p1f1,2084,04,23,0.0,23.007578,6.581241,2084
25316,r2i1p1f1,2084,04,24,24.83931872769832,14.403987,0.104455896,2084
25317,r2i1p1f1,2084,04,25,13.762260323094848,8.689147,-2.164671,2084
25318,r2i1p1f1,2084,04,26,0.0,15.956756,1.0678679,2084
25319,r2i1p1f1,2084,04,27,0.0,17.97225,3.4595678,2084
25320,r2i1p1f1,2084,04,28,16.81770064454283,12.663861,1.2541423,2084
25321,r2i1p1f1,2084,04,29,2.019093714128618,11.545747,0.04900634,2084
25322,r2i1p1f1,2084,04,30,0.0,19.642696,2.6945658,2084
25323,r2i1p1f1,2084,05,01,0.0,20.011642,6.3985295,2084
25324,r2i1p1f1,2084,05,02,0.0,16.7975,6.1682067,2084
25325,r2i1p1f1,2084,05,03,33.051608639317024,11.089759,3.3249342,2084
25326,r2i1p1f1,2084,05,04,10.335881904778104,11.011199,2.8334277,2084
25327,r2i1p1f1,2084,05,05,0.5610452460324757,15.03854,5.3403115,2084
25328,r2i1p1f1,2084,05,06,0.0,19.608768,2.8924406,2084
25329,r2i1p1f1,2084,05,07,0.0,21.057919,5.1469827,2084
25330,r2i1p1f1,2084,05,08,0.0,21.765516,8.886786,2084
25331,r2i1p1f1,2084,05,09,0.0,25.620947,8.845662,2084
25332,r2i1p1f1,2084,05,10,1.6444706171709045,23.73785,7.3629794,2084
25333,r2i1p1f1,2084,05,11,1.6307071059530314,17.581705,1.8227799,2084
25334,r2i1p1f1,2084,05,12,0.4560449230036913,19.422445,5.086083,2084
25335,r2i1p1f1,2084,05,13,0.056680958857668884,21.146736,8.105407,2084
25336,r2i1p1f1,2084,05,14,0.0,22.833277,6.55131,2084
25337,r2i1p1f1,2084,05,15,0.0,24.255617,9.30226,2084
25338,r2i1p1f1,2084,05,16,0.0,30.320578,13.122269,2084
25339,r2i1p1f1,2084,05,17,0.0,29.744453,13.360442,2084
25340,r2i1p1f1,2084,05,18,0.0,26.472475,9.520165,2084
25341,r2i1p1f1,2084,05,19,0.0,28.340292,11.301319,2084
25342,r2i1p1f1,2084,05,20,0.0,28.490326,11.554689,2084
25343,r2i1p1f1,2084,05,21,0.0,26.528233,8.729643,2084
25344,r2i1p1f1,2084,05,22,0.0,22.038671,6.0878735,2084
25345,r2i1p1f1,2084,05,23,0.0,19.730494,4.9199734,2084
25346,r2i1p1f1,2084,05,24,0.0,22.847855,6.104034,2084
25347,r2i1p1f1,2084,05,25,0.0,26.772377,8.029988,2084
25348,r2i1p1f1,2084,05,26,0.0,28.49603,10.976038,2084
25349,r2i1p1f1,2084,05,27,0.0,30.793814,13.405762,2084
25350,r2i1p1f1,2084,05,28,0.0,31.75067,15.059135,2084
25351,r2i1p1f1,2084,05,29,0.0,31.389736,13.894539,2084
25352,r2i1p1f1,2084,05,30,0.016679152930429646,29.727695,12.440134,2084
25353,r2i1p1f1,2084,05,31,0.0,27.52831,12.164222,2084
25354,r2i1p1f1,2084,06,01,0.0,31.495684,14.970534,2084
25355,r2i1p1f1,2084,06,02,0.024239518993104305,32.124313,14.752751,2084
25356,r2i1p1f1,2084,06,03,0.0,29.457933,11.6392975,2084
25357,r2i1p1f1,2084,06,04,4.825501472917565,22.689785,4.8853445,2084
25358,r2i1p1f1,2084,06,05,0.9170455329834882,18.63526,3.6683311,2084
25359,r2i1p1f1,2084,06,06,0.5975053738438874,15.397341,6.926261,2084
25360,r2i1p1f1,2084,06,07,0.67093983457548,16.007364,7.6074195,2084
25361,r2i1p1f1,2084,06,08,0.07509753956513193,17.087364,3.9086695,2084
25362,r2i1p1f1,2084,06,09,0.0,21.897593,6.6815023,2084
25363,r2i1p1f1,2084,06,10,0.1063024165677444,21.702765,8.399617,2084
25364,r2i1p1f1,2084,06,11,0.4230116929722254,21.269995,6.288876,2084
25365,r2i1p1f1,2084,06,12,0.3098882730298031,20.658604,6.7109594,2084
25366,r2i1p1f1,2084,06,13,2.8612790158359322,20.631264,5.3994837,2084
25367,r2i1p1f1,2084,06,14,0.0,23.951378,8.85549,2084
25368,r2i1p1f1,2084,06,15,2.14148732551481,20.976643,5.7441406,2084
25369,r2i1p1f1,2084,06,16,0.0,28.90697,11.467108,2084
25370,r2i1p1f1,2084,06,17,0.0,30.118837,14.675366,2084
25371,r2i1p1f1,2084,06,18,0.0,30.287899,13.704593,2084
25372,r2i1p1f1,2084,06,19,0.0,28.925528,12.051223,2084
25373,r2i1p1f1,2084,06,20,0.0,27.442036,11.864038,2084
25374,r2i1p1f1,2084,06,21,0.0,29.289415,11.778261,2084
25375,r2i1p1f1,2084,06,22,0.0,33.442665,14.725317,2084
25376,r2i1p1f1,2084,06,23,0.0,35.182137,16.562885,2084
25377,r2i1p1f1,2084,06,24,0.0,35.13163,16.767836,2084
25378,r2i1p1f1,2084,06,25,0.0,33.12299,15.862834,2084
25379,r2i1p1f1,2084,06,26,0.0,32.63382,15.026142,2084
25380,r2i1p1f1,2084,06,27,0.0,34.640095,16.491373,2084
25381,r2i1p1f1,2084,06,28,0.0,34.25876,16.25192,2084
25382,r2i1p1f1,2084,06,29,0.0,32.798958,14.477842,2084
25383,r2i1p1f1,2084,06,30,0.0,31.83752,13.7218895,2084
25384,r2i1p1f1,2084,07,01,0.0,31.646278,14.532517,2084
25385,r2i1p1f1,2084,07,02,0.0,31.604668,13.320388,2084
25386,r2i1p1f1,2084,07,03,0.0,33.368233,14.924711,2084
25387,r2i1p1f1,2084,07,04,0.0,33.58013,17.47879,2084
25388,r2i1p1f1,2084,07,05,0.0,34.69137,16.57942,2084
25389,r2i1p1f1,2084,07,06,0.0,32.710598,15.624836,2084
25390,r2i1p1f1,2084,07,07,0.0,34.863743,16.537605,2084
25391,r2i1p1f1,2084,07,08,0.0,34.971573,18.166494,2084
25392,r2i1p1f1,2084,07,09,0.0,34.682064,17.988369,2084
25393,r2i1p1f1,2084,07,10,0.0,34.316013,16.04341,2084
25394,r2i1p1f1,2084,07,11,0.0,32.765244,14.881285,2084
25395,r2i1p1f1,2084,07,12,0.0,30.143724,13.703311,2084
25396,r2i1p1f1,2084,07,13,0.0,30.34438,13.852998,2084
25397,r2i1p1f1,2084,07,14,0.0,31.696354,14.950358,2084
25398,r2i1p1f1,2084,07,15,0.0,31.640184,15.183718,2084
25399,r2i1p1f1,2084,07,16,0.0,31.294033,14.8115,2084
25400,r2i1p1f1,2084,07,17,0.0,33.294502,15.431606,2084
25401,r2i1p1f1,2084,07,18,0.0,35.999012,17.85121,2084
25402,r2i1p1f1,2084,07,19,0.0,37.470936,20.171722,2084
25403,r2i1p1f1,2084,07,20,1.0143734808969804,36.783535,18.827545,2084
25404,r2i1p1f1,2084,07,21,13.338876848613905,36.799984,21.236168,2084
25405,r2i1p1f1,2084,07,22,0.0,35.56451,17.43404,2084
25406,r2i1p1f1,2084,07,23,1.8522311197347545,34.83023,19.61669,2084
25407,r2i1p1f1,2084,07,24,8.794468475445264,34.92129,18.65853,2084
25408,r2i1p1f1,2084,07,25,0.0,37.61029,20.445263,2084
25409,r2i1p1f1,2084,07,26,0.0,38.417316,21.878899,2084
25410,r2i1p1f1,2084,07,27,0.0,39.497593,22.653917,2084
25411,r2i1p1f1,2084,07,28,0.0,38.57342,21.733418,2084
25412,r2i1p1f1,2084,07,29,0.0,35.293587,19.957241,2084
25413,r2i1p1f1,2084,07,30,0.0,34.164104,18.060995,2084
25414,r2i1p1f1,2084,07,31,0.0,34.633484,17.575693,2084
25415,r2i1p1f1,2084,08,01,0.0,34.294147,17.324118,2084
25416,r2i1p1f1,2084,08,02,0.0,32.773037,16.851534,2084
25417,r2i1p1f1,2084,08,03,0.0,33.455284,16.75723,2084
25418,r2i1p1f1,2084,08,04,0.0,35.134197,17.714962,2084
25419,r2i1p1f1,2084,08,05,0.0,36.306656,19.153133,2084
25420,r2i1p1f1,2084,08,06,0.0,35.860065,18.575699,2084
25421,r2i1p1f1,2084,08,07,0.0,34.79873,16.81424,2084
25422,r2i1p1f1,2084,08,08,0.0,34.022198,15.820732,2084
25423,r2i1p1f1,2084,08,09,0.0,33.54325,15.296922,2084
25424,r2i1p1f1,2084,08,10,0.0,32.155563,15.815354,2084
25425,r2i1p1f1,2084,08,11,0.0,31.648676,15.01073,2084
25426,r2i1p1f1,2084,08,12,0.0,31.639048,15.394534,2084
25427,r2i1p1f1,2084,08,13,0.0,32.38494,14.654165,2084
25428,r2i1p1f1,2084,08,14,0.0,32.73275,15.56937,2084
25429,r2i1p1f1,2084,08,15,0.0,31.867071,13.782576,2084
25430,r2i1p1f1,2084,08,16,0.0,29.245079,11.910469,2084
25431,r2i1p1f1,2084,08,17,0.0,25.521387,9.355126,2084
25432,r2i1p1f1,2084,08,18,0.0,25.726768,10.814535,2084
25433,r2i1p1f1,2084,08,19,0.0,29.160362,13.052057,2084
25434,r2i1p1f1,2084,08,20,0.0,28.750723,13.101473,2084
25435,r2i1p1f1,2084,08,21,0.0,26.899195,12.07858,2084
25436,r2i1p1f1,2084,08,22,0.0,26.893927,11.413539,2084
25437,r2i1p1f1,2084,08,23,0.0,30.015556,13.232898,2084
25438,r2i1p1f1,2084,08,24,0.0,33.15455,14.932392,2084
25439,r2i1p1f1,2084,08,25,0.0,33.332092,16.915812,2084
25440,r2i1p1f1,2084,08,26,0.0,32.44897,17.056908,2084
25441,r2i1p1f1,2084,08,27,0.0,32.69371,17.71179,2084
25442,r2i1p1f1,2084,08,28,0.0,32.969505,17.79913,2084
25443,r2i1p1f1,2084,08,29,0.0,32.817444,17.235579,2084
25444,r2i1p1f1,2084,08,30,0.0,32.290634,15.255684,2084
25445,r2i1p1f1,2084,08,31,0.0,31.287394,14.767531,2084
25446,r2i1p1f1,2084,09,01,0.0,30.902046,15.966272,2084
25447,r2i1p1f1,2084,09,02,0.0,31.02607,16.02461,2084
25448,r2i1p1f1,2084,09,03,0.0,31.546217,16.225348,2084
25449,r2i1p1f1,2084,09,04,0.0,31.510204,16.010023,2084
25450,r2i1p1f1,2084,09,05,0.0,31.730133,16.327316,2084
25451,r2i1p1f1,2084,09,06,0.012793334574850563,30.214254,14.840811,2084
25452,r2i1p1f1,2084,09,07,0.0,29.989223,14.014055,2084
25453,r2i1p1f1,2084,09,08,0.0,30.82067,14.501663,2084
25454,r2i1p1f1,2084,09,09,0.0,30.48294,15.078912,2084
25455,r2i1p1f1,2084,09,10,0.0,30.739132,15.976179,2084
25456,r2i1p1f1,2084,09,11,0.0,31.22642,14.547495,2084
25457,r2i1p1f1,2084,09,12,0.0,28.780079,12.601904,2084
25458,r2i1p1f1,2084,09,13,0.0,25.791727,11.232813,2084
25459,r2i1p1f1,2084,09,14,0.0,27.122946,11.423103,2084
25460,r2i1p1f1,2084,09,15,0.0,28.493292,13.623194,2084
25461,r2i1p1f1,2084,09,16,0.0,30.79773,15.664183,2084
25462,r2i1p1f1,2084,09,17,0.0,32.72752,16.13393,2084
25463,r2i1p1f1,2084,09,18,0.0,33.715782,17.200464,2084
25464,r2i1p1f1,2084,09,19,0.0,34.598625,18.893326,2084
25465,r2i1p1f1,2084,09,20,0.0,35.231476,20.133892,2084
25466,r2i1p1f1,2084,09,21,0.0,33.644848,18.140696,2084
25467,r2i1p1f1,2084,09,22,0.0,29.576982,13.0887,2084
25468,r2i1p1f1,2084,09,23,0.0,23.927572,10.325854,2084
25469,r2i1p1f1,2084,09,24,5.270735996992489,22.984243,9.127417,2084
25470,r2i1p1f1,2084,09,25,51.99244542477223,18.436445,8.958055,2084
25471,r2i1p1f1,2084,09,26,0.0024877800919617023,22.902296,8.019701,2084
25472,r2i1p1f1,2084,09,27,0.0,26.503305,10.341985,2084
25473,r2i1p1f1,2084,09,28,0.0,32.67171,15.712837,2084
25474,r2i1p1f1,2084,09,29,0.0,31.59586,15.9537945,2084
25475,r2i1p1f1,2084,09,30,0.0,31.638115,16.01987,2084
25476,r2i1p1f1,2084,10,01,0.0,33.34679,16.86941,2084
25477,r2i1p1f1,2084,10,02,0.0,33.49701,15.520471,2084
25478,r2i1p1f1,2084,10,03,0.0,35.672264,17.968527,2084
25479,r2i1p1f1,2084,10,04,0.0,35.893692,18.41528,2084
25480,r2i1p1f1,2084,10,05,0.0,36.4834,18.776218,2084
25481,r2i1p1f1,2084,10,06,0.0,35.202793,17.581059,2084
25482,r2i1p1f1,2084,10,07,0.0,32.680607,17.088491,2084
25483,r2i1p1f1,2084,10,08,0.0,30.082088,15.190725,2084
25484,r2i1p1f1,2084,10,09,0.0,24.942251,10.828967,2084
25485,r2i1p1f1,2084,10,10,0.5358622142711493,20.102013,8.612783,2084
25486,r2i1p1f1,2084,10,11,0.0,22.581217,5.9332404,2084
25487,r2i1p1f1,2084,10,12,0.0,25.787994,8.382232,2084
25488,r2i1p1f1,2084,10,13,0.0,26.300371,8.900217,2084
25489,r2i1p1f1,2084,10,14,0.0,26.096611,7.581661,2084
25490,r2i1p1f1,2084,10,15,0.0,20.079977,6.7844033,2084
25491,r2i1p1f1,2084,10,16,0.0,18.970785,4.478759,2084
25492,r2i1p1f1,2084,10,17,0.0,23.786007,6.657511,2084
25493,r2i1p1f1,2084,10,18,0.0,25.870668,8.681878,2084
25494,r2i1p1f1,2084,10,19,0.0,27.415333,10.61348,2084
25495,r2i1p1f1,2084,10,20,0.0,26.754103,10.418925,2084
25496,r2i1p1f1,2084,10,21,0.0,25.185987,10.678822,2084
25497,r2i1p1f1,2084,10,22,0.0,28.385717,11.618351,2084
25498,r2i1p1f1,2084,10,23,46.45314549337714,26.384111,12.056909,2084
25499,r2i1p1f1,2084,10,24,33.81966192794677,16.371908,9.428685,2084
25500,r2i1p1f1,2084,10,25,0.0,16.668274,8.67809,2084
25501,r2i1p1f1,2084,10,26,1.798040058915481,16.47123,5.370585,2084
25502,r2i1p1f1,2084,10,27,1.2047576033042928,17.453785,4.307633,2084
25503,r2i1p1f1,2084,10,28,0.0,22.953081,8.119173,2084
25504,r2i1p1f1,2084,10,29,0.0,26.185913,11.159694,2084
25505,r2i1p1f1,2084,10,30,0.0,25.716402,11.06789,2084
25506,r2i1p1f1,2084,10,31,0.0,25.390753,11.566577,2084
25507,r2i1p1f1,2084,11,01,0.0,22.98152,9.274178,2084
25508,r2i1p1f1,2084,11,02,0.0,19.026546,5.6873536,2084
25509,r2i1p1f1,2084,11,03,31.05261409991027,16.766973,7.7122097,2084
25510,r2i1p1f1,2084,11,04,14.429661128059916,13.430586,8.503628,2084
25511,r2i1p1f1,2084,11,05,22.856297081475184,13.199744,8.488035,2084
25512,r2i1p1f1,2084,11,06,0.00015287616686411918,13.372996,3.4422119,2084
25513,r2i1p1f1,2084,11,07,0.0,10.830517,1.9838717,2084
25514,r2i1p1f1,2084,11,08,0.0,10.56871,-0.24390714,2084
25515,r2i1p1f1,2084,11,09,0.0,17.513119,2.549312,2084
25516,r2i1p1f1,2084,11,10,0.0,19.875235,2.8326519,2084
25517,r2i1p1f1,2084,11,11,0.0,16.506817,2.5535622,2084
25518,r2i1p1f1,2084,11,12,0.0,19.520617,4.883418,2084
25519,r2i1p1f1,2084,11,13,3.995508038748924,18.551517,5.001041,2084
25520,r2i1p1f1,2084,11,14,67.06801562462576,13.6265745,8.285939,2084
25521,r2i1p1f1,2084,11,15,13.488600482777166,10.032098,5.6608105,2084
25522,r2i1p1f1,2084,11,16,0.0,15.467845,2.7541292,2084
25523,r2i1p1f1,2084,11,17,0.0,21.001984,5.5177603,2084
25524,r2i1p1f1,2084,11,18,0.0,19.047953,6.601669,2084
25525,r2i1p1f1,2084,11,19,0.0,18.337837,5.9004974,2084
25526,r2i1p1f1,2084,11,20,0.0,17.256557,2.9830248,2084
25527,r2i1p1f1,2084,11,21,4.916994247804933,12.2514305,3.8525257,2084
25528,r2i1p1f1,2084,11,22,0.0,12.458609,-1.5549672,2084
25529,r2i1p1f1,2084,11,23,0.19297170960831303,9.510612,2.2109444,2084
25530,r2i1p1f1,2084,11,24,8.468021300611257,13.639573,2.9974074,2084
25531,r2i1p1f1,2084,11,25,0.0,7.2450976,-5.894946,2084
25532,r2i1p1f1,2084,11,26,2.6537529043287997,5.2781534,-6.887384,2084
25533,r2i1p1f1,2084,11,27,8.759752115208986,5.534595,-1.0610173,2084
25534,r2i1p1f1,2084,11,28,0.0,12.8453865,-0.39162162,2084
25535,r2i1p1f1,2084,11,29,0.0,13.699004,0.073852934,2084
25536,r2i1p1f1,2084,11,30,9.529395072324686,7.8761854,0.54182893,2084
25537,r2i1p1f1,2084,12,01,22.881536209919993,4.5311794,-3.3184721,2084
25538,r2i1p1f1,2084,12,02,1.054491352736547,2.0875804,-5.0941834,2084
25539,r2i1p1f1,2084,12,03,3.0271778400884406,3.0995097,-7.0884743,2084
25540,r2i1p1f1,2084,12,04,0.27643849442448787,3.2884302,-5.7463737,2084
25541,r2i1p1f1,2084,12,05,2.6005248337661704,3.4175885,-3.3693879,2084
25542,r2i1p1f1,2084,12,06,0.24477080665886974,5.392634,-4.9911833,2084
25543,r2i1p1f1,2084,12,07,0.0,7.7643595,-3.9448497,2084
25544,r2i1p1f1,2084,12,08,0.0,12.1688385,-3.9692922,2084
25545,r2i1p1f1,2084,12,09,0.0,10.378944,-1.1847839,2084
25546,r2i1p1f1,2084,12,10,0.6037090811822474,10.079394,-0.08325342,2084
25547,r2i1p1f1,2084,12,11,0.2644901347733909,9.8484,4.0080023,2084
25548,r2i1p1f1,2084,12,12,0.0,13.6053295,-1.3388671,2084
25549,r2i1p1f1,2084,12,13,0.0,15.339279,-0.49465758,2084
25550,r2i1p1f1,2084,12,14,0.10098224997468955,13.418762,3.128573,2084
25551,r2i1p1f1,2084,12,15,0.0,15.011041,4.6048765,2084
25552,r2i1p1f1,2084,12,16,0.0,18.006447,1.9091855,2084
25553,r2i1p1f1,2084,12,17,0.0,17.047134,1.3618283,2084
25554,r2i1p1f1,2084,12,18,0.30398317489576027,14.230445,3.6786206,2084
25555,r2i1p1f1,2084,12,19,11.81120032337136,11.102105,5.3304515,2084
25556,r2i1p1f1,2084,12,20,0.0,14.497277,5.241149,2084
25557,r2i1p1f1,2084,12,21,0.0,15.123991,2.224974,2084
25558,r2i1p1f1,2084,12,22,0.0,17.93298,2.0086334,2084
25559,r2i1p1f1,2084,12,23,0.0,16.394455,5.2103558,2084
25560,r2i1p1f1,2084,12,24,0.0,18.061794,5.4414163,2084
25561,r2i1p1f1,2084,12,25,0.0,17.339457,5.213662,2084
25562,r2i1p1f1,2084,12,26,0.0,16.564655,4.398555,2084
25563,r2i1p1f1,2084,12,27,0.0,14.586877,2.2711506,2084
25564,r2i1p1f1,2084,12,28,0.28219930494602663,12.567514,6.075654,2084
25565,r2i1p1f1,2084,12,29,0.0,13.639634,7.001633,2084
25566,r2i1p1f1,2084,12,30,0.0,13.874405,7.109984,2084
25567,r2i1p1f1,2084,12,31,10.136449169826497,11.36915,3.852784,2084
25568,r2i1p1f1,2085,01,01,0.0,12.554422,1.4811878,2085
25569,r2i1p1f1,2085,01,02,0.0,13.301224,1.2590431,2085
25570,r2i1p1f1,2085,01,03,0.0,15.268989,3.804477,2085
25571,r2i1p1f1,2085,01,04,2.9326060366027096,10.894199,1.5815779,2085
25572,r2i1p1f1,2085,01,05,6.918153452240333,9.609832,2.793282,2085
25573,r2i1p1f1,2085,01,06,0.0,14.286003,3.4160695,2085
25574,r2i1p1f1,2085,01,07,0.0,15.885833,5.0005636,2085
25575,r2i1p1f1,2085,01,08,0.0,15.291512,6.13389,2085
25576,r2i1p1f1,2085,01,09,0.0,14.515896,6.1327333,2085
25577,r2i1p1f1,2085,01,10,0.007541288701199496,13.991389,6.434642,2085
25578,r2i1p1f1,2085,01,11,0.0,18.570827,5.447927,2085
25579,r2i1p1f1,2085,01,12,0.0,19.74836,7.623007,2085
25580,r2i1p1f1,2085,01,13,0.0,21.652573,6.045823,2085
25581,r2i1p1f1,2085,01,14,0.0,24.753262,8.94566,2085
25582,r2i1p1f1,2085,01,15,0.0,24.590073,9.252424,2085
25583,r2i1p1f1,2085,01,16,0.0,24.9376,10.116931,2085
25584,r2i1p1f1,2085,01,17,0.0,26.392418,11.233123,2085
25585,r2i1p1f1,2085,01,18,0.0,25.75431,10.163274,2085
25586,r2i1p1f1,2085,01,19,0.0,20.265938,8.738759,2085
25587,r2i1p1f1,2085,01,20,34.966239054315686,11.219038,6.2958717,2085
25588,r2i1p1f1,2085,01,21,0.6916145910526421,13.527957,6.962353,2085
25589,r2i1p1f1,2085,01,22,20.577247538760556,12.241756,5.260706,2085
25590,r2i1p1f1,2085,01,23,80.46655702727058,13.379592,8.581441,2085
25591,r2i1p1f1,2085,01,24,136.19791366374835,13.051146,6.0965557,2085
25592,r2i1p1f1,2085,01,25,88.8458799790197,11.092626,1.3522866,2085
25593,r2i1p1f1,2085,01,26,0.0,9.025578,1.4697325,2085
25594,r2i1p1f1,2085,01,27,0.6659667547725033,9.260737,-0.0065846564,2085
25595,r2i1p1f1,2085,01,28,0.12353007738196399,9.74012,-2.134341,2085
25596,r2i1p1f1,2085,01,29,26.669091877276795,2.9399452,-1.0068166,2085
25597,r2i1p1f1,2085,01,30,3.2747360028084724,3.0783215,-1.4644392,2085
25598,r2i1p1f1,2085,01,31,38.84300278419127,11.59963,-0.7637383,2085
25599,r2i1p1f1,2085,02,01,103.87257115485576,14.042715,6.6479177,2085
25600,r2i1p1f1,2085,02,02,16.331462585647106,12.372356,0.96157795,2085
25601,r2i1p1f1,2085,02,03,0.016344785294327615,11.784371,2.8211913,2085
25602,r2i1p1f1,2085,02,04,0.0,18.318066,3.544869,2085
25603,r2i1p1f1,2085,02,05,0.0,17.984444,3.8587337,2085
25604,r2i1p1f1,2085,02,06,0.0,18.896118,4.2456355,2085
25605,r2i1p1f1,2085,02,07,0.0,19.201962,4.674097,2085
25606,r2i1p1f1,2085,02,08,0.0,18.882412,4.499623,2085
25607,r2i1p1f1,2085,02,09,0.0,21.456522,6.4291277,2085
25608,r2i1p1f1,2085,02,10,0.0,21.417913,6.60579,2085
25609,r2i1p1f1,2085,02,11,0.0,20.86193,6.523752,2085
25610,r2i1p1f1,2085,02,12,0.129611491921913,18.456053,5.8542624,2085
25611,r2i1p1f1,2085,02,13,0.014004997723742026,12.955903,3.2436922,2085
25612,r2i1p1f1,2085,02,14,21.308928553928407,5.1271877,-0.3546849,2085
25613,r2i1p1f1,2085,02,15,13.890559508189863,4.41109,-3.3953505,2085
25614,r2i1p1f1,2085,02,16,0.0,5.1414566,-0.7254619,2085
25615,r2i1p1f1,2085,02,17,19.82323557805592,4.4164166,-0.3923203,2085
25616,r2i1p1f1,2085,02,18,0.053957463625500586,7.2187243,0.6004695,2085
25617,r2i1p1f1,2085,02,19,0.0,10.982261,0.64547133,2085
25618,r2i1p1f1,2085,02,20,0.0,18.050278,4.4958444,2085
25619,r2i1p1f1,2085,02,21,0.0,21.259577,6.5452123,2085
25620,r2i1p1f1,2085,02,22,0.0,20.546356,6.693014,2085
25621,r2i1p1f1,2085,02,23,0.0,21.351759,7.2513866,2085
25622,r2i1p1f1,2085,02,24,0.0,19.979492,5.8308263,2085
25623,r2i1p1f1,2085,02,25,0.0,18.873306,6.272412,2085
25624,r2i1p1f1,2085,02,26,0.0,15.076599,5.431697,2085
25625,r2i1p1f1,2085,02,27,0.0,12.028907,6.47424,2085
25626,r2i1p1f1,2085,02,28,13.670396874658763,10.561135,5.2181945,2085
25627,r2i1p1f1,2085,03,01,1.805705837768283,11.987937,3.3106651,2085
25628,r2i1p1f1,2085,03,02,0.0,16.042818,2.2307003,2085
25629,r2i1p1f1,2085,03,03,28.356815874128817,12.117247,-0.011669941,2085
25630,r2i1p1f1,2085,03,04,23.911694218986668,8.542916,3.9074779,2085
25631,r2i1p1f1,2085,03,05,67.55692978801493,7.3783116,3.5385797,2085
25632,r2i1p1f1,2085,03,06,0.9748625607244321,12.51335,-1.3108354,2085
25633,r2i1p1f1,2085,03,07,0.0,16.300497,2.0537107,2085
25634,r2i1p1f1,2085,03,08,0.0,16.002804,3.2792418,2085
25635,r2i1p1f1,2085,03,09,15.353405378006686,9.362862,3.884268,2085
25636,r2i1p1f1,2085,03,10,0.0,11.486741,0.20481902,2085
25637,r2i1p1f1,2085,03,11,0.0,16.682503,2.6776369,2085
25638,r2i1p1f1,2085,03,12,0.0,21.131857,4.2091565,2085
25639,r2i1p1f1,2085,03,13,0.0,19.49287,3.8171558,2085
25640,r2i1p1f1,2085,03,14,0.0,16.88791,6.3605423,2085
25641,r2i1p1f1,2085,03,15,0.0,17.935684,3.2166474,2085
25642,r2i1p1f1,2085,03,16,3.226456310998261,12.215919,-1.1188933,2085
25643,r2i1p1f1,2085,03,17,0.5255872134372251,14.331243,0.19711518,2085
25644,r2i1p1f1,2085,03,18,0.0,16.410055,4.534133,2085
25645,r2i1p1f1,2085,03,19,0.0,17.230059,4.1809306,2085
25646,r2i1p1f1,2085,03,20,0.0,20.366558,4.648827,2085
25647,r2i1p1f1,2085,03,21,0.6599889902225606,19.03745,5.594574,2085
25648,r2i1p1f1,2085,03,22,0.5732939981909951,13.114743,4.7002115,2085
25649,r2i1p1f1,2085,03,23,6.828511565786007,10.544226,-3.8230727,2085
25650,r2i1p1f1,2085,03,24,30.77544755080733,8.893742,-3.3215816,2085
25651,r2i1p1f1,2085,03,25,7.107309152462012,8.086839,-1.0415009,2085
25652,r2i1p1f1,2085,03,26,0.0,13.951418,1.2353541,2085
25653,r2i1p1f1,2085,03,27,0.0,16.269377,1.0469618,2085
25654,r2i1p1f1,2085,03,28,0.0,17.918844,2.027812,2085
25655,r2i1p1f1,2085,03,29,0.0,19.678356,3.3756013,2085
25656,r2i1p1f1,2085,03,30,0.0,21.73702,4.5198784,2085
25657,r2i1p1f1,2085,03,31,0.0,21.622257,4.7876296,2085
25658,r2i1p1f1,2085,04,01,0.0,20.990854,4.9793143,2085
25659,r2i1p1f1,2085,04,02,0.0,20.192978,4.8002906,2085
25660,r2i1p1f1,2085,04,03,2.884646532801036,15.378233,3.1248853,2085
25661,r2i1p1f1,2085,04,04,22.85947999536382,8.867637,-0.10064658,2085
25662,r2i1p1f1,2085,04,05,0.0,16.526207,0.44432783,2085
25663,r2i1p1f1,2085,04,06,0.0,20.910975,4.097387,2085
25664,r2i1p1f1,2085,04,07,37.65609609948184,14.150276,1.2402827,2085
25665,r2i1p1f1,2085,04,08,0.0,12.395723,5.390903,2085
25666,r2i1p1f1,2085,04,09,0.0,14.482817,1.0244384,2085
25667,r2i1p1f1,2085,04,10,1.7127364126351425,15.004707,2.0802433,2085
25668,r2i1p1f1,2085,04,11,0.0,18.337374,3.1296253,2085
25669,r2i1p1f1,2085,04,12,0.0,18.34788,4.8427796,2085
25670,r2i1p1f1,2085,04,13,0.0,18.945848,4.158919,2085
25671,r2i1p1f1,2085,04,14,0.0,22.994808,6.6690774,2085
25672,r2i1p1f1,2085,04,15,0.0,27.480604,10.469812,2085
25673,r2i1p1f1,2085,04,16,0.0,28.206587,10.876614,2085
25674,r2i1p1f1,2085,04,17,0.0,26.009665,10.017536,2085
25675,r2i1p1f1,2085,04,18,0.0,23.0155,5.636831,2085
25676,r2i1p1f1,2085,04,19,0.0,21.418592,5.020497,2085
25677,r2i1p1f1,2085,04,20,0.0,23.115126,4.7253733,2085
25678,r2i1p1f1,2085,04,21,0.0,22.699047,5.6842103,2085
25679,r2i1p1f1,2085,04,22,0.0,19.010489,4.149015,2085
25680,r2i1p1f1,2085,04,23,0.0,15.588213,4.145089,2085
25681,r2i1p1f1,2085,04,24,0.8798658667169198,13.953405,3.7031758,2085
25682,r2i1p1f1,2085,04,25,14.434004807341038,11.108108,2.164178,2085
25683,r2i1p1f1,2085,04,26,2.6309474726618785,18.844784,4.510203,2085
25684,r2i1p1f1,2085,04,27,0.0,22.800741,6.8974705,2085
25685,r2i1p1f1,2085,04,28,0.0,21.760557,6.924293,2085
25686,r2i1p1f1,2085,04,29,0.0,20.40126,4.973927,2085
25687,r2i1p1f1,2085,04,30,5.944075822369016,13.792857,0.31275,2085
25688,r2i1p1f1,2085,05,01,0.09210120368222235,15.005971,2.7739697,2085
25689,r2i1p1f1,2085,05,02,0.014128036295565275,18.967806,3.4348614,2085
25690,r2i1p1f1,2085,05,03,0.0,24.24397,7.014634,2085
25691,r2i1p1f1,2085,05,04,0.0,26.506554,10.42793,2085
25692,r2i1p1f1,2085,05,05,0.0,26.608105,11.135695,2085
25693,r2i1p1f1,2085,05,06,0.30223337705068004,23.470066,7.5935965,2085
25694,r2i1p1f1,2085,05,07,13.43387740288073,15.219268,1.0707417,2085
25695,r2i1p1f1,2085,05,08,2.708867346630611,12.892238,1.5298998,2085
25696,r2i1p1f1,2085,05,09,5.517665061391269,13.749436,-0.70278233,2085
25697,r2i1p1f1,2085,05,10,0.0,21.06833,5.139674,2085
25698,r2i1p1f1,2085,05,11,0.0,22.939508,7.3772597,2085
25699,r2i1p1f1,2085,05,12,0.03730358954411573,19.708483,4.241013,2085
25700,r2i1p1f1,2085,05,13,3.52272480471706,18.933666,8.150907,2085
25701,r2i1p1f1,2085,05,14,9.096258486086018,12.4506035,8.21767,2085
25702,r2i1p1f1,2085,05,15,4.233214821687607,16.570528,2.2125075,2085
25703,r2i1p1f1,2085,05,16,0.0,17.268507,2.7913074,2085
25704,r2i1p1f1,2085,05,17,0.0,20.0095,4.1828895,2085
25705,r2i1p1f1,2085,05,18,6.253140927023756,17.732805,1.6548834,2085
25706,r2i1p1f1,2085,05,19,0.0,22.134237,5.9764276,2085
25707,r2i1p1f1,2085,05,20,0.0,21.857079,5.788662,2085
25708,r2i1p1f1,2085,05,21,0.0,21.30439,6.065526,2085
25709,r2i1p1f1,2085,05,22,0.0,21.301165,5.3351464,2085
25710,r2i1p1f1,2085,05,23,0.0,21.296562,5.2797136,2085
25711,r2i1p1f1,2085,05,24,0.0,23.324062,6.6905847,2085
25712,r2i1p1f1,2085,05,25,0.0,28.225767,10.541618,2085
25713,r2i1p1f1,2085,05,26,0.0,29.433695,13.453848,2085
25714,r2i1p1f1,2085,05,27,0.0,30.328037,13.440149,2085
25715,r2i1p1f1,2085,05,28,0.0,29.58724,12.979707,2085
25716,r2i1p1f1,2085,05,29,0.0,26.338388,10.196771,2085
25717,r2i1p1f1,2085,05,30,0.0,26.12813,9.832541,2085
25718,r2i1p1f1,2085,05,31,0.0,28.674662,12.222319,2085
25719,r2i1p1f1,2085,06,01,0.0,30.769926,13.6457815,2085
25720,r2i1p1f1,2085,06,02,0.7366618815397558,31.567352,14.1473875,2085
25721,r2i1p1f1,2085,06,03,1.7582887052797629,20.381624,8.121323,2085
25722,r2i1p1f1,2085,06,04,5.1278609479945425,17.497625,5.7694945,2085
25723,r2i1p1f1,2085,06,05,0.0,19.87263,8.121274,2085
25724,r2i1p1f1,2085,06,06,9.281981408024036,20.716438,6.0175047,2085
25725,r2i1p1f1,2085,06,07,4.283443568643774,19.955103,9.232921,2085
25726,r2i1p1f1,2085,06,08,16.325918604231376,13.747471,7.847013,2085
25727,r2i1p1f1,2085,06,09,1.2200791996292537,14.809808,9.885181,2085
25728,r2i1p1f1,2085,06,10,0.0,20.346718,11.316683,2085
25729,r2i1p1f1,2085,06,11,0.09073958419601415,28.036928,9.093304,2085
25730,r2i1p1f1,2085,06,12,0.0,30.50212,13.493484,2085
25731,r2i1p1f1,2085,06,13,0.24985657740986567,30.808353,14.256114,2085
25732,r2i1p1f1,2085,06,14,0.0,28.932661,13.623555,2085
25733,r2i1p1f1,2085,06,15,0.0,29.267391,13.499422,2085
25734,r2i1p1f1,2085,06,16,0.0,28.621382,12.02917,2085
25735,r2i1p1f1,2085,06,17,0.0,24.912409,9.063095,2085
25736,r2i1p1f1,2085,06,18,0.0,26.044819,8.617971,2085
25737,r2i1p1f1,2085,06,19,0.0,26.001028,9.075506,2085
25738,r2i1p1f1,2085,06,20,3.4772047284465,22.109322,6.1242003,2085
25739,r2i1p1f1,2085,06,21,0.02734884365054313,22.599333,8.762872,2085
25740,r2i1p1f1,2085,06,22,0.0,25.443169,9.226068,2085
25741,r2i1p1f1,2085,06,23,0.0,29.362783,12.090691,2085
25742,r2i1p1f1,2085,06,24,0.0,29.014326,13.537395,2085
25743,r2i1p1f1,2085,06,25,0.0,28.243721,13.272358,2085
25744,r2i1p1f1,2085,06,26,0.0,28.49625,13.347789,2085
25745,r2i1p1f1,2085,06,27,0.0,30.499737,12.157632,2085
25746,r2i1p1f1,2085,06,28,0.0,31.461332,13.271968,2085
25747,r2i1p1f1,2085,06,29,0.0,31.862743,13.78982,2085
25748,r2i1p1f1,2085,06,30,0.0,32.84838,14.852076,2085
25749,r2i1p1f1,2085,07,01,0.0,37.054874,17.930626,2085
25750,r2i1p1f1,2085,07,02,0.0,39.04516,22.086758,2085
25751,r2i1p1f1,2085,07,03,0.0,38.96423,21.870163,2085
25752,r2i1p1f1,2085,07,04,0.0,36.267082,19.276564,2085
25753,r2i1p1f1,2085,07,05,0.0,31.464561,15.696416,2085
25754,r2i1p1f1,2085,07,06,0.0,29.931128,14.649756,2085
25755,r2i1p1f1,2085,07,07,0.0,32.369793,14.755666,2085
25756,r2i1p1f1,2085,07,08,0.0,34.002537,15.952754,2085
25757,r2i1p1f1,2085,07,09,0.0,33.669605,17.0481,2085
25758,r2i1p1f1,2085,07,10,0.2845634379879742,34.460514,17.0772,2085
25759,r2i1p1f1,2085,07,11,0.0,32.785625,17.126257,2085
25760,r2i1p1f1,2085,07,12,0.0,32.08779,16.020426,2085
25761,r2i1p1f1,2085,07,13,0.0,30.82417,15.334366,2085
25762,r2i1p1f1,2085,07,14,0.0,30.106958,13.960136,2085
25763,r2i1p1f1,2085,07,15,0.0,29.72958,13.524697,2085
25764,r2i1p1f1,2085,07,16,0.0,29.68601,14.652256,2085
25765,r2i1p1f1,2085,07,17,0.0,29.307404,13.549673,2085
25766,r2i1p1f1,2085,07,18,0.0,29.349413,13.035856,2085
25767,r2i1p1f1,2085,07,19,0.0,31.070547,14.045215,2085
25768,r2i1p1f1,2085,07,20,0.0,33.209858,16.164614,2085
25769,r2i1p1f1,2085,07,21,0.0,34.28293,16.309868,2085
25770,r2i1p1f1,2085,07,22,0.0,35.469036,17.437223,2085
25771,r2i1p1f1,2085,07,23,0.0,36.125587,18.366564,2085
25772,r2i1p1f1,2085,07,24,0.0,36.502052,18.432343,2085
25773,r2i1p1f1,2085,07,25,0.0,34.526592,16.849655,2085
25774,r2i1p1f1,2085,07,26,0.0,32.272804,16.749622,2085
25775,r2i1p1f1,2085,07,27,0.0,32.571503,17.164478,2085
25776,r2i1p1f1,2085,07,28,0.0,32.72076,16.574291,2085
25777,r2i1p1f1,2085,07,29,0.0,31.733707,14.627094,2085
25778,r2i1p1f1,2085,07,30,0.0,32.17802,15.112849,2085
25779,r2i1p1f1,2085,07,31,0.0,31.722017,14.985471,2085
25780,r2i1p1f1,2085,08,01,0.0,29.761166,12.923233,2085
25781,r2i1p1f1,2085,08,02,0.0,31.679293,13.496917,2085
25782,r2i1p1f1,2085,08,03,0.0,32.49612,15.216978,2085
25783,r2i1p1f1,2085,08,04,0.0,33.422604,15.929385,2085
25784,r2i1p1f1,2085,08,05,0.0,33.082153,15.328672,2085
25785,r2i1p1f1,2085,08,06,0.0,33.50484,16.476114,2085
25786,r2i1p1f1,2085,08,07,0.0,34.341473,16.770958,2085
25787,r2i1p1f1,2085,08,08,0.0,35.40838,17.951117,2085
25788,r2i1p1f1,2085,08,09,0.0,36.221943,18.695618,2085
25789,r2i1p1f1,2085,08,10,0.0,35.310894,17.907248,2085
25790,r2i1p1f1,2085,08,11,0.0,36.507725,18.532501,2085
25791,r2i1p1f1,2085,08,12,0.2604912879458145,37.65406,20.513184,2085
25792,r2i1p1f1,2085,08,13,9.864393176898234,36.00497,18.986942,2085
25793,r2i1p1f1,2085,08,14,1.7298925253551436,35.239132,18.140436,2085
25794,r2i1p1f1,2085,08,15,0.0,34.03298,17.129185,2085
25795,r2i1p1f1,2085,08,16,0.0,33.140457,15.724297,2085
25796,r2i1p1f1,2085,08,17,0.0,33.101254,15.566553,2085
25797,r2i1p1f1,2085,08,18,0.0,29.162842,12.339002,2085
25798,r2i1p1f1,2085,08,19,0.0,25.870127,10.866243,2085
25799,r2i1p1f1,2085,08,20,0.0,23.556448,9.580225,2085
25800,r2i1p1f1,2085,08,21,0.0,25.810163,10.676098,2085
25801,r2i1p1f1,2085,08,22,0.0,26.092398,11.3182125,2085
25802,r2i1p1f1,2085,08,23,0.0,26.693476,11.009805,2085
25803,r2i1p1f1,2085,08,24,0.0,26.257677,10.6701565,2085
25804,r2i1p1f1,2085,08,25,0.0,27.183868,10.58192,2085
25805,r2i1p1f1,2085,08,26,0.0,28.881735,11.958154,2085
25806,r2i1p1f1,2085,08,27,0.0,29.82393,12.891729,2085
25807,r2i1p1f1,2085,08,28,0.0,31.669209,14.453549,2085
25808,r2i1p1f1,2085,08,29,0.0,33.423126,15.803489,2085
25809,r2i1p1f1,2085,08,30,0.0,33.322487,16.05096,2085
25810,r2i1p1f1,2085,08,31,0.0,32.977776,15.959944,2085
25811,r2i1p1f1,2085,09,01,0.10730551629631709,31.572472,16.940273,2085
25812,r2i1p1f1,2085,09,02,0.0,31.58006,17.519821,2085
25813,r2i1p1f1,2085,09,03,0.0,32.768517,17.784712,2085
25814,r2i1p1f1,2085,09,04,0.0,33.4934,18.024614,2085
25815,r2i1p1f1,2085,09,05,0.0,34.08368,17.590523,2085
25816,r2i1p1f1,2085,09,06,0.0,33.080868,17.703575,2085
25817,r2i1p1f1,2085,09,07,0.0,32.366028,17.210485,2085
25818,r2i1p1f1,2085,09,08,0.0,32.325233,17.215359,2085
25819,r2i1p1f1,2085,09,09,0.0,31.929735,16.564898,2085
25820,r2i1p1f1,2085,09,10,0.0,31.086197,14.707017,2085
25821,r2i1p1f1,2085,09,11,0.0,29.067862,12.984924,2085
25822,r2i1p1f1,2085,09,12,0.0,27.611347,12.345997,2085
25823,r2i1p1f1,2085,09,13,0.0,30.995777,14.193193,2085
25824,r2i1p1f1,2085,09,14,0.0,32.82407,16.740892,2085
25825,r2i1p1f1,2085,09,15,0.0,32.892715,16.17861,2085
25826,r2i1p1f1,2085,09,16,0.0,32.791668,16.562027,2085
25827,r2i1p1f1,2085,09,17,0.0,32.103577,15.797011,2085
25828,r2i1p1f1,2085,09,18,0.0,31.923866,16.072208,2085
25829,r2i1p1f1,2085,09,19,0.0,32.003338,16.952099,2085
25830,r2i1p1f1,2085,09,20,0.0,31.664457,16.57501,2085
25831,r2i1p1f1,2085,09,21,0.0,32.399704,16.48128,2085
25832,r2i1p1f1,2085,09,22,0.0,34.629177,18.5035,2085
25833,r2i1p1f1,2085,09,23,0.0,35.74673,19.64039,2085
25834,r2i1p1f1,2085,09,24,0.0,36.063416,18.828407,2085
25835,r2i1p1f1,2085,09,25,0.0,34.575623,16.615143,2085
25836,r2i1p1f1,2085,09,26,0.0,30.365234,14.167859,2085
25837,r2i1p1f1,2085,09,27,0.0,31.304775,13.365749,2085
25838,r2i1p1f1,2085,09,28,0.0,31.594276,14.692137,2085
25839,r2i1p1f1,2085,09,29,0.0,31.502392,14.291995,2085
25840,r2i1p1f1,2085,09,30,0.0,31.954664,13.643721,2085
25841,r2i1p1f1,2085,10,01,0.0,32.722454,15.204283,2085
25842,r2i1p1f1,2085,10,02,0.0,32.862404,17.42212,2085
25843,r2i1p1f1,2085,10,03,0.0,33.259266,17.838776,2085
25844,r2i1p1f1,2085,10,04,0.0,32.36742,16.801899,2085
25845,r2i1p1f1,2085,10,05,0.01842912427561644,33.222794,18.173378,2085
25846,r2i1p1f1,2085,10,06,0.25958013206596103,31.398983,14.805171,2085
25847,r2i1p1f1,2085,10,07,0.0,31.83899,16.990788,2085
25848,r2i1p1f1,2085,10,08,0.0,32.275906,18.353497,2085
25849,r2i1p1f1,2085,10,09,0.03648418258902753,33.30822,17.316456,2085
25850,r2i1p1f1,2085,10,10,1.5992899123270594,27.517788,12.997165,2085
25851,r2i1p1f1,2085,10,11,0.0,29.280699,14.325734,2085
25852,r2i1p1f1,2085,10,12,0.0,31.241686,14.290464,2085
25853,r2i1p1f1,2085,10,13,0.0,29.879438,13.573076,2085
25854,r2i1p1f1,2085,10,14,0.09874476406121875,27.337105,14.243607,2085
25855,r2i1p1f1,2085,10,15,0.054876003239839447,27.691235,13.283344,2085
25856,r2i1p1f1,2085,10,16,0.0,27.469936,12.632348,2085
25857,r2i1p1f1,2085,10,17,0.0,24.899662,9.97625,2085
25858,r2i1p1f1,2085,10,18,0.0,24.911638,9.67936,2085
25859,r2i1p1f1,2085,10,19,0.0,24.402716,8.255129,2085
25860,r2i1p1f1,2085,10,20,0.0,20.519182,5.541102,2085
25861,r2i1p1f1,2085,10,21,0.0,20.825048,2.2839077,2085
25862,r2i1p1f1,2085,10,22,0.0,21.5764,3.4202678,2085
25863,r2i1p1f1,2085,10,23,0.0,18.485468,5.196046,2085
25864,r2i1p1f1,2085,10,24,1.1612309376897219,18.539,5.4804993,2085
25865,r2i1p1f1,2085,10,25,0.0,19.635214,4.045056,2085
25866,r2i1p1f1,2085,10,26,0.0,21.36379,5.9860024,2085
25867,r2i1p1f1,2085,10,27,0.0,21.586842,6.6383986,2085
25868,r2i1p1f1,2085,10,28,0.0,23.670845,8.151718,2085
25869,r2i1p1f1,2085,10,29,0.0,27.993534,11.916094,2085
25870,r2i1p1f1,2085,10,30,0.0,28.725077,12.611319,2085
25871,r2i1p1f1,2085,10,31,0.0,28.643871,12.239262,2085
25872,r2i1p1f1,2085,11,01,0.0,26.6758,11.511015,2085
25873,r2i1p1f1,2085,11,02,0.0,19.921427,4.2891116,2085
25874,r2i1p1f1,2085,11,03,0.0,14.1299925,-0.9645058,2085
25875,r2i1p1f1,2085,11,04,0.0,14.531016,-1.7094272,2085
25876,r2i1p1f1,2085,11,05,0.0,12.902634,-1.229705,2085
25877,r2i1p1f1,2085,11,06,0.0,15.725195,0.034540422,2085
25878,r2i1p1f1,2085,11,07,0.0,17.044584,1.2322375,2085
25879,r2i1p1f1,2085,11,08,0.0,16.824018,-0.14793083,2085
25880,r2i1p1f1,2085,11,09,0.0,14.861289,0.55909866,2085
25881,r2i1p1f1,2085,11,10,0.0,12.962144,-1.3588605,2085
25882,r2i1p1f1,2085,11,11,0.0,17.701574,-1.035956,2085
25883,r2i1p1f1,2085,11,12,0.0,16.591257,3.31894,2085
25884,r2i1p1f1,2085,11,13,0.0,18.545723,5.8242803,2085
25885,r2i1p1f1,2085,11,14,0.0,18.737411,6.0961404,2085
25886,r2i1p1f1,2085,11,15,0.0,19.496094,4.902098,2085
25887,r2i1p1f1,2085,11,16,0.0,23.291542,5.5706754,2085
25888,r2i1p1f1,2085,11,17,0.0,24.596684,6.0228,2085
25889,r2i1p1f1,2085,11,18,0.0,24.865576,7.8698597,2085
25890,r2i1p1f1,2085,11,19,0.0,25.067085,6.5200987,2085
25891,r2i1p1f1,2085,11,20,0.0,24.975082,5.473319,2085
25892,r2i1p1f1,2085,11,21,0.0,24.887299,6.2697983,2085
25893,r2i1p1f1,2085,11,22,0.0,24.436903,7.528375,2085
25894,r2i1p1f1,2085,11,23,0.0,20.214857,5.807618,2085
25895,r2i1p1f1,2085,11,24,0.0,19.343468,3.617146,2085
25896,r2i1p1f1,2085,11,25,0.0,18.313225,2.57419,2085
25897,r2i1p1f1,2085,11,26,0.0,18.867207,1.5658798,2085
25898,r2i1p1f1,2085,11,27,0.0,20.643194,3.349552,2085
25899,r2i1p1f1,2085,11,28,0.0,24.073544,4.2065268,2085
25900,r2i1p1f1,2085,11,29,0.0,25.270155,4.607682,2085
25901,r2i1p1f1,2085,11,30,0.0,24.688221,6.123875,2085
25902,r2i1p1f1,2085,12,01,0.0,21.435137,7.7380385,2085
25903,r2i1p1f1,2085,12,02,0.0,21.685644,6.4057975,2085
25904,r2i1p1f1,2085,12,03,0.0,21.493467,8.244639,2085
25905,r2i1p1f1,2085,12,04,0.0,21.503633,9.915676,2085
25906,r2i1p1f1,2085,12,05,0.0,22.125025,10.090942,2085
25907,r2i1p1f1,2085,12,06,0.0,22.151896,9.188935,2085
25908,r2i1p1f1,2085,12,07,0.0,24.038141,10.35112,2085
25909,r2i1p1f1,2085,12,08,0.0,23.206675,9.590908,2085
25910,r2i1p1f1,2085,12,09,0.0,21.705763,6.0328097,2085
25911,r2i1p1f1,2085,12,10,0.0,22.66646,10.692212,2085
25912,r2i1p1f1,2085,12,11,0.0,23.472725,8.880257,2085
25913,r2i1p1f1,2085,12,12,0.0,22.405216,9.177945,2085
25914,r2i1p1f1,2085,12,13,0.0,22.154161,9.468242,2085
25915,r2i1p1f1,2085,12,14,0.0,21.88854,8.135268,2085
25916,r2i1p1f1,2085,12,15,0.0,22.228298,7.3227243,2085
25917,r2i1p1f1,2085,12,16,0.0,23.22839,10.465432,2085
25918,r2i1p1f1,2085,12,17,0.0,23.743523,8.354094,2085
25919,r2i1p1f1,2085,12,18,0.0,22.58602,9.30235,2085
25920,r2i1p1f1,2085,12,19,0.0,23.079655,8.553986,2085
25921,r2i1p1f1,2085,12,20,0.0,22.459978,7.0388465,2085
25922,r2i1p1f1,2085,12,21,0.0,20.118494,5.4207387,2085
25923,r2i1p1f1,2085,12,22,0.0,19.283895,4.7733865,2085
25924,r2i1p1f1,2085,12,23,0.0,18.912195,4.03927,2085
25925,r2i1p1f1,2085,12,24,0.0,19.974058,4.0497828,2085
25926,r2i1p1f1,2085,12,25,0.0,20.474308,4.4604726,2085
25927,r2i1p1f1,2085,12,26,0.0,21.208206,4.97098,2085
25928,r2i1p1f1,2085,12,27,0.0,20.913715,5.159087,2085
25929,r2i1p1f1,2085,12,28,0.0,18.89698,6.9695606,2085
25930,r2i1p1f1,2085,12,29,18.247846709877756,11.345329,6.4104066,2085
25931,r2i1p1f1,2085,12,30,0.06638712825056595,9.440786,1.8877814,2085
25932,r2i1p1f1,2085,12,31,22.0587290387182,8.624719,-3.3854878,2085
25933,r2i1p1f1,2086,01,01,0.0,6.570785,-7.5856247,2086
25934,r2i1p1f1,2086,01,02,0.0,7.205814,-5.01272,2086
25935,r2i1p1f1,2086,01,03,32.55541183215637,2.7460866,-4.153347,2086
25936,r2i1p1f1,2086,01,04,49.12838556427652,3.4776855,-1.5262753,2086
25937,r2i1p1f1,2086,01,05,10.450433737871489,5.5102844,-2.1291943,2086
25938,r2i1p1f1,2086,01,06,38.960854530943415,3.784248,0.06771645,2086
25939,r2i1p1f1,2086,01,07,42.572885948734786,12.121668,-1.6717453,2086
25940,r2i1p1f1,2086,01,08,2.577023290471586,13.019052,1.3149884,2086
25941,r2i1p1f1,2086,01,09,0.24338910778589287,5.351753,2.0512013,2086
25942,r2i1p1f1,2086,01,10,13.101884195482572,5.872721,-5.4828906,2086
25943,r2i1p1f1,2086,01,11,0.0,6.0941067,-5.6167893,2086
25944,r2i1p1f1,2086,01,12,0.0,7.9327817,-6.725215,2086
25945,r2i1p1f1,2086,01,13,10.277645019372217,7.608469,-4.9748526,2086
25946,r2i1p1f1,2086,01,14,2.5061330648650957,6.0119195,2.2727027,2086
25947,r2i1p1f1,2086,01,15,10.195971178612895,5.994303,-1.0491889,2086
25948,r2i1p1f1,2086,01,16,10.209311248763697,6.5032578,1.2038869,2086
25949,r2i1p1f1,2086,01,17,41.365581251851,6.250403,-3.7171557,2086
25950,r2i1p1f1,2086,01,18,18.14020244077815,1.8759359,-2.4102123,2086
25951,r2i1p1f1,2086,01,19,0.025807770872723686,6.9064183,-0.4225633,2086
25952,r2i1p1f1,2086,01,20,193.07618650177923,13.861831,1.6717694,2086
25953,r2i1p1f1,2086,01,21,43.73239615575025,13.062219,-1.2436669,2086
25954,r2i1p1f1,2086,01,22,7.2458971755203,1.3669125,-5.9132595,2086
25955,r2i1p1f1,2086,01,23,0.0,1.8962089,-8.133865,2086
25956,r2i1p1f1,2086,01,24,0.0,7.2772684,-7.7081738,2086
25957,r2i1p1f1,2086,01,25,0.0,12.876797,-3.5535192,2086
25958,r2i1p1f1,2086,01,26,0.0,8.311249,-3.7174037,2086
25959,r2i1p1f1,2086,01,27,0.0,9.9620905,-3.6745677,2086
25960,r2i1p1f1,2086,01,28,0.0,6.9831934,-3.2298,2086
25961,r2i1p1f1,2086,01,29,14.452196276453414,2.7944217,-1.1524029,2086
25962,r2i1p1f1,2086,01,30,1.8822408220960194,6.336204,-3.0213194,2086
25963,r2i1p1f1,2086,01,31,0.0,10.845819,-4.8206515,2086
25964,r2i1p1f1,2086,02,01,0.5194173533219817,9.454116,-0.8509268,2086
25965,r2i1p1f1,2086,02,02,0.0,18.52863,3.6428955,2086
25966,r2i1p1f1,2086,02,03,0.0,20.606749,6.018379,2086
25967,r2i1p1f1,2086,02,04,0.0,20.034637,4.6470284,2086
25968,r2i1p1f1,2086,02,05,0.0,19.696547,4.6647744,2086
25969,r2i1p1f1,2086,02,06,0.0,20.835361,8.423382,2086
25970,r2i1p1f1,2086,02,07,0.0,21.036205,6.0413074,2086
25971,r2i1p1f1,2086,02,08,0.0,14.380339,-2.6595094,2086
25972,r2i1p1f1,2086,02,09,0.0,12.907874,-1.7327219,2086
25973,r2i1p1f1,2086,02,10,0.0,17.68784,2.1859193,2086
25974,r2i1p1f1,2086,02,11,0.0,19.869228,3.8307183,2086
25975,r2i1p1f1,2086,02,12,12.763705090401345,16.39624,2.2057629,2086
25976,r2i1p1f1,2086,02,13,58.63209897741819,9.079266,2.891289,2086
25977,r2i1p1f1,2086,02,14,26.365212757865756,10.123939,3.731814,2086
25978,r2i1p1f1,2086,02,15,10.557152199320486,10.80897,1.6452367,2086
25979,r2i1p1f1,2086,02,16,105.20786178083374,9.014221,0.7279483,2086
25980,r2i1p1f1,2086,02,17,0.0,8.209634,-2.2368555,2086
25981,r2i1p1f1,2086,02,18,0.0,17.031769,1.3818716,2086
25982,r2i1p1f1,2086,02,19,0.0,18.960236,4.275337,2086
25983,r2i1p1f1,2086,02,20,0.0,18.371466,4.2050095,2086
25984,r2i1p1f1,2086,02,21,10.237922314347369,5.9327555,-0.06609198,2086
25985,r2i1p1f1,2086,02,22,4.709918710313314,2.725085,-1.34055,2086
25986,r2i1p1f1,2086,02,23,0.0,5.906025,-3.172705,2086
25987,r2i1p1f1,2086,02,24,0.0,16.452812,1.0841683,2086
25988,r2i1p1f1,2086,02,25,0.0,14.486649,2.8020349,2086
25989,r2i1p1f1,2086,02,26,13.482981976658966,8.142222,-0.1706538,2086
25990,r2i1p1f1,2086,02,27,31.682981742778793,7.718695,2.9805486,2086
25991,r2i1p1f1,2086,02,28,0.07809343444254051,12.525804,3.4249651,2086
25992,r2i1p1f1,2086,03,01,0.0,17.0613,3.1369035,2086
25993,r2i1p1f1,2086,03,02,41.365175255431005,10.953969,3.301151,2086
25994,r2i1p1f1,2086,03,03,97.16299899782126,9.369647,-1.627532,2086
25995,r2i1p1f1,2086,03,04,15.937467535807697,4.1151204,-1.8378451,2086
25996,r2i1p1f1,2086,03,05,4.006982491626752,9.644089,2.0302942,2086
25997,r2i1p1f1,2086,03,06,0.8730198985666413,9.912275,3.147198,2086
25998,r2i1p1f1,2086,03,07,0.0,16.233768,1.354723,2086
25999,r2i1p1f1,2086,03,08,0.0,15.9838915,2.2791557,2086
26000,r2i1p1f1,2086,03,09,0.0,17.918045,2.310229,2086
26001,r2i1p1f1,2086,03,10,0.0,17.516144,3.4225903,2086
26002,r2i1p1f1,2086,03,11,0.0,16.682217,4.183282,2086
26003,r2i1p1f1,2086,03,12,0.0,18.424818,4.0357904,2086
26004,r2i1p1f1,2086,03,13,0.0,16.93186,0.2677711,2086
26005,r2i1p1f1,2086,03,14,16.393901940766508,5.0640717,-1.3715894,2086
26006,r2i1p1f1,2086,03,15,12.42397833389427,2.8859448,-3.4874353,2086
26007,r2i1p1f1,2086,03,16,50.89141787835755,6.462812,-0.26587883,2086
26008,r2i1p1f1,2086,03,17,43.17245515278326,6.978118,-0.17781146,2086
26009,r2i1p1f1,2086,03,18,52.959703784794186,9.48371,-4.0458074,2086
26010,r2i1p1f1,2086,03,19,7.812073890314563,9.582887,3.7970989,2086
26011,r2i1p1f1,2086,03,20,6.946322620262015,9.771268,4.965037,2086
26012,r2i1p1f1,2086,03,21,0.6694521602884589,13.121673,0.6180456,2086
26013,r2i1p1f1,2086,03,22,0.0,15.734929,0.2480099,2086
26014,r2i1p1f1,2086,03,23,0.0,14.488149,3.5824952,2086
26015,r2i1p1f1,2086,03,24,0.0,20.179356,3.4466698,2086
26016,r2i1p1f1,2086,03,25,0.0,21.795078,5.539647,2086
26017,r2i1p1f1,2086,03,26,0.0,20.804785,3.695949,2086
26018,r2i1p1f1,2086,03,27,10.725745863433426,13.536951,-0.45014825,2086
26019,r2i1p1f1,2086,03,28,19.75377945776787,9.229482,-3.487311,2086
26020,r2i1p1f1,2086,03,29,1.8191300265068724,9.773302,-2.8114662,2086
26021,r2i1p1f1,2086,03,30,8.1215975723423,9.913079,2.421357,2086
26022,r2i1p1f1,2086,03,31,0.0,12.278329,1.3982812,2086
26023,r2i1p1f1,2086,04,01,0.0,14.263037,2.1388805,2086
26024,r2i1p1f1,2086,04,02,0.24641725523486877,13.157507,1.4162467,2086
26025,r2i1p1f1,2086,04,03,0.0,14.394563,2.4619153,2086
26026,r2i1p1f1,2086,04,04,2.5186432114703794,11.631401,-1.96122,2086
26027,r2i1p1f1,2086,04,05,0.06577202450269116,17.227173,1.3724574,2086
26028,r2i1p1f1,2086,04,06,0.0,20.09842,2.1004474,2086
26029,r2i1p1f1,2086,04,07,0.0,21.608337,3.410725,2086
26030,r2i1p1f1,2086,04,08,0.0,19.844887,3.7008967,2086
26031,r2i1p1f1,2086,04,09,0.0884895996792833,7.0309606,-3.358813,2086
26032,r2i1p1f1,2086,04,10,0.0,7.728375,-4.8457284,2086
26033,r2i1p1f1,2086,04,11,0.6832270782528946,7.8742886,-3.753084,2086
26034,r2i1p1f1,2086,04,12,18.27785955494899,6.2533484,-1.7637869,2086
26035,r2i1p1f1,2086,04,13,9.721123085693343,12.020574,-1.2453511,2086
26036,r2i1p1f1,2086,04,14,0.5531105334669589,16.847588,5.9532194,2086
26037,r2i1p1f1,2086,04,15,0.0,23.602718,6.6780143,2086
26038,r2i1p1f1,2086,04,16,0.0,25.828152,9.431015,2086
26039,r2i1p1f1,2086,04,17,0.0,24.118797,8.3589325,2086
26040,r2i1p1f1,2086,04,18,0.0,24.095667,8.428337,2086
26041,r2i1p1f1,2086,04,19,0.0,25.422638,9.512378,2086
26042,r2i1p1f1,2086,04,20,0.09358863198066011,21.317486,7.5206876,2086
26043,r2i1p1f1,2086,04,21,34.986880942597054,13.059356,2.8079455,2086
26044,r2i1p1f1,2086,04,22,0.0,16.928673,4.2899504,2086
26045,r2i1p1f1,2086,04,23,0.0,20.910372,4.274101,2086
26046,r2i1p1f1,2086,04,24,0.0,23.421783,6.035637,2086
26047,r2i1p1f1,2086,04,25,0.0,23.419773,7.4156275,2086
26048,r2i1p1f1,2086,04,26,7.811676572488907,16.275436,0.9223645,2086
26049,r2i1p1f1,2086,04,27,41.321977694930794,12.239852,4.988383,2086
26050,r2i1p1f1,2086,04,28,24.873840313207786,11.894479,3.3363512,2086
26051,r2i1p1f1,2086,04,29,4.469027317995474,14.942012,4.462351,2086
26052,r2i1p1f1,2086,04,30,0.4122775643526648,20.949228,4.0538516,2086
26053,r2i1p1f1,2086,05,01,9.075971062142903,17.595541,8.224076,2086
26054,r2i1p1f1,2086,05,02,4.982420550536167,19.4254,3.866198,2086
26055,r2i1p1f1,2086,05,03,0.0,26.443468,9.496627,2086
26056,r2i1p1f1,2086,05,04,0.0,27.835033,10.619666,2086
26057,r2i1p1f1,2086,05,05,0.0,27.974491,10.547034,2086
26058,r2i1p1f1,2086,05,06,0.0,25.59824,9.592806,2086
26059,r2i1p1f1,2086,05,07,7.02750719717467,17.982866,2.923525,2086
26060,r2i1p1f1,2086,05,08,0.0,25.77789,9.941809,2086
26061,r2i1p1f1,2086,05,09,0.0,27.419634,11.841603,2086
26062,r2i1p1f1,2086,05,10,0.0,27.712242,10.800474,2086
26063,r2i1p1f1,2086,05,11,0.0,24.088305,8.027955,2086
26064,r2i1p1f1,2086,05,12,0.0,25.62653,9.597608,2086
26065,r2i1p1f1,2086,05,13,0.0,25.12312,9.496994,2086
26066,r2i1p1f1,2086,05,14,0.0,25.768976,9.573208,2086
26067,r2i1p1f1,2086,05,15,0.0,29.260323,11.881032,2086
26068,r2i1p1f1,2086,05,16,0.0,30.475477,13.275625,2086
26069,r2i1p1f1,2086,05,17,0.0,29.891552,12.21493,2086
26070,r2i1p1f1,2086,05,18,0.0,26.583696,9.541833,2086
26071,r2i1p1f1,2086,05,19,0.09273960212550054,22.669914,6.4221506,2086
26072,r2i1p1f1,2086,05,20,20.673989108763635,13.074324,4.2000246,2086
26073,r2i1p1f1,2086,05,21,77.72077563702344,11.208949,5.620493,2086
26074,r2i1p1f1,2086,05,22,21.593214130441012,10.868632,5.299045,2086
26075,r2i1p1f1,2086,05,23,11.34896502410881,11.602737,5.7451706,2086
26076,r2i1p1f1,2086,05,24,0.16763977748024234,16.3591,7.36706,2086
26077,r2i1p1f1,2086,05,25,18.35757743465365,16.651266,4.5867243,2086
26078,r2i1p1f1,2086,05,26,0.0,23.533525,6.7842994,2086
26079,r2i1p1f1,2086,05,27,0.0,27.037767,10.10905,2086
26080,r2i1p1f1,2086,05,28,0.0,28.094341,12.828315,2086
26081,r2i1p1f1,2086,05,29,0.0,26.88479,11.244348,2086
26082,r2i1p1f1,2086,05,30,6.045939482289843,19.642044,4.650425,2086
26083,r2i1p1f1,2086,05,31,0.9013189311505042,15.880224,4.170202,2086
26084,r2i1p1f1,2086,06,01,0.011339133120950114,18.766424,4.121509,2086
26085,r2i1p1f1,2086,06,02,0.0,17.912416,5.3386655,2086
26086,r2i1p1f1,2086,06,03,0.0,19.857216,3.9590485,2086
26087,r2i1p1f1,2086,06,04,0.0,26.51357,8.462958,2086
26088,r2i1p1f1,2086,06,05,0.0,31.243881,14.644206,2086
26089,r2i1p1f1,2086,06,06,0.03574011047581175,33.690598,17.047544,2086
26090,r2i1p1f1,2086,06,07,0.0,30.811285,12.890012,2086
26091,r2i1p1f1,2086,06,08,0.0,28.864902,12.929771,2086
26092,r2i1p1f1,2086,06,09,0.0,30.53476,14.263381,2086
26093,r2i1p1f1,2086,06,10,0.0,29.938408,13.855174,2086
26094,r2i1p1f1,2086,06,11,0.0,30.433537,12.919234,2086
26095,r2i1p1f1,2086,06,12,0.0,31.883263,13.7384,2086
26096,r2i1p1f1,2086,06,13,0.45419254248862184,31.78477,14.850737,2086
26097,r2i1p1f1,2086,06,14,2.350588619964793,30.223501,13.271132,2086
26098,r2i1p1f1,2086,06,15,0.0,29.750841,12.846531,2086
26099,r2i1p1f1,2086,06,16,0.0,25.163803,9.31979,2086
26100,r2i1p1f1,2086,06,17,0.0,25.860731,8.627197,2086
26101,r2i1p1f1,2086,06,18,0.0,28.193935,11.770974,2086
26102,r2i1p1f1,2086,06,19,0.0,29.945541,12.872588,2086
26103,r2i1p1f1,2086,06,20,0.0,29.23897,12.49576,2086
26104,r2i1p1f1,2086,06,21,0.0,29.137682,12.852794,2086
26105,r2i1p1f1,2086,06,22,0.0,28.796724,13.460542,2086
26106,r2i1p1f1,2086,06,23,0.0,31.514408,13.896909,2086
26107,r2i1p1f1,2086,06,24,0.0,31.77415,13.218452,2086
26108,r2i1p1f1,2086,06,25,0.0,32.513767,14.00447,2086
26109,r2i1p1f1,2086,06,26,0.0,34.142395,14.892688,2086
26110,r2i1p1f1,2086,06,27,0.0,34.578587,16.047047,2086
26111,r2i1p1f1,2086,06,28,0.0,33.213505,15.021731,2086
26112,r2i1p1f1,2086,06,29,0.0,32.17316,13.628593,2086
26113,r2i1p1f1,2086,06,30,0.0,32.743614,14.416529,2086
26114,r2i1p1f1,2086,07,01,0.0,33.357056,15.189036,2086
26115,r2i1p1f1,2086,07,02,0.0,33.3857,14.575627,2086
26116,r2i1p1f1,2086,07,03,0.0,33.554043,14.815168,2086
26117,r2i1p1f1,2086,07,04,0.0,33.614132,15.714243,2086
26118,r2i1p1f1,2086,07,05,0.0,33.356262,16.864481,2086
26119,r2i1p1f1,2086,07,06,0.0,33.391624,16.55079,2086
26120,r2i1p1f1,2086,07,07,0.0,33.496445,15.137144,2086
26121,r2i1p1f1,2086,07,08,0.0,34.62128,16.21757,2086
26122,r2i1p1f1,2086,07,09,0.0,34.36718,17.67448,2086
26123,r2i1p1f1,2086,07,10,3.2642943051436863,35.90814,17.999136,2086
26124,r2i1p1f1,2086,07,11,0.010553000580470186,35.113583,17.615438,2086
26125,r2i1p1f1,2086,07,12,0.0,34.71515,16.929647,2086
26126,r2i1p1f1,2086,07,13,0.0,36.412205,17.686852,2086
26127,r2i1p1f1,2086,07,14,0.0,36.83547,19.12448,2086
26128,r2i1p1f1,2086,07,15,0.0,36.5806,18.193222,2086
26129,r2i1p1f1,2086,07,16,0.0,33.524498,16.391222,2086
26130,r2i1p1f1,2086,07,17,0.0,31.61033,14.053271,2086
26131,r2i1p1f1,2086,07,18,0.0,31.520346,16.044718,2086
26132,r2i1p1f1,2086,07,19,0.0,34.104786,15.947754,2086
26133,r2i1p1f1,2086,07,20,0.0,35.50358,17.217537,2086
26134,r2i1p1f1,2086,07,21,0.0,35.59868,18.138205,2086
26135,r2i1p1f1,2086,07,22,0.0,35.649334,17.647938,2086
26136,r2i1p1f1,2086,07,23,0.0,34.890095,17.74841,2086
26137,r2i1p1f1,2086,07,24,0.0,33.673862,16.287184,2086
26138,r2i1p1f1,2086,07,25,0.0,33.020447,16.208204,2086
26139,r2i1p1f1,2086,07,26,0.0,33.01619,15.907934,2086
26140,r2i1p1f1,2086,07,27,0.0,33.521595,15.814778,2086
26141,r2i1p1f1,2086,07,28,0.0,34.175842,16.678629,2086
26142,r2i1p1f1,2086,07,29,0.0,34.764862,17.131437,2086
26143,r2i1p1f1,2086,07,30,0.0,35.108963,18.089376,2086
26144,r2i1p1f1,2086,07,31,0.0,34.517117,17.776623,2086
26145,r2i1p1f1,2086,08,01,0.0,33.61089,16.432674,2086
26146,r2i1p1f1,2086,08,02,0.0,32.538597,15.720039,2086
26147,r2i1p1f1,2086,08,03,0.0,33.607365,16.25896,2086
26148,r2i1p1f1,2086,08,04,0.0,34.18655,16.439043,2086
26149,r2i1p1f1,2086,08,05,0.0,34.03421,16.465117,2086
26150,r2i1p1f1,2086,08,06,0.0,32.48923,15.005318,2086
26151,r2i1p1f1,2086,08,07,0.0,31.086142,13.694587,2086
26152,r2i1p1f1,2086,08,08,0.0,31.734562,14.990147,2086
26153,r2i1p1f1,2086,08,09,0.0,33.071358,15.993995,2086
26154,r2i1p1f1,2086,08,10,0.0,34.165646,16.572718,2086
26155,r2i1p1f1,2086,08,11,0.0,34.49237,16.687387,2086
26156,r2i1p1f1,2086,08,12,0.0,35.9578,19.349697,2086
26157,r2i1p1f1,2086,08,13,0.0,35.71202,18.60709,2086
26158,r2i1p1f1,2086,08,14,0.0,34.87224,17.42272,2086
26159,r2i1p1f1,2086,08,15,0.0,32.72099,15.411258,2086
26160,r2i1p1f1,2086,08,16,0.0,30.440033,13.876362,2086
26161,r2i1p1f1,2086,08,17,0.0,29.114115,12.713094,2086
26162,r2i1p1f1,2086,08,18,0.0,31.661236,14.915803,2086
26163,r2i1p1f1,2086,08,19,0.0,35.395657,18.441757,2086
26164,r2i1p1f1,2086,08,20,0.0,35.50049,19.256657,2086
26165,r2i1p1f1,2086,08,21,0.0,35.57107,18.856913,2086
26166,r2i1p1f1,2086,08,22,0.0,34.902046,17.456913,2086
26167,r2i1p1f1,2086,08,23,0.0,34.154724,16.227894,2086
26168,r2i1p1f1,2086,08,24,0.0,31.656788,14.013255,2086
26169,r2i1p1f1,2086,08,25,0.0,30.483492,13.301201,2086
26170,r2i1p1f1,2086,08,26,0.0,31.10006,14.083528,2086
26171,r2i1p1f1,2086,08,27,0.0,31.211748,16.235495,2086
26172,r2i1p1f1,2086,08,28,0.0,31.373032,15.016184,2086
26173,r2i1p1f1,2086,08,29,0.0,29.052011,12.560218,2086
26174,r2i1p1f1,2086,08,30,0.0,23.712292,9.313178,2086
26175,r2i1p1f1,2086,08,31,0.0,26.738432,9.395833,2086
26176,r2i1p1f1,2086,09,01,0.0,29.885529,13.909605,2086
26177,r2i1p1f1,2086,09,02,0.0,30.851982,15.584714,2086
26178,r2i1p1f1,2086,09,03,0.0,30.762579,15.038463,2086
26179,r2i1p1f1,2086,09,04,0.0,30.779005,15.164038,2086
26180,r2i1p1f1,2086,09,05,0.0,31.15752,15.872815,2086
26181,r2i1p1f1,2086,09,06,0.0,34.913586,17.087662,2086
26182,r2i1p1f1,2086,09,07,0.0,35.734657,18.969584,2086
26183,r2i1p1f1,2086,09,08,0.0,36.42048,19.885914,2086
26184,r2i1p1f1,2086,09,09,0.0,36.481594,20.002926,2086
26185,r2i1p1f1,2086,09,10,0.0,35.53443,18.743849,2086
26186,r2i1p1f1,2086,09,11,0.0,34.12492,17.42589,2086
26187,r2i1p1f1,2086,09,12,0.0,34.435852,17.680248,2086
26188,r2i1p1f1,2086,09,13,0.0,34.26109,18.142607,2086
26189,r2i1p1f1,2086,09,14,0.0,34.98902,18.189365,2086
26190,r2i1p1f1,2086,09,15,0.0,34.221596,17.57843,2086
26191,r2i1p1f1,2086,09,16,0.0,33.44357,17.182539,2086
26192,r2i1p1f1,2086,09,17,0.4839869864694125,33.4813,16.442398,2086
26193,r2i1p1f1,2086,09,18,0.026387057159109436,34.11996,17.493708,2086
26194,r2i1p1f1,2086,09,19,1.9384167146899227,34.058254,18.76837,2086
26195,r2i1p1f1,2086,09,20,6.980598675384569,34.568947,19.211363,2086
26196,r2i1p1f1,2086,09,21,4.1924536403222685,33.307903,17.870985,2086
26197,r2i1p1f1,2086,09,22,32.418906939654754,31.589674,16.106293,2086
26198,r2i1p1f1,2086,09,23,3.0913831675381798,28.481573,15.278733,2086
26199,r2i1p1f1,2086,09,24,3.6393797418545897,27.689697,13.4420805,2086
26200,r2i1p1f1,2086,09,25,2.384510633354554,30.245733,15.433766,2086
26201,r2i1p1f1,2086,09,26,5.56265609044693,28.668823,14.124505,2086
26202,r2i1p1f1,2086,09,27,5.928086504414191,26.524702,12.967672,2086
26203,r2i1p1f1,2086,09,28,21.226609220677627,26.462421,12.614827,2086
26204,r2i1p1f1,2086,09,29,1.0797661844243032,27.329908,12.877139,2086
26205,r2i1p1f1,2086,09,30,0.0,29.24065,14.919299,2086
26206,r2i1p1f1,2086,10,01,0.6339153949284082,30.696308,17.121134,2086
26207,r2i1p1f1,2086,10,02,0.019942159014345425,31.38626,16.860748,2086
26208,r2i1p1f1,2086,10,03,0.0,34.36097,17.036633,2086
26209,r2i1p1f1,2086,10,04,0.0,35.665478,19.611036,2086
26210,r2i1p1f1,2086,10,05,16.32133142839638,31.471893,15.820319,2086
26211,r2i1p1f1,2086,10,06,25.948907771649267,19.995893,12.030151,2086
26212,r2i1p1f1,2086,10,07,41.386166039424445,18.847584,10.798642,2086
26213,r2i1p1f1,2086,10,08,1.2435126878769482,25.88069,9.11012,2086
26214,r2i1p1f1,2086,10,09,0.0,26.109932,10.150807,2086
26215,r2i1p1f1,2086,10,10,0.0,24.937508,11.578504,2086
26216,r2i1p1f1,2086,10,11,0.0,20.90488,10.224334,2086
26217,r2i1p1f1,2086,10,12,0.0,27.920458,11.191403,2086
26218,r2i1p1f1,2086,10,13,0.0,27.568932,12.011124,2086
26219,r2i1p1f1,2086,10,14,0.0,27.961699,12.980082,2086
26220,r2i1p1f1,2086,10,15,0.0,27.422764,10.408508,2086
26221,r2i1p1f1,2086,10,16,0.0,25.151045,7.9090366,2086
26222,r2i1p1f1,2086,10,17,0.0,23.810274,7.800451,2086
26223,r2i1p1f1,2086,10,18,0.0,24.026127,8.446818,2086
26224,r2i1p1f1,2086,10,19,0.0,25.10345,9.83254,2086
26225,r2i1p1f1,2086,10,20,0.0,26.013353,11.369809,2086
26226,r2i1p1f1,2086,10,21,0.0,25.025797,10.962879,2086
26227,r2i1p1f1,2086,10,22,0.018408087915024504,23.97586,8.596124,2086
26228,r2i1p1f1,2086,10,23,0.839455692910353,22.635551,6.1258645,2086
26229,r2i1p1f1,2086,10,24,0.0,23.282476,6.831517,2086
26230,r2i1p1f1,2086,10,25,0.0,22.86319,8.637073,2086
26231,r2i1p1f1,2086,10,26,0.0,22.33974,8.696629,2086
26232,r2i1p1f1,2086,10,27,0.0,22.691137,8.717645,2086
26233,r2i1p1f1,2086,10,28,0.0,18.809217,8.538952,2086
26234,r2i1p1f1,2086,10,29,0.22574495733701602,18.488935,6.9306593,2086
26235,r2i1p1f1,2086,10,30,0.0,24.689062,7.544535,2086
26236,r2i1p1f1,2086,10,31,0.0,24.450838,9.28268,2086
26237,r2i1p1f1,2086,11,01,0.0,22.949926,7.153801,2086
26238,r2i1p1f1,2086,11,02,0.0,23.450006,7.714144,2086
26239,r2i1p1f1,2086,11,03,0.0,21.506355,7.57037,2086
26240,r2i1p1f1,2086,11,04,0.0,23.000017,8.5842,2086
26241,r2i1p1f1,2086,11,05,0.0,23.630453,9.44557,2086
26242,r2i1p1f1,2086,11,06,0.0,23.872084,9.331612,2086
26243,r2i1p1f1,2086,11,07,0.0,25.037647,10.257777,2086
26244,r2i1p1f1,2086,11,08,0.0,24.820557,10.206166,2086
26245,r2i1p1f1,2086,11,09,0.0,25.151518,9.899943,2086
26246,r2i1p1f1,2086,11,10,5.047608616811116,20.081709,8.440923,2086
26247,r2i1p1f1,2086,11,11,0.0,18.542118,3.4483979,2086
26248,r2i1p1f1,2086,11,12,0.0,20.722383,3.8808155,2086
26249,r2i1p1f1,2086,11,13,0.0,22.689453,5.8156075,2086
26250,r2i1p1f1,2086,11,14,0.0,22.42328,7.292881,2086
26251,r2i1p1f1,2086,11,15,0.0,22.089796,7.764165,2086
26252,r2i1p1f1,2086,11,16,0.0,19.886173,5.017507,2086
26253,r2i1p1f1,2086,11,17,0.0,19.975368,4.8544726,2086
26254,r2i1p1f1,2086,11,18,0.0,16.879017,2.8484578,2086
26255,r2i1p1f1,2086,11,19,8.252954949966806,13.415856,3.184324,2086
26256,r2i1p1f1,2086,11,20,14.821830340224551,10.19038,0.28930947,2086
26257,r2i1p1f1,2086,11,21,9.579339585399374,13.059991,5.3920393,2086
26258,r2i1p1f1,2086,11,22,2.55391349285044,17.697203,4.345122,2086
26259,r2i1p1f1,2086,11,23,0.0,20.772821,3.4986103,2086
26260,r2i1p1f1,2086,11,24,8.243312118667326,19.896349,5.506357,2086
26261,r2i1p1f1,2086,11,25,10.492533942026338,9.811839,4.389752,2086
26262,r2i1p1f1,2086,11,26,54.16042366459106,7.6967826,2.6610615,2086
26263,r2i1p1f1,2086,11,27,8.248376222400111,8.1929245,-2.0611947,2086
26264,r2i1p1f1,2086,11,28,0.02440983080305159,13.424026,1.8561237,2086
26265,r2i1p1f1,2086,11,29,0.0,18.02448,2.6656322,2086
26266,r2i1p1f1,2086,11,30,0.0,17.918026,2.8063214,2086
26267,r2i1p1f1,2086,12,01,0.0,16.070063,4.171172,2086
26268,r2i1p1f1,2086,12,02,0.0,16.199335,5.028651,2086
26269,r2i1p1f1,2086,12,03,0.0,15.929306,4.0938563,2086
26270,r2i1p1f1,2086,12,04,0.0,12.736524,3.987116,2086
26271,r2i1p1f1,2086,12,05,16.399097604489025,11.456438,7.2119737,2086
26272,r2i1p1f1,2086,12,06,19.685817164897273,11.598862,4.3142066,2086
26273,r2i1p1f1,2086,12,07,0.0,11.091556,-0.6436214,2086
26274,r2i1p1f1,2086,12,08,0.0,14.470266,-0.33462122,2086
26275,r2i1p1f1,2086,12,09,0.0,13.694048,3.0011547,2086
26276,r2i1p1f1,2086,12,10,18.06404017182873,11.976769,5.2897925,2086
26277,r2i1p1f1,2086,12,11,11.605683720951605,11.197246,-0.8670892,2086
26278,r2i1p1f1,2086,12,12,0.0,6.5532804,-1.5809618,2086
26279,r2i1p1f1,2086,12,13,0.0,7.3862195,-0.023553506,2086
26280,r2i1p1f1,2086,12,14,0.0,12.753159,4.4173203,2086
26281,r2i1p1f1,2086,12,15,0.0,15.899633,4.1892605,2086
26282,r2i1p1f1,2086,12,16,0.0,18.591764,4.6059823,2086
26283,r2i1p1f1,2086,12,17,0.0,16.332031,4.855436,2086
26284,r2i1p1f1,2086,12,18,3.5253314242044533,15.956474,4.3972707,2086
26285,r2i1p1f1,2086,12,19,0.0,17.192005,5.826191,2086
26286,r2i1p1f1,2086,12,20,0.0,17.168192,5.5294776,2086
26287,r2i1p1f1,2086,12,21,0.0,15.243133,4.2948785,2086
26288,r2i1p1f1,2086,12,22,22.99720253509944,11.871711,4.8076344,2086
26289,r2i1p1f1,2086,12,23,18.818066873399612,10.1297245,6.669666,2086
26290,r2i1p1f1,2086,12,24,157.30296959384128,9.128759,5.660851,2086
26291,r2i1p1f1,2086,12,25,62.86054959816214,10.22071,1.9769224,2086
26292,r2i1p1f1,2086,12,26,5.851890971895885,6.7445583,3.0187948,2086
26293,r2i1p1f1,2086,12,27,1.5649643569724083,7.117859,3.570059,2086
26294,r2i1p1f1,2086,12,28,0.0,11.279787,5.791259,2086
26295,r2i1p1f1,2086,12,29,0.0,15.000652,4.338007,2086
26296,r2i1p1f1,2086,12,30,0.0,14.26574,6.682941,2086
26297,r2i1p1f1,2086,12,31,0.0,15.608677,6.811309,2086
26298,r2i1p1f1,2087,01,01,0.0,16.10686,6.5854836,2087
26299,r2i1p1f1,2087,01,02,0.0,15.668513,5.2748404,2087
26300,r2i1p1f1,2087,01,03,0.0,15.350484,6.783721,2087
26301,r2i1p1f1,2087,01,04,1.3605467782746508,15.117783,3.722011,2087
26302,r2i1p1f1,2087,01,05,9.542859555306048,5.556761,0.84076095,2087
26303,r2i1p1f1,2087,01,06,11.529016998946854,3.799364,-2.2947469,2087
26304,r2i1p1f1,2087,01,07,57.996470535782954,3.94394,-2.548672,2087
26305,r2i1p1f1,2087,01,08,30.942379206177204,3.8076653,-6.704247,2087
26306,r2i1p1f1,2087,01,09,20.649338556149115,5.7358284,0.4982606,2087
26307,r2i1p1f1,2087,01,10,8.910044678542853,5.3575735,-0.08442473,2087
26308,r2i1p1f1,2087,01,11,11.525072567746975,5.241515,-0.8190697,2087
26309,r2i1p1f1,2087,01,12,82.17936988579683,11.809852,-0.7275285,2087
26310,r2i1p1f1,2087,01,13,0.0,9.038084,1.0737809,2087
26311,r2i1p1f1,2087,01,14,39.24460860211044,11.035809,2.2472768,2087
26312,r2i1p1f1,2087,01,15,0.05458319432573962,10.456624,4.385057,2087
26313,r2i1p1f1,2087,01,16,0.0,10.792524,-2.0465572,2087
26314,r2i1p1f1,2087,01,17,0.0,11.398474,-3.070227,2087
26315,r2i1p1f1,2087,01,18,0.0,8.4753,-2.907765,2087
26316,r2i1p1f1,2087,01,19,0.0,10.439697,-4.5693216,2087
26317,r2i1p1f1,2087,01,20,0.018631937368459497,4.1720753,-7.4858336,2087
26318,r2i1p1f1,2087,01,21,0.0,3.181447,-7.7181363,2087
26319,r2i1p1f1,2087,01,22,0.05583935515180481,5.8819666,-4.343448,2087
26320,r2i1p1f1,2087,01,23,0.0,8.663289,-5.3812094,2087
26321,r2i1p1f1,2087,01,24,0.0,9.703358,-4.050833,2087
26322,r2i1p1f1,2087,01,25,0.0,14.177405,-1.6080269,2087
26323,r2i1p1f1,2087,01,26,0.0,12.3262615,1.2210344,2087
26324,r2i1p1f1,2087,01,27,0.13160443193800558,10.224348,0.35660934,2087
26325,r2i1p1f1,2087,01,28,4.541453287115123,6.8603845,1.0605593,2087
26326,r2i1p1f1,2087,01,29,8.828139006317752,3.8648078,0.14790893,2087
26327,r2i1p1f1,2087,01,30,10.318185429423465,6.837538,1.0194461,2087
26328,r2i1p1f1,2087,01,31,28.41362844203384,7.5118737,0.7450568,2087
26329,r2i1p1f1,2087,02,01,44.53891795173359,13.816518,0.87943316,2087
26330,r2i1p1f1,2087,02,02,66.08784159000676,12.330743,7.6028333,2087
26331,r2i1p1f1,2087,02,03,35.25784311529536,11.761823,3.408664,2087
26332,r2i1p1f1,2087,02,04,12.135668597105765,10.787849,-1.0508657,2087
26333,r2i1p1f1,2087,02,05,0.0,12.230363,-2.994456,2087
26334,r2i1p1f1,2087,02,06,0.0,10.353057,-4.1868863,2087
26335,r2i1p1f1,2087,02,07,0.0,10.863721,-4.278507,2087
26336,r2i1p1f1,2087,02,08,0.0,9.302461,-2.5504973,2087
26337,r2i1p1f1,2087,02,09,6.689462802191533,4.236427,-0.4833828,2087
26338,r2i1p1f1,2087,02,10,97.20468278257893,8.212501,1.8600419,2087
26339,r2i1p1f1,2087,02,11,7.656222572460627,9.354165,-3.5361867,2087
26340,r2i1p1f1,2087,02,12,0.0,6.765149,-5.449163,2087
26341,r2i1p1f1,2087,02,13,40.34243407614458,9.900938,-3.4201708,2087
26342,r2i1p1f1,2087,02,14,0.33344717109615046,9.057729,0.21333997,2087
26343,r2i1p1f1,2087,02,15,0.0,13.276765,-1.5430195,2087
26344,r2i1p1f1,2087,02,16,19.131365673316534,7.439439,-0.56667393,2087
26345,r2i1p1f1,2087,02,17,74.42943593934895,9.232151,1.0238216,2087
26346,r2i1p1f1,2087,02,18,16.59429850120572,10.474702,-1.2834057,2087
26347,r2i1p1f1,2087,02,19,0.00899922127316061,12.715256,0.08275408,2087
26348,r2i1p1f1,2087,02,20,0.0,15.6069145,0.1963319,2087
26349,r2i1p1f1,2087,02,21,0.0,15.5438385,-0.6390158,2087
26350,r2i1p1f1,2087,02,22,0.0,12.681482,-0.5965989,2087
26351,r2i1p1f1,2087,02,23,7.5110763342169005,10.983127,0.00013087346,2087
26352,r2i1p1f1,2087,02,24,18.381907441429437,10.559149,4.644623,2087
26353,r2i1p1f1,2087,02,25,68.60454229843945,11.998953,3.618097,2087
26354,r2i1p1f1,2087,02,26,74.00408576538142,12.355146,1.4847363,2087
26355,r2i1p1f1,2087,02,27,0.0,12.254636,3.5188549,2087
26356,r2i1p1f1,2087,02,28,0.0,10.94697,1.3095064,2087
26357,r2i1p1f1,2087,03,01,0.0,15.943918,0.7467133,2087
26358,r2i1p1f1,2087,03,02,0.0,16.199955,4.9683867,2087
26359,r2i1p1f1,2087,03,03,17.021515862982667,12.793391,-1.1441814,2087
26360,r2i1p1f1,2087,03,04,24.760354522508212,5.499208,-0.90465456,2087
26361,r2i1p1f1,2087,03,05,43.242082312756864,5.643297,0.093390346,2087
26362,r2i1p1f1,2087,03,06,0.0,10.967675,1.1917099,2087
26363,r2i1p1f1,2087,03,07,0.0,10.860796,3.7343743,2087
26364,r2i1p1f1,2087,03,08,0.0,13.377246,4.9959164,2087
26365,r2i1p1f1,2087,03,09,0.0,13.029579,4.8338914,2087
26366,r2i1p1f1,2087,03,10,0.0,13.235672,6.37665,2087
26367,r2i1p1f1,2087,03,11,0.0,17.260214,2.413069,2087
26368,r2i1p1f1,2087,03,12,0.0,19.091707,2.7326808,2087
26369,r2i1p1f1,2087,03,13,0.0,19.8183,4.29988,2087
26370,r2i1p1f1,2087,03,14,0.0,18.63045,2.8239002,2087
26371,r2i1p1f1,2087,03,15,9.881633587121122,13.247212,-1.9158399,2087
26372,r2i1p1f1,2087,03,16,6.164687489665364,7.3081775,-3.6644893,2087
26373,r2i1p1f1,2087,03,17,13.603715470078615,9.4291525,1.1461766,2087
26374,r2i1p1f1,2087,03,18,7.617563890478498,8.213742,3.8016717,2087
26375,r2i1p1f1,2087,03,19,12.818497584318651,11.892625,2.6423461,2087
26376,r2i1p1f1,2087,03,20,0.0,19.389326,4.649651,2087
26377,r2i1p1f1,2087,03,21,3.377828798623411,17.477299,3.2120895,2087
26378,r2i1p1f1,2087,03,22,10.43195583157425,12.679822,2.3144708,2087
26379,r2i1p1f1,2087,03,23,0.0,19.576717,3.5737727,2087
26380,r2i1p1f1,2087,03,24,1.0567091564623228,19.185972,5.8474503,2087
26381,r2i1p1f1,2087,03,25,3.2063018466312943,13.569326,5.505819,2087
26382,r2i1p1f1,2087,03,26,0.0,19.32375,6.8414407,2087
26383,r2i1p1f1,2087,03,27,0.0,20.70465,5.9719224,2087
26384,r2i1p1f1,2087,03,28,1.7061061150815686,12.568992,5.6068864,2087
26385,r2i1p1f1,2087,03,29,0.0,20.519415,3.851416,2087
26386,r2i1p1f1,2087,03,30,30.259818133289137,16.713182,2.1977074,2087
26387,r2i1p1f1,2087,03,31,28.410154392006987,12.329262,5.992108,2087
26388,r2i1p1f1,2087,04,01,3.5975423193052007,14.236516,1.1482431,2087
26389,r2i1p1f1,2087,04,02,1.1421708570581428,15.001963,3.033105,2087
26390,r2i1p1f1,2087,04,03,0.08729253523737358,14.224753,1.882753,2087
26391,r2i1p1f1,2087,04,04,12.37540775031308,11.239782,-1.7726803,2087
26392,r2i1p1f1,2087,04,05,1.6750247241116785,10.909178,0.20418763,2087
26393,r2i1p1f1,2087,04,06,14.79658353760337,8.884135,1.3905318,2087
26394,r2i1p1f1,2087,04,07,0.5606588746279437,16.706848,0.14461811,2087
26395,r2i1p1f1,2087,04,08,0.0,22.349302,4.468253,2087
26396,r2i1p1f1,2087,04,09,5.872266989759877,15.834435,2.6177952,2087
26397,r2i1p1f1,2087,04,10,0.04424884231971541,21.120714,6.0030694,2087
26398,r2i1p1f1,2087,04,11,0.0,21.863083,6.2766247,2087
26399,r2i1p1f1,2087,04,12,0.0,20.366993,3.5169005,2087
26400,r2i1p1f1,2087,04,13,1.625126493252957,15.083856,0.8975479,2087
26401,r2i1p1f1,2087,04,14,0.3643388984458467,12.613096,3.5082245,2087
26402,r2i1p1f1,2087,04,15,7.449218562032911,6.4702015,-2.454325,2087
26403,r2i1p1f1,2087,04,16,0.0,14.318257,0.65357286,2087
26404,r2i1p1f1,2087,04,17,0.0,21.509502,3.846169,2087
26405,r2i1p1f1,2087,04,18,0.0,22.605955,5.255115,2087
26406,r2i1p1f1,2087,04,19,0.0,24.320196,6.7903967,2087
26407,r2i1p1f1,2087,04,20,0.0,22.181246,6.3580503,2087
26408,r2i1p1f1,2087,04,21,12.824503510240412,17.502085,1.3927382,2087
26409,r2i1p1f1,2087,04,22,19.885255556437187,13.431856,-0.2805381,2087
26410,r2i1p1f1,2087,04,23,63.847816318649656,12.11008,4.825591,2087
26411,r2i1p1f1,2087,04,24,18.130704852396427,10.784413,2.2734096,2087
26412,r2i1p1f1,2087,04,25,8.418995691010004,11.0978985,2.7102084,2087
26413,r2i1p1f1,2087,04,26,0.9521792142130345,12.0978985,2.7182715,2087
26414,r2i1p1f1,2087,04,27,10.273416736457035,12.165526,2.6317766,2087
26415,r2i1p1f1,2087,04,28,5.634718338394753,11.948689,-1.7853167,2087
26416,r2i1p1f1,2087,04,29,2.289508059311629,12.798207,3.3717089,2087
26417,r2i1p1f1,2087,04,30,35.844664055128725,10.360596,3.5744832,2087
26418,r2i1p1f1,2087,05,01,31.79222677807467,8.60593,0.8851066,2087
26419,r2i1p1f1,2087,05,02,4.366834391675393,11.415416,-2.2070465,2087
26420,r2i1p1f1,2087,05,03,72.20853987561826,10.697,0.08992983,2087
26421,r2i1p1f1,2087,05,04,4.157857817923427,13.580086,7.2544956,2087
26422,r2i1p1f1,2087,05,05,0.0,18.694183,4.3851733,2087
26423,r2i1p1f1,2087,05,06,0.0,21.456274,4.345859,2087
26424,r2i1p1f1,2087,05,07,0.021873064430949923,19.740059,7.708092,2087
26425,r2i1p1f1,2087,05,08,1.234725629686951,11.513057,6.394806,2087
26426,r2i1p1f1,2087,05,09,0.005115206015314191,15.598373,5.2699084,2087
26427,r2i1p1f1,2087,05,10,0.0,17.349472,6.7888236,2087
26428,r2i1p1f1,2087,05,11,0.0,19.039667,8.6413965,2087
26429,r2i1p1f1,2087,05,12,0.0,21.484503,5.539083,2087
26430,r2i1p1f1,2087,05,13,0.1455432923718875,21.065321,4.665971,2087
26431,r2i1p1f1,2087,05,14,13.563816566392443,12.327653,3.890224,2087
26432,r2i1p1f1,2087,05,15,5.832749634940298,15.691973,2.4398022,2087
26433,r2i1p1f1,2087,05,16,0.02610398155061725,20.841331,4.678674,2087
26434,r2i1p1f1,2087,05,17,0.0,22.264399,6.0984316,2087
26435,r2i1p1f1,2087,05,18,0.0,21.985857,5.2155557,2087
26436,r2i1p1f1,2087,05,19,6.0611734441548695,17.662298,3.6503584,2087
26437,r2i1p1f1,2087,05,20,14.12092646205565,13.975493,4.2562866,2087
26438,r2i1p1f1,2087,05,21,11.739205812339675,13.543282,6.1243153,2087
26439,r2i1p1f1,2087,05,22,4.364796131658995,14.118574,6.083637,2087
26440,r2i1p1f1,2087,05,23,1.8603142307885998,19.255718,7.830306,2087
26441,r2i1p1f1,2087,05,24,0.003160263986501377,21.631927,6.6301675,2087
26442,r2i1p1f1,2087,05,25,5.370753108218196,16.831537,1.5468769,2087
26443,r2i1p1f1,2087,05,26,2.939196945995858,17.692928,3.3406074,2087
26444,r2i1p1f1,2087,05,27,0.2547254857150759,24.406681,8.530315,2087
26445,r2i1p1f1,2087,05,28,0.0,26.510263,9.986509,2087
26446,r2i1p1f1,2087,05,29,0.0,26.336044,9.697364,2087
26447,r2i1p1f1,2087,05,30,0.0,23.590837,7.9546604,2087
26448,r2i1p1f1,2087,05,31,0.0,23.210688,7.6365347,2087
26449,r2i1p1f1,2087,06,01,0.0,24.255402,8.236348,2087
26450,r2i1p1f1,2087,06,02,0.0,30.08085,12.201875,2087
26451,r2i1p1f1,2087,06,03,0.0,29.379179,12.114389,2087
26452,r2i1p1f1,2087,06,04,0.0,24.985743,8.553515,2087
26453,r2i1p1f1,2087,06,05,0.0,28.031425,10.687871,2087
26454,r2i1p1f1,2087,06,06,0.0,32.729805,14.366976,2087
26455,r2i1p1f1,2087,06,07,0.0,34.10456,15.668886,2087
26456,r2i1p1f1,2087,06,08,0.0,36.84784,18.530724,2087
26457,r2i1p1f1,2087,06,09,0.0,37.001698,19.454348,2087
26458,r2i1p1f1,2087,06,10,0.0,37.21841,18.41041,2087
26459,r2i1p1f1,2087,06,11,0.0,35.376648,16.433456,2087
26460,r2i1p1f1,2087,06,12,0.0,29.020996,12.538896,2087
26461,r2i1p1f1,2087,06,13,0.0,30.356308,12.678977,2087
26462,r2i1p1f1,2087,06,14,0.0,30.191011,13.504266,2087
26463,r2i1p1f1,2087,06,15,0.0,30.489239,13.659383,2087
26464,r2i1p1f1,2087,06,16,0.0,32.789906,14.708498,2087
26465,r2i1p1f1,2087,06,17,0.0,31.943014,14.445816,2087
26466,r2i1p1f1,2087,06,18,0.0,31.216074,13.411404,2087
26467,r2i1p1f1,2087,06,19,0.0,32.6892,14.655601,2087
26468,r2i1p1f1,2087,06,20,0.0,32.584373,14.74961,2087
26469,r2i1p1f1,2087,06,21,0.0,32.591885,14.557398,2087
26470,r2i1p1f1,2087,06,22,0.0,30.781107,15.1802435,2087
26471,r2i1p1f1,2087,06,23,0.0,30.382215,12.490276,2087
26472,r2i1p1f1,2087,06,24,0.0,31.791807,12.43073,2087
26473,r2i1p1f1,2087,06,25,0.0,33.004074,14.16051,2087
26474,r2i1p1f1,2087,06,26,0.0,33.97345,15.253606,2087
26475,r2i1p1f1,2087,06,27,0.0,34.769855,17.34464,2087
26476,r2i1p1f1,2087,06,28,0.0,34.3823,17.849672,2087
26477,r2i1p1f1,2087,06,29,0.0,33.747322,16.489628,2087
26478,r2i1p1f1,2087,06,30,0.0,33.75575,15.727755,2087
26479,r2i1p1f1,2087,07,01,0.0,35.128166,16.95144,2087
26480,r2i1p1f1,2087,07,02,0.0,38.113068,20.758022,2087
26481,r2i1p1f1,2087,07,03,0.0,39.93224,22.500668,2087
26482,r2i1p1f1,2087,07,04,0.0,39.622272,22.241577,2087
26483,r2i1p1f1,2087,07,05,0.0,35.822605,17.672016,2087
26484,r2i1p1f1,2087,07,06,0.0,34.50711,17.69591,2087
26485,r2i1p1f1,2087,07,07,0.0,33.968464,17.608301,2087
26486,r2i1p1f1,2087,07,08,0.0,33.886597,17.389425,2087
26487,r2i1p1f1,2087,07,09,0.0,35.04712,16.663773,2087
26488,r2i1p1f1,2087,07,10,0.0,35.505066,17.7744,2087
26489,r2i1p1f1,2087,07,11,0.0,35.970726,18.404022,2087
26490,r2i1p1f1,2087,07,12,0.0,35.94594,18.754736,2087
26491,r2i1p1f1,2087,07,13,0.0,34.575535,18.644241,2087
26492,r2i1p1f1,2087,07,14,0.0,33.145046,15.480146,2087
26493,r2i1p1f1,2087,07,15,0.0,32.357216,15.734221,2087
26494,r2i1p1f1,2087,07,16,0.0,32.496876,15.8400955,2087
26495,r2i1p1f1,2087,07,17,0.0,32.67848,16.610577,2087
26496,r2i1p1f1,2087,07,18,0.0,32.749516,15.701929,2087
26497,r2i1p1f1,2087,07,19,0.0,32.38762,15.511911,2087
26498,r2i1p1f1,2087,07,20,0.0,32.771843,15.97896,2087
26499,r2i1p1f1,2087,07,21,0.0,33.279522,16.636799,2087
26500,r2i1p1f1,2087,07,22,0.0,34.191692,17.234768,2087
26501,r2i1p1f1,2087,07,23,0.0498145995257241,33.28348,17.287188,2087
26502,r2i1p1f1,2087,07,24,0.0,31.835314,15.380971,2087
26503,r2i1p1f1,2087,07,25,0.0,31.155048,16.225729,2087
26504,r2i1p1f1,2087,07,26,0.0,30.955143,15.8246,2087
26505,r2i1p1f1,2087,07,27,0.0,31.75067,14.693916,2087
26506,r2i1p1f1,2087,07,28,0.0,30.903208,13.518784,2087
26507,r2i1p1f1,2087,07,29,0.0,31.592539,14.25238,2087
26508,r2i1p1f1,2087,07,30,0.0,32.256218,15.471507,2087
26509,r2i1p1f1,2087,07,31,0.0,32.078335,15.600057,2087
26510,r2i1p1f1,2087,08,01,0.0,31.711596,15.972036,2087
26511,r2i1p1f1,2087,08,02,0.0,32.549118,15.09104,2087
26512,r2i1p1f1,2087,08,03,0.0,32.46223,15.86138,2087
26513,r2i1p1f1,2087,08,04,0.0,32.567715,16.49228,2087
26514,r2i1p1f1,2087,08,05,0.0,32.547894,16.270203,2087
26515,r2i1p1f1,2087,08,06,0.0,31.508698,14.398897,2087
26516,r2i1p1f1,2087,08,07,0.0,31.90481,14.782112,2087
26517,r2i1p1f1,2087,08,08,0.0,32.123436,15.500219,2087
26518,r2i1p1f1,2087,08,09,0.0,32.353813,15.127732,2087
26519,r2i1p1f1,2087,08,10,0.0,32.05545,15.285808,2087
26520,r2i1p1f1,2087,08,11,0.0,30.80485,14.282883,2087
26521,r2i1p1f1,2087,08,12,0.0,28.610731,13.88101,2087
26522,r2i1p1f1,2087,08,13,0.0,28.53515,12.276125,2087
26523,r2i1p1f1,2087,08,14,0.0,28.308659,12.335751,2087
26524,r2i1p1f1,2087,08,15,0.0,28.996273,12.40467,2087
26525,r2i1p1f1,2087,08,16,0.0,31.586592,14.78145,2087
26526,r2i1p1f1,2087,08,17,0.0,31.468775,16.08119,2087
26527,r2i1p1f1,2087,08,18,0.0,31.275146,15.805527,2087
26528,r2i1p1f1,2087,08,19,0.0,31.34149,14.394468,2087
26529,r2i1p1f1,2087,08,20,0.0,30.491924,14.236665,2087
26530,r2i1p1f1,2087,08,21,0.0,31.332422,15.000421,2087
26531,r2i1p1f1,2087,08,22,0.0,31.856504,15.442874,2087
26532,r2i1p1f1,2087,08,23,0.0,33.07512,15.367949,2087
26533,r2i1p1f1,2087,08,24,0.0,33.486774,15.863479,2087
26534,r2i1p1f1,2087,08,25,0.0,33.54891,15.42945,2087
26535,r2i1p1f1,2087,08,26,0.0,33.054806,16.365582,2087
26536,r2i1p1f1,2087,08,27,0.0,33.491024,17.004349,2087
26537,r2i1p1f1,2087,08,28,0.0,33.177273,17.442978,2087
26538,r2i1p1f1,2087,08,29,0.0,32.877434,17.362276,2087
26539,r2i1p1f1,2087,08,30,0.0,31.798296,15.9707985,2087
26540,r2i1p1f1,2087,08,31,0.0,30.561172,12.446394,2087
26541,r2i1p1f1,2087,09,01,0.0,30.322372,15.634602,2087
26542,r2i1p1f1,2087,09,02,0.0,32.009636,16.691381,2087
26543,r2i1p1f1,2087,09,03,0.0,32.144085,16.86937,2087
26544,r2i1p1f1,2087,09,04,0.0,31.682924,15.762451,2087
26545,r2i1p1f1,2087,09,05,0.0,29.619232,13.940386,2087
26546,r2i1p1f1,2087,09,06,0.0,31.992914,15.438542,2087
26547,r2i1p1f1,2087,09,07,0.0,33.357346,17.662535,2087
26548,r2i1p1f1,2087,09,08,0.0,33.20652,17.606865,2087
26549,r2i1p1f1,2087,09,09,0.0,32.634132,17.635912,2087
26550,r2i1p1f1,2087,09,10,0.0,30.944296,15.684529,2087
26551,r2i1p1f1,2087,09,11,0.0,30.420538,14.637073,2087
26552,r2i1p1f1,2087,09,12,0.0,28.708672,12.604266,2087
26553,r2i1p1f1,2087,09,13,0.0007381708585923591,26.534824,10.735564,2087
26554,r2i1p1f1,2087,09,14,0.0,25.945635,10.753058,2087
26555,r2i1p1f1,2087,09,15,0.0,27.931566,11.409697,2087
26556,r2i1p1f1,2087,09,16,0.0,29.609518,12.025759,2087
26557,r2i1p1f1,2087,09,17,0.0,27.76205,10.517063,2087
26558,r2i1p1f1,2087,09,18,0.0,24.351742,9.540423,2087
26559,r2i1p1f1,2087,09,19,0.0,24.200483,8.967195,2087
26560,r2i1p1f1,2087,09,20,0.0,24.828947,9.774904,2087
26561,r2i1p1f1,2087,09,21,0.0,25.213667,8.652312,2087
26562,r2i1p1f1,2087,09,22,0.0,23.908756,8.541024,2087
26563,r2i1p1f1,2087,09,23,0.0,21.44332,6.9179173,2087
26564,r2i1p1f1,2087,09,24,0.0,25.253399,7.02838,2087
26565,r2i1p1f1,2087,09,25,0.0,27.618822,9.553159,2087
26566,r2i1p1f1,2087,09,26,0.0,29.721153,10.755196,2087
26567,r2i1p1f1,2087,09,27,0.0,26.601864,9.853315,2087
26568,r2i1p1f1,2087,09,28,0.0,25.111717,8.124612,2087
26569,r2i1p1f1,2087,09,29,0.0,20.623217,6.488678,2087
26570,r2i1p1f1,2087,09,30,0.0,24.180283,6.3264794,2087
26571,r2i1p1f1,2087,10,01,0.0,25.05465,7.634329,2087
26572,r2i1p1f1,2087,10,02,0.0,24.514574,8.912131,2087
26573,r2i1p1f1,2087,10,03,0.0,28.685791,11.28447,2087
26574,r2i1p1f1,2087,10,04,0.0,29.618862,12.600222,2087
26575,r2i1p1f1,2087,10,05,0.0,30.420685,12.756688,2087
26576,r2i1p1f1,2087,10,06,0.0,28.625483,11.789296,2087
26577,r2i1p1f1,2087,10,07,0.15886019038869284,28.45495,14.7996855,2087
26578,r2i1p1f1,2087,10,08,1.1136007821733074,26.221231,9.251864,2087
26579,r2i1p1f1,2087,10,09,0.0,22.421227,7.9414682,2087
26580,r2i1p1f1,2087,10,10,0.0,26.75668,6.9294534,2087
26581,r2i1p1f1,2087,10,11,0.0,28.69518,13.237996,2087
26582,r2i1p1f1,2087,10,12,0.0,27.59753,13.637239,2087
26583,r2i1p1f1,2087,10,13,12.246737282923558,26.113886,13.10368,2087
26584,r2i1p1f1,2087,10,14,0.10566944070328296,28.516285,10.277976,2087
26585,r2i1p1f1,2087,10,15,0.0,27.856215,13.465157,2087
26586,r2i1p1f1,2087,10,16,0.0,29.17897,13.283462,2087
26587,r2i1p1f1,2087,10,17,0.0,30.669004,13.222756,2087
26588,r2i1p1f1,2087,10,18,0.0,32.98873,15.224891,2087
26589,r2i1p1f1,2087,10,19,0.0,30.895771,16.235062,2087
26590,r2i1p1f1,2087,10,20,0.0,28.441603,13.774009,2087
26591,r2i1p1f1,2087,10,21,0.0,32.403603,14.303325,2087
26592,r2i1p1f1,2087,10,22,0.0,33.12467,14.771958,2087
26593,r2i1p1f1,2087,10,23,0.0,31.51329,14.6932955,2087
26594,r2i1p1f1,2087,10,24,24.817737258546494,25.47429,11.826392,2087
26595,r2i1p1f1,2087,10,25,16.743598003071945,22.37012,9.013003,2087
26596,r2i1p1f1,2087,10,26,0.0,24.9741,10.267625,2087
26597,r2i1p1f1,2087,10,27,0.0,26.637266,10.886108,2087
26598,r2i1p1f1,2087,10,28,0.0,23.901379,8.986659,2087
26599,r2i1p1f1,2087,10,29,0.0,23.99978,9.104577,2087
26600,r2i1p1f1,2087,10,30,0.0,25.324976,9.847949,2087
26601,r2i1p1f1,2087,10,31,0.0,26.513193,11.046441,2087
26602,r2i1p1f1,2087,11,01,0.0,25.745117,11.290945,2087
26603,r2i1p1f1,2087,11,02,0.0,23.749384,9.932358,2087
26604,r2i1p1f1,2087,11,03,0.0,21.40084,7.3007984,2087
26605,r2i1p1f1,2087,11,04,0.0,21.068172,7.0044227,2087
26606,r2i1p1f1,2087,11,05,0.0,19.51771,7.2926855,2087
26607,r2i1p1f1,2087,11,06,0.0,18.9289,6.272618,2087
26608,r2i1p1f1,2087,11,07,0.6492913278914505,20.80667,6.748231,2087
26609,r2i1p1f1,2087,11,08,14.056582879325456,17.008532,9.84533,2087
26610,r2i1p1f1,2087,11,09,0.15959719844081868,15.389236,8.084546,2087
26611,r2i1p1f1,2087,11,10,0.0,17.980766,6.0691257,2087
26612,r2i1p1f1,2087,11,11,0.0,16.76098,5.2598977,2087
26613,r2i1p1f1,2087,11,12,0.0,15.976655,4.477657,2087
26614,r2i1p1f1,2087,11,13,0.19012295081735758,16.071203,3.6188502,2087
26615,r2i1p1f1,2087,11,14,0.0,15.784507,-0.036111977,2087
26616,r2i1p1f1,2087,11,15,0.0,12.640329,1.9365814,2087
26617,r2i1p1f1,2087,11,16,29.149364596770074,10.283887,2.1457324,2087
26618,r2i1p1f1,2087,11,17,1.3147682713049738,11.2037115,3.6457727,2087
26619,r2i1p1f1,2087,11,18,0.0,14.827364,1.389033,2087
26620,r2i1p1f1,2087,11,19,0.0,14.54839,3.083359,2087
26621,r2i1p1f1,2087,11,20,0.0,17.501562,5.8389473,2087
26622,r2i1p1f1,2087,11,21,0.0,21.119112,3.702035,2087
26623,r2i1p1f1,2087,11,22,0.0,21.046562,4.2600465,2087
26624,r2i1p1f1,2087,11,23,0.0,19.999228,3.3260057,2087
26625,r2i1p1f1,2087,11,24,0.0,18.367582,1.4843137,2087
26626,r2i1p1f1,2087,11,25,0.0,22.777456,1.9585122,2087
26627,r2i1p1f1,2087,11,26,0.0,20.813236,6.3822665,2087
26628,r2i1p1f1,2087,11,27,0.0,18.623745,3.7909076,2087
26629,r2i1p1f1,2087,11,28,0.0,18.918217,0.7311307,2087
26630,r2i1p1f1,2087,11,29,0.0,20.284403,-0.06697552,2087
26631,r2i1p1f1,2087,11,30,0.0,18.628622,3.0750961,2087
26632,r2i1p1f1,2087,12,01,0.0,17.62354,4.1877694,2087
26633,r2i1p1f1,2087,12,02,0.0,18.107943,3.2567644,2087
26634,r2i1p1f1,2087,12,03,6.130389386649208,13.442569,1.7637146,2087
26635,r2i1p1f1,2087,12,04,0.013286954435898224,8.69919,-1.2853475,2087
26636,r2i1p1f1,2087,12,05,0.0,8.690019,-0.32266176,2087
26637,r2i1p1f1,2087,12,06,0.0,15.675888,-0.71864194,2087
26638,r2i1p1f1,2087,12,07,0.0,15.339246,-0.025948843,2087
26639,r2i1p1f1,2087,12,08,35.28259410567653,3.6829352,-0.81522465,2087
26640,r2i1p1f1,2087,12,09,10.965589153979986,5.116218,-1.515424,2087
26641,r2i1p1f1,2087,12,10,0.0,13.727154,3.7074273,2087
26642,r2i1p1f1,2087,12,11,70.7136171690833,12.061413,7.8287745,2087
26643,r2i1p1f1,2087,12,12,3.5883073310007885,12.550727,1.0220033,2087
26644,r2i1p1f1,2087,12,13,0.0,9.180375,-5.0026574,2087
26645,r2i1p1f1,2087,12,14,0.0,5.9988804,-5.616915,2087
26646,r2i1p1f1,2087,12,15,0.0,5.5116234,-5.548943,2087
26647,r2i1p1f1,2087,12,16,0.0,8.023728,-1.9028023,2087
26648,r2i1p1f1,2087,12,17,0.0,14.236253,-1.7866622,2087
26649,r2i1p1f1,2087,12,18,0.0,17.086683,1.217296,2087
26650,r2i1p1f1,2087,12,19,0.0,17.158346,1.6659906,2087
26651,r2i1p1f1,2087,12,20,0.0,18.047115,1.7972995,2087
26652,r2i1p1f1,2087,12,21,0.0,18.706621,3.0018218,2087
26653,r2i1p1f1,2087,12,22,0.0,19.004417,3.5164397,2087
26654,r2i1p1f1,2087,12,23,0.0,16.350851,5.055623,2087
26655,r2i1p1f1,2087,12,24,0.0,16.964464,2.3266542,2087
26656,r2i1p1f1,2087,12,25,0.0,11.664373,-3.5404615,2087
26657,r2i1p1f1,2087,12,26,0.0,14.784211,-1.2295574,2087
26658,r2i1p1f1,2087,12,27,0.0,11.884227,1.5816032,2087
26659,r2i1p1f1,2087,12,28,3.439941807629601,7.2355576,1.073803,2087
26660,r2i1p1f1,2087,12,29,0.9150195332320157,7.795228,1.0197655,2087
26661,r2i1p1f1,2087,12,30,0.0,12.197596,1.31716,2087
26662,r2i1p1f1,2087,12,31,0.0,16.116657,0.83489454,2087
26663,r2i1p1f1,2088,01,01,0.0,18.114033,3.8825395,2088
26664,r2i1p1f1,2088,01,02,0.0,19.59319,4.489696,2088
26665,r2i1p1f1,2088,01,03,0.0,16.735693,5.333831,2088
26666,r2i1p1f1,2088,01,04,0.0,16.06458,5.237916,2088
26667,r2i1p1f1,2088,01,05,0.0,15.144028,5.543703,2088
26668,r2i1p1f1,2088,01,06,0.0,16.516459,4.7924976,2088
26669,r2i1p1f1,2088,01,07,0.0,15.6015625,3.1618145,2088
26670,r2i1p1f1,2088,01,08,0.0,14.347478,4.9618564,2088
26671,r2i1p1f1,2088,01,09,0.0,14.477715,4.810046,2088
26672,r2i1p1f1,2088,01,10,0.0,18.594786,4.491837,2088
26673,r2i1p1f1,2088,01,11,0.0,19.222319,4.9260507,2088
26674,r2i1p1f1,2088,01,12,0.0,19.740932,5.2149734,2088
26675,r2i1p1f1,2088,01,13,0.0,19.96027,6.0013003,2088
26676,r2i1p1f1,2088,01,14,0.0,19.496035,4.424287,2088
26677,r2i1p1f1,2088,01,15,0.7670980841234828,13.992344,3.6879516,2088
26678,r2i1p1f1,2088,01,16,0.0,10.81301,-3.4649818,2088
26679,r2i1p1f1,2088,01,17,0.0,11.881179,-3.1330986,2088
26680,r2i1p1f1,2088,01,18,0.0,10.944695,-2.7045672,2088
26681,r2i1p1f1,2088,01,19,0.13878026514318592,8.139727,-1.2684003,2088
26682,r2i1p1f1,2088,01,20,21.305528094392056,3.5695207,-2.8466706,2088
26683,r2i1p1f1,2088,01,21,26.300787388866482,2.3116052,-8.781134,2088
26684,r2i1p1f1,2088,01,22,0.0,8.564708,-7.52822,2088
26685,r2i1p1f1,2088,01,23,0.0,5.9464445,-4.489256,2088
26686,r2i1p1f1,2088,01,24,29.28147062820454,3.074129,-1.70471,2088
26687,r2i1p1f1,2088,01,25,0.011085645860475779,4.914735,-6.2707367,2088
26688,r2i1p1f1,2088,01,26,42.04228941906387,7.0414085,-5.0134225,2088
26689,r2i1p1f1,2088,01,27,81.58832906673734,12.162291,-0.71463925,2088
26690,r2i1p1f1,2088,01,28,56.29782226348583,9.310698,1.6785321,2088
26691,r2i1p1f1,2088,01,29,30.475044506881833,12.699522,2.6737916,2088
26692,r2i1p1f1,2088,01,30,0.0,18.127172,8.589163,2088
26693,r2i1p1f1,2088,01,31,1.4659162910342833,15.806692,8.869583,2088
26694,r2i1p1f1,2088,02,01,0.0,20.815859,5.954944,2088
26695,r2i1p1f1,2088,02,02,0.0,23.2962,8.050057,2088
26696,r2i1p1f1,2088,02,03,0.0,23.116571,8.979707,2088
26697,r2i1p1f1,2088,02,04,0.0,20.011349,7.7109985,2088
26698,r2i1p1f1,2088,02,05,0.0,23.167131,7.533452,2088
26699,r2i1p1f1,2088,02,06,0.0,23.088507,8.689319,2088
26700,r2i1p1f1,2088,02,07,0.005799593698331871,18.757372,6.979223,2088
26701,r2i1p1f1,2088,02,08,6.747757177303216,11.652378,5.948509,2088
26702,r2i1p1f1,2088,02,09,0.0,12.226638,1.5443603,2088
26703,r2i1p1f1,2088,02,10,41.85592919014967,8.091032,0.8644014,2088
26704,r2i1p1f1,2088,02,11,24.511037363005855,8.252439,1.2678666,2088
26705,r2i1p1f1,2088,02,12,13.565915625524493,8.416894,-1.1119987,2088
26706,r2i1p1f1,2088,02,13,5.5255865738917445,6.738148,-4.3590384,2088
26707,r2i1p1f1,2088,02,14,14.769176979965637,4.4671617,-2.0100477,2088
26708,r2i1p1f1,2088,02,15,6.2183452013659215,3.8309393,-6.4073453,2088
26709,r2i1p1f1,2088,02,16,81.49884862359613,3.8769233,-1.3411798,2088
26710,r2i1p1f1,2088,02,17,0.0,4.418204,-5.093135,2088
26711,r2i1p1f1,2088,02,18,0.0,9.340816,-3.487909,2088
26712,r2i1p1f1,2088,02,19,0.0,10.432544,-0.9338394,2088
26713,r2i1p1f1,2088,02,20,0.0,11.382009,2.616745,2088
26714,r2i1p1f1,2088,02,21,0.1756176924695515,10.062532,2.0148137,2088
26715,r2i1p1f1,2088,02,22,0.4181924958594699,9.198222,-1.2282751,2088
26716,r2i1p1f1,2088,02,23,5.13949153529001,6.2310953,0.47056082,2088
26717,r2i1p1f1,2088,02,24,0.0,13.798067,0.042145558,2088
26718,r2i1p1f1,2088,02,25,0.0,16.418861,3.0866303,2088
26719,r2i1p1f1,2088,02,26,0.0,16.496044,2.5929365,2088
26720,r2i1p1f1,2088,02,27,1.4850037723100775,14.509263,1.4759718,2088
26721,r2i1p1f1,2088,02,28,19.93975393326344,8.968794,2.3017774,2088
26722,r2i1p1f1,2088,02,29,0.0,16.234144,3.7965214,2088
26723,r2i1p1f1,2088,03,01,0.0,14.796765,5.6807923,2088
26724,r2i1p1f1,2088,03,02,25.4963749698408,9.536606,-0.36396584,2088
26725,r2i1p1f1,2088,03,03,99.95320431368712,8.709695,4.339526,2088
26726,r2i1p1f1,2088,03,04,141.00222829371117,10.516257,5.779714,2088
26727,r2i1p1f1,2088,03,05,113.39663291135086,11.136941,6.8484497,2088
26728,r2i1p1f1,2088,03,06,71.78167183167086,9.851561,5.997552,2088
26729,r2i1p1f1,2088,03,07,0.0,17.673454,3.5999718,2088
26730,r2i1p1f1,2088,03,08,0.0,17.948256,5.401002,2088
26731,r2i1p1f1,2088,03,09,25.457851000380916,13.358682,1.2149891,2088
26732,r2i1p1f1,2088,03,10,51.967780618892554,9.717598,4.8552995,2088
26733,r2i1p1f1,2088,03,11,0.0,15.325298,4.870853,2088
26734,r2i1p1f1,2088,03,12,0.0,17.012987,2.766321,2088
26735,r2i1p1f1,2088,03,13,0.0,16.914078,2.0172505,2088
26736,r2i1p1f1,2088,03,14,32.987301635484286,10.380439,2.3245025,2088
26737,r2i1p1f1,2088,03,15,9.120350226686032,9.1669,4.1544704,2088
26738,r2i1p1f1,2088,03,16,0.0,11.149009,3.3162804,2088
26739,r2i1p1f1,2088,03,17,5.426983547218137,7.867034,2.9835863,2088
26740,r2i1p1f1,2088,03,18,1.6786190881668097,11.491099,0.95787185,2088
26741,r2i1p1f1,2088,03,19,0.0,16.537968,1.1866696,2088
26742,r2i1p1f1,2088,03,20,2.1887288984054556,16.746353,2.2062824,2088
26743,r2i1p1f1,2088,03,21,0.3635836495854724,13.360925,8.496796,2088
26744,r2i1p1f1,2088,03,22,2.3973921194108416,9.9421015,2.8707516,2088
26745,r2i1p1f1,2088,03,23,0.0,14.365816,0.76577944,2088
26746,r2i1p1f1,2088,03,24,2.3585785262639547,13.598166,0.0593919,2088
26747,r2i1p1f1,2088,03,25,11.087715018276448,8.523552,0.74477476,2088
26748,r2i1p1f1,2088,03,26,6.97799939570569,7.1092277,1.5737747,2088
26749,r2i1p1f1,2088,03,27,11.119272618886429,10.09107,0.600591,2088
26750,r2i1p1f1,2088,03,28,0.0,12.49728,0.631395,2088
26751,r2i1p1f1,2088,03,29,33.97586037597368,10.267868,4.0459476,2088
26752,r2i1p1f1,2088,03,30,0.0,19.588667,2.820193,2088
26753,r2i1p1f1,2088,03,31,0.0,21.642513,5.255228,2088
26754,r2i1p1f1,2088,04,01,0.0,20.036509,4.579076,2088
26755,r2i1p1f1,2088,04,02,1.9441862412070174,15.106821,3.6783648,2088
26756,r2i1p1f1,2088,04,03,41.01752380867345,9.760217,2.1696587,2088
26757,r2i1p1f1,2088,04,04,4.701428870052601,7.6731997,-0.006981776,2088
26758,r2i1p1f1,2088,04,05,0.010837865339943584,18.009014,0.6097711,2088
26759,r2i1p1f1,2088,04,06,0.0,19.700966,3.5279775,2088
26760,r2i1p1f1,2088,04,07,0.0,23.096151,6.145856,2088
26761,r2i1p1f1,2088,04,08,0.0,25.05729,7.699039,2088
26762,r2i1p1f1,2088,04,09,0.0,25.298891,9.516622,2088
26763,r2i1p1f1,2088,04,10,0.0,23.567186,7.876429,2088
26764,r2i1p1f1,2088,04,11,0.0,21.064732,7.6581063,2088
26765,r2i1p1f1,2088,04,12,0.0,22.01406,5.4353137,2088
26766,r2i1p1f1,2088,04,13,0.0,20.014933,4.4404874,2088
26767,r2i1p1f1,2088,04,14,0.0,18.82793,4.6832786,2088
26768,r2i1p1f1,2088,04,15,0.0,20.804722,3.86974,2088
26769,r2i1p1f1,2088,04,16,0.6816529829638267,16.661907,1.371355,2088
26770,r2i1p1f1,2088,04,17,24.79521039483818,9.187796,3.8905873,2088
26771,r2i1p1f1,2088,04,18,8.680098531224827,12.628003,-2.0618541,2088
26772,r2i1p1f1,2088,04,19,0.0,19.590946,4.0033193,2088
26773,r2i1p1f1,2088,04,20,0.0,25.413002,7.977478,2088
26774,r2i1p1f1,2088,04,21,0.0,28.251627,11.289856,2088
26775,r2i1p1f1,2088,04,22,0.0,28.352959,11.598747,2088
26776,r2i1p1f1,2088,04,23,0.0,27.09878,11.149265,2088
26777,r2i1p1f1,2088,04,24,0.0,28.259848,9.378199,2088
26778,r2i1p1f1,2088,04,25,0.0,29.247633,11.987937,2088
26779,r2i1p1f1,2088,04,26,0.0,30.47308,13.152935,2088
26780,r2i1p1f1,2088,04,27,0.0,30.695347,13.579217,2088
26781,r2i1p1f1,2088,04,28,0.0,27.33457,11.685048,2088
26782,r2i1p1f1,2088,04,29,0.0,25.875105,9.818419,2088
26783,r2i1p1f1,2088,04,30,1.8372450373555274,18.382732,2.558618,2088
26784,r2i1p1f1,2088,05,01,14.534920563108663,12.828903,-0.27039933,2088
26785,r2i1p1f1,2088,05,02,1.4694584854553865,11.510045,4.8574314,2088
26786,r2i1p1f1,2088,05,03,12.577016759594418,12.156491,4.9648714,2088
26787,r2i1p1f1,2088,05,04,0.0,19.336811,3.2236016,2088
26788,r2i1p1f1,2088,05,05,0.3535170234499674,17.845596,8.529775,2088
26789,r2i1p1f1,2088,05,06,3.2356510298996,18.360783,6.3839993,2088
26790,r2i1p1f1,2088,05,07,0.0,26.68653,7.835244,2088
26791,r2i1p1f1,2088,05,08,0.0,31.635448,12.876885,2088
26792,r2i1p1f1,2088,05,09,0.0,31.22606,14.27531,2088
26793,r2i1p1f1,2088,05,10,0.10411238465807698,27.59735,10.870094,2088
26794,r2i1p1f1,2088,05,11,0.0,24.67872,7.859656,2088
26795,r2i1p1f1,2088,05,12,0.0,25.322021,8.804074,2088
26796,r2i1p1f1,2088,05,13,0.18939958240480337,22.213558,6.7748656,2088
26797,r2i1p1f1,2088,05,14,0.0,20.891348,5.208809,2088
26798,r2i1p1f1,2088,05,15,0.0,19.691948,4.0631933,2088
26799,r2i1p1f1,2088,05,16,0.0,20.55743,5.448502,2088
26800,r2i1p1f1,2088,05,17,0.0,21.462004,5.695707,2088
26801,r2i1p1f1,2088,05,18,0.0,23.180746,6.812784,2088
26802,r2i1p1f1,2088,05,19,0.0,29.16807,10.836806,2088
26803,r2i1p1f1,2088,05,20,0.9170764705301665,28.12413,10.585563,2088
26804,r2i1p1f1,2088,05,21,0.0,16.144684,7.8542013,2088
26805,r2i1p1f1,2088,05,22,0.25090373206134803,18.456099,3.8420575,2088
26806,r2i1p1f1,2088,05,23,0.0,22.810143,5.3737926,2088
26807,r2i1p1f1,2088,05,24,0.0,22.435167,7.0509267,2088
26808,r2i1p1f1,2088,05,25,0.0,21.325584,4.7629647,2088
26809,r2i1p1f1,2088,05,26,0.058758529485203326,17.218874,2.519838,2088
26810,r2i1p1f1,2088,05,27,5.255631808988535,16.925472,2.5314794,2088
26811,r2i1p1f1,2088,05,28,0.0,27.311354,10.959495,2088
26812,r2i1p1f1,2088,05,29,0.0,30.368618,13.461494,2088
26813,r2i1p1f1,2088,05,30,0.0,31.744059,15.457554,2088
26814,r2i1p1f1,2088,05,31,0.0,32.955917,16.854147,2088
26815,r2i1p1f1,2088,06,01,0.0,35.825527,19.03069,2088
26816,r2i1p1f1,2088,06,02,0.0,35.858006,18.082844,2088
26817,r2i1p1f1,2088,06,03,0.0,34.40619,17.960512,2088
26818,r2i1p1f1,2088,06,04,0.0,33.683125,17.632925,2088
26819,r2i1p1f1,2088,06,05,6.035850149237376,26.143778,11.303433,2088
26820,r2i1p1f1,2088,06,06,3.2505446761066334,23.500301,9.308371,2088
26821,r2i1p1f1,2088,06,07,0.0,31.355068,13.354458,2088
26822,r2i1p1f1,2088,06,08,0.0,32.370216,15.602824,2088
26823,r2i1p1f1,2088,06,09,0.0,32.642967,16.423203,2088
26824,r2i1p1f1,2088,06,10,0.0,32.625507,16.877653,2088
26825,r2i1p1f1,2088,06,11,0.0,34.119667,17.04066,2088
26826,r2i1p1f1,2088,06,12,0.0,34.21949,18.710205,2088
26827,r2i1p1f1,2088,06,13,0.0,33.53919,17.171856,2088
26828,r2i1p1f1,2088,06,14,0.0,30.25852,15.582432,2088
26829,r2i1p1f1,2088,06,15,0.0,29.01024,14.14968,2088
26830,r2i1p1f1,2088,06,16,0.0,28.42534,12.440272,2088
26831,r2i1p1f1,2088,06,17,0.0,27.501688,12.516841,2088
26832,r2i1p1f1,2088,06,18,0.0,25.842094,10.3093605,2088
26833,r2i1p1f1,2088,06,19,0.0,26.624393,10.738545,2088
26834,r2i1p1f1,2088,06,20,0.0,28.688633,11.248629,2088
26835,r2i1p1f1,2088,06,21,0.01049570329576874,28.787008,12.706558,2088
26836,r2i1p1f1,2088,06,22,0.0,28.357222,11.848772,2088
26837,r2i1p1f1,2088,06,23,0.0,29.12516,13.704436,2088
26838,r2i1p1f1,2088,06,24,0.0,32.11529,15.755897,2088
26839,r2i1p1f1,2088,06,25,1.2982655266778937,32.487106,15.305019,2088
26840,r2i1p1f1,2088,06,26,0.0,29.735016,14.648489,2088
26841,r2i1p1f1,2088,06,27,2.693024547988898,32.179985,14.267686,2088
26842,r2i1p1f1,2088,06,28,4.853653758695705,30.62381,15.277725,2088
26843,r2i1p1f1,2088,06,29,2.2223594906301094,29.9723,14.519868,2088
26844,r2i1p1f1,2088,06,30,1.1282448570717372,23.35143,10.828969,2088
26845,r2i1p1f1,2088,07,01,7.803939293080475,23.819937,11.072613,2088
26846,r2i1p1f1,2088,07,02,7.653299697547202,21.854593,9.052581,2088
26847,r2i1p1f1,2088,07,03,0.00014847563621655214,23.915089,11.52422,2088
26848,r2i1p1f1,2088,07,04,0.05345658566091935,29.221876,14.088613,2088
26849,r2i1p1f1,2088,07,05,0.0,29.769566,15.062852,2088
26850,r2i1p1f1,2088,07,06,0.0,29.744854,14.2731905,2088
26851,r2i1p1f1,2088,07,07,0.0,29.51687,13.835739,2088
26852,r2i1p1f1,2088,07,08,0.0,29.571896,14.462368,2088
26853,r2i1p1f1,2088,07,09,0.0,33.44256,15.658188,2088
26854,r2i1p1f1,2088,07,10,0.0,34.633923,17.250345,2088
26855,r2i1p1f1,2088,07,11,0.0,34.36362,17.220102,2088
26856,r2i1p1f1,2088,07,12,0.0,31.21659,15.698333,2088
26857,r2i1p1f1,2088,07,13,0.0,29.240849,13.235498,2088
26858,r2i1p1f1,2088,07,14,0.0,32.033154,16.048592,2088
26859,r2i1p1f1,2088,07,15,0.0,34.562088,16.931143,2088
26860,r2i1p1f1,2088,07,16,0.0,33.897324,16.583399,2088
26861,r2i1p1f1,2088,07,17,0.0,32.197227,16.500015,2088
26862,r2i1p1f1,2088,07,18,0.0,34.57001,16.646482,2088
26863,r2i1p1f1,2088,07,19,0.0,37.1037,19.285172,2088
26864,r2i1p1f1,2088,07,20,0.0,37.575733,21.011522,2088
26865,r2i1p1f1,2088,07,21,0.2043857234989096,37.136906,19.211676,2088
26866,r2i1p1f1,2088,07,22,2.5831570127593295,35.788235,18.347763,2088
26867,r2i1p1f1,2088,07,23,0.036858851000523336,35.824776,18.774319,2088
26868,r2i1p1f1,2088,07,24,0.39416785506406227,37.109608,19.965267,2088
26869,r2i1p1f1,2088,07,25,0.0,36.59961,18.512823,2088
26870,r2i1p1f1,2088,07,26,0.0,36.7475,20.533466,2088
26871,r2i1p1f1,2088,07,27,0.0,37.90836,21.76705,2088
26872,r2i1p1f1,2088,07,28,0.0,39.785515,23.254087,2088
26873,r2i1p1f1,2088,07,29,0.0,37.464386,20.827473,2088
26874,r2i1p1f1,2088,07,30,0.0,37.46581,21.659107,2088
26875,r2i1p1f1,2088,07,31,0.0,38.695515,21.905401,2088
26876,r2i1p1f1,2088,08,01,0.0,36.4882,19.998575,2088
26877,r2i1p1f1,2088,08,02,0.0,33.520844,16.746607,2088
26878,r2i1p1f1,2088,08,03,0.0,33.07527,15.598969,2088
26879,r2i1p1f1,2088,08,04,0.0,34.42878,17.09401,2088
26880,r2i1p1f1,2088,08,05,0.0,35.525,18.571577,2088
26881,r2i1p1f1,2088,08,06,0.0,36.242554,19.088198,2088
26882,r2i1p1f1,2088,08,07,0.0,37.16444,21.129833,2088
26883,r2i1p1f1,2088,08,08,3.7036081893347728,38.02582,20.963,2088
26884,r2i1p1f1,2088,08,09,0.0,37.603992,20.544052,2088
26885,r2i1p1f1,2088,08,10,0.0,35.586452,18.744154,2088
26886,r2i1p1f1,2088,08,11,0.0,33.95679,17.075836,2088
26887,r2i1p1f1,2088,08,12,0.0,34.803085,17.535748,2088
26888,r2i1p1f1,2088,08,13,0.0,34.73171,17.780458,2088
26889,r2i1p1f1,2088,08,14,0.0,34.742706,17.723978,2088
26890,r2i1p1f1,2088,08,15,0.0,35.365192,18.268677,2088
26891,r2i1p1f1,2088,08,16,0.0,35.45048,18.258093,2088
26892,r2i1p1f1,2088,08,17,0.0,35.26762,18.212046,2088
26893,r2i1p1f1,2088,08,18,0.0,35.166115,17.76359,2088
26894,r2i1p1f1,2088,08,19,0.0,32.717068,15.318056,2088
26895,r2i1p1f1,2088,08,20,0.0,30.144424,13.241343,2088
26896,r2i1p1f1,2088,08,21,0.0,28.73309,12.368902,2088
26897,r2i1p1f1,2088,08,22,0.0,28.857935,12.111888,2088
26898,r2i1p1f1,2088,08,23,0.0,29.828678,12.440876,2088
26899,r2i1p1f1,2088,08,24,0.0,30.768238,12.860723,2088
26900,r2i1p1f1,2088,08,25,0.0,30.710205,14.499189,2088
26901,r2i1p1f1,2088,08,26,0.0,32.25241,14.350806,2088
26902,r2i1p1f1,2088,08,27,0.0,32.75843,17.481524,2088
26903,r2i1p1f1,2088,08,28,0.0,33.23512,17.974573,2088
26904,r2i1p1f1,2088,08,29,0.0,34.224777,15.967244,2088
26905,r2i1p1f1,2088,08,30,0.10074663878185675,34.228992,16.751537,2088
26906,r2i1p1f1,2088,08,31,0.0,33.395138,15.449871,2088
26907,r2i1p1f1,2088,09,01,0.0,32.407516,17.436451,2088
26908,r2i1p1f1,2088,09,02,0.0,32.22467,17.005928,2088
26909,r2i1p1f1,2088,09,03,0.0,32.591885,16.750729,2088
26910,r2i1p1f1,2088,09,04,0.0,33.695694,17.708477,2088
26911,r2i1p1f1,2088,09,05,0.0,33.97424,19.224249,2088
26912,r2i1p1f1,2088,09,06,0.0015294623433594378,34.2909,17.84081,2088
26913,r2i1p1f1,2088,09,07,0.0,33.138428,16.746128,2088
26914,r2i1p1f1,2088,09,08,0.0,32.911613,16.55772,2088
26915,r2i1p1f1,2088,09,09,0.0,32.514297,16.096786,2088
26916,r2i1p1f1,2088,09,10,0.0,33.330666,16.221972,2088
26917,r2i1p1f1,2088,09,11,0.0,33.177635,16.651049,2088
26918,r2i1p1f1,2088,09,12,0.0,32.345078,15.81383,2088
26919,r2i1p1f1,2088,09,13,0.0,30.086313,12.748006,2088
26920,r2i1p1f1,2088,09,14,0.0,31.036276,14.252498,2088
26921,r2i1p1f1,2088,09,15,0.0,32.084587,16.291965,2088
26922,r2i1p1f1,2088,09,16,0.0,34.09329,18.022947,2088
26923,r2i1p1f1,2088,09,17,0.0,32.649384,16.887264,2088
26924,r2i1p1f1,2088,09,18,0.0,33.11877,16.706303,2088
26925,r2i1p1f1,2088,09,19,0.0,32.401157,15.611362,2088
26926,r2i1p1f1,2088,09,20,0.0,32.711155,16.395996,2088
26927,r2i1p1f1,2088,09,21,0.0,36.318874,18.351803,2088
26928,r2i1p1f1,2088,09,22,0.0,34.831936,18.954376,2088
26929,r2i1p1f1,2088,09,23,0.0,32.7378,15.65323,2088
26930,r2i1p1f1,2088,09,24,0.0,30.927427,15.573455,2088
26931,r2i1p1f1,2088,09,25,0.0,28.612886,13.905481,2088
26932,r2i1p1f1,2088,09,26,0.0,26.29752,12.480711,2088
26933,r2i1p1f1,2088,09,27,0.8464325426337802,28.431662,12.441568,2088
26934,r2i1p1f1,2088,09,28,2.7716771979262727,30.671822,13.811433,2088
26935,r2i1p1f1,2088,09,29,0.0,31.863417,18.313135,2088
26936,r2i1p1f1,2088,09,30,2.5404194265740023,34.032772,19.461857,2088
26937,r2i1p1f1,2088,10,01,153.27181075520528,21.691221,18.1025,2088
26938,r2i1p1f1,2088,10,02,18.365569766207884,19.166142,7.7834144,2088
26939,r2i1p1f1,2088,10,03,0.00592937737801199,18.694515,5.0864544,2088
26940,r2i1p1f1,2088,10,04,0.0,23.197506,7.2494106,2088
26941,r2i1p1f1,2088,10,05,0.0,23.421223,9.041753,2088
26942,r2i1p1f1,2088,10,06,0.0,23.267548,9.130295,2088
26943,r2i1p1f1,2088,10,07,0.0,25.027729,9.591772,2088
26944,r2i1p1f1,2088,10,08,0.0,23.989227,8.366103,2088
26945,r2i1p1f1,2088,10,09,0.0,23.14648,9.005792,2088
26946,r2i1p1f1,2088,10,10,0.0,24.154083,8.845361,2088
26947,r2i1p1f1,2088,10,11,0.0,26.489737,8.228722,2088
26948,r2i1p1f1,2088,10,12,0.0,26.016249,9.915317,2088
26949,r2i1p1f1,2088,10,13,0.0,26.075912,11.431822,2088
26950,r2i1p1f1,2088,10,14,0.0,27.17153,12.49094,2088
26951,r2i1p1f1,2088,10,15,0.0,28.601562,13.108104,2088
26952,r2i1p1f1,2088,10,16,0.0,28.277529,13.687326,2088
26953,r2i1p1f1,2088,10,17,0.0,27.872494,13.991985,2088
26954,r2i1p1f1,2088,10,18,0.0,27.013712,13.661469,2088
26955,r2i1p1f1,2088,10,19,0.0,28.375113,14.020447,2088
26956,r2i1p1f1,2088,10,20,0.0,25.988031,11.841736,2088
26957,r2i1p1f1,2088,10,21,0.0,23.679447,9.155997,2088
26958,r2i1p1f1,2088,10,22,0.0,24.06664,9.841634,2088
26959,r2i1p1f1,2088,10,23,0.0,24.885351,9.894203,2088
26960,r2i1p1f1,2088,10,24,0.12015529120197663,22.163057,8.894987,2088
26961,r2i1p1f1,2088,10,25,8.01306551147718,17.68479,7.6788187,2088
26962,r2i1p1f1,2088,10,26,38.46523737973677,14.582476,10.300923,2088
26963,r2i1p1f1,2088,10,27,14.707732258046654,13.423718,8.335969,2088
26964,r2i1p1f1,2088,10,28,0.0,13.808741,0.33829194,2088
26965,r2i1p1f1,2088,10,29,0.0,13.150915,0.097199075,2088
26966,r2i1p1f1,2088,10,30,0.0,14.049055,3.298258,2088
26967,r2i1p1f1,2088,10,31,0.0,13.904178,3.5591578,2088
26968,r2i1p1f1,2088,11,01,0.0,15.555698,1.489585,2088
26969,r2i1p1f1,2088,11,02,0.0,16.366817,2.2113159,2088
26970,r2i1p1f1,2088,11,03,0.0,16.981096,3.2844777,2088
26971,r2i1p1f1,2088,11,04,0.0,19.741295,3.9246504,2088
26972,r2i1p1f1,2088,11,05,0.0,18.351086,4.2660265,2088
26973,r2i1p1f1,2088,11,06,0.0,19.26794,4.036022,2088
26974,r2i1p1f1,2088,11,07,0.0,17.647312,3.6031032,2088
26975,r2i1p1f1,2088,11,08,0.0,17.379673,3.926933,2088
26976,r2i1p1f1,2088,11,09,0.0,21.537992,3.8225183,2088
26977,r2i1p1f1,2088,11,10,0.0,21.699383,6.5929823,2088
26978,r2i1p1f1,2088,11,11,0.0,20.381483,5.2339597,2088
26979,r2i1p1f1,2088,11,12,0.0,18.693989,5.2170987,2088
26980,r2i1p1f1,2088,11,13,0.0,18.389635,2.1300042,2088
26981,r2i1p1f1,2088,11,14,0.0,19.528751,2.3876977,2088
26982,r2i1p1f1,2088,11,15,0.0,17.237938,2.7392867,2088
26983,r2i1p1f1,2088,11,16,0.0,17.09105,3.7750316,2088
26984,r2i1p1f1,2088,11,17,7.536502718420916,14.186572,5.7839684,2088
26985,r2i1p1f1,2088,11,18,2.365740258610808,12.973484,6.302353,2088
26986,r2i1p1f1,2088,11,19,0.0,13.837033,-0.9719446,2088
26987,r2i1p1f1,2088,11,20,0.0,10.49435,1.5495954,2088
26988,r2i1p1f1,2088,11,21,9.564843950199876,10.848574,5.527587,2088
26989,r2i1p1f1,2088,11,22,0.05012994448546893,16.428034,3.126596,2088
26990,r2i1p1f1,2088,11,23,0.0,15.324283,1.0103157,2088
26991,r2i1p1f1,2088,11,24,0.3711074565846782,14.063176,2.1950483,2088
26992,r2i1p1f1,2088,11,25,4.860780900847972,10.584449,5.8840175,2088
26993,r2i1p1f1,2088,11,26,1.541385016305587,14.391844,2.8057368,2088
26994,r2i1p1f1,2088,11,27,59.206064658848426,19.696749,5.727708,2088
26995,r2i1p1f1,2088,11,28,37.3860300227534,14.216315,3.8933089,2088
26996,r2i1p1f1,2088,11,29,17.239451436930374,12.620998,3.1578276,2088
26997,r2i1p1f1,2088,11,30,0.0,16.10959,0.13287891,2088
26998,r2i1p1f1,2088,12,01,0.0,15.70946,3.9504004,2088
26999,r2i1p1f1,2088,12,02,0.0,15.50832,4.6477385,2088
27000,r2i1p1f1,2088,12,03,0.0,17.024302,4.2602005,2088
27001,r2i1p1f1,2088,12,04,0.0,16.045673,2.9017699,2088
27002,r2i1p1f1,2088,12,05,0.0,16.73193,3.8433893,2088
27003,r2i1p1f1,2088,12,06,0.0,16.915865,4.286788,2088
27004,r2i1p1f1,2088,12,07,0.0,17.277075,4.4549336,2088
27005,r2i1p1f1,2088,12,08,0.0,17.126934,3.9745624,2088
27006,r2i1p1f1,2088,12,09,0.0,17.84838,5.1541624,2088
27007,r2i1p1f1,2088,12,10,0.0,20.278395,6.8285427,2088
27008,r2i1p1f1,2088,12,11,0.0,19.932465,7.6038003,2088
27009,r2i1p1f1,2088,12,12,0.0,18.54367,6.6609178,2088
27010,r2i1p1f1,2088,12,13,0.0,18.397642,5.699748,2088
27011,r2i1p1f1,2088,12,14,0.0,18.271425,5.360383,2088
27012,r2i1p1f1,2088,12,15,0.0,18.474901,5.3438334,2088
27013,r2i1p1f1,2088,12,16,0.0,17.444773,5.053702,2088
27014,r2i1p1f1,2088,12,17,0.0,17.947256,5.3987327,2088
27015,r2i1p1f1,2088,12,18,0.0,16.804676,4.9991117,2088
27016,r2i1p1f1,2088,12,19,0.0,18.898544,5.3470297,2088
27017,r2i1p1f1,2088,12,20,0.0,15.625072,8.742347,2088
27018,r2i1p1f1,2088,12,21,48.66717993257995,10.926707,0.9595473,2088
27019,r2i1p1f1,2088,12,22,2.545230272097307,5.8198276,-1.5096842,2088
27020,r2i1p1f1,2088,12,23,50.37894854411626,2.333412,-1.421137,2088
27021,r2i1p1f1,2088,12,24,0.0,4.135137,-3.3073895,2088
27022,r2i1p1f1,2088,12,25,0.3081703288487985,2.7503295,-0.8496463,2088
27023,r2i1p1f1,2088,12,26,0.26256756611404014,8.983414,-0.5315033,2088
27024,r2i1p1f1,2088,12,27,0.0,10.221512,0.601052,2088
27025,r2i1p1f1,2088,12,28,0.16696424417414862,9.4302225,-0.24196781,2088
27026,r2i1p1f1,2088,12,29,1.49127550673886,1.5160378,-4.598134,2088
27027,r2i1p1f1,2088,12,30,0.4849174860370252,-0.8520319,-7.070696,2088
27028,r2i1p1f1,2088,12,31,0.0004750742076654345,0.17309052,-5.9844375,2088
27029,r2i1p1f1,2089,01,01,0.0,3.2955968,-6.2902136,2089
27030,r2i1p1f1,2089,01,02,0.0,2.2919114,-6.11188,2089
27031,r2i1p1f1,2089,01,03,22.820028291271928,2.5348182,-3.8551562,2089
27032,r2i1p1f1,2089,01,04,88.65209823975769,6.5240955,-5.287887,2089
27033,r2i1p1f1,2089,01,05,7.215749502417496,2.1998281,-1.6010035,2089
27034,r2i1p1f1,2089,01,06,38.826273911847515,4.358997,-1.0082325,2089
27035,r2i1p1f1,2089,01,07,0.02366175019513041,6.4065614,-7.5394664,2089
27036,r2i1p1f1,2089,01,08,0.0,0.1859616,-11.655766,2089
27037,r2i1p1f1,2089,01,09,0.0,4.2135835,-8.455524,2089
27038,r2i1p1f1,2089,01,10,0.0,3.509066,-6.983566,2089
27039,r2i1p1f1,2089,01,11,0.0,7.1095886,-7.677655,2089
27040,r2i1p1f1,2089,01,12,0.0,7.1550035,-2.601425,2089
27041,r2i1p1f1,2089,01,13,0.0,8.078903,-4.9369183,2089
27042,r2i1p1f1,2089,01,14,0.0,6.9642067,-3.7370276,2089
27043,r2i1p1f1,2089,01,15,0.0,7.148026,-3.9770868,2089
27044,r2i1p1f1,2089,01,16,0.0,10.616815,-3.498794,2089
27045,r2i1p1f1,2089,01,17,0.0,8.479912,-3.2989619,2089
27046,r2i1p1f1,2089,01,18,0.0,8.694063,-3.2521167,2089
27047,r2i1p1f1,2089,01,19,0.0,8.496607,-4.6846375,2089
27048,r2i1p1f1,2089,01,20,0.0,18.277208,3.5475612,2089
27049,r2i1p1f1,2089,01,21,0.0,20.921019,6.468041,2089
27050,r2i1p1f1,2089,01,22,0.0,20.529417,5.825858,2089
27051,r2i1p1f1,2089,01,23,0.0,18.509901,3.6473408,2089
27052,r2i1p1f1,2089,01,24,4.894745104845172,7.925585,2.0803187,2089
27053,r2i1p1f1,2089,01,25,21.83668633649806,4.8564987,-0.16586812,2089
27054,r2i1p1f1,2089,01,26,67.24619039316447,4.719164,-0.5282031,2089
27055,r2i1p1f1,2089,01,27,107.82255380002495,4.3225226,-0.4382916,2089
27056,r2i1p1f1,2089,01,28,0.0,6.0618887,-5.768441,2089
27057,r2i1p1f1,2089,01,29,0.0,6.92885,-5.178676,2089
27058,r2i1p1f1,2089,01,30,7.074456332786492,10.140615,-3.6110387,2089
27059,r2i1p1f1,2089,01,31,45.50828190627866,8.78679,3.049825,2089
27060,r2i1p1f1,2089,02,01,7.40966578536105,8.091023,3.1677117,2089
27061,r2i1p1f1,2089,02,02,0.8076180481741455,7.867045,3.2130394,2089
27062,r2i1p1f1,2089,02,03,7.429736993981351,9.30301,3.4015331,2089
27063,r2i1p1f1,2089,02,04,0.0,18.853739,2.8815186,2089
27064,r2i1p1f1,2089,02,05,0.012072493924419038,14.027597,2.9792292,2089
27065,r2i1p1f1,2089,02,06,30.46868064915403,10.692431,3.0500562,2089
27066,r2i1p1f1,2089,02,07,0.1816582900154082,15.608987,3.3986793,2089
27067,r2i1p1f1,2089,02,08,3.165306559913006,12.730998,3.263225,2089
27068,r2i1p1f1,2089,02,09,9.751866467586996,10.435564,4.213826,2089
27069,r2i1p1f1,2089,02,10,6.497725391482863,11.727746,6.432074,2089
27070,r2i1p1f1,2089,02,11,0.8000624313423871,14.19864,9.39424,2089
27071,r2i1p1f1,2089,02,12,0.0,22.536291,6.637943,2089
27072,r2i1p1f1,2089,02,13,0.0,23.468212,6.5820656,2089
27073,r2i1p1f1,2089,02,14,0.0,22.42253,7.0822754,2089
27074,r2i1p1f1,2089,02,15,0.0,22.446142,7.820641,2089
27075,r2i1p1f1,2089,02,16,0.0,19.816463,6.121679,2089
27076,r2i1p1f1,2089,02,17,0.0,20.084732,6.028772,2089
27077,r2i1p1f1,2089,02,18,0.0,18.379393,4.058102,2089
27078,r2i1p1f1,2089,02,19,0.0,17.611189,3.351568,2089
27079,r2i1p1f1,2089,02,20,0.0,19.26269,3.1688373,2089
27080,r2i1p1f1,2089,02,21,0.0,19.250748,5.3926744,2089
27081,r2i1p1f1,2089,02,22,0.0,19.093096,4.7030582,2089
27082,r2i1p1f1,2089,02,23,0.0,20.040995,3.0492222,2089
27083,r2i1p1f1,2089,02,24,0.043009960133461464,14.175102,0.50533724,2089
27084,r2i1p1f1,2089,02,25,0.0,4.276365,-4.6752987,2089
27085,r2i1p1f1,2089,02,26,0.0,8.376409,-7.1801696,2089
27086,r2i1p1f1,2089,02,27,0.0,7.8928347,-5.7359757,2089
27087,r2i1p1f1,2089,02,28,0.33197043307714363,3.5580463,-1.1289842,2089
27088,r2i1p1f1,2089,03,01,3.7322749486730364,3.463612,-6.732386,2089
27089,r2i1p1f1,2089,03,02,0.0,8.732293,-5.017456,2089
27090,r2i1p1f1,2089,03,03,0.0,13.5964155,2.970671,2089
27091,r2i1p1f1,2089,03,04,0.0,17.56871,2.3283958,2089
27092,r2i1p1f1,2089,03,05,1.7223814641441164,10.608382,1.4328679,2089
27093,r2i1p1f1,2089,03,06,0.0,17.357862,3.2940838,2089
27094,r2i1p1f1,2089,03,07,0.0,18.364775,1.7111065,2089
27095,r2i1p1f1,2089,03,08,0.2841674580430173,17.895727,2.5637097,2089
27096,r2i1p1f1,2089,03,09,3.1124728375568966,6.63126,-1.4595938,2089
27097,r2i1p1f1,2089,03,10,17.326750104928998,1.2430162,-4.0473185,2089
27098,r2i1p1f1,2089,03,11,2.616589200670205,1.2038931,-5.111184,2089
27099,r2i1p1f1,2089,03,12,0.0,6.404974,-6.90422,2089
27100,r2i1p1f1,2089,03,13,0.0,7.7795267,-0.92076814,2089
27101,r2i1p1f1,2089,03,14,18.511179155477574,4.4250336,-1.2085214,2089
27102,r2i1p1f1,2089,03,15,7.841158149844537,7.4228444,-0.23975235,2089
27103,r2i1p1f1,2089,03,16,60.75433221502373,9.588805,-1.4867523,2089
27104,r2i1p1f1,2089,03,17,17.794006465164085,5.632616,-4.3964,2089
27105,r2i1p1f1,2089,03,18,0.0025294014484153683,6.052696,-1.1200384,2089
27106,r2i1p1f1,2089,03,19,0.14067129730112635,6.6580114,0.7776549,2089
27107,r2i1p1f1,2089,03,20,0.0,13.833809,3.1185503,2089
27108,r2i1p1f1,2089,03,21,28.42677568282502,9.881663,-1.5170894,2089
27109,r2i1p1f1,2089,03,22,0.0,11.533964,2.6537042,2089
27110,r2i1p1f1,2089,03,23,0.0,13.289839,2.449084,2089
27111,r2i1p1f1,2089,03,24,0.0,20.977745,4.990305,2089
27112,r2i1p1f1,2089,03,25,0.0,23.176413,7.1650085,2089
27113,r2i1p1f1,2089,03,26,0.0,25.16955,8.093657,2089
27114,r2i1p1f1,2089,03,27,0.0,27.920006,10.095352,2089
27115,r2i1p1f1,2089,03,28,0.0,27.662285,10.641965,2089
27116,r2i1p1f1,2089,03,29,0.0,25.481148,8.961881,2089
27117,r2i1p1f1,2089,03,30,0.15691838739607752,18.522236,3.3426216,2089
27118,r2i1p1f1,2089,03,31,2.915055489917834,17.36114,-0.7554695,2089
27119,r2i1p1f1,2089,04,01,0.0,19.757666,3.4501202,2089
27120,r2i1p1f1,2089,04,02,0.0,23.409695,6.1563783,2089
27121,r2i1p1f1,2089,04,03,0.0,23.141449,7.419036,2089
27122,r2i1p1f1,2089,04,04,0.0,27.573637,9.51356,2089
27123,r2i1p1f1,2089,04,05,0.0,29.568378,11.707594,2089
27124,r2i1p1f1,2089,04,06,0.0,29.333456,12.124966,2089
27125,r2i1p1f1,2089,04,07,0.0,27.671328,10.068923,2089
27126,r2i1p1f1,2089,04,08,14.337619423643515,19.31102,1.6422824,2089
27127,r2i1p1f1,2089,04,09,0.3364871384484594,16.855368,3.4163232,2089
27128,r2i1p1f1,2089,04,10,0.0,19.114876,3.757887,2089
27129,r2i1p1f1,2089,04,11,0.0,19.220839,4.126728,2089
27130,r2i1p1f1,2089,04,12,0.0,18.407803,2.601142,2089
27131,r2i1p1f1,2089,04,13,0.0,20.857037,4.0969377,2089
27132,r2i1p1f1,2089,04,14,0.0,22.891132,5.432031,2089
27133,r2i1p1f1,2089,04,15,0.0,24.776117,7.25583,2089
27134,r2i1p1f1,2089,04,16,0.0,23.974342,5.9244804,2089
27135,r2i1p1f1,2089,04,17,0.0,22.08259,5.623,2089
27136,r2i1p1f1,2089,04,18,11.70369609250114,10.475127,5.78654,2089
27137,r2i1p1f1,2089,04,19,0.92547597803791,13.591434,7.120653,2089
27138,r2i1p1f1,2089,04,20,0.1664432810929821,15.680803,4.865372,2089
27139,r2i1p1f1,2089,04,21,0.8606143171164149,10.437669,0.45624954,2089
27140,r2i1p1f1,2089,04,22,0.0,16.888842,1.0959543,2089
27141,r2i1p1f1,2089,04,23,0.0,21.166151,3.7882977,2089
27142,r2i1p1f1,2089,04,24,0.0,19.670406,3.6886737,2089
27143,r2i1p1f1,2089,04,25,0.3498631027049179,12.894124,4.3648205,2089
27144,r2i1p1f1,2089,04,26,8.870634195885101,10.515828,4.23166,2089
27145,r2i1p1f1,2089,04,27,9.080010655270598,14.29482,2.9751863,2089
27146,r2i1p1f1,2089,04,28,0.0,22.089098,5.4165816,2089
27147,r2i1p1f1,2089,04,29,0.0,24.171804,8.3421335,2089
27148,r2i1p1f1,2089,04,30,0.0,25.983212,8.981848,2089
27149,r2i1p1f1,2089,05,01,0.0,27.7442,10.673375,2089
27150,r2i1p1f1,2089,05,02,0.0,27.46824,10.826553,2089
27151,r2i1p1f1,2089,05,03,0.0,24.731005,9.442286,2089
27152,r2i1p1f1,2089,05,04,28.92550677553607,15.95133,0.73834765,2089
27153,r2i1p1f1,2089,05,05,0.18432566979264756,14.642522,0.9351737,2089
27154,r2i1p1f1,2089,05,06,0.0,21.897446,5.5226684,2089
27155,r2i1p1f1,2089,05,07,0.0,24.921358,8.9797,2089
27156,r2i1p1f1,2089,05,08,0.0,25.25206,8.777148,2089
27157,r2i1p1f1,2089,05,09,0.0,22.838865,6.8130226,2089
27158,r2i1p1f1,2089,05,10,0.0,22.61119,5.749236,2089
27159,r2i1p1f1,2089,05,11,0.0,21.145987,4.672733,2089
27160,r2i1p1f1,2089,05,12,5.819231191253493,12.046511,5.6184864,2089
27161,r2i1p1f1,2089,05,13,0.0,15.109807,1.8780762,2089
27162,r2i1p1f1,2089,05,14,0.0,16.787271,7.178966,2089
27163,r2i1p1f1,2089,05,15,3.9471982745943444,17.539642,0.45977676,2089
27164,r2i1p1f1,2089,05,16,0.4408539646717075,19.742418,3.0479963,2089
27165,r2i1p1f1,2089,05,17,6.2761694770100664,17.49756,4.7964444,2089
27166,r2i1p1f1,2089,05,18,2.1435179266868194,17.052738,6.8881383,2089
27167,r2i1p1f1,2089,05,19,6.686298891523061,19.807152,4.4202185,2089
27168,r2i1p1f1,2089,05,20,21.24602277212244,19.587503,3.1068394,2089
27169,r2i1p1f1,2089,05,21,2.845638678438543,19.387686,5.163059,2089
27170,r2i1p1f1,2089,05,22,0.5128759785083485,20.970816,4.420582,2089
27171,r2i1p1f1,2089,05,23,0.0,21.80696,7.5478773,2089
27172,r2i1p1f1,2089,05,24,1.6341634577726767,18.484762,4.0804715,2089
27173,r2i1p1f1,2089,05,25,5.321511903971791,15.064627,5.4091573,2089
27174,r2i1p1f1,2089,05,26,17.433692300479517,12.971905,4.5659747,2089
27175,r2i1p1f1,2089,05,27,0.0,22.29609,6.822142,2089
27176,r2i1p1f1,2089,05,28,0.0,24.803514,9.388426,2089
27177,r2i1p1f1,2089,05,29,0.0,23.855751,9.048569,2089
27178,r2i1p1f1,2089,05,30,0.0,22.538092,7.108339,2089
27179,r2i1p1f1,2089,05,31,0.0,21.269796,5.9218225,2089
27180,r2i1p1f1,2089,06,01,0.0,18.084614,3.1077144,2089
27181,r2i1p1f1,2089,06,02,0.0,21.850323,4.3471985,2089
27182,r2i1p1f1,2089,06,03,0.0,21.300953,5.6784396,2089
27183,r2i1p1f1,2089,06,04,0.0,18.668537,4.4493856,2089
27184,r2i1p1f1,2089,06,05,0.0,21.040724,6.062539,2089
27185,r2i1p1f1,2089,06,06,0.0,27.378763,8.980442,2089
27186,r2i1p1f1,2089,06,07,0.0,29.621231,11.926015,2089
27187,r2i1p1f1,2089,06,08,0.0,31.023232,14.24664,2089
27188,r2i1p1f1,2089,06,09,0.0,30.636782,14.462875,2089
27189,r2i1p1f1,2089,06,10,0.0,28.169455,11.801141,2089
27190,r2i1p1f1,2089,06,11,0.0,24.501326,9.445707,2089
27191,r2i1p1f1,2089,06,12,0.0,23.224197,8.264991,2089
27192,r2i1p1f1,2089,06,13,0.0,22.91492,7.978475,2089
27193,r2i1p1f1,2089,06,14,0.0,23.06512,7.7239184,2089
27194,r2i1p1f1,2089,06,15,0.0,24.523697,8.168385,2089
27195,r2i1p1f1,2089,06,16,0.0,26.611769,9.600913,2089
27196,r2i1p1f1,2089,06,17,0.0,31.711054,13.568522,2089
27197,r2i1p1f1,2089,06,18,0.0,32.40839,15.429914,2089
27198,r2i1p1f1,2089,06,19,0.0,31.154463,13.4759445,2089
27199,r2i1p1f1,2089,06,20,0.0,34.219402,16.183496,2089
27200,r2i1p1f1,2089,06,21,0.0,34.72819,19.412352,2089
27201,r2i1p1f1,2089,06,22,0.0,36.304764,18.130758,2089
27202,r2i1p1f1,2089,06,23,0.0,31.46787,15.358359,2089
27203,r2i1p1f1,2089,06,24,0.0,31.313555,15.178809,2089
27204,r2i1p1f1,2089,06,25,0.0,31.774971,15.119722,2089
27205,r2i1p1f1,2089,06,26,0.0,33.756104,14.977602,2089
27206,r2i1p1f1,2089,06,27,0.0,34.17195,14.959929,2089
27207,r2i1p1f1,2089,06,28,0.0,33.439037,14.794545,2089
27208,r2i1p1f1,2089,06,29,0.0,33.82894,14.936382,2089
27209,r2i1p1f1,2089,06,30,0.0,34.83471,15.971246,2089
27210,r2i1p1f1,2089,07,01,0.0,34.292374,16.36463,2089
27211,r2i1p1f1,2089,07,02,0.0,34.06821,15.933469,2089
27212,r2i1p1f1,2089,07,03,0.0,33.886406,15.655546,2089
27213,r2i1p1f1,2089,07,04,0.0,34.707924,15.581868,2089
27214,r2i1p1f1,2089,07,05,0.0,33.48067,14.858728,2089
27215,r2i1p1f1,2089,07,06,0.0,32.903755,15.066497,2089
27216,r2i1p1f1,2089,07,07,0.0,34.772594,15.817739,2089
27217,r2i1p1f1,2089,07,08,0.0,33.455574,17.103642,2089
27218,r2i1p1f1,2089,07,09,0.0,32.727436,15.973409,2089
27219,r2i1p1f1,2089,07,10,0.0783570702948894,34.611282,16.807457,2089
27220,r2i1p1f1,2089,07,11,5.590804272133727,34.76953,18.092731,2089
27221,r2i1p1f1,2089,07,12,0.0,32.64497,17.019142,2089
27222,r2i1p1f1,2089,07,13,0.0,32.311073,16.918741,2089
27223,r2i1p1f1,2089,07,14,0.0,34.663776,16.917044,2089
27224,r2i1p1f1,2089,07,15,0.0,35.117775,16.715347,2089
27225,r2i1p1f1,2089,07,16,0.0,32.727013,16.535225,2089
27226,r2i1p1f1,2089,07,17,0.02550565961708064,32.304047,15.9812355,2089
27227,r2i1p1f1,2089,07,18,0.0,31.165405,16.114538,2089
27228,r2i1p1f1,2089,07,19,0.0,30.120533,14.212666,2089
27229,r2i1p1f1,2089,07,20,0.0,30.100248,14.223613,2089
27230,r2i1p1f1,2089,07,21,0.0,32.511425,15.640412,2089
27231,r2i1p1f1,2089,07,22,0.0,32.551598,17.300669,2089
27232,r2i1p1f1,2089,07,23,0.0,33.61119,16.269684,2089
27233,r2i1p1f1,2089,07,24,0.0,32.721947,16.035099,2089
27234,r2i1p1f1,2089,07,25,0.0,31.392847,14.055317,2089
27235,r2i1p1f1,2089,07,26,0.0,30.854185,14.009546,2089
27236,r2i1p1f1,2089,07,27,0.0,31.139605,14.21206,2089
27237,r2i1p1f1,2089,07,28,0.0,33.269062,15.459961,2089
27238,r2i1p1f1,2089,07,29,0.0,33.744125,16.626715,2089
27239,r2i1p1f1,2089,07,30,0.0,34.304276,17.811285,2089
27240,r2i1p1f1,2089,07,31,0.0,36.164806,18.207584,2089
27241,r2i1p1f1,2089,08,01,0.0,38.798866,20.880096,2089
27242,r2i1p1f1,2089,08,02,0.0,41.289913,24.274035,2089
27243,r2i1p1f1,2089,08,03,0.0,41.850243,24.117256,2089
27244,r2i1p1f1,2089,08,04,0.0,39.8153,21.716383,2089
27245,r2i1p1f1,2089,08,05,0.0,36.577026,19.553122,2089
27246,r2i1p1f1,2089,08,06,0.0,35.20303,17.684906,2089
27247,r2i1p1f1,2089,08,07,0.0,34.796673,17.754398,2089
27248,r2i1p1f1,2089,08,08,0.0,35.15022,17.991749,2089
27249,r2i1p1f1,2089,08,09,0.05110477185063736,35.607277,19.28792,2089
27250,r2i1p1f1,2089,08,10,14.118416828694954,36.089363,19.132935,2089
27251,r2i1p1f1,2089,08,11,0.0,36.707695,17.893595,2089
27252,r2i1p1f1,2089,08,12,0.0,35.324894,18.451908,2089
27253,r2i1p1f1,2089,08,13,0.0,35.009846,20.549616,2089
27254,r2i1p1f1,2089,08,14,0.0,36.857285,20.608545,2089
27255,r2i1p1f1,2089,08,15,0.3042137991332521,36.363678,19.62612,2089
27256,r2i1p1f1,2089,08,16,0.0,35.919872,19.567114,2089
27257,r2i1p1f1,2089,08,17,0.0,35.266994,18.619476,2089
27258,r2i1p1f1,2089,08,18,0.0,34.37544,17.826645,2089
27259,r2i1p1f1,2089,08,19,0.0,34.58256,17.405048,2089
27260,r2i1p1f1,2089,08,20,0.0,33.98702,17.966394,2089
27261,r2i1p1f1,2089,08,21,0.0,34.69336,17.158302,2089
27262,r2i1p1f1,2089,08,22,0.0,33.048923,15.362098,2089
27263,r2i1p1f1,2089,08,23,0.0,31.527027,13.89691,2089
27264,r2i1p1f1,2089,08,24,0.0,30.984056,14.412493,2089
27265,r2i1p1f1,2089,08,25,0.0,34.03839,16.952984,2089
27266,r2i1p1f1,2089,08,26,0.0,33.677002,18.29209,2089
27267,r2i1p1f1,2089,08,27,0.0,33.459095,17.99206,2089
27268,r2i1p1f1,2089,08,28,0.0,32.678394,17.096083,2089
27269,r2i1p1f1,2089,08,29,0.0,32.343353,16.234554,2089
27270,r2i1p1f1,2089,08,30,0.0,29.490038,13.337005,2089
27271,r2i1p1f1,2089,08,31,0.0,28.206099,11.822172,2089
27272,r2i1p1f1,2089,09,01,0.0,28.775053,14.500861,2089
27273,r2i1p1f1,2089,09,02,0.0,30.461138,14.902419,2089
27274,r2i1p1f1,2089,09,03,0.0,31.60689,15.53346,2089
27275,r2i1p1f1,2089,09,04,0.0,32.18777,17.023478,2089
27276,r2i1p1f1,2089,09,05,0.0,33.38321,18.49309,2089
27277,r2i1p1f1,2089,09,06,0.0,34.157158,19.067568,2089
27278,r2i1p1f1,2089,09,07,0.011596823438034894,34.47374,18.723232,2089
27279,r2i1p1f1,2089,09,08,0.0,34.17574,18.476742,2089
27280,r2i1p1f1,2089,09,09,0.0,32.486164,17.29954,2089
27281,r2i1p1f1,2089,09,10,0.0,28.855185,13.829944,2089
27282,r2i1p1f1,2089,09,11,0.0,28.934103,13.442856,2089
27283,r2i1p1f1,2089,09,12,0.0,32.821457,15.933857,2089
27284,r2i1p1f1,2089,09,13,0.47566934016895873,33.758217,18.6586,2089
27285,r2i1p1f1,2089,09,14,0.0,34.108757,18.470129,2089
27286,r2i1p1f1,2089,09,15,0.305409588470586,33.391186,17.501848,2089
27287,r2i1p1f1,2089,09,16,5.797385562380861e-05,33.984924,18.705633,2089
27288,r2i1p1f1,2089,09,17,1.999893988893466,31.863878,16.544731,2089
27289,r2i1p1f1,2089,09,18,0.9509028337928472,31.931568,15.913648,2089
27290,r2i1p1f1,2089,09,19,1.1436446122668433,31.919214,16.950464,2089
27291,r2i1p1f1,2089,09,20,0.0,33.70738,18.401258,2089
27292,r2i1p1f1,2089,09,21,0.5185069385089054,35.086662,20.556372,2089
27293,r2i1p1f1,2089,09,22,3.1530420161673716,34.561672,19.645113,2089
27294,r2i1p1f1,2089,09,23,0.20854251807367502,35.701748,18.291782,2089
27295,r2i1p1f1,2089,09,24,0.0,33.731182,16.716526,2089
27296,r2i1p1f1,2089,09,25,0.0,29.785685,13.567514,2089
27297,r2i1p1f1,2089,09,26,0.0,29.494066,12.233463,2089
27298,r2i1p1f1,2089,09,27,0.0,27.20599,11.5240965,2089
27299,r2i1p1f1,2089,09,28,0.0,28.367573,13.4989605,2089
27300,r2i1p1f1,2089,09,29,0.0,30.540972,15.131201,2089
27301,r2i1p1f1,2089,09,30,0.0,33.203537,15.23927,2089
27302,r2i1p1f1,2089,10,01,0.0,34.272762,15.223718,2089
27303,r2i1p1f1,2089,10,02,0.0,33.858875,16.331469,2089
27304,r2i1p1f1,2089,10,03,0.0,31.713724,16.154684,2089
27305,r2i1p1f1,2089,10,04,0.0,29.76289,14.198153,2089
27306,r2i1p1f1,2089,10,05,0.0,29.672401,13.09529,2089
27307,r2i1p1f1,2089,10,06,0.0,30.035122,13.846808,2089
27308,r2i1p1f1,2089,10,07,0.0,30.97981,14.104184,2089
27309,r2i1p1f1,2089,10,08,0.0,30.92562,15.301409,2089
27310,r2i1p1f1,2089,10,09,0.729590246387838,33.087383,16.119778,2089
27311,r2i1p1f1,2089,10,10,0.2721175878430306,29.358442,14.725815,2089
27312,r2i1p1f1,2089,10,11,0.0,25.432793,9.655262,2089
27313,r2i1p1f1,2089,10,12,0.0,22.873589,7.603345,2089
27314,r2i1p1f1,2089,10,13,0.010471218467081109,20.03104,7.768755,2089
27315,r2i1p1f1,2089,10,14,0.021826580632478,19.25318,7.6146803,2089
27316,r2i1p1f1,2089,10,15,0.015973575724414192,18.608011,7.2526073,2089
27317,r2i1p1f1,2089,10,16,0.0,20.571915,7.194612,2089
27318,r2i1p1f1,2089,10,17,0.0,23.713882,8.649765,2089
27319,r2i1p1f1,2089,10,18,0.0,24.418385,7.488031,2089
27320,r2i1p1f1,2089,10,19,0.0,24.98675,7.6962843,2089
27321,r2i1p1f1,2089,10,20,0.0,24.089499,9.260042,2089
27322,r2i1p1f1,2089,10,21,2.2946398146744356,21.037258,10.12622,2089
27323,r2i1p1f1,2089,10,22,0.09085533108033744,22.581722,7.177135,2089
27324,r2i1p1f1,2089,10,23,0.0,23.893589,7.144115,2089
27325,r2i1p1f1,2089,10,24,0.0,19.437897,6.311035,2089
27326,r2i1p1f1,2089,10,25,0.0,20.100702,6.6888356,2089
27327,r2i1p1f1,2089,10,26,46.998886211972255,17.99173,9.900046,2089
27328,r2i1p1f1,2089,10,27,1.2443360677515067,16.561132,6.8241687,2089
27329,r2i1p1f1,2089,10,28,0.0,21.409803,6.1011386,2089
27330,r2i1p1f1,2089,10,29,0.0,23.842007,8.419245,2089
27331,r2i1p1f1,2089,10,30,0.0,23.061106,8.589976,2089
27332,r2i1p1f1,2089,10,31,0.0,21.11331,6.3185406,2089
27333,r2i1p1f1,2089,11,01,0.0,19.727732,5.3695254,2089
27334,r2i1p1f1,2089,11,02,0.0,20.534456,6.2990766,2089
27335,r2i1p1f1,2089,11,03,0.0,22.252422,7.7306967,2089
27336,r2i1p1f1,2089,11,04,0.0,23.521276,9.259887,2089
27337,r2i1p1f1,2089,11,05,0.0,23.750654,9.362358,2089
27338,r2i1p1f1,2089,11,06,0.0,21.208454,7.3551173,2089
27339,r2i1p1f1,2089,11,07,0.0,20.760956,7.02473,2089
27340,r2i1p1f1,2089,11,08,0.0,22.145697,8.020396,2089
27341,r2i1p1f1,2089,11,09,0.0,23.585735,9.263728,2089
27342,r2i1p1f1,2089,11,10,0.0,23.615892,9.3239355,2089
27343,r2i1p1f1,2089,11,11,0.0,25.445429,9.675074,2089
27344,r2i1p1f1,2089,11,12,0.0,25.471378,10.546199,2089
27345,r2i1p1f1,2089,11,13,0.13491636576427132,22.242193,7.309133,2089
27346,r2i1p1f1,2089,11,14,0.0,17.780148,4.415494,2089
27347,r2i1p1f1,2089,11,15,22.10225996297175,14.240598,3.8353953,2089
27348,r2i1p1f1,2089,11,16,40.67642954894556,13.203667,1.9187372,2089
27349,r2i1p1f1,2089,11,17,1.7512144693263019,13.313483,1.7682178,2089
27350,r2i1p1f1,2089,11,18,57.79739011598464,13.461396,7.554475,2089
27351,r2i1p1f1,2089,11,19,79.96674289998526,11.243486,6.6487856,2089
27352,r2i1p1f1,2089,11,20,30.749844098206196,9.271234,2.4516559,2089
27353,r2i1p1f1,2089,11,21,1.3576874034557618,6.540862,1.5155277,2089
27354,r2i1p1f1,2089,11,22,0.0,10.464814,0.63974947,2089
27355,r2i1p1f1,2089,11,23,0.0,13.982389,0.9558893,2089
27356,r2i1p1f1,2089,11,24,0.0,11.623838,3.0156312,2089
27357,r2i1p1f1,2089,11,25,0.0,15.686382,1.8047918,2089
27358,r2i1p1f1,2089,11,26,0.0,16.420439,1.5232689,2089
27359,r2i1p1f1,2089,11,27,0.0,17.238785,5.559773,2089
27360,r2i1p1f1,2089,11,28,0.0,20.735752,5.2480764,2089
27361,r2i1p1f1,2089,11,29,0.0,18.21982,4.0418844,2089
27362,r2i1p1f1,2089,11,30,1.232697623807046,18.376656,5.361674,2089
27363,r2i1p1f1,2089,12,01,19.92391807210739,13.906779,6.656289,2089
27364,r2i1p1f1,2089,12,02,26.74811067162619,12.129435,5.664296,2089
27365,r2i1p1f1,2089,12,03,31.30260486370669,11.302114,4.0111504,2089
27366,r2i1p1f1,2089,12,04,0.0,10.601718,-0.6884882,2089
27367,r2i1p1f1,2089,12,05,0.0,3.7401154,-0.69533765,2089
27368,r2i1p1f1,2089,12,06,0.0,6.2964487,-1.2058548,2089
27369,r2i1p1f1,2089,12,07,0.0,13.454122,-0.7371704,2089
27370,r2i1p1f1,2089,12,08,0.0,11.234156,-0.7148175,2089
27371,r2i1p1f1,2089,12,09,0.0,12.732459,-2.3524806,2089
27372,r2i1p1f1,2089,12,10,0.0,13.340796,-2.3706794,2089
27373,r2i1p1f1,2089,12,11,0.0,18.254286,1.4527599,2089
27374,r2i1p1f1,2089,12,12,0.0,18.01227,5.4989886,2089
27375,r2i1p1f1,2089,12,13,0.7276531709701081,14.89835,8.702809,2089
27376,r2i1p1f1,2089,12,14,0.0050914510771130714,11.347009,-0.27396658,2089
27377,r2i1p1f1,2089,12,15,0.0,8.783088,1.7949522,2089
27378,r2i1p1f1,2089,12,16,0.0,8.200455,-1.6600815,2089
27379,r2i1p1f1,2089,12,17,0.0,11.623409,-2.0504537,2089
27380,r2i1p1f1,2089,12,18,0.0,16.759096,1.0426126,2089
27381,r2i1p1f1,2089,12,19,0.0,19.512745,3.8518963,2089
27382,r2i1p1f1,2089,12,20,0.0,17.19335,7.0076456,2089
27383,r2i1p1f1,2089,12,21,0.0,16.086483,4.3157053,2089
27384,r2i1p1f1,2089,12,22,0.027910612376357537,14.8960085,3.711497,2089
27385,r2i1p1f1,2089,12,23,0.0,10.367832,5.1064963,2089
27386,r2i1p1f1,2089,12,24,0.11639515344610957,5.7349324,0.97079235,2089
27387,r2i1p1f1,2089,12,25,0.0015444503473050785,3.3088856,-0.2964321,2089
27388,r2i1p1f1,2089,12,26,18.50121888855938,3.5708008,-7.4635534,2089
27389,r2i1p1f1,2089,12,27,3.7506635231623546,0.3675632,-5.192734,2089
27390,r2i1p1f1,2089,12,28,0.0,4.6556616,-6.7165036,2089
27391,r2i1p1f1,2089,12,29,0.0,8.453741,-4.4251976,2089
27392,r2i1p1f1,2089,12,30,0.0,9.850574,-2.60708,2089
27393,r2i1p1f1,2089,12,31,0.0,9.2131815,-1.8494674,2089
27394,r2i1p1f1,2090,01,01,0.0,9.1274805,-1.8655313,2090
27395,r2i1p1f1,2090,01,02,0.0,11.485877,0.1625599,2090
27396,r2i1p1f1,2090,01,03,0.0,9.932224,2.5950227,2090
27397,r2i1p1f1,2090,01,04,0.0,5.8853197,0.051321566,2090
27398,r2i1p1f1,2090,01,05,0.0,8.836938,-3.2262146,2090
27399,r2i1p1f1,2090,01,06,0.0,8.3226,-2.978964,2090
27400,r2i1p1f1,2090,01,07,0.30083514891605145,6.7211585,-3.4036303,2090
27401,r2i1p1f1,2090,01,08,3.2768136354486788,2.9308581,-2.4903812,2090
27402,r2i1p1f1,2090,01,09,8.525035410471341,2.182566,-1.8323901,2090
27403,r2i1p1f1,2090,01,10,0.0,5.2852015,-2.6295314,2090
27404,r2i1p1f1,2090,01,11,8.553667820692331,4.262522,-5.9031253,2090
27405,r2i1p1f1,2090,01,12,27.760296402378188,7.2073426,-1.8757586,2090
27406,r2i1p1f1,2090,01,13,54.76594786831321,6.5535707,1.5834796,2090
27407,r2i1p1f1,2090,01,14,52.50876869764537,6.101946,0.07823895,2090
27408,r2i1p1f1,2090,01,15,3.7825446561048293,6.2352595,1.4620564,2090
27409,r2i1p1f1,2090,01,16,55.44630777484809,5.363664,1.592596,2090
27410,r2i1p1f1,2090,01,17,52.87676573945926,8.70625,-5.4052258,2090
27411,r2i1p1f1,2090,01,18,8.224466524496584,2.257138,-5.579535,2090
27412,r2i1p1f1,2090,01,19,30.61153333625183,2.553584,-1.544267,2090
27413,r2i1p1f1,2090,01,20,103.78848251600105,8.261189,0.57125324,2090
27414,r2i1p1f1,2090,01,21,27.768189434069566,7.9504433,2.630362,2090
27415,r2i1p1f1,2090,01,22,69.94408019997466,7.844464,1.3966368,2090
27416,r2i1p1f1,2090,01,23,90.15594152375482,10.7177105,-2.6302526,2090
27417,r2i1p1f1,2090,01,24,6.704868846631703,2.1723247,-3.9074993,2090
27418,r2i1p1f1,2090,01,25,0.0,2.5459208,-4.9221964,2090
27419,r2i1p1f1,2090,01,26,7.127140318726351,4.0896506,-7.018791,2090
27420,r2i1p1f1,2090,01,27,10.034171221307657,2.6461406,-0.99125034,2090
27421,r2i1p1f1,2090,01,28,0.008560741641234087,4.5178366,-0.12721576,2090
27422,r2i1p1f1,2090,01,29,5.061080373763196,9.568627,-3.0040202,2090
27423,r2i1p1f1,2090,01,30,26.489969578911907,8.926695,3.0692096,2090
27424,r2i1p1f1,2090,01,31,85.67481183518584,12.830158,-0.7754498,2090
27425,r2i1p1f1,2090,02,01,34.635606925943506,4.6888723,-0.6191586,2090
27426,r2i1p1f1,2090,02,02,18.24641571783314,5.3955126,0.5789921,2090
27427,r2i1p1f1,2090,02,03,46.78367613725221,7.011886,2.5751846,2090
27428,r2i1p1f1,2090,02,04,31.654437013359992,9.855414,0.0334904,2090
27429,r2i1p1f1,2090,02,05,0.0,16.474644,0.9212614,2090
27430,r2i1p1f1,2090,02,06,0.5435136409407557,11.639572,1.6008818,2090
27431,r2i1p1f1,2090,02,07,9.585520003299909,11.59804,1.2457867,2090
27432,r2i1p1f1,2090,02,08,0.0,9.100259,1.1101565,2090
27433,r2i1p1f1,2090,02,09,0.0,12.433625,0.20595863,2090
27434,r2i1p1f1,2090,02,10,0.0,14.141445,2.633587,2090
27435,r2i1p1f1,2090,02,11,18.321351248092608,11.498086,5.5745926,2090
27436,r2i1p1f1,2090,02,12,50.219268493282684,11.449391,2.0900354,2090
27437,r2i1p1f1,2090,02,13,0.0,10.336193,-2.3189178,2090
27438,r2i1p1f1,2090,02,14,8.43243905552439,4.878621,-0.7420036,2090
27439,r2i1p1f1,2090,02,15,0.0,10.866318,-2.0567665,2090
27440,r2i1p1f1,2090,02,16,0.0,16.4269,2.0180566,2090
27441,r2i1p1f1,2090,02,17,0.0,15.39167,3.2061284,2090
27442,r2i1p1f1,2090,02,18,0.0,15.508438,3.3251915,2090
27443,r2i1p1f1,2090,02,19,0.0,18.85519,4.1391044,2090
27444,r2i1p1f1,2090,02,20,0.0,19.90927,4.610372,2090
27445,r2i1p1f1,2090,02,21,0.0,19.413961,4.659045,2090
27446,r2i1p1f1,2090,02,22,0.0,18.732557,4.3163013,2090
27447,r2i1p1f1,2090,02,23,0.0,19.057482,4.8296366,2090
27448,r2i1p1f1,2090,02,24,0.0,20.178549,5.71947,2090
27449,r2i1p1f1,2090,02,25,0.0,20.127558,5.0349975,2090
27450,r2i1p1f1,2090,02,26,0.0,19.927399,5.691146,2090
27451,r2i1p1f1,2090,02,27,0.0,16.729507,4.486569,2090
27452,r2i1p1f1,2090,02,28,0.0,15.935274,4.557429,2090
27453,r2i1p1f1,2090,03,01,40.900751010317784,10.832676,4.232428,2090
27454,r2i1p1f1,2090,03,02,17.22720097817588,7.5946274,2.5113049,2090
27455,r2i1p1f1,2090,03,03,21.109998315268268,6.104818,-0.24672249,2090
27456,r2i1p1f1,2090,03,04,0.0,10.800051,-4.092462,2090
27457,r2i1p1f1,2090,03,05,0.0,15.230616,0.53581405,2090
27458,r2i1p1f1,2090,03,06,0.0,17.46171,1.7518772,2090
27459,r2i1p1f1,2090,03,07,0.0,18.273125,4.1531677,2090
27460,r2i1p1f1,2090,03,08,0.0,15.5208025,3.5226405,2090
27461,r2i1p1f1,2090,03,09,0.00047419405116390687,12.515047,-0.23177886,2090
27462,r2i1p1f1,2090,03,10,3.8315943956521235,13.619067,2.137055,2090
27463,r2i1p1f1,2090,03,11,40.864002332986836,12.653444,3.0614424,2090
27464,r2i1p1f1,2090,03,12,0.0,14.951238,2.6240873,2090
27465,r2i1p1f1,2090,03,13,33.238818496017934,11.127823,3.757791,2090
27466,r2i1p1f1,2090,03,14,58.76114741952803,9.236475,4.598502,2090
27467,r2i1p1f1,2090,03,15,49.145271639617235,11.174532,3.8999372,2090
27468,r2i1p1f1,2090,03,16,0.0,18.717426,4.717533,2090
27469,r2i1p1f1,2090,03,17,0.0,16.670553,7.060201,2090
27470,r2i1p1f1,2090,03,18,3.031799051411956,12.694673,0.041240104,2090
27471,r2i1p1f1,2090,03,19,27.26935557338248,11.134358,-0.2261198,2090
27472,r2i1p1f1,2090,03,20,0.0,15.414424,4.284171,2090
27473,r2i1p1f1,2090,03,21,0.9669522154161734,16.989525,3.9444542,2090
27474,r2i1p1f1,2090,03,22,1.3261987115409004,11.478424,3.789365,2090
27475,r2i1p1f1,2090,03,23,6.272944438705963,13.073995,-1.5176383,2090
27476,r2i1p1f1,2090,03,24,44.53022610754348,10.8424225,5.196543,2090
27477,r2i1p1f1,2090,03,25,162.8087729538003,9.551331,6.3351336,2090
27478,r2i1p1f1,2090,03,26,109.30730808132256,11.808705,1.2498477,2090
27479,r2i1p1f1,2090,03,27,0.0,14.040108,1.1275003,2090
27480,r2i1p1f1,2090,03,28,36.855106155081344,10.645701,-1.5812849,2090
27481,r2i1p1f1,2090,03,29,7.730023835084956,10.568989,-1.7762817,2090
27482,r2i1p1f1,2090,03,30,15.486782859527292,10.065974,3.8002393,2090
27483,r2i1p1f1,2090,03,31,11.728958781951896,9.496833,-2.2590225,2090
27484,r2i1p1f1,2090,04,01,2.449460455318331,8.834792,-1.4102788,2090
27485,r2i1p1f1,2090,04,02,0.8918734692717687,15.233682,0.40206528,2090
27486,r2i1p1f1,2090,04,03,0.0,21.686495,4.0278745,2090
27487,r2i1p1f1,2090,04,04,0.0,21.796701,5.2538786,2090
27488,r2i1p1f1,2090,04,05,0.0018737549348420894,22.194437,5.481917,2090
27489,r2i1p1f1,2090,04,06,0.0,20.257715,4.660449,2090
27490,r2i1p1f1,2090,04,07,31.785245956360505,12.02046,-2.0309608,2090
27491,r2i1p1f1,2090,04,08,0.0,16.65128,3.9611902,2090
27492,r2i1p1f1,2090,04,09,0.0,21.949446,4.3035226,2090
27493,r2i1p1f1,2090,04,10,0.0,19.989683,4.799447,2090
27494,r2i1p1f1,2090,04,11,0.0,14.286475,2.5561678,2090
27495,r2i1p1f1,2090,04,12,0.0,19.729671,3.6747522,2090
27496,r2i1p1f1,2090,04,13,0.0,21.602396,5.641311,2090
27497,r2i1p1f1,2090,04,14,0.0,25.816124,7.58876,2090
27498,r2i1p1f1,2090,04,15,0.08142204919400123,24.945713,8.394496,2090
27499,r2i1p1f1,2090,04,16,19.833734074731744,19.241283,2.6488957,2090
27500,r2i1p1f1,2090,04,17,5.517887468851348,18.808393,1.9799472,2090
27501,r2i1p1f1,2090,04,18,0.0,22.81628,6.230212,2090
27502,r2i1p1f1,2090,04,19,0.0,22.2425,5.9752054,2090
27503,r2i1p1f1,2090,04,20,0.0,20.834713,5.6761155,2090
27504,r2i1p1f1,2090,04,21,0.0,20.791159,6.3702736,2090
27505,r2i1p1f1,2090,04,22,0.0,23.48472,5.9717293,2090
27506,r2i1p1f1,2090,04,23,0.0,23.503256,9.598114,2090
27507,r2i1p1f1,2090,04,24,0.27979539654027646,16.972832,3.8451123,2090
27508,r2i1p1f1,2090,04,25,17.475679003893255,12.597377,2.4372315,2090
27509,r2i1p1f1,2090,04,26,0.01957465137820691,15.537879,0.6922467,2090
27510,r2i1p1f1,2090,04,27,0.9738055206281178,17.5319,2.2768264,2090
27511,r2i1p1f1,2090,04,28,0.0018477186402448681,17.817017,5.88498,2090
27512,r2i1p1f1,2090,04,29,0.0,18.984667,5.509126,2090
27513,r2i1p1f1,2090,04,30,0.05308901280876363,22.932228,5.824969,2090
27514,r2i1p1f1,2090,05,01,0.0,25.421244,8.159698,2090
27515,r2i1p1f1,2090,05,02,0.0,26.724537,9.562537,2090
27516,r2i1p1f1,2090,05,03,0.0,21.514679,6.4934034,2090
27517,r2i1p1f1,2090,05,04,0.0,21.43917,5.628842,2090
27518,r2i1p1f1,2090,05,05,0.0,22.951262,6.4877505,2090
27519,r2i1p1f1,2090,05,06,0.0,24.987234,7.4940414,2090
27520,r2i1p1f1,2090,05,07,0.0,24.741386,7.517334,2090
27521,r2i1p1f1,2090,05,08,0.0,26.295582,8.642546,2090
27522,r2i1p1f1,2090,05,09,0.0,26.974287,10.084834,2090
27523,r2i1p1f1,2090,05,10,0.0,28.606762,11.792351,2090
27524,r2i1p1f1,2090,05,11,0.0,29.448029,12.281423,2090
27525,r2i1p1f1,2090,05,12,0.0,28.138414,11.202407,2090
27526,r2i1p1f1,2090,05,13,0.0,22.998808,6.565868,2090
27527,r2i1p1f1,2090,05,14,0.0,21.238747,4.769733,2090
27528,r2i1p1f1,2090,05,15,0.0,21.810389,6.142165,2090
27529,r2i1p1f1,2090,05,16,6.687534243638556,18.0144,2.9584491,2090
27530,r2i1p1f1,2090,05,17,7.0589878295672515,11.590082,5.1921744,2090
27531,r2i1p1f1,2090,05,18,6.380655190710408,11.494269,4.7804556,2090
27532,r2i1p1f1,2090,05,19,0.0,24.327066,5.576784,2090
27533,r2i1p1f1,2090,05,20,0.0,25.761244,7.8605094,2090
27534,r2i1p1f1,2090,05,21,0.0,28.334648,9.680268,2090
27535,r2i1p1f1,2090,05,22,0.0,30.881134,12.704041,2090
27536,r2i1p1f1,2090,05,23,0.0,31.24878,14.447103,2090
27537,r2i1p1f1,2090,05,24,8.17766537024559,22.09596,4.6160955,2090
27538,r2i1p1f1,2090,05,25,0.26222744580501545,19.454674,7.0412893,2090
27539,r2i1p1f1,2090,05,26,0.0,23.315516,6.8728585,2090
27540,r2i1p1f1,2090,05,27,0.009219287867031549,25.060034,9.7722435,2090
27541,r2i1p1f1,2090,05,28,0.0,24.018873,8.205662,2090
27542,r2i1p1f1,2090,05,29,0.009845400591774914,24.26065,8.102832,2090
27543,r2i1p1f1,2090,05,30,0.0,26.123308,9.761776,2090
27544,r2i1p1f1,2090,05,31,7.299492765462044,21.011524,4.96062,2090
27545,r2i1p1f1,2090,06,01,0.14119189760934275,22.885807,5.7848186,2090
27546,r2i1p1f1,2090,06,02,4.027944317189954,21.422892,4.4673796,2090
27547,r2i1p1f1,2090,06,03,4.537081817593739,23.215145,5.346585,2090
27548,r2i1p1f1,2090,06,04,4.751257237351708,23.399754,8.09495,2090
27549,r2i1p1f1,2090,06,05,0.038481084993691184,28.245493,11.944937,2090
27550,r2i1p1f1,2090,06,06,0.11794317195800921,32.538555,15.275071,2090
27551,r2i1p1f1,2090,06,07,0.0,32.42428,15.056521,2090
27552,r2i1p1f1,2090,06,08,0.0,31.41398,15.111425,2090
27553,r2i1p1f1,2090,06,09,0.0,32.705452,14.91472,2090
27554,r2i1p1f1,2090,06,10,0.0,32.737434,14.42805,2090
27555,r2i1p1f1,2090,06,11,0.0,31.714273,12.993724,2090
27556,r2i1p1f1,2090,06,12,0.0,30.112919,13.309766,2090
27557,r2i1p1f1,2090,06,13,0.0,29.84902,14.217138,2090
27558,r2i1p1f1,2090,06,14,0.0,34.53046,16.268644,2090
27559,r2i1p1f1,2090,06,15,0.0,34.13559,15.742017,2090
27560,r2i1p1f1,2090,06,16,0.0,33.39078,15.191464,2090
27561,r2i1p1f1,2090,06,17,0.0,33.360695,15.796064,2090
27562,r2i1p1f1,2090,06,18,0.0,34.724735,15.991158,2090
27563,r2i1p1f1,2090,06,19,0.0,31.135956,14.991053,2090
27564,r2i1p1f1,2090,06,20,0.0,28.214054,12.556781,2090
27565,r2i1p1f1,2090,06,21,0.0,30.81471,12.367114,2090
27566,r2i1p1f1,2090,06,22,0.0,31.55163,13.847312,2090
27567,r2i1p1f1,2090,06,23,0.0,33.992844,14.752779,2090
27568,r2i1p1f1,2090,06,24,0.0,35.680553,17.036493,2090
27569,r2i1p1f1,2090,06,25,0.0,37.743526,18.787512,2090
27570,r2i1p1f1,2090,06,26,0.0,38.26816,18.919657,2090
27571,r2i1p1f1,2090,06,27,0.0,37.529305,18.437408,2090
27572,r2i1p1f1,2090,06,28,0.0,34.93623,15.954968,2090
27573,r2i1p1f1,2090,06,29,0.0,33.524036,14.664482,2090
27574,r2i1p1f1,2090,06,30,0.0,31.165293,13.375037,2090
27575,r2i1p1f1,2090,07,01,0.0,29.21941,12.55598,2090
27576,r2i1p1f1,2090,07,02,0.0,30.512964,14.528118,2090
27577,r2i1p1f1,2090,07,03,0.0,32.72007,14.253086,2090
27578,r2i1p1f1,2090,07,04,0.0,33.014656,17.372255,2090
27579,r2i1p1f1,2090,07,05,0.016193082354640446,34.305763,16.227379,2090
27580,r2i1p1f1,2090,07,06,0.0,34.43693,15.94191,2090
27581,r2i1p1f1,2090,07,07,0.0,34.450752,16.49044,2090
27582,r2i1p1f1,2090,07,08,0.0,34.608315,16.614834,2090
27583,r2i1p1f1,2090,07,09,0.0,34.02367,16.782196,2090
27584,r2i1p1f1,2090,07,10,0.7221731592065995,34.213615,15.795468,2090
27585,r2i1p1f1,2090,07,11,0.005381821560709236,32.679844,15.723426,2090
27586,r2i1p1f1,2090,07,12,0.0,31.223345,15.851872,2090
27587,r2i1p1f1,2090,07,13,0.0,29.92522,15.369853,2090
27588,r2i1p1f1,2090,07,14,0.0,31.180586,14.278059,2090
27589,r2i1p1f1,2090,07,15,0.0,31.496864,15.36076,2090
27590,r2i1p1f1,2090,07,16,0.0,32.415867,15.607908,2090
27591,r2i1p1f1,2090,07,17,0.0,31.970215,15.441679,2090
27592,r2i1p1f1,2090,07,18,0.0,31.572123,14.405561,2090
27593,r2i1p1f1,2090,07,19,0.0,32.92819,15.022078,2090
27594,r2i1p1f1,2090,07,20,0.0,34.306503,16.084896,2090
27595,r2i1p1f1,2090,07,21,0.0,36.3286,17.940557,2090
27596,r2i1p1f1,2090,07,22,0.0,36.393417,17.90111,2090
27597,r2i1p1f1,2090,07,23,0.0,35.569206,16.461187,2090
27598,r2i1p1f1,2090,07,24,0.0,34.147434,16.00414,2090
27599,r2i1p1f1,2090,07,25,0.0,32.731873,16.296715,2090
27600,r2i1p1f1,2090,07,26,0.0,32.86791,16.485,2090
27601,r2i1p1f1,2090,07,27,0.0,33.982567,17.402313,2090
27602,r2i1p1f1,2090,07,28,0.0,34.308117,18.243212,2090
27603,r2i1p1f1,2090,07,29,1.5910956470179372,35.22574,18.664108,2090
27604,r2i1p1f1,2090,07,30,0.0,34.22619,18.047108,2090
27605,r2i1p1f1,2090,07,31,0.1382626360282302,34.42177,17.755527,2090
27606,r2i1p1f1,2090,08,01,0.11973474029218778,34.86212,17.61185,2090
27607,r2i1p1f1,2090,08,02,0.0,36.000546,19.080343,2090
27608,r2i1p1f1,2090,08,03,0.011427235473932412,37.09821,20.68704,2090
27609,r2i1p1f1,2090,08,04,0.0,37.386623,20.87791,2090
27610,r2i1p1f1,2090,08,05,3.753416832464259,36.71374,20.522694,2090
27611,r2i1p1f1,2090,08,06,0.0,36.427544,19.628067,2090
27612,r2i1p1f1,2090,08,07,2.4631027807257713,36.22282,19.2744,2090
27613,r2i1p1f1,2090,08,08,0.0,35.76893,19.019125,2090
27614,r2i1p1f1,2090,08,09,0.0,36.520813,19.028296,2090
27615,r2i1p1f1,2090,08,10,0.0,37.47299,19.679075,2090
27616,r2i1p1f1,2090,08,11,0.0,36.65857,20.897945,2090
27617,r2i1p1f1,2090,08,12,6.540884973688103,36.968193,19.541473,2090
27618,r2i1p1f1,2090,08,13,0.012298483432879528,34.815548,17.865494,2090
27619,r2i1p1f1,2090,08,14,8.746319199361515,35.83632,21.202806,2090
27620,r2i1p1f1,2090,08,15,0.02507114482936091,34.892117,18.394348,2090
27621,r2i1p1f1,2090,08,16,0.0,35.41215,17.356619,2090
27622,r2i1p1f1,2090,08,17,0.0,35.21358,18.144186,2090
27623,r2i1p1f1,2090,08,18,0.0,34.71383,17.485958,2090
27624,r2i1p1f1,2090,08,19,0.0,32.61174,15.774212,2090
27625,r2i1p1f1,2090,08,20,0.0,31.215097,14.745188,2090
27626,r2i1p1f1,2090,08,21,0.0,31.473595,15.214458,2090
27627,r2i1p1f1,2090,08,22,0.0,31.68889,15.395708,2090
27628,r2i1p1f1,2090,08,23,0.0,31.251966,14.203662,2090
27629,r2i1p1f1,2090,08,24,0.0,29.997934,12.89408,2090
27630,r2i1p1f1,2090,08,25,0.0,27.545893,12.377246,2090
27631,r2i1p1f1,2090,08,26,0.0,28.776592,12.020518,2090
27632,r2i1p1f1,2090,08,27,0.0,28.709805,11.390653,2090
27633,r2i1p1f1,2090,08,28,0.0,27.41766,11.2150755,2090
27634,r2i1p1f1,2090,08,29,0.0,29.36181,12.347506,2090
27635,r2i1p1f1,2090,08,30,0.0,30.278955,12.482555,2090
27636,r2i1p1f1,2090,08,31,0.0,32.26438,14.795443,2090
27637,r2i1p1f1,2090,09,01,0.0,33.556786,17.737894,2090
27638,r2i1p1f1,2090,09,02,0.0,34.964996,18.029179,2090
27639,r2i1p1f1,2090,09,03,0.0,34.50842,17.594208,2090
27640,r2i1p1f1,2090,09,04,0.005772082770888049,33.614746,16.738739,2090
27641,r2i1p1f1,2090,09,05,0.0,34.47629,15.982078,2090
27642,r2i1p1f1,2090,09,06,0.0,34.601124,16.755499,2090
27643,r2i1p1f1,2090,09,07,0.0,34.964012,17.390728,2090
27644,r2i1p1f1,2090,09,08,0.0,34.02156,17.722044,2090
27645,r2i1p1f1,2090,09,09,0.0,33.94145,17.273432,2090
27646,r2i1p1f1,2090,09,10,0.0,33.727184,15.871812,2090
27647,r2i1p1f1,2090,09,11,0.0,33.33317,14.9055395,2090
27648,r2i1p1f1,2090,09,12,0.0,32.160576,16.10291,2090
27649,r2i1p1f1,2090,09,13,0.0,32.53806,16.200064,2090
27650,r2i1p1f1,2090,09,14,0.0,32.594322,16.40117,2090
27651,r2i1p1f1,2090,09,15,0.0,32.773987,16.963387,2090
27652,r2i1p1f1,2090,09,16,0.0,33.74505,16.99813,2090
27653,r2i1p1f1,2090,09,17,0.0,33.57458,18.057411,2090
27654,r2i1p1f1,2090,09,18,0.0,33.490852,15.843352,2090
27655,r2i1p1f1,2090,09,19,0.0,32.967205,14.936694,2090
27656,r2i1p1f1,2090,09,20,0.0,33.265087,16.65908,2090
27657,r2i1p1f1,2090,09,21,0.0,33.19746,17.296497,2090
27658,r2i1p1f1,2090,09,22,0.0,33.897247,17.88358,2090
27659,r2i1p1f1,2090,09,23,0.0,34.29633,17.434786,2090
27660,r2i1p1f1,2090,09,24,0.0,33.538975,15.45937,2090
27661,r2i1p1f1,2090,09,25,0.0,33.697254,15.909622,2090
27662,r2i1p1f1,2090,09,26,0.0,32.80306,15.937053,2090
27663,r2i1p1f1,2090,09,27,0.0,31.777601,14.95947,2090
27664,r2i1p1f1,2090,09,28,0.0,30.50787,12.310903,2090
27665,r2i1p1f1,2090,09,29,0.0,29.878336,13.373599,2090
27666,r2i1p1f1,2090,09,30,0.0,30.993984,15.063871,2090
27667,r2i1p1f1,2090,10,01,0.0,31.627779,15.666033,2090
27668,r2i1p1f1,2090,10,02,0.0,32.503105,16.129171,2090
27669,r2i1p1f1,2090,10,03,0.0,35.630352,16.105528,2090
27670,r2i1p1f1,2090,10,04,0.0,37.76121,19.2332,2090
27671,r2i1p1f1,2090,10,05,0.0,38.541866,19.71213,2090
27672,r2i1p1f1,2090,10,06,0.0,38.369205,19.675995,2090
27673,r2i1p1f1,2090,10,07,0.0,37.357243,19.44438,2090
27674,r2i1p1f1,2090,10,08,0.0,36.235935,18.131037,2090
27675,r2i1p1f1,2090,10,09,0.0,37.111404,19.124777,2090
27676,r2i1p1f1,2090,10,10,0.0,37.819416,18.506811,2090
27677,r2i1p1f1,2090,10,11,0.0,39.040108,20.522852,2090
27678,r2i1p1f1,2090,10,12,0.0,37.304844,19.216036,2090
27679,r2i1p1f1,2090,10,13,0.0,37.25629,19.517023,2090
27680,r2i1p1f1,2090,10,14,0.0,35.33116,16.596378,2090
27681,r2i1p1f1,2090,10,15,0.0,32.372444,16.150417,2090
27682,r2i1p1f1,2090,10,16,0.0,31.462378,15.369932,2090
27683,r2i1p1f1,2090,10,17,0.0,31.05436,14.696382,2090
27684,r2i1p1f1,2090,10,18,0.0,33.115562,15.543975,2090
27685,r2i1p1f1,2090,10,19,0.0,34.11747,16.928219,2090
27686,r2i1p1f1,2090,10,20,0.0,33.431892,15.286872,2090
27687,r2i1p1f1,2090,10,21,0.0,33.11141,14.654119,2090
27688,r2i1p1f1,2090,10,22,0.0,31.66144,14.703801,2090
27689,r2i1p1f1,2090,10,23,0.0,25.72893,11.639543,2090
27690,r2i1p1f1,2090,10,24,0.0,25.351963,8.676528,2090
27691,r2i1p1f1,2090,10,25,0.0,25.127602,9.864807,2090
27692,r2i1p1f1,2090,10,26,0.0,29.428173,12.521443,2090
27693,r2i1p1f1,2090,10,27,0.0,31.668379,13.498476,2090
27694,r2i1p1f1,2090,10,28,0.0,32.05999,14.114832,2090
27695,r2i1p1f1,2090,10,29,0.0,31.633348,13.353242,2090
27696,r2i1p1f1,2090,10,30,0.0,30.877554,13.416648,2090
27697,r2i1p1f1,2090,10,31,0.0,28.109184,11.471661,2090
27698,r2i1p1f1,2090,11,01,0.0,28.090664,11.315589,2090
27699,r2i1p1f1,2090,11,02,0.0,25.794538,11.25763,2090
27700,r2i1p1f1,2090,11,03,0.0,25.90358,11.335284,2090
27701,r2i1p1f1,2090,11,04,0.19793614292911327,20.807783,8.262375,2090
27702,r2i1p1f1,2090,11,05,0.0,22.605665,6.3241916,2090
27703,r2i1p1f1,2090,11,06,0.0,20.754354,5.864407,2090
27704,r2i1p1f1,2090,11,07,0.0,20.549717,5.0031686,2090
27705,r2i1p1f1,2090,11,08,0.0,19.4424,5.746,2090
27706,r2i1p1f1,2090,11,09,0.0,19.477797,5.517499,2090
27707,r2i1p1f1,2090,11,10,0.0,20.165297,4.186664,2090
27708,r2i1p1f1,2090,11,11,0.0,21.568573,4.0336556,2090
27709,r2i1p1f1,2090,11,12,0.0,19.429419,4.7855887,2090
27710,r2i1p1f1,2090,11,13,0.0,21.03836,4.084591,2090
27711,r2i1p1f1,2090,11,14,0.0,20.470078,4.4010143,2090
27712,r2i1p1f1,2090,11,15,71.66168188358334,15.258428,8.707884,2090
27713,r2i1p1f1,2090,11,16,14.722665764006356,10.923276,4.7891703,2090
27714,r2i1p1f1,2090,11,17,8.449245249665601,6.8973355,-0.93997395,2090
27715,r2i1p1f1,2090,11,18,1.0052550330328813,14.975786,2.461013,2090
27716,r2i1p1f1,2090,11,19,0.0,19.18703,2.6543684,2090
27717,r2i1p1f1,2090,11,20,0.0,19.933365,2.0192022,2090
27718,r2i1p1f1,2090,11,21,0.0,19.603085,-0.47626153,2090
27719,r2i1p1f1,2090,11,22,0.10230009784908571,14.413796,2.1740193,2090
27720,r2i1p1f1,2090,11,23,1.1226990429489747,6.8453355,3.1903057,2090
27721,r2i1p1f1,2090,11,24,5.131323735090868,4.569903,0.25804725,2090
27722,r2i1p1f1,2090,11,25,6.563805675334431,8.9525175,2.9675946,2090
27723,r2i1p1f1,2090,11,26,12.063150003926308,10.442722,4.244171,2090
27724,r2i1p1f1,2090,11,27,53.35272140800953,10.033978,5.1978745,2090
27725,r2i1p1f1,2090,11,28,114.94097494018766,13.765065,3.6524165,2090
27726,r2i1p1f1,2090,11,29,20.0442210752114,9.389572,-3.9252148,2090
27727,r2i1p1f1,2090,11,30,3.445762767688183,4.9943533,-5.547199,2090
27728,r2i1p1f1,2090,12,01,15.599378378269298,2.0764394,-2.8513618,2090
27729,r2i1p1f1,2090,12,02,0.0,10.659956,-0.81263185,2090
27730,r2i1p1f1,2090,12,03,0.0,10.73982,2.169451,2090
27731,r2i1p1f1,2090,12,04,0.1903406686114277,8.046701,1.5491879,2090
27732,r2i1p1f1,2090,12,05,47.02831102812734,9.51932,2.8722637,2090
27733,r2i1p1f1,2090,12,06,1.1113178662596441,11.518303,6.016205,2090
27734,r2i1p1f1,2090,12,07,0.0,14.425298,1.4538357,2090
27735,r2i1p1f1,2090,12,08,0.03825797500142541,11.674872,0.83687466,2090
27736,r2i1p1f1,2090,12,09,23.996303093959934,12.603611,3.2306714,2090
27737,r2i1p1f1,2090,12,10,50.449444911478516,10.856985,4.6266246,2090
27738,r2i1p1f1,2090,12,11,0.0012194861903061303,10.663388,0.2075026,2090
27739,r2i1p1f1,2090,12,12,23.224478212852354,12.045935,5.2095304,2090
27740,r2i1p1f1,2090,12,13,0.0,14.699704,6.4967704,2090
27741,r2i1p1f1,2090,12,14,46.53407760824148,10.031406,5.236277,2090
27742,r2i1p1f1,2090,12,15,14.437192426983248,10.732245,6.7597437,2090
27743,r2i1p1f1,2090,12,16,0.41208993703688834,13.950668,4.661733,2090
27744,r2i1p1f1,2090,12,17,0.03437721100523889,14.882767,6.997673,2090
27745,r2i1p1f1,2090,12,18,7.1863122493176395,12.625817,8.148148,2090
27746,r2i1p1f1,2090,12,19,30.897608626401052,12.687145,8.753691,2090
27747,r2i1p1f1,2090,12,20,15.957190846585526,12.625567,7.423423,2090
27748,r2i1p1f1,2090,12,21,27.1725157477284,12.06059,7.3513503,2090
27749,r2i1p1f1,2090,12,22,36.17424966964441,11.955772,8.311384,2090
27750,r2i1p1f1,2090,12,23,0.6098854974670058,13.83513,4.470912,2090
27751,r2i1p1f1,2090,12,24,0.0,12.056533,-0.008586101,2090
27752,r2i1p1f1,2090,12,25,0.0,9.621293,-2.3224435,2090
27753,r2i1p1f1,2090,12,26,0.0,13.619291,-0.4782926,2090
27754,r2i1p1f1,2090,12,27,0.0,14.853914,0.39586923,2090
27755,r2i1p1f1,2090,12,28,0.0,11.308874,1.2872117,2090
27756,r2i1p1f1,2090,12,29,16.84244268690236,5.3477197,1.220666,2090
27757,r2i1p1f1,2090,12,30,21.940016856108112,2.804601,-0.43324396,2090
27758,r2i1p1f1,2090,12,31,0.0,4.4473815,-0.71539795,2090
27759,r2i1p1f1,2091,01,01,0.0,6.1998224,-0.82577926,2091
27760,r2i1p1f1,2091,01,02,10.369290644107073,3.5176733,-1.0080762,2091
27761,r2i1p1f1,2091,01,03,21.490554982133638,5.08814,0.00036767812,2091
27762,r2i1p1f1,2091,01,04,0.3388753729565836,6.9725485,2.4874647,2091
27763,r2i1p1f1,2091,01,05,20.23721088316961,4.732452,0.7442418,2091
27764,r2i1p1f1,2091,01,06,0.0,7.826657,-1.460679,2091
27765,r2i1p1f1,2091,01,07,42.706165672279894,11.752524,0.14827132,2091
27766,r2i1p1f1,2091,01,08,26.994559324241262,11.789238,2.2386415,2091
27767,r2i1p1f1,2091,01,09,42.16944690381821,11.306087,7.215785,2091
27768,r2i1p1f1,2091,01,10,118.45569527493073,15.170227,7.8409047,2091
27769,r2i1p1f1,2091,01,11,56.186467491072385,16.045704,0.9924914,2091
27770,r2i1p1f1,2091,01,12,65.30626006782629,11.61192,4.9851065,2091
27771,r2i1p1f1,2091,01,13,87.27307082288182,11.078422,3.4208844,2091
27772,r2i1p1f1,2091,01,14,89.65747658870757,14.6882305,1.8624543,2091
27773,r2i1p1f1,2091,01,15,29.35630757621346,12.304013,1.8934925,2091
27774,r2i1p1f1,2091,01,16,88.48200763951844,13.954856,1.9677411,2091
27775,r2i1p1f1,2091,01,17,3.435022945744165,6.6534495,0.9822681,2091
27776,r2i1p1f1,2091,01,18,0.0,16.694332,2.0955303,2091
27777,r2i1p1f1,2091,01,19,0.0,18.778996,4.236536,2091
27778,r2i1p1f1,2091,01,20,0.0,20.40351,5.5893426,2091
27779,r2i1p1f1,2091,01,21,0.0,20.09811,5.4550085,2091
27780,r2i1p1f1,2091,01,22,0.0,17.964228,3.612568,2091
27781,r2i1p1f1,2091,01,23,23.122595938016623,7.447498,2.977106,2091
27782,r2i1p1f1,2091,01,24,24.397938693325088,4.0360684,-0.11878977,2091
27783,r2i1p1f1,2091,01,25,28.481416697076593,10.101472,2.793479,2091
27784,r2i1p1f1,2091,01,26,18.688577080767853,15.086141,8.111867,2091
27785,r2i1p1f1,2091,01,27,63.19936851975329,17.19607,7.1982203,2091
27786,r2i1p1f1,2091,01,28,75.34964105132251,17.282291,4.3958087,2091
27787,r2i1p1f1,2091,01,29,94.41066866543574,17.130112,4.684316,2091
27788,r2i1p1f1,2091,01,30,0.0,13.1755495,8.77439,2091
27789,r2i1p1f1,2091,01,31,32.31338962079742,15.046152,2.378128,2091
27790,r2i1p1f1,2091,02,01,13.303689651589734,13.024654,6.0404725,2091
27791,r2i1p1f1,2091,02,02,58.29404796509502,15.626332,2.6012342,2091
27792,r2i1p1f1,2091,02,03,30.340891218265124,13.181575,0.73627305,2091
27793,r2i1p1f1,2091,02,04,11.987210015593938,8.43637,2.791394,2091
27794,r2i1p1f1,2091,02,05,0.09443298180345804,15.319092,3.800077,2091
27795,r2i1p1f1,2091,02,06,0.0,19.567284,5.7860193,2091
27796,r2i1p1f1,2091,02,07,28.963679421352797,13.522188,2.1474125,2091
27797,r2i1p1f1,2091,02,08,34.25727375836756,7.815101,2.5443618,2091
27798,r2i1p1f1,2091,02,09,28.94070845706245,3.796472,-0.1011334,2091
27799,r2i1p1f1,2091,02,10,21.09790702804905,4.646777,-0.5482081,2091
27800,r2i1p1f1,2091,02,11,0.7431865243365092,6.204617,1.479846,2091
27801,r2i1p1f1,2091,02,12,37.57306131973075,5.7098417,1.3803923,2091
27802,r2i1p1f1,2091,02,13,2.684197380830693,5.638845,-0.61504275,2091
27803,r2i1p1f1,2091,02,14,0.0,14.645498,0.49605826,2091
27804,r2i1p1f1,2091,02,15,0.0,16.593388,2.886978,2091
27805,r2i1p1f1,2091,02,16,0.0,20.315233,3.2762532,2091
27806,r2i1p1f1,2091,02,17,0.0,19.334839,4.3620715,2091
27807,r2i1p1f1,2091,02,18,0.0,18.323656,4.181498,2091
27808,r2i1p1f1,2091,02,19,44.49757398061383,13.343957,2.009319,2091
27809,r2i1p1f1,2091,02,20,3.3912054099556164,7.3413258,-1.424636,2091
27810,r2i1p1f1,2091,02,21,0.0,8.277043,-3.0808094,2091
27811,r2i1p1f1,2091,02,22,43.080842168106194,12.151282,-2.4046898,2091
27812,r2i1p1f1,2091,02,23,59.98620927298012,5.9501796,-2.6552837,2091
27813,r2i1p1f1,2091,02,24,17.762257871128476,3.3905761,-1.9311652,2091
27814,r2i1p1f1,2091,02,25,4.332545493987429,3.202033,-0.8999202,2091
27815,r2i1p1f1,2091,02,26,0.0,6.1152987,-1.4104334,2091
27816,r2i1p1f1,2091,02,27,0.0,6.917866,-4.258649,2091
27817,r2i1p1f1,2091,02,28,0.0,8.888201,-3.9347832,2091
27818,r2i1p1f1,2091,03,01,0.0,11.333338,-2.419206,2091
27819,r2i1p1f1,2091,03,02,33.4682334424892,4.200541,-0.51765364,2091
27820,r2i1p1f1,2091,03,03,2.0610986698417175,8.29776,0.7431421,2091
27821,r2i1p1f1,2091,03,04,6.299852821971049,8.59947,3.0259042,2091
27822,r2i1p1f1,2091,03,05,6.994801755969932,8.920378,2.3326263,2091
27823,r2i1p1f1,2091,03,06,29.51997046161873,5.2976375,0.5686565,2091
27824,r2i1p1f1,2091,03,07,3.445244402197344,7.3576746,1.3183794,2091
27825,r2i1p1f1,2091,03,08,0.0,15.4926195,1.3058943,2091
27826,r2i1p1f1,2091,03,09,0.0,17.557045,2.8091946,2091
27827,r2i1p1f1,2091,03,10,0.0,17.356907,3.3999312,2091
27828,r2i1p1f1,2091,03,11,0.0,16.673681,4.9007535,2091
27829,r2i1p1f1,2091,03,12,0.0,14.301177,6.5799074,2091
27830,r2i1p1f1,2091,03,13,0.0,14.105519,2.4505882,2091
27831,r2i1p1f1,2091,03,14,48.431383264071954,10.529036,2.0271666,2091
27832,r2i1p1f1,2091,03,15,12.347330533884815,11.625922,5.5166464,2091
27833,r2i1p1f1,2091,03,16,24.113586375499207,11.998833,-1.0246828,2091
27834,r2i1p1f1,2091,03,17,37.01531021842339,10.790211,1.561468,2091
27835,r2i1p1f1,2091,03,18,2.679284564153652,11.346672,1.8430645,2091
27836,r2i1p1f1,2091,03,19,0.0,16.45685,0.90275437,2091
27837,r2i1p1f1,2091,03,20,0.0,17.591085,2.5659416,2091
27838,r2i1p1f1,2091,03,21,0.0,14.340395,8.369721,2091
27839,r2i1p1f1,2091,03,22,0.0,14.289526,8.148824,2091
27840,r2i1p1f1,2091,03,23,0.06601421365093511,14.199727,4.6749187,2091
27841,r2i1p1f1,2091,03,24,0.0,17.723942,2.0428462,2091
27842,r2i1p1f1,2091,03,25,0.0,17.60372,5.083033,2091
27843,r2i1p1f1,2091,03,26,0.0,19.903915,3.7269068,2091
27844,r2i1p1f1,2091,03,27,0.0,21.09691,3.1388018,2091
27845,r2i1p1f1,2091,03,28,0.0,21.90875,4.1576138,2091
27846,r2i1p1f1,2091,03,29,0.19252553848463533,17.54759,2.7897322,2091
27847,r2i1p1f1,2091,03,30,0.8955548058670851,6.882074,1.468729,2091
27848,r2i1p1f1,2091,03,31,0.07398186959247911,5.8387,-1.8715256,2091
27849,r2i1p1f1,2091,04,01,0.0,16.550768,-0.8120593,2091
27850,r2i1p1f1,2091,04,02,0.0,22.088753,2.7361379,2091
27851,r2i1p1f1,2091,04,03,0.0,22.996895,5.181775,2091
27852,r2i1p1f1,2091,04,04,0.0,22.527645,5.698825,2091
27853,r2i1p1f1,2091,04,05,0.0,22.968319,5.8492107,2091
27854,r2i1p1f1,2091,04,06,0.0,21.528803,4.180121,2091
27855,r2i1p1f1,2091,04,07,0.0,22.020304,4.300363,2091
27856,r2i1p1f1,2091,04,08,0.0,21.9611,4.4730077,2091
27857,r2i1p1f1,2091,04,09,0.0,23.7465,6.899973,2091
27858,r2i1p1f1,2091,04,10,0.0,23.376524,7.15328,2091
27859,r2i1p1f1,2091,04,11,0.0,24.739683,8.163371,2091
27860,r2i1p1f1,2091,04,12,0.0,26.934855,9.53449,2091
27861,r2i1p1f1,2091,04,13,0.0,27.058481,10.559985,2091
27862,r2i1p1f1,2091,04,14,0.0,27.973188,10.537774,2091
27863,r2i1p1f1,2091,04,15,0.0,29.044302,11.059675,2091
27864,r2i1p1f1,2091,04,16,0.07126018654861792,24.202374,7.356416,2091
27865,r2i1p1f1,2091,04,17,19.28161811760779,14.441679,0.94379246,2091
27866,r2i1p1f1,2091,04,18,20.833766784590598,8.959834,3.6550133,2091
27867,r2i1p1f1,2091,04,19,4.146812763547832,8.893149,4.140876,2091
27868,r2i1p1f1,2091,04,20,15.008711250545904,10.389796,3.9002788,2091
27869,r2i1p1f1,2091,04,21,16.946097693331605,10.006196,-2.6094482,2091
27870,r2i1p1f1,2091,04,22,3.9593832315963833,7.0697117,-1.1891407,2091
27871,r2i1p1f1,2091,04,23,2.210658588284367,7.77303,0.2074985,2091
27872,r2i1p1f1,2091,04,24,0.1390991378754664,13.408096,4.0111513,2091
27873,r2i1p1f1,2091,04,25,11.5590030603366,12.102504,-2.412787,2091
27874,r2i1p1f1,2091,04,26,19.100760911868957,9.590664,0.20420602,2091
27875,r2i1p1f1,2091,04,27,20.038359324966084,10.228725,2.936504,2091
27876,r2i1p1f1,2091,04,28,15.537963626691354,9.208376,3.340713,2091
27877,r2i1p1f1,2091,04,29,3.374736470050266,14.613335,3.6657672,2091
27878,r2i1p1f1,2091,04,30,18.907202794127024,10.808076,1.2523198,2091
27879,r2i1p1f1,2091,05,01,8.081606739667153,9.809741,-2.1046467,2091
27880,r2i1p1f1,2091,05,02,1.3324567019970766,15.41543,3.6051118,2091
27881,r2i1p1f1,2091,05,03,5.295382795254857,20.029287,1.4396601,2091
27882,r2i1p1f1,2091,05,04,0.10602079910313478,21.144884,4.7711105,2091
27883,r2i1p1f1,2091,05,05,61.4681525540968,13.210378,3.7751348,2091
27884,r2i1p1f1,2091,05,06,1.5274188807010292,16.529316,9.227119,2091
27885,r2i1p1f1,2091,05,07,0.0,19.694937,3.3851738,2091
27886,r2i1p1f1,2091,05,08,0.0,25.335428,7.1813955,2091
27887,r2i1p1f1,2091,05,09,0.0,27.375362,10.8172245,2091
27888,r2i1p1f1,2091,05,10,0.0,27.248009,10.618901,2091
27889,r2i1p1f1,2091,05,11,0.0,28.59047,10.673124,2091
27890,r2i1p1f1,2091,05,12,0.0,27.461636,10.374222,2091
27891,r2i1p1f1,2091,05,13,7.283529757534359,17.937016,2.9029443,2091
27892,r2i1p1f1,2091,05,14,0.11241125667031436,14.418216,7.5542264,2091
27893,r2i1p1f1,2091,05,15,0.0,18.011612,4.8905907,2091
27894,r2i1p1f1,2091,05,16,0.0,23.503738,6.8773007,2091
27895,r2i1p1f1,2091,05,17,0.0,25.11748,8.152498,2091
27896,r2i1p1f1,2091,05,18,8.530857695250933,18.277693,2.473195,2091
27897,r2i1p1f1,2091,05,19,0.0,25.3186,8.67126,2091
27898,r2i1p1f1,2091,05,20,0.0,30.7612,12.074661,2091
27899,r2i1p1f1,2091,05,21,0.0,31.215107,13.007927,2091
27900,r2i1p1f1,2091,05,22,0.0,31.85257,14.759224,2091
27901,r2i1p1f1,2091,05,23,8.997919849207392e-05,30.080278,13.370598,2091
27902,r2i1p1f1,2091,05,24,0.0,24.313358,8.026425,2091
27903,r2i1p1f1,2091,05,25,0.0,26.736141,8.701677,2091
27904,r2i1p1f1,2091,05,26,0.0,32.119938,13.725439,2091
27905,r2i1p1f1,2091,05,27,0.0,32.078953,14.466841,2091
27906,r2i1p1f1,2091,05,28,0.0,28.725386,11.673151,2091
27907,r2i1p1f1,2091,05,29,0.0,28.08112,11.877086,2091
27908,r2i1p1f1,2091,05,30,0.0,29.01694,13.1890135,2091
27909,r2i1p1f1,2091,05,31,0.0,27.434605,11.730659,2091
27910,r2i1p1f1,2091,06,01,2.2990758432989913,26.617977,8.564996,2091
27911,r2i1p1f1,2091,06,02,0.0,32.734932,14.216482,2091
27912,r2i1p1f1,2091,06,03,0.0,34.07942,16.067942,2091
27913,r2i1p1f1,2091,06,04,0.15996795510335898,30.40976,13.796338,2091
27914,r2i1p1f1,2091,06,05,0.0,20.342848,5.771888,2091
27915,r2i1p1f1,2091,06,06,0.15280350524930186,17.472807,4.0399942,2091
27916,r2i1p1f1,2091,06,07,4.674755079647114,17.65778,3.948709,2091
27917,r2i1p1f1,2091,06,08,2.8729100757940476,20.276136,5.3309603,2091
27918,r2i1p1f1,2091,06,09,0.0007431457718736895,24.489977,7.5588326,2091
27919,r2i1p1f1,2091,06,10,0.004212725140790168,25.592598,10.8565645,2091
27920,r2i1p1f1,2091,06,11,0.0,23.441338,8.950994,2091
27921,r2i1p1f1,2091,06,12,3.3935365825737582,19.801031,5.8995786,2091
27922,r2i1p1f1,2091,06,13,3.321273214253149,19.413876,7.257368,2091
27923,r2i1p1f1,2091,06,14,0.0,22.653032,9.423643,2091
27924,r2i1p1f1,2091,06,15,0.0,22.252283,6.8743396,2091
27925,r2i1p1f1,2091,06,16,0.0,23.123056,8.428022,2091
27926,r2i1p1f1,2091,06,17,0.019006119076108847,21.309246,6.1310587,2091
27927,r2i1p1f1,2091,06,18,4.511275493783055,20.03957,8.939457,2091
27928,r2i1p1f1,2091,06,19,8.056906996828799,20.858755,4.1606193,2091
27929,r2i1p1f1,2091,06,20,0.16484620423747962,20.803108,8.237586,2091
27930,r2i1p1f1,2091,06,21,2.5977837769530128,15.5393915,5.5459714,2091
27931,r2i1p1f1,2091,06,22,10.566065457980866,15.118679,3.9973042,2091
27932,r2i1p1f1,2091,06,23,12.281700284438557,18.00788,3.234541,2091
27933,r2i1p1f1,2091,06,24,0.0,26.146698,9.2533865,2091
27934,r2i1p1f1,2091,06,25,0.0,25.788832,14.560124,2091
27935,r2i1p1f1,2091,06,26,6.772794620295686,22.115976,7.4463553,2091
27936,r2i1p1f1,2091,06,27,0.0,24.58582,9.818706,2091
27937,r2i1p1f1,2091,06,28,0.0,26.173622,10.428351,2091
27938,r2i1p1f1,2091,06,29,0.0,27.893253,12.925224,2091
27939,r2i1p1f1,2091,06,30,0.0,27.960411,12.911714,2091
27940,r2i1p1f1,2091,07,01,0.0,30.399984,14.367691,2091
27941,r2i1p1f1,2091,07,02,0.0,33.477474,15.048684,2091
27942,r2i1p1f1,2091,07,03,0.0,33.713264,16.239017,2091
27943,r2i1p1f1,2091,07,04,0.0,32.98777,16.302511,2091
27944,r2i1p1f1,2091,07,05,0.0,30.40893,15.813745,2091
27945,r2i1p1f1,2091,07,06,0.0,30.958364,14.993818,2091
27946,r2i1p1f1,2091,07,07,0.0,30.621124,14.800195,2091
27947,r2i1p1f1,2091,07,08,0.0,29.124449,13.738785,2091
27948,r2i1p1f1,2091,07,09,0.0,30.278236,15.042234,2091
27949,r2i1p1f1,2091,07,10,0.0,31.372602,15.949109,2091
27950,r2i1p1f1,2091,07,11,0.0,31.729195,16.414297,2091
27951,r2i1p1f1,2091,07,12,0.0,32.175373,16.511684,2091
27952,r2i1p1f1,2091,07,13,0.0,31.42288,15.149453,2091
27953,r2i1p1f1,2091,07,14,0.012288961107305322,30.582226,14.377695,2091
27954,r2i1p1f1,2091,07,15,0.0,30.526552,13.808328,2091
27955,r2i1p1f1,2091,07,16,0.0,30.670223,15.086965,2091
27956,r2i1p1f1,2091,07,17,2.280053222980664,31.691568,17.122559,2091
27957,r2i1p1f1,2091,07,18,0.0,31.69503,16.238974,2091
27958,r2i1p1f1,2091,07,19,0.0,34.104668,16.621195,2091
27959,r2i1p1f1,2091,07,20,0.0,34.83866,16.857265,2091
27960,r2i1p1f1,2091,07,21,0.0,34.533962,16.500305,2091
27961,r2i1p1f1,2091,07,22,0.0,34.441288,17.64383,2091
27962,r2i1p1f1,2091,07,23,0.0,34.75623,17.396442,2091
27963,r2i1p1f1,2091,07,24,0.0,33.36362,16.161669,2091
27964,r2i1p1f1,2091,07,25,0.0,31.81831,15.095952,2091
27965,r2i1p1f1,2091,07,26,0.0,30.63017,14.413034,2091
27966,r2i1p1f1,2091,07,27,0.0,29.144281,14.137584,2091
27967,r2i1p1f1,2091,07,28,0.0,31.88162,15.692907,2091
27968,r2i1p1f1,2091,07,29,0.0,33.436096,16.223867,2091
27969,r2i1p1f1,2091,07,30,0.0,34.09,16.672573,2091
27970,r2i1p1f1,2091,07,31,0.0,33.845226,17.356108,2091
27971,r2i1p1f1,2091,08,01,0.0,34.039543,17.698938,2091
27972,r2i1p1f1,2091,08,02,0.0,35.269756,17.937393,2091
27973,r2i1p1f1,2091,08,03,0.0,35.778477,17.726366,2091
27974,r2i1p1f1,2091,08,04,0.0,35.935448,18.33786,2091
27975,r2i1p1f1,2091,08,05,0.0,35.80993,18.39794,2091
27976,r2i1p1f1,2091,08,06,0.0,36.053547,18.563581,2091
27977,r2i1p1f1,2091,08,07,1.1291122181529107,35.449425,17.177357,2091
27978,r2i1p1f1,2091,08,08,0.8643531470065332,33.954266,17.242828,2091
27979,r2i1p1f1,2091,08,09,0.01857993909372733,35.258987,17.377865,2091
27980,r2i1p1f1,2091,08,10,0.0,33.059093,15.817361,2091
27981,r2i1p1f1,2091,08,11,0.0,32.40858,14.962612,2091
27982,r2i1p1f1,2091,08,12,0.0,33.097763,16.363722,2091
27983,r2i1p1f1,2091,08,13,0.0,33.5166,16.959974,2091
27984,r2i1p1f1,2091,08,14,0.0,32.953224,16.511496,2091
27985,r2i1p1f1,2091,08,15,0.0,33.030117,16.778763,2091
27986,r2i1p1f1,2091,08,16,0.0,33.579388,17.002947,2091
27987,r2i1p1f1,2091,08,17,9.771809789596704,33.391956,18.082655,2091
27988,r2i1p1f1,2091,08,18,5.779535480528116,27.97804,13.146528,2091
27989,r2i1p1f1,2091,08,19,25.42518646650933,24.18532,9.906077,2091
27990,r2i1p1f1,2091,08,20,0.0,28.212872,13.285555,2091
27991,r2i1p1f1,2091,08,21,0.0,29.681597,13.3151045,2091
27992,r2i1p1f1,2091,08,22,0.0,32.299774,15.885836,2091
27993,r2i1p1f1,2091,08,23,1.693074367890054,36.170704,18.071547,2091
27994,r2i1p1f1,2091,08,24,0.4013431701773348,37.21797,18.264833,2091
27995,r2i1p1f1,2091,08,25,11.921441797578435,36.25375,20.467901,2091
27996,r2i1p1f1,2091,08,26,32.41995311853736,28.869741,16.708822,2091
27997,r2i1p1f1,2091,08,27,4.260387521865666,22.323938,11.720988,2091
27998,r2i1p1f1,2091,08,28,17.63504907353658,20.607792,10.253448,2091
27999,r2i1p1f1,2091,08,29,6.458389420745684,21.499617,9.334785,2091
28000,r2i1p1f1,2091,08,30,4.063391909004657,24.014572,11.697642,2091
28001,r2i1p1f1,2091,08,31,0.0,29.856503,15.666385,2091
28002,r2i1p1f1,2091,09,01,0.0,31.894087,19.373444,2091
28003,r2i1p1f1,2091,09,02,0.0,31.411615,17.334942,2091
28004,r2i1p1f1,2091,09,03,0.0,29.396969,15.036859,2091
28005,r2i1p1f1,2091,09,04,0.0,28.809652,14.16913,2091
28006,r2i1p1f1,2091,09,05,0.0,29.058012,16.304138,2091
28007,r2i1p1f1,2091,09,06,0.0,30.650953,15.953698,2091
28008,r2i1p1f1,2091,09,07,0.0,30.810694,15.851206,2091
28009,r2i1p1f1,2091,09,08,0.0,31.367626,16.130056,2091
28010,r2i1p1f1,2091,09,09,0.0,32.787003,15.85824,2091
28011,r2i1p1f1,2091,09,10,0.0,33.533108,17.171427,2091
28012,r2i1p1f1,2091,09,11,0.0,34.007248,17.48209,2091
28013,r2i1p1f1,2091,09,12,0.0,33.44808,17.729574,2091
28014,r2i1p1f1,2091,09,13,0.0,30.334965,15.391085,2091
28015,r2i1p1f1,2091,09,14,0.0,29.583452,14.173945,2091
28016,r2i1p1f1,2091,09,15,0.043380832273844414,27.36057,10.2616415,2091
28017,r2i1p1f1,2091,09,16,0.0,25.113007,9.418091,2091
28018,r2i1p1f1,2091,09,17,0.0,22.92827,8.046026,2091
28019,r2i1p1f1,2091,09,18,0.0,26.798798,9.799534,2091
28020,r2i1p1f1,2091,09,19,0.0,29.416508,11.926296,2091
28021,r2i1p1f1,2091,09,20,0.0,29.045424,13.766351,2091
28022,r2i1p1f1,2091,09,21,0.0,29.587389,14.293886,2091
28023,r2i1p1f1,2091,09,22,0.0,30.089975,14.020615,2091
28024,r2i1p1f1,2091,09,23,0.0,28.093866,12.110739,2091
28025,r2i1p1f1,2091,09,24,0.0,23.030338,8.42608,2091
28026,r2i1p1f1,2091,09,25,0.0,20.083569,5.815407,2091
28027,r2i1p1f1,2091,09,26,2.190938791631407,18.996368,5.421281,2091
28028,r2i1p1f1,2091,09,27,28.999464127432127,14.672758,6.240197,2091
28029,r2i1p1f1,2091,09,28,11.820087740936568,15.803425,2.6034224,2091
28030,r2i1p1f1,2091,09,29,0.0,23.836151,7.103558,2091
28031,r2i1p1f1,2091,09,30,0.0,30.736948,12.006069,2091
28032,r2i1p1f1,2091,10,01,0.0,30.48835,14.484754,2091
28033,r2i1p1f1,2091,10,02,0.0,30.330147,15.176293,2091
28034,r2i1p1f1,2091,10,03,0.0,29.882154,15.395342,2091
28035,r2i1p1f1,2091,10,04,0.0,30.844828,15.8172,2091
28036,r2i1p1f1,2091,10,05,0.0,32.111668,17.506645,2091
28037,r2i1p1f1,2091,10,06,0.0,34.45845,18.871078,2091
28038,r2i1p1f1,2091,10,07,0.0,34.62736,18.516483,2091
28039,r2i1p1f1,2091,10,08,0.0,34.733612,18.786158,2091
28040,r2i1p1f1,2091,10,09,0.0,35.598553,17.46588,2091
28041,r2i1p1f1,2091,10,10,0.0,34.53907,16.807478,2091
28042,r2i1p1f1,2091,10,11,0.0,34.169823,16.523003,2091
28043,r2i1p1f1,2091,10,12,0.0,32.13719,16.79869,2091
28044,r2i1p1f1,2091,10,13,0.0,33.282722,16.980246,2091
28045,r2i1p1f1,2091,10,14,0.0,35.514748,16.651413,2091
28046,r2i1p1f1,2091,10,15,0.0,36.42225,18.28154,2091
28047,r2i1p1f1,2091,10,16,0.0,36.19663,17.96796,2091
28048,r2i1p1f1,2091,10,17,0.0,34.500397,17.422895,2091
28049,r2i1p1f1,2091,10,18,0.05663466336395336,29.289616,14.083728,2091
28050,r2i1p1f1,2091,10,19,0.003639119621276712,23.513803,10.959133,2091
28051,r2i1p1f1,2091,10,20,0.0,18.638546,5.6001015,2091
28052,r2i1p1f1,2091,10,21,0.0,19.138712,5.41788,2091
28053,r2i1p1f1,2091,10,22,0.0,20.919764,5.953854,2091
28054,r2i1p1f1,2091,10,23,0.9268922419253683,21.17298,10.503847,2091
28055,r2i1p1f1,2091,10,24,0.0,24.927479,8.731321,2091
28056,r2i1p1f1,2091,10,25,0.0,26.005991,10.745381,2091
28057,r2i1p1f1,2091,10,26,0.0,24.602953,10.010606,2091
28058,r2i1p1f1,2091,10,27,0.0,23.64321,9.177605,2091
28059,r2i1p1f1,2091,10,28,0.0,19.409348,9.682118,2091
28060,r2i1p1f1,2091,10,29,0.28159998249835694,18.321264,8.914907,2091
28061,r2i1p1f1,2091,10,30,0.0,22.255114,8.74582,2091
28062,r2i1p1f1,2091,10,31,0.0,25.006739,10.358166,2091
28063,r2i1p1f1,2091,11,01,0.0,23.501205,9.328838,2091
28064,r2i1p1f1,2091,11,02,0.0,21.767744,9.261044,2091
28065,r2i1p1f1,2091,11,03,40.46202379238541,19.236258,10.707675,2091
28066,r2i1p1f1,2091,11,04,49.659598266589455,15.498953,10.383016,2091
28067,r2i1p1f1,2091,11,05,0.029508719056208905,18.598087,4.5203214,2091
28068,r2i1p1f1,2091,11,06,0.0,18.426102,5.123362,2091
28069,r2i1p1f1,2091,11,07,0.0,18.984127,5.2113676,2091
28070,r2i1p1f1,2091,11,08,0.0,20.67786,5.422192,2091
28071,r2i1p1f1,2091,11,09,0.0,19.850023,5.586355,2091
28072,r2i1p1f1,2091,11,10,0.0,17.766424,6.2330823,2091
28073,r2i1p1f1,2091,11,11,0.0,19.598701,5.6525316,2091
28074,r2i1p1f1,2091,11,12,0.0,19.632053,5.694014,2091
28075,r2i1p1f1,2091,11,13,0.0,20.934586,7.782819,2091
28076,r2i1p1f1,2091,11,14,0.0,21.253117,7.4731913,2091
28077,r2i1p1f1,2091,11,15,0.0,20.727915,5.37786,2091
28078,r2i1p1f1,2091,11,16,0.0,21.567905,3.2411907,2091
28079,r2i1p1f1,2091,11,17,0.0,18.700512,4.5357184,2091
28080,r2i1p1f1,2091,11,18,0.0,17.329668,3.2560992,2091
28081,r2i1p1f1,2091,11,19,0.0,17.208117,3.6919982,2091
28082,r2i1p1f1,2091,11,20,0.0,19.68646,3.7663684,2091
28083,r2i1p1f1,2091,11,21,0.0,20.212149,5.188543,2091
28084,r2i1p1f1,2091,11,22,0.0,14.485674,3.8717175,2091
28085,r2i1p1f1,2091,11,23,0.0,17.212982,4.2034936,2091
28086,r2i1p1f1,2091,11,24,4.689553128397305,16.730724,5.947892,2091
28087,r2i1p1f1,2091,11,25,7.992179108182777,12.344816,7.2588315,2091
28088,r2i1p1f1,2091,11,26,3.95790127591821,15.553221,9.748014,2091
28089,r2i1p1f1,2091,11,27,15.76095557717893,13.124797,7.1029696,2091
28090,r2i1p1f1,2091,11,28,36.411759584174995,12.912173,5.6310306,2091
28091,r2i1p1f1,2091,11,29,41.499801910518165,14.2956295,-2.1264787,2091
28092,r2i1p1f1,2091,11,30,19.477140040208514,6.642993,-2.752998,2091
28093,r2i1p1f1,2091,12,01,0.12989278990202224,5.506798,-0.19737351,2091
28094,r2i1p1f1,2091,12,02,0.0,7.539209,1.96086,2091
28095,r2i1p1f1,2091,12,03,2.091594227092103,14.254761,4.400876,2091
28096,r2i1p1f1,2091,12,04,0.0,18.065737,4.324207,2091
28097,r2i1p1f1,2091,12,05,0.0,20.673386,5.0615067,2091
28098,r2i1p1f1,2091,12,06,0.012336923828115687,18.703344,6.6759043,2091
28099,r2i1p1f1,2091,12,07,0.6280537506846975,12.129903,6.8697386,2091
28100,r2i1p1f1,2091,12,08,0.0,11.485433,1.7787659,2091
28101,r2i1p1f1,2091,12,09,0.0,12.819051,-1.5275481,2091
28102,r2i1p1f1,2091,12,10,0.0,13.122462,0.31006134,2091
28103,r2i1p1f1,2091,12,11,0.0,15.628791,5.32557,2091
28104,r2i1p1f1,2091,12,12,0.0,19.072725,6.151269,2091
28105,r2i1p1f1,2091,12,13,0.0,18.438057,5.88389,2091
28106,r2i1p1f1,2091,12,14,49.99190323645822,14.302832,2.2513788,2091
28107,r2i1p1f1,2091,12,15,0.0,7.4031544,-4.186137,2091
28108,r2i1p1f1,2091,12,16,0.0,8.754631,-5.380004,2091
28109,r2i1p1f1,2091,12,17,0.0,13.632606,-1.2538493,2091
28110,r2i1p1f1,2091,12,18,0.0,12.977778,-2.3130746,2091
28111,r2i1p1f1,2091,12,19,0.0,13.741767,0.38143432,2091
28112,r2i1p1f1,2091,12,20,0.0,15.734918,4.330749,2091
28113,r2i1p1f1,2091,12,21,0.0,16.524239,5.433628,2091
28114,r2i1p1f1,2091,12,22,0.0,17.957882,5.6709228,2091
28115,r2i1p1f1,2091,12,23,0.0,18.326769,5.6687427,2091
28116,r2i1p1f1,2091,12,24,0.0,17.425516,5.455759,2091
28117,r2i1p1f1,2091,12,25,0.0,16.96218,5.5423927,2091
28118,r2i1p1f1,2091,12,26,0.0,16.640694,5.4704742,2091
28119,r2i1p1f1,2091,12,27,0.0,17.413443,2.8078265,2091
28120,r2i1p1f1,2091,12,28,0.0,18.324915,3.5543585,2091
28121,r2i1p1f1,2091,12,29,0.0,20.286327,4.5906415,2091
28122,r2i1p1f1,2091,12,30,0.0,19.759474,5.438484,2091
28123,r2i1p1f1,2091,12,31,0.0,17.859734,5.960568,2091
28124,r2i1p1f1,2092,01,01,0.0,18.13017,6.3334537,2092
28125,r2i1p1f1,2092,01,02,0.0,18.062277,5.641122,2092
28126,r2i1p1f1,2092,01,03,0.0,15.775395,6.406235,2092
28127,r2i1p1f1,2092,01,04,0.0,13.825768,7.7813406,2092
28128,r2i1p1f1,2092,01,05,0.0,13.553725,2.9172902,2092
28129,r2i1p1f1,2092,01,06,0.0,15.011116,-1.1626292,2092
28130,r2i1p1f1,2092,01,07,0.0,19.967014,4.327594,2092
28131,r2i1p1f1,2092,01,08,0.0,21.234947,6.4953384,2092
28132,r2i1p1f1,2092,01,09,0.0,19.801144,5.268306,2092
28133,r2i1p1f1,2092,01,10,0.04104488426282142,19.271778,5.786532,2092
28134,r2i1p1f1,2092,01,11,0.0,16.450064,3.3480616,2092
28135,r2i1p1f1,2092,01,12,0.0,19.800161,8.14987,2092
28136,r2i1p1f1,2092,01,13,0.0,21.864838,7.9623704,2092
28137,r2i1p1f1,2092,01,14,0.0,23.144423,8.009005,2092
28138,r2i1p1f1,2092,01,15,0.0,23.208157,8.050049,2092
28139,r2i1p1f1,2092,01,16,0.0,23.130632,8.81133,2092
28140,r2i1p1f1,2092,01,17,0.0,22.172562,7.7894483,2092
28141,r2i1p1f1,2092,01,18,0.0,23.177938,7.9708457,2092
28142,r2i1p1f1,2092,01,19,0.0,21.243553,8.050947,2092
28143,r2i1p1f1,2092,01,20,0.46273752738600776,19.464453,3.057253,2092
28144,r2i1p1f1,2092,01,21,0.8475418176273636,4.133806,-6.3428454,2092
28145,r2i1p1f1,2092,01,22,0.0,3.6864119,-9.086683,2092
28146,r2i1p1f1,2092,01,23,0.0,8.420075,-7.424932,2092
28147,r2i1p1f1,2092,01,24,14.133873561737486,3.9898767,-4.17541,2092
28148,r2i1p1f1,2092,01,25,8.55245291168103,1.8113806,-12.83854,2092
28149,r2i1p1f1,2092,01,26,0.0,-0.6025052,-14.004448,2092
28150,r2i1p1f1,2092,01,27,0.0,1.7499316,-7.595966,2092
28151,r2i1p1f1,2092,01,28,70.16723595219307,9.011281,-5.76735,2092
28152,r2i1p1f1,2092,01,29,34.06955679350246,6.8364477,-3.0880303,2092
28153,r2i1p1f1,2092,01,30,35.85688378191732,4.2058663,-0.083317,2092
28154,r2i1p1f1,2092,01,31,34.464317807242665,3.039275,-1.4137976,2092
28155,r2i1p1f1,2092,02,01,15.10962156437297,3.3527684,-1.8345877,2092
28156,r2i1p1f1,2092,02,02,14.232387036351541,2.7992308,-3.1219335,2092
28157,r2i1p1f1,2092,02,03,0.0,6.5414767,0.6668791,2092
28158,r2i1p1f1,2092,02,04,11.118771191552067,8.881138,-3.9048152,2092
28159,r2i1p1f1,2092,02,05,0.0,7.8778405,-4.3216624,2092
28160,r2i1p1f1,2092,02,06,14.708310251724189,3.081277,-1.9260731,2092
28161,r2i1p1f1,2092,02,07,0.08961554818737429,3.8618536,-7.042706,2092
28162,r2i1p1f1,2092,02,08,0.0,6.9976206,-5.044764,2092
28163,r2i1p1f1,2092,02,09,0.0,7.2117176,-6.107034,2092
28164,r2i1p1f1,2092,02,10,4.986462658486674,3.6884747,-1.9558326,2092
28165,r2i1p1f1,2092,02,11,11.770904634165792,3.377076,-2.5455635,2092
28166,r2i1p1f1,2092,02,12,0.0,7.2241898,-8.965873,2092
28167,r2i1p1f1,2092,02,13,0.0,3.4667375,-10.586039,2092
28168,r2i1p1f1,2092,02,14,0.0,9.411929,-5.724315,2092
28169,r2i1p1f1,2092,02,15,0.0,10.456036,-3.650304,2092
28170,r2i1p1f1,2092,02,16,0.0,10.3065405,-4.0712376,2092
28171,r2i1p1f1,2092,02,17,0.0,12.87277,-1.4602472,2092
28172,r2i1p1f1,2092,02,18,0.0,19.187311,5.134667,2092
28173,r2i1p1f1,2092,02,19,0.0,18.653101,3.3632612,2092
28174,r2i1p1f1,2092,02,20,0.0,19.693094,2.8514934,2092
28175,r2i1p1f1,2092,02,21,0.0,19.318125,4.8050556,2092
28176,r2i1p1f1,2092,02,22,0.0,17.484722,3.0691085,2092
28177,r2i1p1f1,2092,02,23,0.0,17.35506,3.1889665,2092
28178,r2i1p1f1,2092,02,24,0.0,14.869228,2.6943903,2092
28179,r2i1p1f1,2092,02,25,0.0,18.124336,4.3659472,2092
28180,r2i1p1f1,2092,02,26,0.000507682216266403,16.130575,3.1482954,2092
28181,r2i1p1f1,2092,02,27,17.375255193306096,9.648177,1.677847,2092
28182,r2i1p1f1,2092,02,28,17.271625684812673,3.111758,-1.2280968,2092
28183,r2i1p1f1,2092,02,29,18.16551553347381,2.8413243,-1.4360882,2092
28184,r2i1p1f1,2092,03,01,16.217034624199957,2.3384879,-2.097729,2092
28185,r2i1p1f1,2092,03,02,42.57375180739193,6.1993327,-0.73115355,2092
28186,r2i1p1f1,2092,03,03,17.68521178086163,7.8750796,-0.26699936,2092
28187,r2i1p1f1,2092,03,04,0.15261351332950512,6.9811063,0.11905514,2092
28188,r2i1p1f1,2092,03,05,17.570381252824937,8.652929,1.0094597,2092
28189,r2i1p1f1,2092,03,06,54.393075025067304,9.845173,1.3277215,2092
28190,r2i1p1f1,2092,03,07,69.06279033820073,11.300384,2.4563904,2092
28191,r2i1p1f1,2092,03,08,50.79483797934909,11.589986,-0.68483824,2092
28192,r2i1p1f1,2092,03,09,2.2577750309210387,10.526336,0.2964855,2092
28193,r2i1p1f1,2092,03,10,0.0,12.900096,0.039583843,2092
28194,r2i1p1f1,2092,03,11,0.0,17.982569,2.2049232,2092
28195,r2i1p1f1,2092,03,12,0.0,19.278687,3.6148393,2092
28196,r2i1p1f1,2092,03,13,0.0,20.514828,4.987282,2092
28197,r2i1p1f1,2092,03,14,0.0,21.680676,6.1626725,2092
28198,r2i1p1f1,2092,03,15,0.0,20.983139,5.8059826,2092
28199,r2i1p1f1,2092,03,16,6.486453613867455,14.217246,0.5951543,2092
28200,r2i1p1f1,2092,03,17,0.0,16.768456,1.2785375,2092
28201,r2i1p1f1,2092,03,18,0.0,18.99516,2.7425752,2092
28202,r2i1p1f1,2092,03,19,0.0,18.336145,3.889449,2092
28203,r2i1p1f1,2092,03,20,13.834408113773232,11.239962,0.2523165,2092
28204,r2i1p1f1,2092,03,21,0.0,14.009246,1.7600837,2092
28205,r2i1p1f1,2092,03,22,0.0,15.298847,0.6248786,2092
28206,r2i1p1f1,2092,03,23,0.6762832732280143,11.906289,1.6140074,2092
28207,r2i1p1f1,2092,03,24,0.0,15.18088,0.99664044,2092
28208,r2i1p1f1,2092,03,25,0.0,14.286411,2.8106287,2092
28209,r2i1p1f1,2092,03,26,1.3519860756402453,8.670332,0.7733488,2092
28210,r2i1p1f1,2092,03,27,1.154274572344058,12.290485,-1.8594157,2092
28211,r2i1p1f1,2092,03,28,2.1079986951637975,17.782162,1.8354883,2092
28212,r2i1p1f1,2092,03,29,0.0,21.531279,7.4045205,2092
28213,r2i1p1f1,2092,03,30,0.0,17.440756,3.594833,2092
28214,r2i1p1f1,2092,03,31,0.0,17.041664,1.3793899,2092
28215,r2i1p1f1,2092,04,01,0.0,19.210611,2.721544,2092
28216,r2i1p1f1,2092,04,02,0.04061129298301799,16.414093,5.8348727,2092
28217,r2i1p1f1,2092,04,03,0.7389532086982888,13.965132,2.9780993,2092
28218,r2i1p1f1,2092,04,04,0.0,13.572331,4.231089,2092
28219,r2i1p1f1,2092,04,05,6.404902193788495,9.753423,3.1108391,2092
28220,r2i1p1f1,2092,04,06,0.0,14.377622,0.38189492,2092
28221,r2i1p1f1,2092,04,07,0.0,16.315357,-0.5629481,2092
28222,r2i1p1f1,2092,04,08,0.0,16.887806,1.9185767,2092
28223,r2i1p1f1,2092,04,09,0.0,21.815413,4.191111,2092
28224,r2i1p1f1,2092,04,10,0.0,27.625761,8.048301,2092
28225,r2i1p1f1,2092,04,11,0.0,24.031027,7.684558,2092
28226,r2i1p1f1,2092,04,12,2.8319238309310233,11.588725,2.32434,2092
28227,r2i1p1f1,2092,04,13,0.0,18.697325,2.927699,2092
28228,r2i1p1f1,2092,04,14,0.0,21.230637,5.01805,2092
28229,r2i1p1f1,2092,04,15,0.0,21.85255,5.6620526,2092
28230,r2i1p1f1,2092,04,16,0.0,21.02643,4.8754478,2092
28231,r2i1p1f1,2092,04,17,0.0,20.160477,3.5065606,2092
28232,r2i1p1f1,2092,04,18,0.0,17.717264,1.7826605,2092
28233,r2i1p1f1,2092,04,19,0.6577180537813268,13.500656,3.2103407,2092
28234,r2i1p1f1,2092,04,20,3.3190578633296424,13.081433,0.9302684,2092
28235,r2i1p1f1,2092,04,21,54.45594327219833,8.671795,-0.40630302,2092
28236,r2i1p1f1,2092,04,22,19.849210183243624,7.9848776,-5.415644,2092
28237,r2i1p1f1,2092,04,23,5.106259038760841,8.266166,-3.09698,2092
28238,r2i1p1f1,2092,04,24,0.008033880406471256,12.042668,1.4660931,2092
28239,r2i1p1f1,2092,04,25,0.0,21.419159,3.7605505,2092
28240,r2i1p1f1,2092,04,26,0.0,22.780943,5.654741,2092
28241,r2i1p1f1,2092,04,27,0.0,23.340971,7.4082947,2092
28242,r2i1p1f1,2092,04,28,0.0,23.15659,7.2451406,2092
28243,r2i1p1f1,2092,04,29,0.24094740731995373,21.75888,5.7560706,2092
28244,r2i1p1f1,2092,04,30,0.047971051334081076,18.923311,3.9425623,2092
28245,r2i1p1f1,2092,05,01,0.9148059551360068,17.269457,4.904809,2092
28246,r2i1p1f1,2092,05,02,0.342165890078132,21.732065,6.827963,2092
28247,r2i1p1f1,2092,05,03,0.0,25.895174,8.658469,2092
28248,r2i1p1f1,2092,05,04,0.0,31.156044,13.569831,2092
28249,r2i1p1f1,2092,05,05,0.0,31.867144,15.230378,2092
28250,r2i1p1f1,2092,05,06,0.0,30.80772,13.738328,2092
28251,r2i1p1f1,2092,05,07,0.0,30.265469,13.491953,2092
28252,r2i1p1f1,2092,05,08,0.0,29.923452,13.344295,2092
28253,r2i1p1f1,2092,05,09,0.0,29.987118,13.067316,2092
28254,r2i1p1f1,2092,05,10,0.0,30.813282,13.3703985,2092
28255,r2i1p1f1,2092,05,11,0.0,31.21058,14.001817,2092
28256,r2i1p1f1,2092,05,12,0.0,27.967342,11.214432,2092
28257,r2i1p1f1,2092,05,13,0.0,25.378574,8.070581,2092
28258,r2i1p1f1,2092,05,14,0.0,23.266207,6.823594,2092
28259,r2i1p1f1,2092,05,15,6.954763292714443,16.774536,0.5805665,2092
28260,r2i1p1f1,2092,05,16,16.00487442382683,10.011943,-5.6228337,2092
28261,r2i1p1f1,2092,05,17,0.0,16.206528,1.1958054,2092
28262,r2i1p1f1,2092,05,18,0.0,18.859467,3.8309157,2092
28263,r2i1p1f1,2092,05,19,0.0,23.131613,5.5329847,2092
28264,r2i1p1f1,2092,05,20,0.0,27.901567,10.069142,2092
28265,r2i1p1f1,2092,05,21,0.0,33.61723,14.753878,2092
28266,r2i1p1f1,2092,05,22,0.0,35.374485,16.899933,2092
28267,r2i1p1f1,2092,05,23,0.0,36.614616,18.001131,2092
28268,r2i1p1f1,2092,05,24,0.0,35.9705,17.524935,2092
28269,r2i1p1f1,2092,05,25,0.0,34.139256,16.33195,2092
28270,r2i1p1f1,2092,05,26,0.0,32.943867,15.226741,2092
28271,r2i1p1f1,2092,05,27,0.0,31.77631,15.054639,2092
28272,r2i1p1f1,2092,05,28,0.0,31.892975,14.354448,2092
28273,r2i1p1f1,2092,05,29,0.24131204749769844,30.238174,13.820388,2092
28274,r2i1p1f1,2092,05,30,0.30808652401569464,29.19269,13.242608,2092
28275,r2i1p1f1,2092,05,31,0.051378379535330726,29.488783,12.998647,2092
28276,r2i1p1f1,2092,06,01,1.4060770739014026,28.578653,11.015784,2092
28277,r2i1p1f1,2092,06,02,0.0245145260123536,29.309278,11.745137,2092
28278,r2i1p1f1,2092,06,03,3.7941137303557926,27.251017,9.8370075,2092
28279,r2i1p1f1,2092,06,04,2.0912854631100903,25.55266,8.749871,2092
28280,r2i1p1f1,2092,06,05,0.03190103864024142,28.526484,11.995121,2092
28281,r2i1p1f1,2092,06,06,0.0,30.766685,12.686555,2092
28282,r2i1p1f1,2092,06,07,0.0,30.501728,13.383941,2092
28283,r2i1p1f1,2092,06,08,0.0,30.591156,14.461817,2092
28284,r2i1p1f1,2092,06,09,0.0,30.13358,14.475859,2092
28285,r2i1p1f1,2092,06,10,0.01345463674799528,31.630371,14.339681,2092
28286,r2i1p1f1,2092,06,11,0.0,31.027994,14.296968,2092
28287,r2i1p1f1,2092,06,12,0.0,31.057007,13.991699,2092
28288,r2i1p1f1,2092,06,13,0.0,32.3263,14.65017,2092
28289,r2i1p1f1,2092,06,14,0.0,31.881351,14.906976,2092
28290,r2i1p1f1,2092,06,15,0.0,35.57961,17.043247,2092
28291,r2i1p1f1,2092,06,16,0.0,37.485676,19.164286,2092
28292,r2i1p1f1,2092,06,17,0.0,37.899406,19.520151,2092
28293,r2i1p1f1,2092,06,18,0.0,35.347755,17.136366,2092
28294,r2i1p1f1,2092,06,19,0.0,32.459713,14.474546,2092
28295,r2i1p1f1,2092,06,20,0.0,30.97187,13.10281,2092
28296,r2i1p1f1,2092,06,21,0.0,31.986376,13.840283,2092
28297,r2i1p1f1,2092,06,22,0.0,33.089985,16.432001,2092
28298,r2i1p1f1,2092,06,23,0.0,37.72496,20.37437,2092
28299,r2i1p1f1,2092,06,24,0.0,37.20069,18.500116,2092
28300,r2i1p1f1,2092,06,25,0.0,33.95834,15.55019,2092
28301,r2i1p1f1,2092,06,26,0.0,32.888535,13.862065,2092
28302,r2i1p1f1,2092,06,27,0.0,32.758816,13.227536,2092
28303,r2i1p1f1,2092,06,28,0.0,31.185133,13.177628,2092
28304,r2i1p1f1,2092,06,29,0.0,29.076212,14.060537,2092
28305,r2i1p1f1,2092,06,30,0.0,32.909813,14.984087,2092
28306,r2i1p1f1,2092,07,01,0.0,34.315487,16.026411,2092
28307,r2i1p1f1,2092,07,02,0.0,34.329395,16.411747,2092
28308,r2i1p1f1,2092,07,03,0.0,34.33797,15.851609,2092
28309,r2i1p1f1,2092,07,04,0.0,35.181408,17.860933,2092
28310,r2i1p1f1,2092,07,05,0.0,34.743908,19.12047,2092
28311,r2i1p1f1,2092,07,06,0.0,34.178333,17.431845,2092
28312,r2i1p1f1,2092,07,07,0.0,34.70963,17.879879,2092
28313,r2i1p1f1,2092,07,08,0.0,34.732815,17.453718,2092
28314,r2i1p1f1,2092,07,09,0.0,34.883556,17.953688,2092
28315,r2i1p1f1,2092,07,10,0.0,34.368782,16.820265,2092
28316,r2i1p1f1,2092,07,11,0.0,34.204952,16.020006,2092
28317,r2i1p1f1,2092,07,12,0.0,33.158344,15.421546,2092
28318,r2i1p1f1,2092,07,13,0.0,33.10863,15.825871,2092
28319,r2i1p1f1,2092,07,14,0.0,34.718323,17.154894,2092
28320,r2i1p1f1,2092,07,15,0.0,36.098763,17.943575,2092
28321,r2i1p1f1,2092,07,16,0.0,35.53935,16.685385,2092
28322,r2i1p1f1,2092,07,17,0.0,34.02342,16.888622,2092
28323,r2i1p1f1,2092,07,18,0.0,33.843925,16.602314,2092
28324,r2i1p1f1,2092,07,19,0.0,33.858883,17.369928,2092
28325,r2i1p1f1,2092,07,20,0.0,34.234154,17.717798,2092
28326,r2i1p1f1,2092,07,21,0.0,33.576664,17.343573,2092
28327,r2i1p1f1,2092,07,22,0.0,34.011536,17.860573,2092
28328,r2i1p1f1,2092,07,23,0.0,34.5601,18.678381,2092
28329,r2i1p1f1,2092,07,24,0.0,35.76732,19.734589,2092
28330,r2i1p1f1,2092,07,25,0.0,35.842937,18.543278,2092
28331,r2i1p1f1,2092,07,26,0.0,35.481472,18.667912,2092
28332,r2i1p1f1,2092,07,27,0.3390215389887229,35.669968,18.493782,2092
28333,r2i1p1f1,2092,07,28,0.0,34.433514,18.197594,2092
28334,r2i1p1f1,2092,07,29,0.0,33.977375,17.792482,2092
28335,r2i1p1f1,2092,07,30,0.0,34.452835,17.841105,2092
28336,r2i1p1f1,2092,07,31,0.0,35.06225,19.082388,2092
28337,r2i1p1f1,2092,08,01,0.0,34.85574,18.326925,2092
28338,r2i1p1f1,2092,08,02,0.0,34.51673,18.508059,2092
28339,r2i1p1f1,2092,08,03,0.0,34.198605,17.78689,2092
28340,r2i1p1f1,2092,08,04,0.0,33.820213,16.910795,2092
28341,r2i1p1f1,2092,08,05,0.0,33.104244,15.480928,2092
28342,r2i1p1f1,2092,08,06,0.0,34.614826,17.151093,2092
28343,r2i1p1f1,2092,08,07,0.0,35.472652,17.409725,2092
28344,r2i1p1f1,2092,08,08,0.0,35.07691,18.77545,2092
28345,r2i1p1f1,2092,08,09,0.0,34.400246,18.584454,2092
28346,r2i1p1f1,2092,08,10,0.0,34.56319,16.475197,2092
28347,r2i1p1f1,2092,08,11,0.0,33.013645,15.454482,2092
28348,r2i1p1f1,2092,08,12,0.0,29.925018,13.427419,2092
28349,r2i1p1f1,2092,08,13,0.0,29.504286,13.026094,2092
28350,r2i1p1f1,2092,08,14,0.0,31.399502,14.50646,2092
28351,r2i1p1f1,2092,08,15,0.0,31.701166,15.144275,2092
28352,r2i1p1f1,2092,08,16,0.0,32.383972,15.617951,2092
28353,r2i1p1f1,2092,08,17,0.0,33.481674,16.891958,2092
28354,r2i1p1f1,2092,08,18,0.0,33.554317,16.688478,2092
28355,r2i1p1f1,2092,08,19,0.0,32.070976,15.673982,2092
28356,r2i1p1f1,2092,08,20,0.0,32.400925,15.843743,2092
28357,r2i1p1f1,2092,08,21,0.0,33.21628,16.919455,2092
28358,r2i1p1f1,2092,08,22,0.0,34.84932,17.573668,2092
28359,r2i1p1f1,2092,08,23,0.0,34.66117,17.50767,2092
28360,r2i1p1f1,2092,08,24,0.0,34.039455,17.531895,2092
28361,r2i1p1f1,2092,08,25,0.0,33.693996,18.74687,2092
28362,r2i1p1f1,2092,08,26,0.0,34.176025,19.450943,2092
28363,r2i1p1f1,2092,08,27,1.4037063611725058,34.505157,20.058607,2092
28364,r2i1p1f1,2092,08,28,0.0,34.283817,19.484396,2092
28365,r2i1p1f1,2092,08,29,0.0,34.439915,18.866364,2092
28366,r2i1p1f1,2092,08,30,0.0,32.734467,17.128176,2092
28367,r2i1p1f1,2092,08,31,0.0,31.529371,15.947529,2092
28368,r2i1p1f1,2092,09,01,0.0,31.203882,17.417574,2092
28369,r2i1p1f1,2092,09,02,0.0,30.887217,16.93685,2092
28370,r2i1p1f1,2092,09,03,0.0,30.033329,15.797728,2092
28371,r2i1p1f1,2092,09,04,0.0,31.487066,16.534706,2092
28372,r2i1p1f1,2092,09,05,0.0,32.28289,17.112795,2092
28373,r2i1p1f1,2092,09,06,0.0,33.905476,18.269728,2092
28374,r2i1p1f1,2092,09,07,0.0,34.04514,18.315796,2092
28375,r2i1p1f1,2092,09,08,0.0,34.511,18.943546,2092
28376,r2i1p1f1,2092,09,09,0.0,35.506977,20.00453,2092
28377,r2i1p1f1,2092,09,10,0.0,34.449047,18.658373,2092
28378,r2i1p1f1,2092,09,11,0.0,31.529448,16.018768,2092
28379,r2i1p1f1,2092,09,12,0.06972755404254152,33.090145,17.733255,2092
28380,r2i1p1f1,2092,09,13,0.6053543002246022,34.69266,18.748892,2092
28381,r2i1p1f1,2092,09,14,0.0,35.103313,19.26538,2092
28382,r2i1p1f1,2092,09,15,0.0,35.408966,19.969023,2092
28383,r2i1p1f1,2092,09,16,0.0,34.675037,19.45395,2092
28384,r2i1p1f1,2092,09,17,0.0,33.220173,17.486876,2092
28385,r2i1p1f1,2092,09,18,0.0,32.61345,15.905621,2092
28386,r2i1p1f1,2092,09,19,0.0,32.277267,16.86221,2092
28387,r2i1p1f1,2092,09,20,0.0,34.37445,17.991074,2092
28388,r2i1p1f1,2092,09,21,0.0,36.252884,20.487364,2092
28389,r2i1p1f1,2092,09,22,0.0,35.96538,20.537617,2092
28390,r2i1p1f1,2092,09,23,0.0,35.080143,19.640913,2092
28391,r2i1p1f1,2092,09,24,0.0,32.468132,16.99435,2092
28392,r2i1p1f1,2092,09,25,0.0,29.576529,14.947405,2092
28393,r2i1p1f1,2092,09,26,0.0,31.232967,16.18164,2092
28394,r2i1p1f1,2092,09,27,0.0,33.160603,16.833334,2092
28395,r2i1p1f1,2092,09,28,0.0,35.342903,18.31646,2092
28396,r2i1p1f1,2092,09,29,10.421217307968899,35.949142,19.288221,2092
28397,r2i1p1f1,2092,09,30,0.0025450931808826192,27.26734,12.70801,2092
28398,r2i1p1f1,2092,10,01,0.016748306716880716,32.100674,17.415798,2092
28399,r2i1p1f1,2092,10,02,0.06641423286474982,33.722675,18.828112,2092
28400,r2i1p1f1,2092,10,03,1.1767146792618195,34.136883,19.123032,2092
28401,r2i1p1f1,2092,10,04,7.265338060583067,31.800665,16.803936,2092
28402,r2i1p1f1,2092,10,05,20.7248090705714,28.194054,13.64959,2092
28403,r2i1p1f1,2092,10,06,1.378991594754972,24.76095,11.19634,2092
28404,r2i1p1f1,2092,10,07,0.0,22.624508,9.935964,2092
28405,r2i1p1f1,2092,10,08,1.0957746898034553,25.260563,10.979429,2092
28406,r2i1p1f1,2092,10,09,0.0,26.039833,11.967195,2092
28407,r2i1p1f1,2092,10,10,0.0,26.944405,12.325664,2092
28408,r2i1p1f1,2092,10,11,0.0,27.08165,12.309717,2092
28409,r2i1p1f1,2092,10,12,0.0,26.711084,11.553238,2092
28410,r2i1p1f1,2092,10,13,0.0,25.928993,10.362606,2092
28411,r2i1p1f1,2092,10,14,35.72234250890548,23.509863,9.718552,2092
28412,r2i1p1f1,2092,10,15,56.66240291913989,21.619658,11.538327,2092
28413,r2i1p1f1,2092,10,16,8.187564265727605,24.663599,10.319665,2092
28414,r2i1p1f1,2092,10,17,0.1344176820951431,27.604126,12.377998,2092
28415,r2i1p1f1,2092,10,18,0.0,25.192348,12.373808,2092
28416,r2i1p1f1,2092,10,19,3.3254740572654273,23.34812,10.96343,2092
28417,r2i1p1f1,2092,10,20,0.5420078069759117,22.721096,10.84091,2092
28418,r2i1p1f1,2092,10,21,4.288393747125296,22.964201,9.245821,2092
28419,r2i1p1f1,2092,10,22,0.023310963989877982,27.202154,11.1549225,2092
28420,r2i1p1f1,2092,10,23,0.0,26.596615,11.759773,2092
28421,r2i1p1f1,2092,10,24,0.0,25.857672,11.655972,2092
28422,r2i1p1f1,2092,10,25,0.0,24.492863,11.466318,2092
28423,r2i1p1f1,2092,10,26,0.0,26.67938,12.757921,2092
28424,r2i1p1f1,2092,10,27,0.0,24.996416,11.623054,2092
28425,r2i1p1f1,2092,10,28,0.0,24.374615,9.60274,2092
28426,r2i1p1f1,2092,10,29,0.0,23.414604,9.890345,2092
28427,r2i1p1f1,2092,10,30,0.0,25.839254,11.269499,2092
28428,r2i1p1f1,2092,10,31,0.0,22.674076,10.621017,2092
28429,r2i1p1f1,2092,11,01,0.0,18.38581,4.7388926,2092
28430,r2i1p1f1,2092,11,02,0.0,17.495298,2.7609527,2092
28431,r2i1p1f1,2092,11,03,0.0,21.278433,5.5160317,2092
28432,r2i1p1f1,2092,11,04,18.929763296014592,21.04152,3.698728,2092
28433,r2i1p1f1,2092,11,05,8.390564386774294,7.5087967,-0.09453465,2092
28434,r2i1p1f1,2092,11,06,10.412872684873246,6.5641017,0.92645085,2092
28435,r2i1p1f1,2092,11,07,2.1238899054039324,8.569932,-2.3248932,2092
28436,r2i1p1f1,2092,11,08,0.6979140700563081,7.8685036,-0.38645995,2092
28437,r2i1p1f1,2092,11,09,0.0,14.152385,-0.08176041,2092
28438,r2i1p1f1,2092,11,10,0.0,13.873482,1.1119653,2092
28439,r2i1p1f1,2092,11,11,0.0,16.731655,1.5330002,2092
28440,r2i1p1f1,2092,11,12,0.0,16.726408,1.4945022,2092
28441,r2i1p1f1,2092,11,13,0.0,15.9550495,-0.08376381,2092
28442,r2i1p1f1,2092,11,14,0.0,15.537748,-0.24548145,2092
28443,r2i1p1f1,2092,11,15,0.0,13.902722,1.5365274,2092
28444,r2i1p1f1,2092,11,16,0.0,19.98982,3.3426337,2092
28445,r2i1p1f1,2092,11,17,0.0,22.358862,4.860578,2092
28446,r2i1p1f1,2092,11,18,0.0,22.668568,4.803021,2092
28447,r2i1p1f1,2092,11,19,0.0,17.803812,4.8424597,2092
28448,r2i1p1f1,2092,11,20,0.0,12.486996,3.806496,2092
28449,r2i1p1f1,2092,11,21,2.6525140737738604,12.434167,5.6611166,2092
28450,r2i1p1f1,2092,11,22,0.0,14.485777,-0.17287044,2092
28451,r2i1p1f1,2092,11,23,0.0,14.071619,1.1470361,2092
28452,r2i1p1f1,2092,11,24,0.0,12.129714,3.231576,2092
28453,r2i1p1f1,2092,11,25,0.7006750768316403,10.812187,2.5241153,2092
28454,r2i1p1f1,2092,11,26,18.455781407493095,11.599236,4.748462,2092
28455,r2i1p1f1,2092,11,27,0.0,8.812761,-2.1053393,2092
28456,r2i1p1f1,2092,11,28,4.02429665157867,8.921188,-0.4943837,2092
28457,r2i1p1f1,2092,11,29,6.785230346232451,12.236723,2.0205345,2092
28458,r2i1p1f1,2092,11,30,36.05688678329058,12.147849,7.270652,2092
28459,r2i1p1f1,2092,12,01,13.747853803103611,9.584002,4.967422,2092
28460,r2i1p1f1,2092,12,02,46.7437904399748,7.90202,3.2218976,2092
28461,r2i1p1f1,2092,12,03,6.786692966502764,5.9377437,-0.7269351,2092
28462,r2i1p1f1,2092,12,04,0.0,11.969131,0.1808187,2092
28463,r2i1p1f1,2092,12,05,0.0,16.346565,3.2079873,2092
28464,r2i1p1f1,2092,12,06,0.0,14.86084,5.7465644,2092
28465,r2i1p1f1,2092,12,07,0.0,17.271585,4.1239095,2092
28466,r2i1p1f1,2092,12,08,0.029189995425090622,14.660828,3.418501,2092
28467,r2i1p1f1,2092,12,09,45.58756632031873,5.903639,2.6634176,2092
28468,r2i1p1f1,2092,12,10,13.908216744312085,7.6297936,2.6943169,2092
28469,r2i1p1f1,2092,12,11,0.0,14.848555,2.6994011,2092
28470,r2i1p1f1,2092,12,12,0.0,18.070244,4.987018,2092
28471,r2i1p1f1,2092,12,13,0.0,21.00828,7.8401685,2092
28472,r2i1p1f1,2092,12,14,0.0,18.994839,6.3408575,2092
28473,r2i1p1f1,2092,12,15,0.0,17.817001,5.693178,2092
28474,r2i1p1f1,2092,12,16,0.0,18.403633,5.847422,2092
28475,r2i1p1f1,2092,12,17,0.0,20.186893,4.5389733,2092
28476,r2i1p1f1,2092,12,18,0.0,20.455824,6.1286306,2092
28477,r2i1p1f1,2092,12,19,1.0412702854619755,12.975725,1.3121146,2092
28478,r2i1p1f1,2092,12,20,0.0,4.576332,-5.39887,2092
28479,r2i1p1f1,2092,12,21,0.0,8.024897,-7.104982,2092
28480,r2i1p1f1,2092,12,22,0.0,7.45954,-5.3863144,2092
28481,r2i1p1f1,2092,12,23,0.0,6.230293,-4.229024,2092
28482,r2i1p1f1,2092,12,24,0.0,11.241558,-3.0900457,2092
28483,r2i1p1f1,2092,12,25,7.6543287170772185,5.2697287,-0.6599451,2092
28484,r2i1p1f1,2092,12,26,1.2902123560567047,7.4095054,2.19809,2092
28485,r2i1p1f1,2092,12,27,16.915671820410914,9.928078,-1.5284473,2092
28486,r2i1p1f1,2092,12,28,0.0,4.618601,-0.87489074,2092
28487,r2i1p1f1,2092,12,29,19.94806450361816,2.3522694,-1.5794038,2092
28488,r2i1p1f1,2092,12,30,0.0,6.458676,0.07033588,2092
28489,r2i1p1f1,2092,12,31,0.0,13.630689,1.4131353,2092
28490,r2i1p1f1,2093,01,01,0.020238264824001817,12.559172,2.3143055,2093
28491,r2i1p1f1,2093,01,02,0.0,9.807105,-1.4845042,2093
28492,r2i1p1f1,2093,01,03,0.0,15.083715,1.1882453,2093
28493,r2i1p1f1,2093,01,04,0.0,14.605144,1.6309233,2093
28494,r2i1p1f1,2093,01,05,0.0,14.096592,3.6828175,2093
28495,r2i1p1f1,2093,01,06,0.0,14.876543,3.6554706,2093
28496,r2i1p1f1,2093,01,07,0.0,19.699253,5.2055326,2093
28497,r2i1p1f1,2093,01,08,0.0,18.869932,5.5990686,2093
28498,r2i1p1f1,2093,01,09,0.0,20.245901,5.48922,2093
28499,r2i1p1f1,2093,01,10,0.0,18.081383,4.825953,2093
28500,r2i1p1f1,2093,01,11,0.18950285723349225,7.973514,-2.3440442,2093
28501,r2i1p1f1,2093,01,12,17.40409914659372,5.872611,-6.91223,2093
28502,r2i1p1f1,2093,01,13,52.71123205759348,3.4829328,-0.49650162,2093
28503,r2i1p1f1,2093,01,14,56.090139282885225,3.9496179,-4.2487197,2093
28504,r2i1p1f1,2093,01,15,0.9735375649352835,4.357154,-5.47063,2093
28505,r2i1p1f1,2093,01,16,64.06706293861274,4.10426,-1.4421417,2093
28506,r2i1p1f1,2093,01,17,25.74744971671652,5.346406,-0.3149325,2093
28507,r2i1p1f1,2093,01,18,66.12924034169947,8.545997,1.4313397,2093
28508,r2i1p1f1,2093,01,19,110.71130621533554,12.073931,5.7244225,2093
28509,r2i1p1f1,2093,01,20,59.32031772009885,14.393694,7.6970468,2093
28510,r2i1p1f1,2093,01,21,12.498495919429002,16.275927,1.4593009,2093
28511,r2i1p1f1,2093,01,22,0.0,7.5204372,-3.3410509,2093
28512,r2i1p1f1,2093,01,23,0.0,14.3104515,1.0956205,2093
28513,r2i1p1f1,2093,01,24,0.0,19.08959,4.0152855,2093
28514,r2i1p1f1,2093,01,25,0.0,19.670982,5.453724,2093
28515,r2i1p1f1,2093,01,26,0.0,20.129633,5.957992,2093
28516,r2i1p1f1,2093,01,27,0.0,21.38368,7.2138553,2093
28517,r2i1p1f1,2093,01,28,0.0,20.643902,6.542084,2093
28518,r2i1p1f1,2093,01,29,0.0,21.652607,6.5414762,2093
28519,r2i1p1f1,2093,01,30,0.0,23.052408,7.018866,2093
28520,r2i1p1f1,2093,01,31,0.0,22.414745,7.103273,2093
28521,r2i1p1f1,2093,02,01,0.0,23.318388,9.121549,2093
28522,r2i1p1f1,2093,02,02,0.0,22.81862,8.787598,2093
28523,r2i1p1f1,2093,02,03,0.0,23.292664,8.618759,2093
28524,r2i1p1f1,2093,02,04,0.0,24.051174,8.621341,2093
28525,r2i1p1f1,2093,02,05,0.0,25.050463,8.541635,2093
28526,r2i1p1f1,2093,02,06,0.0,24.662132,9.13148,2093
28527,r2i1p1f1,2093,02,07,0.0,25.404114,10.993491,2093
28528,r2i1p1f1,2093,02,08,0.0,25.689325,8.758952,2093
28529,r2i1p1f1,2093,02,09,0.0,24.420263,8.325546,2093
28530,r2i1p1f1,2093,02,10,0.0,21.557596,7.207218,2093
28531,r2i1p1f1,2093,02,11,0.0,20.430126,5.9173985,2093
28532,r2i1p1f1,2093,02,12,0.0,20.539873,5.4672422,2093
28533,r2i1p1f1,2093,02,13,0.0,11.008897,2.1237335,2093
28534,r2i1p1f1,2093,02,14,36.36919764192918,9.799784,2.5712242,2093
28535,r2i1p1f1,2093,02,15,0.0,13.434485,3.2762976,2093
28536,r2i1p1f1,2093,02,16,0.0,15.31504,4.564363,2093
28537,r2i1p1f1,2093,02,17,0.0,16.868473,4.3593106,2093
28538,r2i1p1f1,2093,02,18,0.0,19.598969,3.7912285,2093
28539,r2i1p1f1,2093,02,19,0.0,19.590376,4.876415,2093
28540,r2i1p1f1,2093,02,20,0.0,17.673483,6.449136,2093
28541,r2i1p1f1,2093,02,21,0.0,18.039629,4.4138784,2093
28542,r2i1p1f1,2093,02,22,0.0,20.102856,6.129204,2093
28543,r2i1p1f1,2093,02,23,0.0,20.176582,6.359609,2093
28544,r2i1p1f1,2093,02,24,0.0,17.645683,4.1665006,2093
28545,r2i1p1f1,2093,02,25,0.0,15.923903,3.1739545,2093
28546,r2i1p1f1,2093,02,26,0.0,16.12685,3.158481,2093
28547,r2i1p1f1,2093,02,27,0.0,15.537012,2.4137616,2093
28548,r2i1p1f1,2093,02,28,0.0,15.732746,2.7868152,2093
28549,r2i1p1f1,2093,03,01,0.0,16.256094,2.349349,2093
28550,r2i1p1f1,2093,03,02,0.0,20.295996,4.4891195,2093
28551,r2i1p1f1,2093,03,03,0.0,18.163343,5.7303867,2093
28552,r2i1p1f1,2093,03,04,0.0,17.233765,4.019492,2093
28553,r2i1p1f1,2093,03,05,0.0,17.95292,4.1714,2093
28554,r2i1p1f1,2093,03,06,0.0,19.092318,5.684327,2093
28555,r2i1p1f1,2093,03,07,0.0,20.08392,4.4416385,2093
28556,r2i1p1f1,2093,03,08,0.0,17.483667,3.5819678,2093
28557,r2i1p1f1,2093,03,09,0.05954781764348109,9.733588,4.2626863,2093
28558,r2i1p1f1,2093,03,10,1.5307735086935281,6.873306,1.1356524,2093
28559,r2i1p1f1,2093,03,11,6.023761640412536,7.5206017,-2.1329064,2093
28560,r2i1p1f1,2093,03,12,19.258192144046077,9.5120945,-3.858625,2093
28561,r2i1p1f1,2093,03,13,0.0,19.068798,1.9010217,2093
28562,r2i1p1f1,2093,03,14,0.0,21.236053,4.273203,2093
28563,r2i1p1f1,2093,03,15,0.0,18.93548,4.302264,2093
28564,r2i1p1f1,2093,03,16,0.0,18.633936,4.0462966,2093
28565,r2i1p1f1,2093,03,17,0.0,17.118341,2.2647939,2093
28566,r2i1p1f1,2093,03,18,8.660173138126153,11.412986,-2.881312,2093
28567,r2i1p1f1,2093,03,19,57.96037098446574,9.710101,-0.038793515,2093
28568,r2i1p1f1,2093,03,20,32.11147797947678,8.871997,-4.9529533,2093
28569,r2i1p1f1,2093,03,21,0.0,10.774106,-3.0497108,2093
28570,r2i1p1f1,2093,03,22,13.113416719044416,7.2093997,-5.538025,2093
28571,r2i1p1f1,2093,03,23,69.51194514538376,9.021704,0.33158854,2093
28572,r2i1p1f1,2093,03,24,14.048076533352006,9.9738245,-1.9843382,2093
28573,r2i1p1f1,2093,03,25,8.953752439923006,9.415503,4.8591714,2093
28574,r2i1p1f1,2093,03,26,9.707347654945737,9.397584,4.1913114,2093
28575,r2i1p1f1,2093,03,27,5.367295766887555,12.287092,-3.2603374,2093
28576,r2i1p1f1,2093,03,28,13.13092265627347,10.226453,-2.9557514,2093
28577,r2i1p1f1,2093,03,29,9.51444840340208,9.010055,3.1605873,2093
28578,r2i1p1f1,2093,03,30,6.509602047075392,9.930815,-1.3161597,2093
28579,r2i1p1f1,2093,03,31,35.58900519856252,10.982239,-3.923954,2093
28580,r2i1p1f1,2093,04,01,0.0,8.120573,1.015503,2093
28581,r2i1p1f1,2093,04,02,0.0,14.61093,-2.579534,2093
28582,r2i1p1f1,2093,04,03,0.0,17.231655,-0.87983567,2093
28583,r2i1p1f1,2093,04,04,0.0,18.096842,2.2667818,2093
28584,r2i1p1f1,2093,04,05,0.0,19.916344,3.9976752,2093
28585,r2i1p1f1,2093,04,06,0.0,21.413578,4.4058065,2093
28586,r2i1p1f1,2093,04,07,0.0,23.627802,6.217552,2093
28587,r2i1p1f1,2093,04,08,0.0,26.395407,9.346059,2093
28588,r2i1p1f1,2093,04,09,0.0,28.760191,11.423922,2093
28589,r2i1p1f1,2093,04,10,0.0,28.324776,11.952016,2093
28590,r2i1p1f1,2093,04,11,0.0,26.598417,10.975618,2093
28591,r2i1p1f1,2093,04,12,0.0,26.556215,9.324277,2093
28592,r2i1p1f1,2093,04,13,0.0,27.720787,10.4324465,2093
28593,r2i1p1f1,2093,04,14,0.5481619532264841,24.765745,7.3023777,2093
28594,r2i1p1f1,2093,04,15,0.3792892329399295,16.533993,-0.6604059,2093
28595,r2i1p1f1,2093,04,16,0.0,20.01821,2.2191494,2093
28596,r2i1p1f1,2093,04,17,0.0,21.891653,4.312342,2093
28597,r2i1p1f1,2093,04,18,0.0,25.400503,7.870646,2093
28598,r2i1p1f1,2093,04,19,0.0,26.433754,9.199693,2093
28599,r2i1p1f1,2093,04,20,0.0,28.566498,10.319099,2093
28600,r2i1p1f1,2093,04,21,0.0,28.756397,10.464556,2093
28601,r2i1p1f1,2093,04,22,0.010179388328441955,29.097055,11.2549515,2093
28602,r2i1p1f1,2093,04,23,0.0,29.652828,12.424674,2093
28603,r2i1p1f1,2093,04,24,0.0,27.801327,10.82545,2093
28604,r2i1p1f1,2093,04,25,0.0,25.525732,7.356237,2093
28605,r2i1p1f1,2093,04,26,0.0,27.43809,9.445531,2093
28606,r2i1p1f1,2093,04,27,0.0,29.598934,11.413567,2093
28607,r2i1p1f1,2093,04,28,0.0,30.326109,12.922887,2093
28608,r2i1p1f1,2093,04,29,0.0,27.276937,10.464623,2093
28609,r2i1p1f1,2093,04,30,0.017864463062813647,24.487041,8.299152,2093
28610,r2i1p1f1,2093,05,01,0.0,26.844034,8.783521,2093
28611,r2i1p1f1,2093,05,02,0.0,28.83608,11.353042,2093
28612,r2i1p1f1,2093,05,03,0.0,31.654238,13.564063,2093
28613,r2i1p1f1,2093,05,04,0.0,31.519545,12.78835,2093
28614,r2i1p1f1,2093,05,05,0.0,30.519258,13.589165,2093
28615,r2i1p1f1,2093,05,06,0.0,32.44595,15.090664,2093
28616,r2i1p1f1,2093,05,07,0.0,33.254475,15.694206,2093
28617,r2i1p1f1,2093,05,08,0.0,34.14694,16.8207,2093
28618,r2i1p1f1,2093,05,09,1.2672426364588318,32.89074,14.634689,2093
28619,r2i1p1f1,2093,05,10,0.1709068807450911,30.064077,12.746953,2093
28620,r2i1p1f1,2093,05,11,0.0,29.59847,11.920898,2093
28621,r2i1p1f1,2093,05,12,5.0584198990131535,25.959625,8.093487,2093
28622,r2i1p1f1,2093,05,13,1.0364422768711496,18.658531,9.414283,2093
28623,r2i1p1f1,2093,05,14,2.3644632289898047,15.199231,-0.15571125,2093
28624,r2i1p1f1,2093,05,15,2.1517053572377054,15.318516,4.2451797,2093
28625,r2i1p1f1,2093,05,16,0.0,22.6761,5.2173104,2093
28626,r2i1p1f1,2093,05,17,0.0,30.494585,11.815517,2093
28627,r2i1p1f1,2093,05,18,0.8360828630219868,29.966835,15.195281,2093
28628,r2i1p1f1,2093,05,19,0.0009425311121119123,30.535538,13.535647,2093
28629,r2i1p1f1,2093,05,20,0.0,30.601309,13.642849,2093
28630,r2i1p1f1,2093,05,21,0.0,28.64445,10.758033,2093
28631,r2i1p1f1,2093,05,22,0.0,28.72702,10.260444,2093
28632,r2i1p1f1,2093,05,23,0.0,29.137915,10.757138,2093
28633,r2i1p1f1,2093,05,24,1.3385618352073765,23.595453,6.955986,2093
28634,r2i1p1f1,2093,05,25,0.4591409355970637,26.984528,11.803135,2093
28635,r2i1p1f1,2093,05,26,0.0,26.750195,10.0110655,2093
28636,r2i1p1f1,2093,05,27,0.0,27.467525,9.559026,2093
28637,r2i1p1f1,2093,05,28,0.0,28.340494,12.036978,2093
28638,r2i1p1f1,2093,05,29,0.9757218151697509,26.61334,9.724019,2093
28639,r2i1p1f1,2093,05,30,0.0,29.105951,12.010901,2093
28640,r2i1p1f1,2093,05,31,0.0,30.329458,13.62202,2093
28641,r2i1p1f1,2093,06,01,0.0,32.075466,14.979721,2093
28642,r2i1p1f1,2093,06,02,0.0,32.678047,15.142741,2093
28643,r2i1p1f1,2093,06,03,0.0,31.701015,14.37885,2093
28644,r2i1p1f1,2093,06,04,0.0,31.697973,13.962219,2093
28645,r2i1p1f1,2093,06,05,0.0,32.426228,14.95325,2093
28646,r2i1p1f1,2093,06,06,0.513130366688039,31.091427,12.786876,2093
28647,r2i1p1f1,2093,06,07,0.0,24.328535,8.144345,2093
28648,r2i1p1f1,2093,06,08,0.5077034062616383,20.292086,4.978479,2093
28649,r2i1p1f1,2093,06,09,0.0,23.6352,7.93693,2093
28650,r2i1p1f1,2093,06,10,0.0,28.96371,11.073186,2093
28651,r2i1p1f1,2093,06,11,0.0,32.338486,13.965942,2093
28652,r2i1p1f1,2093,06,12,0.16631698299534037,32.71124,15.8388405,2093
28653,r2i1p1f1,2093,06,13,0.0,31.895063,14.881814,2093
28654,r2i1p1f1,2093,06,14,0.2591410898730828,31.029716,14.709341,2093
28655,r2i1p1f1,2093,06,15,0.02519547454609822,25.380358,8.27114,2093
28656,r2i1p1f1,2093,06,16,0.0,27.658564,11.221577,2093
28657,r2i1p1f1,2093,06,17,0.0,28.160913,10.737036,2093
28658,r2i1p1f1,2093,06,18,0.00420454724427635,27.247074,10.498684,2093
28659,r2i1p1f1,2093,06,19,0.0,27.607994,10.796602,2093
28660,r2i1p1f1,2093,06,20,0.001685289428748477,28.426676,11.519584,2093
28661,r2i1p1f1,2093,06,21,0.0,28.34211,11.668743,2093
28662,r2i1p1f1,2093,06,22,0.0,28.07162,11.269388,2093
28663,r2i1p1f1,2093,06,23,0.009778186190837564,27.556591,11.649024,2093
28664,r2i1p1f1,2093,06,24,0.7286249722640675,28.082594,12.552719,2093
28665,r2i1p1f1,2093,06,25,0.0,32.303944,14.8912325,2093
28666,r2i1p1f1,2093,06,26,0.010804238941047446,34.14266,15.802688,2093
28667,r2i1p1f1,2093,06,27,1.004002400357142,33.837852,15.407527,2093
28668,r2i1p1f1,2093,06,28,0.0825725293767531,35.133797,16.994226,2093
28669,r2i1p1f1,2093,06,29,0.0,34.126377,17.176466,2093
28670,r2i1p1f1,2093,06,30,0.0,34.131165,17.26872,2093
28671,r2i1p1f1,2093,07,01,0.0,35.11158,18.16283,2093
28672,r2i1p1f1,2093,07,02,0.0,33.781982,17.843008,2093
28673,r2i1p1f1,2093,07,03,0.0,33.51449,17.841793,2093
28674,r2i1p1f1,2093,07,04,0.0,33.423454,17.489061,2093
28675,r2i1p1f1,2093,07,05,0.0,33.381145,17.110949,2093
28676,r2i1p1f1,2093,07,06,0.0,32.925205,16.678041,2093
28677,r2i1p1f1,2093,07,07,0.0,34.29789,18.360943,2093
28678,r2i1p1f1,2093,07,08,5.169658052657794,33.54111,17.923677,2093
28679,r2i1p1f1,2093,07,09,0.1980138850810293,31.446978,15.394525,2093
28680,r2i1p1f1,2093,07,10,3.352026028369437,26.628506,14.277686,2093
28681,r2i1p1f1,2093,07,11,0.017850594639849778,28.252438,13.423286,2093
28682,r2i1p1f1,2093,07,12,0.0,30.414942,14.442821,2093
28683,r2i1p1f1,2093,07,13,0.0,32.572468,17.268873,2093
28684,r2i1p1f1,2093,07,14,0.0,34.79011,16.770445,2093
28685,r2i1p1f1,2093,07,15,0.0,36.106224,17.66294,2093
28686,r2i1p1f1,2093,07,16,0.0,36.49866,18.220812,2093
28687,r2i1p1f1,2093,07,17,0.0,36.196823,17.795471,2093
28688,r2i1p1f1,2093,07,18,0.0,32.770786,19.078304,2093
28689,r2i1p1f1,2093,07,19,0.0,33.051296,16.701801,2093
28690,r2i1p1f1,2093,07,20,0.016279578407053262,33.23645,16.369528,2093
28691,r2i1p1f1,2093,07,21,0.08372338407543094,34.036163,17.855318,2093
28692,r2i1p1f1,2093,07,22,0.0,35.192966,18.945908,2093
28693,r2i1p1f1,2093,07,23,0.0,35.321102,17.411356,2093
28694,r2i1p1f1,2093,07,24,0.0,35.901005,17.722569,2093
28695,r2i1p1f1,2093,07,25,0.0,37.40551,19.209843,2093
28696,r2i1p1f1,2093,07,26,0.0,36.303135,20.258429,2093
28697,r2i1p1f1,2093,07,27,0.009131030730294207,35.821533,19.616346,2093
28698,r2i1p1f1,2093,07,28,0.0,36.157097,19.983217,2093
28699,r2i1p1f1,2093,07,29,0.0,38.419174,21.818428,2093
28700,r2i1p1f1,2093,07,30,1.723991916626871,38.44248,22.122318,2093
28701,r2i1p1f1,2093,07,31,0.0,38.454685,22.263525,2093
28702,r2i1p1f1,2093,08,01,0.0,38.825382,21.321949,2093
28703,r2i1p1f1,2093,08,02,0.0,36.78406,21.029243,2093
28704,r2i1p1f1,2093,08,03,0.0,37.316887,20.305996,2093
28705,r2i1p1f1,2093,08,04,0.0,38.027996,20.779825,2093
28706,r2i1p1f1,2093,08,05,0.0,39.089294,21.682264,2093
28707,r2i1p1f1,2093,08,06,0.0,38.530373,21.1023,2093
28708,r2i1p1f1,2093,08,07,0.0,36.516308,19.076998,2093
28709,r2i1p1f1,2093,08,08,0.0,35.830173,18.436563,2093
28710,r2i1p1f1,2093,08,09,0.0,35.80956,19.250656,2093
28711,r2i1p1f1,2093,08,10,0.0,36.525734,19.199924,2093
28712,r2i1p1f1,2093,08,11,0.0,36.728683,19.360693,2093
28713,r2i1p1f1,2093,08,12,0.0,35.330967,18.433207,2093
28714,r2i1p1f1,2093,08,13,0.0,33.97804,16.794142,2093
28715,r2i1p1f1,2093,08,14,0.0,33.186462,15.690925,2093
28716,r2i1p1f1,2093,08,15,0.0,32.62214,15.54719,2093
28717,r2i1p1f1,2093,08,16,0.0,32.665833,15.983726,2093
28718,r2i1p1f1,2093,08,17,0.007888555382333625,32.413506,14.4050045,2093
28719,r2i1p1f1,2093,08,18,0.0,30.521933,13.285654,2093
28720,r2i1p1f1,2093,08,19,0.0,30.446102,13.199099,2093
28721,r2i1p1f1,2093,08,20,0.0,32.193653,14.180966,2093
28722,r2i1p1f1,2093,08,21,0.0,31.02002,13.686724,2093
28723,r2i1p1f1,2093,08,22,0.0,29.96627,13.271968,2093
28724,r2i1p1f1,2093,08,23,0.0,29.302979,12.375955,2093
28725,r2i1p1f1,2093,08,24,0.0,30.56205,13.077496,2093
28726,r2i1p1f1,2093,08,25,0.0,32.297943,13.566182,2093
28727,r2i1p1f1,2093,08,26,0.0,32.827644,17.001436,2093
28728,r2i1p1f1,2093,08,27,0.0,32.748962,17.079597,2093
28729,r2i1p1f1,2093,08,28,0.0,34.669834,18.3364,2093
28730,r2i1p1f1,2093,08,29,0.0,35.13019,18.45502,2093
28731,r2i1p1f1,2093,08,30,0.0,33.74311,17.692362,2093
28732,r2i1p1f1,2093,08,31,0.0,32.67962,16.54198,2093
28733,r2i1p1f1,2093,09,01,0.0,31.80126,16.52993,2093
28734,r2i1p1f1,2093,09,02,0.0,33.350353,15.690661,2093
28735,r2i1p1f1,2093,09,03,0.0,32.925922,17.252995,2093
28736,r2i1p1f1,2093,09,04,0.0,34.8045,19.55048,2093
28737,r2i1p1f1,2093,09,05,0.0,35.981018,20.579859,2093
28738,r2i1p1f1,2093,09,06,0.41422018040468456,36.45683,20.66062,2093
28739,r2i1p1f1,2093,09,07,5.514669283470889,36.189903,20.483002,2093
28740,r2i1p1f1,2093,09,08,9.731985821081953,33.897633,18.238277,2093
28741,r2i1p1f1,2093,09,09,0.0,34.70458,17.812832,2093
28742,r2i1p1f1,2093,09,10,0.0,32.655426,17.84993,2093
28743,r2i1p1f1,2093,09,11,0.0,33.54551,17.077242,2093
28744,r2i1p1f1,2093,09,12,0.0,33.10419,17.643698,2093
28745,r2i1p1f1,2093,09,13,0.0,32.902645,16.73831,2093
28746,r2i1p1f1,2093,09,14,0.0,33.707073,18.33626,2093
28747,r2i1p1f1,2093,09,15,0.0,34.43501,18.57902,2093
28748,r2i1p1f1,2093,09,16,0.0,34.157642,17.685516,2093
28749,r2i1p1f1,2093,09,17,0.0,32.511242,16.448269,2093
28750,r2i1p1f1,2093,09,18,0.0,31.97731,15.96921,2093
28751,r2i1p1f1,2093,09,19,0.0,32.99062,17.585007,2093
28752,r2i1p1f1,2093,09,20,0.0,32.963165,18.06298,2093
28753,r2i1p1f1,2093,09,21,0.0,31.62485,16.267748,2093
28754,r2i1p1f1,2093,09,22,0.0,31.33119,15.317082,2093
28755,r2i1p1f1,2093,09,23,0.0,29.943174,13.423896,2093
28756,r2i1p1f1,2093,09,24,0.0,27.825912,12.18713,2093
28757,r2i1p1f1,2093,09,25,0.0,26.307138,11.312819,2093
28758,r2i1p1f1,2093,09,26,0.0,27.42984,12.491809,2093
28759,r2i1p1f1,2093,09,27,0.0,30.696098,14.160037,2093
28760,r2i1p1f1,2093,09,28,0.0,30.354677,15.304268,2093
28761,r2i1p1f1,2093,09,29,0.0,27.828983,13.309013,2093
28762,r2i1p1f1,2093,09,30,0.0,29.958534,14.625456,2093
28763,r2i1p1f1,2093,10,01,0.0,30.229605,14.906614,2093
28764,r2i1p1f1,2093,10,02,5.704762869292888,27.395533,12.767393,2093
28765,r2i1p1f1,2093,10,03,5.962041748268978,21.854414,9.881275,2093
28766,r2i1p1f1,2093,10,04,0.0,28.612936,9.726347,2093
28767,r2i1p1f1,2093,10,05,0.0,27.52509,11.340324,2093
28768,r2i1p1f1,2093,10,06,0.0,19.69679,9.698102,2093
28769,r2i1p1f1,2093,10,07,3.7840103289664304,17.81576,12.374267,2093
28770,r2i1p1f1,2093,10,08,0.0,25.084585,8.102428,2093
28771,r2i1p1f1,2093,10,09,0.0,25.303526,9.406438,2093
28772,r2i1p1f1,2093,10,10,0.0,23.993132,9.564821,2093
28773,r2i1p1f1,2093,10,11,0.14187595913356815,22.013403,11.483286,2093
28774,r2i1p1f1,2093,10,12,0.0,27.007193,11.131331,2093
28775,r2i1p1f1,2093,10,13,0.0,31.30142,16.055395,2093
28776,r2i1p1f1,2093,10,14,0.0,32.392838,15.777883,2093
28777,r2i1p1f1,2093,10,15,0.0,30.518978,15.798221,2093
28778,r2i1p1f1,2093,10,16,0.0,27.918766,14.248113,2093
28779,r2i1p1f1,2093,10,17,0.0,19.768707,7.576454,2093
28780,r2i1p1f1,2093,10,18,0.0,24.690235,8.754917,2093
28781,r2i1p1f1,2093,10,19,0.0,29.262045,11.960518,2093
28782,r2i1p1f1,2093,10,20,0.0,27.71881,11.911167,2093
28783,r2i1p1f1,2093,10,21,0.0,25.654074,10.836756,2093
28784,r2i1p1f1,2093,10,22,0.0,22.862139,6.155131,2093
28785,r2i1p1f1,2093,10,23,0.0,22.915218,8.052694,2093
28786,r2i1p1f1,2093,10,24,0.0,22.626596,9.846516,2093
28787,r2i1p1f1,2093,10,25,0.0,23.85999,9.71659,2093
28788,r2i1p1f1,2093,10,26,0.0,25.894884,10.6315775,2093
28789,r2i1p1f1,2093,10,27,0.0,25.797665,10.782559,2093
28790,r2i1p1f1,2093,10,28,0.0,23.270859,9.811769,2093
28791,r2i1p1f1,2093,10,29,0.0,22.48506,7.9317775,2093
28792,r2i1p1f1,2093,10,30,26.780128015469437,20.72174,8.499058,2093
28793,r2i1p1f1,2093,10,31,22.687755526455405,11.06688,4.7748666,2093
28794,r2i1p1f1,2093,11,01,0.0,10.3758135,0.022482848,2093
28795,r2i1p1f1,2093,11,02,0.0,14.110838,-0.021333938,2093
28796,r2i1p1f1,2093,11,03,0.0,15.056683,0.9623923,2093
28797,r2i1p1f1,2093,11,04,0.0,14.856896,3.1595414,2093
28798,r2i1p1f1,2093,11,05,0.0,17.32235,4.208867,2093
28799,r2i1p1f1,2093,11,06,0.0,18.811506,5.1650844,2093
28800,r2i1p1f1,2093,11,07,27.410269571611515,18.68587,6.755994,2093
28801,r2i1p1f1,2093,11,08,7.70553912729016,11.277539,4.6632743,2093
28802,r2i1p1f1,2093,11,09,6.01117370502974,11.30456,4.3001175,2093
28803,r2i1p1f1,2093,11,10,6.610859966146493,10.30468,3.870326,2093
28804,r2i1p1f1,2093,11,11,0.0,13.470122,0.98775053,2093
28805,r2i1p1f1,2093,11,12,0.0,14.82675,1.0097451,2093
28806,r2i1p1f1,2093,11,13,3.1389530043777714,16.536913,2.5407577,2093
28807,r2i1p1f1,2093,11,14,0.0,11.379803,-1.3838074,2093
28808,r2i1p1f1,2093,11,15,0.0,11.098687,2.269231,2093
28809,r2i1p1f1,2093,11,16,0.0,13.887702,-0.39385203,2093
28810,r2i1p1f1,2093,11,17,0.0,16.032236,1.1308546,2093
28811,r2i1p1f1,2093,11,18,0.0,16.022228,1.1672765,2093
28812,r2i1p1f1,2093,11,19,0.0,12.333699,-0.5201082,2093
28813,r2i1p1f1,2093,11,20,0.0,14.316369,0.38996086,2093
28814,r2i1p1f1,2093,11,21,0.0,16.552834,1.2804035,2093
28815,r2i1p1f1,2093,11,22,0.0,19.13953,0.034188002,2093
28816,r2i1p1f1,2093,11,23,0.0,19.07471,2.6165035,2093
28817,r2i1p1f1,2093,11,24,0.0,18.591257,-2.0632198,2093
28818,r2i1p1f1,2093,11,25,0.0,13.195954,-4.3806467,2093
28819,r2i1p1f1,2093,11,26,0.0,15.523181,-4.012003,2093
28820,r2i1p1f1,2093,11,27,0.0,16.86092,-1.8233972,2093
28821,r2i1p1f1,2093,11,28,0.0,14.25472,-0.3794008,2093
28822,r2i1p1f1,2093,11,29,0.0,18.558378,-1.3223742,2093
28823,r2i1p1f1,2093,11,30,0.0,19.849562,3.0584016,2093
28824,r2i1p1f1,2093,12,01,0.0,19.521835,6.606033,2093
28825,r2i1p1f1,2093,12,02,0.0,20.59171,5.4062467,2093
28826,r2i1p1f1,2093,12,03,0.2041611901824161,14.660085,3.5377698,2093
28827,r2i1p1f1,2093,12,04,0.3863678108036066,7.3718543,3.2768824,2093
28828,r2i1p1f1,2093,12,05,0.0,7.3823657,-4.9165354,2093
28829,r2i1p1f1,2093,12,06,0.0,6.552525,-6.90163,2093
28830,r2i1p1f1,2093,12,07,0.0,6.676144,-6.0124373,2093
28831,r2i1p1f1,2093,12,08,0.0,7.2607017,-5.1478786,2093
28832,r2i1p1f1,2093,12,09,0.0,14.88893,-1.8718262,2093
28833,r2i1p1f1,2093,12,10,0.0,18.893011,6.4382987,2093
28834,r2i1p1f1,2093,12,11,0.0,20.188429,4.7999725,2093
28835,r2i1p1f1,2093,12,12,0.0,21.943272,5.0555115,2093
28836,r2i1p1f1,2093,12,13,0.0,19.930649,6.443107,2093
28837,r2i1p1f1,2093,12,14,0.0,19.839098,4.415966,2093
28838,r2i1p1f1,2093,12,15,0.0,20.831137,4.5022345,2093
28839,r2i1p1f1,2093,12,16,0.0,20.069462,4.1798444,2093
28840,r2i1p1f1,2093,12,17,0.0,20.060726,4.147076,2093
28841,r2i1p1f1,2093,12,18,0.0,19.758488,3.4350836,2093
28842,r2i1p1f1,2093,12,19,0.0,19.023252,5.2240634,2093
28843,r2i1p1f1,2093,12,20,0.0,17.859224,4.6124034,2093
28844,r2i1p1f1,2093,12,21,0.0,13.622496,5.587913,2093
28845,r2i1p1f1,2093,12,22,0.13721850821534295,11.853413,6.779026,2093
28846,r2i1p1f1,2093,12,23,0.0,14.109778,1.2234236,2093
28847,r2i1p1f1,2093,12,24,0.0,10.147821,-1.9348514,2093
28848,r2i1p1f1,2093,12,25,26.09287661795791,2.773716,-4.8621926,2093
28849,r2i1p1f1,2093,12,26,47.23552310091551,1.3073666,-2.2890496,2093
28850,r2i1p1f1,2093,12,27,0.0,6.3865633,-3.5780091,2093
28851,r2i1p1f1,2093,12,28,0.7492290855645058,4.638619,-0.21315238,2093
28852,r2i1p1f1,2093,12,29,0.0,3.1128614,-0.9901428,2093
28853,r2i1p1f1,2093,12,30,32.653389683512685,4.131785,-1.8294431,2093
28854,r2i1p1f1,2093,12,31,21.000297632865394,1.3139707,-2.7737298,2093
28855,r2i1p1f1,2094,01,01,23.438569193688007,1.6195049,-2.9594104,2094
28856,r2i1p1f1,2094,01,02,64.59677509060734,1.9132489,-2.0438402,2094
28857,r2i1p1f1,2094,01,03,29.49380399245106,2.891482,-2.2054074,2094
28858,r2i1p1f1,2094,01,04,102.32842523837462,8.70036,-1.3129073,2094
28859,r2i1p1f1,2094,01,05,47.250406110945804,9.190594,-0.12594722,2094
28860,r2i1p1f1,2094,01,06,13.651160031356714,4.993451,0.55806,2094
28861,r2i1p1f1,2094,01,07,25.339524765373564,4.389924,-0.16760361,2094
28862,r2i1p1f1,2094,01,08,0.0,7.315674,-1.90133,2094
28863,r2i1p1f1,2094,01,09,0.0,7.595719,-2.3157494,2094
28864,r2i1p1f1,2094,01,10,0.1530844722695362,7.1949697,-0.013246879,2094
28865,r2i1p1f1,2094,01,11,0.0,16.211924,2.4055817,2094
28866,r2i1p1f1,2094,01,12,0.0,16.527084,5.467825,2094
28867,r2i1p1f1,2094,01,13,0.0,17.413258,5.4768133,2094
28868,r2i1p1f1,2094,01,14,0.0,15.290713,6.3262496,2094
28869,r2i1p1f1,2094,01,15,5.526659793227177,12.59772,6.0716853,2094
28870,r2i1p1f1,2094,01,16,11.527904496996108,12.988459,7.3651867,2094
28871,r2i1p1f1,2094,01,17,47.84123986475886,13.108745,6.467658,2094
28872,r2i1p1f1,2094,01,18,0.0,16.032997,9.018658,2094
28873,r2i1p1f1,2094,01,19,11.236832630703038,12.220035,6.574628,2094
28874,r2i1p1f1,2094,01,20,0.0,16.221405,8.511941,2094
28875,r2i1p1f1,2094,01,21,0.0,21.5166,8.210439,2094
28876,r2i1p1f1,2094,01,22,0.0,22.362923,7.8441396,2094
28877,r2i1p1f1,2094,01,23,0.0,21.961039,7.856407,2094
28878,r2i1p1f1,2094,01,24,4.255861983179225,16.68727,4.507389,2094
28879,r2i1p1f1,2094,01,25,13.880495383748963,13.740598,3.5668352,2094
28880,r2i1p1f1,2094,01,26,39.82040497178856,11.691747,8.289849,2094
28881,r2i1p1f1,2094,01,27,0.01627926178746118,15.286004,9.293316,2094
28882,r2i1p1f1,2094,01,28,17.397161931932295,13.957563,6.8861375,2094
28883,r2i1p1f1,2094,01,29,23.56246437221461,11.4905,7.1081543,2094
28884,r2i1p1f1,2094,01,30,7.904492047964595,9.006946,3.0637414,2094
28885,r2i1p1f1,2094,01,31,32.41442686278158,8.444565,0.5664447,2094
28886,r2i1p1f1,2094,02,01,16.2709374912363,9.842641,1.5568842,2094
28887,r2i1p1f1,2094,02,02,0.8738181735330167,9.090274,4.047727,2094
28888,r2i1p1f1,2094,02,03,14.579552848030849,10.998834,5.749331,2094
28889,r2i1p1f1,2094,02,04,7.21083404300421,12.108885,2.3560865,2094
28890,r2i1p1f1,2094,02,05,74.49694697100382,12.901942,7.3206105,2094
28891,r2i1p1f1,2094,02,06,144.127797053303,14.85086,7.3398643,2094
28892,r2i1p1f1,2094,02,07,50.272923634530834,14.616292,3.8678894,2094
28893,r2i1p1f1,2094,02,08,49.28826994011895,14.62906,2.7939978,2094
28894,r2i1p1f1,2094,02,09,0.34507154632592574,18.006899,4.3952866,2094
28895,r2i1p1f1,2094,02,10,0.0,14.851049,4.4751906,2094
28896,r2i1p1f1,2094,02,11,15.04234563376835,9.831176,3.5119417,2094
28897,r2i1p1f1,2094,02,12,8.875480349860691,10.758586,3.4905505,2094
28898,r2i1p1f1,2094,02,13,17.570576935003583,10.579282,4.641126,2094
28899,r2i1p1f1,2094,02,14,88.41557685787288,11.948074,5.549281,2094
28900,r2i1p1f1,2094,02,15,37.65457135875924,10.07552,3.497228,2094
28901,r2i1p1f1,2094,02,16,1.023456024911586,8.9776,1.9720031,2094
28902,r2i1p1f1,2094,02,17,51.50235910864117,10.981788,-0.21922429,2094
28903,r2i1p1f1,2094,02,18,9.461130123488077,10.494274,-0.40461683,2094
28904,r2i1p1f1,2094,02,19,43.97965215791304,11.419371,-1.1666679,2094
28905,r2i1p1f1,2094,02,20,90.48655183197788,10.36499,4.26545,2094
28906,r2i1p1f1,2094,02,21,2.9823033420913045,12.087996,6.9107494,2094
28907,r2i1p1f1,2094,02,22,0.11075039914815604,13.683021,7.0386605,2094
28908,r2i1p1f1,2094,02,23,78.17076843303556,10.940389,5.5830874,2094
28909,r2i1p1f1,2094,02,24,24.23374596938419,9.018864,-0.58205366,2094
28910,r2i1p1f1,2094,02,25,30.836166766619918,7.2982116,0.3214348,2094
28911,r2i1p1f1,2094,02,26,60.70076223068799,9.533882,3.985282,2094
28912,r2i1p1f1,2094,02,27,70.27290671025045,10.29682,3.3085845,2094
28913,r2i1p1f1,2094,02,28,13.04612624427626,9.855742,1.6917056,2094
28914,r2i1p1f1,2094,03,01,5.321815796476305,12.3575945,-2.398227,2094
28915,r2i1p1f1,2094,03,02,9.946153236978716,10.210405,3.2324257,2094
28916,r2i1p1f1,2094,03,03,32.676115553700726,10.696377,5.282054,2094
28917,r2i1p1f1,2094,03,04,29.623730532106354,12.062344,2.9433224,2094
28918,r2i1p1f1,2094,03,05,0.0,20.321615,6.6741347,2094
28919,r2i1p1f1,2094,03,06,0.20945624563375112,20.868456,7.6531515,2094
28920,r2i1p1f1,2094,03,07,0.0,13.229035,7.5880604,2094
28921,r2i1p1f1,2094,03,08,4.99379047745466,9.804414,4.479027,2094
28922,r2i1p1f1,2094,03,09,0.0,15.123279,7.522544,2094
28923,r2i1p1f1,2094,03,10,0.0,17.806635,3.7830267,2094
28924,r2i1p1f1,2094,03,11,0.0,17.52657,2.5676122,2094
28925,r2i1p1f1,2094,03,12,0.0,17.170336,2.5894349,2094
28926,r2i1p1f1,2094,03,13,0.0,18.142958,4.2473164,2094
28927,r2i1p1f1,2094,03,14,0.0,18.931246,5.3683033,2094
28928,r2i1p1f1,2094,03,15,0.0,20.282541,6.240171,2094
28929,r2i1p1f1,2094,03,16,0.0,21.902647,6.08644,2094
28930,r2i1p1f1,2094,03,17,0.0,22.468178,6.52566,2094
28931,r2i1p1f1,2094,03,18,3.0522184454989305,17.948202,3.4335492,2094
28932,r2i1p1f1,2094,03,19,0.015400721377563268,17.694971,2.9475951,2094
28933,r2i1p1f1,2094,03,20,46.948362988992955,13.374975,6.6043296,2094
28934,r2i1p1f1,2094,03,21,19.747480877133338,11.2757635,4.3049107,2094
28935,r2i1p1f1,2094,03,22,0.0,21.073559,5.3233776,2094
28936,r2i1p1f1,2094,03,23,1.8684913138573533,20.890347,5.760306,2094
28937,r2i1p1f1,2094,03,24,25.82156299971617,17.460598,1.4916314,2094
28938,r2i1p1f1,2094,03,25,3.129839603962654,10.687767,4.2066555,2094
28939,r2i1p1f1,2094,03,26,0.029984662810770366,15.379649,7.797271,2094
28940,r2i1p1f1,2094,03,27,0.0,19.73142,4.2232776,2094
28941,r2i1p1f1,2094,03,28,0.0,20.82135,3.7292793,2094
28942,r2i1p1f1,2094,03,29,4.911880588336387,13.72701,-1.2206405,2094
28943,r2i1p1f1,2094,03,30,0.05194990827966159,14.707278,-0.6881214,2094
28944,r2i1p1f1,2094,03,31,0.0,18.101954,2.3035192,2094
28945,r2i1p1f1,2094,04,01,0.0,18.167034,2.7944157,2094
28946,r2i1p1f1,2094,04,02,11.751763914519241,11.318174,-1.9666384,2094
28947,r2i1p1f1,2094,04,03,9.340304333048922e-05,10.462317,2.9423218,2094
28948,r2i1p1f1,2094,04,04,0.04902008479873005,18.719141,3.2160554,2094
28949,r2i1p1f1,2094,04,05,0.0,19.856339,3.173791,2094
28950,r2i1p1f1,2094,04,06,0.32632535093608356,15.373693,6.893744,2094
28951,r2i1p1f1,2094,04,07,22.117241365664924,7.8837857,-0.8709612,2094
28952,r2i1p1f1,2094,04,08,9.877608243102888,6.787987,-0.6817482,2094
28953,r2i1p1f1,2094,04,09,0.0,14.872737,-2.1017025,2094
28954,r2i1p1f1,2094,04,10,0.0,16.241743,1.0542619,2094
28955,r2i1p1f1,2094,04,11,0.0,15.431071,5.7401457,2094
28956,r2i1p1f1,2094,04,12,0.0,19.94194,2.8478997,2094
28957,r2i1p1f1,2094,04,13,0.0,23.25957,6.504421,2094
28958,r2i1p1f1,2094,04,14,0.0,24.030548,8.005703,2094
28959,r2i1p1f1,2094,04,15,0.0,22.61486,6.1701913,2094
28960,r2i1p1f1,2094,04,16,40.965358458029534,13.665537,1.2535954,2094
28961,r2i1p1f1,2094,04,17,13.365298004352484,12.065798,0.6395897,2094
28962,r2i1p1f1,2094,04,18,0.0,21.892305,5.0742135,2094
28963,r2i1p1f1,2094,04,19,0.0,21.076406,5.773342,2094
28964,r2i1p1f1,2094,04,20,0.0,17.291033,8.210977,2094
28965,r2i1p1f1,2094,04,21,0.0,21.130253,8.137429,2094
28966,r2i1p1f1,2094,04,22,13.178308180795284,20.570976,3.8676069,2094
28967,r2i1p1f1,2094,04,23,0.20205344438175224,22.699982,6.310459,2094
28968,r2i1p1f1,2094,04,24,2.548994678503592,22.892328,5.879084,2094
28969,r2i1p1f1,2094,04,25,0.0,27.255556,11.049321,2094
28970,r2i1p1f1,2094,04,26,0.0,25.848585,8.320677,2094
28971,r2i1p1f1,2094,04,27,0.29728339382367824,22.804342,5.753575,2094
28972,r2i1p1f1,2094,04,28,0.0,21.549173,7.063821,2094
28973,r2i1p1f1,2094,04,29,7.232143808045503,16.498363,5.1204596,2094
28974,r2i1p1f1,2094,04,30,17.023756048001815,17.216585,2.1715417,2094
28975,r2i1p1f1,2094,05,01,0.009814596090179224,19.375402,3.1127858,2094
28976,r2i1p1f1,2094,05,02,0.0,22.499136,6.753396,2094
28977,r2i1p1f1,2094,05,03,0.0,21.84378,6.0932627,2094
28978,r2i1p1f1,2094,05,04,0.0,21.35554,4.8621287,2094
28979,r2i1p1f1,2094,05,05,0.0,21.291029,5.8980293,2094
28980,r2i1p1f1,2094,05,06,0.0,20.299843,3.8238,2094
28981,r2i1p1f1,2094,05,07,0.0,17.77563,2.947793,2094
28982,r2i1p1f1,2094,05,08,0.0,17.40309,2.8388805,2094
28983,r2i1p1f1,2094,05,09,0.0,19.968613,4.932704,2094
28984,r2i1p1f1,2094,05,10,0.0,22.62953,6.554066,2094
28985,r2i1p1f1,2094,05,11,0.0,26.591654,10.779857,2094
28986,r2i1p1f1,2094,05,12,0.0,28.388521,12.235008,2094
28987,r2i1p1f1,2094,05,13,0.0,28.45464,12.020118,2094
28988,r2i1p1f1,2094,05,14,1.6100398815559367,22.398102,5.9695334,2094
28989,r2i1p1f1,2094,05,15,8.033613794451902,11.887843,2.7575724,2094
28990,r2i1p1f1,2094,05,16,0.0,19.10775,3.2168407,2094
28991,r2i1p1f1,2094,05,17,0.0,22.06317,5.0766788,2094
28992,r2i1p1f1,2094,05,18,0.0,25.320753,8.306952,2094
28993,r2i1p1f1,2094,05,19,0.0,26.940464,9.818768,2094
28994,r2i1p1f1,2094,05,20,0.0,26.882862,8.53156,2094
28995,r2i1p1f1,2094,05,21,0.0,25.632349,8.081871,2094
28996,r2i1p1f1,2094,05,22,0.38187135931086513,23.442196,7.80922,2094
28997,r2i1p1f1,2094,05,23,0.0,21.20613,5.7093453,2094
28998,r2i1p1f1,2094,05,24,0.0,20.909624,4.5232005,2094
28999,r2i1p1f1,2094,05,25,0.0,23.648478,6.48415,2094
29000,r2i1p1f1,2094,05,26,0.0,28.831522,11.180234,2094
29001,r2i1p1f1,2094,05,27,0.0,29.738316,13.043983,2094
29002,r2i1p1f1,2094,05,28,0.0,31.508389,14.073557,2094
29003,r2i1p1f1,2094,05,29,0.0,32.533367,15.233037,2094
29004,r2i1p1f1,2094,05,30,0.0,32.037674,15.565175,2094
29005,r2i1p1f1,2094,05,31,0.0,28.938414,12.43673,2094
29006,r2i1p1f1,2094,06,01,0.0,25.01808,7.523961,2094
29007,r2i1p1f1,2094,06,02,0.0,26.699125,8.531984,2094
29008,r2i1p1f1,2094,06,03,0.0,33.136066,15.483289,2094
29009,r2i1p1f1,2094,06,04,0.0,35.925835,17.90527,2094
29010,r2i1p1f1,2094,06,05,0.0,36.83464,18.447031,2094
29011,r2i1p1f1,2094,06,06,0.0,36.76002,19.474802,2094
29012,r2i1p1f1,2094,06,07,0.0,33.93763,16.890102,2094
29013,r2i1p1f1,2094,06,08,0.0,32.3239,15.266905,2094
29014,r2i1p1f1,2094,06,09,0.0,29.4525,13.9545355,2094
29015,r2i1p1f1,2094,06,10,0.0,28.76294,13.125335,2094
29016,r2i1p1f1,2094,06,11,0.0,29.891113,14.147439,2094
29017,r2i1p1f1,2094,06,12,0.0,31.517853,15.852539,2094
29018,r2i1p1f1,2094,06,13,0.0,33.32997,16.398262,2094
29019,r2i1p1f1,2094,06,14,0.0,36.085598,17.623325,2094
29020,r2i1p1f1,2094,06,15,0.0,35.966328,17.609137,2094
29021,r2i1p1f1,2094,06,16,0.0,34.412292,16.741293,2094
29022,r2i1p1f1,2094,06,17,0.0,34.862473,17.159054,2094
29023,r2i1p1f1,2094,06,18,0.0,34.68385,17.008932,2094
29024,r2i1p1f1,2094,06,19,0.0,33.15296,15.448611,2094
29025,r2i1p1f1,2094,06,20,0.0,33.18494,15.492788,2094
29026,r2i1p1f1,2094,06,21,0.0,34.517998,16.20346,2094
29027,r2i1p1f1,2094,06,22,0.0,34.425495,16.97579,2094
29028,r2i1p1f1,2094,06,23,0.0,35.59394,16.802055,2094
29029,r2i1p1f1,2094,06,24,0.0,36.466927,17.92507,2094
29030,r2i1p1f1,2094,06,25,0.0,36.612507,18.364037,2094
29031,r2i1p1f1,2094,06,26,0.0,35.447166,17.504456,2094
29032,r2i1p1f1,2094,06,27,0.0,35.80264,17.427137,2094
29033,r2i1p1f1,2094,06,28,0.0,35.20092,17.560053,2094
29034,r2i1p1f1,2094,06,29,0.0,33.561806,16.324615,2094
29035,r2i1p1f1,2094,06,30,0.0,33.213154,15.859444,2094
29036,r2i1p1f1,2094,07,01,0.0,32.549747,16.92444,2094
29037,r2i1p1f1,2094,07,02,0.0,30.976933,13.878991,2094
29038,r2i1p1f1,2094,07,03,1.0911588208098413,29.868395,13.767611,2094
29039,r2i1p1f1,2094,07,04,0.6060820863729952,28.349297,14.140488,2094
29040,r2i1p1f1,2094,07,05,0.01688531869009379,29.891533,15.379783,2094
29041,r2i1p1f1,2094,07,06,0.0,32.404762,15.0036545,2094
29042,r2i1p1f1,2094,07,07,0.0,32.250008,15.04659,2094
29043,r2i1p1f1,2094,07,08,0.0,32.107277,15.935991,2094
29044,r2i1p1f1,2094,07,09,0.0,33.093357,16.06273,2094
29045,r2i1p1f1,2094,07,10,0.0,33.73197,15.791038,2094
29046,r2i1p1f1,2094,07,11,0.0,33.91582,15.49323,2094
29047,r2i1p1f1,2094,07,12,0.0,33.89974,16.543861,2094
29048,r2i1p1f1,2094,07,13,0.0,34.366776,17.575953,2094
29049,r2i1p1f1,2094,07,14,0.0,34.82842,17.488607,2094
29050,r2i1p1f1,2094,07,15,0.0,37.237843,18.703932,2094
29051,r2i1p1f1,2094,07,16,0.0,37.480907,19.241318,2094
29052,r2i1p1f1,2094,07,17,0.0,37.65092,18.923239,2094
29053,r2i1p1f1,2094,07,18,0.1227793608380195,35.947323,17.676113,2094
29054,r2i1p1f1,2094,07,19,0.0,35.889572,17.158432,2094
29055,r2i1p1f1,2094,07,20,0.0,35.55393,17.173014,2094
29056,r2i1p1f1,2094,07,21,0.0,35.95638,18.077812,2094
29057,r2i1p1f1,2094,07,22,0.0,35.912865,17.514296,2094
29058,r2i1p1f1,2094,07,23,0.00029224290581343946,36.260784,17.929525,2094
29059,r2i1p1f1,2094,07,24,0.0,36.500694,17.794943,2094
29060,r2i1p1f1,2094,07,25,0.0,37.66775,19.58895,2094
29061,r2i1p1f1,2094,07,26,0.0,36.783325,20.486559,2094
29062,r2i1p1f1,2094,07,27,0.0,36.33372,20.102873,2094
29063,r2i1p1f1,2094,07,28,0.0,36.005592,19.93815,2094
29064,r2i1p1f1,2094,07,29,0.0,37.995197,20.898685,2094
29065,r2i1p1f1,2094,07,30,0.0,38.1067,21.038218,2094
29066,r2i1p1f1,2094,07,31,0.0,37.940018,21.424572,2094
29067,r2i1p1f1,2094,08,01,0.0,38.383408,20.969614,2094
29068,r2i1p1f1,2094,08,02,0.0,35.69589,19.084076,2094
29069,r2i1p1f1,2094,08,03,0.0,35.273476,18.851044,2094
29070,r2i1p1f1,2094,08,04,0.0,35.700512,18.192934,2094
29071,r2i1p1f1,2094,08,05,0.0,35.48353,18.969082,2094
29072,r2i1p1f1,2094,08,06,0.0,35.332634,19.052162,2094
29073,r2i1p1f1,2094,08,07,0.0,34.36295,17.81537,2094
29074,r2i1p1f1,2094,08,08,0.0,34.46369,16.680367,2094
29075,r2i1p1f1,2094,08,09,0.0,34.093864,15.815803,2094
29076,r2i1p1f1,2094,08,10,0.0,32.13407,15.930445,2094
29077,r2i1p1f1,2094,08,11,0.0,31.841303,14.235969,2094
29078,r2i1p1f1,2094,08,12,0.0,31.008974,13.383792,2094
29079,r2i1p1f1,2094,08,13,0.0,31.790894,14.694098,2094
29080,r2i1p1f1,2094,08,14,0.0,32.701912,15.104126,2094
29081,r2i1p1f1,2094,08,15,0.0,31.723433,14.142732,2094
29082,r2i1p1f1,2094,08,16,0.0,29.810375,13.824737,2094
29083,r2i1p1f1,2094,08,17,0.0,30.726528,14.299924,2094
29084,r2i1p1f1,2094,08,18,0.0,33.714714,17.69285,2094
29085,r2i1p1f1,2094,08,19,0.0,37.914234,20.583809,2094
29086,r2i1p1f1,2094,08,20,0.0,37.0306,21.11026,2094
29087,r2i1p1f1,2094,08,21,0.0,35.277306,20.021791,2094
29088,r2i1p1f1,2094,08,22,0.0,33.110657,18.991035,2094
29089,r2i1p1f1,2094,08,23,0.0,34.509968,18.541689,2094
29090,r2i1p1f1,2094,08,24,0.0,35.310226,18.408726,2094
29091,r2i1p1f1,2094,08,25,0.0,32.633743,17.511847,2094
29092,r2i1p1f1,2094,08,26,0.0,33.83158,16.01301,2094
29093,r2i1p1f1,2094,08,27,0.0,33.176132,15.447846,2094
29094,r2i1p1f1,2094,08,28,0.0,34.29276,16.997229,2094
29095,r2i1p1f1,2094,08,29,0.0,35.592445,17.872198,2094
29096,r2i1p1f1,2094,08,30,0.0,34.985615,18.647123,2094
29097,r2i1p1f1,2094,08,31,0.0,34.766804,18.36135,2094
29098,r2i1p1f1,2094,09,01,0.0,34.70573,19.267199,2094
29099,r2i1p1f1,2094,09,02,0.005397363578105377,35.224052,19.694231,2094
29100,r2i1p1f1,2094,09,03,0.0,34.8941,20.160536,2094
29101,r2i1p1f1,2094,09,04,0.08219827201663485,35.70453,20.880672,2094
29102,r2i1p1f1,2094,09,05,0.01903518668768811,37.78744,21.045626,2094
29103,r2i1p1f1,2094,09,06,0.0,37.402325,21.019308,2094
29104,r2i1p1f1,2094,09,07,0.0,36.428547,19.948866,2094
29105,r2i1p1f1,2094,09,08,1.843189455427399,33.51296,18.158241,2094
29106,r2i1p1f1,2094,09,09,0.8069519101774438,31.277544,15.088638,2094
29107,r2i1p1f1,2094,09,10,3.706180782676081,25.687088,11.439481,2094
29108,r2i1p1f1,2094,09,11,0.0,27.665009,12.003011,2094
29109,r2i1p1f1,2094,09,12,0.0,30.942427,13.103387,2094
29110,r2i1p1f1,2094,09,13,0.0,31.31166,14.738907,2094
29111,r2i1p1f1,2094,09,14,0.0,27.805965,12.395549,2094
29112,r2i1p1f1,2094,09,15,0.0,24.631739,8.733328,2094
29113,r2i1p1f1,2094,09,16,0.0,24.36346,8.436815,2094
29114,r2i1p1f1,2094,09,17,0.0,22.834452,9.064458,2094
29115,r2i1p1f1,2094,09,18,0.0,26.730473,9.39241,2094
29116,r2i1p1f1,2094,09,19,0.0,31.98836,14.7518015,2094
29117,r2i1p1f1,2094,09,20,0.0,33.08408,16.897343,2094
29118,r2i1p1f1,2094,09,21,0.0,33.27043,18.374294,2094
29119,r2i1p1f1,2094,09,22,0.0,33.80243,17.682316,2094
29120,r2i1p1f1,2094,09,23,0.0,33.726128,17.415274,2094
29121,r2i1p1f1,2094,09,24,0.0,32.60826,16.158998,2094
29122,r2i1p1f1,2094,09,25,0.009076851599204998,30.13873,13.6439085,2094
29123,r2i1p1f1,2094,09,26,0.0,29.593018,12.358998,2094
29124,r2i1p1f1,2094,09,27,0.0,29.32138,11.646127,2094
29125,r2i1p1f1,2094,09,28,0.0,30.099106,15.440711,2094
29126,r2i1p1f1,2094,09,29,0.0,30.583946,15.141023,2094
29127,r2i1p1f1,2094,09,30,0.0,33.036465,16.381754,2094
29128,r2i1p1f1,2094,10,01,0.0,34.48022,17.349169,2094
29129,r2i1p1f1,2094,10,02,0.0,34.679,17.421968,2094
29130,r2i1p1f1,2094,10,03,0.0,35.40802,17.709185,2094
29131,r2i1p1f1,2094,10,04,0.0,37.717216,18.884254,2094
29132,r2i1p1f1,2094,10,05,0.0,37.07197,19.231354,2094
29133,r2i1p1f1,2094,10,06,0.0,33.803326,16.776958,2094
29134,r2i1p1f1,2094,10,07,0.0,31.446537,14.125425,2094
29135,r2i1p1f1,2094,10,08,0.0,23.988224,9.85114,2094
29136,r2i1p1f1,2094,10,09,60.534179714830735,18.133944,6.686046,2094
29137,r2i1p1f1,2094,10,10,41.869776864880876,13.694529,6.398705,2094
29138,r2i1p1f1,2094,10,11,18.20735748131903,13.80201,6.4714017,2094
29139,r2i1p1f1,2094,10,12,2.1207914523494344,13.350996,3.33019,2094
29140,r2i1p1f1,2094,10,13,0.0,15.306237,2.083844,2094
29141,r2i1p1f1,2094,10,14,0.0,19.24486,4.3617954,2094
29142,r2i1p1f1,2094,10,15,0.0,26.859507,7.9140015,2094
29143,r2i1p1f1,2094,10,16,0.0,27.30689,10.810728,2094
29144,r2i1p1f1,2094,10,17,0.0,26.885626,11.258136,2094
29145,r2i1p1f1,2094,10,18,0.0,29.292145,14.063814,2094
29146,r2i1p1f1,2094,10,19,0.0,33.641052,15.429553,2094
29147,r2i1p1f1,2094,10,20,0.0,34.394806,15.751716,2094
29148,r2i1p1f1,2094,10,21,0.0,34.12093,16.091915,2094
29149,r2i1p1f1,2094,10,22,0.0,33.106728,16.166891,2094
29150,r2i1p1f1,2094,10,23,0.0,31.278934,15.789604,2094
29151,r2i1p1f1,2094,10,24,0.0,29.508976,13.84801,2094
29152,r2i1p1f1,2094,10,25,0.0,30.54544,14.793582,2094
29153,r2i1p1f1,2094,10,26,0.0,30.017515,15.283045,2094
29154,r2i1p1f1,2094,10,27,0.0,25.498663,10.873819,2094
29155,r2i1p1f1,2094,10,28,0.0,22.152758,8.660641,2094
29156,r2i1p1f1,2094,10,29,0.0,23.180527,8.849111,2094
29157,r2i1p1f1,2094,10,30,0.0,18.011621,5.3667603,2094
29158,r2i1p1f1,2094,10,31,0.0,22.438992,5.86935,2094
29159,r2i1p1f1,2094,11,01,0.0,20.746523,5.7615304,2094
29160,r2i1p1f1,2094,11,02,0.6700842977107431,16.379896,3.5794694,2094
29161,r2i1p1f1,2094,11,03,6.607902479173879,12.388901,1.4343448,2094
29162,r2i1p1f1,2094,11,04,12.641228227613073,9.688037,0.51901615,2094
29163,r2i1p1f1,2094,11,05,0.49827936505048104,10.416255,0.99290895,2094
29164,r2i1p1f1,2094,11,06,0.0,12.417291,1.2605397,2094
29165,r2i1p1f1,2094,11,07,0.0,13.958174,0.2515919,2094
29166,r2i1p1f1,2094,11,08,0.0,13.659849,2.2740169,2094
29167,r2i1p1f1,2094,11,09,0.0,18.761744,2.3952272,2094
29168,r2i1p1f1,2094,11,10,0.0,16.85583,2.8027003,2094
29169,r2i1p1f1,2094,11,11,0.0,19.192389,3.9782465,2094
29170,r2i1p1f1,2094,11,12,0.0,17.730871,5.4468017,2094
29171,r2i1p1f1,2094,11,13,0.0,15.158232,3.8204963,2094
29172,r2i1p1f1,2094,11,14,0.0,18.91714,4.537515,2094
29173,r2i1p1f1,2094,11,15,0.0,21.522612,5.310227,2094
29174,r2i1p1f1,2094,11,16,0.0,22.973516,5.432768,2094
29175,r2i1p1f1,2094,11,17,0.0,24.35424,4.920446,2094
29176,r2i1p1f1,2094,11,18,0.0,25.02673,6.057226,2094
29177,r2i1p1f1,2094,11,19,0.0,22.797855,8.317403,2094
29178,r2i1p1f1,2094,11,20,0.0,21.948715,7.1796317,2094
29179,r2i1p1f1,2094,11,21,0.0,21.81804,6.1357346,2094
29180,r2i1p1f1,2094,11,22,0.0,22.158686,8.025716,2094
29181,r2i1p1f1,2094,11,23,0.0,22.077139,4.7831693,2094
29182,r2i1p1f1,2094,11,24,0.0,20.513617,5.9684863,2094
29183,r2i1p1f1,2094,11,25,1.9964353448638297,16.547995,9.744514,2094
29184,r2i1p1f1,2094,11,26,1.0153793216187086,20.330196,6.226049,2094
29185,r2i1p1f1,2094,11,27,0.0,23.665314,4.6583457,2094
29186,r2i1p1f1,2094,11,28,0.0,24.300987,6.9377184,2094
29187,r2i1p1f1,2094,11,29,0.44010335604980355,18.239006,6.4512405,2094
29188,r2i1p1f1,2094,11,30,12.301366970775863,12.355138,7.3717637,2094
29189,r2i1p1f1,2094,12,01,1.0362319335399661,9.566976,6.1900406,2094
29190,r2i1p1f1,2094,12,02,0.0,13.593313,3.5033922,2094
29191,r2i1p1f1,2094,12,03,0.0,15.027588,-0.5242827,2094
29192,r2i1p1f1,2094,12,04,0.0,13.459754,-1.5984963,2094
29193,r2i1p1f1,2094,12,05,30.69291787642914,8.466291,-0.9557054,2094
29194,r2i1p1f1,2094,12,06,86.46242163320913,12.000551,4.1006503,2094
29195,r2i1p1f1,2094,12,07,49.751956501187614,13.904142,3.899206,2094
29196,r2i1p1f1,2094,12,08,19.55977836500656,11.442838,-0.55897844,2094
29197,r2i1p1f1,2094,12,09,0.0,7.1319838,0.08251591,2094
29198,r2i1p1f1,2094,12,10,0.0,4.7458715,-0.18972671,2094
29199,r2i1p1f1,2094,12,11,12.959638540017364,3.7179894,-1.6893198,2094
29200,r2i1p1f1,2094,12,12,9.152786314846777,3.9560804,-1.8924674,2094
29201,r2i1p1f1,2094,12,13,29.45016685956104,3.6335723,-3.438612,2094
29202,r2i1p1f1,2094,12,14,41.3070518263759,4.640921,-1.1385798,2094
29203,r2i1p1f1,2094,12,15,57.040160218737306,5.6059217,-4.364207,2094
29204,r2i1p1f1,2094,12,16,0.1012603048785912,6.872405,-4.3517494,2094
29205,r2i1p1f1,2094,12,17,4.003195668414824,6.3593664,0.2772251,2094
29206,r2i1p1f1,2094,12,18,0.0,6.7444644,-2.3099048,2094
29207,r2i1p1f1,2094,12,19,93.57172748288856,9.995665,0.7535835,2094
29208,r2i1p1f1,2094,12,20,0.5010738895529917,13.974441,6.3348546,2094
29209,r2i1p1f1,2094,12,21,0.0,14.801404,5.0806384,2094
29210,r2i1p1f1,2094,12,22,0.0,15.765208,4.6825314,2094
29211,r2i1p1f1,2094,12,23,0.0,15.681948,7.586063,2094
29212,r2i1p1f1,2094,12,24,0.0,18.542692,3.102737,2094
29213,r2i1p1f1,2094,12,25,0.0,18.50308,3.7682621,2094
29214,r2i1p1f1,2094,12,26,0.0,16.864073,6.1147037,2094
29215,r2i1p1f1,2094,12,27,0.0,18.102657,4.927202,2094
29216,r2i1p1f1,2094,12,28,0.0,16.487524,4.394362,2094
29217,r2i1p1f1,2094,12,29,0.0,16.088993,4.1855483,2094
29218,r2i1p1f1,2094,12,30,0.0,16.646803,4.0794687,2094
29219,r2i1p1f1,2094,12,31,0.0,17.971594,4.533359,2094
29220,r2i1p1f1,2095,01,01,0.0,15.894636,6.38871,2095
29221,r2i1p1f1,2095,01,02,0.5041364139182966,11.838342,6.6509495,2095
29222,r2i1p1f1,2095,01,03,15.132153866747663,11.667875,6.9961405,2095
29223,r2i1p1f1,2095,01,04,0.0,14.351042,4.620456,2095
29224,r2i1p1f1,2095,01,05,3.246383742589387,11.254014,5.434678,2095
29225,r2i1p1f1,2095,01,06,0.2517199876960009,11.604265,4.743783,2095
29226,r2i1p1f1,2095,01,07,10.529391548964039,11.687687,5.8799195,2095
29227,r2i1p1f1,2095,01,08,0.34482872941645415,14.162407,6.2659483,2095
29228,r2i1p1f1,2095,01,09,5.468612785569769,14.073906,3.663316,2095
29229,r2i1p1f1,2095,01,10,5.908804247876385,11.969106,6.502223,2095
29230,r2i1p1f1,2095,01,11,0.0,13.551096,3.4957752,2095
29231,r2i1p1f1,2095,01,12,0.0,16.638083,5.1284647,2095
29232,r2i1p1f1,2095,01,13,0.0,20.039106,5.6678057,2095
29233,r2i1p1f1,2095,01,14,0.0,18.122242,5.202378,2095
29234,r2i1p1f1,2095,01,15,1.2504465924359045,13.96905,4.9599805,2095
29235,r2i1p1f1,2095,01,16,53.506870164374746,11.8312235,3.2330425,2095
29236,r2i1p1f1,2095,01,17,24.491669020538282,12.491601,5.801041,2095
29237,r2i1p1f1,2095,01,18,49.84504975414333,13.313763,6.528441,2095
29238,r2i1p1f1,2095,01,19,62.17774707004607,17.675196,1.7056556,2095
29239,r2i1p1f1,2095,01,20,21.170476251147473,10.712876,1.3834916,2095
29240,r2i1p1f1,2095,01,21,0.0,13.429993,0.99896944,2095
29241,r2i1p1f1,2095,01,22,39.553704450820355,14.395598,3.257702,2095
29242,r2i1p1f1,2095,01,23,69.49471933095573,13.209017,8.012025,2095
29243,r2i1p1f1,2095,01,24,86.79355038329959,13.644058,8.794152,2095
29244,r2i1p1f1,2095,01,25,37.84486535184372,13.950511,9.343303,2095
29245,r2i1p1f1,2095,01,26,48.33445008396386,12.42883,8.456013,2095
29246,r2i1p1f1,2095,01,27,62.78600395352651,14.135323,5.3142343,2095
29247,r2i1p1f1,2095,01,28,0.0,15.374849,0.29800257,2095
29248,r2i1p1f1,2095,01,29,0.0,12.786244,-1.1711655,2095
29249,r2i1p1f1,2095,01,30,16.488635771943684,10.267598,3.1974187,2095
29250,r2i1p1f1,2095,01,31,25.846341533514742,12.397271,6.528299,2095
29251,r2i1p1f1,2095,02,01,0.0,18.66739,6.518465,2095
29252,r2i1p1f1,2095,02,02,0.0,19.572046,4.584515,2095
29253,r2i1p1f1,2095,02,03,26.82805309327355,15.639697,4.1406016,2095
29254,r2i1p1f1,2095,02,04,105.79447934869677,15.166755,2.8241081,2095
29255,r2i1p1f1,2095,02,05,94.49349029097132,15.288812,0.17442654,2095
29256,r2i1p1f1,2095,02,06,15.785377733510149,6.0296564,-5.246188,2095
29257,r2i1p1f1,2095,02,07,1.7593705877516186,2.643722,-6.1576266,2095
29258,r2i1p1f1,2095,02,08,37.88990581882759,5.7562027,-6.385241,2095
29259,r2i1p1f1,2095,02,09,0.9400763555347041,6.405365,-6.1039357,2095
29260,r2i1p1f1,2095,02,10,29.975480875089907,1.9246533,-2.6603367,2095
29261,r2i1p1f1,2095,02,11,0.0,6.7321486,0.10637068,2095
29262,r2i1p1f1,2095,02,12,6.456486621181494,6.0029774,-0.7730673,2095
29263,r2i1p1f1,2095,02,13,32.20436723786406,3.4263868,-1.8206615,2095
29264,r2i1p1f1,2095,02,14,0.0,8.189375,-4.704746,2095
29265,r2i1p1f1,2095,02,15,0.0,7.3697715,-4.672049,2095
29266,r2i1p1f1,2095,02,16,0.0,7.441504,-3.8691711,2095
29267,r2i1p1f1,2095,02,17,0.0,9.024373,-4.697547,2095
29268,r2i1p1f1,2095,02,18,0.0,12.448167,-1.8681113,2095
29269,r2i1p1f1,2095,02,19,0.0,9.605115,-2.9004936,2095
29270,r2i1p1f1,2095,02,20,11.64811423581201,3.5976343,-5.2804046,2095
29271,r2i1p1f1,2095,02,21,2.9896035139385138,3.6691625,-1.5856822,2095
29272,r2i1p1f1,2095,02,22,2.778065334272329,4.4234705,-0.25055128,2095
29273,r2i1p1f1,2095,02,23,0.0091983777709769,10.1795635,0.5943027,2095
29274,r2i1p1f1,2095,02,24,28.36026847272968,9.496528,-0.28654695,2095
29275,r2i1p1f1,2095,02,25,32.306732322411754,10.21018,3.0057726,2095
29276,r2i1p1f1,2095,02,26,98.90991128407993,10.679662,5.8187313,2095
29277,r2i1p1f1,2095,02,27,20.246224633368772,10.365028,2.1233752,2095
29278,r2i1p1f1,2095,02,28,0.0,10.004432,1.336377,2095
29279,r2i1p1f1,2095,03,01,0.0,14.373878,-1.3031822,2095
29280,r2i1p1f1,2095,03,02,0.0,18.51797,1.87087,2095
29281,r2i1p1f1,2095,03,03,0.0,18.450747,4.399897,2095
29282,r2i1p1f1,2095,03,04,0.0,18.62591,5.3531046,2095
29283,r2i1p1f1,2095,03,05,0.0,20.38286,6.605813,2095
29284,r2i1p1f1,2095,03,06,0.0,19.540907,6.266453,2095
29285,r2i1p1f1,2095,03,07,7.550137482422333,13.202129,0.37792274,2095
29286,r2i1p1f1,2095,03,08,6.23616312474881,8.671963,2.2548976,2095
29287,r2i1p1f1,2095,03,09,2.662168080356563,9.045615,2.7945287,2095
29288,r2i1p1f1,2095,03,10,2.64537930548753,13.048319,-0.5382269,2095
29289,r2i1p1f1,2095,03,11,0.0,16.787218,2.7737052,2095
29290,r2i1p1f1,2095,03,12,0.0,18.524618,3.0311928,2095
29291,r2i1p1f1,2095,03,13,0.0,20.102556,4.225464,2095
29292,r2i1p1f1,2095,03,14,0.0,20.529852,6.50794,2095
29293,r2i1p1f1,2095,03,15,0.0,19.444506,5.0662327,2095
29294,r2i1p1f1,2095,03,16,0.0,18.691694,4.570687,2095
29295,r2i1p1f1,2095,03,17,15.213482283937852,14.743726,-1.5217526,2095
29296,r2i1p1f1,2095,03,18,55.5796329500691,9.664914,5.3162293,2095
29297,r2i1p1f1,2095,03,19,0.0,15.23481,2.562523,2095
29298,r2i1p1f1,2095,03,20,2.9742799978731247,10.176753,-0.2502954,2095
29299,r2i1p1f1,2095,03,21,52.31244508982994,9.85964,-0.7953404,2095
29300,r2i1p1f1,2095,03,22,13.212426975056028,9.710197,0.22614777,2095
29301,r2i1p1f1,2095,03,23,71.87531982154513,11.383499,5.3084717,2095
29302,r2i1p1f1,2095,03,24,0.6705186899685381,14.828054,0.30110765,2095
29303,r2i1p1f1,2095,03,25,0.0,20.15108,4.6937766,2095
29304,r2i1p1f1,2095,03,26,0.0,21.88479,5.7762,2095
29305,r2i1p1f1,2095,03,27,0.0,23.21028,6.7232714,2095
29306,r2i1p1f1,2095,03,28,0.0,26.020452,8.747823,2095
29307,r2i1p1f1,2095,03,29,0.0,24.94972,8.532765,2095
29308,r2i1p1f1,2095,03,30,1.486303238366068,23.910807,7.6077304,2095
29309,r2i1p1f1,2095,03,31,0.0,23.370558,8.592264,2095
29310,r2i1p1f1,2095,04,01,3.286869239526333,18.114742,5.7730994,2095
29311,r2i1p1f1,2095,04,02,1.1537925620044776,16.347706,2.0543292,2095
29312,r2i1p1f1,2095,04,03,0.0,22.649132,6.670016,2095
29313,r2i1p1f1,2095,04,04,58.94693848497879,14.801728,7.435489,2095
29314,r2i1p1f1,2095,04,05,4.338769428963692,12.1598215,0.02821086,2095
29315,r2i1p1f1,2095,04,06,18.835075308407585,11.913964,4.6855497,2095
29316,r2i1p1f1,2095,04,07,7.468559883126056,14.500342,2.490699,2095
29317,r2i1p1f1,2095,04,08,1.3666178114572876,17.74759,2.836544,2095
29318,r2i1p1f1,2095,04,09,0.02683495021295484,16.246141,2.6976404,2095
29319,r2i1p1f1,2095,04,10,0.0,15.914268,6.2462153,2095
29320,r2i1p1f1,2095,04,11,0.6504420676868414,13.199892,5.0305142,2095
29321,r2i1p1f1,2095,04,12,0.057785957243630455,19.254547,3.1916394,2095
29322,r2i1p1f1,2095,04,13,0.05793877107512694,14.6621895,-0.2347868,2095
29323,r2i1p1f1,2095,04,14,32.02742563265089,8.367012,3.7294624,2095
29324,r2i1p1f1,2095,04,15,0.0,15.046663,2.7138276,2095
29325,r2i1p1f1,2095,04,16,0.0,14.874727,4.94368,2095
29326,r2i1p1f1,2095,04,17,0.6862751727263335,16.26006,0.9284631,2095
29327,r2i1p1f1,2095,04,18,0.0,21.21359,2.9320705,2095
29328,r2i1p1f1,2095,04,19,0.0,23.63305,7.663258,2095
29329,r2i1p1f1,2095,04,20,0.4037236614049806,23.353706,7.86689,2095
29330,r2i1p1f1,2095,04,21,31.663142504839925,15.107231,0.8804243,2095
29331,r2i1p1f1,2095,04,22,32.948758807749705,9.943293,3.1688452,2095
29332,r2i1p1f1,2095,04,23,5.877275334191486,11.692651,4.755431,2095
29333,r2i1p1f1,2095,04,24,0.02602542173497988,18.87977,5.6629004,2095
29334,r2i1p1f1,2095,04,25,0.0,23.168217,6.367314,2095
29335,r2i1p1f1,2095,04,26,0.0,25.635366,8.971988,2095
29336,r2i1p1f1,2095,04,27,0.0,27.23354,10.593819,2095
29337,r2i1p1f1,2095,04,28,0.4801718464407783,25.067589,8.667088,2095
29338,r2i1p1f1,2095,04,29,0.0,27.054482,10.844556,2095
29339,r2i1p1f1,2095,04,30,14.169087266026718,17.634853,2.7318292,2095
29340,r2i1p1f1,2095,05,01,8.170390432321884,14.488723,5.1972265,2095
29341,r2i1p1f1,2095,05,02,8.410320128314197,13.216455,3.3108876,2095
29342,r2i1p1f1,2095,05,03,0.0,20.94295,5.873062,2095
29343,r2i1p1f1,2095,05,04,7.12568663062624,19.213219,5.6942067,2095
29344,r2i1p1f1,2095,05,05,0.8194564622464475,20.99401,4.5033774,2095
29345,r2i1p1f1,2095,05,06,0.0,22.646772,6.955355,2095
29346,r2i1p1f1,2095,05,07,0.0,23.986479,7.6278906,2095
29347,r2i1p1f1,2095,05,08,0.0,21.844065,5.868567,2095
29348,r2i1p1f1,2095,05,09,0.0,19.605253,4.5053287,2095
29349,r2i1p1f1,2095,05,10,5.036067507437827,16.149767,6.7747335,2095
29350,r2i1p1f1,2095,05,11,2.4871360061717076,13.76928,6.872584,2095
29351,r2i1p1f1,2095,05,12,0.0,20.48555,5.5513268,2095
29352,r2i1p1f1,2095,05,13,0.0,22.638554,6.359851,2095
29353,r2i1p1f1,2095,05,14,0.0,22.985868,6.8107004,2095
29354,r2i1p1f1,2095,05,15,0.0,26.50683,8.594129,2095
29355,r2i1p1f1,2095,05,16,0.0,26.774784,9.922939,2095
29356,r2i1p1f1,2095,05,17,0.0,26.112566,8.34612,2095
29357,r2i1p1f1,2095,05,18,0.0,26.374105,9.892115,2095
29358,r2i1p1f1,2095,05,19,0.04940322869515512,22.61891,8.099027,2095
29359,r2i1p1f1,2095,05,20,3.633135044100737,16.00539,2.855898,2095
29360,r2i1p1f1,2095,05,21,9.727987248545734,10.104988,5.404299,2095
29361,r2i1p1f1,2095,05,22,6.675528942455108,16.17019,1.4320456,2095
29362,r2i1p1f1,2095,05,23,5.664024346424412,17.695484,0.5985431,2095
29363,r2i1p1f1,2095,05,24,0.0,28.93439,9.6696,2095
29364,r2i1p1f1,2095,05,25,0.0,30.47355,12.826701,2095
29365,r2i1p1f1,2095,05,26,0.0,31.64168,14.4425955,2095
29366,r2i1p1f1,2095,05,27,0.0,33.499336,15.966997,2095
29367,r2i1p1f1,2095,05,28,0.0,33.347572,16.47523,2095
29368,r2i1p1f1,2095,05,29,0.0,34.36457,17.383732,2095
29369,r2i1p1f1,2095,05,30,0.0,33.754925,17.454765,2095
29370,r2i1p1f1,2095,05,31,0.0,34.493736,18.001871,2095
29371,r2i1p1f1,2095,06,01,0.0,36.747902,18.738222,2095
29372,r2i1p1f1,2095,06,02,0.0,36.263126,18.109972,2095
29373,r2i1p1f1,2095,06,03,0.0,29.188736,14.5610285,2095
29374,r2i1p1f1,2095,06,04,0.0,28.251553,11.775131,2095
29375,r2i1p1f1,2095,06,05,0.0,28.737265,10.81139,2095
29376,r2i1p1f1,2095,06,06,0.0,28.205883,10.366425,2095
29377,r2i1p1f1,2095,06,07,0.10116159241638692,23.419292,8.3125515,2095
29378,r2i1p1f1,2095,06,08,1.4146283940555384,22.08116,6.1804843,2095
29379,r2i1p1f1,2095,06,09,0.4837638116861434,24.123077,7.483972,2095
29380,r2i1p1f1,2095,06,10,0.007234913769375103,23.047392,9.006139,2095
29381,r2i1p1f1,2095,06,11,0.0,26.691,11.431608,2095
29382,r2i1p1f1,2095,06,12,0.06756101537960674,27.285357,10.509673,2095
29383,r2i1p1f1,2095,06,13,0.0,25.334614,10.479214,2095
29384,r2i1p1f1,2095,06,14,0.0,23.870096,8.415267,2095
29385,r2i1p1f1,2095,06,15,0.0,23.118002,8.406964,2095
29386,r2i1p1f1,2095,06,16,0.0,23.12182,7.883441,2095
29387,r2i1p1f1,2095,06,17,0.0,24.86645,8.278003,2095
29388,r2i1p1f1,2095,06,18,0.0,25.71517,10.160388,2095
29389,r2i1p1f1,2095,06,19,0.0,27.14565,11.501289,2095
29390,r2i1p1f1,2095,06,20,0.0,29.685532,12.251119,2095
29391,r2i1p1f1,2095,06,21,0.0,28.702827,13.675859,2095
29392,r2i1p1f1,2095,06,22,2.521275143548197,26.462196,8.203622,2095
29393,r2i1p1f1,2095,06,23,0.37477970833536417,22.012629,6.9926577,2095
29394,r2i1p1f1,2095,06,24,0.0,29.347418,11.255008,2095
29395,r2i1p1f1,2095,06,25,0.0,32.681057,14.194038,2095
29396,r2i1p1f1,2095,06,26,0.0,33.79802,16.041996,2095
29397,r2i1p1f1,2095,06,27,0.009575965724742183,32.585953,14.281394,2095
29398,r2i1p1f1,2095,06,28,0.0,31.0232,14.4148245,2095
29399,r2i1p1f1,2095,06,29,0.0,29.440348,13.999602,2095
29400,r2i1p1f1,2095,06,30,0.0,28.314718,11.577625,2095
29401,r2i1p1f1,2095,07,01,0.0,28.718258,13.129038,2095
29402,r2i1p1f1,2095,07,02,0.0,30.797514,14.642629,2095
29403,r2i1p1f1,2095,07,03,0.0,31.013384,15.213128,2095
29404,r2i1p1f1,2095,07,04,0.011363710823039023,32.03058,17.697672,2095
29405,r2i1p1f1,2095,07,05,3.057491835632111,29.656635,16.199463,2095
29406,r2i1p1f1,2095,07,06,0.0073100214649457484,33.399208,16.164816,2095
29407,r2i1p1f1,2095,07,07,0.0,33.30576,18.918032,2095
29408,r2i1p1f1,2095,07,08,0.0,32.189777,15.387916,2095
29409,r2i1p1f1,2095,07,09,0.0,31.50975,15.376689,2095
29410,r2i1p1f1,2095,07,10,0.0,32.16244,16.371279,2095
29411,r2i1p1f1,2095,07,11,0.0,33.213623,16.112598,2095
29412,r2i1p1f1,2095,07,12,0.0,33.1304,16.08722,2095
29413,r2i1p1f1,2095,07,13,0.0,32.12583,15.411867,2095
29414,r2i1p1f1,2095,07,14,0.0,30.356398,14.191666,2095
29415,r2i1p1f1,2095,07,15,0.0,31.818209,15.013343,2095
29416,r2i1p1f1,2095,07,16,0.0,32.241203,16.426573,2095
29417,r2i1p1f1,2095,07,17,0.0,32.51708,17.650656,2095
29418,r2i1p1f1,2095,07,18,0.0,34.68794,17.164713,2095
29419,r2i1p1f1,2095,07,19,0.0,34.291786,17.583687,2095
29420,r2i1p1f1,2095,07,20,0.0,34.003834,17.701221,2095
29421,r2i1p1f1,2095,07,21,0.0,33.64388,16.688719,2095
29422,r2i1p1f1,2095,07,22,0.0,33.919834,17.051134,2095
29423,r2i1p1f1,2095,07,23,0.0,34.384346,17.867453,2095
29424,r2i1p1f1,2095,07,24,0.0,35.611923,17.437231,2095
29425,r2i1p1f1,2095,07,25,0.0,34.768173,16.77229,2095
29426,r2i1p1f1,2095,07,26,0.0,33.304676,17.346415,2095
29427,r2i1p1f1,2095,07,27,0.0,34.912815,18.782448,2095
29428,r2i1p1f1,2095,07,28,0.0,36.85045,20.394924,2095
29429,r2i1p1f1,2095,07,29,0.0,36.767128,20.836105,2095
29430,r2i1p1f1,2095,07,30,5.5652463101208784,34.949837,19.712765,2095
29431,r2i1p1f1,2095,07,31,8.740403155892496,35.81901,19.342186,2095
29432,r2i1p1f1,2095,08,01,0.9364889848466891,37.28806,21.588383,2095
29433,r2i1p1f1,2095,08,02,0.0,36.293938,18.49297,2095
29434,r2i1p1f1,2095,08,03,0.0,35.717922,19.36269,2095
29435,r2i1p1f1,2095,08,04,0.0,36.45031,20.198477,2095
29436,r2i1p1f1,2095,08,05,0.0,37.238605,20.292831,2095
29437,r2i1p1f1,2095,08,06,0.0,36.37895,20.103521,2095
29438,r2i1p1f1,2095,08,07,0.0,34.765175,18.212938,2095
29439,r2i1p1f1,2095,08,08,0.0,32.266838,16.34971,2095
29440,r2i1p1f1,2095,08,09,0.0,33.060314,16.444061,2095
29441,r2i1p1f1,2095,08,10,0.0,34.338787,16.796312,2095
29442,r2i1p1f1,2095,08,11,0.0,34.777992,17.87755,2095
29443,r2i1p1f1,2095,08,12,0.0,34.521397,17.529114,2095
29444,r2i1p1f1,2095,08,13,0.0,33.04837,16.875927,2095
29445,r2i1p1f1,2095,08,14,0.0,32.710686,16.084606,2095
29446,r2i1p1f1,2095,08,15,0.0,32.308975,15.708984,2095
29447,r2i1p1f1,2095,08,16,0.0,31.319853,14.849472,2095
29448,r2i1p1f1,2095,08,17,0.0,29.980322,13.892912,2095
29449,r2i1p1f1,2095,08,18,0.0,32.19747,16.043966,2095
29450,r2i1p1f1,2095,08,19,0.0,34.039124,17.071148,2095
29451,r2i1p1f1,2095,08,20,0.0,35.2359,18.18312,2095
29452,r2i1p1f1,2095,08,21,0.0,34.822937,18.19869,2095
29453,r2i1p1f1,2095,08,22,0.05497500035114801,34.571884,17.589937,2095
29454,r2i1p1f1,2095,08,23,6.5459652159216395,33.605255,17.089083,2095
29455,r2i1p1f1,2095,08,24,0.0,33.03136,16.237152,2095
29456,r2i1p1f1,2095,08,25,0.0,32.836544,15.553411,2095
29457,r2i1p1f1,2095,08,26,0.0,33.66529,16.683964,2095
29458,r2i1p1f1,2095,08,27,0.006308703394517159,37.207764,18.590488,2095
29459,r2i1p1f1,2095,08,28,0.0,34.901226,19.286695,2095
29460,r2i1p1f1,2095,08,29,0.0,34.77592,18.533882,2095
29461,r2i1p1f1,2095,08,30,0.0,33.865147,17.27343,2095
29462,r2i1p1f1,2095,08,31,0.0,33.578312,16.828999,2095
29463,r2i1p1f1,2095,09,01,0.0,34.046284,18.571157,2095
29464,r2i1p1f1,2095,09,02,0.0,33.991585,19.1937,2095
29465,r2i1p1f1,2095,09,03,0.1539842655452398,33.593998,17.73767,2095
29466,r2i1p1f1,2095,09,04,0.0,34.63823,17.896324,2095
29467,r2i1p1f1,2095,09,05,0.0,34.805527,17.911556,2095
29468,r2i1p1f1,2095,09,06,0.0,33.416515,17.925068,2095
29469,r2i1p1f1,2095,09,07,0.1389011652813329,33.70762,19.324535,2095
29470,r2i1p1f1,2095,09,08,0.15785510113871098,30.282495,16.229675,2095
29471,r2i1p1f1,2095,09,09,0.07293104469436702,30.430132,13.373344,2095
29472,r2i1p1f1,2095,09,10,0.0,28.377995,10.933928,2095
29473,r2i1p1f1,2095,09,11,0.0,26.82462,12.982376,2095
29474,r2i1p1f1,2095,09,12,0.0,31.368437,16.376947,2095
29475,r2i1p1f1,2095,09,13,0.0,34.369633,19.262335,2095
29476,r2i1p1f1,2095,09,14,0.2608414190000566,35.66466,20.875055,2095
29477,r2i1p1f1,2095,09,15,2.056117344014078,35.433624,19.519634,2095
29478,r2i1p1f1,2095,09,16,3.131675162176879,35.010517,19.888536,2095
29479,r2i1p1f1,2095,09,17,0.0,34.527767,19.617798,2095
29480,r2i1p1f1,2095,09,18,0.0,35.937706,19.664051,2095
29481,r2i1p1f1,2095,09,19,0.0,36.71658,20.099028,2095
29482,r2i1p1f1,2095,09,20,0.0,36.032406,19.379416,2095
29483,r2i1p1f1,2095,09,21,0.0,31.532183,15.979548,2095
29484,r2i1p1f1,2095,09,22,0.5801859278527934,26.948515,12.574387,2095
29485,r2i1p1f1,2095,09,23,0.41954949195034996,26.297184,9.665923,2095
29486,r2i1p1f1,2095,09,24,0.0,28.692045,12.929367,2095
29487,r2i1p1f1,2095,09,25,0.0,32.230534,17.022055,2095
29488,r2i1p1f1,2095,09,26,0.0,33.428677,18.420696,2095
29489,r2i1p1f1,2095,09,27,0.0,34.943386,18.069927,2095
29490,r2i1p1f1,2095,09,28,0.0,35.34991,17.833576,2095
29491,r2i1p1f1,2095,09,29,0.0,35.05163,17.682154,2095
29492,r2i1p1f1,2095,09,30,0.0,33.896015,15.647803,2095
29493,r2i1p1f1,2095,10,01,0.0,34.35534,16.80055,2095
29494,r2i1p1f1,2095,10,02,0.0,33.156425,17.11484,2095
29495,r2i1p1f1,2095,10,03,0.0,33.35654,16.472717,2095
29496,r2i1p1f1,2095,10,04,0.0,34.246017,17.32856,2095
29497,r2i1p1f1,2095,10,05,0.0,36.14707,17.557125,2095
29498,r2i1p1f1,2095,10,06,0.0,35.697723,17.241459,2095
29499,r2i1p1f1,2095,10,07,0.0,31.525541,16.080135,2095
29500,r2i1p1f1,2095,10,08,0.0,31.882774,16.163471,2095
29501,r2i1p1f1,2095,10,09,0.11929644665892389,27.878803,12.822633,2095
29502,r2i1p1f1,2095,10,10,8.270896273293497,23.097973,9.672178,2095
29503,r2i1p1f1,2095,10,11,2.105888289168853,18.64832,9.472817,2095
29504,r2i1p1f1,2095,10,12,0.10861330645359256,20.404415,6.153827,2095
29505,r2i1p1f1,2095,10,13,0.0,24.938173,9.172878,2095
29506,r2i1p1f1,2095,10,14,0.0,26.272467,12.329617,2095
29507,r2i1p1f1,2095,10,15,0.0,28.257256,13.557915,2095
29508,r2i1p1f1,2095,10,16,0.0,28.048042,14.174395,2095
29509,r2i1p1f1,2095,10,17,0.0,28.95526,13.803735,2095
29510,r2i1p1f1,2095,10,18,0.0,29.406225,14.0607195,2095
29511,r2i1p1f1,2095,10,19,0.0,30.271866,13.020388,2095
29512,r2i1p1f1,2095,10,20,0.0,29.820732,13.297404,2095
29513,r2i1p1f1,2095,10,21,0.0,26.853697,11.898591,2095
29514,r2i1p1f1,2095,10,22,0.0,25.663546,10.692981,2095
29515,r2i1p1f1,2095,10,23,31.04465527103457,24.11886,10.789397,2095
29516,r2i1p1f1,2095,10,24,5.031104781378067,23.372833,10.697286,2095
29517,r2i1p1f1,2095,10,25,0.0,24.082962,13.160568,2095
29518,r2i1p1f1,2095,10,26,0.0,25.24345,11.095937,2095
29519,r2i1p1f1,2095,10,27,0.0,25.996689,11.637844,2095
29520,r2i1p1f1,2095,10,28,0.0,20.375917,8.452957,2095
29521,r2i1p1f1,2095,10,29,0.0,23.598696,7.53996,2095
29522,r2i1p1f1,2095,10,30,0.0,23.407804,7.303379,2095
29523,r2i1p1f1,2095,10,31,0.0,23.5329,7.0799417,2095
29524,r2i1p1f1,2095,11,01,8.652963118961802,16.675396,7.632493,2095
29525,r2i1p1f1,2095,11,02,9.071804689581487,12.825289,7.603273,2095
29526,r2i1p1f1,2095,11,03,18.271399454813665,12.590459,6.996443,2095
29527,r2i1p1f1,2095,11,04,0.0,13.018542,5.9705057,2095
29528,r2i1p1f1,2095,11,05,0.1491211170594817,12.564382,0.82389694,2095
29529,r2i1p1f1,2095,11,06,0.0,15.747461,2.1285205,2095
29530,r2i1p1f1,2095,11,07,0.0,12.459627,4.513189,2095
29531,r2i1p1f1,2095,11,08,0.0,17.326412,4.7156754,2095
29532,r2i1p1f1,2095,11,09,0.0,18.272552,6.250137,2095
29533,r2i1p1f1,2095,11,10,0.0,20.057257,7.5791407,2095
29534,r2i1p1f1,2095,11,11,38.683614951486774,18.346764,7.8916016,2095
29535,r2i1p1f1,2095,11,12,1.2388015233437517,12.665092,1.90542,2095
29536,r2i1p1f1,2095,11,13,0.0,14.3773365,2.3304198,2095
29537,r2i1p1f1,2095,11,14,0.0,15.676282,3.108059,2095
29538,r2i1p1f1,2095,11,15,0.0,17.332794,3.3438196,2095
29539,r2i1p1f1,2095,11,16,0.0,20.815975,3.2208624,2095
29540,r2i1p1f1,2095,11,17,0.0,22.9809,3.7992256,2095
29541,r2i1p1f1,2095,11,18,0.0,22.517937,6.15646,2095
29542,r2i1p1f1,2095,11,19,0.0,18.575338,5.434028,2095
29543,r2i1p1f1,2095,11,20,0.8868480997919576,17.433847,5.2059183,2095
29544,r2i1p1f1,2095,11,21,0.0,11.627717,6.315071,2095
29545,r2i1p1f1,2095,11,22,24.67855252929999,13.807829,6.291974,2095
29546,r2i1p1f1,2095,11,23,0.4991327510931744,16.233135,2.2909322,2095
29547,r2i1p1f1,2095,11,24,17.757630494396345,9.644524,4.0579114,2095
29548,r2i1p1f1,2095,11,25,0.0,12.21715,2.1341848,2095
29549,r2i1p1f1,2095,11,26,0.0,8.579575,-0.978355,2095
29550,r2i1p1f1,2095,11,27,0.0,10.976905,-2.3498917,2095
29551,r2i1p1f1,2095,11,28,0.0,16.988897,-1.4489022,2095
29552,r2i1p1f1,2095,11,29,0.0,15.135944,1.7159034,2095
29553,r2i1p1f1,2095,11,30,5.289229055947194,10.294507,0.86868405,2095
29554,r2i1p1f1,2095,12,01,0.7367029140788453,13.793997,4.889098,2095
29555,r2i1p1f1,2095,12,02,0.0,17.517193,1.7648367,2095
29556,r2i1p1f1,2095,12,03,0.0,15.28435,0.7420763,2095
29557,r2i1p1f1,2095,12,04,50.28593396418728,6.6298404,0.9142415,2095
29558,r2i1p1f1,2095,12,05,24.497833025032797,8.926459,4.30529,2095
29559,r2i1p1f1,2095,12,06,13.319133811903438,6.050559,1.0095156,2095
29560,r2i1p1f1,2095,12,07,24.028211091242085,6.7138233,-1.3159994,2095
29561,r2i1p1f1,2095,12,08,13.365770928493685,4.5138245,-2.171141,2095
29562,r2i1p1f1,2095,12,09,36.453802307816936,3.6900706,-0.93305147,2095
29563,r2i1p1f1,2095,12,10,25.320543514457174,2.0647032,-1.1059542,2095
29564,r2i1p1f1,2095,12,11,0.8895612055521969,4.7824183,0.2680261,2095
29565,r2i1p1f1,2095,12,12,0.0,9.520574,-1.6299279,2095
29566,r2i1p1f1,2095,12,13,13.908336950072016,6.864865,-0.33741164,2095
29567,r2i1p1f1,2095,12,14,7.955286902786331,11.856189,1.2496591,2095
29568,r2i1p1f1,2095,12,15,28.932163145061796,12.796851,6.3036313,2095
29569,r2i1p1f1,2095,12,16,108.4033931336867,14.854913,3.6344337,2095
29570,r2i1p1f1,2095,12,17,6.521972013433697,14.061342,4.3237104,2095
29571,r2i1p1f1,2095,12,18,0.0,17.989958,5.0539527,2095
29572,r2i1p1f1,2095,12,19,7.379701395648926,12.165105,5.935006,2095
29573,r2i1p1f1,2095,12,20,12.804208939689069,12.109261,7.9108715,2095
29574,r2i1p1f1,2095,12,21,28.530462873571267,13.418011,3.6257885,2095
29575,r2i1p1f1,2095,12,22,113.25316509733406,13.075599,3.7836347,2095
29576,r2i1p1f1,2095,12,23,27.19310385733619,11.951397,-1.3011861,2095
29577,r2i1p1f1,2095,12,24,0.041754410351411655,5.110536,-4.5355806,2095
29578,r2i1p1f1,2095,12,25,0.0,4.3047614,-2.1328502,2095
29579,r2i1p1f1,2095,12,26,0.0,4.680441,-1.624421,2095
29580,r2i1p1f1,2095,12,27,46.268250344571875,1.7379807,-2.0323138,2095
29581,r2i1p1f1,2095,12,28,1.3538793306049859,2.7828536,-1.0148721,2095
29582,r2i1p1f1,2095,12,29,0.0,8.951062,0.0674548,2095
29583,r2i1p1f1,2095,12,30,0.0,14.093399,3.2109826,2095
29584,r2i1p1f1,2095,12,31,0.0,15.7794285,5.1678042,2095
29585,r2i1p1f1,2096,01,01,0.0,15.906487,4.183483,2096
29586,r2i1p1f1,2096,01,02,0.0,15.379628,5.871302,2096
29587,r2i1p1f1,2096,01,03,0.0,14.604691,5.023754,2096
29588,r2i1p1f1,2096,01,04,0.0,14.289069,3.2865736,2096
29589,r2i1p1f1,2096,01,05,0.0,14.887767,3.6368737,2096
29590,r2i1p1f1,2096,01,06,0.0,19.337297,4.6715927,2096
29591,r2i1p1f1,2096,01,07,0.0,19.93231,4.746882,2096
29592,r2i1p1f1,2096,01,08,0.0,19.150156,7.038409,2096
29593,r2i1p1f1,2096,01,09,0.0,19.457083,7.3655896,2096
29594,r2i1p1f1,2096,01,10,0.0,22.672983,7.993131,2096
29595,r2i1p1f1,2096,01,11,0.0,23.531914,8.157124,2096
29596,r2i1p1f1,2096,01,12,0.0038287934339328224,20.493301,7.185797,2096
29597,r2i1p1f1,2096,01,13,0.0,10.548508,-0.24260448,2096
29598,r2i1p1f1,2096,01,14,0.0,8.93154,-1.7027744,2096
29599,r2i1p1f1,2096,01,15,0.0,12.978315,-1.6168455,2096
29600,r2i1p1f1,2096,01,16,12.995120455385544,7.91972,-2.0566957,2096
29601,r2i1p1f1,2096,01,17,0.5617758103233847,5.463593,-2.6262176,2096
29602,r2i1p1f1,2096,01,18,0.9801722134502947,7.9608874,-5.1397386,2096
29603,r2i1p1f1,2096,01,19,11.31783704810844,4.9284706,-5.8801694,2096
29604,r2i1p1f1,2096,01,20,18.79591872387279,2.8534744,-6.102859,2096
29605,r2i1p1f1,2096,01,21,0.0326107293980945,4.311044,-8.536901,2096
29606,r2i1p1f1,2096,01,22,0.0,2.9909265,-9.050689,2096
29607,r2i1p1f1,2096,01,23,0.0,7.9309716,-4.5901513,2096
29608,r2i1p1f1,2096,01,24,0.0,10.467415,-1.5562913,2096
29609,r2i1p1f1,2096,01,25,0.0,10.236596,-5.281686,2096
29610,r2i1p1f1,2096,01,26,0.0,7.0898952,-2.5960376,2096
29611,r2i1p1f1,2096,01,27,27.800052977041698,4.0514383,-1.9021027,2096
29612,r2i1p1f1,2096,01,28,51.6265604009207,11.311438,2.4519506,2096
29613,r2i1p1f1,2096,01,29,31.212179671274498,10.392341,3.2646487,2096
29614,r2i1p1f1,2096,01,30,24.007592822398202,10.079825,2.238679,2096
29615,r2i1p1f1,2096,01,31,0.10914759623819219,9.589734,2.2462523,2096
29616,r2i1p1f1,2096,02,01,25.303163561665524,3.9326735,-0.55316466,2096
29617,r2i1p1f1,2096,02,02,0.0,9.5042305,-1.8707694,2096
29618,r2i1p1f1,2096,02,03,10.896269421209581,7.3486843,-3.8073614,2096
29619,r2i1p1f1,2096,02,04,34.87009380836613,4.986783,0.05400154,2096
29620,r2i1p1f1,2096,02,05,0.0,11.269826,-2.8423522,2096
29621,r2i1p1f1,2096,02,06,0.0,12.48933,-0.16845097,2096
29622,r2i1p1f1,2096,02,07,0.0,14.937663,2.9132006,2096
29623,r2i1p1f1,2096,02,08,0.0,20.506186,7.4162807,2096
29624,r2i1p1f1,2096,02,09,0.0,21.364471,4.406891,2096
29625,r2i1p1f1,2096,02,10,0.0,17.846554,1.7269025,2096
29626,r2i1p1f1,2096,02,11,0.0,19.735287,4.840872,2096
29627,r2i1p1f1,2096,02,12,0.0,19.886412,5.3742013,2096
29628,r2i1p1f1,2096,02,13,0.0,22.160452,5.8476505,2096
29629,r2i1p1f1,2096,02,14,0.0,21.235508,7.9896274,2096
29630,r2i1p1f1,2096,02,15,0.0,21.961882,7.451063,2096
29631,r2i1p1f1,2096,02,16,0.0,20.29909,5.679184,2096
29632,r2i1p1f1,2096,02,17,4.472030356317611,13.7297,5.749496,2096
29633,r2i1p1f1,2096,02,18,0.0,18.954884,5.163203,2096
29634,r2i1p1f1,2096,02,19,0.0,18.802652,5.1659513,2096
29635,r2i1p1f1,2096,02,20,0.0,16.079195,5.183716,2096
29636,r2i1p1f1,2096,02,21,0.0,17.965311,5.1249337,2096
29637,r2i1p1f1,2096,02,22,0.0,18.685694,4.326107,2096
29638,r2i1p1f1,2096,02,23,4.808715732017915,14.785757,3.410531,2096
29639,r2i1p1f1,2096,02,24,16.955072882242696,10.601971,5.83464,2096
29640,r2i1p1f1,2096,02,25,99.26969504807718,10.137986,4.3513308,2096
29641,r2i1p1f1,2096,02,26,66.43519350864852,8.529421,2.528219,2096
29642,r2i1p1f1,2096,02,27,73.84285525588963,7.311924,1.3616921,2096
29643,r2i1p1f1,2096,02,28,21.772675213595413,7.447484,-1.811202,2096
29644,r2i1p1f1,2096,02,29,0.7138161180871696,7.123723,2.1856127,2096
29645,r2i1p1f1,2096,03,01,0.0,15.830992,0.7252698,2096
29646,r2i1p1f1,2096,03,02,0.0,16.632198,2.8403246,2096
29647,r2i1p1f1,2096,03,03,30.5493057163683,10.702957,0.45232245,2096
29648,r2i1p1f1,2096,03,04,24.211193114975824,4.726967,0.459676,2096
29649,r2i1p1f1,2096,03,05,1.183674888936646,5.3595767,-0.1384697,2096
29650,r2i1p1f1,2096,03,06,40.24618767613832,3.8540442,-0.2789061,2096
29651,r2i1p1f1,2096,03,07,4.12475868293908,6.9136667,0.93368363,2096
29652,r2i1p1f1,2096,03,08,0.4679120949311674,7.303491,1.509551,2096
29653,r2i1p1f1,2096,03,09,0.0,15.395039,2.3570406,2096
29654,r2i1p1f1,2096,03,10,0.0,18.419575,5.006195,2096
29655,r2i1p1f1,2096,03,11,0.0,20.991577,5.3936596,2096
29656,r2i1p1f1,2096,03,12,0.0,21.553339,6.4526553,2096
29657,r2i1p1f1,2096,03,13,0.0,21.83993,6.99558,2096
29658,r2i1p1f1,2096,03,14,0.0,20.901896,6.02761,2096
29659,r2i1p1f1,2096,03,15,0.0,18.55948,4.2564816,2096
29660,r2i1p1f1,2096,03,16,63.40454469273727,15.723145,0.62010163,2096
29661,r2i1p1f1,2096,03,17,23.763797378621977,6.5159907,-0.629968,2096
29662,r2i1p1f1,2096,03,18,31.53747365666697,5.5298314,-0.61757797,2096
29663,r2i1p1f1,2096,03,19,0.008626250760593953,11.59124,1.5427636,2096
29664,r2i1p1f1,2096,03,20,0.0,18.73717,2.0810893,2096
29665,r2i1p1f1,2096,03,21,0.0,20.429106,3.698645,2096
29666,r2i1p1f1,2096,03,22,0.0,18.361225,2.9611614,2096
29667,r2i1p1f1,2096,03,23,18.250905753442428,8.8371935,1.6042347,2096
29668,r2i1p1f1,2096,03,24,45.625648989628715,7.876731,1.0371162,2096
29669,r2i1p1f1,2096,03,25,0.0,13.561048,2.5323677,2096
29670,r2i1p1f1,2096,03,26,5.200393171557712,9.414622,-0.704752,2096
29671,r2i1p1f1,2096,03,27,47.777130922678715,9.658225,-0.3811486,2096
29672,r2i1p1f1,2096,03,28,3.610155087713233,10.83304,0.43176886,2096
29673,r2i1p1f1,2096,03,29,12.46198696944003,11.046938,-4.0024204,2096
29674,r2i1p1f1,2096,03,30,15.924942333983312,8.376902,-3.0779953,2096
29675,r2i1p1f1,2096,03,31,46.17936587892473,6.574724,-2.5530066,2096
29676,r2i1p1f1,2096,04,01,44.215304892545994,6.8575487,-2.247663,2096
29677,r2i1p1f1,2096,04,02,10.112162454522778,11.827598,-2.1264782,2096
29678,r2i1p1f1,2096,04,03,0.3536735554916959,13.192532,6.797667,2096
29679,r2i1p1f1,2096,04,04,31.797798636118667,7.9637513,2.3599944,2096
29680,r2i1p1f1,2096,04,05,0.6095291470746116,12.497622,-2.1014235,2096
29681,r2i1p1f1,2096,04,06,0.0,12.208777,-1.1298027,2096
29682,r2i1p1f1,2096,04,07,0.0,16.525038,2.2913575,2096
29683,r2i1p1f1,2096,04,08,0.0,21.285069,4.0051413,2096
29684,r2i1p1f1,2096,04,09,0.0,23.63912,5.9134097,2096
29685,r2i1p1f1,2096,04,10,0.0,20.72013,5.172572,2096
29686,r2i1p1f1,2096,04,11,8.557546645114108,8.94885,2.7565463,2096
29687,r2i1p1f1,2096,04,12,0.0,15.165342,1.732532,2096
29688,r2i1p1f1,2096,04,13,0.0,22.542421,5.6427917,2096
29689,r2i1p1f1,2096,04,14,0.0,27.972853,10.259781,2096
29690,r2i1p1f1,2096,04,15,0.0,28.890707,10.328531,2096
29691,r2i1p1f1,2096,04,16,0.0,26.78767,9.253266,2096
29692,r2i1p1f1,2096,04,17,0.0,25.49908,9.157671,2096
29693,r2i1p1f1,2096,04,18,0.0,23.223248,6.3814163,2096
29694,r2i1p1f1,2096,04,19,2.6274100372784934,19.157536,2.9300847,2096
29695,r2i1p1f1,2096,04,20,7.779043100834735,16.505577,-0.430784,2096
29696,r2i1p1f1,2096,04,21,0.0,24.103062,5.7646847,2096
29697,r2i1p1f1,2096,04,22,0.0,28.321665,10.946613,2096
29698,r2i1p1f1,2096,04,23,0.0,29.132626,11.940037,2096
29699,r2i1p1f1,2096,04,24,0.0,29.007061,10.539085,2096
29700,r2i1p1f1,2096,04,25,0.0,24.07443,8.527293,2096
29701,r2i1p1f1,2096,04,26,0.0,20.433407,5.153762,2096
29702,r2i1p1f1,2096,04,27,0.0,23.318907,6.0740223,2096
29703,r2i1p1f1,2096,04,28,0.0,25.273605,9.6699295,2096
29704,r2i1p1f1,2096,04,29,0.0,26.26672,10.263694,2096
29705,r2i1p1f1,2096,04,30,0.0,24.627241,8.008102,2096
29706,r2i1p1f1,2096,05,01,0.0,24.172037,6.791702,2096
29707,r2i1p1f1,2096,05,02,0.0,28.877514,10.655513,2096
29708,r2i1p1f1,2096,05,03,0.0,28.392315,11.051093,2096
29709,r2i1p1f1,2096,05,04,0.0,26.665962,10.359558,2096
29710,r2i1p1f1,2096,05,05,0.0,29.073076,11.490664,2096
29711,r2i1p1f1,2096,05,06,0.0,28.873886,12.027488,2096
29712,r2i1p1f1,2096,05,07,0.0,22.248642,6.736444,2096
29713,r2i1p1f1,2096,05,08,0.0,20.258698,4.8462157,2096
29714,r2i1p1f1,2096,05,09,2.864721185761272,18.786146,3.6057673,2096
29715,r2i1p1f1,2096,05,10,0.0,24.95369,7.9729457,2096
29716,r2i1p1f1,2096,05,11,0.0,24.115343,7.728541,2096
29717,r2i1p1f1,2096,05,12,0.0,22.427042,6.3181033,2096
29718,r2i1p1f1,2096,05,13,4.366120720945988,14.979768,3.3110325,2096
29719,r2i1p1f1,2096,05,14,0.02222276886571378,19.193163,5.2823215,2096
29720,r2i1p1f1,2096,05,15,0.0,21.344072,6.9703355,2096
29721,r2i1p1f1,2096,05,16,0.0,23.067715,5.4429836,2096
29722,r2i1p1f1,2096,05,17,0.0,22.363777,6.599105,2096
29723,r2i1p1f1,2096,05,18,21.283952899956113,17.1265,8.375836,2096
29724,r2i1p1f1,2096,05,19,1.4086915172566268,19.149832,5.8980417,2096
29725,r2i1p1f1,2096,05,20,21.08653030160125,18.44965,4.363015,2096
29726,r2i1p1f1,2096,05,21,4.095832522681611,13.079666,-1.5113152,2096
29727,r2i1p1f1,2096,05,22,0.12694171868693396,15.194582,2.1460998,2096
29728,r2i1p1f1,2096,05,23,0.012919592154503334,19.638422,3.0580776,2096
29729,r2i1p1f1,2096,05,24,0.0,23.166403,6.366044,2096
29730,r2i1p1f1,2096,05,25,0.0,24.859968,9.098423,2096
29731,r2i1p1f1,2096,05,26,0.0,26.097284,10.040493,2096
29732,r2i1p1f1,2096,05,27,0.0,29.401817,12.284636,2096
29733,r2i1p1f1,2096,05,28,0.0,29.678324,13.583017,2096
29734,r2i1p1f1,2096,05,29,0.0,27.355293,11.256866,2096
29735,r2i1p1f1,2096,05,30,0.0,26.544872,10.042956,2096
29736,r2i1p1f1,2096,05,31,0.0,24.912289,9.123849,2096
29737,r2i1p1f1,2096,06,01,0.0,22.131636,7.093401,2096
29738,r2i1p1f1,2096,06,02,0.1898750747316696,16.516163,9.702281,2096
29739,r2i1p1f1,2096,06,03,0.0,18.997023,9.299883,2096
29740,r2i1p1f1,2096,06,04,0.7956496801293375,30.6254,15.3000345,2096
29741,r2i1p1f1,2096,06,05,0.0,30.933979,15.44566,2096
29742,r2i1p1f1,2096,06,06,0.0,27.183825,11.143489,2096
29743,r2i1p1f1,2096,06,07,0.0,24.9716,9.395218,2096
29744,r2i1p1f1,2096,06,08,0.0,27.013227,10.851081,2096
29745,r2i1p1f1,2096,06,09,0.0,26.62079,9.394434,2096
29746,r2i1p1f1,2096,06,10,0.0,23.325453,8.338236,2096
29747,r2i1p1f1,2096,06,11,0.0,25.26862,8.03552,2096
29748,r2i1p1f1,2096,06,12,0.0,28.796412,11.188674,2096
29749,r2i1p1f1,2096,06,13,0.0,30.669493,14.111616,2096
29750,r2i1p1f1,2096,06,14,0.0,32.601334,14.375147,2096
29751,r2i1p1f1,2096,06,15,0.0,30.801615,14.193652,2096
29752,r2i1p1f1,2096,06,16,0.0,28.781216,12.261743,2096
29753,r2i1p1f1,2096,06,17,0.0,30.150694,12.711177,2096
29754,r2i1p1f1,2096,06,18,0.0,33.929134,17.992147,2096
29755,r2i1p1f1,2096,06,19,0.0,36.61538,20.277407,2096
29756,r2i1p1f1,2096,06,20,0.0,36.57171,17.911499,2096
29757,r2i1p1f1,2096,06,21,0.0,35.47589,19.319359,2096
29758,r2i1p1f1,2096,06,22,0.0,36.013744,19.586554,2096
29759,r2i1p1f1,2096,06,23,0.0,36.493973,17.736115,2096
29760,r2i1p1f1,2096,06,24,1.3515113665982006,35.476162,16.847887,2096
29761,r2i1p1f1,2096,06,25,0.0,35.372917,18.01186,2096
29762,r2i1p1f1,2096,06,26,0.0,35.60579,17.448168,2096
29763,r2i1p1f1,2096,06,27,0.0,34.16332,17.030077,2096
29764,r2i1p1f1,2096,06,28,0.0,30.415224,14.707911,2096
29765,r2i1p1f1,2096,06,29,0.0,31.765131,16.717043,2096
29766,r2i1p1f1,2096,06,30,0.0,31.215229,18.02123,2096
29767,r2i1p1f1,2096,07,01,8.210334163511735,28.900366,17.314579,2096
29768,r2i1p1f1,2096,07,02,2.900454244123606,30.161196,15.610877,2096
29769,r2i1p1f1,2096,07,03,0.0,32.246326,14.97791,2096
29770,r2i1p1f1,2096,07,04,0.0,33.04553,15.962163,2096
29771,r2i1p1f1,2096,07,05,0.0,32.9863,16.92558,2096
29772,r2i1p1f1,2096,07,06,0.0,33.362732,15.122102,2096
29773,r2i1p1f1,2096,07,07,0.0,34.286278,16.293095,2096
29774,r2i1p1f1,2096,07,08,0.0,35.11624,17.252344,2096
29775,r2i1p1f1,2096,07,09,0.0,34.37867,16.518505,2096
29776,r2i1p1f1,2096,07,10,0.0,30.90603,15.786479,2096
29777,r2i1p1f1,2096,07,11,0.0,31.112514,16.06823,2096
29778,r2i1p1f1,2096,07,12,0.0,33.622074,16.145721,2096
29779,r2i1p1f1,2096,07,13,0.0,34.680458,17.017752,2096
29780,r2i1p1f1,2096,07,14,0.0,34.839886,17.870546,2096
29781,r2i1p1f1,2096,07,15,0.0,34.903618,16.981466,2096
29782,r2i1p1f1,2096,07,16,0.0,34.97895,17.323317,2096
29783,r2i1p1f1,2096,07,17,0.0,35.287563,18.200777,2096
29784,r2i1p1f1,2096,07,18,0.0,36.31839,18.519127,2096
29785,r2i1p1f1,2096,07,19,0.0,36.77785,18.858421,2096
29786,r2i1p1f1,2096,07,20,0.0,36.65187,18.544752,2096
29787,r2i1p1f1,2096,07,21,0.0,35.595955,17.706146,2096
29788,r2i1p1f1,2096,07,22,0.0,33.628815,17.642056,2096
29789,r2i1p1f1,2096,07,23,0.0,34.24148,16.22122,2096
29790,r2i1p1f1,2096,07,24,0.0,33.99237,17.88506,2096
29791,r2i1p1f1,2096,07,25,0.0,35.379166,17.14784,2096
29792,r2i1p1f1,2096,07,26,0.0,34.11966,16.901424,2096
29793,r2i1p1f1,2096,07,27,0.0,33.37704,16.246798,2096
29794,r2i1p1f1,2096,07,28,0.0,32.651497,15.676368,2096
29795,r2i1p1f1,2096,07,29,0.0,34.0319,16.516047,2096
29796,r2i1p1f1,2096,07,30,0.0,35.955956,18.584463,2096
29797,r2i1p1f1,2096,07,31,0.0,37.91089,20.153666,2096
29798,r2i1p1f1,2096,08,01,0.0,38.305916,20.90173,2096
29799,r2i1p1f1,2096,08,02,0.0,37.187847,19.419508,2096
29800,r2i1p1f1,2096,08,03,0.0,37.611313,20.015293,2096
29801,r2i1p1f1,2096,08,04,0.0,38.292957,21.147556,2096
29802,r2i1p1f1,2096,08,05,0.0,38.713875,21.199194,2096
29803,r2i1p1f1,2096,08,06,0.0,38.393875,21.2048,2096
29804,r2i1p1f1,2096,08,07,0.0,38.25502,20.856203,2096
29805,r2i1p1f1,2096,08,08,0.0,39.495285,21.823215,2096
29806,r2i1p1f1,2096,08,09,0.0,39.279778,22.567434,2096
29807,r2i1p1f1,2096,08,10,0.0,37.94527,20.599962,2096
29808,r2i1p1f1,2096,08,11,0.0,35.027527,17.26458,2096
29809,r2i1p1f1,2096,08,12,0.0003829708134617249,35.67923,18.194653,2096
29810,r2i1p1f1,2096,08,13,0.0,35.823044,18.01948,2096
29811,r2i1p1f1,2096,08,14,0.0,35.70508,18.161703,2096
29812,r2i1p1f1,2096,08,15,0.0,34.524254,16.80804,2096
29813,r2i1p1f1,2096,08,16,0.0,33.696537,15.874016,2096
29814,r2i1p1f1,2096,08,17,0.0,32.640423,15.751018,2096
29815,r2i1p1f1,2096,08,18,0.0032312813485847213,33.2239,15.573367,2096
29816,r2i1p1f1,2096,08,19,17.455924447606847,34.977196,17.981188,2096
29817,r2i1p1f1,2096,08,20,4.100963815849704,35.030216,19.72952,2096
29818,r2i1p1f1,2096,08,21,0.7026540941016999,35.175,19.633965,2096
29819,r2i1p1f1,2096,08,22,0.024153251062951034,37.774776,20.081583,2096
29820,r2i1p1f1,2096,08,23,3.87087905255612,37.03676,19.839115,2096
29821,r2i1p1f1,2096,08,24,0.0,34.26051,17.886055,2096
29822,r2i1p1f1,2096,08,25,0.0,34.54487,17.60065,2096
29823,r2i1p1f1,2096,08,26,0.10478666271620359,34.70839,16.940573,2096
29824,r2i1p1f1,2096,08,27,0.0,33.182312,17.50804,2096
29825,r2i1p1f1,2096,08,28,0.0,33.48152,17.780432,2096
29826,r2i1p1f1,2096,08,29,0.11662858529374577,35.194035,18.84264,2096
29827,r2i1p1f1,2096,08,30,0.0,35.969345,19.724102,2096
29828,r2i1p1f1,2096,08,31,0.0,35.02097,21.116955,2096
29829,r2i1p1f1,2096,09,01,0.0,33.993217,19.209131,2096
29830,r2i1p1f1,2096,09,02,0.0,33.08373,18.280972,2096
29831,r2i1p1f1,2096,09,03,0.0,33.673035,17.3071,2096
29832,r2i1p1f1,2096,09,04,0.0,32.52449,16.605942,2096
29833,r2i1p1f1,2096,09,05,0.0,28.194307,14.283804,2096
29834,r2i1p1f1,2096,09,06,0.0,24.636889,10.497016,2096
29835,r2i1p1f1,2096,09,07,0.0,26.858173,10.600413,2096
29836,r2i1p1f1,2096,09,08,0.0,28.84141,12.783852,2096
29837,r2i1p1f1,2096,09,09,0.0,28.455116,13.234668,2096
29838,r2i1p1f1,2096,09,10,0.0,27.167938,12.340813,2096
29839,r2i1p1f1,2096,09,11,0.0,25.251791,10.263298,2096
29840,r2i1p1f1,2096,09,12,0.0,23.2954,8.57737,2096
29841,r2i1p1f1,2096,09,13,0.0,24.445566,8.552595,2096
29842,r2i1p1f1,2096,09,14,0.0,24.816557,8.868546,2096
29843,r2i1p1f1,2096,09,15,0.0,26.90396,10.450709,2096
29844,r2i1p1f1,2096,09,16,0.0,27.940624,11.277973,2096
29845,r2i1p1f1,2096,09,17,0.0,26.975634,10.880339,2096
29846,r2i1p1f1,2096,09,18,0.0,25.368114,8.60941,2096
29847,r2i1p1f1,2096,09,19,0.006726609269837634,24.730648,9.134985,2096
29848,r2i1p1f1,2096,09,20,0.0,27.550411,10.81656,2096
29849,r2i1p1f1,2096,09,21,0.0,29.764652,13.044619,2096
29850,r2i1p1f1,2096,09,22,0.0,30.209103,14.156993,2096
29851,r2i1p1f1,2096,09,23,0.0,31.828062,15.7727375,2096
29852,r2i1p1f1,2096,09,24,0.0,33.811337,17.272114,2096
29853,r2i1p1f1,2096,09,25,0.0,35.537727,18.661621,2096
29854,r2i1p1f1,2096,09,26,0.0,37.381153,20.877619,2096
29855,r2i1p1f1,2096,09,27,0.0,38.41089,21.79268,2096
29856,r2i1p1f1,2096,09,28,0.0,39.754013,22.062716,2096
29857,r2i1p1f1,2096,09,29,0.0,38.419407,21.257084,2096
29858,r2i1p1f1,2096,09,30,0.01498107388985003,36.760406,19.578938,2096
29859,r2i1p1f1,2096,10,01,0.0,36.830578,19.576712,2096
29860,r2i1p1f1,2096,10,02,0.18941930698369666,34.60525,18.180494,2096
29861,r2i1p1f1,2096,10,03,0.0,35.427063,18.87458,2096
29862,r2i1p1f1,2096,10,04,0.4477114127929291,37.011665,20.041098,2096
29863,r2i1p1f1,2096,10,05,0.9856020982554653,29.582994,16.08172,2096
29864,r2i1p1f1,2096,10,06,0.02289601945379288,29.499653,15.525606,2096
29865,r2i1p1f1,2096,10,07,0.0,28.295723,15.3233595,2096
29866,r2i1p1f1,2096,10,08,0.13584723683729513,23.75091,10.181464,2096
29867,r2i1p1f1,2096,10,09,2.267226113340607,19.374418,8.938324,2096
29868,r2i1p1f1,2096,10,10,2.2404664470566504,18.029947,9.602594,2096
29869,r2i1p1f1,2096,10,11,0.0,24.29463,7.818356,2096
29870,r2i1p1f1,2096,10,12,0.0,24.427761,11.267165,2096
29871,r2i1p1f1,2096,10,13,0.0,28.373789,10.542967,2096
29872,r2i1p1f1,2096,10,14,0.0,30.550606,14.372744,2096
29873,r2i1p1f1,2096,10,15,0.0,32.46221,15.082256,2096
29874,r2i1p1f1,2096,10,16,0.0,34.08003,16.185322,2096
29875,r2i1p1f1,2096,10,17,0.0,31.15487,14.32368,2096
29876,r2i1p1f1,2096,10,18,0.0,31.646952,13.212026,2096
29877,r2i1p1f1,2096,10,19,0.0,31.729053,13.453672,2096
29878,r2i1p1f1,2096,10,20,0.0,30.846354,12.454418,2096
29879,r2i1p1f1,2096,10,21,0.0,30.458178,13.831343,2096
29880,r2i1p1f1,2096,10,22,0.0,31.253325,14.142224,2096
29881,r2i1p1f1,2096,10,23,0.0,33.197853,14.545734,2096
29882,r2i1p1f1,2096,10,24,0.0,33.771667,14.777219,2096
29883,r2i1p1f1,2096,10,25,0.0,29.12354,15.116915,2096
29884,r2i1p1f1,2096,10,26,0.0,25.349672,11.003381,2096
29885,r2i1p1f1,2096,10,27,0.0,28.986422,13.214795,2096
29886,r2i1p1f1,2096,10,28,0.0,31.87585,16.558022,2096
29887,r2i1p1f1,2096,10,29,0.0,32.936554,16.319927,2096
29888,r2i1p1f1,2096,10,30,0.0,32.584324,15.472043,2096
29889,r2i1p1f1,2096,10,31,0.0,27.607035,10.641539,2096
29890,r2i1p1f1,2096,11,01,0.0,23.19709,7.2065835,2096
29891,r2i1p1f1,2096,11,02,0.0,21.133701,6.0958314,2096
29892,r2i1p1f1,2096,11,03,0.0,18.220232,3.731886,2096
29893,r2i1p1f1,2096,11,04,0.0,20.776527,4.9328833,2096
29894,r2i1p1f1,2096,11,05,0.0,18.641949,4.71046,2096
29895,r2i1p1f1,2096,11,06,0.0,17.71527,4.49229,2096
29896,r2i1p1f1,2096,11,07,0.0,16.84687,3.058617,2096
29897,r2i1p1f1,2096,11,08,0.0,19.357714,1.2488804,2096
29898,r2i1p1f1,2096,11,09,0.0,19.84398,2.9259953,2096
29899,r2i1p1f1,2096,11,10,0.0,15.7479515,0.6632103,2096
29900,r2i1p1f1,2096,11,11,0.0,15.716912,2.1797285,2096
29901,r2i1p1f1,2096,11,12,0.0,10.751578,-5.149485,2096
29902,r2i1p1f1,2096,11,13,0.0,10.01201,-4.1158605,2096
29903,r2i1p1f1,2096,11,14,0.0,11.545404,-4.207704,2096
29904,r2i1p1f1,2096,11,15,0.0,12.119813,-3.4514008,2096
29905,r2i1p1f1,2096,11,16,0.03594938831296391,10.209329,-2.7910473,2096
29906,r2i1p1f1,2096,11,17,0.0,10.002185,-1.6248919,2096
29907,r2i1p1f1,2096,11,18,0.0,14.771726,-1.4815825,2096
29908,r2i1p1f1,2096,11,19,0.0,17.699444,-3.211446,2096
29909,r2i1p1f1,2096,11,20,0.013529489513950046,16.849249,-2.927842,2096
29910,r2i1p1f1,2096,11,21,10.6864961428073,7.9128885,-2.120956,2096
29911,r2i1p1f1,2096,11,22,0.0,11.891624,-5.283794,2096
29912,r2i1p1f1,2096,11,23,0.0,18.094292,-2.0169244,2096
29913,r2i1p1f1,2096,11,24,0.15365253245993069,17.18869,3.4996948,2096
29914,r2i1p1f1,2096,11,25,0.0,19.960678,0.38902205,2096
29915,r2i1p1f1,2096,11,26,0.0,20.832123,4.1131735,2096
29916,r2i1p1f1,2096,11,27,0.0,23.074842,5.758352,2096
29917,r2i1p1f1,2096,11,28,0.0,24.9198,4.2726526,2096
29918,r2i1p1f1,2096,11,29,0.0,23.33641,2.3396983,2096
29919,r2i1p1f1,2096,11,30,2.3176022055220247,16.860853,3.917511,2096
29920,r2i1p1f1,2096,12,01,0.0,18.45646,3.0650804,2096
29921,r2i1p1f1,2096,12,02,0.0,18.970663,2.9872792,2096
29922,r2i1p1f1,2096,12,03,0.0,17.950748,2.9518828,2096
29923,r2i1p1f1,2096,12,04,6.037370093599748,13.867895,5.5894628,2096
29924,r2i1p1f1,2096,12,05,0.0,16.30644,4.2838674,2096
29925,r2i1p1f1,2096,12,06,0.0,18.519897,5.019316,2096
29926,r2i1p1f1,2096,12,07,0.0,18.745497,4.3286166,2096
29927,r2i1p1f1,2096,12,08,0.0,15.364439,3.7377691,2096
29928,r2i1p1f1,2096,12,09,0.7267998162485758,15.211484,7.3328433,2096
29929,r2i1p1f1,2096,12,10,0.0,19.31872,3.949892,2096
29930,r2i1p1f1,2096,12,11,0.0,20.80689,6.204098,2096
29931,r2i1p1f1,2096,12,12,0.0,18.807611,6.0531054,2096
29932,r2i1p1f1,2096,12,13,0.0,18.130188,5.38959,2096
29933,r2i1p1f1,2096,12,14,0.0,19.015015,3.4297297,2096
29934,r2i1p1f1,2096,12,15,0.0,19.61955,3.975169,2096
29935,r2i1p1f1,2096,12,16,0.0,20.08105,4.722452,2096
29936,r2i1p1f1,2096,12,17,0.0,18.81655,5.435463,2096
29937,r2i1p1f1,2096,12,18,3.305244088964033,14.510703,4.848019,2096
29938,r2i1p1f1,2096,12,19,0.0,17.364956,4.446544,2096
29939,r2i1p1f1,2096,12,20,15.536868972300839,11.25944,4.0727706,2096
29940,r2i1p1f1,2096,12,21,46.9755785248708,3.935487,0.6118416,2096
29941,r2i1p1f1,2096,12,22,8.881212567149095,5.138941,-1.1235136,2096
29942,r2i1p1f1,2096,12,23,0.0,7.7205358,-3.6896684,2096
29943,r2i1p1f1,2096,12,24,0.0,9.22797,-3.796869,2096
29944,r2i1p1f1,2096,12,25,0.0,7.793716,-5.4247513,2096
29945,r2i1p1f1,2096,12,26,0.0,6.8520846,-4.751248,2096
29946,r2i1p1f1,2096,12,27,0.18413455078329066,5.3858867,-0.7687886,2096
29947,r2i1p1f1,2096,12,28,0.13276916757000926,4.532855,-0.6579665,2096
29948,r2i1p1f1,2096,12,29,0.0,7.8575754,-4.589162,2096
29949,r2i1p1f1,2096,12,30,0.0,8.107306,-4.714328,2096
29950,r2i1p1f1,2096,12,31,5.627840905239841,4.644184,-0.034669437,2096
29951,r2i1p1f1,2097,01,01,25.830125428127268,2.5856056,1.9517407,2097
29952,r2i1p1f1,2097,01,02,57.413509855261786,4.467341,-8.068347,2097
29953,r2i1p1f1,2097,01,03,9.626366494614139,3.819435,-8.511999,2097
29954,r2i1p1f1,2097,01,04,41.32886166738059,6.39565,-1.0636721,2097
29955,r2i1p1f1,2097,01,05,49.04947030859498,8.559211,2.215833,2097
29956,r2i1p1f1,2097,01,06,20.610552882415224,6.529059,1.8503894,2097
29957,r2i1p1f1,2097,01,07,90.51242225373593,9.497366,2.1768072,2097
29958,r2i1p1f1,2097,01,08,22.902713853937502,9.856781,2.6335497,2097
29959,r2i1p1f1,2097,01,09,23.627284910673133,8.074815,2.8235967,2097
29960,r2i1p1f1,2097,01,10,1.358157296083216,7.9872794,2.241531,2097
29961,r2i1p1f1,2097,01,11,60.879318319404355,7.521008,2.6459749,2097
29962,r2i1p1f1,2097,01,12,23.094096980639733,6.132225,1.5189415,2097
29963,r2i1p1f1,2097,01,13,24.856532644256593,8.875447,3.6459882,2097
29964,r2i1p1f1,2097,01,14,33.251241302619185,11.362142,4.1710086,2097
29965,r2i1p1f1,2097,01,15,61.06653550523333,14.334182,0.46272972,2097
29966,r2i1p1f1,2097,01,16,6.865185307748771,4.2593975,-1.2455114,2097
29967,r2i1p1f1,2097,01,17,0.0,1.4667335,-8.329084,2097
29968,r2i1p1f1,2097,01,18,0.0,3.3994555,-7.9182177,2097
29969,r2i1p1f1,2097,01,19,0.0,9.430413,-4.605953,2097
29970,r2i1p1f1,2097,01,20,0.0,7.6383653,-4.6225815,2097
29971,r2i1p1f1,2097,01,21,0.0,6.008596,-5.158442,2097
29972,r2i1p1f1,2097,01,22,0.0,10.035963,-2.4174328,2097
29973,r2i1p1f1,2097,01,23,0.0,13.292271,-1.0386606,2097
29974,r2i1p1f1,2097,01,24,0.0,18.7296,5.1244054,2097
29975,r2i1p1f1,2097,01,25,0.0,20.3994,5.201268,2097
29976,r2i1p1f1,2097,01,26,0.0,18.268515,4.2609706,2097
29977,r2i1p1f1,2097,01,27,0.0,8.867973,0.28856882,2097
29978,r2i1p1f1,2097,01,28,26.055061968061356,8.093786,1.9960722,2097
29979,r2i1p1f1,2097,01,29,32.99713016648848,12.422311,5.601029,2097
29980,r2i1p1f1,2097,01,30,0.22426420979225162,16.087559,3.2233806,2097
29981,r2i1p1f1,2097,01,31,29.684917740702915,9.480696,-0.10797628,2097
29982,r2i1p1f1,2097,02,01,108.69746055239095,16.331377,2.8563259,2097
29983,r2i1p1f1,2097,02,02,112.03720238409005,13.830942,6.460534,2097
29984,r2i1p1f1,2097,02,03,39.19489927804814,15.200904,5.2779016,2097
29985,r2i1p1f1,2097,02,04,17.294712182103048,12.53669,0.8136317,2097
29986,r2i1p1f1,2097,02,05,0.0,10.132488,4.6611686,2097
29987,r2i1p1f1,2097,02,06,0.0,16.65857,5.696294,2097
29988,r2i1p1f1,2097,02,07,1.9374904594839721,13.216223,6.0734296,2097
29989,r2i1p1f1,2097,02,08,0.0,17.28591,8.026509,2097
29990,r2i1p1f1,2097,02,09,0.0,18.039467,5.1960917,2097
29991,r2i1p1f1,2097,02,10,0.0,14.840479,4.530721,2097
29992,r2i1p1f1,2097,02,11,4.062040842109127,12.412261,5.8348866,2097
29993,r2i1p1f1,2097,02,12,8.424444300824408,12.214061,5.6330237,2097
29994,r2i1p1f1,2097,02,13,1.1436561770674065,13.81504,6.4122515,2097
29995,r2i1p1f1,2097,02,14,13.133769785277904,13.092505,-1.1781522,2097
29996,r2i1p1f1,2097,02,15,15.79582336223841,6.470058,-0.29182032,2097
29997,r2i1p1f1,2097,02,16,10.969259742761587,4.879589,-0.3211352,2097
29998,r2i1p1f1,2097,02,17,10.277115911230794,5.768791,-1.0955544,2097
29999,r2i1p1f1,2097,02,18,0.3524771680811402,7.903934,1.2261676,2097
30000,r2i1p1f1,2097,02,19,20.06949582875957,8.482285,2.8862317,2097
30001,r2i1p1f1,2097,02,20,52.7898844358368,11.82849,2.1421285,2097
30002,r2i1p1f1,2097,02,21,138.4967718237581,10.660169,3.8012273,2097
30003,r2i1p1f1,2097,02,22,47.45477042205703,10.898509,0.026449742,2097
30004,r2i1p1f1,2097,02,23,14.633865317871543,7.565605,-0.44238165,2097
30005,r2i1p1f1,2097,02,24,5.260404750637585,4.6571827,-3.5808916,2097
30006,r2i1p1f1,2097,02,25,0.0,9.229528,-0.895518,2097
30007,r2i1p1f1,2097,02,26,0.047289223808687754,8.075206,0.18925828,2097
30008,r2i1p1f1,2097,02,27,0.0,6.5655375,0.70076156,2097
30009,r2i1p1f1,2097,02,28,0.0,10.654064,-2.3618577,2097
30010,r2i1p1f1,2097,03,01,0.0,19.106016,0.8245551,2097
30011,r2i1p1f1,2097,03,02,0.0,16.574362,2.8581316,2097
30012,r2i1p1f1,2097,03,03,0.0,16.431095,3.2172658,2097
30013,r2i1p1f1,2097,03,04,0.0,17.48608,2.9177508,2097
30014,r2i1p1f1,2097,03,05,0.0,16.483255,3.5775805,2097
30015,r2i1p1f1,2097,03,06,53.942842379686994,9.3501,0.6348886,2097
30016,r2i1p1f1,2097,03,07,64.69039009310879,3.6390834,-3.0226781,2097
30017,r2i1p1f1,2097,03,08,29.814511006518913,2.9627614,-2.6618917,2097
30018,r2i1p1f1,2097,03,09,2.2506939082632016,3.5295753,-0.7270328,2097
30019,r2i1p1f1,2097,03,10,0.0015437173794033208,10.780197,2.0632305,2097
30020,r2i1p1f1,2097,03,11,0.0,15.552278,0.9718768,2097
30021,r2i1p1f1,2097,03,12,0.0,17.681671,1.7618705,2097
30022,r2i1p1f1,2097,03,13,0.0,18.317728,2.7460575,2097
30023,r2i1p1f1,2097,03,14,0.0,17.503553,2.9093537,2097
30024,r2i1p1f1,2097,03,15,0.0,20.265417,4.4471755,2097
30025,r2i1p1f1,2097,03,16,0.0,19.017662,5.035454,2097
30026,r2i1p1f1,2097,03,17,0.0,20.54581,5.330625,2097
30027,r2i1p1f1,2097,03,18,0.0,23.210064,7.310686,2097
30028,r2i1p1f1,2097,03,19,0.0,23.7154,7.8811707,2097
30029,r2i1p1f1,2097,03,20,2.2484615700075383,17.859896,2.0175593,2097
30030,r2i1p1f1,2097,03,21,20.09525349377117,8.181881,0.31946543,2097
30031,r2i1p1f1,2097,03,22,67.92833340049793,8.879462,3.3391767,2097
30032,r2i1p1f1,2097,03,23,0.0,15.687986,4.285497,2097
30033,r2i1p1f1,2097,03,24,0.0,18.10007,2.623405,2097
30034,r2i1p1f1,2097,03,25,0.0,19.020952,2.7850873,2097
30035,r2i1p1f1,2097,03,26,0.0,21.000135,2.865592,2097
30036,r2i1p1f1,2097,03,27,0.0,22.780064,4.9556875,2097
30037,r2i1p1f1,2097,03,28,0.0,23.495777,7.0174513,2097
30038,r2i1p1f1,2097,03,29,0.0,25.592062,7.714171,2097
30039,r2i1p1f1,2097,03,30,0.0,24.285727,8.003978,2097
30040,r2i1p1f1,2097,03,31,0.0,24.491251,6.0899844,2097
30041,r2i1p1f1,2097,04,01,0.0,22.452145,3.9800682,2097
30042,r2i1p1f1,2097,04,02,12.260718837653538,11.392241,4.150834,2097
30043,r2i1p1f1,2097,04,03,5.9406362713791445,9.030083,3.9149654,2097
30044,r2i1p1f1,2097,04,04,11.345766110179493,8.16263,-3.382677,2097
30045,r2i1p1f1,2097,04,05,8.026189407358357,7.6007094,-0.78636444,2097
30046,r2i1p1f1,2097,04,06,2.503975363547047,6.6516323,-2.2149665,2097
30047,r2i1p1f1,2097,04,07,0.08132750167883038,8.373281,-2.5610206,2097
30048,r2i1p1f1,2097,04,08,0.0,10.263265,-2.9798336,2097
30049,r2i1p1f1,2097,04,09,0.0,17.854725,0.9142116,2097
30050,r2i1p1f1,2097,04,10,0.0,20.780975,3.5829363,2097
30051,r2i1p1f1,2097,04,11,0.0,22.630049,3.9271412,2097
30052,r2i1p1f1,2097,04,12,0.0,26.540327,8.20701,2097
30053,r2i1p1f1,2097,04,13,0.0,27.320082,9.819439,2097
30054,r2i1p1f1,2097,04,14,0.0,27.403463,9.960427,2097
30055,r2i1p1f1,2097,04,15,0.0,25.458624,7.7157874,2097
30056,r2i1p1f1,2097,04,16,0.0,23.992794,7.0083804,2097
30057,r2i1p1f1,2097,04,17,0.0,21.454937,6.399291,2097
30058,r2i1p1f1,2097,04,18,0.0,21.101439,6.1149864,2097
30059,r2i1p1f1,2097,04,19,0.0,20.110401,4.8674183,2097
30060,r2i1p1f1,2097,04,20,0.0,21.072119,4.4178915,2097
30061,r2i1p1f1,2097,04,21,0.0,26.0723,8.702508,2097
30062,r2i1p1f1,2097,04,22,0.0,27.267406,9.076137,2097
30063,r2i1p1f1,2097,04,23,0.0,28.462667,11.105754,2097
30064,r2i1p1f1,2097,04,24,0.0,29.11413,11.635701,2097
30065,r2i1p1f1,2097,04,25,0.0,28.31102,10.607576,2097
30066,r2i1p1f1,2097,04,26,21.829940294712568,17.36565,1.4794837,2097
30067,r2i1p1f1,2097,04,27,30.037810911352818,10.747764,4.5123014,2097
30068,r2i1p1f1,2097,04,28,0.5505323720346775,14.172514,7.609225,2097
30069,r2i1p1f1,2097,04,29,0.0026588003842894416,21.88403,3.9467015,2097
30070,r2i1p1f1,2097,04,30,0.0,23.025316,5.9613075,2097
30071,r2i1p1f1,2097,05,01,3.651334124487431,16.999971,1.7936194,2097
30072,r2i1p1f1,2097,05,02,17.181954515343442,14.038401,4.7423105,2097
30073,r2i1p1f1,2097,05,03,1.5989507992064598,17.26357,1.0594301,2097
30074,r2i1p1f1,2097,05,04,0.0,22.94769,7.32832,2097
30075,r2i1p1f1,2097,05,05,0.0,25.88567,10.064172,2097
30076,r2i1p1f1,2097,05,06,1.6579536825772196,22.042294,6.812787,2097
30077,r2i1p1f1,2097,05,07,0.0,23.181097,7.655782,2097
30078,r2i1p1f1,2097,05,08,0.0,26.667465,10.1028595,2097
30079,r2i1p1f1,2097,05,09,0.0,25.894554,10.249603,2097
30080,r2i1p1f1,2097,05,10,0.0,29.388462,11.226229,2097
30081,r2i1p1f1,2097,05,11,0.0,31.192533,13.809336,2097
30082,r2i1p1f1,2097,05,12,0.0,29.686954,12.594393,2097
30083,r2i1p1f1,2097,05,13,4.691117102811404,16.993296,3.2057989,2097
30084,r2i1p1f1,2097,05,14,0.0,21.20372,4.826879,2097
30085,r2i1p1f1,2097,05,15,0.0,21.440653,6.1016717,2097
30086,r2i1p1f1,2097,05,16,0.0,17.20204,2.2285407,2097
30087,r2i1p1f1,2097,05,17,0.09980299943820753,16.236483,2.487608,2097
30088,r2i1p1f1,2097,05,18,0.6569918092841712,18.544256,0.7991661,2097
30089,r2i1p1f1,2097,05,19,0.0,21.725927,5.5818057,2097
30090,r2i1p1f1,2097,05,20,0.0,24.305763,6.848506,2097
30091,r2i1p1f1,2097,05,21,0.0,26.641066,8.249953,2097
30092,r2i1p1f1,2097,05,22,0.0,26.761572,9.363122,2097
30093,r2i1p1f1,2097,05,23,0.0,25.9144,9.131741,2097
30094,r2i1p1f1,2097,05,24,0.0,31.964493,14.128183,2097
30095,r2i1p1f1,2097,05,25,0.0,32.247288,14.886268,2097
30096,r2i1p1f1,2097,05,26,0.0,29.51631,12.690898,2097
30097,r2i1p1f1,2097,05,27,0.0,27.781132,9.879497,2097
30098,r2i1p1f1,2097,05,28,0.0,27.172977,9.303238,2097
30099,r2i1p1f1,2097,05,29,0.0,23.299652,7.433669,2097
30100,r2i1p1f1,2097,05,30,0.0,26.322496,9.007907,2097
30101,r2i1p1f1,2097,05,31,0.0,31.01815,14.271356,2097
30102,r2i1p1f1,2097,06,01,0.0,36.269062,19.413404,2097
30103,r2i1p1f1,2097,06,02,0.0,35.576286,17.777395,2097
30104,r2i1p1f1,2097,06,03,0.0,34.342274,16.003138,2097
30105,r2i1p1f1,2097,06,04,0.0,32.534466,14.044055,2097
30106,r2i1p1f1,2097,06,05,0.0,26.68188,9.787343,2097
30107,r2i1p1f1,2097,06,06,0.0,31.94714,15.282197,2097
30108,r2i1p1f1,2097,06,07,0.0,32.021446,14.340906,2097
30109,r2i1p1f1,2097,06,08,0.0,29.374166,12.8274145,2097
30110,r2i1p1f1,2097,06,09,0.0,26.283598,10.456044,2097
30111,r2i1p1f1,2097,06,10,0.0,25.729828,10.11571,2097
30112,r2i1p1f1,2097,06,11,0.0006687564284500416,21.478146,8.263628,2097
30113,r2i1p1f1,2097,06,12,0.0,24.947845,7.4146986,2097
30114,r2i1p1f1,2097,06,13,0.0,27.298828,12.015983,2097
30115,r2i1p1f1,2097,06,14,0.0,31.125763,13.248254,2097
30116,r2i1p1f1,2097,06,15,0.0,31.693285,14.981443,2097
30117,r2i1p1f1,2097,06,16,0.0,34.9789,16.450651,2097
30118,r2i1p1f1,2097,06,17,0.0,35.976543,17.541765,2097
30119,r2i1p1f1,2097,06,18,0.0,34.925373,16.35584,2097
30120,r2i1p1f1,2097,06,19,0.0,30.28299,12.881043,2097
30121,r2i1p1f1,2097,06,20,0.0,31.536549,13.242679,2097
30122,r2i1p1f1,2097,06,21,0.0,32.951828,17.500257,2097
30123,r2i1p1f1,2097,06,22,0.0,33.25294,14.646309,2097
30124,r2i1p1f1,2097,06,23,0.0,32.316544,13.53812,2097
30125,r2i1p1f1,2097,06,24,0.0,32.687107,13.644053,2097
30126,r2i1p1f1,2097,06,25,0.0,34.95203,16.316635,2097
30127,r2i1p1f1,2097,06,26,0.0,35.055275,16.823116,2097
30128,r2i1p1f1,2097,06,27,0.0,34.756374,17.087126,2097
30129,r2i1p1f1,2097,06,28,0.0,33.444256,16.731203,2097
30130,r2i1p1f1,2097,06,29,0.4833299349859142,33.401707,16.625679,2097
30131,r2i1p1f1,2097,06,30,0.10399839887283563,34.140625,16.347687,2097
30132,r2i1p1f1,2097,07,01,11.4304426450312,34.514023,17.1421,2097
30133,r2i1p1f1,2097,07,02,1.3191983050931482,31.01195,19.263609,2097
30134,r2i1p1f1,2097,07,03,11.97555821815443,31.390268,18.04435,2097
30135,r2i1p1f1,2097,07,04,0.22267591143295598,30.84765,14.327408,2097
30136,r2i1p1f1,2097,07,05,0.0,29.903526,13.352337,2097
30137,r2i1p1f1,2097,07,06,0.0,30.510824,14.539244,2097
30138,r2i1p1f1,2097,07,07,0.0,31.61605,15.000845,2097
30139,r2i1p1f1,2097,07,08,0.0,33.1805,15.047417,2097
30140,r2i1p1f1,2097,07,09,0.0,34.056858,15.298489,2097
30141,r2i1p1f1,2097,07,10,0.0,33.91473,15.67565,2097
30142,r2i1p1f1,2097,07,11,0.0,34.272594,16.392426,2097
30143,r2i1p1f1,2097,07,12,0.0,34.81924,16.748228,2097
30144,r2i1p1f1,2097,07,13,0.0,34.479015,16.17236,2097
30145,r2i1p1f1,2097,07,14,0.0,31.627203,15.480899,2097
30146,r2i1p1f1,2097,07,15,0.0,30.93457,14.469626,2097
30147,r2i1p1f1,2097,07,16,0.0,32.20048,15.772356,2097
30148,r2i1p1f1,2097,07,17,0.0,32.922665,15.104216,2097
30149,r2i1p1f1,2097,07,18,0.0,33.435806,15.162375,2097
30150,r2i1p1f1,2097,07,19,0.0,33.406353,15.345788,2097
30151,r2i1p1f1,2097,07,20,0.0,33.0724,15.457056,2097
30152,r2i1p1f1,2097,07,21,0.0,32.0809,15.643799,2097
30153,r2i1p1f1,2097,07,22,0.0,32.20084,15.949683,2097
30154,r2i1p1f1,2097,07,23,0.0,34.18135,17.914112,2097
30155,r2i1p1f1,2097,07,24,0.0,36.068832,18.328974,2097
30156,r2i1p1f1,2097,07,25,0.0,36.194904,18.56905,2097
30157,r2i1p1f1,2097,07,26,0.06238798038723941,35.658665,19.4583,2097
30158,r2i1p1f1,2097,07,27,0.0,34.440125,18.195248,2097
30159,r2i1p1f1,2097,07,28,0.7246878311539499,35.511448,19.577852,2097
30160,r2i1p1f1,2097,07,29,0.0,32.950413,15.481833,2097
30161,r2i1p1f1,2097,07,30,0.0,31.265884,15.687773,2097
30162,r2i1p1f1,2097,07,31,0.0,31.332758,15.528425,2097
30163,r2i1p1f1,2097,08,01,0.0,34.430378,17.942839,2097
30164,r2i1p1f1,2097,08,02,0.0,36.587906,20.328667,2097
30165,r2i1p1f1,2097,08,03,0.0,37.39758,21.975004,2097
30166,r2i1p1f1,2097,08,04,0.0,37.870598,21.596375,2097
30167,r2i1p1f1,2097,08,05,0.0,36.961395,19.56314,2097
30168,r2i1p1f1,2097,08,06,0.40063096341607607,32.699364,18.539415,2097
30169,r2i1p1f1,2097,08,07,5.495842997459897,24.576525,12.555156,2097
30170,r2i1p1f1,2097,08,08,0.0,27.546112,12.996179,2097
30171,r2i1p1f1,2097,08,09,0.0,28.86986,13.816179,2097
30172,r2i1p1f1,2097,08,10,0.0,29.653965,15.134153,2097
30173,r2i1p1f1,2097,08,11,0.0,29.826254,15.080485,2097
30174,r2i1p1f1,2097,08,12,0.0,31.929981,16.128325,2097
30175,r2i1p1f1,2097,08,13,0.0,33.214687,16.082973,2097
30176,r2i1p1f1,2097,08,14,0.0,34.128006,16.908125,2097
30177,r2i1p1f1,2097,08,15,0.0,34.583595,17.842407,2097
30178,r2i1p1f1,2097,08,16,0.0,35.54671,18.533127,2097
30179,r2i1p1f1,2097,08,17,22.970950962665555,36.315956,19.973646,2097
30180,r2i1p1f1,2097,08,18,5.602532554565607,37.313725,21.163588,2097
30181,r2i1p1f1,2097,08,19,21.173221438560248,36.835075,21.64413,2097
30182,r2i1p1f1,2097,08,20,0.8134227377572992,36.084637,18.898064,2097
30183,r2i1p1f1,2097,08,21,13.46326440123868,36.390835,22.283321,2097
30184,r2i1p1f1,2097,08,22,1.482875039213328,31.836857,18.126787,2097
30185,r2i1p1f1,2097,08,23,0.0004507855150082972,30.41097,17.393911,2097
30186,r2i1p1f1,2097,08,24,5.41997615181082,32.925285,18.304152,2097
30187,r2i1p1f1,2097,08,25,0.0,32.712276,15.45721,2097
30188,r2i1p1f1,2097,08,26,0.0,32.40249,15.864202,2097
30189,r2i1p1f1,2097,08,27,0.0,32.768368,15.382568,2097
30190,r2i1p1f1,2097,08,28,0.0,32.398594,14.89327,2097
30191,r2i1p1f1,2097,08,29,0.0,33.19114,14.813531,2097
30192,r2i1p1f1,2097,08,30,0.0,33.906918,15.442449,2097
30193,r2i1p1f1,2097,08,31,0.0,33.75509,14.898732,2097
30194,r2i1p1f1,2097,09,01,0.0,30.48254,15.681988,2097
30195,r2i1p1f1,2097,09,02,0.0,27.759125,13.780721,2097
30196,r2i1p1f1,2097,09,03,0.0,29.219263,14.447316,2097
30197,r2i1p1f1,2097,09,04,0.0,32.58493,16.998564,2097
30198,r2i1p1f1,2097,09,05,0.0,32.769527,17.591566,2097
30199,r2i1p1f1,2097,09,06,0.0,33.068905,17.054506,2097
30200,r2i1p1f1,2097,09,07,0.0,31.83061,16.646637,2097
30201,r2i1p1f1,2097,09,08,0.0,31.273876,15.882174,2097
30202,r2i1p1f1,2097,09,09,0.0,32.79528,15.75427,2097
30203,r2i1p1f1,2097,09,10,0.0,34.544804,17.176561,2097
30204,r2i1p1f1,2097,09,11,0.0,35.045418,18.891981,2097
30205,r2i1p1f1,2097,09,12,0.0,36.36746,21.317778,2097
30206,r2i1p1f1,2097,09,13,0.0,35.39661,20.688307,2097
30207,r2i1p1f1,2097,09,14,0.0,35.00537,19.67796,2097
30208,r2i1p1f1,2097,09,15,0.0,33.941162,18.30084,2097
30209,r2i1p1f1,2097,09,16,0.0,34.119637,18.125097,2097
30210,r2i1p1f1,2097,09,17,0.0,34.361286,18.023228,2097
30211,r2i1p1f1,2097,09,18,0.0,33.368282,17.741282,2097
30212,r2i1p1f1,2097,09,19,0.0,30.543243,15.75252,2097
30213,r2i1p1f1,2097,09,20,0.0,30.8086,16.20773,2097
30214,r2i1p1f1,2097,09,21,0.0,31.497334,16.832376,2097
30215,r2i1p1f1,2097,09,22,0.0,33.100327,17.614218,2097
30216,r2i1p1f1,2097,09,23,0.0,35.112118,18.28267,2097
30217,r2i1p1f1,2097,09,24,0.03748219951376086,36.41843,20.643473,2097
30218,r2i1p1f1,2097,09,25,0.0,37.795258,21.172857,2097
30219,r2i1p1f1,2097,09,26,1.2046367759222238,38.067898,21.356153,2097
30220,r2i1p1f1,2097,09,27,3.0770599159810583,31.75603,14.821296,2097
30221,r2i1p1f1,2097,09,28,0.7556789890346548,30.476044,14.904595,2097
30222,r2i1p1f1,2097,09,29,4.327762532207439,29.075235,14.96711,2097
30223,r2i1p1f1,2097,09,30,0.4656195515403502,31.556303,16.82856,2097
30224,r2i1p1f1,2097,10,01,5.858198592748592,29.181065,15.50792,2097
30225,r2i1p1f1,2097,10,02,41.3448823806063,26.101046,12.580743,2097
30226,r2i1p1f1,2097,10,03,29.38864160588799,24.569437,12.513737,2097
30227,r2i1p1f1,2097,10,04,45.64394413744314,19.097652,13.681648,2097
30228,r2i1p1f1,2097,10,05,1.1115754544474699,23.603405,9.495293,2097
30229,r2i1p1f1,2097,10,06,0.0,26.017422,11.116261,2097
30230,r2i1p1f1,2097,10,07,0.0,26.235218,12.681164,2097
30231,r2i1p1f1,2097,10,08,0.0,30.26625,15.696455,2097
30232,r2i1p1f1,2097,10,09,0.0,34.44502,18.320732,2097
30233,r2i1p1f1,2097,10,10,0.0,35.788937,17.968872,2097
30234,r2i1p1f1,2097,10,11,0.0,36.018417,17.754915,2097
30235,r2i1p1f1,2097,10,12,0.0,35.081894,17.840748,2097
30236,r2i1p1f1,2097,10,13,0.0,33.563457,17.101397,2097
30237,r2i1p1f1,2097,10,14,0.0,33.39428,16.67171,2097
30238,r2i1p1f1,2097,10,15,0.0,31.616835,15.665754,2097
30239,r2i1p1f1,2097,10,16,0.016726971760433047,28.478046,16.319733,2097
30240,r2i1p1f1,2097,10,17,0.0,28.533009,13.99333,2097
30241,r2i1p1f1,2097,10,18,0.0,30.327652,16.344568,2097
30242,r2i1p1f1,2097,10,19,0.0,29.620605,15.07916,2097
30243,r2i1p1f1,2097,10,20,3.163335158513711,25.434776,11.9020405,2097
30244,r2i1p1f1,2097,10,21,0.23044483994786227,27.285406,13.306465,2097
30245,r2i1p1f1,2097,10,22,0.0,27.98933,13.26877,2097
30246,r2i1p1f1,2097,10,23,0.0,28.19352,13.603462,2097
30247,r2i1p1f1,2097,10,24,0.0,30.348682,13.792151,2097
30248,r2i1p1f1,2097,10,25,0.0,30.552221,13.57346,2097
30249,r2i1p1f1,2097,10,26,0.0,29.341274,12.701296,2097
30250,r2i1p1f1,2097,10,27,0.0,20.880268,8.790557,2097
30251,r2i1p1f1,2097,10,28,0.0,17.210144,3.136087,2097
30252,r2i1p1f1,2097,10,29,0.0,17.320797,2.3884406,2097
30253,r2i1p1f1,2097,10,30,0.0,18.804794,6.0425715,2097
30254,r2i1p1f1,2097,10,31,36.26706293076635,18.746422,12.378135,2097
30255,r2i1p1f1,2097,11,01,6.0527484882746085,14.307595,5.1404033,2097
30256,r2i1p1f1,2097,11,02,1.5863602849024643,12.207998,5.092057,2097
30257,r2i1p1f1,2097,11,03,68.85271198295344,12.9703245,7.94994,2097
30258,r2i1p1f1,2097,11,04,42.42228377305974,12.238438,3.9908178,2097
30259,r2i1p1f1,2097,11,05,3.1921873619816883,10.46387,4.203046,2097
30260,r2i1p1f1,2097,11,06,5.567987250889508,8.649617,3.8484986,2097
30261,r2i1p1f1,2097,11,07,14.231484909088557,6.380247,0.7798734,2097
30262,r2i1p1f1,2097,11,08,0.015745741844651863,9.153491,2.1857295,2097
30263,r2i1p1f1,2097,11,09,1.5625771597185052,10.214665,-0.7947459,2097
30264,r2i1p1f1,2097,11,10,18.46218384086499,9.974206,5.706825,2097
30265,r2i1p1f1,2097,11,11,81.4057723681729,14.107256,6.788164,2097
30266,r2i1p1f1,2097,11,12,35.16121256218936,13.734522,8.870234,2097
30267,r2i1p1f1,2097,11,13,0.0,17.437683,4.403711,2097
30268,r2i1p1f1,2097,11,14,0.0,19.935257,5.6429343,2097
30269,r2i1p1f1,2097,11,15,0.0,21.69864,7.720852,2097
30270,r2i1p1f1,2097,11,16,0.0,21.70715,7.6816764,2097
30271,r2i1p1f1,2097,11,17,0.8489947729405964,18.380262,6.7801857,2097
30272,r2i1p1f1,2097,11,18,1.5510060205927472,14.349121,7.068684,2097
30273,r2i1p1f1,2097,11,19,0.0,14.22311,4.4483547,2097
30274,r2i1p1f1,2097,11,20,0.0,16.242916,2.5788503,2097
30275,r2i1p1f1,2097,11,21,0.0,16.303022,1.2571903,2097
30276,r2i1p1f1,2097,11,22,0.0,15.598572,0.9350233,2097
30277,r2i1p1f1,2097,11,23,0.0,11.703172,1.2375993,2097
30278,r2i1p1f1,2097,11,24,0.0,9.561993,1.3610384,2097
30279,r2i1p1f1,2097,11,25,0.19846209664907433,13.937534,6.216423,2097
30280,r2i1p1f1,2097,11,26,1.6852529391983877,12.351465,6.9944725,2097
30281,r2i1p1f1,2097,11,27,10.953979609971261,12.21996,7.74787,2097
30282,r2i1p1f1,2097,11,28,2.4610286675152357,11.481913,8.219751,2097
30283,r2i1p1f1,2097,11,29,30.267093870050022,13.244086,9.041863,2097
30284,r2i1p1f1,2097,11,30,101.09481903401992,18.414076,6.467846,2097
30285,r2i1p1f1,2097,12,01,181.42566004087433,15.778403,2.746915,2097
30286,r2i1p1f1,2097,12,02,35.97752077489881,9.700972,-2.1217113,2097
30287,r2i1p1f1,2097,12,03,0.0,8.061464,3.6784368,2097
30288,r2i1p1f1,2097,12,04,4.854329907217247,8.901866,3.9639082,2097
30289,r2i1p1f1,2097,12,05,0.0,18.166122,2.4461043,2097
30290,r2i1p1f1,2097,12,06,0.0,16.875767,4.638202,2097
30291,r2i1p1f1,2097,12,07,0.0,16.325426,6.738843,2097
30292,r2i1p1f1,2097,12,08,0.0,18.590908,5.5958705,2097
30293,r2i1p1f1,2097,12,09,0.0,17.841068,6.252905,2097
30294,r2i1p1f1,2097,12,10,0.5035978906492417,13.980763,9.086323,2097
30295,r2i1p1f1,2097,12,11,0.163404280647228,14.61531,5.129221,2097
30296,r2i1p1f1,2097,12,12,0.0,16.443422,4.350629,2097
30297,r2i1p1f1,2097,12,13,0.0,14.0098,4.6287284,2097
30298,r2i1p1f1,2097,12,14,0.0,12.6943035,7.5085897,2097
30299,r2i1p1f1,2097,12,15,0.0,13.933417,7.5923767,2097
30300,r2i1p1f1,2097,12,16,0.0,15.25156,3.7979732,2097
30301,r2i1p1f1,2097,12,17,0.0,17.867409,4.508779,2097
30302,r2i1p1f1,2097,12,18,0.0,16.94454,4.7132163,2097
30303,r2i1p1f1,2097,12,19,0.0,15.241369,4.397743,2097
30304,r2i1p1f1,2097,12,20,12.38325759505432,11.483867,4.870177,2097
30305,r2i1p1f1,2097,12,21,0.0,15.604921,8.003041,2097
30306,r2i1p1f1,2097,12,22,0.0,19.033476,6.663867,2097
30307,r2i1p1f1,2097,12,23,0.0,18.777302,7.1013308,2097
30308,r2i1p1f1,2097,12,24,0.0,18.792948,5.8069134,2097
30309,r2i1p1f1,2097,12,25,0.0,19.571714,4.9854474,2097
30310,r2i1p1f1,2097,12,26,0.0,17.667814,5.536193,2097
30311,r2i1p1f1,2097,12,27,0.0,14.311677,6.8629384,2097
30312,r2i1p1f1,2097,12,28,1.573320835184579,9.523627,0.48662576,2097
30313,r2i1p1f1,2097,12,29,0.0,7.6814,-3.5616589,2097
30314,r2i1p1f1,2097,12,30,0.0,7.797643,-3.818359,2097
30315,r2i1p1f1,2097,12,31,104.12953175926724,5.755224,-3.1843605,2097
30316,r2i1p1f1,2098,01,01,71.10562739331866,8.7679615,1.5962819,2098
30317,r2i1p1f1,2098,01,02,0.0,11.145774,4.324035,2098
30318,r2i1p1f1,2098,01,03,0.0,14.761399,4.4914474,2098
30319,r2i1p1f1,2098,01,04,0.05809093104639592,13.977049,6.75126,2098
30320,r2i1p1f1,2098,01,05,0.0,16.316706,7.10985,2098
30321,r2i1p1f1,2098,01,06,0.0,16.606665,8.566907,2098
30322,r2i1p1f1,2098,01,07,0.0,21.339956,7.3717794,2098
30323,r2i1p1f1,2098,01,08,0.0,21.32154,9.704255,2098
30324,r2i1p1f1,2098,01,09,0.0,25.287832,10.719576,2098
30325,r2i1p1f1,2098,01,10,0.0,24.83678,9.748489,2098
30326,r2i1p1f1,2098,01,11,0.0,24.107777,8.601381,2098
30327,r2i1p1f1,2098,01,12,0.0,24.71596,9.951758,2098
30328,r2i1p1f1,2098,01,13,0.0,25.433222,10.38819,2098
30329,r2i1p1f1,2098,01,14,0.0,22.145277,8.708941,2098
30330,r2i1p1f1,2098,01,15,15.840758319623442,15.749399,5.309097,2098
30331,r2i1p1f1,2098,01,16,2.9725231594371646,11.3300295,2.4019115,2098
30332,r2i1p1f1,2098,01,17,0.0,6.4759226,1.562443,2098
30333,r2i1p1f1,2098,01,18,0.0,9.372705,-5.4250107,2098
30334,r2i1p1f1,2098,01,19,0.0,11.693305,-0.97075915,2098
30335,r2i1p1f1,2098,01,20,8.898600199721,4.815641,-1.8574396,2098
30336,r2i1p1f1,2098,01,21,29.037865423910823,2.6053267,-1.3993515,2098
30337,r2i1p1f1,2098,01,22,0.0,4.4576745,-4.4673815,2098
30338,r2i1p1f1,2098,01,23,9.837539223679833,2.3608665,-1.7577368,2098
30339,r2i1p1f1,2098,01,24,9.737586577046805,2.24714,-3.416441,2098
30340,r2i1p1f1,2098,01,25,0.06876167122020259,5.4632382,-1.1868507,2098
30341,r2i1p1f1,2098,01,26,0.0,6.116928,-3.3423595,2098
30342,r2i1p1f1,2098,01,27,9.132845755364261,4.5254216,-7.584972,2098
30343,r2i1p1f1,2098,01,28,0.0,3.556405,-6.560207,2098
30344,r2i1p1f1,2098,01,29,0.0,5.1208887,-6.604247,2098
30345,r2i1p1f1,2098,01,30,0.0,6.597384,-5.3702807,2098
30346,r2i1p1f1,2098,01,31,0.0,6.8005495,-0.6150585,2098
30347,r2i1p1f1,2098,02,01,7.677090919890781,5.0485067,-0.2478754,2098
30348,r2i1p1f1,2098,02,02,0.0,8.617155,-3.7556121,2098
30349,r2i1p1f1,2098,02,03,0.0,15.465181,1.7675531,2098
30350,r2i1p1f1,2098,02,04,5.607487127501652,11.061545,6.219333,2098
30351,r2i1p1f1,2098,02,05,0.013529837679016055,16.453306,4.938838,2098
30352,r2i1p1f1,2098,02,06,0.0,16.05798,4.8874135,2098
30353,r2i1p1f1,2098,02,07,0.0,19.355484,5.0744376,2098
30354,r2i1p1f1,2098,02,08,0.0,17.623138,4.394093,2098
30355,r2i1p1f1,2098,02,09,16.322421823077512,11.526877,0.9095688,2098
30356,r2i1p1f1,2098,02,10,83.33784598104943,11.024516,1.0868192,2098
30357,r2i1p1f1,2098,02,11,9.191968301736498,9.691221,1.8394468,2098
30358,r2i1p1f1,2098,02,12,0.0,19.161877,4.4415793,2098
30359,r2i1p1f1,2098,02,13,43.337297992547974,14.869551,1.4202329,2098
30360,r2i1p1f1,2098,02,14,23.114447306635647,6.372368,1.6979575,2098
30361,r2i1p1f1,2098,02,15,0.5004023057433817,6.2134523,0.52200925,2098
30362,r2i1p1f1,2098,02,16,8.159367397505635,5.4161854,-0.49949706,2098
30363,r2i1p1f1,2098,02,17,0.2861947599740233,9.031661,1.434321,2098
30364,r2i1p1f1,2098,02,18,0.0,15.158176,3.2153199,2098
30365,r2i1p1f1,2098,02,19,0.0,17.858633,2.9178102,2098
30366,r2i1p1f1,2098,02,20,0.0,17.256628,4.527166,2098
30367,r2i1p1f1,2098,02,21,0.0,19.432587,5.5448422,2098
30368,r2i1p1f1,2098,02,22,0.0,19.428295,5.0764823,2098
30369,r2i1p1f1,2098,02,23,7.252104638470113,15.978813,2.8354816,2098
30370,r2i1p1f1,2098,02,24,73.86261771630066,10.556138,5.226975,2098
30371,r2i1p1f1,2098,02,25,21.8877409786868,9.575388,0.13789113,2098
30372,r2i1p1f1,2098,02,26,0.0,10.88386,0.7834102,2098
30373,r2i1p1f1,2098,02,27,0.0,8.903099,0.84077346,2098
30374,r2i1p1f1,2098,02,28,51.701827650853936,8.884887,1.5121788,2098
30375,r2i1p1f1,2098,03,01,59.20558320766968,8.259912,-1.383981,2098
30376,r2i1p1f1,2098,03,02,23.64693905714935,8.578527,4.1490865,2098
30377,r2i1p1f1,2098,03,03,0.6434591348736901,13.519316,8.475828,2098
30378,r2i1p1f1,2098,03,04,0.0,18.310963,4.364268,2098
30379,r2i1p1f1,2098,03,05,0.0,19.123852,5.318609,2098
30380,r2i1p1f1,2098,03,06,0.0,21.03815,6.768314,2098
30381,r2i1p1f1,2098,03,07,0.0,21.288021,7.9025817,2098
30382,r2i1p1f1,2098,03,08,0.0,21.676325,7.590494,2098
30383,r2i1p1f1,2098,03,09,0.0,20.808414,7.6633224,2098
30384,r2i1p1f1,2098,03,10,0.0,21.929182,7.6009617,2098
30385,r2i1p1f1,2098,03,11,1.1900304903607462,18.46403,5.63798,2098
30386,r2i1p1f1,2098,03,12,13.17720035147851,10.571838,6.115315,2098
30387,r2i1p1f1,2098,03,13,24.837078561064956,10.983483,3.7222564,2098
30388,r2i1p1f1,2098,03,14,15.421689737950846,9.815468,1.6358374,2098
30389,r2i1p1f1,2098,03,15,6.094681662891442,9.992278,3.724806,2098
30390,r2i1p1f1,2098,03,16,55.86438101017848,7.168688,1.4324152,2098
30391,r2i1p1f1,2098,03,17,0.47319079362138766,12.686068,3.7894049,2098
30392,r2i1p1f1,2098,03,18,0.0,12.987776,6.1116405,2098
30393,r2i1p1f1,2098,03,19,0.013795374916998508,19.025944,2.5165782,2098
30394,r2i1p1f1,2098,03,20,0.0,19.736538,3.0923388,2098
30395,r2i1p1f1,2098,03,21,0.0,17.812775,3.1988652,2098
30396,r2i1p1f1,2098,03,22,50.87033464358403,9.458189,5.204115,2098
30397,r2i1p1f1,2098,03,23,20.255405349039044,11.144277,1.64931,2098
30398,r2i1p1f1,2098,03,24,0.0,19.644567,3.3301258,2098
30399,r2i1p1f1,2098,03,25,0.0,20.928354,8.17924,2098
30400,r2i1p1f1,2098,03,26,0.0,22.950174,7.335906,2098
30401,r2i1p1f1,2098,03,27,0.0,23.389088,7.4433436,2098
30402,r2i1p1f1,2098,03,28,0.0,24.341427,7.293208,2098
30403,r2i1p1f1,2098,03,29,0.0,24.338114,5.7616343,2098
30404,r2i1p1f1,2098,03,30,1.4361135704947314,20.175283,1.9593424,2098
30405,r2i1p1f1,2098,03,31,17.758692292129407,13.049816,2.7682257,2098
30406,r2i1p1f1,2098,04,01,0.05765840293091829,15.809282,8.646304,2098
30407,r2i1p1f1,2098,04,02,3.071639822897291,15.850024,4.3561573,2098
30408,r2i1p1f1,2098,04,03,10.550637024313732,17.942415,0.93124956,2098
30409,r2i1p1f1,2098,04,04,0.0,23.250757,5.674045,2098
30410,r2i1p1f1,2098,04,05,0.0,23.150305,4.9751053,2098
30411,r2i1p1f1,2098,04,06,0.0,19.069126,3.3906453,2098
30412,r2i1p1f1,2098,04,07,13.912869506020797,13.254567,2.5441206,2098
30413,r2i1p1f1,2098,04,08,0.7596517025936359,13.6460495,-1.5900877,2098
30414,r2i1p1f1,2098,04,09,0.0,21.751606,3.4685097,2098
30415,r2i1p1f1,2098,04,10,0.0,22.100397,5.2195077,2098
30416,r2i1p1f1,2098,04,11,0.0,23.45732,6.4644823,2098
30417,r2i1p1f1,2098,04,12,0.0,23.53023,7.6358237,2098
30418,r2i1p1f1,2098,04,13,0.0,24.132751,6.5713124,2098
30419,r2i1p1f1,2098,04,14,0.0,24.250664,6.6562014,2098
30420,r2i1p1f1,2098,04,15,0.0,21.095915,5.599402,2098
30421,r2i1p1f1,2098,04,16,0.0,16.19517,0.031086555,2098
30422,r2i1p1f1,2098,04,17,0.0,18.273367,1.1039658,2098
30423,r2i1p1f1,2098,04,18,0.0,18.902061,3.9430878,2098
30424,r2i1p1f1,2098,04,19,0.8130600985448557,17.205336,3.0173726,2098
30425,r2i1p1f1,2098,04,20,0.0,18.828112,2.68379,2098
30426,r2i1p1f1,2098,04,21,11.607388910852023,14.149439,-0.07006092,2098
30427,r2i1p1f1,2098,04,22,8.29548869861845,12.145506,2.0601537,2098
30428,r2i1p1f1,2098,04,23,14.788039844559254,9.904109,2.5365288,2098
30429,r2i1p1f1,2098,04,24,3.4809730332059328,13.827687,-1.7114813,2098
30430,r2i1p1f1,2098,04,25,0.0,18.351074,2.7195613,2098
30431,r2i1p1f1,2098,04,26,0.05639450235041575,18.238,4.470203,2098
30432,r2i1p1f1,2098,04,27,0.0,14.636443,3.7117467,2098
30433,r2i1p1f1,2098,04,28,14.149523681128183,9.431742,4.300145,2098
30434,r2i1p1f1,2098,04,29,0.025768110404337328,16.64,3.2264662,2098
30435,r2i1p1f1,2098,04,30,0.19952918781969997,14.688718,8.302354,2098
30436,r2i1p1f1,2098,05,01,0.0,20.300465,4.182141,2098
30437,r2i1p1f1,2098,05,02,0.0,19.789337,4.430622,2098
30438,r2i1p1f1,2098,05,03,0.0,19.377304,6.8007083,2098
30439,r2i1p1f1,2098,05,04,0.0,24.470316,7.47911,2098
30440,r2i1p1f1,2098,05,05,0.0,30.488262,11.90084,2098
30441,r2i1p1f1,2098,05,06,0.0,31.84596,13.631551,2098
30442,r2i1p1f1,2098,05,07,0.0,32.06092,14.904034,2098
30443,r2i1p1f1,2098,05,08,0.0,32.14507,15.293345,2098
30444,r2i1p1f1,2098,05,09,0.0,31.155863,15.021289,2098
30445,r2i1p1f1,2098,05,10,0.0,29.388895,12.973257,2098
30446,r2i1p1f1,2098,05,11,0.0,28.205187,11.890471,2098
30447,r2i1p1f1,2098,05,12,0.0,27.367682,9.612771,2098
30448,r2i1p1f1,2098,05,13,0.0,24.910723,6.972882,2098
30449,r2i1p1f1,2098,05,14,0.0,19.751577,4.092341,2098
30450,r2i1p1f1,2098,05,15,0.0,15.122788,5.2305026,2098
30451,r2i1p1f1,2098,05,16,0.30594453014775636,20.206774,2.4739766,2098
30452,r2i1p1f1,2098,05,17,0.0,25.254156,7.7276926,2098
30453,r2i1p1f1,2098,05,18,0.0,25.718685,8.463806,2098
30454,r2i1p1f1,2098,05,19,0.0,26.470854,9.868311,2098
30455,r2i1p1f1,2098,05,20,0.0,32.144775,13.674794,2098
30456,r2i1p1f1,2098,05,21,0.0,34.3609,16.663395,2098
30457,r2i1p1f1,2098,05,22,0.0,33.325134,15.225298,2098
30458,r2i1p1f1,2098,05,23,0.0,32.21373,14.597567,2098
30459,r2i1p1f1,2098,05,24,0.0,33.439034,14.234072,2098
30460,r2i1p1f1,2098,05,25,0.0,32.98178,15.728043,2098
30461,r2i1p1f1,2098,05,26,4.846856950239096,29.874393,13.218884,2098
30462,r2i1p1f1,2098,05,27,0.0,32.585735,15.218369,2098
30463,r2i1p1f1,2098,05,28,0.0,30.836426,14.408275,2098
30464,r2i1p1f1,2098,05,29,0.0,30.345245,13.667834,2098
30465,r2i1p1f1,2098,05,30,0.0,31.629845,15.129914,2098
30466,r2i1p1f1,2098,05,31,0.0,31.614077,14.54396,2098
30467,r2i1p1f1,2098,06,01,0.0,31.559326,13.380014,2098
30468,r2i1p1f1,2098,06,02,0.0,29.8783,12.258518,2098
30469,r2i1p1f1,2098,06,03,0.0,25.436464,9.759539,2098
30470,r2i1p1f1,2098,06,04,0.0,24.387005,8.74306,2098
30471,r2i1p1f1,2098,06,05,0.0,21.603163,6.076398,2098
30472,r2i1p1f1,2098,06,06,0.004039371364902204,21.73503,6.2703457,2098
30473,r2i1p1f1,2098,06,07,0.0,24.506907,7.028059,2098
30474,r2i1p1f1,2098,06,08,0.0,23.949438,8.727832,2098
30475,r2i1p1f1,2098,06,09,0.0,27.745253,9.669673,2098
30476,r2i1p1f1,2098,06,10,0.0,31.74812,14.132307,2098
30477,r2i1p1f1,2098,06,11,0.006036166870706858,34.09306,16.37634,2098
30478,r2i1p1f1,2098,06,12,0.0010937388791577318,36.04651,17.454208,2098
30479,r2i1p1f1,2098,06,13,0.0,33.33917,17.22646,2098
30480,r2i1p1f1,2098,06,14,0.0,31.82578,14.2598095,2098
30481,r2i1p1f1,2098,06,15,0.0,29.636396,12.643191,2098
30482,r2i1p1f1,2098,06,16,0.0,31.682774,13.45061,2098
30483,r2i1p1f1,2098,06,17,0.0,31.80918,14.208308,2098
30484,r2i1p1f1,2098,06,18,2.1383440309154347,29.217745,15.985358,2098
30485,r2i1p1f1,2098,06,19,0.0,29.596561,13.163056,2098
30486,r2i1p1f1,2098,06,20,0.0,32.255478,15.253718,2098
30487,r2i1p1f1,2098,06,21,0.0,33.46163,16.634134,2098
30488,r2i1p1f1,2098,06,22,0.0,31.987623,15.736569,2098
30489,r2i1p1f1,2098,06,23,0.0,29.586885,13.2738495,2098
30490,r2i1p1f1,2098,06,24,0.0,27.58961,10.83652,2098
30491,r2i1p1f1,2098,06,25,0.0,28.49295,10.990854,2098
30492,r2i1p1f1,2098,06,26,0.0,30.106836,12.18363,2098
30493,r2i1p1f1,2098,06,27,0.0,30.172367,12.229543,2098
30494,r2i1p1f1,2098,06,28,4.496484107109539,24.868076,8.18188,2098
30495,r2i1p1f1,2098,06,29,2.4193588853589834,27.88854,11.424689,2098
30496,r2i1p1f1,2098,06,30,0.0,32.634365,15.179794,2098
30497,r2i1p1f1,2098,07,01,0.0,33.331196,15.020434,2098
30498,r2i1p1f1,2098,07,02,0.0,32.452835,15.308938,2098
30499,r2i1p1f1,2098,07,03,0.0,31.049644,15.132503,2098
30500,r2i1p1f1,2098,07,04,0.0,32.916958,15.9166355,2098
30501,r2i1p1f1,2098,07,05,0.0,34.796135,16.383707,2098
30502,r2i1p1f1,2098,07,06,0.0,34.49246,16.749735,2098
30503,r2i1p1f1,2098,07,07,0.0,35.42642,18.217154,2098
30504,r2i1p1f1,2098,07,08,0.018046171540985458,35.44785,18.764984,2098
30505,r2i1p1f1,2098,07,09,0.03413637761975853,34.474453,18.202448,2098
30506,r2i1p1f1,2098,07,10,0.003694590794531485,34.42222,18.965464,2098
30507,r2i1p1f1,2098,07,11,2.0618658889501464,34.82249,19.409594,2098
30508,r2i1p1f1,2098,07,12,4.715203226805897,30.644962,18.587294,2098
30509,r2i1p1f1,2098,07,13,0.179031416484157,31.034122,16.767935,2098
30510,r2i1p1f1,2098,07,14,0.0,31.355883,16.5771,2098
30511,r2i1p1f1,2098,07,15,0.0,32.604046,17.019794,2098
30512,r2i1p1f1,2098,07,16,0.0,32.316364,17.091784,2098
30513,r2i1p1f1,2098,07,17,0.0,32.656788,17.236124,2098
30514,r2i1p1f1,2098,07,18,0.33065579764647385,34.25184,18.671885,2098
30515,r2i1p1f1,2098,07,19,0.019935969332716644,31.825024,17.595453,2098
30516,r2i1p1f1,2098,07,20,0.0,33.371254,17.257519,2098
30517,r2i1p1f1,2098,07,21,0.15306478849000682,34.40399,18.66766,2098
30518,r2i1p1f1,2098,07,22,0.010613742051646113,31.167093,15.898309,2098
30519,r2i1p1f1,2098,07,23,0.0,30.325474,15.477802,2098
30520,r2i1p1f1,2098,07,24,0.0,29.785292,14.476904,2098
30521,r2i1p1f1,2098,07,25,0.0,30.416508,15.419595,2098
30522,r2i1p1f1,2098,07,26,0.0,32.208904,16.730312,2098
30523,r2i1p1f1,2098,07,27,0.0,33.701412,18.745102,2098
30524,r2i1p1f1,2098,07,28,0.0,35.02256,19.958696,2098
30525,r2i1p1f1,2098,07,29,2.0557529478257774,35.145863,17.899237,2098
30526,r2i1p1f1,2098,07,30,0.0,34.270035,16.657722,2098
30527,r2i1p1f1,2098,07,31,0.0,34.808784,17.540697,2098
30528,r2i1p1f1,2098,08,01,9.12770973865498,33.938114,18.73445,2098
30529,r2i1p1f1,2098,08,02,1.7979376816058972,31.160675,18.056793,2098
30530,r2i1p1f1,2098,08,03,1.4944302379892458,32.856865,15.582798,2098
30531,r2i1p1f1,2098,08,04,0.0,34.815056,18.146255,2098
30532,r2i1p1f1,2098,08,05,0.0,35.39082,18.46833,2098
30533,r2i1p1f1,2098,08,06,0.0,34.35514,17.176134,2098
30534,r2i1p1f1,2098,08,07,0.0,33.14316,15.749375,2098
30535,r2i1p1f1,2098,08,08,0.0,32.03625,14.461861,2098
30536,r2i1p1f1,2098,08,09,0.0,32.777557,15.399592,2098
30537,r2i1p1f1,2098,08,10,0.0,32.7784,15.836629,2098
30538,r2i1p1f1,2098,08,11,0.0,33.0842,16.27242,2098
30539,r2i1p1f1,2098,08,12,0.0,33.96878,17.602074,2098
30540,r2i1p1f1,2098,08,13,0.0,34.585842,17.014767,2098
30541,r2i1p1f1,2098,08,14,0.0,34.977844,18.316282,2098
30542,r2i1p1f1,2098,08,15,0.0,34.544353,17.713194,2098
30543,r2i1p1f1,2098,08,16,0.0,34.39893,16.717892,2098
30544,r2i1p1f1,2098,08,17,0.0,32.165924,15.122443,2098
30545,r2i1p1f1,2098,08,18,0.0,31.833778,15.033028,2098
30546,r2i1p1f1,2098,08,19,0.0,33.82632,16.667397,2098
30547,r2i1p1f1,2098,08,20,0.0,35.422867,18.622423,2098
30548,r2i1p1f1,2098,08,21,0.0,36.461594,20.311275,2098
30549,r2i1p1f1,2098,08,22,0.0,35.966095,19.859755,2098
30550,r2i1p1f1,2098,08,23,0.0,36.54992,19.850685,2098
30551,r2i1p1f1,2098,08,24,0.0,35.38454,19.202665,2098
30552,r2i1p1f1,2098,08,25,0.0,36.39625,18.591452,2098
30553,r2i1p1f1,2098,08,26,0.0,34.744057,18.885878,2098
30554,r2i1p1f1,2098,08,27,0.0,33.645733,18.28608,2098
30555,r2i1p1f1,2098,08,28,0.0,33.17998,16.21763,2098
30556,r2i1p1f1,2098,08,29,0.0,34.01316,16.732573,2098
30557,r2i1p1f1,2098,08,30,0.0,35.747715,19.84274,2098
30558,r2i1p1f1,2098,08,31,0.0,36.70976,21.535011,2098
30559,r2i1p1f1,2098,09,01,13.318557501784548,35.816395,20.733871,2098
30560,r2i1p1f1,2098,09,02,0.0,37.116825,21.661686,2098
30561,r2i1p1f1,2098,09,03,0.0,35.32645,19.606373,2098
30562,r2i1p1f1,2098,09,04,0.0,32.49795,17.044226,2098
30563,r2i1p1f1,2098,09,05,0.0,30.476767,15.246501,2098
30564,r2i1p1f1,2098,09,06,0.0,29.000607,14.609578,2098
30565,r2i1p1f1,2098,09,07,0.0,28.881405,14.3285475,2098
30566,r2i1p1f1,2098,09,08,0.0,30.896387,15.26533,2098
30567,r2i1p1f1,2098,09,09,0.0,34.530857,16.784725,2098
30568,r2i1p1f1,2098,09,10,0.0,34.142952,18.080887,2098
30569,r2i1p1f1,2098,09,11,0.0,35.524364,19.045841,2098
30570,r2i1p1f1,2098,09,12,0.0,36.346165,19.925724,2098
30571,r2i1p1f1,2098,09,13,0.0,35.67901,18.656303,2098
30572,r2i1p1f1,2098,09,14,0.0,33.84237,17.500977,2098
30573,r2i1p1f1,2098,09,15,0.0,32.164227,15.505273,2098
30574,r2i1p1f1,2098,09,16,0.0,32.72458,14.99185,2098
30575,r2i1p1f1,2098,09,17,0.0,32.699615,16.160063,2098
30576,r2i1p1f1,2098,09,18,0.0,33.183247,16.98469,2098
30577,r2i1p1f1,2098,09,19,0.0,33.18533,17.551239,2098
30578,r2i1p1f1,2098,09,20,0.14227295961553374,33.748608,17.696032,2098
30579,r2i1p1f1,2098,09,21,2.301419733811809,30.798038,14.116465,2098
30580,r2i1p1f1,2098,09,22,0.33938872200871206,29.188745,11.973635,2098
30581,r2i1p1f1,2098,09,23,0.0,33.418484,16.535404,2098
30582,r2i1p1f1,2098,09,24,0.0,35.744793,17.811937,2098
30583,r2i1p1f1,2098,09,25,0.0,37.908264,20.000753,2098
30584,r2i1p1f1,2098,09,26,0.0,39.564793,21.526628,2098
30585,r2i1p1f1,2098,09,27,0.0,36.78928,20.352123,2098
30586,r2i1p1f1,2098,09,28,0.0,35.49273,20.01917,2098
30587,r2i1p1f1,2098,09,29,0.0,34.725487,17.764986,2098
30588,r2i1p1f1,2098,09,30,0.0,33.378468,16.622885,2098
30589,r2i1p1f1,2098,10,01,0.02454909550718954,32.793934,16.214396,2098
30590,r2i1p1f1,2098,10,02,0.0,32.936874,17.566841,2098
30591,r2i1p1f1,2098,10,03,0.0,32.62172,16.158714,2098
30592,r2i1p1f1,2098,10,04,0.0,33.60081,17.093884,2098
30593,r2i1p1f1,2098,10,05,0.0,34.13834,17.389666,2098
30594,r2i1p1f1,2098,10,06,0.0,34.62342,16.581547,2098
30595,r2i1p1f1,2098,10,07,0.0,33.794434,15.234812,2098
30596,r2i1p1f1,2098,10,08,0.0,33.913338,16.831924,2098
30597,r2i1p1f1,2098,10,09,2.6019309875594514,22.064936,10.609853,2098
30598,r2i1p1f1,2098,10,10,0.0,20.034557,7.2211595,2098
30599,r2i1p1f1,2098,10,11,3.722330669816424,19.669247,6.8475027,2098
30600,r2i1p1f1,2098,10,12,2.0667980453324093,16.552565,9.217744,2098
30601,r2i1p1f1,2098,10,13,0.0,21.888523,7.1987143,2098
30602,r2i1p1f1,2098,10,14,0.0,28.34005,10.732145,2098
30603,r2i1p1f1,2098,10,15,0.0,33.565994,14.217615,2098
30604,r2i1p1f1,2098,10,16,0.0,33.68882,15.175068,2098
30605,r2i1p1f1,2098,10,17,0.0,27.577257,13.416407,2098
30606,r2i1p1f1,2098,10,18,0.0,19.661922,6.029858,2098
30607,r2i1p1f1,2098,10,19,0.0,19.446812,5.7361693,2098
30608,r2i1p1f1,2098,10,20,0.0,24.310001,7.6249814,2098
30609,r2i1p1f1,2098,10,21,0.0,24.283777,10.639019,2098
30610,r2i1p1f1,2098,10,22,0.0,29.820269,12.993957,2098
30611,r2i1p1f1,2098,10,23,0.0,31.259249,14.540815,2098
30612,r2i1p1f1,2098,10,24,0.0,30.13814,14.343642,2098
30613,r2i1p1f1,2098,10,25,0.0,24.820404,11.430762,2098
30614,r2i1p1f1,2098,10,26,0.0,22.19439,8.235267,2098
30615,r2i1p1f1,2098,10,27,0.0,21.456276,8.325654,2098
30616,r2i1p1f1,2098,10,28,0.0,26.563389,10.43057,2098
30617,r2i1p1f1,2098,10,29,0.0,25.913029,9.955556,2098
30618,r2i1p1f1,2098,10,30,0.0,24.003178,9.927544,2098
30619,r2i1p1f1,2098,10,31,0.0,22.674946,7.6351905,2098
30620,r2i1p1f1,2098,11,01,8.493447995547635,16.904846,7.221881,2098
30621,r2i1p1f1,2098,11,02,0.013753423403473929,12.75968,3.7300122,2098
30622,r2i1p1f1,2098,11,03,0.0,18.060904,2.2524054,2098
30623,r2i1p1f1,2098,11,04,0.0,18.865025,4.475384,2098
30624,r2i1p1f1,2098,11,05,0.0,16.545088,2.653772,2098
30625,r2i1p1f1,2098,11,06,0.0,15.899965,2.335112,2098
30626,r2i1p1f1,2098,11,07,0.0,14.663903,3.9344826,2098
30627,r2i1p1f1,2098,11,08,0.318353052268951,16.206612,5.0144362,2098
30628,r2i1p1f1,2098,11,09,0.0,15.211401,5.89986,2098
30629,r2i1p1f1,2098,11,10,22.593385969566253,13.9683275,4.794397,2098
30630,r2i1p1f1,2098,11,11,12.107976811463372,11.632204,1.2839675,2098
30631,r2i1p1f1,2098,11,12,0.0,15.039056,2.0090942,2098
30632,r2i1p1f1,2098,11,13,0.0,16.14851,3.2321339,2098
30633,r2i1p1f1,2098,11,14,0.0,18.284296,3.001536,2098
30634,r2i1p1f1,2098,11,15,0.0,21.848202,4.7040753,2098
30635,r2i1p1f1,2098,11,16,0.0,22.624743,5.9242134,2098
30636,r2i1p1f1,2098,11,17,0.0,21.822874,5.7056723,2098
30637,r2i1p1f1,2098,11,18,0.205325184074704,18.730927,5.7777333,2098
30638,r2i1p1f1,2098,11,19,40.575097715303016,12.68187,6.704075,2098
30639,r2i1p1f1,2098,11,20,9.981825563283145,10.195945,-1.6144701,2098
30640,r2i1p1f1,2098,11,21,0.0,4.8897653,-5.0123873,2098
30641,r2i1p1f1,2098,11,22,0.0,10.58009,-4.6294303,2098
30642,r2i1p1f1,2098,11,23,0.0,16.97403,-0.75803316,2098
30643,r2i1p1f1,2098,11,24,0.0,13.541833,1.8254535,2098
30644,r2i1p1f1,2098,11,25,26.60626888033361,12.742937,2.3610978,2098
30645,r2i1p1f1,2098,11,26,30.753613808281862,9.107763,3.8268425,2098
30646,r2i1p1f1,2098,11,27,3.078161359511656,5.6026134,1.0512174,2098
30647,r2i1p1f1,2098,11,28,0.0,12.122488,-4.500835,2098
30648,r2i1p1f1,2098,11,29,0.0,13.288466,-4.437089,2098
30649,r2i1p1f1,2098,11,30,0.0,18.298712,-0.14918362,2098
30650,r2i1p1f1,2098,12,01,0.0,16.874699,5.915067,2098
30651,r2i1p1f1,2098,12,02,0.0,15.815519,4.8588543,2098
30652,r2i1p1f1,2098,12,03,0.0,15.046472,3.4698408,2098
30653,r2i1p1f1,2098,12,04,0.0,15.233711,3.516638,2098
30654,r2i1p1f1,2098,12,05,13.295083471054499,10.109255,2.5974677,2098
30655,r2i1p1f1,2098,12,06,6.22273862253888,10.54344,4.9512205,2098
30656,r2i1p1f1,2098,12,07,48.39113658885113,11.874041,0.55542034,2098
30657,r2i1p1f1,2098,12,08,5.886180202983619,12.686483,6.2262564,2098
30658,r2i1p1f1,2098,12,09,0.0,14.946973,2.286184,2098
30659,r2i1p1f1,2098,12,10,0.0,18.004229,1.920933,2098
30660,r2i1p1f1,2098,12,11,0.012382571451151026,14.214953,7.7645555,2098
30661,r2i1p1f1,2098,12,12,0.04602590361315606,12.217453,8.098745,2098
30662,r2i1p1f1,2098,12,13,0.0,18.46289,5.1917176,2098
30663,r2i1p1f1,2098,12,14,0.0,19.233833,3.354889,2098
30664,r2i1p1f1,2098,12,15,0.0,19.733896,3.6054833,2098
30665,r2i1p1f1,2098,12,16,0.0,20.534925,4.1274805,2098
30666,r2i1p1f1,2098,12,17,0.0,19.250736,3.8108861,2098
30667,r2i1p1f1,2098,12,18,52.39748878207487,12.718046,4.9056706,2098
30668,r2i1p1f1,2098,12,19,26.539339634361497,18.307762,8.008052,2098
30669,r2i1p1f1,2098,12,20,0.0,22.867584,8.028543,2098
30670,r2i1p1f1,2098,12,21,0.0,21.472923,8.388418,2098
30671,r2i1p1f1,2098,12,22,0.0,17.754448,6.2675743,2098
30672,r2i1p1f1,2098,12,23,0.0,18.302555,3.2252038,2098
30673,r2i1p1f1,2098,12,24,0.0,18.942135,2.6613667,2098
30674,r2i1p1f1,2098,12,25,0.0,18.372358,3.1120076,2098
30675,r2i1p1f1,2098,12,26,1.0563188065659164,13.924248,2.4255857,2098
30676,r2i1p1f1,2098,12,27,3.2742410272476263,5.878943,0.10736759,2098
30677,r2i1p1f1,2098,12,28,0.3942451261431975,5.000811,1.14415,2098
30678,r2i1p1f1,2098,12,29,8.481411135289818,10.752883,2.8052752,2098
30679,r2i1p1f1,2098,12,30,0.0005694497811138997,13.774287,8.875954,2098
30680,r2i1p1f1,2098,12,31,6.173788516053509,12.972886,7.7607217,2098
30681,r2i1p1f1,2099,01,01,33.571686687467334,11.602591,4.8409057,2099
30682,r2i1p1f1,2099,01,02,13.36776827374706,10.589353,6.347753,2099
30683,r2i1p1f1,2099,01,03,19.962202649576984,10.451821,6.0567517,2099
30684,r2i1p1f1,2099,01,04,59.62319408382218,11.478799,5.991988,2099
30685,r2i1p1f1,2099,01,05,0.0,11.925783,2.7816112,2099
30686,r2i1p1f1,2099,01,06,45.08454454346345,8.9236965,-1.2330196,2099
30687,r2i1p1f1,2099,01,07,18.184957012328177,7.3140407,1.7677194,2099
30688,r2i1p1f1,2099,01,08,0.0,13.170667,0.6959429,2099
30689,r2i1p1f1,2099,01,09,2.8198907970258564,9.844407,0.8586789,2099
30690,r2i1p1f1,2099,01,10,0.013638481644962806,8.2604885,3.1419287,2099
30691,r2i1p1f1,2099,01,11,0.0,7.724984,-2.3203642,2099
30692,r2i1p1f1,2099,01,12,0.0,9.165422,-0.08307619,2099
30693,r2i1p1f1,2099,01,13,30.108180333179636,9.665225,-1.25099,2099
30694,r2i1p1f1,2099,01,14,24.833634694200903,11.294577,6.3163886,2099
30695,r2i1p1f1,2099,01,15,0.0,15.435684,4.936422,2099
30696,r2i1p1f1,2099,01,16,65.99172303014292,13.872778,4.7283945,2099
30697,r2i1p1f1,2099,01,17,46.49450536190461,12.186602,8.037342,2099
30698,r2i1p1f1,2099,01,18,34.70686800344713,12.9637,9.131802,2099
30699,r2i1p1f1,2099,01,19,55.42222216653709,13.856191,3.748885,2099
30700,r2i1p1f1,2099,01,20,8.575169246068981,9.082164,-0.910278,2099
30701,r2i1p1f1,2099,01,21,0.07976359734479607,10.290085,1.2826719,2099
30702,r2i1p1f1,2099,01,22,0.0,15.347017,3.3298442,2099
30703,r2i1p1f1,2099,01,23,0.0,17.348623,3.9256084,2099
30704,r2i1p1f1,2099,01,24,0.0,15.809212,4.77132,2099
30705,r2i1p1f1,2099,01,25,0.0,16.009853,3.7855244,2099
30706,r2i1p1f1,2099,01,26,12.97252304239709,12.11002,1.3238577,2099
30707,r2i1p1f1,2099,01,27,18.132624187329874,5.5624804,1.1865628,2099
30708,r2i1p1f1,2099,01,28,0.0,9.258127,-1.5475097,2099
30709,r2i1p1f1,2099,01,29,0.0,9.486037,-2.3644702,2099
30710,r2i1p1f1,2099,01,30,1.2893757792181322,6.84114,-1.1710395,2099
30711,r2i1p1f1,2099,01,31,0.0,9.555862,-3.4761846,2099
30712,r2i1p1f1,2099,02,01,0.0,12.526224,-1.193133,2099
30713,r2i1p1f1,2099,02,02,0.0,16.41264,2.6810086,2099
30714,r2i1p1f1,2099,02,03,0.0,20.151327,5.5115895,2099
30715,r2i1p1f1,2099,02,04,0.0,22.444681,7.6921897,2099
30716,r2i1p1f1,2099,02,05,0.0,22.737873,9.752696,2099
30717,r2i1p1f1,2099,02,06,0.0,23.339315,8.984982,2099
30718,r2i1p1f1,2099,02,07,0.0,23.152828,6.670911,2099
30719,r2i1p1f1,2099,02,08,0.0,22.988512,8.485667,2099
30720,r2i1p1f1,2099,02,09,0.0,21.67073,7.173539,2099
30721,r2i1p1f1,2099,02,10,0.0,19.363869,8.267371,2099
30722,r2i1p1f1,2099,02,11,0.27664159111177117,18.910404,7.416967,2099
30723,r2i1p1f1,2099,02,12,0.0,19.16901,4.453212,2099
30724,r2i1p1f1,2099,02,13,0.0,16.60361,1.3613346,2099
30725,r2i1p1f1,2099,02,14,0.0,14.765444,3.108924,2099
30726,r2i1p1f1,2099,02,15,0.5568168699448086,12.48368,1.9864038,2099
30727,r2i1p1f1,2099,02,16,4.691590722149368,12.106785,4.9421835,2099
30728,r2i1p1f1,2099,02,17,0.546092452675741,12.693376,2.9570851,2099
30729,r2i1p1f1,2099,02,18,6.067592005386429,9.169759,1.0369093,2099
30730,r2i1p1f1,2099,02,19,0.0,14.276987,0.6294232,2099
30731,r2i1p1f1,2099,02,20,21.689432410774035,11.287591,1.9535229,2099
30732,r2i1p1f1,2099,02,21,1.173274694065185,11.629152,4.672256,2099
30733,r2i1p1f1,2099,02,22,2.3591140313678456,13.729475,3.8557959,2099
30734,r2i1p1f1,2099,02,23,0.1404253312592538,16.10948,7.071641,2099
30735,r2i1p1f1,2099,02,24,1.8381780792774056,13.391438,7.1758533,2099
30736,r2i1p1f1,2099,02,25,0.0,14.712908,8.738359,2099
30737,r2i1p1f1,2099,02,26,0.0,19.043814,4.3736963,2099
30738,r2i1p1f1,2099,02,27,0.0,18.12934,3.6726384,2099
30739,r2i1p1f1,2099,02,28,0.0,17.088238,3.537141,2099
30740,r2i1p1f1,2099,03,01,0.0,17.817598,2.504506,2099
30741,r2i1p1f1,2099,03,02,0.0,20.12109,6.500759,2099
30742,r2i1p1f1,2099,03,03,0.0,18.987558,6.2013288,2099
30743,r2i1p1f1,2099,03,04,0.12181028413089315,15.942036,2.7453394,2099
30744,r2i1p1f1,2099,03,05,0.0,16.066553,9.242,2099
30745,r2i1p1f1,2099,03,06,0.0,15.032466,9.385637,2099
30746,r2i1p1f1,2099,03,07,27.635063320989364,10.238198,3.648515,2099
30747,r2i1p1f1,2099,03,08,4.3008884716772835,11.705008,-1.5681049,2099
30748,r2i1p1f1,2099,03,09,8.573311570888528,6.7107177,-0.23696831,2099
30749,r2i1p1f1,2099,03,10,0.056464786170041546,6.4260874,0.827856,2099
30750,r2i1p1f1,2099,03,11,14.933119854182364,3.4482281,-1.1645466,2099
30751,r2i1p1f1,2099,03,12,46.57452868503662,5.824281,1.3818408,2099
30752,r2i1p1f1,2099,03,13,5.478392230557242,12.823854,3.5576756,2099
30753,r2i1p1f1,2099,03,14,2.446395416350592,14.984697,-0.7496784,2099
30754,r2i1p1f1,2099,03,15,0.0,18.689297,1.805909,2099
30755,r2i1p1f1,2099,03,16,0.0,17.283495,2.2802174,2099
30756,r2i1p1f1,2099,03,17,50.17582804698927,9.680165,1.7400763,2099
30757,r2i1p1f1,2099,03,18,77.1965452675851,10.43257,3.56091,2099
30758,r2i1p1f1,2099,03,19,24.626897947984197,10.852532,4.1361647,2099
30759,r2i1p1f1,2099,03,20,0.00844888264999519,11.727566,5.4372573,2099
30760,r2i1p1f1,2099,03,21,8.623971097012355,11.628244,6.6123624,2099
30761,r2i1p1f1,2099,03,22,81.12750626348246,10.364385,4.34896,2099
30762,r2i1p1f1,2099,03,23,1.0067178166659336,14.2521515,-0.88122284,2099
30763,r2i1p1f1,2099,03,24,0.0,17.888792,2.1530669,2099
30764,r2i1p1f1,2099,03,25,0.0,21.907774,4.2540426,2099
30765,r2i1p1f1,2099,03,26,0.0,23.948196,6.3490624,2099
30766,r2i1p1f1,2099,03,27,0.0,23.557264,6.9261527,2099
30767,r2i1p1f1,2099,03,28,0.9460457148844188,22.065252,6.058865,2099
30768,r2i1p1f1,2099,03,29,0.04386680238894769,20.13171,5.570012,2099
30769,r2i1p1f1,2099,03,30,0.0,21.035032,7.4248343,2099
30770,r2i1p1f1,2099,03,31,0.0,27.577436,9.090679,2099
30771,r2i1p1f1,2099,04,01,0.0,28.437876,11.482892,2099
30772,r2i1p1f1,2099,04,02,0.0,30.100773,13.154836,2099
30773,r2i1p1f1,2099,04,03,0.0,30.295685,13.52086,2099
30774,r2i1p1f1,2099,04,04,0.0,29.052422,11.951035,2099
30775,r2i1p1f1,2099,04,05,0.0,27.532608,10.038248,2099
30776,r2i1p1f1,2099,04,06,6.192789410544299,23.35768,7.4818764,2099
30777,r2i1p1f1,2099,04,07,0.0,23.918028,7.562677,2099
30778,r2i1p1f1,2099,04,08,0.31004154423918895,21.09378,4.5521317,2099
30779,r2i1p1f1,2099,04,09,47.43373149450725,9.954492,5.695647,2099
30780,r2i1p1f1,2099,04,10,0.0,16.646988,4.740333,2099
30781,r2i1p1f1,2099,04,11,0.0,21.368204,3.8477397,2099
30782,r2i1p1f1,2099,04,12,8.365164671340608,13.872581,-0.2508142,2099
30783,r2i1p1f1,2099,04,13,20.800792465161067,10.7934885,5.779059,2099
30784,r2i1p1f1,2099,04,14,45.99766670547139,10.533275,5.812353,2099
30785,r2i1p1f1,2099,04,15,0.0,15.597524,4.5696836,2099
30786,r2i1p1f1,2099,04,16,4.361000040500165,16.156391,2.144298,2099
30787,r2i1p1f1,2099,04,17,3.398041818442065,19.311924,1.1613967,2099
30788,r2i1p1f1,2099,04,18,0.0,17.251299,3.924388,2099
30789,r2i1p1f1,2099,04,19,0.013418181781442119,19.949947,3.4295325,2099
30790,r2i1p1f1,2099,04,20,0.0,22.690645,6.256135,2099
30791,r2i1p1f1,2099,04,21,0.0,25.249897,7.8698606,2099
30792,r2i1p1f1,2099,04,22,0.0,26.227308,10.229024,2099
30793,r2i1p1f1,2099,04,23,0.0,24.893366,8.599708,2099
30794,r2i1p1f1,2099,04,24,17.4612933550424,14.589397,3.881087,2099
30795,r2i1p1f1,2099,04,25,0.0,19.219076,4.341968,2099
30796,r2i1p1f1,2099,04,26,1.996661353922928,17.560202,2.2249837,2099
30797,r2i1p1f1,2099,04,27,10.746643733727979,10.176725,2.1074762,2099
30798,r2i1p1f1,2099,04,28,60.34219964349177,11.1136675,4.1791615,2099
30799,r2i1p1f1,2099,04,29,20.35370796690516,13.039126,2.3103516,2099
30800,r2i1p1f1,2099,04,30,10.596882494148584,10.899577,2.1760492,2099
30801,r2i1p1f1,2099,05,01,5.159142467937272,10.549969,1.7434458,2099
30802,r2i1p1f1,2099,05,02,0.0,15.446375,3.6619945,2099
30803,r2i1p1f1,2099,05,03,2.3404588105432387,15.751589,3.4424138,2099
30804,r2i1p1f1,2099,05,04,0.0,23.655384,6.1969986,2099
30805,r2i1p1f1,2099,05,05,0.0,25.087303,8.49864,2099
30806,r2i1p1f1,2099,05,06,0.0,25.6956,10.477459,2099
30807,r2i1p1f1,2099,05,07,0.0,25.65791,9.350151,2099
30808,r2i1p1f1,2099,05,08,0.03351975868169505,23.524506,6.456291,2099
30809,r2i1p1f1,2099,05,09,0.0,22.984406,7.191056,2099
30810,r2i1p1f1,2099,05,10,0.0,24.028227,8.277978,2099
30811,r2i1p1f1,2099,05,11,0.0,27.924322,9.418323,2099
30812,r2i1p1f1,2099,05,12,0.0,28.082148,11.040803,2099
30813,r2i1p1f1,2099,05,13,0.0,27.247408,9.598606,2099
30814,r2i1p1f1,2099,05,14,1.3986016737782427,23.424585,7.3194485,2099
30815,r2i1p1f1,2099,05,15,6.230572802905954,19.022144,3.2881477,2099
30816,r2i1p1f1,2099,05,16,0.053406547802016854,24.75028,7.989918,2099
30817,r2i1p1f1,2099,05,17,0.0,25.118395,9.50004,2099
30818,r2i1p1f1,2099,05,18,0.0,19.0287,10.299658,2099
30819,r2i1p1f1,2099,05,19,1.8055760711403168,16.666645,7.546438,2099
30820,r2i1p1f1,2099,05,20,28.945018349063155,14.612774,7.440012,2099
30821,r2i1p1f1,2099,05,21,34.085066511985275,13.005657,6.2051477,2099
30822,r2i1p1f1,2099,05,22,0.0017465914145129947,20.991177,3.121136,2099
30823,r2i1p1f1,2099,05,23,0.0,23.736893,7.1792674,2099
30824,r2i1p1f1,2099,05,24,0.0,25.286055,9.276784,2099
30825,r2i1p1f1,2099,05,25,0.0,25.570578,8.600394,2099
30826,r2i1p1f1,2099,05,26,4.887149140344823,15.732559,5.629592,2099
30827,r2i1p1f1,2099,05,27,5.1119751004220095,18.626286,5.425586,2099
30828,r2i1p1f1,2099,05,28,0.0,23.431631,7.93837,2099
30829,r2i1p1f1,2099,05,29,0.0,23.485615,9.019615,2099
30830,r2i1p1f1,2099,05,30,0.0,23.55032,7.2655387,2099
30831,r2i1p1f1,2099,05,31,0.0,21.014843,7.9406495,2099
30832,r2i1p1f1,2099,06,01,0.07514962120554768,21.104563,6.2535305,2099
30833,r2i1p1f1,2099,06,02,2.081919476117596,19.854967,3.3302577,2099
30834,r2i1p1f1,2099,06,03,2.6605585708379156,20.220312,4.286099,2099
30835,r2i1p1f1,2099,06,04,3.239826894563381,19.49644,3.855077,2099
30836,r2i1p1f1,2099,06,05,2.863259663396233,19.79157,3.9648192,2099
30837,r2i1p1f1,2099,06,06,1.1078796588173225,19.12443,7.3179493,2099
30838,r2i1p1f1,2099,06,07,0.008764547629443068,20.089926,9.802337,2099
30839,r2i1p1f1,2099,06,08,0.14311570960741776,23.17446,8.188948,2099
30840,r2i1p1f1,2099,06,09,0.08007042852113955,23.408312,8.124241,2099
30841,r2i1p1f1,2099,06,10,0.0,26.808487,11.652709,2099
30842,r2i1p1f1,2099,06,11,0.0,27.70231,12.659982,2099
30843,r2i1p1f1,2099,06,12,0.0,29.25058,11.622322,2099
30844,r2i1p1f1,2099,06,13,0.0020863962373158964,27.955698,11.288562,2099
30845,r2i1p1f1,2099,06,14,0.3429964220860991,25.43168,10.2251005,2099
30846,r2i1p1f1,2099,06,15,1.073134925127306,17.181925,9.736893,2099
30847,r2i1p1f1,2099,06,16,0.02100728385042972,22.967691,7.391993,2099
30848,r2i1p1f1,2099,06,17,0.03614677407313138,25.849508,10.439716,2099
30849,r2i1p1f1,2099,06,18,0.5771685767635623,22.825853,9.094755,2099
30850,r2i1p1f1,2099,06,19,13.814089597830248,16.792282,4.2309856,2099
30851,r2i1p1f1,2099,06,20,8.28934557042745,17.087955,6.91813,2099
30852,r2i1p1f1,2099,06,21,0.18696014650721246,25.746567,8.179318,2099
30853,r2i1p1f1,2099,06,22,1.934765143736373,27.694542,10.852056,2099
30854,r2i1p1f1,2099,06,23,0.4131731664249226,27.43732,12.501,2099
30855,r2i1p1f1,2099,06,24,0.0,28.236372,13.300928,2099
30856,r2i1p1f1,2099,06,25,0.0,28.947372,13.948965,2099
30857,r2i1p1f1,2099,06,26,0.0,28.858978,15.051094,2099
30858,r2i1p1f1,2099,06,27,0.0,29.484013,14.564079,2099
30859,r2i1p1f1,2099,06,28,0.0,28.681665,13.301961,2099
30860,r2i1p1f1,2099,06,29,0.0011060860672911915,28.025063,12.711899,2099
30861,r2i1p1f1,2099,06,30,0.0,31.171225,14.151953,2099
30862,r2i1p1f1,2099,07,01,0.0,34.89672,15.491042,2099
30863,r2i1p1f1,2099,07,02,0.0,34.414738,17.577705,2099
30864,r2i1p1f1,2099,07,03,0.0,33.58089,15.82136,2099
30865,r2i1p1f1,2099,07,04,0.0,29.7454,14.7428665,2099
30866,r2i1p1f1,2099,07,05,0.0,33.787964,15.903852,2099
30867,r2i1p1f1,2099,07,06,0.0,34.60567,17.310663,2099
30868,r2i1p1f1,2099,07,07,0.0,34.637196,17.584892,2099
30869,r2i1p1f1,2099,07,08,0.0,32.9234,17.684967,2099
30870,r2i1p1f1,2099,07,09,0.0,34.22031,16.572016,2099
30871,r2i1p1f1,2099,07,10,0.0,34.305412,16.475826,2099
30872,r2i1p1f1,2099,07,11,0.0,34.146687,16.664091,2099
30873,r2i1p1f1,2099,07,12,0.0,34.236263,17.007603,2099
30874,r2i1p1f1,2099,07,13,0.0,33.7664,16.388885,2099
30875,r2i1p1f1,2099,07,14,0.0,32.18986,16.877842,2099
30876,r2i1p1f1,2099,07,15,0.0,32.553024,16.578876,2099
30877,r2i1p1f1,2099,07,16,0.0,32.13465,16.939749,2099
30878,r2i1p1f1,2099,07,17,0.0,31.926615,17.236748,2099
30879,r2i1p1f1,2099,07,18,0.0,34.340855,17.540024,2099
30880,r2i1p1f1,2099,07,19,0.0,34.582485,18.412104,2099
30881,r2i1p1f1,2099,07,20,0.0,33.598206,17.445797,2099
30882,r2i1p1f1,2099,07,21,0.0,33.004128,15.287829,2099
30883,r2i1p1f1,2099,07,22,2.339163797688133,33.84964,16.668858,2099
30884,r2i1p1f1,2099,07,23,0.00930628864702717,26.766605,12.835916,2099
30885,r2i1p1f1,2099,07,24,5.716655973866671,28.630732,13.653488,2099
30886,r2i1p1f1,2099,07,25,6.43394388424405,29.330303,13.04167,2099
30887,r2i1p1f1,2099,07,26,0.01720955837159776,32.505264,15.084131,2099
30888,r2i1p1f1,2099,07,27,0.0,33.21681,16.913387,2099
30889,r2i1p1f1,2099,07,28,0.0,33.202045,17.832943,2099
30890,r2i1p1f1,2099,07,29,0.0,34.252644,17.580736,2099
30891,r2i1p1f1,2099,07,30,0.0,35.43241,19.494263,2099
30892,r2i1p1f1,2099,07,31,0.34714806939658815,34.922375,18.437368,2099
30893,r2i1p1f1,2099,08,01,1.2902719178231774,36.81856,19.721582,2099
30894,r2i1p1f1,2099,08,02,0.11812960835343872,36.94785,20.312008,2099
30895,r2i1p1f1,2099,08,03,0.0,36.396236,18.39532,2099
30896,r2i1p1f1,2099,08,04,0.0016328023880655214,36.62044,20.202723,2099
30897,r2i1p1f1,2099,08,05,4.828567776285826,36.777935,20.745043,2099
30898,r2i1p1f1,2099,08,06,6.365304437898745,36.970604,20.80331,2099
30899,r2i1p1f1,2099,08,07,0.8682947699036538,37.385735,20.232315,2099
30900,r2i1p1f1,2099,08,08,1.3522259321549568,34.94,18.345333,2099
30901,r2i1p1f1,2099,08,09,0.0,34.90111,17.708988,2099
30902,r2i1p1f1,2099,08,10,0.0,34.057907,17.983576,2099
30903,r2i1p1f1,2099,08,11,0.0,30.947388,16.779835,2099
30904,r2i1p1f1,2099,08,12,0.0,30.402319,14.917712,2099
30905,r2i1p1f1,2099,08,13,0.0,33.279392,16.670263,2099
30906,r2i1p1f1,2099,08,14,0.0,35.313313,18.514732,2099
30907,r2i1p1f1,2099,08,15,0.0,36.83966,19.593096,2099
30908,r2i1p1f1,2099,08,16,0.0,36.241196,19.757856,2099
30909,r2i1p1f1,2099,08,17,0.0,35.926136,19.465902,2099
30910,r2i1p1f1,2099,08,18,0.0,37.190567,19.958864,2099
30911,r2i1p1f1,2099,08,19,0.0,37.761417,20.86509,2099
30912,r2i1p1f1,2099,08,20,0.0,38.619846,22.079224,2099
30913,r2i1p1f1,2099,08,21,2.642573976062032,40.14493,22.657824,2099
30914,r2i1p1f1,2099,08,22,3.0723364321847138,38.920612,21.368628,2099
30915,r2i1p1f1,2099,08,23,0.8855999405288737,39.25351,21.587431,2099
30916,r2i1p1f1,2099,08,24,0.0,36.887646,19.878994,2099
30917,r2i1p1f1,2099,08,25,0.0,35.953606,18.270695,2099
30918,r2i1p1f1,2099,08,26,0.0,31.674522,13.681059,2099
30919,r2i1p1f1,2099,08,27,0.0,28.490353,12.733606,2099
30920,r2i1p1f1,2099,08,28,0.0,27.481771,12.083058,2099
30921,r2i1p1f1,2099,08,29,0.0,25.855019,10.809621,2099
30922,r2i1p1f1,2099,08,30,0.0,26.322323,11.357459,2099
30923,r2i1p1f1,2099,08,31,0.0,29.50565,12.644248,2099
30924,r2i1p1f1,2099,09,01,0.0,29.34534,14.76101,2099
30925,r2i1p1f1,2099,09,02,0.0,28.236904,13.765639,2099
30926,r2i1p1f1,2099,09,03,0.0,26.46691,11.887004,2099
30927,r2i1p1f1,2099,09,04,0.0,28.302538,13.347863,2099
30928,r2i1p1f1,2099,09,05,0.0,28.048944,13.240397,2099
30929,r2i1p1f1,2099,09,06,0.0,28.309473,13.2226095,2099
30930,r2i1p1f1,2099,09,07,0.0,31.276293,14.802562,2099
30931,r2i1p1f1,2099,09,08,0.0,30.939835,14.916374,2099
30932,r2i1p1f1,2099,09,09,0.0,28.36496,13.594249,2099
30933,r2i1p1f1,2099,09,10,0.0,29.298687,14.107779,2099
30934,r2i1p1f1,2099,09,11,0.026993572604484282,30.008331,14.410403,2099
30935,r2i1p1f1,2099,09,12,0.0,30.417427,14.559555,2099
30936,r2i1p1f1,2099,09,13,0.0,29.361221,14.4604025,2099
30937,r2i1p1f1,2099,09,14,0.0,30.63038,13.933082,2099
30938,r2i1p1f1,2099,09,15,0.0,33.106953,16.77021,2099
30939,r2i1p1f1,2099,09,16,0.0,34.502552,17.999998,2099
30940,r2i1p1f1,2099,09,17,0.0,34.696693,18.141039,2099
30941,r2i1p1f1,2099,09,18,0.0,32.969032,16.284445,2099
30942,r2i1p1f1,2099,09,19,0.0,27.67003,12.532502,2099
30943,r2i1p1f1,2099,09,20,0.0,31.029829,13.6625,2099
30944,r2i1p1f1,2099,09,21,0.0,32.01874,15.216973,2099
30945,r2i1p1f1,2099,09,22,0.0,33.26586,18.08184,2099
30946,r2i1p1f1,2099,09,23,0.0,33.40367,19.27431,2099
30947,r2i1p1f1,2099,09,24,0.261731145680572,34.093803,20.503004,2099
30948,r2i1p1f1,2099,09,25,0.03215916574565479,29.873798,14.571441,2099
30949,r2i1p1f1,2099,09,26,0.0,29.057617,14.574898,2099
30950,r2i1p1f1,2099,09,27,0.0,31.253231,15.627695,2099
30951,r2i1p1f1,2099,09,28,0.0,31.295328,13.632749,2099
30952,r2i1p1f1,2099,09,29,0.0,29.131123,11.640305,2099
30953,r2i1p1f1,2099,09,30,0.0,28.2544,13.696082,2099
30954,r2i1p1f1,2099,10,01,2.0321302611276995,26.95109,13.989286,2099
30955,r2i1p1f1,2099,10,02,23.75433989996404,24.637438,11.174153,2099
30956,r2i1p1f1,2099,10,03,0.0,30.313253,13.256208,2099
30957,r2i1p1f1,2099,10,04,0.0,30.615112,14.268448,2099
30958,r2i1p1f1,2099,10,05,0.0,28.513597,15.459419,2099
30959,r2i1p1f1,2099,10,06,0.0,27.94514,13.689102,2099
30960,r2i1p1f1,2099,10,07,0.0,27.982992,11.764074,2099
30961,r2i1p1f1,2099,10,08,0.0,26.659464,12.191548,2099
30962,r2i1p1f1,2099,10,09,0.0,25.29013,11.457621,2099
30963,r2i1p1f1,2099,10,10,0.0,25.856102,10.433382,2099
30964,r2i1p1f1,2099,10,11,0.0,26.865265,11.052397,2099
30965,r2i1p1f1,2099,10,12,2.753898329980914,26.401924,13.663747,2099
30966,r2i1p1f1,2099,10,13,0.4457407903968348,24.783321,14.403752,2099
30967,r2i1p1f1,2099,10,14,0.0,26.53453,12.193311,2099
30968,r2i1p1f1,2099,10,15,0.0,31.293316,16.689344,2099
30969,r2i1p1f1,2099,10,16,0.0,35.746017,18.831018,2099
30970,r2i1p1f1,2099,10,17,0.0,35.987263,18.377312,2099
30971,r2i1p1f1,2099,10,18,0.0,34.41861,16.806005,2099
30972,r2i1p1f1,2099,10,19,0.0,31.389574,13.448518,2099
30973,r2i1p1f1,2099,10,20,0.0,30.454847,13.664931,2099
30974,r2i1p1f1,2099,10,21,0.0,31.222496,14.241418,2099
30975,r2i1p1f1,2099,10,22,0.0,32.09936,14.114649,2099
30976,r2i1p1f1,2099,10,23,0.0,28.842777,12.763753,2099
30977,r2i1p1f1,2099,10,24,0.0,25.374062,10.999444,2099
30978,r2i1p1f1,2099,10,25,0.0,28.236525,11.506387,2099
30979,r2i1p1f1,2099,10,26,0.0,28.468597,13.133198,2099
30980,r2i1p1f1,2099,10,27,0.0,23.444202,10.013098,2099
30981,r2i1p1f1,2099,10,28,0.0,22.740099,8.7373295,2099
30982,r2i1p1f1,2099,10,29,0.0,26.634264,11.109989,2099
30983,r2i1p1f1,2099,10,30,0.0,26.497171,11.079832,2099
30984,r2i1p1f1,2099,10,31,0.0,26.90856,12.001601,2099
30985,r2i1p1f1,2099,11,01,0.0,23.496918,9.185067,2099
30986,r2i1p1f1,2099,11,02,0.0,21.2388,8.806739,2099
30987,r2i1p1f1,2099,11,03,1.5425270937437465,19.685308,7.8125367,2099
30988,r2i1p1f1,2099,11,04,0.0,20.915277,6.614346,2099
30989,r2i1p1f1,2099,11,05,29.03268788000927,18.479939,7.431781,2099
30990,r2i1p1f1,2099,11,06,0.31777446999442943,15.2885475,9.752263,2099
30991,r2i1p1f1,2099,11,07,0.8467017924466256,18.89729,9.43571,2099
30992,r2i1p1f1,2099,11,08,0.0,17.645987,4.8740025,2099
30993,r2i1p1f1,2099,11,09,0.0,19.62437,6.189402,2099
30994,r2i1p1f1,2099,11,10,74.0054424408859,18.771067,9.952769,2099
30995,r2i1p1f1,2099,11,11,77.80712846971045,14.415537,9.7253895,2099
30996,r2i1p1f1,2099,11,12,13.161642701694431,13.970395,0.50805724,2099
30997,r2i1p1f1,2099,11,13,0.0,12.635583,-1.9589914,2099
30998,r2i1p1f1,2099,11,14,0.0,12.091406,-0.5820483,2099
30999,r2i1p1f1,2099,11,15,0.0,14.7205305,4.0744057,2099
31000,r2i1p1f1,2099,11,16,0.0,17.983418,2.3125916,2099
31001,r2i1p1f1,2099,11,17,0.0,17.75376,2.6217399,2099
31002,r2i1p1f1,2099,11,18,0.0,17.414124,-0.43281958,2099
31003,r2i1p1f1,2099,11,19,0.0,15.985319,1.1829469,2099
31004,r2i1p1f1,2099,11,20,0.0,13.009092,3.6406364,2099
31005,r2i1p1f1,2099,11,21,0.0,13.341822,6.684844,2099
31006,r2i1p1f1,2099,11,22,84.69913914047468,14.293315,7.8437304,2099
31007,r2i1p1f1,2099,11,23,16.02397586702864,10.131655,5.2044864,2099
31008,r2i1p1f1,2099,11,24,0.5126728711406241,15.963494,2.7920804,2099
31009,r2i1p1f1,2099,11,25,0.0,12.667745,-4.200881,2099
31010,r2i1p1f1,2099,11,26,0.0,14.0507,-1.4186474,2099
31011,r2i1p1f1,2099,11,27,0.0,10.799856,-2.2810762,2099
31012,r2i1p1f1,2099,11,28,0.1105048921370046,8.222302,-0.670511,2099
31013,r2i1p1f1,2099,11,29,0.0,8.867517,-2.9838169,2099
31014,r2i1p1f1,2099,11,30,0.0,11.698645,-1.1759635,2099
31015,r2i1p1f1,2099,12,01,0.19709999763703168,12.573982,2.3828099,2099
31016,r2i1p1f1,2099,12,02,4.3541199052015145,11.9508,4.4217186,2099
31017,r2i1p1f1,2099,12,03,18.230963962112302,14.863106,2.8751824,2099
31018,r2i1p1f1,2099,12,04,0.0,15.439458,2.566529,2099
31019,r2i1p1f1,2099,12,05,0.0,11.673969,2.4812305,2099
31020,r2i1p1f1,2099,12,06,7.727525448535744,7.331047,2.059298,2099
31021,r2i1p1f1,2099,12,07,18.762463390997326,5.350061,-1.3292625,2099
31022,r2i1p1f1,2099,12,08,0.0,5.839812,-1.695947,2099
31023,r2i1p1f1,2099,12,09,53.39576448761643,8.375549,0.29709986,2099
31024,r2i1p1f1,2099,12,10,48.49895598331037,12.36787,5.3883533,2099
31025,r2i1p1f1,2099,12,11,0.0,18.218414,4.188982,2099
31026,r2i1p1f1,2099,12,12,12.334354663975178,15.228261,1.7937853,2099
31027,r2i1p1f1,2099,12,13,32.26628894044552,10.929671,6.7302213,2099
31028,r2i1p1f1,2099,12,14,124.25648956201397,11.620263,6.952452,2099
31029,r2i1p1f1,2099,12,15,52.16053322717646,12.577434,3.9932537,2099
31030,r2i1p1f1,2099,12,16,21.266451829041426,11.62956,5.4482164,2099
31031,r2i1p1f1,2099,12,17,12.044866066655512,11.631258,6.134276,2099
31032,r2i1p1f1,2099,12,18,13.153106313033136,10.350564,5.815473,2099
31033,r2i1p1f1,2099,12,19,0.0,14.833013,1.9378921,2099
31034,r2i1p1f1,2099,12,20,0.0,14.145776,2.1308086,2099
31035,r2i1p1f1,2099,12,21,5.283169305403135,9.4590435,-1.882591,2099
31036,r2i1p1f1,2099,12,22,17.680664648763084,2.0024023,-1.1182351,2099
31037,r2i1p1f1,2099,12,23,0.0,3.1639647,-0.6041073,2099
31038,r2i1p1f1,2099,12,24,47.076612962141205,1.3050982,-2.8450365,2099
31039,r2i1p1f1,2099,12,25,102.18208513150995,2.086209,-1.4954954,2099
31040,r2i1p1f1,2099,12,26,21.875896393948306,4.5092325,-0.73278105,2099
31041,r2i1p1f1,2099,12,27,13.534829443625103,3.1070893,-0.74619645,2099
31042,r2i1p1f1,2099,12,28,8.401847336146883,7.2952433,2.0006201,2099
31043,r2i1p1f1,2099,12,29,58.96262729612108,8.521999,4.6953735,2099
31044,r2i1p1f1,2099,12,30,75.91107289414279,11.136172,6.40048,2099
31045,r2i1p1f1,2099,12,31,12.054113019761504,9.714075,4.983439,2099
31046,r2i1p1f1,2100,01,01,26.162439495181808,7.475835,1.8519338,2100
31047,r2i1p1f1,2100,01,02,28.75305509391742,7.938353,2.730732,2100
31048,r2i1p1f1,2100,01,03,0.0,5.81689,1.5145024,2100
31049,r2i1p1f1,2100,01,04,0.0,9.083262,0.96340084,2100
31050,r2i1p1f1,2100,01,05,0.0,14.302187,3.172436,2100
31051,r2i1p1f1,2100,01,06,0.0,14.175957,4.6110177,2100
31052,r2i1p1f1,2100,01,07,0.0,12.287766,-2.1398072,2100
31053,r2i1p1f1,2100,01,08,0.0,13.497092,-0.48629555,2100
31054,r2i1p1f1,2100,01,09,0.0,19.382215,3.4792225,2100
31055,r2i1p1f1,2100,01,10,0.0,21.112,6.229993,2100
31056,r2i1p1f1,2100,01,11,0.0,16.577093,5.3795238,2100
31057,r2i1p1f1,2100,01,12,0.4653185655325405,11.938906,5.591897,2100
31058,r2i1p1f1,2100,01,13,30.122167831555437,11.281008,3.960374,2100
31059,r2i1p1f1,2100,01,14,0.0,11.602303,3.272889,2100
31060,r2i1p1f1,2100,01,15,0.49467997717399087,10.857004,0.8371379,2100
31061,r2i1p1f1,2100,01,16,67.4681673032375,12.938923,0.036210574,2100
31062,r2i1p1f1,2100,01,17,3.925906059052627,6.224243,1.3880159,2100
31063,r2i1p1f1,2100,01,18,3.6825561990938764,7.1262913,2.5921004,2100
31064,r2i1p1f1,2100,01,19,76.99614868750079,11.519546,4.5683484,2100
31065,r2i1p1f1,2100,01,20,73.67457810055035,11.655608,0.76419055,2100
31066,r2i1p1f1,2100,01,21,1.7683934457146768,7.066056,-4.030571,2100
31067,r2i1p1f1,2100,01,22,0.0,8.325103,-2.6724925,2100
31068,r2i1p1f1,2100,01,23,0.0,12.98068,0.7766799,2100
31069,r2i1p1f1,2100,01,24,20.646824597721345,6.059872,0.28896156,2100
31070,r2i1p1f1,2100,01,25,43.48712250088843,5.70882,0.44246185,2100
31071,r2i1p1f1,2100,01,26,0.08078868886514101,8.015459,-2.9142022,2100
31072,r2i1p1f1,2100,01,27,0.206107664573315,9.806727,0.015313955,2100
31073,r2i1p1f1,2100,01,28,34.044961259216784,4.2719398,-0.4401526,2100
31074,r2i1p1f1,2100,01,29,15.013654253785857,3.8900483,-1.6768028,2100
31075,r2i1p1f1,2100,01,30,21.235017703461033,3.83019,-1.064195,2100
31076,r2i1p1f1,2100,01,31,0.0,7.5343113,0.2835803,2100
31077,r2i1p1f1,2100,02,01,11.107671596815075,4.3616567,-0.1797499,2100
31078,r2i1p1f1,2100,02,02,59.71887930332181,5.2018356,0.4435506,2100
31079,r2i1p1f1,2100,02,03,9.534871964891723,5.257163,-0.36254686,2100
31080,r2i1p1f1,2100,02,04,49.26728962544495,5.507243,1.1183902,2100
31081,r2i1p1f1,2100,02,05,27.955528697482524,6.091367,1.0709355,2100
31082,r2i1p1f1,2100,02,06,0.03771521875163531,6.5160346,-0.3231698,2100
31083,r2i1p1f1,2100,02,07,0.0,15.382959,1.8759202,2100
31084,r2i1p1f1,2100,02,08,0.0,19.948639,5.201844,2100
31085,r2i1p1f1,2100,02,09,0.0,20.025267,5.2484627,2100
31086,r2i1p1f1,2100,02,10,0.0,20.469448,5.8884325,2100
31087,r2i1p1f1,2100,02,11,0.0,22.648481,5.0950217,2100
31088,r2i1p1f1,2100,02,12,0.0,19.760204,7.5322976,2100
31089,r2i1p1f1,2100,02,13,36.024010206724945,13.865826,5.8303633,2100
31090,r2i1p1f1,2100,02,14,61.130526572770364,11.057323,5.6248655,2100
31091,r2i1p1f1,2100,02,15,135.43622931286407,10.935418,5.918287,2100
31092,r2i1p1f1,2100,02,16,9.738617293861843,11.088305,1.6383882,2100
31093,r2i1p1f1,2100,02,17,3.0601135101103583,7.4564853,0.07390673,2100
31094,r2i1p1f1,2100,02,18,19.884581792463834,10.907666,-1.8524448,2100
31095,r2i1p1f1,2100,02,19,55.12654844474477,9.489874,1.4989667,2100
31096,r2i1p1f1,2100,02,20,1.6936954174245609,8.752918,1.5378691,2100
31097,r2i1p1f1,2100,02,21,0.0,13.765918,0.76023924,2100
31098,r2i1p1f1,2100,02,22,0.0,15.183952,2.462743,2100
31099,r2i1p1f1,2100,02,23,10.53567570846868,9.90106,3.4684246,2100
31100,r2i1p1f1,2100,02,24,0.0,11.90978,0.34674513,2100
31101,r2i1p1f1,2100,02,25,0.0,12.019808,1.6551901,2100
31102,r2i1p1f1,2100,02,26,0.0,10.815127,0.42387232,2100
31103,r2i1p1f1,2100,02,27,0.0,13.285161,1.6987497,2100
31104,r2i1p1f1,2100,02,28,10.558917026663458,11.102165,-0.118513055,2100
31105,r2i1p1f1,2100,03,01,63.85394141454106,9.536869,-2.4672747,2100
31106,r2i1p1f1,2100,03,02,1.1368716285058047,8.180452,2.3959227,2100
31107,r2i1p1f1,2100,03,03,30.254496849822598,8.699328,4.028707,2100
31108,r2i1p1f1,2100,03,04,0.0,15.285214,6.1509533,2100
31109,r2i1p1f1,2100,03,05,0.0,16.865705,4.332549,2100
31110,r2i1p1f1,2100,03,06,69.3326566234016,11.817149,1.784808,2100
31111,r2i1p1f1,2100,03,07,67.61069307193303,11.317431,3.6617405,2100
31112,r2i1p1f1,2100,03,08,12.047700225747786,15.131764,-0.9374228,2100
31113,r2i1p1f1,2100,03,09,120.21545640622767,14.633213,-2.2279754,2100
31114,r2i1p1f1,2100,03,10,33.712291561711865,7.1921997,0.46499476,2100
31115,r2i1p1f1,2100,03,11,36.85723598509167,7.149572,0.37177366,2100
31116,r2i1p1f1,2100,03,12,13.470365952078001,6.8411984,-1.0694845,2100
31117,r2i1p1f1,2100,03,13,0.03255287340904873,13.460039,3.226438,2100
31118,r2i1p1f1,2100,03,14,0.0,18.240028,3.8383174,2100
31119,r2i1p1f1,2100,03,15,0.0,15.249477,2.0661201,2100
31120,r2i1p1f1,2100,03,16,31.592332100710617,8.145396,1.5174322,2100
31121,r2i1p1f1,2100,03,17,19.00942765482446,11.275973,-1.2535545,2100
31122,r2i1p1f1,2100,03,18,0.0,20.606173,4.6089773,2100
31123,r2i1p1f1,2100,03,19,0.0,21.553738,5.932812,2100
31124,r2i1p1f1,2100,03,20,0.0,21.566996,7.0335617,2100
31125,r2i1p1f1,2100,03,21,0.0,20.822416,5.6724367,2100
31126,r2i1p1f1,2100,03,22,0.0,22.521627,5.756073,2100
31127,r2i1p1f1,2100,03,23,0.0,24.703169,7.852949,2100
31128,r2i1p1f1,2100,03,24,0.0,26.943798,9.736201,2100
31129,r2i1p1f1,2100,03,25,0.0,27.059757,10.864644,2100
31130,r2i1p1f1,2100,03,26,0.0,26.953915,10.898644,2100
31131,r2i1p1f1,2100,03,27,0.0,27.251822,11.649976,2100
31132,r2i1p1f1,2100,03,28,0.0,27.418095,10.440465,2100
31133,r2i1p1f1,2100,03,29,0.0,23.146341,7.4118214,2100
31134,r2i1p1f1,2100,03,30,0.0,24.985985,8.207467,2100
31135,r2i1p1f1,2100,03,31,0.0,23.138842,7.216207,2100
31136,r2i1p1f1,2100,04,01,0.0,24.817583,8.165081,2100
31137,r2i1p1f1,2100,04,02,0.0,27.11705,9.778906,2100
31138,r2i1p1f1,2100,04,03,0.0,27.08098,10.8128395,2100
31139,r2i1p1f1,2100,04,04,4.21368034479271,21.895752,7.533954,2100
31140,r2i1p1f1,2100,04,05,0.0032879977809968227,29.029222,11.234998,2100
31141,r2i1p1f1,2100,04,06,9.83687552378307,24.865631,7.006454,2100
31142,r2i1p1f1,2100,04,07,69.89674391762281,16.4104,4.458307,2100
31143,r2i1p1f1,2100,04,08,15.55493145732236,14.971456,3.6102366,2100
31144,r2i1p1f1,2100,04,09,5.36990043550619,16.43304,4.264251,2100
31145,r2i1p1f1,2100,04,10,3.941670472480697,11.250853,1.3346342,2100
31146,r2i1p1f1,2100,04,11,1.905922511958544,12.400978,1.4452245,2100
31147,r2i1p1f1,2100,04,12,0.004617958676625187,19.749174,2.7830553,2100
31148,r2i1p1f1,2100,04,13,0.0,22.513882,5.8580184,2100
31149,r2i1p1f1,2100,04,14,0.0,23.357653,6.660935,2100
31150,r2i1p1f1,2100,04,15,0.0,23.604893,7.025414,2100
31151,r2i1p1f1,2100,04,16,0.0,25.187565,8.3347845,2100
31152,r2i1p1f1,2100,04,17,0.0,24.415585,7.963936,2100
31153,r2i1p1f1,2100,04,18,5.062021946594961,16.90642,1.4673717,2100
31154,r2i1p1f1,2100,04,19,59.55259617453871,12.520657,3.5365844,2100
31155,r2i1p1f1,2100,04,20,0.0,20.144083,4.0370116,2100
31156,r2i1p1f1,2100,04,21,1.1042390461065783,17.40458,7.860161,2100
31157,r2i1p1f1,2100,04,22,1.2447037927428868,14.745502,1.4068457,2100
31158,r2i1p1f1,2100,04,23,0.0,17.521776,1.8462812,2100
31159,r2i1p1f1,2100,04,24,0.0,19.401493,3.0833838,2100
31160,r2i1p1f1,2100,04,25,0.0,17.846102,2.3098273,2100
31161,r2i1p1f1,2100,04,26,0.40682698502398407,9.003057,2.1231146,2100
31162,r2i1p1f1,2100,04,27,4.333896344362004,9.608889,-4.401936,2100
31163,r2i1p1f1,2100,04,28,1.8040030992219376,5.93878,-5.1869555,2100
31164,r2i1p1f1,2100,04,29,2.1101546939707285,6.6402087,-0.6936675,2100
31165,r2i1p1f1,2100,04,30,0.0,18.201908,2.712182,2100
31166,r2i1p1f1,2100,05,01,0.0,23.36268,5.4934654,2100
31167,r2i1p1f1,2100,05,02,0.0,25.56416,7.922157,2100
31168,r2i1p1f1,2100,05,03,0.0,26.611586,11.044199,2100
31169,r2i1p1f1,2100,05,04,0.0,27.506254,10.569285,2100
31170,r2i1p1f1,2100,05,05,3.217224352035303,21.278408,4.7354164,2100
31171,r2i1p1f1,2100,05,06,2.440799824807982,13.0046215,5.223955,2100
31172,r2i1p1f1,2100,05,07,4.188750733737834,13.077307,2.250229,2100
31173,r2i1p1f1,2100,05,08,0.0,24.855095,6.196297,2100
31174,r2i1p1f1,2100,05,09,0.0,28.701675,10.105051,2100
31175,r2i1p1f1,2100,05,10,0.0,28.578476,11.616992,2100
31176,r2i1p1f1,2100,05,11,0.0,30.124506,13.0434885,2100
31177,r2i1p1f1,2100,05,12,0.0,31.91336,14.6797905,2100
31178,r2i1p1f1,2100,05,13,0.0,32.266937,15.182022,2100
31179,r2i1p1f1,2100,05,14,0.0,31.112925,14.257299,2100
31180,r2i1p1f1,2100,05,15,0.0,30.490221,13.291016,2100
31181,r2i1p1f1,2100,05,16,0.0,30.057798,12.969096,2100
31182,r2i1p1f1,2100,05,17,0.0,29.149374,10.577003,2100
31183,r2i1p1f1,2100,05,18,0.0,29.990204,13.103776,2100
31184,r2i1p1f1,2100,05,19,0.0,28.906626,11.833809,2100
31185,r2i1p1f1,2100,05,20,0.0,29.483427,11.359863,2100
31186,r2i1p1f1,2100,05,21,0.0,30.857817,13.76626,2100
31187,r2i1p1f1,2100,05,22,0.0,28.647856,11.06946,2100
31188,r2i1p1f1,2100,05,23,0.0,27.792685,9.927104,2100
31189,r2i1p1f1,2100,05,24,0.0,28.291117,11.388038,2100
31190,r2i1p1f1,2100,05,25,0.0,28.276567,11.902525,2100
31191,r2i1p1f1,2100,05,26,0.0,28.04187,11.348284,2100
31192,r2i1p1f1,2100,05,27,0.0,30.332262,12.238416,2100
31193,r2i1p1f1,2100,05,28,0.0,35.24928,16.053326,2100
31194,r2i1p1f1,2100,05,29,0.0,37.586063,19.35348,2100
31195,r2i1p1f1,2100,05,30,0.0,36.872307,19.631992,2100
31196,r2i1p1f1,2100,05,31,0.0,34.01766,16.672148,2100
31197,r2i1p1f1,2100,06,01,0.0,36.529152,18.512363,2100
31198,r2i1p1f1,2100,06,02,0.0,36.971878,19.068338,2100
31199,r2i1p1f1,2100,06,03,0.0,36.163513,18.386044,2100
31200,r2i1p1f1,2100,06,04,0.0,31.512726,13.163469,2100
31201,r2i1p1f1,2100,06,05,0.0,35.842625,17.90804,2100
31202,r2i1p1f1,2100,06,06,0.0,38.088047,21.361628,2100
31203,r2i1p1f1,2100,06,07,0.0,39.36698,22.338024,2100
31204,r2i1p1f1,2100,06,08,0.0,39.282074,22.463995,2100
31205,r2i1p1f1,2100,06,09,0.0,38.712463,21.335264,2100
31206,r2i1p1f1,2100,06,10,0.0,37.32527,21.13919,2100
31207,r2i1p1f1,2100,06,11,0.0,37.055206,20.727627,2100
31208,r2i1p1f1,2100,06,12,0.0,38.757225,23.00835,2100
31209,r2i1p1f1,2100,06,13,0.0,38.61705,21.024313,2100
31210,r2i1p1f1,2100,06,14,0.0,40.141663,21.399252,2100
31211,r2i1p1f1,2100,06,15,0.0,38.13509,19.62104,2100
31212,r2i1p1f1,2100,06,16,0.0,36.414577,17.707733,2100
31213,r2i1p1f1,2100,06,17,0.0,33.822956,15.342102,2100
31214,r2i1p1f1,2100,06,18,0.0,35.919827,19.907309,2100
31215,r2i1p1f1,2100,06,19,0.0,36.268913,17.823965,2100
31216,r2i1p1f1,2100,06,20,0.0,34.426804,15.769112,2100
31217,r2i1p1f1,2100,06,21,0.0,33.097282,15.536794,2100
31218,r2i1p1f1,2100,06,22,0.0,30.219946,13.644973,2100
31219,r2i1p1f1,2100,06,23,0.0,32.377792,14.081997,2100
31220,r2i1p1f1,2100,06,24,0.0,33.564808,15.2627325,2100
31221,r2i1p1f1,2100,06,25,0.0,37.92806,18.941309,2100
31222,r2i1p1f1,2100,06,26,0.0,36.60457,18.397943,2100
31223,r2i1p1f1,2100,06,27,0.0,35.666336,17.407593,2100
31224,r2i1p1f1,2100,06,28,0.0,34.26719,16.146812,2100
31225,r2i1p1f1,2100,06,29,0.0,35.1829,17.063604,2100
31226,r2i1p1f1,2100,06,30,0.0,35.227318,17.527798,2100
31227,r2i1p1f1,2100,07,01,0.0,35.325047,17.744535,2100
31228,r2i1p1f1,2100,07,02,0.0,34.430294,15.186652,2100
31229,r2i1p1f1,2100,07,03,0.0,30.004683,12.852385,2100
31230,r2i1p1f1,2100,07,04,0.0,26.559683,8.733848,2100
31231,r2i1p1f1,2100,07,05,0.0,28.855328,11.494388,2100
31232,r2i1p1f1,2100,07,06,0.0,29.27662,12.575455,2100
31233,r2i1p1f1,2100,07,07,0.0,28.734737,11.671086,2100
31234,r2i1p1f1,2100,07,08,0.0,29.224878,11.375704,2100
31235,r2i1p1f1,2100,07,09,0.0,30.979635,13.9283695,2100
31236,r2i1p1f1,2100,07,10,0.0,31.530537,14.551088,2100
31237,r2i1p1f1,2100,07,11,0.0,31.033472,13.421538,2100
31238,r2i1p1f1,2100,07,12,0.0,31.771206,14.649649,2100
31239,r2i1p1f1,2100,07,13,0.0,34.463284,15.747266,2100
31240,r2i1p1f1,2100,07,14,0.0,34.997486,16.359303,2100
31241,r2i1p1f1,2100,07,15,0.0,33.627678,17.323116,2100
31242,r2i1p1f1,2100,07,16,0.0,35.5213,17.100578,2100
31243,r2i1p1f1,2100,07,17,0.0,36.405735,18.01685,2100
31244,r2i1p1f1,2100,07,18,0.0,37.384583,19.3662,2100
31245,r2i1p1f1,2100,07,19,0.0,38.320217,19.13988,2100
31246,r2i1p1f1,2100,07,20,0.0,38.036026,20.926239,2100
31247,r2i1p1f1,2100,07,21,0.0,39.2737,20.640207,2100
31248,r2i1p1f1,2100,07,22,0.0,37.921143,19.138239,2100
31249,r2i1p1f1,2100,07,23,0.0,34.411636,16.826649,2100
31250,r2i1p1f1,2100,07,24,0.0,33.475803,15.844897,2100
31251,r2i1p1f1,2100,07,25,0.0,35.631374,18.369883,2100
31252,r2i1p1f1,2100,07,26,0.0,36.537186,20.603296,2100
31253,r2i1p1f1,2100,07,27,0.0,38.088055,20.278881,2100
31254,r2i1p1f1,2100,07,28,0.0,40.10972,22.763844,2100
31255,r2i1p1f1,2100,07,29,0.0,40.72031,24.132715,2100
31256,r2i1p1f1,2100,07,30,0.0,39.63526,22.521847,2100
31257,r2i1p1f1,2100,07,31,0.0,38.124477,21.41331,2100
31258,r2i1p1f1,2100,08,01,0.0,37.70805,20.148441,2100
31259,r2i1p1f1,2100,08,02,0.0,38.383327,21.320814,2100
31260,r2i1p1f1,2100,08,03,0.0,40.706482,23.63814,2100
31261,r2i1p1f1,2100,08,04,0.0,42.204365,24.998491,2100
31262,r2i1p1f1,2100,08,05,0.0,42.552906,25.603165,2100
31263,r2i1p1f1,2100,08,06,0.0,42.67421,25.53912,2100
31264,r2i1p1f1,2100,08,07,0.0,41.404858,22.91397,2100
31265,r2i1p1f1,2100,08,08,0.0,40.369305,22.984653,2100
31266,r2i1p1f1,2100,08,09,0.0,40.01085,21.936071,2100
31267,r2i1p1f1,2100,08,10,0.0,39.521034,22.15841,2100
31268,r2i1p1f1,2100,08,11,0.0,40.561916,23.582243,2100
31269,r2i1p1f1,2100,08,12,0.0,40.30902,22.372377,2100
31270,r2i1p1f1,2100,08,13,0.0,37.68885,19.718296,2100
31271,r2i1p1f1,2100,08,14,0.0,34.770702,17.89773,2100
31272,r2i1p1f1,2100,08,15,0.0,34.190525,18.277023,2100
31273,r2i1p1f1,2100,08,16,0.0,34.987312,18.54655,2100
31274,r2i1p1f1,2100,08,17,0.0,35.080505,19.164293,2100
31275,r2i1p1f1,2100,08,18,0.0,35.467365,19.630295,2100
31276,r2i1p1f1,2100,08,19,0.0,37.23794,21.24027,2100
31277,r2i1p1f1,2100,08,20,0.0,36.994423,20.937748,2100
31278,r2i1p1f1,2100,08,21,0.0,36.337708,20.423176,2100
31279,r2i1p1f1,2100,08,22,0.0,34.698387,18.643074,2100
31280,r2i1p1f1,2100,08,23,0.0,35.561375,17.919643,2100
31281,r2i1p1f1,2100,08,24,0.0,35.20711,18.83143,2100
31282,r2i1p1f1,2100,08,25,0.0,35.577312,17.662128,2100
31283,r2i1p1f1,2100,08,26,0.0,33.17926,16.943089,2100
31284,r2i1p1f1,2100,08,27,0.0,31.498516,14.787068,2100
31285,r2i1p1f1,2100,08,28,0.0,32.0947,12.917338,2100
31286,r2i1p1f1,2100,08,29,0.0,32.058445,14.207631,2100
31287,r2i1p1f1,2100,08,30,0.0,31.90894,14.056216,2100
31288,r2i1p1f1,2100,08,31,0.0,32.018272,14.390151,2100
31289,r2i1p1f1,2100,09,01,0.0,32.313152,16.537008,2100
31290,r2i1p1f1,2100,09,02,0.0,34.49872,18.1582,2100
31291,r2i1p1f1,2100,09,03,0.0,35.913513,19.527103,2100
31292,r2i1p1f1,2100,09,04,0.0,36.294983,19.978104,2100
31293,r2i1p1f1,2100,09,05,0.0,34.67163,18.778053,2100
31294,r2i1p1f1,2100,09,06,0.0,34.94138,18.481863,2100
31295,r2i1p1f1,2100,09,07,0.0,35.22664,18.910755,2100
31296,r2i1p1f1,2100,09,08,0.0,34.85295,17.704157,2100
31297,r2i1p1f1,2100,09,09,0.0,34.758114,15.517973,2100
31298,r2i1p1f1,2100,09,10,0.0,34.028877,16.482487,2100
31299,r2i1p1f1,2100,09,11,0.0,33.799023,17.810066,2100
31300,r2i1p1f1,2100,09,12,0.0,33.142715,16.522308,2100
31301,r2i1p1f1,2100,09,13,0.0,32.40085,15.450908,2100
31302,r2i1p1f1,2100,09,14,0.0,32.24776,15.576526,2100
31303,r2i1p1f1,2100,09,15,0.0,32.38991,16.174679,2100
31304,r2i1p1f1,2100,09,16,0.0,31.210253,13.722663,2100
31305,r2i1p1f1,2100,09,17,0.0,27.066463,11.727892,2100
31306,r2i1p1f1,2100,09,18,0.3693037705698561,23.90441,10.284519,2100
31307,r2i1p1f1,2100,09,19,0.07419179886570558,23.810364,8.511812,2100
31308,r2i1p1f1,2100,09,20,0.08752200139077523,23.02831,8.291134,2100
31309,r2i1p1f1,2100,09,21,0.0,23.090693,8.728007,2100
31310,r2i1p1f1,2100,09,22,18.28344658894751,23.606459,9.158723,2100
31311,r2i1p1f1,2100,09,23,8.744132225512239,20.227734,4.964466,2100
31312,r2i1p1f1,2100,09,24,0.0,25.543379,10.281026,2100
31313,r2i1p1f1,2100,09,25,0.0,28.803724,13.773381,2100
31314,r2i1p1f1,2100,09,26,0.0,29.043095,14.716216,2100
31315,r2i1p1f1,2100,09,27,0.0,30.150259,12.893453,2100
31316,r2i1p1f1,2100,09,28,0.0,31.230762,14.732891,2100
31317,r2i1p1f1,2100,09,29,0.0,30.937794,16.053684,2100
31318,r2i1p1f1,2100,09,30,0.0,33.483944,19.513712,2100
31319,r2i1p1f1,2100,10,01,0.0,36.174717,18.624512,2100
31320,r2i1p1f1,2100,10,02,0.0,36.43927,19.040121,2100
31321,r2i1p1f1,2100,10,03,0.0,36.823524,19.649414,2100
31322,r2i1p1f1,2100,10,04,12.823398069863638,36.41231,20.22524,2100
31323,r2i1p1f1,2100,10,05,58.355663182178084,24.776777,15.80915,2100
31324,r2i1p1f1,2100,10,06,3.711772230333456,23.149696,11.580477,2100
31325,r2i1p1f1,2100,10,07,0.008404582415376073,31.269209,16.280209,2100
31326,r2i1p1f1,2100,10,08,0.0,34.40832,16.52955,2100
31327,r2i1p1f1,2100,10,09,0.0,34.270916,16.780321,2100
31328,r2i1p1f1,2100,10,10,0.0,34.240868,18.67635,2100
31329,r2i1p1f1,2100,10,11,0.0,33.87648,18.641966,2100
31330,r2i1p1f1,2100,10,12,0.0,34.89412,18.22961,2100
31331,r2i1p1f1,2100,10,13,0.0,35.270386,17.59806,2100
31332,r2i1p1f1,2100,10,14,0.0,35.623554,17.940414,2100
31333,r2i1p1f1,2100,10,15,0.0,35.821316,18.237953,2100
31334,r2i1p1f1,2100,10,16,0.0,31.954296,13.763614,2100
31335,r2i1p1f1,2100,10,17,0.0,26.389765,11.418812,2100
31336,r2i1p1f1,2100,10,18,0.0,26.826532,11.217667,2100
31337,r2i1p1f1,2100,10,19,0.0,26.924097,11.413485,2100
31338,r2i1p1f1,2100,10,20,0.0,28.645737,12.057916,2100
31339,r2i1p1f1,2100,10,21,0.0,27.37505,12.430742,2100
31340,r2i1p1f1,2100,10,22,0.0,26.968609,12.029841,2100
31341,r2i1p1f1,2100,10,23,0.0,25.667366,11.471271,2100
31342,r2i1p1f1,2100,10,24,0.0,23.807457,9.992429,2100
31343,r2i1p1f1,2100,10,25,0.0,22.625317,9.147373,2100
31344,r2i1p1f1,2100,10,26,0.0,25.145933,10.623389,2100
31345,r2i1p1f1,2100,10,27,0.0,26.888165,11.861967,2100
31346,r2i1p1f1,2100,10,28,0.0,26.293213,12.375347,2100
31347,r2i1p1f1,2100,10,29,0.0,25.878231,10.593207,2100
31348,r2i1p1f1,2100,10,30,0.0,26.766764,12.125305,2100
31349,r2i1p1f1,2100,10,31,0.0,25.509981,11.966498,2100
31350,r2i1p1f1,2100,11,01,0.01683142170524941,20.12835,7.5630956,2100
31351,r2i1p1f1,2100,11,02,0.0,13.337496,2.0485735,2100
31352,r2i1p1f1,2100,11,03,0.0,13.436046,3.3062232,2100
31353,r2i1p1f1,2100,11,04,0.0,18.420092,3.3861547,2100
31354,r2i1p1f1,2100,11,05,0.0,17.175919,3.6657465,2100
31355,r2i1p1f1,2100,11,06,0.0,21.777723,5.690483,2100
31356,r2i1p1f1,2100,11,07,0.0,21.709764,6.2733655,2100
31357,r2i1p1f1,2100,11,08,0.0,21.541111,4.9729147,2100
31358,r2i1p1f1,2100,11,09,0.0,22.107325,4.966062,2100
31359,r2i1p1f1,2100,11,10,0.0,21.232702,5.555546,2100
31360,r2i1p1f1,2100,11,11,0.0,20.762724,5.7948723,2100
31361,r2i1p1f1,2100,11,12,0.4724662451105989,14.548503,2.1731544,2100
31362,r2i1p1f1,2100,11,13,0.854592471576045,12.760923,1.1944335,2100
31363,r2i1p1f1,2100,11,14,0.0,13.859534,-1.1893542,2100
31364,r2i1p1f1,2100,11,15,0.0,14.947642,0.69139695,2100
31365,r2i1p1f1,2100,11,16,1.7969719930463794,10.404495,2.387724,2100
31366,r2i1p1f1,2100,11,17,0.0,19.524908,-0.23922691,2100
31367,r2i1p1f1,2100,11,18,0.0,21.04628,2.963737,2100
31368,r2i1p1f1,2100,11,19,0.0,22.033503,2.218703,2100
31369,r2i1p1f1,2100,11,20,0.0,22.576801,2.858075,2100
31370,r2i1p1f1,2100,11,21,0.0,24.099771,3.891483,2100
31371,r2i1p1f1,2100,11,22,0.0,23.655436,4.455648,2100
31372,r2i1p1f1,2100,11,23,0.0,22.360388,6.786038,2100
31373,r2i1p1f1,2100,11,24,0.0,26.001593,6.3068433,2100
31374,r2i1p1f1,2100,11,25,0.0,26.053658,6.5930347,2100
31375,r2i1p1f1,2100,11,26,0.0,25.253698,5.00355,2100
31376,r2i1p1f1,2100,11,27,0.0,25.51242,6.397184,2100
31377,r2i1p1f1,2100,11,28,16.51005111948157,21.937325,9.398484,2100
31378,r2i1p1f1,2100,11,29,18.09558309995247,16.211025,2.6877153,2100
31379,r2i1p1f1,2100,11,30,0.0,8.903732,-5.01356,2100
31380,r2i1p1f1,2100,12,01,0.0,6.664006,-5.4063597,2100
31381,r2i1p1f1,2100,12,02,0.0,16.237366,0.71805584,2100
31382,r2i1p1f1,2100,12,03,0.0,18.599419,3.343429,2100
31383,r2i1p1f1,2100,12,04,0.0,18.314903,3.1341121,2100
31384,r2i1p1f1,2100,12,05,0.0,14.064505,3.2741597,2100
31385,r2i1p1f1,2100,12,06,3.2836184876941843,6.79622,1.8705508,2100
31386,r2i1p1f1,2100,12,07,1.6992054517546562,4.604328,-2.7089043,2100
31387,r2i1p1f1,2100,12,08,0.0,4.3444138,-3.8727448,2100
31388,r2i1p1f1,2100,12,09,0.0,6.810078,-5.4227004,2100
31389,r2i1p1f1,2100,12,10,0.0,7.126211,-5.8241625,2100
31390,r2i1p1f1,2100,12,11,0.5958443972233979,6.1937785,-1.6001849,2100
31391,r2i1p1f1,2100,12,12,49.17252086228333,16.283958,2.918546,2100
31392,r2i1p1f1,2100,12,13,116.08064638880583,13.011102,4.485347,2100
31393,r2i1p1f1,2100,12,14,0.0,11.680363,-1.412871,2100
31394,r2i1p1f1,2100,12,15,0.011586736127355834,10.707319,0.8889168,2100
31395,r2i1p1f1,2100,12,16,40.710390618859,8.4889555,4.581029,2100
31396,r2i1p1f1,2100,12,17,2.570997685352967,11.167238,-2.28351,2100
31397,r2i1p1f1,2100,12,18,0.0,7.6752505,-4.2657704,2100
31398,r2i1p1f1,2100,12,19,0.0,14.782844,-1.1312146,2100
31399,r2i1p1f1,2100,12,20,0.0,17.600367,4.2540536,2100
31400,r2i1p1f1,2100,12,21,0.0,18.120766,5.67129,2100
31401,r2i1p1f1,2100,12,22,0.0,19.129927,3.9053218,2100
31402,r2i1p1f1,2100,12,23,0.0,17.161922,4.616767,2100
31403,r2i1p1f1,2100,12,24,13.101966230967195,11.478501,5.8208714,2100
31404,r2i1p1f1,2100,12,25,7.726535207397179,8.283905,4.5936227,2100
31405,r2i1p1f1,2100,12,26,24.82303944170081,10.243093,6.505234,2100
31406,r2i1p1f1,2100,12,27,7.267496337905099,9.529861,4.473756,2100
31407,r2i1p1f1,2100,12,28,0.0,15.331023,4.0177937,2100
31408,r2i1p1f1,2100,12,29,0.0,17.12474,5.0907254,2100
31409,r2i1p1f1,2100,12,30,0.0,19.500734,6.102656,2100
31410,r2i1p1f1,2100,12,31,0.0,18.734337,4.3602777,2100
